slauniainen/Data/vihti_keskilapimitta.asc
ncols         196
nrows         178
xllcorner     353680
yllcorner     6699024
cellsize      16
NODATA_value  -9999
[rows 111 to 147 of 178, columns 84 to 167 of 196]
21 21 23 23 23 22 21 19 16 12 19 13 4 5 4 2 2 2 2 2 2 3 3 2 1 1 2 2 3 3 3 4 4 5 4 5 5 8 12 20 28 20 20 19 13 3 3 7 10 14 10 8 7 10 10 7 12 20 15 22 -9999 -9999 -9999 -9999 -9999 -9999 -9999 -9999 -9999 -9999 -9999 -9999 -9999 -9999 -9999 -9999 15 7 0 0 13 19 21 21
19 24 23 19 15 18 23 21 21 18 20 14 4 5 5 5 3 2 2 1 2 3 2 2 1 1 1 2 2 2 2 2 3 5 4 5 5 14 12 20 18 22 19 20 12 4 6 5 6 12 9 9 7 9 6 7 21 14 23 22 20 -9999 -9999 -9999 -9999 -9999 -9999 -9999 -9999 -9999 -9999 -9999 -9999 -9999 -9999 -9999 -9999 9 1 0 13 19 19 19
20 24 30 25 24 24 27 24 20 18 14 14 5 5 5 5 2 2 1 2 2 2 2 2 2 2 2 2 2 2 2 2 2 5 4 10 12 11 18 22 22 21 17 23 19 4 6 9 3 10 14 16 14 10 11 21 16 20 18 18 23 20 -9999 -9999 -9999 -9999 -9999 -9999 -9999 -9999 -9999 -9999 -9999 -9999 -9999 10 11 5 6 13 13 18 18 12
26 28 27 28 31 23 25 25 19 18 19 13 13 4 5 5 3 3 3 3 2 2 2 2 2 2 3 2 2 3 3 2 2 5 4 13 14 18 19 18 21 17 15 15 17 16 13 9 6 10 14 19 19 14 19 17 17 18 18 19 25 19 23 -9999 -9999 -9999 -9999 -9999 -9999 -9999 -9999 -9999 -9999 -9999 -9999 19 8 1 6 13 14 15 14 18
24 26 23 22 28 24 24 24 19 17 11 14 13 4 5 3 4 4 3 4 3 2 2 2 2 4 4 2 2 3 5 5 4 3 13 16 17 27 24 19 23 22 18 17 23 19 18 23 18 15 21 26 19 19 29 20 18 20 26 24 27 25 25 23 -9999 -9999 -9999 -9999 -9999 -9999 -9999 -9999 -9999 -9999 12 11 8 1 16 19 17 23 7 4
19 21 22 27 22 24 25 19 27 19 12 12 12 5 3 3 3 3 3 3 3 3 3 3 2 2 2 2 2 2 5 3 10 13 21 22 19 23 19 19 20 26 19 23 19 23 24 27 20 25 19 18 17 18 22 20 21 24 25 23 21 18 25 18 20 -9999 -9999 -9999 -9999 -9999 -9999 -9999 -9999 -9999 11 13 1 0 16 17 18 10 7 17
19 21 23 29 22 29 25 21 24 19 19 12 10 5 2 2 3 0 2 2 4 4 4 4 2 2 2 2 2 2 5 11 15 22 25 22 23 29 22 28 27 26 29 30 28 25 23 24 30 28 23 14 18 20 20 21 18 23 25 22 18 18 26 23 23 -9999 -9999 -9999 -9999 -9999 -9999 -9999 -9999 10 14 11 1 18 23 25 19 13 10 6
27 27 29 25 25 28 27 23 18 17 14 17 12 5 3 2 3 0 2 2 4 4 4 4 4 2 0 2 2 3 3 8 24 22 25 25 22 23 21 25 23 25 23 21 21 17 16 17 24 25 18 24 13 9 12 17 22 23 24 24 21 17 25 22 20 7 -9999 11 -9999 -9999 -9999 7 10 10 8 1 14 8 6 9 12 13 11 16
28 28 27 29 25 28 31 25 24 22 14 22 15 4 5 2 0 0 2 4 4 4 4 4 4 4 2 2 2 4 10 11 24 24 19 29 18 18 18 20 19 20 20 21 19 18 18 18 20 23 22 8 9 13 10 11 21 20 17 16 12 15 21 17 11 8 6 10 7 5 13 12 13 6 5 19 15 15 5 10 18 13 12 -9999
25 25 29 27 29 22 29 26 28 18 16 14 16 14 4 2 0 0 2 4 4 4 4 4 4 2 2 2 2 5 11 15 21 23 27 19 20 14 10 21 20 20 21 21 21 21 21 21 21 20 21 20 6 8 6 10 15 12 18 23 24 17 11 7 12 6 6 11 8 5 12 6 1 14 19 23 17 14 7 17 15 22 -9999 -9999
23 27 22 24 25 23 26 21 26 23 8 9 16 12 4 2 0 0 0 2 4 4 4 4 4 2 0 2 2 5 12 21 23 22 21 20 19 15 17 21 20 21 21 21 23 22 21 20 21 21 20 17 5 6 18 11 9 11 13 11 11 21 22 22 18 5 18 8 11 11 6 9 9 30 16 18 22 15 8 12 20 -9999 -9999 -9999
22 21 20 24 22 25 25 28 18 16 15 6 15 14 3 2 0 0 0 0 2 2 2 4 2 2 0 0 3 5 11 20 17 17 20 20 21 21 14 19 20 20 21 23 22 19 19 18 21 19 21 22 19 5 10 10 12 5 9 9 9 12 14 21 21 10 -9999 7 8 15 18 23 25 17 17 18 20 7 17 10 -9999 -9999 -9999 -9999
24 23 25 23 23 20 17 18 25 14 8 6 11 14 4 2 2 0 0 0 0 0 0 0 0 0 0 0 3 2 12 19 22 18 18 18 20 20 19 17 18 21 18 21 19 14 15 18 21 20 20 22 32 13 8 2 9 11 20 19 20 14 13 13 12 13 7 9 5 16 20 18 18 18 17 24 8 12 7 -9999 -9999 -9999 -9999 -9999
27 23 18 25 23 22 21 18 21 15 12 7 5 10 4 2 2 0 0 0 0 0 0 0 0 0 0 0 4 11 19 20 19 18 19 17 24 21 18 21 21 16 21 17 13 14 20 18 16 13 18 25 25 25 14 13 15 19 17 17 20 22 20 15 16 10 8 19 18 22 18 25 24 21 18 14 5 7 9 -9999 -9999 -9999 -9999 -9999
27 27 20 21 28 23 22 24 21 12 9 7 9 11 4 4 2 0 0 0 0 0 0 0 0 0 0 2 5 14 22 22 23 17 19 24 17 22 23 16 16 20 24 26 14 15 14 7 11 18 22 21 21 21 21 21 13 19 19 21 17 23 22 15 13 10 20 21 24 17 21 22 24 22 18 6 7 12 -9999 -9999 -9999 -9999 -9999 -9999
25 20 27 27 24 22 21 23 24 15 12 5 9 7 4 5 2 2 0 0 0 0 0 0 2 2 2 2 13 18 19 15 24 23 23 16 18 8 15 16 16 13 14 28 10 9 1 5 10 17 23 23 24 22 16 18 17 13 13 17 22 21 23 19 15 15 20 -9999 19 18 25 24 22 27 19 12 18 -9999 -9999 -9999 -9999 -9999 -9999 -9999
25 23 20 21 27 25 20 25 23 12 9 4 8 12 12 7 4 2 0 0 0 0 0 2 2 2 2 2 14 16 12 15 22 22 15 7 6 6 6 8 14 17 12 21 7 3 1 4 14 18 25 21 22 12 21 19 12 13 12 15 22 21 29 23 22 16 14 -9999 12 24 29 26 21 31 22 19 -9999 -9999 -9999 -9999 -9999 -9999 -9999 -9999
24 26 22 25 25 19 21 22 21 10 9 12 10 18 18 12 10 6 2 0 0 0 0 0 2 2 2 2 14 14 8 14 17 18 12 8 9 12 8 20 17 25 24 30 9 5 8 5 19 23 26 22 20 8 18 21 12 13 11 16 23 21 24 24 18 19 9 -9999 4 24 22 27 23 26 24 -9999 -9999 -9999 -9999 -9999 -9999 -9999 -9999 -9999
22 20 22 20 19 21 22 23 22 13 19 9 15 14 22 17 18 8 2 2 0 0 0 0 0 0 2 2 16 18 8 15 19 20 17 16 21 23 26 22 27 19 21 18 13 17 15 20 15 22 23 28 26 6 19 11 22 12 19 31 24 18 20 21 17 15 7 -9999 8 13 30 21 25 21 20 -9999 -9999 -9999 -9999 -9999 -9999 -9999 -9999 -9999
22 21 23 22 21 21 25 22 13 13 14 21 21 20 21 23 24 15 9 6 4 4 4 4 4 4 4 4 19 13 18 20 21 20 24 18 17 23 24 21 21 25 25 22 19 24 21 16 15 16 24 23 19 5 18 15 15 11 16 11 21 17 10 6 14 14 10 8 14 15 21 20 21 17 16 -9999 -9999 -9999 -9999 -9999 -9999 -9999 -9999 -9999
22 23 25 22 23 23 21 23 16 6 10 7 5 20 24 32 25 26 12 12 12 11 10 2 2 4 4 4 12 14 19 23 19 19 19 18 19 18 18 25 23 22 22 24 20 17 9 3 8 24 13 18 15 1 17 17 14 9 12 16 17 11 12 4 3 10 11 10 8 16 22 16 21 13 16 -9999 -9999 -9999 -9999 -9999 -9999 -9999 -9999 -9999
22 22 24 21 20 21 25 10 6 2 7 10 6 30 26 25 22 25 23 24 27 19 18 23 20 2 2 16 8 15 23 17 23 21 19 19 21 21 23 26 21 19 18 19 19 16 7 7 7 8 8 5 12 9 12 10 11 14 14 14 16 20 21 10 12 15 12 4 -9999 16 22 15 16 17 13 -9999 -9999 -9999 -9999 -9999 -9999 -9999 -9999 -9999
21 24 19 10 14 4 12 2 2 6 1 12 23 22 23 24 25 24 23 24 27 31 22 22 12 15 17 13 17 23 17 22 20 22 19 24 20 22 19 17 22 21 20 22 19 18 6 5 5 10 10 8 1 7 5 9 5 14 16 18 16 18 18 16 18 20 23 8 -9999 20 14 14 18 16 22 14 -9999 -9999 -9999 -9999 -9999 -9999 -9999 -9999
21 10 8 7 4 5 6 6 6 5 12 32 21 22 24 24 24 24 26 22 19 26 18 23 16 16 10 11 17 22 21 21 22 17 19 21 22 22 21 17 19 25 26 27 25 25 12 16 16 13 15 9 13 7 6 6 1 8 9 21 18 16 16 17 19 15 19 4 -9999 15 14 19 18 18 18 8 -9999 -9999 -9999 -9999 -9999 -9999 -9999 -9999
7 0 6 5 6 10 10 2 6 23 25 24 25 25 24 24 22 25 21 21 18 17 18 18 22 20 13 16 20 20 19 24 20 20 21 17 18 20 7 22 21 19 25 28 16 21 21 14 16 16 11 6 6 2 11 11 16 6 6 13 18 17 22 32 22 22 19 9 -9999 7 22 10 17 18 9 11 -9999 -9999 -9999 -9999 -9999 -9999 -9999 -9999
10 10 10 6 6 6 6 12 14 25 22 23 24 23 18 26 25 24 24 24 21 19 21 22 22 21 24 23 23 23 15 23 21 20 20 24 25 12 15 23 19 24 19 22 15 17 22 14 14 8 11 9 9 11 13 8 9 8 2 19 16 21 20 17 21 18 10 14 -9999 9 14 9 15 14 15 10 -9999 -9999 -9999 -9999 -9999 -9999 -9999 -9999
15 10 12 6 2 2 7 11 24 27 32 32 25 21 21 19 8 7 7 7 14 14 14 17 20 21 24 20 20 23 19 19 20 19 23 22 21 10 19 20 25 24 18 19 16 9 12 18 16 12 10 9 9 6 7 11 5 6 12 10 19 21 17 16 25 20 19 10 15 13 13 10 15 14 10 11 -9999 -9999 -9999 -9999 -9999 -9999 -9999 -9999
21 15 10 6 2 4 8 19 19 20 24 21 22 27 18 15 17 14 15 18 22 20 16 19 23 21 22 20 25 21 20 13 19 19 19 19 15 14 19 19 16 13 15 15 13 9 22 6 9 11 10 5 9 12 11 12 12 7 20 8 16 17 20 17 14 21 15 13 8 11 13 10 18 11 -9999 -9999 -9999 -9999 -9999 -9999 -9999 -9999 -9999 -9999
31 21 7 9 3 12 15 22 22 25 19 10 11 16 16 26 27 20 23 22 20 19 24 23 18 20 20 23 18 14 22 19 15 19 18 22 26 18 16 17 18 10 13 15 12 14 11 12 9 9 13 8 12 14 19 6 11 5 8 13 15 20 16 16 13 15 9 -9999 8 9 -9999 -9999 -9999 -9999 -9999 -9999 -9999 -9999 -9999 -9999 -9999 -9999 -9999 -9999
19 24 11 5 8 8 11 24 28 21 17 13 18 18 18 18 13 20 16 17 24 24 19 22 20 17 16 19 11 15 14 25 23 20 25 25 18 24 17 18 17 10 14 22 19 15 11 6 19 13 12 12 13 18 8 2 7 10 5 12 14 27 22 19 14 19 13 -9999 -9999 -9999 -9999 -9999 -9999 -9999 -9999 -9999 -9999 -9999 -9999 -9999 -9999 -9999 -9999 -9999
16 17 8 14 11 16 12 15 18 10 10 19 7 14 19 18 20 10 9 12 20 13 12 17 25 20 18 14 14 14 13 15 19 20 24 18 17 23 19 12 13 17 20 19 16 20 10 15 23 11 8 6 5 3 15 10 7 6 8 8 13 9 12 10 -9999 -9999 -9999 -9999 -9999 -9999 -9999 -9999 -9999 -9999 -9999 -9999 -9999 -9999 -9999 -9999 -9999 -9999 -9999 -9999
20 19 18 12 15 16 15 12 20 16 13 8 8 12 15 13 9 15 13 10 15 9 5 24 21 18 17 17 19 17 13 15 26 21 21 22 19 16 9 22 19 18 13 17 19 18 14 13 15 17 21 23 21 23 13 10 6 5 11 10 13 4 -9999 -9999 -9999 -9999 -9999 -9999 -9999 -9999 -9999 -9999 -9999 -9999 -9999 -9999 -9999 -9999 -9999 -9999 -9999 -9999 -9999 -9999
-9999 -9999 18 25 14 20 17 15 15 15 9 8 12 10 17 16 7 12 11 16 10 9 2 1 8 11 17 14 22 20 16 20 16 24 23 17 22 8 11 18 15 15 13 15 17 16 18 27 26 23 13 20 24 23 16 8 4 12 7 -9999 -9999 -9999 -9999 -9999 -9999 -9999 -9999 -9999 -9999 -9999 -9999 -9999 -9999 -9999 -9999 -9999 -9999 -9999 -9999 -9999 -9999 -9999 -9999 -9999
-9999 -9999 13 12 17 15 12 11 11 9 5 9 24 11 8 15 16 15 31 28 26 15 1 1 8 10 16 17 17 17 25 9 18 24 31 21 24 10 23 13 20 19 17 22 20 21 17 21 14 16 21 21 24 20 25 23 -9999 -9999 -9999 -9999 -9999 -9999 -9999 -9999 -9999 -9999 -9999 -9999 -9999 -9999 -9999 -9999 -9999 -9999 -9999 -9999 -9999 -9999 -9999 -9999 -9999 -9999 -9999 -9999
-9999 -9999 -9999 14 14 10 10 8 4 8 5 7 23 17 14 17 34 27 24 24 23 18 12 2 3 10 15 16 22 13 19 11 24 20 30 16 21 19 17 14 20 18 16 12 19 22 23 20 18 20 25 23 23 -9999 -9999 -9999 -9999 -9999 -9999 -9999 -9999 -9999 -9999 -9999 -9999 -9999 -9999 -9999 -9999 -9999 -9999 -9999 -9999 -9999 -9999 -9999 -9999 -9999 -9999 -9999 -9999 -9999 -9999 -9999
-9999 -9999 14 11 17 11 10 8 6 8 17 18 14 13 21 19 18 24 25 23 23 21 25 5 4 10 16 21 21 12 18 18 22 26 21 25 19 14 13 14 14 17 18 18 21 14 21 16 21 15 -9999 -9999 -9999 -9999 -9999 -9999 -9999 -9999 -9999 -9999 -9999 -9999 -9999 -9999 -9999 -9999 -9999 -9999 -9999 -9999 -9999 -9999 -9999 -9999 -9999 -9999 -9999 -9999 -9999 -9999 -9999 -9999 -9999 -9999
-9999 -9999 16 17 12 11 7 4 9 10 9 17 15 24 16 18 23 18 18 25 21 17 22 23 20 19 17 20 29 22 15 24 21 21 27 17 17 19 16 17 14 15 16 13 16 18 24 -9999 -9999 -9999 -9999 -9999 -9999 -9999 -9999 -9999 -9999 -9999 -9999 -9999 -9999 -9999 -9999 -9999 -9999 -9999 -9999 -9999 -9999 -9999 -9999 -9999 -9999 -9999 -9999 -9999 -9999 -9999 -9999 -9999 -9999 -9999 -9999 -9999
