slauniainen/Data/vihti_lehtip_latvuspeitto.asc
ncols         196
nrows         178
xllcorner     353680
yllcorner     6699024
cellsize      16
NODATA_value  -9999
[rows 74 to 110 of 178, columns 84 to 167 of 196]
63 75 79 79 77 63 68 68 45 54 60 29 33 12 17 6 6 2 5 13 6 10 11 7 29 11 32 35 15 -9999 54 28 51 29 60 62 45 51 22 -9999 -9999 -9999 -9999 -9999 -9999 -9999 -9999 -9999 -9999 -9999 -9999 -9999 -9999 -9999 -9999 -9999 -9999 -9999 -9999 -9999 -9999 -9999 -9999 -9999 -9999 -9999 -9999 -9999 -9999 24 19 8 8 3 5 1 12 16 56 7 -9999 -9999 2 17
76 58 78 72 74 70 68 64 50 53 54 33 10 23 12 21 11 14 16 28 34 34 32 24 5 11 23 51 53 -9999 36 30 33 14 14 29 26 28 38 42 -9999 -9999 -9999 -9999 -9999 -9999 -9999 -9999 -9999 -9999 -9999 -9999 -9999 -9999 -9999 -9999 -9999 -9999 -9999 -9999 -9999 -9999 -9999 -9999 -9999 -9999 -9999 -9999 -9999 -9999 17 23 22 1 9 6 13 16 -9999 14 -9999 -9999 -9999 -9999
68 59 52 59 66 58 66 52 26 35 30 40 33 2 9 12 9 3 1 5 8 21 6 6 6 10 20 15 32 73 -9999 -9999 -9999 10 10 4 5 2 16 9 4 6 -9999 -9999 -9999 -9999 5 4 -9999 -9999 -9999 -9999 -9999 -9999 -9999 -9999 -9999 4 6 -9999 -9999 -9999 -9999 -9999 -9999 -9999 5 16 10 6 7 4 2 3 3 15 2 5 27 -9999 -9999 -9999 -9999 -9999
60 61 57 60 65 79 50 27 31 32 13 22 25 15 6 7 7 1 6 6 4 8 10 6 13 9 15 14 24 39 46 29 7 24 -9999 -9999 -9999 -9999 26 26 9 4 2 -9999 9 5 4 1 -9999 -9999 -9999 -9999 -9999 -9999 -9999 41 16 14 12 6 14 5 8 5 1 0 4 6 5 3 0 1 8 8 1 3 17 53 -9999 -9999 -9999 -9999 -9999 -9999
59 63 63 41 64 49 41 13 19 3 23 35 41 26 10 2 17 7 5 5 12 6 6 1 11 13 10 16 25 33 54 14 25 20 13 -9999 -9999 -9999 20 22 9 1 0 11 4 7 2 1 0 0 5 -9999 -9999 -9999 49 22 15 21 19 0 8 10 14 2 1 7 3 5 3 4 10 22 7 9 11 6 17 -9999 -9999 -9999 -9999 -9999 -9999 -9999
69 63 69 45 46 27 22 30 15 17 22 26 26 25 17 9 11 16 15 13 16 4 5 11 16 14 15 22 20 29 28 23 26 12 14 2 -9999 -9999 11 32 10 9 4 2 5 0 4 4 0 0 1 3 5 28 30 25 19 9 2 7 2 19 23 17 4 2 5 5 4 3 7 8 9 8 6 3 11 -9999 6 -9999 -9999 -9999 -9999 -9999
68 38 26 25 35 26 27 29 33 26 32 33 38 43 17 13 5 9 11 16 20 8 4 10 20 16 20 19 54 63 48 22 25 12 9 14 1 1 2 21 14 5 5 6 3 2 3 4 4 0 2 3 20 23 26 26 19 7 6 4 7 4 8 6 3 3 6 4 6 6 5 8 10 5 8 16 18 49 -9999 -9999 -9999 -9999 -9999 -9999
63 32 33 25 38 59 60 49 38 38 40 42 25 38 36 16 17 31 15 19 21 20 18 15 45 33 47 43 39 61 22 23 20 22 9 25 30 13 -9999 1 2 3 20 9 12 3 3 3 6 3 6 3 20 18 4 15 13 5 8 13 13 3 5 5 5 8 2 6 10 1 1 7 6 18 0 -9999 -9999 27 -9999 -9999 -9999 -9999 -9999 -9999
43 26 68 49 60 58 60 62 46 37 42 28 9 29 28 45 14 13 15 12 38 17 23 46 39 53 36 63 40 54 21 16 30 15 19 34 22 4 20 -9999 2 13 8 10 9 4 5 3 3 1 6 26 19 -9999 -9999 -9999 6 9 10 6 8 8 7 4 2 4 8 9 9 10 0 5 19 -9999 -9999 -9999 -9999 -9999 9 -9999 -9999 -9999 -9999 -9999
17 12 25 33 48 58 60 53 48 37 39 25 15 23 22 22 24 16 53 36 38 12 33 52 20 10 11 49 24 46 21 17 17 13 9 2 1 5 23 9 -9999 13 17 36 28 15 14 6 3 8 31 38 -9999 -9999 -9999 -9999 0 5 11 9 9 8 8 10 12 12 16 14 10 14 4 16 75 10 -9999 -9999 -9999 -9999 3 -9999 -9999 -9999 -9999 -9999
-9999 -9999 21 23 59 58 60 44 37 40 38 42 17 20 15 32 35 40 33 43 67 56 24 14 51 28 42 18 4 10 23 13 19 18 3 2 5 2 17 33 -9999 12 13 56 35 30 16 8 4 4 13 17 -9999 -9999 -9999 -9999 -9999 8 8 7 13 11 9 9 6 14 15 11 10 12 14 43 11 5 -9999 -9999 -9999 6 -9999 -9999 -9999 -9999 -9999 -9999
-9999 -9999 -9999 -9999 -9999 53 56 37 40 43 44 40 39 37 26 35 35 39 43 51 33 14 6 4 12 -9999 -9999 -9999 -9999 -9999 15 20 18 12 28 16 4 6 4 1 17 -9999 15 34 35 22 1 -9999 11 28 26 -9999 -9999 3 8 -9999 -9999 12 21 8 13 14 14 4 10 14 15 15 20 45 63 17 15 -9999 2 -9999 11 -9999 -9999 -9999 -9999 -9999 -9999 -9999
-9999 -9999 -9999 -9999 -9999 49 56 39 42 10 24 29 39 41 40 45 45 37 11 39 63 16 28 33 29 29 -9999 -9999 -9999 -9999 -9999 12 0 4 3 5 7 6 6 7 5 18 13 15 13 -9999 -9999 -9999 19 33 27 -9999 7 7 5 -9999 -9999 -9999 8 9 15 14 14 13 13 11 13 19 51 37 19 -9999 -9999 -9999 -9999 -9999 -9999 -9999 -9999 -9999 -9999 -9999 -9999 -9999
-9999 -9999 -9999 -9999 -9999 46 53 50 42 10 2 2 38 40 43 46 40 33 18 15 20 24 17 22 53 47 29 14 10 7 13 8 5 8 16 1 1 1 5 2 10 20 -9999 23 9 -9999 -9999 -9999 -9999 26 48 38 8 48 53 52 -9999 -9999 1 14 25 27 25 16 12 9 13 -9999 -9999 -9999 22 -9999 -9999 -9999 2 -9999 -9999 -9999 -9999 -9999 -9999 -9999 -9999 -9999
-9999 -9999 -9999 -9999 13 53 59 63 46 25 4 3 15 41 43 39 44 24 14 23 5 4 5 9 24 9 67 61 22 15 29 4 13 12 18 22 11 10 9 9 13 22 -9999 22 9 -9999 -9999 -9999 -9999 -9999 34 2 10 41 60 70 19 4 -9999 -9999 1 33 24 30 28 41 30 -9999 -9999 -9999 -9999 -9999 -9999 -9999 28 -9999 -9999 -9999 -9999 -9999 -9999 -9999 -9999 -9999
-9999 -9999 -9999 -9999 2 57 57 53 45 14 3 0 2 36 44 39 55 16 23 5 9 9 4 5 12 12 7 50 9 12 15 9 16 53 29 32 12 13 10 8 13 6 19 8 9 9 -9999 -9999 -9999 -9999 22 -9999 -9999 1 10 52 1 -9999 -9999 -9999 -9999 5 0 53 50 59 64 -9999 -9999 -9999 -9999 -9999 -9999 20 42 -9999 -9999 -9999 -9999 -9999 -9999 -9999 -9999 -9999
-9999 -9999 -9999 -9999 0 4 56 53 45 14 0 0 0 19 34 38 40 11 23 10 3 2 9 6 11 8 31 36 61 24 13 6 13 4 8 31 32 27 9 14 7 10 7 -9999 4 34 -9999 -9999 -9999 -9999 -9999 -9999 -9999 -9999 2 2 -9999 -9999 -9999 -9999 -9999 -9999 -9999 -9999 1 11 34 29 -9999 -9999 -9999 -9999 21 -9999 45 24 -9999 -9999 -9999 -9999 -9999 -9999 -9999 -9999
-9999 -9999 -9999 -9999 -9999 14 41 53 55 31 0 0 0 4 33 44 47 37 28 5 0 2 7 2 15 14 19 11 8 22 4 5 3 24 10 13 37 17 3 1 4 64 33 51 58 43 20 -9999 -9999 -9999 -9999 -9999 -9999 -9999 -9999 -9999 -9999 -9999 -9999 -9999 -9999 -9999 -9999 -9999 -9999 -9999 2 2 -9999 -9999 -9999 33 33 -9999 -9999 -9999 -9999 -9999 -9999 -9999 -9999 -9999 -9999 -9999
-9999 -9999 -9999 -9999 -9999 -9999 42 58 58 10 7 0 0 0 4 33 54 44 13 30 1 1 2 2 19 20 9 7 20 33 10 2 9 21 35 34 39 27 14 2 10 38 20 42 -9999 38 23 -9999 -9999 -9999 -9999 -9999 -9999 -9999 -9999 -9999 -9999 -9999 -9999 -9999 -9999 -9999 -9999 -9999 -9999 -9999 -9999 -9999 -9999 5 -9999 7 18 21 -9999 -9999 -9999 -9999 -9999 -9999 -9999 -9999 -9999 -9999
-9999 -9999 -9999 -9999 -9999 -9999 60 55 43 15 8 8 6 0 0 40 52 47 14 24 16 2 0 6 2 3 6 4 20 4 2 2 9 9 6 7 16 23 21 13 27 31 8 40 37 -9999 12 -9999 -9999 -9999 -9999 -9999 -9999 -9999 -9999 -9999 -9999 -9999 -9999 -9999 -9999 -9999 -9999 -9999 -9999 -9999 -9999 -9999 -9999 -9999 2 -9999 2 26 -9999 -9999 -9999 -9999 -9999 -9999 -9999 -9999 -9999 -9999
-9999 -9999 -9999 -9999 -9999 36 61 14 9 7 0 0 4 7 0 12 41 53 57 33 5 3 3 0 1 3 6 18 1 24 17 16 14 15 15 16 15 10 14 23 26 8 32 43 56 66 -9999 -9999 -9999 -9999 -9999 -9999 -9999 -9999 -9999 -9999 -9999 -9999 -9999 -9999 -9999 -9999 -9999 -9999 -9999 -9999 -9999 -9999 -9999 -9999 -9999 -9999 -9999 -9999 -9999 -9999 -9999 -9999 -9999 -9999 -9999 -9999 -9999 -9999
-9999 -9999 -9999 -9999 45 62 56 9 12 0 0 0 0 7 6 4 37 49 39 29 11 6 0 1 4 0 3 8 4 16 18 12 21 21 13 13 13 18 13 15 5 12 42 71 54 58 43 5 -9999 -9999 -9999 -9999 -9999 -9999 -9999 -9999 -9999 -9999 -9999 -9999 -9999 -9999 -9999 -9999 -9999 -9999 -9999 -9999 -9999 -9999 -9999 -9999 -9999 -9999 -9999 -9999 -9999 -9999 -9999 -9999 -9999 -9999 -9999 -9999
-9999 -9999 -9999 55 59 43 5 0 0 0 0 0 0 0 2 3 2 42 39 21 20 4 3 4 0 6 3 4 12 53 40 38 43 60 37 23 28 48 27 6 6 8 21 81 75 72 31 -9999 -9999 -9999 -9999 -9999 -9999 -9999 -9999 -9999 -9999 -9999 -9999 -9999 -9999 -9999 -9999 -9999 -9999 -9999 -9999 -9999 -9999 -9999 -9999 -9999 -9999 -9999 -9999 -9999 -9999 -9999 -9999 -9999 -9999 -9999 -9999 -9999
-9999 6 45 55 55 3 13 0 0 0 0 0 0 0 7 8 0 30 37 18 21 26 3 10 3 15 12 14 15 43 66 60 69 48 57 54 45 23 9 5 1 4 16 51 54 70 76 44 -9999 -9999 -9999 -9999 -9999 -9999 -9999 -9999 -9999 -9999 -9999 -9999 -9999 -9999 -9999 -9999 -9999 -9999 -9999 -9999 -9999 -9999 -9999 -9999 -9999 -9999 -9999 -9999 -9999 -9999 -9999 -9999 -9999 -9999 -9999 -9999
34 39 60 42 6 12 0 0 0 0 0 0 0 0 0 8 4 5 34 32 20 15 15 13 24 22 8 16 11 23 43 34 11 8 8 9 9 16 10 1 2 2 5 28 64 78 86 67 28 -9999 -9999 -9999 -9999 -9999 -9999 -9999 -9999 -9999 -9999 -9999 -9999 -9999 -9999 -9999 -9999 -9999 -9999 -9999 -9999 -9999 -9999 -9999 -9999 -9999 -9999 -9999 -9999 -9999 -9999 -9999 -9999 -9999 -9999 -9999
52 60 55 34 4 5 0 0 0 0 0 0 0 0 0 7 0 1 15 32 43 14 8 28 33 28 9 11 10 16 13 16 15 12 14 39 39 35 23 5 4 4 3 30 51 69 68 64 22 49 -9999 -9999 -9999 -9999 -9999 -9999 -9999 -9999 -9999 -9999 -9999 -9999 -9999 -9999 -9999 -9999 -9999 -9999 -9999 -9999 -9999 -9999 -9999 -9999 -9999 -9999 -9999 -9999 -9999 -9999 -9999 -9999 -9999 -9999
56 55 25 4 15 6 0 0 0 8 2 11 6 0 0 9 9 7 0 40 40 56 35 43 38 29 17 7 13 15 21 15 11 29 38 42 42 42 53 31 10 8 4 30 55 59 59 59 52 56 21 -9999 -9999 -9999 -9999 -9999 -9999 -9999 -9999 -9999 -9999 -9999 -9999 -9999 -9999 -9999 -9999 -9999 -9999 -9999 -9999 -9999 -9999 -9999 -9999 -9999 -9999 -9999 -9999 -9999 -9999 -9999 -9999 -9999
38 40 7 13 6 7 0 6 7 8 5 7 12 0 0 0 2 10 6 31 40 38 24 35 32 39 34 14 14 14 16 14 29 48 47 55 47 39 27 44 51 40 12 24 50 59 40 47 48 49 19 28 -9999 -9999 -9999 -9999 -9999 -9999 -9999 -9999 -9999 -9999 -9999 -9999 -9999 -9999 -9999 -9999 -9999 -9999 -9999 -9999 -9999 -9999 -9999 -9999 -9999 -9999 -9999 -9999 -9999 -9999 -9999 -9999
8 54 7 5 6 0 0 6 8 6 5 8 2 5 0 0 0 1 11 15 10 20 44 43 59 41 46 32 23 36 38 53 46 58 59 61 43 37 26 34 40 42 35 32 39 31 15 17 12 33 10 7 13 -9999 -9999 -9999 -9999 -9999 -9999 -9999 -9999 -9999 -9999 -9999 -9999 -9999 -9999 -9999 -9999 -9999 -9999 -9999 -9999 -9999 -9999 -9999 -9999 -9999 -9999 -9999 -9999 -9999 -9999 -9999
8 55 8 2 0 0 0 0 3 8 12 8 7 0 0 0 0 4 2 10 7 15 9 34 48 58 68 54 53 53 37 53 59 49 32 23 31 35 35 24 28 29 44 43 27 14 10 13 14 20 20 10 25 12 -9999 -9999 -9999 -9999 -9999 -9999 -9999 -9999 -9999 -9999 -9999 -9999 -9999 -9999 -9999 -9999 -9999 -9999 -9999 -9999 -9999 -9999 -9999 -9999 -9999 -9999 -9999 -9999 -9999 -9999
7 60 8 10 0 0 0 0 2 6 12 6 0 0 0 0 0 0 0 6 6 0 10 14 48 55 52 47 47 51 55 58 61 45 42 23 23 37 25 28 28 17 25 25 44 40 26 30 10 14 24 9 22 27 -9999 -9999 -9999 -9999 -9999 -9999 -9999 -9999 -9999 -9999 -9999 -9999 -9999 -9999 -9999 -9999 -9999 -9999 -9999 -9999 -9999 -9999 -9999 -9999 -9999 23 -9999 -9999 -9999 -9999
35 61 18 11 6 0 0 0 7 5 2 6 0 0 0 0 0 0 0 5 0 0 0 5 11 14 57 57 56 57 57 56 53 46 39 36 38 37 23 26 26 28 26 45 40 40 44 45 27 31 18 13 20 20 25 -9999 -9999 -9999 -9999 -9999 -9999 -9999 -9999 -9999 -9999 -9999 -9999 -9999 -9999 -9999 -9999 -9999 -9999 -9999 -9999 -9999 -9999 -9999 -9999 61 23 5 6 2
56 63 43 13 5 0 0 0 0 0 0 0 0 0 0 0 0 0 0 0 0 0 0 0 11 16 12 11 19 17 36 42 62 46 41 37 28 27 24 34 30 36 38 47 52 53 47 48 42 49 48 56 23 40 30 33 -9999 -9999 -9999 -9999 -9999 -9999 -9999 -9999 -9999 -9999 -9999 -9999 -9999 -9999 -9999 -9999 -9999 -9999 -9999 -9999 -9999 -9999 -9999 48 52 23 14 7
58 62 57 12 16 6 0 0 0 0 0 0 0 0 0 0 0 0 0 0 0 0 0 0 0 0 13 5 7 15 16 12 12 38 44 59 46 41 46 42 42 49 59 60 57 59 53 58 57 46 45 55 58 51 25 54 37 -9999 -9999 -9999 -9999 -9999 -9999 -9999 -9999 -9999 -9999 -9999 -9999 -9999 -9999 -9999 -9999 -9999 -9999 -9999 -9999 -9999 -9999 -9999 37 12 13 15
54 64 48 13 10 5 0 0 0 0 10 10 0 0 0 0 0 0 0 0 0 0 0 0 0 0 8 6 7 8 5 14 13 7 4 7 11 31 57 57 58 58 58 58 58 58 57 57 44 55 54 56 53 47 39 39 24 30 -9999 -9999 -9999 -9999 -9999 -9999 -9999 -9999 -9999 -9999 -9999 -9999 -9999 -9999 -9999 -9999 -9999 -9999 -9999 -9999 -9999 60 37 10 9 7
43 43 34 32 31 9 13 2 2 9 1 8 0 0 0 0 0 0 0 0 0 0 0 0 0 0 0 0 0 0 0 11 8 7 11 12 13 12 8 35 41 60 50 59 58 44 41 57 58 57 58 51 46 46 33 18 24 38 56 4 -9999 -9999 -9999 -9999 -9999 -9999 -9999 -9999 -9999 -9999 -9999 -9999 -9999 -9999 -9999 -9999 -9999 45 29 47 27 7 3 7
27 37 52 32 30 15 5 8 5 0 2 7 0 0 0 0 0 0 0 0 0 0 0 0 0 0 0 0 0 0 0 6 3 3 10 7 7 11 12 14 28 36 31 45 17 5 7 18 39 56 57 55 46 47 48 46 62 43 58 -9999 -9999 -9999 -9999 -9999 -9999 -9999 -9999 -9999 -9999 -9999 -9999 -9999 -9999 -9999 -9999 -9999 -9999 42 12 24 10 9 5 4
