slauniainen/Data/vihti_lehtip_latvuspeitto.asc
ncols         196
nrows         178
xllcorner     353680
yllcorner     6699024
cellsize      16
NODATA_value  -9999
[rows 111 to 147 of 178, columns 84 to 167 of 196]
18 27 19 18 16 18 13 24 28 1 0 7 0 0 0 0 0 0 0 0 0 0 0 0 0 0 0 0 0 0 0 0 0 0 0 0 0 11 6 4 4 21 29 49 16 9 13 13 11 28 40 54 51 59 58 56 44 47 27 21 -9999 -9999 -9999 -9999 -9999 -9999 -9999 -9999 -9999 -9999 -9999 -9999 -9999 -9999 -9999 -9999 23 61 9 9 15 9 2 2
14 12 12 13 21 18 8 15 25 42 7 8 0 0 0 0 0 0 0 0 0 0 0 0 0 0 0 0 0 0 0 0 0 0 0 0 0 6 7 3 19 3 13 50 17 11 15 14 12 16 36 53 51 49 61 59 58 41 16 12 6 -9999 -9999 -9999 -9999 -9999 -9999 -9999 -9999 -9999 -9999 -9999 -9999 -9999 -9999 -9999 -9999 49 8 4 15 17 11 14
2 9 6 7 9 9 4 10 50 40 50 12 8 0 0 0 0 0 0 0 0 0 0 0 0 0 0 0 0 0 0 0 0 0 0 13 13 10 1 8 25 20 20 28 27 9 13 10 13 10 33 40 47 46 49 61 48 10 6 5 4 6 -9999 -9999 -9999 -9999 -9999 -9999 -9999 -9999 -9999 -9999 -9999 -9999 -9999 49 39 19 4 14 15 14 15 14
11 18 12 5 6 5 7 15 4 24 45 13 6 0 0 0 0 0 0 0 0 0 0 0 0 0 0 0 0 0 0 0 0 0 0 8 13 0 21 20 26 20 18 14 50 8 10 13 10 11 39 36 39 39 55 13 17 4 9 4 13 7 8 -9999 -9999 -9999 -9999 -9999 -9999 -9999 -9999 -9999 -9999 -9999 -9999 29 32 11 4 14 14 13 3 21
15 19 10 4 11 7 7 5 20 23 48 9 7 0 0 0 0 0 0 0 0 0 0 0 0 0 0 0 0 0 0 0 0 8 8 0 4 4 7 2 16 10 6 21 20 3 5 8 9 7 25 32 28 24 20 10 5 9 9 10 17 10 7 20 -9999 -9999 -9999 -9999 -9999 -9999 -9999 -9999 -9999 -9999 17 36 30 13 16 10 13 21 61 48
18 13 11 10 4 7 7 24 27 44 35 12 10 0 0 0 0 0 0 0 0 0 0 0 0 0 0 0 0 0 0 6 2 0 3 2 10 15 15 20 21 17 10 23 29 7 2 3 10 0 22 32 45 54 27 18 5 9 13 9 4 5 13 4 25 -9999 -9999 -9999 -9999 -9999 -9999 -9999 -9999 -9999 42 24 12 9 3 9 9 27 54 40
18 18 17 10 4 11 8 17 26 23 43 13 11 0 0 0 0 0 0 0 0 0 0 0 0 0 0 0 0 0 0 5 0 4 1 4 9 26 28 15 6 4 3 5 3 11 10 8 5 8 17 35 48 46 17 1 7 10 12 7 15 12 15 7 15 -9999 -9999 -9999 -9999 -9999 -9999 -9999 -9999 40 25 22 16 22 17 12 21 19 25 40
6 4 5 5 7 8 4 9 12 23 40 9 5 0 0 0 0 0 0 0 0 0 0 0 0 0 0 0 0 0 7 2 3 1 0 16 16 7 8 7 4 7 13 8 7 4 3 2 4 3 16 50 39 27 15 7 9 11 10 23 19 12 13 13 3 20 -9999 34 -9999 -9999 -9999 15 38 32 30 13 25 47 51 45 20 44 49 46
4 3 5 3 3 7 5 3 10 25 37 18 14 5 0 0 0 0 0 0 0 0 0 0 0 0 0 0 0 0 9 0 6 15 16 3 15 18 19 19 10 9 8 5 5 4 4 4 5 2 10 47 81 71 51 49 12 12 26 53 39 27 20 16 49 23 15 8 37 58 16 37 26 24 12 25 31 30 47 40 43 8 32 -9999
3 3 7 3 5 5 7 7 2 25 39 30 8 8 0 0 0 0 0 0 0 0 0 0 0 0 0 0 0 0 4 0 21 15 4 15 21 15 10 7 7 9 5 5 5 4 4 4 5 5 20 16 63 46 63 49 50 50 34 51 51 52 44 53 56 36 9 2 47 61 16 26 13 32 22 15 27 30 38 29 49 28 -9999 -9999
3 6 2 5 2 3 6 7 3 24 40 54 8 13 0 0 0 0 0 0 0 0 0 0 0 0 0 0 0 0 8 8 21 8 10 12 10 9 16 7 7 5 5 4 6 0 0 2 4 4 13 10 48 66 37 58 81 41 57 49 51 57 53 40 63 54 27 31 48 65 58 25 23 10 20 23 16 26 42 46 34 -9999 -9999 -9999
0 4 20 3 0 10 8 14 0 37 38 48 17 15 0 0 0 0 0 0 0 0 0 0 0 0 0 0 0 0 7 15 12 8 12 3 5 8 9 9 7 8 8 6 2 9 9 3 0 3 8 7 14 50 18 19 23 51 41 43 46 56 52 38 53 51 -9999 41 46 29 25 16 11 17 12 12 20 29 28 29 -9999 -9999 -9999 -9999
5 16 5 2 4 4 0 18 9 16 34 62 27 7 0 0 0 0 0 0 0 0 0 0 0 0 0 0 0 8 0 29 6 9 8 3 12 22 17 16 19 19 13 5 3 23 23 2 2 2 4 5 3 36 12 12 32 37 11 24 15 20 28 36 23 48 38 51 51 27 15 16 18 13 10 22 31 29 37 -9999 -9999 -9999 -9999 -9999
5 3 3 2 1 7 3 2 11 7 39 60 17 15 0 0 0 0 0 0 0 0 0 0 0 0 0 0 0 4 7 21 4 12 9 9 9 14 16 16 19 12 18 16 6 11 31 10 3 3 4 5 8 12 10 10 17 14 10 14 7 10 14 25 19 46 37 27 28 16 19 6 10 17 9 34 41 51 30 -9999 -9999 -9999 -9999 -9999
6 3 0 2 2 2 8 6 9 18 35 60 20 17 0 0 0 0 0 0 0 0 0 0 0 0 0 0 14 0 14 15 9 9 13 13 9 8 10 10 10 12 16 15 5 5 9 10 3 8 11 5 9 18 21 21 3 15 17 18 14 10 15 28 23 42 23 20 16 15 17 6 3 10 15 36 73 41 -9999 -9999 -9999 -9999 -9999 -9999
1 0 2 8 4 4 2 15 8 46 46 59 38 15 13 0 0 0 0 0 0 0 0 0 0 0 0 0 6 9 4 29 10 10 9 12 24 35 9 26 24 19 9 16 6 6 6 8 13 11 2 5 9 17 25 16 15 9 5 0 14 8 9 13 17 26 33 -9999 22 12 7 3 3 7 28 45 61 -9999 -9999 -9999 -9999 -9999 -9999 -9999
11 4 3 2 4 6 9 10 38 62 51 59 42 41 13 25 0 0 0 0 0 0 0 0 0 0 0 0 6 27 48 14 12 11 14 43 52 60 51 43 18 9 13 14 20 17 4 9 18 1 2 4 16 28 22 7 3 15 4 3 14 9 3 9 9 27 31 -9999 37 11 8 4 7 2 8 12 -9999 -9999 -9999 -9999 -9999 -9999 -9999 -9999
14 5 5 4 4 10 8 23 40 60 51 49 42 26 46 8 11 0 0 0 0 0 0 0 0 0 0 0 6 54 53 7 11 11 35 49 52 40 40 14 10 9 10 18 18 6 6 6 11 3 1 2 10 20 27 32 3 13 30 12 16 8 10 10 6 22 42 -9999 46 17 2 3 2 0 3 -9999 -9999 -9999 -9999 -9999 -9999 -9999 -9999 -9999
2 2 7 10 9 12 11 16 36 46 39 43 35 29 19 12 3 10 0 0 0 0 0 0 0 0 0 0 14 50 53 7 9 16 26 28 22 24 16 5 6 9 13 7 6 1 10 9 9 3 3 1 2 22 26 24 19 10 8 17 11 12 10 10 6 19 47 -9999 39 24 18 3 3 3 9 -9999 -9999 -9999 -9999 -9999 -9999 -9999 -9999 -9999
11 12 10 13 14 8 11 14 35 56 50 44 11 27 1 3 3 0 11 0 0 0 0 0 0 0 0 0 9 44 7 9 19 13 12 11 16 16 8 8 5 7 9 2 0 6 6 7 8 6 4 1 2 26 28 24 27 5 4 5 4 8 28 23 16 20 38 29 21 8 24 0 10 25 13 -9999 -9999 -9999 -9999 -9999 -9999 -9999 -9999 -9999
16 16 13 11 12 15 7 29 58 43 21 9 12 29 9 7 8 7 0 0 4 5 6 0 0 0 0 0 42 35 8 10 18 18 18 17 9 6 6 7 5 11 10 2 1 1 2 2 2 1 8 5 9 9 28 27 25 11 4 1 7 26 23 12 15 13 12 20 23 22 13 15 9 11 13 -9999 -9999 -9999 -9999 -9999 -9999 -9999 -9999 -9999
11 14 18 38 42 30 20 30 40 29 22 17 27 5 4 8 4 3 9 9 6 0 0 6 10 0 0 37 26 13 9 12 14 11 9 9 8 8 6 4 11 12 10 13 10 3 5 3 0 6 2 1 5 14 31 24 29 8 2 1 15 27 38 23 14 21 24 19 -9999 7 26 19 29 18 39 -9999 -9999 -9999 -9999 -9999 -9999 -9999 -9999 -9999
5 13 7 22 20 23 15 31 29 22 1 31 10 3 3 4 7 5 2 3 3 4 13 5 16 35 34 32 6 9 8 15 9 4 3 5 13 15 10 10 1 3 5 2 0 3 3 2 3 0 0 6 8 14 25 13 2 2 3 3 28 6 6 3 0 4 5 0 -9999 4 11 9 28 17 52 30 -9999 -9999 -9999 -9999 -9999 -9999 -9999 -9999
7 18 15 12 26 34 33 22 22 20 25 9 10 6 8 7 5 6 5 3 8 5 3 8 11 18 32 30 8 9 21 8 4 3 3 6 11 9 4 22 20 3 2 0 0 8 1 7 1 4 0 4 7 8 9 12 9 1 1 0 15 4 16 14 11 1 17 30 -9999 21 9 11 23 27 35 71 -9999 -9999 -9999 -9999 -9999 -9999 -9999 -9999
22 4 33 34 33 28 28 2 37 12 3 4 6 6 7 5 10 7 10 14 16 13 13 12 10 10 31 29 15 12 23 5 2 2 3 8 15 9 39 24 24 3 3 2 1 2 3 18 7 18 3 3 5 5 8 15 13 1 1 9 7 23 23 22 16 15 29 28 -9999 12 40 47 16 33 48 23 -9999 -9999 -9999 -9999 -9999 -9999 -9999 -9999
28 28 28 22 22 23 16 24 15 2 3 1 1 2 3 9 11 13 10 15 13 13 14 14 14 14 15 11 19 16 9 0 0 2 5 4 11 44 42 19 20 2 5 4 0 4 20 5 0 10 13 3 3 4 20 40 18 2 1 8 6 23 13 56 5 10 30 26 -9999 46 46 45 43 47 22 11 -9999 -9999 -9999 -9999 -9999 -9999 -9999 -9999
28 28 35 11 9 2 14 22 11 1 5 4 5 13 21 28 42 40 39 31 29 36 9 8 6 7 8 13 21 19 16 4 2 5 2 7 26 30 11 21 26 11 6 19 9 17 17 9 14 13 22 3 2 16 15 40 18 0 0 4 10 22 19 57 18 21 24 35 38 34 24 36 32 69 50 29 -9999 -9999 -9999 -9999 -9999 -9999 -9999 -9999
10 15 43 4 9 14 43 14 18 5 5 13 18 33 2 42 42 13 18 25 48 51 9 33 11 14 5 13 12 13 13 2 4 5 5 17 7 12 25 43 26 21 5 14 16 7 1 6 16 10 15 1 2 17 14 18 4 2 3 7 17 4 33 39 18 52 78 59 55 53 49 51 47 46 -9999 -9999 -9999 -9999 -9999 -9999 -9999 -9999 -9999 -9999
2 26 30 10 5 38 23 6 24 9 10 35 57 41 25 20 20 12 17 11 15 22 11 26 14 20 23 3 16 14 10 12 2 4 2 9 6 14 41 45 56 39 18 7 15 8 0 4 4 6 14 2 0 9 9 21 4 5 2 7 12 14 26 49 36 51 62 -9999 77 75 -9999 -9999 -9999 -9999 -9999 -9999 -9999 -9999 -9999 -9999 -9999 -9999 -9999 -9999
8 8 24 31 19 23 4 4 5 6 6 27 35 45 33 34 39 35 44 47 21 15 13 10 2 8 18 36 27 31 14 11 6 0 0 10 6 11 11 29 37 46 19 16 27 6 3 4 3 5 10 4 0 8 14 11 4 3 1 4 0 26 5 8 52 43 62 -9999 -9999 -9999 -9999 -9999 -9999 -9999 -9999 -9999 -9999 -9999 -9999 -9999 -9999 -9999 -9999 -9999
4 38 31 29 30 31 18 30 6 30 27 49 52 60 36 42 54 27 4 19 29 55 28 5 14 16 6 42 45 66 37 16 5 0 2 2 16 23 13 47 32 51 15 14 7 27 3 4 1 3 11 9 13 10 17 3 1 3 2 2 16 2 16 19 -9999 -9999 -9999 -9999 -9999 -9999 -9999 -9999 -9999 -9999 -9999 -9999 -9999 -9999 -9999 -9999 -9999 -9999 -9999 -9999
6 31 22 27 39 25 23 21 33 50 23 46 44 37 30 22 4 4 16 16 15 13 53 25 33 25 26 37 31 30 45 24 11 2 1 11 27 33 31 39 46 15 7 18 10 16 10 21 16 7 2 3 10 10 7 9 3 2 3 13 16 0 -9999 -9999 -9999 -9999 -9999 -9999 -9999 -9999 -9999 -9999 -9999 -9999 -9999 -9999 -9999 -9999 -9999 -9999 -9999 -9999 -9999 -9999
-9999 -9999 8 21 22 46 26 19 19 33 42 50 44 16 43 49 48 11 11 2 32 11 1 22 57 42 22 13 21 22 46 39 15 1 2 8 17 48 45 16 16 16 12 14 8 25 12 15 18 12 4 2 0 2 0 6 2 12 20 -9999 -9999 -9999 -9999 -9999 -9999 -9999 -9999 -9999 -9999 -9999 -9999 -9999 -9999 -9999 -9999 -9999 -9999 -9999 -9999 -9999 -9999 -9999 -9999 -9999
-9999 -9999 25 61 61 52 31 34 34 14 17 15 51 25 50 46 16 17 3 1 13 28 3 1 14 25 17 18 12 35 49 45 15 8 2 6 24 51 17 17 17 11 8 16 6 9 28 13 19 15 1 1 0 3 0 2 -9999 -9999 -9999 -9999 -9999 -9999 -9999 -9999 -9999 -9999 -9999 -9999 -9999 -9999 -9999 -9999 -9999 -9999 -9999 -9999 -9999 -9999 -9999 -9999 -9999 -9999 -9999 -9999
-9999 -9999 -9999 24 53 41 55 48 32 15 18 37 60 43 26 18 4 3 2 3 8 13 20 6 2 28 19 9 12 42 56 30 5 8 2 0 17 16 18 17 17 21 15 16 6 10 6 20 34 8 6 2 0 -9999 -9999 -9999 -9999 -9999 -9999 -9999 -9999 -9999 -9999 -9999 -9999 -9999 -9999 -9999 -9999 -9999 -9999 -9999 -9999 -9999 -9999 -9999 -9999 -9999 -9999 -9999 -9999 -9999 -9999 -9999
-9999 -9999 23 74 58 47 44 47 31 14 44 55 38 17 14 4 13 12 7 7 9 10 9 25 5 8 17 27 19 44 7 6 4 6 2 5 17 16 11 7 19 18 11 21 21 28 6 8 15 8 -9999 -9999 -9999 -9999 -9999 -9999 -9999 -9999 -9999 -9999 -9999 -9999 -9999 -9999 -9999 -9999 -9999 -9999 -9999 -9999 -9999 -9999 -9999 -9999 -9999 -9999 -9999 -9999 -9999 -9999 -9999 -9999 -9999 -9999
-9999 -9999 39 39 28 45 42 19 23 38 46 15 17 9 15 17 18 8 5 5 10 4 1 4 6 28 21 19 19 56 24 9 5 2 4 6 11 17 9 22 19 17 13 13 12 29 14 -9999 -9999 -9999 -9999 -9999 -9999 -9999 -9999 -9999 -9999 -9999 -9999 -9999 -9999 -9999 -9999 -9999 -9999 -9999 -9999 -9999 -9999 -9999 -9999 -9999 -9999 -9999 -9999 -9999 -9999 -9999 -9999 -9999 -9999 -9999 -9999 -9999
