slauniainen/Data/vihti_keskilapimitta.asc
ncols         196
nrows         178
xllcorner     353680
yllcorner     6699024
cellsize      16
NODATA_value  -9999
[rows 74 to 110 of 178, columns 84 to 167 of 196]
8 10 12 13 13 8 8 10 13 16 18 9 14 4 17 21 23 14 10 18 25 14 3 4 5 10 9 11 8 -9999 12 12 14 4 7 9 7 8 12 -9999 -9999 -9999 -9999 -9999 -9999 -9999 -9999 -9999 -9999 -9999 -9999 -9999 -9999 -9999 -9999 -9999 -9999 -9999 -9999 -9999 -9999 -9999 -9999 -9999 -9999 -9999 -9999 -9999 -9999 18 12 16 22 26 21 27 22 17 15 14 -9999 -9999 4 22
7 6 12 14 15 11 8 8 12 15 18 17 12 11 3 17 12 10 11 12 16 6 11 7 7 5 5 9 14 -9999 21 13 11 4 9 10 5 9 17 9 -9999 -9999 -9999 -9999 -9999 -9999 -9999 -9999 -9999 -9999 -9999 -9999 -9999 -9999 -9999 -9999 -9999 -9999 -9999 -9999 -9999 -9999 -9999 -9999 -9999 -9999 -9999 -9999 -9999 -9999 13 13 16 23 21 27 23 17 -9999 3 -9999 -9999 -9999 -9999
7 6 7 7 7 7 14 15 19 18 16 7 2 0 7 5 6 6 4 16 4 4 4 5 0 3 4 4 6 8 -9999 -9999 -9999 2 4 0 7 0 9 26 24 23 -9999 -9999 -9999 -9999 31 30 -9999 -9999 -9999 -9999 -9999 -9999 -9999 -9999 -9999 14 23 -9999 -9999 -9999 -9999 -9999 -9999 -9999 26 22 24 19 21 22 20 20 19 22 22 18 13 -9999 -9999 -9999 -9999 -9999
7 7 10 10 10 13 14 17 16 20 21 18 8 0 1 11 9 6 16 16 6 0 7 0 5 3 3 0 3 22 25 5 13 4 -9999 -9999 -9999 -9999 5 23 19 24 24 -9999 23 28 26 27 -9999 -9999 -9999 -9999 -9999 -9999 -9999 18 24 22 23 15 24 26 32 28 25 30 25 23 23 24 20 22 22 22 20 22 19 11 -9999 -9999 -9999 -9999 -9999 -9999
6 10 9 4 8 11 12 21 20 25 21 21 13 6 0 0 9 6 2 2 4 0 0 0 4 5 3 1 3 22 7 5 6 11 0 -9999 -9999 -9999 2 11 19 23 17 24 33 29 24 25 27 29 26 -9999 -9999 -9999 12 18 20 21 24 19 16 19 22 15 18 28 20 25 24 21 19 17 18 21 22 22 18 -9999 -9999 -9999 -9999 -9999 -9999 -9999
8 8 17 10 10 18 18 19 21 20 22 21 17 3 1 3 2 4 4 4 4 0 0 4 4 3 0 1 7 27 8 1 7 11 10 0 -9999 -9999 1 8 11 9 23 23 26 25 25 25 24 28 26 27 24 16 19 21 16 25 22 27 17 18 18 13 18 20 22 23 24 28 19 17 17 17 22 23 16 -9999 10 -9999 -9999 -9999 -9999 -9999
13 17 20 20 21 15 15 16 22 22 18 16 18 8 5 1 0 1 1 3 3 0 0 0 1 0 4 8 8 10 5 1 6 8 0 1 1 1 1 4 15 7 16 21 26 25 25 25 25 27 27 27 22 13 13 25 14 23 21 24 25 20 21 22 23 22 27 28 26 23 20 21 23 19 20 21 15 13 -9999 -9999 -9999 -9999 -9999 -9999
9 16 17 18 12 10 9 9 14 19 19 17 16 11 5 7 7 16 4 4 5 5 13 13 10 16 10 9 21 9 5 4 2 4 1 6 6 10 -9999 1 0 2 13 20 27 25 25 25 24 24 27 20 13 3 14 3 23 24 21 23 22 22 21 23 28 27 24 21 20 27 24 26 24 14 10 -9999 -9999 21 -9999 -9999 -9999 -9999 -9999 -9999
15 19 12 6 9 7 9 8 10 14 19 15 22 24 6 14 3 12 4 12 7 7 13 9 16 15 16 12 24 7 6 12 12 24 7 16 22 9 13 -9999 0 5 3 17 23 25 26 25 26 24 22 12 8 -9999 -9999 -9999 18 25 25 23 23 22 21 25 27 25 19 21 21 28 28 24 24 -9999 -9999 -9999 -9999 -9999 4 -9999 -9999 -9999 -9999 -9999
15 20 6 10 7 7 9 7 13 14 16 15 21 20 19 16 18 5 6 24 17 8 4 13 10 21 22 10 11 7 7 11 5 21 18 26 28 20 12 1 -9999 3 7 6 22 22 22 22 28 22 22 13 -9999 -9999 -9999 -9999 13 20 20 23 23 22 23 23 23 20 22 19 22 27 25 21 14 8 -9999 -9999 -9999 -9999 6 -9999 -9999 -9999 -9999 -9999
-9999 -9999 10 5 10 7 8 8 14 17 19 16 21 22 23 28 14 17 5 17 17 17 9 4 14 10 8 8 7 3 2 7 21 21 18 26 19 21 12 12 -9999 5 9 13 11 21 21 22 22 22 21 21 -9999 -9999 -9999 -9999 -9999 23 22 16 22 20 19 23 20 21 22 21 21 24 28 12 10 2 -9999 -9999 -9999 9 -9999 -9999 -9999 -9999 -9999 -9999
-9999 -9999 -9999 -9999 -9999 8 7 14 19 17 18 18 18 15 18 17 16 16 14 16 14 7 8 12 5 -9999 -9999 -9999 -9999 -9999 0 8 13 5 15 12 22 6 5 0 5 -9999 14 25 25 4 11 -9999 15 13 22 -9999 -9999 27 14 -9999 -9999 14 25 22 23 22 21 21 21 22 21 22 19 14 16 7 4 -9999 6 -9999 1 -9999 -9999 -9999 -9999 -9999 -9999 -9999
-9999 -9999 -9999 -9999 -9999 12 7 14 19 19 15 14 18 17 17 14 14 19 20 9 24 14 10 12 5 11 -9999 -9999 -9999 -9999 -9999 0 2 4 0 2 11 10 10 13 3 5 2 14 4 -9999 -9999 -9999 3 22 21 -9999 20 20 22 -9999 -9999 -9999 13 24 22 22 22 23 25 22 28 20 15 15 14 -9999 -9999 -9999 -9999 -9999 -9999 -9999 -9999 -9999 -9999 -9999 -9999 -9999
-9999 -9999 -9999 -9999 -9999 14 9 9 19 16 17 12 17 19 17 12 15 20 18 17 20 19 17 14 13 21 4 15 0 1 1 1 2 6 6 0 0 0 7 1 0 3 -9999 7 0 -9999 -9999 -9999 -9999 12 20 16 22 18 12 12 -9999 -9999 3 8 14 23 23 22 22 17 19 -9999 -9999 -9999 7 -9999 -9999 -9999 11 -9999 -9999 -9999 -9999 -9999 -9999 -9999 -9999 -9999
-9999 -9999 -9999 -9999 15 7 8 7 16 15 19 20 16 19 19 16 19 17 19 22 28 26 27 17 13 13 18 6 2 8 13 0 11 10 10 5 3 4 3 17 4 7 -9999 7 13 -9999 -9999 -9999 -9999 -9999 14 6 12 10 15 12 11 9 -9999 -9999 12 9 16 23 14 12 15 -9999 -9999 -9999 -9999 -9999 -9999 -9999 1 -9999 -9999 -9999 -9999 -9999 -9999 -9999 -9999 -9999
-9999 -9999 -9999 -9999 8 7 7 9 10 16 18 25 19 16 17 16 19 18 20 24 25 22 23 22 17 20 18 17 11 5 8 0 12 22 14 3 9 8 1 3 4 11 5 1 4 5 -9999 -9999 -9999 -9999 4 -9999 -9999 9 8 7 5 -9999 -9999 -9999 -9999 7 12 9 10 6 8 -9999 -9999 -9999 -9999 -9999 -9999 24 16 -9999 -9999 -9999 -9999 -9999 -9999 -9999 -9999 -9999
-9999 -9999 -9999 -9999 5 11 8 8 10 18 22 16 18 19 16 16 17 18 19 20 22 21 20 23 20 28 19 12 15 4 1 1 12 9 20 15 14 3 0 2 16 10 19 -9999 3 12 -9999 -9999 -9999 -9999 -9999 -9999 -9999 -9999 13 13 -9999 -9999 -9999 -9999 -9999 -9999 -9999 -9999 0 5 16 7 -9999 -9999 -9999 -9999 11 -9999 9 8 -9999 -9999 -9999 -9999 -9999 -9999 -9999 -9999
-9999 -9999 -9999 -9999 -9999 6 9 8 6 18 23 20 19 18 17 13 14 19 18 22 24 20 18 21 17 17 26 25 17 9 5 0 1 8 18 15 11 6 2 0 12 15 17 13 13 10 9 -9999 -9999 -9999 -9999 -9999 -9999 -9999 -9999 -9999 -9999 -9999 -9999 -9999 -9999 -9999 -9999 -9999 -9999 -9999 6 9 -9999 -9999 -9999 12 18 -9999 -9999 -9999 -9999 -9999 -9999 -9999 -9999 -9999 -9999 -9999
-9999 -9999 -9999 -9999 -9999 -9999 12 7 7 12 16 15 16 17 18 16 14 16 17 27 24 22 19 23 24 22 20 19 12 4 1 0 1 8 9 10 7 5 0 1 13 23 18 13 -9999 5 1 -9999 -9999 -9999 -9999 -9999 -9999 -9999 -9999 -9999 -9999 -9999 -9999 -9999 -9999 -9999 -9999 -9999 -9999 -9999 -9999 -9999 -9999 6 -9999 3 5 9 -9999 -9999 -9999 -9999 -9999 -9999 -9999 -9999 -9999 -9999
-9999 -9999 -9999 -9999 -9999 -9999 7 7 8 8 14 14 14 12 21 18 12 16 20 21 25 22 23 25 24 21 15 22 8 2 0 0 4 0 11 10 3 1 1 17 8 16 21 17 15 -9999 15 -9999 -9999 -9999 -9999 -9999 -9999 -9999 -9999 -9999 -9999 -9999 -9999 -9999 -9999 -9999 -9999 -9999 -9999 -9999 -9999 -9999 -9999 -9999 3 -9999 6 3 -9999 -9999 -9999 -9999 -9999 -9999 -9999 -9999 -9999 -9999
-9999 -9999 -9999 -9999 -9999 14 7 8 3 4 5 5 5 14 14 20 14 19 18 23 22 20 28 25 26 18 22 17 5 4 1 4 1 1 4 3 1 0 2 14 21 13 18 18 13 13 -9999 -9999 -9999 -9999 -9999 -9999 -9999 -9999 -9999 -9999 -9999 -9999 -9999 -9999 -9999 -9999 -9999 -9999 -9999 -9999 -9999 -9999 -9999 -9999 -9999 -9999 -9999 -9999 -9999 -9999 -9999 -9999 -9999 -9999 -9999 -9999 -9999 -9999
-9999 -9999 -9999 -9999 10 8 6 3 10 5 2 2 5 6 16 21 18 13 17 19 20 26 25 19 21 23 20 23 9 15 1 1 2 2 0 0 0 14 4 16 20 23 15 11 13 14 15 9 -9999 -9999 -9999 -9999 -9999 -9999 -9999 -9999 -9999 -9999 -9999 -9999 -9999 -9999 -9999 -9999 -9999 -9999 -9999 -9999 -9999 -9999 -9999 -9999 -9999 -9999 -9999 -9999 -9999 -9999 -9999 -9999 -9999 -9999 -9999 -9999
-9999 -9999 -9999 9 6 8 2 4 5 3 2 2 2 5 10 19 20 17 16 18 22 20 23 20 28 22 26 21 19 11 6 4 5 5 9 12 7 4 13 20 24 21 10 15 12 16 12 -9999 -9999 -9999 -9999 -9999 -9999 -9999 -9999 -9999 -9999 -9999 -9999 -9999 -9999 -9999 -9999 -9999 -9999 -9999 -9999 -9999 -9999 -9999 -9999 -9999 -9999 -9999 -9999 -9999 -9999 -9999 -9999 -9999 -9999 -9999 -9999 -9999
-9999 17 15 8 6 5 10 5 5 3 3 3 2 2 4 15 18 18 17 25 21 17 15 22 22 22 21 21 19 17 8 5 5 21 15 14 14 22 21 24 28 23 22 12 19 14 16 16 -9999 -9999 -9999 -9999 -9999 -9999 -9999 -9999 -9999 -9999 -9999 -9999 -9999 -9999 -9999 -9999 -9999 -9999 -9999 -9999 -9999 -9999 -9999 -9999 -9999 -9999 -9999 -9999 -9999 -9999 -9999 -9999 -9999 -9999 -9999 -9999
28 19 8 9 9 10 3 5 2 4 4 5 2 2 4 14 15 18 18 23 14 16 24 22 19 17 17 23 20 13 15 15 14 17 17 17 18 23 22 28 29 29 22 14 14 15 14 14 13 -9999 -9999 -9999 -9999 -9999 -9999 -9999 -9999 -9999 -9999 -9999 -9999 -9999 -9999 -9999 -9999 -9999 -9999 -9999 -9999 -9999 -9999 -9999 -9999 -9999 -9999 -9999 -9999 -9999 -9999 -9999 -9999 -9999 -9999 -9999
8 6 7 9 2 14 4 5 5 4 4 5 5 5 4 14 17 18 18 12 23 11 17 22 13 13 17 20 17 15 18 23 24 22 18 14 13 13 23 21 28 27 20 14 18 19 17 8 24 16 -9999 -9999 -9999 -9999 -9999 -9999 -9999 -9999 -9999 -9999 -9999 -9999 -9999 -9999 -9999 -9999 -9999 -9999 -9999 -9999 -9999 -9999 -9999 -9999 -9999 -9999 -9999 -9999 -9999 -9999 -9999 -9999 -9999 -9999
8 7 7 5 7 5 3 5 4 5 10 7 4 4 5 5 13 14 18 18 19 16 18 18 14 14 15 18 16 15 25 27 27 14 23 21 21 21 21 23 19 24 21 14 12 15 14 13 15 14 11 -9999 -9999 -9999 -9999 -9999 -9999 -9999 -9999 -9999 -9999 -9999 -9999 -9999 -9999 -9999 -9999 -9999 -9999 -9999 -9999 -9999 -9999 -9999 -9999 -9999 -9999 -9999 -9999 -9999 -9999 -9999 -9999 -9999
9 9 7 4 13 4 4 3 5 14 13 14 7 5 4 4 8 13 16 17 16 20 17 19 23 15 17 18 18 18 23 23 24 20 12 9 12 19 25 23 22 14 19 18 12 14 16 14 17 11 25 22 -9999 -9999 -9999 -9999 -9999 -9999 -9999 -9999 -9999 -9999 -9999 -9999 -9999 -9999 -9999 -9999 -9999 -9999 -9999 -9999 -9999 -9999 -9999 -9999 -9999 -9999 -9999 -9999 -9999 -9999 -9999 -9999
11 9 6 14 4 4 4 3 14 10 11 14 10 4 5 5 4 7 14 14 6 18 11 11 11 14 13 21 20 18 20 21 16 4 8 7 17 18 17 16 19 23 16 26 24 25 23 21 16 12 17 18 23 -9999 -9999 -9999 -9999 -9999 -9999 -9999 -9999 -9999 -9999 -9999 -9999 -9999 -9999 -9999 -9999 -9999 -9999 -9999 -9999 -9999 -9999 -9999 -9999 -9999 -9999 -9999 -9999 -9999 -9999 -9999
10 9 3 12 4 5 5 5 10 14 8 5 5 5 5 4 4 4 10 10 14 10 7 10 12 9 18 12 14 21 23 7 4 9 13 15 17 14 17 17 20 26 22 23 17 26 25 25 20 22 16 22 15 22 -9999 -9999 -9999 -9999 -9999 -9999 -9999 -9999 -9999 -9999 -9999 -9999 -9999 -9999 -9999 -9999 -9999 -9999 -9999 -9999 -9999 -9999 -9999 -9999 -9999 -9999 -9999 -9999 -9999 -9999
17 7 8 10 4 5 5 4 10 11 7 4 5 5 5 5 4 4 5 5 5 4 10 7 6 3 7 12 12 12 7 8 8 14 13 10 11 16 15 16 18 21 23 26 22 21 18 17 19 20 12 24 26 17 -9999 -9999 -9999 -9999 -9999 -9999 -9999 -9999 -9999 -9999 -9999 -9999 -9999 -9999 -9999 -9999 -9999 -9999 -9999 -9999 -9999 -9999 -9999 -9999 -9999 11 -9999 -9999 -9999 -9999
10 6 6 15 4 5 5 5 5 12 10 5 5 5 5 5 5 5 4 3 5 5 4 14 9 8 8 8 8 7 7 7 8 14 20 16 19 19 21 24 18 18 23 15 18 18 25 22 20 20 17 16 15 22 21 -9999 -9999 -9999 -9999 -9999 -9999 -9999 -9999 -9999 -9999 -9999 -9999 -9999 -9999 -9999 -9999 -9999 -9999 -9999 -9999 -9999 -9999 -9999 -9999 16 19 16 23 21
5 6 4 12 14 5 5 5 4 4 5 5 4 5 5 5 5 5 4 5 5 3 3 5 10 15 6 3 6 7 7 6 7 10 10 12 16 20 25 21 16 14 14 12 8 7 12 12 17 12 11 21 12 14 15 11 -9999 -9999 -9999 -9999 -9999 -9999 -9999 -9999 -9999 -9999 -9999 -9999 -9999 -9999 -9999 -9999 -9999 -9999 -9999 -9999 -9999 -9999 -9999 12 18 18 15 17
5 8 7 7 9 5 5 5 5 5 5 4 4 5 5 5 5 5 4 4 5 2 2 3 5 4 12 14 14 12 9 6 10 6 8 10 12 10 14 10 10 6 7 9 8 7 7 7 7 7 7 6 7 7 10 10 9 -9999 -9999 -9999 -9999 -9999 -9999 -9999 -9999 -9999 -9999 -9999 -9999 -9999 -9999 -9999 -9999 -9999 -9999 -9999 -9999 -9999 -9999 -9999 6 12 13 24
7 10 11 2 3 14 5 5 5 4 4 7 4 5 5 5 5 5 5 4 4 2 2 2 3 5 3 3 3 3 14 12 6 2 2 6 11 7 7 8 7 7 7 7 7 7 8 7 7 7 8 8 7 14 19 20 17 12 -9999 -9999 -9999 -9999 -9999 -9999 -9999 -9999 -9999 -9999 -9999 -9999 -9999 -9999 -9999 -9999 -9999 -9999 -9999 -9999 -9999 5 6 21 30 26
11 14 15 17 18 11 12 10 10 13 16 14 5 5 5 5 5 2 3 4 4 3 2 2 2 3 4 5 5 5 4 9 14 14 10 10 9 2 3 7 6 5 7 7 6 8 9 7 7 7 7 11 14 14 18 21 18 16 12 1 -9999 -9999 -9999 -9999 -9999 -9999 -9999 -9999 -9999 -9999 -9999 -9999 -9999 -9999 -9999 -9999 -9999 8 6 3 16 28 24 21
16 18 19 17 14 21 23 17 17 14 13 12 4 5 5 5 3 2 2 2 3 3 2 2 1 2 3 3 3 5 4 3 11 11 8 4 4 10 4 6 17 19 18 12 6 2 6 9 9 7 5 8 10 11 11 10 17 17 15 -9999 -9999 -9999 -9999 -9999 -9999 -9999 -9999 -9999 -9999 -9999 -9999 -9999 -9999 -9999 -9999 -9999 -9999 8 8 3 26 15 21 22
