slauniainen/Data/vihti_bm_manty_juuret.asc
ncols         196
nrows         178
xllcorner     353680
yllcorner     6699024
cellsize      16
NODATA_value  -9999
[rows 108 to 143 of 178, columns 82 to 163 of 196]
-9999 41 35 0 37 85 0 643 125 108 113 0 84 189 22 72 63 87 88 109 81 17 12 31 40 38 28 84 12 11 65 88 637 315 29 0 0 0 308 0 0 0 0 0 0 0 0 0 0 0 0 0 0 0 34 191 0 114 566 255 -9999 -9999 -9999 -9999 -9999 -9999 -9999 -9999 -9999 -9999 -9999 -9999 -9999 -9999 -9999 -9999 -9999 -9999 -9999 -9999 -9999 38
-9999 313 268 40 78 112 101 503 334 354 372 311 507 286 93 95 74 90 93 30 27 10 13 27 43 36 40 0 12 87 103 98 100 338 554 550 471 436 416 0 0 0 21 63 21 0 0 0 0 0 0 0 0 24 244 203 506 513 598 369 13 198 -9999 -9999 -9999 -9999 -9999 -9999 -9999 -9999 -9999 -9999 -9999 -9999 -9999 -9999 -9999 -9999 -9999 140 160 0
415 621 581 360 131 167 327 514 722 660 602 511 354 359 42 104 100 102 0 36 38 36 0 0 42 36 34 40 28 0 0 99 0 40 400 416 251 110 118 478 59 225 86 436 642 0 0 0 0 278 0 0 0 0 65 252 43 63 23 72 388 -9999 -9999 -9999 -9999 -9999 -9999 -9999 -9999 -9999 -9999 -9999 -9999 -9999 -9999 -9999 -9999 -9999 -9999 103 172 0
142 122 33 204 356 600 339 586 475 33 60 418 617 642 119 116 104 0 34 41 39 38 37 0 0 38 33 34 38 35 28 0 0 10 14 21 50 102 81 289 650 1161 1491 290 281 153 679 0 0 258 279 70 0 0 18 0 0 0 130 299 541 511 -9999 -9999 -9999 -9999 -9999 -9999 -9999 -9999 -9999 -9999 -9999 -9999 -9999 -9999 -9999 -9999 482 0 0 0
364 353 907 709 709 719 197 251 968 902 939 634 247 538 112 114 95 101 0 39 37 35 37 0 0 36 35 34 34 39 34 31 32 30 0 79 45 106 110 634 696 1233 454 1030 898 170 646 49 129 56 240 705 23 0 18 18 0 0 101 197 645 1141 1330 -9999 -9999 -9999 -9999 -9999 -9999 -9999 -9999 -9999 -9999 -9999 -9999 -9999 -9999 -9999 -9999 88 0 0
0 286 776 526 593 855 1096 1012 1111 0 112 320 52 196 100 109 97 92 0 31 35 37 40 37 31 32 34 39 40 44 37 30 31 33 31 99 14 435 578 490 900 1825 302 174 1029 182 272 0 142 330 0 674 58 378 174 61 23 71 274 780 552 1550 1099 1317 -9999 -9999 -9999 -9999 -9999 -9999 -9999 -9999 -9999 -9999 -9999 -9999 -9999 134 309 23 0 216
681 993 1567 827 1096 982 586 1052 513 679 247 212 68 509 397 16 77 100 109 26 0 29 35 43 41 38 31 0 105 34 33 26 0 28 29 106 105 647 196 1046 89 314 340 671 376 412 139 570 510 113 96 300 61 311 36 304 110 226 361 1613 381 1272 1976 1286 1116 -9999 -9999 -9999 -9999 -9999 -9999 -9999 -9999 -9999 -9999 -9999 -9999 400 0 0 0 218
778 917 1689 1381 799 646 309 922 742 800 172 393 21 789 285 45 82 107 113 110 0 0 0 31 33 34 30 104 106 0 32 26 98 92 0 12 659 523 553 1144 794 1546 702 1005 1149 505 383 1393 504 1500 1080 602 779 113 511 641 818 868 1355 1301 1089 1442 647 336 757 903 -9999 -9999 -9999 -9999 -9999 -9999 -9999 -9999 -9999 -9999 137 0 0 0 79 0
1695 723 364 314 209 736 618 790 1381 264 429 228 31 479 589 77 0 31 111 109 0 0 0 0 0 27 42 37 32 32 35 30 98 16 406 758 1342 1592 1403 1036 1034 630 385 55 425 323 534 1287 918 1759 1415 1292 575 528 179 84 490 534 1540 2001 1745 1805 2039 1554 1688 843 463 -9999 -9999 -9999 -9999 -9999 -9999 -9999 -9999 -9999 0 80 0 0 73 323
1141 494 656 803 376 998 441 495 791 357 360 502 83 362 368 105 33 35 32 0 0 0 0 0 0 12 29 44 47 44 39 31 112 600 861 1395 1108 912 436 550 941 766 184 569 497 719 521 369 532 574 1058 904 336 172 27 105 725 456 1292 1606 2032 1546 1191 1303 1754 1847 1012 -9999 -9999 -9999 -9999 -9999 -9999 -9999 -9999 0 77 70 0 178 211 408
566 848 758 1354 732 346 399 537 640 906 169 159 133 726 558 76 28 33 30 0 0 0 0 0 0 0 0 0 0 35 31 0 16 273 1723 1589 1736 182 1078 722 747 335 539 562 534 683 417 343 313 402 650 514 278 186 232 133 305 549 1395 1432 1596 564 846 1590 1813 978 836 219 -9999 100 -9999 -9999 -9999 162 0 0 0 0 199 83 19 436
265 642 484 831 1177 1152 714 562 576 891 1203 707 151 774 179 26 80 34 0 0 0 0 0 0 0 0 0 0 0 0 27 10 400 628 1388 790 591 1105 375 387 319 248 685 806 877 920 776 740 738 735 807 528 239 134 12 71 146 264 390 309 318 447 597 612 338 347 116 217 162 204 123 10 398 0 75 0 81 179 92 91 21 214
356 554 568 543 487 1407 734 477 673 1040 486 278 394 69 859 552 9 41 0 0 0 0 0 0 0 0 0 0 0 0 30 107 609 1143 1036 589 1057 323 267 163 309 600 896 827 967 895 922 977 1038 911 904 833 342 347 0 177 11 120 366 219 332 181 181 223 500 167 107 7 153 71 126 9 357 0 0 195 273 272 89 94 97 175
355 691 889 672 612 434 720 636 674 1073 830 143 100 0 549 154 16 32 0 0 0 0 0 0 0 0 0 0 0 0 29 117 302 1210 418 675 283 498 677 683 381 586 903 968 921 1014 1171 1013 905 1137 989 915 472 595 19 0 368 185 10 141 101 69 72 98 168 242 92 45 215 109 391 0 0 117 120 146 287 225 326 340 126 261
537 908 1130 742 444 1316 1117 823 1074 620 1237 51 39 19 354 301 16 31 0 0 0 0 0 0 0 0 0 0 0 0 0 119 310 901 343 637 451 1024 1041 588 328 667 861 867 886 1197 786 689 637 617 975 1017 957 400 355 19 305 287 379 0 158 147 332 108 394 138 127 153 -9999 91 344 267 327 284 203 52 474 60 388 118 171 324
825 854 957 650 1465 1541 1034 947 1519 219 263 93 0 0 64 533 91 35 39 0 0 0 0 0 0 0 0 0 0 0 0 15 590 397 578 713 507 868 513 259 234 49 317 336 455 1014 616 392 389 678 747 778 965 504 856 317 184 0 120 249 750 610 740 692 655 473 491 359 98 67 18 315 353 446 227 500 246 319 107 224 118 -9999
1589 1345 1264 1269 930 1034 1802 1114 814 1125 320 177 0 0 28 144 173 33 42 0 0 0 0 0 0 0 0 0 0 0 0 605 1118 366 712 524 609 365 575 460 350 406 394 380 240 381 404 284 268 373 314 390 627 701 341 415 204 199 78 198 584 431 706 520 434 650 635 357 78 172 157 318 370 518 324 470 72 207 9 168 175 -9999
1031 1532 1509 1377 1753 1296 1373 1138 574 93 214 428 0 0 43 40 144 145 37 0 0 0 0 0 0 0 0 0 0 0 176 688 556 420 580 602 628 665 648 618 552 242 497 741 530 320 458 478 509 337 206 427 504 376 910 341 173 174 66 243 456 358 381 570 408 285 685 384 177 165 185 375 425 454 588 529 326 68 81 211 -9999 -9999
1508 1281 1120 886 1349 557 345 505 335 48 318 150 41 70 128 296 47 222 36 53 0 0 0 0 0 0 0 0 0 0 682 968 237 300 423 555 506 209 632 448 809 153 138 501 461 420 182 188 75 171 814 693 1431 1014 683 381 130 92 70 0 383 886 415 740 464 512 597 564 181 -9999 278 371 342 596 534 1001 457 252 86 -9999 -9999 -9999
503 471 881 951 755 342 300 934 28 476 38 99 122 76 106 46 435 132 149 56 0 0 0 0 0 0 0 0 0 0 573 910 564 440 347 240 501 95 0 0 0 107 769 509 471 442 75 32 100 0 629 945 1531 1240 355 257 202 175 67 228 294 491 438 874 1084 454 162 333 99 -9999 248 404 900 823 899 1788 1135 228 -9999 -9999 -9999 -9999
1429 1029 508 900 561 812 917 395 725 165 243 304 124 117 142 543 28 741 365 181 47 0 0 0 0 0 0 0 0 0 610 194 48 830 384 618 537 69 78 135 75 777 127 897 608 352 114 193 459 410 1084 1465 1546 1467 630 86 221 208 66 81 107 474 293 741 747 462 297 656 158 -9999 22 560 1331 1234 883 2176 458 -9999 -9999 -9999 -9999 -9999
1272 800 360 263 463 485 655 678 740 194 86 139 46 141 501 277 360 854 585 250 30 55 0 0 0 0 0 0 0 0 168 256 48 856 713 562 328 114 185 343 474 1059 840 445 490 708 430 412 607 754 488 1476 1329 1324 772 0 231 147 260 45 338 302 560 641 778 880 769 872 113 -9999 121 342 666 1469 1807 533 770 -9999 -9999 -9999 -9999 -9999
423 421 1108 673 1021 896 767 765 671 854 491 17 69 163 486 733 1705 1289 1737 897 371 113 29 0 0 0 0 0 0 0 963 256 767 741 380 348 243 61 371 542 588 323 375 538 493 1040 1070 592 387 396 409 823 1528 1339 1196 0 198 137 313 211 344 216 1116 1002 482 88 263 899 581 140 192 733 940 1912 922 535 736 -9999 -9999 -9999 -9999 -9999
245 1266 486 258 817 777 712 276 363 79 553 66 291 331 273 140 462 348 224 515 700 682 512 583 490 0 0 0 0 0 281 170 667 534 398 398 391 258 708 563 553 705 792 446 464 1199 1002 661 213 344 360 556 685 944 652 0 175 215 131 136 218 631 1107 316 263 0 0 480 605 454 162 733 443 316 40 443 561 -9999 -9999 -9999 -9999 -9999
649 318 656 348 57 193 223 132 420 15 0 107 120 119 65 1166 656 598 537 519 606 196 171 1248 1259 1347 1139 0 0 264 42 468 430 437 520 832 721 783 682 672 830 856 480 672 671 656 585 496 241 297 308 216 313 222 185 207 66 61 68 493 300 373 627 1028 881 224 536 868 776 29 -9999 393 412 356 392 451 310 -9999 -9999 -9999 -9999 -9999
145 701 61 303 251 116 327 0 0 97 108 119 0 197 391 528 398 557 529 473 546 562 512 533 449 717 519 130 181 68 740 400 634 414 847 1064 1024 1357 478 442 600 400 1515 957 912 1097 1179 748 265 167 173 254 363 428 292 207 0 93 133 322 495 215 554 908 812 331 1598 1302 1721 189 -9999 663 483 420 596 361 34 598 -9999 -9999 -9999 -9999
345 172 565 250 54 0 0 150 119 119 119 91 293 865 387 436 758 835 649 859 799 459 438 804 528 469 232 713 141 550 786 534 298 908 1090 956 965 1022 609 543 1028 1118 1279 1391 1359 2127 1711 1022 414 473 386 413 393 109 112 76 69 503 155 370 287 643 1415 432 404 682 814 555 940 56 -9999 547 617 260 237 227 376 0 -9999 -9999 -9999 -9999
534 202 0 0 118 150 120 155 156 57 106 717 515 601 552 598 745 715 534 646 258 453 409 475 366 358 236 718 508 650 647 364 209 1364 1104 1086 1149 573 436 770 125 764 452 1231 890 1388 552 666 1160 608 849 881 390 82 85 33 663 48 212 316 374 307 1178 422 768 926 324 780 173 80 -9999 88 479 55 787 209 56 197 -9999 -9999 -9999 -9999
117 165 163 156 154 123 123 71 76 153 197 525 517 681 717 652 557 1102 507 710 551 448 799 457 470 476 472 467 429 444 321 258 378 1219 973 1094 938 821 514 234 414 892 416 586 312 1175 742 835 537 466 368 441 631 377 360 505 119 58 88 255 275 497 853 1002 80 24 56 349 120 198 -9999 68 112 164 153 157 114 200 -9999 -9999 -9999 -9999
366 151 158 157 133 161 0 64 86 589 1057 953 1074 980 756 547 743 809 332 344 407 55 147 114 437 849 895 685 905 545 407 312 237 952 1078 879 488 1184 373 456 348 804 394 1135 578 645 218 491 442 403 382 539 551 384 390 911 196 48 26 303 503 317 416 462 697 212 480 196 437 165 197 193 164 157 126 95 177 222 -9999 -9999 -9999 -9999
542 375 946 561 115 151 0 78 105 768 529 685 1052 527 835 485 523 608 186 471 548 482 321 243 725 364 642 572 1219 851 421 788 188 451 829 862 461 479 511 452 37 0 174 310 713 397 505 470 695 122 387 829 560 70 381 961 264 225 577 160 753 193 408 583 0 170 289 205 339 208 124 12 51 16 490 361 -9999 -9999 -9999 -9999 -9999 -9999
1244 1474 1358 1395 120 179 82 122 585 751 923 631 618 142 250 365 330 749 875 266 34 188 359 294 910 595 742 474 687 1543 320 402 229 589 491 839 669 734 1255 818 0 390 397 65 36 262 464 521 376 354 289 468 904 411 388 500 744 42 488 84 387 552 445 646 451 0 424 86 310 -9999 123 167 -9999 -9999 -9999 -9999 -9999 -9999 -9999 -9999 -9999 -9999
689 606 486 716 494 54 110 38 815 569 711 809 319 55 676 570 350 286 413 421 360 306 402 50 705 654 1394 659 737 201 619 565 186 556 656 896 1216 338 1191 247 225 738 808 0 124 655 527 809 391 177 568 383 378 424 428 490 671 754 20 430 56 199 353 591 749 411 186 60 198 -9999 -9999 -9999 -9999 -9999 -9999 -9999 -9999 -9999 -9999 -9999 -9999 -9999
-9999 -9999 596 312 0 77 422 956 156 310 848 436 90 0 0 131 504 453 213 188 72 125 92 10 469 531 268 533 443 798 417 452 169 208 1076 975 1080 1489 807 133 50 73 542 187 157 770 1020 524 501 489 728 395 82 121 146 94 775 522 35 18 372 380 940 107 71 168 -9999 -9999 -9999 -9999 -9999 -9999 -9999 -9999 -9999 -9999 -9999 -9999 -9999 -9999 -9999 -9999
-9999 -9999 916 1045 897 838 852 382 747 957 667 288 123 61 64 82 115 107 76 555 488 277 303 358 43 502 502 451 408 839 339 375 357 177 770 1282 867 460 502 118 47 46 37 560 235 210 769 282 636 498 430 697 1198 1396 1281 956 373 631 320 342 410 634 922 321 -9999 -9999 -9999 -9999 -9999 -9999 -9999 -9999 -9999 -9999 -9999 -9999 -9999 -9999 -9999 -9999 -9999 -9999
-9999 -9999 -9999 -9999 857 689 121 109 629 69 69 85 72 53 62 79 0 190 63 269 621 1193 104 174 61 0 61 193 491 332 695 564 172 145 305 1132 1131 598 1346 17 60 179 646 380 415 465 844 438 1022 497 873 438 404 878 1346 1600 413 340 476 93 0 -9999 -9999 -9999 -9999 -9999 -9999 -9999 -9999 -9999 -9999 -9999 -9999 -9999 -9999 -9999 -9999 -9999 -9999 -9999 -9999 -9999
