slauniainen/Data/vihti_bm_lehtip_neulaset.asc
ncols         196
nrows         178
xllcorner     353680
yllcorner     6699024
cellsize      16
NODATA_value  -9999
[rows 74 to 110 of 178, columns 82 to 163 of 196]
137 122 152 266 324 361 339 144 216 231 195 219 430 104 193 13 116 53 48 25 16 89 112 81 95 17 128 186 112 75 43 -9999 241 212 323 15 156 249 197 215 99 -9999 -9999 -9999 -9999 -9999 -9999 -9999 -9999 -9999 -9999 -9999 -9999 -9999 -9999 -9999 -9999 -9999 -9999 -9999 -9999 -9999 -9999 -9999 -9999 -9999 -9999 -9999 -9999 -9999 -9999 151 115 60 114 107 138 24 80 67 271 15
222 351 338 221 316 389 396 290 214 134 280 205 344 106 105 272 15 116 81 12 58 113 306 100 198 207 0 66 56 136 213 -9999 329 96 130 71 34 71 56 102 212 123 -9999 -9999 -9999 -9999 -9999 -9999 -9999 -9999 -9999 -9999 -9999 -9999 -9999 -9999 -9999 -9999 -9999 -9999 -9999 -9999 -9999 -9999 -9999 -9999 -9999 -9999 -9999 -9999 -9999 -9999 125 185 45 105 85 54 101 97 -9999 0
359 247 288 258 265 299 257 232 389 289 242 238 244 151 30 0 144 61 13 8 95 19 37 144 0 0 36 26 62 60 111 149 -9999 -9999 -9999 36 61 0 40 0 102 81 38 64 -9999 -9999 -9999 -9999 27 64 -9999 -9999 -9999 -9999 -9999 -9999 -9999 -9999 -9999 22 74 -9999 -9999 -9999 -9999 -9999 -9999 -9999 19 158 53 37 47 43 77 118 120 126 30 101 130 -9999
165 108 258 186 155 157 159 333 294 176 192 160 181 192 75 15 0 18 197 95 0 0 25 7 0 8 93 19 16 9 78 162 136 48 0 42 -9999 -9999 -9999 -9999 195 38 67 71 18 -9999 57 103 15 11 -9999 -9999 -9999 -9999 -9999 -9999 -9999 284 30 125 101 59 54 82 120 32 16 0 77 49 22 178 113 95 36 65 119 119 78 219 -9999 -9999
169 202 224 303 154 101 132 162 210 95 177 70 56 228 182 77 36 0 0 0 0 0 91 8 23 26 39 29 21 0 85 117 90 89 38 115 15 -9999 -9999 -9999 139 61 145 13 65 60 77 55 22 22 19 17 57 -9999 -9999 -9999 238 223 86 142 123 20 57 133 157 14 49 24 31 94 15 102 68 61 104 71 76 85 80 -9999 -9999 -9999
179 168 245 143 378 168 295 179 156 251 37 73 238 136 137 83 26 12 87 14 22 24 28 0 27 70 34 14 9 0 61 89 82 15 119 114 75 0 -9999 -9999 2 336 66 33 69 22 37 21 21 21 24 18 10 27 27 198 165 248 105 158 23 101 0 22 31 76 5 16 69 51 37 112 72 47 68 62 69 77 103 -9999 73 -9999
116 424 308 234 175 154 205 231 229 269 280 228 217 205 369 209 56 19 26 11 0 10 11 12 0 21 10 11 62 57 107 133 134 15 101 68 11 7 0 0 0 0 19 42 16 64 19 11 13 18 24 21 20 27 96 182 119 116 178 131 134 18 130 28 53 56 21 11 104 45 34 29 27 62 127 99 38 75 141 203 -9999 -9999
13 150 184 242 238 275 230 279 248 253 288 359 310 224 243 154 33 23 118 191 48 61 66 66 31 23 93 73 134 136 94 247 92 29 40 123 31 223 257 117 -9999 0 15 38 112 66 47 12 15 18 32 30 29 33 105 67 0 13 169 9 75 92 116 127 37 42 74 107 41 55 120 0 20 30 30 35 30 -9999 -9999 255 -9999 -9999
25 39 132 175 238 127 271 209 253 240 245 290 333 194 39 113 87 202 0 32 66 22 72 21 36 135 253 234 261 211 181 232 104 31 210 29 64 106 45 9 295 -9999 0 102 0 32 53 19 21 15 21 29 68 75 35 -9999 -9999 -9999 47 60 53 53 59 69 51 19 0 7 99 65 60 37 13 32 75 -9999 -9999 -9999 -9999 -9999 0 -9999
-9999 0 183 89 38 121 89 210 249 204 303 289 269 209 60 147 144 68 175 4 89 149 142 15 28 374 203 92 94 139 105 144 100 80 249 54 71 16 54 96 58 0 -9999 46 9 187 133 106 98 44 15 42 141 166 -9999 -9999 -9999 -9999 33 75 80 69 61 49 37 68 73 80 110 66 92 67 19 108 400 0 -9999 -9999 -9999 -9999 0 -9999
-9999 -9999 -9999 -9999 112 78 131 210 241 172 289 294 357 359 203 108 180 192 144 273 83 188 313 244 27 6 285 101 196 77 0 13 36 75 140 108 59 16 39 60 74 189 -9999 71 10 195 176 219 138 36 54 44 74 81 -9999 -9999 -9999 -9999 -9999 109 94 50 83 65 73 60 33 92 102 78 68 73 66 111 12 0 -9999 -9999 -9999 0 -9999 -9999
-9999 -9999 -9999 -9999 -9999 -9999 -9999 224 231 269 368 246 247 277 292 349 327 202 188 267 287 261 197 51 0 0 22 -9999 -9999 -9999 -9999 -9999 15 72 62 22 154 46 0 15 19 0 59 -9999 22 121 146 17 0 -9999 51 192 106 -9999 -9999 33 10 -9999 -9999 69 176 56 84 104 95 28 63 94 103 105 75 182 323 10 15 -9999 0 -9999 46 -9999 -9999 -9999
-9999 -9999 -9999 -9999 -9999 -9999 -9999 207 230 286 342 78 190 263 293 292 291 216 214 256 94 264 446 52 72 163 72 198 -9999 -9999 -9999 -9999 -9999 31 0 97 0 12 252 158 172 0 38 84 27 23 0 -9999 -9999 -9999 97 252 118 -9999 60 58 29 -9999 -9999 -9999 46 80 105 125 93 84 93 85 67 94 308 10 61 -9999 -9999 -9999 -9999 -9999 -9999 -9999 -9999 -9999
-9999 -9999 -9999 -9999 -9999 -9999 -9999 250 246 251 373 92 98 99 253 360 268 240 201 240 87 60 55 271 60 58 292 188 68 170 14 0 13 6 0 0 23 0 0 0 0 29 45 35 -9999 36 19 -9999 -9999 -9999 -9999 80 279 227 144 265 273 279 -9999 -9999 85 41 154 258 134 112 90 30 71 -9999 -9999 -9999 173 -9999 -9999 -9999 0 -9999 -9999 -9999 -9999 -9999
-9999 -9999 -9999 -9999 -9999 -9999 104 223 237 229 277 144 94 74 114 320 335 268 314 148 89 100 19 15 21 230 117 97 248 94 21 48 143 0 66 96 80 57 31 15 24 55 0 35 -9999 35 15 -9999 -9999 -9999 -9999 -9999 101 16 67 293 215 260 197 63 -9999 -9999 0 67 141 142 214 222 288 -9999 -9999 -9999 -9999 -9999 -9999 -9999 65 -9999 -9999 -9999 -9999 -9999
0 -9999 -9999 -9999 -9999 -9999 52 190 214 247 236 144 36 12 66 250 261 268 376 93 79 30 75 79 31 105 187 167 64 225 107 40 43 13 123 416 120 36 12 19 9 0 0 7 23 59 18 25 -9999 -9999 -9999 -9999 61 -9999 -9999 0 0 199 0 -9999 -9999 -9999 -9999 153 3 388 179 112 217 -9999 -9999 -9999 -9999 -9999 -9999 197 231 -9999 -9999 -9999 -9999 -9999
18 115 -9999 -9999 -9999 -9999 0 101 222 225 235 156 12 16 10 137 190 263 224 73 44 58 64 63 166 37 146 49 67 85 286 54 6 0 107 21 86 98 74 40 19 56 53 19 45 -9999 0 159 -9999 -9999 -9999 -9999 -9999 -9999 -9999 -9999 0 0 -9999 -9999 -9999 -9999 -9999 -9999 -9999 -9999 31 78 209 163 -9999 -9999 -9999 -9999 164 -9999 210 307 -9999 -9999 -9999 -9999
-9999 82 -9999 -9999 -9999 -9999 -9999 13 151 243 183 216 26 37 10 34 204 205 197 262 66 40 30 68 133 17 92 82 146 111 89 45 39 0 2 209 129 213 104 46 34 25 0 247 190 221 242 172 91 -9999 -9999 -9999 -9999 -9999 -9999 -9999 -9999 -9999 -9999 -9999 -9999 -9999 -9999 -9999 -9999 -9999 -9999 -9999 0 0 -9999 -9999 -9999 145 323 -9999 -9999 -9999 -9999 -9999 -9999 -9999
16 85 -9999 -9999 -9999 -9999 -9999 -9999 198 213 194 41 60 0 6 33 96 194 248 263 89 148 29 26 33 27 114 117 89 35 75 112 0 0 0 180 92 75 126 63 34 32 64 261 257 189 -9999 166 67 -9999 -9999 -9999 -9999 -9999 -9999 -9999 -9999 -9999 -9999 -9999 -9999 -9999 -9999 -9999 -9999 -9999 -9999 -9999 -9999 -9999 -9999 138 -9999 0 14 103 -9999 -9999 -9999 -9999 -9999 -9999
17 77 -9999 -9999 -9999 -9999 -9999 -9999 214 204 126 48 77 73 40 0 30 286 189 279 107 79 93 33 51 34 34 32 28 24 103 0 0 17 57 47 9 11 16 9 18 75 74 112 109 219 252 -9999 66 -9999 -9999 -9999 -9999 -9999 -9999 -9999 -9999 -9999 -9999 -9999 -9999 -9999 -9999 -9999 -9999 -9999 -9999 -9999 -9999 -9999 -9999 -9999 0 -9999 0 110 -9999 -9999 -9999 -9999 -9999 -9999
215 89 -9999 -9999 -9999 -9999 -9999 247 178 41 26 0 0 0 0 40 4 111 258 370 421 196 23 16 36 17 31 23 63 56 15 39 25 15 17 26 30 29 15 22 7 75 120 87 165 151 162 294 -9999 -9999 -9999 -9999 -9999 -9999 -9999 -9999 -9999 -9999 -9999 -9999 -9999 -9999 -9999 -9999 -9999 -9999 -9999 -9999 -9999 -9999 -9999 -9999 -9999 -9999 -9999 -9999 -9999 -9999 -9999 -9999 -9999 -9999
27 22 -9999 -9999 -9999 -9999 249 236 141 24 64 0 0 0 0 19 37 11 269 288 391 232 124 24 3 20 19 16 11 22 26 25 0 12 0 9 11 12 12 22 0 25 55 25 165 357 144 170 261 43 -9999 -9999 -9999 -9999 -9999 -9999 -9999 -9999 -9999 -9999 -9999 -9999 -9999 -9999 -9999 -9999 -9999 -9999 -9999 -9999 -9999 -9999 -9999 -9999 -9999 -9999 -9999 -9999 -9999 -9999 -9999 -9999
0 -9999 -9999 -9999 -9999 186 193 127 37 0 0 0 0 0 0 0 41 31 33 266 266 242 129 0 5 37 14 65 83 52 104 170 95 34 70 95 79 35 30 65 170 72 145 53 139 712 404 637 337 -9999 -9999 -9999 -9999 -9999 -9999 -9999 -9999 -9999 -9999 -9999 -9999 -9999 -9999 -9999 -9999 -9999 -9999 -9999 -9999 -9999 -9999 -9999 -9999 -9999 -9999 -9999 -9999 -9999 -9999 -9999 -9999 -9999
-9999 -9999 -9999 171 236 232 172 47 58 0 0 0 0 0 0 0 0 47 16 221 272 170 156 99 56 61 30 103 77 98 65 345 116 91 220 461 473 197 169 103 63 30 14 44 87 203 644 557 606 373 -9999 -9999 -9999 -9999 -9999 -9999 -9999 -9999 -9999 -9999 -9999 -9999 -9999 -9999 -9999 -9999 -9999 -9999 -9999 -9999 -9999 -9999 -9999 -9999 -9999 -9999 -9999 -9999 -9999 -9999 -9999 -9999
-9999 255 202 189 239 152 52 59 0 0 0 0 0 0 0 0 0 70 35 51 189 116 135 100 73 74 102 80 27 106 59 205 301 261 29 25 26 28 29 99 70 9 11 12 38 128 467 520 720 426 116 -9999 -9999 -9999 -9999 -9999 -9999 -9999 -9999 -9999 -9999 -9999 -9999 -9999 -9999 -9999 -9999 -9999 -9999 -9999 -9999 -9999 -9999 -9999 -9999 -9999 -9999 -9999 -9999 -9999 -9999 -9999
143 142 230 202 197 85 35 74 0 0 0 0 0 0 0 0 0 73 0 36 160 173 220 151 71 132 191 220 28 63 30 187 52 105 81 80 56 318 282 272 118 35 49 29 31 133 441 615 539 171 177 278 -9999 -9999 -9999 -9999 -9999 -9999 -9999 -9999 -9999 -9999 -9999 -9999 -9999 -9999 -9999 -9999 -9999 -9999 -9999 -9999 -9999 -9999 -9999 -9999 -9999 -9999 -9999 -9999 -9999 -9999
43 160 225 207 78 45 6 0 0 0 0 16 41 34 0 0 0 16 54 47 23 238 186 269 287 156 233 277 162 24 117 131 120 56 79 80 206 257 256 284 259 262 60 95 86 138 280 424 196 204 261 256 50 -9999 -9999 -9999 -9999 -9999 -9999 -9999 -9999 -9999 -9999 -9999 -9999 -9999 -9999 -9999 -9999 -9999 -9999 -9999 -9999 -9999 -9999 -9999 -9999 -9999 -9999 -9999 -9999 -9999
16 0 141 154 34 14 66 0 0 0 19 75 25 74 35 0 0 0 36 56 49 210 264 186 89 235 145 232 113 58 59 58 115 105 254 231 202 183 208 190 138 221 214 245 71 136 198 197 218 201 245 97 143 214 -9999 -9999 -9999 -9999 -9999 -9999 -9999 -9999 -9999 -9999 -9999 -9999 -9999 -9999 -9999 -9999 -9999 -9999 -9999 -9999 -9999 -9999 -9999 -9999 -9999 -9999 -9999 -9999
-9999 -9999 63 232 45 73 0 0 0 0 77 60 45 75 42 0 0 0 0 19 56 75 43 173 174 237 236 342 328 127 98 237 239 255 191 169 246 210 254 276 124 171 197 225 250 164 173 115 77 79 136 234 56 14 97 -9999 -9999 -9999 -9999 -9999 -9999 -9999 -9999 -9999 -9999 -9999 -9999 -9999 -9999 -9999 -9999 -9999 -9999 -9999 -9999 -9999 -9999 -9999 -9999 -9999 -9999 -9999
-9999 -9999 64 233 37 40 0 0 0 0 44 78 41 18 15 0 0 0 0 0 41 54 89 61 77 171 193 161 619 198 262 253 198 201 169 197 171 172 212 257 234 248 144 204 255 206 101 90 103 95 73 177 118 24 82 87 -9999 -9999 -9999 -9999 -9999 -9999 -9999 -9999 -9999 -9999 -9999 -9999 -9999 -9999 -9999 -9999 -9999 -9999 -9999 -9999 -9999 -9999 -9999 -9999 -9999 -9999
-9999 -9999 109 207 69 38 0 0 0 0 41 44 39 0 0 0 0 0 0 0 0 0 0 0 36 60 123 118 204 186 187 213 228 233 237 210 217 224 156 223 235 310 333 183 190 188 258 229 161 112 66 128 223 38 145 131 -9999 -9999 -9999 -9999 -9999 -9999 -9999 -9999 -9999 -9999 -9999 -9999 -9999 -9999 -9999 -9999 -9999 -9999 -9999 -9999 -9999 -9999 -9999 -9999 -9999 182
-9999 -9999 181 203 23 58 0 0 0 0 15 70 41 0 0 0 0 0 0 0 0 0 0 0 0 75 71 40 173 218 233 221 219 237 229 238 286 285 271 265 139 154 224 322 206 249 195 200 175 265 170 216 215 28 162 156 61 -9999 -9999 -9999 -9999 -9999 -9999 -9999 -9999 -9999 -9999 -9999 -9999 -9999 -9999 -9999 -9999 -9999 -9999 -9999 -9999 -9999 -9999 -9999 -9999 462
-9999 -9999 145 199 52 90 75 0 0 0 0 0 0 0 0 0 0 0 0 0 0 0 0 0 0 0 51 61 44 33 28 31 65 70 208 236 228 254 238 213 191 215 273 265 266 216 230 224 214 201 206 200 191 218 100 128 134 80 -9999 -9999 -9999 -9999 -9999 -9999 -9999 -9999 -9999 -9999 -9999 -9999 -9999 -9999 -9999 -9999 -9999 -9999 -9999 -9999 -9999 -9999 -9999 254
-9999 -9999 170 240 141 44 44 0 0 0 0 0 0 0 0 0 0 0 0 0 0 0 0 0 0 0 0 0 80 75 58 59 47 53 42 66 137 235 239 230 250 233 232 162 197 249 209 208 208 213 206 122 119 160 186 129 119 294 36 -9999 -9999 -9999 -9999 -9999 -9999 -9999 -9999 -9999 -9999 -9999 -9999 -9999 -9999 -9999 -9999 -9999 -9999 -9999 -9999 -9999 -9999 -9999
-9999 184 197 280 156 4 23 73 0 0 0 0 20 33 0 0 0 0 0 0 0 0 0 0 0 0 0 0 0 0 0 0 77 53 60 36 36 45 45 65 168 220 218 217 220 216 215 217 222 183 118 169 214 227 202 245 234 237 197 92 -9999 -9999 -9999 -9999 -9999 -9999 -9999 -9999 -9999 -9999 -9999 -9999 -9999 -9999 -9999 -9999 -9999 -9999 -9999 -9999 -9999 100
-9999 227 193 225 221 218 209 73 57 42 41 54 15 41 0 0 0 0 0 0 0 0 0 0 0 0 0 0 0 0 0 0 0 45 73 60 60 55 52 16 38 67 92 151 197 183 152 133 142 188 193 192 213 267 249 250 232 192 236 466 411 0 -9999 -9999 -9999 -9999 -9999 -9999 -9999 -9999 -9999 -9999 -9999 -9999 -9999 -9999 -9999 -9999 -9999 132 81 69
56 208 254 359 372 213 249 157 43 62 43 0 21 44 0 0 0 0 0 0 0 0 0 0 0 0 0 0 0 0 0 0 0 0 47 47 40 0 0 61 0 11 203 307 323 192 25 20 44 45 99 138 109 147 236 245 201 259 276 207 245 -9999 -9999 -9999 -9999 -9999 -9999 -9999 -9999 -9999 -9999 -9999 -9999 -9999 -9999 -9999 -9999 -9999 -9999 129 50 29
