slauniainen/Data/vihti_bm_lehtip_neulaset.asc
ncols         196
nrows         178
xllcorner     353680
yllcorner     6699024
cellsize      16
NODATA_value  -9999
[rows 111 to 147 of 178, columns 82 to 163 of 196]
97 361 250 191 105 112 80 217 179 207 187 111 19 87 0 0 0 0 0 0 0 0 0 0 0 0 0 0 0 0 0 0 0 0 0 0 0 0 0 46 72 39 25 91 282 336 54 19 14 51 48 146 107 145 195 274 273 240 231 424 201 62 -9999 -9999 -9999 -9999 -9999 -9999 -9999 -9999 -9999 -9999 -9999 -9999 -9999 -9999 -9999 -9999 52 98 0 0
66 73 138 90 104 122 87 81 7 32 98 223 58 71 0 0 0 0 0 0 0 0 0 0 0 0 0 0 0 0 0 0 0 0 0 0 0 0 0 80 87 34 52 78 140 321 53 0 14 14 42 44 121 140 195 254 201 174 391 137 136 123 57 -9999 -9999 -9999 -9999 -9999 -9999 -9999 -9999 -9999 -9999 -9999 -9999 -9999 -9999 -9999 -9999 134 0 11
138 83 38 57 60 35 24 31 53 140 256 348 292 84 18 0 0 0 0 0 0 0 0 0 0 0 0 0 0 0 0 0 0 0 0 0 0 77 82 61 29 42 168 115 156 206 197 29 18 48 25 34 191 263 253 259 248 369 252 44 61 34 129 59 -9999 -9999 -9999 -9999 -9999 -9999 -9999 -9999 -9999 -9999 -9999 -9999 -9999 175 162 48 37 141
82 133 49 172 92 31 61 98 115 120 21 167 329 91 50 0 0 0 0 0 0 0 0 0 0 0 0 0 0 0 0 0 0 0 0 0 0 100 47 44 181 73 151 187 81 93 314 75 88 62 12 50 256 221 191 287 379 79 119 120 80 41 70 35 23 -9999 -9999 -9999 -9999 -9999 -9999 -9999 -9999 -9999 -9999 -9999 -9999 190 117 5 38 145
115 110 97 135 123 0 41 97 112 81 135 124 235 65 53 0 0 0 0 0 0 0 0 0 0 0 0 0 0 0 0 0 0 0 0 0 97 19 87 20 45 26 163 132 86 159 106 99 85 77 55 139 130 200 204 271 193 103 40 47 76 79 134 90 82 78 -9999 -9999 -9999 -9999 -9999 -9999 -9999 -9999 -9999 -9999 146 165 130 6 66 175
99 108 118 93 97 74 0 32 29 105 219 319 131 88 75 0 0 0 0 0 0 0 0 0 0 0 0 0 0 0 0 0 0 0 41 0 13 73 110 120 96 108 142 119 79 124 130 69 17 53 89 61 287 282 395 423 205 143 50 58 112 57 35 38 71 42 91 -9999 -9999 -9999 -9999 -9999 -9999 -9999 -9999 -9999 183 163 5 0 55 59
127 132 141 133 131 60 19 32 126 110 98 93 318 97 57 0 0 0 0 0 0 0 0 0 0 0 0 0 0 0 0 0 0 67 18 76 49 63 73 138 116 220 86 11 30 62 29 79 93 28 21 58 64 219 336 331 96 87 52 54 68 46 101 75 68 53 102 -9999 -9999 -9999 -9999 -9999 -9999 -9999 -9999 148 172 131 6 117 83 193
79 46 24 16 55 54 16 36 75 149 92 211 259 67 73 0 0 0 0 0 0 0 0 0 0 0 0 0 0 0 0 0 0 5 36 59 56 111 87 128 50 128 77 92 73 89 78 49 42 11 31 4 53 196 176 163 108 93 62 64 123 103 73 79 67 62 105 64 -9999 85 -9999 -9999 -9999 49 156 158 125 8 122 118 127 132
101 17 13 13 38 66 62 57 27 32 135 150 211 158 53 0 0 0 0 0 0 0 0 0 0 0 0 0 0 0 0 0 44 0 83 111 137 25 81 76 64 49 69 77 73 70 63 56 56 55 67 22 160 137 214 219 229 151 49 47 190 262 162 166 58 105 198 42 58 49 56 95 132 182 172 87 31 126 91 92 74 151
142 140 5 5 138 17 62 20 53 119 34 204 270 137 69 73 0 0 0 0 0 0 0 0 0 0 0 0 0 0 0 0 63 0 119 70 68 146 61 46 20 26 26 75 71 68 66 63 61 63 66 74 67 103 114 131 100 271 191 181 166 198 199 202 170 183 286 55 55 41 136 102 117 95 5 120 117 114 94 89 103 138
176 241 16 143 11 17 23 11 76 125 48 147 141 145 72 47 0 0 0 0 0 0 0 0 0 0 0 0 0 0 0 0 54 63 25 119 128 78 31 26 107 26 26 71 69 64 58 24 24 57 61 62 88 58 74 119 189 352 197 243 304 295 284 386 187 148 298 144 149 49 168 218 90 114 114 174 87 132 111 98 139 228
112 22 12 53 320 26 9 97 46 115 17 275 163 144 90 73 0 0 0 0 0 0 0 0 0 0 0 0 0 0 0 0 53 83 206 48 68 53 26 27 17 26 27 73 74 56 11 80 95 22 26 63 69 73 77 75 105 101 156 85 145 135 142 190 153 187 203 197 -9999 67 115 117 117 113 178 80 39 169 111 93 138 267
27 25 34 100 39 18 33 69 5 60 45 93 84 202 134 58 0 0 0 0 0 0 0 0 0 0 0 0 0 0 0 0 17 124 184 59 22 46 85 60 71 81 63 63 63 25 6 118 121 19 24 27 61 52 23 95 52 8 119 93 138 115 138 103 87 96 29 154 60 123 76 108 170 71 74 41 69 84 47 122 202 -9999
6 8 24 23 15 0 0 38 22 42 171 87 108 203 37 23 0 0 0 0 0 0 0 0 0 0 0 0 0 0 0 60 31 80 113 96 34 24 111 105 137 169 103 69 170 60 14 93 182 80 0 0 42 71 135 191 105 104 51 168 56 68 47 126 214 120 91 104 68 125 122 112 81 81 112 64 72 131 57 148 40 -9999
14 14 23 25 15 3 25 9 42 60 80 75 100 229 90 70 0 0 0 0 0 0 0 0 0 0 0 0 0 0 32 16 66 52 132 54 133 114 51 123 134 238 176 139 153 222 19 27 118 21 112 117 142 111 140 191 102 102 47 70 51 64 146 124 121 114 97 110 118 120 89 85 63 54 52 131 105 51 147 111 -9999 -9999
10 4 16 31 14 24 35 39 35 141 75 206 183 170 143 14 15 0 0 0 0 0 0 0 0 0 0 0 0 0 74 80 34 70 203 130 150 241 109 76 52 44 41 59 91 227 20 19 20 16 15 56 35 40 108 197 57 55 61 61 13 0 105 50 182 137 146 66 111 -9999 117 69 132 30 32 180 121 225 222 -9999 -9999 -9999
144 127 141 27 44 33 83 12 64 99 178 167 204 168 141 167 49 75 0 0 0 0 0 0 0 0 0 0 0 0 76 164 213 90 219 176 154 109 136 103 126 135 103 210 141 156 15 8 14 42 30 14 30 56 203 65 100 99 44 157 0 0 115 140 23 168 226 114 88 -9999 105 138 127 29 69 13 24 102 -9999 -9999 -9999 -9999
3 18 93 14 41 8 5 83 59 121 160 183 203 186 209 318 327 47 42 0 0 0 0 0 0 0 0 0 0 0 63 217 179 107 211 131 56 113 131 106 70 132 231 108 123 306 4 25 25 32 49 45 39 56 44 18 159 114 44 146 175 37 187 50 117 168 223 106 79 -9999 74 146 13 34 33 11 20 -9999 -9999 -9999 -9999 -9999
22 74 116 27 54 77 72 78 83 116 147 237 174 203 186 255 101 116 29 40 0 0 0 0 0 0 0 0 0 0 82 221 180 102 143 128 117 86 101 84 178 101 76 152 109 33 20 130 121 45 52 65 6 25 36 63 167 28 55 149 164 366 115 207 136 121 144 85 121 -9999 132 56 142 8 11 44 45 -9999 -9999 -9999 -9999 -9999
104 80 81 82 65 84 97 61 69 100 247 195 300 274 133 154 70 61 50 19 41 0 0 0 0 0 0 0 0 0 82 139 62 138 100 158 179 171 59 51 81 150 112 83 105 6 0 92 88 48 48 34 60 61 21 61 159 68 40 117 33 124 93 123 56 79 63 68 82 92 99 58 102 17 152 145 77 -9999 -9999 -9999 -9999 -9999
56 86 108 114 93 85 86 107 61 108 304 183 51 41 0 54 83 23 150 127 21 20 79 69 52 0 0 0 0 0 206 123 148 131 76 54 54 44 27 60 69 82 102 161 155 22 11 12 5 8 9 4 118 50 40 34 162 165 66 48 32 11 104 91 60 24 24 45 50 70 101 158 88 61 115 266 109 -9999 -9999 -9999 -9999 -9999
58 51 82 100 92 157 166 210 194 59 144 18 65 117 54 39 16 65 59 24 80 67 88 21 20 72 75 0 0 183 117 117 209 128 74 88 72 66 90 86 63 39 189 211 213 193 130 23 27 0 0 28 7 4 42 71 110 82 54 109 23 123 116 66 60 65 87 72 46 77 -9999 98 92 142 217 298 104 -9999 -9999 -9999 -9999 -9999
120 5 39 102 96 194 109 24 29 49 19 61 0 88 168 64 57 79 82 56 21 31 30 18 188 138 73 117 173 110 96 181 49 82 76 60 62 50 74 108 46 105 11 20 33 47 43 12 0 0 0 0 0 33 47 73 52 95 18 22 22 15 47 87 85 83 12 28 25 23 -9999 64 43 47 139 317 271 294 -9999 -9999 -9999 -9999
66 103 140 47 9 103 47 38 80 61 63 62 88 50 188 62 94 65 53 91 60 58 136 63 132 177 234 89 111 98 144 119 67 64 59 67 64 55 30 117 103 50 126 65 0 21 8 36 12 49 29 0 0 14 39 18 64 13 13 12 11 0 90 83 54 81 139 73 209 126 -9999 110 67 69 268 234 242 280 -9999 -9999 -9999 -9999
59 104 51 34 77 38 76 81 84 0 49 77 62 31 79 81 92 51 131 110 136 106 76 68 74 69 177 141 133 72 112 156 63 50 59 59 55 48 71 136 101 160 113 50 5 14 10 50 23 52 24 52 39 9 17 20 14 61 31 0 0 4 36 107 228 230 85 142 134 74 -9999 28 194 166 253 131 173 111 -9999 -9999 -9999 -9999
243 295 80 82 81 62 63 47 37 264 75 5 31 42 44 80 72 51 160 136 135 124 126 109 83 83 83 81 129 194 111 114 23 26 26 58 71 48 165 137 231 87 96 25 72 104 15 51 133 11 47 23 31 17 18 22 129 190 38 10 0 3 35 108 162 147 117 125 105 93 -9999 131 253 192 209 304 177 18 -9999 -9999 -9999 -9999
105 169 170 92 141 45 6 0 56 68 77 13 35 34 35 312 106 84 164 138 136 130 102 118 83 138 158 96 103 63 110 111 72 20 57 77 21 81 53 139 104 198 117 26 58 166 37 50 47 42 87 46 56 18 16 23 40 161 41 0 0 0 56 152 367 147 98 129 160 229 250 131 149 161 180 408 248 101 -9999 -9999 -9999 -9999
144 223 41 63 266 37 6 30 122 100 115 23 109 173 52 182 31 255 254 69 184 190 283 295 55 51 77 91 76 170 140 130 188 0 45 70 106 272 90 42 296 227 222 160 11 44 82 22 11 21 49 22 35 10 15 29 61 84 40 8 0 38 111 100 199 229 155 254 451 163 145 159 156 161 179 130 -9999 -9999 -9999 -9999 -9999 -9999
34 56 15 123 95 98 29 245 83 120 117 75 54 107 242 231 159 157 164 120 31 50 56 81 136 126 98 117 139 29 93 127 179 40 0 48 54 60 110 150 301 185 351 96 51 62 75 54 0 0 9 23 25 15 0 57 101 60 22 18 14 21 106 161 120 262 189 458 145 -9999 327 383 -9999 -9999 -9999 -9999 -9999 -9999 -9999 -9999 -9999 -9999
122 23 81 66 61 29 8 67 53 62 44 50 75 232 349 332 223 227 173 307 441 304 176 76 126 48 60 59 28 82 93 187 48 147 127 50 35 92 18 95 205 241 220 103 71 68 125 22 39 0 0 11 99 44 0 62 25 19 15 19 11 56 48 136 38 107 264 483 246 -9999 -9999 -9999 -9999 -9999 -9999 -9999 -9999 -9999 -9999 -9999 -9999 -9999
-9999 -9999 75 71 102 104 155 67 84 74 86 138 246 362 151 274 358 443 469 296 193 189 323 489 70 113 83 118 101 183 242 335 80 229 77 20 24 29 153 150 213 138 278 265 130 187 76 125 31 52 10 10 25 22 29 17 48 18 0 14 13 15 26 0 23 136 -9999 -9999 -9999 -9999 -9999 -9999 -9999 -9999 -9999 -9999 -9999 -9999 -9999 -9999 -9999 -9999
-9999 -9999 84 48 153 98 172 172 169 77 213 497 338 287 287 325 366 326 193 0 59 63 90 62 97 342 210 173 201 214 220 203 181 67 129 31 16 169 102 224 121 208 225 101 96 199 65 91 69 91 70 27 13 17 88 35 39 26 16 15 21 30 26 9 -9999 -9999 -9999 -9999 -9999 -9999 -9999 -9999 -9999 -9999 -9999 -9999 -9999 -9999 -9999 -9999 -9999 -9999
-9999 -9999 -9999 -9999 117 177 168 463 315 274 272 354 293 286 313 286 342 388 403 25 46 81 47 103 0 30 318 437 139 54 180 174 168 190 219 17 4 108 49 137 121 109 90 152 121 123 95 122 74 61 140 167 0 9 0 36 13 36 13 75 81 -9999 -9999 -9999 -9999 -9999 -9999 -9999 -9999 -9999 -9999 -9999 -9999 -9999 -9999 -9999 -9999 -9999 -9999 -9999 -9999 -9999
-9999 -9999 -9999 -9999 81 200 293 204 363 351 349 258 194 265 213 166 426 140 48 98 25 21 125 41 0 0 60 164 16 93 110 262 344 147 188 77 15 65 151 125 107 197 164 63 44 73 33 61 76 83 131 56 40 11 0 40 0 41 -9999 -9999 -9999 -9999 -9999 -9999 -9999 -9999 -9999 -9999 -9999 -9999 -9999 -9999 -9999 -9999 -9999 -9999 -9999 -9999 -9999 -9999 -9999 -9999
-9999 -9999 -9999 -9999 -9999 162 229 232 213 280 190 262 95 252 278 160 76 71 28 30 41 30 150 205 44 27 0 149 140 64 136 185 223 105 103 77 17 25 69 214 74 213 120 78 72 112 38 22 76 8 50 105 53 22 0 -9999 -9999 -9999 -9999 -9999 -9999 -9999 -9999 -9999 -9999 -9999 -9999 -9999 -9999 -9999 -9999 -9999 -9999 -9999 -9999 -9999 -9999 -9999 -9999 -9999 -9999 -9999
-9999 -9999 -9999 -9999 78 298 362 218 187 279 268 250 92 266 113 144 205 104 106 63 81 74 155 178 210 61 14 43 104 117 125 184 70 178 64 135 8 38 111 107 103 82 162 197 41 144 151 194 36 35 170 100 -9999 -9999 -9999 -9999 -9999 -9999 -9999 -9999 -9999 -9999 -9999 -9999 -9999 -9999 -9999 -9999 -9999 -9999 -9999 -9999 -9999 -9999 -9999 -9999 -9999 -9999 -9999 -9999 -9999 -9999
-9999 -9999 -9999 -9999 212 214 109 177 176 88 126 113 140 48 93 147 74 66 54 22 51 59 177 91 11 46 49 180 94 95 208 356 47 120 37 28 29 43 105 53 60 157 167 177 115 127 129 172 78 -9999 -9999 -9999 -9999 -9999 -9999 -9999 -9999 -9999 -9999 -9999 -9999 -9999 -9999 -9999 -9999 -9999 -9999 -9999 -9999 -9999 -9999 -9999 -9999 -9999 -9999 -9999 -9999 -9999 -9999 -9999 -9999 -9999
