slauniainen/Data/vihti_bm_manty_juuret.asc
ncols         196
nrows         178
xllcorner     353680
yllcorner     6699024
cellsize      16
NODATA_value  -9999
[rows 72 to 107 of 178, columns 82 to 163 of 196]
0 0 249 132 53 48 101 29 119 120 180 80 169 127 1011 1085 1075 844 796 104 93 299 199 737 202 24 0 0 0 257 -9999 8 0 0 193 0 0 27 -9999 -9999 -9999 -9999 -9999 -9999 -9999 -9999 -9999 -9999 -9999 -9999 -9999 -9999 -9999 -9999 -9999 -9999 -9999 -9999 -9999 -9999 -9999 -9999 -9999 -9999 -9999 -9999 -9999 -9999 -9999 -9999 -9999 -9999 764 208 593 245 502 588 670 150 -9999 -9999
0 207 59 132 0 42 47 0 0 150 110 311 0 48 411 768 882 670 1398 205 46 1153 968 1534 156 43 407 430 1012 785 193 78 33 0 0 56 60 98 48 -9999 -9999 -9999 -9999 -9999 -9999 -9999 -9999 -9999 -9999 -9999 -9999 -9999 -9999 -9999 -9999 -9999 -9999 -9999 -9999 -9999 -9999 -9999 -9999 -9999 -9999 -9999 -9999 -9999 -9999 -9999 -9999 -9999 325 740 990 408 257 27 150 213 149 -9999
216 0 119 145 125 114 120 116 0 0 0 77 11 210 119 0 764 1036 1604 1035 532 1578 946 683 152 341 0 92 86 40 28 -9999 40 33 250 0 81 74 98 154 154 -9999 -9999 -9999 -9999 -9999 -9999 -9999 -9999 -9999 -9999 -9999 -9999 -9999 -9999 -9999 -9999 -9999 -9999 -9999 -9999 -9999 -9999 -9999 -9999 -9999 -9999 -9999 -9999 -9999 -9999 426 297 1004 688 746 375 118 635 224 154 979
0 287 231 0 160 88 72 0 0 103 0 93 10 244 411 300 0 897 488 436 248 32 0 0 70 178 91 58 0 0 69 -9999 287 76 12 0 119 0 0 51 180 200 -9999 -9999 -9999 -9999 -9999 -9999 -9999 -9999 -9999 -9999 -9999 -9999 -9999 -9999 -9999 -9999 -9999 -9999 -9999 -9999 -9999 -9999 -9999 -9999 -9999 -9999 -9999 -9999 -9999 -9999 549 529 298 352 146 538 147 829 -9999 52
0 219 311 53 64 71 268 0 0 429 414 118 205 42 0 0 169 36 115 165 39 396 119 165 67 40 0 0 0 0 33 101 -9999 -9999 -9999 96 0 0 100 0 56 708 834 776 -9999 -9999 -9999 -9999 953 1467 -9999 -9999 -9999 -9999 -9999 -9999 -9999 -9999 -9999 1137 1235 -9999 -9999 -9999 -9999 -9999 -9999 -9999 367 141 275 724 545 576 587 572 505 455 163 257 282 -9999
0 140 80 60 56 46 163 119 454 597 460 66 465 606 81 0 47 15 45 20 51 59 0 0 661 0 0 0 0 0 30 540 576 60 1003 0 -9999 -9999 -9999 -9999 59 963 1451 1822 1415 -9999 679 1170 181 0 -9999 -9999 -9999 -9999 -9999 -9999 -9999 228 25 618 1144 467 1435 299 892 286 618 570 314 471 216 171 471 67 800 877 466 597 304 331 -9999 -9999
103 0 205 309 0 58 103 127 294 159 220 1409 839 395 85 0 0 0 49 44 0 0 0 0 0 0 0 0 0 0 33 595 60 0 0 162 0 -9999 -9999 -9999 0 97 721 1169 1296 721 1219 194 0 0 24 0 0 -9999 -9999 -9999 0 1090 267 387 294 1388 765 461 432 855 537 635 237 0 188 1051 528 740 817 408 1099 935 712 -9999 -9999 -9999
0 0 96 116 45 54 136 49 760 697 991 990 137 712 0 73 0 0 0 0 0 0 0 0 0 0 0 0 0 0 27 722 25 0 0 230 194 0 -9999 -9999 211 13 528 251 625 793 32 22 134 130 0 0 0 0 173 505 903 292 653 353 0 179 1399 173 293 695 559 608 693 380 966 911 694 961 574 605 490 407 797 -9999 230 -9999
202 177 92 637 199 186 279 499 497 534 586 706 203 504 574 0 0 0 0 0 0 0 0 0 0 0 0 0 0 0 63 63 0 0 0 231 0 0 0 49 53 48 17 311 442 689 103 135 140 139 86 0 0 0 118 317 173 205 851 172 27 632 370 1360 777 738 552 759 1265 1446 1194 765 500 212 655 550 1402 516 599 160 -9999 -9999
0 52 16 273 123 604 69 0 0 17 301 387 642 612 434 37 0 0 0 0 0 0 0 0 0 0 53 333 69 104 437 75 0 0 65 0 0 71 10 183 -9999 36 0 0 198 540 763 139 140 136 104 63 814 1052 72 0 577 252 689 265 408 254 78 301 289 834 1313 804 1601 343 554 608 0 126 795 431 235 -9999 -9999 433 -9999 -9999
0 31 28 39 20 0 0 0 0 0 57 321 404 419 1277 781 205 113 0 0 0 42 0 0 0 104 181 162 167 400 554 35 0 131 106 108 211 257 915 512 274 -9999 0 0 0 425 905 141 151 134 76 0 1250 246 161 -9999 -9999 -9999 1186 357 790 56 313 261 365 854 1071 863 1218 1002 688 401 45 92 202 -9999 -9999 -9999 -9999 -9999 67 -9999
-9999 0 336 985 37 0 0 0 0 0 64 321 394 246 1098 224 755 678 168 0 63 648 542 31 0 238 203 396 387 20 320 0 0 279 0 778 433 1442 1484 929 114 271 -9999 0 0 145 261 448 528 544 566 319 250 142 -9999 -9999 -9999 -9999 191 438 25 697 709 211 309 802 829 919 400 322 353 856 133 634 14 743 -9999 -9999 -9999 -9999 0 -9999
-9999 -9999 -9999 -9999 66 0 0 0 0 26 319 452 376 198 613 950 40 161 34 168 0 177 93 41 0 0 38 0 65 73 132 0 0 272 165 1045 830 1579 825 692 144 614 -9999 0 0 173 161 137 526 762 237 181 418 294 -9999 -9999 -9999 -9999 -9999 442 347 286 750 989 669 723 948 613 414 481 641 928 777 22 0 0 -9999 -9999 -9999 47 -9999 -9999
-9999 -9999 -9999 -9999 -9999 -9999 -9999 33 0 311 443 535 561 552 479 445 507 478 286 357 26 48 0 134 105 348 46 -9999 -9999 -9999 -9999 -9999 0 148 478 188 198 452 576 156 38 149 0 -9999 76 736 690 0 75 -9999 90 435 94 -9999 -9999 197 644 -9999 -9999 649 729 480 767 302 723 999 627 528 737 388 212 228 62 0 0 -9999 0 -9999 39 -9999 -9999 -9999
-9999 -9999 -9999 -9999 -9999 -9999 -9999 33 0 289 396 846 160 234 450 451 417 107 110 82 530 244 51 292 181 95 38 0 -9999 -9999 -9999 -9999 -9999 0 45 73 122 221 46 58 58 50 0 0 0 82 62 -9999 -9999 -9999 13 445 90 -9999 296 678 375 -9999 -9999 -9999 302 309 369 381 495 842 876 782 789 89 33 440 0 -9999 -9999 -9999 -9999 -9999 -9999 -9999 -9999 -9999
-9999 -9999 -9999 -9999 -9999 -9999 -9999 206 28 18 318 580 398 360 478 384 152 62 34 185 822 604 632 984 839 417 56 214 0 483 0 0 0 0 48 159 116 0 0 0 35 0 0 0 -9999 0 0 -9999 -9999 -9999 -9999 183 210 160 549 128 290 255 -9999 -9999 0 317 130 341 312 353 59 175 148 -9999 -9999 -9999 78 -9999 -9999 -9999 526 -9999 -9999 -9999 -9999 -9999
-9999 -9999 -9999 -9999 -9999 -9999 72 34 0 0 150 300 401 564 303 411 402 63 35 370 942 408 498 631 588 132 706 466 43 12 0 107 82 0 240 135 37 0 0 0 0 1021 58 0 -9999 0 1016 -9999 -9999 -9999 -9999 -9999 171 383 84 145 121 175 54 28 -9999 -9999 115 166 296 205 331 154 134 -9999 -9999 -9999 -9999 -9999 -9999 -9999 0 -9999 -9999 -9999 -9999 -9999
36 -9999 -9999 -9999 -9999 -9999 183 0 0 30 66 326 962 889 887 88 148 65 119 839 404 744 824 473 664 989 690 663 767 205 339 139 94 0 233 201 11 0 0 0 0 79 55 857 443 83 63 142 -9999 -9999 -9999 -9999 263 -9999 -9999 19 683 15 0 -9999 -9999 -9999 -9999 27 419 211 81 0 0 -9999 -9999 -9999 -9999 -9999 -9999 806 544 -9999 -9999 -9999 -9999 -9999
0 76 -9999 -9999 -9999 -9999 168 62 0 34 67 296 891 615 895 423 74 67 75 864 273 631 567 641 762 1134 712 518 350 220 42 38 0 0 236 103 449 252 109 0 0 0 908 701 1162 -9999 203 220 -9999 -9999 -9999 -9999 -9999 -9999 -9999 -9999 24 25 -9999 -9999 -9999 -9999 -9999 -9999 -9999 -9999 0 0 0 0 -9999 -9999 -9999 -9999 59 -9999 97 100 -9999 -9999 -9999 -9999
-9999 0 -9999 -9999 -9999 -9999 -9999 140 0 28 64 118 874 901 788 886 181 46 31 170 744 1010 686 630 743 1060 515 875 546 1126 900 164 158 0 279 79 147 220 191 196 0 0 398 40 326 69 35 35 60 -9999 -9999 -9999 -9999 -9999 -9999 -9999 -9999 -9999 -9999 -9999 -9999 -9999 -9999 -9999 -9999 -9999 -9999 -9999 0 18 -9999 -9999 -9999 162 447 -9999 -9999 -9999 -9999 -9999 -9999 -9999
31 41 -9999 -9999 -9999 -9999 -9999 -9999 41 0 0 691 407 891 728 1076 563 80 42 34 857 417 1005 1144 1228 1079 1078 907 483 1253 986 0 50 0 254 214 0 130 0 0 0 183 341 329 42 75 -9999 12 124 -9999 -9999 -9999 -9999 -9999 -9999 -9999 -9999 -9999 -9999 -9999 -9999 -9999 -9999 -9999 -9999 -9999 -9999 -9999 -9999 -9999 -9999 25 -9999 51 116 37 -9999 -9999 -9999 -9999 -9999 -9999
30 43 -9999 -9999 -9999 -9999 -9999 -9999 0 0 0 29 596 540 311 477 731 84 0 29 498 736 1169 1404 1331 1306 1371 1148 622 1268 34 199 0 0 0 0 871 113 0 0 0 860 0 173 346 18 108 -9999 806 -9999 -9999 -9999 -9999 -9999 -9999 -9999 -9999 -9999 -9999 -9999 -9999 -9999 -9999 -9999 -9999 -9999 -9999 -9999 -9999 -9999 -9999 -9999 56 -9999 0 45 -9999 -9999 -9999 -9999 -9999 -9999
75 151 -9999 -9999 -9999 -9999 -9999 492 0 0 0 111 148 82 81 304 497 398 68 130 76 274 1162 1106 1081 1624 1344 821 767 752 503 0 0 0 0 0 0 0 0 0 0 152 516 597 179 638 124 0 -9999 -9999 -9999 -9999 -9999 -9999 -9999 -9999 -9999 -9999 -9999 -9999 -9999 -9999 -9999 -9999 -9999 -9999 -9999 -9999 -9999 -9999 -9999 -9999 -9999 -9999 -9999 -9999 -9999 -9999 -9999 -9999 -9999 -9999
124 422 -9999 -9999 -9999 -9999 62 0 0 0 490 140 29 36 112 101 376 684 96 25 295 179 942 1748 1385 1131 1250 1486 591 436 0 53 0 0 0 0 0 0 0 0 0 496 603 833 71 155 78 156 195 120 -9999 -9999 -9999 -9999 -9999 -9999 -9999 -9999 -9999 -9999 -9999 -9999 -9999 -9999 -9999 -9999 -9999 -9999 -9999 -9999 -9999 -9999 -9999 -9999 -9999 -9999 -9999 -9999 -9999 -9999 -9999 -9999
0 -9999 -9999 -9999 -9999 0 0 0 0 101 124 27 30 30 34 95 399 607 928 164 377 531 842 1296 1013 964 1208 1171 1161 876 459 180 28 0 0 0 53 0 0 94 90 552 644 773 173 183 213 160 431 -9999 -9999 -9999 -9999 -9999 -9999 -9999 -9999 -9999 -9999 -9999 -9999 -9999 -9999 -9999 -9999 -9999 -9999 -9999 -9999 -9999 -9999 -9999 -9999 -9999 -9999 -9999 -9999 -9999 -9999 -9999 -9999 -9999
-9999 -9999 -9999 514 281 0 0 0 453 120 117 26 0 28 46 32 71 292 859 317 358 42 939 886 591 505 653 490 1003 945 183 20 69 0 71 52 49 14 220 263 1039 1141 783 1058 342 0 59 181 271 95 -9999 -9999 -9999 -9999 -9999 -9999 -9999 -9999 -9999 -9999 -9999 -9999 -9999 -9999 -9999 -9999 -9999 -9999 -9999 -9999 -9999 -9999 -9999 -9999 -9999 -9999 -9999 -9999 -9999 -9999 -9999 -9999
-9999 358 160 39 0 0 0 464 112 102 28 0 11 91 31 28 0 554 669 475 531 94 208 713 302 317 200 225 135 647 79 194 69 124 250 138 150 157 179 51 1048 996 645 1047 456 75 56 160 55 471 33 -9999 -9999 -9999 -9999 -9999 -9999 -9999 -9999 -9999 -9999 -9999 -9999 -9999 -9999 -9999 -9999 -9999 -9999 -9999 -9999 -9999 -9999 -9999 -9999 -9999 -9999 -9999 -9999 -9999 -9999 -9999
684 106 42 0 0 0 0 617 77 104 96 9 0 9 89 88 13 592 910 829 284 463 234 194 899 280 319 344 158 76 165 116 170 633 870 260 208 254 159 289 274 292 1552 898 883 82 57 65 52 37 411 37 -9999 -9999 -9999 -9999 -9999 -9999 -9999 -9999 -9999 -9999 -9999 -9999 -9999 -9999 -9999 -9999 -9999 -9999 -9999 -9999 -9999 -9999 -9999 -9999 -9999 -9999 -9999 -9999 -9999 -9999
1041 84 0 0 0 0 70 101 13 81 16 96 365 197 20 19 18 93 300 297 727 498 40 119 560 388 392 268 185 132 166 177 846 408 758 397 624 331 326 381 366 447 613 417 683 83 35 36 0 161 247 21 140 -9999 -9999 -9999 -9999 -9999 -9999 -9999 -9999 -9999 -9999 -9999 -9999 -9999 -9999 -9999 -9999 -9999 -9999 -9999 -9999 -9999 -9999 -9999 -9999 -9999 -9999 -9999 -9999 -9999
315 515 0 0 0 46 605 95 104 17 107 563 405 570 199 22 0 13 235 286 426 123 369 49 382 506 310 428 337 209 213 215 252 279 493 313 38 0 36 43 189 257 320 218 567 432 0 0 254 235 23 0 267 368 -9999 -9999 -9999 -9999 -9999 -9999 -9999 -9999 -9999 -9999 -9999 -9999 -9999 -9999 -9999 -9999 -9999 -9999 -9999 -9999 -9999 -9999 -9999 -9999 -9999 -9999 -9999 -9999
-9999 -9999 355 0 0 624 116 80 15 39 561 429 390 563 379 45 12 82 11 212 255 324 329 372 22 342 44 95 124 268 178 318 340 360 173 74 0 0 151 520 449 268 41 187 483 49 148 0 314 315 36 114 992 985 761 -9999 -9999 -9999 -9999 -9999 -9999 -9999 -9999 -9999 -9999 -9999 -9999 -9999 -9999 -9999 -9999 -9999 -9999 -9999 -9999 -9999 -9999 -9999 -9999 -9999 -9999 -9999
-9999 -9999 376 0 0 392 204 85 79 21 381 563 312 99 95 16 10 0 11 44 370 360 584 37 62 74 36 154 63 36 180 359 190 37 65 39 63 48 80 239 699 348 53 174 227 413 293 205 614 186 476 595 753 1605 756 1061 -9999 -9999 -9999 -9999 -9999 -9999 -9999 -9999 -9999 -9999 -9999 -9999 -9999 -9999 -9999 -9999 -9999 -9999 -9999 -9999 -9999 -9999 -9999 -9999 -9999 -9999
-9999 -9999 467 0 57 363 200 70 99 0 366 359 227 41 12 84 83 81 9 14 94 89 105 195 359 32 29 79 41 40 40 36 0 0 0 109 32 295 263 552 433 301 552 476 278 149 209 567 643 401 596 1180 632 978 0 988 -9999 -9999 -9999 -9999 -9999 -9999 -9999 -9999 -9999 -9999 -9999 -9999 -9999 -9999 -9999 -9999 -9999 -9999 -9999 -9999 -9999 -9999 -9999 -9999 -9999 26
-9999 -9999 77 0 0 230 130 97 103 75 93 568 360 22 81 96 94 85 73 76 13 44 101 108 192 620 338 343 0 0 0 0 0 0 35 241 465 821 520 476 843 599 639 527 494 257 36 41 190 310 574 448 325 426 456 469 417 -9999 -9999 -9999 -9999 -9999 -9999 -9999 -9999 -9999 -9999 -9999 -9999 -9999 -9999 -9999 -9999 -9999 -9999 -9999 -9999 -9999 -9999 -9999 -9999 164
-9999 -9999 81 0 0 379 630 95 90 94 10 16 19 12 10 94 98 95 91 78 10 79 87 26 105 99 371 128 190 0 0 0 0 0 0 61 67 325 522 499 490 290 504 311 297 35 35 34 35 34 32 33 39 199 150 106 250 74 -9999 -9999 -9999 -9999 -9999 -9999 -9999 -9999 -9999 -9999 -9999 -9999 -9999 -9999 -9999 -9999 -9999 -9999 -9999 -9999 -9999 -9999 -9999 186
-9999 -9999 71 0 0 298 29 98 87 103 108 90 10 16 10 76 85 90 105 90 12 10 89 35 36 28 115 75 563 625 539 87 30 225 305 0 0 45 68 65 245 62 62 88 0 0 0 0 0 0 0 0 0 0 0 24 27 61 73 -9999 -9999 -9999 -9999 -9999 -9999 -9999 -9999 -9999 -9999 -9999 -9999 -9999 -9999 -9999 -9999 -9999 -9999 -9999 -9999 -9999 -9999 -9999
