slauniainen/Data/DEM/Vihti_dsm1500b_cl_horizonAngle_12.asc
NCOLS 196 
NROWS 178 
XLLCORNER 353680 
YLLCORNER 6699024 
CELLSIZE 16 
NODATA_value -3.4e+38 
[rows 60 to 79 of 178, columns 46 to 91 of 196]
20.8158626556396 6.83279085159302 3.4778356552124 2.88291907310486 3.05083894729614 3.60213804244995 5.58613252639771 10.6546440124512 18.897834777832 7.51830673217773 8.62040710449219 14.3606491088867 8.39484882354736 8.73875141143799 23.4888000488281 2.64845538139343 2.39153218269348 1.86158680915833 1.72068619728088 1.89043796062469 0.990329086780548 5.80016946792603 8.42938041687012 2.30977511405945 0.613873958587646 0.746686041355133 0.874702394008636 0.259466141462326 12.537691116333 0.460679352283478 1.31706559658051 -0.0790215879678726 0.764197647571564 1.18383884429932 6.93490028381348 0.424543768167496 -0.694793224334717 0.309064090251923 5.4584379196167 1.36461925506592 2.355388879776 4.05536508560181 7.40678405761719 2.17922759056091 18.5384883880615 6.33379697799683
6.92838191986084 5.70064926147461 2.77235317230225 3.1445152759552 2.9036238193512 3.33413481712341 4.51511812210083 6.33480310440063 7.42548561096191 9.45261287689209 8.05722904205322 6.34406614303589 8.87866592407227 20.1658821105957 9.01234340667725 3.17002081871033 7.97715902328491 2.34810304641724 1.36935782432556 0.622580349445343 0.818185687065125 0.562362194061279 0.448195248842239 0.825107753276825 0.284369260072708 0.618664681911469 0.319946736097336 7.08769702911377 6.81387710571289 5.0342903137207 7.68859195709229 11.0617961883545 2.92931199073792 0.910862863063812 0.613013565540314 6.29725646972656 13.1658210754395 1.9868620634079 2.47441983222961 9.9750280380249 1.96869885921478 2.29667615890503 8.56091403961182 10.9833250045776 4.12468671798706 2.24723744392395
42.3701286315918 17.0416469573975 2.6394624710083 2.61570191383362 2.75520992279053 3.09912490844727 3.73488545417786 4.75737905502319 3.1316032409668 3.4011607170105 4.13708829879761 5.39885330200195 6.54546642303467 6.83841753005981 14.783052444458 5.34761619567871 1.29945433139801 0.689978420734406 2.14440441131592 6.45531940460205 6.62306690216064 -0.0405439622700214 0.0460296720266342 0.289715170860291 0.155009359121323 0.263766974210739 0.224522650241852 6.35899496078491 0.682399690151215 3.80342364311218 12.7024250030518 13.7539091110229 12.0429639816284 6.5119423866272 11.6847867965698 12.5551977157593 12.9574546813965 9.61950206756592 1.49075591564178 3.93879413604736 3.46871042251587 1.54537785053253 8.71084880828857 5.85326766967773 3.17057752609253 3.19790077209473
33.8097496032715 16.8329601287842 4.23253917694092 4.27477025985718 2.55206727981567 3.06918692588806 3.66271805763245 3.8524808883667 3.06240940093994 2.98743295669556 3.39714813232422 4.96272277832031 4.14131498336792 5.42147445678711 8.68545627593994 1.77790641784668 1.03634178638458 0.437041074037552 0.403610795736313 0.197102814912796 0.223476886749268 -0.0811362639069557 -0.168333426117897 5.71733140945435 -0.0188151020556688 0.135404378175735 1.48516237735748 1.0658575296402 2.07664251327515 0.95181530714035 8.27180671691895 5.57125759124756 5.40842866897583 8.04794883728027 4.40110778808594 5.39102602005005 0.963090240955353 2.04548668861389 6.34158182144165 4.06189775466919 2.23123335838318 5.59525775909424 2.13830947875977 1.47774529457092 6.95560503005981 2.40830945968628
18.1750793457031 26.2340278625488 33.4086685180664 17.2846450805664 3.43630576133728 2.9559907913208 3.56751608848572 3.74900817871094 7.67973232269287 5.42181825637817 6.87771797180176 3.99250602722168 9.46143341064453 5.36466836929321 2.41043972969055 0.899585783481598 0.538496136665344 7.19795322418213 14.4953622817993 12.8653907775879 0.199522033333778 -0.158991143107414 6.13373899459839 2.152756690979 8.80703353881836 6.44656848907471 15.5299491882324 0.608298063278198 5.04275417327881 2.56144642829895 2.61897492408752 0.419422626495361 2.90326833724976 4.78891658782959 2.73343920707703 3.86487197875977 9.80277633666992 1.57516884803772 1.25227785110474 0.706710994243622 1.1375697851181 2.16264796257019 2.05783104896545 1.4167799949646 3.11007285118103 18.5231952667236
14.5987157821655 20.1729507446289 30.1339302062988 2.65214490890503 2.83224487304688 3.30762553215027 3.34216570854187 3.18977546691895 5.90351057052612 4.10299587249756 2.8452296257019 2.14716076850891 2.0387065410614 2.04584860801697 1.03113687038422 0.733044922351837 8.38284015655518 4.55557584762573 2.30848908424377 17.4274654388428 9.05730819702148 -0.48992121219635 0.303824454545975 -0.0437411293387413 1.84013724327087 2.68780970573425 2.27842164039612 5.68627643585205 5.81431198120117 0.226162821054459 0.0681060329079628 0.0488712154328823 0.11392680555582 -0.289166778326035 0.632757842540741 1.08059573173523 0.0426126718521118 0.679358303546906 -0.280980676412582 0.135942921042442 11.532262802124 0.541401922702789 37.8432769775391 39.8388481140137 10.3137807846069 25.5171928405762
12.4148960113525 19.7025089263916 19.9715576171875 46.5090751647949 15.279125213623 3.28440999984741 3.10372853279114 2.66353631019592 2.42469239234924 1.95925283432007 1.90031552314758 1.93580913543701 1.75364434719086 1.2607524394989 0.524809658527374 9.92029666900635 2.71720004081726 27.9208240509033 6.22478628158569 1.41008293628693 -0.209998264908791 22.2524738311768 1.38320791721344 -0.191762417554855 1.28950333595276 8.90733242034912 7.83908843994141 8.5754861831665 0.289784163236618 5.25205087661743 -0.287462919950485 -0.312247782945633 -0.462852567434311 -0.716789424419403 -0.307340651750565 -0.69659686088562 -0.314238935709 -0.00524200452491641 2.47375226020813 3.95313501358032 0.506201446056366 49.0542640686035 22.1107540130615 21.7025051116943 29.5301456451416 13.5668201446533
11.0675373077393 16.0816917419434 16.1144199371338 30.2577667236328 2.58493375778198 3.06790804862976 2.7178053855896 2.55031967163086 2.15868234634399 1.939697265625 1.45234978199005 1.38407075405121 1.00672376155853 0.519837379455566 0.404939025640488 7.32627725601196 20.6767864227295 3.38317656517029 0.0911650806665421 0.0079193189740181 3.10988855361938 13.1019334793091 1.62301158905029 5.93423461914062 1.28629088401794 5.03927183151245 6.20080947875977 6.86931991577148 19.0123863220215 7.60782957077026 0.757265448570251 -0.136210754513741 10.840726852417 2.25203704833984 -0.193269029259682 1.34179663658142 1.67831742763519 0.466453373432159 13.5427141189575 2.62256050109863 38.2421035766602 23.8471221923828 11.0350828170776 14.5019006729126 17.7420597076416 8.1429967880249
10.0097093582153 13.6432209014893 20.4549884796143 22.0610790252686 5.36602401733398 7.98274564743042 2.06315779685974 1.91596698760986 1.73235714435577 1.31982350349426 1.37096893787384 0.673174321651459 3.86553287506104 14.0449314117432 25.7866764068604 7.26619863510132 12.7870235443115 -0.0430571511387825 15.3611316680908 6.92935132980347 3.43530535697937 -0.594785630702972 8.89075088500977 10.4762592315674 7.56436538696289 0.132589623332024 2.55853724479675 3.02081274986267 6.76130247116089 6.87048482894897 19.9474697113037 14.3392353057861 13.0247373580933 22.9054870605469 37.1777954101562 34.2560119628906 37.9306640625 33.9152030944824 29.0955581665039 37.7925338745117 22.5943450927734 9.55454158782959 4.57722949981689 7.99204921722412 6.70185947418213 8.0404167175293
8.93653678894043 11.9458599090576 16.4558887481689 18.1568813323975 29.7968235015869 1.46595251560211 11.949951171875 10.0316982269287 4.18675756454468 0.657455027103424 0.767343044281006 0.47491192817688 0.560668468475342 9.16513442993164 3.41905736923218 11.0364379882812 15.4985256195068 7.51410913467407 8.14996147155762 -0.134047016501427 0.70085072517395 28.1610355377197 3.03153157234192 1.40045487880707 2.97512722015381 11.6319570541382 0.329278349876404 7.06463813781738 4.19425678253174 7.84548807144165 13.4732999801636 10.7118701934814 19.799825668335 21.7296276092529 19.0952777862549 18.4571266174316 24.4830513000488 18.846118927002 10.4017028808594 22.5783367156982 16.99049949646 9.25188255310059 12.4685411453247 4.23094511032104 6.07576942443848 3.39055180549622
9.4244909286499 10.4071264266968 13.4913139343262 22.2362041473389 20.7557029724121 33.6571960449219 37.1625823974609 9.08474063873291 4.85963439941406 20.1636505126953 19.3089904785156 9.33236408233643 25.5826301574707 17.1996479034424 30.8329792022705 11.0049810409546 10.32190990448 43.8480377197266 31.6321887969971 32.7897605895996 0.343106627464294 3.50703978538513 -0.421997606754303 -0.0198962204158306 0.0965637043118477 5.83446598052979 4.41116380691528 12.1974964141846 4.92418479919434 8.27794075012207 4.72491836547852 19.4045639038086 15.9767503738403 14.6991968154907 13.5666084289551 22.5179767608643 14.3290548324585 12.5755023956299 30.4171714782715 15.5662202835083 10.1826362609863 1.94613111019135 4.52994823455811 3.90181732177734 5.42522478103638 13.0722169876099
8.94462490081787 8.75092792510986 11.3882436752319 20.8393402099609 23.7924137115479 30.9639282226562 29.2090244293213 4.43610429763794 4.28993558883667 14.0141315460205 9.33239459991455 21.8077297210693 20.6875267028809 10.5346708297729 25.3598709106445 21.0799674987793 14.3248653411865 25.1562004089355 18.9783191680908 14.3862152099609 8.83276748657227 8.41659927368164 1.91403830051422 -0.295886725187302 -0.0101975128054619 25.2877731323242 3.94488930702209 6.28084754943848 11.8064346313477 7.16927099227905 11.5721035003662 7.52634954452515 8.81919574737549 10.1872444152832 11.617280960083 11.1560325622559 11.3412714004517 11.7719488143921 10.6968793869019 8.87315940856934 1.11509442329407 24.2270355224609 7.06319904327393 1.98729085922241 2.56580591201782 3.15796303749084
8.06256198883057 7.88803720474243 9.84712982177734 16.2855892181396 20.7434787750244 19.5428142547607 19.6139469146729 22.70827293396 23.8450374603271 28.6079692840576 22.9848613739014 17.9255332946777 14.9880981445312 35.032543182373 16.7172470092773 15.7392807006836 24.1311321258545 11.7879934310913 10.1539154052734 6.79149913787842 3.3611056804657 1.46852695941925 1.10194790363312 -0.327155768871307 29.3487491607666 11.6109495162964 22.6727619171143 1.6411828994751 2.77058815956116 5.80877542495728 7.5650954246521 3.19528245925903 3.94532990455627 13.2297859191895 10.0115880966187 9.6849946975708 10.614933013916 5.36601829528809 8.53976535797119 4.10740089416504 23.4071826934814 6.96862745285034 2.67414546012878 23.2113170623779 4.14148378372192 3.0389838218689
7.30102777481079 8.48387908935547 9.10056972503662 13.3243570327759 16.2638549804688 15.2604131698608 17.3925628662109 12.9019947052002 13.4711475372314 19.4989280700684 23.0351104736328 30.4154930114746 29.5178279876709 24.9751949310303 15.4517965316772 10.9795513153076 15.5179815292358 20.461763381958 13.5104551315308 6.76816511154175 1.4038553237915 8.8513011932373 -0.43421933054924 18.8508338928223 17.3194217681885 6.97188568115234 10.1328859329224 8.14141273498535 6.03411483764648 6.08344316482544 4.52753257751465 11.4441270828247 5.765221118927 8.75463676452637 8.23478507995605 16.5082759857178 5.05650615692139 18.9485301971436 1.6761999130249 2.8430449962616 11.6054706573486 1.89185547828674 2.58607411384583 13.1163120269775 5.75217723846436 2.58322143554688
6.68394660949707 7.63474178314209 8.19119262695312 11.261360168457 13.3563938140869 12.5239191055298 19.9209384918213 34.3718910217285 33.7404022216797 19.9747848510742 19.1888732910156 17.3201694488525 16.6591739654541 16.1621952056885 9.5046501159668 8.53876495361328 12.3595352172852 12.5325937271118 8.52276420593262 4.13850450515747 17.7920932769775 0.55343621969223 1.8984090089798 12.4864616394043 1.11922597885132 6.65301942825317 2.93720579147339 14.9291925430298 1.6546459197998 3.78012561798096 3.84736824035645 9.68246555328369 27.697624206543 4.7333779335022 7.16723966598511 7.83955860137939 16.5922470092773 8.26991748809814 21.7340774536133 13.4686403274536 2.44980812072754 6.98752737045288 7.43652105331421 9.3699836730957 5.47454309463501 12.6013193130493
5.95217657089233 6.96004581451416 9.07643985748291 9.84019565582275 11.4444417953491 10.9728555679321 15.7289056777954 19.4422035217285 18.5723152160645 15.285231590271 13.7187175750732 14.6458120346069 12.9450016021729 13.6799535751343 8.50755977630615 7.80742740631104 10.7460403442383 14.9449338912964 3.97847366333008 4.41443634033203 10.8261642456055 8.80622291564941 35.1878356933594 11.6836967468262 12.6413450241089 3.30136179924011 4.89705801010132 11.4351472854614 11.2722225189209 2.27474761009216 4.8818416595459 9.7390604019165 7.14159202575684 19.9780769348145 5.98364019393921 6.55270528793335 4.71262884140015 4.60862970352173 13.9007558822632 12.6580076217651 2.13343143463135 2.54239463806152 3.44819283485413 2.68650507926941 4.78254652023315 8.54830932617188
5.57180881500244 6.45584011077881 8.57640743255615 7.88492059707642 9.87880611419678 9.24854278564453 12.7694435119629 13.1044731140137 12.638409614563 12.5172319412231 11.6054458618164 12.7068376541138 10.5846557617188 11.8278665542603 7.71651554107666 8.98445415496826 9.36508178710938 11.733136177063 42.3597183227539 12.0221147537231 31.1702098846436 16.3773632049561 5.60736560821533 3.25578117370605 9.44775390625 4.45830106735229 11.3120994567871 5.29928207397461 0.930348575115204 10.5557842254639 2.51143407821655 18.6016654968262 24.0068111419678 7.08878803253174 2.88579654693604 2.92825222015381 1.56681394577026 10.5841159820557 8.16489887237549 7.79406595230103 20.6882839202881 24.6968460083008 26.6877365112305 8.54823970794678 2.43189406394958 2.15750861167908
5.84230041503906 6.245849609375 7.59361171722412 8.45993518829346 8.41481971740723 8.23605918884277 10.7500658035278 11.0744161605835 10.2372589111328 10.5775365829468 10.9668817520142 9.18845081329346 10.2217578887939 7.18886995315552 7.08692359924316 8.11988735198975 8.01775169372559 11.9263410568237 25.5044689178467 35.071949005127 21.0653114318848 12.8703117370605 23.5401725769043 28.6402187347412 7.8109712600708 11.4252347946167 6.60369968414307 6.53264617919922 28.6476421356201 17.1683025360107 30.5073089599609 8.99747371673584 17.8186836242676 5.72576808929443 2.4668493270874 2.54992413520813 16.3686676025391 7.8314356803894 6.51615571975708 6.27866363525391 8.60739135742188 10.2834701538086 10.8716678619385 2.31464052200317 2.31442546844482 1.66785204410553
5.36384582519531 5.73321151733398 6.83512401580811 7.5717978477478 7.61815595626831 7.45314693450928 9.25173091888428 9.90900993347168 9.16717624664307 9.13743019104004 9.85105228424072 8.42011833190918 9.21330547332764 6.45058107376099 5.42745113372803 7.29018354415894 7.29688215255737 17.6085548400879 18.3449993133545 20.6371726989746 18.2325706481934 26.1540660858154 25.2591915130615 8.37082386016846 2.22200727462769 1.49342036247253 4.089599609375 2.87830638885498 8.83851528167725 18.9385452270508 20.8921051025391 13.0077476501465 9.88612365722656 3.04952025413513 1.73837947845459 1.82838308811188 8.1719856262207 4.561363697052 5.6867470741272 4.88106203079224 7.04035663604736 13.5021991729736 5.16837882995605 9.67345428466797 6.93428611755371 0.890697360038757
4.99821519851685 6.09082412719727 6.26468086242676 6.8574595451355 6.94122695922852 7.96793222427368 8.14355278015137 9.00130176544189 8.3418025970459 7.99998474121094 9.00795650482178 7.50638723373413 8.37027359008789 6.02276659011841 5.3345685005188 6.62589836120605 6.35319328308105 13.7096529006958 15.0328588485718 13.4210138320923 14.8792514801025 17.611722946167 14.8069839477539 23.344877243042 6.64340496063232 7.701256275177 7.76059913635254 16.1135768890381 10.3516902923584 15.5731239318848 8.95765399932861 8.32011127471924 8.25094890594482 33.7116394042969 23.8063526153564 31.6997089385986 1.89993834495544 3.81929564476013 3.37756633758545 3.63485956192017 1.59585058689117 4.33468627929688 2.43090105056763 1.68384778499603 1.48628878593445 2.47492504119873
