slauniainen/Data/DEM/Vihti_dem1500b_cl_horizonAngle_288.asc
NCOLS 196 
NROWS 178 
XLLCORNER 353680 
YLLCORNER 6699024 
CELLSIZE 16 
NODATA_value -3.4e+38 
[rows 20 to 39 of 178, columns 0 to 44 of 196]
10.7185821533203 10.1508588790894 9.75590324401855 9.594970703125 9.05338668823242 8.47566223144531 7.80011415481567 7.23757171630859 6.66691017150879 6.30437755584717 5.87601184844971 5.36255407333374 4.32794904708862 3.21547722816467 0.93504399061203 -0.357804328203201 -0.953173816204071 -1.33478820323944 -1.52939879894257 -1.612548828125 -1.91061973571777 -2.00631284713745 -0.922187149524689 7.21256065368652 10.0064258575439 6.36043453216553 4.8210129737854 2.68508505821228 1.17243075370789 -0.682304620742798 1.25794398784637 1.24647653102875 2.00026845932007 1.92549407482147 2.06191301345825 1.55171704292297 1.53839230537415 2.28845286369324 1.41100764274597 1.02280902862549 2.79289054870605 3.02291059494019 1.00404119491577 0.390239626169205 0.162856385111809
9.96567058563232 8.84120559692383 10.3100070953369 9.00366306304932 8.76969337463379 8.13061428070068 7.90763902664185 7.31092977523804 6.87844657897949 6.38001918792725 5.91812610626221 5.36316394805908 4.52485275268555 3.57549977302551 1.46422779560089 0.0599470399320126 -0.315299510955811 -0.932597637176514 -1.19581770896912 -1.47258293628693 -1.75546300411224 -1.86042857170105 -1.90699362754822 7.32337427139282 9.24039459228516 8.58788871765137 6.18521976470947 4.82236862182617 3.73136973381042 1.5841349363327 0.104344315826893 -0.486024469137192 -0.654794454574585 2.78345108032227 1.93869042396545 1.19375264644623 1.33469223976135 1.4477744102478 1.29714405536652 1.00861442089081 2.83786106109619 3.70014309883118 1.94665551185608 0.600113034248352 0.457696408033371
8.2148551940918 7.81658506393433 11.9024791717529 8.52513408660889 7.851637840271 7.48749017715454 7.28950977325439 6.9243745803833 6.4921760559082 6.41739797592163 5.9013786315918 5.26764631271362 4.47179412841797 3.590824842453 2.04406023025513 0.508619129657745 -0.018889456987381 -0.490247189998627 -0.887935519218445 -1.22554242610931 -1.59024977684021 -1.69237530231476 -1.80271482467651 6.64281463623047 9.5670690536499 9.17354869842529 8.02439498901367 6.73121356964111 5.31174039840698 3.87768578529358 1.8591468334198 1.0053836107254 -0.192465394735336 0.0403567552566528 2.50995707511902 1.64944517612457 1.24246835708618 1.00169694423676 1.37982928752899 1.83366966247559 3.22666478157043 4.47985696792603 2.57119202613831 1.26398146152496 1.90271008014679
5.9567084312439 8.70754528045654 9.16626644134521 7.56941604614258 7.08906221389771 6.99889755249023 6.37068510055542 6.19598150253296 5.84951639175415 5.92133045196533 5.48551464080811 4.80621719360352 4.19335889816284 3.52566337585449 2.35734105110168 0.733144044876099 0.0935951843857765 -0.264157176017761 -0.825411856174469 -0.993132531642914 -1.24750876426697 -1.39375984668732 -1.48920571804047 6.12852621078491 10.1203184127808 10.3970022201538 10.2121143341064 8.8715238571167 6.79675006866455 5.30928754806519 3.04455828666687 1.92597591876984 1.03133463859558 0.600135266780853 3.00275731086731 3.45046162605286 1.33603322505951 1.37043249607086 2.57929277420044 3.15951490402222 3.14093828201294 2.62412667274475 1.84883332252502 2.13320446014404 3.37478232383728
5.14394807815552 11.8758335113525 8.58486270904541 6.54081535339355 6.1689076423645 6.1670618057251 5.67382669448853 5.58056354522705 5.39964199066162 5.18572282791138 4.88877725601196 4.24786758422852 3.59789633750916 3.20752334594727 2.23338198661804 0.928504228591919 0.215290650725365 -0.270724087953568 -0.671054601669312 -0.819794595241547 -0.958220839500427 -1.11062383651733 -1.19801092147827 2.71455192565918 11.7648677825928 11.328706741333 12.2189121246338 10.3953971862793 7.93255567550659 5.58587408065796 4.17505741119385 3.22692918777466 2.44881200790405 1.62673580646515 4.50199413299561 6.55042791366577 3.56756043434143 1.84794092178345 2.92691469192505 2.15439915657043 1.85269820690155 1.77566754817963 1.97258603572845 2.11507701873779 3.06055855751038
4.82197713851929 12.896146774292 8.36697578430176 6.33934593200684 5.50873517990112 4.99515724182129 4.8822283744812 4.8330717086792 4.74020385742188 4.6683349609375 4.47518825531006 3.91114902496338 3.31403756141663 2.67634868621826 1.98831641674042 1.13795781135559 0.384879916906357 -0.24477344751358 -0.516765177249908 -0.752381384372711 -0.906993925571442 -1.04468786716461 -1.0324000120163 3.17477917671204 10.7124509811401 13.3291435241699 13.9999732971191 11.3930435180664 8.64463043212891 5.9984278678894 4.73063945770264 4.32257223129272 3.8502459526062 5.02730417251587 7.94630861282349 8.60030841827393 5.26887607574463 2.21782231330872 2.14553570747375 1.51464450359344 1.43150866031647 1.41883397102356 1.77169919013977 1.82352674007416 4.7257719039917
4.78397226333618 13.4810724258423 7.60371971130371 5.87059259414673 4.82286500930786 4.60251426696777 4.28509092330933 4.08633804321289 4.0695333480835 4.03958654403687 3.93288946151733 3.52873730659485 3.0298764705658 2.40323090553284 1.93313431739807 1.12237620353699 0.296642065048218 -0.117215633392334 -0.385337680578232 -0.663771748542786 -0.837361693382263 -0.902237832546234 -0.654696702957153 5.10089921951294 9.87099647521973 14.853720664978 15.2276477813721 11.4256277084351 8.72649574279785 5.92244291305542 5.1840238571167 4.84747171401978 4.71090078353882 5.88202667236328 6.5720009803772 4.11513900756836 3.0985803604126 2.43061947822571 1.67454254627228 1.12077188491821 0.992775797843933 1.18873906135559 1.84917080402374 3.85231757164001 9.02643013000488
6.56150484085083 10.2033948898315 7.36063480377197 5.68870067596436 4.76859712600708 4.52513360977173 4.19736766815186 3.9670581817627 3.86185479164124 3.719646692276 3.51935172080994 3.3614776134491 2.90951895713806 2.42161226272583 1.84391868114471 0.908869504928589 0.181472077965736 -0.0489596351981163 -0.45033323764801 -0.710029184818268 -0.741442084312439 -0.870400726795197 -0.934002995491028 6.75734758377075 10.0850086212158 13.7684593200684 13.5813102722168 9.98331451416016 7.19360828399658 5.37493944168091 5.21139621734619 5.0586371421814 6.58544778823853 7.66506481170654 5.60574626922607 4.20526361465454 3.48779726028442 2.62582325935364 1.70636641979218 1.50494968891144 1.34633612632751 1.43549847602844 2.06043386459351 3.37663292884827 8.57057857513428
5.90917491912842 7.5002179145813 5.99554491043091 5.05201387405396 4.53264665603638 4.42793130874634 4.13437938690186 3.88227486610413 3.72112393379211 3.65674209594727 3.46253228187561 3.24886202812195 2.89817667007446 2.38644099235535 1.82025218009949 0.798647701740265 0.232682526111603 -0.0541252344846725 -0.532501697540283 -0.820391595363617 -0.748905420303345 -0.954466283321381 -1.00145137310028 7.60840654373169 11.2017545700073 12.9095993041992 11.9501295089722 9.50476551055908 6.16842031478882 4.29878377914429 4.98204660415649 10.7840995788574 10.7702760696411 10.1178121566772 6.67948055267334 4.22071981430054 3.40417766571045 2.45169448852539 2.02349877357483 1.89004123210907 1.65970182418823 1.51777648925781 2.95334625244141 4.73130083084106 12.4514141082764
4.32920265197754 4.6014552116394 4.36376619338989 4.24446249008179 4.16553354263306 4.24335050582886 4.01501226425171 3.76411652565002 3.5902156829834 3.58779072761536 3.43331170082092 3.21660995483398 2.98322010040283 2.47587490081787 1.87245643138885 1.0164635181427 0.229846209287643 -0.0999676361680031 -0.527977406978607 -0.767446637153625 -0.885178804397583 -1.07365119457245 -1.08909475803375 5.23452472686768 15.4349641799927 11.7442579269409 10.3549785614014 9.01517772674561 6.41650533676147 4.5018458366394 5.02576875686646 17.3296546936035 12.7146129608154 9.00088310241699 6.57127046585083 4.18421792984009 3.28414034843445 2.57100057601929 2.19377303123474 2.03609991073608 1.99214959144592 1.78761124610901 4.34040498733521 8.05458545684814 13.9359674453735
3.48608255386353 3.71740460395813 4.06900548934937 3.97574210166931 3.87666177749634 4.05158376693726 3.8464457988739 3.63450360298157 3.47902727127075 3.47986698150635 3.31387853622437 3.15895390510559 3.05416440963745 2.61219215393066 1.93980026245117 1.21443676948547 0.450874626636505 -0.0090663768351078 -0.440007150173187 -0.841332674026489 -0.885309934616089 -0.90739631652832 0.414532333612442 5.14539813995361 13.6192407608032 13.0252227783203 10.6596269607544 8.81578159332275 6.79480791091919 4.92539834976196 5.26667261123657 13.3981103897095 11.1792802810669 8.17010688781738 6.77830743789673 4.66422176361084 3.76609110832214 2.85005331039429 2.50762248039246 2.29868388175964 2.08186912536621 5.63202953338623 7.73329067230225 12.6115503311157 16.1875915527344
3.19768500328064 3.20989465713501 3.31807899475098 3.26986122131348 3.46309089660645 3.85392808914185 3.64571142196655 3.48064684867859 3.31369924545288 3.3265585899353 3.18053650856018 3.03092932701111 2.99545931816101 2.66524600982666 2.14576172828674 1.55396318435669 0.801086604595184 0.202461704611778 -0.238590821623802 -0.639042556285858 -0.718159854412079 0.773879051208496 2.37655711174011 6.00130367279053 13.886492729187 13.5144834518433 7.46287679672241 6.87151861190796 7.89745664596558 6.1467719078064 5.83762741088867 6.33877229690552 8.11705493927002 6.67613077163696 5.94993877410889 4.35880851745605 3.94793915748596 3.25040483474731 2.82250809669495 2.75130653381348 2.452308177948 8.70942974090576 12.4267816543579 14.4153623580933 15.1501989364624
3.63137221336365 3.7504460811615 3.2379515171051 3.09961128234863 3.15348172187805 3.23795652389526 3.05645036697388 3.08037185668945 3.03714036941528 3.18372273445129 3.04271626472473 2.90081214904785 2.92033362388611 2.68943333625793 2.32844996452332 1.87573111057281 1.15209770202637 0.47045224905014 0.0193604379892349 -0.390570193529129 -0.54481053352356 0.422217160463333 3.80085277557373 7.27193260192871 12.2561492919922 12.131667137146 6.48686075210571 5.03510046005249 5.41531133651733 10.3367013931274 6.72174692153931 5.87178659439087 5.62019109725952 7.15783500671387 4.93946075439453 4.14110088348389 3.8023738861084 3.43789148330688 3.08137965202332 3.11525392532349 4.78193664550781 8.57256984710693 13.1444578170776 12.5164632797241 12.1711111068726
3.43901705741882 3.84363651275635 4.27837038040161 3.69584202766418 3.40308785438538 3.24662661552429 2.68467545509338 2.61822104454041 2.75482630729675 2.70581483840942 2.59593915939331 2.61402130126953 2.80286264419556 2.65861248970032 2.3820366859436 2.05460691452026 1.45492804050446 0.808767259120941 0.352413177490234 -0.0883434563875198 -0.359065741300583 -0.399905622005463 3.17729902267456 5.49719858169556 10.2722644805908 11.4841365814209 7.22989988327026 6.40755033493042 5.12078237533569 10.1201095581055 11.5578060150146 8.711256980896 7.58542442321777 8.86603260040283 5.00624132156372 4.20089626312256 3.82866597175598 3.5616500377655 3.25916910171509 3.30207872390747 3.03099608421326 6.35213279724121 10.0436105728149 11.5617580413818 11.4993839263916
2.95365691184998 4.36353445053101 5.47266435623169 4.59883308410645 3.89314198493958 3.51549911499023 2.80390596389771 2.46251821517944 2.41345143318176 2.33474016189575 2.30550909042358 2.47150778770447 2.38907504081726 2.28996872901917 2.23372960090637 2.18897247314453 1.69658386707306 1.03257071971893 0.638969480991364 0.227667063474655 -0.126976117491722 -0.230489447712898 1.94636988639832 6.83395957946777 11.1161451339722 12.0384569168091 9.40167713165283 7.99926996231079 6.70844507217407 8.66992282867432 12.6271181106567 11.6261968612671 9.38545989990234 8.11923408508301 5.00652170181274 3.98973155021667 4.09552478790283 3.92511010169983 4.27091503143311 4.30125331878662 4.90866947174072 7.38529968261719 13.3751382827759 13.2018203735352 11.8271713256836
4.17595338821411 4.56043338775635 5.74159145355225 5.36577653884888 4.33830261230469 3.78796052932739 2.93556833267212 2.57844161987305 2.42328023910522 2.31369185447693 2.16689491271973 2.18065786361694 2.08254861831665 2.02672648429871 2.20435547828674 2.01790237426758 1.67103660106659 1.26340186595917 0.927415251731873 0.52782815694809 0.248508051037788 0.0988127663731575 3.46080923080444 9.04441261291504 12.4592008590698 11.7553548812866 9.59375381469727 8.87492275238037 8.31296062469482 6.90478372573853 9.20291137695312 10.4943628311157 8.13759231567383 8.36862659454346 5.74621057510376 4.52513980865479 3.79898881912231 3.57013320922852 6.06253004074097 9.13288021087646 10.0046720504761 11.7036991119385 13.5864763259888 14.0175075531006 11.5216703414917
5.7495322227478 4.92010402679443 5.21292924880981 4.70026397705078 4.22342109680176 3.79773688316345 3.02578949928284 2.75468397140503 2.5229856967926 2.26713252067566 2.22141623497009 2.10821342468262 2.00748467445374 1.91599810123444 1.98395812511444 1.85237944126129 1.62175524234772 1.55530762672424 1.03321588039398 0.571632981300354 0.501969635486603 0.456568688154221 3.63787841796875 8.25030040740967 10.3434457778931 9.55451393127441 8.01618194580078 8.5874605178833 7.9189190864563 6.89309978485107 7.07000350952148 6.91639423370361 6.4015941619873 6.64759016036987 5.88252258300781 5.05430269241333 4.38621664047241 4.58439302444458 9.24886226654053 11.0054616928101 10.8713483810425 9.48061752319336 9.51907920837402 10.8867959976196 9.32547760009766
4.76169157028198 4.04882669448853 3.95980525016785 4.16279315948486 3.90963196754456 3.12433218955994 2.9221568107605 2.67732214927673 2.47199654579163 2.36639332771301 2.2077043056488 2.07335734367371 1.8880523443222 1.80460107326508 1.87004029750824 1.76987016201019 1.58298099040985 1.54769349098206 1.20354390144348 0.756586790084839 0.755363583564758 0.571748316287994 4.11631202697754 7.58305311203003 6.72506809234619 7.33445262908936 6.51392841339111 6.61370897293091 6.01979160308838 6.35950708389282 6.72798347473145 6.36259508132935 6.08497714996338 6.27875089645386 5.88583850860596 5.31222915649414 4.81353902816772 4.24798822402954 6.92730140686035 9.00883865356445 10.4206571578979 11.6651554107666 9.72148609161377 8.93709659576416 7.492760181427
3.82030940055847 3.07414603233337 3.33685231208801 3.18045139312744 3.04886555671692 2.8296422958374 2.73752307891846 2.50246500968933 2.38665175437927 2.31021475791931 2.1593325138092 2.02216482162476 1.9574019908905 1.85036265850067 1.75581240653992 1.67338597774506 1.57812941074371 1.52366673946381 1.19226956367493 0.825209617614746 0.7984459400177 0.686811447143555 4.89265918731689 6.71422815322876 5.00672245025635 4.04790258407593 4.61891651153564 4.33320474624634 4.21153545379639 4.9557638168335 5.23367023468018 5.00810813903809 5.60192155838013 5.9468789100647 5.63023948669434 5.36797428131104 5.29572010040283 4.91493511199951 6.50487613677979 9.22998332977295 10.058892250061 10.0691556930542 7.76564931869507 7.76916074752808 7.25940990447998
2.48617053031921 2.12134408950806 2.63189673423767 2.56472706794739 2.44061064720154 2.34172558784485 2.10314011573792 1.93879723548889 2.1819920539856 2.14440822601318 1.98665714263916 1.96615433692932 1.89409446716309 1.78329801559448 1.71925830841064 1.66448652744293 1.58064520359039 1.52096557617188 1.34447932243347 1.05982744693756 0.872911334037781 1.08829200267792 5.22579193115234 5.29508018493652 2.78161120414734 2.34001278877258 2.63049697875977 2.01778793334961 2.39797210693359 3.33919715881348 3.44990682601929 3.65444278717041 4.50945377349854 4.7958288192749 4.60124492645264 4.98191404342651 5.07182168960571 4.75870990753174 4.67066144943237 4.77202367782593 4.8609094619751 4.79831743240356 5.77204465866089 5.78464221954346 5.58115291595459
