slauniainen/Data/DEM/Vihti_dsm1500b_cl_horizonAngle_210.asc
NCOLS 196 
NROWS 178 
XLLCORNER 353680 
YLLCORNER 6699024 
CELLSIZE 16 
NODATA_value -3.4e+38 
[rows 120 to 139 of 178, columns 0 to 44 of 196]
4.00944042205811 3.19742894172668 3.69990873336792 2.55164790153503 1.79797112941742 1.05017113685608 1.49682879447937 1.34600639343262 1.29464530944824 3.60339379310608 5.81511354446411 4.86067295074463 3.11675953865051 2.92601442337036 2.93212199211121 3.67169904708862 3.3499448299408 3.20801639556885 2.44356656074524 2.45238184928894 0.509857594966888 -1.58802604675293 -1.78997349739075 -0.765551388263702 6.13927507400513 5.6795482635498 2.33195805549622 -1.22455072402954 3.72203707695007 3.4079327583313 -0.724855124950409 1.33976590633392 2.93667984008789 10.0539035797119 0.429727286100388 -0.562545478343964 1.9324015378952 13.1494083404541 32.8797264099121 23.5964832305908 18.2063293457031 13.8291063308716 11.4667472839355 7.09856653213501 8.66935634613037
3.829256772995 4.71397352218628 4.81153917312622 2.67454242706299 1.39248979091644 1.29995548725128 1.70518100261688 1.40619230270386 1.8221527338028 2.73980760574341 3.61852765083313 4.68277072906494 4.43004560470581 3.06767249107361 3.86077094078064 3.52131819725037 3.3099091053009 2.92399477958679 2.69877362251282 1.72226226329803 0.533400177955627 -0.887130618095398 -1.72806751728058 -2.0904552936554 -1.28915345668793 8.37147331237793 3.12703418731689 7.40733528137207 -0.971940219402313 -0.294567883014679 0.0970669761300087 0.0636938959360123 -1.16407191753387 -0.148428931832314 1.41725277900696 0.00458392547443509 0.144143089652061 23.9860172271729 45.5622329711914 34.4376525878906 18.9797325134277 16.7687091827393 9.38629531860352 10.4156351089478 10.3610382080078
5.32092666625977 5.8177695274353 4.76235294342041 3.63373422622681 2.09363317489624 2.28657913208008 1.86105144023895 1.66342329978943 2.85177564620972 2.13715624809265 2.93281269073486 3.56227087974548 5.0514497756958 4.07975769042969 4.0369119644165 3.68611168861389 3.43891334533691 2.89775824546814 2.03230261802673 0.687827229499817 -0.228945851325989 -1.58748066425323 -1.90798509120941 -1.93545770645142 -1.65757727622986 14.4974212646484 2.18206310272217 11.7389335632324 7.09893941879272 3.94346785545349 3.58174753189087 4.93472862243652 4.63393831253052 -0.405132472515106 -0.115071579813957 0.108283914625645 0.042270340025425 -0.139177322387695 8.4847936630249 40.2515029907227 26.4357833862305 18.2020606994629 10.3035154342651 12.2000408172607 11.7820138931274
6.56656074523926 5.30445957183838 4.7631402015686 3.47291350364685 2.87044525146484 2.80213141441345 2.20365405082703 2.52624535560608 3.21215081214905 2.55036926269531 3.0557656288147 2.71966648101807 3.76177883148193 4.62649154663086 3.89000344276428 3.61200284957886 2.86883020401001 3.03267621994019 0.871868431568146 0.11642911285162 -0.218192309141159 -0.811712265014648 -1.74970519542694 -1.57522010803223 -1.89442145824432 -1.37559354305267 -1.50180566310883 4.84779357910156 0.825441241264343 0.164346739649773 -0.511479556560516 -0.472208619117737 0.69724440574646 0.456880360841751 0.512482881546021 0.919129133224487 0.963015377521515 1.60918319225311 0.990400791168213 41.6221771240234 38.0054473876953 15.1498079299927 15.4520673751831 15.3386287689209 16.5821475982666
7.07375478744507 5.37966299057007 3.97181296348572 4.110023021698 4.58200740814209 2.9055016040802 2.63594532012939 3.95734858512878 2.64187431335449 3.32475090026855 2.92806077003479 3.02884984016418 3.84897518157959 4.31042385101318 4.06458234786987 3.32325625419617 3.17237234115601 2.15869069099426 0.905104517936707 0.0891972407698631 -0.199900895357132 -0.211253479123116 -1.2166839838028 -0.75537896156311 -1.3744021654129 -1.41926002502441 0.483707308769226 -0.937685549259186 3.15230417251587 5.49654388427734 3.05388832092285 3.87869954109192 0.767350077629089 0.949180483818054 1.97362923622131 14.2876234054565 0.658985257148743 2.5070903301239 1.03974056243896 2.01007843017578 40.427375793457 15.4310741424561 18.8085746765137 18.7067260742188 20.1240482330322
6.43325424194336 5.81882858276367 4.64669847488403 4.65963935852051 5.10520172119141 3.43396997451782 5.17242956161499 3.06180262565613 3.39857912063599 3.7268009185791 3.13494420051575 3.2677149772644 4.32584238052368 4.06874561309814 3.87101674079895 3.16853952407837 3.32703614234924 1.34899270534515 0.853335618972778 -0.151013538241386 -0.166227504611015 -0.208350539207458 -0.637723505496979 -1.38906502723694 -1.22913730144501 -1.18944156169891 -1.42798173427582 11.7410907745361 6.58098602294922 12.2816133499146 3.80938720703125 3.37622141838074 3.18434906005859 5.08010625839233 1.69286561012268 6.51490545272827 12.3883104324341 1.39041209220886 7.75910425186157 1.61071527004242 35.0641632080078 29.1227226257324 28.8512401580811 30.9039096832275 34.220100402832
6.60474061965942 4.96120262145996 5.03846406936646 5.90825033187866 4.7482705116272 5.57280731201172 5.94258069992065 4.42481851577759 4.49418163299561 3.73591351509094 3.65371131896973 4.31199312210083 4.5911283493042 4.24257659912109 3.49486422538757 3.47717452049255 2.33648729324341 1.42945075035095 1.05945158004761 -0.117057502269745 -0.161738738417625 0.378369003534317 0.250407636165619 -1.00562012195587 -1.22618615627289 -0.571657836437225 5.79538059234619 18.8495674133301 11.9033737182617 13.8033256530762 20.0875225067139 10.8498229980469 14.1855840682983 3.1158275604248 1.24026358127594 4.51717281341553 2.09630632400513 1.91354250907898 10.2467308044434 4.63037919998169 33.1559219360352 41.0632934570312 40.794017791748 43.1747627258301 46.8357238769531
7.1859655380249 5.7221531867981 5.77321815490723 6.49901008605957 5.10163974761963 7.8497166633606 5.56265163421631 5.92412757873535 4.86554431915283 3.85269451141357 4.23170137405396 5.13257837295532 4.53662824630737 4.09482145309448 3.33338236808777 3.63425278663635 1.90035879611969 1.52027535438538 0.718231379985809 -0.0887017846107483 -0.15229731798172 0.385056465864182 0.413310378789902 -1.11842679977417 -1.09824812412262 -1.33386754989624 3.30357003211975 12.7174682617188 3.20306277275085 10.1405992507935 16.5656318664551 9.91808891296387 4.84667873382568 3.57226538658142 1.25390779972076 4.44851160049438 1.42807567119598 1.7323625087738 16.2841091156006 9.63389110565186 1.58803474903107 8.71625709533691 0.935549020767212 0.0933861508965492 3.81589651107788
6.3266806602478 6.24542903900146 7.61615562438965 5.97395086288452 6.97681570053101 8.61321258544922 6.9143180847168 6.85564613342285 6.01157188415527 5.38227415084839 6.3277153968811 5.3587441444397 4.47787046432495 3.86537051200867 3.77467679977417 2.47968339920044 1.47405803203583 1.69977796077728 -0.0739324986934662 -0.0965280905365944 0.469038367271423 0.373851388692856 0.467510282993317 0.201962634921074 -0.780499815940857 -1.60371458530426 9.92369937896729 13.5475282669067 8.90563678741455 20.667932510376 11.3503427505493 5.10587882995605 17.8968658447266 13.3499069213867 4.65736293792725 2.75287985801697 2.24650359153748 2.03878259658813 5.61239004135132 2.32444334030151 0.494022697210312 2.80731892585754 0.148034229874611 0.303662061691284 3.36437201499939
7.27217292785645 9.10868072509766 6.990403175354 6.531090259552 10.0524272918701 6.92908096313477 7.92374706268311 7.52023506164551 6.3102650642395 7.11566352844238 7.51847505569458 5.97142028808594 5.11833381652832 4.27800798416138 2.7154541015625 0.925149381160736 -0.166084676980972 1.20800232887268 -0.0612575486302376 -0.0806488022208214 0.482416659593582 0.564980745315552 0.727265775203705 1.0049135684967 -0.715882182121277 -1.7789888381958 -1.37631177902222 2.25356245040894 -1.34421265125275 1.25036990642548 5.58089447021484 4.31542444229126 7.00953674316406 2.94667458534241 7.6926007270813 4.48669338226318 1.3846116065979 1.97596120834351 1.9345543384552 1.62236499786377 1.18737685680389 1.21893298625946 1.02125561237335 4.84067010879517 4.86864805221558
8.80835819244385 10.4597215652466 7.83363151550293 12.0325298309326 7.88143539428711 8.87052345275879 8.86538505554199 7.65656757354736 7.35646200180054 8.6736478805542 7.76577949523926 6.29673957824707 5.32186937332153 5.29805088043213 1.33582937717438 -0.164057418704033 -0.131154343485832 -0.0204947795718908 -0.047736931592226 0.574831604957581 0.48407456278801 0.584569156169891 1.1102409362793 0.98160046339035 -0.747919917106628 -1.20675265789032 -1.21178090572357 -0.53601086139679 0.648467421531677 9.15207195281982 3.05615139007568 10.0377330780029 14.6984310150146 7.77940559387207 3.5408091545105 4.20939826965332 3.79529523849487 2.97903275489807 1.65901124477386 1.75123906135559 1.04768991470337 0.760687589645386 1.32436645030975 3.48256278038025 5.63533639907837
13.522084236145 9.61102962493896 10.643292427063 13.7754888534546 10.6253623962402 10.6233921051025 8.97917079925537 7.82115793228149 8.88402652740479 9.59765911102295 8.67453193664551 6.31552934646606 6.22937107086182 3.92733907699585 1.74611830711365 -0.0552085936069489 -0.0375414080917835 -0.00862412247806787 0.646732866764069 0.568953931331635 0.717138469219208 0.880261123180389 1.14417636394501 1.00587177276611 0.256000995635986 -0.868227243423462 -0.933705568313599 -1.23900532722473 -1.31660234928131 1.37941348552704 1.85992932319641 6.20805072784424 5.93105125427246 13.0988340377808 11.0587558746338 1.85689520835876 3.91131949424744 3.87828040122986 4.25489902496338 1.63980138301849 1.99848580360413 2.18721318244934 -0.149215251207352 0.879502058029175 1.62458157539368
16.596248626709 11.6533899307251 17.7340679168701 10.8309545516968 12.1747903823853 12.1722021102905 8.47969532012939 9.47988700866699 11.25465965271 10.2494373321533 8.12356472015381 6.86181020736694 6.90844535827637 2.07914638519287 -0.0480356477200985 -0.051908865571022 0.00710871443152428 0.0232657454907894 0.677489757537842 0.725822746753693 0.76166158914566 1.3138302564621 1.15464949607849 0.879428625106812 1.07538878917694 -0.260025203227997 -1.05282711982727 -1.41968941688538 11.1295623779297 1.93784892559052 0.2633216381073 4.7732105255127 0.166824579238892 1.27686858177185 13.0422048568726 13.0443563461304 6.54571151733398 3.17920565605164 12.3085250854492 10.1489305496216 5.80613803863525 1.62261283397675 1.49189841747284 3.23319053649902 4.6447582244873
15.3064165115356 15.7135648727417 21.5976486206055 15.6895627975464 15.693169593811 12.3101062774658 11.3441381454468 13.460015296936 12.2780246734619 9.5032844543457 8.11207866668701 8.21500968933105 5.14054203033447 2.35907053947449 -0.0172589607536793 0.000595991616137326 0.0137187037616968 0.766623556613922 0.712515532970428 0.93477588891983 1.12686538696289 1.38180232048035 1.20778906345367 0.680668711662292 1.08626401424408 -0.0452328324317932 -0.799009561538696 -1.15546047687531 4.10672044754028 6.39213228225708 4.11847448348999 1.3373875617981 4.51058149337769 5.14846563339233 2.010089635849 6.90746831893921 4.13850975036621 1.69301688671112 9.82157897949219 10.8251314163208 5.94499540328979 4.7387113571167 1.48019433021545 5.51017618179321 12.2929754257202
22.4019298553467 32.5630569458008 17.1623401641846 19.1986064910889 19.2270526885986 12.5993204116821 13.513578414917 15.3887090682983 14.0473184585571 9.73330593109131 9.91517639160156 6.12880325317383 2.9093599319458 0.0334031283855438 0.716981649398804 0.0502221286296844 0.0597304552793503 0.837598204612732 0.926324367523193 1.00964033603668 1.68167269229889 1.46638798713684 1.10561442375183 1.32052803039551 1.23249959945679 1.58073151111603 -0.926339268684387 -1.28956878185272 -0.367428749799728 6.97615385055542 1.8994460105896 2.5202968120575 3.12667322158813 9.98884010314941 0.435332685709 -0.361022979021072 2.27912640571594 4.87005996704102 3.99477887153625 12.5955677032471 8.92981910705566 10.2178363800049 2.33842706680298 8.06630516052246 31.2748031616211
33.085750579834 45.310848236084 29.3513851165771 29.3200092315674 19.4602108001709 16.7319488525391 19.7281742095947 18.0626926422119 13.0221652984619 11.1583404541016 11.3782930374146 3.61548852920532 0.0956837311387062 0.757709980010986 0.540984869003296 0.525910019874573 0.880307972431183 0.867761731147766 1.11351788043976 1.8661881685257 1.77729177474976 1.42645406723022 0.97180050611496 1.43971252441406 1.53561520576477 1.63061797618866 0.305228441953659 -1.6204549074173 -1.32667028903961 -1.77386677265167 2.60254287719727 6.60310029983521 -0.650492131710052 2.13259601593018 8.86843299865723 0.752354383468628 7.85512161254883 3.84023547172546 4.63961744308472 6.55560207366943 14.5108966827393 11.6345262527466 11.4856958389282 2.36131453514099 21.4353618621826
-1.96569812297821 38.217529296875 41.6905937194824 41.6690483093262 24.0611763000488 20.4358081817627 23.9600048065186 21.9946327209473 14.3967790603638 14.6872587203979 8.49678802490234 4.17402410507202 1.20187783241272 1.55720102787018 1.46385633945465 1.5084844827652 0.919136822223663 1.18569135665894 1.49694311618805 1.94204521179199 1.87180852890015 1.31461036205292 1.8928929567337 1.70355427265167 1.91915917396545 1.55341482162476 -0.00384165509603918 -0.642148017883301 -0.916013181209564 0.971402764320374 -1.08287119865417 6.01766204833984 1.09643864631653 -0.912092387676239 1.66748654842377 1.0289831161499 26.7590370178223 8.8846492767334 10.089937210083 7.01370143890381 6.46778678894043 4.20239973068237 5.93431615829468 1.18143570423126 4.54575300216675
0.35614413022995 0.83792120218277 7.07104587554932 42.0040283203125 35.2546195983887 35.6335296630859 33.0833206176758 20.4832286834717 17.6452083587646 17.98095703125 5.42614793777466 1.53914570808411 1.62294280529022 1.8368536233902 2.15319561958313 1.70141565799713 0.941857397556305 1.22697365283966 2.05652570724487 1.99702382087708 1.72694218158722 2.32812738418579 2.21144509315491 2.12674808502197 2.03947591781616 1.85048294067383 1.77075719833374 -0.463718622922897 3.471116065979 -1.3939129114151 -1.19027125835419 3.87428998947144 4.00395059585571 11.3106298446655 0.676873445510864 -0.938275814056396 12.2399282455444 23.1013278961182 14.190673828125 12.8557186126709 20.3645572662354 1.03321695327759 7.34818077087402 1.49769032001495 8.19878101348877
1.51733791828156 -1.90167438983917 2.38235569000244 10.5061902999878 43.3800392150879 48.5880851745605 45.8909950256348 27.2132816314697 27.6444664001465 13.5165719985962 6.71245431900024 2.01466345787048 1.89725172519684 2.25033664703369 1.99166023731232 2.2666871547699 1.31703889369965 1.64734172821045 2.1386353969574 2.08108735084534 1.51861023902893 2.4442834854126 2.42305326461792 2.46691298484802 2.05763864517212 1.9733167886734 1.87251496315002 -0.381363719701767 -1.26355373859406 -1.01844155788422 -0.876703381538391 0.474602788686752 -0.821101486682892 2.43598914146423 3.5502724647522 -0.969993233680725 0.558651566505432 -0.17002572119236 0.0422328598797321 1.49109137058258 1.34799206256866 0.263300120830536 1.66050541400909 1.37283980846405 3.95274877548218
8.39948558807373 3.10685443878174 5.01063632965088 2.81949329376221 0.307707101106644 1.48185169696808 43.6056900024414 39.1404762268066 39.7003707885742 10.7540493011475 2.84147262573242 2.37570285797119 2.45714092254639 2.26997518539429 2.40561532974243 2.04843187332153 1.37687766551971 2.28129267692566 2.20459866523743 1.90469992160797 2.71078109741211 2.76682877540588 2.92490458488464 2.66031074523926 2.48082518577576 2.32339286804199 2.06331276893616 0.833947062492371 -0.120447233319283 -0.867100536823273 10.0846481323242 3.5784227848053 8.31534957885742 0.239308208227158 6.54169178009033 2.6039707660675 9.20223903656006 5.78200817108154 3.56237244606018 4.29276943206787 4.98712968826294 3.63499069213867 12.441686630249 15.6203451156616 8.25436496734619
