slauniainen/Data/DEM/Vihti_dsm1500b_cl_horizonAngle_270.asc
NCOLS 196 
NROWS 178 
XLLCORNER 353680 
YLLCORNER 6699024 
CELLSIZE 16 
NODATA_value -3.4e+38 
[rows 120 to 139 of 178, columns 45 to 89 of 196]
7.42210960388184 6.60901498794556 5.97555637359619 5.44780445098877 5.00000476837158 4.61799240112305 4.2982931137085 3.99543976783752 3.72430491447449 3.48702549934387 3.2752788066864 3.08030200004578 2.86448502540588 2.64701724052429 2.43383359909058 2.22469592094421 1.91577291488647 1.62693631649017 1.42450654506683 1.78225457668304 -0.883911609649658 -1.03537321090698 -1.07238972187042 3.9177770614624 20.3343982696533 5.93490076065063 6.02912139892578 1.62074410915375 27.7758560180664 9.83751583099365 8.89775371551514 0.434117913246155 8.11956214904785 1.84253489971161 5.47256183624268 14.4128580093384 5.18549728393555 2.82378149032593 -0.103356532752514 -0.327108830213547 3.37281584739685 1.84925425052643 9.00094223022461 3.97185134887695 15.1410484313965
8.17624187469482 7.2596755027771 6.51147937774658 5.90352821350098 5.38436412811279 4.93290185928345 4.54573631286621 4.21690130233765 3.91237235069275 3.65644907951355 3.42867040634155 3.21956253051758 3.01788210868835 2.81198310852051 2.61118960380554 2.38397312164307 2.01038241386414 1.60844945907593 1.3116968870163 1.19193422794342 -0.768614828586578 -1.16714096069336 -1.24994456768036 18.3184185028076 3.9564197063446 3.58364582061768 1.65786612033844 4.49239063262939 0.0999510660767555 -0.686942458152771 5.88613843917847 15.3927726745605 4.07269334793091 11.1355257034302 5.83869457244873 5.37854290008545 4.84846353530884 3.26404595375061 -0.42185977101326 8.93689632415771 -0.644455313682556 6.30406665802002 3.29925322532654 2.00864195823669 12.3537521362305
8.94355773925781 7.83844900131226 6.91970062255859 6.22157573699951 5.63690137863159 5.13218688964844 4.69439268112183 4.31808185577393 3.98636198043823 3.70981049537659 3.47556042671204 3.25218462944031 3.05183148384094 2.85760378837585 2.66701030731201 2.44721865653992 0.141485393047333 35.5550117492676 14.9642066955566 9.56810474395752 -1.02333152294159 3.71482110023499 1.0309249162674 -1.03062868118286 17.1168041229248 2.15159177780151 12.6885614395142 12.6013536453247 3.98437070846558 0.223625183105469 1.97317433357239 -0.129354000091553 5.38440132141113 7.22650003433228 2.54765868186951 15.2146596908569 0.370383441448212 6.42585802078247 -0.253293991088867 1.07084894180298 -0.986749887466431 -0.0174524988979101 -1.09299147129059 8.33797264099121 6.48182678222656
8.40162181854248 7.20618677139282 6.24921226501465 5.50500011444092 4.93273496627808 4.43983173370361 4.03768014907837 3.67558193206787 3.35024976730347 3.10668277740479 2.90092802047729 2.7049994468689 2.51518535614014 2.34275531768799 2.16200876235962 1.95236921310425 -0.133352011442184 38.4154510498047 18.798397064209 5.04629373550415 -0.770216464996338 -0.923650741577148 7.56623649597168 4.44167613983154 -1.13373982906342 25.8138408660889 11.4034414291382 8.96967029571533 7.8529224395752 4.47962999343872 4.05503416061401 1.2523421049118 1.09875428676605 10.8489017486572 3.36028337478638 11.3713073730469 1.99503743648529 -0.0925645381212234 -0.83249443769455 0.771152794361115 -0.926589250564575 -1.20088493824005 2.29133343696594 10.2178888320923 12.7267198562622
9.04403591156006 7.60020112991333 6.50419521331787 5.69722604751587 5.07111835479736 4.56631231307983 4.16363143920898 3.80802607536316 3.46860909461975 3.20362758636475 3.00082421302795 2.82838654518127 2.63526487350464 2.4578697681427 2.27104425430298 2.08886933326721 -0.622588157653809 15.1691770553589 35.2035636901855 -1.04207599163055 5.07636022567749 9.64219951629639 -1.02955293655396 -1.24212658405304 7.05212879180908 4.73434257507324 19.9808902740479 11.0218439102173 4.1475510597229 0.853590250015259 9.30265522003174 0.424111813306808 22.7924766540527 4.37535429000854 4.55829620361328 21.4016742706299 0.230887308716774 -0.457426011562347 -1.58192181587219 -1.86397159099579 7.39414024353027 14.2260475158691 1.34025573730469 8.06510162353516 15.8493537902832
9.88880920410156 8.2766752243042 7.03779602050781 6.10374164581299 5.35301733016968 -0.685670793056488 -1.25696229934692 -1.07706224918365 3.895676612854 2.25398063659668 1.62392151355743 52.0023956298828 32.37548828125 22.7461128234863 17.1738872528076 13.5206441879272 10.8987531661987 3.84418153762817 1.49180674552917 37.7343864440918 2.58243680000305 -1.26970911026001 1.88359546661377 6.53030014038086 9.07707405090332 1.82909047603607 0.647035121917725 7.85202264785767 15.1678991317749 3.27975964546204 2.41331148147583 10.9828939437866 8.08965492248535 1.32315802574158 3.38496947288513 0.0557864308357239 -0.691401600837708 -1.58391630649567 -1.60095012187958 -1.83235311508179 0.21059837937355 8.41931819915771 8.74937152862549 0.61620682477951 12.7028074264526
7.88166427612305 -2.41387438774109 9.13328266143799 2.52547860145569 17.3486804962158 8.78506755828857 0.132101088762283 21.2655239105225 13.2941331863403 6.38596963882446 0.53366756439209 4.56848192214966 52.051887512207 32.3936042785645 22.6365127563477 17.0621662139893 13.3368072509766 10.8762502670288 9.0613842010498 7.54096841812134 6.44639921188354 2.39629745483398 -0.171097427606583 2.98723840713501 -0.692592799663544 15.0177507400513 6.78110837936401 4.30622148513794 1.84034049510956 8.51539611816406 5.59759283065796 3.83203101158142 4.39208698272705 5.79092931747437 2.56014442443848 -0.492995351552963 -0.831607699394226 -1.45713031291962 11.5653257369995 4.24690198898315 12.0611419677734 -1.42574667930603 -1.05596423149109 4.87138175964355 11.4513473510742
2.61934757232666 1.59158742427826 -0.840310513973236 22.6118183135986 13.2293710708618 4.54990386962891 -1.40300166606903 18.7306156158447 13.6047134399414 7.91862154006958 0.176723077893257 0.154504507780075 6.67525053024292 51.5913124084473 31.9940013885498 22.3640213012695 16.8271923065186 13.2421960830688 10.7539005279541 9.0675802230835 7.56823682785034 5.97250747680664 1.14939796924591 0.834752142429352 -0.0412889420986176 4.17504453659058 2.04419875144958 1.06515181064606 9.09170722961426 3.22277665138245 -0.407316833734512 21.3200511932373 9.74138259887695 5.25345802307129 2.94773697853088 1.3857718706131 -0.569594264030457 -1.09956347942352 -1.17007923126221 5.25760746002197 0.244598522782326 6.50718259811401 -1.23518431186676 -1.28678393363953 11.0944576263428
0.880614340305328 0.529245376586914 -1.10066103935242 28.8713340759277 5.65446519851685 7.11714792251587 5.07232618331909 3.39336776733398 0.80337792634964 -0.421550899744034 9.19489669799805 1.02333903312683 -0.239912182092667 20.9972705841064 9.71892642974854 43.2981071472168 24.9270305633545 16.6851615905762 12.0798931121826 9.58588981628418 8.28134918212891 7.1270694732666 2.12914061546326 0.838318049907684 0.409529805183411 -0.668468177318573 9.78026008605957 8.11190891265869 1.69666659832001 0.557293772697449 11.5439786911011 -0.28848060965538 10.3003730773926 5.36301565170288 7.14986562728882 3.40936684608459 -0.698962152004242 3.34320378303528 -0.756777048110962 -1.02763712406158 -1.14641976356506 -1.17577981948853 -1.33176279067993 7.72330665588379 23.1006908416748
-0.696084022521973 -0.812431931495667 -0.842221260070801 27.3238182067871 10.3547506332397 4.79929876327515 0.636940121650696 -1.04497992992401 14.0029344558716 2.62324213981628 8.44017028808594 5.96329164505005 1.48269641399384 5.93398332595825 3.50722074508667 11.2553777694702 39.9951400756836 22.2032260894775 14.5203914642334 10.8710174560547 8.95669174194336 7.45475292205811 1.82507014274597 0.428268790245056 0.374314427375793 -0.123392790555954 9.62886905670166 -0.37371027469635 13.1645021438599 -0.589073121547699 0.457358866930008 -0.63299286365509 9.19872951507568 6.82213687896729 3.91059613227844 5.13754796981812 1.7957569360733 2.2671492099762 1.27577614784241 -0.544392049312592 5.68066835403442 -0.763286411762238 -0.162656426429749 7.96363258361816 9.28885078430176
8.24861717224121 13.9851055145264 1.19869470596313 6.71777391433716 -0.942454218864441 -1.63251316547394 22.4477310180664 4.16849374771118 1.24837648868561 28.0080375671387 2.74685621261597 6.06707000732422 4.00420427322388 -0.346701294183731 16.3514919281006 6.11571264266968 18.667407989502 38.5189399719238 21.0808238983154 15.1284894943237 11.9777507781982 9.78438568115234 8.19536018371582 -1.1349503993988 31.740026473999 17.9893112182617 6.19715881347656 2.35349655151367 11.5601406097412 3.09946894645691 9.41887474060059 0.276691198348999 26.4623146057129 4.25789260864258 3.2466607093811 7.14313840866089 29.6960067749023 9.8333625793457 3.51239919662476 1.04954159259796 3.53339076042175 0.750958979129791 0.692744374275208 7.53734159469604 11.4717502593994
11.7953481674194 7.39949941635132 20.9013023376465 4.78492641448975 4.10765552520752 18.1569728851318 0.623285710811615 0.304685860872269 -0.708926796913147 -1.16043841838837 6.77050018310547 5.42152214050293 5.94315958023071 9.04466247558594 8.64247131347656 5.81156015396118 0.351786226034164 -1.17444908618927 56.0086936950684 36.2664527893066 25.5829849243164 19.4195861816406 15.4765996932983 12.9048852920532 3.56639361381531 3.1641001701355 10.9271202087402 14.4699840545654 3.04602074623108 2.5903046131134 -0.720996201038361 -1.15277767181396 14.0997800827026 8.14483547210693 5.39520978927612 16.5516891479492 26.1621990203857 5.66454267501831 3.8146800994873 8.58540153503418 3.6637020111084 2.69196701049805 10.3184299468994 7.1691370010376 6.66216135025024
0.243839010596275 20.9716796875 18.339054107666 11.037278175354 17.9677543640137 3.72589015960693 3.55760765075684 -1.36689603328705 30.7281970977783 3.03414130210876 1.24556922912598 -0.350028485059738 5.33488416671753 40.3708534240723 3.7739315032959 21.5812721252441 1.03560125827789 16.7576751708984 1.49950015544891 49.3613433837891 29.5891304016113 20.3932666778564 15.1988945007324 12.0268211364746 6.53440809249878 0.627248764038086 44.7197303771973 23.8139820098877 15.6294641494751 0.860264599323273 -0.415817946195602 -0.976627230644226 -0.995535492897034 13.9514808654785 16.9564952850342 19.4744148254395 8.48165702819824 6.95470809936523 21.2969589233398 6.09909105300903 5.43587493896484 4.58404541015625 17.3342514038086 9.11140251159668 7.48206996917725
1.63151872158051 43.5236320495605 14.2506847381592 12.9529600143433 9.04745769500732 6.81852197647095 2.18911409378052 1.09556841850281 -1.05813670158386 22.2564067840576 6.69611835479736 0.127183377742767 -1.7510849237442 10.5741367340088 18.3849601745605 10.7170886993408 11.6116819381714 7.49219417572021 20.9358444213867 13.4303998947144 13.4293365478516 9.96286296844482 7.79113578796387 6.83516788482666 6.2454948425293 1.27801859378815 42.6023979187012 22.9029026031494 15.2348289489746 9.64694881439209 -0.31244832277298 2.21560287475586 -0.689233660697937 23.4606456756592 18.4744319915771 13.3200349807739 7.994056224823 8.77257823944092 6.19601011276245 8.04865550994873 5.32527446746826 20.2474098205566 23.7655467987061 12.3197774887085 34.7846870422363
20.3659839630127 15.1747274398804 9.12088871002197 7.75062847137451 4.46881008148193 5.23184776306152 2.21697187423706 0.893539369106293 0.432823449373245 6.71672010421753 1.27387583255768 12.0718746185303 5.08360862731934 -0.701354622840881 -0.752867519855499 -1.33551299571991 28.7149658203125 31.7563743591309 24.8174533843994 18.9577388763428 15.184871673584 12.7103624343872 10.5686063766479 9.1942081451416 8.28009033203125 5.32361888885498 16.3858184814453 5.96605491638184 4.88044118881226 4.01765727996826 3.40357351303101 0.230266466736794 -1.09441864490509 28.9195804595947 22.9658164978027 16.1184692382812 12.3109149932861 9.19259357452393 9.03130054473877 8.56129741668701 32.9247970581055 25.691234588623 17.1613082885742 16.382230758667 13.8546409606934
24.4767475128174 21.8485946655273 12.1162700653076 11.2207527160645 9.05644130706787 7.56532049179077 3.71195197105408 2.03663539886475 1.45173251628876 0.528515994548798 -0.599575400352478 -0.763793349266052 26.7320327758789 5.48029613494873 2.45632576942444 0.317721426486969 44.5535354614258 21.3005142211914 19.2270584106445 14.3198575973511 11.2226543426514 9.55450630187988 8.27466487884521 4.24226188659668 21.2236137390137 10.3185319900513 6.1613245010376 3.94578051567078 3.23730373382568 2.72231936454773 2.45825719833374 7.14997863769531 -0.116173811256886 3.26543211936951 19.9889602661133 9.84438419342041 17.3965950012207 7.39556503295898 6.59719753265381 35.818431854248 29.7521667480469 16.7718334197998 14.5627613067627 10.9219732284546 7.21526861190796
46.6357574462891 27.8338184356689 15.9184713363647 14.5605554580688 4.31570243835449 28.8404769897461 5.51609325408936 0.999437749385834 9.67776584625244 16.257698059082 5.39689970016479 0.0265172962099314 0.572498321533203 -0.17316135764122 -1.7839537858963 16.6771469116211 9.73658657073975 37.7890815734863 31.6809673309326 21.8544158935547 16.4587707519531 13.4161386489868 11.3809089660645 9.72372913360596 8.62438869476318 7.72902059555054 5.38727855682373 12.4620475769043 5.09216833114624 4.62143278121948 4.67041158676147 6.49617576599121 1.4519829750061 18.1391201019287 13.0766172409058 11.6542844772339 10.8595180511475 5.95666599273682 31.3666610717773 20.2859630584717 14.4713363647461 11.3160600662231 15.9355697631836 8.90182304382324 6.73220872879028
25.4101428985596 32.0870742797852 21.2172718048096 12.1796875 9.09584999084473 5.99680423736572 5.52447175979614 3.45052218437195 0.843021094799042 8.95590305328369 2.45515394210815 24.2191295623779 -0.179676324129105 19.8699493408203 -0.26638263463974 -0.879168570041656 -1.74985694885254 47.4592437744141 38.3536911010742 28.5321063995361 21.9177379608154 17.6982803344727 14.9494256973267 12.9314870834351 11.2470073699951 9.86598205566406 8.6957426071167 4.29371690750122 26.8277950286865 14.8845500946045 11.926176071167 3.30188202857971 3.06480622291565 5.59086799621582 23.1157627105713 4.81175470352173 3.49097728729248 5.2730598449707 5.22489547729492 4.23224210739136 15.6617679595947 11.6591167449951 17.4423484802246 11.725643157959 7.21576833724976
8.97042179107666 32.9811820983887 23.8098449707031 11.8850536346436 4.889723777771 14.3902854919434 3.02445554733276 12.3930654525757 1.79110503196716 1.47419393062592 8.34184551239014 18.023946762085 0.785855114459991 -0.648791968822479 5.70572948455811 -0.560729682445526 2.08371734619141 10.0415554046631 45.5510482788086 26.9196281433105 18.4418144226074 13.8010149002075 11.0114040374756 9.31622409820557 7.48432636260986 7.03107070922852 6.22093296051025 4.64736890792847 4.34753608703613 0.802878737449646 0.437537610530853 26.9070281982422 20.0473785400391 16.1234264373779 18.8924160003662 10.5327253341675 5.4072585105896 2.84889817237854 1.21824705600739 12.6190242767334 18.1820201873779 12.5753164291382 20.1442031860352 14.3163785934448 9.45349502563477
3.94205379486084 29.9247608184814 3.57471013069153 19.7433471679688 2.53250503540039 -0.693471372127533 2.01451516151428 -1.53002536296844 22.9895973205566 4.63879776000977 1.19804632663727 30.6954345703125 2.34866762161255 0.617676973342896 -0.977812111377716 -1.23206770420074 18.4610939025879 16.0927658081055 36.4013519287109 20.4371852874756 14.7145738601685 12.1631746292114 3.21575522422791 3.03370785713196 26.6212291717529 20.6341762542725 14.5552625656128 11.0686264038086 8.6443338394165 7.76843023300171 0.858283281326294 0.86485755443573 39.7357063293457 35.0832901000977 20.8819675445557 7.77257204055786 0.850308895111084 0.302414387464523 -0.554551303386688 10.4890022277832 15.4207572937012 38.8220863342285 21.1526985168457 19.1212940216064 8.20874977111816
