slauniainen/Data/DEM/Vihti_dsm1500b_cl_horizonAngle_282.asc
NCOLS 196 
NROWS 178 
XLLCORNER 353680 
YLLCORNER 6699024 
CELLSIZE 16 
NODATA_value -3.4e+38 
[rows 20 to 39 of 178, columns 90 to 134 of 196]
8.07032203674316 7.87351751327515 7.90295743942261 7.64305400848389 7.38760852813721 7.37539863586426 7.35999965667725 7.14218091964722 6.95370388031006 6.78781890869141 6.65525531768799 6.06209278106689 5.97642993927002 5.90074014663696 5.7681884765625 5.61886310577393 5.5503044128418 5.43513488769531 5.34332418441772 5.24482440948486 5.23538017272949 5.12378692626953 5.40947866439819 5.28154468536377 5.14511394500732 5.0264368057251 4.9150185585022 4.86159467697144 4.75797319412231 4.67257308959961 4.58212089538574 4.49442195892334 4.03593778610229 4.15391540527344 4.0731258392334 3.68621897697449 3.61399555206299 3.02509593963623 2.56882405281067 1.85559618473053 3.16059136390686 1.81425929069519 2.21012210845947 11.6391382217407 4.97823762893677
8.30298709869385 8.12112998962402 7.92491292953491 7.40155601501465 7.1804633140564 6.95560455322266 6.87101936340332 6.66538619995117 6.49639844894409 6.42661285400391 6.47291040420532 6.54548454284668 6.45306301116943 6.36721515655518 6.23190402984619 6.10157680511475 5.58259868621826 5.47377395629883 5.3175196647644 5.21208047866821 5.11896657943726 5.02834987640381 4.87545871734619 4.76438188552856 4.73873472213745 4.63369941711426 4.87904977798462 4.77693891525269 4.68546962738037 4.60089826583862 4.51602745056152 4.42630577087402 4.37075281143188 4.28738832473755 3.70025491714478 3.22381162643433 3.02582406997681 2.82745885848999 2.52908539772034 2.1070613861084 1.42036914825439 7.91604232788086 1.35424149036407 4.24814128875732 6.31984806060791
7.7604341506958 7.58676862716675 7.59975099563599 7.66593885421753 7.44939994812012 7.22686290740967 7.00992441177368 6.81765413284302 6.40874719619751 6.29401779174805 6.1911358833313 6.14675378799438 6.05720043182373 5.95559644699097 5.93815517425537 5.94202852249146 5.94253635406494 5.82188940048218 5.69544267654419 5.57473039627075 5.15281391143799 5.06372022628784 4.9549503326416 4.80159521102905 4.62289905548096 4.47314453125 4.38352060317993 4.36601114273071 4.29202318191528 4.26532793045044 4.18715000152588 4.39239120483398 4.31144952774048 3.94290280342102 3.82358312606812 3.29843425750732 3.23581004142761 2.52354454994202 2.3672788143158 21.7664909362793 4.68666791915894 1.26325678825378 0.797092735767365 2.50022530555725 2.85158586502075
8.20306587219238 7.97753953933716 7.76696538925171 7.56920957565308 6.99843502044678 6.80361413955688 6.60048913955688 6.60296821594238 6.64495849609375 6.52224826812744 6.42845344543457 6.32426357269287 6.2189302444458 5.89093637466431 5.78428173065186 5.67164182662964 5.56244516372681 5.42901134490967 5.4236364364624 5.4188871383667 5.41169786453247 5.31147289276123 5.21432209014893 5.11744451522827 5.01326751708984 4.56866502761841 4.40090703964233 4.06777620315552 4.00311756134033 4.07249021530151 4.03221607208252 3.95555925369263 3.58437728881836 3.36944961547852 2.7783260345459 2.48742318153381 2.33249306678772 1.58796799182892 2.57335329055786 1.33555221557617 10.9877223968506 13.6438522338867 0.765515625476837 0.710346460342407 11.2784576416016
6.40075874328613 6.24254369735718 7.00226020812988 7.48739147186279 7.29778909683228 7.09713554382324 6.90148115158081 6.70559358596802 6.54390287399292 6.161048412323 6.06239366531372 5.94839859008789 6.01656055450439 6.05038261413574 5.9370231628418 5.81717205047607 5.70002508163452 5.39281558990479 5.29020643234253 5.18409442901611 5.08998537063599 4.99885749816895 4.88726329803467 4.90165185928345 4.88947725296021 4.87493181228638 4.7814302444458 3.90121483802795 3.70589923858643 3.64534974098206 3.75749826431274 3.68615436553955 2.66899943351746 2.32434511184692 2.31183338165283 2.2731716632843 1.54904842376709 2.86468887329102 1.15052342414856 1.01782608032227 5.43987798690796 26.7252540588379 8.67472267150879 14.4586305618286 2.87025260925293
6.21830940246582 6.04177713394165 5.89105844497681 5.94802188873291 5.82346534729004 5.69844245910645 5.57749462127686 6.14190673828125 6.5476393699646 6.42323780059814 6.27014446258545 6.140380859375 6.02474069595337 5.88412141799927 5.54320859909058 5.44222021102905 5.51328086853027 5.53095436096191 5.42248201370239 5.31836271286011 5.21623182296753 5.1147255897522 4.85247278213501 4.77107954025269 4.63683843612671 4.54819488525391 4.45723867416382 4.17112588882446 3.39528894424438 3.14947891235352 2.95598888397217 2.68113875389099 2.63259196281433 2.29326939582825 2.07720637321472 2.05044388771057 2.12735080718994 2.09418892860413 1.19742572307587 1.17928862571716 1.15176391601562 9.72434997558594 11.0180015563965 1.8133453130722 20.0264415740967
6.86679744720459 6.67676115036011 6.49447107315063 5.69620609283447 5.5893669128418 5.46483278274536 5.35986280441284 5.25989055633545 5.33341598510742 5.22186708450317 5.11360454559326 5.01788997650146 5.47209310531616 5.81772184371948 5.71470355987549 5.60935258865356 5.51151752471924 5.36956739425659 5.07857942581177 4.98458051681519 4.89199018478394 4.96247911453247 4.9662823677063 4.88097190856934 4.41352558135986 4.28361654281616 4.21705055236816 4.02192640304565 3.03583216667175 3.19404697418213 3.13467812538147 2.09728646278381 2.06364417076111 1.92068588733673 2.20942854881287 2.16259837150574 1.7371119260788 1.19342565536499 1.16692388057709 1.14169216156006 1.1161812543869 1.07985007762909 1.05965518951416 0.551601052284241 0.350539475679398
6.53114604949951 6.3596134185791 6.45461130142212 6.29335021972656 6.13636827468872 6.00459241867065 5.87706089019775 5.72742605209351 5.05985641479492 4.9618935585022 4.86407232284546 4.76995754241943 4.86713171005249 4.80129671096802 4.73204040527344 4.66598129272461 5.04161596298218 5.33727312088013 5.23976230621338 5.13949489593506 5.04365539550781 4.95100164413452 4.80416822433472 4.57861518859863 4.35047340393066 3.51268219947815 3.50342297554016 3.44727182388306 2.81228733062744 1.96706533432007 1.9932609796524 1.95556282997131 1.74615502357483 1.71320247650146 1.74274158477783 1.71005046367645 1.16210246086121 1.1308012008667 1.12485027313232 1.09087455272675 1.03724551200867 0.991221725940704 0.991125524044037 1.62325179576874 3.19268727302551
5.82838773727417 5.67719411849976 6.15319013595581 5.99286222457886 5.84527921676636 5.71292304992676 5.55651998519897 5.66142511367798 5.54285097122192 5.42395782470703 5.32329177856445 5.20549964904785 4.61978960037231 4.55535173416138 4.48579931259155 4.42453765869141 4.36639499664307 4.46222591400146 4.39783763885498 4.22788524627686 4.15757703781128 4.54617881774902 4.79873037338257 4.71984481811523 4.59417390823364 3.59573435783386 3.07133865356445 2.59036898612976 1.9620064496994 1.83190035820007 1.79678189754486 1.78724992275238 1.7552033662796 1.51588261127472 1.17419278621674 1.13569319248199 1.11251258850098 1.08248174190521 1.06881368160248 1.01718664169312 0.939617931842804 0.877299726009369 0.852090835571289 2.15564179420471 3.42381310462952
5.79841232299805 5.68828201293945 5.59146165847778 5.35148000717163 5.22989749908447 5.12088060379028 5.01418924331665 5.36298704147339 5.23995447158813 5.12940835952759 5.02828979492188 5.15031671524048 5.06134796142578 4.98583269119263 4.90036678314209 4.82664060592651 4.7243480682373 4.22657823562622 4.16731977462769 4.08699369430542 3.97751307487488 3.66518402099609 3.48319554328918 3.46825551986694 3.42496347427368 3.33080983161926 2.73007130622864 2.01772284507751 1.81781089305878 1.52445900440216 1.74292540550232 1.72517132759094 1.68775033950806 1.10000932216644 1.09831261634827 1.07370233535767 1.04489612579346 1.03528499603271 0.994150817394257 0.952487707138062 0.887467801570892 0.823450863361359 0.781165599822998 1.10896122455597 2.23880672454834
5.34861516952515 5.34019899368286 5.25346088409424 5.45702838897705 5.35567426681519 5.08376026153564 4.86284828186035 4.87047672271729 4.77016162872314 4.54280138015747 4.46275329589844 4.86399078369141 4.78631591796875 4.71111917495728 4.62467288970947 4.54719972610474 4.66808891296387 4.60583353042603 4.50187158584595 3.81967449188232 3.65151262283325 3.44478893280029 3.50705170631409 3.46732068061829 3.3074312210083 3.18802237510681 2.41621685028076 2.27076244354248 2.24586081504822 1.74178767204285 1.70562565326691 1.02817177772522 1.00209724903107 1.00089263916016 0.991742312908173 0.976066708564758 0.949957966804504 0.962028026580811 0.9449542760849 0.901440441608429 0.860884130001068 0.794006824493408 0.757237553596497 0.723027050495148 0.716910302639008
5.07858896255493 5.16670560836792 5.12035179138184 5.02312612533569 4.8851752281189 4.7605619430542 4.66595935821533 4.47533512115479 4.30004978179932 4.18169975280762 3.74028062820435 4.31828689575195 4.24189472198486 4.1707706451416 4.09708499908447 4.02670860290527 4.400071144104 4.33533763885498 4.02376794815063 3.86589455604553 3.57561683654785 3.32357001304626 2.75387620925903 2.8091082572937 2.77993941307068 2.36407589912415 2.24852466583252 2.22682929039001 2.11085247993469 1.99517893791199 0.964122712612152 0.906403422355652 1.06286036968231 0.890016436576843 0.883474171161652 0.869124233722687 0.871609508991241 0.871665477752686 0.871637463569641 0.833479344844818 0.801470458507538 0.760264992713928 0.734583616256714 0.712204098701477 0.692384541034698
4.82793855667114 4.62788057327271 4.75905704498291 4.65776824951172 4.32865333557129 4.13846683502197 3.95069050788879 3.93223571777344 3.83857583999634 3.74805617332458 3.67771148681641 3.62150573730469 3.18539547920227 3.50452423095703 3.45389533042908 3.33966422080994 3.89870595932007 3.83575391769409 3.40319180488586 3.25318884849548 3.18107032775879 2.82680320739746 2.779860496521 2.50965547561646 2.47455096244812 2.17516279220581 2.25251770019531 2.23592066764832 2.08938837051392 1.9073760509491 1.88141083717346 0.823922157287598 0.798756718635559 0.981088101863861 0.793342709541321 0.791611552238464 1.01442301273346 0.869129538536072 0.785381555557251 0.766572535037994 0.758030414581299 0.732050955295563 0.704808115959167 0.681460022926331 0.663865745067596
4.33488273620605 4.24762678146362 4.07792615890503 3.98021912574768 3.86268258094788 3.78911733627319 3.59917998313904 3.59362196922302 3.51993322372437 3.09850573539734 3.10169124603271 3.04976344108582 3.50280714035034 3.44210052490234 2.74662852287292 2.81963062286377 2.7811393737793 2.86554765701294 2.82944059371948 2.84372186660767 2.8145227432251 2.31633496284485 2.29386711120605 2.32319211959839 2.28553891181946 2.1383535861969 1.8217248916626 1.48645889759064 1.67047762870789 1.99273705482483 1.89038145542145 1.55290710926056 0.863256931304932 0.736864149570465 0.720979392528534 0.709225416183472 0.920698523521423 1.12346315383911 0.76542741060257 0.719144403934479 0.719995021820068 0.695667207241058 0.667086780071259 0.638440549373627 0.628714680671692
4.28929615020752 4.198166847229 3.88411998748779 3.63384056091309 3.5422694683075 3.43513083457947 3.29743766784668 3.22037839889526 3.15310049057007 3.09293603897095 3.02800869941711 2.66322708129883 2.43444585800171 2.82218623161316 2.77807712554932 2.39946293830872 2.36752438545227 2.3192126750946 2.28025388717651 2.24669241905212 1.99784517288208 2.04970765113831 2.02254819869995 2.16921782493591 2.13485026359558 2.01231026649475 1.44389235973358 1.40960276126862 1.17031311988831 1.68393528461456 2.07009410858154 2.13056921958923 1.88920104503632 0.793982207775116 0.668798208236694 0.629069864749908 1.71188712120056 1.11050426959991 0.851456999778748 1.07889211177826 0.671822190284729 0.649049878120422 0.618088126182556 0.588642060756683 0.564987540245056
4.3639497756958 3.84991145133972 3.63199687004089 3.45841288566589 3.36456894874573 3.28648233413696 3.20742440223694 3.00808453559875 2.7898280620575 2.73416066169739 2.68343377113342 2.91668486595154 2.85755157470703 2.50072312355042 2.46439909934998 2.42597603797913 2.38810014724731 1.94289648532867 1.91356539726257 1.82290244102478 2.15677642822266 2.12813091278076 1.86778390407562 1.83992910385132 1.81230628490448 1.46855163574219 0.889619469642639 1.05412077903748 1.46326839923859 1.80235660076141 1.80489492416382 2.05540084838867 1.89092040061951 1.21923005580902 0.799921572208405 1.8091527223587 1.24917340278625 0.58149254322052 0.652009010314941 1.2174209356308 0.853655815124512 0.585096895694733 0.5594881772995 0.53257954120636 0.493605047464371
4.32562446594238 4.08683061599731 3.82020974159241 3.71674156188965 3.6330463886261 3.55121612548828 3.01036381721497 3.08820843696594 3.02591514587402 2.77414965629578 2.72721219062805 2.67779660224915 2.53054070472717 2.4781334400177 2.35673069953918 1.98781609535217 2.20822668075562 2.28158497810364 2.24946236610413 1.78043341636658 1.51389718055725 1.42414772510529 1.50252985954285 1.4850926399231 1.35468482971191 1.02931213378906 0.856321334838867 0.721735239028931 1.34484946727753 1.97809708118439 2.26723098754883 2.15989112854004 1.69769287109375 1.24025738239288 1.00901913642883 0.890131771564484 1.64171922206879 1.26633620262146 0.812437534332275 0.780137002468109 0.533246040344238 0.500901222229004 0.480588495731354 0.460213512182236 0.447110652923584
4.19315147399902 4.13186645507812 4.01618242263794 3.90261888504028 3.81115031242371 3.72855973243713 3.52600288391113 3.33786749839783 2.82916712760925 2.73109889030457 2.67709231376648 2.56576895713806 2.58128690719604 2.52907919883728 2.12305998802185 2.09200406074524 1.35993254184723 1.17195212841034 1.16808879375458 0.835740149021149 0.693048119544983 0.682429611682892 0.886196672916412 0.990716755390167 0.978944718837738 0.532548666000366 0.332804054021835 0.484645009040833 1.24229860305786 1.61033940315247 2.45970559120178 2.29615187644958 1.83660960197449 1.62776970863342 1.56899392604828 2.09676480293274 0.789425790309906 2.83869218826294 1.40341198444366 0.993378758430481 0.536686897277832 0.473439544439316 0.447327703237534 0.4083471596241 0.606020092964172
4.3193154335022 4.19624519348145 4.08416700363159 3.7869188785553 3.68754458427429 3.60248708724976 3.58504724502563 3.51324558258057 3.31951665878296 2.95181393623352 2.49184584617615 2.46481084823608 2.46204042434692 2.41514658927917 2.18221426010132 2.01928305625916 1.98141157627106 1.13426768779755 0.932579457759857 0.9263596534729 0.906629979610443 0.878896534442902 0.602491199970245 0.596133828163147 0.45584899187088 0.406047940254211 0.36552968621254 0.172502741217613 0.922487616539001 1.18187856674194 2.46173715591431 2.09419322013855 1.67152178287506 2.16017079353333 3.01909685134888 1.93017768859863 0.991158664226532 2.08331370353699 1.5900285243988 0.897106170654297 0.575528144836426 0.567679405212402 0.481351345777512 0.894067466259003 0.767810702323914
4.27421474456787 4.15426969528198 4.03885507583618 3.90088510513306 3.80078792572021 3.71081042289734 3.63687872886658 3.55753827095032 3.32858157157898 2.98937344551086 2.75691294670105 2.41340017318726 2.37873983383179 1.69240653514862 1.7739086151123 1.73293781280518 1.25227022171021 0.960519731044769 0.957855880260468 0.867393791675568 0.852716743946075 0.829600214958191 0.795690715312958 0.774296820163727 0.7551149725914 0.75029319524765 0.734170377254486 0.30152416229248 0.329634964466095 0.980309665203094 2.45812392234802 1.8458958864212 1.24444234371185 2.32235765457153 2.62173986434937 2.19290828704834 0.855433821678162 0.559215903282166 0.456514120101929 3.50348925590515 2.08024406433105 0.273859679698944 2.96980857849121 2.2288293838501 1.32401502132416
