slauniainen/Data/DEM/Vihti_dsm1500b_cl_horizonAngle_186.asc
NCOLS 196 
NROWS 178 
XLLCORNER 353680 
YLLCORNER 6699024 
CELLSIZE 16 
NODATA_value -3.4e+38 
[rows 140 to 159 of 178, columns 92 to 137 of 196]
5.16779613494873 5.49024820327759 5.42387914657593 7.26197910308838 4.53688716888428 4.16797828674316 4.24931573867798 5.60547924041748 16.2273063659668 8.81456565856934 13.2599582672119 15.7923431396484 12.4845705032349 11.4317283630371 13.5772914886475 7.33874702453613 21.1100635528564 17.744478225708 11.3552780151367 2.76408910751343 18.95285987854 8.50997161865234 12.9868869781494 1.78555607795715 -1.01379358768463 0.107172250747681 10.3366756439209 -0.431744247674942 3.97095680236816 0.274609744548798 6.11236333847046 2.97244071960449 4.51095199584961 14.1383686065674 26.6333827972412 -2.56629467010498 -2.26807284355164 15.793306350708 0.388904243707657 12.8796072006226 3.44540905952454 5.67885589599609 4.48068475723267 8.00594806671143 5.84334659576416 6.59826469421387
6.09422731399536 23.0190448760986 7.46781587600708 6.1005277633667 11.4612007141113 7.57565450668335 5.36764287948608 7.19878053665161 10.4773225784302 17.576753616333 22.6781463623047 22.6573257446289 17.9524517059326 19.6817245483398 19.2607383728027 23.7840747833252 5.15275144577026 4.96396493911743 3.34460783004761 3.91287398338318 14.8939733505249 8.85549545288086 15.294846534729 4.26729869842529 8.07945156097412 2.21680450439453 1.89053463935852 2.40200424194336 9.75987148284912 -2.60115790367126 0.370167434215546 23.0733394622803 22.3299865722656 4.43604898452759 -2.37126898765564 -1.9116849899292 -1.15148949623108 -1.62838423252106 6.95948696136475 6.30443096160889 -2.34891867637634 15.2610750198364 26.6998252868652 35.837043762207 36.6951026916504 44.1949729919434
6.12118482589722 6.07779407501221 8.08355522155762 10.3062801361084 14.3708734512329 10.1834020614624 9.03254508972168 11.2094774246216 24.729040145874 24.1194381713867 30.5438785552979 29.9765319824219 28.496618270874 26.3145198822021 23.2248630523682 8.02691555023193 7.59931325912476 5.78190660476685 4.06567859649658 5.34976673126221 9.72605037689209 9.95428943634033 17.1369018554688 15.3960866928101 3.47318410873413 6.8199725151062 9.01254367828369 2.07749366760254 4.30962371826172 1.50223541259766 17.4274158477783 -2.93898844718933 -0.208374485373497 -1.14061105251312 0.700665771961212 5.77844619750977 1.77513074874878 -1.11957430839539 6.44433498382568 15.5624122619629 13.2657804489136 15.5597047805786 3.76609706878662 1.90293920040131 6.11652278900146 1.46260106563568
6.82042789459229 6.63836479187012 10.7975454330444 11.9654159545898 18.7768115997314 14.8411464691162 11.0398769378662 11.7625885009766 34.1091423034668 30.4408378601074 45.7416763305664 31.0783767700195 50.0550384521484 31.6232681274414 31.1347370147705 22.536600112915 13.9503974914551 10.1115159988403 4.8707971572876 8.46600246429443 5.27927684783936 8.22479152679443 25.6439018249512 12.6795015335083 15.2424449920654 10.0696468353271 20.6444320678711 15.7450942993164 12.4904890060425 16.3969039916992 27.76247215271 -2.91597676277161 16.0941390991211 8.17761707305908 4.75279235839844 19.1558952331543 6.03416585922241 2.75446391105652 8.52145385742188 -2.11072564125061 -1.58682584762573 -2.26006531715393 17.8588314056396 3.87248539924622 6.93015003204346 1.26652359962463
7.47773218154907 12.1837024688721 18.5163726806641 15.7501373291016 11.5442247390747 17.5646839141846 24.7174339294434 17.8716201782227 41.7662773132324 34.3931999206543 26.0490074157715 32.8164558410645 32.9351959228516 35.9802932739258 40.8786239624023 27.6751594543457 17.7907905578613 12.2011384963989 7.18710422515869 8.30820178985596 10.0983295440674 9.84399795532227 2.16531729698181 26.5340023040771 23.1112537384033 11.5667572021484 1.15834331512451 1.19720983505249 -2.84020757675171 27.018383026123 -2.80972385406494 -1.20545101165771 -3.1928288936615 -1.17849886417389 0.782952547073364 -2.1405656337738 -0.0641245245933533 -0.609099566936493 16.7717094421387 1.98289346694946 9.76407718658447 10.4660139083862 19.0685882568359 3.93184399604797 7.68035745620728 4.89261341094971
18.7075119018555 16.8136863708496 36.4075202941895 29.1968517303467 13.0742588043213 18.3127326965332 32.9124984741211 18.1051158905029 11.6784744262695 30.4505023956299 32.0470733642578 21.0181045532227 14.9574069976807 38.0437240600586 47.0435180664062 35.6394805908203 29.3797912597656 15.5293350219727 7.44261598587036 22.2545928955078 8.63075828552246 17.142370223999 6.52478885650635 35.2292976379395 5.39057016372681 14.7011318206787 2.60673666000366 16.6282691955566 -2.69204616546631 -1.49932265281677 -0.558932185173035 1.68696117401123 -2.62195491790771 -0.0751284584403038 1.50156009197235 18.2545185089111 9.75467014312744 -1.67513728141785 -2.32552289962769 4.34996652603149 13.0807065963745 1.26339662075043 1.64605975151062 8.73750495910645 17.3314971923828 0.791833519935608
22.2119522094727 21.7633323669434 17.2333946228027 18.4948539733887 25.5739555358887 32.6930541992188 11.836856842041 12.592490196228 31.191219329834 11.9979867935181 4.82814359664917 14.7529678344727 2.21996760368347 3.94365620613098 8.04486846923828 46.4713554382324 46.1771430969238 25.0145969390869 8.53232860565186 2.29170894622803 15.5983381271362 28.3574562072754 6.48827457427979 16.7361335754395 6.21048164367676 7.38223218917847 10.4598054885864 -2.68846154212952 0.217679813504219 7.66562032699585 5.76713895797729 3.24996948242188 6.2029185295105 1.31978321075439 1.50055813789368 -0.531616628170013 -0.591939568519592 15.1381359100342 3.19920468330383 15.5974264144897 -0.726455509662628 13.5383529663086 14.2934083938599 -1.75296711921692 -2.21597290039062 1.0807865858078
30.5087623596191 29.6170673370361 29.779577255249 25.6219520568848 35.5480117797852 8.94155693054199 18.0165328979492 12.3305959701538 8.61568260192871 27.1249523162842 18.3762874603271 -0.544387876987457 0.266961932182312 11.5812969207764 7.97949838638306 12.0704412460327 19.3462696075439 8.47231292724609 12.1500310897827 3.38079237937927 0.697693943977356 1.34085094928741 9.20059585571289 -0.486333072185516 -1.19399964809418 17.8457584381104 7.54247283935547 7.18954133987427 9.93459033966064 2.11574077606201 5.90170383453369 5.22505521774292 17.4866828918457 6.01742029190063 4.73661851882935 15.875412940979 8.77950763702393 -2.02378988265991 -2.2857768535614 0.832650721073151 11.1220903396606 5.46225786209106 -2.31606268882751 -1.03855037689209 -0.0722688287496567 2.40501523017883
31.9592571258545 24.6501140594482 29.2531032562256 20.4275665283203 7.77044773101807 28.1967601776123 21.113790512085 12.4126815795898 9.64458179473877 -0.158527255058289 -0.332189470529556 6.2934832572937 5.34463405609131 19.3703746795654 16.3858795166016 30.6207427978516 2.35135960578918 9.66812801361084 2.31755995750427 4.19652366638184 7.58838701248169 9.97727298736572 12.9425983428955 5.20945167541504 4.74338245391846 1.33716833591461 -3.18566250801086 -1.89969575405121 -3.28114819526672 2.51655101776123 -2.11411070823669 7.08947277069092 0.289047509431839 19.1951313018799 9.25858592987061 -0.285938501358032 16.9626216888428 -2.22331213951111 -1.71853744983673 -0.230511263012886 -1.47531986236572 -1.71473956108093 2.35042953491211 -0.953237056732178 -1.69923293590546 7.89968156814575
7.79382419586182 14.0163860321045 10.9988613128662 3.78904438018799 3.39634585380554 9.26025485992432 3.85588979721069 16.6743869781494 2.58745503425598 7.25808620452881 6.68402576446533 14.7375755310059 11.6422672271729 5.82428979873657 -1.63390743732452 -1.56068778038025 3.27468109130859 3.96866226196289 20.0452861785889 10.2860269546509 6.12011814117432 14.9015617370605 26.3656177520752 0.811902165412903 -0.691364645957947 -2.81827449798584 1.33219587802887 1.79550039768219 -3.62393736839294 -3.65404176712036 -1.48112273216248 -3.114577293396 1.8809700012207 7.55010890960693 11.2274055480957 1.65440475940704 -2.49463939666748 5.93021535873413 12.211935043335 2.32972478866577 14.5575723648071 0.201585367321968 -1.86690104007721 -1.71212482452393 -1.58758366107941 -1.43168842792511
11.8408823013306 5.31836748123169 4.62900495529175 4.78658199310303 3.59786319732666 2.91326570510864 8.39367485046387 3.80140256881714 6.18446493148804 4.18492650985718 4.63219690322876 -0.0735133141279221 -1.88104712963104 -2.06658530235291 -0.883357763290405 1.50642395019531 3.81518006324768 6.39404535293579 2.03933358192444 2.71418213844299 15.0964231491089 1.02051281929016 11.611930847168 1.30912208557129 14.4212589263916 -2.76433897018433 7.13923025131226 0.364517718553543 -2.74848341941833 -1.26542282104492 8.224365234375 7.71096038818359 21.5117931365967 10.6240367889404 -2.38789653778076 4.84329652786255 -1.32301557064056 -2.23886203765869 -1.22966599464417 11.7390995025635 -2.00618004798889 10.7396640777588 -1.67365300655365 -1.69854664802551 3.83484053611755 1.98845291137695
6.48453426361084 5.47003889083862 11.6135454177856 4.32811737060547 3.54488372802734 4.10846662521362 9.49025440216064 17.7239456176758 21.6401443481445 10.4933528900146 0.410580217838287 4.18035745620728 0.394465565681458 -2.36667990684509 -0.400996744632721 8.47506141662598 9.47128009796143 3.37671589851379 8.26857852935791 6.07086563110352 0.973598122596741 1.88469350337982 6.54442501068115 6.12904500961304 -1.36091387271881 0.229079678654671 -3.46979928016663 0.684259533882141 -3.25218510627747 0.343460142612457 -0.861973166465759 0.957470595836639 -3.26753568649292 -3.63743042945862 -1.47880232334137 -2.30493211746216 1.05528700351715 -1.59949600696564 -1.90054070949554 -2.4662184715271 -1.91691327095032 -1.60220801830292 0.212226673960686 -1.19550907611847 -1.36035561561584 -1.05096411705017
8.41604995727539 6.59932470321655 5.26161193847656 5.39769744873047 7.45410490036011 18.8355674743652 0.780830264091492 5.78416013717651 4.668869972229 24.2099266052246 0.629808247089386 5.15571117401123 2.44257950782776 1.01264226436615 9.99603366851807 11.5132169723511 17.369441986084 4.22747373580933 17.4259090423584 10.1508111953735 4.19410419464111 1.09612286090851 -0.020519208163023 5.22198581695557 5.67281246185303 3.17239046096802 2.52767086029053 3.35130929946899 -0.971375644207001 0.685769259929657 9.24508953094482 -2.74490737915039 3.21917343139648 -1.44152140617371 9.82611179351807 9.00533962249756 1.91330969333649 -1.50606489181519 -1.8668384552002 -2.23278474807739 -1.69114208221436 -1.11998021602631 -1.5634537935257 -1.01351118087769 -0.676623165607452 0.327827394008636
8.41951465606689 7.28796339035034 12.6862602233887 10.5079116821289 8.62713432312012 6.18982791900635 0.989164471626282 7.08770799636841 10.3085603713989 -1.22830057144165 6.23446846008301 -1.52112352848053 0.586255669593811 3.93720173835754 7.67067575454712 8.88879871368408 22.1630268096924 1.55968999862671 5.68427181243896 2.41507244110107 6.11928367614746 5.95998382568359 0.936707019805908 11.1563816070557 0.555563807487488 3.2707531452179 -2.87262964248657 -2.58036470413208 2.24926543235779 3.56998515129089 -2.27589249610901 -2.178377866745 -2.28002572059631 -2.22436237335205 2.35719633102417 -2.0329442024231 0.0806398913264275 -1.66752922534943 -1.69909310340881 -1.79959356784821 -1.57115292549133 -0.517100095748901 -1.3235011100769 -0.704035639762878 0.310593992471695 0.600670456886292
37.4152755737305 24.6078834533691 44.6248588562012 25.4339981079102 4.6818380355835 17.5880889892578 1.63843333721161 -1.52152717113495 -0.311395287513733 -0.743749439716339 5.98198223114014 -1.89019703865051 7.37836837768555 8.38728713989258 -1.51066243648529 3.25797581672668 3.50103139877319 3.22800302505493 0.440584242343903 3.0227038860321 6.01329851150513 18.7985897064209 0.930934250354767 -0.813383221626282 16.2305870056152 -1.90986013412476 1.41367149353027 -2.23644924163818 -1.8833589553833 12.0985307693481 1.21559119224548 10.4516048431396 -1.93301689624786 -1.90687143802643 11.655779838562 -1.82597756385803 -1.95289814472198 -1.24502122402191 -1.13664364814758 1.8549610376358 0.154995739459991 7.98532056808472 0.450526386499405 -0.127405524253845 0.599692106246948 1.72583210468292
12.3012390136719 21.2491874694824 6.55366706848145 5.700852394104 18.5962390899658 2.85856628417969 1.56154906749725 -1.37889778614044 7.33806467056274 -0.285876572132111 16.4556293487549 -1.81057548522949 -2.09942078590393 8.59673023223877 5.12477207183838 -2.63935494422913 -2.16355729103088 3.14689874649048 5.04950952529907 9.09201049804688 13.1575813293457 2.18128657341003 8.790114402771 0.362304896116257 -0.890237331390381 -2.0173237323761 1.74531102180481 -1.36497974395752 1.66857504844666 -1.4896821975708 -1.39924550056458 -1.28361213207245 -1.78327751159668 -1.88762545585632 -2.07018280029297 -1.16952419281006 -0.788289189338684 -0.388331323862076 -0.368852585554123 1.98517835140228 -1.33306133747101 0.0206162426620722 -0.511812448501587 0.117207117378712 0.950356364250183 1.90127551555634
22.7687797546387 35.3532257080078 7.03681755065918 6.43241739273071 5.06846237182617 4.10237216949463 9.08996486663818 1.85546326637268 18.3934459686279 -1.29218101501465 -1.42401671409607 3.61286020278931 -0.627417981624603 -1.92193996906281 -1.90719521045685 -1.44816613197327 9.04551982879639 15.6619510650635 1.27657032012939 3.38272666931152 1.20782566070557 5.98574924468994 2.53317856788635 5.45098447799683 0.356189608573914 -1.41491997241974 -1.69234609603882 7.96761989593506 -0.928844392299652 -1.03752267360687 -0.793961405754089 -1.12029075622559 -1.7066969871521 -1.16266977787018 -0.935763359069824 -0.0341609157621861 0.449067533016205 0.00406877649948001 -0.171558678150177 -1.04359173774719 -0.860637605190277 -0.178784802556038 0.249974325299263 1.07346963882446 3.1654007434845 3.63124203681946
10.2972297668457 9.06819438934326 7.53365230560303 15.5742015838623 6.3158917427063 3.74911880493164 0.662376642227173 -1.31143820285797 -1.53831207752228 -1.19915962219238 -0.984104633331299 -1.77534162998199 -1.35095775127411 3.90703845024109 -1.9038724899292 -0.242861390113831 -0.983950614929199 1.68438291549683 2.61925888061523 9.26276683807373 4.08841323852539 1.89753782749176 3.93211197853088 1.48741912841797 0.813532888889313 17.0528259277344 -0.82228010892868 -1.12267875671387 4.19386911392212 -0.911978125572205 -0.998415946960449 -0.465091347694397 -0.377155959606171 16.1717090606689 0.508646309375763 0.0856712237000465 3.02551579475403 0.919998824596405 0.156693682074547 -0.440284132957458 1.31217110157013 1.97550165653229 4.10918378829956 4.31370544433594 4.61858987808228 4.56070613861084
13.0673751831055 20.4943428039551 8.22294425964355 7.73777914047241 7.68831872940063 4.04473114013672 1.37427532672882 7.23391580581665 -0.535734474658966 -0.991393685340881 -0.722177803516388 -1.62442231178284 -1.80664360523224 10.5866603851318 3.59659242630005 7.93034362792969 3.2427966594696 5.23360347747803 7.30153846740723 6.48774194717407 7.67426061630249 8.16827011108398 4.76210594177246 3.04140543937683 3.62918186187744 -1.2504460811615 1.16385436058044 9.08110427856445 13.2904691696167 -0.671419680118561 -0.353701442480087 -0.174699202179909 -0.0735235959291458 -0.432226061820984 10.6144905090332 0.814438819885254 0.155922651290894 0.965989232063293 1.40086555480957 3.92312407493591 5.81209945678711 4.74223184585571 8.93282604217529 10.3459014892578 10.176474571228 11.3061847686768
15.5680828094482 11.5777320861816 8.58230400085449 8.99703502655029 10.7342329025269 4.07302618026733 1.40406727790833 -0.291429162025452 -0.705727398395538 -0.792503118515015 -0.653889894485474 -1.57649993896484 -0.574224829673767 -2.11054158210754 0.664924561977386 2.65129709243774 2.89030313491821 10.8566808700562 12.4397325515747 6.52711582183838 4.30393600463867 6.61661148071289 20.2721691131592 20.5654621124268 5.3728723526001 3.74731755256653 1.55046772956848 2.14188885688782 -1.08597254753113 1.82220077514648 -0.259060621261597 1.21990323066711 -0.0664642751216888 -0.246813848614693 22.6624736785889 4.88021564483643 0.590299248695374 2.31382989883423 6.27666997909546 9.49306774139404 9.76416873931885 13.9024772644043 14.4560966491699 17.2848110198975 17.4901943206787 16.8734378814697
