slauniainen/Data/DEM/Vihti_dem1500b_cl_horizonAngle_30.asc
NCOLS 196 
NROWS 178 
XLLCORNER 353680 
YLLCORNER 6699024 
CELLSIZE 16 
NODATA_value -3.4e+38 
[rows 0 to 19 of 178, columns 135 to 179 of 196]
2.74924111366272 2.86168050765991 2.81670880317688 2.79596042633057 2.59122085571289 2.2852156162262 1.84727704524994 1.40011584758759 1.18417584896088 1.02668607234955 0.929049789905548 0.88257908821106 0.862355530261993 0.838872671127319 0.779428899288177 0.718216419219971 0.702289521694183 0.973352909088135 1.06898152828217 1.50228655338287 1.93223190307617 2.56951975822449 2.98172092437744 4.19478321075439 5.57976388931274 5.59754419326782 6.15890216827393 5.39371633529663 5.26834392547607 5.46725273132324 5.45324993133545 5.13499736785889 4.49111461639404 4.20101261138916 4.08320999145508 3.78454446792603 3.16181111335754 3.52169299125671 2.91533803939819 1.95692801475525 2.15549516677856 2.58978199958801 2.84644269943237 2.88973259925842 3.13340616226196
2.75932192802429 2.71715497970581 2.70193719863892 2.49196648597717 2.21428680419922 1.84379971027374 1.43007183074951 1.01381576061249 0.735323131084442 0.631015121936798 0.627545952796936 0.643389701843262 0.637134671211243 0.631957232952118 0.55540543794632 0.478638738393784 0.467013984918594 0.546061038970947 0.706231594085693 1.09254920482635 1.52895843982697 2.32277727127075 2.84951782226562 3.67457604408264 4.67142724990845 5.11081027984619 4.9324426651001 5.35838270187378 5.3448166847229 5.26651191711426 4.91471481323242 4.77681684494019 4.41672277450562 4.04281568527222 3.42852735519409 3.09496378898621 2.84276247024536 2.82211804389954 3.19670438766479 2.12354230880737 2.27869510650635 2.4482274055481 2.71126651763916 2.7942099571228 3.08217144012451
2.70063138008118 2.6466588973999 2.46770787239075 2.15682339668274 1.79351770877838 1.39234852790833 0.941111445426941 0.625890374183655 0.455118089914322 0.41923663020134 0.408557236194611 0.444764733314514 0.465628027915955 0.468870222568512 0.421342402696609 0.393611401319504 0.456094026565552 0.612156331539154 0.76309996843338 1.04530298709869 1.52099549770355 2.2411892414093 2.82322096824646 3.58826851844788 4.20742750167847 4.63028907775879 5.17201662063599 5.09456968307495 5.24119853973389 4.75093698501587 4.52552843093872 4.1570930480957 3.76725244522095 3.49054980278015 3.26410698890686 2.71639370918274 2.49477577209473 2.74804186820984 3.92602849006653 3.59673595428467 2.39341688156128 2.46747636795044 2.60731506347656 2.82288885116577 3.08116936683655
2.51240801811218 2.47079801559448 2.26408195495605 1.98932087421417 1.65052843093872 3.01405262947083 2.80001282691956 0.448538362979889 0.357751816511154 0.282831251621246 0.254470735788345 0.258033573627472 0.3008131980896 0.345415532588959 0.372994482517242 0.408435434103012 0.607743263244629 0.753879845142365 0.961694002151489 1.34707593917847 1.87314307689667 2.4174792766571 3.09855604171753 3.63356757164001 4.13901710510254 4.52508735656738 4.96647214889526 5.04736566543579 4.97846508026123 4.59780311584473 3.93571901321411 3.59084177017212 3.32477760314941 3.04580497741699 2.70754885673523 2.48615312576294 2.18261027336121 2.50141143798828 3.5825731754303 5.50711917877197 7.01497745513916 4.2247428894043 2.72166109085083 2.81036949157715 3.0094301700592
2.24120497703552 2.03255867958069 1.74626004695892 1.53234541416168 1.39007413387299 4.14369058609009 5.88522863388062 3.44399118423462 1.26082408428192 0.202882155776024 0.180003494024277 0.172688856720924 0.216849476099014 0.309913277626038 0.357782006263733 0.455166637897491 0.676332235336304 0.844188749790192 1.0590318441391 1.64465630054474 2.12310123443604 2.83407258987427 3.33771800994873 3.72454261779785 4.10105657577515 4.68491697311401 4.61721086502075 4.8249626159668 4.44803047180176 4.21612358093262 3.81072688102722 3.447913646698 2.88618278503418 2.55455684661865 2.40890645980835 2.64349889755249 2.94648504257202 2.945796251297 3.12838673591614 4.11724805831909 5.91810655593872 5.05949878692627 2.83074998855591 2.85267996788025 2.92190408706665
1.89456915855408 1.6831282377243 1.49160957336426 1.27531337738037 2.13521671295166 5.59456062316895 8.72574901580811 8.4696044921875 5.91732168197632 3.42576217651367 1.41713309288025 0.194968596100807 0.274157851934433 0.312345206737518 0.38212314248085 0.675098359584808 0.893048584461212 1.03845274448395 1.32266426086426 1.80261147022247 2.23758459091187 2.9347665309906 3.47543025016785 3.67555356025696 4.03340482711792 4.48507404327393 4.5569486618042 4.50071144104004 4.25809574127197 3.70367908477783 3.3370578289032 3.06142640113831 2.79208445549011 2.36875367164612 2.21462917327881 2.30302858352661 3.2142391204834 3.99001479148865 4.05891513824463 4.9421010017395 4.28716659545898 4.82376384735107 4.17070055007935 2.90494084358215 2.94224429130554
1.61747539043427 1.41078722476959 1.24756371974945 1.2120109796524 3.87577867507935 5.98654317855835 8.39326095581055 9.31316375732422 9.78678894042969 8.36122226715088 5.66816377639771 3.49423718452454 1.95659697055817 1.00526094436646 0.627844452857971 1.19767475128174 1.70146024227142 1.63987171649933 1.61097395420074 2.02540040016174 2.62721133232117 3.07357382774353 3.44614958763123 3.78887796401978 4.14329671859741 4.1697678565979 4.36951971054077 4.03785800933838 3.86798739433289 3.579993724823 3.24525284767151 2.70364880561829 2.35379576683044 2.17893218994141 2.05048608779907 2.12380194664001 2.80812549591064 3.49894785881042 4.16827917098999 4.9489803314209 4.44242238998413 4.12899017333984 4.40521430969238 3.65993428230286 2.96476292610168
5.21010971069336 6.66258382797241 4.20263528823853 3.27635478973389 4.41602039337158 6.07948732376099 6.98182344436646 7.80593776702881 8.91431713104248 8.8686695098877 7.37876272201538 5.26979684829712 3.93374752998352 2.78581833839417 1.30166947841644 1.431267619133 1.88211894035339 1.8366539478302 2.15344142913818 2.16629219055176 2.74632406234741 3.19814014434814 3.46057224273682 3.91210913658142 3.89840078353882 4.11746263504028 4.07943964004517 3.8843367099762 3.39109992980957 3.10492563247681 2.86348342895508 2.63539505004883 2.22527050971985 1.98854839801788 1.88854312896729 2.10320591926575 2.58161187171936 3.45852041244507 4.29720020294189 3.94876575469971 3.88769555091858 3.2446506023407 2.8968448638916 3.03248715400696 2.98665142059326
9.72914218902588 8.59560775756836 6.0089111328125 3.70005989074707 4.64665460586548 5.30134916305542 6.00474786758423 6.29250907897949 6.57559967041016 6.22251319885254 5.7624077796936 4.88836574554443 4.35690593719482 4.06865739822388 2.01453328132629 1.49418091773987 1.72158396244049 2.3760814666748 1.98978364467621 2.49902367591858 2.86037278175354 3.18276715278625 3.49513959884644 3.80324339866638 3.897216796875 3.83818984031677 3.67077279090881 3.51299500465393 3.27031779289246 2.98966097831726 2.53275990486145 2.23695707321167 2.07491397857666 1.8589243888855 1.92427015304565 2.12053537368774 2.60621452331543 3.16076755523682 3.85940670967102 3.51844215393066 2.78149127960205 2.83501935005188 2.84869170188904 2.88078165054321 2.9675931930542
6.26397323608398 4.59701824188232 3.08827495574951 3.381911277771 4.22194480895996 4.76134204864502 4.90205335617065 5.27896213531494 5.50899267196655 5.17968368530273 4.19081687927246 3.49312019348145 3.56874108314514 4.00992155075073 3.4347517490387 3.05136609077454 2.34896039962769 1.77927589416504 2.08549499511719 2.60547661781311 3.02239322662354 3.23436951637268 3.63554930686951 3.61061525344849 3.7762508392334 3.48795509338379 3.29864311218262 3.07779717445374 2.85171413421631 2.62153887748718 2.44236421585083 2.10286831855774 1.91437494754791 1.82999312877655 2.06098699569702 2.27197098731995 2.77748823165894 3.5092568397522 3.29533410072327 2.94534826278687 2.73366236686707 2.72742080688477 2.77626156806946 2.85328555107117 2.95600748062134
5.17796277999878 3.57203936576843 2.84134244918823 3.45725131034851 3.65944766998291 4.1309871673584 4.30239534378052 4.24755334854126 4.00931358337402 3.37528967857361 3.28300404548645 3.07305550575256 3.05804634094238 3.4672429561615 3.78764176368713 2.72678589820862 1.94759345054626 2.04452991485596 2.42046618461609 2.74297285079956 3.02368664741516 3.2944450378418 3.5567364692688 3.60459280014038 3.54770755767822 3.39250731468201 2.95746183395386 2.70135521888733 2.48600602149963 2.32494115829468 2.06676054000854 1.96359181404114 1.80027651786804 1.91089570522308 2.10244560241699 2.47517871856689 3.15347623825073 3.07397603988647 3.00277256965637 3.5538227558136 2.75519895553589 2.7260434627533 2.73358035087585 2.83612084388733 3.0019965171814
3.00243043899536 2.44249963760376 2.96320676803589 3.11141920089722 3.46204400062561 3.54924416542053 3.56246829032898 3.69518280029297 3.45649766921997 2.88974499702454 2.60138297080994 2.40888452529907 2.65222382545471 2.49449992179871 2.15593338012695 1.81403660774231 1.88933551311493 2.32454395294189 2.63441920280457 2.84978866577148 3.03472900390625 3.39786744117737 3.36125326156616 3.49846887588501 3.23634171485901 3.08860158920288 2.85528683662415 2.63297581672668 2.21863102912903 1.9542635679245 1.90537142753601 1.84603881835938 1.80081248283386 2.04731488227844 2.2470600605011 2.46292591094971 3.02942109107971 2.96937108039856 2.84838652610779 3.65092349052429 3.82719397544861 2.82669496536255 2.77101039886475 2.8466637134552 3.00687003135681
2.39529371261597 2.3144793510437 2.70573925971985 2.96381187438965 3.06846928596497 3.0461208820343 3.08590292930603 2.92984938621521 2.4145393371582 2.06309413909912 2.08189153671265 2.12838840484619 1.9215179681778 1.98791778087616 1.61780714988708 1.65613412857056 1.9219616651535 2.3614182472229 2.72433924674988 2.82234573364258 3.06461095809937 3.29387712478638 3.33183336257935 3.25466918945312 3.12787890434265 2.76106715202332 2.50192594528198 2.34135055541992 2.16744470596313 1.86090123653412 1.78116023540497 1.76543211936951 1.90148723125458 2.09200859069824 2.38122820854187 2.81317949295044 2.71046233177185 2.69175839424133 2.72140383720398 2.80057692527771 3.2533495426178 2.9171290397644 2.79098653793335 2.90810561180115 3.05049014091492
1.92132186889648 2.38495898246765 2.5423686504364 2.71933913230896 2.81104946136475 2.78403234481812 2.59526944160461 2.23822569847107 1.75528633594513 1.61814904212952 1.7623016834259 1.75108420848846 1.63774132728577 1.43001592159271 1.50701034069061 1.76459109783173 2.17011570930481 2.4561550617218 2.68497943878174 2.92843008041382 3.14780569076538 3.11538982391357 3.22358393669128 2.97628569602966 2.84099364280701 2.64299392700195 2.43353176116943 2.12446093559265 1.86631298065186 1.7661544084549 1.66164481639862 1.85937809944153 2.00924301147461 2.20120334625244 2.38276600837708 2.71465754508972 2.63136339187622 2.62840461730957 2.67647504806519 2.67705631256104 2.67210054397583 2.70711016654968 2.79777765274048 2.9481897354126 3.10927987098694
1.91422605514526 2.2116596698761 2.37228679656982 2.48311448097229 2.46398758888245 2.43646335601807 2.26597690582275 1.87999784946442 1.59128761291504 1.42966294288635 1.43381321430206 1.38048624992371 1.32646608352661 1.28020894527435 1.55548095703125 1.80256724357605 2.20500063896179 2.54294443130493 2.68462777137756 3.01017498970032 2.98155164718628 3.08942294120789 3.00519442558289 2.88871932029724 2.5562162399292 2.32274436950684 2.15963077545166 2.03620624542236 1.80331826210022 1.64230966567993 1.72270143032074 1.951376080513 2.13698744773865 2.28222727775574 2.46131038665771 2.53596806526184 2.58604288101196 2.6026463508606 2.60175538063049 2.61297941207886 2.6402280330658 2.67620038986206 2.7765793800354 2.93781590461731 3.0410590171814
1.99195861816406 2.10196089744568 2.19496250152588 2.31201672554016 2.29377746582031 2.1323230266571 1.82601261138916 1.43596184253693 1.24111926555634 1.25939929485321 1.2087916135788 1.22743678092957 1.14126682281494 1.40879154205322 1.65524399280548 2.0355372428894 2.30513095855713 2.50649547576904 2.73420715332031 2.9276225566864 2.94571304321289 2.87261319160461 2.76253437995911 2.61887454986572 2.43960499763489 2.24555397033691 1.96091973781586 1.73710155487061 1.6686680316925 1.53911459445953 1.77718901634216 1.94789028167725 2.21281766891479 2.38626074790955 2.4533908367157 2.50574421882629 2.50917649269104 2.5477135181427 2.55060911178589 2.54628610610962 2.58557415008545 2.67761206626892 2.81417441368103 2.95300674438477 3.06472015380859
1.90709280967712 1.98701751232147 2.07204246520996 2.05169200897217 2.00018095970154 1.85480177402496 1.51063597202301 1.32554018497467 1.16360402107239 1.07569313049316 1.11217474937439 1.08521270751953 1.20281577110291 1.45913887023926 1.69624376296997 2.0680239200592 2.38536334037781 2.50830912590027 2.81070113182068 2.78390192985535 2.87309908866882 2.64273405075073 2.50875043869019 2.35348725318909 2.13984346389771 1.98676562309265 1.87758719921112 1.66260814666748 1.53447210788727 1.6481910943985 1.86464107036591 2.0366039276123 2.19469404220581 2.38047480583191 2.43208408355713 2.43537306785583 2.47013854980469 2.47236061096191 2.47912096977234 2.5068187713623 2.54483866691589 2.64699649810791 2.80518364906311 2.89529919624329 3.00253248214722
1.81840562820435 1.86667096614838 1.85417675971985 1.76407337188721 1.67438519001007 1.34419858455658 1.17178821563721 1.03476774692535 1.03185832500458 0.938551306724548 0.960006356239319 1.1588681936264 1.40790808200836 1.63877999782562 1.91636252403259 2.16695761680603 2.34741163253784 2.56106162071228 2.73609447479248 2.74790501594543 2.67302274703979 2.57173323631287 2.2849817276001 2.07469654083252 1.8828889131546 1.7936919927597 1.60490345954895 1.54426848888397 1.41540968418121 1.53215956687927 1.86120808124542 2.1148087978363 2.2773962020874 2.33971548080444 2.38802075386047 2.3977837562561 2.3986279964447 2.40547871589661 2.43614268302917 2.47295618057251 2.57188439369202 2.6840181350708 2.81837606430054 2.92344284057617 2.90192985534668
1.70860242843628 1.77650380134583 1.750532746315 1.66534054279327 1.39559054374695 1.09068620204926 0.938609540462494 0.887744545936584 0.899481177330017 0.888705968856812 0.976134717464447 1.26853370666504 1.4904066324234 1.84139454364777 2.09183025360107 2.24229097366333 2.34978842735291 2.63328838348389 2.60444712638855 2.68094325065613 2.46728372573853 2.33066201210022 2.18811917304993 1.98711204528809 1.74372267723083 1.52841734886169 1.47291767597198 1.41892838478088 1.34199404716492 1.43449020385742 1.76714205741882 2.09588623046875 2.27259278297424 2.31805753707886 2.32370185852051 2.3560049533844 2.35525870323181 2.35352540016174 2.39141249656677 2.46788954734802 2.60051727294922 2.74211430549622 2.84675574302673 2.82183766365051 2.78340268135071
1.6342339515686 1.62074995040894 1.53503918647766 1.43511962890625 1.19681680202484 0.995805561542511 0.858088374137878 0.823495268821716 0.818505465984344 0.893421053886414 1.08806896209717 1.32574951648712 1.53910899162292 1.86635220050812 2.15501618385315 2.23142862319946 2.40184593200684 2.55829310417175 2.57268738746643 2.49454355239868 2.39669370651245 2.12874436378479 1.92419099807739 1.75093603134155 1.66800951957703 1.47790420055389 1.35388231277466 1.30679440498352 1.26495218276978 1.35859799385071 1.58749628067017 1.88530421257019 2.133061170578 2.23729395866394 2.28482699394226 2.2894024848938 2.28776121139526 2.3215229511261 2.35776948928833 2.45173406600952 2.59209275245667 2.68908095359802 2.79438447952271 2.77290630340576 2.59959816932678
