slauniainen/Data/DEM/Vihti_dem1500b_cl_horizonAngle_222.asc
NCOLS 196 
NROWS 178 
XLLCORNER 353680 
YLLCORNER 6699024 
CELLSIZE 16 
NODATA_value -3.4e+38 
[rows 80 to 99 of 178, columns 45 to 89 of 196]
2.91964077949524 2.58891201019287 2.35125923156738 2.17793583869934 2.005126953125 1.87474298477173 1.77623927593231 1.69564986228943 1.6396951675415 1.61394309997559 1.53251039981842 1.44755816459656 1.50605034828186 1.80070102214813 1.81805896759033 1.73518574237823 1.79736173152924 1.60246324539185 1.50888109207153 1.34568393230438 1.22530329227448 1.05092930793762 0.892546594142914 0.768169403076172 0.762540876865387 0.746209919452667 0.72954648733139 0.72498220205307 0.734426558017731 0.722885072231293 1.38362550735474 4.6354546546936 5.07310962677002 4.85079526901245 3.48358488082886 2.61274075508118 1.93580508232117 1.48924565315247 1.43082654476166 1.40717589855194 1.36377990245819 1.41990900039673 1.56377530097961 2.08277750015259 2.00764775276184
2.9383807182312 2.88845372200012 2.47895550727844 2.32186579704285 2.15677690505981 2.00009846687317 1.9122142791748 1.82860791683197 1.75415623188019 1.66974377632141 1.59798991680145 1.6292142868042 1.93235898017883 1.92899894714355 1.85444247722626 1.94123435020447 1.7306797504425 1.61538028717041 1.44216084480286 1.3496105670929 1.28943598270416 1.23646485805511 1.09745514392853 0.970667481422424 0.884666204452515 0.831084966659546 0.79789274930954 0.79439902305603 0.761441946029663 0.677633166313171 0.669555127620697 1.92421007156372 3.31557393074036 4.47950077056885 3.50993371009827 2.45773839950562 1.81862306594849 1.47629046440125 1.59359574317932 1.44105279445648 1.56817018985748 2.42636728286743 2.20889544487 2.23821926116943 2.88368844985962
3.08535599708557 3.02688694000244 2.65370225906372 2.47182130813599 2.35051369667053 2.17964506149292 2.01943135261536 1.90966975688934 1.8428703546524 1.76877129077911 1.71520960330963 2.04016518592834 2.08407807350159 2.0017557144165 2.07916712760925 1.86009645462036 1.74572908878326 1.55190086364746 1.44691550731659 1.41567695140839 1.4213889837265 1.36258709430695 1.30989480018616 1.17829167842865 1.04750955104828 0.949718594551086 0.910497307777405 0.877285480499268 0.819913983345032 0.789814531803131 0.80041116476059 1.06629383563995 2.14599800109863 3.55364966392517 3.31163644790649 2.21439337730408 1.78543496131897 1.5777884721756 1.62428617477417 1.47020053863525 1.57493007183075 2.23758459091187 2.74952602386475 4.18282604217529 4.04117441177368
3.18488907814026 3.41150259971619 2.85913801193237 2.67001843452454 2.41593050956726 2.22256326675415 2.10121321678162 2.02588844299316 1.96100902557373 1.87575280666351 2.18798351287842 2.20482778549194 2.11207747459412 2.1930410861969 1.9750816822052 1.8942528963089 1.69216752052307 1.55391764640808 1.57291436195374 1.57099783420563 1.50679516792297 1.48210227489471 1.38265430927277 1.27150654792786 1.19687604904175 1.09198975563049 1.0205739736557 0.971295952796936 0.972400724887848 0.961604237556458 1.09991717338562 1.30108022689819 1.39208722114563 2.87879371643066 2.59519696235657 2.0909378528595 1.91030657291412 2.06040143966675 1.6526848077774 1.76648378372192 2.53357362747192 3.31469774246216 5.04052305221558 5.91990184783936 6.38654708862305
4.95393228530884 3.43930888175964 3.00397348403931 2.84460020065308 2.52904677391052 2.37076640129089 2.28887987136841 2.19811391830444 2.11208534240723 2.31600499153137 2.31939625740051 2.2260570526123 2.30641078948975 2.07962536811829 1.98083603382111 1.78255438804626 1.71884226799011 1.71944868564606 1.76625239849091 1.66130995750427 1.61899149417877 1.50635695457458 1.41984224319458 1.38827955722809 1.29544317722321 1.18435418605804 1.11187446117401 1.10676920413971 1.15419566631317 1.30976593494415 1.40321934223175 1.40245985984802 1.47176241874695 2.82683968544006 2.57800936698914 2.44442176818848 2.59847116470337 2.24699258804321 2.02404642105103 2.68652105331421 2.14042568206787 1.90962493419647 1.614342212677 3.81323075294495 7.68506479263306
5.09044647216797 3.62601256370544 2.90760159492493 2.83868432044983 2.82838773727417 2.54327344894409 2.41238236427307 2.35112953186035 2.42232346534729 2.42925786972046 2.34236264228821 2.43724989891052 2.19901609420776 2.09668469429016 1.87903046607971 1.8440477848053 1.84208941459656 1.84975004196167 1.84570121765137 1.8782457113266 1.65992116928101 1.49298810958862 1.40062081813812 1.38243663311005 1.6010833978653 1.74419009685516 2.27820134162903 2.80581378936768 1.50325751304626 1.63010382652283 1.55793809890747 1.51420378684998 1.53920435905457 2.32173347473145 3.74558210372925 3.49844360351562 3.0876362323761 2.77184510231018 2.48212718963623 2.94308161735535 2.56364059448242 1.72380542755127 1.44561636447906 1.06942617893219 6.8593225479126
3.42138290405273 3.72567224502563 3.13005876541138 3.03804707527161 2.85361933708191 2.86905670166016 2.56498289108276 2.40726780891418 2.54493355751038 2.4801652431488 2.58706045150757 2.31371307373047 2.21347188949585 1.99997043609619 2.00347280502319 2.01262593269348 2.01675462722778 2.03104877471924 2.00194931030273 1.93201303482056 1.72905683517456 1.48893904685974 1.41280090808868 1.31749296188354 1.19304203987122 1.21662425994873 1.18195927143097 1.55098617076874 1.77275025844574 1.77341115474701 1.68133103847504 1.60833513736725 1.52350664138794 1.48264384269714 4.181480884552 4.90496635437012 3.89002227783203 3.40668845176697 3.85785675048828 3.06606841087341 2.73690128326416 1.94234812259674 0.868742346763611 1.37468612194061 5.49095439910889
3.26514983177185 3.72060322761536 4.41796636581421 3.11929488182068 2.87817716598511 2.78625202178955 3.12603974342346 2.93566632270813 2.64650988578796 2.72963714599609 2.45560026168823 2.36344027519226 2.25902557373047 2.23101091384888 2.23295879364014 2.20173144340515 2.21273493766785 2.191654920578 2.06757092475891 1.86914074420929 1.72981250286102 1.71591651439667 1.51831448078156 1.34507119655609 3.39430713653564 1.31270587444305 1.5520726442337 1.80401706695557 1.84125423431396 1.83517670631409 1.76666641235352 1.64613175392151 1.51289689540863 1.26551342010498 1.77597796916962 5.06511688232422 4.65643167495728 5.29152679443359 4.32419395446777 3.66880106925964 2.34935784339905 1.95644688606262 1.64015316963196 3.05218696594238 5.04594802856445
3.69167876243591 2.7659957408905 3.31241631507874 3.38335800170898 3.07279896736145 2.99181032180786 2.97238349914551 2.66221404075623 2.59254431724548 2.72266840934753 2.44254636764526 2.7999165058136 3.02476406097412 2.72541356086731 2.52142524719238 2.51951766014099 2.4424843788147 2.24729490280151 2.04610586166382 1.92410230636597 1.91857063770294 1.8075008392334 1.42873120307922 1.12747240066528 1.33106362819672 1.71621763706207 1.93347680568695 1.92339074611664 1.89929270744324 1.88354170322418 1.78020715713501 1.68835389614105 1.42725682258606 1.18316078186035 0.943498730659485 5.26829147338867 7.1003041267395 6.56238651275635 5.27774143218994 3.20057201385498 2.19246530532837 0.766261160373688 2.30253314971924 5.78285551071167 5.96021842956543
3.21300649642944 3.19445109367371 3.59814071655273 4.00450038909912 4.2992377281189 3.81170654296875 3.0667839050293 2.6569766998291 2.78409743309021 2.45619654655457 2.35484480857849 2.35995769500732 2.4321141242981 2.71482181549072 2.87846612930298 2.66175436973572 2.41204500198364 2.23156929016113 2.19774198532104 2.13275289535522 1.96928453445435 1.85540211200714 1.67391204833984 1.41979992389679 1.77388346195221 2.00239181518555 2.02140474319458 2.01359677314758 1.98026013374329 1.85812938213348 1.77510869503021 1.56979489326477 1.41568100452423 0.975421845912933 0.810966908931732 7.86622858047485 8.6921968460083 7.89601707458496 5.56855010986328 3.26253247261047 0.776889801025391 0.623598694801331 2.12804698944092 6.89181756973267 7.28084230422974
2.71255683898926 2.95218825340271 3.36233973503113 3.66789937019348 5.9486083984375 5.20825147628784 3.02886748313904 2.89468145370483 2.56302785873413 2.47765517234802 2.44802069664001 2.44825649261475 2.44296455383301 2.47099876403809 3.02552509307861 2.84148597717285 2.7706310749054 2.59644532203674 2.32831025123596 2.18387627601624 2.04318642616272 1.83633172512054 1.61198484897614 1.60599458217621 2.12125587463379 2.1589937210083 2.13163375854492 2.09783720970154 1.98251044750214 1.87142491340637 1.63210368156433 1.53282165527344 1.22927820682526 0.856470108032227 0.464745819568634 3.53859043121338 7.16804647445679 7.84082460403442 5.90554761886597 1.78458094596863 0.625658631324768 1.26081824302673 1.85586738586426 5.12840366363525 7.96497011184692
2.5309944152832 2.53784871101379 2.27317690849304 2.5356605052948 2.67066264152527 4.37536907196045 3.01552319526672 2.69007182121277 2.55697774887085 2.4712986946106 2.50111794471741 2.46997904777527 2.39673614501953 2.34671187400818 2.79642796516418 3.10732698440552 3.02253890037537 2.74161386489868 2.26099133491516 2.1470832824707 2.26637768745422 1.93669986724854 1.75608897209167 1.90753483772278 2.19491863250732 2.2529284954071 2.23453330993652 2.08858442306519 2.00800347328186 1.74997317790985 1.61162006855011 1.36032843589783 1.15273630619049 0.668502986431122 0.447232812643051 0.388420403003693 2.63101649284363 6.42607736587524 4.80229377746582 1.013427734375 1.37393760681152 1.64651143550873 2.01125502586365 2.81312775611877 5.33217906951904
2.19823789596558 2.05210018157959 3.25209879875183 2.74128341674805 2.70017552375793 3.23323178291321 2.80977749824524 2.4831600189209 2.80993819236755 2.86530470848083 2.79667854309082 2.54765295982361 2.38556742668152 2.28424096107483 2.12954211235046 2.37806844711304 2.44981622695923 2.28288841247559 2.15102362632751 2.00256156921387 2.13815593719482 2.14767646789551 1.99690437316895 2.21180129051208 2.32758164405823 2.60974287986755 2.30203819274902 2.13588666915894 1.86010754108429 1.73823344707489 1.45822691917419 1.35922586917877 1.12989699840546 0.848539113998413 0.535863161087036 0.408222764730453 0.435626238584518 1.25966548919678 2.05086541175842 2.0309579372406 2.06770849227905 2.23342943191528 2.48957824707031 2.84384226799011 2.55401420593262
1.79131805896759 2.61388683319092 2.759117603302 3.76445245742798 3.50932741165161 3.07647323608398 2.70562744140625 2.4280641078949 2.67996120452881 3.45920729637146 3.15825319290161 2.85628128051758 2.51735281944275 2.19556307792664 2.0769624710083 1.98497974872589 2.07796025276184 2.02358436584473 1.87687945365906 1.78144955635071 2.26252961158752 2.78555822372437 2.33488011360168 2.36069679260254 2.31391501426697 2.79564762115479 2.28620100021362 2.1929395198822 1.84059202671051 1.53992867469788 1.45067548751831 1.38831412792206 1.40963232517242 1.12168049812317 0.759582281112671 0.705985844135284 0.677137136459351 1.05088782310486 2.24132180213928 2.59222388267517 2.83733129501343 3.02600169181824 3.15745139122009 2.65222525596619 2.44508123397827
2.77692627906799 2.79976630210876 2.72753429412842 3.04983258247375 3.09455633163452 2.95723628997803 2.76432847976685 2.4121835231781 2.37538552284241 2.86366677284241 3.40887022018433 2.92991471290588 2.62532949447632 2.3131251335144 2.06858658790588 2.04068779945374 1.86419653892517 1.79641461372375 1.68440449237823 1.54625594615936 2.00243926048279 2.44397330284119 2.4784939289093 2.43369126319885 2.41838192939758 2.31529998779297 2.35106801986694 2.0344295501709 1.88266658782959 1.57417726516724 1.47685992717743 1.67282569408417 1.67780292034149 1.34681642055511 1.09566366672516 0.931763291358948 0.883400678634644 2.12566208839417 2.97476291656494 3.16342711448669 3.43626189231873 3.65001726150513 3.06883215904236 2.73519682884216 2.49141764640808
3.01697993278503 2.84866046905518 3.08150291442871 2.58108925819397 2.6602509021759 3.19439339637756 2.77546858787537 2.51110887527466 2.30874371528625 2.24887323379517 3.07711386680603 3.14128470420837 2.73612546920776 2.46282768249512 2.31772828102112 2.08169984817505 1.93735361099243 1.72519552707672 1.63144707679749 2.08261013031006 2.36322402954102 2.48616695404053 2.53275513648987 2.56837439537048 2.41934847831726 2.3840229511261 2.16230583190918 2.02184438705444 1.70868253707886 1.57689416408539 1.76695549488068 1.84365057945251 1.65906536579132 1.48824596405029 1.21294248104095 1.08686327934265 2.12489914894104 3.69929003715515 3.94354104995728 3.84195446968079 4.01138353347778 3.39212322235107 3.1644549369812 2.79187154769897 2.34186339378357
3.19541788101196 3.34859418869019 2.67585253715515 2.48559403419495 2.45280504226685 3.2996985912323 2.99918437004089 2.60777974128723 2.331622838974 2.12521123886108 2.13710069656372 2.85055303573608 2.97709083557129 2.67648673057556 2.42282366752625 2.25063180923462 2.02570247650146 1.79991948604584 2.3408305644989 2.63582921028137 2.64700698852539 2.61923789978027 2.71719551086426 2.59924507141113 2.56382346153259 2.27836394309998 2.20185542106628 1.85874843597412 1.75256073474884 1.96882236003876 2.09339928627014 1.81443822383881 1.69106936454773 1.47025310993195 2.44719362258911 3.28035688400269 4.96306896209717 5.03372287750244 5.05470848083496 4.7346773147583 4.0785927772522 3.73469233512878 3.17030477523804 2.64343738555908 2.09473562240601
3.79092001914978 2.90456223487854 2.6030490398407 1.96939623355865 2.25309753417969 3.17753195762634 3.21977567672729 2.70559358596802 2.53477334976196 2.23105955123901 1.76430320739746 1.69947874546051 2.82034492492676 2.4541163444519 2.40079593658447 2.36524367332458 2.03919243812561 2.51946520805359 2.90900111198425 2.99183177947998 2.87550759315491 2.9182448387146 2.76245951652527 2.76037383079529 2.43634462356567 2.34286737442017 2.02479767799377 1.9831178188324 2.16222357749939 2.18247532844543 2.00957012176514 1.861811876297 2.01728367805481 4.07072353363037 5.89108753204346 6.73390483856201 6.6385350227356 6.97693872451782 6.4869532585144 5.55726623535156 4.85084295272827 3.89867353439331 3.03450655937195 2.30505108833313 2.18909907341003
3.93365430831909 2.90147566795349 2.13403820991516 1.68768453598022 1.53756940364838 2.90404653549194 2.81572937965393 2.76312875747681 2.63763523101807 2.21744108200073 1.613645195961 1.36731064319611 1.91598951816559 2.40932941436768 2.60129880905151 2.20644593238831 2.62960433959961 3.03652715682983 3.20775175094604 3.13150954246521 3.20825457572937 2.98075747489929 2.94270586967468 2.57841563224792 2.49004745483398 2.15073156356812 2.15701508522034 2.48437857627869 2.42170190811157 2.10065078735352 2.04303693771362 1.48030686378479 1.11583244800568 1.96781027317047 6.93810987472534 8.11311626434326 8.95176887512207 9.34078884124756 7.71050930023193 6.6794753074646 5.01758337020874 4.1591625213623 3.00794744491577 2.392662525177 2.32591795921326
3.0761833190918 3.17279434204102 2.63142132759094 1.66971504688263 1.38121855258942 2.68041443824768 2.77321362495422 2.71481227874756 2.6882791519165 2.48181629180908 1.84195303916931 1.29458606243134 1.02979755401611 1.08658480644226 2.0345618724823 2.74061250686646 3.21664500236511 3.39655542373657 3.30977463722229 3.42143154144287 3.21745634078979 3.21931886672974 2.75909948348999 2.64972639083862 2.27962946891785 2.32093906402588 2.69687342643738 2.66225433349609 2.38125658035278 2.16979956626892 1.86505377292633 1.34396123886108 0.637587010860443 0.363830894231796 5.65976572036743 8.87086200714111 12.0068817138672 11.4291543960571 9.33842277526855 6.66359710693359 5.18942880630493 3.95327758789062 2.80157375335693 2.54504370689392 2.46131944656372
