slauniainen/Data/DEM/Vihti_dem1500b_cl_horizonAngle_204.asc
NCOLS 196 
NROWS 178 
XLLCORNER 353680 
YLLCORNER 6699024 
CELLSIZE 16 
NODATA_value -3.4e+38 
[rows 120 to 139 of 178, columns 135 to 179 of 196]
33.8131904602051 30.3528842926025 25.8081245422363 20.1838207244873 16.8466701507568 14.7672653198242 12.9916849136353 11.79811668396 10.5502252578735 10.0536308288574 11.6618690490723 12.1097259521484 10.7595825195312 10.3203363418579 9.67324161529541 9.19721603393555 8.95693588256836 8.61349201202393 8.07493495941162 9.11060619354248 10.1701669692993 10.4763803482056 10.1204328536987 12.9068078994751 17.9519233703613 17.5444583892822 13.1718587875366 9.79814147949219 5.0355429649353 0.853383183479309 0.912109375 1.20458126068115 1.39934468269348 1.7579231262207 1.60415124893188 1.40572190284729 1.39630782604218 1.2160177230835 0.917957007884979 0.387753814458847 -0.0274305064231157 3.15418767929077 4.34589195251465 3.72076559066772 4.30911016464233
40.209831237793 31.6085014343262 27.406400680542 20.1483039855957 17.7843723297119 15.2618741989136 13.6617345809937 11.8277235031128 10.5995922088623 14.2023448944092 13.1172790527344 12.9465932846069 11.8510122299194 11.2874794006348 10.4227352142334 9.65978622436523 9.41893863677979 8.99163627624512 8.09045791625977 8.56403350830078 8.8082103729248 9.70195293426514 16.2815456390381 24.4868946075439 22.5364437103271 18.4425792694092 13.5148096084595 7.47880220413208 2.67861294746399 1.52091324329376 1.54998278617859 1.69535994529724 1.69220042228699 1.81655943393707 1.73325335979462 1.56003844738007 1.67611718177795 1.45282518863678 1.11025261878967 0.101157166063786 0.0441943593323231 0.00876825861632824 0.696235239505768 0.345275551080704 0.105572454631329
41.669994354248 37.7586479187012 25.9765110015869 20.6738109588623 18.1232166290283 15.2581853866577 13.5348463058472 12.9330234527588 14.6199493408203 15.4227485656738 15.2855653762817 13.3444204330444 12.547963142395 12.0072441101074 11.1996612548828 10.5914611816406 9.95203685760498 9.00851917266846 8.21411228179932 9.259690284729 10.8101711273193 14.9065055847168 20.9250926971436 24.0932292938232 17.1061096191406 14.5915012359619 12.4863958358765 6.66957998275757 1.91245400905609 2.37695360183716 2.86945915222168 2.60622763633728 2.18757343292236 1.92405009269714 1.82258427143097 1.91777002811432 1.90338289737701 1.4513293504715 1.28237760066986 0.231442257761955 0.196375712752342 0.191389605402946 0.0701594054698944 0.122729316353798 0.23168908059597
39.5519561767578 39.0556869506836 25.5023498535156 21.2168464660645 18.0594921112061 15.2461814880371 17.2442054748535 17.3365001678467 19.362060546875 17.3422107696533 16.0914287567139 14.0949964523315 13.5278053283691 12.8671588897705 11.5605545043945 10.8846416473389 10.1676950454712 9.18976974487305 9.11892223358154 14.145037651062 15.0157985687256 18.3607158660889 17.7622261047363 11.2480688095093 12.6099910736084 8.75767135620117 3.30579924583435 1.15884184837341 2.58935856819153 3.06086301803589 3.74222779273987 3.15731620788574 2.40131092071533 2.03319001197815 2.2598934173584 2.31760549545288 2.1013069152832 1.6791535615921 1.06956815719604 0.343795031309128 0.274577975273132 0.327630341053009 0.275234013795853 0.265089929103851 2.59627747535706
16.4616451263428 31.4965858459473 25.5590476989746 21.1487255096436 18.025354385376 15.2470989227295 16.0016613006592 23.0741024017334 21.0823230743408 19.6208477020264 16.9243659973145 14.9635534286499 14.1255292892456 13.2231216430664 12.1418304443359 11.2365856170654 11.091423034668 10.3804512023926 12.4347410202026 11.7628507614136 18.027624130249 20.0800075531006 12.6931982040405 7.78800964355469 1.26537358760834 0.54356586933136 0.546369135379791 1.42438685894012 3.90631818771362 4.62127876281738 5.28899908065796 4.56320142745972 2.38071632385254 2.39856600761414 2.7208080291748 2.55456399917603 2.06208539009094 1.97938549518585 0.73455947637558 0.329481035470963 0.321189373731613 0.591234862804413 0.639432072639465 2.49151206016541 5.28295707702637
13.464653968811 24.1326065063477 23.6268520355225 21.0334014892578 17.3915538787842 14.5116329193115 13.6025943756104 25.1673374176025 24.8931083679199 21.6598262786865 19.1994018554688 17.4725208282471 16.2273616790771 13.7244787216187 12.5960521697998 12.4538106918335 13.6668691635132 15.7766189575195 13.9813833236694 13.9768295288086 18.9427680969238 13.8481483459473 11.1006345748901 0.662472605705261 0.268758058547974 0.756098091602325 1.77257871627808 2.63955640792847 2.46924948692322 3.12046074867249 3.55601000785828 4.32943916320801 2.76209473609924 2.9555721282959 3.49796199798584 3.16327881813049 2.46577739715576 1.60963559150696 0.833720207214355 0.39770370721817 0.519657731056213 2.05995464324951 4.40568208694458 7.44302558898926 9.42291736602783
17.6394100189209 22.707426071167 21.8920745849609 19.5700702667236 17.5919609069824 14.5542316436768 9.50874519348145 11.0953998565674 19.4351692199707 21.7488021850586 21.0835762023926 18.5385627746582 17.6787376403809 16.6521701812744 15.0187549591064 13.7530717849731 11.3782863616943 11.9856634140015 10.5500679016113 10.9341688156128 8.95172023773193 8.78038024902344 1.45715987682343 0.692134261131287 0.86833918094635 0.906042754650116 0.600110709667206 0.929863572120667 1.64191389083862 1.97804260253906 2.34078192710876 2.82404041290283 3.38599610328674 4.48021507263184 4.26110792160034 3.04862475395203 2.98775172233582 1.27577996253967 0.46962982416153 1.56547212600708 3.91023898124695 5.8505654335022 8.54923343658447 11.6797666549683 13.2479848861694
20.9509754180908 22.1405124664307 20.4128818511963 18.5006122589111 16.2571239471436 14.2199382781982 8.72522354125977 5.05131387710571 4.83416032791138 13.2387714385986 17.5127105712891 20.6647834777832 16.7875423431396 15.8882112503052 13.6870908737183 9.68790149688721 8.03481292724609 6.87012910842896 6.77114152908325 8.39899826049805 5.21507120132446 1.62026250362396 0.848346352577209 1.71725654602051 1.63694787025452 1.42958557605743 1.08500182628632 1.17081832885742 2.07741904258728 2.34322142601013 2.15559554100037 2.25548219680786 4.84739780426025 5.91872882843018 5.95785617828369 4.09830093383789 2.408695936203 1.30378210544586 0.585527300834656 0.696972787380219 3.1892147064209 7.31566047668457 12.3754806518555 14.0502824783325 17.3938159942627
20.2031440734863 20.5687217712402 21.1409015655518 19.1782741546631 16.6868534088135 11.8380079269409 9.60622310638428 4.78623580932617 3.30886101722717 5.02740955352783 7.26351165771484 10.5389776229858 14.9372444152832 12.4749097824097 9.16702461242676 7.81936931610107 7.05960559844971 5.54458236694336 4.77661991119385 6.1147780418396 3.90838980674744 -0.798872768878937 1.66704678535461 3.20915055274963 2.56392884254456 1.62817013263702 1.50610995292664 2.03302383422852 2.91977047920227 3.12779116630554 2.72050762176514 2.98924112319946 4.82713460922241 5.46917200088501 5.28857517242432 5.76673746109009 2.5373215675354 0.500593900680542 1.0928350687027 2.04095458984375 0.4822758436203 0.631029307842255 5.7903208732605 10.2956066131592 7.59034109115601
16.0369625091553 18.657262802124 20.5339393615723 18.3073310852051 15.8830251693726 11.7822265625 11.2911901473999 7.1019344329834 4.78928995132446 5.03972673416138 5.65078830718994 5.98407030105591 7.18312931060791 6.9897198677063 7.71659135818481 7.25896596908569 7.05306053161621 5.4240550994873 4.37422275543213 1.21874177455902 -0.566735088825226 -0.637453079223633 0.997614085674286 2.5415894985199 2.04198360443115 1.77033770084381 2.31327319145203 3.1689441204071 3.23741316795349 3.50851559638977 2.79614925384521 3.72042560577393 1.6302638053894 0.174426510930061 7.28198003768921 4.08708381652832 2.50499367713928 1.9058758020401 2.92569327354431 2.97495126724243 0.53226500749588 0.38267970085144 -0.0911775827407837 0.211434379220009 3.47162842750549
13.3173780441284 17.6817092895508 21.8544788360596 21.0252208709717 12.6564273834229 9.41350078582764 9.79803562164307 9.00575065612793 8.35910129547119 8.08372020721436 9.01987457275391 8.73565292358398 5.73165893554688 6.94019651412964 8.15918922424316 7.62586307525635 6.33831977844238 5.38484525680542 3.97245955467224 1.15993106365204 -0.496715307235718 -0.387873500585556 0.900493919849396 1.60300636291504 2.20573091506958 2.28497052192688 3.10151743888855 4.22155237197876 4.37844753265381 3.48372364044189 4.86269664764404 2.78610372543335 0.0448883697390556 0.353896766901016 0.33901458978653 0.473268240690231 0.505201458930969 2.17734456062317 5.36321830749512 3.85843181610107 1.05905187129974 0.488482594490051 0.059567216783762 -0.264486759901047 -0.31082946062088
10.0339260101318 15.6409406661987 20.2045783996582 20.5842189788818 12.3448400497437 7.92592144012451 8.06778526306152 7.62381315231323 7.65974855422974 6.06385803222656 3.64078688621521 3.01727151870728 7.47176504135132 7.53522348403931 7.51699542999268 8.40534973144531 6.66786909103394 5.48618793487549 4.96323156356812 1.78431534767151 0.166623145341873 0.419435739517212 1.43323349952698 2.72084903717041 2.92436265945435 4.47119092941284 5.48733615875244 5.07026815414429 4.89358139038086 3.33513998985291 1.2238222360611 0.289434790611267 0.153456762433052 0.426209300756454 0.358350038528442 0.461860120296478 0.501993119716644 0.572698056697845 0.435718804597855 0.978151977062225 0.68024355173111 0.524658441543579 0.240236207842827 -0.125045418739319 -0.269893676042557
3.55037474632263 6.44009828567505 8.92392826080322 13.3900957107544 9.17262744903564 7.87933540344238 9.72840690612793 7.98492956161499 6.98867177963257 4.41050910949707 4.0807900428772 3.70299983024597 2.47246789932251 4.38973188400269 7.40820837020874 7.43867254257202 7.17448091506958 5.56352043151855 3.10147929191589 2.20953583717346 0.963447213172913 1.58379340171814 2.93723201751709 4.2323842048645 5.0823826789856 7.13036584854126 8.48322296142578 7.91694402694702 6.03059530258179 3.87531733512878 1.66386866569519 0.0617274716496468 0.278016358613968 0.563202977180481 0.595787823200226 0.600537061691284 0.68858003616333 0.754134595394135 0.60532283782959 0.52532285451889 0.761391997337341 0.671664178371429 0.392080396413803 0.153277307748795 -0.106695108115673
1.85384547710419 3.00032663345337 5.75127983093262 7.70993757247925 8.17251777648926 5.51635599136353 10.8082733154297 8.56502246856689 3.38297653198242 3.23112940788269 2.58088421821594 1.1575049161911 -0.103317104279995 0.0548873841762543 2.85930943489075 5.07642269134521 5.84331941604614 5.07829284667969 2.70863652229309 1.65067315101624 1.55296993255615 3.551762342453 5.13177537918091 6.71434259414673 8.61117458343506 11.1694498062134 10.6337985992432 8.5965690612793 6.8125581741333 4.59338235855103 2.85480332374573 1.26983869075775 0.707858443260193 0.751404464244843 0.794390678405762 0.787750542163849 1.4056236743927 1.4133677482605 1.0628490447998 1.03762459754944 0.898878931999207 0.763954222202301 0.591826021671295 0.352057814598083 0.156897738575935
1.80393612384796 5.01019620895386 7.09997653961182 9.0163049697876 7.68462514877319 8.04868793487549 10.0403633117676 7.07064390182495 2.33243846893311 1.18642437458038 0.665789663791656 0.208887279033661 -0.227506011724472 -0.495705008506775 -0.52392315864563 -0.261370211839676 0.158488154411316 2.56596970558167 2.0999162197113 2.00302457809448 3.77397680282593 3.27745223045349 4.49387884140015 9.0241117477417 17.4109554290771 17.4569625854492 15.6538381576538 14.1800622940063 11.5956230163574 5.54015398025513 3.4383909702301 2.03616309165955 1.17539083957672 0.936059236526489 0.943651556968689 1.36529111862183 2.04239463806152 2.30836725234985 1.78778326511383 1.38637280464172 1.14140188694 0.85765153169632 0.664017617702484 0.454998970031738 0.333026349544525
3.68677091598511 7.88855791091919 7.78704643249512 9.89760684967041 7.3847770690918 3.65688443183899 2.14471530914307 1.64258539676666 1.66239631175995 1.02356791496277 0.527968406677246 -0.170676797628403 0.131553277373314 0.056478675454855 -0.442147731781006 -0.237163811922073 -0.20338362455368 -0.267623126506805 0.644769966602325 1.39608752727509 0.829946517944336 1.03924953937531 3.2615487575531 8.19185733795166 9.50430870056152 8.79182815551758 8.74057388305664 12.0526247024536 10.6370553970337 6.29323101043701 3.60517311096191 2.28704214096069 1.70489656925201 1.1452225446701 1.84502172470093 2.87738752365112 3.17334508895874 2.67912673950195 2.17942690849304 1.51962721347809 1.30769836902618 1.05343079566956 0.783145546913147 0.543571054935455 0.436942100524902
2.77487397193909 9.80108451843262 12.385724067688 10.3535375595093 8.30037975311279 4.02348375320435 2.07839155197144 1.66530275344849 1.42281889915466 1.48805153369904 0.381465047597885 0.151700988411903 0.29547655582428 1.2984424829483 1.52290999889374 0.968262374401093 -0.200926527380943 -0.300410389900208 -0.417788773775101 -0.505859732627869 -0.614376544952393 -0.565799295902252 -0.589834272861481 -0.130019262433052 -1.34127080440521 -1.34631943702698 2.64943790435791 3.77617025375366 7.5843677520752 6.1036171913147 3.53873872756958 2.20809984207153 1.51927196979523 1.63806748390198 2.98770761489868 3.74417924880981 4.04773855209351 3.46315264701843 2.69540047645569 1.53025555610657 1.36328065395355 1.22084867954254 1.00737452507019 0.843753576278687 0.72469174861908
0.469086915254593 8.86374950408936 13.191234588623 12.3357334136963 7.83974266052246 5.15470314025879 2.81749200820923 2.21710324287415 1.1572972536087 1.13455724716187 0.719199597835541 1.17510521411896 0.776053488254547 -0.0819895341992378 0.14788693189621 -0.193272352218628 -0.181783929467201 -0.290599852800369 -0.440769344568253 -0.471720814704895 -0.563672363758087 -0.633682310581207 -0.744215905666351 -1.01689612865448 -1.27271199226379 -1.2103728055954 -1.04664433002472 2.13157081604004 4.52895069122314 4.70227241516113 3.32451772689819 2.06397271156311 1.67371225357056 2.88923382759094 4.69831514358521 5.51599454879761 4.90485572814941 4.00096273422241 2.754878282547 1.62304997444153 1.37289702892303 1.24529814720154 1.16090059280396 1.06384062767029 1.00122237205505
-3.16393136978149 0.905935406684875 10.9213790893555 12.7510795593262 7.78918933868408 5.78489542007446 2.59647870063782 2.23788857460022 0.871948719024658 0.497708141803741 1.40733695030212 1.00740373134613 -0.00894373282790184 -0.448144167661667 -0.270038336515427 -0.142173022031784 -0.00931285414844751 -0.067710354924202 -0.136845305562019 -0.305283665657043 -0.394949674606323 -0.488648951053619 -0.755729675292969 -0.912397086620331 -1.05845594406128 -0.979548156261444 -0.860284566879272 -0.248645290732384 1.34888589382172 2.74116444587708 2.55973410606384 1.64874303340912 2.80499196052551 5.65545415878296 7.51782321929932 7.12279319763184 6.74244451522827 5.79997253417969 1.76607513427734 1.59414875507355 1.45825493335724 1.3694235086441 1.43105578422546 1.2747175693512 1.34698784351349
-3.05509209632874 -1.10138261318207 5.59641551971436 9.90288257598877 8.84221744537354 6.74270963668823 3.40308618545532 1.86450684070587 1.06093287467957 -0.164832413196564 -0.998254835605621 -0.84617680311203 -0.441338241100311 -0.209510251879692 -0.0568782053887844 0.134446188807487 0.251662701368332 0.149067804217339 0.127800419926643 -0.0158946011215448 -0.195267334580421 -0.359079480171204 -0.529314756393433 -0.724405586719513 -0.805367112159729 -0.695581316947937 -0.714829504489899 0.0292602628469467 0.839091002941132 1.17094051837921 2.16919279098511 1.38068759441376 4.45409727096558 5.97990655899048 5.71004676818848 5.87954759597778 7.47270536422729 5.38035202026367 2.38670516014099 1.63087832927704 1.4987713098526 1.47672462463379 1.55749833583832 1.45348334312439 3.62476563453674
