slauniainen/Data/DEM/Vihti_dsm1500b_cl_horizonAngle_78.asc
NCOLS 196 
NROWS 178 
XLLCORNER 353680 
YLLCORNER 6699024 
CELLSIZE 16 
NODATA_value -3.4e+38 
[rows 100 to 119 of 178, columns 0 to 44 of 196]
22.461612701416 31.9682006835938 50.261157989502 5.687575340271 6.07282304763794 9.12264537811279 -2.13132929801941 -1.29374241828918 0.455156087875366 0.61018180847168 0.696919560432434 1.73162364959717 1.79747557640076 1.85971832275391 1.92126452922821 2.01712512969971 1.88842248916626 2.19057178497314 3.26334023475647 3.46162867546082 3.63202142715454 3.73619174957275 3.8631911277771 4.93276262283325 5.10933256149292 5.27407741546631 5.47621059417725 5.69278240203857 5.61965847015381 5.82605648040771 6.03939485549927 6.31922054290771 6.60580778121948 6.71172189712524 6.98945951461792 6.55315780639648 39.738166809082 57.3584251403809 -1.48135316371918 2.16775512695312 -1.50919282436371 18.3082962036133 20.4409465789795 37.534610748291 56.3970336914062
21.8983459472656 27.2767219543457 45.174877166748 22.54953956604 2.12220144271851 -1.9779679775238 -1.76252377033234 -0.517423927783966 1.2750391960144 1.50811052322388 1.63604867458344 1.51961207389832 1.77338802814484 2.55031967163086 2.63573145866394 2.79342079162598 2.90073823928833 3.05817079544067 3.22908139228821 4.17382907867432 4.42106199264526 4.56570339202881 4.72628450393677 4.77128219604492 4.90450572967529 5.04617977142334 5.08340454101562 5.24006843566895 5.42302179336548 5.63981771469116 5.3768835067749 15.1735315322876 17.1569995880127 19.7501029968262 23.299503326416 28.3840713500977 34.6224822998047 52.8012809753418 27.2997608184814 -1.90112197399139 1.52393794059753 38.7711753845215 19.7974758148193 3.12463617324829 2.42346858978271
19.7053661346436 24.5379486083984 28.5881614685059 46.8427276611328 5.80484485626221 4.32291603088379 -0.744487226009369 -0.716269552707672 -0.0358808822929859 2.00697350502014 2.30341744422913 2.44176292419434 2.53635811805725 2.6072096824646 3.30718755722046 3.41249179840088 3.51522636413574 3.69652700424194 3.88150954246521 4.08537578582764 4.29686594009399 4.4903678894043 4.4787278175354 4.61750173568726 4.75320148468018 4.5422625541687 4.17817687988281 10.2372617721558 11.0486621856689 12.1187572479248 13.2965660095215 13.2320442199707 16.8905735015869 19.1373596191406 21.817850112915 25.5072822570801 33.2746658325195 51.1205520629883 19.8474273681641 -0.137240335345268 -0.0518171600997448 6.94923067092896 22.0834369659424 38.6424446105957 34.4035911560059
15.4169282913208 19.5583896636963 20.6970825195312 29.6435298919678 34.485710144043 6.71177005767822 2.22366952896118 -0.248113259673119 -0.0304429139941931 2.48215413093567 2.80071973800659 2.98033618927002 22.5411853790283 40.0965614318848 1.91728365421295 3.46565294265747 3.53063154220581 3.51356863975525 3.68284273147583 3.89686799049377 4.11230802536011 4.07597398757935 7.62768745422363 8.03377151489258 8.46306705474854 8.91701698303223 9.43221473693848 8.94310855865479 11.4135074615479 12.4556350708008 13.5456190109253 14.864146232605 15.182541847229 17.0965938568115 19.6265029907227 23.6919631958008 33.1115112304688 50.9214172363281 21.8272132873535 0.414592325687408 2.93745970726013 7.79858112335205 24.6783103942871 22.2129440307617 26.0360012054443
12.9066648483276 15.7761631011963 20.0633411407471 21.9186973571777 34.2735557556152 18.795280456543 24.6199703216553 0.219267129898071 0.343267798423767 0.611272394657135 9.87296676635742 14.6627883911133 22.4581813812256 40.5211334228516 1.75036466121674 37.266056060791 1.90205061435699 5.54724884033203 5.82567071914673 6.19818258285522 6.62332010269165 7.10746765136719 6.82928085327148 8.50013828277588 8.89316177368164 9.35162353515625 9.85185050964355 10.4465208053589 10.3140678405762 11.2193908691406 12.2882747650146 13.3721990585327 15.3196725845337 17.3297672271729 20.0130767822266 23.7957992553711 29.7593803405762 46.6073760986328 19.2684535980225 4.2567024230957 -0.887861847877502 9.69984436035156 12.3776617050171 21.7812004089355 39.0873222351074
11.1094579696655 12.8040943145752 15.0783643722534 16.1442451477051 27.1934909820557 50.4411735534668 0.115776441991329 0.586574733257294 0.620848059654236 0.724809944629669 8.74267959594727 13.9629640579224 20.0370254516602 37.1895446777344 3.20207023620605 39.7489166259766 3.32566833496094 4.96254968643188 6.25747585296631 6.57599353790283 6.98087120056152 7.43814373016357 7.98148012161255 7.73474836349487 8.04529571533203 8.45118713378906 8.90802669525146 9.4565544128418 10.4731826782227 11.4071455001831 12.4303951263428 13.4218130111694 13.5444173812866 15.3813819885254 17.778112411499 21.3265743255615 25.5420207977295 25.2930660247803 8.76394748687744 8.84252738952637 8.95685005187988 9.54442596435547 17.814826965332 34.326774597168 6.56046628952026
14.3678703308105 26.9774532318115 14.0647754669189 22.851318359375 20.2029399871826 22.3016357421875 17.7671699523926 5.71403932571411 0.673625588417053 1.36575305461884 1.6576075553894 36.1362915039062 2.65686869621277 17.6733741760254 37.9428977966309 3.8283269405365 5.12620639801025 5.28274011611938 5.70169925689697 5.93652963638306 6.26986026763916 6.69954347610474 7.22208976745605 7.8287878036499 8.13264274597168 8.57276916503906 9.07519435882568 9.64321136474609 9.41302967071533 10.1435279846191 10.9251432418823 11.9074554443359 12.1320705413818 7.0439624786377 7.37978982925415 7.7305703163147 8.06492328643799 8.14081287384033 8.70034790039062 8.82614994049072 9.72747898101807 11.8197603225708 10.322380065918 21.3041954040527 6.50262498855591
23.4104137420654 7.82611274719238 35.0367431640625 7.91392135620117 12.7353849411011 19.224681854248 6.5041184425354 7.38356351852417 29.5835514068604 2.03400254249573 29.1667060852051 2.99744534492493 15.2639312744141 4.36616992950439 9.45254230499268 17.8080501556396 4.49774694442749 5.00463247299194 5.86555957794189 6.07784700393677 6.37900829315186 6.80522727966309 7.38458204269409 6.96836996078491 7.31195878982544 7.73319864273071 8.19493579864502 8.72859668731689 8.84236145019531 5.94843912124634 6.1622200012207 6.39569997787476 6.16275882720947 6.35944128036499 6.69370412826538 7.17441558837891 7.70042848587036 6.59494256973267 6.3786153793335 6.47427415847778 6.36797046661377 7.51035451889038 8.21773338317871 9.6117639541626 12.0388240814209
12.7349214553833 10.1070251464844 9.40567970275879 12.6129589080811 12.6993627548218 13.4791879653931 17.3504638671875 13.2395639419556 24.2473335266113 10.1548223495483 5.18705368041992 2.18137335777283 4.17156648635864 5.05666637420654 12.3020038604736 14.4168243408203 36.9026756286621 3.70499801635742 3.35461258888245 5.56433343887329 5.80910396575928 6.24010324478149 6.56059503555298 6.68835067749023 5.05676221847534 5.22709655761719 5.44168901443481 5.28149223327637 5.30384349822998 5.47089719772339 5.64402389526367 5.83714962005615 5.83412933349609 5.34642839431763 5.63455486297607 5.87542486190796 6.11749982833862 6.3273606300354 14.107889175415 22.2941551208496 5.01231145858765 5.52719211578369 7.87088966369629 5.42502880096436 6.56570482254028
5.92448806762695 6.48908662796021 3.61935782432556 5.27514553070068 6.43370819091797 8.0155725479126 10.0909566879272 12.7473211288452 13.8883752822876 3.52249622344971 3.6587917804718 4.52856302261353 6.28620481491089 8.96257019042969 12.7717008590698 13.32652759552 4.88593101501465 5.17740774154663 5.39194965362549 4.38765907287598 4.52379512786865 4.65323495864868 4.71567153930664 4.6259069442749 4.63893699645996 4.77783966064453 4.94205522537231 4.71669626235962 4.61441135406494 31.7088203430176 50.1231002807617 1.68126404285431 1.76424670219421 6.02353239059448 6.70626258850098 7.5912561416626 8.83963298797607 10.6990413665771 9.84382343292236 4.75034284591675 4.77039289474487 5.6710376739502 5.99603652954102 6.37647819519043 6.80351114273071
3.94240713119507 4.13986444473267 4.59708547592163 5.33030652999878 3.0878210067749 3.21960306167603 3.334303855896 3.44374632835388 3.5076014995575 3.19997525215149 3.31921100616455 3.52194547653198 3.76512026786804 4.06009960174561 4.33890724182129 3.7476282119751 3.97359371185303 4.13011312484741 4.06387805938721 4.07109498977661 4.19449710845947 4.19403648376465 4.27339601516724 4.09241676330566 10.7278709411621 33.6395835876465 52.8077964782715 1.36691784858704 21.8194217681885 36.9455451965332 55.829704284668 0.933123111724854 2.03157901763916 5.29739761352539 4.34615898132324 4.43948745727539 5.07763242721558 5.21596145629883 5.36894798278809 5.48680400848389 5.56395196914673 5.58485746383667 5.90060758590698 6.24664974212646 6.7537088394165
3.441725730896 2.77301645278931 2.82574105262756 2.95460796356201 2.75737810134888 2.91791129112244 3.0223708152771 3.13724851608276 3.22246980667114 3.28848695755005 2.9143180847168 3.04930710792542 3.19252824783325 3.22009825706482 3.26209235191345 3.43176484107971 3.58492541313171 3.76627588272095 3.64196562767029 3.57939982414246 11.3967542648315 12.8696908950806 14.9707517623901 18.2069282531738 26.9247646331787 45.0976333618164 6.64154434204102 14.3070945739746 17.2840843200684 21.3673973083496 5.92019557952881 0.987766981124878 1.35761797428131 1.90568041801453 4.80486011505127 4.9209098815918 4.8821063041687 5.01705408096313 5.18648767471313 5.34904003143311 5.88786172866821 6.1162633895874 6.43612241744995 6.80847787857056 7.27096366882324
5.34310960769653 2.51426315307617 2.55288743972778 2.64375329017639 2.76606202125549 2.56042456626892 2.64435219764709 2.72582101821899 2.81343984603882 2.77641534805298 2.72658157348633 2.84477090835571 2.96210026741028 2.86533379554749 2.87892770767212 4.83154726028442 7.24720001220703 8.05088901519775 9.09792137145996 10.0295114517212 10.0242338180542 11.5936822891235 31.7861309051514 50.7496643066406 7.50772476196289 23.1220264434814 5.56072235107422 15.6826229095459 15.6595973968506 26.588191986084 5.39507913589478 0.676740288734436 1.14012384414673 2.11784386634827 4.62820196151733 5.00901794433594 5.13562536239624 5.28314065933228 5.47824048995972 5.6940712928772 4.73927879333496 4.92285251617432 5.15115356445312 5.41138648986816 5.73354911804199
6.62200450897217 2.3091287612915 2.29599165916443 2.32094693183899 2.28900599479675 2.23583054542542 2.3775372505188 2.47323679924011 2.56227588653564 2.46950125694275 3.32571268081665 4.4993143081665 4.89026355743408 5.29836702346802 5.78874826431274 6.3811092376709 6.25233554840088 10.5614776611328 12.5373573303223 14.3169260025024 16.988977432251 35.195068359375 54.2810134887695 4.19582509994507 7.76256513595581 5.27216720581055 9.44428062438965 9.51747989654541 14.0504341125488 12.1629705429077 31.3754692077637 0.68493390083313 1.02248120307922 1.40961110591888 4.83822250366211 4.05646419525146 4.15407800674438 4.24548053741455 4.38361215591431 4.54783296585083 1.94575846195221 1.96205759048462 1.97501730918884 1.99113929271698 1.34839558601379
12.3228197097778 3.82379508018494 2.29832720756531 2.26590800285339 1.91384673118591 1.85545814037323 2.91420745849609 3.2842071056366 3.55433988571167 3.82585072517395 4.13968229293823 4.37461233139038 4.67795324325562 6.20861673355103 6.89335012435913 7.74996185302734 11.5116329193115 13.7299137115479 16.3885536193848 28.8491058349609 47.1732711791992 15.7245035171509 5.3019323348999 5.56592988967896 3.24134922027588 4.49176359176636 16.9204883575439 6.00309896469116 10.1292743682861 5.21105337142944 6.08723115921021 23.583345413208 0.26786944270134 0.77231776714325 1.50394451618195 2.07452797889709 2.16296696662903 1.91234910488129 1.91751658916473 1.93052053451538 1.46393060684204 1.53483462333679 1.34813070297241 1.7318811416626 2.8853600025177
1.14730608463287 5.56345081329346 5.17421579360962 6.44704341888428 3.87190771102905 2.16405081748962 2.79199862480164 3.21873188018799 3.72535848617554 4.68542194366455 5.06069231033325 5.42013263702393 6.92836284637451 7.70657539367676 8.64050960540771 10.8329153060913 12.8668375015259 15.8644733428955 22.9243106842041 39.2338562011719 22.5001125335693 38.4074440002441 2.09508061408997 6.46270799636841 1.14501214027405 1.38313543796539 1.71098399162292 5.71044683456421 3.63715195655823 3.48595285415649 7.0924859046936 13.478964805603 -0.877666294574738 7.60589694976807 0.127868190407753 2.08907055854797 1.94451832771301 1.43570578098297 1.37192618846893 2.65813493728638 2.69133543968201 2.73290300369263 2.78066444396973 3.08430981636047 3.15391850471497
16.8795013427734 8.4724063873291 6.32321882247925 6.51686191558838 7.71541166305542 2.95663690567017 3.24535799026489 3.8947160243988 4.4371862411499 4.99348974227905 5.52379417419434 6.45177316665649 7.24428796768188 8.18482971191406 9.291748046875 12.953254699707 15.2953224182129 18.4393405914307 21.9856815338135 29.1991729736328 46.2229843139648 19.0608654022217 3.49315142631531 0.83348560333252 1.95431780815125 1.27424550056458 1.42579114437103 7.37479972839355 3.14625597000122 3.22581052780151 2.20472621917725 6.19230127334595 -0.137472316622734 15.3392572402954 -0.185010507702827 0.846900820732117 2.57436203956604 2.59395289421082 2.83251953125 2.87283158302307 2.91723322868347 2.96882367134094 3.03035664558411 6.03952264785767 6.36316299438477
11.1771183013916 11.1989545822144 7.90490818023682 6.27005815505981 7.94951868057251 5.53071546554565 3.02504396438599 3.57710838317871 4.36265707015991 5.02769422531128 5.61648368835449 7.66859912872314 8.61724758148193 9.72959899902344 11.0240001678467 12.7816333770752 15.1195468902588 18.1441974639893 30.9870681762695 49.8424758911133 11.8478803634644 30.9369201660156 1.59361028671265 9.84506607055664 1.27713692188263 3.17248845100403 2.43124270439148 1.56330108642578 3.63593697547913 7.81543302536011 1.68672502040863 0.381831496953964 2.84984707832336 8.03231906890869 0.498309910297394 1.19151365756989 3.9224488735199 2.78150510787964 4.85614824295044 5.03779649734497 5.23018789291382 5.44814205169678 5.69359874725342 5.9139838218689 5.6317925453186
11.5447263717651 15.2133293151855 7.52516746520996 8.25522899627686 3.61560320854187 3.14345479011536 3.70989346504211 4.16537427902222 4.89815664291382 5.85803890228271 6.71136426925659 7.52438688278198 8.45774364471436 9.59324169158936 10.8939914703369 13.0429773330688 16.4684467315674 21.5067558288574 21.5696334838867 32.7460098266602 28.7161884307861 16.3777294158936 5.99343585968018 8.02853393554688 1.60303342342377 3.90720152854919 3.77783536911011 5.44786310195923 4.82099962234497 10.8587207794189 6.32135152816772 0.480923473834991 2.79361820220947 3.90840888023376 0.930495262145996 1.34079599380493 1.81913805007935 4.70267915725708 4.8316535949707 4.53439903259277 4.68965435028076 4.86545181274414 5.06713676452637 5.27653026580811 4.94884157180786
12.0374813079834 14.2576284408569 8.49686050415039 10.5651702880859 3.30693507194519 3.46646165847778 3.78013730049133 4.04569578170776 4.53872871398926 5.50040149688721 6.49571514129639 7.45562410354614 8.40042781829834 9.52858066558838 10.8636045455933 11.7943725585938 13.9173984527588 16.7949829101562 21.0664100646973 36.5986404418945 22.5597686767578 19.0976409912109 2.57615900039673 3.46824765205383 4.45852518081665 8.14945507049561 1.89565169811249 2.44673848152161 2.61952781677246 13.9267644882202 3.08429026603699 0.991895735263824 4.05913591384888 5.30154657363892 1.00945603847504 0.925330400466919 1.78381824493408 4.24679470062256 4.35457372665405 4.0310525894165 4.28237867355347 4.88184070587158 5.05737161636353 5.24923849105835 5.47328948974609
