slauniainen/Data/DEM/Vihti_dsm1500b_cl_horizonAngle_36.asc
NCOLS 196 
NROWS 178 
XLLCORNER 353680 
YLLCORNER 6699024 
CELLSIZE 16 
NODATA_value -3.4e+38 
[rows 100 to 119 of 178, columns 92 to 137 of 196]
4.78898525238037 5.22113609313965 4.37419080734253 6.3581337928772 8.74131202697754 10.0809516906738 18.839563369751 19.0274868011475 12.1083669662476 17.9444122314453 15.4774007797241 16.4047718048096 18.4797325134277 28.68430519104 25.6910552978516 22.5237236022949 21.8549213409424 21.5879535675049 24.5502128601074 18.1853427886963 8.33129978179932 11.4442539215088 4.82675504684448 4.94616937637329 4.92192125320435 14.4196128845215 7.59768390655518 11.058051109314 15.8300294876099 18.1697807312012 24.558910369873 25.7192974090576 27.8243808746338 15.0719804763794 8.570631980896 15.7043657302856 18.5541877746582 6.25204420089722 4.75312900543213 14.2706155776978 5.06940889358521 5.42614650726318 6.38839292526245 8.32752704620361 8.53556537628174 8.57399749755859
4.36202907562256 3.59242796897888 4.90757417678833 5.29585361480713 8.3590030670166 9.6404390335083 12.7979068756104 17.1585464477539 13.1012201309204 14.5854654312134 15.7720346450806 14.3015718460083 19.2039337158203 19.8656921386719 20.4041576385498 16.6076316833496 13.5386734008789 17.6430034637451 16.2225685119629 9.22042179107666 8.74491596221924 21.3737678527832 17.1257095336914 10.2970552444458 9.69631195068359 7.37533712387085 15.3148584365845 21.4016704559326 16.7251205444336 17.8127708435059 19.9657096862793 26.5324554443359 26.9170112609863 30.1335029602051 11.3042221069336 11.9276390075684 16.7383975982666 9.38116073608398 4.74766635894775 11.0681400299072 5.00318050384521 5.68222236633301 4.73290157318115 5.41304683685303 8.3837251663208 8.39235305786133
3.45036315917969 3.57837843894958 6.16572046279907 6.25372409820557 7.63218450546265 9.86948490142822 10.8657779693604 12.5635538101196 18.0055866241455 15.3859643936157 15.9319858551025 16.7564659118652 27.2910213470459 15.6338682174683 23.6130180358887 34.9261093139648 20.3731651306152 14.4314460754395 12.5082607269287 6.12171459197998 8.10613822937012 17.7431602478027 19.4611377716064 14.1170310974121 7.14412593841553 23.6050758361816 16.3051147460938 18.0589027404785 14.4190454483032 16.7716064453125 21.4602565765381 23.190055847168 23.3909549713135 14.1457509994507 12.6276168823242 4.69528865814209 4.77844858169556 4.53196430206299 5.58120250701904 4.85197162628174 5.30902194976807 23.443286895752 10.1561794281006 5.8328218460083 5.42064952850342 7.81990098953247
4.92460870742798 3.78983163833618 11.0485620498657 8.99947834014893 8.55349349975586 9.69540596008301 10.6113910675049 13.3046188354492 14.3971891403198 19.0445518493652 14.7437648773193 16.8398685455322 16.9348812103271 17.8282508850098 24.1999969482422 25.2062110900879 15.0876722335815 19.833101272583 11.663293838501 16.5735130310059 14.9557037353516 13.0162410736084 7.7117805480957 20.6968688964844 20.2475700378418 10.9344234466553 9.54818153381348 10.8094606399536 13.376745223999 17.1673698425293 15.8049144744873 15.885106086731 12.3585338592529 7.42027950286865 19.3579082489014 11.9409084320068 23.7513561248779 4.62912654876709 4.53150653839111 4.48143625259399 4.9628210067749 6.74758625030518 9.63544750213623 5.04951047897339 5.50884962081909 5.33118915557861
8.98233699798584 4.79782867431641 8.04448127746582 7.62448024749756 8.78646659851074 9.63529872894287 10.7063684463501 12.3889665603638 13.3925790786743 14.1704759597778 16.1992282867432 18.199275970459 20.88596534729 18.0380592346191 18.3038291931152 16.5338115692139 18.4339618682861 33.7569198608398 22.3864421844482 13.7497749328613 16.8791942596436 19.1924076080322 17.9617519378662 12.08021068573 9.35053634643555 8.34914684295654 9.3162841796875 15.5922498703003 15.5281543731689 13.6127529144287 13.3135032653809 9.56787872314453 10.7338924407959 7.99608612060547 13.9829902648926 7.88628387451172 16.4377365112305 21.8082885742188 21.1949024200439 10.2339735031128 15.948938369751 5.3688268661499 20.2307300567627 5.14138650894165 4.50605821609497 5.27909851074219
11.4934186935425 5.33999443054199 6.19916105270386 7.67434406280518 8.4519157409668 9.65051651000977 11.1458415985107 12.0738763809204 12.7237586975098 14.4389162063599 14.9267530441284 14.8557043075562 14.6166286468506 16.3932495117188 15.4338445663452 11.2076692581177 11.1291313171387 18.554744720459 13.5841474533081 13.9215669631958 17.9861373901367 20.4408569335938 8.75024509429932 8.12142181396484 8.85593414306641 8.0697546005249 8.65951442718506 10.8080463409424 10.36887550354 10.0809011459351 8.23070240020752 4.60161066055298 7.3211030960083 10.5992050170898 6.01367568969727 11.8672323226929 15.1127147674561 17.448751449585 10.5277414321899 7.22140789031982 11.7683334350586 5.48120784759521 9.40227794647217 25.1856422424316 8.31589889526367 5.02271556854248
16.676815032959 11.5544481277466 7.00687789916992 7.83574628829956 8.42665386199951 10.0956840515137 10.9704561233521 11.5615882873535 12.0127811431885 13.5259742736816 13.2361860275269 13.1200170516968 13.1553831100464 13.4327278137207 22.594705581665 12.7492256164551 10.5662937164307 7.41593885421753 12.5568208694458 15.8900203704834 14.0919160842896 6.99196815490723 7.53682136535645 8.90116596221924 18.6292991638184 19.0575199127197 11.0994024276733 16.071361541748 10.1372079849243 8.19108295440674 4.73558616638184 5.95682144165039 8.97916889190674 15.2182140350342 11.5188493728638 13.1084794998169 17.5800819396973 29.1063442230225 17.0107574462891 14.2965888977051 8.49659633636475 15.1627769470215 16.1338691711426 12.7816390991211 22.0702533721924 11.7590303421021
11.071720123291 7.4840784072876 7.28762865066528 7.80500411987305 8.63949871063232 9.60917472839355 10.4172468185425 10.9816150665283 12.2120428085327 12.2900695800781 12.1214742660522 12.0455341339111 12.3228187561035 11.478325843811 15.3281831741333 15.1330757141113 19.6512908935547 11.5517330169678 9.17071342468262 6.81499624252319 5.51960563659668 5.26783037185669 6.77162599563599 8.06513023376465 8.76437854766846 19.1616878509521 11.7388153076172 13.2228412628174 10.8092088699341 22.4023189544678 10.0820436477661 10.3628835678101 9.63676738739014 20.6630554199219 15.6599578857422 13.3936634063721 14.506010055542 22.6665706634521 19.163257598877 22.64967918396 17.7504692077637 18.1141586303711 26.0293292999268 14.7019443511963 21.4947319030762 19.5294170379639
5.9687294960022 6.73516416549683 7.11609172821045 7.58444499969482 8.79684638977051 9.57685375213623 10.1012592315674 11.0927762985229 11.0626564025879 10.9380302429199 10.8219470977783 11.0647773742676 10.7696580886841 10.7476654052734 9.53929042816162 11.1192054748535 14.3965539932251 16.6348133087158 21.9006671905518 20.053295135498 19.506986618042 11.6474390029907 5.94071245193481 7.28789567947388 12.3166341781616 13.206109046936 19.7489852905273 17.2411308288574 11.4384126663208 20.872631072998 17.1745986938477 12.5244369506836 12.3293504714966 10.8663959503174 11.4971237182617 11.6429443359375 13.9772777557373 12.6302394866943 10.8838863372803 14.3032712936401 11.5230293273926 13.5877075195312 15.8429832458496 13.2670192718506 11.0463676452637 4.19096279144287
5.27108573913574 5.53327894210815 5.82499837875366 6.81259250640869 8.82639980316162 9.36502265930176 9.48358345031738 10.5225200653076 10.2661190032959 10.5459794998169 10.2587289810181 9.65385818481445 9.2400016784668 8.05553531646729 8.99354076385498 9.88624668121338 9.66962432861328 12.4695272445679 12.9702415466309 11.4300127029419 10.7610530853271 20.2820091247559 16.1856517791748 8.33474159240723 7.82603979110718 8.63893890380859 9.09040832519531 9.16418743133545 12.6896438598633 20.1150436401367 13.2409954071045 9.23646545410156 8.51292133331299 10.3972463607788 9.85315418243408 10.3197946548462 9.82997989654541 8.98898315429688 7.64846229553223 8.68594360351562 10.5127201080322 10.4881401062012 9.7311372756958 5.75129318237305 4.32613754272461 3.23637819290161
4.81888723373413 5.44830846786499 6.24395227432251 7.16074228286743 8.71376323699951 8.77579975128174 9.68494319915771 9.54681015014648 9.57413101196289 9.66064071655273 9.88110542297363 8.76496505737305 8.01820087432861 7.32603979110718 7.19158935546875 8.65093040466309 9.09846782684326 9.88609218597412 8.27262210845947 7.74895572662354 6.72838878631592 13.2339992523193 11.7110662460327 21.4179801940918 8.29300308227539 8.18059825897217 7.86668109893799 12.3365116119385 11.9072132110596 7.03906726837158 9.01403331756592 7.786545753479 4.33710145950317 4.35752964019775 4.44430303573608 5.52485466003418 8.4777717590332 14.2985820770264 7.85382270812988 7.15462827682495 8.64096260070801 7.44870758056641 14.3943138122559 15.613844871521 10.8356370925903 15.0719013214111
4.28954267501831 5.53696060180664 5.44557237625122 6.62070417404175 8.44123268127441 8.96809577941895 8.9508752822876 8.98731422424316 8.87851619720459 9.13911437988281 8.72684383392334 8.38615894317627 6.81321573257446 6.58420276641846 7.5119686126709 8.14660263061523 7.32801723480225 6.67688369750977 6.24848461151123 6.0729660987854 9.24777507781982 7.3543701171875 8.30964088439941 13.2348928451538 12.9740800857544 8.6126070022583 9.32106781005859 8.69890880584717 12.3688344955444 5.79130601882935 5.36409711837769 4.1422290802002 4.15064764022827 4.22940111160278 3.95112109184265 4.35927391052246 5.08974599838257 9.16796875 13.9814958572388 8.11774158477783 5.0250039100647 4.66396141052246 5.03149127960205 9.61565971374512 11.4222393035889 11.8223104476929
4.03197956085205 4.68259906768799 4.91297817230225 6.55967473983765 8.46582317352295 8.13405227661133 8.09734535217285 7.95596408843994 8.2817268371582 8.01998615264893 7.70385074615479 6.41919422149658 6.36244487762451 6.78515863418579 7.29687595367432 6.65676879882812 6.00824069976807 5.21398210525513 5.80646753311157 7.26281547546387 6.75340414047241 7.8688907623291 9.69157314300537 11.1815166473389 9.69548797607422 7.4686279296875 8.30775260925293 6.97754192352295 9.72412300109863 4.56775999069214 19.3802433013916 4.0857138633728 4.28599071502686 3.79658198356628 4.1317253112793 4.07177114486694 5.00762701034546 6.90748977661133 7.68454742431641 11.4429655075073 20.5346202850342 4.39158773422241 5.52996158599854 5.94904088973999 9.67254447937012 8.30945491790771
3.81334948539734 4.77600860595703 5.45980453491211 6.06591796875 7.7614631652832 7.78634309768677 7.75843667984009 7.56810617446899 7.36640119552612 7.04586553573608 5.89208936691284 5.81878614425659 5.74205350875854 6.55963182449341 6.89933919906616 5.89996242523193 5.08327531814575 5.16755962371826 5.87398386001587 6.31869506835938 7.28936529159546 7.59184169769287 8.02835273742676 7.73901891708374 7.21660900115967 6.97412919998169 6.07109594345093 4.86698150634766 4.55884027481079 4.82799386978149 9.81122875213623 5.21342134475708 4.15337038040161 3.59317922592163 5.94763565063477 4.03923463821411 4.02036333084106 7.05489826202393 5.37333536148071 4.99510812759399 17.5963325500488 4.29891061782837 3.04929900169373 2.59263920783997 2.36357855796814 3.26260113716125
4.66625690460205 9.81071758270264 4.38408279418945 6.14339399337769 6.22763109207153 7.25408935546875 7.08356380462646 7.25587034225464 6.56613063812256 6.10751581192017 5.30787801742554 5.24842977523804 6.03493547439575 6.37812948226929 5.47672653198242 4.89538669586182 4.86866044998169 5.51106405258179 5.49111175537109 6.31837844848633 7.06518888473511 7.36667776107788 7.30935525894165 6.68324327468872 6.58817672729492 5.46019697189331 15.9849157333374 4.35507869720459 4.28435659408569 4.12947082519531 3.93937087059021 12.1043186187744 3.53053045272827 3.99074459075928 8.78046798706055 12.423565864563 3.81448435783386 4.14853525161743 4.35882568359375 5.95232391357422 9.93595218658447 13.3209009170532 2.67575979232788 1.86417055130005 1.35681188106537 2.24132513999939
4.02050733566284 14.4500331878662 5.81210327148438 5.66037368774414 5.7562518119812 6.64379358291626 6.79970407485962 6.51101064682007 6.21963214874268 5.14787435531616 5.05932903289795 5.40174770355225 5.70760822296143 5.0168776512146 4.85355091094971 4.70640993118286 5.00511837005615 5.22079372406006 5.86904382705688 6.61468982696533 6.79032135009766 7.07895374298096 6.59721326828003 5.40756130218506 5.29749965667725 5.3664493560791 4.2493052482605 4.08927869796753 3.70251178741455 3.72978091239929 3.88927483558655 9.31158542633057 3.65491342544556 3.59585785865784 3.95857214927673 3.94480466842651 3.64837074279785 3.8851432800293 4.00937223434448 3.18402743339539 3.12122249603271 5.47149419784546 1.94547247886658 1.32001626491547 1.95900046825409 3.00923824310303
3.35749316215515 4.69651746749878 5.23663568496704 5.36870718002319 5.23102760314941 6.36464977264404 6.07277870178223 5.81002330780029 4.99892377853394 4.93586730957031 5.06362342834473 5.2954478263855 4.81419467926025 4.63617658615112 4.58752918243408 4.49035596847534 5.02511262893677 5.299400806427 6.17962217330933 6.35223054885864 6.73453807830811 6.44376373291016 5.70411205291748 5.04080820083618 4.05101251602173 3.88236403465271 3.34891223907471 2.91755414009094 6.15699338912964 3.6090395450592 3.60713958740234 4.71261358261108 3.57477116584778 3.09573674201965 3.54422545433044 3.36025953292847 3.51305270195007 3.60290217399597 3.30641174316406 3.00064325332642 2.42273449897766 8.30482959747314 10.6756830215454 1.10742378234863 1.73252189159393 2.48270320892334
3.15649819374084 4.806227684021 3.97312688827515 5.15518522262573 5.2203197479248 5.67021369934082 5.55856657028198 4.46849250793457 4.71666812896729 5.78699731826782 5.00426769256592 5.240647315979 4.43669414520264 4.39056634902954 4.33979749679565 4.60105180740356 5.01467323303223 5.8164587020874 5.99929571151733 6.36169910430908 6.03409242630005 5.60656547546387 4.49996471405029 3.68288111686707 3.43811893463135 3.06938099861145 2.70266389846802 2.76144981384277 2.66358828544617 2.35912704467773 2.98208546638489 3.06625366210938 2.87812280654907 2.93579816818237 2.85378313064575 2.87360882759094 2.97388100624084 3.23503589630127 5.42384147644043 2.64804792404175 1.60623693466187 1.09685063362122 2.67891764640808 7.77526521682739 0.728983283042908 1.75964999198914
4.13766145706177 14.2565870285034 4.52919626235962 4.2429518699646 4.8634614944458 5.14312887191772 4.93087148666382 4.26349782943726 4.49902963638306 4.9283504486084 4.92297029495239 4.41002559661865 4.25413846969604 4.19941663742065 4.27633285522461 4.48566436767578 5.03279113769531 5.66579866409302 6.19877958297729 5.96247673034668 5.27166032791138 4.54577684402466 16.1672039031982 13.6565618515015 2.92741799354553 4.18803119659424 2.60843849182129 2.20791935920715 9.80460929870605 2.6559681892395 6.57035875320435 2.85870575904846 2.68762588500977 2.40355849266052 2.56235575675964 2.73415565490723 2.78707480430603 2.7820405960083 2.62954640388489 13.252739906311 4.08258676528931 0.794264197349548 1.64846467971802 0.330797910690308 17.5712432861328 19.9054794311523
2.97722482681274 4.90852785110474 4.23431253433228 3.37006044387817 3.90952730178833 4.91501522064209 3.7852885723114 4.1303653717041 4.63655662536621 4.85524797439575 4.27288579940796 4.12917518615723 4.06891059875488 4.09291839599609 4.27766990661621 4.41636753082275 5.1730375289917 5.27026700973511 5.78352642059326 5.52592134475708 4.61873435974121 4.05032920837402 3.49690651893616 19.3992767333984 2.56117415428162 2.45977807044983 12.4256219863892 2.13919591903687 4.12346744537354 2.57410478591919 2.51212811470032 2.27064633369446 2.12026572227478 2.14979910850525 2.09800052642822 2.27526617050171 1.78061664104462 1.09015512466431 0.288268327713013 -0.2554070353508 -0.331708878278732 1.20190227031708 -0.0580844506621361 14.5958395004272 13.0123891830444 3.52356171607971
