slauniainen/Data/DEM/Vihti_dem1500b_cl_horizonAngle_354.asc
NCOLS 196 
NROWS 178 
XLLCORNER 353680 
YLLCORNER 6699024 
CELLSIZE 16 
NODATA_value -3.4e+38 
[rows 100 to 119 of 178, columns 0 to 44 of 196]
0.521188259124756 0.542218863964081 0.533732533454895 -0.291799008846283 -0.577043473720551 -0.544801950454712 -0.260725826025009 0.135097652673721 0.734707891941071 1.20816147327423 1.3754745721817 1.64101922512054 1.47565400600433 1.39924299716949 1.22798776626587 1.30983054637909 1.34580624103546 1.39158225059509 1.43664848804474 1.58950173854828 1.58931267261505 1.57501900196075 1.44111919403076 1.3031929731369 1.26480114459991 1.42715001106262 1.54151022434235 1.58483147621155 1.68209946155548 1.77635860443115 1.64723300933838 1.4167172908783 1.1167870759964 0.663451790809631 0.37003493309021 0.172627002000809 0.0422946661710739 -0.0654531568288803 -0.155596077442169 -0.252575665712357 -0.0963395684957504 -0.0510805174708366 0.0476561710238457 0.061106976121664 -0.0685320273041725
0.511751711368561 0.397690713405609 0.483525723218918 2.13228797912598 3.02526783943176 -0.401458293199539 -0.38445195555687 -0.0687448605895042 0.320713371038437 0.974891304969788 1.31250250339508 1.37704217433929 1.3507889509201 1.3632789850235 1.19334375858307 1.24487102031708 1.26254653930664 1.3139556646347 1.36878645420074 1.51787996292114 1.55498111248016 1.54847478866577 1.48902976512909 1.29194891452789 1.22894585132599 1.39589774608612 1.49667286872864 1.52949488162994 1.6219140291214 1.71840274333954 1.595454454422 1.37487328052521 1.09065902233124 0.658921539783478 0.405146420001984 0.144896432757378 -0.0210027676075697 0.606662034988403 -0.235576391220093 -0.482321411371231 -0.289888352155685 -0.146935343742371 -0.0471990779042244 0.00911675300449133 -0.116480477154255
0.435004562139511 0.319415152072906 0.412586808204651 3.21039032936096 5.6301965713501 5.15570020675659 0.906372427940369 -0.171152025461197 0.138245165348053 0.559738218784332 1.12526702880859 1.34317421913147 1.24771690368652 1.32636213302612 1.17229914665222 1.21068811416626 1.20360112190247 1.18791317939758 1.30044543743134 1.45691227912903 1.48814535140991 1.53430426120758 1.45176327228546 1.25670826435089 1.20098161697388 1.26868271827698 1.44994342327118 1.47485029697418 1.56830751895905 1.68180882930756 1.55852890014648 1.33891379833221 1.07359862327576 1.03952264785767 0.367091029882431 0.136346414685249 0.488797456026077 0.2924525141716 -0.24380849301815 -0.548312723636627 -0.455839216709137 -0.245711132884026 -0.123574264347553 -0.0963878408074379 -0.15834803879261
0.349226266145706 0.551124632358551 0.387458652257919 2.45072674751282 4.9884352684021 4.99248886108398 3.85572576522827 0.107261165976524 0.0212247297167778 0.40148714184761 0.95012491941452 1.25022387504578 1.16551232337952 1.30412924289703 1.17090368270874 1.2086329460144 1.09462487697601 1.1770076751709 1.23763823509216 1.3961433172226 1.42728471755981 1.49800753593445 1.42412781715393 1.23162865638733 1.17455315589905 1.13848090171814 1.32433211803436 1.36712467670441 1.42657852172852 1.61802196502686 1.61216855049133 1.31976652145386 1.05252468585968 0.640615284442902 0.522331058979034 0.767257571220398 0.323037207126617 0.234957188367844 2.05474615097046 2.29418110847473 -0.586071491241455 -0.357128947973251 -0.173358768224716 -0.15157125890255 -0.228070199489594
0.289672940969467 0.312421590089798 1.12743675708771 1.99605941772461 4.12517166137695 4.58713293075562 3.14515137672424 2.39485335350037 -0.0129190664738417 0.2558414041996 0.633895337581635 1.15784966945648 1.15524160861969 1.74434196949005 2.44566106796265 1.69524991512299 1.67131018638611 1.15321338176727 1.18534803390503 1.32056784629822 1.34596145153046 1.41842091083527 1.42263102531433 1.21716439723969 1.14800703525543 1.11470425128937 1.24602472782135 1.33052968978882 1.38663339614868 1.49647784233093 1.60072827339172 1.44642531871796 1.01249659061432 0.622543036937714 0.583510220050812 1.0150238275528 0.673480272293091 0.160256311297417 2.72422885894775 8.44826984405518 2.8747341632843 -0.525757074356079 -0.276284545660019 -0.186725899577141 -0.247802779078484
0.306891113519669 0.304768770933151 0.682112395763397 1.67910027503967 3.56580233573914 4.29709577560425 3.38870739936829 2.6428279876709 -0.0170896183699369 0.169138610363007 0.480531811714172 0.966428160667419 1.20607423782349 1.51383233070374 1.74918007850647 1.5100919008255 2.2808153629303 1.46359598636627 1.15766859054565 1.2603542804718 1.27455759048462 1.33542633056641 1.36011803150177 1.2007794380188 1.12187170982361 1.09051156044006 1.2270712852478 1.31623649597168 1.36051797866821 1.47132134437561 1.55964350700378 1.39513087272644 1.17828273773193 0.73227596282959 0.435640573501587 0.872455060482025 1.03528940677643 0.720915734767914 1.98514652252197 6.227126121521 7.6641092300415 2.58418321609497 -0.391347497701645 -0.236180692911148 1.1113646030426
0.27333602309227 0.29547706246376 0.48670756816864 0.562260210514069 1.6761589050293 3.38585901260376 3.3443455696106 2.35802221298218 1.39096784591675 0.134424865245819 0.340654939413071 0.701414287090302 1.03398025035858 1.33060944080353 1.32172727584839 1.33464157581329 1.88780236244202 1.99894499778748 1.28564929962158 1.23229503631592 1.2257593870163 1.28917765617371 1.32049548625946 1.16817581653595 1.06524276733398 1.05041253566742 1.2148529291153 1.30374920368195 1.34403932094574 1.42792284488678 1.49021077156067 1.35680377483368 1.14515745639801 0.905062019824982 0.536231637001038 0.71551388502121 1.18545603752136 1.4620943069458 1.68100416660309 4.39277410507202 5.60894203186035 3.58913850784302 0.392606794834137 -0.319593787193298 0.85031658411026
0.238507702946663 0.265540808439255 0.58120185136795 1.24916660785675 1.23295271396637 2.57170486450195 3.2047266960144 2.66060638427734 2.5845513343811 0.349933564662933 0.275720864534378 0.513582348823547 0.866399049758911 1.14867496490479 1.27860701084137 1.20599567890167 1.58853054046631 1.79965460300446 1.89450919628143 1.2703572511673 1.20832848548889 1.26610863208771 1.31867396831512 1.1035680770874 1.06223177909851 1.03902995586395 1.12132513523102 1.30166518688202 1.31129419803619 1.37091636657715 1.44725286960602 1.32439577579498 1.11434686183929 0.87866348028183 0.520551562309265 0.583134591579437 1.08113157749176 1.86660373210907 1.49423968791962 4.03644943237305 4.18821859359741 2.95211100578308 2.98716497421265 2.02743268013 1.15739572048187
1.07767677307129 0.634853780269623 0.886911153793335 2.3622612953186 3.75957274436951 3.08512115478516 3.18041896820068 3.50833415985107 3.29880118370056 2.50090980529785 0.704266309738159 0.443451046943665 0.730435609817505 1.0496940612793 1.2118968963623 1.14575338363647 1.266073346138 1.56403434276581 1.81863725185394 2.22350311279297 1.61502110958099 2.24937725067139 1.24318945407867 1.06671464443207 1.01981127262115 1.00125730037689 1.01097476482391 1.18668949604034 1.22594118118286 1.26039063930511 1.39151811599731 1.30630159378052 1.09543871879578 0.858109951019287 0.510601937770844 0.409695088863373 0.964420437812805 1.71377742290497 2.18451952934265 3.18222856521606 4.07548952102661 5.43124103546143 5.02342414855957 3.92822742462158 1.47039437294006
1.93496692180634 1.39977359771729 1.63448524475098 2.05208563804626 3.05966997146606 3.25147271156311 4.16560363769531 3.76049780845642 3.52489614486694 2.87354874610901 1.55874264240265 0.617192983627319 0.674930930137634 0.961170315742493 1.15583467483521 1.09810888767242 1.14886569976807 1.53950583934784 2.97377300262451 3.68572330474854 3.97277998924255 1.53234946727753 1.20933866500854 1.09714877605438 0.99807196855545 0.973064184188843 0.967231571674347 1.06816625595093 1.12335121631622 1.11612975597382 1.16928339004517 1.28719627857208 1.09032213687897 0.846597135066986 0.50750595331192 0.296488851308823 0.760664224624634 1.44116985797882 2.10658717155457 3.09948396682739 4.66534996032715 4.23306369781494 3.96615242958069 3.52164363861084 1.81892383098602
2.86619067192078 2.0888659954071 1.5089248418808 1.85937142372131 2.60014677047729 2.5793559551239 3.07924199104309 3.29339146614075 3.16540956497192 2.54468846321106 1.704585313797 1.66436302661896 0.673769772052765 0.938434779644012 1.11962997913361 1.05081605911255 2.43660712242126 1.70573174953461 1.80926537513733 2.3040144443512 2.41879177093506 1.17684483528137 1.1477118730545 1.11499571800232 0.959899067878723 0.942003071308136 0.940530061721802 0.966607332229614 0.954681873321533 0.961787939071655 0.933562874794006 0.995464026927948 1.06621289253235 0.83828341960907 0.501724481582642 0.293265223503113 0.504577398300171 1.20451080799103 2.00088691711426 3.07806539535522 3.99223351478577 3.83648777008057 3.63877820968628 3.20738983154297 1.98570644855499
2.92591118812561 1.71319055557251 1.15338575839996 1.60366463661194 2.19584774971008 2.4286789894104 2.86919450759888 2.85529637336731 3.02334713935852 3.0440526008606 3.21642279624939 2.7199764251709 1.49672758579254 0.906637012958527 1.07389008998871 1.01607131958008 1.09330081939697 1.15386235713959 1.40537106990814 1.51427936553955 1.20463919639587 1.13748490810394 1.11923050880432 1.07266211509705 0.9399573802948 0.897604405879974 0.880185008049011 0.84446120262146 0.826473534107208 0.829209089279175 0.771444439888 0.925109684467316 0.757252514362335 0.700067937374115 0.495046377182007 0.283491522073746 0.322876691818237 0.830865025520325 1.72292852401733 2.7832248210907 3.71997666358948 3.56198239326477 3.21646022796631 2.85990691184998 2.40664267539978
2.8863365650177 1.45426297187805 1.06640303134918 1.17367017269135 1.56626343727112 2.22231388092041 2.63483190536499 2.50457978248596 2.54574823379517 2.80187797546387 3.12565493583679 2.65038657188416 1.82282674312592 0.899973094463348 1.04289746284485 0.976365506649017 1.06386756896973 1.03358721733093 1.14055752754211 1.14073884487152 1.15778040885925 1.09910261631012 1.10691380500793 1.05081856250763 0.908906579017639 0.825339674949646 0.775515913963318 0.698517322540283 0.686542272567749 0.68367475271225 0.606467127799988 0.565936386585236 0.626644849777222 0.506748914718628 0.372265815734863 0.511212408542633 0.397128164768219 0.508361041545868 1.26017844676971 2.19853830337524 3.21871733665466 3.39243006706238 2.93401503562927 2.68279409408569 2.26894021034241
3.19065809249878 1.90026748180389 1.04995942115784 0.739186584949493 1.04181861877441 1.75077140331268 2.32286262512207 2.25391507148743 2.15308427810669 2.45159029960632 2.63638043403625 2.53290319442749 2.11061143875122 1.23697364330292 1.02455496788025 0.952030956745148 0.930296659469604 1.07681393623352 1.12773466110229 1.06634306907654 1.02450311183929 1.08886659145355 1.07907593250275 1.01558804512024 0.877700686454773 0.777081787586212 0.729794919490814 0.635987162590027 0.596627235412598 0.566708862781525 0.483722150325775 0.422730684280396 0.455910056829453 0.354901880025864 0.27333664894104 0.304726004600525 0.437588065862656 0.368708729743958 0.816739678382874 1.54694187641144 2.70746207237244 3.18534827232361 2.77203845977783 2.56337594985962 2.18341732025146
8.12724685668945 1.75055849552155 0.893683075904846 0.490143090486526 0.713546872138977 1.3005884885788 1.84969317913055 1.99675130844116 1.9543890953064 2.1818904876709 2.31340527534485 2.42948889732361 2.19919085502625 1.55336284637451 1.01929008960724 1.01097464561462 0.974599003791809 1.06913280487061 1.09272372722626 1.03975105285645 1.00844967365265 0.991301417350769 1.00397491455078 0.987512707710266 0.845777094364166 0.7228102684021 0.652128994464874 0.591581881046295 0.529961884021759 0.469281047582626 0.394976198673248 0.327695488929749 0.326742470264435 0.285294651985168 0.191817134618759 0.278553396463394 0.351973444223404 0.367107659578323 0.661082684993744 1.20148754119873 2.51753711700439 2.94434309005737 2.55329704284668 2.368647813797 2.0578305721283
8.05776119232178 2.94197463989258 1.19287037849426 0.415407210588455 0.23264816403389 0.452244848012924 1.28495705127716 1.67730021476746 1.73322916030884 1.91914343833923 2.04816079139709 2.20584654808044 1.98128867149353 1.5281286239624 0.93202418088913 1.04003953933716 1.11275744438171 1.89029276371002 1.06427335739136 1.03354263305664 0.965072810649872 0.908943116664886 0.849378347396851 0.849703133106232 0.760717213153839 0.613919138908386 0.58001697063446 0.511749625205994 0.447117865085602 0.410111486911774 0.316034376621246 0.245968893170357 0.192013964056969 0.211984202265739 0.290048331022263 0.324457824230194 0.319314867258072 0.440060436725616 0.660935759544373 1.17049562931061 2.34542632102966 2.72359371185303 2.3837776184082 2.18521046638489 1.91717553138733
6.65899181365967 4.77675533294678 1.83352553844452 0.357534348964691 0.533941388130188 -0.113477163016796 0.46303603053093 1.42101204395294 1.63066840171814 1.73044848442078 1.83692920207977 1.88841140270233 1.73489499092102 1.43315804004669 1.15179419517517 1.40561676025391 1.4495621919632 1.06685042381287 1.03023183345795 0.958592295646667 0.880999267101288 0.826809346675873 0.751356780529022 0.703230440616608 0.612266182899475 0.549172163009644 0.475583463907242 0.399477988481522 0.388649374246597 0.315097123384476 0.221152991056442 0.440961956977844 0.112567350268364 0.124814681708813 0.235373824834824 0.232115879654884 0.509163558483124 0.678137838840485 0.673111498355865 1.12292325496674 2.22126030921936 2.5699737071991 2.25935316085815 2.05290484428406 1.81290781497955
5.11023330688477 6.48703241348267 3.70066022872925 2.09844279289246 2.83540821075439 2.59740662574768 0.179723769426346 0.92599630355835 1.34148406982422 1.46711337566376 1.63405287265778 1.58172833919525 1.51792132854462 1.28134787082672 1.12481105327606 1.03151118755341 0.988658249378204 1.04192447662354 0.942849934101105 0.839056074619293 0.76879608631134 0.738655805587769 0.699104189872742 0.63227379322052 0.533488154411316 0.456917464733124 0.393339872360229 0.349501252174377 0.300751119852066 0.196587577462196 0.14470599591732 0.103316575288773 0.76728492975235 2.19585466384888 2.30681037902832 2.81981873512268 2.18376922607422 0.383577704429626 0.572547614574432 0.939563870429993 2.04317569732666 2.39046382904053 2.08529162406921 1.83831238746643 1.61556696891785
3.22741937637329 5.07814359664917 1.65640115737915 1.33016574382782 0.0932856276631355 1.90818858146667 6.4351601600647 0.825757145881653 0.981630504131317 1.28543949127197 1.43682491779327 1.41518819332123 1.33919763565063 1.15586364269257 1.01515579223633 1.01955199241638 1.05161714553833 1.0061366558075 0.822040498256683 0.77259361743927 0.728342294692993 0.762559235095978 0.631615459918976 0.569427907466888 0.486566126346588 0.393830299377441 0.361385017633438 0.306524038314819 0.177903786301613 0.117292732000351 0.0797881707549095 0.0427078120410442 0.00763232121244073 0.01973856985569 0.192924797534943 0.105037949979305 0.163353770971298 0.294062584638596 0.525190353393555 0.734632134437561 1.40740263462067 2.13765382766724 2.10537815093994 1.64039850234985 1.43840110301971
2.85581612586975 3.14028596878052 0.925637423992157 0.559106111526489 -0.0104540269821882 1.21631038188934 4.57150077819824 0.764538943767548 0.723659217357635 1.00386655330658 1.25177073478699 1.27686667442322 1.21320009231567 1.03458511829376 0.930227279663086 1.00656867027283 0.997389674186707 1.00524485111237 0.820856630802155 0.756348669528961 1.79158914089203 0.63320255279541 0.589326620101929 0.53280121088028 0.434714615345001 0.352202087640762 0.333990633487701 0.197502881288528 0.107189655303955 0.0577571280300617 0.02627844363451 -0.00390575546771288 -0.0359225980937481 -0.0389341339468956 0.00371365062892437 0.0241538155823946 0.0295550338923931 0.212472751736641 0.463376313447952 0.641417860984802 1.13853168487549 1.69600653648376 1.94299232959747 1.6357239484787 1.29060542583466
