slauniainen/Data/DEM/Vihti_dem1500b_cl_horizonAngle_222.asc
NCOLS 196 
NROWS 178 
XLLCORNER 353680 
YLLCORNER 6699024 
CELLSIZE 16 
NODATA_value -3.4e+38 
[rows 140 to 159 of 178, columns 45 to 89 of 196]
2.73867082595825 2.62382173538208 2.45566153526306 2.29851293563843 2.02245283126831 1.52092278003693 1.04677855968475 0.724692225456238 0.560713291168213 2.16053414344788 1.99617969989777 1.15828108787537 1.11456501483917 1.27195310592651 1.50344586372375 2.2769763469696 2.77807784080505 3.1916229724884 3.58472108840942 3.87107992172241 4.1029372215271 4.30103349685669 4.49304819107056 4.70298194885254 4.90536212921143 5.00663089752197 4.95697689056396 4.95969104766846 5.09545755386353 5.2536449432373 5.55166864395142 5.96039390563965 6.80832862854004 6.96160411834717 8.06368255615234 7.94400215148926 6.79130792617798 5.85304737091064 6.11908626556396 6.69644832611084 7.73626136779785 7.69956588745117 8.27107048034668 7.34503364562988 6.67100191116333
3.08045339584351 2.87711000442505 2.63571238517761 2.43417835235596 2.10272145271301 1.58719158172607 1.0273345708847 0.684571981430054 0.645649373531342 3.01029586791992 1.54711878299713 1.09925472736359 1.35868179798126 1.62493550777435 2.49250173568726 3.00109052658081 3.40758180618286 3.77573394775391 4.07334280014038 4.33596515655518 4.64478445053101 4.90769720077515 4.91985177993774 5.02678155899048 5.20864486694336 5.2752571105957 5.31807422637939 5.38498830795288 5.50537347793579 5.64518308639526 5.98527717590332 7.18117952346802 7.59120845794678 8.19674587249756 8.47741794586182 8.60971069335938 7.86719703674316 7.17283582687378 7.20645904541016 7.8672833442688 7.82829523086548 8.29591846466064 7.52425909042358 7.09069347381592 6.71809768676758
3.29251670837402 3.07449054718018 2.80884718894958 2.57736921310425 2.19216513633728 1.48947846889496 0.987239956855774 0.727469623088837 0.545711517333984 2.12988948822021 1.07726192474365 1.2384284734726 1.63582479953766 2.62925863265991 3.17400097846985 3.48704791069031 3.98136377334595 4.28621578216553 4.58162212371826 4.783851146698 4.99159479141235 5.17126178741455 5.35080099105835 5.55260753631592 5.66450071334839 5.67571210861206 5.63778686523438 5.82554197311401 6.04780769348145 6.7099084854126 7.49316644668579 7.933922290802 9.20850086212158 9.22612762451172 9.44708156585693 10.2414693832397 9.60351276397705 8.35629558563232 9.0020227432251 8.4652214050293 8.67016315460205 7.73564958572388 7.35109329223633 7.13532018661499 6.78811693191528
3.34085154533386 3.17902255058289 2.94447541236877 2.71343588829041 2.19314050674438 1.38583397865295 0.980376064777374 0.600943624973297 0.772425532341003 1.14588153362274 1.36590349674225 1.73821544647217 2.73253846168518 3.35125994682312 3.70529365539551 3.95006370544434 4.34291648864746 4.67566061019897 4.88870000839233 5.10684299468994 5.44119071960449 5.75497913360596 6.04588508605957 6.16653537750244 6.13117456436157 6.05560302734375 6.32567071914673 6.48993062973022 7.31754207611084 8.31297016143799 8.78749752044678 9.70058917999268 12.127555847168 12.2002143859863 10.8012943267822 10.2880229949951 10.2096605300903 10.9244174957275 9.94597434997559 9.808913230896 7.98975896835327 7.57304763793945 7.51674270629883 7.36136960983276 7.32809925079346
3.4443039894104 3.26706433296204 3.1127142906189 2.7548816204071 2.31461596488953 1.62191081047058 0.771114230155945 0.797345757484436 1.74516475200653 1.46549212932587 1.80349957942963 2.55190658569336 3.28997039794922 3.7738664150238 4.13854742050171 4.4406361579895 4.7067403793335 5.01013946533203 5.43519067764282 5.76957082748413 6.17048215866089 6.45455694198608 6.53872203826904 6.46298599243164 6.41632080078125 6.619140625 7.08798599243164 7.25514030456543 8.17451095581055 8.85620307922363 9.5149393081665 9.40845584869385 14.5870199203491 15.2469329833984 13.7061462402344 12.2032203674316 11.9720516204834 12.2494058609009 11.8924140930176 9.58512401580811 8.13335418701172 7.75782060623169 7.85451126098633 7.95686912536621 8.14277648925781
3.43272089958191 3.47451424598694 3.11184978485107 2.74602222442627 2.36351871490479 1.74935269355774 1.05735111236572 1.15206694602966 1.58825528621674 1.95434653759003 2.36420774459839 3.02841997146606 3.66083168983459 4.3393726348877 4.77827835083008 5.03014183044434 5.32330560684204 5.7707953453064 6.11536931991577 6.67877721786499 6.86952590942383 6.79322052001953 6.62517738342285 6.53014230728149 6.66231155395508 6.7882719039917 7.09179162979126 7.42008495330811 8.15197849273682 8.7907600402832 9.31260776519775 8.18563938140869 10.6726961135864 14.492205619812 16.8735160827637 16.5970096588135 15.1807670593262 13.9905338287354 13.083685874939 10.3117399215698 9.14666080474854 8.79739570617676 8.793776512146 8.93382930755615 9.00247383117676
3.8676381111145 3.62693858146667 3.36123991012573 2.82137775421143 2.43505358695984 1.97604763507843 1.62282645702362 1.8229455947876 2.13343000411987 2.53507947921753 3.22607445716858 3.90992522239685 4.66501331329346 5.16824102401733 5.41375303268433 5.71660327911377 6.19968414306641 6.68480062484741 7.29548978805542 7.32314538955688 7.03713035583496 6.8559193611145 6.82872200012207 6.85480499267578 6.92724895477295 7.23400020599365 7.8453369140625 9.02258777618408 9.06233406066895 10.0022563934326 10.2738723754883 8.34692573547363 10.1969146728516 13.2852830886841 15.5572652816772 17.0258655548096 19.2674236297607 16.3732738494873 13.1544971466064 11.4565124511719 10.6021738052368 10.2092218399048 10.1632566452026 10.2981433868408 9.86692428588867
4.17630195617676 3.64670944213867 3.28277349472046 2.9888699054718 2.4158148765564 2.03314471244812 1.96726560592651 2.39260673522949 2.87643384933472 3.45315861701965 4.19031763076782 5.05191230773926 5.57554006576538 5.81769418716431 6.15420293807983 6.69421625137329 7.39320039749146 8.02433586120605 7.98468017578125 7.54112195968628 7.25112009048462 7.5316276550293 7.59491777420044 7.40964508056641 7.09102916717529 7.54538583755493 10.0222902297974 11.0723743438721 10.735330581665 9.1329870223999 8.85988521575928 10.7710943222046 14.4586629867554 17.701961517334 17.0689220428467 17.3347072601318 17.9851131439209 19.043478012085 15.149808883667 14.017237663269 11.7476854324341 11.5540285110474 12.129204750061 11.5995121002197 10.3941535949707
4.68540906906128 3.37735319137573 3.25599503517151 3.27203845977783 2.49191045761108 2.46590423583984 2.56144285202026 3.02288842201233 3.68109107017517 4.5891547203064 5.41621208190918 5.97076177597046 6.17494773864746 6.46972274780273 7.132004737854 8.09062957763672 8.70831203460693 8.70403671264648 8.41186428070068 7.95862627029419 7.82505226135254 7.84020280838013 7.45024585723877 6.78588962554932 6.32962465286255 8.13754844665527 8.82825374603271 14.0507669448853 10.2583570480347 7.3919472694397 6.35380458831787 5.83749294281006 8.30604457855225 22.1864681243896 22.7123012542725 19.2335891723633 14.8654022216797 18.0406761169434 18.235221862793 15.8872356414795 13.6493711471558 12.8471145629883 13.0881471633911 12.8052034378052 11.58030128479
4.81434059143066 3.71086883544922 3.023921251297 2.90162181854248 2.94659113883972 2.73764824867249 3.34266352653503 4.17213201522827 5.01292991638184 5.84002876281738 6.40939855575562 6.63081836700439 6.98488092422485 7.68971157073975 8.04377746582031 9.00457572937012 9.47772884368896 9.1351842880249 9.50088882446289 8.94273281097412 8.69812488555908 8.16106700897217 6.9922981262207 5.82113933563232 5.22694396972656 7.25058841705322 7.21332359313965 11.3548755645752 8.06476211547852 6.97502899169922 7.28197288513184 4.02004337310791 2.92024850845337 8.71024322509766 21.2356567382812 15.1786670684814 14.0850305557251 19.503978729248 20.970142364502 17.4727210998535 15.9588251113892 15.4863538742065 15.3290586471558 14.9786338806152 14.922947883606
4.57300615310669 4.30152368545532 3.1537606716156 2.38534879684448 3.1216094493866 3.22930812835693 3.83689761161804 4.98028326034546 6.09975242614746 6.75525808334351 7.03796005249023 7.28148508071899 8.0161304473877 8.40988636016846 9.38541221618652 9.47261333465576 9.11943340301514 11.2224674224854 9.8295202255249 10.7429761886597 9.34725856781006 7.77201080322266 6.6799168586731 5.07868766784668 4.37383937835693 3.53883290290833 5.00734853744507 7.48502206802368 6.62838077545166 3.81245183944702 5.30371809005737 4.35679626464844 2.39778280258179 2.91687488555908 11.832200050354 11.8941459655762 9.3646936416626 13.2998476028442 20.0871829986572 18.5587501525879 19.6673450469971 20.183126449585 19.6272258758545 21.146411895752 16.3218574523926
2.70035552978516 3.59669733047485 2.93395137786865 2.34827184677124 2.59409809112549 3.84460711479187 4.74596929550171 6.3213415145874 7.22268438339233 7.44447469711304 7.77798461914062 8.58063793182373 8.8999080657959 9.38964939117432 10.0212411880493 8.47611999511719 7.59691143035889 9.10968971252441 8.54961776733398 8.54765319824219 7.60658645629883 7.38520240783691 6.6069164276123 5.00704193115234 3.55696034431458 2.85747814178467 3.24879026412964 3.63412284851074 3.65961647033691 3.04843068122864 2.63365411758423 3.32332682609558 3.84154438972473 5.18498754501343 7.92610454559326 9.37614727020264 10.4828643798828 11.9768629074097 19.6735992431641 22.0398235321045 17.5364761352539 21.384349822998 29.9640331268311 26.8502006530762 17.0783500671387
1.16083014011383 2.04501938819885 2.509765625 2.20655202865601 3.99359798431396 4.9870023727417 5.55963468551636 7.10274457931519 7.64177942276001 8.01603031158447 7.82672119140625 8.89839458465576 10.5316848754883 11.9445343017578 9.49789142608643 7.66783618927002 6.76501655578613 6.48730611801147 6.85628509521484 6.79331922531128 5.16804265975952 4.50230073928833 6.05387210845947 5.14493227005005 3.074946641922 2.98500943183899 3.06656050682068 3.38723993301392 3.35768604278564 3.0840003490448 3.75801825523376 5.36900615692139 7.21120357513428 8.58278942108154 7.88671970367432 9.14799499511719 11.6163196563721 12.0914316177368 16.2444095611572 21.3219947814941 10.6824254989624 7.84807968139648 12.5494565963745 25.6611633300781 16.5238914489746
1.33450639247894 1.23178648948669 1.96557104587555 4.28262042999268 5.40441036224365 5.87767171859741 6.35700082778931 7.19145631790161 7.21801996231079 7.02274751663208 7.13440132141113 10.3918514251709 14.5375051498413 11.6456956863403 8.86282730102539 7.28960800170898 6.03848028182983 5.17518997192383 4.78726816177368 5.02632761001587 4.10275459289551 3.12783861160278 3.72443127632141 3.99003386497498 3.51460075378418 3.49791431427002 3.51665544509888 3.42023253440857 3.55734443664551 4.467125415802 5.80638456344604 9.64195156097412 13.2543907165527 9.11035919189453 6.838707447052 5.98946523666382 10.3139314651489 7.62698936462402 8.49554252624512 13.3059034347534 11.7559881210327 8.46012210845947 10.6046800613403 18.2235813140869 20.7386798858643
1.16437041759491 1.9686107635498 3.46245884895325 4.83557939529419 6.07585954666138 6.3589563369751 7.07845449447632 7.43461465835571 7.28522348403931 7.23576545715332 6.15592432022095 5.9230842590332 10.0760650634766 9.47921085357666 8.02885150909424 6.91347503662109 5.75026845932007 4.86294889450073 4.47625255584717 3.94681358337402 3.34789562225342 3.39620327949524 2.63413953781128 2.48009037971497 4.16790437698364 3.8072202205658 3.54996109008789 2.91579103469849 1.71815299987793 0.822108507156372 0.735055208206177 1.49264943599701 11.1676998138428 9.98245811462402 4.99711084365845 1.91332006454468 3.95081281661987 3.98899579048157 5.81401395797729 8.01744842529297 9.22427940368652 9.02592182159424 10.0817775726318 13.0470237731934 17.7127437591553
1.24437713623047 2.78145027160645 3.92131280899048 4.26902389526367 6.02824306488037 6.76231622695923 7.02100992202759 8.27153968811035 9.11144161224365 7.4955997467041 6.39906311035156 6.00566864013672 8.10896015167236 8.79522037506104 8.08930492401123 7.71539115905762 6.37710237503052 5.30106544494629 4.34991073608398 3.35221934318542 2.46764016151428 2.71363639831543 2.16162419319153 2.93451023101807 4.23978710174561 3.9802577495575 3.19728851318359 1.69203794002533 0.224076375365257 -0.643612504005432 -0.630101799964905 -0.669222712516785 2.93874907493591 5.71699905395508 2.9277663230896 0.932344019412994 1.52192962169647 3.69754910469055 5.95238924026489 8.0881986618042 8.64827728271484 9.46073913574219 10.4452819824219 11.6957216262817 13.7496585845947
1.29821932315826 4.43223476409912 4.36301326751709 6.86277866363525 8.18935775756836 6.67541933059692 7.3771653175354 11.6675605773926 10.9089403152466 2.76797127723694 2.04810643196106 3.22965478897095 4.2879900932312 5.21805143356323 5.12521266937256 5.52641248703003 6.69460964202881 5.46743774414062 3.87903213500977 2.82511472702026 2.17061376571655 2.28899312019348 2.1660418510437 4.10404253005981 4.63863086700439 4.03588342666626 3.08201622962952 1.39645516872406 -0.21079495549202 -0.531093001365662 -0.541143596172333 -0.284404247999191 0.472138166427612 2.05482053756714 1.10593509674072 1.76275730133057 3.19375777244568 5.71354198455811 8.40296745300293 9.05831146240234 10.2582664489746 11.2743282318115 12.1912240982056 14.3390989303589 16.6452560424805
5.16833972930908 5.62351036071777 2.53904414176941 3.44788908958435 5.32492065429688 6.04613494873047 2.42283821105957 1.25808215141296 2.42461228370667 1.52801668643951 0.264007389545441 0.327506214380264 0.453168421983719 1.00894963741302 1.53622126579285 1.44328391551971 2.60674500465393 3.40873551368713 2.96564650535583 2.38608169555664 1.79485332965851 1.41382193565369 0.620723962783813 2.2073814868927 3.68058776855469 3.10113430023193 2.29514598846436 1.10520124435425 0.263331234455109 -0.282433420419693 0.00939537119120359 0.337483018636703 0.697927474975586 0.990131795406342 1.17295289039612 2.36099100112915 6.41732740402222 10.086296081543 10.5592994689941 12.3388147354126 13.0006113052368 13.7555274963379 15.8064985275269 21.0821914672852 21.1516036987305
9.18344974517822 5.24389553070068 1.51793944835663 1.58718466758728 1.92781853675842 2.20799875259399 0.51737916469574 -1.04529571533203 -1.27036285400391 -1.1561826467514 -1.17342710494995 -1.28051948547363 -1.81018674373627 -2.22743654251099 -1.92453813552856 -1.85637879371643 -1.25281071662903 -0.841326534748077 -0.679966747760773 -0.318600594997406 -0.56524658203125 -1.00058722496033 -0.507991015911102 -0.80949592590332 -0.934569954872131 -0.897750318050385 -0.60320383310318 -0.427881717681885 -0.105665162205696 0.512339890003204 0.975246012210846 0.998753070831299 1.21601903438568 1.38299894332886 2.80798196792603 7.95502233505249 12.1345176696777 11.6481227874756 14.8436803817749 15.2501878738403 13.2160396575928 14.5143146514893 13.7643127441406 19.962230682373 22.5515651702881
1.54598939418793 3.00105810165405 1.93491983413696 0.118056364357471 -1.28721964359283 -1.60455799102783 -1.88936531543732 -1.83878767490387 -1.93708920478821 -2.0321352481842 -1.64856910705566 -1.60384380817413 -2.10115385055542 -1.96953320503235 -1.92096614837646 -2.07754278182983 -2.07182168960571 -1.86443698406219 -1.79873931407928 -1.71590745449066 -1.50041019916534 -1.23661494255066 -1.04440498352051 -0.90015971660614 -0.761336922645569 -0.334890931844711 -0.0797210708260536 -0.00998754519969225 0.73475843667984 1.36954271793365 1.40598833560944 1.46312153339386 1.45472288131714 2.23799419403076 6.90693521499634 12.3121433258057 11.3056011199951 8.11499977111816 9.24528408050537 10.547947883606 9.76980972290039 12.2304458618164 15.1545333862305 22.7605648040771 21.6875343322754
