slauniainen/Data/DEM/Vihti_dsm1500b_cl_horizonAngle_360.asc
NCOLS 196 
NROWS 178 
XLLCORNER 353680 
YLLCORNER 6699024 
CELLSIZE 16 
NODATA_value -3.4e+38 
[rows 120 to 139 of 178, columns 45 to 89 of 196]
5.1982159614563 4.67112827301025 3.85817837715149 5.16302156448364 5.01662015914917 4.91318988800049 4.44820404052734 4.77450370788574 2.23417949676514 2.57809972763062 5.94889736175537 6.93785715103149 6.2805700302124 3.80117321014404 11.1062383651733 12.3919610977173 27.1659336090088 13.8017539978027 24.2215976715088 54.1073341369629 -1.54931199550629 -1.29083287715912 -1.39180409908295 -1.18785321712494 9.28154945373535 4.87801218032837 0.438049733638763 -0.325842946767807 32.0137481689453 25.789794921875 24.7511501312256 5.45263051986694 8.78441619873047 4.82358074188232 -0.643173694610596 5.7942066192627 -1.2516325712204 -1.23256886005402 -2.40245532989502 -2.00965452194214 -2.01063871383667 -1.9194244146347 -1.64274525642395 -1.76026737689972 3.62905383110046
4.87484169006348 4.37760448455811 3.61967730522156 4.83147859573364 4.69124031066895 4.51532459259033 4.0799708366394 4.43665933609009 2.06069493293762 2.39252161979675 5.39897680282593 6.31880664825439 5.79757213592529 3.5546600818634 9.83830738067627 10.1350412368774 14.1828775405884 10.8849582672119 15.0395288467407 31.4117584228516 11.2326440811157 3.39049625396729 1.73277139663696 16.322244644165 -1.61598658561707 2.14619946479797 -1.95213341712952 4.75143003463745 3.64497566223145 8.05270862579346 6.84912586212158 14.3881092071533 4.91771411895752 12.6385231018066 7.75078153610229 3.05275511741638 5.39486789703369 4.16004323959351 -2.47098398208618 7.65282487869263 -2.19379687309265 -1.920738697052 -1.86522996425629 -2.05795431137085 -1.83449351787567
4.60294485092163 4.12805461883545 3.39862751960754 4.52491903305054 4.39429759979248 4.1739706993103 3.80255079269409 4.13424730300903 1.9052107334137 2.22104501724243 4.92889928817749 5.78340673446655 5.34908485412598 3.29109573364258 8.72056770324707 9.01143074035645 1.70381045341492 9.49582958221436 10.6864156723022 21.4204158782959 1.58929824829102 9.74796390533447 12.0700960159302 2.33540773391724 16.1423244476318 1.71095085144043 16.925853729248 24.1180973052979 21.4761981964111 12.7974348068237 9.00667762756348 3.64348864555359 4.63711833953857 6.29176759719849 1.06374800205231 5.43045854568481 -1.76375222206116 -1.42076599597931 11.5127124786377 5.69603443145752 1.98493278026581 -1.97876417636871 -2.02569103240967 0.361711084842682 -1.96760439872742
4.33907127380371 3.8800847530365 3.19318914413452 4.22241306304932 4.09922981262207 3.83694505691528 3.5454216003418 3.85708379745483 1.75130987167358 2.06104564666748 4.51282691955566 5.32121086120605 4.93348455429077 3.03589224815369 7.76375341415405 8.04268455505371 1.28649473190308 8.67499256134033 9.89841175079346 12.7835817337036 7.23129940032959 3.28921699523926 9.00574207305908 12.3910932540894 -1.83942496776581 14.9404554367065 7.56688737869263 7.32921171188354 14.5550975799561 12.7814493179321 12.7208003997803 3.25152063369751 2.97602844238281 4.363844871521 0.970832109451294 2.26663517951965 7.78788375854492 -1.87231612205505 -2.15262985229492 -1.61540877819061 -2.09195184707642 -2.20557284355164 -2.10583710670471 -1.59224534034729 4.76032447814941
4.08440256118774 3.64951992034912 2.99906182289124 3.94315385818481 3.80646800994873 3.50937843322754 3.284010887146 3.59126853942871 1.60247194766998 1.88995277881622 4.1135721206665 4.90483283996582 4.56750774383545 2.79554843902588 6.94795846939087 7.26633834838867 -0.354378491640091 2.9472439289093 8.83880615234375 1.18913948535919 3.1878297328949 15.3755197525024 2.79557061195374 -0.770536839962006 7.41177606582642 0.712494552135468 7.55509185791016 6.56554555892944 6.40077447891235 5.54222774505615 5.51014280319214 1.87694227695465 18.3852233886719 2.0478892326355 1.57430112361908 12.3144149780273 -1.84877908229828 -2.33263659477234 -2.66612315177917 -2.81133842468262 -2.38447856903076 9.60579299926758 -2.29711556434631 -2.34766316413879 -1.9833652973175
3.86938333511353 3.43665409088135 2.81385779380798 3.70698142051697 3.56631422042847 0.0747364535927773 -0.593413293361664 -0.310240179300308 -1.54649031162262 -1.21485066413879 -0.541576385498047 4.51895761489868 4.24198293685913 2.58561515808105 6.2945704460144 6.57065725326538 48.6373100280762 10.1889877319336 1.13172018527985 51.5472755432129 25.958215713501 0.784101545810699 1.64166796207428 13.6627521514893 15.5965747833252 3.30961966514587 0.298749774694443 1.87079358100891 11.2338161468506 13.2090797424316 5.27575206756592 24.4952754974365 12.8981304168701 5.80317640304565 4.63394737243652 -1.29579341411591 -2.08903694152832 -2.69620299339294 -2.65464901924133 -2.58628273010254 -2.55687952041626 -2.24436092376709 10.770827293396 -2.57657432556152 -2.28807473182678
3.68088316917419 -0.572255074977875 -0.269068777561188 -0.128263369202614 0.578144967556 1.88245737552643 -0.795734286308289 17.5576267242432 18.3496837615967 10.4399356842041 -0.895245313644409 0.0727739557623863 3.95539617538452 2.37209606170654 5.70099639892578 6.00244665145874 29.3610744476318 32.6924743652344 41.1627388000488 33.0722236633301 34.3952713012695 36.650146484375 7.93118762969971 9.09347534179688 1.12630426883698 5.56413555145264 7.86987257003784 1.44846332073212 2.60774898529053 6.88395071029663 5.02020263671875 9.16994953155518 5.93405961990356 13.8428993225098 4.50084352493286 -1.98964154720306 -2.21242475509644 -2.83553504943848 4.58292961120605 10.5024261474609 21.5728187561035 -2.46219801902771 -2.44166874885559 -1.82350897789001 -2.30599594116211
0.381903976202011 14.1158533096313 -0.355236500501633 23.6409187316895 10.1494693756104 0.0331927202641964 -0.856488704681396 6.47389268875122 8.63717079162598 6.45923757553101 -1.04187250137329 -0.362345606088638 0.203453958034515 2.16766858100891 5.18432331085205 5.49805164337158 20.5320339202881 17.7343235015869 23.5446109771729 23.9815902709961 21.6606254577637 32.3496170043945 15.060263633728 9.7057638168335 13.3467512130737 3.98669385910034 5.96708202362061 3.8405385017395 17.9798412322998 7.26005125045776 2.91202688217163 8.77855682373047 4.69493341445923 3.7343156337738 1.05544805526733 16.4470920562744 10.3133840560913 16.3268966674805 3.14398956298828 10.2934322357178 7.85905504226685 24.5364646911621 12.9366245269775 5.11873340606689 4.75041007995605
0.310892760753632 6.41577863693237 -0.375592261552811 15.510552406311 0.278186291456223 3.80902028083801 25.3955612182617 5.78701257705688 0.450825065374374 -1.33559393882751 12.2832660675049 5.16752672195435 -0.000823596608825028 -0.410175532102585 1.10166239738464 5.04123544692993 15.5226249694824 11.856725692749 15.9187812805176 18.3232822418213 16.9364261627197 24.8293209075928 13.0154304504395 7.39866495132446 11.0791349411011 0.361813247203827 3.32612323760986 5.3475456237793 2.45603394508362 3.92366313934326 14.8488159179688 1.49717080593109 2.39690566062927 1.77087461948395 5.65243196487427 11.4285554885864 5.28835868835449 19.7133197784424 16.5813465118408 7.23399639129639 5.2636251449585 8.53578853607178 5.01542377471924 7.76356029510498 20.1427211761475
0.300399780273438 3.42863345146179 3.56118106842041 10.9894609451294 12.9336814880371 1.65569460391998 6.45838785171509 -0.48127144575119 3.34256649017334 2.07853889465332 6.85782480239868 11.8313083648682 4.95181035995483 -0.873636901378632 0.555476903915405 1.5988597869873 12.2556352615356 9.00496292114258 11.8906888961792 14.7022323608398 13.5881690979004 19.1354236602783 9.38446807861328 4.97537040710449 7.10885238647461 6.99777698516846 6.8442211151123 0.372051268815994 9.98683071136475 3.03013777732849 2.20258831977844 0.978761315345764 1.69415605068207 1.46836936473846 0.267059683799744 7.36098861694336 11.2853183746338 15.4999561309814 15.5671434402466 12.1708965301514 22.5818824768066 13.884391784668 21.1782894134521 21.3909072875977 13.9151840209961
14.6734199523926 29.4969234466553 7.7464656829834 4.5699634552002 -0.128962859511375 -0.776173651218414 8.79969120025635 5.76550531387329 -1.56901776790619 24.7419052124023 2.23439288139343 4.23586511611938 7.24444437026978 -1.61648607254028 0.348207265138626 0.393251359462738 2.43449997901917 7.40647220611572 9.58294296264648 12.2453241348267 11.2430715560913 15.3840932846069 34.2612190246582 -0.799313604831696 6.84639835357666 16.0025253295898 1.00648272037506 -0.275633722543716 2.25542831420898 5.56828165054321 14.3268966674805 0.431237936019897 13.398814201355 0.356069564819336 -0.518839240074158 4.15325975418091 31.4427852630615 19.1981182098389 13.4843921661377 9.66594314575195 14.120626449585 13.182879447937 17.0530338287354 16.9664821624756 14.4588766098022
10.4148769378662 12.9560794830322 36.1892318725586 12.1171798706055 27.2640342712402 45.3077545166016 3.52082705497742 5.38491201400757 -1.2226859331131 -1.50760400295258 0.164849579334259 1.16661405563354 2.73682332038879 23.6811065673828 16.1713333129883 20.2096004486084 -1.16099834442139 -1.0250107049942 7.80685901641846 10.4605112075806 9.50854969024658 12.729829788208 18.3065719604492 56.3354682922363 4.85490083694458 6.25994110107422 23.5704727172852 40.553295135498 18.9386253356934 21.6488456726074 0.894708096981049 -0.455275684595108 0.543668448925018 0.0576624870300293 -0.779341101646423 5.22268724441528 17.3221435546875 10.4844093322754 8.20542907714844 15.5112047195435 12.7254724502563 11.5659303665161 18.0363483428955 16.2248039245605 12.8449544906616
1.67922651767731 9.94564628601074 19.1697368621826 15.9088373184204 31.335563659668 19.4901294708252 25.5115909576416 -0.656001687049866 25.71266746521 5.7158031463623 -0.54890638589859 -0.617989897727966 -0.193475618958473 24.7079639434814 -0.1117844581604 9.48835945129395 0.976688027381897 27.8377246856689 -0.993608772754669 9.01688575744629 8.18857192993164 10.8361158370972 12.1025667190552 36.3397102355957 27.9373416900635 2.52936291694641 32.8147773742676 29.5722427368164 28.5369758605957 5.8227105140686 8.96164798736572 1.92500078678131 -0.13493812084198 -0.0767897740006447 15.5523843765259 18.5069618225098 5.15692186355591 9.11461734771729 28.426830291748 11.7527685165405 12.2815179824829 14.5596256256104 21.2951545715332 18.2070789337158 16.8735980987549
2.69824504852295 31.5324401855469 11.0788908004761 12.3253164291382 16.6782512664795 18.9016551971436 10.776650428772 31.132417678833 1.51141476631165 25.1211223602295 18.5328845977783 11.1307363510132 -0.651448845863342 0.305123507976532 11.0524206161499 3.43753266334534 29.0073280334473 18.4779071807861 37.6533737182617 6.15751981735229 7.09909963607788 9.34323787689209 9.1344747543335 25.8890018463135 23.9350433349609 2.14900302886963 18.8017101287842 20.2720031738281 16.270938873291 32.2431221008301 2.18196320533752 11.2767391204834 2.49470901489258 12.9057178497314 12.3184957504272 5.2003059387207 4.49508953094482 9.02905368804932 7.71957731246948 9.59383773803711 10.190411567688 23.5828609466553 29.4554271697998 21.9050235748291 45.6646766662598
44.453483581543 19.7012500762939 19.3242702484131 11.7802295684814 12.2000846862793 15.6941690444946 10.4927968978882 18.8188362121582 21.1451892852783 15.753378868103 14.8870086669922 32.5564804077148 42.771297454834 5.62411689758301 -0.298618376255035 -0.775999963283539 8.96435832977295 26.2480487823486 28.8683738708496 12.5564880371094 6.20879411697388 8.17692852020264 7.67644357681274 19.4972095489502 16.1390972137451 32.0335922241211 14.3255996704102 15.3470897674561 12.1673822402954 17.4330711364746 44.2494735717773 8.72811508178711 -0.225230991840363 7.04972457885742 9.755784034729 4.70809555053711 11.9099779129028 7.86525535583496 11.4199056625366 9.5168628692627 40.542896270752 38.6990280151367 23.9845809936523 36.0755310058594 29.1324691772461
20.5179843902588 13.219310760498 8.82409954071045 8.99641895294189 11.928316116333 13.4640159606934 7.24269104003906 12.3397245407104 11.9698266983032 6.30930471420288 2.77531099319458 3.0440137386322 21.5293769836426 10.8733797073364 9.2420768737793 17.9348201751709 37.2484321594238 15.3508224487305 19.8880558013916 6.04254865646362 5.43503093719482 7.2576003074646 7.11783027648926 11.7329168319702 12.1857147216797 25.9907073974609 11.712061882019 12.4985857009888 9.21749877929688 11.9342174530029 27.6919212341309 45.8123893737793 30.270450592041 6.38240432739258 9.54683113098145 6.8889741897583 23.1780738830566 19.3283176422119 14.8593835830688 41.5693321228027 37.1657791137695 24.4247570037842 21.2744770050049 19.8791770935059 15.5038747787476
15.770544052124 8.40523147583008 7.00065469741821 7.49252033233643 4.07689142227173 10.8117246627808 5.8268780708313 6.08250379562378 8.17783355712891 24.2604904174805 26.5193881988525 8.93018817901611 8.57718467712402 3.96521377563477 -1.48567688465118 2.28951954841614 -1.05090177059174 10.1326713562012 15.0185699462891 5.45739698410034 4.93494033813477 6.51465225219727 6.42305564880371 22.0744323730469 9.70877170562744 17.8687915802002 6.72640895843506 10.2964239120483 7.41014766693115 9.05703639984131 21.0838489532471 29.3395004272461 15.6792669296265 13.9437017440796 7.90455436706543 10.8904523849487 12.8385057449341 7.85201454162598 25.3473224639893 21.0203456878662 18.630033493042 15.4457492828369 16.7486553192139 14.8803586959839 12.2401571273804
4.38467311859131 7.99468183517456 19.4045600891113 5.35932970046997 25.0028514862061 6.84863376617432 5.72099351882935 16.2072238922119 2.2296040058136 4.50810527801514 5.61085224151611 29.4545955657959 4.01270580291748 13.8944683074951 25.9130229949951 1.52276539802551 -2.18261957168579 7.45816087722778 11.298171043396 5.06314659118652 4.57980394363403 5.88321685791016 5.75843954086304 11.5434694290161 8.06596660614014 13.4980020523071 17.6663246154785 3.95463013648987 6.39952993392944 8.00611305236816 17.2575950622559 9.50232124328613 17.8021106719971 9.6389627456665 20.871976852417 5.10644578933716 6.62370872497559 7.84082365036011 7.93783140182495 8.22281265258789 11.0743236541748 11.700777053833 14.4182453155518 14.2108497619629 11.4456481933594
0.500895082950592 4.96857261657715 6.60178709030151 4.08203744888306 2.88426113128662 5.90298414230347 2.33227109909058 9.71208763122559 6.69809627532959 3.29730200767517 8.45760917663574 16.4092922210693 10.6369361877441 -0.459672451019287 12.4667911529541 1.4760057926178 23.6718997955322 2.54525470733643 9.93796157836914 4.70291137695312 4.28009366989136 5.44435977935791 5.25858116149902 9.98980522155762 6.10582685470581 10.6840887069702 9.01952457427979 26.8711528778076 5.74018287658691 2.36986994743347 3.42966389656067 9.3804988861084 21.2904319763184 23.2300701141357 19.9481582641602 18.6233024597168 5.12328481674194 5.64775943756104 4.02569007873535 5.57629108428955 7.50610780715942 8.42458915710449 11.2383155822754 11.2821836471558 9.06301116943359
14.0469913482666 10.0295791625977 2.97007656097412 4.39795875549316 7.4522647857666 1.27265655994415 0.969987690448761 0.10757340490818 3.31988382339478 1.21379506587982 0.0871972516179085 7.61011409759521 2.94023513793945 6.93146467208862 5.32591438293457 0.0856073424220085 17.7510204315186 14.9995794296265 8.42733860015869 4.38189315795898 4.00950908660889 5.06400680541992 1.36006450653076 3.51494574546814 4.02928113937378 8.32911968231201 6.37796354293823 18.9575729370117 7.96065282821655 43.5529327392578 2.99785447120667 4.00438356399536 15.6774187088013 29.5611476898193 12.9636487960815 3.83291029930115 2.34425687789917 3.2769935131073 1.15033805370331 2.56679606437683 3.67728710174561 7.75677585601807 8.18862438201904 8.85405158996582 4.85012483596802
