slauniainen/Data/DEM/Vihti_dsm1500b_cl_horizonAngle_330.asc
NCOLS 196 
NROWS 178 
XLLCORNER 353680 
YLLCORNER 6699024 
CELLSIZE 16 
NODATA_value -3.4e+38 
[rows 0 to 19 of 178, columns 135 to 179 of 196]
1.9352251291275 2.23196291923523 0.287053912878036 -0.841312944889069 30.6706943511963 7.43294858932495 13.8668632507324 13.1610584259033 9.49822235107422 4.92701768875122 10.2849750518799 2.29009556770325 0.233160123229027 0.0272985324263573 1.38583290576935 1.2950644493103 0.68826949596405 0.869269132614136 0.426553547382355 0.555822908878326 0.678100883960724 0.739779353141785 0.75130158662796 3.28479599952698 2.30752348899841 23.0463790893555 26.536262512207 10.0032615661621 3.77297067642212 3.07294106483459 -0.400161921977997 6.83456707000732 6.09715700149536 4.09178829193115 15.8178329467773 40.094123840332 14.1578617095947 9.43661785125732 6.54506969451904 6.03052186965942 7.68844509124756 6.99368190765381 4.64980316162109 10.0590324401855 12.1753730773926
3.07429528236389 -0.917298436164856 -0.466936111450195 -0.120564959943295 28.6805934906006 10.9545316696167 9.39612102508545 8.33918762207031 4.1307225227356 5.7527871131897 6.31110286712646 1.08284330368042 0.863723039627075 -0.011615670286119 -0.0721022635698318 1.10963153839111 0.283921331167221 0.455300033092499 0.722028017044067 0.317155390977859 0.48315966129303 0.635111510753632 0.694684445858002 0.690191864967346 2.87581396102905 7.65968608856201 18.8584690093994 11.2177906036377 2.85601615905762 3.4420804977417 14.8902816772461 4.52709054946899 0.478622317314148 0.17113085091114 9.68197536468506 31.6268272399902 16.3865070343018 8.24553298950195 5.95309591293335 5.19397592544556 6.37182188034058 6.26309442520142 4.39252662658691 17.8828792572021 13.1890001296997
2.96553730964661 -0.969764530658722 9.41761302947998 23.3032379150391 26.9662609100342 10.5108098983765 -0.0327021889388561 5.22358274459839 5.10453605651855 3.66154146194458 0.438474029302597 4.02054595947266 0.852332651615143 0.210337743163109 -0.206557601690292 1.02925550937653 0.966686427593231 0.109440855681896 0.68230277299881 0.272913098335266 0.811572253704071 0.9537433385849 0.647291719913483 0.669317781925201 2.69473624229431 1.8904504776001 12.461033821106 12.0382432937622 6.8999195098877 2.1617386341095 5.95023775100708 7.08101034164429 -0.0339966788887978 -0.0462876409292221 14.9728031158447 35.3586769104004 18.1891441345215 8.5348653793335 6.59420537948608 4.95138120651245 4.44931077957153 2.43993282318115 5.51972818374634 29.9836711883545 18.2085571289062
-1.0113445520401 0.22783687710762 13.1638431549072 20.0642147064209 16.0692958831787 8.39368724822998 4.36807060241699 4.39155530929565 4.22793579101562 1.81115686893463 2.89622950553894 2.67200136184692 0.644766569137573 0.02146858535707 -0.157909840345383 -0.217616453766823 0.9853635430336 0.320899456739426 0.773647308349609 1.85947620868683 2.53549647331238 3.08690905570984 1.99886655807495 0.640982091426849 0.664131343364716 2.42479014396667 4.08071565628052 9.9830904006958 8.38712787628174 1.6053295135498 0.050952322781086 -0.533687233924866 -0.698395729064941 8.98695659637451 13.5406980514526 39.2251434326172 14.8841876983643 9.97196483612061 6.24902200698853 5.54224157333374 4.29611444473267 4.04087257385254 29.7683715820312 21.3300304412842 14.4972219467163
3.07470393180847 8.38481903076172 21.3910045623779 5.57476949691772 11.9388589859009 8.81374931335449 5.68921089172363 -0.0986636802554131 3.6511492729187 3.60670828819275 1.65503764152527 2.62232851982117 2.52464270591736 2.37588930130005 1.52399158477783 0.805594325065613 0.979843854904175 0.94061952829361 1.34231650829315 2.73700737953186 3.37341928482056 3.70242357254028 2.51049828529358 0.83246111869812 0.627866923809052 1.21405243873596 2.20287942886353 8.36341667175293 7.51895475387573 -1.39553046226501 -0.841771900653839 -1.11054790019989 -0.865134060382843 6.28383636474609 3.18747091293335 35.952320098877 15.7824630737305 11.5145483016968 6.65545177459717 5.21679449081421 4.26228284835815 4.18726587295532 22.0428829193115 7.90558862686157 14.9225368499756
3.33184719085693 9.28574085235596 0.117240428924561 4.38704347610474 14.9810314178467 8.31779766082764 6.11171007156372 4.03136301040649 3.28883743286133 3.55222797393799 3.4858980178833 3.55276441574097 5.36298322677612 4.71277284622192 2.55363941192627 1.50014960765839 1.03047347068787 1.34613955020905 2.4114990234375 3.27761292457581 3.26235270500183 2.96633052825928 2.27580404281616 1.15924680233002 0.609484791755676 0.975538313388824 2.08630728721619 2.63592410087585 6.86121845245361 -0.351310521364212 9.50169372558594 -1.17434871196747 13.4835176467896 15.7506465911865 3.90104699134827 37.1637191772461 18.3991661071777 10.5019121170044 8.18537712097168 5.38787078857422 4.74303722381592 4.09002590179443 4.54911804199219 15.5049839019775 12.9031229019165
14.7517929077148 24.2670745849609 16.6611709594727 13.3006820678711 22.7651538848877 9.03016185760498 7.37000894546509 5.63535976409912 6.62357425689697 6.55593872070312 5.92493629455566 6.86166477203369 6.90319395065308 4.45656490325928 2.58358120918274 2.2417266368866 2.15803599357605 2.52235651016235 3.07904982566833 3.01979947090149 0.236904591321945 2.93149375915527 2.27378034591675 1.32967710494995 0.578658699989319 0.949571669101715 1.05126941204071 1.88061320781708 2.11228156089783 0.350192904472351 9.86525726318359 7.76268720626831 13.6477909088135 8.58779430389404 2.56887650489807 35.0544776916504 16.3844203948975 10.4300899505615 8.89401435852051 6.6789984703064 4.76632690429688 4.17814302444458 4.01511335372925 13.610182762146 6.20557022094727
33.8062858581543 15.3225088119507 8.98202610015869 13.6584329605103 29.214147567749 9.10394668579102 6.88802433013916 5.57936096191406 5.39874792098999 6.8552942276001 7.45804071426392 7.74256420135498 7.10688829421997 5.03780126571655 3.55240821838379 2.39518475532532 2.42792916297913 2.81178450584412 4.08716726303101 3.51652550697327 2.93739628791809 12.3686742782593 2.07864952087402 1.63756656646729 0.880438506603241 0.882128059864044 0.596753537654877 1.81032145023346 1.33187186717987 0.347945064306259 12.4940319061279 1.6625839471817 5.75892162322998 2.17174291610718 5.50769424438477 36.391731262207 16.8658752441406 11.9199695587158 8.15383911132812 7.65025234222412 4.82567930221558 4.44002723693848 3.91846776008606 3.96301245689392 10.9915742874146
23.8572120666504 12.322413444519 13.2776775360107 15.7731027603149 16.7353935241699 11.4739875793457 7.19844913482666 5.93107128143311 4.99117565155029 5.14955854415894 5.68191003799438 5.79862976074219 5.98936128616333 5.27468204498291 3.62695050239563 2.54028391838074 2.98067450523376 3.85828232765198 3.0279974937439 2.86875462532043 2.54856443405151 8.27349376678467 2.06837606430054 1.66486716270447 1.14034461975098 0.578684151172638 0.577708184719086 0.560520589351654 1.65765798091888 -0.806155204772949 -0.584287762641907 4.5908727645874 10.8133354187012 0.0315030962228775 11.1250295639038 32.9353218078613 15.7783508300781 11.4103698730469 8.03882503509521 7.07124900817871 5.54100179672241 4.35904979705811 4.10934209823608 3.72835874557495 9.8624210357666
9.87424468994141 17.2490730285645 10.842490196228 11.0717372894287 16.0372753143311 13.2888746261597 6.07929086685181 3.9097261428833 5.14400911331177 4.48202514648438 4.41621255874634 5.12585735321045 5.39456081390381 4.97157573699951 4.21815156936646 4.09654140472412 4.29986190795898 3.19680595397949 2.76123547554016 2.71261715888977 2.41885137557983 2.21448969841003 5.55725526809692 1.78518927097321 1.41982984542847 0.784614861011505 0.553624391555786 0.54168838262558 -0.657767117023468 -0.793562233448029 -1.33310997486115 -1.32106781005859 10.4283590316772 -1.3841005563736 5.26594877243042 33.270938873291 16.7738723754883 11.0122394561768 9.85687255859375 6.65824031829834 6.16565465927124 4.53916263580322 3.92353796958923 3.61907839775085 3.72391438484192
15.8969411849976 17.5292854309082 11.9971179962158 16.0311870574951 9.83957672119141 11.4849014282227 7.31697559356689 3.98677134513855 2.99867105484009 3.5407497882843 1.99816226959229 1.46990776062012 4.40360307693481 4.43837642669678 4.24715757369995 3.55996370315552 3.65674614906311 2.97165727615356 2.59434628486633 2.42752504348755 2.33177185058594 2.11278462409973 4.72116041183472 1.78244650363922 1.60184788703918 1.23797953128815 0.574860215187073 0.532174229621887 -0.876541078090668 -1.47732853889465 -1.35823678970337 3.14401197433472 14.3727426528931 4.97123146057129 15.0673637390137 17.3495807647705 11.1171875 10.4487533569336 9.26257801055908 7.72498226165771 5.99163866043091 5.4304895401001 3.95778441429138 3.82889604568481 3.56383442878723
10.218638420105 10.5345983505249 13.6250371932983 10.6237077713013 8.22689819335938 10.0006685256958 8.33568477630615 4.03466749191284 3.10995125770569 2.87459707260132 3.35140752792358 15.0925016403198 13.5806589126587 3.97099828720093 3.76619458198547 3.55260300636292 3.06641149520874 2.51137757301331 2.25548839569092 2.15175771713257 2.07256102561951 1.94557666778564 1.7825231552124 3.67088174819946 1.51501786708832 1.20887804031372 0.681627035140991 -0.559856355190277 -1.1672797203064 -1.36060118675232 1.32701086997986 19.6929397583008 21.24245262146 15.6810836791992 7.13154983520508 25.9113426208496 24.2633495330811 12.2542428970337 8.46126747131348 8.35526561737061 5.99010848999023 5.64149618148804 4.61798477172852 3.7871150970459 3.48219060897827
5.18437099456787 6.37146806716919 11.8831243515015 8.74860954284668 8.90655422210693 7.39514827728271 8.3545389175415 3.67963004112244 3.98198175430298 2.84141850471497 7.16898202896118 9.77913379669189 8.65847587585449 3.36648988723755 3.40700459480286 3.20243549346924 3.03769993782043 2.62831735610962 2.10171961784363 1.85304260253906 1.8005690574646 1.71808576583862 1.66038489341736 3.15355134010315 1.44519293308258 1.2665798664093 0.895421385765076 -0.50172746181488 -0.63890153169632 12.8211603164673 29.891565322876 32.5719757080078 17.1168212890625 22.7313404083252 17.3944149017334 23.4122886657715 19.4023513793945 10.0622320175171 7.95911645889282 7.88248920440674 6.63017702102661 5.54981660842896 5.28536319732666 3.83615112304688 3.62709546089172
5.03720474243164 4.49691438674927 6.82622194290161 9.9429178237915 7.49053144454956 7.62108945846558 3.36056971549988 5.85029411315918 2.90973615646362 2.91604042053223 14.1019153594971 4.73076915740967 6.09011507034302 5.43232011795044 3.24677538871765 2.93835854530334 2.79027223587036 2.45731592178345 1.98990046977997 1.72286653518677 1.58969855308533 1.52617335319519 1.50054264068604 1.37839639186859 2.63215804100037 1.1627322435379 0.876598477363586 -0.0381082445383072 15.734001159668 9.96544551849365 27.387731552124 25.4430294036865 18.2050647735596 17.1563282012939 15.6830081939697 27.0065288543701 26.7180938720703 13.7810926437378 8.33979511260986 6.87263441085815 7.14361190795898 5.45728158950806 5.03604412078857 4.2193021774292 3.47881507873535
4.02688598632812 4.63239192962646 6.17278575897217 5.68936395645142 8.51621437072754 6.98996686935425 4.66842603683472 20.7317943572998 3.04151248931885 2.87616777420044 13.8472776412964 4.68439149856567 4.92541313171387 4.36244201660156 2.9903712272644 3.01966738700867 2.59913110733032 2.45860123634338 2.28834319114685 1.70964956283569 1.460484623909 1.41634857654572 1.32771384716034 1.31857144832611 1.24333667755127 2.11375594139099 1.01808750629425 0.794791102409363 15.8817501068115 15.5209016799927 28.2943515777588 19.396520614624 20.6551666259766 16.8847942352295 14.1832189559937 14.0567045211792 20.2518882751465 12.9099788665771 7.48300981521606 7.18964910507202 6.04317903518677 6.53080558776855 4.88355112075806 4.63996696472168 3.45657324790955
4.4792652130127 9.42732238769531 4.21814918518066 3.68094992637634 7.81304311752319 6.09568738937378 5.63713264465332 13.2722501754761 4.65259885787964 14.0585327148438 9.16436386108398 5.62606763839722 2.95121216773987 3.78707146644592 3.36768269538879 2.89615774154663 2.42042350769043 2.4341733455658 2.19320273399353 1.67240464687347 1.3819295167923 1.26383316516876 1.24718117713928 1.22138667106628 1.10867881774902 1.91783094406128 1.02630841732025 0.91878867149353 11.193169593811 9.5753173828125 23.7490139007568 19.0064277648926 19.3456516265869 14.5310363769531 13.4491271972656 10.8213796615601 16.5558795928955 11.8786191940308 8.73013114929199 6.59679746627808 5.62414169311523 6.2033805847168 5.12527465820312 4.4428563117981 3.74213671684265
13.8421545028687 5.88041114807129 3.28204846382141 6.21292686462402 4.50828790664673 6.3820481300354 5.2550106048584 3.50415968894958 10.2143077850342 9.7188606262207 5.88972520828247 5.57008409500122 2.89574217796326 3.28746342658997 2.92075204849243 2.68729138374329 2.71406030654907 2.18415927886963 2.29600024223328 2.05751395225525 1.52576434612274 1.24876308441162 1.14424633979797 1.11405444145203 0.988727450370789 0.968901932239532 1.70533061027527 0.868123471736908 0.68975156545639 10.5644865036011 12.0945148468018 15.2231521606445 14.7869262695312 15.0778751373291 11.7785673141479 10.3858709335327 9.46170234680176 12.8520545959473 9.41580104827881 6.35758876800537 5.82559108734131 5.0774507522583 5.70574522018433 4.33424949645996 4.1163649559021
5.03445196151733 4.3742618560791 9.7275857925415 9.70006465911865 3.4180736541748 5.8540301322937 4.64820575714111 4.25359916687012 8.52793502807617 6.19815635681152 5.8221001625061 4.47955894470215 3.49361681938171 2.64068913459778 2.76325511932373 2.42828774452209 2.52313423156738 2.55171847343445 2.20832395553589 1.86811923980713 1.92814683914185 1.29312753677368 1.10464954376221 0.972616016864777 0.897492229938507 0.919208288192749 1.59683108329773 0.897448122501373 0.800477862358093 5.64760684967041 8.14977645874023 12.415265083313 12.9222297668457 13.2044172286987 10.6630229949951 9.83264064788818 8.90226364135742 11.2301597595215 9.69369697570801 8.07430839538574 5.44270849227905 4.72259998321533 5.44027137756348 4.45311784744263 3.9499249458313
5.49658012390137 7.07562494277954 3.96008205413818 16.0060024261475 5.99862384796143 2.60560631752014 4.47744941711426 3.94108438491821 9.46789932250977 6.41631555557251 4.70355987548828 2.92194151878357 3.39487814903259 2.55209684371948 2.47350287437439 2.34212756156921 2.43664360046387 2.46464800834656 1.86654686927795 2.08684158325195 1.86225879192352 1.31411910057068 1.07547664642334 0.856624782085419 0.881549894809723 0.868397057056427 0.854155004024506 1.43519389629364 0.760442495346069 0.611598014831543 7.08831167221069 8.13330936431885 9.68887805938721 10.8283700942993 11.0583429336548 9.14005374908447 8.43636989593506 6.74890470504761 9.38426780700684 7.42781400680542 5.43006992340088 4.91305446624756 4.37217855453491 5.03583288192749 3.96186208724976
4.53473472595215 4.67030096054077 8.61109161376953 5.76268243789673 4.14046382904053 5.21302223205566 8.20210647583008 12.9040670394897 9.55592632293701 5.57587194442749 4.27026891708374 3.64648079872131 2.95916867256165 2.55646896362305 2.23835635185242 2.30995202064514 1.86678600311279 2.28970408439636 2.31891345977783 2.00962495803833 1.61868298053741 1.7499692440033 1.05144929885864 0.852353155612946 0.812285244464874 0.807098686695099 0.805699348449707 0.794186353683472 1.30293583869934 0.709634125232697 3.7664487361908 5.90113353729248 8.3502950668335 8.30505752563477 9.27221870422363 9.48593425750732 7.73106956481934 7.22366809844971 6.21252059936523 8.03215026855469 6.54970359802246 4.60231447219849 4.45499849319458 4.8330864906311 3.92666888237
