slauniainen/Data/DEM/Vihti_dem1500b_cl_horizonAngle_6.asc
NCOLS 196 
NROWS 178 
XLLCORNER 353680 
YLLCORNER 6699024 
CELLSIZE 16 
NODATA_value -3.4e+38 
[rows 0 to 19 of 178, columns 45 to 89 of 196]
14.8693532943726 12.6647748947144 10.7934055328369 13.8924016952515 15.7080554962158 11.1968908309937 5.66976594924927 4.57370662689209 3.04398107528687 1.75433909893036 0.175900042057037 0.0540334954857826 0.594130098819733 1.02121937274933 1.33926177024841 1.48439395427704 1.61889624595642 1.59133946895599 1.34923136234283 1.20874512195587 1.54961204528809 1.95222306251526 2.57546043395996 3.28250575065613 3.51597023010254 3.44135713577271 4.13678026199341 5.20706033706665 4.77409601211548 3.40840840339661 1.66593134403229 1.3963497877121 1.76102864742279 2.04421019554138 1.92392146587372 1.71589708328247 1.75450479984283 1.88490271568298 4.57831478118896 4.09318494796753 4.2984881401062 2.24287128448486 1.80189263820648 0.758481085300446 0.691626310348511
18.4746837615967 17.7633895874023 14.8022871017456 12.4545917510986 11.3496103286743 7.98688507080078 4.61192083358765 3.74483609199524 2.21814775466919 0.733901500701904 -0.757983565330505 -0.336303621530533 0.268891453742981 0.764439642429352 1.0808265209198 1.2368061542511 1.35564053058624 1.3500075340271 1.19450294971466 1.16600120067596 1.4754730463028 1.90682256221771 2.57173371315002 3.26157522201538 3.39998531341553 3.30602979660034 3.44597196578979 4.28944873809814 3.90153169631958 3.16030716896057 2.08079099655151 6.08528089523315 1.67616307735443 1.99506115913391 1.87875401973724 1.70031487941742 4.45925664901733 6.17829990386963 4.73486232757568 4.92781591415405 2.95926356315613 0.992286264896393 0.624884009361267 0.590751707553864 0.553183436393738
13.5692529678345 11.2951316833496 9.84312915802002 9.73765659332275 8.56497573852539 5.86643552780151 3.21014666557312 2.54960775375366 1.00127184391022 -0.305381625890732 -0.837691366672516 -0.39800700545311 -0.0178127195686102 0.571987330913544 0.902127325534821 1.08673286437988 1.24542081356049 1.24400269985199 1.13683021068573 1.24945783615112 1.4631541967392 2.5791118144989 5.73076629638672 3.33882808685303 3.3174684047699 3.17225766181946 2.94954681396484 3.65375828742981 3.31577801704407 2.65361332893372 1.95039844512939 4.7954888343811 1.66387915611267 1.91492736339569 3.30751490592957 8.93551063537598 6.77114152908325 4.4617280960083 2.96610975265503 2.55369305610657 2.44805407524109 1.45790338516235 0.52158534526825 0.362305194139481 0.403800636529922
10.3111772537231 8.50526523590088 7.65390682220459 6.73388576507568 5.21893215179443 2.96966123580933 2.16497182846069 1.26701593399048 0.0314266160130501 -0.792102754116058 -0.912107229232788 -0.419023305177689 -0.000636163109447807 0.430147349834442 0.777414441108704 1.01216411590576 1.21229004859924 2.12932777404785 1.99723958969116 1.80877065658569 3.50489091873169 3.91200661659241 5.02477979660034 3.22136831283569 3.19948387145996 3.04269337654114 2.83208298683167 3.16982650756836 2.88062119483948 2.32905673980713 1.89858043193817 3.68799066543579 5.2141227722168 1.84220206737518 3.46490502357483 6.80697059631348 4.41216611862183 3.63890504837036 2.99878525733948 2.52327466011047 3.27432060241699 4.14346790313721 0.466053813695908 0.324447989463806 0.379607975482941
6.79583311080933 6.49117612838745 6.43213367462158 5.64607810974121 4.38034772872925 2.60088419914246 1.34949696063995 0.161871805787086 -0.628347098827362 -1.01840531826019 -0.88154137134552 0.542218863964081 0.117483630776405 0.316005766391754 0.680462598800659 1.03008818626404 2.02769184112549 2.56463384628296 2.26993155479431 2.94866418838501 4.25221967697144 4.33597707748413 3.86647295951843 3.12147927284241 3.0581796169281 2.90706205368042 2.69217944145203 2.70213890075684 2.4495735168457 1.99094378948212 2.73786640167236 3.43698906898499 4.5128173828125 4.56362819671631 3.01494646072388 4.71334362030029 3.20565128326416 3.12131595611572 2.64446568489075 6.1353325843811 7.34113931655884 5.62734222412109 5.18293476104736 4.78307676315308 6.05867099761963
5.84241771697998 5.58733892440796 5.53381156921387 4.86097621917725 3.83541536331177 2.44370722770691 1.20768249034882 -0.0178262591362 -0.833645761013031 -1.1591020822525 1.07964313030243 1.83922970294952 1.46912479400635 0.391509354114532 0.655810713768005 0.953050315380096 1.49902105331421 4.15906763076782 5.1996808052063 6.88275909423828 8.54258060455322 5.49951887130737 3.48581027984619 2.92034912109375 2.87513637542725 2.67795014381409 2.31490421295166 2.14665031433105 2.03558278083801 1.76556921005249 3.2620575428009 2.40151476860046 3.75446319580078 3.84453392028809 3.0115077495575 3.57295966148376 2.15562152862549 2.86270904541016 8.27917575836182 8.73696041107178 6.41666603088379 3.50907349586487 7.89129114151001 11.3736124038696 10.5251398086548
5.18170595169067 4.90871572494507 4.85628843307495 4.26413726806641 3.05055499076843 1.99313366413116 1.08746838569641 0.157667681574821 0.461328327655792 0.236022680997849 2.5592896938324 5.23016262054443 5.13456153869629 3.92685413360596 4.12012100219727 2.7544584274292 2.4177622795105 5.6368932723999 10.0439929962158 11.3371877670288 9.16635894775391 6.60709667205811 2.7516508102417 2.71082377433777 2.51866173744202 2.21880269050598 1.91961228847504 1.48571407794952 1.56250905990601 1.59218060970306 3.018639087677 2.58339023590088 3.03423118591309 2.59137201309204 2.76490497589111 2.27743005752563 2.43565249443054 4.48383188247681 7.77335262298584 8.33873558044434 6.09821081161499 7.32426118850708 8.80522155761719 10.9122276306152 9.66416645050049
4.67854261398315 4.3809666633606 4.31468725204468 3.37755703926086 1.92543113231659 1.35234248638153 0.518267273902893 -0.24294126033783 -0.430088937282562 1.33495104312897 2.83628034591675 6.46776008605957 7.77264213562012 7.19873857498169 5.77431106567383 6.41016387939453 8.4799165725708 9.6475715637207 11.1878461837769 10.0570917129517 8.37864971160889 6.63090038299561 2.69769287109375 2.53705358505249 2.16817879676819 1.58591210842133 1.36330795288086 1.07890236377716 1.29048669338226 1.43961715698242 2.46549344062805 2.49762678146362 1.90208888053894 1.81812000274658 2.15337181091309 1.73599362373352 1.9497549533844 5.75189065933228 7.61909818649292 8.42667007446289 12.1320610046387 16.2574768066406 10.4577283859253 11.2598161697388 11.6149034500122
4.25925731658936 3.9227089881897 3.20721364021301 1.80091977119446 1.03215765953064 0.761499524116516 0.169755935668945 -0.327502965927124 1.37519931793213 2.03852462768555 2.77815842628479 6.41623449325562 6.93658256530762 5.43635845184326 4.14072275161743 6.91046667098999 10.0924091339111 9.64078712463379 9.77368831634521 9.22416687011719 6.77369403839111 3.97211384773254 2.49715375900269 2.22739863395691 1.67540752887726 1.29833924770355 1.1581072807312 0.932215392589569 1.15501117706299 1.30074608325958 1.70567727088928 1.65287101268768 1.76988005638123 1.66498160362244 1.58829081058502 1.53400480747223 1.66445863246918 4.30639362335205 7.30635738372803 8.22067928314209 11.1580867767334 13.8045234680176 15.1650466918945 17.7113170623779 15.5698137283325
3.90971636772156 3.3475923538208 2.50790977478027 1.24765598773956 0.828073918819427 0.497560262680054 0.576175332069397 2.78411412239075 1.73092615604401 2.17524385452271 4.84419727325439 5.35451602935791 5.53090906143188 4.20680570602417 3.94098043441772 6.06162452697754 8.66476249694824 8.57241344451904 8.01169395446777 7.27882814407349 4.75755262374878 2.22928881645203 2.11049699783325 1.82161796092987 1.43354487419128 1.203857421875 1.07554578781128 0.895834147930145 1.10101008415222 1.20918190479279 1.3131605386734 1.45381653308868 1.53370833396912 1.43661856651306 1.37581479549408 1.43320417404175 1.88718152046204 4.11929750442505 6.35591506958008 7.5469536781311 9.96626663208008 13.0181760787964 16.957935333252 16.0123405456543 13.790358543396
3.51438307762146 2.72608685493469 1.93795156478882 0.985095977783203 0.706573903560638 0.475177139043808 3.40542340278625 4.65993547439575 4.96759748458862 6.27347278594971 4.68109083175659 4.93692111968994 4.44323492050171 7.54451370239258 11.4508953094482 8.67879295349121 7.74496746063232 7.20286655426025 5.79534196853638 4.53507280349731 2.20104503631592 1.84216809272766 1.76521468162537 1.57253420352936 1.29927337169647 1.13116240501404 1.04562222957611 0.880900621414185 1.07506012916565 1.18292367458344 1.26079142093658 1.31951308250427 1.38768887519836 1.35361802577972 1.36492669582367 3.31865167617798 1.6746951341629 2.98742365837097 5.35864400863647 6.68628215789795 9.63382148742676 11.7928695678711 13.2003993988037 12.3627243041992 10.2838535308838
3.07926797866821 1.91477477550507 1.45245695114136 0.891883552074432 0.718924999237061 2.88808751106262 5.39701509475708 7.29243659973145 10.7135581970215 11.7734298706055 10.5910167694092 6.3784065246582 8.20020866394043 8.4707498550415 9.83440399169922 8.52633571624756 6.81529378890991 5.36600399017334 5.02197980880737 3.56988286972046 1.72652542591095 1.62615621089935 1.57682132720947 1.47188544273376 1.25689291954041 1.08645236492157 0.985410034656525 0.815011620521545 1.042156457901 1.15380811691284 1.27827179431915 1.37981390953064 3.04233646392822 4.53835248947144 7.79605531692505 6.76187372207642 4.83692741394043 3.14944815635681 4.92972087860107 6.35132122039795 9.40396308898926 10.3197259902954 10.8384790420532 10.3445844650269 8.90326023101807
2.62818646430969 2.3136293888092 1.53768002986908 2.0277738571167 3.03874015808105 4.78028249740601 5.28626871109009 6.83060646057129 8.70139217376709 8.71881008148193 8.21285438537598 5.83879041671753 7.07808351516724 7.14422225952148 9.11151599884033 8.45329570770264 5.20619058609009 4.78710842132568 4.26772260665894 2.64602875709534 1.63749718666077 1.5169450044632 1.52888083457947 1.42991364002228 1.25308477878571 1.93111908435822 2.48972964286804 1.31848549842834 0.983816623687744 1.17990124225616 1.71555852890015 5.21786165237427 8.37942504882812 11.5191659927368 10.5762596130371 12.8514490127563 12.5204563140869 13.8007621765137 10.6891059875488 8.08267593383789 8.77678298950195 9.33058452606201 9.59190368652344 8.59706211090088 7.13143014907837
2.35985565185547 4.41795110702515 5.29152393341064 4.01606369018555 5.3386812210083 4.55833435058594 4.81584930419922 4.96136951446533 4.73288106918335 5.39493656158447 6.06718111038208 5.10032987594604 6.39760875701904 7.09093761444092 8.51716995239258 7.2498607635498 4.33005857467651 4.06310081481934 3.28880023956299 1.92253470420837 1.56926167011261 1.49470341205597 1.49953043460846 1.37343394756317 1.20860838890076 1.53781652450562 5.26340484619141 3.98387312889099 0.916919887065887 1.15692055225372 3.82636547088623 10.9728803634644 13.8313035964966 13.7306699752808 13.4711256027222 13.5172119140625 14.1599359512329 13.7351045608521 10.8951044082642 8.65918159484863 8.3135986328125 8.58408164978027 8.98454093933105 8.09802722930908 6.6331729888916
2.17316365242004 2.42012119293213 3.85186386108398 3.29290580749512 4.09026288986206 4.27416276931763 4.21694898605347 3.72017192840576 2.46856832504272 2.74151086807251 3.67202401161194 3.82716012001038 5.30537939071655 5.93955659866333 6.21401739120483 5.19886779785156 3.61908459663391 2.64751005172729 1.32744574546814 1.43070709705353 1.49101102352142 1.44989275932312 1.37788331508636 2.72597360610962 4.22616195678711 3.95630264282227 3.39050436019897 5.07373905181885 3.11711525917053 4.03172254562378 3.10764932632446 10.1277847290039 12.5005359649658 11.5479907989502 12.5745878219604 13.2244739532471 13.2700662612915 12.7502279281616 9.84770011901855 6.99383068084717 7.63534736633301 7.94046545028687 8.38225841522217 7.59964227676392 6.25847053527832
1.78227365016937 1.62802982330322 1.17259359359741 1.2709653377533 2.8419349193573 3.43984818458557 3.37227487564087 2.91057157516479 2.22375869750977 2.15410232543945 2.74278664588928 3.42122936248779 3.93592953681946 4.69768571853638 4.84089374542236 4.02081060409546 2.70096707344055 1.30083525180817 1.06075167655945 1.23895013332367 1.39852893352509 1.41220009326935 1.33790767192841 2.42969369888306 4.00423717498779 4.73961067199707 3.59410500526428 5.3737530708313 8.98232173919678 9.85774230957031 11.5611295700073 9.29129981994629 11.4022665023804 11.9376182556152 12.3280448913574 12.7671117782593 11.9345483779907 10.9237680435181 7.90560865402222 6.05401849746704 6.95673656463623 7.33990478515625 7.7423791885376 7.08176183700562 5.89366865158081
0.450725913047791 0.518177211284637 0.551776885986328 0.464612871408463 0.700550019741058 2.02425098419189 2.43442583084106 2.4731719493866 3.83583045005798 2.10025930404663 2.68832588195801 3.17958641052246 3.79839444160461 4.39138698577881 4.29482555389404 3.36910057067871 2.27854776382446 1.08569526672363 1.05725359916687 1.13033807277679 1.27875089645386 1.24230992794037 1.14102280139923 1.13387608528137 2.65231537818909 3.64381217956543 3.33914136886597 4.96014928817749 10.5358085632324 13.6848983764648 15.7659673690796 12.3304309844971 11.495569229126 11.9398412704468 12.0241069793701 11.1743612289429 9.77171897888184 7.80220651626587 5.50236129760742 5.56263494491577 6.3217191696167 6.76173686981201 7.18315601348877 6.59324264526367 5.65970706939697
-0.125953331589699 -0.355047523975372 -0.163567498326302 0.0357104390859604 0.214798986911774 1.04338419437408 1.99206101894379 2.80763578414917 5.2301082611084 9.1304349899292 8.53670215606689 8.10835647583008 5.39956045150757 4.01083755493164 3.82313108444214 3.10496807098389 2.74355530738831 6.06004858016968 4.75097990036011 1.76485431194305 1.19405710697174 1.14412498474121 1.06061947345734 1.07734048366547 2.37420034408569 5.92855596542358 11.4124689102173 15.3766622543335 10.8804302215576 12.6222457885742 13.9520902633667 12.2978458404541 11.3728246688843 10.8555164337158 10.0937232971191 8.77660751342773 7.68620252609253 5.34548091888428 5.12484407424927 5.19831228256226 5.78002119064331 6.25202369689941 6.69037246704102 6.14832210540771 5.39811754226685
-0.391889661550522 -0.56347781419754 -0.473100692033768 -0.301805227994919 -0.163159132003784 0.0930502191185951 1.50357902050018 2.36969614028931 3.37474060058594 5.4007248878479 4.80221700668335 6.44549226760864 4.12762260437012 3.77538347244263 3.56797909736633 2.87816429138184 2.24839735031128 5.20075082778931 4.70946311950684 3.73099493980408 4.57530164718628 4.78918123245239 2.59511637687683 1.07346701622009 1.96801400184631 11.0105285644531 13.4646139144897 12.5488586425781 10.191442489624 11.5082664489746 12.5998735427856 10.7527141571045 9.53257369995117 9.13982105255127 8.66694641113281 7.69203901290894 6.72203350067139 4.82975149154663 4.81204175949097 5.02201700210571 5.6687593460083 5.94505071640015 6.21810388565063 5.7261848449707 5.09825897216797
2.41729855537415 0.221297025680542 0.0890382751822472 -0.373720705509186 -0.255432218313217 -0.0562190413475037 1.07434237003326 1.97656953334808 2.55357718467712 3.2111120223999 3.30234122276306 5.0989203453064 4.52252388000488 3.7441885471344 3.35201001167297 2.33384919166565 1.45211851596832 2.49865555763245 3.53957533836365 3.68415880203247 4.43696165084839 6.01357698440552 6.67909383773804 3.9633994102478 6.38982009887695 10.1953897476196 11.5774269104004 10.8738079071045 9.73497295379639 10.5380563735962 10.6652688980103 8.91999626159668 8.60667610168457 8.09349536895752 7.68518877029419 6.87654447555542 5.98902702331543 4.61589622497559 4.63155603408813 4.80895853042603 5.41561508178711 5.66754722595215 5.37716770172119 4.90551233291626 4.81035566329956
