slauniainen/Data/DEM/Vihti_dem1500b_cl_horizonAngle_24.asc
NCOLS 196 
NROWS 178 
XLLCORNER 353680 
YLLCORNER 6699024 
CELLSIZE 16 
NODATA_value -3.4e+38 
[rows 140 to 159 of 178, columns 90 to 134 of 196]
0.569950640201569 0.559845507144928 0.515852630138397 3.86258316040039 7.38397789001465 9.05250930786133 8.7912712097168 9.16505432128906 8.43771076202393 8.61884498596191 7.22990369796753 7.441819190979 6.70785093307495 5.39308881759644 3.02566289901733 0.554102301597595 -0.103971362113953 -0.16842582821846 -0.475247591733932 -0.812656402587891 -0.97775000333786 0.341968268156052 2.5604350566864 9.44119453430176 19.0051822662354 20.4672203063965 9.2216329574585 3.71189665794373 1.75226628780365 1.42504620552063 2.02785563468933 1.86047720909119 2.45071625709534 4.24284648895264 5.48081874847412 6.81584453582764 7.65277147293091 7.24099683761597 7.60512399673462 7.91740036010742 7.89609813690186 6.58563613891602 6.47995233535767 6.3713903427124 6.79934692382812
0.0656488090753555 0.211343601346016 1.83800268173218 3.38368272781372 5.82397413253784 7.71892976760864 9.06889247894287 8.88766288757324 8.41094970703125 6.32332706451416 5.99531555175781 5.82931804656982 4.97748136520386 2.83037233352661 1.57743704319 1.08119988441467 0.677492797374725 -0.330821722745895 -0.653750061988831 -0.999364495277405 -1.10090565681458 0.503938615322113 2.57380318641663 9.63709449768066 14.7288112640381 24.5380592346191 14.3012094497681 7.49143838882446 1.98187100887299 1.51292598247528 3.29417204856873 2.29084825515747 2.77077078819275 4.06628131866455 5.66384649276733 6.53087902069092 6.89547634124756 6.78221368789673 7.46953630447388 7.78903341293335 8.92934131622314 9.02568435668945 6.90171575546265 5.91509485244751 4.78557300567627
-0.456190258264542 -0.446310102939606 2.44257140159607 4.56933879852295 5.90704536437988 6.81257009506226 7.07270193099976 7.32531833648682 6.35915327072144 5.02337074279785 5.09765005111694 4.22866344451904 2.56763577461243 1.0681346654892 0.574443817138672 0.715143799781799 1.84174990653992 1.30143129825592 -1.00103187561035 -1.20085787773132 -0.864757478237152 0.452141940593719 3.22010016441345 9.41512775421143 14.0140514373779 23.4713459014893 19.5633068084717 13.014181137085 6.74072313308716 1.54250109195709 3.67748689651489 4.30416584014893 2.92416977882385 3.96800303459167 5.21205997467041 6.04621267318726 6.46617698669434 7.61951875686646 7.10392713546753 7.40641117095947 8.30271911621094 8.15256881713867 8.86134910583496 5.79675674438477 4.47747802734375
0.487773001194 0.309954732656479 1.94431495666504 3.85066890716553 5.07982683181763 5.78304767608643 5.77290010452271 5.33119916915894 4.57038879394531 4.26276588439941 3.20128631591797 2.07339930534363 0.416054725646973 -0.988674998283386 -1.3790031671524 -1.06319856643677 -1.15232157707214 0.10921847820282 0.311732441186905 1.41247010231018 1.97595500946045 0.5572350025177 3.63385653495789 9.56078910827637 14.0995922088623 17.8446102142334 19.3661499023438 15.849217414856 5.38172054290771 1.58341681957245 2.57502508163452 4.2122483253479 4.20882558822632 3.90149712562561 4.7474684715271 5.6876277923584 6.43503379821777 6.84365749359131 6.46054697036743 7.23410081863403 7.53662443161011 8.00709819793701 8.62827205657959 10.4287424087524 7.6557502746582
1.56286549568176 3.30250453948975 3.25410461425781 4.20673894882202 4.84999799728394 4.76457357406616 4.77300405502319 4.00451803207397 3.58122515678406 3.0843403339386 1.98291683197021 0.14239402115345 -1.77409362792969 -2.37345337867737 -2.39625453948975 -2.18830418586731 -1.35806882381439 -1.24473011493683 0.111478842794895 0.0517181791365147 -0.0634706169366837 0.913660109043121 4.68146133422852 9.13802337646484 12.8343019485474 16.4248142242432 13.3724031448364 11.0572071075439 4.81450080871582 1.66627526283264 2.04097008705139 3.26782989501953 3.41061115264893 4.17505598068237 5.04163217544556 5.59950113296509 6.26463222503662 6.40388870239258 6.36918497085571 6.56293773651123 6.94921731948853 7.31732082366943 8.06401252746582 7.40266275405884 5.80877637863159
1.75823533535004 1.80310893058777 2.97779226303101 3.76362681388855 4.21924352645874 4.09959077835083 3.5561203956604 2.96228933334351 2.64588093757629 1.63188982009888 0.186739638447762 -2.38599014282227 -2.95949077606201 -3.20406746864319 -3.25138473510742 -2.73136401176453 -2.49884343147278 -1.19729006290436 -0.36343640089035 -0.408566057682037 0.0949099585413933 0.783359110355377 5.17385482788086 8.84689331054688 11.4615230560303 13.1079378128052 9.80361175537109 5.72580575942993 4.87981414794922 1.82446432113647 1.86124217510223 2.72270846366882 3.6006908416748 4.50560855865479 6.47547483444214 5.63768005371094 5.90552949905396 5.75971651077271 6.08128452301025 5.96216678619385 5.80690050125122 6.000563621521 6.51689052581787 6.19572591781616 5.09582376480103
1.52897703647614 2.58782982826233 3.27138304710388 3.66008949279785 3.51500344276428 2.92920565605164 2.30377078056335 2.10459184646606 1.20554375648499 -0.213373422622681 -1.6002242565155 -3.146733045578 -3.53750467300415 -3.65590286254883 -3.6306164264679 -3.47114682197571 -2.9590892791748 -2.66767072677612 -0.99115663766861 -0.347343146800995 0.509106516838074 3.05072736740112 5.3398175239563 8.03030681610107 11.2924709320068 9.28787994384766 6.08527755737305 5.13907146453857 4.55849075317383 1.87481391429901 4.21265697479248 3.61500453948975 4.28974008560181 6.5627179145813 7.67083168029785 6.09044027328491 5.75928354263306 5.74298858642578 5.84978771209717 5.79832744598389 5.15847873687744 4.99558448791504 4.69362783432007 4.14479112625122 2.99497079849243
1.3919757604599 2.30934023857117 2.84669733047485 3.0981342792511 2.62281942367554 2.10770392417908 1.90796411037445 1.51094329357147 -0.137487173080444 -1.58744668960571 -2.98074793815613 -3.52628064155579 -3.73590016365051 -3.78145599365234 -3.74014592170715 -3.67300939559937 -3.42350196838379 -2.41665554046631 -0.780825793743134 -0.14180900156498 1.23104774951935 2.93811893463135 5.31314516067505 7.74133157730103 9.30197715759277 8.19645881652832 4.83095169067383 4.46382713317871 2.70286154747009 1.82068371772766 3.86455106735229 4.45466756820679 5.0788893699646 6.77472448348999 5.48426151275635 5.71351766586304 5.40055847167969 5.4518609046936 5.41108465194702 5.21791934967041 4.79405164718628 4.26732969284058 3.83285570144653 3.53006649017334 3.45640254020691
1.24800086021423 1.99661755561829 2.24706602096558 1.90564143657684 1.15121865272522 0.846409678459167 0.690641582012177 0.450047671794891 -0.807669937610626 -2.26906275749207 -0.848456263542175 -1.91560280323029 -3.84390830993652 -3.64433813095093 -2.96939992904663 -1.54868233203888 -3.53150153160095 -2.01025700569153 -0.940614581108093 0.159845232963562 0.627308785915375 3.02057027816772 5.00006198883057 7.69050216674805 8.56183815002441 10.7180070877075 4.48442697525024 2.99667716026306 1.69722008705139 2.12740540504456 2.86298608779907 3.74702763557434 4.31581115722656 4.88126087188721 5.35479974746704 5.5129017829895 4.97514724731445 5.07026529312134 5.00259017944336 4.69099712371826 4.51384925842285 3.99975204467773 3.46330094337463 3.25858640670776 4.60821723937988
1.71155476570129 1.88454008102417 1.12447929382324 -0.00242161867208779 -0.530542075634003 -0.534767627716064 -0.710308372974396 -0.905594766139984 -2.04670190811157 -0.306759774684906 3.92605590820312 0.332832604646683 -0.843030393123627 -3.29234766960144 -1.4215897321701 -0.0902130603790283 -1.09125030040741 -1.67893862724304 -0.768775224685669 0.105824418365955 1.44746971130371 3.3059401512146 5.07799911499023 6.75078439712524 8.23908710479736 11.7691783905029 3.80586838722229 2.37097692489624 1.60258638858795 2.10268592834473 3.11570477485657 3.67390275001526 4.3075795173645 4.72960042953491 5.2005786895752 5.22342443466187 5.00302648544312 4.71762466430664 4.61603832244873 4.42948722839355 4.54543447494507 7.10736894607544 5.28196144104004 3.93802213668823 5.20188426971436
0.621281206607819 0.899451494216919 0.184359833598137 -1.22958695888519 -0.91284966468811 -1.05849671363831 -1.1557275056839 -1.44084084033966 -2.30282759666443 0.393175959587097 2.96037745475769 0.296618938446045 -0.624081671237946 0.684871435165405 0.728222846984863 1.67515921592712 5.09515285491943 2.87391662597656 0.25785157084465 0.102759063243866 1.88496196269989 3.80908155441284 5.10301399230957 6.18409013748169 8.44539070129395 11.3046817779541 6.86244249343872 4.37512731552124 2.36160659790039 3.21391725540161 3.52571272850037 4.0399603843689 4.18395519256592 4.47971677780151 4.91011571884155 4.95827007293701 4.98651742935181 4.72688913345337 4.35689544677734 4.01660919189453 4.42654228210449 6.31324434280396 6.40641164779663 5.43432760238647 5.59442472457886
0.0495168529450893 0.0805454775691032 -0.0211787167936563 -1.13308024406433 -1.24446880817413 -1.13798904418945 0.230886459350586 1.40240752696991 0.0720752030611038 1.93909621238708 4.0192346572876 6.11734437942505 2.5180344581604 5.11480331420898 5.85840606689453 6.6921648979187 6.52350950241089 6.30988597869873 3.26035046577454 2.01006460189819 2.48761606216431 3.9398946762085 5.26432847976685 6.25335693359375 9.11274528503418 14.2102518081665 9.93209552764893 7.83324956893921 7.81490755081177 5.27345561981201 3.41420388221741 3.9292905330658 4.01844835281372 4.04171085357666 4.25690841674805 4.84255456924438 5.2589054107666 4.97858476638794 4.2671275138855 3.84069490432739 3.79582762718201 4.67028665542603 5.23750829696655 4.77070093154907 5.57001304626465
-0.131506353616714 -0.318765103816986 5.4243597984314 8.20173358917236 4.68680334091187 5.2660870552063 7.56706619262695 6.68986558914185 2.02142190933228 1.92532980442047 6.06882429122925 5.07536172866821 3.88065123558044 4.6619439125061 6.54724025726318 6.55438613891602 5.26356744766235 3.25204467773438 3.58253931999207 1.38942515850067 2.89751148223877 4.00498676300049 5.04098749160767 6.08855819702148 9.26028156280518 14.0314874649048 12.5922107696533 10.0549354553223 7.64128541946411 5.19515562057495 3.36118173599243 3.83976292610168 3.90330767631531 3.76250576972961 3.99683284759521 4.61539888381958 4.71337938308716 4.352783203125 3.89945769309998 3.50194931030273 3.58376407623291 4.98872184753418 6.73584651947021 8.83856964111328 5.65477800369263
4.38182830810547 2.55236387252808 8.66773700714111 11.0175762176514 14.8694553375244 11.6123085021973 9.02293968200684 11.6638669967651 5.28381395339966 2.3501558303833 3.84504318237305 3.80568194389343 3.08388066291809 2.70648312568665 4.70729207992554 1.69107341766357 -1.46591258049011 -0.714184165000916 -0.300945460796356 1.60476732254028 2.87043762207031 4.02991819381714 5.03564977645874 6.51806306838989 10.5089511871338 13.3440084457397 11.3658094406128 8.19282531738281 5.81859588623047 4.51367282867432 3.60776662826538 3.73768544197083 3.83304762840271 3.58559274673462 3.89278769493103 4.25794696807861 4.71635007858276 4.28707456588745 3.80793261528015 5.07409143447876 6.36877298355103 7.73262119293213 8.71724891662598 6.40447092056274 5.64469718933105
5.79662227630615 7.54985666275024 8.23851776123047 11.0997447967529 10.0236949920654 7.7361888885498 7.07002210617065 14.8131656646729 11.1256494522095 3.58658313751221 2.94897770881653 2.27025032043457 1.86317729949951 0.786740005016327 1.94893908500671 0.767967820167542 -1.27396440505981 -0.902509987354279 -0.382685393095016 1.86036086082458 2.88057780265808 4.00120687484741 4.93708753585815 6.53401470184326 9.76237297058105 11.8016757965088 10.0760078430176 6.39883995056152 5.1019172668457 4.17743873596191 3.83153319358826 3.70112371444702 3.67153549194336 3.47558379173279 3.76479554176331 4.06430864334106 5.24303340911865 8.21433925628662 8.10120677947998 10.0065584182739 10.6118955612183 7.4770565032959 7.84966897964478 7.47079849243164 8.2467737197876
3.44637107849121 6.67637825012207 7.60430192947388 8.75381374359131 8.02333545684814 5.05064249038696 7.19593811035156 14.3323879241943 14.0669708251953 3.2250280380249 2.10560774803162 1.77642273902893 1.13649153709412 1.22629606723785 0.458733022212982 0.718826055526733 -0.928988218307495 -0.933528244495392 -0.0820206925272942 1.95444822311401 3.18318462371826 4.1721339225769 4.63957452774048 7.05048751831055 8.851975440979 10.2885236740112 10.078423500061 5.42991304397583 3.68700170516968 4.09479093551636 6.10764741897583 5.95982694625854 4.14844131469727 5.88268327713013 4.90742158889771 4.07299137115479 5.61618947982788 9.88876056671143 9.25223827362061 10.3505296707153 9.02499103546143 7.5625171661377 6.81232166290283 8.15764427185059 7.73833513259888
3.11361050605774 5.29556751251221 6.75772285461426 6.44701099395752 5.84052658081055 5.54648160934448 7.50410318374634 10.3340272903442 15.6779651641846 6.56959390640259 2.50350046157837 0.944164037704468 0.265200704336166 1.08450448513031 0.82781594991684 3.86574792861938 3.45170259475708 3.52742743492126 3.60792922973633 1.99762392044067 3.26566910743713 4.07696008682251 4.59356784820557 6.55272817611694 8.63338470458984 9.1463565826416 11.0412950515747 6.15613651275635 3.26829767227173 4.51160907745361 6.89188766479492 11.080376625061 13.2379693984985 12.9109563827515 6.99919557571411 9.39632320404053 8.5394811630249 10.3186178207397 14.5290260314941 13.6772899627686 7.98490238189697 8.68973922729492 10.5834131240845 11.6340637207031 10.9875717163086
3.36400246620178 4.92039012908936 5.54396438598633 5.52507591247559 5.12463617324829 6.56883764266968 9.15982627868652 11.1105270385742 16.9612789154053 12.1569490432739 6.34642887115479 3.40509676933289 2.83265542984009 3.89639735221863 2.77386546134949 3.45156645774841 4.89611196517944 7.29294776916504 5.89779472351074 2.14588856697083 3.24897313117981 3.71710109710693 5.03370571136475 6.63009929656982 7.71679735183716 8.40247440338135 11.1108627319336 8.57761096954346 7.01367521286011 8.04183101654053 8.61726951599121 10.9713754653931 13.7721452713013 12.3282661437988 10.8734474182129 12.388747215271 12.2493133544922 11.3541011810303 14.0189113616943 12.8436059951782 13.2098255157471 12.5151700973511 20.0480442047119 20.7236480712891 23.0472030639648
2.69533348083496 4.18627738952637 4.57026147842407 4.39091348648071 4.84138488769531 7.31324195861816 9.39566421508789 12.265832901001 16.0268268585205 15.5424966812134 13.0714731216431 6.39416408538818 3.56201934814453 3.59429550170898 2.78141570091248 3.05625295639038 3.59497594833374 4.84818458557129 3.91127252578735 2.91495680809021 3.29470872879028 3.81974983215332 4.80141639709473 6.54201030731201 7.45989036560059 8.44476318359375 9.91837882995605 9.94985294342041 4.78389072418213 6.02089929580688 7.02654647827148 10.9118213653564 12.0995445251465 13.7670936584473 11.7503604888916 12.202784538269 13.6002464294434 12.5664806365967 11.0684089660645 11.6293039321899 15.220947265625 23.2839279174805 23.1975421905518 23.3667469024658 25.0512561798096
1.69796884059906 3.36621642112732 3.79157996177673 3.83055734634399 5.11058807373047 7.51371669769287 10.0839710235596 13.3921890258789 13.7367353439331 15.9720258712769 13.3686790466309 10.2299489974976 7.09437465667725 6.24053764343262 2.98741006851196 1.97632360458374 4.26892900466919 8.07908725738525 7.66970443725586 7.26746320724487 6.09562683105469 3.87383913993835 4.89892053604126 5.98286008834839 6.82572746276855 7.8588433265686 8.3475170135498 7.71225881576538 4.1556396484375 4.74098491668701 5.91897058486938 8.79236316680908 10.6227922439575 13.0494937896729 16.0719051361084 10.7954092025757 9.8387279510498 9.85039520263672 9.19648551940918 12.7359895706177 19.9370346069336 20.242395401001 18.8267383575439 19.8529758453369 18.6353969573975
