slauniainen/Data/DEM/Vihti_dsm1500b_cl_horizonAngle_348.asc
NCOLS 196 
NROWS 178 
XLLCORNER 353680 
YLLCORNER 6699024 
CELLSIZE 16 
NODATA_value -3.4e+38 
[rows 60 to 79 of 178, columns 135 to 179 of 196]
1.5781774520874 -0.301417529582977 -0.620107591152191 -0.8234983086586 -0.467488765716553 -2.7121148109436 -1.96843004226685 -1.42208671569824 -2.66310358047485 -1.97281873226166 -2.16651272773743 -2.34932899475098 3.34382176399231 40.8369369506836 4.44799900054932 26.4424781799316 8.8662109375 20.7921543121338 7.14431381225586 7.98804807662964 4.60492515563965 47.079158782959 45.5615005493164 8.14474010467529 23.2429313659668 17.600793838501 15.8257122039795 10.0752115249634 12.2800693511963 11.1391792297363 32.5672874450684 8.49662208557129 1.45702946186066 -0.996851563453674 -2.88575720787048 -2.92429757118225 0.718238711357117 -1.9207489490509 0.576590597629547 7.40919733047485 9.76812267303467 9.26579284667969 8.07454872131348 13.020224571228 20.7936477661133
1.45866012573242 -0.367383807897568 -0.69561505317688 -0.829612791538239 -0.671745657920837 43.2296333312988 27.5719547271729 5.98775148391724 35.8533401489258 32.6017837524414 40.6209144592285 43.8132438659668 35.0673484802246 20.4737739562988 4.45669841766357 -0.808651506900787 6.75614786148071 9.26134204864502 25.098123550415 29.3031120300293 33.7653388977051 30.4535903930664 29.5489463806152 48.5194854736328 11.0286750793457 22.4889316558838 12.9167728424072 9.2730541229248 9.36895370483398 6.26057386398315 18.40456199646 -1.25704371929169 -2.33430576324463 -2.81816267967224 7.25049924850464 -3.14884495735168 -2.86421489715576 7.91713047027588 -3.05394077301025 5.61289405822754 3.60252237319946 5.2820520401001 3.84857320785522 10.7652101516724 12.8138275146484
1.26804506778717 -0.462361395359039 -0.03237509354949 0.957284867763519 1.34899985790253 25.7447738647461 15.1383237838745 0.348014354705811 9.49053764343262 -2.82562041282654 7.09896183013916 6.09549570083618 -2.37095856666565 11.5116424560547 10.6010837554932 -1.39005053043365 32.4990844726562 11.0779523849487 12.9385194778442 27.0390567779541 40.9158210754395 21.3838844299316 22.2650394439697 32.8536949157715 15.2922697067261 12.9942102432251 8.04475021362305 6.69566869735718 6.63682985305786 5.14987993240356 8.31960201263428 18.9393348693848 -2.85331869125366 -2.9016444683075 0.790288805961609 10.1655378341675 -3.43444013595581 -3.44897961616516 -3.6380569934845 -1.2932767868042 0.921807885169983 4.01600360870361 11.6506853103638 7.76780462265015 6.84537935256958
1.24533021450043 0.781617343425751 0.484672337770462 0.644838273525238 0.573532342910767 0.530383169651031 16.3532047271729 9.12115669250488 -1.03321635723114 15.6905488967896 5.76813411712646 14.814998626709 15.1144123077393 -3.50080394744873 7.08809661865234 -1.46499633789062 16.2465114593506 9.30702972412109 7.59277725219727 13.8500623703003 24.7780723571777 25.7488918304443 18.3344745635986 17.6872863769531 8.27731704711914 5.45957469940186 3.9227020740509 3.78011345863342 3.57791900634766 6.12664604187012 5.7865104675293 8.70985698699951 10.0468425750732 -3.09725189208984 -3.45961904525757 -1.08197009563446 4.21410799026489 -0.238109946250916 6.61596059799194 27.0268001556396 20.7425746917725 17.7600059509277 17.5915298461914 7.23221874237061 8.68159198760986
1.0920524597168 1.12689805030823 0.394245952367783 0.464551955461502 0.0714536234736443 -0.132487758994102 12.6462936401367 6.90898609161377 22.5796184539795 0.439321458339691 -2.87992095947266 -2.49551701545715 13.4802513122559 7.9376974105835 -3.48390364646912 -2.11050391197205 -2.50429034233093 0.543363034725189 5.99791765213013 6.47016668319702 13.3138818740845 20.3687992095947 15.0393199920654 8.47436046600342 5.963294506073 4.15701103210449 3.23754358291626 3.28875827789307 10.3334226608276 4.94590473175049 4.92613935470581 2.06455993652344 13.6052713394165 -3.18438649177551 8.81570434570312 -3.53313517570496 15.524881362915 0.896894514560699 5.20767116546631 13.1622228622437 12.7601137161255 17.1366348266602 13.2230625152588 12.536096572876 4.5508017539978
1.14004528522491 1.07030987739563 0.0674139335751534 0.235141605138779 0.377717643976212 -0.13438355922699 10.1156959533691 5.24804544448853 -2.83331036567688 5.70705223083496 -1.63362431526184 33.5111122131348 2.27919912338257 14.4430952072144 12.96169090271 -3.28470826148987 38.2428512573242 2.34820008277893 -3.55829977989197 -0.658827602863312 10.2134122848511 16.2621726989746 11.9490079879761 16.4110221862793 42.9746208190918 3.53972125053406 2.63730788230896 2.94971632957458 10.4737701416016 5.74299049377441 3.80764412879944 13.0435247421265 -2.30934929847717 -3.51072430610657 -3.69305467605591 1.8222644329071 -2.6023633480072 -0.254207044839859 4.8165111541748 5.78435468673706 9.54484748840332 10.2464714050293 8.34441757202148 8.93200016021729 5.7426586151123
1.47957921028137 1.01425099372864 -0.185942053794861 -0.0418141447007656 0.18606735765934 -0.192620858550072 8.27674770355225 -2.90629196166992 -3.25350427627563 0.81821471452713 -1.57045722007751 8.59603881835938 2.21804642677307 11.080207824707 13.1416482925415 1.75791049003601 3.90400362014771 0.78214418888092 -4.01762104034424 -4.78936624526978 1.93340027332306 12.8296918869019 10.2186250686646 17.7098045349121 24.1906890869141 44.6982002258301 13.0113010406494 19.0047206878662 20.0426044464111 18.3660373687744 7.40282964706421 -1.91186904907227 -3.03811073303223 -3.97004723548889 10.3541831970215 4.46215724945068 -1.38968729972839 1.45723164081573 5.0912389755249 2.62505769729614 -0.461030423641205 0.100544065237045 8.28213310241699 6.49270009994507 7.79825735092163
2.13538527488708 0.957712411880493 0.606446743011475 -0.106567561626434 0.0556744299829006 -0.228600651025772 6.87086820602417 -3.03638482093811 -1.39560151100159 -1.83031821250916 11.09778881073 -2.17309808731079 4.32339429855347 11.2653350830078 7.14353275299072 4.96226119995117 -2.6284658908844 1.22559690475464 -0.0389812514185905 -0.931386351585388 -3.78962445259094 3.25737547874451 8.09312534332275 9.8459939956665 10.315502166748 30.1495590209961 2.98933243751526 14.3694686889648 9.91661548614502 5.98375034332275 2.61260962486267 18.3534469604492 -1.08418023586273 1.00908064842224 7.02434110641479 -0.390131652355194 1.37426555156708 -4.04488372802734 -3.73516869544983 -0.0753586664795876 11.6239995956421 2.80284428596497 3.20228791236877 0.943526566028595 4.61989784240723
1.97427594661713 0.823163747787476 0.86771285533905 -0.214486718177795 -0.136213913559914 -0.405316799879074 -3.25057864189148 -3.12817811965942 -3.43737125396729 -3.37774443626404 -2.01391315460205 -3.02279305458069 -0.438503861427307 -3.13745594024658 -1.36635005474091 -4.43016386032104 -5.00121307373047 -3.83795714378357 -1.10485923290253 -2.32885217666626 -4.40433311462402 -3.40501642227173 3.0553035736084 7.53500938415527 9.61999797821045 14.8974609375 17.5947761535645 11.664888381958 9.49074745178223 2.59928607940674 5.77934122085571 15.7016324996948 4.57888460159302 9.46406269073486 -4.15491437911987 -2.04904818534851 -2.94596743583679 4.52600479125977 -2.8799774646759 -0.457335948944092 -2.72527408599854 -1.80648863315582 0.0536892600357533 1.21762526035309 3.99748563766479
2.23826122283936 0.830635249614716 0.775727391242981 -0.469806551933289 -0.534244894981384 -0.716358780860901 9.47358417510986 -3.31553077697754 -3.55354523658752 -3.70374369621277 -3.51537847518921 -3.81659412384033 -3.68953990936279 -3.96500968933105 -4.4781641960144 -4.92875337600708 1.04180598258972 -4.94515514373779 -2.96444082260132 -1.98194742202759 -2.68458247184753 6.43987846374512 1.86771857738495 3.42999315261841 8.59505081176758 12.6786775588989 40.6000061035156 8.57100009918213 1.90794801712036 5.99708271026611 1.05424189567566 5.32956457138062 7.76349306106567 17.4276351928711 14.4468002319336 -2.52442145347595 -3.2754647731781 12.6224012374878 -1.61475360393524 -4.08689785003662 -4.18167638778687 -3.83144021034241 -2.54869413375854 0.232934609055519 1.60835897922516
2.04370641708374 1.01189625263214 0.649380922317505 -0.665246725082397 -0.768854260444641 -0.982301473617554 2.00263428688049 8.23184680938721 9.670485496521 -1.26743805408478 -3.99211645126343 -4.26960897445679 -4.01284551620483 -4.04543113708496 1.09527039527893 -2.51727080345154 20.2001132965088 -5.12838268280029 -5.17057466506958 -5.19439888000488 -5.43346309661865 -3.04834628105164 0.0595217421650887 3.06843423843384 5.8264594078064 11.0817747116089 26.5674514770508 11.6065578460693 2.36790370941162 1.85715961456299 8.28617477416992 14.0112886428833 26.3886432647705 7.24023389816284 1.05755925178528 9.49735641479492 -4.12113571166992 -4.50012874603271 -4.15094470977783 -4.55624723434448 -4.44518613815308 4.75107717514038 -1.66972148418427 13.3364744186401 4.304114818573
0.961864650249481 0.80542379617691 0.485223829746246 -0.820306956768036 -0.936310708522797 -3.82129049301147 -3.72142195701599 3.82347130775452 2.83374285697937 0.618512451648712 3.93376636505127 14.0900497436523 -4.36336231231689 -4.51235914230347 -5.18297147750854 11.9705944061279 -5.27258825302124 16.8231353759766 -5.18628740310669 -5.42571544647217 -4.08171939849854 -1.1132298707962 7.622642993927 2.55948758125305 4.41750526428223 4.90989923477173 13.7456607818604 35.212158203125 44.9242095947266 28.6593322753906 16.5569458007812 7.10732316970825 11.4153308868408 6.11900806427002 24.8529510498047 0.952607572078705 -4.3355450630188 12.4250068664551 -4.36590957641602 6.36918878555298 2.47705483436584 9.19410800933838 15.1516990661621 -0.227461919188499 0.87774133682251
0.419047623872757 -0.74683403968811 -1.64787065982819 -2.06192111968994 -3.5357346534729 1.82571160793304 -3.94982028007507 -1.41583025455475 -3.666020154953 1.8448246717453 3.57635879516602 1.21248352527618 2.84157848358154 -4.87476968765259 33.3291549682617 0.831506252288818 -5.43987703323364 -4.44855928421021 -1.16638052463531 7.5418176651001 12.48854637146 9.45483303070068 4.60589456558228 1.74339151382446 1.4330188035965 4.00483465194702 3.59352564811707 22.4341716766357 36.5346565246582 31.434663772583 9.68853092193604 14.2287912368774 7.35861444473267 5.27302694320679 7.47745132446289 -0.437372148036957 10.8205938339233 4.67053365707397 5.04466819763184 5.30009174346924 10.9269733428955 14.8951015472412 14.5374479293823 19.4157047271729 6.41893100738525
0.0424340702593327 -1.45170605182648 43.5558242797852 -2.65207076072693 9.82406711578369 8.94598293304443 8.50647068023682 -3.38733863830566 -4.158851146698 -1.78488981723785 -3.83238554000854 0.97679728269577 3.58743238449097 23.021053314209 2.30058312416077 -0.2703478038311 6.29550504684448 8.13697910308838 -3.58748126029968 23.8422660827637 10.2494611740112 16.1806240081787 5.1265172958374 4.3218789100647 1.36771607398987 2.93968081474304 3.33504819869995 7.47404146194458 16.9913959503174 27.8972587585449 28.2443981170654 11.0961637496948 11.8753080368042 4.27012968063354 21.3473072052002 23.0636444091797 5.55486631393433 2.59785938262939 4.54809379577637 9.44046688079834 11.0870590209961 20.8140392303467 29.0744819641113 29.8316917419434 3.63720321655273
-3.50045800209045 -0.830318093299866 23.1611766815186 19.948034286499 -3.39196228981018 -3.91513681411743 -1.49958348274231 -3.99031686782837 -4.22946548461914 -4.35427236557007 -4.74743795394897 -4.33603715896606 -4.40153741836548 -5.20688104629517 -5.3989143371582 -5.70709848403931 7.63058185577393 -2.40121054649353 16.8329620361328 11.8772621154785 6.5065541267395 6.5495719909668 4.90860891342163 11.5252571105957 1.3597264289856 10.4311685562134 20.2732791900635 4.82786226272583 7.71994686126709 23.1382007598877 26.173921585083 30.3690490722656 3.73380279541016 5.06018733978271 -0.344429582357407 8.51263332366943 4.24769258499146 24.0872592926025 29.3101291656494 16.9186553955078 9.72205257415771 21.0777282714844 17.2912006378174 16.239013671875 42.5822563171387
-3.78875112533569 -1.3460214138031 -1.58543491363525 13.6165418624878 -4.07883262634277 -4.25690126419067 -3.80135416984558 -3.34779143333435 -4.38202047348022 -4.47489738464355 -4.84356641769409 -5.19989013671875 -5.41252899169922 -5.59215688705444 -5.69164800643921 21.3348255157471 -5.38751554489136 -5.15438604354858 3.48557353019714 7.10387372970581 5.57809448242188 6.53685855865479 2.58783173561096 4.18122673034668 1.63558495044708 6.07816648483276 13.9749364852905 48.722469329834 27.9002933502197 20.4043064117432 19.5738830566406 21.6600933074951 42.5274810791016 35.2835693359375 46.4128494262695 5.83413171768188 3.29743432998657 13.5537767410278 15.4831504821777 12.672435760498 33.6454811096191 33.2534599304199 21.5697574615479 23.5458488464355 38.980640411377
-3.17223525047302 8.10652542114258 -2.21517491340637 -2.43822264671326 10.4506740570068 11.4080696105957 9.30851936340332 -1.91841840744019 -4.4720664024353 -4.75182342529297 -4.87910652160645 -4.8463077545166 -5.57067155838013 -4.17384099960327 -3.98287796974182 -0.933016955852509 1.44247150421143 5.88361883163452 9.44540596008301 2.07760977745056 1.0355783700943 3.2992627620697 9.98237133026123 6.3749737739563 13.4078369140625 10.0937747955322 13.3560523986816 15.255654335022 20.008638381958 17.7630653381348 17.3386268615723 16.255651473999 25.7670288085938 27.0667247772217 38.183219909668 52.4074020385742 51.2405433654785 50.4970169067383 39.7146301269531 45.3905868530273 41.7258834838867 29.5957221984863 34.1467895507812 32.6672821044922 22.6171951293945
-3.48052072525024 -0.163721352815628 6.90169429779053 20.6201286315918 4.96933031082153 -4.48967552185059 -2.84699034690857 -3.38211059570312 22.7491683959961 -0.0843063294887543 -5.05422210693359 -5.44857168197632 2.90537548065186 11.1961488723755 0.678249835968018 -0.475271910429001 1.49221074581146 5.046226978302 -2.23139262199402 1.88892900943756 0.408246606588364 3.86660718917847 5.07970523834229 5.41335391998291 4.73098182678223 12.7215280532837 25.3079853057861 39.5487213134766 22.8081684112549 15.6979007720947 15.2927312850952 13.6839284896851 13.7161741256714 19.0527114868164 19.9109516143799 35.5514450073242 40.2957954406738 37.7942352294922 36.3991088867188 35.763988494873 27.0795917510986 28.0072956085205 19.2438774108887 20.2655143737793 20.8797817230225
-3.24640393257141 1.40967965126038 9.77421569824219 7.79294443130493 4.06035375595093 25.9959697723389 1.28481876850128 -4.29086399078369 2.09634733200073 22.8760452270508 21.5536212921143 24.199312210083 32.280330657959 18.1447315216064 6.57261896133423 16.1805839538574 -0.292530804872513 1.64410519599915 18.5748596191406 7.0586109161377 18.1531200408936 14.6674165725708 4.85708713531494 5.76014518737793 3.34178781509399 13.1107110977173 30.4961032867432 23.1965255737305 18.1707630157471 11.5188961029053 13.9706220626831 13.696063041687 11.7491359710693 15.6879501342773 16.8783168792725 23.8548450469971 26.4231472015381 30.4113540649414 28.5584335327148 27.3648147583008 26.1880836486816 22.4071235656738 16.3855381011963 16.0047264099121 16.2924671173096
7.78954982757568 -0.260203421115875 2.19319581985474 -0.740778684616089 -2.46458792686462 21.0632495880127 0.496601670980453 -4.39844179153442 -4.68225193023682 14.1616182327271 17.7921810150146 23.4189510345459 23.9620914459229 13.4223356246948 27.2134342193604 9.44968605041504 9.89184379577637 3.27393388748169 5.15273571014404 11.7497682571411 10.3342237472534 9.72560214996338 15.2522773742676 9.3248176574707 12.5224189758301 12.7221784591675 24.6134433746338 10.0968255996704 16.1970901489258 9.44486522674561 12.7124643325806 12.5685386657715 10.6776657104492 13.5070476531982 14.6278991699219 20.5980911254883 22.245023727417 25.5239181518555 23.9857788085938 22.9055500030518 21.6220321655273 18.9302539825439 15.6648578643799 14.643349647522 14.4674596786499
