slauniainen/Data/DEM/Vihti_dsm1500b_cl_horizonAngle_168.asc
NCOLS 196 
NROWS 178 
XLLCORNER 353680 
YLLCORNER 6699024 
CELLSIZE 16 
NODATA_value -3.4e+38 
[rows 20 to 39 of 178, columns 92 to 137 of 196]
3.42839622497559 3.2283341884613 3.08899664878845 2.07097840309143 1.94487404823303 1.38412237167358 2.71115946769714 2.11414837837219 1.97421097755432 3.06753706932068 3.4778254032135 3.84937953948975 4.1882700920105 4.7419810295105 4.79878664016724 4.72295331954956 4.26057720184326 3.64863443374634 3.59132218360901 3.94244790077209 3.25295805931091 3.56892538070679 2.99289274215698 3.38475012779236 2.67838072776794 2.15790915489197 2.85253071784973 2.96536064147949 2.99614858627319 2.85243654251099 3.27947402000427 2.91639471054077 5.87873363494873 4.48166179656982 7.08452272415161 9.75779438018799 11.9005708694458 3.55455231666565 1.70767211914062 2.87928771972656 4.10794544219971 8.69762516021729 6.40115785598755 7.68430995941162 4.38468027114868 3.27070784568787
3.77664995193481 3.32122206687927 3.18756866455078 2.26198434829712 1.87202155590057 2.52617049217224 2.80174565315247 2.49266862869263 2.04786205291748 3.18093943595886 3.58823323249817 3.68041944503784 4.29441165924072 4.86379718780518 4.72760629653931 4.95585107803345 4.3470983505249 3.70881128311157 3.66287803649902 4.02420806884766 3.3121337890625 3.62738752365112 3.05385780334473 3.11696767807007 3.47171258926392 2.74698352813721 2.73735666275024 3.01997470855713 3.06444334983826 3.02072668075562 3.36362099647522 3.02197599411011 6.12268257141113 4.65730142593384 4.39028263092041 18.9403285980225 13.0232906341553 4.71589612960815 1.71935844421387 11.9416275024414 8.85296058654785 10.5571041107178 13.891152381897 14.0763416290283 8.86178112030029 3.18060779571533
3.93168210983276 3.40948009490967 3.30930042266846 2.33912086486816 1.9425333738327 2.59859895706177 2.90031147003174 2.58023881912231 2.14393973350525 3.27483916282654 3.41610169410706 3.75853157043457 4.12053537368774 4.98166704177856 4.84640121459961 5.07041358947754 4.43244695663452 4.13001585006714 3.73069214820862 4.1039719581604 3.37809586524963 3.70661520957947 3.29052305221558 3.28328943252563 3.54684352874756 3.21249198913574 3.09172177314758 3.2796745300293 3.51282930374146 3.08753156661987 3.45675945281982 2.98134255409241 3.58502125740051 6.4591908454895 4.7429780960083 4.02909803390503 4.80029392242432 23.5606269836426 9.26156234741211 3.25057864189148 3.12817811965942 3.43737125396729 3.37774443626404 2.94886612892151 3.02279305458069 14.3321104049683
4.08428144454956 3.54906535148621 3.48845529556274 3.4224796295166 2.31676506996155 2.1942834854126 2.72408246994019 3.08969044685364 2.73850798606873 3.22995352745056 3.4332263469696 3.832759141922 4.20573711395264 4.84278154373169 5.14695405960083 5.16320514678955 4.69180965423584 4.55759525299072 3.86833047866821 4.18225193023682 3.72712087631226 3.78605937957764 3.35723662376404 3.34133291244507 3.61086368560791 3.90450572967529 4.01326274871826 4.06779479980469 4.1075005531311 3.98264360427856 3.41764760017395 3.57362127304077 3.52694725990295 6.71769237518311 5.1330680847168 4.090744972229 14.0617561340332 12.4416131973267 17.7214679718018 3.75151085853577 3.37766623497009 4.34197092056274 3.70374369621277 3.51537847518921 3.81659412384033 3.68953990936279
4.2653169631958 3.8466637134552 3.63530588150024 3.50922179222107 2.38884830474854 2.26388931274414 2.79784202575684 3.20866012573242 2.81291103363037 2.39088869094849 3.49420547485352 3.90204620361328 4.28275299072266 4.65102005004883 5.24588632583618 5.25525045394897 5.17901515960693 4.64421796798706 3.93811464309692 3.91860461235046 4.3064022064209 3.59387969970703 3.88180470466614 3.43552446365356 3.82248759269714 3.97803640365601 4.08310461044312 4.1397762298584 4.17988014221191 4.14222955703735 4.30596208572388 3.66974806785583 3.62429428100586 7.03218078613281 5.08897829055786 5.33898067474365 1.35410964488983 1.14001870155334 1.31041634082794 3.51783442497253 3.56456637382507 27.81982421875 10.3394861221313 3.99211645126343 4.26960897445679 4.01284551620483
4.08300161361694 4.59696912765503 3.718674659729 3.59166026115417 2.48265933990479 2.19318056106567 2.8817241191864 3.30713725090027 2.84403300285339 2.58067965507507 3.53303337097168 3.95548415184021 4.33657693862915 4.73022031784058 5.34229612350464 5.35560750961304 5.28054904937744 4.74020624160767 4.01012182235718 3.98686838150024 4.38186502456665 3.85717105865479 3.94661211967468 3.8359227180481 4.14432668685913 4.01940631866455 4.2463583946228 4.40122365951538 4.2382698059082 4.29573059082031 4.70719432830811 4.16672563552856 3.46361899375916 7.31545305252075 5.43457078933716 5.60208463668823 5.56367301940918 2.70363211631775 3.82129049301147 3.72142195701599 3.88163566589355 3.31553077697754 20.9886512756348 11.9054069519043 4.67493963241577 4.36336231231689
4.21838998794556 4.82132768630981 3.80580520629883 3.71596550941467 2.64432072639465 2.26046061515808 2.93356704711914 3.34589433670044 2.85886812210083 2.40102958679199 3.55672812461853 3.98813962936401 4.04330682754517 4.45365142822266 5.44188547134399 5.29505014419556 5.4983286857605 4.82843399047852 4.35593461990356 4.05750417709351 4.46651744842529 3.90889930725098 4.01152229309082 3.99094986915588 4.2200756072998 4.42978191375732 4.54810762405396 4.62534809112549 4.42412090301514 4.64443445205688 4.78375768661499 4.51678609848022 3.39430832862854 7.67579126358032 5.68288135528564 5.40125942230225 5.95383548736572 3.5357346534729 3.85683989524841 4.43726015090942 4.61967706680298 3.666020154953 3.58493566513062 14.2378530502319 9.65416717529297 4.70765686035156
4.35743618011475 5.06439399719238 3.97788548469543 3.89732813835144 3.82642245292664 2.5944356918335 2.95463252067566 3.38918685913086 2.8868420124054 2.41905069351196 3.5867395401001 3.7192976474762 4.09518909454346 4.51472425460815 5.24958181381226 5.60364007949829 5.5931453704834 5.11641550064087 4.9601354598999 4.18808603286743 4.55035638809204 3.96887946128845 4.0739688873291 4.15331077575684 4.04475355148315 4.71632623672485 4.94198942184448 4.86964464187622 5.29959154129028 5.34627532958984 5.14244413375854 5.04675006866455 4.31582260131836 4.38007211685181 8.14778518676758 5.87397861480713 6.24454164505005 3.5593433380127 3.73664236068726 4.29449462890625 5.01916790008545 4.48986005783081 4.63522338867188 3.83238554000854 4.11505079269409 4.81262493133545
4.73310518264771 5.33123159408569 4.31227779388428 4.05446624755859 3.88356566429138 2.66740012168884 2.50242233276367 3.01765155792236 3.4945273399353 2.95671987533569 3.59346413612366 3.69215536117554 4.13470220565796 4.5651798248291 5.02984476089478 5.69679927825928 5.68378067016602 5.62042617797852 5.04185247421265 4.25037908554077 4.64002656936646 4.01802635192871 3.82359433174133 4.20464372634888 4.22348022460938 4.78761005401611 5.18662166595459 5.47134447097778 5.3858962059021 5.4332103729248 5.25881862640381 5.12260961532593 4.68212175369263 4.09113693237305 8.59022235870361 6.30556011199951 6.56352376937866 3.58394908905029 3.91513681411743 3.84901237487793 3.99031686782837 4.22946548461914 5.01073598861694 4.74743795394897 4.33603715896606 4.92084646224976
6.48700952529907 5.62035655975342 4.42402601242065 4.13614320755005 3.9689838886261 3.25019025802612 2.70418953895569 3.04883360862732 3.54096698760986 2.97755527496338 2.51139974594116 3.74898147583008 4.17704629898071 4.61408090591431 5.08864259719849 5.78017044067383 5.75974369049072 5.70351123809814 5.1281943321228 4.31255435943604 4.31973886489868 4.76782560348511 4.12508106231689 4.25013875961304 4.67849016189575 4.76300764083862 5.26815128326416 5.54607677459717 5.42732667922974 5.50150060653687 5.54491806030273 5.54480838775635 5.22611045837402 3.98304390907288 9.06969833374023 6.63316535949707 6.92173051834106 4.07883262634277 4.25690126419067 3.90536117553711 4.01439905166626 4.38202047348022 4.47489738464355 4.84356641769409 5.19989013671875 5.41252899169922
6.87280368804932 4.82429170608521 6.02844429016113 4.23503684997559 4.062828540802 3.29924535751343 2.72746086120605 3.07892155647278 3.60704350471497 3.0006856918335 2.5330593585968 3.81341528892517 4.22247743606567 4.26802015304565 5.15053510665894 5.85851192474365 5.68552160263062 5.88994598388672 5.1967248916626 4.36120367050171 4.34215545654297 4.83612442016602 4.24939012527466 4.29815626144409 4.72119855880737 4.88968276977539 5.32063579559326 5.42180156707764 5.65652704238892 5.75486421585083 5.9332070350647 5.61863136291504 5.29631185531616 4.15349197387695 9.5803394317627 6.98559379577637 7.3769326210022 7.38128328323364 4.34224796295166 4.02689599990845 4.08645153045654 4.4720664024353 4.75182342529297 4.87910652160645 5.26281356811523 5.57067155838013
7.29474592208862 4.95223045349121 6.34988498687744 4.33487939834595 4.22933101654053 3.35233902931213 2.92511129379272 3.12179040908813 3.67062878608704 3.04168343544006 2.5540509223938 3.8762674331665 3.92260551452637 4.32397651672363 4.7787184715271 5.94321060180664 5.7453556060791 5.96724510192871 5.25827884674072 4.7835111618042 4.37928771972656 4.87876749038696 4.30820846557617 4.497718334198 4.72430944442749 4.9277515411377 5.2701678276062 5.51693439483643 5.73597860336304 5.80170440673828 6.01163339614868 5.50854921340942 5.71698427200317 4.30580234527588 10.1772212982178 7.34027147293091 7.0760669708252 7.99809169769287 4.48967552185059 4.41961240768433 4.18723344802856 4.57795715332031 4.8477578163147 5.05422210693359 5.44857168197632 5.62155866622925
7.77585554122925 5.08422613143921 6.68004131317139 4.53939247131348 4.40916156768799 4.28740406036377 2.96851706504822 2.81067800521851 3.74086475372314 3.45324373245239 3.12062287330627 3.94058632850647 3.91367292404175 4.38671398162842 4.85394144058228 5.7005877494812 6.08958864212036 6.04065227508545 5.55589485168457 5.3779354095459 4.47129201889038 4.94409418106079 4.32299184799194 4.50784540176392 4.73881483078003 4.96814107894897 5.42590284347534 5.57150650024414 5.80371904373169 5.77356481552124 5.90951728820801 6.12310600280762 5.78809928894043 4.98387432098389 5.47979831695557 11.1268739700317 7.89957809448242 8.71157646179199 4.56877088546753 4.52034950256348 4.29393243789673 4.40519046783447 4.86178588867188 5.16420602798462 5.5302848815918 6.13412714004517
8.35254001617432 6.61499929428101 7.04613733291626 4.87665510177612 4.55008268356323 4.37513065338135 3.00212574005127 2.84609532356262 3.24598836898804 3.87292385101318 3.14663505554199 3.28285503387451 4.09201049804688 4.4486780166626 4.93225479125977 5.4809103012085 6.2145414352417 6.13076734542847 6.1084771156311 5.45760297775269 4.54549360275269 5.02173852920532 4.32676839828491 4.42141914367676 4.57124137878418 4.97401666641235 5.43669271469116 5.52008485794067 5.86148977279663 5.85589742660522 6.00790214538574 6.21286916732788 5.86449193954468 5.0426139831543 4.73737287521362 11.9817848205566 8.47836303710938 9.55911350250244 4.37279272079468 4.66077613830566 4.39844179153442 4.68225193023682 4.81132793426514 5.1192569732666 5.32882118225098 6.5463924407959
7.41660022735596 9.08944892883301 7.49355840682983 4.97855281829834 4.64244699478149 4.45534706115723 3.50703263282776 2.87882208824158 3.29729819297791 3.94715690612793 3.16267395019531 2.65298628807068 4.17811489105225 4.50313854217529 5.00485706329346 5.58333778381348 6.34027719497681 6.2422194480896 6.21418762207031 5.54644250869751 4.58425903320312 4.61464071273804 5.14693880081177 4.39885807037354 4.58702039718628 4.85740089416504 5.07474374771118 5.54197216033936 5.8982892036438 5.90992450714111 6.09389448165894 6.28732061386108 5.94277381896973 5.60737895965576 4.73417711257935 12.9735040664673 9.16620349884033 10.3469400405884 10.984992980957 4.74233627319336 4.47138690948486 4.76332998275757 4.89973974227905 5.20923328399658 5.42699337005615 7.12124252319336
8.01636600494385 9.81997489929199 5.5798397064209 8.158860206604 4.7358341217041 4.54261875152588 3.54761862754822 2.89954566955566 3.34604144096375 4.04292058944702 3.19828224182129 2.66450810432434 4.27954530715942 4.57007932662964 4.66272020339966 5.69461488723755 6.47293949127197 6.25536298751831 6.43438100814819 5.63812255859375 4.84494113922119 4.66554307937622 5.22189569473267 4.42069292068481 4.60903024673462 4.88773393630981 5.08862257003784 5.58443546295166 5.74213886260986 6.04075050354004 6.15576887130737 6.37773704528809 6.01658630371094 5.71952962875366 4.93330097198486 14.1957931518555 9.94680690765381 9.76793766021729 12.4121723175049 4.81669425964355 4.478102684021 4.57522249221802 4.97222900390625 5.29335451126099 5.51549768447876 7.83111715316772
10.4077043533325 10.6261043548584 5.75045871734619 8.7986011505127 4.84475660324097 4.75097894668579 3.59015774726868 3.10698127746582 3.39326977729797 4.15588569641113 3.25294756889343 2.69758200645447 4.38512468338013 4.23219871520996 4.7423677444458 5.21239566802979 6.62432718276978 6.39221572875977 6.55584955215454 5.7365779876709 5.09813165664673 4.7312068939209 5.31270360946655 4.45137166976929 4.6400318145752 4.87308216094971 5.11948442459106 5.62286853790283 5.80378770828247 6.11503076553345 6.21915197372437 6.45660734176636 5.91961288452148 6.16000938415527 4.9531626701355 7.28659534454346 16.2938041687012 11.4274311065674 14.2393951416016 4.86792373657227 4.85264492034912 4.64340448379517 5.06843900680542 5.37888336181641 5.59698963165283 6.02559852600098
11.7797441482544 11.6166534423828 9.49796772003174 9.50442218780518 5.11666107177734 4.9455771446228 4.78835153579712 3.1327691078186 2.97694277763367 3.48469305038452 4.32563638687134 3.33687257766724 4.52233791351318 4.30042839050293 4.81084394454956 5.31320858001709 6.35760021209717 6.8761625289917 6.69023323059082 6.13761949539185 5.8742527961731 4.79688739776611 5.39422798156738 4.47951984405518 4.66980838775635 4.90264368057251 5.15177249908447 5.65812730789185 5.84867334365845 6.17399168014526 6.15779161453247 6.35559177398682 6.60923433303833 6.29837989807129 5.33253049850464 5.65205574035645 18.346700668335 12.8120164871216 16.8339557647705 4.91568374633789 4.90486860275269 4.66584444046021 5.00739812850952 5.3365159034729 5.68265914916992 6.11396980285645
13.5626726150513 11.0247316360474 13.159875869751 10.3276376724243 5.51346874237061 5.11533308029175 4.90428924560547 3.70701384544373 3.00532507896423 3.54107046127319 4.4679012298584 3.40663576126099 2.85284900665283 4.75426197052002 4.85425281524658 5.43738222122192 6.20822906494141 7.06979131698608 6.85411882400513 6.8263955116272 6.00620985031128 4.86613464355469 4.93654632568359 5.56630420684814 4.58406400680542 4.73624038696289 5.18421459197998 5.69220590591431 5.82822275161743 6.21471166610718 6.19835090637207 6.41465854644775 6.71302127838135 6.36394119262695 5.99205589294434 6.77448225021362 21.206750869751 14.7182302474976 20.6956386566162 7.0053186416626 4.99634647369385 4.71548891067505 5.06577920913696 5.25033950805664 5.61004829406738 5.86170673370361
21.1578750610352 13.0614032745361 14.9098272323608 6.31792020797729 11.7840929031372 5.24459838867188 5.04253959655762 3.76779723167419 3.04326677322388 3.60996866226196 4.6121768951416 3.47675609588623 2.93870306015015 4.98948764801025 4.9754638671875 5.56649112701416 6.4020848274231 7.28101539611816 7.03536462783813 7.0261082649231 6.17228984832764 4.96555423736572 5.04995918273926 5.71561241149902 4.5931715965271 4.78632497787476 5.08606147766113 5.30265140533447 5.86468553543091 6.01009225845337 6.34363126754761 6.46966457366943 6.76528692245483 6.4329571723938 6.0149507522583 5.7497181892395 24.0484466552734 16.8646411895752 21.7311782836914 28.4062843322754 5.01792430877686 5.03163909912109 5.11444044113159 5.32286071777344 5.68731212615967 5.94065761566162
