slauniainen/Data/DEM/Vihti_dsm1500b_cl_horizonAngle_306.asc
NCOLS 196 
NROWS 178 
XLLCORNER 353680 
YLLCORNER 6699024 
CELLSIZE 16 
NODATA_value -3.4e+38 
[rows 20 to 39 of 178, columns 90 to 134 of 196]
10.0011787414551 8.52504539489746 8.92779541015625 8.3561487197876 8.46136379241943 7.8785605430603 7.61293363571167 7.97279262542725 7.73914432525635 7.64816427230835 7.74835777282715 7.32075500488281 7.34281158447266 7.40399265289307 7.34046697616577 7.16739177703857 7.6860237121582 7.7732982635498 7.80701017379761 7.82120180130005 7.82250690460205 7.46171092987061 8.91008472442627 7.16900777816772 6.59081220626831 6.55260372161865 6.37006759643555 6.30579900741577 6.39702224731445 6.28158140182495 6.50286960601807 6.36660528182983 5.79497003555298 5.67824268341064 5.55258131027222 5.59072685241699 4.98930549621582 4.60000276565552 4.40632057189941 3.3096170425415 4.63351249694824 3.30436110496521 3.26201772689819 9.50455570220947 5.23824501037598
9.32405471801758 9.37532424926758 8.06887817382812 8.39213848114014 7.87160301208496 7.95780515670776 7.69265604019165 7.21848392486572 6.91768312454224 7.37160634994507 7.34330940246582 7.47791385650635 7.0986499786377 7.13734006881714 6.97378253936768 7.00097990036011 6.87402391433716 6.78389406204224 7.18196392059326 7.24217462539673 7.44562578201294 7.45125675201416 7.25785398483276 6.89670467376709 6.83441686630249 6.30579090118408 6.26760530471802 5.83583641052246 6.03792810440063 6.15036392211914 6.02640962600708 5.94326257705688 6.10956192016602 5.56738519668579 5.40795946121216 5.34199476242065 5.38304233551025 4.8066987991333 4.42339515686035 3.86499857902527 3.23795819282532 4.58340263366699 3.25267648696899 3.49586057662964 5.03853607177734
9.27478408813477 8.81190299987793 8.84128761291504 7.49720573425293 7.90563821792603 7.64179515838623 7.19975852966309 7.29628419876099 6.90147256851196 6.65320301055908 7.11796283721924 7.12433481216431 7.23265218734741 7.10334825515747 6.71248912811279 6.67482948303223 6.69498062133789 6.55277013778687 6.45807075500488 6.83473110198975 6.89102935791016 6.8877477645874 6.94201898574829 6.92814779281616 6.58331394195557 6.53532314300537 6.05044889450073 6.01467609405518 5.89644718170166 5.80722141265869 5.68525886535645 5.78306865692139 5.67816257476807 5.87195730209351 5.35079669952393 5.20620059967041 5.14020681381226 4.68474626541138 4.46550750732422 6.77451610565186 3.8243670463562 3.5471351146698 2.92527413368225 2.92783069610596 3.01133918762207
7.91652774810791 8.78623485565186 8.35303688049316 8.34336757659912 8.11230087280273 7.07976913452148 7.227867603302 6.84514999389648 6.97555017471313 6.65041494369507 6.56659650802612 6.88311290740967 6.76227045059204 6.7384672164917 6.78883695602417 6.4182653427124 6.37550163269043 6.22726058959961 6.240797996521 6.17212963104248 6.08017301559448 6.38014936447144 6.43117618560791 6.64291667938232 6.62908744812012 6.29977321624756 6.25981903076172 6.12771987915039 5.69884204864502 5.67768287658691 5.4652738571167 5.46028995513916 5.56049585342407 5.46045637130737 5.6538667678833 5.5391206741333 5.05566787719727 4.38853740692139 4.36391353607178 4.26193571090698 4.0317702293396 9.48014259338379 3.47700881958008 2.84898519515991 6.7666482925415
7.89037799835205 7.64523029327393 8.31276226043701 8.0972318649292 7.72011041641235 7.66354274749756 6.73162269592285 6.85638761520386 6.56245040893555 6.72894525527954 6.62286233901978 6.32489347457886 6.0862021446228 6.45856189727783 6.44055271148682 6.46879625320435 6.32576942443848 5.9876914024353 5.94000339508057 5.97074031829834 5.91221141815186 5.82313823699951 6.08994007110596 6.13839483261108 6.34897756576538 6.34202861785889 6.20390939712524 5.91015863418579 5.89692974090576 5.48807191848755 5.46103954315186 5.10333681106567 5.24087429046631 5.34882926940918 5.24016380310059 5.16233921051025 5.24338006973267 4.82804870605469 3.93208122253418 3.74012804031372 3.9518985748291 9.5975513458252 3.81364607810974 13.9437494277954 7.80653810501099
7.53419828414917 7.46702241897583 7.27480173110962 7.14802551269531 7.66489410400391 7.3155722618103 7.2586932182312 6.24466276168823 6.59068489074707 6.47402572631836 6.18927097320557 6.29270696640015 6.02161598205566 5.92323350906372 6.13241481781006 6.01450157165527 6.00430631637573 6.03490495681763 5.72443580627441 5.67471981048584 5.71806764602661 5.599684715271 5.55117034912109 5.81766033172607 5.86696338653564 5.85452079772949 5.9489541053772 5.95883131027222 5.67878293991089 5.66745710372925 5.29488849639893 5.24380016326904 5.14523267745972 5.03628587722778 4.93519449234009 5.03345203399658 4.93978118896484 5.1243724822998 5.04027795791626 21.1349468231201 24.4598426818848 20.7621269226074 13.1033115386963 3.36142778396606 3.49978947639465
7.09927177429199 7.09681272506714 6.92682695388794 6.92488813400269 6.84942674636841 7.25885343551636 6.96384191513062 6.92601203918457 6.7598180770874 6.02718305587769 6.10515356063843 5.8551344871521 5.96698045730591 5.8679518699646 5.63238954544067 5.40908002853394 5.73194789886475 5.73997259140015 5.75507402420044 5.47118377685547 5.42175531387329 5.30442762374878 5.36027717590332 5.32772874832153 5.25537204742432 5.53532028198242 5.51628875732422 5.71505880355835 5.72738647460938 5.45235538482666 5.44793128967285 5.34201192855835 4.98046112060547 4.95168828964233 4.70877933502197 4.73643207550049 4.83616399765015 4.75398397445679 4.68749761581421 4.85696649551392 4.40880823135376 8.17538642883301 9.77115154266357 3.81961464881897 3.23894238471985
6.78433513641357 6.76779270172119 6.75740766525269 6.57921743392944 6.57970190048218 6.42999505996704 6.89857912063599 6.70815753936768 6.44207191467285 6.38238048553467 5.54036521911621 5.78838872909546 5.68116807937622 5.494215965271 5.58910751342773 5.37397909164429 5.165855884552 5.46518182754517 5.47649335861206 5.49085760116577 5.38554859161377 5.12951040267944 5.07360792160034 5.14876079559326 5.12477970123291 5.05437707901001 5.26142740249634 5.29787158966064 5.49052715301514 5.5103497505188 5.39988803863525 5.13091468811035 5.14255809783936 4.81612205505371 4.7582802772522 4.67285060882568 4.54914045333862 4.45765113830566 4.57412147521973 4.49912548065186 4.6265811920166 4.17913293838501 5.23013162612915 6.56556177139282 15.5461931228638
7.05596399307251 6.78040170669556 6.36849212646484 6.28434991836548 6.27505922317505 6.19232130050659 6.08594131469727 6.13171863555908 6.34365892410278 6.09522151947021 6.04550218582153 5.92309713363647 5.35019254684448 5.41769790649414 5.23369646072388 5.32399892807007 5.12834215164185 5.05065155029297 5.21174001693726 5.1126561164856 5.12942266464233 5.14412117004395 4.90634679794312 4.86734247207642 4.94462728500366 4.86920976638794 4.86458253860474 5.05808210372925 5.08653402328491 5.07917308807373 5.20600986480713 5.19128561019897 4.93293762207031 4.94340896606445 4.8608136177063 4.52603197097778 4.49253749847412 4.24526929855347 4.28414297103882 4.372230052948 4.26961231231689 4.38542079925537 3.97060918807983 3.89315342903137 4.96961116790771
7.6754150390625 7.46880149841309 6.45881319046021 6.1129002571106 5.99733257293701 5.96961164474487 5.8129940032959 5.78934907913208 5.85604953765869 6.00262308120728 5.87133550643921 5.67708301544189 5.63064861297607 5.12009906768799 5.15372133255005 4.98858833312988 5.06604862213135 4.99657678604126 4.81527137756348 4.60712718963623 4.8810019493103 4.90513038635254 4.91327047348022 4.68875789642334 4.66111707687378 4.59451866149902 4.6829571723938 4.68205547332764 4.61896705627441 4.77316474914551 4.80432987213135 5.00697660446167 4.98726415634155 4.90194654464722 4.65304088592529 4.67068338394165 4.35687923431396 4.3275408744812 3.94980978965759 4.09693145751953 4.17222118377686 3.99960994720459 3.93126344680786 3.6329345703125 3.39772629737854
7.14692068099976 7.12107467651367 7.11792469024658 6.26923084259033 6.00898265838623 5.730224609375 5.56131076812744 5.52865743637085 5.37497854232788 5.42196607589722 5.50384569168091 5.58154249191284 5.41511201858521 5.37555742263794 4.73591136932373 4.90000152587891 4.82069063186646 4.68290567398071 4.74737405776978 4.57774019241333 4.39865732192993 4.64962482452393 4.65201282501221 4.68409776687622 4.62035608291626 4.43504476547241 4.40690231323242 4.49710988998413 4.43693494796753 4.44419002532959 4.57827091217041 4.62151622772217 4.5762243270874 4.72095775604248 4.70518064498901 4.46773672103882 4.48545551300049 4.20143508911133 4.15846300125122 3.73447895050049 3.92666673660278 3.67138957977295 3.81395173072815 3.58397793769836 3.49401617050171
6.90946912765503 6.82252264022827 6.79308462142944 6.76556587219238 6.60125637054443 5.71769142150879 5.48937940597534 5.29521369934082 5.25541734695435 5.150550365448 5.20582866668701 5.28113651275635 5.32800531387329 5.16704559326172 5.11130952835083 5.01608896255493 4.58194732666016 4.59478902816772 4.43920230865479 4.51893186569214 4.3765697479248 4.30199384689331 4.39099836349487 4.33229446411133 4.38734674453735 4.41534948348999 4.24948167800903 4.22012042999268 4.17448616027832 4.26570606231689 4.26502561569214 4.16407442092896 4.43478727340698 4.32517051696777 4.52927494049072 4.5113091468811 4.29116106033325 4.32384014129639 3.82736587524414 3.72181558609009 3.59011292457581 3.64710187911987 3.36991262435913 3.33788895606995 2.7309582233429
6.83765554428101 6.64553499221802 6.3881573677063 6.32588005065918 6.29661464691162 6.27204561233521 5.43948936462402 5.25488424301147 5.04228019714355 5.00530862808228 4.94458532333374 5.0019965171814 5.07073879241943 5.07058954238892 4.98187017440796 4.83996772766113 4.78980827331543 4.38324546813965 4.35483360290527 4.23732805252075 4.30936002731323 4.24470853805542 4.09189605712891 3.90607738494873 4.13190364837646 4.18422079086304 4.21445178985596 4.16819906234741 4.02482414245605 4.00576591491699 4.08774566650391 4.08446836471558 3.99868822097778 4.13667678833008 4.14799547195435 4.34672164916992 4.35207033157349 4.13849353790283 3.48899841308594 3.09727478027344 2.47614216804504 3.09874773025513 3.3072943687439 3.23934888839722 1.30366539955139
7.05546379089355 6.8667163848877 6.32923173904419 6.07018280029297 6.01458501815796 5.98579025268555 5.9579176902771 5.2879319190979 5.05033206939697 4.92496061325073 4.74302434921265 4.68466997146606 4.67587614059448 4.71770143508911 4.77658653259277 4.75302982330322 4.62537860870361 4.55927228927612 4.06193876266479 4.15747165679932 4.10795164108276 3.99881315231323 4.06018495559692 3.91093945503235 3.84898924827576 3.93689894676208 3.88717103004456 3.9415967464447 3.97219681739807 3.84119462966919 3.82746505737305 3.92654085159302 3.79777789115906 3.62648129463196 3.96315169334412 3.9801197052002 3.97588706016541 3.44151759147644 2.87119078636169 2.1926577091217 2.07874035835266 1.8869560956955 2.13739204406738 2.65223932266235 0.961091637611389
6.97463321685791 6.55168771743774 6.52547311782837 6.008629322052 5.75619268417358 5.72330665588379 5.69649314880371 5.66047143936157 5.53551816940308 4.81774997711182 4.72560024261475 4.4862756729126 4.46703624725342 4.48244619369507 4.52573585510254 4.58633470535278 4.53357791900635 4.40016317367554 4.34438896179199 4.27397155761719 3.93948721885681 3.92694807052612 3.81805729866028 3.85466742515564 3.79387617111206 3.66153979301453 3.49058294296265 3.70304679870605 3.76700043678284 3.79697227478027 3.67653632164001 3.67044448852539 3.27359461784363 3.56378650665283 3.3409252166748 3.36269211769104 3.46796846389771 3.06184029579163 2.10540723800659 2.2995662689209 2.1082284450531 1.61559367179871 1.80329477787018 1.75488305091858 0.639174044132233
6.85658121109009 6.65066385269165 6.38599252700806 6.17327213287354 5.70113801956177 5.56377506256104 5.33966159820557 5.32798528671265 5.30282831192017 5.27879953384399 4.61397838592529 4.53331804275513 4.44971609115601 4.28195428848267 4.22203636169434 4.24452972412109 4.28560161590576 4.33199119567871 4.2375636100769 4.1332368850708 4.09206438064575 3.6781313419342 3.73227953910828 3.67407035827637 3.57524108886719 3.60570311546326 3.49042463302612 3.3301887512207 3.54613161087036 3.62612462043762 3.65777277946472 3.37491011619568 3.1521360874176 2.57362651824951 2.79343843460083 2.36632895469666 2.88341379165649 2.23562026023865 2.27319502830505 1.88969779014587 1.60483229160309 1.32152009010315 0.842367172241211 0.670501708984375 0.903850972652435
5.71440458297729 5.94937181472778 6.26197147369385 6.01263427734375 5.85698938369751 5.71660232543945 5.29435110092163 5.08549118041992 5.08821773529053 5.06107187271118 5.0463924407959 4.51631879806519 4.31292009353638 4.27948331832886 4.03267478942871 4.06342267990112 4.07764863967896 4.11015033721924 4.16277647018433 4.05121803283691 3.95778131484985 3.90731859207153 3.83009266853333 3.54147934913635 3.50517129898071 3.40300631523132 3.43984317779541 3.33489751815796 3.18550109863281 3.40599131584167 3.11416816711426 2.7524721622467 1.80160367488861 2.02041816711426 2.0693793296814 2.37650799751282 2.26319932937622 2.76932740211487 2.14636301994324 1.41314911842346 1.49474406242371 1.17748129367828 0.377318263053894 0.235197350382805 0.138853639364243
5.42526340484619 5.28984594345093 5.60217046737671 5.90935707092285 5.68627071380615 5.45435762405396 5.43150043487549 5.04743194580078 4.88254594802856 4.85796785354614 4.84505081176758 4.83300733566284 4.74433517456055 4.17030096054077 4.11974763870239 3.86979508399963 3.89572715759277 3.91789984703064 3.96268272399902 4.01049137115479 3.87574219703674 3.80766415596008 3.70101642608643 3.65421509742737 3.37936663627625 3.33011269569397 3.24206280708313 3.27854585647583 2.86674737930298 2.7062885761261 2.54719710350037 2.6074230670929 1.94691669940948 1.21031999588013 1.24168419837952 1.67300474643707 2.25568842887878 1.81671035289764 1.96880948543549 0.695246338844299 0.534641444683075 0.378360658884048 0.244077280163765 0.12813763320446 0.142766669392586
5.20456457138062 4.92921113967896 5.00041627883911 5.28809785842896 5.5943078994751 5.45961904525757 5.26037740707397 5.18068408966064 4.81325769424438 4.72186470031738 4.55655479431152 4.59000539779663 4.57940053939819 4.55492639541626 4.07919216156006 3.96501469612122 3.48281502723694 3.75071239471436 3.64214253425598 3.60140514373779 3.51943755149841 3.3538990020752 3.62384557723999 3.5402512550354 3.48471641540527 2.9857451915741 3.17391228675842 2.48387289047241 2.72586131095886 2.16393733024597 1.77021098136902 1.19255602359772 1.43857491016388 0.995745062828064 1.15534663200378 1.00585079193115 1.53112816810608 1.60415303707123 1.59077167510986 0.597440421581268 0.413031101226807 0.282808899879456 0.14984717965126 0.0453699193894863 -0.018463421612978
4.89741325378418 4.92026567459106 4.57972478866577 4.74168825149536 4.74724340438843 4.89015579223633 5.20432662963867 5.00881195068359 4.94648027420044 4.8526668548584 4.53969049453735 4.43887138366699 4.42061424255371 4.4018087387085 4.37391471862793 4.28731918334961 3.73322653770447 3.058269739151 3.51932692527771 3.50473785400391 3.44902539253235 3.36954498291016 3.14888834953308 3.46741271018982 3.38588571548462 3.33955502510071 2.75157618522644 2.35202145576477 1.85378098487854 2.0138566493988 1.88735866546631 1.65309321880341 0.922734618186951 0.96846067905426 0.933066129684448 0.678336560726166 0.614787399768829 1.30065512657166 1.24179112911224 0.43849641084671 0.30232235789299 0.127045139670372 0.0528206303715706 -0.02107616327703 -0.108582377433777
