slauniainen/Data/DEM/Vihti_dem1500b_cl_horizonAngle_132.asc
NCOLS 196 
NROWS 178 
XLLCORNER 353680 
YLLCORNER 6699024 
CELLSIZE 16 
NODATA_value -3.4e+38 
[rows 20 to 39 of 178, columns 45 to 89 of 196]
-3.95991611480713 -4.02897453308105 -4.00220346450806 -3.88991284370422 -3.69353818893433 -3.54884624481201 -3.35568618774414 -3.26990509033203 -3.09077596664429 -2.83214950561523 -2.46653461456299 1.01176285743713 5.57862043380737 10.5759706497192 14.154200553894 6.80690050125122 0.560919642448425 -1.45004117488861 -1.64299190044403 -1.61014747619629 -1.60010385513306 -1.62220060825348 -1.62193202972412 -1.44136524200439 -0.993731021881104 -0.714144289493561 -0.404568552970886 -0.146607384085655 0.043479710817337 0.186391070485115 0.299306362867355 0.340240746736526 0.367631822824478 0.381597638130188 0.404563933610916 0.412182480096817 0.397125691175461 0.39559879899025 0.397518277168274 0.388893902301788 0.398553788661957 0.420372754335403 0.40249440073967 0.401490300893784 0.44874432682991
-3.74369168281555 -3.70049715042114 -3.70459842681885 -3.57507085800171 -3.41574954986572 -3.26312470436096 -3.09225869178772 -2.93450903892517 -2.78223061561584 -2.55765342712402 -2.20317006111145 -0.0468285009264946 4.99582624435425 11.6963329315186 7.45121574401855 -0.897492349147797 -1.81949019432068 -1.72148776054382 -1.64105141162872 -1.54110836982727 -1.50700747966766 -1.45530080795288 -1.32943737506866 -0.985401391983032 -0.737320244312286 -0.486956804990768 -0.182233691215515 0.0467358268797398 0.20809942483902 0.338646739721298 0.385771006345749 0.409640282392502 0.448278307914734 0.475273758172989 0.495470643043518 0.49271422624588 0.492019504308701 0.475844919681549 0.474842846393585 0.486014664173126 0.487144887447357 0.479370385408401 0.473252594470978 0.452675879001617 0.475155562162399
-3.46084380149841 -3.40439200401306 -3.38117527961731 -3.2900083065033 -3.12352895736694 -2.93205666542053 -2.74346804618835 -2.56460094451904 -2.42065215110779 -2.27366733551025 -2.02859711647034 -1.35435509681702 2.22763586044312 6.58078002929688 0.82583624124527 -1.81669771671295 -1.73868775367737 -1.66505193710327 -1.62570655345917 -1.51390182971954 -1.44065618515015 -1.28544104099274 -0.897835373878479 -0.708932280540466 -0.463634133338928 -0.229076072573662 -0.0030242376960814 0.205045849084854 0.35526230931282 0.494777649641037 0.509742140769958 0.531315922737122 0.573670327663422 0.614492416381836 0.604181110858917 0.571435511112213 0.556124866008759 0.565308451652527 0.564474940299988 0.558285057544708 0.548926591873169 0.543244421482086 0.533629477024078 0.534256041049957 0.53074985742569
-3.37039113044739 -3.1731743812561 -3.06042504310608 -2.97765612602234 -2.85642337799072 -2.57753872871399 -2.39409232139587 -2.25080275535583 -2.13224411010742 -2.01733613014221 -1.90736508369446 -1.82157695293427 -1.73551654815674 -1.67965829372406 -1.74223816394806 -1.69475543498993 -1.50866377353668 -1.42004036903381 -1.46362900733948 -1.44018089771271 -1.29550909996033 -0.92795717716217 -0.627328991889954 -0.422237187623978 -0.217862173914909 0.0199324879795313 0.217434704303741 0.418874949216843 0.568868398666382 0.635747671127319 0.653170764446259 0.659244060516357 0.688881754875183 0.735992252826691 0.68649822473526 0.63907253742218 0.636035084724426 0.62456488609314 0.612082242965698 0.605427622795105 0.602044880390167 0.609807372093201 0.6032794713974 0.59767884016037 0.615255773067474
-3.26463294029236 -2.96643304824829 -2.09603905677795 -2.39536166191101 -2.4599974155426 -2.25117135047913 -2.03154802322388 -2.04128909111023 -1.94511592388153 -1.85172355175018 -1.7905992269516 -1.72216463088989 -1.62827587127686 -1.53259515762329 -1.47787892818451 -1.34104180335999 -1.10220313072205 -0.995058536529541 -0.911269247531891 -0.836040318012238 -0.699413359165192 -0.556474506855011 -0.362912029027939 -0.160896003246307 0.0474637299776077 0.26864305138588 0.460770815610886 0.634665608406067 0.728791892528534 0.763305962085724 0.772422850131989 0.767150163650513 0.783640921115875 0.814278602600098 0.786377489566803 0.751694619655609 0.698273777961731 0.674144387245178 0.650396108627319 0.64284336566925 0.655208051204681 0.671334385871887 0.6738600730896 0.685579299926758 0.69351065158844
-2.7773540019989 -1.38406360149384 0.532767117023468 2.09436249732971 1.50518345832825 0.602860033512115 -0.53449022769928 -1.06652462482452 -1.17013466358185 -1.11084020137787 -1.73835968971252 -1.67630803585052 -1.5277898311615 -1.34280896186829 -1.19831323623657 -1.00141417980194 -0.848991096019745 -0.648827850818634 -0.493938356637955 -0.347858250141144 -0.263920277357101 -0.169938385486603 -0.061377976089716 0.114903599023819 0.30087822675705 0.498738050460815 0.690788090229034 0.803723633289337 0.862127006053925 0.886679589748383 0.876106917858124 0.870793581008911 0.876908659934998 0.884299993515015 0.878184020519257 0.838844776153564 0.79874986410141 0.737056791782379 0.70472776889801 0.697659909725189 0.717314124107361 0.734588384628296 0.745915293693542 0.7614786028862 0.776407241821289
-1.51840388774872 0.20543646812439 2.43630814552307 4.7788348197937 5.69037342071533 3.72752213478088 1.1227890253067 0.115617386996746 0.26213350892067 -0.555221140384674 -1.23169565200806 -1.66890740394592 -1.50456416606903 -1.28686189651489 -1.14676403999329 -0.925884008407593 -0.541704654693604 -0.234197810292244 0.131593436002731 0.331139534711838 0.387546747922897 0.316546231508255 0.344817996025085 0.474178373813629 0.561044871807098 0.713121294975281 0.859810173511505 0.947163224220276 0.985270917415619 0.978167414665222 0.979672610759735 0.974797606468201 0.986584305763245 0.975119292736053 0.937146484851837 0.926930069923401 0.889407873153687 0.846879243850708 0.779534876346588 0.768039762973785 0.791647732257843 0.80546236038208 0.813394784927368 0.83123779296875 0.84245640039444
-1.45532405376434 1.35620164871216 3.94598031044006 5.66157674789429 9.28705978393555 8.81720924377441 4.69995498657227 1.85364484786987 1.20129203796387 1.22334408760071 -0.381258428096771 -0.204835221171379 -1.5574038028717 -1.3257120847702 -1.12325537204742 -0.876339316368103 -0.417598098516464 0.295136660337448 0.731765866279602 0.966909289360046 0.955064296722412 0.881669819355011 0.745785892009735 0.744219481945038 0.837244927883148 0.982452869415283 1.05744743347168 1.10887503623962 1.12790048122406 1.3522697687149 1.06253898143768 1.05165243148804 1.09532070159912 1.11180782318115 1.11953949928284 1.0598863363266 0.979793012142181 0.947089850902557 0.909490644931793 0.859225869178772 0.867385745048523 0.879209816455841 0.884771406650543 0.898299992084503 0.915089726448059
-1.1749050617218 1.81330168247223 3.90160799026489 8.08370971679688 11.1238107681274 14.0515661239624 10.2203140258789 6.29414701461792 3.34121966362 3.22572636604309 2.67739748954773 0.289893835783005 -1.6609423160553 -1.41324877738953 -1.066237449646 -0.752580583095551 -0.354017108678818 0.416909128427505 1.08751308917999 1.3614661693573 1.38074958324432 1.35761427879333 1.25426423549652 1.14220428466797 1.11566209793091 1.13488614559174 1.15612769126892 1.14412260055542 1.15300524234772 1.15308916568756 1.13035714626312 1.15895628929138 1.22770416736603 1.29939460754395 1.33246493339539 1.33363950252533 1.28428375720978 1.20467567443848 1.11538171768188 1.02894997596741 0.962691366672516 0.947509586811066 0.949897587299347 0.960277915000916 0.972499430179596
-2.00807523727417 1.88651597499847 4.52297830581665 9.26700115203857 13.0674457550049 6.55105590820312 1.23755609989166 -0.850694060325623 -1.25207698345184 4.46368837356567 1.03927028179169 -1.85082256793976 -1.71946692466736 -1.41229939460754 -1.03503131866455 -0.757266044616699 -0.319606691598892 0.331831991672516 1.05264008045197 1.53186976909637 1.70437753200531 1.70720410346985 1.72126317024231 1.56941342353821 1.40943551063538 1.32563722133636 1.30634963512421 1.30258417129517 1.2537214756012 1.20615422725677 1.18369436264038 1.24533700942993 1.35543811321259 1.46482014656067 1.54486525058746 1.63405930995941 1.66460013389587 1.44367730617523 1.3172858953476 1.22448837757111 1.1535872220993 1.07615983486176 1.01329946517944 1.02517688274384 1.02259933948517
-1.7871595621109 1.53046834468842 5.50059223175049 6.51987886428833 4.07938241958618 1.25283968448639 0.0265245623886585 -1.12852931022644 -2.41169834136963 -2.24163413047791 -2.13824057579041 -1.95050120353699 -1.7161740064621 -1.45000982284546 -1.12844610214233 -0.812922179698944 -0.365191280841827 0.27171128988266 0.948549807071686 1.42455995082855 1.87873148918152 2.01488423347473 1.99390184879303 1.99524772167206 1.84531831741333 1.59707510471344 1.46553468704224 1.45232760906219 1.39932751655579 1.30589592456818 1.27446520328522 1.37880265712738 1.50799453258514 1.6313681602478 1.85097253322601 1.99815881252289 1.9996086359024 1.881920337677 1.61777186393738 1.4338253736496 1.33885300159454 1.27983033657074 1.15561079978943 1.12507748603821 1.10784256458282
-1.62511360645294 0.160557225346565 5.55732107162476 4.35036182403564 3.00458359718323 1.97972548007965 3.31557393074036 0.502833306789398 -2.42693376541138 -2.31117963790894 -2.08179259300232 -1.86061525344849 -1.68316256999969 -1.52691447734833 -1.22061336040497 -0.851181268692017 -0.422371417284012 0.113879583775997 0.773104548454285 1.29341781139374 1.64352488517761 2.16189432144165 2.34614849090576 2.25402045249939 2.123202085495 1.92511212825775 1.67067170143127 1.53582680225372 1.75507569313049 1.42638397216797 1.35931074619293 1.44920635223389 1.56779062747955 1.71312022209167 2.06154322624207 2.26083326339722 2.28209400177002 2.14317393302917 1.97315621376038 1.69333803653717 1.50768435001373 1.43253600597382 1.33660733699799 1.23578023910522 1.19960141181946
-1.44596993923187 -1.3693550825119 2.53014588356018 -0.636891722679138 -0.765496253967285 0.788442671298981 0.550140798091888 -2.40768480300903 -2.42863750457764 -2.28101181983948 -1.95766472816467 -1.72377693653107 -1.53531289100647 -1.30387556552887 -1.01720213890076 -0.694407522678375 -0.310418158769608 0.149441197514534 0.703855574131012 1.08874082565308 1.58796560764313 1.92223656177521 2.34475302696228 2.45471024513245 2.33745408058167 2.2027542591095 2.00446009635925 1.74197280406952 2.00390243530273 1.94097888469696 1.42837107181549 1.46566879749298 1.58348274230957 1.76465702056885 2.11506152153015 2.38997888565063 2.44635725021362 2.35617852210999 2.2261791229248 2.05995082855225 1.77128481864929 1.57878267765045 1.49128806591034 1.38703846931458 1.30908620357513
-1.19349884986877 -1.13059270381927 -1.3163548707962 -1.58700633049011 -1.78564119338989 -1.98956000804901 -2.18813300132751 -2.34325242042542 -2.17351722717285 -1.94431614875793 -1.75095844268799 -1.5456622838974 -1.31349658966064 -1.07665193080902 -0.75102162361145 -0.381598502397537 -0.0319009684026241 0.331038445234299 0.68358987569809 1.11296558380127 1.41961085796356 1.72572910785675 2.01240110397339 2.42649149894714 2.53777813911438 2.41438245773315 2.28096580505371 2.08466744422913 1.94214153289795 2.40758419036865 1.47088301181793 1.51328670978546 1.60428142547607 1.76255106925964 2.11859941482544 2.4128270149231 2.50737977027893 2.52702474594116 2.44101500511169 2.31497001647949 2.1496319770813 1.8532053232193 1.64543259143829 1.54376840591431 1.43525516986847
-0.951337933540344 -0.903902471065521 -1.02940905094147 -1.19341218471527 -1.42134499549866 -1.62042200565338 -1.71596658229828 -1.72287940979004 -1.66621243953705 -1.6214085817337 -1.51065230369568 -1.29932987689972 -1.07815825939178 -0.867814123630524 -0.602300047874451 -0.235367566347122 0.144160702824593 0.433297991752625 0.815839231014252 1.2832258939743 1.6150735616684 1.74699354171753 1.97656095027924 2.06759166717529 2.47741913795471 2.59515619277954 2.47648143768311 2.35918951034546 2.1524760723114 2.54924368858337 1.80054664611816 1.54412090778351 1.63662481307983 1.75494110584259 2.15383100509644 2.41007828712463 2.48889422416687 2.5954065322876 2.61445164680481 2.53093242645264 2.41586351394653 2.24549913406372 1.92725348472595 1.70200502872467 1.62830889225006
-0.751629889011383 -0.712635457515717 -0.773232340812683 -0.906534194946289 -1.04895567893982 -1.19064784049988 -1.19907057285309 -1.22169327735901 -1.24199879169464 -1.04556429386139 -1.08131170272827 -1.03997588157654 -0.867480933666229 -0.685871541500092 -0.431617885828018 -0.218973740935326 0.197291925549507 0.643918931484222 1.64562547206879 2.01558566093445 2.38175201416016 2.96220731735229 2.38776898384094 1.77758455276489 2.08103108406067 2.52736139297485 2.66291284561157 2.55824995040894 2.43535447120667 2.34666919708252 2.12304997444153 1.72339987754822 1.64848649501801 1.85539638996124 2.14819383621216 2.39853048324585 2.48846626281738 2.58056259155273 2.68366813659668 2.7059497833252 2.6358642578125 2.5117244720459 2.31682014465332 1.97939693927765 1.84374308586121
-0.577589571475983 -0.530551552772522 -0.548259377479553 -0.633581638336182 -0.700207769870758 -0.784936904907227 -0.805906593799591 -0.738025546073914 -0.703183233737946 -0.59645539522171 -0.615049719810486 -0.747049272060394 -0.568249523639679 -0.383787035942078 -0.25831550359726 0.0276911165565252 1.00644862651825 1.88647413253784 2.37877249717712 2.58789968490601 2.22068190574646 1.57722389698029 1.33351576328278 1.48664259910583 1.79478895664215 2.11304879188538 2.59308767318726 2.75601148605347 2.66286277770996 2.75107932090759 2.50519680976868 2.17516994476318 1.7997328042984 1.86780691146851 2.21337485313416 2.38184666633606 2.47620224952698 2.57927012443542 2.66580891609192 2.77476501464844 2.80921244621277 2.72614169120789 2.57289814949036 2.35979819297791 2.02251553535461
-0.450918763875961 -0.38002997636795 -0.36928117275238 -0.398620128631592 -0.450082927942276 -0.463056594133377 -0.492030471563339 -0.440624088048935 -0.401838481426239 -0.382576048374176 -0.380217850208282 -0.384614914655685 -0.296314567327499 -0.138660416007042 0.158427357673645 1.19025135040283 2.34742331504822 2.86227917671204 2.1301691532135 1.4965877532959 1.18837022781372 1.23718321323395 1.29417872428894 1.3448007106781 1.51475381851196 1.83690273761749 2.17212605476379 2.67519998550415 2.86093258857727 2.99708247184753 2.85514664649963 2.607661485672 2.29296112060547 1.92195689678192 2.14814901351929 2.36822390556335 2.45859837532043 2.562424659729 2.66032552719116 2.76260423660278 2.8744843006134 2.88996982574463 2.78088545799255 2.60718655586243 2.37926316261292
-0.254818618297577 -0.227618902921677 -0.216132894158363 -0.233255460858345 -0.283288717269897 -0.29846403002739 -0.277489840984344 -0.268336355686188 -0.280263960361481 -0.289849609136581 -0.214200600981712 -0.120307423174381 0.0396028831601143 0.557542383670807 1.27990484237671 1.80667912960052 2.93700528144836 1.57631659507751 1.50834798812866 1.42244899272919 1.42286384105682 1.39897274971008 1.36239778995514 1.38886702060699 1.44532859325409 1.55665481090546 1.89322185516357 2.24764370918274 2.77830481529236 2.88768649101257 3.1214292049408 2.97703790664673 2.73702168464661 2.43347549438477 2.04782700538635 2.31902623176575 2.45334267616272 2.53817653656006 2.6508457660675 2.7625777721405 2.86668014526367 2.9539577960968 2.95038509368896 2.82232356071472 2.63318872451782
-0.0929277464747429 -0.0725097507238388 -0.0492986105382442 -0.0558466874063015 -0.126987725496292 -0.0725487247109413 0.0724644958972931 0.123409442603588 0.126201957464218 0.123606696724892 0.298041254281998 0.479082733392715 1.43815803527832 1.62385177612305 1.24645781517029 1.41932916641235 2.01653099060059 1.51302814483643 1.70504653453827 1.6970043182373 1.67271649837494 1.64318037033081 1.58685171604156 1.59686005115509 1.64485895633698 1.67406117916107 1.65901839733124 1.96273291110992 2.34479689598083 2.69186472892761 3.02304530143738 3.26374244689941 3.11261916160583 2.8713812828064 2.55994462966919 2.23604846000671 2.43573522567749 2.51759028434753 2.63407588005066 2.75533890724182 2.86420154571533 2.95452547073364 3.02732133865356 3.0070915222168 2.85911583900452
