slauniainen/Data/DEM/Vihti_dsm1500b_cl_horizonAngle_126.asc
NCOLS 196 
NROWS 178 
XLLCORNER 353680 
YLLCORNER 6699024 
CELLSIZE 16 
NODATA_value -3.4e+38 
[rows 100 to 119 of 178, columns 0 to 45 of 196]
8.13281154632568 25.1212692260742 35.3483848571777 8.66393947601318 6.17291402816772 0.394777059555054 0.257729470729828 0.945719838142395 5.02531671524048 6.3480019569397 8.67453956604004 6.07338857650757 3.88717293739319 4.98210525512695 5.24959278106689 5.68097829818726 6.05362224578857 5.42618608474731 5.03256464004517 5.41410255432129 5.46204423904419 2.98268866539001 1.43884134292603 1.55306684970856 1.7264723777771 1.7039737701416 1.88777112960815 2.1315803527832 2.83871126174927 3.78364109992981 3.68671703338623 3.12977313995361 10.690936088562 12.9421730041504 15.9240245819092 21.1247253417969 32.2058906555176 42.7420959472656 10.491720199585 1.60321640968323 1.1010195016861 31.8870315551758 41.3980178833008 42.4520492553711 38.704288482666 0.98292863368988
12.2916736602783 13.4473829269409 26.0189113616943 4.7818775177002 0.220207169651985 0.307761788368225 0.521657645702362 0.811151742935181 3.60018086433411 5.22919225692749 8.65487098693848 12.5328130722046 7.98799228668213 4.14570283889771 5.07420110702515 5.60463666915894 6.12294721603394 6.56049203872681 5.93631839752197 6.36603260040283 6.03838443756104 5.98056650161743 3.07999324798584 1.54935133457184 1.78282952308655 2.02731585502625 1.9257447719574 1.80735206604004 1.93242466449738 2.88121652603149 4.024986743927 4.16134309768677 4.0158576965332 3.58879733085632 14.1552810668945 20.7591457366943 30.2484931945801 41.2585105895996 11.3569068908691 0.416771292686462 1.07106006145477 10.4638233184814 2.29984474182129 9.33379173278809 12.4772729873657 11.7872314453125
7.67722129821777 9.90690994262695 16.7443733215332 26.3725891113281 4.0891432762146 2.52550888061523 0.868273973464966 3.32140398025513 0.938442766666412 4.26190233230591 7.28362798690796 12.5399560928345 20.4484710693359 30.4394950866699 4.43092393875122 4.63158273696899 6.04189968109131 6.68395948410034 7.16816711425781 7.68969058990479 7.09558629989624 6.73197317123413 7.05731391906738 6.97175168991089 3.19422221183777 2.09901714324951 1.79814386367798 1.56549668312073 1.71325254440308 2.01210522651672 3.10520434379578 2.95982480049133 4.55732917785645 4.41118621826172 3.75793623924255 18.2762145996094 30.2036113739014 40.9997482299805 15.4039821624756 0.573848843574524 0.83011519908905 2.03515839576721 13.8506593704224 13.4157810211182 2.70738887786865 0.536578178405762
5.35400629043579 8.05520820617676 10.4064245223999 22.7290992736816 11.3570384979248 5.48425436019897 3.92403435707092 2.51045775413513 0.702951073646545 3.80119919776917 4.10785865783691 10.8187265396118 19.9669361114502 30.2354831695557 2.33973908424377 27.3426494598389 4.90235376358032 6.59550809860229 7.04239749908447 7.97856616973877 8.54822444915771 7.9906587600708 8.42550277709961 7.9596734046936 7.80946063995361 3.26066279411316 1.55777311325073 1.49742901325226 1.58506393432617 1.94162428379059 2.06819462776184 3.17224144935608 3.03062534332275 5.00255537033081 4.72524309158325 3.75381922721863 26.846004486084 36.8231239318848 7.13370132446289 0.748271524906158 0.898538649082184 1.676717877388 3.71119070053101 20.3825836181641 30.4749641418457 6.49161624908447
6.35859870910645 5.62013721466064 12.5941457748413 19.4492511749268 34.2008514404297 30.6551246643066 11.2322301864624 0.435516536235809 0.40630030632019 0.741387486457825 4.44507789611816 5.23269844055176 17.5773868560791 27.505090713501 2.35694265365601 29.7573776245117 2.8787579536438 5.44585132598877 6.73021268844604 7.81344223022461 8.89897727966309 9.69439697265625 10.3274488449097 9.5355978012085 9.05449295043945 8.83516883850098 3.32658195495605 1.50955271720886 1.67333567142487 2.14363169670105 2.81520962715149 2.51206970214844 3.20982480049133 3.07112455368042 5.62796306610107 5.78201389312744 5.18166923522949 4.95524072647095 1.51433062553406 1.16550469398499 1.02682375907898 4.26093435287476 16.9183387756348 26.495813369751 4.56256866455078 2.20112156867981
12.9229774475098 19.7228469848633 7.99590921401978 8.08542823791504 11.091404914856 23.718469619751 0.34331488609314 6.70310068130493 0.881743133068085 1.28581571578979 16.1845722198486 29.5327548980713 5.75101232528687 18.5806503295898 2.94126868247986 11.707688331604 3.2280867099762 7.39205646514893 6.02661085128784 6.43733024597168 9.00352478027344 9.47626304626465 11.072717666626 11.613226890564 10.8011922836304 10.5015888214111 11.4810552597046 11.2322082519531 3.46477866172791 2.43815636634827 2.8269350528717 1.92041742801666 2.49019718170166 3.26042127609253 3.27090835571289 3.55097126960754 6.70834922790527 5.79524087905884 5.38078832626343 3.08153629302979 2.7967529296875 2.97934126853943 9.08141803741455 15.7013816833496 2.19061064720154 7.08570766448975
17.2980976104736 17.3838558197021 7.69245290756226 13.8678817749023 11.3689155578613 5.00283193588257 0.94701361656189 0.712476134300232 0.590314626693726 0.90580815076828 1.21600520610809 5.26025724411011 2.76917695999146 6.00838232040405 11.8394660949707 3.183762550354 5.71207094192505 4.92452192306519 8.43012428283691 6.75060033798218 7.4099235534668 10.8612508773804 12.5953731536865 12.7717781066895 13.0971517562866 12.5759258270264 13.8724737167358 14.3849763870239 14.140453338623 3.58172607421875 2.19896793365479 1.90171384811401 1.72774243354797 2.52355074882507 2.57087421417236 3.32016110420227 3.69194221496582 8.24336528778076 7.15038967132568 3.16024112701416 3.08606743812561 2.94780468940735 3.06521821022034 3.38064312934875 2.42500710487366 4.03582668304443
2.10426592826843 1.56131303310394 2.88761878013611 1.30514490604401 1.80236995220184 2.09126901626587 1.44853723049164 1.63481068611145 6.14231204986572 1.26319766044617 27.4535675048828 2.88374900817871 5.96991539001465 5.30403232574463 9.55624961853027 18.3220100402832 16.5123958587646 20.4648571014404 7.44017934799194 9.83109951019287 8.10758399963379 9.37356281280518 10.6251735687256 15.6650161743164 14.7465629577637 16.3585739135742 17.0216236114502 17.4625587463379 19.1776466369629 18.5290336608887 3.6426477432251 1.87402081489563 1.58288216590881 1.73609161376953 2.55317139625549 2.6021134853363 3.37758111953735 3.70849585533142 11.7355003356934 14.0690231323242 10.0864343643188 3.22451972961426 3.1553053855896 3.25701546669006 3.7680971622467 3.96003413200378
2.37656569480896 2.22221398353577 2.54210472106934 3.13227701187134 3.28402829170227 3.31428456306458 3.42035365104675 3.34274053573608 3.52200841903687 2.67880153656006 2.14060044288635 2.02725768089294 6.70541858673096 7.69784879684448 7.59535646438599 7.01941442489624 9.38799381256104 4.19563913345337 4.71147012710571 11.183497428894 11.8865699768066 13.6810169219971 12.2827615737915 11.7826585769653 20.679407119751 16.4512119293213 20.4415111541748 21.1313972473145 22.9536991119385 28.6878051757812 39.9895095825195 39.1488800048828 3.7786557674408 1.70750796794891 1.74854230880737 2.59504365921021 2.5911009311676 3.05864572525024 3.38833022117615 3.16607666015625 2.21101546287537 2.44057035446167 3.57333660125732 3.61851143836975 3.58149433135986 3.85251545906067
2.37570095062256 2.51202607154846 2.4158980846405 2.54201626777649 2.99262380599976 3.65554404258728 3.57601547241211 3.75426936149597 3.75085639953613 3.9884922504425 4.27446985244751 5.43108034133911 6.47165393829346 7.36241722106934 8.90494155883789 9.02283668518066 9.65859508514404 11.5845470428467 13.0908126831055 12.085711479187 14.8285474777222 12.9081134796143 16.9384098052979 16.1943206787109 15.6022520065308 30.9240169525146 43.0929336547852 26.6579704284668 27.8435840606689 33.9473762512207 46.0413360595703 1.80471479892731 1.91518247127533 3.91227269172668 2.14371705055237 1.87255012989044 1.84143245220184 2.62380266189575 2.64633178710938 3.45653080940247 3.28793811798096 3.33265018463135 3.00060701370239 3.86355972290039 3.9688925743103 3.81942868232727
2.74371242523193 2.38442778587341 2.70808696746826 2.84076333045959 2.81749653816223 3.32602310180664 3.98024010658264 3.88967990875244 4.04730224609375 4.15465497970581 4.3841290473938 5.00403308868408 6.46876382827759 7.31082630157471 8.73052310943604 10.5458374023438 11.1280279159546 12.6562480926514 13.3362550735474 16.71457862854 15.4235696792603 19.3598918914795 16.5160064697266 22.5825786590576 24.4258327484131 35.2211875915527 34.2586326599121 8.05549430847168 44.8298988342285 51.3048973083496 52.4272232055664 3.40929555892944 10.051381111145 4.31228637695312 4.20899772644043 4.10970115661621 2.33336615562439 2.38677835464478 2.67580533027649 2.65234136581421 3.56837797164917 3.60034251213074 3.63202834129333 3.21963715553284 3.30407881736755 4.22081899642944
2.97413730621338 2.85114645957947 2.75025200843811 2.77110552787781 3.09943962097168 2.7941792011261 3.62865447998047 4.33566808700562 4.49685478210449 4.40533399581909 4.58152151107788 5.23347806930542 5.98100805282593 6.63105058670044 8.59930992126465 10.3318471908569 12.6962785720825 14.5711574554443 16.009449005127 16.7617359161377 21.8646469116211 19.7829208374023 28.8122844696045 40.8433570861816 36.6224136352539 46.0262756347656 7.18846321105957 12.1411504745483 15.2558689117432 14.9942932128906 3.31797289848328 0.710609138011932 1.26416337490082 1.84322321414948 4.49223041534424 4.3958044052124 4.27117586135864 2.37699627876282 2.43252444267273 1.77413475513458 2.72924733161926 2.78981304168701 3.79724144935608 3.89013051986694 3.46457409858704 3.5439441204071
3.44695854187012 3.02984738349915 3.08202600479126 3.10279297828674 2.95563197135925 3.32125163078308 3.47228217124939 3.46861863136292 4.16721153259277 4.91447401046753 4.99865913391113 5.38759422302246 6.16304969787598 6.94701957702637 7.84511661529541 10.1869354248047 12.4709873199463 14.1605348587036 18.536714553833 21.3555946350098 21.868444442749 32.0498847961426 44.5965538024902 41.803581237793 7.13412189483643 7.06424713134766 2.14107871055603 11.0700616836548 6.32381916046143 13.2770881652832 1.12837207317352 0.850502073764801 1.46083700656891 2.34555101394653 4.96042108535767 4.70418500900269 4.57888841629028 4.46012449264526 2.42159700393677 2.48156046867371 1.81358051300049 2.83263969421387 2.92089509963989 3.98376655578613 4.17303991317749 4.30081176757812
3.96486568450928 3.72280883789062 3.59508061408997 3.22025680541992 3.21379446983337 3.21419477462769 3.27030801773071 3.7013213634491 3.74661302566528 4.57731533050537 5.44890642166138 5.54733180999756 6.16900253295898 6.40510177612305 8.63038921356201 9.96708583831787 12.3290224075317 14.3541994094849 18.359167098999 26.2915439605713 36.9327850341797 43.4666900634766 44.8884239196777 4.66872310638428 6.15335559844971 3.26443147659302 11.1758995056152 3.55907464027405 10.4242029190063 4.67153072357178 11.1476192474365 1.12898504734039 1.38638639450073 1.73738300800323 5.25089359283447 5.36466407775879 5.31957769393921 5.01239681243896 4.90300941467285 4.81569194793701 2.54047250747681 2.55906820297241 2.9491720199585 2.98040914535522 4.18754291534424 4.27600908279419
6.74522304534912 3.5240170955658 4.5423412322998 4.85609865188599 5.98485040664673 3.38353848457336 3.55376148223877 3.47941970825195 3.98681282997131 3.86309313774109 5.10584402084351 6.0993914604187 6.53411722183228 7.05742311477661 7.63208961486816 9.41174507141113 13.06787109375 13.1413908004761 20.8101863861084 29.607889175415 35.7413101196289 20.5561084747314 7.35157918930054 8.06302165985107 2.45111203193665 5.12989282608032 8.54183483123779 3.82450985908508 8.17390537261963 4.49312114715576 6.27906942367554 18.3579235076904 1.4563330411911 8.09477138519287 2.87769150733948 5.63559055328369 5.67152166366577 5.61365938186646 5.31777715682983 5.21396684646606 5.13640546798706 2.55687642097473 2.62938761711121 1.94429242610931 3.10708665847778 3.23137235641479
2.66126847267151 4.50569772720337 4.39315938949585 6.10487985610962 5.09777736663818 2.60982394218445 3.52186059951782 3.83411121368408 3.77137637138367 4.31689548492432 4.59703493118286 4.93061923980713 6.23437929153442 7.32804679870605 7.62529468536377 8.88382625579834 11.5653963088989 18.9738082885742 16.7448596954346 29.6413230895996 19.7163734436035 28.4331226348877 1.45718038082123 3.35865306854248 1.48701024055481 2.10907888412476 2.31926965713501 8.07436561584473 6.22289133071899 5.93425559997559 6.31505012512207 9.56478786468506 1.53576767444611 6.52000284194946 1.67680108547211 5.76325178146362 5.96250772476196 6.02940320968628 6.00877666473389 5.7152419090271 5.59664106369019 5.50487327575684 2.62529945373535 2.71228218078613 2.74418520927429 3.2379469871521
9.83673191070557 5.69846630096436 4.32438039779663 4.68128824234009 4.77906131744385 2.44484782218933 2.50691652297974 3.89846086502075 4.19840955734253 4.42026281356812 4.44791460037231 5.08252239227295 5.51951789855957 7.1140193939209 8.33516216278076 9.0539722442627 10.6954345703125 13.401912689209 28.3483257293701 36.1224479675293 31.6361045837402 13.2864685058594 1.56593465805054 1.46779000759125 3.10516977310181 3.19178605079651 1.631343126297 7.98262643814087 5.00878715515137 5.74989366531372 4.66854858398438 2.83798241615295 1.82741701602936 13.5287179946899 1.6664971113205 2.04628968238831 6.10942506790161 6.36980819702148 6.50863599777222 6.76703500747681 6.75154876708984 6.41854858398438 6.3165922164917 6.22021007537842 2.74479532241821 2.84002494812012
10.2691354751587 8.37348079681396 6.98943996429443 5.46444177627563 4.78467321395874 2.57735228538513 2.4628803730011 2.96579432487488 4.32970142364502 4.79962158203125 4.94208574295044 4.92791938781738 5.59937477111816 5.49670648574829 7.1933159828186 9.21649074554443 10.5422945022583 13.1891984939575 17.6982345581055 27.8114166259766 7.34638023376465 18.313777923584 2.01566576957703 7.91420078277588 1.8854558467865 2.61083626747131 4.37792444229126 2.13770890235901 2.60936331748962 4.47741746902466 1.53262090682983 1.41742312908173 2.32638454437256 5.34836196899414 1.8606014251709 7.2786979675293 7.26819086074829 6.50105047225952 6.80433654785156 7.07770347595215 7.34544277191162 7.35739612579346 7.00267457962036 6.8564658164978 6.75839900970459 2.81885242462158
10.9477872848511 11.8194770812988 8.21431350708008 8.19558429718018 2.90438079833984 2.86025214195251 2.74312877655029 2.80130100250244 3.38095211982727 4.10249090194702 5.30104398727417 5.42970561981201 5.49655199050903 6.23208522796631 6.71877288818359 8.81804466247559 11.3057222366333 12.9203462600708 18.4122562408447 27.321231842041 20.7941627502441 12.0267505645752 2.76123070716858 2.29710125923157 1.55346381664276 8.43150520324707 5.40928840637207 7.84078121185303 5.63453912734985 9.95065212249756 4.45440816879272 1.27344608306885 3.42891311645508 4.23439407348633 1.87894952297211 2.4677038192749 2.55651640892029 7.69362497329712 6.93901872634888 7.21576642990112 7.69416856765747 8.04651832580566 8.51878261566162 8.50261116027832 8.0849437713623 7.9516077041626
8.78999996185303 7.7220253944397 3.99402379989624 2.72368049621582 2.59829998016357 2.72905445098877 3.09478139877319 3.00970983505249 3.23151707649231 3.81115007400513 4.31865262985229 5.88086271286011 6.00185537338257 6.47553730010986 6.70573472976685 7.83162546157837 10.3091335296631 13.3600492477417 16.135347366333 27.0241165161133 15.7140064239502 8.01476955413818 2.66967368125916 3.04781031608582 3.12336015701294 4.4182333946228 2.07315731048584 2.92504334449768 7.61546325683594 17.8991184234619 1.40579664707184 1.2271945476532 3.84797310829163 4.09573936462402 1.51752233505249 2.14649415016174 7.60124349594116 9.57696056365967 8.6433048248291 8.87706756591797 7.84120655059814 8.43894386291504 8.9227933883667 9.52206707000732 9.53178024291992 9.0592794418335
