slauniainen/Data/DEM/Vihti_dsm1500b_cl_horizonAngle_126.asc
NCOLS 196 
NROWS 178 
XLLCORNER 353680 
YLLCORNER 6699024 
CELLSIZE 16 
NODATA_value -3.4e+38 
[rows 120 to 139 of 178, columns 92 to 137 of 196]
4.7971625328064 5.62448263168335 6.4114785194397 6.8253173828125 6.95893239974976 7.9231276512146 9.06272411346436 9.10418510437012 9.64504528045654 10.2959308624268 10.3066434860229 10.6530981063843 10.9709024429321 11.6109933853149 12.2911491394043 12.7754011154175 12.8753833770752 13.3180131912231 13.7790994644165 14.966968536377 18.5321941375732 20.7233200073242 21.9148693084717 23.9352264404297 20.6603107452393 23.4552879333496 22.0098648071289 16.9041080474854 13.3031930923462 19.5795764923096 31.0551280975342 20.6147632598877 22.5198173522949 24.113676071167 25.1507034301758 26.3926868438721 23.7210330963135 16.3328857421875 7.90442276000977 3.51349115371704 5.40276956558228 7.26841020584106 7.70876121520996 10.2780017852783 16.7088985443115 22.2313556671143
4.08931732177734 5.52931070327759 9.3299388885498 12.4551248550415 6.62531471252441 7.83210039138794 9.45301055908203 9.97793292999268 10.2826223373413 10.2053756713867 10.9305334091187 10.9687595367432 11.3264446258545 11.7743301391602 12.2337036132812 12.9433660507202 13.6976337432861 14.1616792678833 14.6519985198975 15.596363067627 17.7406616210938 24.8790855407715 25.1007995605469 18.8880634307861 22.5030326843262 24.6198139190674 26.6232566833496 10.0470390319824 12.4171018600464 16.8360729217529 22.1500072479248 20.1776161193848 27.0696544647217 25.6709003448486 21.7324466705322 17.3706893920898 17.9997177124023 19.6054058074951 14.3661766052246 6.04126691818237 5.25003719329834 11.0783166885376 7.61257934570312 10.405800819397 14.9942789077759 16.1483879089355
4.9484977722168 5.48989677429199 6.65445470809937 11.8842754364014 7.17638778686523 7.61369132995605 9.27222919464111 9.66051483154297 10.792088508606 10.8779315948486 10.8335371017456 11.6343851089478 11.8170728683472 12.2099151611328 12.893349647522 13.1950616836548 14.2255659103394 15.046010017395 15.6671047210693 16.4705009460449 18.1416187286377 24.6385555267334 26.352502822876 19.125431060791 22.7960872650146 30.4933071136475 22.9400272369385 21.5284099578857 14.7529802322388 13.0185556411743 22.4388675689697 26.4406642913818 29.4631328582764 17.7889289855957 16.4070739746094 13.5323123931885 10.5758848190308 10.3779535293579 6.681715965271 3.57398271560669 3.17643618583679 8.95962238311768 6.98142051696777 10.9825649261475 11.1692657470703 17.7452430725098
4.105149269104 6.07863903045654 6.88541078567505 8.04851055145264 7.66521978378296 7.68852806091309 9.14290714263916 9.27780818939209 10.267315864563 11.4539632797241 11.546648979187 11.5369834899902 11.9708013534546 12.9510459899902 13.4616422653198 14.1846389770508 14.926646232605 15.7418003082275 16.6104049682617 19.4932270050049 20.047155380249 31.0427799224854 27.75022315979 18.0625820159912 19.9268970489502 25.2857303619385 28.3561534881592 29.4358959197998 9.82914543151855 10.0681371688843 13.3054275512695 20.5012989044189 16.0177459716797 9.43492794036865 13.9108114242554 5.45798063278198 10.6930551528931 19.7616901397705 12.6726989746094 3.84610939025879 0.0587355084717274 2.94946575164795 7.98727798461914 7.44963264465332 8.36722564697266 14.1979541778564
4.63843727111816 5.73858213424683 6.77615833282471 7.69122838973999 12.356466293335 8.50881385803223 9.28629589080811 9.7856388092041 10.0820589065552 11.1035957336426 12.201488494873 12.6763553619385 12.7619695663452 12.9029493331909 13.965368270874 14.6063070297241 15.3843669891357 16.1838760375977 17.2304439544678 18.148796081543 26.3044395446777 27.1039428710938 17.1915874481201 19.2542476654053 20.3615589141846 25.6358852386475 24.0675754547119 15.5196800231934 6.90057325363159 9.88620758056641 13.0207643508911 11.0866022109985 14.7872447967529 20.6493587493896 11.0846796035767 4.46329164505005 6.85857009887695 5.5097222328186 -0.447385519742966 -0.591248989105225 6.46798706054688 20.5133895874023 0.684876143932343 1.01105189323425 9.20259666442871 10.155330657959
5.00435972213745 6.23375749588013 6.77688360214233 7.36057281494141 7.83844804763794 7.74157094955444 9.55514430999756 9.91330623626709 10.1737823486328 10.9131288528442 11.8283958435059 12.2883415222168 13.5793581008911 13.6855058670044 14.0013675689697 15.1435956954956 15.9099864959717 16.8525676727295 17.7437839508057 21.3806629180908 26.0002059936523 19.9132232666016 16.796817779541 20.1968994140625 20.7350997924805 27.5533123016357 17.3990840911865 12.1008024215698 10.7191925048828 8.46534824371338 10.9934396743774 13.2776899337769 10.2533111572266 16.4175586700439 13.4050931930542 4.46766757965088 5.69383192062378 4.56769227981567 3.56119418144226 6.89873504638672 9.35824680328369 0.123044326901436 -1.00648534297943 1.10328149795532 5.06673049926758 11.8808717727661
4.70699691772461 7.25858879089355 6.60041570663452 13.247652053833 7.28977203369141 11.7055282592773 9.20989894866943 9.38642311096191 10.567419052124 10.7824211120605 11.5820741653442 12.0030641555786 13.1705265045166 14.6318969726562 14.7448453903198 15.0083084106445 15.8301639556885 17.0902442932129 18.2481670379639 23.6699256896973 18.1345138549805 17.9743137359619 18.8863296508789 31.1782035827637 16.8636322021484 16.383430480957 14.102744102478 13.5535440444946 13.4113330841064 18.1360301971436 14.2432775497437 14.6386413574219 17.7664566040039 18.913459777832 22.8095207214355 6.60582637786865 8.47874164581299 8.74959850311279 16.3129138946533 17.1027851104736 9.6921911239624 3.47084856033325 0.737896621227264 1.694455742836 4.07504177093506 6.25785827636719
7.43604135513306 10.9970293045044 10.6906986236572 18.2682781219482 23.2113094329834 15.3422231674194 8.00006008148193 9.41645240783691 10.0890083312988 11.1882839202881 11.767466545105 12.3308925628662 12.9361906051636 14.1942663192749 15.8459005355835 16.3706951141357 16.4497890472412 17.4635486602783 18.8812961578369 21.186206817627 18.7962284088135 18.8494567871094 22.4418964385986 26.7352199554443 18.286828994751 17.6993408203125 18.9990081787109 21.89089012146 19.1207237243652 20.3392372131348 30.7484455108643 27.2565517425537 22.4513721466064 22.4652442932129 39.1528129577637 9.3137378692627 19.0107231140137 16.4157085418701 25.6465282440186 32.5610008239746 18.4661426544189 10.4952564239502 0.109202541410923 1.46859157085419 3.29928779602051 8.3582820892334
8.83512592315674 14.1260251998901 13.1278505325317 11.9247856140137 13.2365045547485 6.86027908325195 6.75513458251953 8.19818210601807 9.61793994903564 10.4969167709351 11.9143266677856 12.6871099472046 13.1562957763672 14.0120458602905 15.3605527877808 16.1494007110596 17.8851661682129 18.0169429779053 18.9364833831787 27.6306800842285 20.2765007019043 20.7958965301514 27.9294204711914 27.6223602294922 22.9266109466553 18.8055763244629 22.6135921478271 24.4558620452881 27.1280841827393 24.5405921936035 33.1774215698242 20.1852359771729 17.6891231536865 15.7076301574707 17.1895179748535 7.87606000900269 25.3438892364502 26.3454990386963 30.6016635894775 27.2153987884521 6.75517416000366 6.55880832672119 -1.42984652519226 6.08978462219238 2.55106639862061 21.5145397186279
8.67752742767334 13.5622720718384 12.7828798294067 23.1357479095459 14.579797744751 13.9024524688721 7.82886028289795 9.29496192932129 8.79467105865479 10.4971704483032 11.7559432983398 12.0402040481567 13.608344078064 14.1281909942627 15.1934452056885 16.1686191558838 17.7146873474121 20.1729698181152 21.9012603759766 32.528190612793 19.8310279846191 21.230785369873 30.0383319854736 24.0464096069336 20.0921688079834 19.3098735809326 20.8903293609619 24.5554523468018 22.7177696228027 16.7612342834473 16.0099449157715 20.337158203125 20.815954208374 32.8142929077148 17.1736392974854 17.6197872161865 28.865234375 23.2961444854736 14.3828144073486 -0.0659832134842873 9.44006061553955 4.71153879165649 -2.05163621902466 -1.73405563831329 0.0224903635680676 20.5059185028076
11.6488361358643 12.6736621856689 15.0399045944214 13.2777051925659 15.629054069519 15.6113443374634 26.871431350708 20.1858444213867 19.6138210296631 13.1898412704468 11.3637313842773 14.7104158401489 15.0528774261475 14.0926790237427 14.7020378112793 16.0587482452393 17.1427669525146 18.8475933074951 20.4734840393066 23.3025817871094 19.6184959411621 25.3543891906738 23.3307609558105 23.5549240112305 23.8427505493164 22.2716503143311 21.1204853057861 23.7315330505371 23.3583354949951 18.2279663085938 21.7047328948975 23.2928352355957 23.4067153930664 9.86313056945801 2.46932291984558 9.22827339172363 7.76950311660767 -2.42052173614502 -2.32348203659058 9.4472827911377 14.4241466522217 -2.43895888328552 -2.33701968193054 -1.26294350624084 0.884118735790253 17.120512008667
12.2481698989868 17.6474189758301 18.8035831451416 28.9126605987549 43.5588493347168 20.4039478302002 17.1910247802734 9.21866321563721 18.3631954193115 6.99863243103027 29.6342678070068 35.1305541992188 12.2306423187256 15.1494140625 25.2899570465088 34.0426406860352 17.6383037567139 19.3582439422607 28.5990447998047 23.4069042205811 23.4264583587646 30.8998508453369 23.5859851837158 24.7511863708496 27.6619186401367 25.9629230499268 25.6933155059814 28.8807029724121 33.6457786560059 27.1615352630615 27.8946304321289 10.4054765701294 7.34961748123169 6.91816186904907 5.32577180862427 1.87961077690125 2.49258542060852 -2.43231630325317 0.983528196811676 6.12586069107056 -0.676742732524872 -2.1899836063385 -1.76742553710938 -1.73338389396667 -0.265991568565369 15.1342830657959
22.2312622070312 23.9319648742676 24.3469352722168 29.0090026855469 37.8181648254395 18.1750907897949 21.8682708740234 29.5593719482422 26.4853286743164 6.60004663467407 14.8747682571411 17.6491966247559 10.321400642395 21.1712589263916 20.3295021057129 12.074333190918 14.2368211746216 27.6028060913086 25.5548553466797 19.1940650939941 33.3083763122559 28.321138381958 24.145191192627 30.4231395721436 24.6423397064209 29.055757522583 34.0830230712891 30.803560256958 21.287841796875 7.40032911300659 4.52852535247803 4.55930376052856 7.39143371582031 8.69046115875244 10.3098649978638 10.5356435775757 6.81360149383545 -2.18110537528992 1.32269060611725 2.56527161598206 5.44336223602295 5.60741901397705 -0.725165784358978 0.16212160885334 -0.293207079172134 2.86196184158325
27.3032836914062 33.6497230529785 50.0033073425293 32.1794090270996 20.9222755432129 24.7266044616699 23.3842887878418 25.4059391021729 17.4197120666504 14.3643960952759 14.4669561386108 20.5412616729736 12.5197486877441 8.10905647277832 11.8455266952515 11.8973922729492 15.1926746368408 17.0067138671875 18.5096893310547 22.0529632568359 22.92431640625 21.742115020752 35.1921424865723 32.3988151550293 28.1760559082031 24.8549461364746 23.1986637115479 17.6587715148926 7.97601652145386 4.18169212341309 4.81671619415283 10.41100025177 11.0196571350098 18.8467273712158 21.1964893341064 12.8206510543823 12.0595579147339 -2.4191198348999 12.1842203140259 18.4329719543457 12.0273590087891 3.37269353866577 -1.33266139030457 0.388144671916962 2.87709665298462 2.43691968917847
36.0093955993652 38.1320991516113 35.8121948242188 15.094747543335 24.9668006896973 21.8461093902588 19.9711570739746 20.5629386901855 19.3178100585938 3.18985557556152 4.053626537323 6.0310492515564 6.12057447433472 7.25865793228149 9.15470123291016 9.62934875488281 13.484206199646 15.774507522583 20.2311000823975 23.6115913391113 22.2342357635498 26.3635997772217 26.6906852722168 29.9984931945801 24.1281452178955 25.9865112304688 18.293025970459 11.9511671066284 3.37419724464417 5.83854532241821 4.65521764755249 13.9137935638428 6.75206470489502 10.17360496521 5.61697053909302 0.187314540147781 -2.2072434425354 -2.51923537254333 1.89133131504059 -2.27663850784302 -1.81200981140137 -1.46620643138885 -1.60820639133453 -0.901653349399567 -0.222644537687302 4.75457143783569
34.5101089477539 18.850866317749 15.9292917251587 12.9411058425903 8.3898458480835 13.7063341140747 16.5613536834717 10.2166271209717 10.7625026702881 3.02025103569031 3.66183233261108 3.51395630836487 5.1940655708313 6.95252084732056 8.92717170715332 10.1028175354004 11.0600452423096 13.8176584243774 21.3957462310791 20.641716003418 20.4976406097412 27.3111743927002 27.7681293487549 27.2307777404785 21.7451229095459 27.9483318328857 27.6176910400391 20.3259620666504 1.32970714569092 3.41997075080872 28.8375015258789 4.66521883010864 4.10690593719482 7.0483226776123 -1.07861185073853 -1.85501301288605 11.832799911499 3.85618996620178 -2.28447103500366 -1.9031708240509 -2.05770492553711 -1.68862414360046 -1.32928931713104 -0.0153815420344472 -0.387175381183624 7.0339879989624
32.0183982849121 32.5974540710449 35.3002662658691 25.6580924987793 15.9908275604248 11.8231172561646 15.3790941238403 3.46760892868042 3.29571890830994 3.79105472564697 3.72358107566833 3.66897702217102 3.90834856033325 5.97218942642212 7.1584415435791 9.06013107299805 10.2304229736328 24.0097923278809 15.2576484680176 18.1990871429443 19.3141212463379 21.7125396728516 31.9934749603271 25.3643283843994 21.2923030853271 22.0301818847656 21.4556274414062 0.483875751495361 -0.0943376645445824 12.5237436294556 11.3058128356934 5.42024993896484 9.48459720611572 -0.720267832279205 -0.958063304424286 -0.595596671104431 -0.791044771671295 0.503961443901062 -2.34883093833923 0.730218648910522 -1.72478020191193 3.8904664516449 -1.36557722091675 -1.04034328460693 -0.638334155082703 -0.480787068605423
18.2481632232666 25.9257278442383 9.27006053924561 8.15865230560303 16.7897281646729 4.78613901138306 2.81382131576538 3.47147369384766 8.9189510345459 14.3249359130859 14.7249345779419 21.7279186248779 13.4932346343994 6.67747020721436 9.99325466156006 8.93874263763428 9.8034725189209 14.4736137390137 10.5239696502686 15.6634292602539 21.8945732116699 20.5113658905029 25.5279808044434 25.0753955841064 19.5310192108154 13.2445554733276 8.90629100799561 0.175487279891968 1.11166298389435 18.2417888641357 9.96341896057129 1.8570499420166 0.932384610176086 0.0175580494105816 1.45783221721649 -0.277835518121719 8.22360038757324 19.6564674377441 -0.538318634033203 -1.83475422859192 -1.75792074203491 -1.57722961902618 -1.5206344127655 -1.67132568359375 -0.721842408180237 2.01142382621765
24.8548278808594 8.1897029876709 6.31249904632568 6.13876962661743 1.87674534320831 1.81045758724213 2.68394351005554 3.76366567611694 5.59423494338989 16.9707336425781 11.254150390625 4.87966012954712 5.1985969543457 5.82004308700562 17.0696849822998 6.97542524337769 8.36566829681396 9.17497634887695 10.7976007461548 12.0861186981201 16.9904403686523 24.8111667633057 24.2841186523438 30.587438583374 20.6295223236084 15.2579946517944 15.0631523132324 14.8426113128662 5.79573774337769 7.33430433273315 1.32199382781982 0.424554407596588 3.4970395565033 4.97915554046631 4.0109543800354 1.75962698459625 2.56934976577759 7.70142936706543 -1.52648913860321 4.04745531082153 0.666882932186127 0.825921177864075 -1.3909285068512 5.90147638320923 -1.1487330198288 6.34300756454468
8.57914352416992 7.84255409240723 9.25303363800049 18.5208473205566 13.5592222213745 5.62978649139404 2.90713214874268 2.81460452079773 3.11387276649475 3.79897236824036 3.70799779891968 4.34133672714233 9.50099277496338 9.86813735961914 6.41638374328613 6.17707824707031 7.03524589538574 8.28121376037598 9.21017742156982 11.9334545135498 18.1196155548096 29.6651973724365 31.4889450073242 28.585090637207 22.775951385498 17.923059463501 26.4445953369141 4.77158212661743 -0.51365864276886 0.390371263027191 0.824873030185699 4.43365812301636 1.68823051452637 16.0195159912109 17.4222946166992 6.09887647628784 2.61988186836243 6.30950784683228 9.7306604385376 10.55446434021 2.86780023574829 3.49734449386597 -1.23492252826691 3.6131227016449 -0.493109047412872 -1.03618395328522
