slauniainen/Data/DEM/Vihti_dem1500b_cl_horizonAngle_168.asc
NCOLS 196 
NROWS 178 
XLLCORNER 353680 
YLLCORNER 6699024 
CELLSIZE 16 
NODATA_value -3.4e+38 
[rows 100 to 119 of 178, columns 90 to 134 of 196]
2.6328022480011 3.14418745040894 3.53472590446472 3.65397310256958 3.62983059883118 3.47064137458801 2.96447944641113 2.75905680656433 2.49774050712585 2.55817651748657 2.66157007217407 2.60359287261963 2.42082214355469 2.241135597229 1.95419788360596 2.51210904121399 3.02824544906616 3.14014554023743 3.36675310134888 3.55609607696533 3.64789700508118 3.96753740310669 4.08772420883179 4.16731357574463 4.43037271499634 4.94148063659668 5.35959196090698 5.81414937973022 6.054612159729 6.29340267181396 6.57744026184082 6.94994783401489 7.03282594680786 6.49249935150146 6.28768730163574 6.29161643981934 6.40051507949829 5.99185657501221 5.68895626068115 5.25809192657471 4.19910669326782 3.35536408424377 3.24989819526672 3.85543751716614 4.08955192565918
2.97567319869995 3.5210587978363 3.72397136688232 3.7693247795105 3.72645878791809 3.66127228736877 3.42419600486755 2.96046423912048 2.64030432701111 2.61465311050415 2.71919894218445 2.65641903877258 2.63046455383301 2.48320698738098 2.11741900444031 2.66967821121216 3.22842025756836 3.26976871490479 3.42092156410217 3.75702738761902 3.90522241592407 4.16068887710571 4.42265748977661 4.68588352203369 5.01632976531982 5.51883363723755 5.90275621414185 6.28911209106445 6.41265630722046 6.55621671676636 6.79301071166992 7.19283580780029 7.38905715942383 7.89188051223755 7.86771392822266 7.76877689361572 7.32090091705322 6.82613229751587 6.48982000350952 5.90816640853882 4.82095098495483 3.88215851783752 3.36843848228455 3.81650328636169 4.29050159454346
3.18089580535889 3.62400698661804 3.82809376716614 3.8442268371582 3.8153965473175 3.78996086120605 3.62836599349976 3.1494677066803 2.82382106781006 2.65001177787781 2.752028465271 2.80152010917664 2.73729395866394 2.53124856948853 2.21943187713623 2.73049879074097 3.31470727920532 3.57339978218079 3.5827260017395 3.87353491783142 4.18002939224243 4.43227434158325 4.87386512756348 5.13643503189087 5.4786319732666 5.90823984146118 6.18605661392212 6.34812927246094 6.56936550140381 6.66639041900635 6.90487480163574 7.2536940574646 7.5916953086853 8.33581638336182 8.42584323883057 8.49540996551514 8.10487842559814 7.7098970413208 7.41786956787109 6.80633926391602 5.64806461334229 4.90468978881836 3.95808744430542 4.00679588317871 4.53479623794556
3.32681202888489 3.70978379249573 3.90933775901794 3.92636895179749 3.94516682624817 3.90497303009033 3.83342909812927 3.58096146583557 3.0991735458374 2.76792359352112 2.75705075263977 2.86891531944275 2.80214333534241 2.58083248138428 2.26309418678284 2.67963528633118 3.36279034614563 3.69066309928894 3.87052822113037 4.28546476364136 4.56768560409546 4.79986047744751 5.30232667922974 5.53368711471558 5.80870532989502 6.00346660614014 6.37137460708618 6.53194284439087 6.79419279098511 6.89341735839844 7.12250566482544 7.4068717956543 7.72211885452271 8.33245372772217 8.7903938293457 8.87996673583984 9.04549980163574 8.93424224853516 8.57434749603271 8.12729358673096 7.07417011260986 5.65662384033203 4.66189479827881 4.40003061294556 4.84548330307007
3.48227620124817 3.81890439987183 3.92569971084595 4.0059380531311 4.0359206199646 3.99218273162842 3.91765785217285 3.69060945510864 3.30329203605652 2.93328833580017 2.82546925544739 2.94547557830811 2.87283325195312 2.66622257232666 2.45486736297607 2.72136616706848 3.42274188995361 3.7054386138916 3.90528106689453 4.5455584526062 4.88123464584351 5.0447564125061 5.60931587219238 5.79826307296753 5.88545656204224 6.18785619735718 6.59457015991211 6.75710916519165 7.02853202819824 7.12902736663818 7.37940979003906 7.67801856994629 8.0062894821167 8.56238746643066 9.21283721923828 9.30926418304443 9.50437641143799 9.55132484436035 9.19600105285645 8.93650150299072 8.04445171356201 6.80951976776123 5.12997579574585 4.82017993927002 5.21666812896729
3.55761456489563 3.9007842540741 3.95453977584839 4.09759330749512 4.12385606765747 4.08007621765137 4.00848340988159 3.77178692817688 3.37727189064026 2.99847507476807 2.89773321151733 3.0224461555481 2.95095944404602 2.91292262077332 2.72944188117981 2.754478931427 3.33934307098389 3.66928124427795 3.89763331413269 4.37506198883057 4.8834810256958 5.21798849105835 5.78183269500732 5.91606903076172 6.04960823059082 6.4057502746582 6.8267388343811 6.9950156211853 7.27444839477539 7.37790107727051 7.59525346755981 7.86196756362915 8.28166961669922 9.01495838165283 9.67176914215088 9.77764415740967 10.0133352279663 10.0646533966064 9.66686344146729 9.44975185394287 8.71359825134277 7.42290639877319 5.60871315002441 5.07171583175659 5.49736070632935
3.59815263748169 3.76738691329956 4.00008010864258 4.19221496582031 4.2174129486084 4.17210531234741 4.10124683380127 3.85693073272705 3.45363092422485 3.06533861160278 2.93664336204529 3.04977917671204 3.11899852752686 3.04002547264099 2.80237317085266 2.70843720436096 3.2046115398407 3.61239719390869 3.93781614303589 4.29902744293213 4.96546173095703 5.37323379516602 5.71671342849731 6.02287721633911 6.26038074493408 6.63596677780151 7.07568550109863 7.24968242645264 7.53801012039185 7.64717578887939 7.80750846862793 8.08786010742188 8.62808036804199 9.51215744018555 10.1810741424561 10.2943706512451 10.5738277435303 10.6578998565674 10.7878761291504 9.94846153259277 9.18665313720703 7.97677516937256 6.2414755821228 5.48145961761475 5.52916860580444
3.60695052146912 3.72860789299011 4.09075117111206 4.29573726654053 4.32162427902222 4.30520486831665 4.27769899368286 4.09298944473267 3.53271341323853 3.17773771286011 2.99663305282593 3.07159447669983 3.19970536231995 3.12743353843689 2.88636660575867 2.63897037506104 3.04333090782166 3.69551801681519 4.02557468414307 4.35113668441772 5.04055118560791 5.50105237960815 5.71513652801514 6.21413516998291 6.48122262954712 6.74901056289673 7.13826751708984 7.4019021987915 7.5814733505249 7.88078308105469 8.0141487121582 8.357421875 9.04428386688232 9.80973052978516 10.7422904968262 10.8630495071411 10.9962186813354 11.3319139480591 11.4758243560791 10.8228120803833 10.1662406921387 8.85778522491455 7.03364896774292 5.9565691947937 5.74138689041138
3.63643598556519 3.81285071372986 4.18431091308594 4.39554882049561 4.41426467895508 4.44990110397339 4.40333032608032 4.32435035705566 4.03625965118408 3.49251866340637 3.11488795280457 3.16117858886719 3.29159116744995 3.2106716632843 2.96744680404663 2.54572343826294 2.99326682090759 3.74272704124451 4.12140846252441 4.46333408355713 5.1242561340332 5.56916666030884 5.7942795753479 6.41871118545532 6.68508529663086 6.91668319702148 7.20745277404785 7.69111156463623 7.88041496276855 8.19510746002197 8.34537029266357 8.71591281890869 9.16530895233154 9.83270454406738 10.8426694869995 11.5094337463379 11.645791053772 12.0847826004028 12.2400493621826 11.5209636688232 11.2472219467163 10.1761474609375 8.52144813537598 6.34760713577271 5.93026876449585
3.68256187438965 3.90066599845886 4.27760410308838 4.41077756881714 4.51855325698853 4.55722141265869 4.51062345504761 4.43079662322998 4.15690517425537 3.71724796295166 3.29986000061035 3.25712943077087 3.38805150985718 3.29889392852783 3.09159445762634 2.85562705993652 3.05033230781555 3.83154535293579 4.14324903488159 4.3805890083313 5.23697757720947 5.64276027679443 5.99647521972656 6.65514802932739 6.87670660018921 7.02863788604736 7.48956632614136 7.99736309051514 8.19934749603271 8.52541923522949 8.6928539276123 8.96348285675049 9.78003025054932 10.4931173324585 11.5626201629639 12.2273263931274 12.418586730957 12.9398880004883 13.1072826385498 12.2652578353882 11.9482555389404 10.9213571548462 9.48049831390381 6.86390924453735 6.15130615234375
3.76547431945801 3.99158477783203 4.37588262557983 4.43373918533325 4.61721420288086 4.66477394104004 4.62377166748047 4.54334926605225 4.25907373428345 3.82762908935547 3.38044214248657 3.34896945953369 3.49519729614258 3.42133641242981 3.37770080566406 3.17257976531982 3.09283971786499 3.74325919151306 4.11274147033691 4.34325408935547 5.03555536270142 5.66918516159058 6.13777875900269 6.84688329696655 7.0041766166687 7.31528902053833 7.80419492721558 8.50207233428955 8.54023551940918 8.88635444641113 9.01556205749512 9.20568752288818 10.4657487869263 11.2280616760254 12.3681955337524 13.0262985229492 13.2898349761963 13.9060230255127 14.0843915939331 13.4945344924927 12.7222156524658 11.5884265899658 10.0591707229614 7.38969898223877 6.53213500976562
3.8496208190918 4.03248500823975 4.22784519195557 4.49552154541016 4.73495197296143 4.78212881088257 4.78963470458984 4.76363182067871 4.55754899978638 3.99899220466614 3.6523745059967 3.39474391937256 3.52987003326416 3.6251266002655 3.53383588790894 3.27128124237061 3.0402843952179 3.59592771530151 4.10685586929321 4.45633029937744 5.08765554428101 5.8768424987793 6.35837411880493 6.76949501037598 7.22483539581299 7.61421394348145 8.30517578125 9.09498405456543 9.0435733795166 8.9974536895752 9.36230850219727 9.84189701080322 11.261194229126 12.0775289535522 13.3015661239624 13.8865642547607 14.1658601760864 14.7330303192139 15.2846565246582 15.4840240478516 14.1564121246338 12.3406772613525 10.7251024246216 8.34497547149658 7.0669846534729
4.08116626739502 4.04297924041748 4.20667171478271 4.61420774459839 4.86808013916016 4.89434862136841 4.95271825790405 4.90171337127686 4.81322765350342 4.49187421798706 3.88176918029785 3.46266770362854 3.58721280097961 3.74016189575195 3.64822268486023 3.37781190872192 2.95370697975159 3.41461420059204 4.14530086517334 4.57190847396851 5.16943311691284 5.98208332061768 6.52193832397461 6.83572864532471 7.53299808502197 7.8726019859314 8.57109451293945 9.79316139221191 9.92061901092529 9.49470520019531 9.79974842071533 10.061562538147 11.4330863952637 12.634204864502 13.693151473999 14.4787969589233 14.6685028076172 15.6772918701172 16.6591548919678 16.8799953460693 15.5006895065308 14.5790920257568 12.7298469543457 8.98798274993896 7.58217144012451
6.37748193740845 5.42202138900757 4.68753623962402 4.72681617736816 4.89010810852051 5.0265064239502 5.08665895462036 5.03829622268677 4.95185422897339 4.62664222717285 4.13125324249268 3.66985964775085 3.70514535903931 3.86500811576843 3.77104353904724 3.48848080635071 2.85939526557922 3.37706089019775 4.24941205978394 4.5992865562439 5.30302810668945 6.08724594116211 6.62135362625122 7.07523345947266 7.84690761566162 8.104079246521 8.41366767883301 10.0343790054321 10.8424129486084 10.7378692626953 10.3225479125977 10.6228342056274 11.8727836608887 13.5634469985962 14.6359758377075 15.1121492385864 15.6584215164185 17.0325412750244 18.3133277893066 18.6226501464844 16.9812431335449 16.0835838317871 14.5905513763428 12.2478322982788 8.19063758850098
6.86638593673706 5.77689361572266 4.74015331268311 4.82001447677612 4.9244179725647 5.16423940658569 5.23187875747681 5.18299961090088 5.0920615196228 4.75400257110596 4.55344247817993 3.99141454696655 3.8259334564209 3.99888682365417 3.89890766143799 3.69885182380676 3.40391397476196 3.42294645309448 4.14570808410645 4.55939674377441 5.21017694473267 6.22868299484253 6.71028470993042 7.19949388504028 8.07541942596436 8.31585884094238 8.83721542358398 11.0831441879272 11.9735012054443 11.7416906356812 11.284327507019 11.3876333236694 13.0883693695068 14.9358882904053 15.9063091278076 16.3751659393311 17.3745174407959 18.7594509124756 20.291540145874 21.3753032684326 20.6869850158691 17.5322685241699 15.9077596664429 13.6023788452148 9.05966186523438
6.06527614593506 5.42758560180664 4.21654987335205 4.58885192871094 5.01760911941528 5.31597375869751 5.37602853775024 5.33240747451782 5.23632335662842 4.97989130020142 4.77150201797485 4.33919382095337 3.96609687805176 4.13587284088135 4.08165884017944 4.04529619216919 3.79583787918091 3.37048840522766 3.98316359519958 4.60375070571899 5.01545143127441 6.00617694854736 6.93614292144775 7.50346183776855 7.98644113540649 8.72924613952637 9.29550361633301 12.3503923416138 13.343090057373 12.9442176818848 12.5004558563232 12.4504489898682 14.5556621551514 16.5002994537354 16.808536529541 18.0456027984619 19.5612010955811 20.7550296783447 23.2067108154297 24.9593486785889 23.6522426605225 21.671085357666 18.5798282623291 14.8457536697388 10.4507169723511
3.67435026168823 3.91713666915894 4.19702863693237 4.6385293006897 5.15946578979492 5.47412109375 5.53706312179565 5.57427358627319 5.54202747344971 5.30178833007812 5.00953245162964 4.55295991897583 4.02897262573242 4.18163108825684 4.3235034942627 4.22260427474976 3.93132448196411 3.27959990501404 3.89608287811279 4.74400329589844 5.12753486633301 6.08749389648438 7.06080389022827 7.69514226913452 8.33195114135742 9.17684555053711 9.78928852081299 12.7120542526245 14.592474937439 15.4531860351562 14.7929449081421 13.6674833297729 14.6694793701172 16.3749542236328 17.7309875488281 19.456018447876 21.9809494018555 23.3630867004395 27.6232490539551 29.7729053497314 27.4622821807861 24.7148494720459 22.2435150146484 19.551456451416 12.7038059234619
4.41328620910645 3.89649891853333 4.25446701049805 4.79958629608154 5.31753778457642 5.63895320892334 5.69275903701782 5.79804182052612 5.77085399627686 5.6069393157959 5.26999998092651 4.77903938293457 4.12437534332275 4.31117153167725 4.49460363388062 4.38257646560669 4.08096170425415 3.20595169067383 3.83190178871155 4.77547645568848 5.29042148590088 6.25149393081665 7.18376731872559 7.81029367446899 8.78938484191895 9.66856861114502 10.0984020233154 12.1439590454102 17.2398738861084 18.0803966522217 17.0061798095703 15.9065771102905 15.3591718673706 17.5004749298096 19.217378616333 21.9128189086914 24.9496021270752 27.4751415252686 32.6044425964355 35.8966979980469 35.5300674438477 32.3748474121094 25.3774452209473 22.3684329986572 18.7599010467529
5.90379571914673 3.87508916854858 4.34835958480835 4.93205547332764 5.44947814941406 5.65892028808594 5.87838315963745 6.08849906921387 6.21860074996948 5.90630340576172 5.55936622619629 5.02834177017212 4.34216356277466 4.48870325088501 4.67454099655151 4.55226612091064 4.37430763244629 4.01887083053589 3.89736270904541 4.91233968734741 5.31594610214233 6.13819122314453 7.34473133087158 8.037428855896 9.094651222229 10.0605602264404 10.3821039199829 14.4053468704224 20.6318130493164 20.5579128265381 18.1875305175781 17.5417823791504 15.7257881164551 18.4760246276855 20.7588958740234 24.4348392486572 28.2892227172852 29.8288402557373 33.6741523742676 45.1094627380371 49.5954360961914 45.0734519958496 34.5744705200195 25.3652019500732 21.0682621002197
5.10608291625977 4.28006839752197 4.46201705932617 5.07774686813354 5.60959720611572 5.72005033493042 6.07225561141968 6.16340684890747 6.60221481323242 6.52493190765381 6.21239423751831 5.96102619171143 5.23681592941284 4.67988109588623 4.8639931678772 4.84115171432495 4.78545665740967 4.47527360916138 3.94454407691956 4.78714084625244 5.26363229751587 5.91330718994141 7.34586811065674 8.43868255615234 9.21476650238037 10.3586139678955 11.0339612960815 17.4106578826904 23.9187183380127 20.9100151062012 20.9328498840332 18.0359001159668 15.6687450408936 19.5029754638672 21.6335258483887 23.3671131134033 27.2884922027588 32.1965942382812 35.2132606506348 36.1820220947266 40.6874618530273 38.4068260192871 33.265697479248 27.0399017333984 22.9770240783691
