slauniainen/Data/DEM/Vihti_dsm1500b_cl_horizonAngle_78.asc
NCOLS 196 
NROWS 178 
XLLCORNER 353680 
YLLCORNER 6699024 
CELLSIZE 16 
NODATA_value -3.4e+38 
[rows 100 to 119 of 178, columns 45 to 89 of 196]
-1.62955093383789 11.1237049102783 12.9576797485352 14.8863849639893 -0.942851543426514 -0.750433385372162 -0.188834324479103 40.2184219360352 7.64159917831421 -0.375290930271149 1.01942908763885 1.07382833957672 1.64471304416656 2.46152496337891 2.67192840576172 2.86617088317871 2.94761347770691 3.64156866073608 3.98891258239746 4.41996908187866 4.97184371948242 6.3845272064209 10.5756998062134 11.6386089324951 12.9071111679077 14.4544916152954 16.6768417358398 19.5129718780518 23.5866298675537 34.4112892150879 52.152214050293 33.5144157409668 1.89048731327057 2.15212750434875 3.4996063709259 3.53420782089233 3.58832788467407 4.44474649429321 5.66791582107544 6.06295299530029 6.37238025665283 6.68004179000854 7.65765523910522 7.81372499465942 8.60525608062744
7.77983522415161 3.76499056816101 3.96815896034241 7.86671686172485 -0.900281608104706 -1.05104887485504 -0.131300672888756 0.831184983253479 0.924877524375916 0.863954126834869 1.06273889541626 1.13560557365417 2.54413533210754 2.67651724815369 2.8301522731781 3.03577494621277 3.68990468978882 6.6377649307251 7.14460563659668 7.75555276870728 8.56067657470703 9.44908714294434 10.4451856613159 11.4911117553711 12.7231616973877 16.1654434204102 18.589750289917 21.760461807251 26.1019821166992 34.1772880554199 51.9137840270996 46.19482421875 1.34832537174225 1.78921687602997 2.93642234802246 3.73753571510315 4.9044246673584 4.99957752227783 5.47931861877441 6.05978059768677 6.31031274795532 6.98097276687622 20.4831829071045 6.35888862609863 7.92903614044189
-1.49750745296478 -0.583782255649567 2.76086688041687 4.99788427352905 -1.03584563732147 -0.913543045520782 -0.658676147460938 -0.249781399965286 2.05058073997498 2.17518711090088 2.27070760726929 2.64673209190369 4.76810312271118 4.98523473739624 5.34988260269165 5.6711163520813 6.04110240936279 6.48314046859741 7.00686740875244 7.61540412902832 8.40111446380615 10.0359773635864 11.1188659667969 12.3302211761475 13.7721099853516 18.9570903778076 21.7450180053711 25.364595413208 30.1357975006104 36.6637420654297 28.861026763916 22.5685367584229 10.4549999237061 2.38994121551514 4.05422878265381 5.08237934112549 5.44942188262939 6.82589817047119 24.6550579071045 5.29949808120728 6.02992105484009 21.2614765167236 5.35501432418823 6.65691804885864 7.85465145111084
12.5966157913208 23.454044342041 24.5745506286621 -1.09047186374664 -1.07080924510956 13.7497491836548 7.26815986633301 -0.929148733615875 3.95704054832458 4.12371063232422 4.34282636642456 4.47257280349731 4.6697678565979 4.97452926635742 5.25442028045654 5.51682758331299 6.13349962234497 6.64403200149536 7.24332427978516 7.92678928375244 8.771164894104 11.9110260009766 13.1217002868652 14.5182847976685 16.1642189025879 13.5553960800171 14.2161455154419 16.7147750854492 20.0061264038086 24.5672168731689 37.509937286377 12.8157625198364 9.32008743286133 2.90226340293884 3.16899943351746 4.5104603767395 4.84912729263306 6.04426145553589 22.6045570373535 4.75424385070801 5.05017423629761 19.5811977386475 4.61883020401001 8.07200908660889 9.8967342376709
10.0516538619995 27.344165802002 29.9834175109863 1.62307620048523 3.70958185195923 1.33890998363495 1.47748219966888 1.59693908691406 3.85156917572021 3.94807410240173 4.13142156600952 4.50686836242676 4.79690265655518 5.05354785919189 5.32323741912842 5.61356353759766 7.47517347335815 8.08133506774902 8.77976894378662 9.57994079589844 10.5057382583618 8.82683944702148 8.51582717895508 9.32251167297363 10.3122406005859 11.509298324585 10.286792755127 12.0215673446655 14.4981021881104 17.5317420959473 18.7357139587402 26.098108291626 36.9373512268066 2.37921905517578 3.18766856193542 4.11536359786987 3.79852628707886 14.3939590454102 34.8269577026367 3.43406677246094 4.51986265182495 5.68176984786987 3.60738158226013 6.60690402984619 7.52052688598633
21.4341259002686 24.5308742523193 29.1095561981201 9.07288837432861 6.52000617980957 1.02587556838989 2.23183417320251 1.20021116733551 5.80478143692017 6.96097326278687 30.0987644195557 50.8688201904297 1.97700524330139 6.13649225234985 6.46878242492676 6.83068752288818 5.59645509719849 5.22946691513062 5.70371723175049 6.22329616546631 6.81056356430054 7.41682195663452 6.14828586578369 6.73805665969849 7.4887113571167 8.40407943725586 9.97833824157715 11.0683879852295 12.7159729003906 15.2223873138428 17.9981651306152 9.03166770935059 25.0584087371826 38.6821823120117 1.69201457500458 4.6815390586853 7.92964220046997 11.2158641815186 28.8435764312744 2.80301880836487 10.7761297225952 25.0651111602783 2.9195921421051 4.71607542037964 5.68414783477783
16.1600112915039 19.0532722473145 29.2413444519043 31.1035194396973 1.76959812641144 1.86358904838562 13.6051836013794 6.84406280517578 18.2810211181641 21.1445560455322 31.2147388458252 50.2001075744629 -0.381103307008743 1.12014007568359 4.09244251251221 4.33508062362671 4.68133687973022 3.72648954391479 4.03227949142456 4.30211210250854 4.76824951171875 5.18792152404785 6.01320123672485 6.64224863052368 7.42245674133301 8.15100383758545 4.52852010726929 9.20775318145752 10.6444683074951 12.3296842575073 14.031886100769 17.5051937103271 4.30809831619263 4.97257328033447 2.45771145820618 2.92839646339417 6.05342054367065 6.38782501220703 12.399320602417 8.60273361206055 8.24184894561768 22.0945091247559 3.22167372703552 3.04353642463684 6.0096435546875
15.1767206192017 19.7235355377197 27.0810298919678 5.57251977920532 26.4266872406006 11.6147804260254 8.25247001647949 12.8826026916504 20.6313209533691 24.402889251709 29.7692584991455 47.258228302002 -0.877601683139801 2.27016019821167 2.74170255661011 2.99049091339111 3.23451352119446 3.73132133483887 3.86939001083374 3.90030717849731 4.41566514968872 5.03026056289673 14.3328695297241 27.94069480896 3.63862609863281 6.88451862335205 7.36324310302734 2.69335603713989 2.2783477306366 2.38289713859558 2.67919135093689 21.656229019165 37.7453079223633 1.62733733654022 1.94201493263245 2.87926006317139 3.37764811515808 5.81265687942505 17.2032108306885 9.27592945098877 3.78480195999146 3.00150871276855 3.92548632621765 3.08254957199097 3.47591233253479
8.86785411834717 8.13637924194336 13.6571702957153 26.3838272094727 7.82784700393677 7.95555210113525 14.0891170501709 16.679349899292 32.6643142700195 50.2082786560059 12.6384210586548 -1.09600150585175 1.80863678455353 2.00442433357239 2.5241961479187 2.99003005027771 3.27981305122375 3.42617440223694 4.1701283454895 3.61717987060547 5.15605449676514 8.30995655059814 4.36054849624634 2.17247486114502 2.18641543388367 2.06931900978088 6.56450653076172 32.696605682373 51.8565826416016 0.241931542754173 8.4418249130249 21.2684783935547 0.307443201541901 0.915800452232361 1.59447526931763 2.88156747817993 13.3720693588257 32.4601821899414 2.317786693573 9.15677356719971 4.28353500366211 2.19368839263916 15.5918779373169 28.2869663238525 2.02928924560547
7.30627298355103 8.40724563598633 10.140661239624 10.7369689941406 11.8566761016846 14.7137117385864 17.8836631774902 22.6778011322021 25.7633228302002 29.2113399505615 43.2022018432617 -0.158531710505486 0.778486132621765 2.18731355667114 2.42453241348267 2.85656595230103 3.15598440170288 3.40056777000427 2.94170212745667 1.54411804676056 1.77394461631775 1.84996592998505 10.6504774093628 12.2274398803711 14.0195798873901 16.9444904327393 33.4209327697754 52.6868019104004 0.180231317877769 0.21818582713604 8.74618434906006 10.8820581436157 -0.137315779924393 0.725887537002563 0.797451734542847 6.69230842590332 23.2817859649658 44.8368721008301 1.23460686206818 13.1753664016724 5.08243083953857 8.48678016662598 1.15935611724854 0.808043479919434 1.49274551868439
7.74840307235718 8.49808216094971 9.57684135437012 10.779709815979 9.74815082550049 11.2492647171021 13.2878704071045 16.2135848999023 20.5979804992676 5.91253185272217 4.87678813934326 3.57989954948425 2.39727091789246 0.566992282867432 0.59595388174057 0.707099735736847 0.926736414432526 2.74172210693359 6.39718246459961 6.93061113357544 7.53640985488892 10.4237842559814 12.6575288772583 15.0985622406006 18.1228809356689 28.9575252532959 47.107479095459 12.591254234314 2.90762376785278 0.569264888763428 3.91808986663818 8.78404998779297 -0.34765887260437 9.07767295837402 0.11981812864542 0.378053694963455 0.459644585847855 0.326372414827347 0.641363084316254 8.07744216918945 6.1584210395813 0.656564712524414 7.32342386245728 20.317102432251 0.686390459537506
6.11434173583984 6.60590934753418 7.38416862487793 8.36954879760742 2.66795468330383 2.68030881881714 2.39456057548523 2.78388690948486 3.34331464767456 4.05501174926758 4.4761266708374 5.03468894958496 2.2427077293396 4.21446228027344 4.55254030227661 4.9037823677063 5.25160026550293 6.60244607925415 7.35859823226929 8.14394474029541 8.98992347717285 10.4238090515137 12.2758502960205 13.3229026794434 26.7328014373779 25.9450054168701 11.278244972229 9.39853000640869 1.96329545974731 8.39477729797363 9.88485813140869 15.800220489502 10.6945343017578 -0.955967247486115 -0.915185868740082 -0.380159676074982 5.96826457977295 3.96006321907043 0.42571559548378 7.08732557296753 0.66938316822052 2.05048131942749 3.16485929489136 6.4250864982605 0.794183492660522
2.00379610061646 2.03257536888123 2.07868075370789 2.16372323036194 1.82705116271973 1.95667171478271 2.1491174697876 2.48726534843445 3.88596248626709 4.03439140319824 4.17151594161987 4.2747950553894 4.86000156402588 4.97990751266479 5.26893854141235 5.58729600906372 5.94878816604614 6.57161855697632 7.28313159942627 8.13667297363281 27.8439960479736 46.452465057373 2.58577251434326 32.3342018127441 17.5473766326904 7.20520830154419 10.5448398590088 4.52945804595947 5.05312347412109 5.78800344467163 22.5398178100586 5.71917867660522 -1.05094492435455 3.50769996643066 1.38446116447449 -0.600483953952789 0.163032084703445 0.498256385326385 4.1048469543457 13.8817090988159 0.520472347736359 0.658874213695526 2.97613930702209 8.78849220275879 1.48151481151581
1.38529467582703 1.41195166110992 1.42662143707275 1.84960472583771 3.30041313171387 3.43419528007507 3.56594038009644 4.11390590667725 4.28822946548462 4.46267175674438 4.65656280517578 4.84488201141357 36.6968650817871 55.4678001403809 5.28303718566895 -0.23140025138855 9.76909065246582 11.543176651001 30.8656921386719 50.2239265441895 1.26147031784058 2.3129563331604 6.52265882492065 18.7878189086914 4.21806669235229 5.65588426589966 12.2333612442017 14.1076717376709 -0.366370677947998 22.6795959472656 6.01714372634888 -1.09860157966614 -1.02128303050995 -0.826330482959747 -0.472674608230591 -0.0452243015170097 7.08620929718018 10.0404109954834 0.14491979777813 12.875093460083 15.7092027664185 0.28110659122467 3.90248870849609 3.95012903213501 8.249436378479
2.94263505935669 3.02116727828979 3.10999703407288 3.50419783592224 3.62949657440186 3.77389740943909 3.9255850315094 12.6915979385376 14.6048049926758 17.1638851165771 20.7585525512695 26.045280456543 26.9591484069824 39.9716339111328 28.3281669616699 0.627799034118652 3.29244422912598 29.5541954040527 48.6596298217773 5.18787336349487 10.3459825515747 0.906575381755829 6.0323691368103 6.45449781417847 37.2121734619141 16.4099006652832 6.87168169021606 14.5988006591797 12.4112377166748 -0.522727191448212 -1.23368382453918 3.31158304214478 -0.937791228294373 -0.76549619436264 -0.641686379909515 1.31676864624023 2.3585193157196 8.97639656066895 16.0069580078125 6.20160913467407 2.85850811004639 2.09336805343628 -0.462232381105423 -0.436742812395096 0.232992857694626
3.22381114959717 3.31170296669006 3.41505002975464 8.32995796203613 9.09109973907471 9.97374534606934 11.0649471282959 11.5681667327881 11.9028072357178 13.6668930053711 16.048713684082 19.4105758666992 24.3103942871094 40.481517791748 19.0511779785156 10.3665494918823 13.9235210418701 0.0413165725767612 20.8672218322754 -0.453245788812637 0.847289681434631 0.836485624313354 14.6481533050537 7.25786447525024 22.3247680664062 21.8633728027344 7.50009679794312 0.329813271760941 11.6374158859253 6.95373964309692 -1.19153678417206 -0.85136604309082 -0.740240693092346 0.817299664020538 3.30968236923218 1.02331590652466 15.1079063415527 1.60847175121307 13.1724472045898 9.73587036132812 -0.477104961872101 2.54067325592041 8.34787178039551 -0.736271262168884 1.75971603393555
6.7169508934021 7.13663768768311 7.62606048583984 7.98873901367188 7.82703495025635 8.48192119598389 9.29834175109863 10.3101615905762 10.412296295166 11.9516429901123 14.0406332015991 17.0078563690186 21.3674907684326 27.3851013183594 44.441234588623 9.66155433654785 5.46992492675781 0.708723664283752 8.01601791381836 14.2123126983643 1.44387900829315 5.72600221633911 19.4562129974365 40.1706962585449 16.7543601989746 3.08224940299988 6.29504060745239 12.257453918457 14.0507068634033 1.32282721996307 -1.61279582977295 8.69686412811279 -1.29707968235016 3.07429790496826 -1.26375067234039 3.39151430130005 -0.353116124868393 2.05491304397583 9.39145278930664 13.4157648086548 2.39449596405029 2.69655776023865 -1.03648829460144 5.42791604995728 -0.814881980419159
5.93885326385498 6.25509834289551 6.63564252853394 7.09312200546265 6.84192705154419 7.41753005981445 8.53305912017822 9.30272674560547 10.1855268478394 11.281888961792 12.2094984054565 14.7688999176025 18.5166969299316 20.5793285369873 32.9482269287109 23.9811210632324 3.87219333648682 17.0901737213135 20.0646839141846 0.0795224383473396 0.84148120880127 12.9120092391968 16.344310760498 26.5668277740479 47.9673347473145 9.36710071563721 18.6957988739014 20.4368076324463 1.51289176940918 3.63153290748596 -2.32258367538452 -1.70306825637817 -1.65102863311768 -1.5445317029953 -1.32781338691711 6.08132600784302 5.87412691116333 3.86963415145874 -0.906734824180603 5.55155324935913 9.93650817871094 13.2228136062622 -2.04593396186829 0.410517394542694 -1.12244868278503
5.30327796936035 6.10283041000366 6.42847156524658 6.81001996994019 7.25295448303223 7.77234220504761 7.31766986846924 8.00379467010498 8.86029529571533 9.83147144317627 11.2995681762695 13.2357358932495 15.7690372467041 19.2844333648682 20.9115467071533 36.1995849609375 14.15101146698 25.5954933166504 12.3321437835693 2.28263735771179 1.79502069950104 12.7374353408813 16.6130046844482 34.3437805175781 54.4208679199219 5.77469158172607 10.344352722168 23.4378986358643 29.6134243011475 -2.75260996818542 -2.60349130630493 -1.40457916259766 -2.46407771110535 -1.33381521701813 0.611510932445526 0.15196704864502 4.07914257049561 20.2890644073486 10.5527744293213 -1.77887141704559 2.80676078796387 -1.41522228717804 -1.27348780632019 -1.19729793071747 0.823565721511841
5.72294473648071 5.18181180953979 5.41287660598755 5.71415138244629 6.10421133041382 6.46177291870117 7.00857305526733 7.63699960708618 8.77213668823242 9.51512241363525 10.4372510910034 11.5367269515991 12.2564764022827 14.0019302368164 17.9839973449707 31.3875770568848 13.8314685821533 37.611701965332 56.3242607116699 2.11798000335693 3.25361275672913 17.4517555236816 29.2855739593506 49.2593307495117 8.40891456604004 10.5463981628418 15.0870962142944 9.12497520446777 2.99931502342224 1.91342914104462 4.79831314086914 0.881765186786652 5.92384195327759 -1.0055787563324 1.15281450748444 3.58178043365479 9.98523426055908 14.9370813369751 1.7307733297348 -1.56418371200562 1.64257371425629 -1.44829535484314 -1.32925951480865 1.47045993804932 -1.26043283939362
