slauniainen/Data/DEM/Vihti_dsm1500b_cl_horizonAngle_78.asc
NCOLS 196 
NROWS 178 
XLLCORNER 353680 
YLLCORNER 6699024 
CELLSIZE 16 
NODATA_value -3.4e+38 
[rows 40 to 59 of 178, columns 45 to 89 of 196]
17.9312782287598 22.7766227722168 27.9825706481934 46.5234870910645 0.567224025726318 5.77754402160645 6.30217981338501 5.62629222869873 2.41152238845825 0.40236884355545 50.9237098693848 1.09454131126404 1.07320320606232 1.36873745918274 1.96652412414551 4.75450706481934 7.82758045196533 8.09034824371338 -0.0226270500570536 -0.719503164291382 -0.438943445682526 -0.264205813407898 7.18911123275757 -0.156419694423676 -0.587260961532593 2.51184177398682 -0.260148853063583 0.197412490844727 1.02725970745087 3.02316188812256 -1.61931777000427 -1.43184638023376 -1.42017662525177 2.36632776260376 2.47214126586914 2.39598703384399 2.24459671974182 3.13806247711182 1.93758344650269 2.14292669296265 2.33433222770691 2.51371932029724 2.89823174476624 2.90788531303406 2.19649577140808
15.1481428146362 27.3354473114014 45.9692192077637 1.65400505065918 20.3593559265137 29.3353118896484 7.7923731803894 0.385266304016113 39.6482238769531 22.0060348510742 0.56553989648819 9.4503059387207 1.19169020652771 2.73919677734375 1.39516019821167 3.07972168922424 1.99454164505005 3.55339074134827 3.94264459609985 7.73715209960938 0.824642956256866 2.91063213348389 0.263252705335617 1.10804712772369 4.37286758422852 0.0735851526260376 0.147533938288689 4.52385711669922 2.53297019004822 6.4800009727478 3.32949161529541 -0.548939168453217 -1.72324061393738 -1.19190394878387 2.44621872901917 2.53369283676147 2.14026665687561 2.34529638290405 2.87852215766907 2.28189969062805 2.69837856292725 2.78659296035767 2.93200826644897 3.20082378387451 25.2883338928223
18.4712047576904 12.7949113845825 19.6018943786621 22.3923416137695 19.2168617248535 4.55038356781006 50.9949150085449 0.637570917606354 1.17154252529144 2.25703096389771 4.05345439910889 6.68683385848999 0.634438514709473 2.93924331665039 2.54779076576233 4.31585025787354 2.22794246673584 3.63156008720398 4.40230178833008 1.80741584300995 1.17496955394745 4.59288740158081 6.7965841293335 10.4961061477661 5.80466461181641 8.10829067230225 21.334623336792 4.52278709411621 2.41236543655396 1.61998569965363 5.83791971206665 4.79851388931274 -1.579549908638 -1.45716536045074 -1.17803955078125 2.47232103347778 2.54549288749695 2.45315599441528 2.64965987205505 9.50198364257812 10.502495765686 12.2297992706299 14.3309183120728 17.5948600769043 16.3572311401367
11.8641891479492 32.3849792480469 51.7272415161133 0.324774175882339 50.6784400939941 0.636260211467743 1.48504793643951 3.07684779167175 3.93756246566772 2.16574430465698 1.85284042358398 0.255070328712463 0.454704970121384 0.571739971637726 5.12595796585083 5.84114170074463 6.70180177688599 3.84965753555298 1.94463121891022 2.07333612442017 2.50378179550171 3.24410963058472 3.51095938682556 3.65638518333435 7.21019983291626 11.2368850708008 19.7938747406006 1.14401745796204 1.18966281414032 1.26740908622742 4.36940813064575 11.2533779144287 20.6009540557861 -1.61310088634491 -1.5315272808075 2.16116166114807 7.31323385238647 7.84180212020874 8.48895072937012 7.34742641448975 5.63410758972168 6.23660516738892 10.7065629959106 18.0983257293701 6.9570198059082
22.0764980316162 31.4929885864258 50.8181915283203 0.429097235202789 0.244252055883408 0.862695395946503 10.4301748275757 3.43313598632812 3.20643377304077 6.09343862533569 10.5353221893311 -0.137680172920227 -0.097955584526062 -0.0207959543913603 0.481378018856049 4.86674880981445 2.05159544944763 6.22973537445068 2.29615545272827 2.44065141677856 3.18464112281799 4.22419357299805 6.98256158828735 8.60452842712402 11.2857494354248 8.40818023681641 5.86321258544922 3.9177086353302 5.50222969055176 5.65746259689331 10.521411895752 22.4727058410645 3.42362403869629 7.60037803649902 0.492179185152054 5.05764770507812 -1.18433427810669 4.88824558258057 5.33944129943848 6.21078062057495 6.95213842391968 11.7210597991943 24.454704284668 28.5479335784912 6.21681356430054
51.1783561706543 0.138312265276909 0.504169940948486 6.18910932540894 12.2324495315552 0.499749422073364 0.970968425273895 6.46740055084229 14.9853010177612 9.20061492919922 4.86202383041382 0.634949386119843 0.169962674379349 0.242365792393684 1.07160246372223 1.79766666889191 2.06447196006775 2.19253993034363 2.2820520401001 2.71013832092285 3.77238702774048 4.05582094192505 3.57043838500977 8.96041870117188 7.94955635070801 3.45084929466248 3.69041204452515 8.70008945465088 13.7804841995239 2.85033226013184 4.9344654083252 1.84345817565918 -0.754043519496918 0.0437541827559471 -1.27803838253021 5.80251121520996 8.81346321105957 2.32269024848938 10.3110589981079 11.7842645645142 13.9674663543701 20.9885025024414 35.1888847351074 8.79674243927002 18.4622497558594
2.34993982315063 6.78009939193726 0.917799174785614 11.1056652069092 -0.0738510712981224 2.3386127948761 4.38096714019775 6.39424085617065 7.58986616134644 23.490909576416 1.83694887161255 5.19930696487427 0.476229280233383 3.35070753097534 2.32589530944824 0.560696661472321 7.77469110488892 1.7206472158432 1.93441736698151 2.70101499557495 5.5628662109375 6.01491975784302 2.37453556060791 9.53733062744141 8.54281806945801 3.48499464988708 5.83950424194336 8.07560157775879 9.60009002685547 9.19877910614014 11.4609727859497 4.50602960586548 3.42170333862305 1.53555536270142 2.20741152763367 15.2697639465332 2.83244466781616 5.22090196609497 3.9307849407196 11.937970161438 14.7162437438965 9.78454494476318 19.0865612030029 31.9854145050049 10.8356962203979
3.03622388839722 8.58322525024414 1.19168663024902 2.48895382881165 2.59800386428833 0.37747848033905 11.5001497268677 5.70521879196167 6.38108015060425 5.2221827507019 8.2462854385376 9.6828498840332 1.90038919448853 2.12323546409607 1.01569402217865 2.1049964427948 1.47364640235901 1.23816609382629 1.59860050678253 1.89497458934784 7.10551261901855 2.72272515296936 2.99123549461365 11.0948781967163 6.34169006347656 2.95617938041687 4.07436656951904 4.69525766372681 5.70557451248169 11.3523893356323 9.41643524169922 10.5031337738037 1.96876287460327 4.01418781280518 3.25068140029907 12.8569259643555 4.95280408859253 14.6692705154419 3.67662763595581 4.73677253723145 13.5198163986206 15.2647438049316 17.6229038238525 30.0357074737549 46.9213180541992
3.77434659004211 5.97201824188232 1.12339568138123 2.35621166229248 0.366711854934692 1.49918246269226 9.82016754150391 2.12761855125427 3.94917750358582 5.28871583938599 4.99284505844116 4.59348392486572 4.03742361068726 1.77062380313873 14.2481803894043 21.0589504241943 2.50826954841614 0.468999207019806 1.3387303352356 1.48076319694519 1.67036437988281 2.38688063621521 4.76238632202148 18.8939342498779 2.36373543739319 3.76253700256348 7.09141540527344 4.78780317306519 10.5172920227051 20.5116100311279 1.8484194278717 1.88284993171692 2.39444613456726 7.52428913116455 4.2287278175354 11.8266448974609 4.5972261428833 5.02275276184082 9.71388339996338 5.26760864257812 4.93946266174316 17.2880439758301 21.4847640991211 20.437198638916 22.9461269378662
14.7569408416748 5.16432332992554 -0.113596104085445 6.51198291778564 0.38154810667038 4.71305322647095 8.13752269744873 1.02812719345093 0.911162376403809 3.69191241264343 4.95227432250977 5.91835308074951 10.0865459442139 8.16520118713379 9.50123119354248 27.1698741912842 1.24987936019897 0.491425514221191 1.01226902008057 1.01924097537994 2.03053641319275 2.9700984954834 4.69974803924561 6.13304233551025 3.55858850479126 8.2813138961792 5.71188497543335 7.60464525222778 8.73577690124512 16.8843822479248 2.74051094055176 3.49297189712524 5.00078535079956 16.15114402771 3.31277704238892 4.08972358703613 5.91270160675049 7.67505502700806 5.64353322982788 4.45429277420044 14.9346323013306 5.22292232513428 15.3288717269897 17.5087871551514 20.3672332763672
2.78077507019043 0.863311529159546 0.328294813632965 3.32539916038513 0.548951029777527 4.71283626556396 2.0957555770874 2.18948221206665 2.54436659812927 4.15799427032471 5.84877824783325 6.05910778045654 6.46949481964111 7.48588800430298 6.62023782730103 6.74675703048706 11.6143369674683 2.83227109909058 8.41438770294189 1.54133868217468 3.35943388938904 2.70141053199768 3.37951231002808 3.88539481163025 4.05513429641724 6.7280216217041 4.23456048965454 6.21065282821655 10.1333379745483 23.1832408905029 2.18259859085083 3.04508090019226 11.1168766021729 16.2908096313477 2.55656719207764 2.65882635116577 1.91785597801208 10.0902318954468 5.06814336776733 11.9616565704346 12.2204189300537 6.77038240432739 8.35518455505371 20.3042469024658 23.6429805755615
11.1906385421753 0.273018628358841 0.645411908626556 0.402575522661209 0.607992589473724 0.881842076778412 1.27352523803711 1.38806712627411 7.52555418014526 2.59189891815186 5.69263792037964 11.1031923294067 1.38774490356445 2.51761174201965 2.89197731018066 3.21903896331787 4.51799964904785 1.83551573753357 1.8560653924942 5.54562997817993 8.40324401855469 8.87620830535889 4.22956132888794 6.04712104797363 2.11138367652893 3.59480929374695 5.10349988937378 6.85081911087036 2.61319661140442 4.76836347579956 7.33583927154541 18.0110054016113 2.35666489601135 7.54850053787231 2.53920006752014 2.82887029647827 3.05963778495789 9.36837005615234 6.50138759613037 8.05296039581299 12.3010654449463 22.0409908294678 1.76274371147156 6.37061500549316 22.8986797332764
51.4583625793457 0.927357614040375 0.0157916005700827 2.28741097450256 8.64462089538574 0.784800052642822 0.824853003025055 0.966926217079163 0.991132020950317 1.49678361415863 7.42610597610474 1.49453175067902 1.67658174037933 3.10405778884888 5.17150449752808 2.091712474823 2.16354179382324 2.79928469657898 3.5821270942688 4.6793966293335 14.2981233596802 27.3906574249268 1.55130636692047 1.94914388656616 2.43785309791565 3.0132110118866 4.77240610122681 3.88179159164429 4.39994049072266 6.77732419967651 9.3791446685791 19.5479526519775 3.15452575683594 3.20657777786255 3.60305285453796 3.835120677948 4.62120008468628 5.11686992645264 5.32949686050415 7.10128211975098 3.72976660728455 11.3471183776855 18.0847473144531 1.2082771062851 9.93957138061523
4.85771369934082 -0.028180068358779 0.589128911495209 0.696783125400543 4.82635068893433 1.79689240455627 1.71259415149689 6.63803291320801 0.829347550868988 0.722790658473969 8.05648517608643 1.96229302883148 2.0188524723053 2.70596790313721 2.08471584320068 3.22893524169922 6.08688020706177 3.69540500640869 4.72005128860474 6.29525756835938 3.71738386154175 2.04880976676941 4.91100454330444 7.64310741424561 2.57596969604492 9.40682125091553 2.8702929019928 4.11167812347412 5.37163400650024 11.5417861938477 4.81324434280396 8.99409294128418 5.24981164932251 11.195502281189 2.35706543922424 1.32140016555786 2.1934175491333 2.64720773696899 2.64885306358337 5.52626514434814 7.06018972396851 16.5606498718262 19.2449512481689 1.1539546251297 0.535416781902313
1.73648715019226 3.38224411010742 3.01191782951355 2.30047249794006 19.1857204437256 1.69961738586426 1.13640987873077 1.16935396194458 1.35371446609497 1.42775368690491 1.72350764274597 3.59238243103027 1.86929774284363 2.39004564285278 2.79159927368164 2.75244116783142 4.8915638923645 1.58837234973907 4.12848949432373 4.60572910308838 2.00953483581543 2.06056380271912 2.11694002151489 2.959064245224 5.40758371353149 3.15138912200928 8.7060022354126 2.0488133430481 3.32578301429749 2.51651692390442 3.15485906600952 5.7669825553894 6.64291858673096 7.27168130874634 7.15078830718994 1.16069030761719 1.82191300392151 2.25177597999573 8.09857177734375 5.95608758926392 9.98104286193848 17.2625694274902 15.6677083969116 3.59678077697754 15.2744913101196
0.322069823741913 7.60052013397217 9.36202335357666 0.804117500782013 2.52053713798523 11.8834104537964 2.12909603118896 4.22437953948975 0.986445307731628 1.04928135871887 1.22115123271942 1.28707802295685 1.47732543945312 1.72880923748016 3.26510524749756 9.50085258483887 16.7283821105957 1.30261647701263 2.33872199058533 7.27425670623779 2.5254921913147 2.6170859336853 2.69306898117065 3.25542283058167 7.3216404914856 1.65085327625275 2.0642409324646 2.31446409225464 2.14852499961853 3.05694150924683 2.37793397903442 5.6275053024292 8.0668306350708 5.48170900344849 6.06562757492065 2.33462119102478 3.17364883422852 3.3283576965332 6.1657018661499 6.67112112045288 7.54678201675415 9.50868701934814 20.575855255127 3.96999382972717 4.20911312103271
-0.597483456134796 0.722306191921234 5.0312066078186 16.7302551269531 0.534170031547546 12.3565521240234 0.976252436637878 3.59843063354492 4.85245704650879 0.951719164848328 11.9858703613281 1.00953054428101 1.12782752513885 1.65734541416168 1.76280736923218 2.75864100456238 8.09144592285156 1.94337964057922 1.13850116729736 1.16947066783905 2.25072550773621 6.23316431045532 4.5865740776062 6.70036554336548 1.32083082199097 1.48656725883484 1.67454361915588 1.94273960590363 4.40130758285522 1.54020714759827 5.29941749572754 2.66293931007385 3.37073612213135 4.05935192108154 3.82176637649536 3.7592785358429 3.53640651702881 5.52994918823242 7.7268238067627 4.29424333572388 7.79417610168457 7.05977296829224 14.3996229171753 25.3833198547363 4.76796436309814
-0.599528670310974 0.365393489599228 6.65538358688354 0.12020543217659 0.948530972003937 5.92007493972778 14.0831432342529 9.23131847381592 1.43261659145355 6.14054918289185 11.1000852584839 2.32432436943054 1.36411380767822 0.0317775458097458 3.26757264137268 1.93679261207581 0.423329621553421 3.0359423160553 0.753013134002686 1.29341042041779 3.48558306694031 4.60609531402588 1.97981488704681 5.31339693069458 1.32957124710083 5.6660270690918 2.58636999130249 1.87497782707214 4.05267000198364 9.00041961669922 6.04417085647583 0.820700764656067 2.23380446434021 9.11813831329346 4.42423009872437 2.95875477790833 4.75996351242065 3.17017722129822 4.09863424301147 4.64738750457764 6.85176086425781 8.4174747467041 11.7821130752563 18.0894069671631 4.60854053497314
-1.01419258117676 0.0190397445112467 0.670782029628754 0.716194570064545 1.10737979412079 13.4646892547607 4.63575506210327 22.363000869751 1.90696704387665 3.00500583648682 2.75671815872192 4.68994045257568 2.57964754104614 2.95927453041077 -0.138262331485748 -0.132636457681656 0.417466163635254 0.460746437311172 0.758098840713501 2.85547494888306 1.29670882225037 5.16723918914795 5.89788675308228 1.66532838344574 3.94579744338989 4.61736440658569 7.78437328338623 3.4931046962738 5.53125953674316 7.39183759689331 1.4873069524765 1.61319398880005 1.8276960849762 4.83506107330322 3.21135759353638 3.53533482551575 3.85932946205139 3.72865152359009 5.66538858413696 4.59880113601685 6.06763696670532 8.1028003692627 9.93672180175781 11.4039716720581 4.31252908706665
-1.03897404670715 -0.81935840845108 0.778055548667908 1.12753236293793 0.239652290940285 6.39287185668945 3.207439661026 7.78069734573364 14.9112720489502 2.17628812789917 3.86607074737549 4.77474069595337 4.80913257598877 12.1495609283447 1.34663248062134 0.370458602905273 1.72144079208374 0.69203245639801 1.12746953964233 0.840418994426727 1.24179744720459 1.50105392932892 3.28641939163208 2.08725094795227 3.28809571266174 7.22118139266968 6.14442491531372 11.5967836380005 8.45670604705811 1.5646698474884 1.79604017734528 1.93965530395508 2.22272419929504 2.40421676635742 9.08853149414062 3.15811634063721 6.63702201843262 3.74142217636108 3.67889142036438 4.26490926742554 4.86949586868286 11.3478088378906 13.1340408325195 16.4025115966797 4.01064157485962
