slauniainen/Data/DEM/Vihti_dsm1500b_cl_horizonAngle_354.asc
NCOLS 196 
NROWS 178 
XLLCORNER 353680 
YLLCORNER 6699024 
CELLSIZE 16 
NODATA_value -3.4e+38 
[rows 140 to 159 of 178, columns 135 to 179 of 196]
3.63680815696716 1.03333175182343 -0.150597885251045 27.2521114349365 14.5965795516968 13.3330602645874 2.54313969612122 20.4108448028564 4.81966352462769 6.26526117324829 -2.00358033180237 3.10682129859924 2.23619222640991 10.9981412887573 9.27488327026367 9.77024936676025 31.0184669494629 13.619987487793 11.6348361968994 18.2640209197998 8.46167850494385 11.1832904815674 18.6560611724854 13.4407014846802 18.3286628723145 20.6289234161377 22.3294544219971 11.5156879425049 11.3497314453125 12.7271356582642 4.48757171630859 3.97455406188965 9.76518821716309 2.2978572845459 1.54465413093567 5.18657112121582 2.45822143554688 3.61192607879639 8.48106098175049 9.59462261199951 13.4477910995483 5.46568489074707 3.23909044265747 7.38648271560669 2.78049468994141
23.7932872772217 28.3939990997314 36.5362358093262 4.15818691253662 0.436185657978058 6.96563816070557 16.6992740631104 13.3924179077148 15.7351980209351 12.0926647186279 36.8240356445312 21.9683933258057 31.2963733673096 10.8383016586304 15.0429582595825 8.33454132080078 23.7202110290527 13.0397996902466 10.0390043258667 12.7578420639038 19.8591957092285 4.95424652099609 11.5892934799194 17.1084251403809 17.0952529907227 17.4067916870117 17.4852924346924 30.6513004302979 10.5796308517456 6.10562705993652 13.4447574615479 16.7271919250488 6.68627071380615 2.08891606330872 14.1332454681396 0.929870903491974 1.01967108249664 2.73103165626526 7.70531272888184 6.65057325363159 9.26180362701416 16.4505786895752 1.95348238945007 13.3122758865356 2.30314373970032
1.33971321582794 -0.0239768959581852 -1.38339710235596 3.60676455497742 0.1098243445158 5.76860475540161 13.1496248245239 9.76826286315918 7.43198919296265 8.60426235198975 31.961067199707 20.6425533294678 9.10833358764648 9.95097637176514 13.3494386672974 10.3157901763916 19.8668327331543 14.2826166152954 9.86996078491211 6.2998046875 5.98627424240112 10.4541883468628 9.31460094451904 11.7301969528198 14.8513135910034 16.4973316192627 16.4444847106934 17.0438365936279 4.9079122543335 4.05564451217651 7.21956253051758 13.9437274932861 4.40737867355347 16.7350406646729 26.4275932312012 22.7603282928467 22.2507877349854 14.7184658050537 7.11332750320435 6.07300090789795 8.28750228881836 21.5620212554932 8.11388301849365 1.80657613277435 1.55732989311218
10.6838979721069 -0.129329711198807 -0.928021311759949 -0.0803612247109413 8.0800666809082 7.72367715835571 4.57079696655273 20.3340930938721 22.9147281646729 28.4812335968018 15.1331987380981 10.0558423995972 12.523720741272 11.5755043029785 10.8452110290527 10.8932695388794 13.0481615066528 11.5337543487549 20.6189289093018 16.3286895751953 20.1544761657715 21.3542881011963 8.30041694641113 40.467170715332 29.5947418212891 23.2794971466064 24.7888488769531 7.42530679702759 15.3906059265137 24.4234809875488 3.54676818847656 3.93486714363098 4.29587745666504 6.62106370925903 9.79400253295898 16.9404048919678 18.1060829162598 2.63948130607605 6.60537719726562 5.59903955459595 7.49790048599243 12.6617946624756 1.32306468486786 1.45240616798401 1.28001439571381
3.52073740959167 0.37404853105545 4.30688285827637 -1.46192538738251 -2.46305513381958 3.8452684879303 3.20662498474121 6.62538480758667 5.43144464492798 14.1615009307861 13.1368083953857 9.8743314743042 15.6567630767822 10.2536363601685 10.2298536300659 19.8999271392822 11.6834535598755 35.717399597168 8.87901401519775 25.7866821289062 16.0524120330811 14.723536491394 46.5670700073242 7.71537590026855 6.99410915374756 7.4393458366394 9.02141380310059 15.4295263290405 7.47832441329956 22.9183406829834 40.3552360534668 38.5092582702637 42.833740234375 13.3984832763672 14.6091957092285 15.4258165359497 12.2757530212402 2.62167644500732 2.69280123710632 5.11018896102905 6.78930997848511 9.62370586395264 16.7402572631836 7.13307571411133 1.04906344413757
2.65814757347107 2.42537117004395 -0.0334460139274597 27.0925712585449 19.237154006958 3.48826217651367 2.27519965171814 10.714376449585 4.86325788497925 2.95976138114929 5.60880613327026 11.5295448303223 10.5536918640137 12.7115859985352 9.78384685516357 10.507212638855 8.37075805664062 7.60261678695679 6.64353609085083 34.6217727661133 47.1500930786133 20.2781887054443 7.15288209915161 14.4717617034912 6.89790868759155 5.3855414390564 5.42739820480347 5.85098361968994 10.4833812713623 5.85652256011963 4.63928079605103 2.73191285133362 4.8075590133667 4.01160192489624 36.7685394287109 10.1641874313354 9.44879150390625 2.4603111743927 1.41441631317139 2.5612998008728 6.1963005065918 6.45487833023071 13.4575881958008 3.56111574172974 4.32797431945801
2.27188968658447 -0.201028034090996 0.0752085372805595 -2.04792714118958 15.8108987808228 4.58411598205566 1.89053583145142 4.00586032867432 5.99994707107544 17.2551326751709 8.21382617950439 12.4273881912231 10.2141494750977 10.6240062713623 11.665491104126 14.5379962921143 15.0645895004272 12.0322885513306 12.5518732070923 6.65122747421265 14.484450340271 10.0767040252686 7.83214044570923 12.9600830078125 5.34866333007812 4.07771348953247 5.03862380981445 5.57309198379517 7.00792741775513 5.79242134094238 3.1845281124115 5.50379037857056 2.72296500205994 3.41025304794312 3.95489931106567 42.3715667724609 9.17848014831543 8.36364269256592 19.4636821746826 2.34935212135315 2.48487138748169 2.89643216133118 10.1406898498535 7.4460973739624 8.41676235198975
4.38339805603027 17.7957344055176 1.56972014904022 16.3440017700195 2.80296230316162 -0.764721214771271 13.2048845291138 1.76847517490387 13.2776746749878 14.8641920089722 11.7016324996948 10.6921052932739 9.41884231567383 10.880841255188 19.3900527954102 9.77191352844238 8.40928649902344 7.48513841629028 11.005747795105 29.213342666626 7.83164644241333 23.9533176422119 29.3754749298096 7.06078433990479 20.2394847869873 17.7314300537109 13.1689834594727 4.38222074508667 6.20047664642334 4.82586479187012 5.56433868408203 2.55707287788391 2.63794732093811 2.88242983818054 3.37892246246338 24.2317962646484 8.40098571777344 7.30736064910889 26.0855712890625 2.20103883743286 2.46328020095825 2.77279186248779 13.1181678771973 16.009090423584 14.0352659225464
2.755859375 9.15294933319092 3.13413453102112 12.1436700820923 2.41895961761475 -0.945513367652893 0.923391222953796 21.3324508666992 10.4462146759033 11.0268993377686 11.3322944641113 25.9921607971191 30.0784320831299 29.0721454620361 28.2404289245605 26.3587265014648 17.0575199127197 37.6933326721191 37.7039489746094 14.9199247360229 10.3649492263794 16.3443698883057 4.80725574493408 6.446861743927 7.02845573425293 7.13334178924561 4.08696794509888 4.34058523178101 4.20516443252563 4.02280521392822 2.20661520957947 22.078950881958 30.0880870819092 2.43476843833923 1.6047694683075 2.08967900276184 34.5278663635254 22.2517013549805 8.98222637176514 26.2425212860107 1.79500818252563 2.18201613426208 8.07028388977051 12.8353185653687 17.0649967193604
2.25535106658936 7.64651489257812 1.12004470825195 8.78602027893066 2.06709122657776 17.2675399780273 24.5349102020264 12.0742712020874 4.84907913208008 10.6373491287231 22.9124660491943 25.0439529418945 26.0575275421143 24.113109588623 18.2474555969238 28.7037754058838 40.4487190246582 29.1352653503418 28.7404861450195 40.3992080688477 15.3330316543579 6.57233190536499 22.8977584838867 6.14662504196167 4.89470911026001 5.07450342178345 6.51499271392822 12.6755933761597 7.57958698272705 3.68631315231323 3.21976184844971 5.5068736076355 2.31724381446838 14.8155651092529 12.0245895385742 1.26082730293274 4.18495321273804 19.7622203826904 12.7356100082397 10.4103126525879 1.98896586894989 8.64837551116943 2.25110411643982 9.1489372253418 11.0818967819214
2.77430987358093 12.3009157180786 13.7740163803101 13.5676794052124 18.0709686279297 7.90449523925781 5.92653656005859 3.65014314651489 17.4634647369385 23.416748046875 17.423210144043 19.0049133300781 12.965576171875 27.0622081756592 25.0325298309326 22.5247707366943 24.6875514984131 21.5012950897217 21.2589473724365 24.8085174560547 35.3003349304199 12.9399929046631 19.2780513763428 5.67415714263916 8.68289375305176 8.22194004058838 24.2592544555664 11.807183265686 15.1850490570068 3.51223587989807 1.96144962310791 4.69204664230347 2.11892867088318 2.22443079948425 3.9327929019928 16.1777763366699 2.95396399497986 0.833666563034058 1.44275200366974 4.63699769973755 1.66109240055084 1.79835093021393 2.22126269340515 6.30668067932129 10.3554992675781
9.39629173278809 4.41337394714355 6.48743200302124 15.0960874557495 15.8544664382935 13.6709499359131 0.225305840373039 8.94119453430176 13.2316627502441 9.70479488372803 15.6873950958252 15.8531503677368 39.46728515625 19.8608570098877 17.8073177337646 17.7977809906006 17.6920700073242 17.0018692016602 16.7508583068848 17.7413902282715 21.0298767089844 19.1052112579346 12.8938751220703 17.7127590179443 11.5877017974854 6.94490718841553 11.6303844451904 7.1137752532959 9.73886108398438 3.40161609649658 1.89126706123352 1.75835049152374 1.60423183441162 2.21681880950928 3.48437309265137 9.91289520263672 4.17152547836304 23.4663162231445 11.2189836502075 1.33079624176025 22.395715713501 10.6636514663696 1.9484338760376 4.11482381820679 7.24233388900757
7.02304124832153 11.1496334075928 31.2899208068848 17.2385673522949 36.1320610046387 18.5485458374023 41.1454315185547 7.85812711715698 4.67741775512695 7.58881330490112 10.8498020172119 11.997878074646 23.3486633300781 17.3419895172119 16.3399314880371 14.0530080795288 14.3661088943481 14.1750736236572 13.6925048828125 13.6122779846191 14.7862091064453 8.5169563293457 5.46182727813721 4.87117052078247 4.43969058990479 4.22418928146362 13.3060255050659 2.72985243797302 3.82928895950317 1.76413369178772 1.83672988414764 14.4830312728882 12.4774255752563 1.93224942684174 0.911562502384186 0.940306544303894 2.03409361839294 11.0051927566528 4.54564476013184 1.26773917675018 6.27140235900879 17.1512508392334 1.90291678905487 4.24385070800781 6.13615465164185
7.79919290542603 21.4252452850342 19.4754467010498 21.6930332183838 22.5981388092041 11.001501083374 10.3513441085815 12.010648727417 5.92563104629517 22.8790416717529 10.8553438186646 29.9156894683838 16.5854587554932 14.8415031433105 13.9179391860962 12.2585201263428 12.2260112762451 12.0177850723267 11.6344423294067 11.3045835494995 11.7556018829346 39.4813919067383 3.48745846748352 3.62043118476868 4.28430271148682 15.338357925415 3.44629168510437 8.16532516479492 2.59642267227173 1.62232077121735 1.40138483047485 1.72334933280945 4.03095865249634 1.89686071872711 0.819549024105072 0.524805784225464 2.00439071655273 5.93624639511108 1.33149909973145 1.12140727043152 4.26759767532349 1.74885272979736 1.55354082584381 4.065025806427 4.31311988830566
12.364917755127 13.8595781326294 19.4471187591553 13.4113826751709 8.56287288665771 11.7906465530396 13.2586317062378 5.05625534057617 30.4195499420166 17.1151313781738 10.6299285888672 16.5361213684082 13.8265733718872 12.9195947647095 12.1040992736816 10.9158515930176 10.630181312561 10.4207201004028 10.0062952041626 10.0341320037842 10.4544143676758 4.73600339889526 3.42040133476257 2.79690861701965 4.12543821334839 3.94297957420349 3.08527088165283 3.17804265022278 2.16077160835266 14.8355770111084 1.19642531871796 1.58464539051056 1.47950029373169 1.06918609142303 1.13834190368652 3.38499927520752 1.20868325233459 3.82511568069458 1.16858398914337 5.24024677276611 1.83479189872742 7.74219799041748 10.1410064697266 3.1075279712677 4.04459476470947
8.61478233337402 11.421425819397 15.1332263946533 14.0073328018188 27.4579944610596 18.5679130554199 12.890193939209 20.2155418395996 20.8047904968262 15.1089191436768 10.626503944397 12.0422334671021 12.2689733505249 11.449330329895 10.7526359558105 9.88661575317383 9.50554466247559 9.10421848297119 8.79579734802246 9.0738353729248 3.90617036819458 4.72784805297852 3.33008480072021 20.7869701385498 2.9416081905365 3.01270914077759 5.41031074523926 2.52932715415955 8.60118007659912 1.67259407043457 1.187375664711 1.34689140319824 1.13677799701691 16.2649955749512 13.8641834259033 4.20467901229858 0.854758322238922 0.766140997409821 1.89544522762299 0.931078374385834 3.77814960479736 1.11352527141571 1.59889721870422 2.82667541503906 4.03913831710815
16.7136096954346 31.393159866333 20.2046699523926 12.5747489929199 18.4729385375977 15.1420364379883 14.0313577651978 35.4537315368652 29.1685466766357 13.8741588592529 24.4928779602051 11.0844287872314 11.1163892745972 10.2555303573608 9.91746425628662 9.31868171691895 8.99862861633301 8.19350242614746 7.62033414840698 4.47778129577637 3.27319049835205 4.29379081726074 3.18179845809937 3.9052300453186 2.1531765460968 2.44663238525391 2.37610530853271 4.00251865386963 2.15726661682129 1.29259061813354 0.94529139995575 1.21027171611786 0.988726913928986 1.27230525016785 6.63135051727295 3.34400677680969 1.28613257408142 4.36824703216553 1.06725943088531 0.752253711223602 1.06163287162781 4.31965065002441 1.23636102676392 1.48757755756378 3.00295233726501
35.6843872070312 22.4835948944092 15.5959491729736 44.9814491271973 36.0962677001953 30.4109210968018 32.6208801269531 25.4415550231934 24.2729511260986 23.8716983795166 15.7574310302734 11.5396432876587 10.2993936538696 9.32119655609131 9.40475845336914 8.88710403442383 8.52085781097412 7.66600227355957 3.51946520805359 3.66636061668396 4.10806369781494 3.50359225273132 2.99566459655762 1.55628192424774 2.07622623443604 2.44408321380615 2.21680736541748 1.96985363960266 1.4451607465744 0.833806157112122 10.3477907180786 0.411374092102051 0.903195142745972 1.16284239292145 5.11795663833618 7.86158847808838 0.761032700538635 0.667213380336761 1.03237557411194 0.652939438819885 5.58070087432861 6.41144275665283 18.7298069000244 2.75277924537659 2.73114061355591
40.0806884765625 38.0593566894531 45.2511024475098 37.3819847106934 32.2869529724121 33.4898223876953 33.2715187072754 28.3285484313965 17.732946395874 18.5717964172363 13.3140020370483 9.77064990997314 9.78687572479248 8.83673191070557 8.8600902557373 8.43740940093994 8.02809715270996 4.06948375701904 4.06339311599731 3.39910674095154 2.899493932724 2.99198794364929 5.8319525718689 27.168628692627 5.93225336074829 1.79849147796631 1.18173086643219 1.26226580142975 0.962835252285004 0.69989138841629 0.309161126613617 23.7559146881104 20.0646781921387 11.6665916442871 1.33514904975891 0.464106470346451 7.18750286102295 3.74579405784607 0.852095186710358 6.13821697235107 6.60783529281616 3.02455139160156 8.42645645141602 20.4693222045898 1.74466669559479
38.1319961547852 38.0238456726074 38.6118049621582 34.5202522277832 30.2073345184326 28.3643207550049 23.944091796875 20.5208034515381 20.0980854034424 15.7742652893066 11.5978136062622 8.75260639190674 9.27760887145996 8.33978748321533 8.33046531677246 7.95801401138306 4.17305469512939 3.77050828933716 3.73176908493042 3.36844372749329 2.52343106269836 2.13789534568787 2.77948260307312 1.50474941730499 1.43894028663635 1.15154612064362 0.800020813941956 0.745080769062042 20.8538703918457 0.611743092536926 12.6365270614624 6.14579820632935 6.90253973007202 0.991929769515991 0.83551013469696 0.182218104600906 0.113721281290054 0.423328280448914 2.16508412361145 3.26868081092834 3.16986751556396 2.36815643310547 4.63692331314087 2.8905565738678 1.69029819965363
