slauniainen/Data/DEM/Vihti_dsm1500b_cl_horizonAngle_342.asc
NCOLS 196 
NROWS 178 
XLLCORNER 353680 
YLLCORNER 6699024 
CELLSIZE 16 
NODATA_value -3.4e+38 
[rows 0 to 19 of 178, columns 45 to 89 of 196]
13.8402214050293 33.012336730957 24.9193420410156 26.5857715606689 26.616943359375 27.7003898620605 17.6907081604004 14.5958662033081 1.89866065979004 4.50523662567139 4.10852003097534 3.00274920463562 2.1641960144043 2.16717338562012 4.02317428588867 1.2098845243454 1.38014328479767 2.87947130203247 37.7489929199219 1.00020146369934 11.3964767456055 0.917866230010986 12.9589881896973 3.82251214981079 10.1478147506714 9.3492956161499 10.1109981536865 9.28351020812988 19.4091777801514 2.1133987903595 1.80569934844971 4.24847316741943 5.79035472869873 8.45453548431396 3.04343485832214 2.18294024467468 2.15732288360596 2.75224876403809 2.64956879615784 2.4745454788208 2.62149405479431 7.91687345504761 2.06659960746765 1.065558552742 1.4745854139328
31.6062316894531 43.5796508789062 45.5814170837402 39.9182624816895 37.4353637695312 30.8409328460693 27.4488430023193 5.85262870788574 7.71558570861816 2.68421792984009 1.58375012874603 2.77478337287903 3.54468035697937 1.30400407314301 1.57440686225891 9.78047180175781 1.51773369312286 1.31920802593231 5.77249574661255 5.58313131332397 0.810943126678467 2.91152548789978 4.03389167785645 24.6318855285645 6.55554103851318 7.38314867019653 15.2883157730103 7.22369861602783 4.12879467010498 2.11807632446289 1.73346436023712 3.00226283073425 2.20614171028137 6.54953145980835 11.7541151046753 4.06536626815796 2.30238628387451 4.48109579086304 2.48737215995789 2.35944437980652 1.71565544605255 1.62990868091583 1.62632191181183 1.05085611343384 1.11302304267883
37.7564086914062 32.0356140136719 28.1635932922363 25.8720874786377 22.4678249359131 24.1495952606201 6.99853897094727 3.54602837562561 1.9217334985733 1.48183500766754 1.32717108726501 1.10485982894897 2.09123492240906 1.01530194282532 1.51333367824554 1.53115797042847 4.00489282608032 1.31674075126648 14.0428371429443 4.30120468139648 20.2298202514648 15.1119470596313 19.9435882568359 10.811544418335 12.4274349212646 17.8505840301514 6.25496959686279 6.83321714401245 10.3329200744629 2.07897591590881 9.97426700592041 2.4131908416748 1.89399540424347 1.72466504573822 2.81867027282715 16.750789642334 24.8196907043457 18.8579959869385 2.0829119682312 1.7680698633194 1.83687818050385 1.24689364433289 1.50009047985077 0.719990909099579 0.964578449726105
27.5472717285156 23.7573471069336 22.3099269866943 19.2446899414062 17.0937843322754 7.95745372772217 8.77794933319092 3.29806303977966 1.14191246032715 1.03478598594666 1.15569341182709 1.16617298126221 3.18040633201599 0.761508107185364 1.20101058483124 1.77446520328522 20.3663654327393 16.6824684143066 27.1716575622559 5.72928428649902 4.40452241897583 16.4214210510254 19.1933422088623 6.08754062652588 22.9067726135254 5.49734163284302 7.34959363937378 3.36498379707336 2.00323224067688 23.300329208374 1.30474174022675 5.03383493423462 2.0191216468811 8.55321407318115 2.35956954956055 19.9383144378662 15.6882514953613 4.84402942657471 7.06273889541626 1.56248342990875 1.52928650379181 1.07749879360199 1.31950342655182 1.47285437583923 0.476350218057632
22.3904685974121 19.1877021789551 16.5212154388428 15.6699743270874 15.4128046035767 4.87249946594238 5.19963359832764 1.20858955383301 0.910995364189148 0.813946723937988 0.892440319061279 9.40919399261475 4.42453861236572 0.997607827186584 1.63208281993866 7.13412475585938 5.35969543457031 3.37437796592712 8.85744380950928 22.1836395263672 25.3774070739746 14.2580804824829 3.03738236427307 5.62707567214966 7.88307523727417 5.3330078125 1.36231684684753 2.70950365066528 17.3774833679199 2.5436909198761 34.6816864013672 6.24137449264526 29.8061485290527 10.1939392089844 40.0191383361816 20.3441314697266 5.22781801223755 3.67607641220093 2.0389838218689 17.0922927856445 14.9135570526123 4.20554304122925 0.776631057262421 0.786877334117889 7.1187915802002
18.170877456665 17.4885215759277 13.1101570129395 14.1812009811401 6.89188814163208 3.38730597496033 3.53488063812256 4.07811546325684 1.99202215671539 0.845106720924377 0.72860461473465 0.81062239408493 0.478357911109924 0.634453237056732 0.559914588928223 1.43334746360779 13.6004056930542 48.7795181274414 9.12992668151855 2.4663290977478 12.4784755706787 7.76693773269653 9.76774120330811 10.1424617767334 3.49924635887146 2.10641837120056 4.55144929885864 1.76199162006378 1.65334522724152 2.23426485061646 7.64885759353638 9.43033790588379 16.2720355987549 22.0273761749268 21.6085567474365 5.00869512557983 2.86518025398254 2.87746334075928 5.4559440612793 8.03600788116455 14.9531221389771 5.31285381317139 14.7676010131836 15.1045627593994 28.4595928192139
15.6145477294922 13.4809532165527 12.4892272949219 12.3796625137329 3.36091828346252 6.93207597732544 2.305171251297 1.47098648548126 2.60812711715698 3.45471882820129 0.672128558158875 5.58507966995239 6.19835233688354 4.28311634063721 17.525276184082 25.0260562896729 23.2543087005615 20.457202911377 42.8341789245605 14.43798828125 7.54244613647461 5.95187044143677 15.272985458374 6.82486534118652 3.37338280677795 1.75622773170471 1.09123694896698 1.27128410339355 1.4726095199585 2.37691283226013 4.57368469238281 25.6648845672607 13.5702896118164 13.6814117431641 6.19680547714233 2.22852873802185 3.86364817619324 2.48154330253601 8.67109870910645 21.5895824432373 10.7264375686646 25.2805862426758 25.0514583587646 21.3393859863281 24.204345703125
12.3021020889282 12.4327669143677 11.2712316513062 3.55777382850647 3.22020792961121 3.05049777030945 1.36308121681213 3.74852538108826 11.4164905548096 0.619640111923218 3.19338726997375 19.6524410247803 12.2842073440552 15.4458494186401 13.3403205871582 15.7906074523926 14.0319061279297 11.9038763046265 14.6412048339844 37.7027473449707 5.6993236541748 10.8271036148071 7.51530694961548 11.2804279327393 1.28922784328461 0.914942264556885 0.927730977535248 0.801748096942902 6.43674898147583 3.14175939559937 1.92732357978821 13.0559930801392 10.0991144180298 5.42569732666016 13.0868711471558 4.62513446807861 1.96568441390991 2.06646513938904 10.4554510116577 13.8501005172729 37.8638801574707 22.004373550415 44.5547103881836 28.2175827026367 43.1307792663574
11.6184177398682 11.0635442733765 5.1920108795166 2.36202478408813 2.51862525939941 1.88136303424835 2.46125984191895 0.847697734832764 0.78716766834259 10.8599042892456 13.9018468856812 12.4762716293335 7.41158723831177 10.6190423965454 5.4037709236145 7.71760606765747 6.86249589920044 11.2998647689819 13.376932144165 7.58428764343262 47.9393081665039 45.8644714355469 4.42348098754883 4.64019775390625 0.723349928855896 0.282444208860397 0.867495894432068 0.684043109416962 0.79118400812149 1.56970524787903 1.64309978485107 2.00735974311829 6.41939783096313 9.67260456085205 3.97577333450317 5.2463207244873 6.91688537597656 21.6412963867188 24.7761402130127 46.5423202514648 22.8468952178955 29.349027633667 27.0208568572998 22.7907581329346 16.002290725708
11.9089593887329 4.64664268493652 12.119441986084 13.8318853378296 1.63026106357574 0.888004243373871 0.942127466201782 10.5438203811646 12.6241760253906 1.81758093833923 6.69761991500854 9.08928203582764 6.66104364395142 5.13714647293091 3.31618976593018 5.72799444198608 10.3728103637695 16.4294509887695 7.36109733581543 8.21658611297607 6.46490240097046 2.34330344200134 47.5008087158203 2.36761450767517 0.510527372360229 2.59731936454773 0.663487374782562 5.33095073699951 3.59993147850037 1.12043869495392 1.43028092384338 1.65627288818359 5.49378204345703 2.77832651138306 3.24824666976929 11.2891616821289 26.9282665252686 21.8735847473145 19.3612670898438 25.9429607391357 34.6623611450195 32.8601379394531 23.3513298034668 17.0506649017334 36.8608436584473
4.63290691375732 9.45165348052979 4.4612889289856 4.11131000518799 1.74679481983185 8.85998916625977 14.2116861343384 13.7128324508667 3.95561814308167 3.92488837242126 4.93141746520996 4.69246435165405 4.27725124359131 3.14719581604004 4.42340803146362 7.97763061523438 9.60379695892334 20.1875267028809 6.32528781890869 7.12289190292358 2.24931526184082 1.11654472351074 0.68684047460556 46.6662559509277 6.16200494766235 19.6660003662109 16.9324169158936 9.32498741149902 5.47854995727539 3.50642681121826 10.1925897598267 8.73451042175293 4.74963617324829 2.10793280601501 30.8506317138672 10.1001796722412 20.5824165344238 29.6384372711182 47.4079933166504 24.3204307556152 27.5110473632812 23.8880977630615 25.2414703369141 28.9136276245117 18.5404510498047
5.06626033782959 3.49281072616577 3.51471257209778 3.12806153297424 1.55950450897217 17.377477645874 2.24485898017883 0.687297761440277 3.84562635421753 24.0333805084229 16.3428592681885 24.4909896850586 18.6678428649902 9.51875400543213 8.90229797363281 13.3731708526611 24.9091396331787 6.18941831588745 5.31626892089844 3.63528919219971 1.1546984910965 0.967451632022858 4.52637386322021 2.43018817901611 48.8130416870117 8.41672134399414 12.7294387817383 10.1748361587524 13.7668104171753 7.45517110824585 0.95298558473587 1.20178151130676 1.49302768707275 16.9289512634277 17.5292892456055 33.5172233581543 17.429666519165 19.0789451599121 19.0586318969727 29.761682510376 20.808910369873 18.2009315490723 21.9460868835449 33.677188873291 16.9241485595703
4.40226936340332 18.4771747589111 13.4601907730103 24.1278991699219 11.4798345565796 1.24746608734131 12.8480052947998 29.5900936126709 23.2384757995605 26.7726821899414 29.7017230987549 13.5843162536621 9.64328289031982 18.373872756958 21.0289440155029 18.1102294921875 22.7620105743408 13.7165250778198 2.90592241287231 3.47837042808533 3.58233785629272 0.86515599489212 0.68982195854187 4.20367097854614 2.1082067489624 43.6054077148438 6.99076652526855 7.86501407623291 9.38299942016602 1.98476779460907 11.5824375152588 1.19725704193115 15.2323427200317 3.90623712539673 22.1227245330811 12.7682218551636 17.9026832580566 13.5755662918091 32.5686111450195 24.1917362213135 18.4904899597168 19.7325839996338 19.4459323883057 19.244026184082 34.0639953613281
4.25318002700806 3.8633439540863 27.6486034393311 4.21024799346924 15.0266704559326 16.7426872253418 2.46065330505371 6.32619333267212 5.51152467727661 13.5743551254272 7.57812929153442 12.1107378005981 4.3180456161499 5.51055192947388 11.6493091583252 18.1128749847412 9.794264793396 6.93120145797729 3.83938145637512 4.6484169960022 1.28112041950226 0.792991638183594 0.719999730587006 1.26673293113708 0.939261734485626 3.68857145309448 47.5212936401367 13.0693788528442 13.2971563339233 8.37392234802246 2.37705826759338 30.4401626586914 24.9362106323242 40.3841857910156 23.7023983001709 36.284122467041 37.4085807800293 35.2109298706055 25.1995429992676 17.1040229797363 21.2004566192627 17.5015125274658 17.548583984375 16.371862411499 18.5992813110352
24.4084892272949 3.55520510673523 7.98898506164551 6.48171091079712 2.86565327644348 6.25935220718384 20.4880809783936 3.62471413612366 17.1943206787109 7.22909259796143 7.11692714691162 5.85063552856445 4.07670259475708 5.03694581985474 33.0866432189941 18.2931346893311 11.240683555603 6.12421751022339 1.09515237808228 0.900164067745209 1.086505651474 0.535837709903717 1.4122953414917 0.41000971198082 0.026423143222928 -0.0578723140060902 7.19406032562256 46.2615585327148 13.3018083572388 22.5009613037109 11.8845691680908 36.6719551086426 44.3761138916016 31.2588386535645 29.3901290893555 29.0127792358398 31.5382022857666 24.9150810241699 20.8655395507812 27.9222793579102 17.7163696289062 15.9330615997314 14.7726373672485 15.5400857925415 15.8350982666016
5.9555835723877 3.12626576423645 2.89123249053955 3.22164702415466 2.82226848602295 1.68525886535645 2.70828890800476 1.95333051681519 6.09553241729736 6.79317092895508 3.27596998214722 3.12886714935303 12.2226295471191 9.05074596405029 10.6281824111938 17.2321968078613 6.71859216690063 2.90329217910767 3.04486465454102 6.4938645362854 10.425106048584 8.26991367340088 0.804729044437408 7.11091470718384 18.8349075317383 13.7885141372681 4.51942873001099 12.9645233154297 21.2718677520752 22.6614170074463 44.0407333374023 25.4730186462402 31.1948471069336 25.4696025848389 30.8381519317627 16.9900894165039 15.5554084777832 20.987133026123 26.7221698760986 16.3249492645264 16.4516105651855 14.9146213531494 13.7134408950806 14.2379608154297 14.6406784057617
1.29954779148102 1.9778870344162 1.81989622116089 2.99866795539856 2.67508888244629 10.0954647064209 2.22631239891052 6.90758562088013 0.997655391693115 6.42162179946899 8.16162014007568 6.08047246932983 3.86999368667603 7.73366022109985 8.27416229248047 7.50855255126953 4.29417896270752 2.7220458984375 2.21190762519836 11.6877517700195 1.73728597164154 0.438835561275482 0.371960580348969 9.10398197174072 13.7986516952515 11.5096244812012 14.9524602890015 17.2257537841797 36.814323425293 10.0579538345337 30.3958301544189 30.2616806030273 26.9149799346924 21.7982635498047 17.614387512207 16.2615947723389 37.8830795288086 17.1947574615479 18.2666358947754 15.5276880264282 14.8782329559326 13.5176219940186 12.7668933868408 13.0859956741333 12.2759790420532
2.53049039840698 0.909307301044464 1.2010840177536 1.50930726528168 2.27938008308411 2.17641711235046 1.37915813922882 5.30139493942261 32.1714134216309 14.2769775390625 16.3757400512695 4.12658452987671 20.9078617095947 9.77500057220459 12.4549465179443 6.2019681930542 4.04977750778198 8.87584781646729 7.22996854782104 4.31133985519409 24.0390129089355 8.70049285888672 12.8684520721436 7.99669075012207 31.8246154785156 31.1254138946533 24.9083576202393 25.7900104522705 27.2151927947998 48.633716583252 21.3955459594727 29.6940670013428 19.7383441925049 22.3796768188477 19.5889549255371 28.0922756195068 18.03759765625 19.2939567565918 13.2509851455688 14.352388381958 13.5474042892456 12.3262128829956 12.110221862793 11.5713834762573 11.9650993347168
1.32346475124359 0.828855037689209 0.413016229867935 0.650674223899841 1.0362913608551 1.26865136623383 1.30763149261475 1.84487533569336 1.82064533233643 7.25476884841919 5.48126935958862 27.2359752655029 13.2538213729858 17.8865585327148 10.3530120849609 19.9252853393555 16.5889701843262 2.60901665687561 28.8284606933594 9.35222339630127 36.8249244689941 7.26782369613647 2.28512811660767 5.18702745437622 15.9225635528564 20.2777442932129 34.3399391174316 36.8127403259277 24.8070392608643 22.1570568084717 28.2484436035156 20.1389408111572 19.6489505767822 22.2324600219727 27.9803981781006 21.698917388916 15.603199005127 14.8247137069702 13.0406970977783 12.9411287307739 12.2413854598999 12.3346242904663 11.2430286407471 10.7926235198975 11.1099052429199
0.863072693347931 0.630207479000092 4.73352146148682 18.7544441223145 3.93569159507751 1.44352972507477 4.97734832763672 1.28194904327393 1.62834572792053 3.19246125221252 5.0172643661499 19.8238201141357 23.2240390777588 13.8521776199341 4.71060228347778 4.66558456420898 4.04826641082764 8.11687660217285 5.20824289321899 9.02031230926514 14.2418231964111 47.702808380127 47.6835784912109 42.7853393554688 19.5641288757324 18.7350578308105 28.9511966705322 31.8719997406006 24.7418785095215 17.2441387176514 19.327672958374 15.8059930801392 21.0854740142822 19.6119155883789 17.6132640838623 16.9305171966553 14.1881084442139 13.1465682983398 11.9699182510376 11.1141185760498 11.7820014953613 11.4807777404785 10.4324045181274 10.2547969818115 10.4109544754028
