slauniainen/Data/DEM/Vihti_dsm1500b_cl_horizonAngle_306.asc
NCOLS 196 
NROWS 178 
XLLCORNER 353680 
YLLCORNER 6699024 
CELLSIZE 16 
NODATA_value -3.4e+38 
[rows 140 to 159 of 178, columns 45 to 89 of 196]
2.59899520874023 6.06155681610107 11.1507759094238 13.9944276809692 -0.42087709903717 -0.347540676593781 -1.69700860977173 -1.67540037631989 20.461389541626 -1.55346381664276 13.7969036102295 1.08268964290619 9.23302364349365 13.2370491027832 11.346492767334 7.4837818145752 27.3936500549316 15.2820835113525 14.8820724487305 18.2729988098145 12.3850049972534 8.21745491027832 7.07364749908447 24.1596202850342 29.3428592681885 9.98016929626465 0.72016429901123 3.94176173210144 4.00867509841919 5.28737020492554 2.86318898200989 29.2104511260986 42.7231559753418 29.3825130462646 13.7088966369629 11.0779323577881 14.1975994110107 1.24770748615265 -0.80902373790741 19.6808547973633 4.48919153213501 17.7749271392822 19.6703357696533 5.09031105041504 3.93466305732727
5.6453914642334 1.13053476810455 28.0079097747803 11.0382766723633 4.78476572036743 -1.15161108970642 -1.070472240448 16.1654033660889 11.6548271179199 11.9258241653442 2.65919065475464 8.4934778213501 -1.09053647518158 5.50369358062744 0.289357036352158 -0.769940614700317 1.99707591533661 2.11635231971741 4.16779947280884 10.0138664245605 10.893404006958 12.0560359954834 9.56772518157959 3.76753687858582 5.86238145828247 12.2703428268433 14.3749761581421 22.4132881164551 17.1490669250488 3.93756079673767 4.08216905593872 21.7825775146484 17.1834144592285 18.3751602172852 18.6304492950439 8.76211929321289 6.48689699172974 4.91064834594727 29.8446636199951 11.0018730163574 3.00808930397034 27.4558601379395 13.0637798309326 4.0697455406189 2.52758812904358
6.1995964050293 7.29235649108887 15.6691637039185 2.98522782325745 7.91510772705078 7.4906792640686 -1.49579966068268 23.6322994232178 10.3203067779541 9.59184074401855 0.427031695842743 1.15254843235016 8.24971389770508 3.26081418991089 7.77393388748169 -0.182088986039162 1.02054297924042 2.77341175079346 0.531317234039307 16.6749076843262 19.6570491790771 5.89592981338501 5.50560808181763 6.72468280792236 21.2026290893555 13.6481494903564 9.2743444442749 7.87156915664673 0.759204089641571 11.2101545333862 3.39626026153564 3.42459464073181 4.26725006103516 9.42600917816162 12.9163417816162 8.84619522094727 8.29622936248779 2.9316520690918 3.20151352882385 0.455196022987366 0.620908915996552 0.210579946637154 7.10437440872192 3.63758015632629 1.35387790203094
15.6177825927734 7.98738670349121 4.78191709518433 2.680579662323 13.8145771026611 0.893687427043915 2.20032525062561 20.7808017730713 18.4785289764404 -1.14924514293671 0.967939674854279 0.231115952134132 9.87787055969238 5.20841932296753 -0.680790185928345 0.967165112495422 -0.0701789483428001 4.41549110412598 6.22901582717896 3.80746459960938 11.3847846984863 4.00920009613037 7.26574325561523 16.201229095459 16.7475643157959 10.716700553894 3.98390650749207 4.16453504562378 3.68321681022644 25.9773750305176 8.1578950881958 0.121111169457436 3.00759387016296 3.65928554534912 5.99198198318481 8.27185821533203 7.82521390914917 6.70109939575195 2.19069314002991 2.53042507171631 32.4876327514648 0.240522250533104 -0.842344880104065 6.24526214599609 2.40883445739746
15.8689937591553 14.4230098724365 18.3250026702881 0.187048703432083 2.95562362670898 -0.257420986890793 3.13030600547791 5.7508020401001 5.66630077362061 0.716676950454712 11.0712223052979 0.556537270545959 24.4823246002197 10.7361736297607 1.97129464149475 1.69976317882538 0.197999835014343 -0.72208446264267 1.10328805446625 5.40955448150635 1.86431229114532 17.6887264251709 20.6922740936279 12.3707704544067 5.21958589553833 6.85666656494141 6.40579652786255 4.50117206573486 6.87082624435425 3.23369526863098 4.73199605941772 -1.00064897537231 -0.505918622016907 22.6496849060059 2.67511034011841 1.78162550926208 1.25438129901886 5.90735054016113 5.39190673828125 1.59143149852753 1.95535850524902 -0.39762344956398 9.63826370239258 5.03032302856445 7.59761905670166
5.05278921127319 8.17368316650391 4.65859127044678 0.554553925991058 -1.07264256477356 0.795383453369141 0.214044898748398 9.17146778106689 10.1723766326904 -0.283310025930405 11.5435905456543 7.78072261810303 19.1654167175293 12.5854034423828 2.88899421691895 0.868340790271759 0.173354580998421 -1.33753561973572 -1.13373720645905 5.25709295272827 9.54892444610596 18.9922142028809 3.24679970741272 3.26235151290894 5.79669332504272 3.76321768760681 4.05089378356934 4.75545501708984 2.89912104606628 2.02154135704041 2.53913998603821 -0.895997524261475 -1.23446893692017 0.356615722179413 1.53056335449219 2.23419642448425 1.04160356521606 12.6501970291138 7.16708707809448 4.46882152557373 3.71209168434143 3.48128461837769 0.85385000705719 2.16593098640442 12.4117937088013
12.1759052276611 2.46789813041687 -1.28772974014282 1.09530198574066 -0.368570774793625 21.4351177215576 19.6845073699951 -0.236971154808998 2.03740525245667 0.359329640865326 -0.520694315433502 1.80164194107056 0.596565723419189 -1.10370945930481 -0.181646093726158 0.367232382297516 -0.686710834503174 7.12021350860596 14.9316635131836 1.21119070053101 5.38893032073975 -0.819817960262299 -0.779756784439087 1.8595175743103 9.50164318084717 5.0363245010376 1.64461541175842 0.524354457855225 1.57803750038147 1.23039627075195 0.0717963650822639 1.47453033924103 -1.83481585979462 3.90853810310364 -1.31853413581848 -0.948904097080231 24.597110748291 24.4161319732666 15.7325983047485 4.44082593917847 4.02944898605347 0.372034132480621 -1.54575932025909 -0.645657956600189 6.14811372756958
3.63784027099609 -0.71801370382309 -1.35721743106842 -1.68611669540405 -0.748580813407898 6.74170827865601 -0.390991449356079 -1.19755482673645 1.48730373382568 2.18881106376648 0.984876155853271 19.0829753875732 13.0845003128052 22.2465991973877 17.4050426483154 -1.00288164615631 0.977253615856171 0.606238484382629 -0.639473617076874 -0.644919157028198 -1.37021827697754 -1.46031308174133 -1.24427092075348 0.523604333400726 0.497466742992401 -0.363636642694473 -0.0353054441511631 -0.719522297382355 -1.52784514427185 -0.228015527129173 -0.0400903075933456 -0.959480822086334 6.84272623062134 3.50579762458801 4.82334995269775 -1.34246361255646 17.8513641357422 29.1071395874023 1.74093174934387 9.69977283477783 3.06975483894348 -0.318903535604477 -0.0556583739817142 5.87284517288208 12.9125022888184
-1.86593008041382 -1.78594839572906 -2.04102444648743 -1.94490528106689 -0.512640655040741 16.054931640625 -0.260490536689758 20.9941711425781 25.7717342376709 16.2546844482422 22.352632522583 -1.32735466957092 -0.0280995815992355 2.9963493347168 2.40372180938721 -1.12566351890564 3.18203496932983 0.0594354793429375 -0.801659107208252 -1.64308512210846 -1.77970969676971 -1.83229243755341 -1.52374792098999 -1.52548289299011 2.59907269477844 -1.32566571235657 -1.22932386398315 -1.25681912899017 -1.44237685203552 2.62929677963257 -1.15594005584717 -0.395638257265091 -2.15118670463562 13.6478271484375 0.681102514266968 2.13481497764587 4.06941843032837 10.6247100830078 2.27819395065308 1.59329032897949 6.92276048660278 0.24054129421711 0.738354325294495 9.46508026123047 7.2614803314209
-2.13470101356506 -1.55914056301117 -1.96383011341095 11.1585025787354 2.44605207443237 4.1797399520874 5.47827386856079 23.5980548858643 17.7723445892334 4.36510944366455 3.52940630912781 2.30445694923401 14.1006650924683 14.4018821716309 -0.11801403015852 -1.34810602664948 -0.969225645065308 -1.64667391777039 -1.32645273208618 -1.22105097770691 -1.8611171245575 -2.09908938407898 -0.522668182849884 -1.6988160610199 -1.80315589904785 2.13308143615723 7.78068876266479 1.19461178779602 8.86322784423828 0.985700845718384 -1.84434485435486 -0.757673561573029 -2.12595963478088 -2.22211217880249 -2.55022573471069 29.0933227539062 1.96968734264374 14.1177473068237 14.2350845336914 -0.68382465839386 26.37571144104 -0.543427050113678 1.40455067157745 8.61334800720215 20.0496368408203
4.8410472869873 11.5448455810547 9.14553451538086 13.1537971496582 7.81371879577637 17.2890357971191 15.9038705825806 14.7429637908936 16.3060283660889 7.8130316734314 2.30178165435791 3.63847517967224 1.78476989269257 -0.751044034957886 -0.760433673858643 -1.42817771434784 -1.68669784069061 -1.77515685558319 -1.78273737430573 -2.22205638885498 -2.08374166488647 -2.01439356803894 -1.57159864902496 -2.37351751327515 -0.844602286815643 5.46152257919312 3.41922950744629 5.3767261505127 -0.681927502155304 -1.28693580627441 -1.66785633563995 -1.27668082714081 -2.1918957233429 -3.16400098800659 20.6399116516113 32.3278427124023 30.6988334655762 13.3558397293091 19.0218601226807 4.17283868789673 6.14003133773804 29.569450378418 37.1276817321777 24.4250316619873 13.4991540908813
18.1687850952148 3.01722407341003 9.90511989593506 0.482966899871826 14.2126426696777 13.1481170654297 3.50432324409485 9.36091232299805 4.94636631011963 -0.401229292154312 -1.2714809179306 -1.96407687664032 -1.75015234947205 -2.05636548995972 -1.97883093357086 -2.21237540245056 -2.36495232582092 -2.07978987693787 -2.50240421295166 -2.32973074913025 -2.59122490882874 -2.4295289516449 -2.34447121620178 -2.60540103912354 8.62994766235352 11.0063705444336 3.79493832588196 1.60795521736145 1.342902302742 -1.51510977745056 -1.57832217216492 5.77569770812988 2.92150783538818 -2.83216452598572 24.990406036377 25.1636734008789 1.28135144710541 6.09176969528198 20.8131198883057 4.18848896026611 1.300008893013 1.21265530586243 23.5228729248047 1.24279534816742 8.72571754455566
6.60447311401367 2.85014986991882 14.9510326385498 5.94317770004272 13.3944244384766 8.11145305633545 1.8279812335968 1.27425515651703 -1.6954163312912 -2.61652874946594 -2.51681065559387 -2.00286221504211 -2.20637083053589 -2.23539423942566 -2.57194924354553 -2.61516308784485 -2.8318293094635 -2.94824767112732 -2.68196415901184 -2.608647108078 -0.473467200994492 -2.93137454986572 -3.12788152694702 -3.34637379646301 -3.25895166397095 -0.91858434677124 2.96275496482849 0.95593398809433 1.27054345607758 -2.2403302192688 -2.2330048084259 -2.83232188224792 -1.67176055908203 -1.95186305046082 7.46719646453857 17.7043495178223 6.8690710067749 -1.25283074378967 1.90550243854523 24.8351650238037 -1.43512856960297 -1.00897920131683 -0.0525794960558414 27.051326751709 7.36613082885742
1.22408854961395 4.82443904876709 1.71328544616699 0.591514229774475 2.63577485084534 1.78222703933716 -2.71988582611084 -2.26452231407166 -2.57070755958557 -2.49665069580078 -3.06893825531006 -2.98259902000427 -2.77791476249695 -2.74184894561768 -2.85680198669434 -3.02715706825256 -3.01858758926392 -2.95118498802185 -2.9571418762207 1.32899820804596 -3.28470516204834 -3.22758030891418 -3.44959902763367 -3.39681601524353 6.20883941650391 19.8751239776611 14.4465408325195 14.2272415161133 -2.47874736785889 -2.43227362632751 -2.07437920570374 -2.49365615844727 18.9841499328613 18.5185050964355 0.903444886207581 -2.70681381225586 2.00580239295959 -0.0275950543582439 -2.44664144515991 -0.362298995256424 25.4703922271729 7.93763780593872 8.20575714111328 7.05419063568115 29.9481983184814
3.99384522438049 -0.78674989938736 3.86895823478699 2.53577899932861 -2.33879828453064 -3.33407926559448 -3.24294781684875 -2.812096118927 -2.81640124320984 -3.22002482414246 -3.63031888008118 -3.65287137031555 -3.28643345832825 -3.57395577430725 -2.96969437599182 2.80371499061584 4.23053407669067 -3.40954494476318 -3.17335677146912 -3.23477101325989 -3.5108277797699 -3.62055850028992 -3.70627069473267 -3.57225131988525 -1.48015856742859 8.66838264465332 6.13890552520752 6.72688293457031 8.36268615722656 -0.957674026489258 9.56197357177734 5.84360456466675 -2.66917419433594 9.28352451324463 11.4482145309448 -2.57594871520996 -3.27369403839111 -3.0186915397644 15.1632299423218 29.3271160125732 23.7934494018555 28.1059551239014 8.66748523712158 7.83373641967773 12.3785781860352
10.3202114105225 8.42577648162842 -2.04991865158081 -3.82190465927124 -3.45781660079956 -3.63905787467957 -0.590539932250977 -2.89456391334534 -3.83692026138306 -3.76959204673767 -3.92442178726196 -1.52370011806488 -3.68518757820129 -0.839248180389404 -1.7327253818512 2.26097416877747 -3.02420353889465 -3.09195351600647 6.30435419082642 -3.28186535835266 -2.18022322654724 2.07826995849609 -3.73981404304504 -3.95592904090881 -3.8515453338623 -3.37569689750671 3.87557291984558 5.13838291168213 5.49408674240112 2.84061694145203 7.845534324646 3.64608764648438 1.60988891124725 13.4157800674438 11.8004941940308 2.16713786125183 12.483226776123 21.1593494415283 22.1363906860352 10.0667810440063 8.96975135803223 13.2989130020142 9.04042053222656 2.46410751342773 17.23166847229
4.21601295471191 -0.644141674041748 -1.58329153060913 -3.73784685134888 2.76483726501465 -3.94633817672729 -1.62008953094482 -4.096839427948 -4.30476665496826 -4.39735174179077 -4.15572643280029 -1.30820059776306 -1.38931977748871 -3.89437031745911 -3.83692240715027 -3.48117160797119 -3.67552947998047 1.72229504585266 -1.65485024452209 -3.39324522018433 -1.09586596488953 0.566794216632843 -3.81203937530518 -3.78719711303711 -4.07555484771729 11.8820991516113 9.30964660644531 12.6114549636841 8.0557689666748 3.41733717918396 0.767515897750854 0.351520955562592 -2.30415058135986 0.227961003780365 1.13525092601776 0.805648863315582 0.628533720970154 -0.857304573059082 8.50326347351074 14.9859437942505 18.9454917907715 4.1532678604126 25.5818614959717 5.88471078872681 32.4495162963867
-3.2089478969574 -3.43349862098694 -3.32748937606812 -3.5541090965271 -4.11547231674194 -4.87300586700439 -4.32831954956055 -5.01577138900757 -5.08819627761841 -4.60861015319824 -4.799241065979 -3.73668527603149 -3.35151124000549 -1.58584940433502 -4.03955554962158 -4.00449895858765 -3.82734417915344 -3.74278330802917 -3.27243709564209 -3.42843651771545 -3.69085478782654 -3.52417922019958 -3.78258776664734 -3.97700762748718 -0.906658709049225 17.9369983673096 7.36004972457886 11.9831743240356 5.74016809463501 -0.40423321723938 2.59570097923279 6.22010374069214 11.1179637908936 3.18877363204956 6.98435211181641 -2.70224332809448 -2.8086462020874 -3.02743077278137 1.2234445810318 -0.458972275257111 6.66976976394653 4.52805614471436 4.62662029266357 32.4222526550293 25.6965160369873
-4.61646366119385 -4.77622604370117 -5.04598426818848 -5.20763301849365 -5.02378702163696 -5.47099828720093 -5.10989141464233 -4.83493709564209 -5.07820415496826 -1.68623578548431 -5.04191732406616 8.13115310668945 1.1175389289856 -4.11819076538086 -3.96299314498901 -4.16255664825439 -4.10690689086914 -4.03558444976807 -3.94821405410767 -3.87448358535767 -2.21465373039246 10.6865978240967 8.81490898132324 2.04994702339172 6.89959955215454 10.953987121582 6.8006763458252 19.890209197998 10.5644588470459 3.78081107139587 9.13633155822754 1.05157685279846 -0.34398877620697 0.484447419643402 -1.59775710105896 -2.87209749221802 -3.18001985549927 -3.17777323722839 2.65294671058655 2.76789236068726 -2.63577437400818 2.94171714782715 3.73921418190002 6.84231424331665 32.6083297729492
-5.04147672653198 -0.358936607837677 6.21465110778809 21.2548732757568 -0.329901665449142 -3.52284240722656 2.03827404975891 -1.785480260849 -5.37000942230225 0.681415438652039 -4.4042501449585 -1.27931451797485 0.157419070601463 -4.94941377639771 -4.30660486221313 0.071405716240406 8.87073040008545 13.6536560058594 2.98253178596497 0.483744025230408 3.72778630256653 2.15665626525879 1.88034307956696 1.65783309936523 2.57611799240112 8.53329658508301 14.5141839981079 2.10687899589539 0.76664787530899 -0.551209568977356 -1.21150636672974 -1.55446755886078 -1.57089996337891 -1.55956971645355 -3.90645289421082 -3.20381903648376 -3.20286917686462 -3.70112657546997 -3.85462546348572 -3.67813158035278 -1.23053443431854 -2.49565720558167 3.69959807395935 10.8041982650757 38.6247749328613
