slauniainen/Data/DEM/Vihti_dem1500b_cl_horizonAngle_330.asc
NCOLS 196 
NROWS 178 
XLLCORNER 353680 
YLLCORNER 6699024 
CELLSIZE 16 
NODATA_value -3.4e+38 
[rows 120 to 139 of 178, columns 0 to 44 of 196]
2.32960438728333 2.04808163642883 1.60232853889465 1.16411185264587 0.677129328250885 3.64487838745117 2.90751504898071 1.83889377117157 3.32157301902771 3.97341346740723 3.6022777557373 2.30351662635803 1.80120289325714 1.88191986083984 1.77094054222107 1.94173800945282 2.11236715316772 2.06033754348755 1.71982371807098 1.20892345905304 0.840006589889526 0.745693445205688 0.613749027252197 0.493147909641266 0.391049534082413 0.318660914897919 0.287622213363647 0.239933326840401 0.202240839600563 0.176449820399284 0.126794278621674 0.0888473019003868 0.0817298218607903 0.0703308880329132 0.0672079250216484 0.0421934016048908 0.00215654354542494 -0.0324073806405067 -0.105595320463181 -0.136793315410614 -0.238371431827545 -0.357379466295242 -0.401832491159439 -0.431820958852768 -0.337670058012009
2.35435843467712 2.26023244857788 2.40175604820251 1.28619134426117 0.946108937263489 3.8512716293335 3.09534096717834 1.59599673748016 2.94530057907104 4.23985433578491 4.45508575439453 2.89587640762329 2.23393368721008 2.19128370285034 1.83557486534119 1.7165344953537 1.88456690311432 2.08796787261963 1.90821778774261 1.47651660442352 0.906748592853546 0.761565625667572 0.634411215782166 0.521607518196106 0.415161430835724 0.298230886459351 0.252146184444427 0.212612167000771 0.163157731294632 0.152846291661263 0.112181752920151 0.0634222105145454 0.0455799922347069 0.0330997295677662 0.026633258908987 0.0141805671155453 -0.000468688784167171 -0.059400387108326 -0.100165881216526 -0.155321642756462 -0.282249271869659 -0.376089453697205 -0.424382448196411 -0.457718044519424 -0.482503116130829
2.42735767364502 2.27640533447266 2.02569770812988 5.48360919952393 2.39040088653564 2.98448014259338 3.21644234657288 2.71052002906799 2.49589228630066 4.43998336791992 4.03360557556152 2.66661214828491 2.40593552589417 2.16493248939514 1.55612432956696 1.55191719532013 1.75443375110626 2.01761889457703 1.89900720119476 1.62327635288239 1.14464235305786 0.751365184783936 0.649535894393921 0.524021625518799 0.404476851224899 0.292174220085144 0.224654912948608 0.185515731573105 0.136421769857407 0.117360457777977 0.0985408648848534 0.0455813109874725 0.0157182421535254 0.0065532149747014 -0.00768948066979647 -0.0183866005390882 -0.0306697823107243 -0.0711020603775978 -0.103874832391739 -0.148686721920967 -0.299751341342926 -0.371204644441605 -0.43039944767952 -0.477932721376419 -0.5068638920784
2.47295689582825 2.25462698936462 2.1602988243103 2.31565999984741 4.40259695053101 4.24697780609131 3.79692959785461 3.10792541503906 2.94598603248596 3.494295835495 3.14180397987366 2.30177211761475 2.51657199859619 2.30462574958801 1.5931978225708 1.43263113498688 1.58158075809479 1.81032228469849 1.93317031860352 1.70913350582123 1.27867591381073 0.765072047710419 0.647757351398468 0.535896599292755 0.427501320838928 0.32058247923851 0.209232583642006 0.155846267938614 0.116670407354832 0.0794346481561661 0.0690312162041664 0.033754751086235 -0.00261477287858725 -0.0239433813840151 -0.0355447195470333 -0.0510134547948837 -0.0616227723658085 -0.0920219272375107 -0.149845495820045 -0.217386871576309 -0.299289286136627 -0.377365499734879 -0.439868420362473 -0.483932942152023 -0.530460596084595
2.43263006210327 2.32074809074402 2.17962765693665 1.86057555675507 4.23684978485107 4.04293632507324 3.49325108528137 3.0956175327301 2.89306616783142 3.32345819473267 3.16564965248108 2.39084196090698 2.73180317878723 2.64036631584167 1.87613046169281 1.35049331188202 1.47237682342529 1.69462656974792 1.8840639591217 1.70030796527863 1.38538312911987 0.964026570320129 0.63522344827652 0.547783255577087 0.456131041049957 0.344321399927139 0.230335682630539 0.147182151675224 0.095023088157177 0.0666474103927612 0.036220595240593 0.0221209228038788 -0.00381056312471628 -0.0428298078477383 -0.0878891423344612 -0.095566987991333 -0.10572025179863 -0.125618740916252 -0.163499772548676 -0.226671367883682 -0.301562786102295 -0.397996634244919 -0.464247345924377 -0.498665064573288 -0.558022737503052
2.36054444313049 2.36036610603333 2.16329741477966 1.82858204841614 1.67019236087799 4.06008720397949 3.48228931427002 3.50515794754028 3.05654406547546 3.42862701416016 3.05971479415894 2.93265104293823 2.40632104873657 2.61990261077881 2.04105424880981 1.34919989109039 1.35233080387115 1.49764490127563 1.69961357116699 1.72216236591339 1.47323262691498 1.08060956001282 0.631970584392548 0.549530923366547 0.462871044874191 0.347755312919617 0.239502593874931 0.155990421772003 0.0902097523212433 0.0617275014519691 0.0234381761401892 -0.000710256339516491 -0.00603143032640219 -0.0508172325789928 -0.11297282576561 -0.14776286482811 -0.167399629950523 -0.18546524643898 -0.187131807208061 -0.246794462203979 -0.330662310123444 -0.428147286176682 -0.493771255016327 -0.53274142742157 -0.588916063308716
2.22768926620483 2.29183197021484 2.12632179260254 1.79202687740326 1.49070572853088 3.12677717208862 3.60039949417114 3.02071738243103 3.25657677650452 3.61797571182251 3.1034209728241 2.84857821464539 2.22560095787048 2.34171462059021 2.25471782684326 1.66707062721252 1.31721746921539 1.34485471248627 1.6139669418335 1.68751752376556 1.48968851566315 1.18310213088989 0.779661476612091 0.527476727962494 0.461342096328735 0.365305751562119 0.272830575704575 0.183492317795753 0.100014917552471 0.0433379560709 0.029322374612093 -0.0110719287768006 -0.015729196369648 -0.0457158349454403 -0.101455487310886 -0.155495032668114 -0.244846701622009 -0.265626162290573 -0.243066295981407 -0.298221975564957 -0.361696124076843 -0.4650659263134 -0.532859921455383 -0.574016153812408 -0.626943707466125
2.1170814037323 2.13296008110046 1.98578500747681 1.74352443218231 1.48919081687927 1.22398197650909 3.46089649200439 4.94697618484497 4.19796895980835 3.80479383468628 3.28861522674561 2.74660325050354 2.70796227455139 2.46526193618774 2.6189386844635 2.10295724868774 1.26260054111481 1.26845729351044 1.41799640655518 1.50526595115662 1.49713826179504 1.32519388198853 1.02923190593719 0.542309105396271 0.454991787672043 0.372780591249466 0.273196041584015 0.178713753819466 0.113933205604553 0.0443631671369076 0.0117836408317089 -0.0206553731113672 -0.0381993018090725 -0.0490377731621265 -0.105087958276272 -0.181879386305809 -0.290384441614151 -0.33588519692421 -0.335657835006714 -0.352352052927017 -0.380251675844193 -0.448812663555145 -0.56174373626709 -0.628481864929199 -0.672764599323273
1.88834393024445 1.9455840587616 1.89501047134399 1.68406200408936 1.44125354290009 1.16310703754425 1.53702259063721 3.49482941627502 6.20931529998779 5.97862577438354 3.92174482345581 2.93911910057068 2.74689602851868 2.56604623794556 2.43768692016602 2.10816645622253 1.5769921541214 1.78108286857605 1.27140045166016 1.32833778858185 1.35221183300018 1.33498406410217 1.11494290828705 0.774778664112091 0.435701936483383 0.371514320373535 0.280131310224533 0.187960773706436 0.129173576831818 0.0186844300478697 -0.00842155516147614 -0.0385492108762264 -0.0609413087368011 -0.0794559195637703 -0.124748080968857 -0.227590337395668 -0.316993415355682 -0.355000615119934 -0.364475071430206 -0.368649989366531 -0.423410058021545 -0.489873647689819 -0.576684236526489 -0.640601575374603 -0.703666865825653
1.76136982440948 1.89444935321808 1.88155388832092 1.63068473339081 1.3552862405777 1.04660022258759 0.733420789241791 2.18016576766968 3.42188549041748 4.1828293800354 5.64846801757812 4.40549373626709 3.93296313285828 3.07386255264282 2.43874740600586 2.24685740470886 1.98164534568787 2.60855722427368 1.17823028564453 1.19434869289398 1.26214420795441 1.29622364044189 1.14352858066559 0.881377100944519 0.464990586042404 0.316583096981049 0.247599557042122 0.158286154270172 0.0952587500214577 0.00485251005738974 -0.029448164626956 -0.0696902498602867 -0.0896635428071022 -0.126723170280457 -0.186268046498299 -0.255467921495438 -0.333981812000275 -0.391778320074081 -0.388082176446915 -0.419100344181061 -0.480440467596054 -0.563840568065643 -0.60059118270874 -0.659656047821045 -0.700817823410034
1.52025997638702 1.74456572532654 1.84226548671722 1.66089713573456 1.39666080474854 0.836465120315552 0.792843699455261 1.03226149082184 2.34945964813232 3.28589940071106 3.68573975563049 3.90060234069824 5.59317207336426 5.48282861709595 4.14963865280151 3.18200993537903 2.87414979934692 2.82277321815491 1.17706680297852 1.07207000255585 1.09597110748291 1.18239867687225 1.1629091501236 0.962160050868988 0.61925882101059 0.279685080051422 0.198992669582367 0.135203808546066 0.0719137862324715 -0.0035850377753377 -0.0461077503859997 -0.0707771480083466 -0.109265513718128 -0.145055994391441 -0.221408054232597 -0.285327613353729 -0.365630358457565 -0.44557198882103 -0.482231110334396 -0.54982203245163 -0.596393287181854 -0.621522486209869 -0.637268245220184 -0.684231519699097 -0.709302663803101
1.28627336025238 1.47775733470917 1.69553542137146 1.65715944766998 1.17899870872498 0.827700018882751 0.811752200126648 0.699076294898987 1.8448965549469 2.45929598808289 3.02936816215515 3.42040920257568 3.42393374443054 3.65990400314331 4.24397039413452 4.17576503753662 3.12548589706421 2.00778746604919 1.15401303768158 1.01786780357361 1.00231575965881 1.10848522186279 1.13889074325562 0.9980828166008 0.730589091777802 0.336239516735077 0.177160784602165 0.104314476251602 0.0471495054662228 -0.0194024927914143 -0.0626734420657158 -0.090116411447525 -0.126904502511024 -0.154887467622757 -0.243848100304604 -0.327606707811356 -0.418615579605103 -0.503962874412537 -0.584034144878387 -0.662486791610718 -0.684755325317383 -0.660006523132324 -0.652507603168488 -0.717747807502747 -0.782137215137482
1.02987813949585 1.13792192935944 1.34622406959534 1.35001659393311 0.920763254165649 0.919096529483795 0.803747951984406 0.758807897567749 0.680436849594116 2.00032901763916 2.58593130111694 2.8295738697052 2.93007946014404 2.95990228652954 3.12579035758972 2.88183856010437 2.52916693687439 1.9672440290451 1.15861463546753 1.067955493927 0.947673499584198 0.964651763439178 1.04481101036072 1.01510286331177 0.825500130653381 0.487444937229156 0.187452867627144 0.0918519869446754 0.0360111072659492 -0.00846630241721869 -0.0695116892457008 -0.106446862220764 -0.147235229611397 -0.169569671154022 -0.234390810132027 -0.346784055233002 -0.458527415990829 -0.545505344867706 -0.631061911582947 -0.690194487571716 -0.722167432308197 -0.711658656597137 -0.715243458747864 -0.762802839279175 -0.829404711723328
0.792132496833801 0.846490681171417 1.00647032260895 0.817482113838196 0.799238204956055 0.90071827173233 0.806991875171661 0.77674800157547 0.637341260910034 0.873906791210175 2.01434183120728 2.35989880561829 2.71040511131287 2.68283700942993 2.62334752082825 2.65555739402771 2.35955119132996 1.95028901100159 1.36940550804138 1.11241328716278 1.01510274410248 0.897462069988251 0.980614244937897 0.996869385242462 0.853356063365936 0.606100142002106 0.280503243207932 0.124381043016911 0.0287872646003962 -0.0221511498093605 -0.0782312974333763 -0.136546030640602 -0.169718325138092 -0.206749215722084 -0.236576646566391 -0.357221037149429 -0.493391990661621 -0.59291672706604 -0.659767627716064 -0.711638271808624 -0.761591076850891 -0.740688860416412 -0.752913534641266 -0.786060512065887 -0.860858678817749
0.624969124794006 0.62546044588089 0.698067009449005 0.600420594215393 0.755445837974548 0.877392828464508 0.878568172454834 0.767374157905579 0.635110259056091 0.514847934246063 1.43796598911285 1.88496255874634 2.22491526603699 2.45560097694397 2.44715595245361 2.40045809745789 2.46739912033081 2.12170886993408 1.73103451728821 1.18481230735779 1.1692795753479 0.870064556598663 0.860913157463074 0.875809788703918 0.877136468887329 0.76529985666275 0.504018425941467 0.143541112542152 0.0285828411579132 -0.0477383844554424 -0.116320341825485 -0.168814018368721 -0.193641915917397 -0.237822532653809 -0.287000179290771 -0.377333015203476 -0.519838929176331 -0.630137026309967 -0.687567055225372 -0.742877542972565 -0.780434727668762 -0.798665523529053 -0.789403676986694 -0.83016973733902 -0.875697195529938
0.552833259105682 0.51601231098175 0.518813073635101 0.493378430604935 0.709639430046082 0.76289039850235 0.852789878845215 0.768260538578033 0.642069816589355 0.521539330482483 0.724688649177551 1.55056011676788 1.98959505558014 2.35746741294861 2.33753967285156 2.31542539596558 2.42785716056824 2.20050406455994 1.82225620746613 1.41522681713104 1.10036087036133 0.982394814491272 0.804820358753204 0.788698196411133 0.826374232769012 0.775841236114502 0.602764785289764 0.299228817224503 0.0347266718745232 -0.052518717944622 -0.124290026724339 -0.168175399303436 -0.21317994594574 -0.274711906909943 -0.341672360897064 -0.415301591157913 -0.537491500377655 -0.652415633201599 -0.726223409175873 -0.773076474666595 -0.811652839183807 -0.843248546123505 -0.855602502822876 -0.914457499980927 -0.91240781545639
0.543478012084961 0.534651398658752 0.491247564554214 0.502698957920074 0.57423335313797 0.688069045543671 0.740055203437805 0.709700524806976 0.615483462810516 0.509795129299164 0.421509236097336 1.26515686511993 1.65605068206787 1.95060253143311 2.20923352241516 2.23228979110718 2.1727180480957 2.30914545059204 1.98582196235657 1.5640105009079 1.18815159797668 1.03519928455353 0.824850797653198 0.741043388843536 0.787269711494446 0.798185408115387 0.663837373256683 0.39874678850174 0.0627416670322418 -0.0451928041875362 -0.111355423927307 -0.162302181124687 -0.246822342276573 -0.322889804840088 -0.39163139462471 -0.477182000875473 -0.571710586547852 -0.67648458480835 -0.755343675613403 -0.812516450881958 -0.852968692779541 -0.878632843494415 -0.905435085296631 -1.00086259841919 -1.00443696975708
0.531961441040039 0.502011120319366 0.472999751567841 0.475566148757935 0.45834282040596 0.558676302433014 0.598015069961548 0.5985067486763 0.564364433288574 0.509532630443573 0.372671335935593 0.647084534168243 1.36342525482178 1.75808048248291 2.15875649452209 2.16795349121094 2.08358573913574 2.05049443244934 2.17891764640808 1.72374832630157 1.31320548057556 1.03028213977814 0.907131135463715 0.709582924842834 0.682293176651001 0.745485603809357 0.697332561016083 0.485656380653381 0.191937267780304 -0.081687219440937 -0.129415392875671 -0.212099105119705 -0.298985630273819 -0.384185343980789 -0.467082887887955 -0.555905818939209 -0.63779354095459 -0.716864049434662 -0.78024959564209 -0.842674434185028 -0.890929102897644 -0.913437306880951 -0.974453747272491 -1.03585577011108 -1.0400059223175
0.479142844676971 0.483412235975266 0.476744115352631 0.433916985988617 0.421848893165588 0.436251401901245 0.474341869354248 0.487620949745178 0.463829010725021 0.418036788702011 0.337618798017502 0.292287677526474 1.12732005119324 1.48247313499451 1.76412045955658 2.03652310371399 2.04648447036743 1.97977364063263 2.11444592475891 1.83315050601959 1.4649246931076 1.0668580532074 0.947209417819977 0.715749800205231 0.644802927970886 0.693551778793335 0.69420063495636 0.550894916057587 0.289231479167938 0.0169097874313593 -0.172980710864067 -0.239080488681793 -0.350548386573792 -0.451958149671555 -0.511589527130127 -0.60684072971344 -0.696308970451355 -0.763344764709473 -0.807159781455994 -0.863420367240906 -0.915744483470917 -0.957538068294525 -1.06414556503296 -1.06068110466003 -1.07682597637177
0.467544198036194 0.436197906732559 0.442634671926498 0.391541093587875 0.386970311403275 0.387404412031174 0.368683665990829 0.384820491075516 0.377223163843155 0.357751816511154 0.314110934734344 0.262508720159531 0.387361854314804 1.21619987487793 1.58050489425659 1.76615190505981 1.92462778091431 1.93278825283051 1.85863208770752 2.00270390510559 1.63759112358093 1.24112296104431 0.957590103149414 0.795938849449158 0.610383570194244 0.595730423927307 0.585903704166412 0.583985030651093 0.442763537168503 0.205718234181404 -0.0989224761724472 -0.31442204117775 -0.411641985177994 -0.460193872451782 -0.579875588417053 -0.699284017086029 -0.764871597290039 -0.822549223899841 -0.877449929714203 -0.920847833156586 -0.964531600475311 -1.00041031837463 -1.05481994152069 -1.11372828483582 -1.09224140644073
