slauniainen/Data/DEM/Vihti_dsm1500b_cl_horizonAngle_234.asc
NCOLS 196 
NROWS 178 
XLLCORNER 353680 
YLLCORNER 6699024 
CELLSIZE 16 
NODATA_value -3.4e+38 
[rows 20 to 39 of 178, columns 90 to 134 of 196]
2.76186156272888 3.17927837371826 2.7399697303772 2.35072708129883 1.75745534896851 1.86317324638367 2.07109785079956 1.959508061409 2.04155254364014 2.04832720756531 1.95362162590027 2.21570634841919 2.31481218338013 2.20345139503479 2.15561032295227 2.28205251693726 2.30686163902283 2.21201062202454 2.10719919204712 2.32032060623169 2.29300618171692 2.19560050964355 2.2153627872467 2.00214648246765 2.00090909004211 1.8430860042572 2.06396245956421 2.03709673881531 1.69686090946198 1.83640813827515 2.78958702087402 2.58297085762024 2.21475863456726 2.27495098114014 3.01015448570251 2.95863890647888 3.02709817886353 2.81215262413025 2.83500170707703 2.91250038146973 2.93113112449646 2.29663968086243 1.75976037979126 7.80576992034912 5.24859142303467
1.70142817497253 2.69658899307251 2.89163398742676 2.29659986495972 2.23106956481934 2.18127465248108 1.86788773536682 2.11498618125916 1.98966693878174 2.15142750740051 2.18482398986816 2.08086061477661 2.38683938980103 2.46756649017334 2.38792967796326 2.37322854995728 2.25603604316711 2.12769365310669 2.35395908355713 2.25616884231567 2.29390811920166 2.27036762237549 2.08436584472656 2.04690408706665 1.89302730560303 2.11531639099121 1.80145752429962 1.88609933853149 2.91855549812317 2.87483859062195 2.66410779953003 2.39182114601135 2.34654140472412 3.11602234840393 3.17934608459473 3.12342762947083 2.99158835411072 2.93646812438965 5.88292121887207 3.99212956428528 3.16106557846069 3.98731732368469 4.75587272644043 9.23878002166748 11.8650932312012
2.39011359214783 1.81158769130707 2.45018768310547 2.33883309364319 2.20177030563354 2.275475025177 2.22702288627625 2.05049014091492 2.22996592521667 1.95641434192657 2.24396657943726 2.29158902168274 2.38547611236572 2.4452748298645 2.33491992950439 2.32019281387329 2.18479132652283 2.404301404953 2.29387545585632 2.32506561279297 2.10412287712097 2.12642455101013 1.99211120605469 2.2107937335968 2.16777682304382 1.7963935136795 1.93722200393677 3.01468586921692 2.79236245155334 2.38177609443665 2.46293473243713 2.07605528831482 3.21934080123901 3.27802205085754 3.05394172668457 3.07863330841064 3.66847062110901 3.1064510345459 1.79235947132111 12.6254987716675 8.07883071899414 3.47587776184082 4.28815650939941 3.47250080108643 3.29582071304321
1.82648277282715 2.04680109024048 2.3704137802124 2.04205107688904 2.39222264289856 2.20938086509705 2.35396528244019 2.31237506866455 2.10405254364014 2.29289388656616 2.26319932937622 2.42132210731506 2.48188805580139 2.3725004196167 2.32390975952148 2.47536158561707 2.45153832435608 2.33723545074463 2.35864639282227 2.1682870388031 2.14675545692444 2.03178572654724 2.26222562789917 1.99581670761108 2.01765871047974 1.97937726974487 3.11855173110962 2.87692999839783 2.44061827659607 2.5317120552063 3.39999651908875 3.32949590682983 3.38701510429382 3.22199654579163 3.16119813919067 3.77140545845032 2.6578848361969 2.44827437400818 2.9475109577179 5.29937601089478 16.3462219238281 21.6827011108398 5.4123969078064 1.22456037998199 2.0860538482666
2.45811462402344 2.43689846992493 2.05909490585327 2.44789528846741 2.2721426486969 2.46946334838867 2.08800888061523 2.33912324905396 2.34465670585632 2.44219255447388 2.5165638923645 2.51369118690491 2.55449748039246 2.54035592079163 2.65498971939087 2.49337553977966 2.44314503669739 2.40868806838989 2.20569515228271 2.15984749794006 2.10410833358765 2.28768062591553 2.05840468406677 2.07158207893372 3.30852293968201 3.23534440994263 2.97744107246399 2.63666868209839 2.59346151351929 3.51224708557129 3.58026719093323 3.50509095191956 3.32246255874634 3.20826458930969 3.89442825317383 2.5684335231781 2.93061470985413 3.50267386436462 2.46032357215881 1.1904205083847 1.5825742483139 1.63459718227386 1.41520369052887 2.21710205078125 13.7379922866821
2.4439811706543 2.5532705783844 2.52237796783447 2.32427144050598 2.545743227005 2.2640540599823 2.4453489780426 2.29128670692444 2.49034690856934 2.55429863929749 2.39961004257202 2.65813040733337 3.14267158508301 3.12949705123901 2.62297749519348 2.58913230895996 2.50512003898621 2.46244239807129 2.32686996459961 2.35783553123474 2.32258868217468 2.12615752220154 2.12305760383606 3.39176201820374 3.14011573791504 2.60740184783936 2.69089937210083 2.27692818641663 3.62263083457947 3.6862461566925 3.4360728263855 3.41840124130249 4.11959934234619 4.03055715560913 3.17228770256042 3.09495759010315 3.60843920707703 2.09276366233826 2.38810920715332 2.35355973243713 2.27264523506165 1.8345867395401 2.23201060295105 0.908015608787537 10.3074951171875
2.74736666679382 2.47618126869202 2.68294620513916 2.63855314254761 2.3227698802948 2.51891374588013 2.56321978569031 2.61162519454956 2.57901835441589 2.4112069606781 2.22762060165405 2.49908065795898 2.6579761505127 2.93145608901978 2.77874517440796 2.61540102958679 2.59625625610352 2.52680921554565 2.46484041213989 2.44140958786011 2.39581489562988 3.56949710845947 3.48533272743225 3.2099757194519 2.65755486488342 2.76137685775757 3.81786370277405 3.7161557674408 3.80591177940369 3.59143900871277 3.51649570465088 4.25093460083008 2.93807315826416 3.26241445541382 3.84183192253113 3.75039005279541 2.13448309898376 2.43627786636353 1.94391858577728 2.29820990562439 2.3364245891571 2.66795206069946 3.68502235412598 1.08155906200409 0.900426149368286
2.63086175918579 2.86340761184692 2.34638142585754 2.66510915756226 2.60796451568604 2.62931799888611 2.66128516197205 2.45955109596252 2.42674088478088 2.24075126647949 2.52375888824463 2.3893735408783 2.45238256454468 2.83928894996643 2.77611422538757 2.96173524856567 2.9411768913269 2.64724326133728 2.60851430892944 2.55978846549988 3.69319868087769 3.38977336883545 2.73615598678589 2.86656403541565 2.8153235912323 3.93486833572388 4.00940227508545 3.92546033859253 3.67003178596497 3.61748003959656 4.3975977897644 2.83699440956116 3.34799289703369 3.97099447250366 2.24243545532227 2.55614829063416 2.49411177635193 2.03776240348816 2.33417940139771 2.36059403419495 2.23286557197571 2.16943049430847 3.73795485496521 4.69577169418335 5.42496538162231
3.03346586227417 2.59392619132996 2.82658386230469 2.53748106956482 2.72539019584656 2.75015330314636 2.50482726097107 2.28630900382996 2.58691549301147 2.53622794151306 2.4035496711731 2.4602792263031 2.30507898330688 2.67238569259644 2.50620818138123 2.91720724105835 3.08599400520325 3.14527177810669 2.87672233581543 3.79828286170959 3.47809624671936 2.79069375991821 2.91201710700989 4.1298189163208 4.04313802719116 4.119948387146 3.8426558971405 3.81251788139343 4.65777587890625 4.55822706222534 3.51209187507629 3.43423080444336 4.09817314147949 2.33887553215027 2.61999177932739 2.28519606590271 2.43545603752136 2.48769664764404 2.42485547065735 2.28754472732544 2.18182587623596 2.35729432106018 2.24938607215881 3.49210166931152 5.12237644195557
2.71580648422241 2.96858525276184 2.93192505836487 2.94969081878662 2.86554145812988 2.61230492591858 2.35669708251953 2.64146256446838 2.46566653251648 2.50500869750977 2.46460247039795 2.20441079139709 2.34170484542847 2.49324107170105 2.37580251693726 2.7402937412262 2.98226404190063 3.9735381603241 3.88326191902161 3.54679894447327 3.16456079483032 2.96042037010193 4.24041509628296 4.29711723327637 4.21511363983154 3.97950124740601 3.90649819374084 4.80990886688232 3.25379228591919 3.59925389289856 4.35025310516357 4.23901748657227 2.49191856384277 2.66848850250244 2.47103071212769 2.48510599136353 2.54701638221741 2.42392826080322 2.35699152946472 2.27754616737366 2.4519031047821 2.28405547142029 2.09844827651978 2.07429432868958 2.99090480804443
3.17595601081848 3.07019019126892 3.10040473937988 2.827960729599 2.74374175071716 2.47129321098328 2.75745177268982 2.54958009719849 2.55272817611694 2.17877149581909 2.2144775390625 2.01270651817322 2.39981317520142 2.38041424751282 2.15256690979004 2.2961585521698 4.02014589309692 3.68148970603943 2.89627146720886 3.40553021430969 3.38799262046814 4.36151266098022 4.37401247024536 4.07143688201904 4.05187320709229 5.03663110733032 4.92857313156128 3.09565019607544 3.67637848854065 4.48963451385498 2.95134425163269 2.93208360671997 2.73834562301636 2.61175560951233 2.57356095314026 2.59483098983765 2.5162148475647 2.4647798538208 2.63008427619934 2.55831384658813 2.40555191040039 2.18516325950623 2.11423206329346 2.26771855354309 2.36046075820923
3.32272028923035 3.29291343688965 2.96289229393005 2.66881537437439 2.99725723266602 2.89586567878723 2.67834901809692 2.67019462585449 2.29233884811401 2.230633020401 1.9964120388031 2.41952991485596 1.94171214103699 2.07089853286743 2.23703932762146 4.1353907585144 3.73292708396912 2.85183644294739 2.98673319816589 4.55537748336792 4.45943355560303 4.50852155685425 4.11803960800171 4.09195375442505 5.13486576080322 3.52073073387146 3.91105914115906 4.68001508712769 4.59012269973755 3.27986216545105 3.21344065666199 2.94567584991455 2.94703769683838 2.70915222167969 2.67269897460938 2.61760401725769 2.65499114990234 2.6836256980896 2.56573104858398 2.46688222885132 2.30389451980591 2.21938729286194 2.37098813056946 2.43549942970276 2.59590363502502
3.59148621559143 3.17962646484375 2.82536840438843 3.12683367729187 2.89153623580933 2.8921205997467 2.79427719116211 2.39212822914124 2.15596270561218 2.01976323127747 2.44482231140137 1.92419075965881 2.19626069068909 4.47515392303467 4.31145858764648 3.86910843849182 3.12444472312927 3.04335045814514 4.64323711395264 4.72355890274048 4.61493539810181 4.32697772979736 4.18562507629395 5.2629075050354 3.11149168014526 3.76735687255859 4.74048709869385 4.0704345703125 4.5753960609436 4.50431680679321 3.55193686485291 3.19267892837524 3.01838517189026 2.96170616149902 2.76461434364319 2.74926590919495 2.73898816108704 2.7533221244812 2.68550610542297 2.50202369689941 2.53547549247742 2.61059427261353 2.76477122306824 2.69694042205811 3.50147414207458
3.44499230384827 3.08102440834045 3.36908149719238 3.05930781364441 3.00044822692871 2.49018979072571 2.45987701416016 2.1750283241272 2.62003803253174 2.52238440513611 1.80131077766418 2.06296157836914 4.73703098297119 4.19699048995972 2.99262070655823 3.19213628768921 2.47520232200623 4.8594970703125 4.88336992263794 4.45374631881714 4.43637895584106 5.6284122467041 5.47166776657104 3.91527318954468 3.81229972839355 4.80807304382324 3.23980331420898 3.31898188591003 3.78521656990051 4.36426782608032 4.43749618530273 3.9078574180603 3.34680318832397 3.21408557891846 2.89938473701477 2.79977822303772 2.82838344573975 2.8426685333252 2.74361133575439 2.59580755233765 2.69376754760742 2.86325693130493 3.69846963882446 3.61223030090332 3.70042824745178
3.8508722782135 3.64647936820984 3.33113813400269 3.21520924568176 2.63803315162659 2.52659606933594 2.23343229293823 2.70891237258911 1.99820101261139 2.18356871604919 5.38682985305786 5.03785419464111 4.42241477966309 3.06494665145874 3.25203466415405 5.32185363769531 5.11299753189087 5.10365772247314 4.63183450698853 4.57395172119141 5.83836936950684 3.53836941719055 3.9959454536438 5.12062120437622 4.94645309448242 2.46167540550232 2.9437780380249 3.21724319458008 3.29916906356812 3.45478010177612 3.64358925819397 3.87315726280212 3.60481333732605 3.34421563148499 3.16415929794312 2.89237213134766 2.9772412776947 2.85680079460144 2.78433632850647 3.002774477005 2.94607782363892 3.81076550483704 3.88468718528748 3.83805990219116 3.80195641517639
3.85131573677063 3.69684910774231 3.45465517044067 2.80534052848816 2.53212952613831 2.32628011703491 2.82185530662537 1.92581021785736 2.22454929351807 5.93198251724243 5.18863487243652 3.32442307472229 3.49792337417603 3.34870719909668 5.64812803268433 5.61781740188599 5.3734302520752 4.99503421783447 4.77231645584106 6.10748767852783 3.33117890357971 4.08529949188232 5.30163860321045 2.58901786804199 2.81457901000977 2.73115134239197 2.58237624168396 3.00839829444885 3.53122925758362 3.85363793373108 3.73156833648682 3.59254837036133 3.67469573020935 3.58104252815247 3.27644896507263 3.17527627944946 3.09050178527832 2.96867871284485 3.02273750305176 3.97119545936584 3.90243744850159 3.99081516265869 3.98296785354614 3.89910960197449 3.78539371490479
4.01266288757324 3.17122316360474 2.95696401596069 2.58643269538879 3.17379403114319 3.0032172203064 1.99440634250641 2.29257822036743 6.63619709014893 5.74831628799438 3.53062057495117 3.75027823448181 6.49159336090088 6.06700658798218 5.9764289855957 5.41754817962646 5.30292463302612 6.75531530380249 6.45627450942993 4.3239688873291 4.19349908828735 5.55744934082031 2.29605865478516 2.82949566841125 2.65612554550171 2.55538654327393 2.67818808555603 2.84891486167908 3.45549249649048 3.97400951385498 4.43653631210327 4.14979219436646 3.82549166679382 3.68199849128723 3.34291863441467 3.17884016036987 3.25809574127197 3.47582793235779 4.0407338142395 4.14215993881226 4.11008167266846 4.06076669692993 3.96339869499207 3.61193823814392 3.55426859855652
3.40119099617004 3.16067218780518 2.77796125411987 3.35811638832092 2.30302405357361 2.5386643409729 8.61879920959473 7.65340375900269 6.54219532012939 4.19744205474854 3.98152875900269 7.22081232070923 6.95843029022217 6.50858926773071 6.0512809753418 5.70451641082764 7.26004791259766 3.98929262161255 4.51494216918945 6.15176486968994 5.8481616973877 2.31650400161743 2.83782386779785 2.21939921379089 2.56201338768005 2.68269491195679 2.48444652557373 2.51161670684814 3.26628088951111 3.75108361244202 4.65072202682495 4.41904163360596 4.28822994232178 4.29611587524414 3.83836793899536 3.89043021202087 3.05314874649048 4.11965417861938 4.20028591156006 4.21395206451416 4.12991333007812 4.02526378631592 3.67523598670959 3.53074860572815 3.80779671669006
3.20268559455872 3.92871117591858 3.64026141166687 2.29620599746704 2.63781213760376 10.590726852417 9.07275581359863 4.35932540893555 4.58138990402222 3.16750288009644 8.08609485626221 7.71248435974121 6.93233013153076 6.78129482269287 8.45284748077393 7.88118362426758 3.85590744018555 4.7236328125 6.58813142776489 2.45608568191528 3.06008505821228 2.93099474906921 2.64560317993164 2.57417035102844 2.70310282707214 2.49365949630737 2.40503787994385 2.7560498714447 2.71153998374939 3.15355372428894 4.19774675369263 3.6821460723877 3.9521586894989 4.59665489196777 5.08688163757324 4.2485818862915 4.12911605834961 5.05999898910522 5.57055473327637 6.08431196212769 3.79285788536072 3.72969460487366 4.96021223068237 3.90818881988525 4.23104524612427
4.2877893447876 2.7326557636261 3.02275133132935 2.81437397003174 14.0701313018799 11.9352378845215 4.85428762435913 5.14733982086182 10.4348258972168 9.3251485824585 8.67877006530762 7.78369903564453 7.66923904418945 9.50595092773438 4.86571359634399 5.275390625 7.59753751754761 7.13341236114502 2.51539516448975 3.1804404258728 1.75461041927338 2.74875426292419 2.8807327747345 2.76024675369263 2.51496553421021 2.43454170227051 2.7976279258728 2.60762643814087 2.49654030799866 2.44800353050232 3.46636772155762 2.79225540161133 2.81104612350464 3.65203595161438 4.71083498001099 4.40097904205322 4.29834222793579 4.23303365707397 4.11271095275879 5.23002529144287 6.17060899734497 3.91635680198669 4.37988567352295 4.47698545455933 18.1187782287598
