slauniainen/Data/DEM/Vihti_dsm1500b_cl_horizonAngle_78.asc
NCOLS 196 
NROWS 178 
XLLCORNER 353680 
YLLCORNER 6699024 
CELLSIZE 16 
NODATA_value -3.4e+38 
[rows 60 to 79 of 178, columns 135 to 179 of 196]
7.84041786193848 8.02785396575928 8.31935691833496 26.3406429290771 44.2538185119629 6.33630752563477 8.11006736755371 33.5194702148438 7.5895094871521 15.5922651290894 9.75134181976318 8.23836135864258 10.5823516845703 18.9815216064453 24.2067127227783 37.2470092773438 14.8181972503662 31.9657115936279 35.3491172790527 31.342264175415 -2.59242868423462 27.3158683776855 45.8195037841797 -2.55513858795166 0.530623912811279 0.845616102218628 4.18570041656494 1.71575367450714 2.80573749542236 1.48454999923706 3.73057723045349 3.85832953453064 15.0058565139771 22.0328388214111 2.82647156715393 0.770647764205933 9.68365669250488 1.27701938152313 1.65146470069885 6.32533502578735 13.3120279312134 0.854505479335785 1.32723677158356 1.72632324695587 2.68835878372192
11.9507904052734 14.2711391448975 17.6188297271729 10.4001588821411 11.6347045898438 14.7065515518188 14.2101058959961 17.6171836853027 19.6863498687744 15.6304588317871 11.8357381820679 12.6362495422363 13.7329769134521 16.9980545043945 21.8002128601074 35.5208206176758 17.1749324798584 29.7661743164062 31.6528491973877 26.6429042816162 9.41621589660645 5.96843862533569 14.5616674423218 26.9110260009766 -0.880166232585907 8.58564472198486 12.0024356842041 -0.250890374183655 10.8780431747437 -1.15795576572418 29.0138988494873 -0.525650143623352 7.40670108795166 8.46968460083008 20.0547103881836 0.218660652637482 4.53208351135254 14.0180730819702 4.32303047180176 14.7830295562744 4.94419574737549 -0.0208099614828825 0.271556288003922 1.20093286037445 2.06904745101929
7.45773935317993 7.79357242584229 8.13967609405518 8.89697551727295 8.34817218780518 8.80953884124756 13.8130950927734 24.3782062530518 29.516206741333 7.50495052337646 14.7749977111816 17.7517738342285 8.20733737945557 14.4174013137817 12.4069337844849 14.0784606933594 16.7742805480957 19.8566303253174 9.42930221557617 9.59695816040039 10.5466279983521 11.7721157073975 10.6215343475342 22.5046310424805 6.2813549041748 13.4036588668823 4.52680826187134 -2.22823762893677 -1.68899786472321 -1.49417471885681 13.4893026351929 23.4888038635254 -0.453564465045929 2.44295024871826 13.9926509857178 22.4051761627197 4.83228063583374 8.93122863769531 -0.751228153705597 -0.504969537258148 -0.119656898081303 -0.0378741249442101 0.527091681957245 0.948797762393951 1.61366307735443
6.86569738388062 7.14855098724365 9.11049842834473 10.4301691055298 12.1820631027222 14.6822242736816 18.3626689910889 25.4732475280762 14.9600439071655 10.1201810836792 10.1599321365356 32.4899482727051 43.8043022155762 -0.613047540187836 6.48885774612427 7.05627584457397 7.52653455734253 6.26294755935669 6.73749876022339 7.17585706710815 7.87608528137207 9.05262756347656 23.3625755310059 40.8277854919434 13.1664609909058 9.80260372161865 -3.40256881713867 -3.26290464401245 -2.47148442268372 0.610029578208923 2.3847348690033 12.4435596466064 9.69280242919922 17.5647602081299 1.96431601047516 6.92822074890137 5.12935256958008 2.11967492103577 -0.6219322681427 3.00579571723938 0.458991378545761 0.487489491701126 1.11627745628357 1.49250543117523 2.48413348197937
7.35817241668701 7.94175243377686 8.06303691864014 8.7033634185791 9.53193473815918 10.8805541992188 15.938817024231 26.5896263122559 43.489559173584 13.4738750457764 16.4893951416016 17.9602146148682 45.8192901611328 2.6773579120636 3.33079314231873 53.2185859680176 -1.25764989852905 5.13646602630615 10.4318180084229 11.7741117477417 13.397087097168 23.0363502502441 38.359245300293 18.8566417694092 5.94378089904785 6.93201684951782 -2.90046548843384 -1.92076647281647 -0.976517200469971 0.975962102413177 2.5081000328064 3.11121654510498 19.6436405181885 7.97543096542358 11.7833681106567 -0.439904510974884 19.3870334625244 -0.113909602165222 0.142671719193459 0.861056447029114 1.26953434944153 1.96983361244202 2.27191805839539 2.5003821849823 3.03092932701111
6.63193655014038 6.2606954574585 10.6816072463989 11.6382970809937 12.7151718139648 14.3623943328857 27.5108661651611 44.8651084899902 9.16836261749268 12.9537296295166 13.22096824646 27.764799118042 31.0281581878662 7.57829570770264 3.00591015815735 2.93491721153259 23.2908954620361 35.7627830505371 1.43328893184662 5.68342638015747 16.0846405029297 19.961498260498 22.4970111846924 23.3339233398438 49.1965751647949 -0.670207679271698 0.18481881916523 -2.30926847457886 -0.589605391025543 1.52824652194977 1.99487376213074 21.2935733795166 5.69997310638428 8.12280464172363 -0.198346227407455 0.164432495832443 0.484778940677643 0.768668234348297 0.968629777431488 1.26153135299683 1.77470397949219 2.28847479820251 2.06931257247925 4.57598829269409 2.73583078384399
9.02333831787109 9.69472789764404 10.6371660232544 12.5217618942261 15.1683549880981 32.2901916503906 50.3552513122559 12.3399038314819 4.00431108474731 9.17420864105225 8.24012279510498 15.6148138046265 26.568359375 7.01739835739136 14.321364402771 10.6614294052124 9.9893798828125 33.0604553222656 15.268500328064 -1.17053973674774 7.84109592437744 17.1596603393555 21.7915153503418 20.071533203125 23.4471378326416 36.1975173950195 -1.49708271026611 -1.20919513702393 3.95238208770752 27.5168514251709 39.1630744934082 -0.350462406873703 15.1444139480591 0.153631880879402 0.704677045345306 4.0123496055603 0.903151273727417 1.06351482868195 9.45884132385254 8.41983699798584 1.10923111438751 1.20777881145477 2.47338581085205 2.8791606426239 3.16543102264404
10.6964378356934 12.3778438568115 14.5723342895508 17.688985824585 22.399471282959 35.5858840942383 53.4392967224121 3.93316006660461 3.51107406616211 7.9491114616394 19.3910732269287 7.56134796142578 16.5160446166992 12.0543489456177 12.6774063110352 16.7193946838379 10.3816967010498 15.9783792495728 16.0957622528076 -1.13892471790314 -2.15791606903076 0.3661849796772 12.3431081771851 16.7569599151611 27.2006759643555 46.2819290161133 -1.42662334442139 2.42006301879883 7.55111646652222 8.66379833221436 3.93497109413147 4.91413688659668 2.32902932167053 0.43642920255661 5.47938919067383 12.5082445144653 26.0675773620605 0.509488344192505 0.784227430820465 1.19171714782715 6.30835294723511 1.46944403648376 9.25693035125732 1.9954686164856 3.15892386436462
11.933629989624 13.802770614624 16.2409591674805 19.6742286682129 39.4413757324219 57.9234313964844 4.24429368972778 11.9259252548218 3.94876742362976 4.88022089004517 8.39547920227051 7.7588529586792 23.6967029571533 24.9474601745605 22.9077835083008 8.90129470825195 -3.11454081535339 3.69968605041504 17.5231800079346 5.28295850753784 14.2247591018677 -4.21775913238525 0.262799471616745 19.0708293914795 22.637508392334 41.6867065429688 -0.668299376964569 7.26162958145142 1.73009634017944 0.24419279396534 5.05021619796753 13.2991428375244 8.35596179962158 18.762767791748 0.51958042383194 2.88776874542236 7.64072179794312 0.786779046058655 3.34377813339233 16.4009399414062 0.929749727249146 1.10180163383484 1.3581485748291 1.96727705001831 3.02247714996338
15.2839794158936 18.0062503814697 21.7618160247803 27.3024158477783 35.8660850524902 54.3083343505859 15.2694253921509 9.63314723968506 5.46118545532227 7.31877565383911 14.4115200042725 8.91032028198242 15.6053237915039 22.365650177002 9.24732494354248 2.48667001724243 1.08006596565247 1.71505987644196 15.2917728424072 1.85195887088776 0.293482452630997 -3.8236243724823 -3.67175245285034 -0.671491146087646 11.7792997360229 19.9447135925293 32.7031478881836 26.4097957611084 -0.261413544416428 10.3690252304077 0.699108302593231 8.74131965637207 4.04408931732178 21.6028900146484 3.21737599372864 1.31098783016205 1.93033146858215 13.2443189620972 14.0906915664673 3.82866358757019 10.7039575576782 0.402296960353851 0.66078132390976 1.17141151428223 1.91211438179016
13.6134195327759 15.6939306259155 19.1172275543213 24.0075912475586 36.5792427062988 54.8061332702637 6.59163188934326 8.19421291351318 9.64221572875977 12.9855289459229 13.4096927642822 5.03465747833252 10.9828281402588 14.4805212020874 12.7291164398193 3.47518348693848 26.101224899292 6.68028497695923 4.0282621383667 11.3322811126709 -4.23454332351685 -3.44751858711243 -3.03162145614624 1.15791440010071 8.07621765136719 21.8283252716064 33.7319679260254 33.3125534057617 -0.144213780760765 -0.0294200386852026 0.624879837036133 8.59807300567627 23.225736618042 29.1120586395264 2.01183438301086 22.0132598876953 23.3094310760498 0.0510326139628887 10.8536796569824 0.11664579808712 0.235651090741158 0.392561554908752 0.474271237850189 1.45821332931519 2.27883148193359
9.61216068267822 15.8444652557373 19.4041786193848 39.4299697875977 58.2695693969727 5.14617681503296 6.91379880905151 11.5520353317261 9.10498523712158 9.35946750640869 10.7774791717529 17.9796009063721 13.9220151901245 20.2496147155762 2.15271186828613 24.1939964294434 2.67945146560669 27.1021461486816 3.43119621276855 4.59670877456665 -4.02661037445068 -3.79313778877258 -2.71381735801697 0.38610103726387 4.76860523223877 8.40780925750732 22.1135158538818 20.0810642242432 19.5946788787842 3.58031320571899 7.51753759384155 12.4589500427246 13.6971311569214 16.1772727966309 24.109733581543 14.9711055755615 4.10879230499268 7.90993118286133 0.0797445848584175 0.54672384262085 0.586153447628021 0.909196436405182 1.18515312671661 1.27991557121277 5.64152002334595
12.5334606170654 19.9844856262207 9.4639310836792 11.2437324523926 10.0011253356934 10.4251432418823 4.97716045379639 17.2907962799072 7.86029958724976 13.0038862228394 17.8009548187256 10.946551322937 16.2389030456543 5.9453067779541 25.0084056854248 22.3290615081787 0.959999084472656 2.0350182056427 -2.34854984283447 -0.497864544391632 -2.81419587135315 -2.44274663925171 -1.99948823451996 -1.43111765384674 -1.4066082239151 2.68366622924805 1.87340712547302 12.55539894104 18.2364654541016 23.257740020752 7.04974842071533 11.8190402984619 13.2159242630005 20.5495529174805 18.309326171875 6.98428392410278 14.1867179870605 0.455996930599213 0.474329203367233 0.651235342025757 0.857504069805145 1.30418384075165 1.48380279541016 2.70191025733948 2.93245697021484
14.80006980896 16.1298599243164 57.0490036010742 5.37692832946777 10.6553688049316 10.8596668243408 9.96720695495605 10.6505689620972 5.80445146560669 8.59059524536133 8.57861709594727 9.44526672363281 14.7819004058838 30.908863067627 5.41630840301514 16.4720230102539 5.28161764144897 14.6182050704956 -2.85795521736145 16.3353271484375 -1.51730763912201 8.73011684417725 -0.625850737094879 -0.165165677666664 -0.0474670566618443 0.549798130989075 0.989808559417725 4.55878114700317 10.8443460464478 17.4393177032471 14.4911756515503 11.6168851852417 17.4693870544434 12.900297164917 19.5595073699951 22.5202617645264 11.9035882949829 0.38476949930191 1.39445412158966 1.71222329139709 1.97734427452087 2.69011950492859 11.0515651702881 29.1039543151855 2.74931120872498
3.99714684486389 6.03997230529785 47.3236618041992 14.8982191085815 17.5358505249023 5.63311004638672 7.9386248588562 9.08242034912109 8.67568302154541 13.9592876434326 4.11714506149292 10.6036891937256 15.6631107330322 11.4640407562256 14.2516899108887 -2.53303933143616 15.9015092849731 -1.88421857357025 -1.18729770183563 10.8889608383179 4.45975112915039 -1.38269710540771 -0.985525190830231 8.70707511901855 -0.287696868181229 0.95075798034668 2.90257620811462 3.34471607208252 7.16692781448364 12.0012636184692 20.7888889312744 32.660041809082 17.5004005432129 29.578556060791 6.52353382110596 12.0748329162598 1.63855946063995 1.87439656257629 2.13239979743958 2.06842350959778 2.13093280792236 7.51529407501221 3.47122979164124 3.70065212249756 4.43385314941406
3.86883139610291 4.94004058837891 20.1148223876953 37.5124816894531 10.4410562515259 3.55252075195312 11.3762168884277 16.4021530151367 7.65090608596802 13.0068655014038 12.6626262664795 8.37094306945801 8.61350917816162 5.0370717048645 -1.93113279342651 17.9584503173828 7.81540632247925 -2.59951663017273 -1.86608231067657 0.607276678085327 1.93249177932739 3.25404906272888 -1.59588348865509 4.78559446334839 -0.643725752830505 0.740982711315155 3.21555471420288 10.6381940841675 11.8995409011841 16.1941051483154 19.8929042816162 25.0793571472168 24.0379295349121 27.3758869171143 39.0426063537598 15.3838758468628 1.82698464393616 2.07104539871216 2.2561399936676 2.42609310150146 3.24614119529724 14.7130193710327 3.88152146339417 4.14656162261963 6.5971851348877
3.28774690628052 9.09708309173584 9.50221157073975 7.39795017242432 9.4776668548584 7.90659856796265 18.663366317749 20.3086776733398 12.5544033050537 7.01818895339966 11.9185256958008 12.6419324874878 4.08922719955444 4.84656238555908 0.00354395643807948 -1.8566312789917 3.39863920211792 -2.56342697143555 9.84088611602783 -2.24122190475464 -2.16341519355774 -1.88639354705811 -1.18580842018127 -0.0902698412537575 0.164908275008202 1.35518431663513 2.91116261482239 4.39005947113037 10.6932525634766 12.5053396224976 14.8565397262573 18.3748416900635 23.217113494873 27.1994934082031 24.668285369873 22.5689525604248 15.8805494308472 15.5752210617065 3.19825434684753 3.67320919036865 6.01108932495117 4.37147665023804 4.48833227157593 4.72834300994873 4.82848167419434
4.13520288467407 6.05960512161255 9.05055809020996 27.4296855926514 29.1811809539795 6.0242395401001 11.0416040420532 14.2933368682861 32.7604789733887 13.871563911438 14.8580865859985 2.13924407958984 5.19668102264404 15.1569881439209 -1.02494359016418 -2.5673451423645 0.908822536468506 3.15735268592834 -2.90408229827881 0.387418806552887 -2.53456997871399 -1.89698135852814 -1.85811507701874 -1.68648278713226 -1.47976326942444 0.966392517089844 4.52772569656372 9.19615173339844 10.6751279830933 9.97867393493652 9.5561580657959 9.2167387008667 6.66794872283936 9.21026420593262 9.07047367095947 10.9897165298462 6.06915140151978 3.65324473381042 3.76387667655945 3.7740752696991 4.04542970657349 4.2164454460144 4.41213703155518 4.65816211700439 4.95105171203613
3.81389236450195 7.93301010131836 17.924732208252 17.0151424407959 11.2031946182251 12.2130098342896 11.552604675293 12.2490158081055 14.0481586456299 14.8795623779297 11.9083280563354 9.96651554107666 19.2484645843506 25.7983379364014 2.21949577331543 15.127947807312 -2.80750155448914 -3.08428359031677 -0.744738280773163 -3.07762885093689 -2.75255799293518 -2.28734254837036 -2.22350525856018 -2.14489269256592 -1.54464828968048 0.251922905445099 5.25112104415894 5.44010972976685 3.17001271247864 3.33854937553406 4.02915859222412 2.64633345603943 2.63033866882324 2.83368039131165 3.11219716072083 3.36408591270447 3.41995644569397 3.6474187374115 3.89718675613403 4.00316143035889 4.0406494140625 3.70080256462097 3.56429767608643 3.78003573417664 3.77026295661926
4.82383108139038 6.70019817352295 13.2243309020996 15.788161277771 7.60779809951782 28.1133041381836 12.6713800430298 13.891224861145 5.15252733230591 10.9833965301514 12.2895069122314 15.168906211853 17.8792057037354 12.6624622344971 15.5718641281128 7.89561223983765 0.370180159807205 -3.54960894584656 -3.48995542526245 -1.49593043327332 -2.95645189285278 -2.58890223503113 2.99039626121521 -2.71376752853394 -2.49329900741577 -1.6715646982193 27.8236083984375 -0.867081642150879 1.39659976959229 1.97960579395294 2.19352746009827 2.54500460624695 2.68490219116211 2.85071778297424 3.06746387481689 3.15459609031677 3.03050351142883 3.14947581291199 3.2431755065918 3.09465503692627 3.13328289985657 3.17656278610229 3.31158876419067 3.41694402694702 3.65054869651794
