slauniainen/Data/DEM/Vihti_dsm1500b_cl_horizonAngle_222.asc
NCOLS 196 
NROWS 178 
XLLCORNER 353680 
YLLCORNER 6699024 
CELLSIZE 16 
NODATA_value -3.4e+38 
[rows 0 to 19 of 178, columns 90 to 134 of 196]
5.56126546859741 6.6913948059082 1.16069757938385 -2.05482363700867 2.10406470298767 4.76336288452148 1.39467310905457 6.28064680099487 45.455493927002 32.4286651611328 14.2339000701904 8.93955993652344 7.44356107711792 3.28784966468811 1.65743291378021 12.9714584350586 17.7707977294922 9.75771045684814 16.0703582763672 9.91240882873535 8.02361583709717 3.49544239044189 1.38853657245636 1.33354711532593 1.28828108310699 1.22621846199036 1.15725946426392 1.08951127529144 1.01365506649017 0.926217138767242 0.896282613277435 0.89062511920929 1.88475036621094 2.04198265075684 1.04191291332245 1.20965731143951 9.74382209777832 6.55999231338501 1.98943018913269 1.40254473686218 0.859995067119598 0.854152679443359 0.844969630241394 0.844367742538452 1.61890053749084
8.71715545654297 12.7949819564819 -0.140178725123405 -2.39503145217896 -2.75122809410095 11.1407318115234 9.15451812744141 15.9326000213623 47.6663856506348 15.1687002182007 10.1510467529297 9.05659294128418 5.03846263885498 0.700968265533447 23.7212409973145 1.73778021335602 18.7948760986328 30.2846565246582 14.941385269165 10.8261041641235 4.89465379714966 1.73915910720825 1.44724440574646 1.38329923152924 1.30795061588287 1.21748197078705 1.14199137687683 1.06308603286743 0.968240916728973 0.92819344997406 0.925967335700989 2.04755163192749 2.20631575584412 1.14458990097046 1.32337176799774 0.483937412500381 0.463404297828674 2.64616751670837 1.71132504940033 0.900202512741089 0.89986127614975 0.894529938697815 0.882241487503052 1.86276292800903 0.872998118400574
6.57372188568115 7.96248006820679 -2.34758925437927 -2.52774167060852 -2.31848454475403 -2.16082692146301 -1.95476031303406 3.34418082237244 16.7279872894287 10.4014205932617 10.5662631988525 6.9196720123291 5.83216428756714 0.84177827835083 9.6998291015625 3.09340143203735 0.592846810817719 20.3179588317871 16.2329578399658 7.55606746673584 3.57966041564941 2.080646276474 1.53435385227203 1.41268301010132 1.29680645465851 1.21857297420502 1.12550413608551 1.01889717578888 0.969448566436768 0.962638974189758 2.24298858642578 2.39598631858826 1.26516032218933 1.44399845600128 0.935427010059357 0.490677744150162 3.99069046974182 2.25931167602539 0.934614539146423 0.937728404998779 0.941407799720764 0.938766241073608 2.19365692138672 0.905015230178833 -0.488999277353287
11.7063207626343 -1.40114235877991 -1.92440235614777 -1.99881899356842 -1.75746774673462 -1.71235144138336 16.0640182495117 21.8992404937744 7.99145269393921 0.756474077701569 3.61024403572083 3.88079905509949 3.48726439476013 10.1801986694336 6.11180543899536 1.77319872379303 0.97180587053299 19.7682056427002 10.0476312637329 4.51127767562866 2.65541362762451 1.65713500976562 1.54839134216309 1.45798599720001 1.32073521614075 1.19420313835144 1.08091580867767 1.01557159423828 0.995412528514862 2.47781467437744 2.6242208480835 1.41371440887451 1.60293924808502 0.973390996456146 0.904216825962067 7.93247747421265 3.39799356460571 0.975051283836365 0.971642076969147 1.15913093090057 0.979935228824615 1.03252482414246 2.39928221702576 -0.424645721912384 -0.460018008947372
1.41793239116669 0.968624234199524 -0.18566358089447 -1.42192554473877 -1.55746352672577 -1.664027094841 38.2354469299316 14.5169649124146 1.85678887367249 1.10312807559967 4.06100082397461 7.71092319488525 3.48399662971497 1.16888701915741 1.03824400901794 2.49299216270447 0.849543273448944 3.2613046169281 5.98409366607666 3.52576851844788 1.78837525844574 1.66377758979797 1.56564021110535 1.43889927864075 1.32864427566528 1.19574332237244 1.06759881973267 1.0265679359436 2.76766538619995 2.89986443519592 1.60337281227112 1.79865789413452 1.01110208034515 2.00792050361633 1.32278215885162 6.72514533996582 1.01053130626678 1.01841306686401 1.43176245689392 1.00836586952209 1.27303767204285 3.02477121353149 0.988704025745392 -0.145606935024261 -0.677720487117767
8.24223518371582 4.19894790649414 9.33306789398193 9.14152717590332 0.10722441226244 -0.948648154735565 25.4004421234131 1.86054718494415 1.175372838974 4.26443672180176 9.37032890319824 1.14777612686157 9.21061038970947 6.53069972991943 1.20239067077637 1.11147391796112 3.29178786277771 6.22393751144409 5.27955770492554 1.93970656394958 1.79439735412598 1.69187009334564 1.54599452018738 1.43602168560028 1.3107100725174 1.16079211235046 1.0736335515976 3.13274741172791 3.23834657669067 1.84936225414276 2.03806710243225 1.05024349689484 2.29109334945679 2.39716100692749 0.840720653533936 1.04992663860321 1.04304027557373 2.2291567325592 1.04785346984863 1.64810979366302 4.04106092453003 1.03388845920563 5.909836769104 -0.203785702586174 -0.523575901985168
4.65936756134033 9.85561084747314 2.54122376441956 5.79938650131226 -0.029975363984704 -0.0742218270897865 1.83431851863861 2.58720564842224 8.88005542755127 13.3606805801392 2.11664772033691 4.57181978225708 10.2555618286133 1.35757291316986 1.38515663146973 11.020562171936 11.9126424789429 10.3209867477417 2.12532734870911 1.98900246620178 1.83569443225861 1.66878700256348 1.54103446006775 1.40623438358307 1.26905953884125 1.12422382831573 3.61064124107361 3.66572904586792 2.29304075241089 2.34835004806519 1.09021389484406 2.60331344604492 2.70773673057556 2.13486194610596 1.95414566993713 1.08340549468994 4.32944822311401 1.08412647247314 2.32817149162292 5.84542226791382 1.07774901390076 12.0379362106323 1.57414388656616 0.395870715379715 -0.693929553031921
17.7534122467041 10.5511274337769 8.25018882751465 7.7390193939209 12.6645050048828 1.04688465595245 1.38878834247589 1.49397325515747 13.8737535476685 2.33413457870483 1.31142246723175 1.22135996818542 3.85762643814087 1.54654014110565 1.29457867145538 2.06282377243042 1.69910764694214 2.33643937110901 2.15660834312439 2.00888395309448 1.82674789428711 1.67216491699219 1.51876258850098 1.36173129081726 1.19374823570251 4.26030397415161 4.22360897064209 2.86144232749939 2.76929879188538 1.13208222389221 3.00319695472717 3.06674528121948 2.20553350448608 2.03495264053345 1.2233499288559 1.04525506496429 1.15093338489532 4.65687465667725 11.3584127426147 1.12953221797943 17.7056999206543 2.09014558792114 2.17360901832581 0.526522159576416 0.0827717632055283
-0.59633994102478 20.2417011260986 3.70370769500732 4.04926729202271 3.26175904273987 3.15932202339172 3.19574856758118 0.731619894504547 2.67724132537842 2.81294059753418 2.83554148674011 1.69668388366699 1.78180885314941 1.83909642696381 1.3887403011322 2.38121247291565 2.568199634552 2.40354204177856 2.21699166297913 2.00947427749634 2.03174448013306 1.93179988861084 1.62826263904572 1.28238809108734 1.24374353885651 4.98582792282104 3.81853461265564 3.00743055343628 3.05580687522888 3.54614400863647 3.55194067955017 2.27631640434265 2.09900784492493 1.60510218143463 1.25687980651855 2.46452903747559 2.01158571243286 0.858896672725677 1.19577026367188 32.3722190856934 3.03446197509766 3.30929017066956 3.54302072525024 0.618388235569 0.642655909061432
-0.583312809467316 29.3153171539307 15.3934116363525 3.78148031234741 3.65104031562805 3.78399515151978 3.47270655632019 3.07749176025391 3.25505948066711 3.3569164276123 3.34267902374268 3.24806261062622 3.1675877571106 1.67325961589813 2.92544865608215 2.61769151687622 2.6879506111145 2.45838284492493 2.23879504203796 2.09317564964294 1.99147343635559 2.00835251808167 1.62152540683746 1.72919857501984 5.87564325332642 5.7126317024231 3.99686574935913 3.82782173156738 1.21853530406952 4.17396259307861 2.34960389137268 2.16559052467346 1.98170852661133 1.67651498317719 2.54559731483459 2.61138105392456 2.42044806480408 2.36813473701477 0.173729613423347 4.16644191741943 6.14933204650879 5.22139072418213 1.17188036441803 1.56387436389923 1.19518041610718
-0.121055163443089 25.7362995147705 4.16215848922729 3.90341544151306 4.20402050018311 4.15574979782104 3.56954193115234 3.93401765823364 3.87809705734253 3.81041550636292 3.70206999778748 3.67778062820435 3.60469079017639 3.40298867225647 3.16597533226013 2.96644902229309 2.73587346076965 2.51348447799683 2.24178194999695 2.05135869979858 2.06981801986694 1.87504911422729 1.78147554397583 7.80361890792847 11.2673072814941 5.96452856063843 5.10484075546265 1.28579688072205 4.90322589874268 4.62142610549927 2.23773407936096 2.04168248176575 1.72709274291992 2.62410044670105 2.68998312950134 2.5027437210083 2.46447253227234 2.99607849121094 1.53035521507263 1.09674441814423 9.9480619430542 1.25274157524109 2.24273347854614 9.87656307220459 4.34050178527832
0.0933220759034157 1.37949371337891 3.29788875579834 4.04536962509155 4.56470394134521 4.12578868865967 4.87379693984985 4.9362096786499 4.52322769165039 4.36218738555908 4.11011075973511 4.07154989242554 3.91832160949707 3.78113889694214 3.43165445327759 3.0527491569519 2.82807874679565 2.46379637718201 2.21035146713257 2.123774766922 1.96752691268921 1.83574795722961 13.4220457077026 5.3622989654541 11.8284454345703 7.64921283721924 1.35802352428436 6.52727174758911 5.76368856430054 2.38218522071838 2.10441732406616 1.77966260910034 2.71004056930542 2.77564358711243 2.67143988609314 2.54277062416077 3.09368300437927 2.05791258811951 1.44483458995819 2.47112083435059 1.33199334144592 4.4749960899353 19.1254405975342 6.46407985687256 4.36796855926514
1.15034365653992 1.47717583179474 2.29087376594543 3.40528011322021 3.76641440391541 5.0036678314209 6.01141977310181 5.99790143966675 5.41254901885986 4.91513013839722 4.71812963485718 4.47582674026489 4.27642726898193 3.99771189689636 3.75746989250183 3.35285806655884 2.83765649795532 2.53624439239502 2.20188164710999 2.0040762424469 1.87828707695007 9.39963626861572 12.376070022583 1.33318173885345 15.0096397399902 1.80692672729492 9.72343254089355 7.67002391815186 2.96099734306335 2.17402863502502 1.83894193172455 2.80011606216431 2.86441469192505 2.75112438201904 2.61989450454712 3.18318581581116 2.12089252471924 1.48157930374146 2.89406514167786 1.43309152126312 1.25464582443237 0.769323110580444 12.5072708129883 6.43330240249634 7.83491802215576
1.16232419013977 1.16217017173767 2.11232399940491 2.65052556991577 2.92561793327332 3.88452243804932 4.80237054824829 5.84847640991211 6.07925987243652 5.40410041809082 5.23612260818481 4.88669300079346 4.55347394943237 4.16563701629639 3.82851362228394 3.45462417602539 3.02229046821594 2.61064696311951 2.29177236557007 1.92518317699432 1.13042974472046 23.499568939209 1.6740140914917 1.3890472650528 2.87690544128418 18.9047393798828 11.4200258255005 3.96631765365601 2.46304488182068 2.27263188362122 2.89809203147888 2.96264839172363 2.83925461769104 2.71329593658447 3.29493308067322 2.64744305610657 2.07364654541016 2.9903028011322 1.4943128824234 1.45837271213531 1.25794625282288 1.01721656322479 10.8783349990845 15.4271602630615 0.71126663684845
1.16051423549652 1.79559242725372 1.76836395263672 1.74028170108795 1.90109205245972 2.87591290473938 3.39374876022339 4.37126874923706 5.47428131103516 5.8158974647522 5.28515768051147 5.13534593582153 4.5974292755127 4.28619050979614 3.89056777954102 3.52587652206421 3.12539434432983 2.71628093719482 2.36417126655579 1.85233116149902 1.24509811401367 1.72801685333252 1.84987425804138 1.83019387722015 1.38219904899597 21.9411754608154 5.9054741859436 3.27875304222107 3.03752684593201 3.00299119949341 3.06558108329773 2.93272876739502 2.80695557594299 3.40806102752686 2.73706984519958 2.95126366615295 3.09126377105713 1.56000399589539 1.51495468616486 1.47100520133972 1.47191166877747 1.02705383300781 0.934767782688141 1.39054441452026 0.708091676235199
1.84508287906647 1.38943135738373 1.58365023136139 1.7675187587738 1.53148806095123 1.8177148103714 2.19758200645447 2.84232425689697 4.11706352233887 5.1710033416748 5.47818660736084 5.09881258010864 4.76156997680664 4.25631523132324 3.96646642684937 3.70763373374939 3.20858669281006 2.74263548851013 2.01233148574829 7.20691394805908 1.77711820602417 1.91227030754089 2.3530421257019 1.96067905426025 1.98121845722198 10.5067501068115 4.87910079956055 4.54228687286377 4.21074247360229 3.17702960968018 3.03114724159241 2.90732336044312 3.52788853645325 2.82613778114319 3.04458546638489 3.19874954223633 2.1928243637085 1.55916845798492 1.66934609413147 1.63457095623016 1.48651230335236 1.40106701850891 2.34742140769958 3.60259437561035 4.23410320281982
1.42420256137848 1.60467886924744 1.81186485290527 1.55663931369781 1.83482921123505 1.7110937833786 1.88284778594971 1.72972548007965 2.42775559425354 3.62021136283875 4.71857738494873 5.10461044311523 4.68696355819702 4.28161191940308 4.07128572463989 3.77855658531189 3.38778567314148 2.75687265396118 7.24845314025879 3.03249311447144 1.97926139831543 3.52775549888611 2.04945397377014 1.37670123577118 2.49262595176697 5.68736982345581 5.69313716888428 8.13752365112305 3.29341411590576 3.13727879524231 3.01912569999695 3.65477013587952 2.91887402534485 3.1453742980957 3.31219339370728 2.26532936096191 1.67961513996124 1.71402323246002 2.17404317855835 1.54495060443878 1.52761542797089 1.40555894374847 4.29003667831421 7.23756170272827 6.93073511123657
1.72175741195679 1.86314964294434 1.58873414993286 1.89217853546143 1.75383746623993 1.91493630409241 1.7328017950058 1.8549063205719 1.94288456439972 2.00673341751099 3.17569279670715 4.07271289825439 4.19318294525146 4.27271699905396 4.03245210647583 3.74622654914856 3.24672627449036 1.72624683380127 1.7951328754425 2.04871010780334 7.02764177322388 2.11964631080627 1.89955604076385 4.86779832839966 2.44480752944946 1.84137737751007 3.02690458297729 3.39014267921448 3.22965359687805 3.12302756309509 3.78378915786743 3.01494264602661 3.24769973754883 3.43570733070374 2.33720064163208 1.73568594455719 1.77557969093323 2.2403039932251 1.60399353504181 1.58282327651978 1.50587964057922 8.31128025054932 3.28079605102539 12.1874189376831 2.39443135261536
2.22800707817078 1.9575834274292 1.94960963726044 1.81270229816437 1.98586237430573 1.78138601779938 1.89774692058563 1.9717515707016 2.01135182380676 1.92238974571228 1.82918775081635 2.45970845222473 2.65041947364807 2.98226404190063 3.02246189117432 2.92728447914124 2.72793865203857 2.99969005584717 2.21459412574768 1.84764170646667 2.19038510322571 3.15059900283813 9.68853950500488 2.80475735664368 2.19158172607422 2.06566572189331 3.4798538684845 3.32043361663818 3.22001314163208 3.90367150306702 3.10431027412415 3.34716701507568 3.55879187583923 2.41259741783142 2.3165295124054 1.83607244491577 2.31359529495239 1.65958344936371 1.63895237445831 1.62480127811432 4.32770776748657 1.16179525852203 1.09565031528473 9.09102630615234 4.46909999847412
2.91814160346985 2.35021495819092 1.8881231546402 2.0654935836792 1.85805523395538 1.97843170166016 2.03535056114197 2.06145453453064 1.95652341842651 1.83398354053497 2.12300324440002 2.06242322921753 2.16045904159546 1.84062099456787 1.94759142398834 2.25439214706421 1.8633668422699 2.24338555335999 2.51849055290222 2.22772431373596 1.92270421981812 2.81711411476135 3.00335907936096 2.64743709564209 2.22001504898071 3.47672462463379 3.529456615448 3.29504203796387 4.03985786437988 3.19163537025452 3.44841003417969 3.68615984916687 2.48193454742432 2.37739109992981 1.89383769035339 2.38951635360718 1.72642695903778 1.70051395893097 1.69622647762299 1.12712633609772 2.19669675827026 1.16702616214752 1.23914301395416 8.45714569091797 4.81026124954224
