slauniainen/Data/DEM/Vihti_dsm1500b_cl_horizonAngle_162.asc
NCOLS 196 
NROWS 178 
XLLCORNER 353680 
YLLCORNER 6699024 
CELLSIZE 16 
NODATA_value -3.4e+38 
[rows 60 to 79 of 178, columns 0 to 45 of 196]
10.0596084594727 38.0810356140137 2.13451790809631 1.95097470283508 10.1787605285645 13.5077486038208 14.2678604125977 11.7326631546021 1.33786821365356 2.48147535324097 2.5865113735199 3.54049158096313 3.77358222007751 3.81392526626587 4.29249095916748 2.84920787811279 2.48602509498596 2.78892874717712 3.58290672302246 2.63139128684998 1.82428348064423 -1.82929313182831 -0.7184037566185 1.4330233335495 14.2744216918945 24.4588680267334 22.296932220459 7.8435583114624 4.48175477981567 2.13746023178101 1.79870223999023 6.1174430847168 2.33764886856079 2.02429533004761 2.27683734893799 2.46435546875 2.34945869445801 2.07494831085205 2.07084107398987 0.385924577713013 1.32442677021027 1.46261155605316 0.760663509368896 26.2094440460205 -1.57781839370728 -1.77185773849487
-0.154426783323288 11.8100996017456 2.19600939750671 2.34002542495728 2.37054991722107 17.2198352813721 19.721061706543 15.1181583404541 2.10712504386902 2.59475994110107 2.59808826446533 1.7692152261734 2.04465007781982 3.67381811141968 5.5585036277771 4.04857730865479 3.11862564086914 3.34544968605042 2.02241635322571 1.4749675989151 2.11422657966614 0.832655429840088 -0.641288816928864 -0.631725370883942 22.208179473877 20.3411674499512 48.076847076416 9.78406715393066 7.23495864868164 3.93374729156494 2.36993885040283 9.05526256561279 2.4116678237915 2.27095603942871 2.36154675483704 2.37285161018372 2.57496166229248 2.25345230102539 2.24197459220886 1.46568024158478 1.46453499794006 1.60065650939941 2.06503367424011 1.07058072090149 -1.19970071315765 -1.08298003673553
0.186138704419136 -0.487340986728668 1.9228949546814 2.67734146118164 3.35659408569336 23.2808284759521 14.0451955795288 35.900146484375 1.83833229541779 1.98272240161896 1.27310609817505 1.72393989562988 2.38590478897095 4.28647899627686 6.43871068954468 4.41357898712158 3.75307011604309 3.51493048667908 2.83550357818604 0.161000788211823 0.961791515350342 -0.109856627881527 -0.58510285615921 -0.542103469371796 8.60808658599854 43.8743591308594 -0.0199408195912838 53.0088081359863 7.66491460800171 4.42408847808838 2.35956311225891 1.89257526397705 21.8764152526855 2.57406640052795 2.23638582229614 2.48136234283447 2.71217131614685 2.60939002037048 2.36660933494568 2.36044239997864 0.841939210891724 1.57327878475189 2.13277173042297 1.33000230789185 0.8907550573349 -0.387424498796463
0.949964582920074 1.91006195545197 1.52841079235077 1.03528070449829 1.24841403961182 21.0259475708008 41.7258605957031 3.29012179374695 38.0472412109375 1.20927476882935 1.3845978975296 1.78360056877136 2.66395854949951 4.47431325912476 4.91717195510864 11.1979818344116 5.32107591629028 3.40061831474304 0.0493412725627422 -0.152476787567139 -0.554286181926727 -0.520637989044189 -0.501515209674835 -0.424558848142624 10.2329864501953 -0.417453616857529 0.0387443713843822 -0.125817745923996 1.53972685337067 0.81838059425354 2.36415791511536 2.09613680839539 1.9506311416626 2.63189053535461 2.31701898574829 2.58825206756592 2.85030269622803 2.73926615715027 2.49537396430969 2.48699021339417 2.01960277557373 2.26954030990601 1.86123538017273 2.37322759628296 1.42820250988007 0.445143491029739
0.655227541923523 1.18153536319733 1.13941812515259 1.14379048347473 1.28620910644531 1.58506679534912 -1.64101219177246 36.0700378417969 -1.12668299674988 1.41514432430267 1.84515237808228 1.93924236297607 1.7126727104187 2.56509733200073 4.56737422943115 2.20894932746887 5.77825927734375 4.19940996170044 -0.273260146379471 -0.577505946159363 -0.507106006145477 -0.47019436955452 -0.400207996368408 -0.339275002479553 0.235080152750015 0.55065780878067 0.806596219539642 0.506910085678101 32.8925666809082 2.74578809738159 2.54158973693848 2.27567744255066 2.51851272583008 2.7088987827301 2.57476949691772 2.65164995193481 2.77799820899963 3.04428863525391 2.6646716594696 2.60890746116638 1.79585111141205 2.11726236343384 2.37020754814148 2.52748346328735 2.30091071128845 0.690591037273407
0.996716320514679 0.987848520278931 0.893915832042694 1.11908876895905 1.45113396644592 1.6066038608551 -1.57282435894012 1.31170809268951 6.44067668914795 1.80338907241821 2.33280277252197 1.74918568134308 1.5548437833786 0.788165271282196 -0.876315891742706 -0.917186617851257 0.908009886741638 2.68723726272583 1.69070494174957 -0.546381115913391 -0.447226941585541 -0.369148373603821 -0.27134245634079 -0.22681437432766 3.22388505935669 0.395247161388397 0.954155683517456 1.60291278362274 0.939351797103882 5.48828077316284 2.09084725379944 3.10795092582703 2.78791975975037 2.77791738510132 2.91919851303101 2.61814332008362 2.91347217559814 3.17456555366516 2.99816823005676 2.73664402961731 2.7149019241333 2.21809864044189 2.48356676101685 2.5032901763916 2.63560962677002 1.90669870376587
0.412736356258392 0.781106650829315 0.733116269111633 0.834787011146545 0.992490112781525 1.29097783565521 2.29408574104309 -1.42835962772369 -1.57912337779999 2.37070369720459 1.94266676902771 2.2828893661499 2.34730863571167 1.59562826156616 0.905242681503296 1.29316830635071 1.34921288490295 0.99582713842392 1.34293806552887 -0.129991933703423 -0.416181772947311 -0.337232112884521 -0.222898930311203 -0.0310685280710459 -0.2663813829422 1.84569489955902 1.13032424449921 1.67825889587402 2.59829998016357 9.88162803649902 3.0456714630127 3.3763587474823 3.02414155006409 2.87713146209717 3.0170578956604 2.72588801383972 3.02522444725037 3.29722714424133 3.10105085372925 2.84366965293884 2.83246684074402 2.3206479549408 2.59579181671143 2.24633240699768 2.78475189208984 2.04045867919922
0.127310514450073 -0.0760676935315132 0.764557898044586 0.497128307819366 0.509792327880859 0.664017975330353 1.02385067939758 0.224466621875763 3.11049604415894 3.47726249694824 2.5985643863678 3.71675729751587 3.35567784309387 0.851340115070343 1.98029375076294 1.32283651828766 1.40942227840424 1.43046283721924 1.0826643705368 0.908234179019928 -0.384832292795181 -0.283533483743668 -0.197926566004753 0.772580623626709 0.0103684952482581 2.56553745269775 1.33374047279358 6.22760725021362 3.95836877822876 6.12107610702515 25.0579147338867 3.65089416503906 3.34531235694885 3.54595899581909 3.1084303855896 3.01408672332764 3.02959704399109 3.18313646316528 3.46269392967224 3.02300405502319 2.95386242866516 2.12071895599365 2.42971706390381 2.71383810043335 2.93868374824524 2.75749278068542
0.862397015094757 0.191067725419998 0.763421833515167 0.74054753780365 0.532267451286316 0.331549763679504 0.751041114330292 2.00632667541504 3.34723973274231 4.06260681152344 3.10247993469238 3.89543342590332 3.2162458896637 2.53608560562134 0.843670010566711 0.91987144947052 1.44472014904022 1.61569726467133 1.23418295383453 1.00466692447662 -0.28645446896553 -0.235282719135284 -0.134634673595428 2.6289279460907 0.0112650180235505 0.225903630256653 3.67943334579468 7.83546113967896 5.27553987503052 4.44433259963989 1.8793009519577 6.52108478546143 4.33277750015259 3.83733940124512 3.13855004310608 3.30367255210876 2.98210167884827 3.28971576690674 3.59644985198975 3.38469266891479 3.13395547866821 3.11148428916931 2.54347348213196 2.84374666213989 2.90943908691406 3.10173296928406
0.935917854309082 0.481377333402634 0.619638681411743 0.787680327892303 0.555313289165497 0.512179970741272 0.641687095165253 1.53262305259705 3.2264883518219 4.12374925613403 4.14647102355957 2.00939607620239 1.9124391078949 0.737837255001068 0.917136132717133 1.03782498836517 1.56955003738403 1.74952924251556 1.42258322238922 1.32390439510345 -0.23710073530674 -0.144090354442596 -0.0406261868774891 -0.0154490116983652 10.6821489334106 0.302093505859375 4.78608179092407 9.87325000762939 8.63458156585693 6.01372146606445 12.8471202850342 9.20384311676025 6.04398059844971 4.23241186141968 3.23449492454529 3.38940000534058 3.06946778297424 3.4026563167572 3.75817036628723 3.53525829315186 3.30779337882996 3.2662832736969 2.66157388687134 2.96683621406555 2.70869374275208 3.24461054801941
1.02744293212891 0.435192197561264 0.0683809444308281 0.864448189735413 0.557597219944 0.891863703727722 0.448380976915359 1.33168601989746 1.76698136329651 3.05369687080383 5.29132080078125 1.68605077266693 0.994209408760071 0.974183022975922 1.11906266212463 1.118323802948 1.65126621723175 1.7759917974472 1.89585244655609 1.60753333568573 1.34315311908722 -0.0739190727472305 -0.010313356295228 0.0430343262851238 -0.170374527573586 0.332667320966721 6.05832147598267 6.86316871643066 13.4449987411499 9.6037015914917 18.8432941436768 13.7224550247192 9.38554096221924 4.86682462692261 4.97149276733398 3.5398268699646 3.49070930480957 3.55317115783691 4.97853851318359 4.06117057800293 3.48042917251587 3.37965130805969 2.43167805671692 2.72771692276001 3.05638074874878 3.33717751502991
0.75604110956192 1.02906143665314 0.650813281536102 0.884711384773254 0.833163678646088 0.872893273830414 0.855715394020081 1.22461915016174 1.20612096786499 1.04916512966156 1.07228636741638 1.12538123130798 1.14963090419769 1.22890830039978 1.30854153633118 1.34596407413483 1.32252776622772 1.84209370613098 2.01024341583252 1.68222713470459 1.62663519382477 0.26685357093811 -0.000343567371601239 0.143472611904144 0.224534273147583 0.348603218793869 0.501937031745911 8.65645980834961 17.6985340118408 12.8172597885132 9.62571716308594 38.1210784912109 30.6815605163574 22.664529800415 10.4461431503296 3.64158272743225 6.1677680015564 3.89354181289673 3.71745991706848 4.0731725692749 3.76965808868408 3.52843475341797 3.48000955581665 2.79748582839966 3.13764333724976 3.22553038597107
2.91780495643616 1.24254417419434 1.23612642288208 0.702005922794342 0.896123766899109 0.816476702690125 0.534844577312469 1.22975504398346 1.23299860954285 1.14938652515411 1.08403539657593 1.19829308986664 1.29533100128174 1.38477444648743 1.34546184539795 1.53034925460815 1.58415830135345 1.94030332565308 2.09939479827881 1.77184689044952 1.69531559944153 1.37445831298828 0.0916033908724785 0.200426831841469 0.257605999708176 0.360602349042892 0.514667630195618 12.6120977401733 24.755672454834 35.7070007324219 26.7936096191406 1.903764128685 1.09609317779541 4.41121530532837 5.29355335235596 3.71702075004578 3.77856016159058 3.43616080284119 3.80184626579285 4.18274211883545 3.87146973609924 3.59845447540283 3.59521627426147 2.87013101577759 3.22516083717346 3.02843236923218
3.09754586219788 1.32337594032288 0.898087322711945 0.84323525428772 0.969171345233917 0.161628067493439 0.789694249629974 1.09071373939514 1.30732822418213 1.26124906539917 1.23288154602051 1.24759721755981 1.32136511802673 1.67099642753601 1.4286482334137 1.50351345539093 1.67559516429901 1.9615261554718 2.10976409912109 2.27564382553101 1.89775145053864 1.62918889522552 0.160948067903519 0.234984368085861 0.28622829914093 0.376116842031479 0.535842657089233 16.7032890319824 29.3051986694336 17.4664058685303 12.7789535522461 2.83166813850403 8.73078632354736 6.08085966110229 7.36229085922241 7.34450054168701 3.85791635513306 3.79467868804932 3.78063225746155 4.05468130111694 4.46112775802612 3.82424354553223 3.69480466842651 2.69604182243347 2.99423670768738 3.34770941734314
3.28877949714661 1.65081763267517 1.08545887470245 -0.0448855757713318 0.965241730213165 0.967330813407898 0.87423449754715 1.1321519613266 1.33249402046204 1.34460175037384 1.25821924209595 1.34287118911743 1.3648499250412 1.42808210849762 2.38022971153259 1.63609659671783 1.74246942996979 1.80704581737518 2.21839642524719 2.36096119880676 1.97641623020172 1.9322065114975 1.62796878814697 0.262789756059647 0.328855723142624 0.486798495054245 2.10429430007935 4.24546766281128 7.27598810195923 1.28219878673553 3.00816249847412 31.81760597229 14.3187131881714 13.0881586074829 8.5520544052124 8.09877872467041 3.8497166633606 4.05581760406494 3.78908038139343 4.21217679977417 4.63468790054321 4.21809530258179 3.95106244087219 3.84789538383484 3.07014584541321 3.44078135490417
2.72336459159851 3.53576874732971 1.83684325218201 0.225840300321579 0.757318913936615 1.03687334060669 0.925960838794708 0.981716871261597 1.36211013793945 1.43101263046265 1.37703776359558 1.41555404663086 1.44355094432831 1.46083045005798 2.82840275764465 1.92494463920593 1.83877086639404 1.89250457286835 2.33119630813599 2.44432878494263 2.13183212280273 2.02089357376099 1.73201620578766 0.309295177459717 0.402817100286484 2.76625752449036 4.3480110168457 2.28306579589844 -0.363867849111557 1.75778114795685 8.2785120010376 7.27953910827637 19.4538249969482 7.57962942123413 9.61839389801025 9.2265567779541 3.9477550983429 4.19385671615601 3.94328832626343 4.38334035873413 4.82881355285645 4.3659815788269 4.05238008499146 3.99628210067749 3.15064406394958 3.53907752037048
2.79290223121643 3.68375492095947 1.73373007774353 1.49383366107941 0.0062916842289269 1.13116443157196 0.349036455154419 0.959811687469482 1.32329452037811 1.51608121395111 1.53332829475403 1.57097125053406 1.52488124370575 1.52310824394226 3.60566234588623 1.75702059268951 2.02189803123474 1.9329297542572 2.34743142127991 2.55507397651672 2.73562836647034 2.3343985080719 2.00756883621216 1.77965986728668 2.18228387832642 2.16471314430237 0.856530725955963 0.940950036048889 6.32493925094604 11.2428684234619 7.83045434951782 2.84356045722961 20.8572120666504 29.5185108184814 10.9840259552002 11.6119241714478 12.0301837921143 4.32803249359131 4.40729379653931 4.36330080032349 4.70889282226562 5.16728401184082 4.35404109954834 4.1219744682312 3.02676725387573 3.29435348510742
2.94285249710083 3.75170063972473 0.905776798725128 1.11104655265808 0.365179151296616 1.14343953132629 1.17984068393707 1.17706370353699 1.30640232563019 1.58424842357635 1.64743459224701 1.59970355033875 1.67132711410522 1.66633951663971 1.69768261909485 5.91018962860107 2.07932019233704 1.98182451725006 2.11867761611938 2.68350386619568 2.86746501922607 2.4406406879425 2.26633095741272 1.95009100437164 1.82958173751831 0.44434466958046 0.453914612531662 0.563925683498383 0.685355424880981 2.31835675239563 17.0600357055664 3.83421540260315 3.03726863861084 2.06334352493286 30.5198535919189 14.5935907363892 19.2911338806152 4.26677560806274 4.58824062347412 4.40745210647583 4.90063524246216 5.39446496963501 4.79363203048706 4.50631523132324 4.34759473800659 3.43268227577209
3.25508904457092 2.88543391227722 4.08085584640503 1.16404914855957 0.232439309358597 0.891597211360931 1.22526335716248 1.08039569854736 1.40512120723724 1.68072950839996 1.7163302898407 1.73978757858276 1.79415786266327 1.76033306121826 1.81527352333069 7.79266405105591 2.12087321281433 2.13099384307861 2.22763013839722 2.78123569488525 2.97915554046631 2.5357301235199 2.3519287109375 2.26017236709595 1.65696907043457 0.452804893255234 0.459147959947586 0.53329735994339 0.650434672832489 0.318152010440826 3.34878921508789 39.6441497802734 4.77554702758789 2.81743264198303 -0.20764733850956 19.4588069915771 12.6941699981689 4.35393714904785 4.70707559585571 4.56762933731079 5.10086822509766 5.62956142425537 4.9870662689209 4.6341757774353 4.51391124725342 3.51686954498291
3.31059217453003 2.93290114402771 4.41283941268921 1.21335160732269 0.28749093413353 0.04376320540905 1.29182231426239 0.926193833351135 1.2673202753067 1.52588307857513 1.80750346183777 1.80987417697906 1.86500751972198 1.82884812355042 1.88414835929871 10.6966304779053 1.99550414085388 2.3416383266449 2.26943969726562 2.77691698074341 2.93885064125061 3.10341119766235 2.68929553031921 2.4392945766449 1.95699501037598 0.470103949308395 0.481656581163406 0.527192950248718 0.622059524059296 0.74241042137146 3.3650107383728 2.4317455291748 4.98760175704956 4.1692943572998 2.64639210700989 23.4128456115723 18.9419040679932 39.2979431152344 4.85663366317749 4.70342350006104 5.16166019439697 5.76001214981079 5.15136623382568 5.02000379562378 4.63402605056763 3.50891923904419
