slauniainen/Data/DEM/Vihti_dsm1500b_cl_horizonAngle_150.asc
NCOLS 196 
NROWS 178 
XLLCORNER 353680 
YLLCORNER 6699024 
CELLSIZE 16 
NODATA_value -3.4e+38 
[rows 0 to 19 of 178, columns 0 to 45 of 196]
0.123279273509979 27.6251544952393 31.7975044250488 22.7997703552246 15.1295747756958 21.4022254943848 5.48469257354736 9.87396335601807 11.4736375808716 6.0791277885437 5.31199598312378 5.58698177337646 11.4996366500854 15.5275850296021 26.5972557067871 19.8510074615479 15.6677093505859 11.8607788085938 15.3712167739868 9.76312828063965 11.2322196960449 14.1991529464722 17.1726341247559 16.0415439605713 8.91543579101562 -0.811310827732086 -0.010439463891089 0.359699696302414 5.67673778533936 1.3815290927887 4.6659984588623 10.1859607696533 7.39738082885742 4.48202085494995 0.223766386508942 0.329904735088348 -0.0601098872721195 14.5539216995239 13.2505655288696 4.2472996711731 -0.054340947419405 5.080970287323 -0.132172226905823 -0.155910566449165 0.173804894089699 2.31330370903015
-0.0885428041219711 1.97808635234833 5.82178068161011 2.07241630554199 5.17423820495605 37.669734954834 5.04638814926147 9.73030090332031 17.2420063018799 5.64516067504883 4.82108449935913 6.04681301116943 10.8356666564941 9.14302444458008 24.1353034973145 7.17585754394531 12.189001083374 15.220606803894 11.2317638397217 10.4606609344482 12.8481016159058 13.5537080764771 12.4684610366821 16.1955852508545 4.90713405609131 -0.696602463722229 2.41261100769043 14.8233671188354 12.1658716201782 2.13005542755127 0.841064870357513 15.1602458953857 6.86455726623535 12.9041366577148 2.52640509605408 0.341342806816101 0.954787015914917 1.21808469295502 0.844096481800079 -0.333999276161194 -0.54422527551651 0.229280844330788 -0.824026644229889 2.57263565063477 5.56838226318359 6.23844575881958
5.53706932067871 1.92896580696106 12.175892829895 1.85532402992249 2.22551536560059 38.3311157226562 4.04664993286133 10.173602104187 11.1046581268311 5.99123811721802 9.36012744903564 7.53446102142334 8.5284948348999 16.7100620269775 21.1905384063721 9.93757629394531 18.7434844970703 15.334813117981 12.5393943786621 10.3886671066284 14.2366256713867 13.6953649520874 12.5559206008911 16.5289783477783 -1.83672165870667 0.864561140537262 18.105073928833 11.3590688705444 1.74923920631409 0.0120494514703751 0.599646210670471 6.91929149627686 5.78609275817871 3.17294692993164 -0.309937089681625 3.73692774772644 1.3243864774704 0.93088710308075 1.81479430198669 1.23662376403809 0.615380227565765 0.825909316539764 0.391342520713806 4.69883108139038 5.7168140411377 12.6028366088867
8.32655906677246 2.03384757041931 12.6097450256348 38.0656471252441 2.49946045875549 9.6681547164917 3.82017803192139 7.02058267593384 11.4334592819214 39.5169792175293 7.13483333587646 11.4981489181519 7.66982269287109 9.09373950958252 12.0901689529419 10.7003726959229 15.6220436096191 11.1931600570679 16.180362701416 14.6422080993652 14.7451429367065 7.554612159729 20.91721534729 10.2870063781738 -2.25855374336243 -0.426632583141327 1.51641738414764 -0.937748312950134 -0.00137524376623333 0.194689348340034 1.15236699581146 10.6329317092896 0.525281250476837 0.0847684442996979 10.6993312835693 -0.10915582627058 0.896332025527954 1.4181752204895 2.11641430854797 2.39844369888306 1.81864619255066 1.29826426506042 3.72198796272278 6.5114107131958 11.2219743728638 14.4007635116577
19.0961284637451 16.1036186218262 2.23221182823181 32.0378150939941 1.10898447036743 6.32074737548828 28.1838035583496 4.95596981048584 13.6993589401245 13.1317586898804 7.70389938354492 14.2499494552612 14.0916090011597 19.6595916748047 14.7629947662354 17.2764225006104 12.3167877197266 9.37557792663574 10.279839515686 9.13766098022461 9.09745788574219 7.95002317428589 25.5640468597412 7.50309324264526 -2.97298502922058 -1.58107447624207 -0.701981902122498 -0.282702505588531 4.01493740081787 0.941153585910797 1.24156045913696 6.2252049446106 0.802913784980774 4.54304027557373 11.7734184265137 0.948315918445587 1.19609105587006 2.22855925559998 1.44245910644531 2.17931938171387 3.34362936019897 3.62443971633911 5.74184799194336 12.3820161819458 10.2381563186646 15.1083135604858
32.1769714355469 28.0266876220703 2.10789656639099 35.5391960144043 0.559569537639618 3.58293008804321 30.9645214080811 5.96784973144531 16.6366004943848 17.1440773010254 13.8950881958008 28.4313182830811 13.8946542739868 21.3295040130615 22.3076076507568 31.6365585327148 20.4866428375244 12.6891956329346 16.9408130645752 12.5323667526245 14.5534114837646 16.1021785736084 12.795371055603 -2.68714928627014 -3.63111758232117 -2.24245524406433 1.81511688232422 -0.682145833969116 0.822295308113098 0.602974414825439 1.43685150146484 4.35696935653687 1.79629814624786 1.40891742706299 1.030552983284 0.828555583953857 0.94701361656189 3.91248393058777 2.9338059425354 3.57300591468811 5.37079763412476 5.12945461273193 10.754771232605 12.1105661392212 16.1943798065186 18.4947948455811
-2.00519490242004 -0.532270133495331 0.427511185407639 3.06002283096313 0.802888572216034 1.90536737442017 25.9838390350342 6.22220802307129 11.1336469650269 26.8971042633057 26.5976581573486 32.8556861877441 12.8868160247803 19.0320129394531 13.6416788101196 15.1637516021729 17.8197479248047 13.7877950668335 16.5359935760498 9.5762882232666 15.3849954605103 13.3798675537109 11.8783178329468 3.10987210273743 -2.41161251068115 -2.40771865844727 0.846653461456299 -0.239823207259178 -0.248872950673103 0.701972782611847 1.59606218338013 2.71262145042419 1.83787965774536 2.28964257240295 3.04253149032593 3.42991662025452 3.35465908050537 2.769366979599 3.1348569393158 3.8027012348175 6.67813491821289 6.5247049331665 10.6014099121094 14.2990055084229 19.7902412414551 15.4240045547485
-1.35589599609375 2.29669427871704 5.57014322280884 4.77978372573853 7.58628797531128 3.32741403579712 8.49909782409668 6.70963335037231 11.6414279937744 38.7335777282715 38.3457946777344 17.5503234863281 13.7655944824219 13.8929395675659 12.9271574020386 22.8233585357666 13.9418315887451 3.2704336643219 5.45276594161987 4.8410792350769 15.1894378662109 9.72612571716309 8.29831123352051 7.94716215133667 -2.51080799102783 -2.63943815231323 -1.08073365688324 -0.815146684646606 -0.672809064388275 0.110299311578274 7.01001787185669 4.34171867370605 5.48500537872314 5.30950546264648 3.53409504890442 4.13678455352783 5.61188793182373 5.28991556167603 4.6633095741272 4.81533241271973 5.23156404495239 10.8368835449219 11.5648374557495 17.5399379730225 18.3444156646729 26.5562038421631
-1.50961852073669 7.71122360229492 6.75434827804565 11.2966022491455 7.94435691833496 3.4916512966156 6.30273485183716 9.77497005462646 11.2701807022095 16.2356967926025 10.81667137146 11.874361038208 21.9567794799805 16.5862312316895 16.2951545715332 14.4120597839355 12.3970031738281 30.589376449585 10.5692319869995 9.81042194366455 18.4219856262207 12.726824760437 17.1124897003174 -2.66392040252686 -3.30349802970886 -0.145882710814476 -1.98159849643707 -0.652522504329681 1.08699882030487 0.838213324546814 7.08535289764404 1.6833575963974 5.46489286422729 14.0532712936401 4.5102367401123 4.93082237243652 7.02791833877563 7.42378711700439 15.1419048309326 6.75592994689941 29.2845764160156 20.4217185974121 11.8211765289307 14.1846408843994 23.2136707305908 40.4389305114746
-2.70877408981323 -0.738843739032745 12.4304285049438 20.4173240661621 11.428840637207 4.77651834487915 6.46233654022217 10.3631267547607 12.0852375030518 24.659252166748 13.9652061462402 28.316967010498 22.9923648834229 21.6140899658203 17.7858448028564 16.2206172943115 16.329870223999 35.6687850952148 1.96033155918121 3.16714262962341 8.527268409729 9.39527606964111 -0.428438097238541 -3.6244649887085 -0.883317172527313 -2.01515316963196 -1.97791945934296 -0.605893611907959 3.22233319282532 0.18131585419178 2.7241735458374 1.27957940101624 1.82188987731934 2.16292905807495 2.13113856315613 3.7564857006073 6.93493986129761 9.12051200866699 8.77886581420898 6.60858488082886 7.67978954315186 7.76634979248047 9.42553424835205 15.9530563354492 36.5231971740723 36.3075790405273
-2.34490132331848 0.753592550754547 1.44279789924622 2.39806127548218 2.67604994773865 19.7919273376465 5.62014293670654 7.16094636917114 12.1139698028564 13.384370803833 12.762677192688 15.4221210479736 18.3407001495361 18.8561210632324 23.0425281524658 28.0988750457764 29.4038753509521 21.5892486572266 7.76408243179321 12.4565887451172 3.24719786643982 2.77270436286926 2.72599172592163 -1.60709917545319 -1.9419709444046 3.07233667373657 -1.77754044532776 1.57553243637085 3.6877613067627 1.41633653640747 3.40474557876587 7.10100984573364 2.58531737327576 1.0484459400177 4.04044055938721 3.63131952285767 7.81399726867676 8.30828952789307 11.2810516357422 10.3794822692871 7.12029933929443 8.96603012084961 15.1137704849243 27.2288055419922 35.2824668884277 13.6524591445923
-2.42033362388611 1.98527145385742 5.95746469497681 8.42914962768555 3.0786919593811 18.5127792358398 5.63675689697266 7.49322891235352 11.3530893325806 12.9846754074097 19.3303833007812 21.8044013977051 25.6552639007568 21.0670127868652 38.8583946228027 39.2194786071777 26.7721996307373 18.1333293914795 30.1934375762939 28.8089427947998 21.1134510040283 6.76249313354492 14.6427440643311 -1.54076206684113 1.09201872348785 2.90625095367432 -1.20493865013123 -1.40896308422089 0.634990394115448 1.91977512836456 7.59977769851685 3.9892246723175 2.26677632331848 3.91583013534546 6.01850748062134 8.0997953414917 9.32994842529297 17.8838024139404 13.6519117355347 18.6523609161377 23.1337394714355 12.2521848678589 12.9777631759644 10.4857511520386 14.8231973648071 6.85483694076538
-1.23565328121185 3.14403104782104 7.43936729431152 14.3675346374512 3.32016563415527 13.9651737213135 2.90654134750366 6.53752422332764 8.8185396194458 15.8824892044067 21.6330490112305 28.7978343963623 32.5336418151855 40.5088424682617 32.2628860473633 24.4881820678711 18.1709079742432 17.7219333648682 21.5609912872314 6.95366048812866 15.5087022781372 6.99314641952515 8.68859958648682 10.0189142227173 13.72496509552 8.22568035125732 -0.386980384588242 1.11665713787079 0.468208640813828 1.20845019817352 5.38943815231323 9.92065525054932 4.70396661758423 6.18472385406494 7.09900236129761 10.3947525024414 10.1583290100098 18.9575157165527 23.5521202087402 25.3246173858643 34.4121398925781 15.903657913208 16.890645980835 13.8702783584595 10.2299556732178 9.73031044006348
7.00284957885742 10.1688108444214 5.90139150619507 18.8417854309082 2.4894392490387 17.7207775115967 7.03405475616455 6.55635213851929 9.36483287811279 18.8827362060547 25.2213973999023 42.5907669067383 45.2337989807129 47.7647018432617 37.8005638122559 29.0019016265869 21.1583194732666 14.7546539306641 29.3622379302979 11.1561336517334 12.0860567092896 1.11065089702606 7.34317779541016 11.5695810317993 -0.847712934017181 11.9827260971069 14.22789478302 7.98486423492432 12.4956016540527 10.0080051422119 2.50580716133118 7.38619136810303 11.181957244873 8.96940135955811 5.27282333374023 11.564905166626 13.6868276596069 14.1060810089111 8.32955360412598 17.2249889373779 13.2946901321411 11.5040225982666 16.4053077697754 14.3598794937134 12.8433408737183 11.4375429153442
-1.23346209526062 17.1940002441406 10.8520860671997 21.9252758026123 2.31163239479065 16.7162570953369 8.76888942718506 7.57160377502441 10.3255014419556 14.8519859313965 36.5944480895996 45.0411605834961 15.1436157226562 20.8791828155518 35.663875579834 19.3814353942871 10.9002704620361 9.89449024200439 24.4445343017578 18.175745010376 18.7472896575928 3.62214612960815 -0.814191579818726 14.673243522644 4.33513021469116 3.13857865333557 -1.53999722003937 2.7542712688446 4.46455574035645 0.269082188606262 9.42596244812012 7.37601041793823 15.3221378326416 9.47322559356689 11.2569303512573 9.26836013793945 12.8804655075073 20.3645915985107 16.6495571136475 17.2892398834229 20.0639591217041 14.9368228912354 17.0023040771484 24.1725597381592 31.8611240386963 25.1557121276855
10.4747743606567 18.556453704834 -1.05118894577026 -0.263240694999695 1.17023968696594 9.57466411590576 4.85844326019287 4.42376232147217 15.927098274231 22.6739082336426 41.7348861694336 14.6542806625366 14.0644197463989 34.1427421569824 31.4008922576904 9.52419185638428 8.40359973907471 7.7018609046936 11.696141242981 9.0016393661499 17.2439594268799 5.23790740966797 11.8980674743652 18.4416160583496 0.957913994789124 1.37247729301453 1.8467835187912 2.06968832015991 4.53632116317749 5.18975639343262 2.25676608085632 8.22474765777588 5.0541729927063 0.399096339941025 2.79299378395081 7.93192720413208 21.1918334960938 5.68006944656372 15.4018468856812 9.37500381469727 20.5967922210693 14.5537157058716 25.1108646392822 43.6194305419922 39.5577964782715 31.2331943511963
21.5574169158936 0.457096219062805 -0.952301442623138 -0.743731498718262 15.8254203796387 15.3483514785767 20.9540939331055 11.1348295211792 7.68780088424683 6.97382783889771 12.3634510040283 8.07872104644775 17.9582748413086 21.3254413604736 11.5610284805298 6.86837339401245 8.48862838745117 12.3056783676147 9.88985729217529 12.1564264297485 19.2313137054443 16.6736812591553 7.76003980636597 1.69741952419281 1.87461173534393 -0.418048530817032 -1.19865548610687 -1.89445376396179 -2.65718221664429 -3.63148307800293 0.0862926691770554 0.937591552734375 5.49132776260376 3.1956799030304 0.509933233261108 6.11971473693848 21.4560623168945 0.317964762449265 4.23564529418945 1.69134211540222 13.4825191497803 10.2650928497314 16.4690570831299 21.1271209716797 5.52076482772827 6.03393983840942
1.90570724010468 0.712928771972656 -0.517708957195282 -0.310279756784439 5.87399578094482 2.84857273101807 4.82329320907593 4.35216236114502 6.05494403839111 16.3066005706787 9.98719501495361 12.1657123565674 16.1337413787842 26.6433582305908 24.8800716400146 13.8918685913086 12.5499935150146 13.1870098114014 4.4386100769043 9.27731704711914 12.9929990768433 19.1793594360352 9.28487682342529 9.48492813110352 0.757186651229858 -3.8602135181427 0.111680343747139 7.27849435806274 -0.927520275115967 -0.275030761957169 -4.25981426239014 -3.25171256065369 0.57442981004715 -3.99916791915894 0.666702091693878 9.22853755950928 10.1903400421143 0.292455404996872 2.37136840820312 4.22422027587891 9.17092132568359 1.06983196735382 0.0979534015059471 1.47724115848541 4.13682126998901 11.2207307815552
1.86463856697083 4.54384279251099 1.29974067211151 0.223990619182587 0.401703953742981 1.96841466426849 5.51243829727173 6.87637424468994 15.985559463501 27.0236721038818 8.16482830047607 8.09671401977539 19.2865390777588 36.7782173156738 25.4951591491699 6.75722789764404 15.6403255462646 6.00214862823486 2.55620360374451 9.83732986450195 12.0830678939819 8.89401245117188 1.54036867618561 2.96770334243774 -0.514168322086334 6.09253263473511 -3.76633810997009 10.1841230392456 -3.26194834709167 4.22152042388916 5.26899766921997 6.14919090270996 -2.48811101913452 -4.16042327880859 -2.36155915260315 2.91143298149109 2.49464249610901 3.83808660507202 3.29402041435242 3.75916290283203 16.9444408416748 1.0332795381546 1.30036127567291 -2.15048742294312 10.4829502105713 11.6346683502197
1.04385626316071 2.19475841522217 1.89706528186798 1.50842547416687 0.328959792852402 1.03311383724213 5.00280857086182 10.8103313446045 17.8142375946045 39.2519836425781 17.3177337646484 18.1707763671875 28.3108196258545 20.4459896087646 10.0673494338989 4.85479259490967 22.8273544311523 7.77254486083984 6.21902322769165 6.0592360496521 -0.0637881681323051 -1.10581386089325 -3.20168495178223 6.95513963699341 12.1241998672485 14.3961038589478 5.98625516891479 5.81511163711548 -4.18327903747559 2.70683217048645 0.995372772216797 -2.24923205375671 -4.11289644241333 7.6811580657959 8.19912719726562 4.05296850204468 2.01805996894836 13.0034646987915 5.45110416412354 4.85171604156494 -1.93335378170013 -0.810730755329132 0.938296914100647 1.79454445838928 6.79411554336548 -1.86636757850647
