slauniainen/Data/DEM/Vihti_dsm1500b_cl_horizonAngle_66.asc
NCOLS 196 
NROWS 178 
XLLCORNER 353680 
YLLCORNER 6699024 
CELLSIZE 16 
NODATA_value -3.4e+38 
[rows 40 to 59 of 178, columns 135 to 179 of 196]
-0.452538520097733 -0.157384023070335 -0.10954424738884 -0.113745629787445 0.0603993237018585 0.273846179246902 0.379208743572235 1.02399384975433 1.16511464118958 1.50400042533875 1.61978125572205 1.21977591514587 1.25287389755249 1.2365186214447 1.05755746364594 2.24042582511902 3.38079023361206 1.93252444267273 2.49315738677979 2.66934847831726 2.17443108558655 2.23125982284546 3.38872742652893 3.74607253074646 4.17658758163452 4.25874900817871 4.30491542816162 4.38992309570312 4.26734924316406 4.14343023300171 4.79777860641479 5.02416610717773 5.40802335739136 5.518150806427 5.66558361053467 5.89842128753662 6.03211879730225 6.25110673904419 6.61624908447266 6.78842353820801 7.05426454544067 7.2262167930603 7.23400211334229 7.45277452468872 7.6367564201355
-0.321311980485916 -0.338103920221329 -0.318844527006149 -0.14717298746109 7.60146236419678 0.263704001903534 0.880311369895935 1.0072432756424 1.16698014736176 0.967972218990326 1.03050816059113 0.999963343143463 1.73098623752594 1.86352014541626 1.99668288230896 1.53279054164886 2.04840803146362 2.04930424690247 1.86302888393402 1.91284966468811 1.71331346035004 2.56503748893738 2.97325038909912 3.50987768173218 3.68969821929932 3.9838719367981 4.06264162063599 40.6604766845703 6.4686393737793 6.85742616653442 3.83060097694397 4.05433464050293 5.37604856491089 5.61195278167725 5.72571086883545 5.92363786697388 6.2699761390686 6.52069616317749 6.66906452178955 6.81953382492065 6.8902416229248 7.04337692260742 7.20439291000366 7.74036502838135 7.93374347686768
-0.495931684970856 -0.131603851914406 -0.364688158035278 12.6143388748169 -0.0463903248310089 0.113062858581543 -0.0954434052109718 0.264214396476746 0.341549187898636 0.529940903186798 1.23085200786591 1.34157252311707 0.922547817230225 1.57341861724854 2.10205793380737 1.65887057781219 1.34863126277924 1.1934380531311 1.3379054069519 1.61806201934814 1.76029276847839 2.51678252220154 33.6294212341309 2.34098529815674 22.4831581115723 5.16357040405273 8.21782684326172 10.6389389038086 12.930380821228 8.95849704742432 3.74999618530273 3.86245703697205 4.10814905166626 4.35648155212402 5.94734477996826 6.1768479347229 6.31018304824829 6.29355096817017 6.53698968887329 6.67699193954468 7.15958595275879 7.3211236000061 7.48354387283325 7.20656394958496 7.19348382949829
-0.10614101588726 1.5271862745285 2.36259841918945 34.6277770996094 -1.61247324943542 -0.84402996301651 -0.456864297389984 -0.574868679046631 2.26950860023499 0.466181844472885 0.529749512672424 1.01337552070618 1.13518822193146 0.862825632095337 1.34961426258087 1.55930233001709 1.0338100194931 0.823673009872437 1.28285980224609 1.8451771736145 12.3215913772583 7.60315895080566 19.0212516784668 2.72423934936523 6.74994707107544 10.5045499801636 14.9647760391235 16.8707332611084 22.0585079193115 9.84567070007324 9.91145038604736 11.2435989379883 4.52446126937866 5.18120861053467 5.97541666030884 5.96048498153687 6.20725154876709 6.33812952041626 6.79215717315674 6.93999910354614 6.68325281143188 6.68962621688843 6.78584098815918 6.73764324188232 6.68513298034668
0.0359267890453339 9.22771072387695 13.5640649795532 15.0865669250488 -1.21905708312988 -0.866557359695435 -0.000643682724330574 0.10812745988369 0.0937397032976151 0.755009114742279 0.252889066934586 19.9753189086914 -0.40590500831604 0.8803830742836 1.3026477098465 1.69410336017609 0.546673238277435 0.567013204097748 3.29633736610413 44.9571914672852 0.0211254395544529 0.235686644911766 0.657119274139404 4.46759510040283 5.56597280502319 25.9682559967041 3.04305195808411 12.7772569656372 4.69209814071655 3.34006667137146 3.57629752159119 4.28188514709473 4.50826168060303 4.5316915512085 5.90280675888062 6.02451801300049 6.43673229217529 6.57645750045776 6.34364891052246 6.29140567779541 6.25438165664673 6.17349100112915 6.31316041946411 6.45808601379395 6.406982421875
5.52559089660645 1.99719858169556 3.23424172401428 0.795283496379852 -0.341271340847015 -0.297386676073074 0.00525924563407898 -0.261456310749054 0.076768547296524 0.491429835557938 2.24357795715332 36.9651145935059 -1.17019629478455 -0.243062034249306 -0.336522161960602 0.89320707321167 0.993563950061798 14.0202760696411 46.1367683410645 -0.0876418277621269 -0.033721350133419 0.870822072029114 0.944403946399689 1.07622444629669 10.5863361358643 13.1805906295776 16.2027435302734 2.30984568595886 2.30738854408264 3.41918873786926 3.64979243278503 4.40369510650635 3.86891579627991 4.8844895362854 5.46640491485596 6.24715375900269 6.0148024559021 5.95823383331299 5.92407417297363 5.85166358947754 5.9762544631958 5.87222194671631 5.99877405166626 6.23827171325684 6.63282299041748
0.308037132024765 -0.511084258556366 -0.507492780685425 0.16515351831913 -0.479391515254974 -0.460586279630661 0.2956762611866 11.4366655349731 -1.36109435558319 7.16314077377319 11.8594408035278 -0.42075115442276 0.374564975500107 -0.380215167999268 -0.0149468798190355 6.88416862487793 15.168737411499 46.9658317565918 -1.01971781253815 6.9207501411438 16.626184463501 10.2276391983032 3.84279990196228 40.2540092468262 0.483841806650162 4.61074924468994 13.9813652038574 15.8166351318359 8.62701225280762 2.24700140953064 3.03182029724121 3.87417960166931 7.51340579986572 4.00628757476807 5.13816738128662 5.63649129867554 5.6034836769104 5.53931283950806 5.65941190719604 5.57527589797974 17.5999050140381 5.42775726318359 6.07335376739502 6.29967737197876 6.48257970809937
0.0289326794445515 0.0159689821302891 -0.600240409374237 0.129950955510139 -0.318952888250351 2.09667897224426 2.94368648529053 3.64923977851868 3.92145228385925 1.16251623630524 -1.05514681339264 12.5426683425903 -0.949098467826843 2.8276252746582 7.13592481613159 34.5579299926758 5.16075277328491 9.94191455841064 -0.159264832735062 0.887892305850983 1.40188944339752 9.68702030181885 13.9377470016479 8.0410099029541 7.39522361755371 22.1471862792969 3.61694192886353 14.519998550415 14.5562982559204 1.87752366065979 2.41279149055481 3.12879014015198 3.61522245407104 3.67507553100586 4.07672595977783 5.21938323974609 5.33638286590576 5.27617311477661 5.38939332962036 7.61412715911865 21.175443649292 5.128005027771 5.89138269424438 6.19857692718506 6.97921895980835
0.274038761854172 -0.408615976572037 -0.80517166852951 0.685549139976501 0.677253365516663 2.1781177520752 2.41436505317688 1.20271527767181 -0.531906187534332 11.4715719223022 0.00615725573152304 17.6971340179443 0.485082238912582 13.2314710617065 4.63300657272339 15.7834424972534 15.7761840820312 0.552129924297333 0.514151930809021 2.26471590995789 -0.0978651791810989 -0.0927745327353477 0.176976725459099 0.533050715923309 0.887529253959656 1.16081070899963 12.3423929214478 1.4656777381897 27.1317329406738 1.67946147918701 24.7287826538086 2.34099102020264 2.97660684585571 3.31210565567017 4.42081880569458 4.66929006576538 4.90196943283081 5.01160430908203 6.21960687637329 44.5233497619629 4.300621509552 5.26981019973755 17.1189250946045 5.92635869979858 6.84197330474854
-0.164934948086739 0.0406964346766472 1.39026761054993 1.50430488586426 1.56775498390198 0.925888121128082 1.84998297691345 2.45873498916626 3.14595580101013 4.65943002700806 7.35298776626587 2.78031015396118 16.8846893310547 0.98628294467926 -0.786481082439423 8.90553379058838 8.82418251037598 31.6023712158203 29.0273780822754 4.50356388092041 -1.15776491165161 -1.06146621704102 -0.799655973911285 4.09185600280762 12.4221458435059 3.0259108543396 -0.262877762317657 0.286374479532242 1.58397901058197 18.9610900878906 1.63940715789795 1.9243837594986 2.73278880119324 3.64368009567261 4.35755205154419 4.5228066444397 4.68291997909546 16.2653827667236 49.9419326782227 3.45813155174255 11.3127174377441 4.01097631454468 5.61008739471436 5.94106864929199 6.52363538742065
0.915522396564484 1.04071450233459 0.441467374563217 1.21892285346985 0.923416256904602 1.41682815551758 1.48530054092407 2.4425790309906 2.72477436065674 2.64401006698608 6.52154684066772 8.22768211364746 6.89426851272583 1.39591491222382 2.91558885574341 5.89751863479614 16.0938816070557 42.9372787475586 21.6424102783203 9.66826629638672 6.65928411483765 -2.01518630981445 -2.08091020584106 12.7044095993042 2.30200409889221 -0.955874443054199 -0.0703259855508804 0.378782957792282 13.7790699005127 0.76185530424118 1.87195861339569 2.48124837875366 3.40018248558044 3.7572135925293 41.603816986084 3.25588417053223 43.1094055175781 18.7528591156006 8.68354034423828 3.15208673477173 3.87967467308044 4.06041717529297 5.71251153945923 6.66478061676025 6.85775375366211
-0.580428242683411 -0.12110947817564 0.481489688158035 1.30046319961548 1.16991710662842 1.7553619146347 2.06240749359131 2.12913084030151 3.75306797027588 4.2074236869812 4.10570764541626 7.04941368103027 8.23371505737305 2.7572660446167 7.59112358093262 13.4536581039429 18.1815414428711 39.026065826416 37.8705711364746 20.6004695892334 18.5806980133057 -0.550829589366913 -3.39627361297607 16.0572624206543 4.17584085464478 -2.04323577880859 -1.41090822219849 0.0417375639081001 1.13791394233704 1.78241586685181 2.25661325454712 2.48421454429626 17.194091796875 2.8933219909668 20.5588970184326 2.98896789550781 5.01200866699219 9.40628337860107 20.1603622436523 3.10600209236145 3.82592535018921 4.19985675811768 5.81940746307373 15.5636825561523 6.23176574707031
0.650801002979279 0.738742232322693 1.37491226196289 1.43012571334839 1.82393109798431 1.84229516983032 2.68608951568604 2.88194727897644 2.84613656997681 5.47503614425659 3.9383327960968 7.14352560043335 9.70033836364746 7.77936458587646 11.1202907562256 14.7172956466675 26.1156539916992 42.1267318725586 41.1129341125488 19.0626029968262 -2.25209546089172 4.05690670013428 -2.94331169128418 -2.2304310798645 -2.16782832145691 -1.6030433177948 -0.723639190196991 -0.155821681022644 0.467840582132339 1.56359422206879 2.23928999900818 2.82506442070007 7.63786602020264 6.25065183639526 6.60436820983887 4.40954160690308 8.36021709442139 8.13865375518799 3.34451270103455 3.96966528892517 4.14359617233276 4.60217189788818 5.2900333404541 5.58508062362671 6.724365234375
1.1501544713974 1.20138657093048 1.63384687900543 2.14076066017151 2.21387338638306 2.27803039550781 2.26656079292297 2.19479727745056 3.35182094573975 5.61769008636475 6.14324474334717 7.68178462982178 9.66366481781006 10.285813331604 17.0355644226074 32.3778533935547 22.608434677124 29.1299457550049 56.1449508666992 -3.07099890708923 15.4068384170532 8.22358894348145 -3.20447850227356 9.68556022644043 -2.2347846031189 -1.87094986438751 -1.36363649368286 -0.350455462932587 0.278508573770523 1.19312298297882 2.07769346237183 2.53708338737488 3.98228478431702 21.6773223876953 3.93187689781189 5.7217812538147 6.43464469909668 8.35692310333252 26.4977989196777 3.43738484382629 3.55429458618164 4.37647914886475 5.11698484420776 5.72361898422241 6.95183515548706
1.50454664230347 1.85441052913666 1.90589642524719 1.87626826763153 1.2212827205658 1.63962852954865 2.5676052570343 4.77802753448486 5.84030675888062 7.85580253601074 8.62427806854248 9.14210987091064 13.9450483322144 15.5442152023315 20.9469738006592 35.0997200012207 31.2609539031982 40.1793556213379 42.6468353271484 21.29714012146 21.9862442016602 -3.40411996841431 -3.19774007797241 -1.96093702316284 0.611704885959625 -1.5550719499588 -1.0811402797699 -0.432326883077621 0.0458994545042515 1.16728079319 1.88763153553009 2.56806778907776 4.36922836303711 14.1629619598389 2.86964440345764 3.64749312400818 7.63870859146118 10.1451454162598 5.68838119506836 3.86184048652649 3.94814705848694 4.16468715667725 5.38297748565674 5.51397705078125 6.67358827590942
1.73621094226837 1.68761086463928 1.36227285861969 2.03916049003601 2.2043788433075 4.17161893844604 4.95416927337646 6.61900758743286 7.319167137146 10.8810701370239 12.6684255599976 30.2480888366699 13.7580461502075 18.1869144439697 27.1361408233643 36.3108673095703 23.1384830474854 28.9797096252441 43.7008323669434 14.5946569442749 23.052640914917 -2.58034944534302 -0.0732851549983025 -2.54928636550903 -0.00820169132202864 -1.58928227424622 15.3360404968262 -0.65955638885498 -0.144007548689842 0.585834503173828 1.60323798656464 2.3266065120697 2.6090714931488 3.34706997871399 3.52471494674683 3.38967704772949 3.35859632492065 12.2924709320068 28.4858322143555 3.03177070617676 17.5343494415283 2.89568948745728 3.45571208000183 4.4291787147522 5.57700872421265
1.68887603282928 1.84808611869812 1.98409497737885 3.72520351409912 4.31433010101318 5.72754049301147 6.31282711029053 9.13152122497559 10.710599899292 13.08567237854 18.7274684906006 14.1323375701904 18.2947063446045 23.2102298736572 22.9612636566162 39.6391677856445 20.8971843719482 30.0575313568115 36.82080078125 25.123010635376 20.4452476501465 7.31246185302734 -2.0317440032959 18.4896488189697 -1.38717246055603 3.99825143814087 2.94956135749817 13.736156463623 0.0608698390424252 0.670354425907135 1.52866291999817 9.3297815322876 2.66193890571594 25.2863426208496 2.69055366516113 3.22269129753113 9.89687633514404 40.7472457885742 15.9633407592773 12.7253398895264 2.00447273254395 2.58982515335083 2.95885920524597 3.46200489997864 4.95629262924194
3.36252808570862 3.5092887878418 3.89750409126282 5.10105562210083 5.58407688140869 7.88528108596802 9.21265125274658 11.0009155273438 12.374888420105 15.9447250366211 17.2066650390625 18.5327320098877 23.9148082733154 17.0871963500977 55.3465042114258 13.4021425247192 45.7580604553223 19.940221786499 18.4091529846191 31.4268856048584 10.1719264984131 8.20883178710938 2.29641437530518 0.357973754405975 -1.1832070350647 0.471396058797836 4.43481111526489 0.538463354110718 5.17075109481812 0.798673391342163 1.40382742881775 2.44037866592407 6.81670665740967 16.5943222045898 5.28381729125977 10.6567897796631 17.7645645141602 40.4371147155762 6.74502372741699 11.7558908462524 1.9444283246994 2.33761048316956 2.51390266418457 3.33333206176758 3.93951058387756
4.55157661437988 4.94676208496094 5.18239545822144 6.9948582649231 8.12163734436035 9.4865083694458 10.6894826889038 13.4631633758545 14.3228044509888 13.0730810165405 14.8969383239746 16.5236263275146 28.0580596923828 24.9838790893555 50.165470123291 14.5262660980225 40.5662879943848 18.2226810455322 36.4754943847656 20.1677742004395 4.02406406402588 3.64268922805786 -2.04886102676392 12.0011911392212 -1.58670663833618 -0.629721462726593 -0.00696300808340311 2.76084899902344 12.3160314559937 0.86558723449707 1.83327567577362 2.37035608291626 5.14470815658569 22.1601810455322 8.36757564544678 14.6633176803589 22.3633308410645 23.4319610595703 21.6301746368408 7.6783709526062 6.16956663131714 2.96908831596375 3.03077363967896 3.41162514686584 3.60491108894348
6.16069316864014 7.11667966842651 7.94961833953857 8.39741706848145 9.41577434539795 11.6232175827026 12.2576894760132 11.2578983306885 12.5971355438232 14.1467628479004 16.9838562011719 42.9326591491699 12.2396907806396 13.2624025344849 19.7110919952393 41.5617790222168 15.2658061981201 31.2909202575684 35.8303184509277 24.0878276824951 5.20801591873169 0.247755751013756 1.671910405159 -2.14612531661987 -1.33330535888672 -0.706265866756439 -0.641817629337311 0.170549720525742 0.815163612365723 3.27917861938477 1.06189239025116 2.69905710220337 10.0096368789673 18.8217735290527 9.29270458221436 9.99191284179688 11.2255935668945 6.67510795593262 6.60594940185547 9.94551086425781 2.5992271900177 2.80890965461731 2.96801590919495 3.44054198265076 4.69142961502075
