slauniainen/Data/DEM/Vihti_dsm1500b_cl_horizonAngle_318.asc
NCOLS 196 
NROWS 178 
XLLCORNER 353680 
YLLCORNER 6699024 
CELLSIZE 16 
NODATA_value -3.4e+38 
[rows 140 to 159 of 178, columns 0 to 44 of 196]
0.964752614498138 0.813850343227386 0.419465631246567 0.040287658572197 -0.650939464569092 10.1928987503052 12.2855806350708 0.0356803238391876 1.2210967540741 0.787461042404175 1.10564517974854 1.36515820026398 1.22826945781708 1.58198869228363 0.685389161109924 1.3969624042511 0.518795073032379 0.334934771060944 0.963948249816895 0.744578540325165 1.02042710781097 1.22159564495087 1.32292401790619 1.31477451324463 1.09586703777313 0.86606103181839 0.68284285068512 0.69420051574707 -1.31899583339691 -1.50017237663269 7.09505558013916 2.15280985832214 1.65260148048401 -0.710401177406311 1.48315000534058 -1.25423717498779 -1.269162774086 3.4548225402832 1.76977002620697 0.862242102622986 0.843078374862671 0.96111136674881 6.83970165252686 9.34580993652344 4.28320741653442
0.338705211877823 0.419259995222092 0.450245380401611 1.20188105106354 5.99186897277832 6.89084434509277 10.2106590270996 11.7451000213623 27.8660697937012 1.17564058303833 0.758882105350494 1.06206059455872 1.31242597103119 1.18051791191101 1.53172993659973 0.665494620800018 1.34986555576324 0.502280354499817 0.311426877975464 0.935565769672394 0.766402781009674 0.950429499149323 1.12332510948181 1.09542107582092 1.07201254367828 0.911690294742584 0.678565979003906 0.50102710723877 -0.987796783447266 -1.97065794467926 -1.42019319534302 -1.9468777179718 -0.766737282276154 8.28771209716797 -1.22227609157562 0.187961831688881 8.08759117126465 5.29316425323486 2.52972555160522 3.90581727027893 12.9193630218506 -1.05140340328217 -1.18240630626678 3.25487565994263 3.47427034378052
0.652835607528687 0.313560575246811 0.354304313659668 0.166048943996429 0.0648279562592506 14.6586294174194 14.5708503723145 24.9391326904297 31.5615005493164 22.5403442382812 1.13420677185059 0.728859782218933 1.02952170372009 1.27581596374512 1.14412569999695 1.48089194297791 0.643782734870911 1.30620920658112 0.485849857330322 0.241947382688522 0.904355585575104 0.725875675678253 0.85557222366333 0.907510697841644 0.843486905097961 0.885280609130859 0.719942927360535 0.488324612379074 -1.28808295726776 -1.75105535984039 5.9922456741333 -1.71881055831909 14.5787239074707 8.76256275177002 -0.652830541133881 2.20997214317322 -1.46995961666107 5.7066388130188 4.19038343429565 7.87097311019897 1.76316833496094 2.49576687812805 -0.839746594429016 13.6571836471558 -0.701893150806427
3.3162305355072 1.31252384185791 8.89671611785889 0.736386060714722 17.3208923339844 29.8770637512207 26.3736686706543 33.9557456970215 21.1864929199219 17.119701385498 15.4543952941895 1.0948965549469 0.710590124130249 0.996538102626801 1.23463571071625 1.10526144504547 1.43174183368683 0.623394727706909 1.26256549358368 0.467730820178986 0.15105627477169 0.871649861335754 0.6254922747612 0.616211652755737 0.661722600460052 0.646789729595184 0.702498555183411 0.525878667831421 0.358909547328949 -1.57624208927155 -1.78028476238251 10.1748371124268 -1.89427888393402 3.41982936859131 -0.714239060878754 -0.756823360919952 -2.04977607727051 7.24539041519165 1.0537828207016 0.385800689458847 -0.0670914426445961 1.24565303325653 -0.596535801887512 17.030200958252 3.00514245033264
0.530588328838348 0.905057013034821 0.457260131835938 10.6741361618042 4.04693269729614 28.917200088501 28.9197998046875 21.1192188262939 18.6732482910156 14.4666996002197 11.6541404724121 11.7139053344727 1.05806291103363 0.688252687454224 0.965095579624176 1.19616293907166 1.06633973121643 1.38420450687408 0.599339604377747 1.21792256832123 0.441569656133652 0.0385143049061298 0.347312986850739 0.314999848604202 0.407450675964355 0.484379142522812 0.453554511070251 0.499955117702484 0.337916821241379 -1.31692481040955 1.81281542778015 7.74506282806396 4.79837274551392 11.4018993377686 1.43619906902313 -0.188768059015274 -1.99466586112976 7.78690338134766 0.259682029485703 1.01489651203156 4.82001495361328 6.40632820129395 4.12835073471069 16.4737663269043 15.3658094406128
21.3882865905762 2.44723796844482 3.38173413276672 21.4516773223877 25.4685230255127 41.7951202392578 20.0803966522217 20.2928295135498 14.5042352676392 13.1678276062012 10.9487962722778 9.236647605896 9.42189693450928 1.02338361740112 0.666847288608551 0.930893778800964 1.15649926662445 1.02718138694763 1.33501315116882 0.572348952293396 1.16427433490753 0.395444929599762 -0.115970827639103 0.0871488600969315 0.0898142978549004 0.278452128171921 0.336538255214691 0.482728511095047 0.314902722835541 -0.847203195095062 -1.76456618309021 0.59923529624939 1.2566773891449 0.11268675327301 0.339467942714691 -0.304327875375748 -1.01064908504486 11.7695589065552 5.222487449646 4.48096370697021 0.378671377897263 -1.29392683506012 -0.600463092327118 -0.47802472114563 8.86081027984619
2.42645668983459 6.80769968032837 2.18354344367981 24.7648448944092 19.6293201446533 18.384578704834 24.2140502929688 14.6261796951294 15.5111083984375 11.6863479614258 10.6015605926514 8.99081993103027 8.54735279083252 3.43873405456543 0.987057685852051 0.64198911190033 0.898922264575958 0.846943080425262 0.989348173141479 1.28416979312897 0.528800070285797 -0.0705825015902519 -0.16934098303318 -0.257345080375671 -0.110625006258488 0.103310085833073 0.2076186388731 0.229735046625137 0.267905294895172 0.163159713149071 -1.12593913078308 6.22974491119385 -1.21949756145477 0.772390484809875 2.72990465164185 -1.16355228424072 -1.27969801425934 -1.94363927841187 0.853683948516846 3.87142777442932 2.10378217697144 -1.09332621097565 1.19409322738647 -0.607139468193054 -0.242450073361397
23.4244174957275 16.916934967041 18.3270606994629 35.5146675109863 21.3204612731934 17.2542209625244 12.4885349273682 16.6962108612061 11.7876844406128 12.5109720230103 9.62290573120117 8.58414649963379 7.81058073043823 7.23242568969727 1.48221480846405 0.949880540370941 0.478982895612717 0.408610850572586 0.811812698841095 0.945079028606415 0.655086636543274 -0.120868228375912 -0.211208313703537 -0.301376521587372 -0.390266686677933 -0.309212654829025 -0.0194569155573845 -0.393271923065186 -0.567143559455872 0.124270491302013 -0.197324946522713 -1.17634642124176 1.83058416843414 -1.87585341930389 -0.337689429521561 0.740075349807739 5.07215118408203 -2.20198941230774 -2.38760471343994 -2.45032954216003 -2.76567840576172 -1.44452524185181 5.7942099571228 -1.70218670368195 -0.873234331607819
4.76749897003174 16.5713081359863 13.2027320861816 16.2875556945801 21.5163822174072 14.5966567993164 13.1187286376953 10.0934772491455 12.6672201156616 11.3593406677246 9.01498985290527 8.17333984375 7.57713317871094 6.88712501525879 6.25861358642578 1.4315447807312 0.917065262794495 0.454972892999649 0.381519556045532 0.758707165718079 0.318735986948013 0.494570851325989 -0.272853940725327 -0.364033073186874 -0.454691916704178 -0.527955234050751 -1.29818642139435 -1.64618039131165 -1.3678058385849 -1.12466597557068 -0.689183056354523 -1.05123436450958 -1.4705982208252 0.075331911444664 -1.98136496543884 -1.22459483146667 -2.45845174789429 -2.79763674736023 -2.76861381530762 -2.83503937721252 -2.53714632987976 -2.73654937744141 3.11020088195801 -1.14367258548737 -1.65719318389893
5.76687240600586 13.7927494049072 14.5381946563721 12.5019769668579 11.029932975769 14.7126216888428 11.045018196106 10.5525712966919 9.95008945465088 10.1780090332031 9.6469612121582 7.82317495346069 7.08481454849243 6.77529764175415 6.14426851272583 5.50325679779053 0.75840550661087 -0.00837447587400675 0.420131951570511 0.313677877187729 0.604315221309662 0.148919597268105 -0.330322086811066 -0.42519012093544 -1.03332841396332 -1.06227087974548 -1.14711546897888 10.6863708496094 28.3943405151367 23.7919445037842 -1.37990474700928 -0.710632920265198 -1.0963978767395 6.4397759437561 -2.15182685852051 -2.235196352005 -2.42314291000366 -2.6891143321991 -2.89549589157104 -2.96225047111511 -1.06344532966614 2.08385157585144 6.38477277755737 -1.79204654693604 -1.54090881347656
4.04715538024902 6.00170183181763 9.00977230072021 11.0075225830078 9.44250965118408 8.88477039337158 11.1122140884399 9.54898643493652 7.62036800384521 9.19642543792725 7.84995985031128 8.34746646881104 6.8899359703064 6.29636192321777 6.10186195373535 5.53344964981079 4.8894362449646 0.397976100444794 -0.0389396362006664 0.310466319322586 0.144825220108032 -0.315415978431702 -0.379955530166626 -1.01589024066925 -0.894648551940918 9.94811630249023 8.05664539337158 1.1441810131073 6.64066028594971 13.3086309432983 5.41461658477783 12.3820962905884 -1.60181355476379 -1.55717122554779 -2.06337141990662 2.45122981071472 -2.38889622688293 8.26381301879883 -2.98951411247253 -3.16919088363647 -2.16451406478882 1.02821588516235 -2.68230867385864 4.37789678573608 0.610631108283997
4.04222583770752 3.73493766784668 5.09237337112427 7.6504340171814 8.84403705596924 7.56378364562988 8.41403770446777 8.85189056396484 8.05210304260254 6.70786476135254 7.778404712677 6.91723012924194 7.34290552139282 6.12284183502197 5.66630029678345 5.53584909439087 5.00455045700073 4.34491539001465 -0.0813908949494362 -0.190321147441864 -0.287677228450775 -0.357174009084702 -1.28831994533539 -0.789797782897949 8.44124698638916 -1.05210757255554 -1.14511978626251 1.90652906894684 5.11249494552612 3.41292881965637 7.56384325027466 -1.58793890476227 4.45833206176758 19.5519409179688 13.491153717041 -2.08714985847473 0.0168758425861597 -2.49148726463318 -1.82919263839722 0.716543197631836 15.8236093521118 8.08493804931641 11.1001358032227 8.78553009033203 4.17930507659912
4.23912572860718 3.68670105934143 3.548095703125 4.41351509094238 8.00168704986572 6.82735109329224 6.18316125869751 7.99618673324585 6.71512937545776 6.95809364318848 5.97251176834106 6.70284700393677 6.13116645812988 6.50171566009521 5.51861000061035 5.0943021774292 5.01590633392334 4.44970893859863 3.64356231689453 -0.245762497186661 -0.33609613776207 -0.910589396953583 -0.513951480388641 21.5864562988281 -0.964719891548157 -1.43371796607971 -1.24037563800812 -1.25241267681122 0.514508605003357 1.25769698619843 1.62551474571228 1.85379135608673 14.2257328033447 -1.90484082698822 2.40638375282288 2.65903925895691 -2.24263548851013 -2.41033601760864 6.83200740814209 -2.84204006195068 17.6514148712158 3.36739349365234 -0.163242504000664 2.78437662124634 12.647364616394
3.84286975860596 3.89071345329285 3.39306282997131 3.32566142082214 3.88084888458252 6.75831985473633 5.74787425994873 5.43485498428345 6.73600673675537 5.75537919998169 6.05919361114502 5.31787919998169 5.78834390640259 5.42244434356689 5.7303261756897 4.89405393600464 4.42741394042969 4.34979963302612 3.81490039825439 3.0051851272583 -1.02235472202301 -0.880973339080811 9.14893341064453 -0.718389093875885 4.79153251647949 -1.15400540828705 6.51424980163574 -1.28981339931488 -1.31219983100891 -0.304763972759247 0.00342520419508219 0.300951927900314 -1.80776941776276 3.5243239402771 -1.9937527179718 2.09047627449036 -2.20586180686951 -2.56592154502869 -2.52044057846069 5.40181684494019 2.06403136253357 7.58479976654053 11.0001611709595 13.3861751556396 1.74972033500671
4.23638343811035 3.53740215301514 3.60292387008667 3.17857909202576 3.22427773475647 3.45429825782776 5.83504390716553 4.95197772979736 4.82624864578247 5.73250198364258 4.96757745742798 5.27620887756348 4.64631795883179 2.48779678344727 3.11414885520935 2.24824571609497 2.30873203277588 3.83537578582764 3.83263635635376 1.60809147357941 0.745012164115906 -1.17710947990417 -1.01547729969025 -0.999796330928802 -0.809966504573822 4.45956754684448 -1.23865056037903 2.27142834663391 -1.66232967376709 6.0386266708374 -0.739885270595551 -0.270072013139725 -2.14160323143005 13.2631998062134 -1.9130939245224 14.0433874130249 -2.26364088058472 -1.27586603164673 3.97777199745178 11.95680809021 3.2657368183136 20.7529525756836 1.10566341876984 5.09544515609741 3.46346116065979
3.11914014816284 3.92429399490356 3.27202296257019 3.35304069519043 2.99863219261169 3.01244163513184 3.10724139213562 5.10731935501099 4.24512243270874 4.20782470703125 4.85763072967529 1.1490730047226 1.53039824962616 1.39567959308624 1.24942994117737 1.30223667621613 1.47925710678101 1.66128444671631 1.94910871982574 1.6114467382431 0.452927619218826 0.1960678845644 2.34072136878967 -1.07424366474152 -1.10883140563965 -1.19150483608246 0.344664990901947 -1.36608481407166 -1.57781481742859 5.9970588684082 -1.48347294330597 -1.28137469291687 -2.31036114692688 18.2165050506592 -0.482273012399673 -2.31974339485168 -1.55287349224091 9.18599796295166 2.01702880859375 18.9060707092285 12.2144174575806 2.39799499511719 7.22781372070312 8.103196144104 3.38275957107544
2.80074572563171 2.91858196258545 3.6503643989563 3.23793816566467 2.81604361534119 2.82856774330139 2.81284260749817 2.76418924331665 4.3212685585022 2.41695952415466 2.50264596939087 2.115802526474 9.78230953216553 8.85707187652588 2.62872433662415 1.16417908668518 1.12641859054565 1.96242678165436 1.14526534080505 1.47263371944427 0.646235048770905 -0.366958200931549 -1.47143840789795 -1.47286009788513 -1.22070145606995 -1.34653413295746 -1.364750623703 -1.7377837896347 -1.56818544864655 -1.96181750297546 -0.719607591629028 2.8051335811615 -1.93081915378571 23.6455783843994 -2.35719013214111 2.43857979774475 9.37147045135498 -1.03512001037598 13.3384027481079 -0.0178649593144655 4.05359411239624 0.534444510936737 0.380119830369949 2.94612860679626 9.45835494995117
2.50825881958008 2.64335012435913 3.5223343372345 3.06487631797791 3.02638411521912 2.62111020088196 2.65985083580017 2.58863925933838 2.28440022468567 2.31835126876831 1.31865870952606 1.23006308078766 1.44970631599426 0.806759238243103 1.47362112998962 1.56809294223785 0.526992797851562 0.568033814430237 0.73411899805069 0.516157388687134 0.352838009595871 0.461515009403229 6.65920257568359 -1.64160561561584 -1.70810759067535 -1.82910513877869 -1.66110515594482 -1.59374678134918 1.51680624485016 -1.64752912521362 -2.16031408309937 -1.83482527732849 -2.37302017211914 3.0346622467041 0.929250955581665 7.53437566757202 -1.37043023109436 0.712036788463593 -1.87814223766327 1.80271208286285 -0.195183083415031 0.983790278434753 7.5792875289917 12.4273109436035 0.398952603340149
2.99995398521423 2.35911417007446 2.50273966789246 3.2969536781311 2.88726305961609 2.8143835067749 2.41434216499329 2.44798064231873 1.70272934436798 1.2168048620224 1.19949746131897 0.435235112905502 0.494620025157928 0.780669152736664 3.27470922470093 0.895690023899078 0.323895543813705 0.274257779121399 5.25450086593628 0.464744418859482 -0.231040135025978 -0.427920579910278 -0.447985053062439 -0.823901057243347 -1.92476439476013 -0.946954727172852 7.33126401901245 4.06277370452881 9.98149681091309 -1.31588447093964 -2.23369145393372 -2.39196038246155 -2.49274063110352 6.9234414100647 -2.48291826248169 5.08258247375488 -2.52858209609985 -2.39375996589661 -0.0242063198238611 -2.39460921287537 8.28829669952393 8.5695629119873 4.41016960144043 -4.05138683319092 -3.65847206115723
2.47738575935364 2.74682283401489 2.21633553504944 2.35773253440857 3.05391049385071 2.67940282821655 2.54489588737488 1.55091178417206 2.11846685409546 1.45406067371368 0.897717118263245 0.159831017255783 2.34132313728333 0.367310881614685 0.431925296783447 0.57235324382782 0.130112856626511 4.00248575210571 7.47763442993164 0.622477412223816 -0.0913928896188736 -0.659389734268188 0.278832226991653 -0.506036460399628 -1.31991684436798 7.49172401428223 5.38506031036377 6.5956597328186 -2.29899644851685 -1.94539737701416 -0.664374828338623 -2.35700607299805 14.7815113067627 21.5071792602539 -2.54520559310913 6.01525449752808 -2.64507412910461 -2.62786245346069 -1.6371728181839 5.13236474990845 5.11329221725464 -3.07408118247986 -0.950980067253113 -3.55096364021301 0.24981614947319
