slauniainen/Data/DEM/Vihti_dsm1500b_cl_horizonAngle_360.asc
NCOLS 196 
NROWS 178 
XLLCORNER 353680 
YLLCORNER 6699024 
CELLSIZE 16 
NODATA_value -3.4e+38 
[rows 60 to 79 of 178, columns 135 to 179 of 196]
-0.199746370315552 -0.232304394245148 -0.403471738100052 -0.625859498977661 -0.0679437965154648 -2.60752129554749 -1.56984734535217 -1.63316464424133 -2.32963943481445 -2.25856280326843 -3.02551579475403 -3.23495197296143 3.34382176399231 40.8369369506836 0.862326383590698 26.4424781799316 5.01425504684448 20.7921543121338 9.12984752655029 9.55698680877686 3.89725399017334 47.079158782959 45.5615005493164 6.41347503662109 23.2429313659668 12.3921480178833 15.8257122039795 10.2411413192749 12.1045417785645 6.85546016693115 32.5672874450684 5.66338920593262 0.854818046092987 -2.02358794212341 -2.73745012283325 -2.69000458717346 0.718238711357117 -1.9207489490509 8.34493541717529 10.0095043182373 14.0814609527588 5.2616114616394 8.20467567443848 3.93864727020264 20.7936477661133
-0.26414430141449 -0.354864776134491 -0.565701127052307 -0.670150339603424 -0.112838678061962 43.2296333312988 27.5719547271729 5.98775148391724 35.8533401489258 32.6017837524414 40.6209144592285 43.8132438659668 35.0673484802246 20.4737739562988 -0.112094581127167 17.4553184509277 3.40196919441223 13.3311977386475 25.098123550415 29.3031120300293 33.7653388977051 30.4535903930664 29.5489463806152 48.5194854736328 12.7628402709961 20.5635509490967 9.70597553253174 7.61977529525757 8.54822540283203 1.77139520645142 18.40456199646 -2.82720875740051 -2.370769739151 -2.74042320251465 7.25049924850464 -3.15106320381165 -2.86124515533447 7.91713047027588 4.18238878250122 7.45593404769897 6.66893720626831 2.02679824829102 3.73751187324524 3.70811820030212 11.1282892227173
-0.478102147579193 -0.507421016693115 -0.03237509354949 0.957284867763519 1.34899985790253 25.7447738647461 15.1383237838745 0.348014354705811 9.49053764343262 -2.99289846420288 7.09896183013916 6.09549570083618 -3.3648042678833 12.6338920593262 -0.58199542760849 13.077054977417 32.4990844726562 10.1055431365967 12.9385194778442 27.0390567779541 40.9158210754395 23.8277149200439 22.5074462890625 32.8536949157715 14.2388153076172 9.12902069091797 5.46903848648071 3.51091313362122 4.45670890808105 1.36965274810791 9.44723892211914 18.9393348693848 -3.26451659202576 -2.86622953414917 0.790288805961609 10.1655378341675 -3.43298482894897 -3.44504308700562 -2.16825985908508 0.0361584685742855 3.3211567401886 1.35604524612427 11.6506853103638 1.95723497867584 3.78231287002563
0.758898913860321 0.285472214221954 0.484672337770462 0.644838273525238 0.573532342910767 17.7195587158203 10.0718469619751 6.74055624008179 6.0188512802124 15.6905488967896 6.65613555908203 14.814998626709 15.1144123077393 -4.2015700340271 -1.00650990009308 10.6007986068726 16.2465114593506 8.23412895202637 8.56594276428223 19.3639526367188 27.94993019104 19.5888214111328 18.1949977874756 23.8146076202393 7.24654006958008 3.91705799102783 1.47744011878967 0.505256295204163 0.4089335501194 4.85185194015503 1.94696891307831 8.70985698699951 10.0468425750732 -3.08060264587402 -3.46947526931763 -1.08197009563446 4.21410799026489 -0.238109946250916 6.61596059799194 27.0268001556396 20.7425746917725 17.7600059509277 17.5915298461914 4.36588430404663 4.41970252990723
0.0825905874371529 0.134677425026894 0.394245952367783 0.584744095802307 0.389319330453873 13.383056640625 7.54884147644043 3.15052127838135 22.5796184539795 0.439321458339691 -0.449178874492645 -0.112298414111137 13.4802513122559 7.9376974105835 -4.09380865097046 8.35755634307861 -3.57978105545044 2.54094767570496 6.80947113037109 14.4281311035156 21.612678527832 15.9504041671753 14.7719202041626 7.63542890548706 4.46527528762817 2.85205459594727 0.995045125484467 0.301813244819641 10.3334226608276 1.00995743274689 0.407834082841873 -1.60367560386658 13.6052713394165 -3.19351172447205 8.81570434570312 -3.49758362770081 15.524881362915 0.896894514560699 5.20767116546631 13.1622228622437 12.7601137161255 17.1366348266602 11.4427795410156 10.8984689712524 1.5586097240448
-0.0654013082385063 0.0123763028532267 0.206503048539162 0.439995557069778 0.386418908834457 10.7505159378052 5.87701320648193 1.50532591342926 -2.77030253410339 5.70705223083496 -0.974773406982422 33.5111122131348 5.8901948928833 14.4430952072144 12.96169090271 -0.108929090201855 38.2428512573242 1.39546430110931 -1.84187436103821 6.67264270782471 16.9901237487793 13.0038547515869 11.6371746063232 16.4110221862793 42.9746208190918 1.8648362159729 0.95110023021698 -0.899776101112366 10.4737701416016 5.31986808776855 -0.587755382061005 13.0435247421265 -2.87459516525269 -3.52187895774841 -3.58332848548889 1.8222644329071 -0.32885816693306 -0.248841345310211 5.07733678817749 4.6905665397644 8.58382415771484 9.53279209136963 4.35783576965332 4.07560443878174 -0.352676838636398
-0.170832768082619 -0.0726595148444176 0.0978150442242622 0.28782993555069 0.308019429445267 8.92124557495117 4.66704511642456 -3.23393630981445 -3.50449991226196 0.81821471452713 -1.07407212257385 8.59603881835938 4.88906860351562 11.080207824707 13.1416482925415 1.75791049003601 3.90400362014771 -0.110801920294762 -2.41820764541626 2.45516633987427 7.72929811477661 10.7005023956299 9.93942928314209 17.7098045349121 24.1906890869141 44.6982002258301 13.0113010406494 19.0047206878662 20.0426044464111 18.3660373687744 7.40282964706421 -4.19970750808716 -3.64392113685608 -3.97191476821899 10.3541831970215 4.46215724945068 -0.594115018844604 1.45723164081573 5.0912389755249 1.64456236362457 1.13358092308044 -0.0976813212037086 7.76454973220825 2.09094095230103 7.79825735092163
-0.259908765554428 -0.147731199860573 -0.0018332228064537 0.167357370257378 0.213444694876671 7.60585451126099 3.7353196144104 -3.44822764396667 -1.39560151100159 0.0668970271945 11.09778881073 -0.789507031440735 3.86490154266357 11.2653350830078 8.04587364196777 3.788649559021 1.72940850257874 -2.20408248901367 -0.0389812514185905 2.21355843544006 2.41995334625244 5.33915519714355 8.73969650268555 12.0725059509277 16.9983654022217 30.1495590209961 2.55572032928467 14.3694686889648 4.51190900802612 0.312447994947433 -2.59647154808044 18.3534469604492 -3.89948034286499 1.00908064842224 7.02434110641479 0.347530335187912 1.37426555156708 -4.04965305328369 -2.01286101341248 -0.445428639650345 11.6239995956421 2.80284428596497 1.80346643924713 -2.13504862785339 -0.149058982729912
-0.365239411592484 -0.247583702206612 -0.12530255317688 0.0193879790604115 -0.00302284653298557 6.48224973678589 -3.66954255104065 -3.60194802284241 -3.85946679115295 -3.73902368545532 -1.49493145942688 -1.32122266292572 0.641316115856171 3.93085241317749 -3.06655144691467 -4.31364774703979 -5.03170299530029 -4.6427788734436 -1.10485923290253 1.81781935691833 1.57050013542175 2.18473339080811 3.97717928886414 9.10299968719482 14.5793514251709 23.8064613342285 17.5947761535645 12.3360109329224 0.996717989444733 -1.40799689292908 5.77934122085571 15.7016324996948 4.57888460159302 9.46406269073486 -3.86907386779785 -3.4989640712738 -2.79926300048828 4.52600479125977 -2.15745520591736 -0.622888684272766 -1.07191562652588 -2.00009226799011 -1.27708101272583 -1.00271689891815 -0.516068458557129
-0.485345423221588 -0.435000538825989 -0.321932464838028 -0.212762832641602 -0.150364905595779 5.53614377975464 9.47358417510986 -3.79874634742737 -4.01231384277344 -3.92160224914551 -3.73991537094116 -4.05166625976562 -4.07515430450439 -0.619937479496002 -4.75279235839844 -4.40657711029053 1.04180598258972 -4.96909618377686 -2.20491075515747 1.58045554161072 0.948494732379913 6.43987846374512 2.62507057189941 3.78417325019836 12.5410795211792 18.9550819396973 40.6000061035156 8.87579822540283 -1.04977118968964 5.99708271026611 -3.79727721214294 9.80257511138916 6.00903701782227 17.4276351928711 14.4468002319336 -3.5093994140625 -3.05019807815552 12.6224012374878 -1.61475360393524 -2.74938488006592 -1.49405932426453 -3.53656959533691 -2.85373878479004 -3.48169946670532 -2.62017035484314
-0.628447115421295 -0.660676777362823 -0.588675081729889 -0.552199125289917 -0.269323706626892 4.58095216751099 2.00263428688049 8.23184680938721 9.670485496521 -1.26743805408478 -4.2103967666626 -4.49658918380737 -4.24471092224121 -1.6285457611084 1.09527039527893 -2.51727080345154 20.2001132965088 -5.14963102340698 -4.1963152885437 0.700006544589996 -0.549612879753113 1.53080117702484 1.83298587799072 2.99399399757385 4.85662078857422 15.8340282440186 26.5674514770508 8.44104385375977 -1.14486956596375 -2.43688774108887 8.28617477416992 14.0112886428833 26.3886432647705 7.98428821563721 1.05755925178528 9.49735641479492 -4.1712851524353 -4.69204711914062 -3.33002424240112 -3.65259504318237 -2.34565353393555 4.75107717514038 -1.66972148418427 13.3364744186401 3.35608506202698
-1.95039522647858 -0.88928896188736 -0.815996170043945 -0.801359534263611 -0.408607870340347 -3.83030319213867 -1.24816620349884 3.82347130775452 2.83374285697937 0.618512451648712 3.93376636505127 14.0900497436523 -4.60580825805664 -3.40756320953369 -5.18257331848145 11.9705944061279 -4.18699932098389 16.8231353759766 -4.25305938720703 0.0520144551992416 -0.757762551307678 1.37534034252167 7.622642993927 2.40718746185303 3.38960719108582 5.47986030578613 19.3741188049316 35.212158203125 44.9242095947266 28.6593322753906 16.5569458007812 8.72904396057129 11.4153308868408 6.55694389343262 24.8529510498047 -3.54414916038513 -4.38432550430298 12.4250068664551 -3.9854998588562 6.36918878555298 2.47705483436584 9.19410800933838 15.1516990661621 -3.06608700752258 -2.85245943069458
-2.24300408363342 -2.44340825080872 -2.97599482536316 -3.1267991065979 -3.19009160995483 1.82571160793304 -4.02124404907227 0.0806052833795547 -2.62109732627869 1.8448246717453 3.57635879516602 1.21248352527618 2.84157848358154 -3.7577977180481 33.3291549682617 0.831506252288818 -5.20024299621582 -5.39355325698853 -1.16638052463531 7.5418176651001 12.48854637146 9.45483303070068 4.60589456558228 1.48041331768036 1.67117857933044 2.99549126625061 2.39526629447937 22.4341716766357 36.5346565246582 31.434663772583 9.68853092193604 8.38389778137207 6.7376914024353 5.72523021697998 7.47745132446289 -3.57284212112427 10.8205938339233 4.67053365707397 5.04466819763184 5.30009174346924 10.9269733428955 14.8951015472412 14.5374479293823 19.4157047271729 -1.86013555526733
-2.43545651435852 -2.85918784141541 43.5558242797852 -3.91517686843872 9.82406711578369 8.94598293304443 8.50647068023682 -2.80067610740662 -3.06249094009399 -2.91975951194763 -2.0941755771637 1.13392555713654 3.58743238449097 23.021053314209 2.30058312416077 0.464249640703201 6.29550504684448 8.13697910308838 -3.58748126029968 23.8422660827637 10.2494611740112 16.1806240081787 2.16021704673767 1.40825951099396 1.59426927566528 1.29822087287903 1.90635061264038 6.35161638259888 28.1985893249512 27.764253616333 28.2443981170654 6.90926742553711 11.8753080368042 4.71477842330933 21.3473072052002 23.0636444091797 5.55486631393433 3.98073363304138 4.54809379577637 9.44046688079834 11.0870590209961 20.8140392303467 29.0744819641113 29.8316917419434 -2.94710373878479
-3.47119736671448 -3.06476831436157 23.1611766815186 19.948034286499 -3.20311808586121 -4.12323713302612 -1.49958348274231 -4.04096269607544 -3.92837142944336 -4.4892749786377 -4.79143905639648 -3.19574308395386 -4.64676475524902 -4.54144430160522 -3.43485927581787 -5.25927066802979 7.63058185577393 -2.40121054649353 16.8329620361328 11.8772621154785 8.36375999450684 2.5540599822998 1.70018756389618 11.5252571105957 1.57439517974854 10.4311685562134 20.2732791900635 4.38241338729858 16.2807140350342 22.6249942779541 26.173921585083 30.3690490722656 4.47170305252075 4.28977489471436 1.34015011787415 8.51263332366943 5.11971807479858 24.0872592926025 29.3101291656494 16.9186553955078 9.85024070739746 19.8143367767334 16.1819591522217 16.2964706420898 42.5822563171387
-4.0644736289978 -3.42475056648254 -2.72259426116943 13.6165418624878 -3.87035942077637 -4.48385238647461 -2.32572722434998 -3.34779143333435 -4.66093969345093 -4.70469856262207 -4.98266220092773 -5.25092744827271 -5.42530679702759 -5.61827754974365 -5.70705127716064 21.3348255157471 -2.82420134544373 -5.51042222976685 3.48557353019714 5.89850187301636 6.88630151748657 6.2426381111145 1.38689231872559 3.82686042785645 1.50104081630707 5.84312725067139 13.9749364852905 48.722469329834 27.9002933502197 19.818431854248 19.8843727111816 21.6600933074951 42.5274810791016 35.2835693359375 46.4128494262695 7.62337112426758 4.42787170410156 13.5537767410278 15.4831504821777 11.8663749694824 33.6454811096191 33.2534599304199 21.5697574615479 23.5458488464355 38.980640411377
-3.17223525047302 8.10652542114258 -3.83512592315674 -0.115016587078571 10.4506740570068 11.4080696105957 9.30851936340332 -1.91841840744019 -4.79076290130615 -5.06169748306274 -5.12865257263184 -4.8463077545166 -5.63494253158569 -4.17384099960327 -3.98287796974182 -0.933016955852509 1.44247150421143 5.88361883163452 9.44540596008301 0.330499887466431 1.97673654556274 1.23126077651978 9.98237133026123 5.35305166244507 13.4078369140625 10.0937747955322 10.0250282287598 12.4685668945312 20.008638381958 17.1695823669434 16.3182888031006 17.1097049713135 25.7670288085938 27.0667247772217 38.183219909668 52.4074020385742 51.2405433654785 50.4970169067383 39.7146301269531 45.3905868530273 41.7258834838867 25.7879199981689 34.1467895507812 32.6672821044922 29.552921295166
-4.14606380462646 -3.18065690994263 6.90169429779053 20.6201286315918 4.96933031082153 -4.71824026107788 -2.73772644996643 -3.37067127227783 22.7491683959961 -0.0843063294887543 -5.34881401062012 -5.67423868179321 2.90537548065186 11.1961488723755 0.678249835968018 -0.475271910429001 0.455807149410248 5.046226978302 -1.27812337875366 1.21803259849548 1.18148350715637 3.86660718917847 5.07970523834229 2.03730082511902 4.73098182678223 12.5168161392212 25.3079853057861 39.5487213134766 15.4504804611206 15.1285791397095 13.5548763275146 13.5329961776733 19.4832973480225 21.0590915679932 29.7263145446777 35.5514450073242 40.2957954406738 37.7942352294922 36.3991088867188 35.763988494873 28.3598041534424 18.825569152832 19.4876270294189 19.7100410461426 23.1965637207031
-4.28635215759277 -1.85279953479767 9.77421569824219 7.79294443130493 4.6665940284729 25.9959697723389 -2.9504725933075 -4.05625057220459 2.09634733200073 22.8760452270508 21.5536212921143 24.199312210083 32.280330657959 18.1447315216064 6.57261896133423 16.1805839538574 -1.67098081111908 3.0615828037262 18.5748596191406 7.0586109161377 18.1531200408936 14.6674165725708 5.00551605224609 1.292400598526 3.67065358161926 8.00568771362305 30.4961032867432 23.1965255737305 13.7541761398315 13.4528951644897 11.5732402801514 11.3415298461914 15.5831346511841 16.9754123687744 24.4486255645752 27.829029083252 31.6123542785645 29.5391330718994 28.3331432342529 27.3312568664551 22.7075443267822 16.0198402404785 15.3810253143311 15.5555849075317 18.7523002624512
2.15015006065369 -3.97417020797729 2.79298138618469 0.514845788478851 0.306505918502808 21.0632495880127 -2.0152108669281 -4.16732835769653 -3.0649209022522 14.1616182327271 17.7921810150146 23.4189510345459 23.9620914459229 13.4223356246948 27.2134342193604 9.44968605041504 9.89184379577637 3.27393388748169 5.15273571014404 11.7497682571411 10.3342237472534 9.72560214996338 15.2522773742676 9.3248176574707 12.5224189758301 10.9983768463135 19.8088836669922 7.55250692367554 12.3206720352173 12.0525827407837 10.1802177429199 9.91472053527832 13.2046594619751 14.4438171386719 20.7910785675049 22.7439460754395 26.1225490570068 24.377872467041 23.399543762207 22.4885902404785 19.3199081420898 14.2886095046997 13.7052116394043 13.728759765625 15.772686958313
