slauniainen/Data/DEM/Vihti_dem1500b_cl_horizonAngle_120.asc
NCOLS 196 
NROWS 178 
XLLCORNER 353680 
YLLCORNER 6699024 
CELLSIZE 16 
NODATA_value -3.4e+38 
[rows 40 to 59 of 178, columns 90 to 134 of 196]
3.35469651222229 2.64428925514221 1.86838233470917 1.51523673534393 1.42922878265381 1.4702160358429 1.3592689037323 0.972071588039398 0.976330637931824 0.979669332504272 1.00831091403961 1.076540350914 1.11642229557037 1.10958230495453 1.11741936206818 1.29698932170868 1.44174087047577 1.52880549430847 1.60725033283234 1.6086745262146 1.69081389904022 1.75601673126221 1.77224159240723 1.80295526981354 1.86289095878601 1.93378067016602 2.00068712234497 2.08129072189331 2.35184955596924 2.52306270599365 2.78265428543091 2.88955330848694 3.14631867408752 3.38439965248108 3.59535765647888 4.3632116317749 4.13861608505249 4.47746086120605 4.79082632064819 5.03053855895996 5.58839321136475 5.84956312179565 6.2050724029541 6.46381330490112 6.58099699020386
3.66013598442078 2.4402129650116 1.98665261268616 1.84516632556915 1.64065504074097 1.55654895305634 1.38043010234833 1.23228454589844 1.0671763420105 1.04511523246765 1.06262028217316 1.11765325069427 1.15613758563995 1.22635889053345 1.23475611209869 1.40808081626892 1.49186742305756 1.641526222229 1.7597678899765 1.78241872787476 1.81313323974609 1.83756792545319 1.91307270526886 1.91106617450714 1.90332984924316 1.94886767864227 2.04202222824097 2.10142350196838 2.20483231544495 2.40839552879333 2.58150863647461 2.66968178749084 2.89538478851318 3.20085501670837 4.09625196456909 4.65334177017212 3.68460249900818 4.15707588195801 4.28833198547363 4.68975400924683 5.13728713989258 5.56206750869751 5.91652870178223 6.24210691452026 6.68466186523438
3.64849948883057 2.55202102661133 2.26050424575806 3.4576096534729 1.89787900447845 1.79285573959351 1.61058068275452 1.22671365737915 1.02167236804962 1.07245290279388 1.12479817867279 1.16003060340881 1.19303393363953 1.23823583126068 1.38068902492523 1.44611608982086 1.52831447124481 1.66807866096497 1.81908798217773 1.88543176651001 1.94314980506897 1.98334932327271 2.13898110389709 2.20445346832275 2.10472822189331 2.03566479682922 2.03704166412354 2.13977313041687 2.20394849777222 2.36650681495667 2.41465830802917 2.47702312469482 2.77335739135742 3.2743980884552 4.58063650131226 4.88969135284424 4.67631816864014 5.00272798538208 4.8900842666626 5.46471929550171 4.72305488586426 5.07730913162231 5.50760078430176 5.94869804382324 6.40030717849731
3.77767658233643 3.79760479927063 3.78237962722778 2.64382648468018 0.857354938983917 1.67342102527618 1.47380697727203 1.18127691745758 0.973812222480774 1.07287085056305 1.17387306690216 1.21483910083771 1.28836274147034 1.35468339920044 1.40712976455688 1.47690939903259 1.57301235198975 1.79961597919464 2.10057473182678 2.04389595985413 2.39982223510742 2.20052909851074 2.28566145896912 2.3739287853241 2.37367606163025 2.29511785507202 2.29870438575745 2.08139061927795 2.14007687568665 2.20534467697144 2.37271285057068 2.42818665504456 2.5071280002594 3.18202567100525 5.1249828338623 4.4866623878479 4.17218017578125 4.71312189102173 6.30935859680176 4.9428973197937 4.08628177642822 4.44687175750732 5.0601167678833 5.51064872741699 5.98113965988159
6.94856071472168 2.83886504173279 2.67111730575562 1.38354873657227 0.906539380550385 1.1164790391922 1.00680589675903 1.15069842338562 1.4139860868454 1.14647901058197 1.13656783103943 1.30201327800751 1.51873099803925 1.57084381580353 1.66237044334412 1.70144748687744 1.90144908428192 1.96161305904388 2.29254198074341 2.26061034202576 2.37082672119141 2.50396251678467 2.5430600643158 2.53308296203613 2.53281664848328 2.45421147346497 2.43352437019348 2.3350670337677 2.16908693313599 2.13382124900818 2.26359057426453 2.25493311882019 2.46972942352295 2.68675684928894 4.5344877243042 3.92763590812683 4.01783037185669 4.3571949005127 4.66254377365112 3.25555205345154 3.54528331756592 3.84978723526001 4.51726055145264 4.92940044403076 5.50633668899536
7.4416332244873 1.96158218383789 2.32121610641479 2.68186807632446 4.05433702468872 2.7295286655426 1.32642590999603 1.56396186351776 1.5020512342453 0.992495119571686 1.07886207103729 1.21965777873993 1.53299736976624 1.75799000263214 1.71412861347198 1.97595310211182 2.12475776672363 2.42105436325073 2.61918926239014 2.69565224647522 2.51968288421631 2.72464919090271 2.77856254577637 2.77053332328796 2.64818859100342 2.60370898246765 2.58825373649597 2.49507570266724 2.36039543151855 2.20725345611572 2.1153678894043 2.17685294151306 2.29692149162292 2.55407929420471 3.96736693382263 3.71469712257385 3.88249325752258 4.14147472381592 4.72400140762329 4.99728345870972 3.2781982421875 3.57855105400085 4.02318525314331 4.30634689331055 4.89573383331299
6.96456003189087 2.44660782814026 2.47956156730652 2.84583306312561 3.81073045730591 1.59238708019257 0.96871417760849 1.22663640975952 1.12012839317322 1.03248560428619 1.12899911403656 1.11443984508514 1.36451101303101 1.72893261909485 1.64708280563354 1.9543319940567 2.11095404624939 2.42719650268555 2.32241821289062 2.39075303077698 2.63435840606689 2.85522222518921 2.94728565216064 2.88750529289246 2.85020279884338 2.83772492408752 2.71503090858459 2.61683773994446 2.53318643569946 2.50869464874268 2.3957986831665 2.23752880096436 2.20845985412598 2.36198306083679 3.33996415138245 3.2857563495636 3.07421588897705 3.12946319580078 4.41917610168457 5.01120185852051 2.89885640144348 3.181321144104 3.75377011299133 3.95007514953613 4.35865259170532
6.52750253677368 3.69961380958557 3.94059348106384 3.63672995567322 2.41021656990051 1.30988824367523 1.00694000720978 1.02112150192261 1.1463451385498 1.13482630252838 1.25939953327179 1.21101033687592 1.28969216346741 1.50961887836456 1.68156659603119 2.06078243255615 2.14213013648987 2.00685477256775 2.22544264793396 2.42913818359375 2.65927815437317 2.83853316307068 2.90367794036865 2.9561665058136 3.01812958717346 2.97815752029419 2.87855553627014 2.74840331077576 2.7300763130188 2.69986724853516 2.59612464904785 2.58765125274658 2.50337505340576 2.37571144104004 2.42281770706177 3.50626969337463 3.07212948799133 2.88792252540588 3.20507621765137 2.88581776618958 2.51520705223083 2.83106398582458 3.45006036758423 3.63485550880432 4.09806442260742
7.26527214050293 5.38519668579102 3.11127543449402 2.41060948371887 2.14256525039673 1.67525994777679 1.58030843734741 1.42601382732391 1.22038614749908 1.21411621570587 1.36318731307983 1.33086740970612 1.42247366905212 1.55974066257477 1.90832853317261 2.1563093662262 2.03247809410095 2.0768837928772 2.29272675514221 2.71323156356812 2.62256193161011 2.69993734359741 2.85361289978027 2.94219136238098 2.99954700469971 3.06614828109741 3.03462481498718 3.00907230377197 3.00812339782715 2.85786914825439 2.82328844070435 2.80248808860779 2.70777630805969 2.57279682159424 2.46254801750183 2.44964480400085 2.9571361541748 2.48463702201843 3.34871912002563 3.24356818199158 2.55993366241455 2.6436779499054 3.0320155620575 3.31385016441345 3.76868391036987
5.99880838394165 4.39085149765015 3.18651390075684 2.84904193878174 2.71829509735107 2.46294236183167 2.32584047317505 1.83649897575378 1.53413617610931 1.30606782436371 1.35868299007416 1.42502546310425 1.49400329589844 1.65805149078369 1.77249431610107 1.86892139911652 1.98884069919586 2.14602208137512 2.32978272438049 2.49182295799255 2.54265284538269 2.64014887809753 2.72467947006226 2.78156876564026 2.94129014015198 3.042640209198 3.12149333953857 3.19876790046692 3.17282605171204 3.14106488227844 3.12022876739502 2.96961307525635 2.87714862823486 2.79395389556885 2.79548740386963 2.7268168926239 2.66004490852356 2.48010039329529 2.48141241073608 2.50080919265747 2.57266187667847 2.6532576084137 2.88917255401611 2.9873583316803 3.29785656929016
6.43646049499512 5.37661600112915 4.19141864776611 3.32581949234009 3.21772408485413 2.91018104553223 2.90099239349365 2.62872385978699 2.03968286514282 1.7845938205719 1.60770380496979 1.41573119163513 1.54756855964661 1.66438031196594 1.80135476589203 1.95342457294464 2.40065145492554 2.26353931427002 2.39833188056946 2.49610257148743 2.52568817138672 2.58220624923706 2.63149690628052 2.72984027862549 2.81365299224854 2.9821891784668 3.09636878967285 3.17529368400574 3.27230429649353 3.35461235046387 3.30619978904724 3.18545866012573 3.04739832878113 3.03531360626221 3.02213597297668 2.98013639450073 3.05819058418274 2.92913126945496 2.70616388320923 2.52208709716797 2.48446130752563 2.57632756233215 2.90516924858093 2.96925711631775 3.08042407035828
5.8925929069519 6.23363971710205 4.5357985496521 3.60415029525757 3.53486251831055 3.36740183830261 3.35103487968445 3.08561277389526 2.74501085281372 2.59465193748474 2.08494234085083 1.989426612854 1.75501728057861 1.74380314350128 1.88917982578278 2.07143807411194 2.25274729728699 2.40896606445312 2.50989151000977 2.56937503814697 2.57618498802185 2.57891392707825 2.618577003479 2.67851376533508 2.78045010566711 2.87287735939026 2.94354200363159 3.13549852371216 3.25998139381409 3.34325170516968 3.42699599266052 3.3747398853302 3.38200616836548 3.37284398078918 3.22899651527405 3.25615048408508 3.30432534217834 3.27943396568298 3.21296310424805 3.04222393035889 2.73680710792542 2.64867663383484 2.74334406852722 2.80931305885315 3.06477355957031
5.77824544906616 6.626877784729 5.57958126068115 3.98267936706543 3.66756176948547 3.65836358070374 3.66332101821899 3.51283359527588 3.27992272377014 3.34101629257202 3.05568647384644 2.91015315055847 2.36387705802917 2.1885974407196 2.03073072433472 2.18020606040955 2.3435366153717 2.45043659210205 2.5430314540863 2.5890781879425 2.60726308822632 2.65059876441956 2.66412258148193 2.66533255577087 2.72956132888794 2.80106854438782 2.91720700263977 3.01770567893982 3.09568667411804 3.29732298851013 3.40977787971497 3.50649523735046 3.62147402763367 3.58955574035645 3.60898947715759 3.63047814369202 3.53947257995605 3.58421325683594 3.5570809841156 3.36550569534302 3.1808078289032 2.96114921569824 2.77616238594055 2.82709503173828 2.93996453285217
6.72454881668091 6.61543035507202 6.62216997146606 5.37453889846802 3.83409690856934 3.72460174560547 3.73272609710693 3.80502271652222 3.84835720062256 3.94697141647339 3.7006688117981 3.72366046905518 3.42958164215088 3.24684405326843 2.51891231536865 2.20631074905396 2.31079816818237 2.41430616378784 2.58343648910522 2.58647418022156 2.74456286430359 3.3426251411438 2.86227917671204 2.68239068984985 2.71095967292786 2.78230452537537 2.85718941688538 2.93357062339783 3.05996346473694 3.15668249130249 3.37431812286377 3.5127387046814 3.63252210617065 3.7641499042511 3.89022564888 3.87839388847351 3.94474315643311 3.96448349952698 3.80878782272339 3.66262245178223 3.56281924247742 3.50256371498108 3.34102725982666 3.12567281723022 2.99065971374512
8.21455383300781 8.22189140319824 7.10232830047607 6.26427602767944 5.19934558868408 3.59175038337708 3.68108820915222 3.84325313568115 4.06366682052612 4.24354219436646 4.33387851715088 4.41621923446655 4.17861843109131 4.19475793838501 3.78018474578857 2.86860179901123 2.57673120498657 3.9044828414917 3.87892651557922 2.47999358177185 2.68345308303833 2.62978029251099 3.33561706542969 2.66464948654175 2.76045560836792 2.81406664848328 2.84610104560852 2.91648983955383 2.99470949172974 3.13020181655884 3.24286818504333 3.34767556190491 3.61474347114563 3.77095913887024 3.90245747566223 4.08218479156494 4.24541568756104 4.23244524002075 4.1664252281189 3.99894642829895 3.93535470962524 3.87073588371277 3.79569292068481 3.74581956863403 3.61279916763306
9.11093711853027 9.43402290344238 9.07090950012207 8.10036754608154 7.35203123092651 5.44753694534302 3.84552717208862 3.7484245300293 4.03460741043091 4.28607416152954 4.50846862792969 4.69633102416992 4.88015556335449 4.93476486206055 4.48223733901978 4.02951383590698 3.9246199131012 4.0579891204834 2.63805603981018 2.31253027915955 2.4377224445343 2.93110060691833 3.89278173446655 2.6296272277832 2.7269332408905 2.83054161071777 2.92038559913635 2.96321129798889 2.99715852737427 3.07699346542358 3.16002678871155 3.32991313934326 3.47605657577515 3.60652899742126 3.90562272071838 4.097984790802 4.26476764678955 4.47159957885742 4.41191244125366 4.45184421539307 4.40830850601196 4.2542896270752 4.21171426773071 4.14067935943604 4.07548046112061
9.1087646484375 10.24973487854 10.550407409668 10.5680503845215 9.88307952880859 8.60318088531494 7.86298179626465 6.11934423446655 6.06208658218384 4.05766296386719 4.39586782455444 4.75711250305176 5.06926155090332 5.28019380569458 5.25170993804932 5.08289098739624 5.10175371170044 4.41523790359497 4.11152744293213 2.94779777526855 2.33919858932495 3.12624192237854 2.83368110656738 2.52658987045288 2.72533702850342 2.85759949684143 2.93605518341064 3.01619553565979 3.05648231506348 3.10271716117859 3.1798210144043 3.28395509719849 3.39511680603027 3.59735035896301 3.76171493530273 3.92716145515442 4.2737512588501 4.49971771240234 4.65302085876465 4.77450466156006 4.71070337295532 4.78122425079346 4.72475957870483 4.57188892364502 4.49596977233887
7.74597120285034 9.25529098510742 11.7221460342407 11.9323806762695 12.1138820648193 11.9031448364258 11.652081489563 12.3708343505859 12.0339193344116 7.97129821777344 3.88394999504089 4.47139167785645 4.96438217163086 5.44208669662476 5.64248609542847 5.96242809295654 6.00999546051025 5.75728416442871 5.57802438735962 4.86647081375122 3.61807608604431 3.68656134605408 2.81839847564697 2.46517539024353 2.63777494430542 2.77659177780151 2.94496035575867 3.04207992553711 3.11826038360596 3.20657062530518 3.23697185516357 3.30526733398438 3.41192770004272 3.54217171669006 3.67655062675476 3.9300844669342 4.12313508987427 4.49897432327271 4.67453479766846 4.81564331054688 4.99123048782349 5.14049673080444 5.07714223861694 5.14121723175049 5.05353403091431
6.62649345397949 7.88238143920898 10.5333251953125 11.8191108703613 13.9642648696899 14.8290948867798 14.4342250823975 15.9900846481323 12.1797866821289 5.38061046600342 2.94423913955688 3.93825340270996 4.52130794525146 5.15770721435547 5.82498264312744 6.31174659729004 6.4763298034668 6.81898212432861 6.72884750366211 6.2459397315979 5.56280422210693 5.65636777877808 4.27890062332153 3.92031764984131 3.55632448196411 2.84475231170654 2.8377673625946 3.03133749961853 3.16547060012817 3.24319005012512 3.32420992851257 3.40980505943298 3.44768810272217 3.54537773132324 3.69013619422913 3.85063719749451 4.1410984992981 4.34600448608398 4.55132818222046 4.85589933395386 5.01872444152832 5.21285724639893 5.39264059066772 5.54994440078735 5.42624807357788
5.81633138656616 7.10857439041138 8.52678680419922 10.259783744812 12.5109081268311 13.8315362930298 18.5000419616699 12.6296472549438 9.81498432159424 2.51167440414429 2.4833037853241 3.05277347564697 3.97386789321899 4.92758417129517 5.58016729354858 5.95431566238403 6.68879175186157 7.08914804458618 7.34074783325195 7.47107696533203 7.98723554611206 7.79845285415649 7.00618934631348 7.05751085281372 6.58209562301636 6.9868106842041 7.15795707702637 5.66919708251953 4.23093938827515 3.25472402572632 3.38072037696838 3.44742655754089 3.55680108070374 3.66377973556519 3.71746397018433 3.89609456062317 4.12234258651733 4.30653190612793 4.58505868911743 4.72588300704956 4.91526746749878 5.25453519821167 5.43620491027832 5.66564178466797 5.83606481552124
