slauniainen/Data/DEM/Vihti_dsm1500b_cl_horizonAngle_174.asc
NCOLS 196 
NROWS 178 
XLLCORNER 353680 
YLLCORNER 6699024 
CELLSIZE 16 
NODATA_value -3.4e+38 
[rows 120 to 139 of 178, columns 92 to 137 of 196]
7.68169069290161 12.6001586914062 6.36561012268066 7.45001077651978 6.27364873886108 7.68019866943359 9.89308071136475 11.5974569320679 11.9568481445312 11.7111730575562 10.1275806427002 9.45869636535645 7.94165086746216 7.9065580368042 8.31416893005371 7.54318857192993 7.46285057067871 7.44155263900757 6.17635011672974 6.227219581604 8.36092376708984 11.9804773330688 9.10078430175781 15.3263998031616 12.3012161254883 11.8009233474731 13.6959466934204 23.0150890350342 18.7508296966553 20.1284580230713 32.5390625 16.3947582244873 18.8207626342773 21.5416431427002 27.2858238220215 31.9107112884521 24.9797859191895 16.1694068908691 16.3865165710449 26.3328285217285 36.3804206848145 34.3042297363281 28.3916435241699 29.1964511871338 28.3968353271484 20.0347480773926
2.8432240486145 5.29327630996704 23.3702983856201 8.8600606918335 6.69368410110474 8.52493858337402 10.5067138671875 11.3969841003418 12.9135942459106 12.5763635635376 12.0310945510864 10.6989479064941 9.09359169006348 8.33049201965332 8.7157621383667 7.90772151947021 7.85790014266968 7.82567262649536 6.69197177886963 6.48852348327637 9.93509387969971 10.1924381256104 10.0419855117798 10.7686891555786 9.01930809020996 11.2631521224976 17.76513671875 11.8592844009399 21.2548522949219 24.0200099945068 17.2877616882324 13.9164724349976 19.7864837646484 23.7192630767822 19.7561779022217 22.5650463104248 19.9661426544189 16.9072113037109 20.0641193389893 21.2436676025391 30.4535179138184 43.1899833679199 36.5782737731934 35.5643424987793 39.3673133850098 25.553747177124
14.5087938308716 6.61263704299927 7.21123933792114 10.0028848648071 7.15166330337524 7.78438186645508 11.3139495849609 12.3844289779663 13.8638229370117 13.5768222808838 12.9165563583374 11.8951444625854 10.3222827911377 9.40125942230225 9.42294311523438 8.31252288818359 8.59023666381836 8.24530029296875 7.00199794769287 8.04616641998291 9.04557704925537 11.1388559341431 13.6173830032349 9.26263523101807 18.7027626037598 15.0565948486328 9.61416053771973 9.30788612365723 27.3531303405762 21.366117477417 27.1950435638428 16.7295246124268 19.9635562896729 23.3855533599854 12.0458250045776 11.9619188308716 17.4071044921875 8.45911026000977 12.4014205932617 10.7647180557251 18.1290588378906 28.2129936218262 41.5023880004883 38.9159202575684 34.4256896972656 34.2252655029297
3.24449157714844 6.5132360458374 13.4566192626953 10.6875095367432 8.39669895172119 8.48758125305176 12.0852060317993 13.5726985931396 14.655611038208 14.7499198913574 13.9445266723633 12.8627347946167 11.4894552230835 10.5137882232666 10.2126903533936 9.31520938873291 9.43643760681152 9.01184463500977 7.3371148109436 7.8618688583374 9.14475345611572 24.2534084320068 24.9455509185791 9.41966724395752 8.62475204467773 11.1226348876953 9.72225189208984 8.44875907897949 22.0011692047119 20.6816577911377 16.8200550079346 19.7525100708008 10.6583795547485 9.65076065063477 10.4781980514526 8.37621116638184 8.66489410400391 8.58545303344727 20.8345565795898 11.9448232650757 7.54608535766602 11.992377281189 23.8743419647217 44.8451843261719 16.6874504089355 39.256965637207
3.65000677108765 6.81729602813721 9.20026779174805 10.317455291748 14.336277961731 10.3878402709961 14.9253931045532 14.9943904876709 15.9026203155518 16.1352005004883 15.1462421417236 14.0888967514038 12.4270009994507 11.3659973144531 10.8033246994019 10.1315689086914 10.0430450439453 9.9127140045166 8.87850761413574 9.33997058868408 12.6574783325195 11.9194431304932 17.9091796875 9.55546951293945 10.1005191802979 9.56488418579102 10.1680393218994 12.0443620681763 5.60740041732788 8.22843265533447 22.012451171875 11.2067203521729 11.4879274368286 13.7304239273071 8.50298309326172 7.2826886177063 9.98551368713379 9.30918407440186 4.37552118301392 3.87820386886597 8.0395975112915 20.9207153320312 26.5110397338867 6.01210165023804 18.3820152282715 16.073429107666
6.4262490272522 8.34790992736816 10.7847766876221 10.861439704895 11.6266174316406 10.6306686401367 18.7971172332764 16.4990062713623 17.5703582763672 17.786153793335 16.5624370574951 15.5561151504517 13.6119613647461 12.3678302764893 11.4554834365845 10.8970899581909 10.6850862503052 10.8155975341797 10.2610807418823 9.66035556793213 18.5318012237549 20.641544342041 8.55928802490234 9.84969806671143 10.2312297821045 13.1716413497925 10.7842788696289 8.26256656646729 9.59716796875 8.74577236175537 10.8278484344482 11.4632139205933 13.6822185516357 14.0397920608521 9.46667289733887 7.41755771636963 11.4195327758789 8.97129821777344 6.87154769897461 13.3960590362549 11.7010049819946 6.31119632720947 4.25717782974243 8.75517463684082 17.0902805328369 20.3084182739258
4.14189434051514 9.04649639129639 10.8117942810059 13.1259117126465 12.1344242095947 24.2149982452393 25.9006462097168 18.3341865539551 19.5658512115479 19.1325054168701 18.250659942627 17.3596744537354 15.044605255127 13.5431604385376 12.2996234893799 11.764669418335 11.171760559082 11.2197885513306 10.6212615966797 8.22848415374756 6.90136575698853 6.49703884124756 8.64561080932617 12.9770736694336 9.62412738800049 11.0286531448364 11.2603788375854 10.8841772079468 10.5210304260254 16.036527633667 15.5419425964355 14.7502069473267 14.9963798522949 20.3721523284912 20.4455642700195 7.69588232040405 11.8307037353516 15.5620603561401 20.6972770690918 21.7044830322266 15.6869096755981 11.1828136444092 11.5173282623291 11.0933666229248 15.4710035324097 5.38696908950806
5.31833362579346 10.6946821212769 12.9315004348755 21.853006362915 13.9545373916626 15.1099328994751 28.5782833099365 19.7039623260498 21.8560733795166 21.5367698669434 20.3126373291016 19.5999450683594 16.8697032928467 14.9700422286987 13.7601842880249 12.7700805664062 12.0792446136475 12.1016063690186 11.4477167129517 9.09386920928955 7.09308433532715 7.61380624771118 10.3914470672607 13.6789703369141 10.282280921936 11.3663148880005 14.7434854507446 17.8026828765869 18.8095893859863 21.5534191131592 26.0190334320068 35.3720626831055 20.0808296203613 18.158561706543 32.2413482666016 27.9146575927734 20.5229988098145 26.8435516357422 27.9681415557861 30.8986072540283 24.9447917938232 18.121675491333 13.7301435470581 17.8218364715576 16.6103401184082 6.76478672027588
5.98853397369385 12.009072303772 23.9479579925537 15.0825233459473 16.2013244628906 11.1681385040283 12.4993257522583 20.7537841796875 22.0664348602295 25.1129417419434 22.1796169281006 22.4708652496338 20.9422607421875 16.6854667663574 15.857629776001 16.1970291137695 13.3405876159668 13.1545486450195 12.4387893676758 12.084342956543 10.6952524185181 9.76328086853027 12.7439451217651 14.5658006668091 11.5020122528076 11.769268989563 19.6244316101074 18.04514503479 21.0532665252686 25.2589416503906 41.0298767089844 17.5702075958252 24.7922439575195 18.8913745880127 23.9262809753418 8.11264133453369 30.7559413909912 34.4608383178711 26.6965446472168 43.9795799255371 7.22319507598877 11.4952878952026 12.8374090194702 25.7725143432617 26.8471031188965 15.2598028182983
7.23090744018555 12.481086730957 13.0295782089233 34.755672454834 16.6995449066162 16.3999881744385 15.0381774902344 24.3988800048828 23.2816715240479 31.0118255615234 28.0046730041504 25.2416477203369 27.0775737762451 24.0887680053711 19.734037399292 21.1891956329346 19.1971054077148 15.3194169998169 13.8337917327881 16.5369110107422 7.82219362258911 8.80513763427734 19.2336502075195 17.7662658691406 12.0085191726685 11.9334001541138 15.3638858795166 17.4653263092041 14.2791328430176 14.4791927337646 15.6712713241577 20.8200912475586 14.8937692642212 31.1559753417969 30.7112426757812 18.0147228240967 21.5611267089844 35.1771354675293 30.142391204834 0.305073261260986 11.1642179489136 12.6725406646729 6.52309942245483 0.283535659313202 2.04792714118958 17.0428314208984
10.1692943572998 13.7026786804199 15.6356620788574 12.0507659912109 14.1051263809204 14.3238897323608 19.7998600006104 33.8569679260254 27.6897926330566 42.6227264404297 31.5115165710449 30.4176445007324 33.6835556030273 28.1835823059082 22.7014999389648 26.2298545837402 23.4182758331299 16.0278720855713 14.5949602127075 21.0771751403809 7.90073490142822 14.7803630828857 13.6572141647339 13.9253940582275 15.2812986373901 15.6223478317261 15.3191175460815 17.649206161499 17.8095397949219 14.6340465545654 16.4252529144287 28.6485176086426 24.4716014862061 8.60470581054688 3.4573802947998 12.295334815979 12.9105978012085 3.186115026474 -0.854181468486786 1.98503649234772 0.966866314411163 18.054027557373 0.201028034090996 0.845607578754425 8.22209548950195 19.1037445068359
11.1377868652344 19.3052387237549 20.8137130737305 27.2389183044434 29.9653415679932 21.2948989868164 15.9188947677612 13.5863819122314 24.0359230041504 26.1168098449707 46.0134658813477 40.0543518066406 42.5708923339844 31.5143737792969 25.117654800415 47.0396118164062 43.6431312561035 18.4661655426025 18.2190723419189 37.6506767272949 11.5948762893677 19.2973155975342 14.975715637207 16.1171531677246 20.3612384796143 15.6554841995239 19.0917339324951 21.9457912445068 27.729829788208 25.8629684448242 26.1211185455322 15.9041881561279 11.1537303924561 1.19921517372131 4.39204788208008 5.53752088546753 4.93524837493896 7.85964918136597 7.26962614059448 12.1501932144165 7.97441339492798 -1.98588955402374 1.11700236797333 0.895612299442291 4.2165265083313 35.9146537780762
17.2253608703613 25.8463172912598 26.2328872680664 32.7260704040527 41.7995338439941 14.2656211853027 16.9411296844482 18.9105091094971 34.4789123535156 23.7702503204346 32.8415336608887 31.2635917663574 26.1676044464111 41.9612045288086 29.5575523376465 15.8027114868164 13.0695524215698 33.6374359130859 36.5868644714355 8.41183280944824 25.9174995422363 28.4423789978027 11.6879844665527 21.1411819458008 15.829776763916 17.7227344512939 24.8847332000732 28.7966499328613 17.7065505981445 7.71536064147949 -0.682232618331909 -1.61606764793396 -0.374265640974045 3.60629916191101 10.5971612930298 13.1247444152832 6.4516749382019 8.98688793182373 10.049898147583 12.3402786254883 12.1698160171509 9.98356914520264 6.65806293487549 4.31337547302246 1.43945026397705 4.47156238555908
23.0625 29.9222965240479 37.9775276184082 47.5938186645508 23.809606552124 20.5781745910645 25.2674331665039 19.366907119751 10.9994144439697 23.0649070739746 33.9983825683594 31.2050323486328 34.4930191040039 19.3971366882324 18.1237335205078 18.7654819488525 29.6912670135498 18.4943313598633 18.9452152252197 12.6187448501587 10.0113458633423 7.47784805297852 26.0571022033691 13.9550256729126 28.2634983062744 11.5943098068237 11.7607612609863 12.4667692184448 8.90756130218506 0.122880376875401 1.90917789936066 5.87780380249023 2.79525089263916 12.4371423721313 20.0811462402344 18.8713874816895 10.3883905410767 9.98180961608887 12.7831134796143 28.1089000701904 28.3033046722412 4.47836589813232 6.87242364883423 3.1658935546875 23.5587005615234 4.53289604187012
23.7895030975342 43.7158813476562 35.8141975402832 18.4310836791992 30.3907470703125 23.8533897399902 12.6487216949463 20.5260848999023 8.14363479614258 13.8415040969849 7.2930121421814 21.3399829864502 12.693603515625 16.1650905609131 21.6095409393311 12.8440160751343 17.8895683288574 21.6549015045166 28.179407119751 19.6163864135742 11.7577714920044 12.7084140777588 11.0293312072754 17.8630542755127 10.032000541687 13.6517572402954 12.1303052902222 15.3812551498413 7.11374473571777 2.87682175636292 -0.90320211648941 15.0783548355103 1.54590857028961 0.117268718779087 -1.97809910774231 -2.12514162063599 -2.13400363922119 -2.18149542808533 18.0637588500977 -0.497505754232407 -1.48507010936737 5.55773496627808 -0.432573199272156 3.42209410667419 2.30340766906738 5.60665559768677
29.4563217163086 14.7880010604858 23.9359893798828 23.8524284362793 14.3648691177368 16.1179485321045 8.10897827148438 7.46611404418945 11.7388792037964 4.95143413543701 6.49313402175903 7.63710927963257 11.7553415298462 12.3148574829102 22.618257522583 27.9407558441162 16.5416851043701 18.873929977417 34.6919021606445 21.0965805053711 9.45962619781494 18.140962600708 9.99722957611084 12.5429182052612 13.1485090255737 11.0995826721191 8.36942577362061 25.9803581237793 16.0346946716309 -0.222139328718185 24.6308193206787 -1.78512501716614 -1.25621199607849 11.1400814056396 -1.86982238292694 -2.11622714996338 -1.61743950843811 -1.97586917877197 9.227783203125 3.0049102306366 0.566130518913269 -0.0438290238380432 0.491120129823685 17.2492580413818 9.60530948638916 23.2146110534668
33.0687294006348 17.0227222442627 35.221981048584 38.1484222412109 24.3801136016846 20.6364326477051 18.7245426177979 4.87405824661255 6.17935514450073 6.27703523635864 6.50656604766846 6.10399627685547 6.06734132766724 6.24218845367432 6.87769031524658 12.139012336731 20.4132328033447 26.6777305603027 32.1865119934082 20.4145011901855 8.19836711883545 6.4923243522644 19.5209064483643 6.80203056335449 5.80510997772217 14.1142578125 8.79353046417236 0.147373303771019 0.345592439174652 9.95764923095703 5.30552291870117 -1.36733531951904 8.58432579040527 -1.79944109916687 -1.66052627563477 -1.7448478937149 -1.43883383274078 -1.64453077316284 -2.01239824295044 11.1814203262329 6.2861328125 9.10073184967041 0.990817904472351 3.69029641151428 5.49704837799072 6.87367725372314
14.3415555953979 19.5833683013916 3.0062243938446 1.78898596763611 9.96865463256836 25.3902835845947 5.76421785354614 5.67878818511963 19.9696807861328 13.4971647262573 16.0205535888672 22.7088890075684 27.3878765106201 22.9804077148438 15.2024221420288 15.3646068572998 14.4916286468506 20.5529556274414 13.3639268875122 29.3101348876953 16.4895153045654 6.95240879058838 6.79713153839111 7.67314004898071 6.32221841812134 5.35364055633545 4.4512038230896 2.87991380691528 6.59991216659546 12.6457061767578 10.267315864563 4.26107692718506 -2.01614093780518 -1.76125657558441 0.304101765155792 -1.62978994846344 -1.30088794231415 1.03141379356384 17.4166374206543 -1.44727408885956 -0.934018015861511 1.46381318569183 1.7008615732193 3.71028971672058 8.08928489685059 17.9219760894775
22.0553913116455 20.004861831665 3.32782912254333 2.88841414451599 2.43198323249817 3.02468919754028 5.1222825050354 10.468355178833 8.99428844451904 14.1726093292236 16.5923328399658 10.5388927459717 8.05601406097412 7.50863122940063 19.3859977722168 20.6391582489014 14.1583337783813 9.69922924041748 12.9524698257446 19.282470703125 8.21494197845459 7.87863302230835 7.74615049362183 18.0365867614746 8.7227897644043 5.98630905151367 5.88983106613159 9.38099193572998 23.0853595733643 13.0391216278076 -0.165078833699226 -1.02116775512695 0.590636074542999 1.176673412323 6.12759160995483 5.56233310699463 -0.278385400772095 8.48175048828125 -1.48823821544647 11.5432024002075 6.77886295318604 2.42218255996704 1.38884937763214 6.81938552856445 8.71631145477295 12.0247936248779
12.3102550506592 3.41212582588196 5.32692670822144 7.8222279548645 13.6783885955811 5.73597860336304 6.66654443740845 6.44261837005615 9.66589260101318 11.3040342330933 10.3054227828979 10.2129096984863 10.3618955612183 17.8266887664795 7.02859783172607 4.75509357452393 17.9678344726562 10.6737432479858 5.37650728225708 9.90560436248779 12.9566993713379 17.0056037902832 8.41569995880127 6.96804141998291 22.4471569061279 6.50701665878296 15.6606388092041 9.62181854248047 -2.43614292144775 14.3298282623291 1.87651610374451 3.22341656684875 0.957031786441803 7.05881023406982 12.1552267074585 13.2743883132935 6.70796203613281 3.90834379196167 0.275147080421448 1.38435065746307 20.1869010925293 5.43262338638306 1.55126309394836 7.30241298675537 4.60629987716675 12.910493850708
