slauniainen/Data/DEM/Vihti_dem1500b_cl_horizonAngle_270.asc
NCOLS 196 
NROWS 178 
XLLCORNER 353680 
YLLCORNER 6699024 
CELLSIZE 16 
NODATA_value -3.4e+38 
[rows 120 to 139 of 178, columns 0 to 44 of 196]
1.68690609931946 1.55216383934021 1.09374463558197 0.890672087669373 0.72737318277359 0.64238965511322 0.595279932022095 0.579340934753418 1.41358959674835 6.2713942527771 7.91195774078369 6.57288312911987 5.62883043289185 5.01897525787354 4.55425500869751 4.11550807952881 3.75553488731384 3.56954121589661 3.11000847816467 2.72745418548584 2.32904362678528 1.97950553894043 1.67336630821228 1.42167246341705 1.20422852039337 1.02060997486115 0.897956848144531 0.812281131744385 0.711515605449677 0.627731382846832 0.553164005279541 0.465820580720901 0.395935952663422 0.328605204820633 0.267222881317139 0.20103457570076 0.13909487426281 0.084531269967556 0.0266518369317055 -0.017148470506072 -0.0639272332191467 -0.110271260142326 -0.146690890192986 -0.17141729593277 -0.195695295929909
1.64844763278961 1.59191918373108 1.41856253147125 0.986145377159119 0.793972611427307 0.69250100851059 0.631190836429596 0.596405386924744 0.660873472690582 4.80189180374146 6.57370567321777 6.15177345275879 5.53410339355469 4.90832328796387 4.41825199127197 3.97405004501343 3.62712740898132 3.46437883377075 3.08611798286438 2.6470685005188 2.23879432678223 1.9092618227005 1.5956357717514 1.34992277622223 1.10820174217224 0.895637273788452 0.748886823654175 0.649480819702148 0.573883235454559 0.502939879894257 0.428023964166641 0.352090120315552 0.276514500379562 0.21361842751503 0.16746361553669 0.104787178337574 0.0590702816843987 -0.00271431705914438 -0.0420836508274078 -0.0906147658824921 -0.138098701834679 -0.191863313317299 -0.227511242032051 -0.250777900218964 -0.273694664239883
1.7670134305954 1.52607452869415 1.47311568260193 1.23674118518829 0.873475730419159 0.74453067779541 0.655902326107025 0.592507600784302 0.57300877571106 3.41657161712646 4.22761583328247 4.652512550354 5.36324548721313 4.66003704071045 4.07395648956299 3.62407732009888 3.2894561290741 3.15739417076111 2.85480451583862 2.42296385765076 2.02410364151001 1.6978325843811 1.38077342510223 1.13307440280914 0.908735930919647 0.702746212482452 0.55696314573288 0.450797557830811 0.368084758520126 0.309217214584351 0.249020293354988 0.180109113454819 0.105216667056084 0.0453382395207882 0.00394469685852528 -0.0414637960493565 -0.0865584313869476 -0.139106184244156 -0.180387884378433 -0.223720163106918 -0.268922209739685 -0.317019373178482 -0.351589143276215 -0.377131044864655 -0.39375051856041
2.01425552368164 1.50183272361755 1.45161163806915 1.39193916320801 1.06590914726257 0.859283924102783 0.728270649909973 0.633158564567566 0.589681088924408 1.88585793972015 2.3252899646759 3.25736856460571 5.32926940917969 5.19739103317261 4.45029973983765 3.72206807136536 3.22874641418457 3.04301929473877 2.71918416023254 2.22255921363831 1.77002549171448 1.47237908840179 1.13218092918396 0.907252848148346 0.700647711753845 0.516777396202087 0.365070939064026 0.239855423569679 0.160904496908188 0.0952628403902054 0.0566886886954308 0.002530139638111 -0.0427404716610909 -0.0959531366825104 -0.150724589824677 -0.186201438307762 -0.223569989204407 -0.264452695846558 -0.304157763719559 -0.329170942306519 -0.376425504684448 -0.419662088155746 -0.454171150922775 -0.477362960577011 -0.49991163611412
2.14211368560791 1.66125524044037 1.59646940231323 1.54124462604523 1.44151091575623 1.10521769523621 0.93110203742981 0.799284875392914 0.728505551815033 0.726521193981171 1.11451900005341 1.99704849720001 3.84343242645264 5.20076465606689 4.59576940536499 3.78313374519348 3.29041433334351 3.01878142356873 2.69336700439453 2.09048938751221 1.56478011608124 1.24351632595062 0.862622380256653 0.622463464736938 0.437109112739563 0.260769993066788 0.126787081360817 0.0191626343876123 -0.0632543563842773 -0.121966175734997 -0.158861726522446 -0.193727180361748 -0.222240716218948 -0.267086327075958 -0.342492073774338 -0.373411774635315 -0.386353075504303 -0.419400036334991 -0.441466927528381 -0.460830420255661 -0.505054652690887 -0.543165922164917 -0.577855408191681 -0.59362131357193 -0.620463907718658
2.54141235351562 2.46598935127258 2.38395810127258 2.30947685241699 2.22737812995911 2.05118227005005 1.75593078136444 1.60834550857544 1.49076628684998 1.4494024515152 1.41916871070862 1.40594673156738 2.31982111930847 4.14459562301636 4.3865270614624 3.84882211685181 3.25484275817871 2.97080588340759 2.60241651535034 1.98091971874237 1.42225861549377 1.02126061916351 0.690622746944427 0.370610356330872 0.171063527464867 0.0103938402608037 -0.106418244540691 -0.216896936297417 -0.28980678319931 -0.333295822143555 -0.385832786560059 -0.405893534421921 -0.415355890989304 -0.445467442274094 -0.519223570823669 -0.572564780712128 -0.575578212738037 -0.589529573917389 -0.601850032806396 -0.621615350246429 -0.653595566749573 -0.693955898284912 -0.718056738376617 -0.731806397438049 -0.756092607975006
3.02168679237366 2.93339467048645 2.84789633750916 2.75611901283264 2.67252779006958 2.57667326927185 2.33858370780945 2.10132670402527 1.97958493232727 1.90027928352356 1.83426117897034 1.78032028675079 1.76348483562469 2.96491765975952 4.02199029922485 3.79030466079712 3.23296308517456 2.87101435661316 2.64000844955444 1.95477116107941 1.30591595172882 0.837617933750153 0.542246162891388 0.150249019265175 -0.037931714206934 -0.200189098715782 -0.312944322824478 -0.406497865915298 -0.473366349935532 -0.538495242595673 -0.562343776226044 -0.589848637580872 -0.60210120677948 -0.627237558364868 -0.684859454631805 -0.739037394523621 -0.78027880191803 -0.784363329410553 -0.53007584810257 -0.791656136512756 -0.811756491661072 -0.855047106742859 -0.871674478054047 -0.881892383098602 -0.90539276599884
3.17873573303223 3.09175944328308 3.0037693977356 2.91891622543335 2.84065270423889 2.75828886032104 2.65908408164978 2.4961154460907 2.29098105430603 2.13710594177246 2.04765701293945 1.95298886299133 1.91015684604645 2.24169826507568 3.18205142021179 3.29402232170105 2.94958138465881 2.71403050422668 2.47685575485229 1.76894068717957 1.1280699968338 0.675091981887817 0.369734853506088 -0.0299583449959755 -0.245390385389328 -0.399642527103424 -0.495379447937012 -0.528459906578064 -0.550166428089142 -0.581555783748627 -0.59859573841095 -0.622622787952423 -0.657971143722534 -0.692322552204132 -0.721621334552765 -0.772524297237396 -0.856860637664795 -0.911775887012482 -0.784548461437225 -0.914476871490479 -0.924065172672272 -0.965001285076141 -0.973152816295624 -0.994828939437866 -1.01118648052216
3.30683660507202 3.21497654914856 3.12376260757446 3.0372052192688 2.95757389068604 2.88181233406067 2.79691600799561 2.70123291015625 2.61962080001831 2.47988557815552 2.29022693634033 2.15477132797241 2.08042907714844 2.03771352767944 2.0600802898407 2.71654176712036 2.63028025627136 2.66054844856262 2.16250681877136 1.42023813724518 0.76174658536911 0.348962187767029 0.0102767022326589 -0.204630360007286 -0.416078805923462 -0.465612530708313 -0.496874272823334 -0.518787741661072 -0.544424653053284 -0.579244434833527 -0.596414387226105 -0.622222900390625 -0.653054654598236 -0.693248987197876 -0.721366167068481 -0.792202353477478 -0.862572312355042 -0.921542048454285 -0.947927176952362 -0.971966207027435 -0.998891830444336 -1.03261244297028 -1.07102119922638 -1.11449921131134 -1.14703714847565
3.42520904541016 3.32990980148315 3.24377536773682 3.15799522399902 3.07621550559998 2.99927377700806 2.92661714553833 2.8404974937439 2.75389957427979 2.66806149482727 2.58670878410339 2.4306526184082 2.30934810638428 2.03462624549866 1.65210366249084 1.78855955600739 2.34169602394104 3.42959809303284 1.63636195659637 1.00223076343536 0.329216063022614 -0.124309249222279 -0.249261051416397 -0.292228609323502 -0.386911004781723 -0.444332391023636 -0.47504585981369 -0.508571445941925 -0.535039365291595 -0.569930255413055 -0.602116823196411 -0.626841902732849 -0.665406346321106 -0.71454519033432 -0.753783822059631 -0.804992377758026 -0.845541894435883 -0.912000834941864 -0.962740540504456 -0.989552140235901 -1.01388251781464 -1.041952252388 -1.07106256484985 -1.10798799991608 -1.15956211090088
3.502521276474 3.40922164916992 3.32114028930664 3.23628878593445 3.15516066551208 3.07842755317688 3.00481700897217 2.92852425575256 2.84977793693542 2.76470065116882 2.67816925048828 2.61131858825684 2.47040867805481 2.15311217308044 1.71798646450043 1.20247411727905 1.35229027271271 2.26897668838501 0.608424067497253 0.0825940072536469 -0.0804189667105675 -0.16340360045433 -0.232409909367561 -0.296970307826996 -0.366179019212723 -0.441211879253387 -0.476768672466278 -0.513781249523163 -0.547380566596985 -0.578853666782379 -0.604868352413177 -0.635710179805756 -0.68078202009201 -0.734874665737152 -0.793510258197784 -0.818825781345367 -0.843614757061005 -0.894390046596527 -0.951306760311127 -1.00845551490784 -1.03407335281372 -0.878525674343109 -0.834316909313202 -1.10748648643494 -1.16757667064667
3.47210311889648 3.38282132148743 3.2972526550293 3.21473670005798 3.1368682384491 3.06255698204041 2.99153876304626 2.92389917373657 2.85721969604492 2.78715991973877 2.71490478515625 2.6129732131958 2.33397102355957 2.04217219352722 1.63784670829773 1.21912038326263 0.785417318344116 0.487378627061844 0.325076311826706 0.112208239734173 -0.0619741603732109 -0.147065877914429 -0.225933074951172 -0.295987784862518 -0.352679193019867 -0.442851126194 -0.483075737953186 -0.522137999534607 -0.562212526798248 -0.591841280460358 -0.615019798278809 -0.655265867710114 -0.704737663269043 -0.761539578437805 -0.81256890296936 -0.828146934509277 -0.847089231014252 -0.895042657852173 -0.9350945353508 -1.00514757633209 -1.00508213043213 -0.691195249557495 -0.586160063743591 -0.886196434497833 -1.1740266084671
3.30192232131958 3.22273683547974 3.14566016197205 3.06944298744202 2.99857187271118 2.93071627616882 2.86739706993103 2.80653071403503 2.74632668495178 2.64467644691467 2.53081011772156 2.38302230834961 2.18761157989502 1.84185767173767 1.3951141834259 1.1047031879425 0.774719715118408 0.495380401611328 0.442798465490341 0.291239678859711 0.101935379207134 -0.136004626750946 -0.223450556397438 -0.296442896127701 -0.359079480171204 -0.438973069190979 -0.487186282873154 -0.53398209810257 -0.572991013526917 -0.601070940494537 -0.632768034934998 -0.668534457683563 -0.731226801872253 -0.773190081119537 -0.819972455501556 -0.844068050384521 -0.87107789516449 -0.914374232292175 -0.955461859703064 -0.985034763813019 -1.04028737545013 -0.843767881393433 -0.66577684879303 -0.745821356773376 -1.13079357147217
3.09400796890259 3.01509118080139 2.94176864624023 2.87209343910217 2.80635643005371 2.74307608604431 2.68593692779541 2.62905526161194 2.57269501686096 2.46099758148193 2.29155969619751 2.11193084716797 1.93754470348358 1.62758302688599 1.26658415794373 1.0556161403656 0.729429423809052 0.618595123291016 0.584535181522369 0.520455420017242 0.381635963916779 0.0927992314100266 -0.206605926156044 -0.303054362535477 -0.386029779911041 -0.436363786458969 -0.499255567789078 -0.547749936580658 -0.596075534820557 -0.631393730640411 -0.660884499549866 -0.688887000083923 -0.73883992433548 -0.781932234764099 -0.830563724040985 -0.873580932617188 -0.91097104549408 -0.949960887432098 -0.977383434772491 -0.477227956056595 -0.82408744096756 -0.840135037899017 -0.673507571220398 -0.794586896896362 -1.02453231811523
2.83017683029175 2.76044321060181 2.69349431991577 2.6307213306427 2.57415413856506 2.51835322380066 2.46538162231445 2.41334438323975 2.32491636276245 2.20662951469421 2.08944034576416 1.87038314342499 1.6737916469574 1.37508523464203 1.15479493141174 0.978720903396606 0.693864464759827 1.09458220005035 0.660596191883087 0.599434494972229 0.525239884853363 0.301842451095581 -0.090480163693428 -0.291837126016617 -0.380439281463623 -0.438320130109787 -0.507050156593323 -0.563093423843384 -0.622812211513519 -0.660299181938171 -0.683931350708008 -0.717400372028351 -0.755810737609863 -0.798137962818146 -0.849192202091217 -0.903804957866669 -0.947285592556 -0.979413330554962 -0.511198759078979 -0.540873467922211 -0.593490362167358 -0.67727392911911 -0.797296643257141 -0.828940451145172 -0.897889494895935
3.0011305809021 2.80857133865356 2.49067997932434 2.38311743736267 2.33338356018066 2.2827205657959 2.23507881164551 2.16315746307373 2.07048916816711 1.95917224884033 1.78579330444336 1.58741450309753 1.42183041572571 1.22023451328278 1.06252884864807 0.91489177942276 0.680376052856445 0.672654211521149 0.651360392570496 0.609258949756622 0.557666182518005 0.407155245542526 0.0382670722901821 -0.239737942814827 -0.371129959821701 -0.456393033266068 -0.514543056488037 -0.585771977901459 -0.649887681007385 -0.688400626182556 -0.71399188041687 -0.743080615997314 -0.774639546871185 -0.822797536849976 -0.881512820720673 -0.927998542785645 -0.973430931568146 -1.00756585597992 -0.643690943717957 -0.253002226352692 -0.544868767261505 -0.58289098739624 -0.737958371639252 -0.848065435886383 -0.888805627822876
2.98547554016113 2.83615064620972 2.6025972366333 2.26752877235413 2.10232830047607 2.05666851997375 2.01322388648987 1.93690919876099 1.81434464454651 1.65851771831512 1.52970027923584 1.43557441234589 1.30665051937103 1.16807460784912 1.03021955490112 0.898347675800323 0.683330476284027 0.673758804798126 0.659465193748474 0.615766406059265 0.569585025310516 0.448247462511063 0.140619069337845 -0.178952112793922 -0.334796935319901 -0.446164220571518 -0.533618032932281 -0.615466415882111 -0.67925900220871 -0.727863311767578 -0.744503080844879 -0.693421602249146 -0.787685692310333 -0.836432993412018 -0.90003502368927 -0.95345550775528 -1.00506913661957 -1.04294073581696 -0.518629431724548 -0.454662501811981 -0.547077000141144 -0.590339660644531 -0.653380334377289 -0.80717933177948 -0.943883836269379
2.84162735939026 2.79081416130066 2.54462337493896 2.18894124031067 1.95321190357208 1.82892668247223 1.73540091514587 1.6312712430954 1.54853880405426 1.49482226371765 1.40868330001831 1.30016839504242 1.21010887622833 1.09513103961945 0.972383737564087 0.877925097942352 0.6749107837677 0.661384165287018 0.647390365600586 0.608733236789703 0.55692332983017 0.456527143716812 0.229863986372948 -0.110037408769131 -0.290180861949921 -0.409557044506073 -0.507813811302185 -0.608805537223816 -0.682304561138153 -0.732681095600128 -0.74045330286026 -0.770744740962982 -0.814651489257812 -0.864416658878326 -0.922288537025452 -0.982898890972137 -1.05250036716461 -1.07994413375854 -0.53294426202774 -0.429242044687271 -0.566277086734772 -0.581014037132263 -0.696481049060822 -0.718277454376221 -0.876434206962585
2.09958910942078 2.05263876914978 2.02022981643677 1.99200201034546 1.79522573947906 1.63016045093536 1.50347471237183 1.4172340631485 1.38521885871887 1.32879734039307 1.2447555065155 1.16746854782104 1.11236226558685 1.03755044937134 0.954215049743652 0.874351263046265 0.687441647052765 0.668390989303589 0.650063693523407 0.588589906692505 0.507413387298584 0.427359342575073 0.282983183860779 -0.037020493298769 -0.251689970493317 -0.384097635746002 -0.507168650627136 -0.607998728752136 -0.696166932582855 -0.748905122280121 -0.76662003993988 -0.81207138299942 -0.864132463932037 -0.91072815656662 -0.972492396831512 -1.03843021392822 -1.09768867492676 -1.14204144477844 -0.58060085773468 -0.146397963166237 -0.205710753798485 -0.307760804891586 -0.712502241134644 -0.387129217386246 -0.719668924808502
1.73568987846375 1.6963324546814 1.66215670108795 1.63281762599945 1.61046624183655 1.48685491085052 1.37462329864502 1.28556990623474 1.25685715675354 1.22295200824738 1.16841185092926 1.11047029495239 1.05394434928894 1.00879752635956 0.974611461162567 0.913238704204559 0.734206080436707 0.713008522987366 0.691457092761993 0.58438116312027 0.474208623170853 0.387570410966873 0.282765507698059 0.00494854478165507 -0.216715633869171 -0.352533578872681 -0.498513340950012 -0.596373200416565 -0.698534667491913 -0.766361832618713 -0.80422842502594 -0.853502988815308 -0.899672389030457 -0.935395300388336 -1.03249251842499 -1.11995029449463 -1.15972077846527 -1.20395457744598 -0.957967698574066 -0.0522099509835243 -0.1329425573349 -0.225099116563797 -0.520534873008728 -0.587312877178192 -0.630587697029114
