slauniainen/Data/DEM/Vihti_dsm1500b_cl_horizonAngle_6.asc
NCOLS 196 
NROWS 178 
XLLCORNER 353680 
YLLCORNER 6699024 
CELLSIZE 16 
NODATA_value -3.4e+38 
[rows 80 to 99 of 178, columns 0 to 44 of 196]
0.311324834823608 0.472799032926559 0.566766917705536 0.827630400657654 3.70573544502258 3.30613422393799 3.65423822402954 4.125657081604 2.59263849258423 3.01082181930542 2.50000667572021 2.06466627120972 1.95435702800751 2.10646533966064 2.03014850616455 2.56982326507568 2.99674129486084 3.55040049552917 5.13381052017212 6.04564666748047 5.19508361816406 5.29177093505859 5.0687198638916 6.77538156509399 7.34565830230713 7.85540008544922 5.16199064254761 7.7448582649231 9.88420677185059 6.89709138870239 7.617516040802 40.7539176940918 7.00609016418457 13.858546257019 14.6194381713867 2.36043286323547 1.40466332435608 1.38003385066986 2.13694453239441 2.18875336647034 3.4637439250946 4.13829135894775 5.43192291259766 5.87357378005981 5.09044218063354
0.138262271881104 0.390662223100662 0.509241163730621 0.740823805332184 3.46945714950562 3.38974237442017 3.83608651161194 1.8733868598938 2.32622385025024 2.71399307250977 2.18378043174744 1.97207736968994 1.86164176464081 1.98538541793823 1.98208594322205 2.41713333129883 1.77518725395203 4.03158283233643 4.89453554153442 5.78702306747437 4.98778200149536 5.10235261917114 4.5740180015564 6.28142356872559 7.07486486434937 7.47339296340942 4.87547779083252 6.60981607437134 8.61813640594482 6.00413942337036 9.12781143188477 22.9678344726562 5.24184656143188 10.4337673187256 9.69872379302979 2.11683583259583 0.815150082111359 0.978891372680664 1.90766906738281 2.1008038520813 3.27018713951111 5.00199413299561 5.02789783477783 5.566978931427 4.82818031311035
-0.0937817096710205 0.303178161382675 0.52851140499115 0.650807499885559 3.21528911590576 3.16666269302368 3.61437892913818 1.7003515958786 2.1413459777832 2.49762678146362 1.92628836631775 1.86683201789856 1.77269279956818 1.89483845233917 1.95517337322235 3.05316567420959 26.8167400360107 4.45728206634521 4.68650817871094 5.53426122665405 4.87926864624023 4.66965913772583 2.99778509140015 5.92694520950317 6.72421312332153 7.14299917221069 4.62478017807007 5.78285980224609 7.67736434936523 5.40574026107788 7.8140606880188 16.2942886352539 8.88925743103027 6.84287881851196 7.28846168518066 1.88360714912415 42.8209266662598 37.619800567627 1.81744146347046 1.74083316326141 3.60837745666504 4.76842451095581 4.58765840530396 5.19366359710693 4.59026956558228
-0.184409648180008 0.0401173867285252 0.408593565225601 0.630163431167603 3.06784272193909 3.01116633415222 3.41799545288086 1.53735589981079 1.95072758197784 2.30496907234192 1.84302926063538 1.78543519973755 1.73751878738403 1.8372848033905 2.25714683532715 2.01132082939148 14.057074546814 4.44405841827393 5.27838754653931 4.55237102508545 4.71567296981812 4.53747510910034 2.93292617797852 5.68601942062378 6.37233924865723 6.87567901611328 4.3988823890686 5.11724758148193 6.89286279678345 4.89918994903564 6.833083152771 12.7419853210449 7.64216613769531 6.28695392608643 1.58508920669556 2.24883008003235 24.7373142242432 20.7551097869873 1.74264764785767 1.44704222679138 3.36390829086304 4.5132040977478 4.451988697052 4.98737859725952 4.12555885314941
-0.262858390808105 -0.0388178378343582 0.224254280328751 0.493905961513519 2.88027215003967 2.82348227500916 3.15998387336731 1.38778972625732 1.82947766780853 2.18564224243164 1.74167513847351 1.75622892379761 1.89947605133057 2.17659425735474 2.19123339653015 1.91429364681244 9.76741695404053 4.29814100265503 5.10703134536743 4.41510009765625 4.56988096237183 4.39107465744019 3.04939842224121 5.46699380874634 6.0838737487793 6.62145090103149 4.21443653106689 4.58150005340576 6.23568820953369 4.47209453582764 10.73708152771 3.85629749298096 6.70123767852783 5.38667058944702 1.51161646842957 4.07844161987305 17.0268154144287 14.0948371887207 0.84671550989151 2.50568389892578 3.1673629283905 4.25228786468506 4.50482559204102 4.01844120025635 3.88444232940674
-0.310754030942917 -0.134754300117493 0.106605879962444 0.37514653801918 2.65904116630554 2.65088033676147 2.98303318023682 1.32005643844604 1.63898968696594 1.91318356990814 1.60571682453156 1.62407374382019 2.33165884017944 2.54980087280273 2.17796969413757 1.89735496044159 7.5683741569519 4.17258548736572 4.95979118347168 4.29744100570679 4.44244766235352 4.25305080413818 2.93500185012817 5.23584365844727 5.82356452941895 6.35813903808594 4.0532922744751 4.17095947265625 5.68764114379883 4.07883071899414 9.07753849029541 3.45034646987915 5.96180725097656 4.71843910217285 1.26395750045776 7.95727205276489 12.9530725479126 10.6411104202271 0.316202610731125 2.37461185455322 2.99518895149231 4.03604125976562 4.24790668487549 3.74068188667297 2.9258406162262
-0.323189944028854 -0.173664197325706 0.0757338255643845 0.348607897758484 2.49928212165833 2.50105381011963 2.85475420951843 1.503209233284 1.64093101024628 1.758420586586 1.50500404834747 1.58875012397766 1.88931024074554 2.98780512809753 3.78213739395142 5.94617986679077 2.75184035301208 3.96401762962341 4.80748128890991 4.1968412399292 4.33091259002686 4.13712739944458 2.83996796607971 5.51118516921997 5.21315622329712 6.09704637527466 3.90777921676636 3.85430431365967 5.23510313034058 3.73343944549561 7.83259534835815 3.12745642662048 5.38008642196655 4.2099437713623 1.24513804912567 10.4407033920288 8.38541984558105 0.256983757019043 0.295493513345718 2.24798250198364 2.83855319023132 3.82427310943604 4.02351808547974 3.53899693489075 2.7567777633667
0.601362407207489 -0.182311281561852 0.0366422049701214 0.26877573132515 2.3287136554718 2.37458682060242 2.73762321472168 1.42404282093048 1.67805421352386 1.3902416229248 1.42839395999908 1.57693421840668 1.68976259231567 1.94160175323486 2.15299463272095 4.96746492385864 2.69517517089844 3.88697028160095 4.64482545852661 4.05209398269653 4.21624088287354 4.03972053527832 4.77906227111816 5.30800008773804 5.7300853729248 5.01532363891602 3.78550291061401 3.61307263374329 4.8981294631958 3.47421360015869 6.90620040893555 2.86229848861694 4.93401527404785 3.90977001190186 1.18061852455139 8.79033946990967 7.03616952896118 0.237746000289917 0.272742033004761 2.13857579231262 2.707195520401 3.6504909992218 3.80649828910828 3.32621073722839 2.61277079582214
1.7452700138092 2.37848925590515 1.32955813407898 2.18782043457031 2.26162147521973 0.547038555145264 2.61019158363342 1.34073889255524 1.56956362724304 1.29609978199005 1.71550393104553 1.51712131500244 1.61759603023529 1.81728136539459 2.09400773048401 4.49841451644897 2.6733078956604 3.85551571846008 4.51136350631714 3.93347525596619 4.05103397369385 3.9123158454895 4.61254930496216 5.12504196166992 5.51475715637207 3.22208452224731 3.66962289810181 3.41966032981873 4.64233350753784 3.3015148639679 6.22581195831299 2.64390540122986 4.54933023452759 3.64032983779907 1.68525540828705 7.60623455047607 6.04685068130493 0.225345760583878 0.244091436266899 2.03932285308838 2.58659386634827 3.49319624900818 3.6033239364624 3.13949871063232 2.48627734184265
1.8726898431778 1.91824507713318 1.76819789409637 2.12344551086426 1.91129755973816 33.7143630981445 2.48698806762695 1.23160564899445 1.49137806892395 1.19693171977997 1.36584889888763 1.4687328338623 1.71709156036377 1.83952987194061 3.95416831970215 5.2547492980957 4.41348314285278 3.79540419578552 4.41625165939331 3.8363790512085 3.91686367988586 3.8247549533844 4.47591352462769 4.92968654632568 5.31482696533203 3.49808812141418 2.68909668922424 4.47809267044067 3.3447744846344 3.02017283439636 5.69208765029907 2.46551537513733 4.22029685974121 3.38829612731934 1.66491031646729 6.76117086410522 5.35297822952271 0.223878145217896 0.230314612388611 1.95799326896667 2.48169565200806 3.35432434082031 3.43562912940979 2.97585844993591 2.31875419616699
-1.00225841999054 2.16467213630676 1.86488437652588 1.69569909572601 1.44009375572205 18.4990615844727 0.888134002685547 1.17769646644592 1.408846616745 1.11737895011902 1.29939949512482 1.45039927959442 1.79180753231049 2.01107430458069 4.00410127639771 4.72532415390015 3.8600025177002 3.71049785614014 4.28431034088135 3.75786709785461 3.89421939849854 3.76253294944763 4.35444974899292 4.81997442245483 5.0979471206665 3.35742712020874 3.15654301643372 4.21337366104126 3.09523510932922 3.12589573860168 5.24022006988525 2.33009839057922 3.94468426704407 3.16177773475647 1.64718043804169 6.14061117172241 4.82386922836304 0.364932060241699 0.228055164217949 1.88190114498138 2.38961601257324 3.23220610618591 3.28647661209106 2.83282423019409 2.17840027809143
25.3573608398438 1.63950133323669 -1.00825595855713 10.6242237091064 13.2680835723877 12.3302793502808 0.829227268695831 1.12864136695862 1.34135317802429 1.06599235534668 1.1861127614975 1.37742555141449 1.68068945407867 1.7652313709259 2.89247035980225 4.17338037490845 3.18675088882446 3.64436602592468 4.21433973312378 3.75621628761292 3.83105373382568 3.43292832374573 4.22629880905151 4.67474794387817 4.9789571762085 3.26126646995544 2.84580540657043 3.97882580757141 2.93308877944946 3.64126133918762 4.85949039459229 2.20333337783813 3.69976449012756 2.9638090133667 1.63560509681702 5.70463848114014 4.45471143722534 0.49438413977623 0.285185366868973 1.81550931930542 3.10690903663635 2.82685208320618 3.15017867088318 2.6977961063385 2.04599761962891
5.55167531967163 0.314451932907104 27.3366184234619 5.29842615127563 6.67223978042603 9.27097129821777 0.761544287204742 1.10553824901581 1.30164992809296 1.06545865535736 1.11158049106598 1.29765439033508 1.61853861808777 1.7188720703125 2.22499990463257 3.83288335800171 3.52291417121887 3.55434823036194 4.1194167137146 3.69312381744385 3.58266997337341 2.30729651451111 4.11445474624634 4.55515909194946 4.88893556594849 3.15355443954468 2.71158957481384 3.69324898719788 2.75896525382996 3.4276077747345 4.50527238845825 3.59976720809937 2.61279940605164 2.76774287223816 1.61135756969452 5.33683395385742 4.20897388458252 0.993583619594574 0.314882218837738 2.23658490180969 3.01063418388367 2.72485613822937 3.02111744880676 2.56441473960876 1.92354571819305
-1.5060783624649 -0.20061382651329 13.7138271331787 -0.268202841281891 7.2628698348999 2.07307720184326 1.00113558769226 1.08888149261475 1.26230144500732 1.04564225673676 1.35496616363525 1.24179327487946 1.54755210876465 1.99000978469849 1.77493357658386 3.55467247962952 3.5048725605011 4.05276489257812 3.47360420227051 3.61222410202026 3.48904943466187 2.23163533210754 3.96744298934937 4.44661235809326 4.69244527816772 2.99612164497375 2.56820631027222 3.58468532562256 2.61497569084167 3.17953276634216 4.18866395950317 3.38548564910889 2.71171951293945 1.21479940414429 1.57228147983551 4.93868541717529 3.95522665977478 0.95218414068222 0.620662331581116 2.18449974060059 2.92334413528442 2.75447130203247 2.91596674919128 2.18331909179688 1.67049586772919
-1.66706025600433 -0.844310879707336 8.60077667236328 45.505931854248 5.85746431350708 1.98959100246429 0.807280421257019 1.01649689674377 1.21576356887817 1.09280061721802 1.37515842914581 1.22566485404968 1.48173379898071 1.92554032802582 1.72471368312836 3.30380654335022 3.41124868392944 3.96937680244446 3.43493723869324 3.58311533927917 3.47107934951782 2.36293792724609 3.87096428871155 4.28092670440674 4.4897985458374 2.87479472160339 2.43463134765625 3.41371178627014 2.53482294082642 4.04453134536743 1.92103481292725 3.18005800247192 2.54070568084717 1.18124723434448 1.90174961090088 4.53743600845337 3.66798710823059 0.884361863136292 1.72852408885956 2.13287472724915 2.84400033950806 2.8161346912384 2.37981176376343 2.10561943054199 1.51025056838989
1.3148045539856 -1.3641585111618 5.21920967102051 26.3964405059814 4.89013051986694 1.89017128944397 0.9002445936203 1.0538637638092 1.53065001964569 2.0007050037384 1.53236997127533 1.6626158952713 1.43615210056305 1.85800206661224 1.66009855270386 3.07798385620117 3.32824802398682 3.8617467880249 3.37152671813965 3.57237601280212 3.39304375648499 2.23326301574707 3.77361130714417 4.1287841796875 4.35557842254639 2.78405046463013 2.31332087516785 3.24793434143066 2.41765451431274 3.79761505126953 1.8506908416748 2.98486137390137 2.3602089881897 1.14406228065491 3.16344428062439 4.17473173141479 3.37439513206482 0.805592715740204 1.68920969963074 2.08752727508545 2.77664065361023 2.72768902778625 2.30874013900757 0.249173045158386 0.46363577246666
27.1931667327881 22.6964454650879 -0.310799062252045 14.3175783157349 4.26725816726685 1.87413597106934 0.933331072330475 1.74726259708405 1.46554136276245 1.85361957550049 2.54894185066223 2.47617673873901 1.41791665554047 1.80793535709381 2.6555187702179 2.34732675552368 3.23445224761963 3.75234198570251 3.31188249588013 3.50142216682434 3.30014538764954 2.23224449157715 4.04366445541382 3.7234902381897 4.24205493927002 2.70165657997131 2.20038938522339 3.09673953056335 2.29600262641907 3.57259488105774 1.74004971981049 2.84138584136963 2.25059342384338 1.05968856811523 3.95613718032837 3.18110203742981 0.645847022533417 0.629437386989594 1.64261591434479 2.04288268089294 2.71487832069397 2.66045498847961 2.23052906990051 5.55632209777832 -0.559044122695923
22.654727935791 13.7636671066284 11.527003288269 3.1883852481842 3.83176040649414 1.83913290500641 1.28289127349854 1.08658599853516 1.0786190032959 1.67701995372772 1.40653145313263 1.42821991443634 1.40504109859467 1.7558810710907 2.4199640750885 2.25778293609619 3.13701224327087 3.66837787628174 3.27234506607056 3.42692279815674 3.24590110778809 3.55861926078796 3.93969178199768 4.15286016464233 3.51255345344543 2.6208438873291 2.11367106437683 2.94665241241455 2.18384552001953 3.37022805213928 1.65909624099731 2.7093780040741 2.13607144355774 1.44659340381622 3.69921469688416 2.94471454620361 0.414913833141327 0.392368584871292 1.58530497550964 1.99458527565002 2.64854645729065 2.56051421165466 2.14137506484985 21.7369499206543 7.93195962905884
19.9207592010498 22.6348838806152 11.2883062362671 -0.365172207355499 -0.780093252658844 1.71749627590179 0.858597695827484 1.80471754074097 1.36692595481873 1.13226723670959 1.39595103263855 1.36710333824158 1.39811480045319 1.72806036472321 2.32670545578003 2.20910787582397 3.05576109886169 3.56920170783997 3.13663792610168 3.30746674537659 3.12452054023743 3.46202874183655 3.84215188026428 4.04780673980713 2.28122282028198 2.54829716682434 2.84964346885681 2.12279200553894 2.08662605285645 3.18551063537598 1.58804702758789 2.58277773857117 2.02000403404236 1.40702211856842 3.46799421310425 2.73543429374695 0.21747350692749 0.212408304214478 1.4993143081665 1.89182901382446 2.53708028793335 2.46373820304871 2.05778884887695 20.7885284423828 14.9759902954102
15.1486034393311 6.84061145782471 9.43925476074219 -0.846174776554108 -0.914298117160797 -1.14406824111938 0.589122354984283 0.994196176528931 0.984374284744263 1.09072041511536 1.26428472995758 1.76909863948822 1.69811606407166 1.7137531042099 2.2257673740387 2.15046834945679 2.96157455444336 3.47094917297363 3.05564546585083 3.20373106002808 3.05911660194397 3.37511539459229 3.74647164344788 3.94165396690369 2.51038002967834 1.9607766866684 2.72860264778137 2.03490304946899 2.03079724311829 3.01316976547241 1.50333762168884 2.45728516578674 1.91797149181366 1.37438678741455 3.25763821601868 2.54372072219849 0.189024105668068 0.152159839868546 1.36567723751068 1.75355207920074 2.42583656311035 2.36275815963745 1.97892212867737 13.8279008865356 2.94393825531006
