slauniainen/Data/DEM/Vihti_dsm1500b_cl_horizonAngle_42.asc
NCOLS 196 
NROWS 178 
XLLCORNER 353680 
YLLCORNER 6699024 
CELLSIZE 16 
NODATA_value -3.4e+38 
[rows 120 to 139 of 178, columns 0 to 45 of 196]
8.49633598327637 15.1095275878906 7.77095794677734 10.013035774231 6.06231546401978 2.140789270401 0.984325528144836 0.920738875865936 0.064182385802269 0.219395846128464 0.421880006790161 0.562607109546661 0.65495103597641 0.747245907783508 0.835046231746674 6.67261362075806 8.35310459136963 16.4811744689941 16.4311428070068 27.9960155487061 38.6579093933105 14.4255485534668 7.6818733215332 5.13687038421631 5.06263828277588 8.81461143493652 1.12680387496948 1.86459016799927 3.21822667121887 4.20374584197998 0.255886048078537 0.716455519199371 1.4324346780777 9.62059593200684 0.714193284511566 0.0740830451250076 0.57399982213974 1.38282692432404 4.0616455078125 3.11471676826477 2.08488464355469 1.21856498718262 1.63511919975281 4.32809925079346 5.14349889755249 5.69954586029053
9.21716976165771 14.5308074951172 14.7371129989624 8.2129487991333 5.1031346321106 3.48939752578735 2.08555507659912 0.376853942871094 0.0980329886078835 0.217002302408218 0.378645777702332 0.529231607913971 0.659218192100525 0.76127290725708 1.18370270729065 6.98030662536621 12.1872682571411 13.4462289810181 16.4785785675049 22.5182876586914 38.2694129943848 28.5732574462891 7.09625005722046 2.10873889923096 1.82312607765198 7.34237146377563 12.1118927001953 2.98225927352905 1.08489739894867 7.752845287323 0.613819479942322 0.473220258951187 0.734834432601929 2.98479175567627 1.35291862487793 0.426847815513611 0.516003847122192 1.47820818424225 3.9117271900177 1.99126696586609 1.09611141681671 1.55012965202332 1.55975139141083 4.80143594741821 5.25310373306274 4.38484907150269
7.81020355224609 10.0762338638306 15.6070690155029 13.7685766220093 7.75175476074219 5.88844013214111 4.3168625831604 2.25808358192444 0.16658291220665 0.247610583901405 0.358241736888885 0.486669957637787 0.637383460998535 0.752302527427673 5.95285129547119 9.66669082641602 10.3437013626099 13.370813369751 15.9536933898926 22.3357563018799 24.9731369018555 6.36011934280396 7.91385555267334 6.79579019546509 0.968861281871796 4.96237564086914 2.82043147087097 9.31795024871826 11.8608283996582 7.18004846572876 3.93489837646484 9.07122230529785 3.39032030105591 0.061619408428669 2.26662659645081 4.28475284576416 -0.143005833029747 0.0290850102901459 0.169403478503227 0.895492434501648 1.1303037405014 1.50268161296844 4.28551530838013 4.88756799697876 4.0640926361084 1.38447153568268
7.84247159957886 8.31174278259277 10.7061100006104 15.4438371658325 10.4054384231567 7.24600648880005 5.39801597595215 3.12815833091736 0.231710731983185 0.286174774169922 0.35395422577858 0.444391280412674 0.582808196544647 5.02315187454224 6.59182739257812 8.91259765625 10.2146511077881 12.3801136016846 15.8375358581543 17.8672676086426 38.5373382568359 33.1911430358887 7.88784170150757 4.28364229202271 0.72548496723175 2.3421483039856 0.851652503013611 6.64184761047363 1.63363933563232 0.445129960775375 2.09946823120117 0.693095862865448 8.17826652526855 1.45814597606659 3.87894678115845 6.87386512756348 10.5967559814453 -0.374305933713913 -1.33644092082977 1.12476968765259 1.45016729831696 4.04921913146973 4.59460687637329 4.37523651123047 1.30861592292786 1.17368257045746
6.46771097183228 7.48084402084351 8.39837265014648 9.87950134277344 13.0725507736206 8.21964740753174 6.49260807037354 4.22228384017944 1.30847859382629 0.346453130245209 0.383993029594421 0.437052577733994 4.01353645324707 5.58900356292725 7.73259019851685 8.79418182373047 10.1823558807373 12.4489116668701 13.9643287658691 22.6171035766602 26.4971408843994 41.3697357177734 28.0447959899902 32.8680686950684 2.19520688056946 10.3844203948975 4.61923694610596 0.87549751996994 11.8111972808838 19.2009944915771 19.3618259429932 12.1845417022705 1.41435098648071 4.22953319549561 9.68301677703857 11.4335565567017 -0.446881532669067 6.54304361343384 -0.716589093208313 -1.26350629329681 3.57620167732239 4.15254926681519 4.41300678253174 1.41241014003754 1.2346111536026 0.898747146129608
5.79480075836182 6.3694486618042 6.89110326766968 7.68594694137573 9.92346858978271 6.54376459121704 6.98127174377441 5.4420337677002 2.56322169303894 1.54295861721039 0.429333180189133 3.44797897338867 4.68295097351074 6.52589416503906 7.51556062698364 8.71624279022217 9.38674068450928 11.3201551437378 16.0239315032959 19.0782032012939 24.4151992797852 29.4813899993896 19.8662643432617 5.09356117248535 10.272632598877 3.60192060470581 3.774906873703 11.3630294799805 8.98750972747803 15.7519559860229 5.55626153945923 8.23425388336182 10.9378309249878 11.1716566085815 2.57017660140991 8.03904438018799 10.9744939804077 6.59514474868774 7.64989137649536 0.827481031417847 3.97319722175598 4.18380832672119 3.42572999000549 1.20149612426758 1.06151628494263 0.826095163822174
5.13256406784058 5.42058849334717 5.845374584198 6.39197826385498 8.31521606445312 10.3168678283691 6.34625148773193 5.83689069747925 3.95070695877075 2.87832164764404 3.28753876686096 4.23781776428223 5.65706634521484 6.35047912597656 7.36308717727661 7.96289443969727 9.43035507202148 12.0014886856079 14.9820070266724 17.6012210845947 20.7045459747314 28.5576858520508 41.4880599975586 9.4731969833374 6.63202524185181 9.3794116973877 4.79059410095215 7.21533489227295 10.0209121704102 12.1859922409058 24.5716514587402 10.6193695068359 14.3764247894287 5.12689924240112 0.7744961977005 1.69860184192657 4.31402730941772 -0.0556059405207634 11.9962339401245 1.65662527084351 3.99609661102295 3.24513339996338 1.15367782115936 1.03696620464325 1.10893797874451 0.648780882358551
4.62960815429688 4.91656112670898 5.03372764587402 5.5185341835022 6.25398921966553 8.26890563964844 10.3090696334839 8.37646389007568 4.09388828277588 4.02035093307495 4.15281343460083 5.24594163894653 5.63668251037598 6.34008836746216 6.72147274017334 7.94777154922485 9.37363624572754 11.8812608718872 13.7497701644897 16.3459033966064 18.0393028259277 25.1741981506348 37.4922065734863 7.9781379699707 5.00511980056763 2.70194005966187 0.824698507785797 4.99380493164062 3.00078105926514 4.50272703170776 6.78010892868042 5.62227010726929 5.02533674240112 3.39695978164673 0.142685636878014 3.58343005180359 -0.0828088745474815 0.908558249473572 6.40399503707886 1.70415997505188 0.126924887299538 -1.65237462520599 -1.0778820514679 -1.53153538703918 -1.68028438091278 10.4023332595825
4.16347217559814 4.2809362411499 4.54986953735352 4.72794342041016 5.12284135818481 5.82196474075317 6.68661069869995 9.39319038391113 9.59800815582275 6.15839147567749 5.71880674362183 5.40513277053833 5.78179788589478 5.8893837928772 6.77781677246094 7.12279415130615 8.48222351074219 10.937479019165 13.4670143127441 15.0168991088867 18.0096874237061 21.6854095458984 38.8375053405762 31.286678314209 15.2845678329468 1.01039803028107 1.8704754114151 2.01130652427673 3.4228675365448 3.80825018882751 2.60532093048096 3.67076396942139 15.4197902679443 19.2593040466309 1.78594636917114 2.82046842575073 1.25358498096466 1.00931453704834 1.16559016704559 0.958399772644043 -2.02692604064941 3.512131690979 0.803112387657166 -1.74411904811859 6.70161914825439 1.4842494726181
3.69520950317383 3.84103846549988 4.02622413635254 4.19747352600098 4.37527322769165 4.59232950210571 5.3494758605957 5.49467754364014 5.81438684463501 6.73935890197754 8.78724956512451 5.5200309753418 5.6794958114624 6.15934467315674 6.36379480361938 6.97773170471191 8.96621799468994 10.0517501831055 12.1450471878052 14.228835105896 15.5228796005249 22.8164691925049 26.2344207763672 37.921085357666 22.1985092163086 0.557584881782532 0.520183145999908 1.52557277679443 0.360374748706818 0.731023192405701 2.75875997543335 1.55052101612091 3.20772790908813 1.29928541183472 4.69782876968384 5.18318223953247 6.2119779586792 0.826386094093323 0.0417435951530933 6.8575267791748 0.353480249643326 8.24699974060059 4.64151000976562 4.1757116317749 3.75656008720398 2.53225255012512
3.33367347717285 3.40347123146057 3.55709648132324 3.72120499610901 3.63746666908264 3.70556640625 3.87944579124451 4.18923425674438 5.10947608947754 5.35360670089722 7.42203950881958 5.67610645294189 6.9317421913147 6.30486917495728 6.42056512832642 7.83855724334717 8.35856246948242 10.4977979660034 11.757194519043 12.2509803771973 16.4201145172119 18.8599281311035 21.9735069274902 36.2967414855957 29.1544151306152 11.7806243896484 1.02337181568146 5.52909755706787 2.02327466011047 1.85334122180939 1.33714509010315 1.46803450584412 6.90183067321777 0.862228095531464 0.81247091293335 4.83793449401855 3.86316895484924 1.44931328296661 4.15435171127319 1.89891922473907 4.57849264144897 1.81455612182617 3.69986152648926 0.462668746709824 6.60611391067505 12.6206741333008
2.96935391426086 3.08239984512329 3.15303063392639 3.17460775375366 3.21874332427979 3.20871615409851 3.33078241348267 4.16650533676147 5.07297945022583 5.39246606826782 5.36483383178711 5.80337142944336 5.94066047668457 6.04843759536743 7.37573671340942 7.62281322479248 9.19024562835693 10.4364242553711 10.6148824691772 12.876672744751 14.9941692352295 15.8008594512939 21.4762439727783 34.7292633056641 41.3907508850098 10.8356647491455 4.56344747543335 2.22812390327454 0.552564322948456 0.821302950382233 -0.703359842300415 -0.551527500152588 1.81978821754456 1.41537809371948 3.80089497566223 3.75700736045837 1.58309805393219 3.27960276603699 2.27259635925293 3.84012055397034 6.29754447937012 3.68669247627258 -0.327224940061569 1.51209139823914 4.31832027435303 9.0009593963623
2.71155953407288 2.73226809501648 2.69381618499756 2.72286033630371 2.71507096290588 3.13462233543396 3.88208699226379 4.66917848587036 5.04827690124512 5.06355285644531 5.44112777709961 5.60609912872314 5.66444110870361 6.75103092193604 6.8599157333374 8.18229293823242 9.28039836883545 9.25325012207031 10.7073907852173 12.4844999313354 13.2106351852417 17.0736827850342 23.3208065032959 27.4900321960449 42.6860389709473 21.3131542205811 2.04916262626648 2.97340512275696 12.6317110061646 2.05314207077026 -1.21867692470551 0.675242722034454 -1.38361239433289 0.544606149196625 7.69955968856812 10.8690786361694 2.58366417884827 0.983110964298248 6.79104709625244 16.9589443206787 14.8208436965942 9.07766723632812 2.06307649612427 2.75459814071655 6.05232048034668 1.36305904388428
2.40915322303772 2.3503041267395 2.35269403457642 2.34537887573242 2.95854449272156 3.58989906311035 4.39555406570435 4.60294771194458 4.8750171661377 5.04980182647705 5.26066780090332 5.28175210952759 6.27487230300903 6.35279369354248 7.39292478561401 8.39162921905518 8.08468532562256 8.52063369750977 9.85937595367432 11.6456985473633 14.5096788406372 18.6466903686523 19.9451122283936 25.6657371520996 31.3810806274414 26.166576385498 14.2512607574463 0.814484775066376 3.80110788345337 9.39259243011475 0.250642448663712 4.77433109283447 1.66881358623505 0.84929621219635 1.5793182849884 1.5821807384491 -0.058212511241436 1.17168462276459 6.09860563278198 6.07390069961548 16.1136112213135 13.1328172683716 1.55766868591309 4.12346935272217 14.7524147033691 2.22425246238708
2.10926842689514 2.08016037940979 2.06821799278259 2.80053853988647 3.40343332290649 4.15034770965576 4.33193016052246 4.57222652435303 4.7042293548584 4.76870679855347 5.0794825553894 5.83180093765259 5.91665887832642 6.76779174804688 7.64693069458008 7.24217844009399 7.762779712677 8.66243267059326 10.194899559021 10.8442306518555 16.0411033630371 16.2264709472656 18.8100490570068 19.3709354400635 29.3804969787598 40.534595489502 11.6137208938599 0.935501158237457 2.09964871406555 -0.156584173440933 2.56103253364563 0.401623457670212 2.45937871932983 1.02462339401245 -1.1835663318634 -0.00964661221951246 5.20571660995483 2.34359407424927 2.02873110771179 8.86958408355713 9.49460315704346 19.7368259429932 2.44597816467285 5.7696738243103 26.2370700836182 12.3925609588623
1.86313712596893 1.86245143413544 2.66506028175354 3.23074913024902 3.93280696868896 4.0893669128418 4.30257606506348 4.23947095870972 4.53724098205566 4.76593017578125 5.41716575622559 5.52376413345337 6.27688503265381 7.04460000991821 6.51448345184326 7.16783714294434 7.60085439682007 8.94232845306396 9.59200572967529 11.8318023681641 14.8311796188354 15.670316696167 15.8405237197876 20.5234756469727 24.3248958587646 40.3917007446289 33.2873764038086 1.52251219749451 -0.808596193790436 1.07498610019684 1.21312141418457 0.771077752113342 0.406580865383148 10.0456380844116 9.19685935974121 2.77584934234619 1.99366199970245 1.70502305030823 3.50085949897766 3.40354871749878 10.2854881286621 10.1891479492188 5.01166963577271 0.932991802692413 5.59417819976807 9.45717334747314
-1.09424519538879 2.53527545928955 3.08398604393005 3.73786211013794 3.87336778640747 4.06135320663452 3.98843479156494 4.25265216827393 4.48261642456055 5.04256916046143 5.15235567092896 5.80604267120361 6.56587743759155 5.99943351745605 6.642258644104 6.85687208175659 7.90657091140747 8.52980709075928 10.3656759262085 12.7960166931152 13.2854509353638 13.9268207550049 16.9828433990479 18.152250289917 24.6434535980225 29.2279777526855 30.7024784088135 21.5830383300781 6.43917894363403 1.94337749481201 0.511732518672943 8.61820125579834 4.00161790847778 0.168362885713577 2.3730902671814 0.994201242923737 16.8951454162598 3.26202535629272 2.48640513420105 1.98770678043365 1.59835422039032 1.57231903076172 3.38911128044128 1.29842400550842 0.369163811206818 9.28317070007324
0.373255044221878 0.72572910785675 1.13969218730927 3.68180680274963 3.85143184661865 3.76948142051697 4.00517416000366 4.23523378372192 4.4907488822937 4.86211395263672 5.37699699401855 6.09888029098511 5.53728771209717 6.21111488342285 6.29977083206177 7.14273309707642 7.65052556991577 9.18204593658447 11.1776475906372 11.1442394256592 12.1195678710938 14.579683303833 15.1646919250488 18.5107288360596 21.5343036651611 30.7577648162842 39.919548034668 11.0611038208008 19.118803024292 1.08287119865417 1.32171750068665 2.81807351112366 10.8496856689453 5.97355318069458 2.74971699714661 -0.0434101931750774 2.11386203765869 9.29694080352783 2.99097609519958 3.66391849517822 10.1337966918945 0.965437531471252 1.14604258537292 -0.371900856494904 1.62175250053406 3.72073030471802
0.706504225730896 0.765375554561615 1.05740189552307 1.70380651950836 3.56291174888611 3.78735399246216 4.01999759674072 3.97465896606445 4.56330585479736 5.00078344345093 5.67687225341797 5.10178661346436 5.79972505569458 5.82072448730469 6.48875856399536 6.99540185928345 8.28365230560303 9.93634033203125 9.89235401153564 10.4514188766479 11.0251426696777 13.2839555740356 15.4764595031738 17.7078876495361 22.7715663909912 24.1062088012695 40.6297149658203 8.13789844512939 4.51648902893066 4.35203313827515 1.1450572013855 3.48109793663025 0.331747323274612 2.42152309417725 9.25496673583984 0.851411461830139 0.332279026508331 0.266912519931793 0.274398654699326 0.103291302919388 0.814234375953674 0.334397524595261 6.8997745513916 0.308665663003922 1.3367006778717 1.26663887500763
13.1769771575928 0.956785440444946 1.30396401882172 0.947049617767334 0.534170210361481 1.09065806865692 3.76298975944519 4.30315446853638 4.39298677444458 4.83433389663696 5.48212671279907 5.08311414718628 5.60181522369385 5.95444583892822 6.4069676399231 7.53820562362671 8.95311450958252 8.91004371643066 9.26064300537109 9.65854167938232 11.4730682373047 12.8952302932739 15.3843870162964 18.7961864471436 18.9367733001709 24.9083480834961 39.5865783691406 37.6732063293457 18.7773723602295 7.72206687927246 14.5789175033569 19.2905120849609 6.99158191680908 4.31754350662231 8.53922176361084 7.03690528869629 9.37400531768799 5.70256567001343 8.13107967376709 5.03183364868164 10.2104663848877 4.89320373535156 19.3617610931396 14.8904409408569 8.85434436798096 2.65221428871155
