slauniainen/Data/DEM/Vihti_dem1500b_cl_horizonAngle_126.asc
NCOLS 196 
NROWS 178 
XLLCORNER 353680 
YLLCORNER 6699024 
CELLSIZE 16 
NODATA_value -3.4e+38 
[rows 40 to 59 of 178, columns 45 to 89 of 196]
0.118392042815685 0.123052030801773 0.125223010778427 0.117582097649574 0.0999297052621841 0.159758925437927 0.469578921794891 0.65910392999649 1.11006593704224 1.80934345722198 2.59827184677124 1.22888600826263 0.587509155273438 0.410266548395157 0.669727981090546 1.21200037002563 1.56991720199585 1.1087634563446 1.21414864063263 1.31091725826263 1.46332144737244 1.70074856281281 1.81905055046082 2.09156370162964 2.23986744880676 2.6666693687439 2.80963754653931 2.87959313392639 2.76406168937683 2.624098777771 2.42129516601562 2.40872740745544 2.66170930862427 2.78728294372559 2.87304544448853 2.94074106216431 3.0122606754303 3.03804230690002 3.0013415813446 2.92445707321167 2.92350339889526 2.71089649200439 3.07638597488403 3.05993914604187 3.10386872291565
0.466614812612534 0.469647347927094 0.533174932003021 0.566284239292145 0.617757499217987 0.678429841995239 0.675195932388306 0.887783765792847 1.16037309169769 1.67150270938873 1.96834099292755 0.480232119560242 0.213971301913261 0.540065288543701 1.04679870605469 1.09996128082275 1.14843809604645 1.19069266319275 1.24351930618286 1.30596673488617 1.36413407325745 1.53012156486511 1.68027186393738 1.89850759506226 2.11812615394592 2.29998087882996 2.82063555717468 2.89160633087158 3.05825638771057 2.93113160133362 2.77459692955017 2.70562863349915 2.61284017562866 2.72776746749878 2.86954784393311 2.95754528045654 2.98755359649658 3.04674434661865 3.12221693992615 3.09369707107544 3.1703143119812 3.20910692214966 2.93322777748108 3.14714121818542 3.75716757774353
0.824522793292999 0.872355759143829 0.916953861713409 0.91750830411911 1.21653616428375 1.22062969207764 1.07716870307922 0.861801505088806 0.784130096435547 0.823593080043793 0.967291295528412 0.212666362524033 0.204739511013031 0.773098111152649 1.48405277729034 1.57258713245392 1.47060692310333 1.47086751461029 1.45958089828491 1.44108390808105 1.47156083583832 1.52938580513 1.60663819313049 1.69611823558807 1.92715966701508 2.05532646179199 2.41456508636475 2.73213505744934 2.9968729019165 3.17783379554749 3.06081008911133 3.1178925037384 2.95860576629639 2.71856427192688 2.79537963867188 2.95236134529114 2.95841836929321 3.05450916290283 3.14094209671021 3.21822500228882 3.20270991325378 3.25217318534851 3.64396548271179 3.36001491546631 3.83740544319153
1.17603158950806 1.23777651786804 1.24322438240051 1.64565348625183 1.76557719707489 1.84168875217438 1.77558493614197 1.32060420513153 1.00798416137695 1.08405494689941 1.21147525310516 0.858332872390747 0.207306414842606 0.94782555103302 1.59213185310364 1.80634343624115 1.80581843852997 1.78085684776306 1.74964642524719 1.69749581813812 1.69348526000977 1.73312604427338 1.76056694984436 1.74448800086975 1.71934044361115 1.86470282077789 2.11592149734497 2.45299816131592 2.59129428863525 3.13039994239807 3.30630731582642 3.38587141036987 3.27803945541382 3.08815121650696 3.07196974754333 2.99223971366882 2.93781709671021 3.03973984718323 3.13779592514038 3.18328928947449 3.24369525909424 3.29448533058167 3.73812794685364 4.4694185256958 4.28475427627563
1.82003951072693 1.8228440284729 1.92796266078949 2.78611707687378 3.66696619987488 4.20573043823242 4.04733991622925 3.45390439033508 2.85896468162537 1.82788419723511 0.672520697116852 0.618657052516937 0.20268689095974 0.998404324054718 1.60315823554993 1.84799671173096 1.96065247058868 1.99019038677216 1.94998443126678 1.90425503253937 1.89660835266113 1.91527855396271 1.96928215026855 1.97699022293091 1.85227537155151 1.73776209354401 1.82870781421661 2.18176317214966 2.41961359977722 2.6834352016449 3.25097918510437 3.33977890014648 3.57918310165405 3.43063402175903 3.55037426948547 3.37888121604919 3.16389799118042 3.01751899719238 3.13077735900879 3.13245344161987 3.31307005882263 3.47066211700439 3.59846377372742 4.62928581237793 6.01556348800659
2.65056562423706 4.22522354125977 3.92200016975403 2.86376309394836 2.30323696136475 1.43191242218018 0.806608378887177 0.277288675308228 0.133599519729614 0.144003450870514 0.499375551939011 0.739690959453583 0.218281522393227 0.845027923583984 1.56153225898743 1.86225688457489 2.01320695877075 2.12088108062744 2.1406102180481 2.11733222007751 2.11105847358704 2.18205213546753 2.41745352745056 2.35037994384766 2.05106210708618 1.89789259433746 1.7552375793457 1.86963355541229 2.15686082839966 2.30449032783508 2.73832583427429 3.15430951118469 3.51265478134155 3.73974084854126 3.85835456848145 3.75271677970886 3.58593416213989 3.35985469818115 3.10794806480408 3.10941576957703 3.22988629341125 3.78194713592529 3.73319220542908 4.30765008926392 6.25572824478149
1.71301448345184 2.93226552009583 1.15821993350983 0.381132870912552 0.343858927488327 0.234672501683235 0.0878930166363716 0.0949890613555908 0.121086299419403 0.13876847922802 0.1528110653162 0.157164022326469 0.22746142745018 0.566431641578674 1.33787536621094 1.80035495758057 2.00490808486938 2.15601372718811 2.27059459686279 2.32794547080994 2.39751005172729 2.47678971290588 2.59203481674194 2.58737683296204 2.4167902469635 2.10206985473633 1.93690121173859 1.89783227443695 1.91871774196625 2.05751872062683 2.3790545463562 2.8238673210144 2.99226450920105 3.68249034881592 3.79661774635315 4.07656526565552 3.98558068275452 3.803546667099 3.86607766151428 3.62807631492615 3.22295117378235 3.40638089179993 3.88413786888123 4.38283061981201 5.80001449584961
2.78879594802856 3.32468104362488 0.566772639751434 0.206371039152145 0.111536331474781 0.0393291004002094 0.0667182579636574 0.0891311764717102 0.12143262475729 0.138575255870819 0.147452548146248 0.164896637201309 0.158024400472641 0.270280003547668 0.896482586860657 1.58030664920807 1.92831552028656 2.1010479927063 2.24986624717712 2.44530844688416 2.58645033836365 2.66464567184448 2.72574353218079 2.66784930229187 2.65451669692993 2.48143863677979 2.15203499794006 2.16543126106262 2.0193784236908 1.89501905441284 2.05342721939087 2.49342560768127 2.77640771865845 3.11768698692322 3.54419636726379 4.01305627822876 4.3267297744751 4.24317026138306 4.46953392028809 4.22729158401489 3.86653757095337 3.53432631492615 4.02132177352905 4.76745510101318 5.49100589752197
4.14079856872559 2.14356732368469 0.259419292211533 0.0958151444792747 0.00374782620929182 0.00575533835217357 0.0400718674063683 0.0890851244330406 0.12212996929884 0.135810300707817 0.135315641760826 0.158638700842857 0.183460012078285 0.189007848501205 0.49719962477684 1.11079752445221 1.67328584194183 1.99594163894653 2.24535322189331 2.3753399848938 2.5135383605957 2.65231704711914 2.73572659492493 2.80349230766296 2.7393217086792 2.71952199935913 2.65078163146973 2.58917760848999 2.22892570495605 2.0612895488739 2.0554187297821 2.11735868453979 2.46659827232361 2.70044541358948 3.15958976745605 3.45351052284241 4.25585222244263 4.60287714004517 4.81705093383789 4.77023553848267 4.50466299057007 4.14701890945435 4.07364511489868 4.36262845993042 6.2936897277832
4.32101154327393 0.851466655731201 0.222067251801491 0.0410776287317276 -0.00179663836024702 -0.0522655062377453 0.015239154919982 0.0610782913863659 0.0856281071901321 0.119834087789059 0.143655687570572 0.159411758184433 0.184529766440392 0.186279714107513 0.322794795036316 0.744428336620331 1.27487206459045 1.75922167301178 2.07986831665039 2.30249667167664 2.4420747756958 2.58449411392212 2.73133182525635 2.81305766105652 2.88057994842529 2.8104510307312 2.85338163375854 2.84301161766052 2.63716816902161 2.31825685501099 2.33262133598328 2.16416239738464 2.19871091842651 2.39952397346497 2.80384349822998 3.13457036018372 3.67453289031982 4.52842617034912 4.71850490570068 5.15897512435913 5.13830184936523 4.84905815124512 4.91944408416748 4.48398399353027 5.57302761077881
2.83631157875061 0.617374658584595 0.423805445432663 0.423264861106873 -0.0874388441443443 -0.0722446963191032 -0.0516858510673046 -0.00516765750944614 0.0423104465007782 0.0930485278367996 0.136993765830994 0.156211987137794 0.224240571260452 0.174123093485832 0.191681742668152 0.503074109554291 0.997540414333344 1.39045083522797 1.81511974334717 2.14461636543274 2.36736965179443 2.50820422172546 2.66438817977905 2.81034255027771 2.88866686820984 2.95767068862915 3.00691175460815 2.93280386924744 2.91280770301819 2.87167811393738 2.77088451385498 2.41628456115723 2.27123093605042 2.20851993560791 2.39095711708069 2.78412246704102 3.05870032310486 3.82180333137512 4.37990045547485 5.0730562210083 5.56994390487671 5.57363605499268 5.86417818069458 5.31069755554199 4.73796129226685
1.79988372325897 0.584914445877075 0.239500030875206 -0.0219030492007732 -0.0896261557936668 -0.0740660727024078 -0.0675932615995407 -0.0102343549951911 -0.000249313918175176 0.183430358767509 0.0947481989860535 0.150859326124191 0.147397384047508 0.160526990890503 0.18280340731144 0.333705544471741 0.735499501228333 1.13022613525391 1.43299686908722 1.88675653934479 2.22564101219177 2.44991660118103 2.58204817771912 2.72804975509644 2.83542084693909 2.94275760650635 3.02972030639648 3.08622741699219 3.03274297714233 3.08397769927979 3.05494213104248 2.88867378234863 2.52078199386597 2.34807062149048 2.30822086334229 2.45883512496948 2.6871702671051 3.25199460983276 3.90439605712891 4.45197582244873 5.49539709091187 6.05601692199707 6.40979433059692 6.3853178024292 5.68577527999878
1.10542333126068 0.483725905418396 0.16565166413784 0.0752244740724564 -0.0176421664655209 -0.0477378256618977 -0.0172065384685993 0.00683609070256352 0.0921802371740341 0.161600425839424 0.0399594902992249 0.0668494924902916 0.109642907977104 0.154818579554558 0.181060045957565 0.419223874807358 0.978145599365234 0.806452870368958 1.16647160053253 1.4940699338913 1.97043681144714 2.313063621521 2.33659029006958 2.56392168998718 2.70139384269714 2.8830258846283 3.03667116165161 3.10839176177979 3.20794034004211 3.23209166526794 3.17849016189575 3.19923162460327 2.98582315444946 2.63385677337646 2.65773940086365 2.46887278556824 2.48490524291992 2.77345681190491 3.47516870498657 3.89412331581116 4.83736276626587 5.95805406570435 6.40861797332764 7.05148839950562 6.91290283203125
1.47311496734619 1.03603029251099 1.0841611623764 0.349667638540268 0.214313939213753 0.173353314399719 0.0664677247405052 0.213298484683037 0.180194512009621 0.0370952263474464 0.0195845440030098 0.0253536608070135 0.068629153072834 0.181266307830811 0.516010105609894 1.65427315235138 0.409924805164337 0.550312459468842 0.846875011920929 1.21736252307892 1.54689705371857 1.89327156543732 2.06841778755188 2.42627000808716 2.65829730033875 2.80620455741882 2.94925570487976 3.07365417480469 3.2048032283783 3.27288150787354 3.35838389396667 3.32288026809692 3.29181146621704 3.26883125305176 3.183434009552 2.76084613800049 2.57567667961121 2.46291136741638 2.96360969543457 3.45152640342712 3.93696331977844 5.03878211975098 5.77439069747925 7.15074110031128 7.74810934066772
1.38958060741425 1.77300536632538 2.43411946296692 1.61887156963348 1.25723254680634 0.47479635477066 0.266144782304764 0.325477510690689 0.192992061376572 0.0334209948778152 0.0306004602462053 0.0735665634274483 0.162228226661682 0.657618701457977 1.16930437088013 1.65639638900757 0.389900714159012 0.449053823947906 0.580418586730957 0.887356400489807 1.26085352897644 1.52137577533722 1.63643980026245 2.14109063148499 2.51751756668091 2.55951070785522 2.81927061080933 2.95741248130798 3.13547825813293 3.29992008209229 3.41731905937195 3.49030733108521 3.44296050071716 3.5589919090271 3.51431202888489 3.2991156578064 2.87854528427124 2.7348198890686 2.70709919929504 3.04873061180115 3.34724879264832 4.2889552116394 5.15478134155273 6.30166673660278 7.75181865692139
1.76343274116516 2.02012848854065 3.61571836471558 1.26935875415802 0.427127540111542 1.25214445590973 0.90542072057724 0.503211855888367 0.314017415046692 0.111621521413326 0.0482428334653378 0.0371983014047146 0.530604660511017 1.3269966840744 2.08166766166687 0.701088666915894 0.235180556774139 0.416421592235565 0.478272259235382 0.604925811290741 0.912485122680664 1.14745473861694 1.32188415527344 1.68208158016205 2.05781626701355 2.2614414691925 2.65542578697205 2.93759536743164 3.08143401145935 3.26513457298279 3.45437955856323 3.54145073890686 3.64815306663513 3.74202823638916 3.6810736656189 3.65012836456299 3.44877552986145 3.07304072380066 3.1083025932312 2.90127730369568 3.09995198249817 3.60461950302124 4.59838962554932 5.15804290771484 6.57711696624756
1.99315512180328 0.907444179058075 3.97497081756592 1.32771956920624 0.582029044628143 0.953472971916199 0.469424068927765 0.901084721088409 0.97386771440506 0.544114768505096 0.236931085586548 0.0741054266691208 1.0079231262207 1.89800441265106 1.60201966762543 0.0418140105903149 0.0719254389405251 0.257601648569107 0.44670695066452 0.495932698249817 0.622417747974396 0.786864340305328 0.958084285259247 1.36836695671082 1.65941715240479 1.78958737850189 2.3363926410675 2.74058222770691 3.06488990783691 3.23684859275818 3.38954210281372 3.51434206962585 3.70727944374084 3.7828164100647 3.87341737747192 3.82909655570984 3.80915594100952 3.80135989189148 3.71854662895203 3.27087354660034 3.14714384078979 3.20582866668701 3.92493057250977 4.58071184158325 5.60221529006958
0.299276441335678 0.534121870994568 1.15507566928864 0.827936708927155 0.728489458560944 0.597503483295441 0.423933833837509 0.463161438703537 0.80744856595993 1.55941569805145 0.904802680015564 0.485840797424316 1.15795791149139 1.42540597915649 0.414861679077148 0.0470201000571251 0.0832867696881294 0.131503701210022 0.270637840032578 0.460509419441223 0.511671900749207 0.550112187862396 0.651343524456024 0.990871131420135 1.25571823120117 1.44698083400726 1.83386719226837 2.41605639457703 2.84666800498962 2.93253540992737 3.27329301834106 3.43893718719482 3.67751908302307 3.84633183479309 3.94576644897461 4.04070520401001 4.00665903091431 4.11574840545654 4.09959316253662 3.90834641456604 3.53295946121216 3.57174873352051 3.48765897750854 4.04641723632812 4.68139791488647
0.229856237769127 0.482429534196854 0.83441162109375 0.875908434391022 0.838417649269104 0.772440373897552 0.655300736427307 0.551721513271332 0.808433592319489 1.0960282087326 0.944579124450684 1.52277541160583 1.35843873023987 0.708901226520538 0.0795001015067101 0.0557899177074432 0.0870822966098785 0.133386000990868 0.148711279034615 0.276271969079971 0.406723260879517 0.503861486911774 0.706962883472443 0.745434761047363 0.860522627830505 1.03991627693176 1.4737069606781 1.89810431003571 2.31620287895203 2.57272553443909 3.07365894317627 3.40543127059937 3.58017492294312 3.82031321525574 4.01733589172363 4.12008094787598 4.22694206237793 4.33634805679321 4.32593011856079 4.3172287940979 4.36756181716919 4.27554988861084 3.78905606269836 3.6852593421936 4.14980983734131
0.156255945563316 0.466755002737045 0.894181132316589 1.25640523433685 0.882356703281403 0.882287502288818 0.840193033218384 0.826672852039337 0.671856939792633 0.613663792610168 0.745669066905975 0.954622089862823 1.02105867862701 1.73439490795135 0.854109227657318 0.173429355025291 0.0990364030003548 0.122707858681679 0.148386567831039 0.15646730363369 0.344746798276901 0.656626105308533 0.849723100662231 0.921030342578888 0.938715219497681 0.977109014987946 1.06357431411743 1.52997028827667 1.8732522726059 2.02713251113892 2.68025135993958 3.16331315040588 3.52933073043823 3.69086217880249 3.89604377746582 4.0778694152832 4.30608224868774 4.43245649337769 4.55653142929077 4.56531143188477 4.71715974807739 4.71909284591675 4.52741622924805 4.03301620483398 3.98369717597961
