slauniainen/Data/DEM/Vihti_dem1500b_cl_horizonAngle_24.asc
NCOLS 196 
NROWS 178 
XLLCORNER 353680 
YLLCORNER 6699024 
CELLSIZE 16 
NODATA_value -3.4e+38 
[rows 0 to 19 of 178, columns 0 to 44 of 196]
-0.277538299560547 -0.0414145216345787 1.14844238758087 2.49047017097473 3.35160088539124 4.60027599334717 6.18030405044556 10.1474771499634 11.6210041046143 6.13577795028687 1.45538723468781 2.71744847297668 6.42582559585571 6.222327709198 8.44253158569336 11.0855875015259 11.6712255477905 7.89873552322388 5.74117994308472 3.67148804664612 1.39790105819702 1.24609375 1.73801469802856 1.28071665763855 0.772443652153015 1.07757127285004 1.88627803325653 3.20633697509766 4.9915943145752 4.28536605834961 4.74468469619751 5.65226125717163 5.64898777008057 2.95667624473572 3.30534648895264 3.23140525817871 2.74789357185364 2.4157440662384 2.04962873458862 1.90736198425293 3.18074417114258 4.33548831939697 6.26810073852539 10.5858154296875 12.8931741714478
1.3667893409729 0.369125634431839 1.39508128166199 2.50513172149658 3.39213252067566 4.24873304367065 5.24414825439453 10.1765451431274 15.6146621704102 6.47504329681396 5.10786485671997 7.55878353118896 6.4251914024353 7.22300052642822 8.58559894561768 11.3781986236572 12.9288444519043 9.98494720458984 7.63100385665894 4.33304738998413 1.41268861293793 1.26657605171204 0.929783463478088 0.757824420928955 0.543482005596161 0.812237024307251 1.57302153110504 2.61190462112427 3.29374957084656 2.09901452064514 3.37423944473267 5.27670240402222 5.01824617385864 5.28364086151123 3.27534246444702 2.46792507171631 2.17675685882568 2.31215643882751 2.064448595047 2.37322545051575 3.98612976074219 4.33828592300415 8.62415981292725 11.7769384384155 15.085431098938
0.183130413293839 1.31122195720673 1.63045728206635 2.37746930122375 3.30907440185547 3.83126521110535 4.73821306228638 8.97531700134277 16.8012752532959 10.1366329193115 9.19926738739014 10.7536716461182 5.98973941802979 7.18174648284912 9.33037948608398 10.9280405044556 13.7825202941895 10.9873189926147 7.75849485397339 6.24553251266479 1.92398726940155 0.865932941436768 0.737033605575562 0.420574098825455 0.209047496318817 0.456450790166855 1.19067478179932 2.04628944396973 2.102055311203 2.21183896064758 2.29193997383118 3.84343481063843 4.32878303527832 3.46265959739685 3.04078841209412 2.32247400283813 1.97622358798981 2.23695850372314 2.92378568649292 4.03087997436523 4.42425155639648 7.84072923660278 10.5168466567993 13.776346206665 15.6124601364136
5.37922382354736 3.0858428478241 1.94470953941345 2.44700574874878 3.04550695419312 3.73532915115356 4.02529954910278 8.49320888519287 14.6661596298218 12.5956954956055 8.16304206848145 6.25133657455444 6.32106781005859 7.40958642959595 9.90295028686523 11.24365234375 11.9355926513672 10.8391580581665 8.36630630493164 6.55039167404175 2.41030597686768 0.842658042907715 0.662304699420929 0.0993825122714043 -0.285777688026428 0.108095325529575 0.85723203420639 1.62538576126099 1.905428647995 2.22475218772888 2.50360941886902 2.96042013168335 2.91723537445068 2.95816159248352 2.26044583320618 1.97835600376129 1.69101750850677 1.9687123298645 4.06390953063965 8.47002792358398 11.0760612487793 11.3401556015015 10.4282932281494 11.3500308990479 8.29171276092529
5.7092080116272 2.07486891746521 1.86047124862671 2.35066628456116 3.31394100189209 3.66329860687256 3.47962927818298 6.56654262542725 10.0724630355835 12.6957302093506 9.73193740844727 5.08686780929565 6.29506492614746 8.18751907348633 10.414511680603 11.0771951675415 10.4057588577271 10.1297359466553 9.46728610992432 7.75749921798706 4.13986253738403 0.623380362987518 1.28526270389557 0.0181191433221102 -0.356254875659943 -0.117789305746555 0.595413446426392 1.35061407089233 1.80713820457458 2.61398339271545 2.55069947242737 2.88347482681274 2.91002416610718 2.95001935958862 2.27431559562683 1.93807435035706 2.67783236503601 5.07251930236816 10.132417678833 13.2070293426514 13.1342697143555 14.320948600769 12.1151113510132 7.49086046218872 6.35603094100952
6.59669017791748 6.12072038650513 3.91067409515381 7.27413034439087 7.89728212356567 6.22956275939941 3.96942210197449 5.01551294326782 8.79894638061523 10.8663759231567 7.14258146286011 11.1872940063477 6.4191370010376 8.66115951538086 11.4467477798462 11.3943147659302 10.3321409225464 9.61145877838135 10.9681367874146 9.84768009185791 4.43557834625244 0.958771467208862 1.41717040538788 0.79090803861618 -0.381525009870529 -0.190725490450859 0.38303729891777 1.08888959884644 1.7157701253891 2.1352231502533 2.46788668632507 2.8654305934906 3.82448863983154 5.27123403549194 6.77502107620239 5.29480171203613 8.71269702911377 12.7884063720703 11.2659921646118 10.3852396011353 12.9800863265991 11.9333944320679 7.28749084472656 5.4310245513916 5.20350694656372
7.81415700912476 12.0375204086304 12.9160308837891 5.78264045715332 2.8494815826416 3.07971334457397 6.18839931488037 5.48042726516724 7.35653114318848 7.98799896240234 7.95812082290649 5.8974986076355 6.50261974334717 9.12160396575928 13.3843717575073 17.0409469604492 12.6722631454468 9.54884052276611 10.8712482452393 12.8377923965454 8.95213890075684 0.537365734577179 -0.0541392676532269 -0.495234608650208 -0.511506974697113 0.889437735080719 1.07631123065948 0.888868033885956 1.29808127880096 1.99900841712952 2.69246101379395 2.85524582862854 3.74331068992615 5.57762050628662 8.46714115142822 13.9010648727417 14.9758024215698 8.96742153167725 7.52204513549805 6.98726844787598 6.95930576324463 6.07497930526733 5.44412899017334 4.4915246963501 4.37647247314453
7.76101446151733 9.91045951843262 12.3061399459839 12.3715829849243 8.53896045684814 3.65737175941467 4.89735984802246 5.47590494155884 5.99186754226685 4.92201662063599 5.15057802200317 5.83247375488281 6.84422540664673 9.59876346588135 12.9211082458496 20.4859161376953 18.9355373382568 10.9128274917603 10.8690567016602 16.0497360229492 10.3536195755005 2.03236794471741 0.00312175368890166 -0.607825756072998 1.01617097854614 0.816070437431335 0.381881415843964 0.779563188552856 1.24051713943481 2.05741167068481 2.56075978279114 2.75206303596497 3.22594618797302 4.4597864151001 5.94132089614868 7.91532373428345 9.31728839874268 10.7366361618042 9.11235046386719 10.3173980712891 6.54864263534546 5.02257251739502 4.36734390258789 4.02338647842407 3.97797060012817
6.60928583145142 9.05584621429443 7.71957778930664 6.71562004089355 9.84005260467529 7.51696395874023 4.70918846130371 5.51841449737549 4.71154737472534 4.46110916137695 5.33112478256226 5.79384851455688 6.94265842437744 9.47971725463867 12.4915266036987 18.9036769866943 23.6904983520508 15.7792148590088 11.7887735366821 14.4259977340698 15.4286041259766 11.2790775299072 4.04514312744141 1.62604987621307 -0.508578240871429 -0.18029211461544 0.194884270429611 0.612182915210724 1.20727467536926 2.21455073356628 2.54184699058533 2.66677761077881 2.54708909988403 3.42652082443237 4.17135334014893 6.56717681884766 8.4314022064209 9.37151050567627 10.2406120300293 6.88480567932129 5.31521987915039 4.63015651702881 3.85418152809143 3.68560361862183 3.64336633682251
6.10469245910645 6.30656814575195 6.31578588485718 6.19136714935303 5.98310899734497 4.18315935134888 4.6102409362793 4.40954208374023 3.85774159431458 4.73009586334229 5.25830125808716 5.78394269943237 7.02502346038818 9.18180656433105 12.15212059021 15.5411520004272 22.3672904968262 20.0715980529785 13.2465839385986 14.2347974777222 18.7100658416748 16.2370491027832 10.1310939788818 2.84241223335266 0.527111828327179 -0.248047411441803 0.0152511950582266 0.531719982624054 1.45086050033569 2.13196730613708 2.57172274589539 2.51421689987183 2.3480110168457 2.57352924346924 3.4089982509613 5.50256252288818 6.45958232879639 6.33282566070557 5.45127105712891 4.88734722137451 4.26270055770874 3.64450311660767 3.31921100616455 3.28719258308411 2.86467170715332
5.91326379776001 5.38982009887695 4.67576932907104 4.40067052841187 2.93739342689514 3.60642528533936 4.35297060012817 3.85163998603821 4.07822942733765 4.84112167358398 5.38853645324707 5.9665150642395 7.31835556030273 8.93084144592285 11.2077322006226 14.7692317962646 16.6938705444336 19.0682735443115 13.842001914978 14.0835409164429 16.3280792236328 17.9679775238037 14.8342094421387 11.9787359237671 4.94023609161377 2.83025717735291 1.4624902009964 0.595027506351471 1.53926849365234 2.11877584457397 2.50799894332886 2.24478554725647 2.38005781173706 2.54673600196838 4.50954580307007 4.64450836181641 5.55771446228027 5.13192844390869 4.60728740692139 4.32971858978271 3.0791163444519 2.59905314445496 2.99801731109619 3.03216600418091 2.66042256355286
4.6273889541626 4.77006673812866 4.43521118164062 2.7948944568634 2.97032880783081 3.77108669281006 3.89483666419983 3.52142643928528 4.41983413696289 5.01795387268066 5.43226432800293 6.37942886352539 7.4143443107605 8.81751537322998 10.9737596511841 12.7578964233398 14.2765264511108 15.3986043930054 13.8268709182739 15.448169708252 16.1178646087646 18.729585647583 19.9872379302979 19.6373500823975 12.3899984359741 9.70616436004639 7.01429462432861 3.10455751419067 1.52119255065918 2.06216192245483 2.34933686256409 2.19714498519897 2.39174056053162 6.08922481536865 6.2586522102356 4.24680280685425 4.88616275787354 4.74088382720947 4.13442325592041 3.66326355934143 7.13798189163208 2.95430445671082 2.71926522254944 2.43952918052673 2.03639268875122
4.35659456253052 3.92389726638794 3.40849781036377 2.75969195365906 2.96790242195129 3.69218397140503 3.17837333679199 5.65971517562866 4.74810409545898 5.21780109405518 5.77518701553345 6.65777444839478 7.74124526977539 8.76427745819092 10.2537698745728 10.8408870697021 11.3946199417114 12.1923780441284 13.6507911682129 13.6585750579834 15.9929552078247 15.8604221343994 18.5015411376953 16.6181297302246 17.7747116088867 12.73450756073 8.88930034637451 4.63995933532715 3.59383296966553 2.44105219841003 2.09112954139709 2.23916959762573 2.35482501983643 4.40396404266357 7.40818119049072 5.48289775848389 4.54296922683716 4.08800554275513 3.71744298934937 3.89875364303589 2.95121383666992 3.47500395774841 2.51691317558289 2.2452278137207 1.85386300086975
3.87261414527893 3.69223594665527 2.6545615196228 2.64329957962036 3.04713582992554 3.4861307144165 3.16108512878418 4.01830577850342 4.75899028778076 5.27017116546631 6.18796682357788 6.86634016036987 7.76830625534058 8.6196928024292 9.06099128723145 8.33018493652344 9.02837181091309 10.2452936172485 13.4203796386719 13.9735660552979 14.675066947937 15.2411031723022 13.4845705032349 11.9664793014526 9.58686256408691 6.72515773773193 2.55032587051392 1.6922744512558 1.6036639213562 1.99715960025787 2.01762270927429 2.16529822349548 5.56399250030518 5.99417495727539 3.67957425117493 3.72853374481201 3.64240217208862 3.54675054550171 3.12158823013306 2.72234654426575 2.40808916091919 2.37893772125244 2.06844186782837 1.72121226787567 1.53626084327698
3.3024308681488 2.84028935432434 2.40124464035034 2.6538360118866 4.44007110595703 3.07615780830383 3.16726064682007 4.0599570274353 4.66583156585693 5.18260145187378 6.37959814071655 7.20892953872681 7.65256261825562 8.16850471496582 7.75861883163452 6.48298978805542 6.13901519775391 8.25181674957275 10.2649936676025 13.0681648254395 13.4131965637207 14.5893526077271 12.5544176101685 9.79824829101562 7.00857210159302 4.40149068832397 0.860705375671387 0.967708349227905 1.21469879150391 1.33134114742279 1.40294337272644 1.46723735332489 1.46195232868195 1.83013784885406 2.32790517807007 2.73151755332947 2.75940227508545 2.94194316864014 2.65858459472656 2.23589777946472 2.12945055961609 2.06808114051819 1.78912603855133 1.56512951850891 1.2053507566452
3.14719080924988 2.56825542449951 2.5587306022644 3.51982021331787 3.71297121047974 3.15989303588867 4.09764289855957 4.23952054977417 4.74716091156006 5.27874279022217 6.42927169799805 7.41074419021606 7.58596134185791 7.96141195297241 6.92055892944336 5.23532581329346 5.13230419158936 6.97545528411865 8.92749691009521 10.2162389755249 12.7350311279297 12.8957538604736 13.1432876586914 8.56765079498291 4.76114368438721 2.03753137588501 1.28396987915039 0.962929010391235 0.996666848659515 0.926555514335632 1.05581951141357 1.17976236343384 1.29918205738068 1.2945591211319 1.56133472919464 1.78956866264343 1.84710347652435 1.25703454017639 0.912420690059662 1.01123118400574 1.22045421600342 1.21395623683929 1.19194948673248 1.07683503627777 1.35134041309357
3.1187219619751 2.81793808937073 2.50515055656433 4.07593774795532 4.10674810409546 3.93775463104248 3.81654405593872 4.33717250823975 4.77022171020508 5.50470495223999 6.95600605010986 7.46160554885864 7.70911550521851 8.94912242889404 6.23846626281738 4.51292991638184 4.47159242630005 5.29579782485962 6.99481773376465 8.064866065979 9.80978202819824 10.8268060684204 12.8926153182983 11.6349287033081 5.86083936691284 2.95049476623535 0.953948140144348 0.959354162216187 0.85216498374939 0.706246197223663 0.825109899044037 1.03704392910004 1.10787665843964 1.04273223876953 1.03893435001373 1.33942079544067 1.26464891433716 0.366324961185455 -0.0122801307588816 0.108371660113335 0.193218812346458 0.470308065414429 0.604478180408478 0.314780473709106 0.081614151597023
3.47990345954895 2.57838940620422 3.99739933013916 4.35969114303589 3.62833833694458 3.40898394584656 3.98736476898193 4.47792387008667 5.16527986526489 8.31757736206055 7.04074764251709 7.49479627609253 7.84638357162476 13.0188207626343 8.95566749572754 4.33575773239136 4.48694610595703 4.75100994110107 5.34715414047241 6.64806413650513 6.40680980682373 8.02011871337891 8.5126256942749 14.7247533798218 14.3073024749756 6.66785478591919 4.03150510787964 0.910703718662262 0.747687339782715 0.589447140693665 0.657271802425385 0.95855051279068 1.01757204532623 0.83305549621582 0.751988768577576 0.895267903804779 0.594610989093781 -0.0795852690935135 -0.163132771849632 -0.0874206647276878 0.0399953052401543 0.0662886798381805 0.0556736029684544 -0.361707359552383 -0.473030626773834
3.64810681343079 5.64471292495728 5.76458835601807 4.16617441177368 3.25530123710632 3.70683765411377 8.59673023223877 11.5425758361816 8.14521217346191 6.03210544586182 7.03653478622437 7.59122180938721 8.41734313964844 16.7109203338623 8.63338088989258 3.88560581207275 4.27829837799072 5.20640850067139 5.50292825698853 5.89094161987305 5.09017848968506 4.76565361022949 5.68932247161865 9.98106002807617 16.047061920166 15.9652910232544 11.1674156188965 9.26142024993896 1.48269426822662 3.11057782173157 4.48801374435425 0.91941624879837 0.995388090610504 1.64993607997894 0.578627705574036 0.721662402153015 2.55312728881836 0.493182122707367 -0.206643790006638 -0.202825918793678 -0.0703441575169563 -0.0742350444197655 -0.320511221885681 -0.649392485618591 -0.721088230609894
2.5448591709137 3.14125919342041 3.41129040718079 3.74006772041321 5.34042024612427 10.8592720031738 7.40388250350952 4.95525503158569 5.55365133285522 6.2121958732605 6.99266290664673 7.64219903945923 10.9605293273926 18.6426239013672 12.3841390609741 4.64095544815063 4.51712369918823 4.96831846237183 5.44460773468018 5.49102067947388 4.70930528640747 3.76687407493591 3.58505082130432 5.14910078048706 11.7350053787231 16.7017517089844 16.5793685913086 16.1978092193604 10.3918743133545 5.10358238220215 2.12512612342834 1.58349025249481 2.09372138977051 2.51784348487854 3.34715986251831 0.39464145898819 3.32305645942688 5.44523906707764 1.98943531513214 0.250475108623505 -0.189826607704163 -0.099986769258976 -0.407325655221939 -0.770495355129242 -0.794409394264221
