slauniainen/Data/DEM/Vihti_dsm1500b_cl_horizonAngle_108.asc
NCOLS 196 
NROWS 178 
XLLCORNER 353680 
YLLCORNER 6699024 
CELLSIZE 16 
NODATA_value -3.4e+38 
[rows 20 to 39 of 178, columns 46 to 91 of 196]
-5.15107870101929 12.1926574707031 -5.19296789169312 -4.90487480163574 -4.68028211593628 1.99340832233429 -4.57702350616455 -4.29465055465698 -1.03015422821045 1.63081097602844 2.81031847000122 18.5265846252441 13.2855701446533 31.3398456573486 18.4422550201416 -4.28482151031494 -4.16651725769043 -3.47512340545654 -3.28702211380005 11.0355558395386 3.21906447410583 -3.099200963974 -2.92462944984436 -2.79025506973267 -1.99960768222809 6.04396820068359 -1.81713533401489 11.6087980270386 -1.32737183570862 -0.677757680416107 -0.679774820804596 -0.689653694629669 -0.694115817546844 -0.659958243370056 0.441522002220154 -0.381474077701569 -0.562734842300415 0.133857801556587 -0.499438107013702 -0.733133018016815 -0.24150039255619 -0.702883124351501 -0.678062617778778 -0.603774964809418 -0.540611267089844 -0.507419884204865
-2.53585648536682 -4.86839056015015 -4.70351552963257 -3.26183748245239 -4.47191286087036 -4.27268075942993 -4.10053253173828 -3.97929549217224 -2.46921062469482 -1.85873258113861 8.80708885192871 20.745584487915 15.5450439453125 12.6268920898438 18.7714328765869 -4.02874755859375 -3.7168664932251 -3.53852653503418 -3.2260525226593 -2.97968935966492 -0.42331650853157 1.32556867599487 -2.40898895263672 4.56843423843384 6.65281772613525 -1.79415214061737 -1.66365671157837 -1.55246818065643 -0.560794651508331 -0.554889738559723 -0.569346070289612 -0.591024577617645 -0.6009481549263 -0.577392816543579 -0.375668674707413 0.220327153801918 -0.172598361968994 -0.615403711795807 -0.570820987224579 -0.476271778345108 -0.159921631217003 -0.14258673787117 -0.616840004920959 -0.586749911308289 -0.519248843193054 -0.470691978931427
6.28913450241089 -4.49386596679688 -4.13995265960693 -3.93755650520325 -3.74508118629456 -3.55006623268127 -3.322425365448 0.939528286457062 5.08509302139282 8.32082557678223 -1.24830317497253 30.8590927124023 -3.19965243339539 20.006872177124 23.5405960083008 -3.53993535041809 -3.11733293533325 -2.95955777168274 -2.86705613136292 -1.7647123336792 -2.44523787498474 12.6880493164062 -2.11403298377991 3.34758996963501 1.98214387893677 -1.81153225898743 -1.63637721538544 25.3874988555908 -1.44343447685242 -0.417605608701706 -0.437218844890594 -0.462668865919113 -0.463829070329666 -0.0209140386432409 0.240790069103241 -0.494490325450897 -0.329512000083923 -0.0161465667188168 -0.0973027795553207 -0.543419182300568 -0.402564734220505 -0.392757058143616 -0.532599627971649 -0.527946472167969 -0.479167103767395 -0.435396879911423
-3.10575079917908 -3.79220008850098 3.17614102363586 -3.58103322982788 -3.38338351249695 8.71597576141357 -3.30404877662659 -2.87087106704712 14.8944988250732 -2.83312034606934 30.0412731170654 -3.22511982917786 6.73859453201294 2.20140624046326 -2.50416254997253 10.5396108627319 -2.17272853851318 -0.0275611765682697 -2.52710056304932 -2.01199531555176 -0.861479222774506 27.1848659515381 -1.9305225610733 -1.77608418464661 -1.44829273223877 2.06761932373047 -1.07254755496979 -0.250696033239365 -0.241342410445213 -0.263782769441605 -0.275912165641785 0.022566944360733 0.0436858832836151 -0.378790974617004 -0.412085324525833 -0.311082363128662 0.0396014302968979 0.0503111593425274 -0.207472920417786 -0.460154384374619 -0.448839277029037 -0.438136339187622 -0.444438248872757 -0.436175256967545 -0.411055326461792 -0.383403956890106
-3.6531810760498 0.862582266330719 -3.33677649497986 -3.22582316398621 -2.9783775806427 18.175594329834 -2.19740271568298 2.17266821861267 5.850661277771 -1.31211459636688 -1.29325449466705 24.86887550354 -2.57468366622925 3.32380342483521 -1.86817443370819 0.958586812019348 2.64462113380432 4.68772077560425 -0.1868035197258 11.634934425354 -1.72238802909851 11.0034284591675 -1.79873538017273 -1.67235386371613 -1.10234475135803 -1.04726338386536 -0.10857954621315 -0.086845874786377 -0.0319683738052845 0.122109934687614 0.759773015975952 1.03296780586243 -0.247607216238976 -0.257830947637558 -0.254485845565796 -0.0364595465362072 0.112656995654106 -0.241322815418243 -0.352893650531769 -0.349102467298508 -0.274417817592621 -0.321015864610672 -0.326936960220337 -0.328867256641388 -0.323548048734665 -0.31550657749176
-1.60402059555054 0.264571309089661 3.48332762718201 9.96300411224365 1.16001224517822 -2.80249643325806 -1.01869487762451 -0.755845010280609 -0.196118548512459 13.3273334503174 -2.67397356033325 -1.83678650856018 5.50984001159668 5.35179138183594 8.13552093505859 -1.43757879734039 -1.65992069244385 -1.59966170787811 16.0166988372803 -1.8760598897934 8.16584396362305 -1.56221401691437 -1.51255071163177 -1.1644721031189 -0.58267205953598 -0.394897282123566 0.0643999949097633 0.218291029334068 0.570930302143097 0.699581503868103 1.4954035282135 0.776490330696106 0.00647501926869154 -0.144233524799347 -0.166635125875473 -0.00823720823973417 0.240489542484283 -0.190565139055252 -0.163428485393524 -0.201033025979996 -0.1829814016819 -0.184553787112236 -0.186311349272728 -0.185711786150932 -0.191437155008316 -0.20467945933342
5.6452808380127 10.5346202850342 22.9555797576904 9.50833415985107 2.79770278930664 15.4024505615234 -2.8119113445282 3.32701635360718 -0.0755047202110291 6.68331384658813 7.4935359954834 -2.3054735660553 -2.19116687774658 -1.81021499633789 16.1426372528076 3.04864048957825 -2.05709004402161 -1.58662390708923 -1.30279505252838 -1.2099974155426 27.6267719268799 -1.24923610687256 -1.09625387191772 -0.764082670211792 -0.579862534999847 0.201660469174385 0.627504646778107 0.898219227790833 0.801466345787048 1.54890072345734 1.88023591041565 1.09779119491577 0.263493180274963 0.25535175204277 -0.0655245557427406 -0.0634412840008736 0.208688676357269 -0.0549194999039173 -0.0646793395280838 -0.0214290414005518 1.09813618659973 -0.0506403185427189 -0.0562770664691925 -0.0658367499709129 -0.0740964710712433 -0.080614447593689
5.73591184616089 15.4300546646118 13.1692953109741 19.7562065124512 13.1841201782227 -3.10448026657104 -2.60861301422119 -2.5208694934845 -2.46817326545715 -2.36190819740295 9.87197780609131 -2.34282541275024 5.33488941192627 -1.93220126628876 -1.20849704742432 1.29520118236542 -1.00970983505249 -0.244809985160828 0.647039234638214 1.50481081008911 18.3655872344971 4.17757225036621 -0.760147094726562 -0.305244356393814 0.0329651273787022 0.93885326385498 1.46226298809052 1.61803984642029 2.24520373344421 2.25882935523987 1.0903080701828 0.898751854896545 0.666213929653168 0.397483319044113 0.445647209882736 0.0294154696166515 0.057925783097744 0.106707349419594 0.0906996950507164 0.114820465445518 1.28708505630493 1.16858124732971 1.20629549026489 1.24686515331268 0.0242846291512251 0.0316908471286297
6.09306240081787 9.11181259155273 26.4022903442383 12.406379699707 22.8727512359619 -2.65586447715759 -2.5026707649231 -2.26752138137817 2.20230841636658 20.5729160308838 -0.929682016372681 -2.22197771072388 -2.00933885574341 0.902521193027496 -1.83742380142212 -0.994245827198029 2.06022787094116 5.58597373962402 11.8077068328857 0.55787467956543 17.3438472747803 1.24976909160614 -0.260344684123993 7.38307428359985 11.4444456100464 1.23914539813995 1.6201251745224 1.81044924259186 3.0041663646698 1.67641484737396 0.953461050987244 0.515214622020721 0.664574921131134 0.630401015281677 0.489794582128525 0.151331722736359 0.190753191709518 0.24777589738369 2.05068421363831 1.28717136383057 1.24718737602234 1.35188329219818 1.38856625556946 1.42990112304688 1.30913913249969 1.36392021179199
11.0127010345459 19.037317276001 22.9473934173584 23.0763683319092 1.61705923080444 1.96907413005829 -2.30910015106201 -2.22249221801758 -1.97865056991577 14.7103128433228 -1.72578203678131 1.8556946516037 15.6917591094971 -1.55542552471161 -1.09556865692139 -0.444574445486069 10.0177421569824 20.549991607666 0.150549411773682 0.190899759531021 4.06847476959229 19.3807487487793 14.4708375930786 14.8809585571289 14.6985425949097 12.0296230316162 -0.0758879706263542 2.57007336616516 3.28534936904907 2.3085560798645 1.14712727069855 0.449048429727554 0.48946675658226 0.647638261318207 0.419284164905548 0.249496296048164 0.302270531654358 0.362231820821762 0.860304474830627 2.14463376998901 2.19810557365417 2.26237678527832 1.43312907218933 1.37209951877594 1.48358333110809 1.53627681732178
9.93392848968506 26.4498825073242 16.8674221038818 6.53997564315796 7.34795999526978 -0.855487525463104 0.863718569278717 -2.16991591453552 -1.90632224082947 -1.34424114227295 -1.29638850688934 -0.263565093278885 16.9674377441406 -0.83528059720993 0.196630358695984 1.54109156131744 6.48518466949463 13.7040576934814 -0.690230011940002 20.3598232269287 13.9840183258057 38.3206176757812 3.61579370498657 -0.499880194664001 -0.191013023257256 14.6912775039673 -0.435892820358276 1.03732788562775 3.34737777709961 3.26747179031372 1.5235652923584 0.826040506362915 0.349691987037659 0.530471980571747 0.552750051021576 0.318024337291718 0.371710479259491 0.439370006322861 0.531681597232819 1.22151160240173 1.53833723068237 1.57671904563904 2.35076951980591 2.40675806999207 2.45882701873779 1.56506180763245
9.94890689849854 24.2291679382324 8.41463947296143 13.9653911590576 2.50279688835144 -1.26139509677887 12.8282403945923 -1.52979052066803 -0.828315377235413 -0.971262633800507 9.55947303771973 0.214995995163918 3.86202454566956 -0.261442542076111 0.0154385399073362 0.13070359826088 4.26586103439331 10.3026342391968 17.980339050293 27.3043384552002 20.7641506195068 -0.535948157310486 44.9867134094238 -0.423089921474457 2.73176074028015 0.0702404007315636 2.84489274024963 3.93745899200439 4.04376602172852 3.19750785827637 2.57999801635742 1.23807954788208 0.669970035552979 0.419255077838898 0.372299641370773 0.402236878871918 0.433811038732529 0.495899617671967 0.581687092781067 1.22321498394012 1.27956962585449 1.31210505962372 1.34389185905457 1.68453741073608 1.72497141361237 2.55210590362549
8.99331474304199 30.7733421325684 9.30042552947998 2.26612901687622 0.305454909801483 17.1190509796143 -2.07370209693909 -1.15873777866364 -0.344520300626755 0.166558623313904 0.786856234073639 30.4917240142822 -0.591881453990936 0.322623699903488 1.14683938026428 14.4097080230713 1.3628476858139 18.998514175415 35.7475395202637 4.17083644866943 4.79028511047363 5.12665891647339 1.64011347293854 16.2716369628906 44.4606781005859 -0.35708624124527 -0.167946189641953 0.40224415063858 3.68293452262878 3.66893577575684 2.74261498451233 1.94359040260315 0.943792104721069 0.477809637784958 0.438633173704147 0.437735348939896 0.478829622268677 0.533110737800598 0.860980629920959 1.11663198471069 1.27917289733887 1.31826436519623 1.34506726264954 1.39210093021393 1.43209600448608 1.46120452880859
8.35826969146729 29.9842319488525 12.6000261306763 -1.56049609184265 15.8640775680542 0.642196655273438 -1.5641770362854 1.51657605171204 -1.47706270217896 -1.05930459499359 4.19210529327393 1.09288620948792 0.83346688747406 4.56571102142334 8.4859561920166 15.1132001876831 14.6989736557007 36.8509826660156 4.03941917419434 1.93945109844208 4.49801921844482 7.37211132049561 50.8309669494629 -0.583964645862579 -0.394423514604568 42.6399345397949 -0.247709438204765 0.308997869491577 4.43071508407593 2.76427102088928 3.10743141174316 2.24244856834412 1.11658084392548 0.934601187705994 0.493598848581314 0.495060384273529 0.505797505378723 0.580374479293823 0.698791146278381 0.985216557979584 1.16959083080292 1.20802879333496 1.23700642585754 1.38734149932861 1.41935586929321 1.45484280586243
5.36501407623291 12.5503950119019 24.9575042724609 7.44230985641479 4.26998853683472 -1.0690108537674 -1.05384087562561 -0.92083877325058 -0.510537922382355 -0.225753754377365 0.45971804857254 26.512170791626 -0.155747085809708 10.6610956192017 18.8403358459473 11.0733547210693 41.5403633117676 1.11625254154205 5.11357021331787 1.96880209445953 26.1020755767822 42.3410911560059 5.30495977401733 7.94572401046753 4.99785852432251 0.521291077136993 46.3836364746094 -0.378614127635956 4.45036315917969 3.0187292098999 1.81674027442932 2.69210338592529 1.58414542675018 1.2325633764267 0.758735001087189 0.587182760238647 0.562668204307556 0.550255417823792 0.606029689311981 0.833711445331573 1.0361031293869 1.06818532943726 1.09533798694611 1.26806783676147 1.28627812862396 1.31315970420837
6.10447311401367 7.59438133239746 8.65190315246582 7.94362306594849 0.0539155155420303 5.88012313842773 -0.223190411925316 -0.192049160599709 11.4631462097168 -0.0327161699533463 0.131990253925323 0.72251558303833 7.42610311508179 1.26336920261383 6.19385242462158 45.2269744873047 1.09780466556549 7.75234842300415 22.1577739715576 38.1773109436035 18.7290649414062 1.08992111682892 1.19882225990295 1.3905508518219 2.02746915817261 19.9776954650879 0.216870814561844 21.7318859100342 3.02040457725525 3.56526303291321 1.42014253139496 1.18344676494598 2.6623067855835 1.36739003658295 1.10617566108704 0.769809544086456 0.746581614017487 0.756326258182526 0.972306191921234 1.24939358234406 1.5935252904892 1.05472087860107 1.2086067199707 1.24808955192566 1.50562763214111 1.57947587966919
1.27580404281616 12.6307182312012 -0.0636105909943581 6.08566999435425 -0.164383411407471 0.0756281912326813 1.28370368480682 1.49026584625244 8.94902229309082 6.12528800964355 18.4522476196289 0.348346740007401 14.7080230712891 35.3353080749512 2.55923056602478 8.96705913543701 27.2831535339355 34.8192977905273 21.4706745147705 1.44449603557587 3.12282562255859 3.91812348365784 6.7809534072876 8.20477294921875 10.8549461364746 16.0882205963135 1.98293709754944 5.04978609085083 -0.442112445831299 4.43345308303833 4.48142242431641 4.62845420837402 4.05203104019165 3.23409795761108 1.35272705554962 1.06374335289001 1.02773678302765 0.950442254543304 0.992458522319794 1.02117741107941 1.28189742565155 1.61372721195221 1.64873683452606 1.68049323558807 1.64497470855713 1.75520193576813
1.58765757083893 31.7031345367432 1.080237865448 26.0473880767822 0.73951268196106 1.41949033737183 14.3751964569092 10.9188995361328 25.9531478881836 17.3404865264893 14.9772815704346 45.4117050170898 0.737234473228455 1.00155997276306 6.05904293060303 48.0788269042969 1.2931911945343 5.01375913619995 1.28669238090515 9.04778289794922 3.57630181312561 1.63045120239258 10.9154558181763 10.9698715209961 9.08695888519287 14.8654813766479 2.46721029281616 1.26947498321533 11.9463109970093 1.43775522708893 4.97265911102295 4.11023855209351 5.14907312393188 5.48625469207764 5.76539754867554 4.78868436813354 1.32716953754425 1.32773947715759 1.29839468002319 1.4285763502121 1.47341167926788 1.47125041484833 1.28734481334686 1.44112753868103 1.66778469085693 1.69839131832123
19.3283863067627 26.3591747283936 27.361120223999 19.2959957122803 16.690746307373 20.4349250793457 18.5084285736084 20.6018753051758 50.7967834472656 -0.166245803236961 -0.0567382238805294 1.97840023040771 4.63903999328613 50.3316688537598 2.76192164421082 1.01473367214203 1.51365482807159 1.04850780963898 8.36686706542969 1.80431628227234 1.28646552562714 1.52784144878387 8.55816555023193 19.1661758422852 6.80707836151123 1.5623584985733 2.41616296768188 7.25321483612061 2.4091169834137 3.21910262107849 1.8542937040329 5.36648225784302 5.55759382247925 5.82263374328613 4.86948013305664 6.40167474746704 6.73698949813843 7.35189199447632 6.32759284973145 1.83642375469208 1.87461686134338 1.88902699947357 1.59744727611542 1.40764594078064 1.57334697246552 1.3685644865036
17.1115169525146 23.5307960510254 50.7122917175293 3.79783797264099 0.13804093003273 1.78797781467438 8.47433376312256 1.1867835521698 5.72410726547241 1.85018634796143 4.94973039627075 50.2904968261719 0.288414806127548 1.93453633785248 5.45941495895386 7.46039819717407 1.31106793880463 4.66713285446167 1.03228390216827 1.09341609477997 1.09516632556915 1.3385488986969 1.15114974975586 4.34761428833008 1.56360328197479 1.62344682216644 1.69147098064423 2.33932161331177 2.02401304244995 2.87778258323669 5.55224895477295 2.82989835739136 6.39535093307495 6.36695766448975 6.33925008773804 6.68671751022339 6.98902130126953 5.73867177963257 8.69479751586914 9.77633285522461 11.1710624694824 9.37238597869873 2.18906164169312 1.73905837535858 1.42382514476776 1.35194492340088
