slauniainen/Data/DEM/Vihti_dsm1500b_cl_horizonAngle_276.asc
NCOLS 196 
NROWS 178 
XLLCORNER 353680 
YLLCORNER 6699024 
CELLSIZE 16 
NODATA_value -3.4e+38 
[rows 120 to 139 of 178, columns 45 to 89 of 196]
6.56385564804077 5.93043661117554 5.39968919754028 4.95215177536011 4.40150737762451 4.08498287200928 3.81866240501404 3.56194019317627 3.33003664016724 3.12605428695679 2.9429829120636 2.7731454372406 2.58116459846497 2.39595651626587 2.20336484909058 2.01292133331299 1.72545599937439 1.45558989048004 1.26730215549469 1.78225457668304 -1.23108434677124 -1.35988640785217 -1.38315033912659 3.9177770614624 20.3343982696533 5.93490076065063 6.02912139892578 1.04538106918335 27.7758560180664 9.83751583099365 8.89775371551514 -0.279194831848145 8.11956214904785 1.84253489971161 5.47256183624268 14.4128580093384 5.18549728393555 2.82378149032593 -0.229745551943779 -0.595771968364716 3.37281584739685 1.84925425052643 9.00094223022461 3.97185134887695 15.1410484313965
7.27082443237305 6.49897193908691 5.8789496421814 5.36827516555786 4.92586803436279 4.36169338226318 3.854572057724 3.60317301750183 3.36507987976074 3.16375851631165 2.98248624801636 2.81380462646484 2.64828944206238 2.37920761108398 2.21357274055481 2.02088260650635 1.69077897071838 1.33127474784851 1.06615614891052 0.963240623474121 -0.843578279018402 -1.22623014450073 -1.30481946468353 18.3184185028076 3.9564197063446 3.58364582061768 1.65786612033844 4.49239063262939 0.383538246154785 -0.434936940670013 5.88613843917847 15.3927726745605 4.07269334793091 11.1355257034302 5.83869457244873 5.37854290008545 4.84846353530884 3.14638733863831 -0.740156054496765 8.93689632415771 -0.826391100883484 6.30406665802002 3.29925322532654 2.00864195823669 12.3537521362305
8.06318378448486 7.16208267211914 6.39243936538696 5.79939365386963 5.29440355300903 4.85192489624023 4.10717964172363 3.81303286552429 3.54891490936279 3.32659721374512 3.13660001754761 2.95206069946289 2.78474068641663 2.61204814910889 2.28068208694458 2.09439015388489 -0.0144290504977107 35.5550117492676 14.9642066955566 9.56810474395752 -1.06897866725922 3.71482110023499 1.0309249162674 -1.07270431518555 17.1168041229248 2.15159177780151 12.6885614395142 12.6013536453247 3.98437070846558 1.16031050682068 1.97317433357239 0.643696486949921 5.38440132141113 7.22650003433228 3.58150935173035 15.2146596908569 1.76578438282013 6.42585802078247 0.869403898715973 1.07084894180298 -0.451606333255768 -0.0174524988979101 -0.605560004711151 8.33797264099121 6.48182678222656
8.75903606414795 7.67207336425781 6.77464294433594 6.05738735198975 5.49160575866699 4.99720287322998 4.58655977249146 4.01407194137573 3.71113085746765 3.47751402854919 3.27620792388916 3.08304953575134 2.89496874809265 2.72232627868652 2.54203414916992 2.1981885433197 0.141531512141228 38.4154510498047 18.798397064209 5.04629373550415 -0.848080694675446 -1.02959036827087 7.56623649597168 4.44167613983154 -1.25816333293915 25.8138408660889 11.4034414291382 8.96967029571533 7.8529224395752 2.35331702232361 2.34121036529541 0.080202542245388 0.0739819034934044 10.8489017486572 3.36028337478638 11.3713073730469 1.99503743648529 -0.162595182657242 -0.800773203372955 0.771152794361115 -0.888013660907745 -1.13438415527344 2.29133343696594 10.2178888320923 12.7267198562622
8.14026641845703 7.00351333618164 6.07139253616333 5.31371116638184 4.72638893127441 4.25299024581909 4.32665491104126 4.07186126708984 3.74201846122742 3.48008990287781 3.27580547332764 3.10002398490906 2.91199684143066 2.73950409889221 2.55790710449219 2.35097169876099 -0.510380029678345 15.1691770553589 35.2035636901855 -0.773073732852936 5.07636022567749 9.64219951629639 -0.794142663478851 -1.01642167568207 7.05212879180908 4.73434257507324 19.9808902740479 11.0218439102173 3.75586414337158 1.07603335380554 9.30265522003174 0.531502246856689 22.7924766540527 4.37535429000854 4.55829620361328 21.4016742706299 0.279611170291901 -0.46313402056694 -1.66453373432159 -2.30859065055847 7.39414024353027 14.2260475158691 1.34025573730469 8.06510162353516 15.8493537902832
8.78204822540283 7.34945821762085 6.30610990524292 5.54400873184204 4.91622877120972 -0.376169979572296 -1.03686702251434 -1.03878462314606 3.895676612854 2.25398063659668 1.62392151355743 52.0023956298828 32.37548828125 22.7461128234863 17.1738872528076 2.32173585891724 2.12347340583801 0.54441374540329 -0.0427041426301003 37.7343864440918 2.58243680000305 -1.14378190040588 1.88359546661377 6.53030014038086 9.07707405090332 1.82909047603607 0.337755769491196 7.85202264785767 15.1678991317749 3.27975964546204 2.59740543365479 10.9828939437866 8.08965492248535 1.78887522220612 3.38496947288513 0.520328879356384 -0.374793291091919 -1.44228386878967 -1.63528776168823 -2.06391048431396 0.21059837937355 8.41931819915771 8.74937152862549 0.61620682477951 12.7028074264526
9.65009689331055 -1.67400109767914 9.13328266143799 2.52547860145569 17.3486804962158 8.78506755828857 -1.14312255382538 21.2655239105225 13.2941331863403 6.38596963882446 0.53366756439209 4.56848192214966 52.051887512207 32.3936042785645 22.6365127563477 17.0621662139893 10.6574106216431 8.93847179412842 7.59979677200317 6.41650485992432 5.54815340042114 1.76181316375732 -0.831862032413483 2.98723840713501 -1.12674558162689 15.0177507400513 6.78110837936401 4.30622148513794 1.84034049510956 8.51539611816406 5.59759283065796 3.83203101158142 4.39208698272705 5.79092931747437 2.11121129989624 -0.562400817871094 -1.17464661598206 -1.65395951271057 11.5653257369995 4.24690198898315 12.0611419677734 -1.42574667930603 -1.05596423149109 4.87138175964355 11.4513473510742
2.61934757232666 1.59158742427826 -0.840310513973236 22.6118183135986 13.2293710708618 4.54990386962891 -0.312544852495193 18.7306156158447 13.6047134399414 7.91862154006958 0.176723077893257 0.0656298920512199 6.67525053024292 51.5913124084473 31.9940013885498 22.3640213012695 16.8271923065186 10.7117099761963 8.94959449768066 7.70773792266846 6.53245306015015 5.13529825210571 0.749747574329376 0.490947782993317 -0.365643978118896 4.17504453659058 2.04419875144958 1.06515181064606 9.09170722961426 4.5484938621521 0.749773502349854 21.3200511932373 9.74138259887695 5.25345802307129 2.94773697853088 1.04024684429169 -0.228512331843376 -1.25520598888397 -1.29980182647705 5.25760746002197 0.244598522782326 6.50718259811401 1.25509715080261 0.535152614116669 11.0944576263428
0.880614340305328 0.529245376586914 -1.68434476852417 28.8713340759277 5.65446519851685 7.11714792251587 5.07232618331909 3.1308262348175 0.626981377601624 -0.559665977954865 9.19489669799805 1.16753506660461 0.524002492427826 20.9972705841064 9.71892642974854 43.2981071472168 24.9270305633545 16.6851615905762 12.0798931121826 8.90001773834229 7.69628715515137 6.62624883651733 2.146155834198 0.966317296028137 0.562120378017426 -0.563789904117584 9.78026008605957 8.11190891265869 1.69666659832001 0.557293772697449 11.5439786911011 -0.689300298690796 10.3003730773926 5.36301565170288 7.14986562728882 3.40936684608459 -0.800238609313965 3.34320378303528 -0.860814988613129 -1.11213743686676 -1.30846786499023 -1.46269524097443 -1.76527500152588 7.72330665588379 23.1006908416748
-0.613698899745941 -1.03054416179657 -0.380108326673508 27.3238182067871 10.3547506332397 4.79929876327515 0.636940121650696 -1.15663266181946 14.0029344558716 2.62324213981628 8.44017028808594 5.96329164505005 0.721623241901398 5.93398332595825 3.50722074508667 11.2553777694702 39.9951400756836 22.2032260894775 14.5203914642334 10.7747716903687 8.15187549591064 7.08290195465088 2.30932974815369 0.443341672420502 0.39202281832695 -0.077705554664135 9.62886905670166 -0.318326562643051 13.1645021438599 -0.490652710199356 0.457358866930008 -0.532317161560059 9.19872951507568 6.82213687896729 3.91059613227844 5.13754796981812 0.936181306838989 2.2671492099762 0.668074607849121 -0.635697782039642 5.68066835403442 -0.924171328544617 -0.162656426429749 7.96363258361816 9.28885078430176
8.24861717224121 13.9851055145264 1.19869470596313 6.71777391433716 -1.53138434886932 -1.57812786102295 22.4477310180664 4.16849374771118 1.24837648868561 28.0080375671387 2.74685621261597 6.06707000732422 4.00420427322388 -0.877875864505768 16.3514919281006 6.11571264266968 18.667407989502 38.5189399719238 21.0808238983154 15.1284894943237 10.2442903518677 7.28374814987183 6.20973014831543 -1.32974791526794 31.740026473999 17.9893112182617 6.19715881347656 2.35349655151367 11.5601406097412 3.09946894645691 9.41887474060059 -0.796172678470612 26.4623146057129 4.25789260864258 3.2466607093811 7.14313840866089 29.6960067749023 9.8333625793457 3.51239919662476 0.347888797521591 3.53339076042175 0.190802752971649 0.18361409008503 7.53734159469604 11.4717502593994
11.7953481674194 7.39949941635132 20.9013023376465 4.66611003875732 3.91837787628174 18.1569728851318 0.084173783659935 -0.208082377910614 -1.26645159721375 -1.48190653324127 6.77050018310547 5.42152214050293 5.94315958023071 9.04466247558594 8.64247131347656 5.81156015396118 -0.103499256074429 -1.09364497661591 56.0086936950684 36.2664527893066 25.5829849243164 19.4195861816406 7.95940732955933 6.92327547073364 1.32157504558563 1.24062013626099 10.9271202087402 14.4699840545654 7.94988584518433 6.28200435638428 -0.298749268054962 -1.10130703449249 14.0997800827026 8.14483547210693 5.39520978927612 16.5516891479492 26.1621990203857 5.66454267501831 2.62532305717468 8.58540153503418 3.13489055633545 1.57632160186768 10.3184299468994 7.1691370010376 6.66216135025024
0.243839010596275 20.9716796875 18.339054107666 11.037278175354 17.9677543640137 3.74489045143127 3.63413643836975 -1.27818429470062 30.7281970977783 3.03414130210876 1.24556922912598 -0.350028485059738 5.33488416671753 40.3708534240723 3.7739315032959 21.5812721252441 0.486381202936172 16.7576751708984 1.49950015544891 49.3613433837891 29.5891304016113 20.3932666778564 15.1988945007324 12.4644222259521 7.78387308120728 2.05904316902161 44.7197303771973 23.8139820098877 15.6294641494751 1.66451072692871 -0.0259231086820364 -1.01269555091858 -1.22123610973358 13.9514808654785 16.9564952850342 19.4744148254395 8.48165702819824 5.8033299446106 21.2969589233398 5.35896492004395 4.85770606994629 4.15403366088867 17.3342514038086 9.11140251159668 7.48206996917725
1.63151872158051 43.5236320495605 14.2506847381592 12.9529600143433 9.04745769500732 7.20912885665894 2.60250568389893 1.23885333538055 -1.21079552173615 22.2564067840576 6.69611835479736 0.127183377742767 -1.51130867004395 10.5741367340088 18.3849601745605 10.7170886993408 11.6116819381714 6.71412515640259 20.9358444213867 13.4303998947144 13.4293365478516 12.6452856063843 10.4828481674194 11.6353597640991 9.74532032012939 0.670251786708832 42.6023979187012 22.9029026031494 15.2348289489746 9.64694881439209 -0.690769970417023 2.21560287475586 -0.870140075683594 23.4606456756592 18.4744319915771 13.3200349807739 7.994056224823 8.77257823944092 6.51776933670044 8.04865550994873 5.59123086929321 20.2474098205566 23.7655467987061 12.3197774887085 34.7846870422363
20.3659839630127 15.1747274398804 10.4894962310791 8.94997692108154 5.5606255531311 7.75651788711548 3.80271744728088 1.532186627388 0.724385499954224 6.71672010421753 1.27387583255768 12.0718746185303 5.08360862731934 -0.345630198717117 -0.608302056789398 -1.42969119548798 28.7149658203125 31.7563743591309 24.8174533843994 18.9577388763428 11.4369850158691 8.39995193481445 7.31403684616089 6.60395097732544 6.13182544708252 4.01736974716187 16.3858184814453 5.96605491638184 3.39924263954163 2.65985298156738 6.5554370880127 -0.2213284522295 -1.26740658283234 28.9195804595947 22.9658164978027 16.1184692382812 12.3109149932861 7.91464424133301 8.22271633148193 7.67998123168945 32.9247970581055 25.691234588623 17.1613082885742 16.382230758667 15.2893218994141
24.4767475128174 21.8485946655273 12.1162700653076 7.58685159683228 5.96223640441895 5.04550361633301 1.90464961528778 0.738689482212067 0.456562787294388 -0.078551322221756 -0.715138852596283 -0.853386223316193 26.7320327758789 5.48029613494873 2.45632576942444 0.317721426486969 44.5535354614258 21.3005142211914 19.2270584106445 14.3198575973511 14.468900680542 12.365894317627 10.7437973022461 6.48948001861572 21.2236137390137 10.3185319900513 6.41023778915405 5.46181058883667 4.64331293106079 4.03201770782471 3.00744247436523 7.14997863769531 0.692020952701569 3.26543211936951 19.9889602661133 9.84438419342041 17.3965950012207 12.8153982162476 11.3319835662842 35.818431854248 29.7521667480469 16.7718334197998 15.8634071350098 13.5636358261108 10.2796020507812
46.6357574462891 27.8338184356689 15.9184713363647 14.5605554580688 3.08443236351013 28.8404769897461 5.51609325408936 0.569467008113861 9.67776584625244 16.257698059082 5.39689970016479 -0.193365886807442 0.572498321533203 -0.42705625295639 -2.08503580093384 16.6771469116211 9.73658657073975 37.7890815734863 31.6809673309326 21.8544158935547 16.4587707519531 9.26758193969727 8.11008930206299 7.06323719024658 6.13559484481812 5.39807271957397 3.049156665802 12.4620475769043 3.31635355949402 2.74459362030029 4.67041158676147 6.49617576599121 0.792023181915283 18.1391201019287 13.0766172409058 11.6542844772339 10.8595180511475 5.59407377243042 31.3666610717773 20.2859630584717 14.4713363647461 11.3160600662231 15.9355697631836 8.95910549163818 6.55231475830078
25.4101428985596 32.0870742797852 21.2172718048096 12.1796875 9.39519882202148 5.84691953659058 5.34306240081787 3.05457258224487 0.219606533646584 8.95590305328369 2.45515394210815 24.2191295623779 -0.686988592147827 19.8699493408203 -0.749938011169434 -1.14461493492126 -1.89089107513428 47.4592437744141 38.3536911010742 28.5321063995361 21.9177379608154 12.9556188583374 10.9741706848145 9.5775089263916 8.55344486236572 7.66198825836182 6.86691808700562 3.27711892127991 26.8277950286865 14.8845500946045 11.926176071167 0.862659931182861 0.783466041088104 5.59086799621582 23.1157627105713 4.81175470352173 3.49097728729248 7.34661769866943 7.01062393188477 6.35182237625122 15.6617679595947 11.6591167449951 17.4423484802246 11.725643157959 7.24139451980591
8.97042179107666 32.9811820983887 23.8098449707031 11.8850536346436 4.37312984466553 14.3902854919434 2.65997862815857 12.3930654525757 1.50808787345886 1.21864676475525 8.34184551239014 18.023946762085 0.587437808513641 -1.04912459850311 5.70572948455811 -0.560729682445526 2.08371734619141 10.0415554046631 45.5510482788086 26.9196281433105 18.4418144226074 17.400951385498 14.634861946106 12.6473979949951 10.4665155410767 9.70328712463379 8.64752674102783 6.87925052642822 6.40000295639038 2.62685227394104 2.10768604278564 26.9070281982422 20.0473785400391 16.1234264373779 18.8924160003662 6.02478218078613 2.60526633262634 1.94886636734009 0.763789236545563 12.6190242767334 18.1820201873779 12.5753164291382 20.1442031860352 14.3163785934448 6.3726601600647
4.02871084213257 29.9247608184814 5.66751480102539 19.7433471679688 6.04451322555542 1.15590620040894 2.01451516151428 -0.714788615703583 22.9895973205566 4.63879776000977 1.19804632663727 30.6954345703125 2.34866762161255 0.0371808111667633 -0.996869623661041 -1.11501395702362 18.4610939025879 16.0927658081055 36.4013519287109 20.4371852874756 13.7859029769897 12.8294925689697 2.45987296104431 2.36469793319702 26.6212291717529 20.6341762542725 14.5552625656128 11.0686264038086 4.99355411529541 4.86835241317749 0.577131330966949 2.06718635559082 39.7357063293457 35.0832901000977 20.8819675445557 7.77257204055786 1.76132988929749 1.14745509624481 0.217310726642609 10.4890022277832 15.4207572937012 38.8220863342285 21.1526985168457 19.1212940216064 5.77543067932129
