slauniainen/Data/DEM/Vihti_dem1500b_cl_horizonAngle_90.asc
NCOLS 196 
NROWS 178 
XLLCORNER 353680 
YLLCORNER 6699024 
CELLSIZE 16 
NODATA_value -3.4e+38 
[rows 120 to 139 of 178, columns 90 to 134 of 196]
2.46797728538513 2.79922437667847 3.22221565246582 3.62124729156494 3.76451587677002 3.86666035652161 3.98329663276672 4.11113595962524 4.2352991104126 4.37624549865723 4.52268695831299 4.67956161499023 4.8478364944458 5.01508617401123 5.19100475311279 5.39949893951416 5.62264633178711 5.86841487884521 6.13801670074463 6.43181324005127 6.75426721572876 7.11014986038208 7.5093092918396 7.94187927246094 9.22418212890625 11.0753793716431 14.2423238754272 17.722843170166 20.3990077972412 11.7268419265747 7.94693946838379 8.41760444641113 10.1635723114014 10.8374710083008 11.2503290176392 10.8253536224365 11.954628944397 16.2091197967529 19.0590305328369 10.4974870681763 0.473506957292557 0.97364866733551 2.24307680130005 3.24482655525208 3.90492630004883
2.71605515480042 3.08059811592102 3.52348303794861 3.95751166343689 4.17993879318237 4.30094528198242 4.42701482772827 4.56552648544312 4.71086549758911 4.86467123031616 5.02721691131592 5.2010293006897 5.38867473602295 5.5775294303894 5.77029371261597 6.00149345397949 6.24905109405518 6.52104949951172 6.81560277938843 7.15031814575195 7.69375038146973 8.54260540008545 9.60879421234131 11.0791416168213 13.2290992736816 16.3289031982422 19.2807426452637 22.469898223877 27.9308605194092 10.2037525177002 7.31756353378296 8.40147113800049 11.9659509658813 14.0887727737427 15.3148851394653 18.4214820861816 8.42806053161621 7.91098356246948 12.982006072998 8.23585605621338 1.3443169593811 -0.080665722489357 0.858160197734833 2.37507557868958 3.42477679252625
3.07078742980957 3.57997298240662 4.06257820129395 4.51674318313599 4.81558656692505 4.95716905593872 5.10117197036743 5.25698232650757 5.42763996124268 5.59913349151611 5.78924465179443 5.98764562606812 6.20198774337769 6.42473697662354 6.65611124038696 6.91385507583618 7.20158195495605 7.50821876525879 8.07945919036865 8.90253257751465 9.87930393218994 11.0867567062378 12.6291379928589 14.6864404678345 17.4590816497803 20.9995460510254 23.1817359924316 26.9124889373779 31.2686252593994 7.60857248306274 8.16657829284668 10.32932472229 13.3366146087646 17.382719039917 16.2505264282227 13.5152492523193 10.5257205963135 8.48993873596191 10.6809539794922 13.3476591110229 2.33239507675171 -0.822591960430145 -0.337989091873169 0.477706015110016 2.07253837585449
3.2490918636322 3.81851267814636 4.33506488800049 4.80933332443237 5.12519121170044 5.27571153640747 5.42447519302368 5.59672975540161 5.77804374694824 5.96980905532837 6.1810450553894 6.41192293167114 6.65821313858032 6.91919469833374 7.1878924369812 7.50325965881348 7.85694456100464 8.44634628295898 9.20239448547363 10.1102724075317 11.2164402008057 12.5851831436157 14.3158645629883 16.6144714355469 19.7156105041504 23.2329769134521 24.2877902984619 31.0186939239502 26.1067371368408 8.54399681091309 7.83351278305054 10.6353893280029 14.2879333496094 18.8028697967529 17.5845890045166 13.0027189254761 15.5371417999268 7.32262182235718 5.82896184921265 6.2079758644104 1.08554232120514 -1.04987382888794 -0.764349341392517 -0.40038600564003 0.395972639322281
3.20165848731995 4.00543260574341 4.65397691726685 5.15782642364502 5.50953674316406 5.68467473983765 5.8619909286499 6.05632305145264 6.2579665184021 6.46926784515381 6.69900512695312 6.94797468185425 7.21527051925659 7.49833011627197 7.79492378234863 8.12484169006348 8.58888626098633 9.23252296447754 9.97938251495361 10.8798608779907 11.9403600692749 13.218807220459 14.796124458313 17.0686416625977 20.2828273773193 23.7818069458008 23.8069858551025 26.0690536499023 29.6087951660156 15.1404581069946 8.31441116333008 9.60292911529541 12.5499782562256 14.6577253341675 17.4089908599854 15.1801891326904 14.9613828659058 16.3903846740723 2.23644709587097 2.32928586006165 2.14438796043396 -1.17891943454742 -0.988896012306213 -0.846539318561554 -0.162106737494469
3.05583310127258 4.06510448455811 4.71362829208374 5.2277889251709 5.52869462966919 5.69705057144165 5.87163019180298 6.05734014511108 6.2517409324646 6.46406364440918 6.68915557861328 6.93706464767456 7.2071590423584 7.48890781402588 7.78759336471558 8.12159824371338 8.65059947967529 9.30215740203857 10.0460710525513 10.9441719055176 12.0099897384644 13.2791633605957 14.8815927505493 16.9360332489014 19.5298652648926 22.2218685150146 22.8335227966309 24.1051235198975 23.6693572998047 20.6906108856201 8.19551086425781 8.50900077819824 10.1336488723755 11.8691062927246 13.8231887817383 16.1174373626709 19.1645259857178 25.9154224395752 6.29617404937744 0.40875256061554 0.602946817874908 -1.0980132818222 -0.988740921020508 -0.791005849838257 -0.532992124557495
3.19375872612 4.13517713546753 4.79901313781738 5.31228542327881 5.53280353546143 5.70747661590576 5.8815131187439 6.0640926361084 6.26217603683472 6.46717929840088 6.68282318115234 6.92203140258789 7.17966794967651 7.45429944992065 7.74174499511719 8.05624294281006 8.52268981933594 9.11578941345215 9.7955150604248 10.5968723297119 11.6059684753418 12.8472690582275 14.4171943664551 16.3856601715088 18.9340286254883 20.9438819885254 22.5185031890869 24.5331897735596 26.1169376373291 17.419412612915 10.8056907653809 8.17224407196045 9.409348487854 10.674880027771 11.6900959014893 14.476957321167 18.7307376861572 26.9958934783936 8.2975549697876 -1.01085579395294 -0.916921675205231 0.42097795009613 -0.901849269866943 -0.831226944923401 -0.423216968774796
3.51511454582214 4.19984102249146 4.78549194335938 5.26899719238281 5.4924430847168 5.66031885147095 5.82995319366455 6.01267337799072 6.20600032806396 6.4101505279541 6.62974977493286 6.86278486251831 7.11469459533691 7.38550233840942 7.67623043060303 7.9889030456543 8.44095325469971 9.07895278930664 9.81416034698486 10.67662525177 11.7021598815918 12.970606803894 14.5861644744873 16.4483642578125 17.9166946411133 19.1355590820312 20.2472019195557 21.4930305480957 22.5835781097412 17.6933898925781 8.13366508483887 8.14795970916748 9.28709983825684 10.4093294143677 11.2641658782959 13.3480386734009 17.0578937530518 23.5454406738281 8.27449417114258 -0.590253174304962 0.599941909313202 1.09917044639587 -0.967349708080292 -0.965795874595642 -0.746466398239136
3.8199200630188 4.35800552368164 4.86575365066528 5.30690908432007 5.53991889953613 5.71401023864746 5.88679218292236 6.06927347183228 6.26489639282227 6.46913480758667 6.69667863845825 6.94291114807129 7.20601749420166 7.48983383178711 7.79254770278931 8.12132930755615 8.47656726837158 9.11789608001709 9.85800170898438 10.7242021560669 11.759373664856 13.1433086395264 14.9786777496338 16.8047275543213 18.1548805236816 20.4272708892822 23.2284755706787 17.2145957946777 17.2405300140381 12.4482879638672 8.47728729248047 8.59777927398682 9.65148830413818 10.8009767532349 11.6228723526001 13.4975805282593 16.6199779510498 17.0932312011719 6.5373706817627 3.89279389381409 4.08505773544312 0.273232817649841 1.48220276832581 -1.46126043796539 -1.17878139019012
4.38112926483154 4.84152412414551 5.27163982391357 5.70292091369629 5.93961715698242 6.12914896011353 6.32269525527954 6.52502393722534 6.73755311965942 6.9718656539917 7.21415424346924 7.47870635986328 7.7636137008667 8.07047271728516 8.40196323394775 8.7546501159668 9.14093017578125 9.56173992156982 10.0303230285645 10.7920837402344 11.8534269332886 13.2993068695068 15.1199464797974 17.7029209136963 19.2534351348877 21.8138961791992 23.5594902038574 15.5907649993896 15.9677152633667 11.903995513916 10.3916368484497 10.1772489547729 11.4711751937866 12.56383228302 13.3659954071045 15.5021886825562 19.892936706543 10.2374897003174 3.84948396682739 5.23848009109497 7.41218423843384 1.7777373790741 -0.779877483844757 -1.75156223773956 -1.61533200740814
4.87852907180786 5.27278995513916 5.65701007843018 6.04255533218384 6.24529981613159 6.44225072860718 6.64553546905518 6.85697984695435 7.07956743240356 7.30514192581177 7.56025981903076 7.8578143119812 8.15964412689209 8.48020648956299 8.85389518737793 9.26349830627441 9.71525478363037 10.2155647277832 10.7678327560425 11.4208955764771 12.4276123046875 13.6276264190674 15.2902565002441 17.3231468200684 18.6739406585693 19.9842300415039 22.7845115661621 19.2628746032715 17.6008987426758 14.9738388061523 13.6079111099243 11.3042211532593 11.8393306732178 11.9403686523438 13.0054807662964 13.0792760848999 8.52602863311768 8.91106033325195 4.11392402648926 3.17969536781311 3.9749550819397 1.19336199760437 -1.05806720256805 -1.91013371944427 -1.8241628408432
5.31444978713989 5.66856813430786 5.99911069869995 6.26249027252197 6.46375751495361 6.65892696380615 6.8712944984436 7.05883598327637 7.14282369613647 7.07827281951904 7.22960805892944 7.64410877227783 8.50465202331543 8.96642875671387 9.42032527923584 9.90692806243896 10.5070886611938 11.1882600784302 11.991304397583 12.9599533081055 14.0933542251587 15.4409122467041 16.9923419952393 18.5832118988037 19.7983989715576 20.6275062561035 22.8541812896729 20.7147197723389 21.5916328430176 19.7251892089844 22.4262046813965 11.5304183959961 9.99190521240234 9.9279260635376 7.63028812408447 8.25155448913574 9.31360054016113 11.272403717041 5.78042316436768 2.75486731529236 1.27176356315613 -1.77058613300323 -2.03024458885193 -2.02488684654236 -1.95165956020355
5.69765090942383 6.00585889816284 6.27502918243408 6.4646430015564 6.70810270309448 7.93387603759766 8.97442245483398 10.4916753768921 10.0177392959595 9.73545360565186 6.64266157150269 6.6473560333252 7.86174869537354 9.15461158752441 9.96885776519775 10.8000068664551 11.5242986679077 12.2611465454102 13.2495050430298 14.3001489639282 15.5537395477295 16.99658203125 18.5262260437012 20.1047286987305 21.7508296966553 23.1716384887695 23.3983840942383 22.0821590423584 22.4628925323486 20.9180488586426 21.6434154510498 11.8368310928345 6.7567458152771 7.8155779838562 6.98869848251343 8.29620838165283 10.229115486145 12.7584190368652 6.62664127349854 2.01131987571716 -1.31935930252075 -2.5442476272583 -2.33164024353027 -2.28631830215454 -2.25937914848328
6.58585453033447 7.59188079833984 8.44949340820312 9.39305877685547 10.1821346282959 11.716477394104 12.9270219802856 13.5093078613281 14.9824819564819 20.6728916168213 9.53159999847412 5.67293977737427 6.30080604553223 7.61838150024414 8.68179225921631 9.97396373748779 11.194130897522 12.0020542144775 13.430570602417 15.3292865753174 16.9084243774414 18.9900493621826 21.5205249786377 24.5024242401123 27.0425910949707 30.0636234283447 30.6081523895264 28.7433643341064 17.3160591125488 12.3243808746338 8.84487819671631 10.520227432251 6.96972560882568 7.02768325805664 7.44790267944336 8.40990734100342 9.61689949035645 11.3657083511353 7.89303350448608 0.943846762180328 -2.91626596450806 -2.74376058578491 -2.52553200721741 -2.47287058830261 -2.45702528953552
8.74599266052246 9.39383411407471 10.0093784332275 10.8652267456055 11.6299476623535 12.4371938705444 13.1925535202026 14.1980218887329 15.0554904937744 18.6154937744141 16.0056629180908 4.7474250793457 5.10907077789307 5.70751953125 6.09193277359009 8.37707805633545 10.3820581436157 11.853178024292 13.4878807067871 15.687611579895 17.9455432891846 20.0252590179443 23.2506580352783 28.2340755462646 32.3991355895996 38.4046936035156 21.5885391235352 21.7723217010498 15.6229000091553 7.80890083312988 6.29555320739746 6.29254388809204 6.35535764694214 6.57592105865479 6.97899770736694 7.74294900894165 8.0154447555542 8.81178569793701 7.83257818222046 2.46755933761597 -2.93343782424927 -2.7665491104126 -2.56578826904297 -2.53719830513 -2.49781179428101
8.45415687561035 9.05276489257812 9.79886341094971 11.3880014419556 13.6349430084229 10.1185970306396 10.0036811828613 11.5333528518677 12.44873046875 11.7068290710449 15.9655933380127 4.37123584747314 4.53416538238525 4.9061222076416 5.35635471343994 6.5334587097168 8.72037410736084 10.8481016159058 13.1307039260864 15.4995718002319 18.1761016845703 20.4454669952393 23.5141181945801 28.0534629821777 30.1674213409424 33.2916145324707 21.7342357635498 19.4284629821777 17.162296295166 6.00606489181519 5.10587406158447 5.39688301086426 6.18303346633911 6.44127035140991 6.80273580551147 7.36227512359619 7.99219942092896 8.99213123321533 10.1706695556641 3.31159925460815 -2.4984302520752 -2.45080661773682 -2.4076623916626 -2.35771679878235 -2.34784603118896
8.81577777862549 10.2089309692383 12.0309743881226 14.2835845947266 14.2174577713013 11.7164688110352 7.28168439865112 9.06611824035645 9.90144157409668 5.28052568435669 9.49588394165039 4.18677711486816 4.2751522064209 4.73626470565796 5.37626647949219 6.38294506072998 7.83852863311768 9.69555568695068 12.215765953064 14.8075180053711 17.6150417327881 21.847936630249 24.9814376831055 28.6040592193604 31.7974090576172 30.0127792358398 17.9892749786377 17.0712261199951 19.7450504302979 4.23523759841919 4.04686498641968 4.94301271438599 5.92195653915405 6.41549682617188 6.54606485366821 6.89422369003296 7.39165782928467 8.11969661712646 9.22849655151367 3.95249605178833 -1.98127615451813 -1.98321747779846 -1.8878253698349 -0.0780826732516289 -1.86261916160583
9.68447685241699 11.4262771606445 13.6865491867065 12.8218603134155 13.4459819793701 7.83614444732666 4.76302671432495 4.25326538085938 5.00208711624146 4.0801157951355 4.27538156509399 4.41095542907715 4.46570634841919 4.90484523773193 5.64716482162476 6.48228979110718 7.46184396743774 8.77058696746826 10.5248403549194 12.1829175949097 13.8500175476074 19.1658172607422 25.1389789581299 29.0383186340332 35.3841972351074 28.849006652832 20.3359661102295 12.8023319244385 11.0268220901489 6.84982347488403 3.29672908782959 4.05928516387939 4.89729404449463 5.24555158615112 5.72272777557373 5.93398857116699 6.29109954833984 6.87560939788818 7.43579816818237 4.51413440704346 0.712925672531128 -1.91761064529419 -1.31183636188507 0.271457016468048 -1.96213173866272
9.01455783843994 10.4294471740723 11.8207483291626 12.136212348938 9.17471981048584 6.46562910079956 4.69839143753052 3.75249934196472 3.89005708694458 4.10352563858032 4.39444446563721 4.66237211227417 4.85344266891479 5.23650074005127 5.91155576705933 6.64356756210327 7.47432374954224 8.3932523727417 9.29118156433105 9.97268772125244 11.7734069824219 14.8648691177368 24.231502532959 28.8656673431396 37.3235015869141 28.8919143676758 20.9262351989746 14.2705106735229 6.8270378112793 5.98233890533447 2.81952142715454 3.28903365135193 3.93118977546692 4.0750036239624 4.60894584655762 5.78729200363159 5.28449440002441 5.7634391784668 4.73505210876465 4.49830436706543 5.05430269241333 0.286483079195023 -1.24706387519836 -0.365983873605728 -1.99238240718842
5.67237663269043 6.79246425628662 5.72720956802368 5.91413545608521 6.47596025466919 5.66164970397949 4.42631578445435 4.06605911254883 4.13760900497437 4.42209386825562 4.77884721755981 5.1485652923584 5.56135416030884 5.87663459777832 6.30882263183594 6.78577852249146 7.47954511642456 7.63397550582886 8.17758274078369 8.99534130096436 10.2068252563477 12.6806049346924 22.2694969177246 28.8390655517578 35.9080696105957 34.554931640625 20.3007431030273 14.0944700241089 6.5667085647583 3.29885578155518 2.3803117275238 2.51904606819153 3.19974589347839 3.79490518569946 4.22636795043945 5.39524602890015 5.82028245925903 5.83785772323608 4.46466970443726 5.35457944869995 6.13290166854858 1.90901410579681 -0.286100596189499 -1.46573925018311 -2.8296229839325
