slauniainen/Data/DEM/Vihti_dem1500b_cl_horizonAngle_270.asc
NCOLS 196 
NROWS 178 
XLLCORNER 353680 
YLLCORNER 6699024 
CELLSIZE 16 
NODATA_value -3.4e+38 
[rows 40 to 59 of 178, columns 45 to 89 of 196]
1.55544686317444 1.45423543453217 1.3734245300293 1.28624999523163 1.18316888809204 1.90752685070038 2.96692037582397 1.90331959724426 1.44898879528046 1.16895818710327 1.1140068769455 0.976273953914642 0.907257854938507 0.860432505607605 0.829186856746674 0.806531190872192 0.768410503864288 0.692776501178741 0.64624434709549 0.619713962078094 0.596880853176117 0.583234548568726 0.569585561752319 0.554106295108795 0.544639766216278 0.534463346004486 0.522163450717926 0.512390494346619 0.511024475097656 0.613108992576599 0.913037061691284 1.15510165691376 0.939872682094574 0.624831676483154 0.231770470738411 0.111035488545895 0.0574186183512211 0.0236673299223185 -0.109211683273315 -0.210416257381439 -0.263354957103729 -0.304460287094116 -0.346167474985123 -0.402717411518097 -0.457228690385818
1.74918293952942 1.6595002412796 1.57393026351929 1.48620188236237 1.43407988548279 1.42047023773193 1.39113891124725 1.31984055042267 1.25330865383148 1.18322241306305 1.10409498214722 0.954229235649109 0.888835906982422 0.852967500686646 0.829439461231232 0.817230939865112 0.742469549179077 0.67963182926178 0.650197505950928 0.628993034362793 0.614525079727173 0.6040118932724 0.596466898918152 0.579363346099854 0.56736695766449 0.560379981994629 0.55276882648468 0.542653799057007 0.533306419849396 0.521846771240234 0.517043769359589 0.419335901737213 0.548939168453217 1.04267716407776 0.602892220020294 0.175618439912796 0.0732349902391434 -0.100626312196255 -0.203442573547363 -0.290078848600388 -0.317457258701324 -0.372275531291962 -0.429022580385208 -0.478190630674362 -0.535633683204651
1.62511491775513 1.54245293140411 1.46074736118317 1.36437141895294 1.35125470161438 1.29083955287933 1.23348498344421 1.15578377246857 1.06977581977844 0.981439352035522 0.922639906406403 0.809998393058777 0.745801866054535 0.716151356697083 0.688004672527313 0.679586052894592 0.612755179405212 0.577339649200439 0.567067563533783 0.60237318277359 0.553950548171997 0.543941378593445 0.533596694469452 0.511544823646545 0.489777505397797 0.477856606245041 0.457125425338745 0.434063881635666 0.410719871520996 0.4057856798172 0.403896540403366 0.377329081296921 0.561696767807007 0.358491450548172 1.01173269748688 0.770631074905396 0.0226461738348007 -0.135446473956108 -0.203268781304359 -0.263455092906952 -0.340976178646088 -0.374650299549103 -0.443471252918243 -0.500311434268951 -0.56216698884964
1.49606871604919 1.40410566329956 1.31802129745483 1.2887008190155 1.22398924827576 1.15686857700348 1.09337079524994 1.00299525260925 0.925341248512268 0.856761753559113 0.79312664270401 0.705119967460632 0.643639326095581 0.624808728694916 0.607139647006989 0.587031960487366 0.555792093276978 0.529464185237885 0.502937793731689 0.49286875128746 0.459885895252228 0.439367592334747 0.423483580350876 0.41631355881691 0.392154961824417 0.371865123510361 0.354135125875473 0.340722560882568 0.311210542917252 0.308161199092865 0.292557835578918 0.277539014816284 0.526934266090393 0.237853139638901 0.416456609964371 1.20947408676147 0.586972773075104 -0.028247382491827 -0.204254046082497 -0.254319995641708 -0.311384379863739 -0.38525727391243 -0.438224226236343 -0.497761487960815 -0.574776291847229
1.58936285972595 1.46620345115662 1.37479889392853 1.30441498756409 1.22353398799896 1.1451541185379 1.0533754825592 0.938916683197021 0.856970012187958 0.785555422306061 0.713969647884369 0.658022224903107 0.580447852611542 1.44272267818451 0.578717947006226 0.53385603427887 0.495404839515686 0.471525132656097 0.450937390327454 0.421142309904099 0.408309251070023 0.395609527826309 0.374457240104675 0.353136420249939 0.345021903514862 0.33160126209259 0.30794820189476 0.280635207891464 0.264511704444885 0.273260146379471 0.235744073987007 0.228373616933823 0.649960219860077 0.218606561422348 0.232894510030746 0.8271604180336 1.01674449443817 0.375390946865082 -0.0997923761606216 -0.248572275042534 -0.291512578725815 -0.365581065416336 -0.425172626972198 -0.489448457956314 -0.575496137142181
1.73853957653046 1.61836230754852 1.39307582378387 1.20310866832733 1.06890177726746 0.936180055141449 0.836755156517029 0.776228070259094 0.720533311367035 0.69058620929718 0.746196985244751 0.855786383152008 0.646402418613434 0.638953983783722 0.612474143505096 0.571093678474426 0.526411414146423 0.508706390857697 0.495925456285477 0.46555295586586 0.440030634403229 0.427634626626968 0.417275041341782 0.390904635190964 0.368453353643417 0.355526208877563 0.340819627046585 0.30783674120903 0.293993085622787 0.276404231786728 0.25233319401741 0.78282755613327 0.251932799816132 0.241269960999489 0.235205695033073 0.297602325677872 1.17770028114319 0.981347560882568 0.239844113588333 -0.143545985221863 -0.242675170302391 -0.29787015914917 -0.39325487613678 -0.467995643615723 -0.549941658973694
1.41690480709076 1.33247041702271 1.02331125736237 0.876147627830505 0.816041529178619 0.754891812801361 0.710580050945282 0.671624779701233 0.657484829425812 0.625978708267212 0.605928659439087 0.57948249578476 0.576940774917603 0.56972199678421 0.543747186660767 0.517951309680939 0.488385319709778 0.473953306674957 0.440441131591797 0.431262373924255 0.410163640975952 0.384323745965958 0.36455699801445 0.35619130730629 0.338028788566589 0.309962451457977 0.288894951343536 0.272044718265533 0.265190362930298 0.226216644048691 0.217767938971519 0.917052149772644 0.207706660032272 0.206565409898758 0.199821457266808 0.175324589014053 0.472570061683655 1.0695925951004 0.781898856163025 0.116130135953426 -0.171012982726097 -0.236926048994064 -0.295608669519424 -0.384932398796082 -0.470936924219131
1.34855151176453 1.14275085926056 0.77660596370697 0.683164119720459 0.629297077655792 0.589167296886444 0.55129861831665 0.531741619110107 0.697928845882416 0.516862392425537 0.496592789888382 0.474759578704834 0.437149852514267 0.436668127775192 0.421398878097534 0.402356892824173 0.38995349407196 0.384980082511902 0.351403534412384 0.332458287477493 0.320739030838013 0.31188827753067 0.287475943565369 0.267731606960297 0.256857693195343 0.242729097604752 0.208043500781059 0.198061719536781 0.18772591650486 0.153881520032883 0.672005176544189 0.150712117552757 0.142084643244743 0.288655012845993 0.13282310962677 0.179086983203888 0.175788030028343 0.412782162427902 1.11587083339691 0.686674356460571 0.0516020655632019 -0.174257889389992 -0.230412676930428 -0.305192172527313 -0.419242203235626
1.44014394283295 0.939178645610809 0.600223064422607 0.519804120063782 0.467753171920776 0.430001527070999 0.405103713274002 0.467379480600357 0.454471260309219 0.394518435001373 0.366769999265671 0.358114510774612 0.343303561210632 0.323811084032059 0.290191769599915 0.269250631332397 0.264304906129837 0.254398077726364 0.249117389321327 0.231553927063942 0.208639040589333 0.190304234623909 0.189046144485474 0.173569887876511 0.149914279580116 0.131313472986221 0.116082318127155 0.113867223262787 0.0708477199077606 0.0639820322394371 0.766820549964905 0.0502821728587151 0.132642030715942 0.48084768652916 0.0434340946376324 0.0449699573218822 0.17783023416996 0.140913352370262 0.582390189170837 0.579596936702728 0.43900865316391 -0.00109478179365396 -0.180409505963326 -0.256344169378281 -0.371311545372009
1.72022891044617 1.0386027097702 0.848822236061096 0.750559747219086 0.694235622882843 0.638458788394928 0.611354291439056 0.599705874919891 0.576530456542969 0.563046932220459 0.541841626167297 0.52116072177887 0.506056368350983 0.478085070848465 0.445153266191483 0.42205286026001 0.391534745693207 0.371274143457413 0.351666957139969 0.337634205818176 0.326691031455994 0.299241095781326 0.284276753664017 0.274704903364182 0.2546566426754 0.225181072950363 0.206627830862999 0.197110936045647 0.159665584564209 0.159189447760582 0.150380089879036 0.133313998579979 0.724821984767914 0.243467465043068 0.116654917597771 0.113686867058277 0.192542314529419 0.167195722460747 0.163755610585213 0.425813466310501 0.626139521598816 0.389296591281891 -0.0476866625249386 -0.2252007573843 -0.328551828861237
1.73252606391907 1.1554182767868 0.987231194972992 0.884458124637604 0.813703775405884 0.750498354434967 0.721712172031403 0.698670446872711 0.663177192211151 0.643048226833344 0.618895590305328 0.587791323661804 0.564454019069672 0.534893393516541 0.508841991424561 0.482495009899139 0.464374929666519 0.435439437627792 0.405009329319 0.382798135280609 0.354615718126297 0.338647842407227 0.320359438657761 0.297403633594513 0.279783219099045 0.258727759122849 0.242837190628052 0.209323316812515 0.189753100275993 0.475506842136383 0.160634696483612 0.15655854344368 0.983136534690857 0.154487699270248 0.136657550930977 0.133884817361832 0.128935635089874 0.281893283128738 0.235448956489563 0.219666913151741 0.307464838027954 0.482377529144287 0.218999847769737 -0.187062457203865 -0.29707059264183
1.92583250999451 1.37229013442993 1.15017449855804 1.01208782196045 0.909066796302795 0.89166933298111 0.855999767780304 0.815554678440094 0.782754719257355 0.757824242115021 0.705622613430023 0.680571615695953 0.643129050731659 0.605585992336273 0.586649477481842 0.561586380004883 0.672305643558502 0.51142543554306 0.485376745462418 0.476424396038055 0.451174765825272 0.410230457782745 0.375173509120941 0.356039941310883 0.325033962726593 0.310022383928299 0.298055768013 0.259715616703033 0.247977823019028 0.229614317417145 0.202866360545158 0.653402209281921 0.322927922010422 0.19208325445652 0.177933618426323 0.173101961612701 0.163926169276237 0.245215952396393 0.23055861890316 0.271798521280289 0.201708316802979 0.358047515153885 0.437806606292725 0.0674451589584351 -0.238294363021851
2.37921500205994 1.896613240242 1.45511388778687 1.25888073444366 1.13173615932465 1.09627366065979 1.04256284236908 0.989810466766357 0.937538146972656 0.889381647109985 0.835843145847321 0.798526883125305 0.757105350494385 0.725449085235596 0.697128713130951 0.691002428531647 0.681579768657684 0.601836919784546 0.588110327720642 0.582075536251068 0.578774213790894 0.541014671325684 0.49162495136261 0.4407599568367 0.404724955558777 0.391010165214539 0.361865818500519 0.329265385866165 0.502074360847473 0.282736003398895 0.268569260835648 1.05760300159454 0.257008224725723 0.247477188706398 0.242916390299797 0.228351145982742 0.222392216324806 0.219324439764023 0.189668715000153 0.176150023937225 0.153888344764709 0.16024948656559 0.36987692117691 0.319417327642441 -0.183472886681557
2.77411937713623 2.2997305393219 2.09881114959717 1.75272846221924 1.50947082042694 1.39672100543976 1.28665113449097 1.21209418773651 1.13243901729584 1.0574563741684 0.997492074966431 0.956012189388275 0.908880352973938 0.890049338340759 0.859501719474792 1.18611145019531 0.769167602062225 0.726600110530853 0.723374247550964 0.702719628810883 0.678294003009796 0.663397669792175 0.634247243404388 0.59306275844574 0.528534352779388 0.497327148914337 0.458573281764984 0.435061037540436 0.41779562830925 0.377901524305344 0.36242139339447 0.360114812850952 0.331721663475037 0.452982366085052 0.321503877639771 0.301739782094955 0.294535964727402 0.285461753606796 0.267167747020721 0.203546330332756 0.299869894981384 0.208661362528801 0.251308381557465 0.408697932958603 0.0276739727705717
3.13102507591248 2.73766756057739 2.41221237182617 2.08200883865356 2.0224437713623 1.79342520236969 1.54405677318573 1.41576027870178 1.28099167346954 1.17476451396942 1.11594724655151 1.06588745117188 1.03298830986023 1.54521512985229 1.02272582054138 0.974077999591827 0.833312571048737 0.806522727012634 0.80070024728775 0.795211911201477 0.758093535900116 0.7274209856987 0.700125277042389 0.680788397789001 0.646339893341064 0.616152584552765 0.563774466514587 0.514661192893982 0.469088345766068 0.435963958501816 0.539036273956299 0.408089578151703 0.39190137386322 1.12547039985657 0.371868163347244 0.347108095884323 0.337954133749008 0.332905501127243 0.296535670757294 0.283009916543961 0.21919946372509 0.381979495286942 0.24115888774395 0.402250558137894 0.327661097049713
3.96580576896667 3.47081351280212 3.15255951881409 2.3954873085022 2.17159914970398 2.14716267585754 2.10128664970398 1.89821100234985 1.65682601928711 1.48653030395508 1.37295067310333 1.28474199771881 1.53430831432343 1.35683655738831 1.22937548160553 1.07380604743958 0.988749325275421 0.961152493953705 0.928743481636047 0.901122391223907 0.875398218631744 0.833831608295441 0.799418449401855 0.767622232437134 0.746981620788574 0.717398762702942 0.675503373146057 0.627450346946716 0.574058949947357 0.518119096755981 0.498845219612122 0.468044489622116 0.46253490447998 0.456300258636475 0.42152601480484 0.394421577453613 0.380600184202194 0.369553744792938 0.366987407207489 0.35920175909996 0.358205318450928 0.229575082659721 0.208388149738312 0.335495054721832 0.334374934434891
3.67313957214355 5.97323179244995 4.78692293167114 2.69546318054199 2.35017490386963 2.24901700019836 2.12978529930115 2.12341618537903 2.1121346950531 1.9001327753067 1.68066442012787 1.54822421073914 1.94473659992218 1.51222145557404 1.36688101291656 1.20748746395111 1.14454293251038 1.13046932220459 1.10091173648834 1.03949856758118 1.00109553337097 0.976610243320465 0.937073051929474 0.895407676696777 0.868875801563263 0.842834055423737 0.793215751647949 0.744924366474152 0.723266541957855 0.69009917974472 0.636918067932129 0.5933877825737 0.581883728504181 0.536440372467041 0.51110851764679 0.48587629199028 0.466826111078262 0.452947914600372 0.448674142360687 0.441184967756271 0.43728318810463 0.320735663175583 0.260814934968948 0.270978897809982 0.387989789247513
1.6000280380249 8.30983352661133 8.39703273773193 5.0383620262146 3.64051175117493 2.97780823707581 2.52148604393005 2.35884404182434 2.24287486076355 2.19937992095947 2.08562588691711 1.7858909368515 1.68204605579376 1.54063260555267 1.34520769119263 1.23308348655701 1.20422196388245 1.16059374809265 1.12154316902161 1.08655154705048 1.04922354221344 1.02815175056458 0.997544884681702 0.981894731521606 0.961483359336853 0.932452380657196 0.811724841594696 0.774928510189056 0.738476991653442 0.72463458776474 0.701735436916351 0.655555605888367 0.615520298480988 0.562477707862854 0.534089326858521 0.509613633155823 0.488195478916168 0.474472135305405 0.459912896156311 0.453471750020981 0.448980122804642 0.372726023197174 0.337360948324203 0.328241050243378 0.62187796831131
4.53624868392944 7.64398241043091 10.683856010437 6.26271963119507 4.3743371963501 3.69669008255005 3.10302829742432 2.8237464427948 2.65517520904541 2.49845433235168 2.35604596138 2.32764387130737 2.28602623939514 2.03492283821106 1.76762473583221 1.59693777561188 1.53761255741119 1.47655832767487 1.38049101829529 1.30424773693085 1.26156795024872 1.20328044891357 1.1632936000824 1.14069855213165 1.12084591388702 1.08248591423035 1.03682780265808 0.893999695777893 0.85456907749176 0.824332416057587 0.80129200220108 0.756336152553558 0.704608976840973 0.644945204257965 0.601826429367065 0.568218052387238 0.546075403690338 0.524787962436676 0.508745551109314 0.497451156377792 0.491063952445984 0.487224102020264 0.476163446903229 0.467276573181152 0.618340313434601
8.10895919799805 8.52509307861328 11.2375297546387 7.60478973388672 5.66521263122559 4.62328243255615 3.96882581710815 3.46849822998047 3.15385127067566 2.91289186477661 2.71399068832397 2.58244872093201 2.48159265518188 2.44797086715698 2.32986950874329 2.09280371665955 1.94494962692261 1.84625971317291 1.75815403461456 1.63786828517914 1.58658981323242 1.54837810993195 1.51102650165558 1.47517549991608 1.43191421031952 1.39541256427765 1.3484274148941 1.20080852508545 1.09393811225891 1.04955184459686 0.99745899438858 0.950956463813782 0.897100567817688 0.824737191200256 0.78826642036438 0.751530230045319 0.718918740749359 0.694818615913391 0.67652952671051 0.662339270114899 0.649649024009705 0.642270445823669 0.62677925825119 0.616284549236298 0.681006073951721
