slauniainen/Data/DEM/Vihti_dsm1500b_cl_horizonAngle_204.asc
NCOLS 196 
NROWS 178 
XLLCORNER 353680 
YLLCORNER 6699024 
CELLSIZE 16 
NODATA_value -3.4e+38 
[rows 20 to 39 of 178, columns 46 to 91 of 196]
-2.76400518417358 -1.82932794094086 -4.95254850387573 -4.83872365951538 -4.71668100357056 -4.1985239982605 -4.79541254043579 -4.13466262817383 -1.30722534656525 1.36722123622894 0.671869277954102 3.61747670173645 2.81420564651489 11.7296123504639 -1.87415409088135 -2.6006543636322 -2.35722541809082 5.25133848190308 -0.472687542438507 12.094033241272 -1.93535077571869 -1.87263977527618 -1.71506404876709 -1.46652436256409 0.573828160762787 9.15493297576904 3.26243233680725 25.9736595153809 0.152606606483459 19.6058731079102 1.92459356784821 1.67849981784821 1.69750893115997 2.58201241493225 1.8459564447403 2.09069514274597 1.81040990352631 1.96281373500824 1.8953458070755 1.86371910572052 1.89620387554169 1.72269690036774 1.84368634223938 1.77167105674744 1.96506774425507 1.6873482465744
-2.64190053939819 -4.44404602050781 -4.51246976852417 -4.52396154403687 -4.55772972106934 -4.04357194900513 -4.35792207717896 -3.54864430427551 0.933378100395203 1.04663848876953 3.3802547454834 4.75908231735229 11.6027402877808 -2.04382228851318 -1.66006243228912 -2.42294430732727 -1.85536873340607 -1.973100066185 -1.83896231651306 -2.00172901153564 6.00454092025757 -1.25632214546204 -1.34195017814636 8.73513507843018 8.76663780212402 4.12859296798706 2.25142312049866 -0.457664132118225 38.697998046875 2.16325640678406 2.27505469322205 1.87473702430725 2.82089018821716 2.17817139625549 2.23270344734192 2.36650776863098 2.19736313819885 1.91182863712311 2.11584806442261 2.05509328842163 2.05178380012512 1.63459920883179 1.95288681983948 1.91280508041382 1.70176041126251 1.65793347358704
-2.63603019714355 -3.37740683555603 -4.06409549713135 -3.96965169906616 -3.63574886322021 -3.80157661437988 0.838244795799255 1.59008491039276 4.5833911895752 3.66097378730774 4.34342193603516 32.7417221069336 -0.0544577836990356 1.45006322860718 -1.00885450839996 -1.87114560604095 -1.26394951343536 -1.65663993358612 -1.93560838699341 -1.56255340576172 -1.39425206184387 -0.578676462173462 -0.972438275814056 7.24221277236938 0.684704184532166 -0.927091777324677 -0.759544312953949 0.889956057071686 -0.353513538837433 2.53721284866333 2.74973750114441 1.95803475379944 3.19893884658813 2.31030631065369 2.64345097541809 2.22138929367065 2.45050764083862 2.37529325485229 2.24335503578186 2.22147989273071 2.02809405326843 2.13182044029236 1.94293963909149 2.02105975151062 1.56790208816528 1.70983278751373
-3.05350399017334 -2.76810908317566 -3.60342383384705 -3.72852873802185 -3.37328290939331 -1.96351420879364 -0.836515128612518 5.36625480651855 7.04173946380615 3.69656920433044 5.76336622238159 1.30443727970123 12.9698905944824 0.184595808386803 -0.838146209716797 -0.410079091787338 -1.00530278682709 -1.23353922367096 -1.70437669754028 -1.00493156909943 0.967585682868958 14.1472826004028 -0.859030842781067 -0.764492511749268 -0.480423331260681 3.58564424514771 0.153895333409309 3.66490411758423 3.0511622428894 3.59297370910645 2.621253490448 3.62747240066528 2.78973340988159 2.66146540641785 2.86010837554932 2.71352958679199 2.36689448356628 2.55882477760315 2.38888740539551 2.37158131599426 1.94070327281952 2.28937172889709 2.17622113227844 1.83876383304596 1.71221768856049 1.73361504077911
-2.74734282493591 -3.30399131774902 -3.55981659889221 -3.3439199924469 -3.26158690452576 17.5238800048828 5.73757410049438 9.77438735961914 9.21300888061523 7.87064170837402 20.9051055908203 8.1869535446167 -0.055917214602232 9.39021873474121 2.8612117767334 1.43072414398193 7.02484750747681 9.29794502258301 0.651379883289337 19.5739974975586 -0.781129419803619 1.01528334617615 -0.849827945232391 -0.725428104400635 -0.0705421715974808 0.078424297273159 4.50031709671021 4.46012210845947 3.76195454597473 4.58358001708984 2.87417221069336 4.02277612686157 2.7526421546936 3.20411729812622 2.70077538490295 2.94344210624695 2.80812478065491 2.34639453887939 2.53630423545837 2.55146145820618 2.47089266777039 2.27954244613647 2.36290574073792 1.77847480773926 1.86430561542511 2.25123500823975
-2.57125377655029 -0.327295511960983 1.141068816185 7.70709705352783 -0.610907077789307 2.57170152664185 17.4917964935303 12.7666921615601 9.6931676864624 8.6715669631958 5.09187936782837 8.94920825958252 25.9201622009277 5.45962810516357 6.41871881484985 13.3443641662598 17.513744354248 0.427515476942062 -0.573094725608826 -1.01933813095093 -0.544112801551819 -0.569611668586731 -0.613308548927307 -0.257106989622116 1.63589382171631 2.65905714035034 5.35514450073242 5.45500946044922 6.33196926116943 3.77743363380432 4.79121875762939 3.72768616676331 3.29365682601929 3.52654886245728 3.25387787818909 2.80738949775696 3.03244781494141 2.74448680877686 2.74730014801025 2.53233861923218 2.66212129592896 2.53340768814087 2.14887666702271 2.00616884231567 1.93856287002563 2.38793087005615
0.01143136061728 9.06850910186768 13.0979385375977 -2.51578736305237 16.2177867889404 29.4407386779785 11.7086515426636 19.0948219299316 10.3462800979614 16.7066879272461 9.6436128616333 3.68638181686401 2.56907939910889 7.18953084945679 5.17912626266479 -0.469119161367416 -0.882945835590363 -0.805089473724365 -0.356669366359711 -0.27380695939064 2.48709869384766 -0.32316792011261 -0.213721394538879 0.72826611995697 1.29095423221588 8.71154308319092 6.98772478103638 6.04980564117432 8.3066520690918 4.49581241607666 5.45378923416138 4.30002355575562 4.08929967880249 3.27467918395996 3.55567955970764 3.37563872337341 2.76573634147644 2.97045969963074 2.96704244613647 2.46841835975647 2.87741017341614 2.72519183158875 2.04397678375244 2.15292286872864 2.54231977462769 1.89072012901306
5.68039798736572 20.027774810791 -2.23188614845276 7.58287858963013 2.64058995246887 9.89862632751465 23.5643901824951 13.9259328842163 11.8887462615967 9.93693923950195 6.6970911026001 0.752760767936707 11.3646211624146 -0.175624325871468 28.8460578918457 4.55043888092041 0.903800368309021 3.71146512031555 1.86619138717651 6.41821765899658 7.46460628509521 1.18575370311737 0.538392961025238 4.4973669052124 9.81109237670898 9.93689632415771 8.79125022888184 13.0901384353638 5.99066162109375 5.35025978088379 6.10932159423828 4.3715353012085 4.66862726211548 4.15560817718506 3.45561408996582 3.68453526496887 3.33962559700012 3.28043675422668 2.93173265457153 3.09555697441101 2.89212942123413 2.91895127296448 2.00691652297974 2.27846789360046 2.68399000167847 2.25916218757629
-3.24382853507996 -3.16556835174561 7.83367776870728 3.69156742095947 15.5162982940674 -3.79371690750122 3.45194673538208 9.66522026062012 23.3720664978027 24.0067939758301 1.53960931301117 -0.359850943088531 -0.490067601203918 0.0109620150178671 -0.00252978107891977 2.07796263694763 6.93363046646118 2.31595659255981 17.0376529693604 6.38916158676147 14.0014886856079 2.15006828308105 6.44526338577271 17.8911037445068 20.3182353973389 14.6920518875122 23.983003616333 18.756856918335 7.44263219833374 7.49977874755859 6.28126621246338 4.88494539260864 5.29773378372192 4.6879997253418 4.28466176986694 3.29012989997864 3.6592972278595 3.57136392593384 2.91510844230652 3.33200335502625 3.14437198638916 2.61799597740173 2.43886637687683 2.30124187469482 2.816077709198 2.36381912231445
-2.90951347351074 1.69610846042633 23.1490249633789 17.0852527618408 -0.231924638152122 7.04498434066772 2.22912263870239 18.6979942321777 16.5317687988281 15.0222721099854 2.05147624015808 6.94123554229736 0.888316750526428 3.30275082588196 1.97108900547028 4.85570907592773 13.7249622344971 15.8555812835693 8.698166847229 2.04456543922424 2.74602961540222 13.1378898620605 37.2575225830078 41.4154357910156 20.8879795074463 15.8751621246338 18.4422149658203 11.8031072616577 9.12415027618408 8.72418022155762 5.86560916900635 6.37390899658203 4.7668981552124 5.26498317718506 4.7778639793396 4.18211936950684 3.9317090511322 3.49152398109436 3.60139942169189 3.35739707946777 3.33115816116333 2.44869256019592 2.60926246643066 2.99008846282959 2.12766933441162 2.44864869117737
0.910715341567993 2.91372513771057 -2.42488932609558 -3.03524255752563 -2.86092638969421 -3.27616143226624 -3.43262553215027 0.762870669364929 -3.55412101745605 2.7946457862854 0.184706702828407 5.48300886154175 1.2686505317688 7.21089601516724 9.55070304870605 16.8147201538086 2.89936017990112 3.66735458374023 0.936708748340607 12.8001623153687 26.0701675415039 43.0232620239258 2.02528667449951 1.3458024263382 8.33391571044922 6.78680086135864 1.688192486763 15.1071643829346 11.802770614624 10.5368432998657 6.82625341415405 7.34578132629395 6.2959132194519 5.03763341903687 5.33614873886108 4.62902402877808 4.26495313644409 3.43594145774841 3.85724329948425 3.63030552864075 2.9956738948822 2.81614327430725 2.64084982872009 3.18333506584167 2.58538675308228 2.54070591926575
1.05845236778259 -2.02062821388245 4.6491494178772 5.54928016662598 -3.06293797492981 -3.35862135887146 0.730774223804474 -3.84118509292603 3.93832850456238 5.54035377502441 14.1965675354004 2.07453751564026 29.5045108795166 0.552236199378967 -0.128859415650368 0.253621995449066 19.6578464508057 5.08084774017334 16.0383682250977 36.1839485168457 14.0843868255615 1.13047099113464 45.2568664550781 1.49755811691284 12.811936378479 21.7123546600342 38.9067153930664 21.2989120483398 16.4966506958008 9.42673492431641 9.76290512084961 6.44226169586182 7.21969127655029 6.35636806488037 4.92103099822998 5.17912864685059 4.12545537948608 4.17368364334106 3.9103672504425 3.8772292137146 2.81188559532166 3.0326726436615 3.45154547691345 2.44155645370483 2.76307892799377 2.94912600517273
-2.36148071289062 -1.77045345306396 -2.06844162940979 -2.04657936096191 -2.63686108589172 11.440465927124 -3.27516913414001 -3.3318772315979 10.7708377838135 13.860897064209 11.1889905929565 3.91948223114014 -0.437455952167511 2.87615370750427 4.05295562744141 4.09621381759644 1.01629912853241 16.8306465148926 37.683032989502 7.02352285385132 2.23873829841614 1.71185088157654 1.94600915908813 50.7171630859375 47.1298980712891 2.90719079971313 5.84255981445312 16.7522850036621 23.3776607513428 11.7536935806274 12.0510587692261 9.45387935638428 6.94236898422241 7.27684116363525 6.14712142944336 5.33116817474365 4.13754224777222 4.50594282150269 4.20084714889526 3.43911337852478 3.32993483543396 3.07138919830322 3.68516254425049 2.99070954322815 2.89810419082642 3.11008024215698
-1.79356396198273 -1.26966881752014 -2.36163401603699 -2.79496312141418 -2.13656044006348 -3.35534358024597 -3.09834814071655 -2.85795331001282 -1.84834814071655 -0.0785394906997681 5.97984552383423 1.31423914432526 1.91122472286224 2.81236243247986 9.4252815246582 8.39157772064209 8.69574546813965 42.4876823425293 2.30784296989441 2.17972707748413 5.33585071563721 5.07365083694458 42.4173164367676 0.25670662522316 1.01115918159485 45.6985702514648 2.03158783912659 30.8571872711182 17.9499397277832 18.12815284729 10.163818359375 11.6566743850708 9.4230318069458 6.3683614730835 7.0498685836792 5.89874458312988 5.07560539245605 4.64144229888916 4.48395586013794 3.18446946144104 3.58401465415955 4.07010078430176 2.82486701011658 3.17724871635437 3.36458802223206 2.72548913955688
-1.17746961116791 -0.85381031036377 -1.49439358711243 -2.09567832946777 -2.03928303718567 -2.50085020065308 -1.74591827392578 -2.56509757041931 0.02001135610044 -0.145327642560005 2.65619206428528 16.336877822876 0.396500378847122 21.988302230835 12.5355587005615 16.3530044555664 44.3295783996582 0.793459355831146 3.66490244865417 2.21472430229187 38.2469520568848 48.3491172790527 10.2769041061401 3.93464207649231 0.434148520231247 1.44341623783112 52.0981025695801 1.74486517906189 25.0022392272949 25.2235431671143 17.3912734985352 11.5359487533569 11.6493330001831 9.13583183288574 7.08184289932251 5.74017715454102 5.60220956802368 5.10687780380249 3.95290946960449 3.90101647377014 3.59573650360107 4.36568832397461 3.50475406646729 3.31751251220703 3.5430212020874 2.83229565620422
-0.532725870609283 -1.01222884654999 -1.45582270622253 -1.22447788715363 -1.84922015666962 -1.60503101348877 -1.22624218463898 -0.6561359167099 1.69493424892426 0.535560011863708 0.965214550495148 12.4730892181396 2.93212723731995 7.24552249908447 34.0932884216309 25.7535076141357 0.124748192727566 8.10512733459473 35.2844467163086 47.5421752929688 6.89237499237061 1.46002268791199 2.08145356178284 1.48196232318878 1.79349613189697 2.81864953041077 0.211889103055 46.8757781982422 37.1435394287109 20.7348289489746 24.0680904388428 17.2884082794189 10.6450109481812 11.2712106704712 8.21998596191406 6.09506559371948 6.22745084762573 5.67373514175415 4.04452419281006 4.22412109375 4.78815746307373 3.26890873908997 3.70374178886414 3.88309383392334 3.05969786643982 2.93491578102112
-0.322015434503555 -0.647262632846832 -1.01835978031158 -0.702791571617126 -0.661577999591827 -0.606201887130737 0.441322773694992 2.80065107345581 2.81009888648987 1.9244612455368 7.51153564453125 -0.0340060517191887 43.7530632019043 41.2635154724121 2.53990006446838 12.2689218521118 47.9820251464844 46.6283111572266 24.262544631958 2.89871740341187 6.78294897079468 20.5962238311768 11.7232446670532 8.11338520050049 7.14526987075806 7.8491325378418 4.56812381744385 5.24118137359619 0.562917232513428 47.6176490783691 23.8678588867188 24.3065929412842 17.050952911377 11.05859375 8.16238498687744 7.52023315429688 6.81322336196899 6.11190366744995 4.05346775054932 4.63162565231323 5.12568807601929 4.00378227233887 3.74383687973022 4.03401136398315 3.16570496559143 2.52085375785828
0.834167301654816 0.681475162506104 1.06347119808197 0.926861822605133 -0.501525580883026 -0.36975833773613 5.98914384841919 2.80748057365417 18.5475387573242 49.277400970459 47.48486328125 36.9994850158691 -0.255291968584061 0.76337206363678 13.4086561203003 50.4996490478516 5.03095865249634 9.02389335632324 2.41406106948853 17.2892227172852 10.3992729187012 4.52831554412842 12.5721817016602 9.36974334716797 19.9304847717285 17.9911403656006 1.19100165367126 0.57972639799118 11.3162269592285 0.330533921718597 47.7941780090332 22.5948448181152 24.1740417480469 13.7535552978516 9.74617576599121 8.74562358856201 7.88673114776611 5.57792901992798 5.47921228408813 4.65963745117188 5.55330801010132 4.20403289794922 4.32197141647339 3.31820940971375 3.19595384597778 3.49560785293579
1.08499252796173 7.15408515930176 4.2481427192688 46.4779624938965 47.976936340332 38.2004013061523 34.5048065185547 39.6309394836426 36.1766700744629 1.14350390434265 0.208758175373077 3.126460313797 13.2730731964111 49.0946044921875 0.109227702021599 0.199863433837891 6.21589517593384 -0.0543100126087666 13.0392589569092 4.02155542373657 3.20935797691345 2.89664673805237 16.0497589111328 20.5697689056396 5.92179012298584 0.513033509254456 2.66710638999939 2.640212059021 0.471229463815689 0.197385936975479 0.447677612304688 47.2134246826172 21.4402904510498 13.6920728683472 12.1630620956421 10.5384912490845 8.59898948669434 5.74960327148438 6.35995101928711 6.68902063369751 4.1460165977478 4.53850173950195 4.54443216323853 3.37854743003845 2.6293511390686 4.24405527114868
1.46102821826935 9.17834854125977 7.1902642250061 -0.438377320766449 -0.595987319946289 1.60145425796509 3.48619937896729 2.85624527931213 7.99005746841431 1.72403454780579 10.0675668716431 50.3640670776367 0.15555627644062 2.91626739501953 2.71020150184631 0.279237926006317 -0.181335508823395 6.40417146682739 1.73033928871155 1.36033987998962 -0.0850137025117874 0.232480719685555 3.8633246421814 5.25680017471313 0.458058565855026 0.692645907402039 2.2800624370575 3.17579507827759 0.686603963375092 6.61412477493286 3.84429240226746 2.84755396842957 27.909366607666 19.5214252471924 14.4381256103516 13.1044073104858 9.40330696105957 8.3668384552002 6.60826349258423 7.71361684799194 5.64505624771118 4.81123733520508 4.95016431808472 3.5182785987854 3.79374599456787 7.88132381439209
