slauniainen/Data/DEM/Vihti_dsm1500b_cl_horizonAngle_258.asc
NCOLS 196 
NROWS 178 
XLLCORNER 353680 
YLLCORNER 6699024 
CELLSIZE 16 
NODATA_value -3.4e+38 
[rows 100 to 119 of 178, columns 138 to 183 of 196]
24.7911815643311 20.530834197998 17.3337097167969 14.7692003250122 12.7964153289795 8.97959041595459 9.7963399887085 8.75524806976318 7.92699098587036 7.22681522369385 6.29053449630737 5.85448408126831 5.48855876922607 5.14903116226196 4.67851829528809 5.12599611282349 4.85881185531616 4.58580493927002 4.35129165649414 4.13380002975464 2.8728039264679 3.05285000801086 2.89534068107605 2.74308061599731 2.59070706367493 2.35155940055847 1.76569879055023 1.65880715847015 1.31859874725342 1.31040227413177 2.44075226783752 2.23703360557556 0.69979065656662 6.22156810760498 4.09818506240845 0.132202908396721 0.224355801939964 0.0234659686684608 -0.105475142598152 15.8677310943604 -0.0459089912474155 12.3739786148071 6.60485076904297 34.8182678222656 18.8411273956299 9.44222068786621
20.4701251983643 23.4070606231689 18.9027328491211 15.5776968002319 13.1787958145142 11.4208374023438 9.14385223388672 8.74398422241211 7.8390736579895 7.07452630996704 7.25707054138184 6.73518657684326 6.26972007751465 5.87253141403198 5.529700756073 3.89752173423767 4.09824180603027 3.87105011940002 3.65588855743408 3.46514797210693 3.28486108779907 3.02214121818542 2.26652145385742 1.88890039920807 1.78585124015808 1.53148782253265 1.3179919719696 1.40469682216644 1.34499204158783 1.30930209159851 1.32262146472931 1.49535250663757 1.51598751544952 0.991350889205933 2.92691659927368 0.797830998897552 0.242352530360222 0.162271469831467 -0.0443529523909092 18.1790428161621 2.29296207427979 26.416862487793 11.3770618438721 0.342153489589691 0.114504434168339 48.1754608154297
33.4986686706543 19.2259006500244 21.7603244781494 17.1323547363281 14.0103797912598 11.8611612319946 10.9185237884521 9.77762508392334 8.84303951263428 8.06296825408936 5.73372888565063 5.82436370849609 5.43627452850342 5.02863550186157 4.68053579330444 4.40289306640625 4.10085582733154 2.98004984855652 2.82430553436279 2.40579676628113 2.28387832641602 2.00130295753479 1.55448114871979 1.65820515155792 1.59165942668915 1.66674876213074 1.78080666065216 1.85240030288696 1.7847386598587 1.68074929714203 1.60388910770416 1.61050426959991 1.28039872646332 1.42820906639099 2.65250611305237 8.0079984664917 -0.183522462844849 21.6987781524658 10.4904251098633 8.35901546478271 3.20970273017883 3.42288899421692 2.60143280029297 0.867984473705292 8.86299991607666 20.2414474487305
50.0481643676758 31.974910736084 20.989278793335 17.3476409912109 14.6821765899658 12.7062540054321 9.14113330841064 8.797194480896 8.19780731201172 7.3100757598877 6.62748193740845 6.03498458862305 3.99018025398254 3.74608254432678 3.26718354225159 3.05192136764526 2.6979444026947 2.05274152755737 2.1001558303833 1.97941112518311 1.86692714691162 2.11225533485413 2.26063704490662 2.35594487190247 2.27591490745544 2.14668869972229 2.03352308273315 2.06771540641785 11.8437337875366 8.93186473846436 7.14677619934082 6.00101470947266 0.349386751651764 2.47893095016479 6.37868165969849 6.42950916290283 23.7330532073975 8.81046867370605 6.14778900146484 14.4268989562988 12.6348915100098 1.3868362903595 0.763461470603943 0.206220746040344 33.0100936889648 23.1155738830566
46.5825233459473 29.0864791870117 21.9131717681885 20.6981449127197 16.1786231994629 13.2187385559082 11.1440238952637 9.59807109832764 5.57381629943848 5.02785396575928 4.53732681274414 3.98647284507751 3.06295418739319 3.02093911170959 2.79286742210388 2.58678483963013 2.79348707199097 3.01332664489746 3.16702365875244 3.08206391334534 2.86461901664734 2.67904424667358 2.52488422393799 2.54442310333252 2.42456579208374 0.830114901065826 33.801513671875 18.2455291748047 17.5909309387207 20.4180965423584 15.8802862167358 19.142578125 0.347532421350479 -0.241497978568077 19.7151393890381 16.9284152984619 10.6150188446045 7.9835844039917 3.64065384864807 5.01533174514771 -0.0538581684231758 -0.0793418660759926 -0.830336928367615 5.20854377746582 7.78591537475586 36.803840637207
4.8548059463501 49.2941856384277 30.7793102264404 14.2900142669678 11.308934211731 9.04650974273682 7.53479719161987 6.48149633407593 5.02953958511353 4.70023679733276 4.13571929931641 4.02722692489624 4.32129764556885 4.55890274047852 4.44327306747437 4.10329866409302 3.802410364151 3.526686668396 3.41302943229675 3.16896677017212 2.93110275268555 2.72264838218689 2.56622815132141 2.21972346305847 2.10427021980286 0.228250414133072 -0.040807381272316 20.2491817474365 2.11433291435242 -0.097942091524601 49.0660552978516 30.1306343078613 12.1093006134033 9.60738182067871 5.03861427307129 4.31699180603027 0.0800457894802094 6.42804574966431 2.05614614486694 1.69443142414093 0.482744514942169 -0.486957907676697 -1.14111578464508 -1.2637974023819 9.53336143493652 32.7727279663086
5.65945816040039 10.1103944778442 31.1504764556885 17.5097255706787 12.4325456619263 9.54109764099121 7.71474504470825 6.43533039093018 6.69217205047607 6.97812080383301 6.78013277053833 5.99368381500244 5.38176298141479 4.93069171905518 4.55262994766235 4.2106614112854 3.91335105895996 3.61361026763916 3.13027358055115 2.84057450294495 2.71138000488281 2.45465087890625 2.25027370452881 2.13652467727661 2.04351186752319 0.436562657356262 -0.072167344391346 4.39891195297241 13.9055776596069 1.0742095708847 15.7847003936768 15.1339521408081 12.6913242340088 14.01047706604 7.77131366729736 2.79684710502625 2.93025755882263 2.20499610900879 1.0484071969986 0.601341843605042 0.252543985843658 -0.963383197784424 -1.23167896270752 -1.63399112224579 12.7853975296021 37.9978332519531
2.16424131393433 1.89055979251862 9.49996089935303 26.7036819458008 18.0081615447998 17.7356491088867 14.4247970581055 11.1222152709961 9.29559135437012 7.95456886291504 6.71364688873291 6.22713947296143 5.45886945724487 4.87236785888672 4.39432096481323 4.16843509674072 3.85063743591309 3.47419190406799 3.12113928794861 2.78806281089783 3.09372973442078 2.8170428276062 3.18553972244263 2.95571732521057 2.81301641464233 2.72598218917847 1.59066867828369 0.862653791904449 0.836095213890076 0.0562632903456688 9.29874897003174 19.0909519195557 12.8357086181641 8.0974063873291 3.5560462474823 1.96605312824249 1.31379950046539 2.81010508537292 3.45854377746582 2.23500466346741 0.290457725524902 -0.938712120056152 -0.81225311756134 -0.942644417285919 6.43631172180176 20.1995258331299
1.11978650093079 0.81570440530777 0.934412717819214 11.3515481948853 38.371395111084 22.000373840332 16.609260559082 14.6418304443359 11.2004480361938 8.9947338104248 7.37693548202515 6.34539031982422 5.79037857055664 5.04902315139771 4.43414449691772 4.71595668792725 4.32982540130615 5.03392601013184 4.52638673782349 4.06222915649414 3.65012216567993 3.28947901725769 2.78022837638855 2.57987666130066 2.39637541770935 1.28397798538208 3.36965465545654 0.2690689265728 -0.0419593825936317 5.17095994949341 9.95908164978027 5.80374097824097 9.4085578918457 8.24659061431885 5.8522367477417 1.22949504852295 1.33087086677551 0.958866059780121 1.88404548168182 3.74331212043762 1.80997753143311 3.87814259529114 -0.851287245750427 -1.39183628559113 1.49509620666504 33.5730247497559
1.32196950912476 1.10782837867737 7.69450044631958 4.70501947402954 6.40135478973389 37.7168655395508 21.2597961425781 16.0611019134521 12.2969560623169 9.74407768249512 7.97746324539185 7.30610609054565 6.36549234390259 7.67211866378784 6.69101095199585 5.90290880203247 5.29928159713745 4.47567367553711 4.21979236602783 3.73790335655212 3.3378701210022 2.98462533950806 2.6247444152832 1.24549281597137 7.51974582672119 4.35175514221191 0.318576067686081 -0.0376769825816154 8.50106716156006 5.34142637252808 2.24257159233093 4.7106556892395 6.25840902328491 4.7065896987915 4.33443784713745 3.59565901756287 1.70919179916382 1.33853399753571 1.64787578582764 14.7365388870239 3.80772638320923 -0.552068471908569 31.620922088623 15.0790100097656 10.2858581542969 8.01322174072266
2.66127967834473 4.25187730789185 1.33472621440887 1.1836861371994 2.95885229110718 41.3043937683105 23.7593460083008 15.7266235351562 20.5386428833008 15.6795425415039 12.5280666351318 10.3081684112549 8.66101837158203 7.00023508071899 6.68040895462036 5.78271389007568 5.064133644104 4.47511672973633 4.65374088287354 4.19077825546265 3.75800919532776 3.35695052146912 2.9727509021759 1.8048392534256 2.20869016647339 7.37743425369263 -0.443693786859512 14.428638458252 -0.32452866435051 -0.465840995311737 0.745942533016205 4.68539094924927 4.39249134063721 2.42005372047424 0.458208829164505 -0.232685282826424 0.0799393355846405 0.119078814983368 20.4330558776855 -0.00505450880154967 31.5418701171875 16.9210624694824 9.6785831451416 8.97232532501221 7.10188436508179 37.4581031799316
3.07167840003967 7.48973035812378 2.20291686058044 0.376089245080948 11.9270076751709 0.235841050744057 49.0647659301758 29.6841945648193 18.5933837890625 17.7223453521729 13.4912385940552 10.7198781967163 8.83676815032959 7.47064828872681 7.45865154266357 6.86612224578857 5.92969512939453 5.17200946807861 5.66180658340454 5.02233982086182 4.54858112335205 4.09478139877319 0.916766881942749 12.5726337432861 17.1209850311279 5.0617790222168 0.585288524627686 -0.137745931744576 -0.443328142166138 -0.479989677667618 11.901065826416 3.37740778923035 5.89726877212524 2.35893487930298 1.25724613666534 -0.184045061469078 13.4142732620239 0.315656036138535 30.878101348877 28.8971538543701 8.97641277313232 16.5105304718018 12.3541450500488 9.93525981903076 9.94497394561768 33.8828315734863
12.493218421936 9.00178813934326 0.64683723449707 18.2009315490723 1.29163491725922 2.90316557884216 1.94163382053375 44.9515075683594 25.7213077545166 19.1962070465088 17.9900417327881 13.7335929870605 10.9209890365601 9.11932468414307 8.9530029296875 7.81910181045532 7.47677755355835 6.46657037734985 5.65971899032593 5.34021425247192 5.0833854675293 4.98971748352051 4.34643030166626 1.58633017539978 24.7209281921387 8.64538860321045 1.28576445579529 0.825166702270508 0.514209747314453 0.192896664142609 6.00811862945557 1.16406190395355 0.451362758874893 0.155194327235222 -0.403578519821167 3.84195017814636 7.28516292572021 23.6343765258789 3.28465485572815 27.0018939971924 14.8743371963501 13.7559938430786 13.4429197311401 19.1027183532715 11.6490259170532 11.1399974822998
5.57471227645874 1.92664802074432 10.5290956497192 1.92666971683502 1.71820056438446 2.39450144767761 1.08147954940796 2.99716687202454 44.7653312683105 25.9445991516113 17.9310188293457 19.618839263916 15.0936460494995 12.1396894454956 10.0657711029053 8.57363605499268 8.40108394622803 8.500168800354 7.39350080490112 6.43599891662598 5.53929615020752 2.50964283943176 2.79626822471619 13.4173936843872 7.2522497177124 2.32084155082703 1.87552309036255 1.12087392807007 0.865477740764618 0.8587327003479 8.92746353149414 0.405237764120102 4.11606597900391 3.19681072235107 0.71271425485611 16.3188209533691 3.92864346504211 0.180147394537926 2.29182434082031 20.0335426330566 30.2315940856934 11.4057493209839 16.7945785522461 12.5940256118774 11.1641206741333 7.93141651153564
2.65244221687317 6.98824071884155 2.69532680511475 2.19226837158203 1.93909919261932 1.80919122695923 0.676392018795013 15.2014961242676 4.13799953460693 47.6026763916016 28.3809833526611 21.8734493255615 22.4458789825439 17.3046703338623 13.8971118927002 11.498779296875 9.68175601959229 7.5665454864502 7.48424959182739 6.38906717300415 5.57003831863403 2.76479911804199 25.0019035339355 16.916036605835 3.2714958190918 2.22232556343079 1.90215647220612 1.59026372432709 1.65867972373962 0.828924834728241 10.5124311447144 2.8432354927063 19.0822620391846 1.08536791801453 6.41481018066406 0.427019059658051 30.2266006469727 7.16902923583984 11.0374507904053 2.80565977096558 27.2135467529297 10.6525268554688 26.5023899078369 20.5797576904297 10.4444665908813 9.51062202453613
2.9092116355896 6.98380517959595 2.75500679016113 1.94283139705658 1.23605120182037 1.24917769432068 0.853143334388733 1.25832831859589 1.79685616493225 1.82477605342865 51.8909111022949 32.4623908996582 17.9644622802734 20.5233402252197 15.6870136260986 12.5643939971924 10.2872886657715 8.5349292755127 7.03039169311523 6.11973190307617 4.09794664382935 5.75246381759644 3.93501758575439 7.7251148223877 2.87303805351257 1.95410788059235 1.49637937545776 0.958036601543427 24.954719543457 14.701361656189 1.16305613517761 7.14612150192261 1.42236220836639 10.7668352127075 13.6492643356323 7.56526136398315 12.5973310470581 7.48069953918457 4.27443552017212 25.4545383453369 9.85259246826172 14.8090076446533 4.28477954864502 32.2424926757812 19.6576976776123 8.44040012359619
3.46507048606873 6.78141927719116 3.19861674308777 3.42685651779175 3.29210472106934 3.04891443252563 3.13512492179871 7.22185611724854 4.25694704055786 15.9389095306396 4.93306398391724 49.306022644043 29.9643383026123 19.4574127197266 14.799144744873 11.8353624343872 9.67934989929199 7.94925403594971 6.68196201324463 6.53185367584229 5.08407258987427 4.3794322013855 21.3737335205078 8.1180419921875 3.09946513175964 2.09064054489136 1.42594468593597 15.1191530227661 9.17237567901611 2.49493432044983 12.1223878860474 1.20829260349274 10.8725414276123 0.545397579669952 5.40942239761353 5.08202266693115 9.95897006988525 5.401123046875 19.5701465606689 15.6723709106445 1.75761663913727 18.1080379486084 18.293155670166 6.33545303344727 16.4800815582275 3.90885615348816
11.1427087783813 6.96301364898682 7.18980312347412 7.27243709564209 7.30816173553467 10.5079145431519 7.27495336532593 6.67606973648071 4.73577785491943 7.329918384552 7.19749593734741 47.2767791748047 28.0615882873535 18.0486183166504 13.6103792190552 10.9299192428589 10.6132926940918 7.44113874435425 6.82039976119995 5.77898693084717 4.97857570648193 4.72537994384766 15.9159374237061 3.47313904762268 2.55800604820251 1.4289265871048 3.69715595245361 8.47587585449219 6.12378597259521 12.6811380386353 3.80720353126526 1.43459749221802 1.46954572200775 8.09771537780762 20.3077545166016 10.7728996276855 11.1731481552124 9.94421482086182 6.32395601272583 4.52567625045776 8.87502670288086 4.41691827774048 13.7201662063599 9.60217761993408 2.78694748878479 3.12269401550293
17.0492420196533 14.2916374206543 10.5305252075195 9.00082206726074 8.72581958770752 8.06603813171387 7.7910852432251 9.55561828613281 5.78452157974243 13.2246208190918 7.64963817596436 28.2137470245361 24.7107639312744 7.18203687667847 28.9158210754395 14.9661741256714 9.69975757598877 6.74587774276733 6.2705192565918 6.03682851791382 5.7769660949707 7.02442455291748 4.06359767913818 3.86732125282288 3.26656079292297 2.22553181648254 1.80116236209869 1.56764054298401 7.23491048812866 4.00720596313477 5.28905344009399 2.21681141853333 34.0166053771973 19.1882057189941 8.84066581726074 10.1223621368408 8.92987728118896 8.14514923095703 6.73171281814575 3.68598937988281 17.8988704681396 12.8660449981689 8.73014831542969 6.37816524505615 4.12029314041138 12.7400960922241
18.6852226257324 17.6527843475342 12.6945810317993 11.3042240142822 11.4450483322144 10.864953994751 10.7894439697266 9.22995567321777 7.81734323501587 9.2766580581665 11.9695568084717 9.17913722991943 8.58186721801758 7.73091459274292 7.60123777389526 7.68945121765137 6.44350147247314 8.39675807952881 5.83253335952759 14.4054641723633 5.95523357391357 3.80069518089294 4.81013631820679 3.60032796859741 9.82757091522217 2.73415613174438 1.5757759809494 4.42233419418335 8.29949188232422 7.17840480804443 9.18069553375244 31.781909942627 19.7968006134033 11.5710859298706 9.09848976135254 10.769250869751 8.25430488586426 11.1214847564697 5.5195484161377 2.30549478530884 2.15307950973511 31.6770515441895 20.280668258667 2.0653350353241 1.64498519897461 25.4649753570557
