slauniainen/Data/DEM/Vihti_dsm1500b_cl_horizonAngle_354.asc
NCOLS 196 
NROWS 178 
XLLCORNER 353680 
YLLCORNER 6699024 
CELLSIZE 16 
NODATA_value -3.4e+38 
[rows 0 to 19 of 178, columns 0 to 44 of 196]
1.228423476219180 10.4930648803711 10.0253858566284 5.02562475204468 5.29035425186157 17.0006618499756 1.10138523578644 7.9914026260376 11.6463232040405 4.17672777175903 3.52026653289795 11.2863817214966 8.93571472167969 23.4565677642822 8.86755561828613 1.62218606472015 0.216609552502632 -0.190674141049385 3.88702583312988 6.32966375350952 1.89120423793793 8.52015209197998 2.89613485336304 -0.74212658405304 11.338526725769 -1.14429724216461 0.59373527765274 8.46605587005615 20.2334232330322 6.4568042755127 11.4517517089844 20.0041198730469 16.5646495819092 5.60510206222534 5.76788234710693 4.94783115386963 1.55529236793518 13.4748516082764 7.78487539291382 5.09441518783569 11.1361570358276 17.7219715118408 22.8961582183838 9.16071701049805 8.21175384521484
0.812323927879333 3.5765335559845 1.46155095100403 1.13689386844635 4.57065534591675 15.3571758270264 1.63854742050171 41.9972229003906 9.82312297821045 15.7614221572876 2.15667653083801 9.60680294036865 13.7048387527466 4.89612102508545 7.43881225585938 1.03128945827484 0.20038865506649 5.92383670806885 2.11830949783325 3.16081738471985 0.989816308021545 -0.614352524280548 -1.72069001197815 -1.82529699802399 3.96054434776306 3.62938857078552 0.446599721908569 19.9378795623779 12.7131156921387 5.54980850219727 5.85103464126587 13.6995630264282 10.8766679763794 8.45954513549805 7.38796615600586 5.6206316947937 15.6737031936646 5.12255430221558 4.8067307472229 2.60099840164185 5.39172649383545 11.3560838699341 5.74516773223877 31.5807418823242 43.1767120361328
44.7322235107422 25.8914318084717 40.6363830566406 0.862944543361664 0.823322594165802 10.3535280227661 0.306281715631485 23.6819095611572 49.4849166870117 8.62960720062256 56.519474029541 23.1429462432861 9.36010837554932 14.6220092773438 3.02037978172302 10.1797218322754 7.47851228713989 5.33472681045532 0.916167199611664 3.10049319267273 -1.42281699180603 -1.13413858413696 -1.85999643802643 -2.29315972328186 -2.75794768333435 6.89623880386353 20.2118320465088 5.03998327255249 6.80135822296143 3.85414505004883 4.09512901306152 8.08865737915039 6.42664051055908 10.1209163665771 2.0197229385376 14.4077987670898 11.1280794143677 4.19246768951416 17.0834503173828 11.4045724868774 11.0961046218872 9.61338520050049 14.6087293624878 29.301721572876 26.8277168273926
28.476692199707 15.0908660888672 23.9713153839111 48.0353889465332 1.00430595874786 8.30177307128906 0.26172924041748 1.6137946844101 30.8322811126709 54.3750419616699 17.6574535369873 46.9912757873535 5.64902544021606 11.7577276229858 2.05989766120911 1.66241943836212 1.87399435043335 2.74096584320068 4.57206535339355 2.07297801971436 3.08479142189026 -2.64415502548218 2.55624127388 -3.0009937286377 -2.92635655403137 0.596836745738983 1.78836297988892 -0.132754236459732 1.81946504116058 4.86360883712769 10.2718915939331 10.6903877258301 4.45033550262451 3.4483003616333 32.3506240844727 2.61656522750854 6.21662712097168 3.92658686637878 10.5399808883667 18.5937747955322 19.7104873657227 9.08932113647461 38.9744110107422 22.386022567749 32.4826393127441
21.5512752532959 11.9343967437744 16.3279209136963 29.0179347991943 0.663491427898407 4.6360239982605 52.8244361877441 0.881460726261139 21.1722679138184 37.9818725585938 12.8284912109375 29.0270328521729 52.1288261413574 35.7991600036621 25.2500915527344 15.4469556808472 1.32027316093445 2.32253909111023 4.1409592628479 0.353487849235535 -2.12023711204529 2.31931376457214 2.77533197402954 -3.40725827217102 -3.03953099250793 -1.70744061470032 -0.262770891189575 9.64155960083008 15.845799446106 5.46396350860596 6.43646001815796 7.14293956756592 5.42089223861694 22.2240886688232 16.6307640075684 15.3362436294556 5.77874755859375 12.7493076324463 4.66711568832397 8.25622272491455 12.2801904678345 23.5830116271973 25.6689891815186 27.2232265472412 22.5643615722656
18.0103702545166 13.070517539978 13.3223676681519 22.4093036651611 12.405403137207 0.926772058010101 34.7608299255371 17.0323810577393 16.0291843414307 28.5239315032959 51.7624588012695 23.5512142181396 31.1118202209473 24.0521621704102 21.7003307342529 13.5178728103638 5.03918075561523 6.58158111572266 6.71646690368652 12.3353061676025 7.1917896270752 14.7335948944092 -1.85484099388123 -3.49180674552917 -3.20343971252441 -2.07597279548645 1.52123939990997 2.78991150856018 7.13386106491089 3.3350818157196 5.35533571243286 4.5407886505127 9.82054138183594 11.5052051544189 9.76301765441895 6.01321220397949 4.81357622146606 14.1430540084839 16.6573162078857 18.7532787322998 26.2433948516846 21.4393920898438 32.6347274780273 18.1972770690918 19.131139755249
1.98928809165955 4.60488653182983 1.36495447158813 18.4996089935303 6.34508371353149 0.855508327484131 26.5106220245361 8.10907936096191 8.4720983505249 22.3549823760986 35.1619567871094 22.2061672210693 12.7512731552124 9.59872913360596 17.2718734741211 11.2647256851196 0.495075106620789 -0.270928740501404 3.83039617538452 4.6355676651001 7.50790357589722 0.836564064025879 2.98920297622681 9.37112808227539 13.9772462844849 4.46145629882812 0.80484539270401 1.56781458854675 1.85590898990631 10.4512128829956 3.80812859535217 3.98236608505249 4.36882019042969 11.718957901001 25.3546237945557 35.611930847168 22.6603698730469 7.33266639709473 8.77805614471436 11.4176540374756 19.3108539581299 14.074010848999 22.2135524749756 20.3824729919434 16.2015361785889
19.5468883514404 51.7899551391602 49.7356376647949 13.0821123123169 52.3010177612305 37.8264808654785 21.580322265625 14.9877157211304 7.66527557373047 11.2835111618042 25.1413993835449 18.6321849822998 8.46497917175293 6.52889204025269 8.52310562133789 32.034236907959 31.1623134613037 -0.748660266399384 -0.355430275201797 3.40145969390869 5.27969169616699 6.26593589782715 -2.06340169906616 6.87012910842896 6.71264839172363 1.9263870716095 0.382560819387436 -0.288617521524429 1.36658191680908 2.8178243637085 7.56937503814697 3.98155307769775 8.07412719726562 8.07924270629883 13.7093849182129 22.0165233612061 22.5123519897461 28.6285495758057 20.7639789581299 10.0134401321411 9.91366863250732 29.4461917877197 17.2258319854736 17.7644729614258 14.0360918045044
12.7116680145264 34.6765251159668 32.6848297119141 11.8970184326172 36.2664947509766 25.4573383331299 7.01633501052856 43.1931838989258 11.7116975784302 10.371132850647 5.76707935333252 7.82996892929077 38.3771324157715 6.64204359054565 13.5146236419678 8.69113636016846 26.9883098602295 35.3075180053711 2.88688850402832 8.59887790679932 10.9057788848877 3.83991312980652 11.5184526443481 2.75487637519836 2.71604752540588 6.52449655532837 -0.682464599609375 3.18582630157471 11.4983787536621 8.43715476989746 5.45612287521362 3.17073202133179 3.80654954910278 8.31727027893066 9.23758411407471 17.6599082946777 20.1726512908936 20.0432949066162 27.6729774475098 16.4752788543701 44.4729843139648 18.3414058685303 13.9701509475708 13.6258735656738 11.1386394500732
8.17411231994629 9.27079296112061 23.9112815856934 11.0159883499146 27.6568222045898 25.4118270874023 6.73355293273926 25.4610328674316 16.4438743591309 9.5854434967041 38.7702331542969 44.9942207336426 13.781099319458 17.3409099578857 4.39262294769287 7.3513708114624 21.3357105255127 33.7625160217285 -1.17069804668427 0.189324870705605 4.61410570144653 6.0268816947937 4.32404375076294 1.70413899421692 22.5604457855225 3.28521656990051 1.01561856269836 2.94504833221436 8.16706466674805 2.4511604309082 3.67615437507629 3.22006678581238 2.65448665618896 3.34473252296448 3.38700222969055 8.4599027633667 13.9914684295654 16.7461910247803 17.9237766265869 9.24195957183838 8.86220836639404 8.01849555969238 8.3270435333252 12.012412071228 10.4842205047607
22.3283824920654 31.7450771331787 13.1487331390381 7.750319480896 13.5007858276367 20.4871273040771 16.780891418457 17.610860824585 13.736328125 8.7353401184082 13.5826864242554 17.7768268585205 6.41505670547485 4.9433422088623 4.23236179351807 11.5243911743164 20.1529636383057 25.0100116729736 24.2141532897949 28.7671051025391 4.33393955230713 12.8298721313477 10.8121223449707 21.4756031036377 9.97871112823486 13.3297080993652 2.10402226448059 10.4894199371338 5.8317756652832 2.2164409160614 4.60748434066772 18.1327171325684 7.2946195602417 2.64924955368042 8.39731884002686 5.86183071136475 10.9461545944214 11.3828229904175 13.8595037460327 25.1411266326904 6.7119779586792 6.83598232269287 8.2167387008667 11.2669763565063 9.47414016723633
10.270414352417 28.507698059082 26.3663520812988 23.4770832061768 17.2829055786133 14.4799947738647 17.8253383636475 13.1457958221436 13.7419738769531 5.71098709106445 31.3744449615479 21.5009727478027 36.9750671386719 4.40237665176392 14.3422355651855 5.43396997451782 6.66448402404785 15.7163887023926 27.3841495513916 24.7668685913086 29.5375099182129 22.6815338134766 34.0970268249512 14.2110261917114 15.0925521850586 9.10372352600098 4.8890552520752 -0.598132729530334 1.75800549983978 3.56195950508118 12.9365110397339 3.13070225715637 6.20043992996216 18.3495960235596 8.20941829681396 16.3919239044189 9.55201053619385 20.8893814086914 11.7489719390869 18.8633518218994 43.3493499755859 11.7421894073486 6.80109930038452 5.7907190322876 5.84238290786743
32.3106422424316 20.6278209686279 15.345965385437 13.8610258102417 11.6992597579956 26.218433380127 6.47017765045166 11.488694190979 12.2015647888184 21.2533931732178 19.4051151275635 14.706597328186 21.3387260437012 42.50048828125 3.22417330741882 0.7827467918396 0.273008584976196 3.37380290031433 16.3132972717285 5.43728971481323 4.74802780151367 9.9501371383667 20.0606899261475 20.5464496612549 29.9775562286377 16.4224948883057 5.00942897796631 9.22486591339111 2.54383730888367 1.82297146320343 4.026451587677 17.6787376403809 4.17829751968384 13.2569723129272 10.2052240371704 7.02346611022949 7.45205307006836 9.41453266143799 17.6420497894287 11.2689332962036 25.5811767578125 11.4773921966553 6.64374828338623 5.38903903961182 4.51685523986816
30.3656940460205 16.6212615966797 13.1505641937256 12.2588653564453 7.71794700622559 14.9735956192017 31.5628452301025 10.3941440582275 10.5373525619507 11.6140422821045 13.9615898132324 12.4764232635498 14.5876111984253 24.135404586792 2.54099106788635 0.167036920785904 -0.230659306049347 0.599733829498291 14.6650972366333 9.89091014862061 16.3348541259766 3.9959557056427 12.2778463363647 16.9333209991455 6.77872562408447 9.49686241149902 26.3980770111084 15.9496374130249 16.4432621002197 19.5954933166504 2.03714728355408 2.74478244781494 4.16920471191406 8.90295219421387 3.3097071647644 5.12984132766724 5.3323073387146 6.0577826499939 4.42566823959351 6.77283811569214 5.12549257278442 4.45563697814941 5.19568634033203 4.52572107315063 4.32854270935059
13.8280334472656 17.2050533294678 13.2679748535156 11.0997514724731 6.68827390670776 13.277003288269 15.5506181716919 9.40120792388916 9.26586437225342 7.88081693649292 10.518461227417 10.9242448806763 2.88793706893921 2.87371349334717 1.5150465965271 -0.420848548412323 -0.944691300392151 -1.34528505802155 2.46034407615662 20.1355056762695 9.10219192504883 20.9412078857422 6.92759466171265 11.6215877532959 11.0032739639282 7.17097091674805 3.27727627754211 3.39612889289856 1.30318880081177 1.09373199939728 11.2356634140015 2.34477543830872 2.67117190361023 3.61416912078857 13.8046913146973 4.32525777816772 3.48739314079285 5.37510442733765 3.91874217987061 5.13281536102295 4.80564880371094 4.34195566177368 4.75075626373291 4.50452041625977 26.1507339477539
13.9421682357788 14.4374780654907 7.85465621948242 8.01131820678711 6.00137710571289 12.0330820083618 11.9410057067871 5.37110567092896 8.24087333679199 5.89655685424805 7.69996929168701 4.64628124237061 2.55801153182983 8.92309856414795 1.46711277961731 -0.925575792789459 -1.2370423078537 -1.88672411441803 -0.428466200828552 -0.868745803833008 7.22172260284424 6.64126777648926 24.0585670471191 10.3034219741821 7.05846691131592 6.4079909324646 7.68356657028198 2.85741353034973 0.699767649173737 4.05288362503052 1.55091619491577 2.14344882965088 1.56697630882263 1.617471575737 2.29286766052246 3.30127429962158 3.37487483024597 2.357670545578 3.10990166664124 3.41999673843384 3.30673694610596 2.43994188308716 4.58886766433716 18.9837474822998 7.6730694770813
16.1195812225342 9.75173282623291 6.80482006072998 7.20639610290527 38.7661819458008 10.9325866699219 19.3666305541992 21.9198226928711 6.09730291366577 3.21068811416626 4.84710597991943 3.12377166748047 2.91622638702393 2.45208382606506 0.812034070491791 -1.09176576137543 -1.52749633789062 0.349100321531296 -1.74983167648315 3.42130589485168 1.47676408290863 8.62714004516602 12.1809864044189 6.6585168838501 6.15119409561157 8.47166919708252 5.92102527618408 2.93632578849792 0.791640937328339 0.314192086458206 1.27625060081482 1.15749907493591 1.56229937076569 4.72933197021484 1.6934449672699 2.65463089942932 4.35296010971069 1.54110312461853 1.77054643630981 2.04409027099609 2.2500011920929 1.69468772411346 2.46882677078247 2.61465048789978 1.25759792327881
18.2401809692383 6.41163349151611 11.372239112854 15.4421834945679 23.4237213134766 7.96796035766602 7.22188806533813 5.04110670089722 4.64194250106812 16.4991607666016 4.79342079162598 18.4948978424072 12.6095695495605 4.56092405319214 11.5281896591187 17.2964706420898 -1.08335745334625 -1.5672904253006 -2.26599192619324 -2.01158380508423 -0.629704594612122 2.32251739501953 5.40139627456665 9.64869213104248 23.2692775726318 4.99373435974121 14.1294641494751 15.2182664871216 8.48472213745117 15.0949001312256 0.878005087375641 1.21318316459656 1.27509045600891 1.03670191764832 1.63994014263153 2.25711798667908 1.93360078334808 3.92458629608154 1.32988512516022 1.88470530509949 1.87275969982147 1.46028578281403 0.861215353012085 1.30290639400482 0.981553554534912
14.0332975387573 44.7868957519531 28.8526496887207 17.5673637390137 16.6612815856934 17.6809825897217 26.3320693969727 27.6084995269775 39.925163269043 18.4706687927246 4.59174251556396 12.9511518478394 6.11205148696899 4.01130056381226 3.61383986473083 4.2549147605896 5.88295364379883 -2.00386643409729 -2.33605122566223 -2.40923142433167 -1.1545022726059 -0.473358392715454 1.11372697353363 5.07377195358276 10.7573900222778 33.7167625427246 5.8036904335022 12.6149606704712 5.53502416610718 10.4207773208618 21.9736423492432 15.6105842590332 16.054069519043 1.29207456111908 1.51062786579132 1.73563778400421 1.60963845252991 1.3848192691803 2.98372077941895 1.18867468833923 12.0064401626587 1.38125669956207 9.57985782623291 0.94103991985321 5.70752573013306
8.01654052734375 27.3797264099121 11.2950897216797 12.3746128082275 13.6813325881958 17.1412677764893 17.3507270812988 23.9799766540527 22.8775405883789 12.1387891769409 6.85053443908691 21.8172092437744 27.72021484375 2.15469717979431 0.398926138877869 1.00462698936462 10.9698944091797 1.25624203681946 10.4660091400146 3.95596551895142 -1.59294247627258 -1.30147516727448 -0.423196077346802 3.54650068283081 18.6868858337402 21.5954856872559 21.6887493133545 9.58931732177734 5.83183908462524 5.13573789596558 6.32962083816528 7.32374238967896 3.43402457237244 25.9995555877686 16.4879894256592 1.64992713928223 1.64249455928802 10.0137548446655 10.1199369430542 1.08860909938812 1.35263097286224 1.35574507713318 3.55972504615784 7.91855621337891 4.60466241836548
