slauniainen/Data/DEM/Vihti_dem1500b_cl_horizonAngle_240.asc
NCOLS 196 
NROWS 178 
XLLCORNER 353680 
YLLCORNER 6699024 
CELLSIZE 16 
NODATA_value -3.4e+38 
[rows 20 to 39 of 178, columns 0 to 44 of 196]
5.33789777755737 3.68590712547302 4.25524377822876 5.42862796783447 3.76115489006042 2.920494556427 2.69696712493896 1.88666582107544 1.52191400527954 1.38058841228485 1.03350937366486 0.579140901565552 -0.119219608604908 -1.4007054567337 -2.88584136962891 -3.48934936523438 -3.81198215484619 -4.01484775543213 -4.15690469741821 -4.2509560585022 -4.3917384147644 -2.94978952407837 -0.644830703735352 6.91167593002319 8.8428373336792 8.4158239364624 5.99259662628174 4.05341577529907 2.25448083877563 0.0437890663743019 -1.11564004421234 -1.77322638034821 -1.88742530345917 -1.04881060123444 -0.557621657848358 -1.93004071712494 -1.0363734960556 1.12225317955017 -0.728764951229095 -1.94923460483551 -0.120413228869438 1.22083020210266 -1.18929064273834 -2.36279439926147 -2.93794727325439
3.86729311943054 2.8378529548645 6.00086307525635 5.83443641662598 4.04817008972168 2.78782725334167 2.57288718223572 1.86025869846344 1.65589797496796 1.23686122894287 0.894599616527557 0.375883460044861 -0.438097238540649 -1.3684059381485 -2.78846335411072 -3.39828896522522 -3.52434372901917 -3.78259110450745 -4.00747299194336 -4.15881395339966 -4.34992933273315 -3.02569842338562 -1.99574065208435 5.25061988830566 7.45636463165283 8.32516098022461 6.01843929290771 5.00540685653687 3.35393190383911 1.28470087051392 -1.0678391456604 -1.75040018558502 -2.40826940536499 -2.09989190101624 -1.23027634620667 -1.39045298099518 -2.31833839416504 -1.57241714000702 -0.967658579349518 -1.40627837181091 -0.724086105823517 -0.278524219989777 -1.48529207706451 -2.86948561668396 -3.12242221832275
2.81666016578674 3.0867977142334 7.15766048431396 4.75188159942627 3.82484650611877 2.85448455810547 2.48845911026001 1.7389622926712 1.55949473381042 0.976934492588043 0.47437909245491 -0.00343489577062428 -0.68542093038559 -1.46044456958771 -2.34597730636597 -3.01806902885437 -3.19623613357544 -3.37450242042542 -3.73430633544922 -4.08160734176636 -4.25187873840332 -4.37096929550171 -4.07451963424683 3.8348388671875 6.71678924560547 8.08042144775391 6.84040117263794 5.66972017288208 3.44001626968384 2.16173601150513 -0.743477940559387 -1.43412351608276 -2.48871469497681 -2.43067073822021 -2.25443124771118 -2.32855939865112 -2.94468522071838 -3.18905401229858 -2.24069142341614 -1.45886921882629 -0.374544024467468 -0.0802736133337021 -1.49938225746155 -1.98409199714661 -1.54900193214417
2.1839005947113 4.81421613693237 7.14924049377441 4.55630922317505 3.71029353141785 3.22528648376465 2.30205678939819 1.33819139003754 1.0851331949234 0.755431830883026 0.418777674436569 -0.0835286155343056 -0.74437952041626 -1.43440866470337 -1.90693390369415 -2.68995428085327 -2.94045758247375 -3.1367301940918 -3.56665825843811 -3.86789703369141 -4.09197235107422 -4.26034784317017 -4.40947771072388 0.155940100550652 5.45003604888916 8.1042537689209 7.39672708511353 6.04327058792114 3.57615900039673 1.9286777973175 -0.491296321153641 -1.20362734794617 -1.9678920507431 -2.11593341827393 -2.44264578819275 -2.99522066116333 -3.33508086204529 -3.63383054733276 -3.71823740005493 -2.86753964424133 -1.79222846031189 -0.988538682460785 -0.979170083999634 -0.16152435541153 0.85822868347168
2.15788245201111 7.3172402381897 7.00685167312622 4.69688701629639 3.79423213005066 3.09978556632996 1.85132920742035 1.11954987049103 0.921768605709076 0.746055364608765 0.459131628274918 -0.0311365146189928 -0.671472072601318 -1.22484362125397 -1.52550494670868 -2.25352478027344 -2.62346076965332 -2.94713640213013 -3.3175265789032 -3.56330561637878 -3.83718132972717 -4.06642246246338 -4.24693870544434 -2.36864757537842 3.83198046684265 7.4008002281189 8.04410457611084 5.53444671630859 3.29603457450867 0.965180158615112 -0.0597211755812168 -0.549015879631042 -1.55033719539642 -2.19322085380554 -2.29050660133362 -2.94256329536438 -3.51832294464111 -3.92644572257996 -3.84209537506104 -3.82400512695312 -3.7935950756073 -2.85600996017456 -2.29788064956665 -0.56342476606369 0.658834934234619
2.73655438423157 8.55984783172607 7.24052810668945 4.54519605636597 3.32430458068848 2.38665437698364 1.32726168632507 1.11111009120941 0.962477207183838 0.887061297893524 0.652865946292877 0.123038403689861 -0.572088360786438 -0.937348544597626 -1.24484014511108 -1.79813027381897 -2.25357246398926 -2.66588401794434 -2.9992847442627 -3.28838062286377 -3.46525096893311 -3.71992111206055 -4.053382396698 -3.08682227134705 2.89074444770813 6.38675546646118 8.09891223907471 5.16765594482422 3.12384343147278 1.07768332958221 -0.138876363635063 -0.787536144256592 -1.16220331192017 -1.50931775569916 -1.47373819351196 -1.64929234981537 -3.06645512580872 -3.6616153717041 -3.66518902778625 -3.68504071235657 -3.67732667922974 -3.63630867004395 -2.65610694885254 -2.10082292556763 -0.269763946533203
1.9838547706604 7.35719156265259 5.52700233459473 3.29757499694824 2.2432107925415 1.88215959072113 1.34997653961182 1.18674671649933 1.10238921642303 1.02500200271606 0.821895122528076 0.278121322393417 -0.429521054029465 -0.678104937076569 -1.02168416976929 -1.51380801200867 -2.08527612686157 -2.47400712966919 -2.7361159324646 -2.95732545852661 -3.11710739135742 -3.36336445808411 -3.75387597084045 -1.15089154243469 3.57453441619873 7.15283107757568 8.242018699646 5.10613346099854 3.10785222053528 0.871975123882294 -0.814939677715302 -1.31842851638794 -0.44583848118782 0.478790104389191 -0.200512290000916 -1.36464667320251 -2.62895083427429 -3.2414345741272 -3.50270509719849 -3.56121015548706 -3.18074607849121 -3.21891856193542 -2.22501492500305 -1.21868073940277 3.44296145439148
1.34552776813507 4.9748740196228 3.42859673500061 2.48717069625854 2.18380975723267 2.07745003700256 1.53002738952637 1.34256482124329 1.2443345785141 1.1769677400589 0.858125686645508 0.265029698610306 -0.238981857895851 -0.451098740100861 -0.814270913600922 -1.39745247364044 -1.96395909786224 -2.2972719669342 -2.57348656654358 -2.74203157424927 -2.87360763549805 -3.12259936332703 -3.46600723266602 0.702431082725525 4.57371520996094 7.2581787109375 6.86043357849121 5.74909687042236 0.919471979141235 -0.255257159471512 -0.227012768387794 0.482901245355606 1.7535845041275 0.940980553627014 -0.162947773933411 -1.59918093681335 -2.37489771842957 -3.25674653053284 -3.47045016288757 -3.45458936691284 -3.4503185749054 -3.42424821853638 -2.41240382194519 -1.19602608680725 1.77337157726288
2.18364429473877 3.19074010848999 2.80410552024841 2.48278951644897 2.05797219276428 2.17210268974304 1.75061655044556 1.49660873413086 1.22987043857574 1.15083730220795 0.847005188465118 0.364425152540207 -0.0406170338392258 -0.255335360765457 -0.653605580329895 -1.32226693630219 -1.78997421264648 -2.04971766471863 -2.38715147972107 -2.6440966129303 -2.76136660575867 -3.03217816352844 -3.2906014919281 3.24825716018677 7.51988649368286 9.76750564575195 5.90065622329712 4.51256465911865 -0.248187020421028 -1.98782229423523 -2.87071061134338 2.88478493690491 5.50765800476074 1.52304470539093 0.399132043123245 -2.24395203590393 -3.05469942092896 -3.26734495162964 -3.31191349029541 -3.29226112365723 -3.30978393554688 -3.30998611450195 -3.04389142990112 -0.0871402323246002 3.62101197242737
2.14350366592407 2.8099684715271 2.24498581886292 2.26439309120178 2.25864696502686 2.34264612197876 1.90282022953033 1.50909996032715 1.23416328430176 1.05395197868347 0.646478831768036 0.343651860952377 0.136839315295219 -0.0739918276667595 -0.4630446434021 -0.987101197242737 -1.58380079269409 -1.89025521278381 -2.19739699363708 -2.49916458129883 -2.69266295433044 -2.9106810092926 -3.16098570823669 -3.2053165435791 3.68899512290955 6.84948301315308 3.56377530097961 2.45829176902771 -1.11979520320892 -2.7864089012146 -2.6951003074646 6.38055610656738 5.4242992401123 1.2275675535202 0.246513158082962 -2.71920657157898 -2.94144725799561 -3.08123350143433 -3.10792589187622 -3.18983769416809 -3.1321132183075 -3.1459629535675 -2.44538235664368 -0.992129743099213 2.74526047706604
1.92097783088684 2.4731764793396 2.49578046798706 2.43647336959839 2.39339709281921 2.45213890075684 1.92890977859497 1.52335476875305 1.00854074954987 0.79677826166153 0.390208423137665 0.321259379386902 0.256002157926559 0.0668191760778427 -0.295617789030075 -0.75450474023819 -1.24741327762604 -1.67901515960693 -1.96907448768616 -2.35518717765808 -2.5148606300354 -2.63156008720398 -2.73397469520569 -2.76768326759338 2.32080149650574 2.58521890640259 -0.0139531996101141 1.63202655315399 2.0774519443512 -1.91848301887512 -1.03229582309723 2.52451729774475 3.99199485778809 2.83642387390137 -0.643428862094879 -2.4328875541687 -2.64077711105347 -2.83808946609497 -2.8571994304657 -2.94740080833435 -2.94948196411133 -2.83789896965027 -1.49598789215088 -1.21888840198517 1.55988037586212
2.87546753883362 2.98013615608215 2.78187251091003 2.64205861091614 2.37282466888428 2.3958466053009 2.03192448616028 1.40622138977051 0.688216507434845 0.364453345537186 0.370774447917938 0.351997762918472 0.316323012113571 0.177515625953674 -0.0636473372578621 -0.442743927240372 -0.854650676250458 -1.34894931316376 -1.6865519285202 -2.02479958534241 -2.22043800354004 -2.35289120674133 -2.41837882995605 -2.31775665283203 1.72233474254608 1.76101851463318 -2.28892683982849 -2.70113277435303 3.62454080581665 1.91190481185913 0.850239753723145 -2.49601316452026 -0.492791175842285 0.844816029071808 -1.15821444988251 -2.27698588371277 -2.39016914367676 -2.5210599899292 -2.58920741081238 -2.62903881072998 -2.65180468559265 -2.44653677940369 -1.34698092937469 0.597754418849945 1.35217082500458
2.98344421386719 3.28290057182312 3.19296312332153 2.72163772583008 2.73476147651672 2.36974501609802 1.5128048658371 0.966525852680206 0.455612242221832 0.421295195817947 0.407965838909149 0.383399248123169 0.370504051446915 0.305135726928711 0.168933257460594 -0.111073352396488 -0.507648527622223 -0.916414558887482 -1.30377697944641 -1.69722437858582 -1.96414864063263 -2.00127053260803 -2.04921269416809 -2.00944399833679 1.13794028759003 1.57038021087646 -2.17244410514832 -2.56868171691895 -2.5179238319397 -0.853977501392365 0.421960592269897 -2.26472520828247 -2.16155600547791 -2.07525134086609 -2.11350131034851 -2.17470121383667 -2.26543736457825 -2.28959155082703 -2.31883025169373 -2.31143498420715 -2.24305462837219 -2.0508074760437 2.06684017181396 2.42936897277832 0.862491846084595
2.16084122657776 2.66128206253052 3.59653234481812 3.26918792724609 2.16292142868042 2.01098823547363 0.835622906684875 0.637204110622406 0.509709179401398 0.463311821222305 0.450776070356369 0.438827484846115 0.42663437128067 0.441929966211319 0.346382290124893 0.130101695656776 -0.137908101081848 -0.457869559526443 -0.784463822841644 -1.22103774547577 -1.58902025222778 -1.7673876285553 -1.80635523796082 -1.76747298240662 1.43518102169037 1.08953785896301 -1.75323510169983 -2.08763575553894 -2.20694088935852 -2.11045241355896 -1.91622233390808 -1.82597124576569 -1.75074994564056 -1.79182481765747 -2.01046586036682 -2.06356024742126 -2.11341691017151 -2.10564422607422 -2.11207461357117 -2.07376098632812 -2.0658848285675 -1.90870404243469 0.717098414897919 2.08743739128113 0.100543580949306
1.58148431777954 1.62047100067139 2.42434406280518 2.67285847663879 1.4576313495636 1.28052568435669 0.970396637916565 0.745041191577911 0.598526835441589 0.504148483276367 0.520655751228333 0.537406384944916 0.519668757915497 0.537174999713898 0.541413009166718 0.455349087715149 0.228634372353554 -0.119085885584354 -0.301046371459961 -0.563128411769867 -1.10744178295135 -1.37870645523071 -1.54659879207611 -1.47710132598877 -0.586087286472321 -0.464269757270813 -1.28737914562225 -1.54181396961212 -1.68030071258545 -1.70242547988892 -1.53481996059418 -1.407998919487 -1.35939860343933 -1.46193838119507 -1.74898087978363 -1.9051525592804 -1.94355523586273 -1.89742171764374 -1.83124709129333 -1.79418337345123 -1.74886918067932 -1.61767780780792 -1.35583770275116 -1.20940232276917 -1.04763984680176
1.66985678672791 1.6940985918045 1.72897803783417 1.64421916007996 1.5134574174881 1.34451639652252 1.03793001174927 0.793633162975311 0.640167713165283 0.599218308925629 0.607251107692719 0.61636358499527 0.631667077541351 0.669783234596252 0.729134142398834 0.720200419425964 0.693957388401031 0.354472279548645 0.00232705404050648 -0.131178572773933 -0.45459845662117 -0.87239271402359 -1.08378624916077 -1.10657024383545 -1.05326795578003 -0.993309020996094 -0.928282558917999 -1.10444557666779 -1.20060312747955 -1.22530579566956 -1.1346207857132 -1.06292629241943 -1.05694806575775 -1.15091848373413 -1.32271087169647 -1.56580412387848 -1.74421334266663 -1.72525572776794 -1.57118988037109 -1.34791934490204 -1.23178219795227 -1.12191188335419 -1.01938450336456 -0.852631151676178 -0.711585700511932
1.76798367500305 1.79329693317413 1.75335943698883 1.6924295425415 1.59856224060059 1.42475819587708 1.1813690662384 0.918898284435272 0.679778158664703 0.675141334533691 0.710209906101227 0.749184906482697 0.822016358375549 0.873796820640564 0.890885829925537 1.00739872455597 0.895768105983734 0.811205625534058 0.459335744380951 0.144982948899269 0.012180732563138 -0.3707495033741 -0.558587431907654 -0.703850567340851 -0.763540804386139 -0.751768171787262 -0.727817535400391 -0.795524775981903 -0.852417588233948 -0.850360989570618 -0.8244868516922 -0.792583823204041 -0.795185565948486 -0.817404210567474 -0.749518990516663 -1.05279111862183 -1.2792307138443 -1.26751089096069 -1.20154535770416 -1.08016240596771 -0.941399753093719 -0.785796284675598 -0.666260063648224 -0.466766029596329 -0.437347233295441
1.82055675983429 1.82737219333649 1.85077679157257 1.79274713993073 1.70612418651581 1.474329829216 1.24095416069031 0.964660108089447 0.731200456619263 0.810703575611115 0.89345645904541 0.954925060272217 0.963865160942078 1.13575029373169 1.14672768115997 1.11077296733856 1.15224134922028 1.00181412696838 0.801983952522278 0.487012505531311 0.321528613567352 -0.0117911165580153 -0.149500161409378 -0.303574919700623 -0.512362062931061 -0.535622358322144 -0.548899412155151 -0.589350759983063 -0.643255531787872 -0.650563836097717 -0.415876269340515 0.348941773176193 1.0211489200592 1.05136716365814 0.38756600022316 0.328368723392487 -0.786659598350525 -0.873879492282867 -0.850155055522919 -0.710209727287292 -0.534901082515717 -0.343656241893768 -0.299718409776688 -0.204068601131439 -0.211000204086304
1.92762339115143 1.97015202045441 1.99586510658264 1.93473935127258 1.82643830776215 1.565709233284 1.26432430744171 0.97040867805481 0.861565053462982 0.946771621704102 1.03990530967712 1.22304177284241 1.23084807395935 1.20832812786102 1.31966781616211 1.28727889060974 1.2357302904129 1.18342959880829 1.00031805038452 0.756759524345398 0.448775857686996 0.223828226327896 0.18853671848774 -0.00583560671657324 -0.203662246465683 -0.325811386108398 -0.405916780233383 -0.433789640665054 -0.504956245422363 -0.532760441303253 1.27339458465576 1.65048062801361 1.61172223091125 2.04504442214966 2.01458215713501 1.42717087268829 0.7766934633255 0.0747179090976715 -0.128056317567825 -0.0169075801968575 -0.122825816273689 0.208052739500999 0.130764245986938 0.265009045600891 0.24519307911396
2.086017370224 2.06307816505432 2.05881714820862 2.09629774093628 1.90656232833862 1.54031407833099 1.25829780101776 1.02521109580994 1.09009182453156 1.09281098842621 1.28006339073181 1.29396390914917 1.40556085109711 1.37633812427521 1.33984339237213 1.35519003868103 1.3271871805191 1.27698218822479 1.07659804821014 0.916394412517548 0.61478453874588 0.511358380317688 0.455647617578506 0.320070266723633 0.0680147632956505 -0.107659697532654 -0.268436789512634 -0.348417490720749 3.55745983123779 2.61868858337402 1.91865396499634 2.57676458358765 2.7583372592926 2.47906374931335 2.07791948318481 1.91270422935486 1.37808918952942 0.977395832538605 0.735791921615601 0.678231954574585 0.750329554080963 0.72606235742569 0.757097601890564 0.667695999145508 0.579750955104828
