slauniainen/Data/DEM/Vihti_dsm1500b_cl_horizonAngle_306.asc
NCOLS 196 
NROWS 178 
XLLCORNER 353680 
YLLCORNER 6699024 
CELLSIZE 16 
NODATA_value -3.4e+38 
[rows 0 to 19 of 178, columns 0 to 44 of 196]
16.883995056152301 34.1212120056152 25.5805263519287 19.3990497589111 13.0879640579224 9.26743030548096 4.79560136795044 10.2413368225098 3.89609694480896 1.20573329925537 1.6372777223587 2.01374292373657 31.3554954528809 24.7379398345947 7.18796491622925 3.70429468154907 0.449229210615158 -0.444862335920334 -0.835862755775452 -1.67862462997437 0.214208528399467 -0.173890873789787 3.17880892753601 -2.38312602043152 -2.14867281913757 -2.80297017097473 2.62998628616333 6.70842504501343 7.59735012054443 11.6494722366333 15.3715581893921 13.5887336730957 4.59675979614258 1.449591755867 1.45055663585663 1.3781886100769 1.37992262840271 20.9425392150879 10.4166412353516 6.38667297363281 4.75450801849365 10.5611629486084 18.2798385620117 11.0157823562622 8.78431224822998
15.8293695449829 19.5090255737305 5.5425181388855 4.75638341903687 15.3118152618408 11.5358390808105 4.50359773635864 43.6671714782715 5.19823455810547 2.29280829429626 0.607734799385071 5.65142631530762 32.645866394043 9.5063533782959 12.262490272522 0.361859232187271 0.25197559595108 -0.306227952241898 -1.04009330272675 -1.42516684532166 -1.8170337677002 -2.09430551528931 -2.28584051132202 -2.59585332870483 -2.53928136825562 -2.57896852493286 7.65710592269897 22.8366928100586 11.3125705718994 3.49011969566345 4.59537315368652 10.2945861816406 7.0395302772522 1.73201334476471 1.31739151477814 1.49593901634216 8.71382904052734 15.1835536956787 6.09476232528687 1.80697906017303 4.06130313873291 7.16231060028076 3.2034547328949 18.2998695373535 35.4942092895508
34.2854232788086 38.1925773620605 28.2469635009766 1.65596449375153 4.55702352523804 29.688138961792 3.32984733581543 43.777774810791 32.0876617431641 2.75216794013977 37.3448448181152 27.4374828338623 25.3860340118408 12.5162239074707 5.97218990325928 1.71848022937775 0.3591088950634 -0.279409527778625 -0.949528336524963 -1.42126131057739 -1.77349388599396 -2.18510794639587 -2.56249094009399 -2.54798245429993 -3.08252048492432 2.79796838760376 19.2860622406006 11.4025955200195 6.97063112258911 2.26231241226196 1.91641533374786 5.15748882293701 3.11048412322998 5.62595510482788 1.01891088485718 6.62157917022705 9.28279209136963 4.97358369827271 7.61815786361694 5.45707368850708 12.4469499588013 17.7239799499512 10.1003170013428 41.4438438415527 28.3797721862793
44.3718681335449 33.234619140625 20.4692325592041 19.9804935455322 8.16155242919922 40.6919937133789 3.80897927284241 25.5126571655273 37.5606803894043 18.2420520782471 7.35328102111816 31.1609859466553 2.61127400398254 14.8885354995728 2.42537117004395 0.57573401927948 0.109335593879223 -0.510269701480865 -1.28139066696167 -1.47532021999359 -1.78044974803925 -2.24124431610107 -2.21742224693298 -2.92945528030396 -3.03219151496887 14.5442676544189 14.7386064529419 -2.02226424217224 2.03032732009888 4.54705762863159 10.9083251953125 17.4005794525146 2.12073850631714 1.14881873130798 6.88813781738281 3.72047996520996 6.69357776641846 2.17469000816345 10.1835432052612 8.24515151977539 18.3359127044678 15.3292970657349 28.1080989837646 37.9093589782715 35.3135528564453
33.5518989562988 23.1520862579346 22.8677730560303 16.8748531341553 6.62379884719849 42.0079345703125 31.9066886901855 10.2012891769409 37.4909324645996 24.5696105957031 2.75492644309998 40.4903221130371 29.1383876800537 37.4318389892578 9.65112686157227 1.48393130302429 0.685192584991455 -0.598968744277954 -0.966153264045715 -1.73422813415527 -2.02544021606445 -2.28616046905518 1.3480259180069 -2.89911556243896 -3.18012666702271 9.82227993011475 14.7213592529297 9.47055530548096 15.0086030960083 12.0560255050659 11.5166683197021 13.3017158508301 4.26713085174561 8.70540714263916 14.9423370361328 3.74150514602661 9.96541213989258 11.669882774353 3.52664494514465 4.75864267349243 8.42096424102783 18.2354774475098 28.7459869384766 32.6046752929688 23.1865520477295
34.8060531616211 24.0366058349609 18.0496253967285 19.1336402893066 7.56108903884888 18.564905166626 36.588077545166 9.97928524017334 45.6758460998535 33.6840209960938 17.5881481170654 43.8532524108887 26.6296062469482 18.616886138916 6.60731315612793 4.26573276519775 0.485681653022766 0.126417517662048 -0.844152271747589 -1.48429524898529 -2.03029203414917 0.757758557796478 -2.49608039855957 -3.15020537376404 -3.05548906326294 7.28744745254517 16.4670829772949 9.91530895233154 8.83554744720459 2.81680750846863 9.54911327362061 10.0596618652344 5.92822217941284 4.85639572143555 2.14157772064209 1.14509737491608 3.15450382232666 18.2135200500488 9.5635290145874 17.7600879669189 29.655143737793 27.5478343963623 34.7090950012207 23.9692878723145 21.8939876556396
9.43387889862061 10.7069940567017 10.721245765686 16.9113826751709 7.1430778503418 7.3724102973938 42.444881439209 12.6822881698608 38.9862480163574 28.1914196014404 22.5580101013184 14.9878196716309 7.18408727645874 12.2490882873535 7.68596458435059 2.2213191986084 -0.0695046186447144 -0.897030472755432 -0.396493643522263 -1.38802242279053 -1.92907226085663 -2.51869010925293 -2.82554244995117 -2.91617584228516 6.05976343154907 14.6376876831055 17.8827629089355 13.1576728820801 8.25417995452881 9.31816482543945 10.6206216812134 10.0921745300293 6.07204246520996 6.23442983627319 14.3952703475952 19.5678253173828 20.6704692840576 11.7785806655884 7.39888477325439 9.37643718719482 25.4648857116699 16.5654258728027 25.4060382843018 21.2309074401855 16.9019966125488
14.8018712997437 48.4076614379883 43.1800918579102 40.3029975891113 27.4700908660889 33.3247833251953 46.2678184509277 17.4591846466064 40.2673263549805 28.6169357299805 18.2722911834717 16.2420883178711 6.55327606201172 5.86952781677246 3.37590909004211 5.20575714111328 1.16022801399231 -0.875248074531555 -1.35345900058746 -1.09584069252014 -1.49404811859131 -2.4237654209137 -2.9257755279541 -3.02492690086365 -1.15095329284668 4.43578720092773 12.5138120651245 10.9960193634033 8.93848705291748 7.52956342697144 12.2485370635986 7.25887203216553 7.72615385055542 6.32180547714233 9.46977806091309 7.05785608291626 9.76545333862305 16.6619396209717 14.8367738723755 13.3007040023804 10.9448194503784 26.5984706878662 28.0832500457764 18.9080009460449 15.6448822021484
18.2398719787598 43.7030334472656 32.0070686340332 25.8275852203369 22.3504314422607 15.1197843551636 28.7953968048096 26.4729671478271 33.9549446105957 23.0678672790527 7.09081411361694 5.9951286315918 12.0412492752075 5.65163946151733 4.86521816253662 2.47424125671387 2.09091544151306 0.290829360485077 -0.186784043908119 -1.00397253036499 -1.42463672161102 -2.04966735839844 -2.64575004577637 -3.18918824195862 -3.1980242729187 9.53663063049316 7.75731420516968 10.083402633667 14.3302640914917 13.3417901992798 16.6364574432373 6.87299156188965 6.34241914749146 7.40885925292969 8.69666385650635 11.8691520690918 16.1486682891846 9.27075672149658 14.0215654373169 11.7114925384521 37.3644866943359 35.1098251342773 22.0392475128174 14.4155216217041 13.4562549591064
15.1704940795898 18.2414264678955 31.0913219451904 22.1788997650146 20.9092617034912 17.6801090240479 24.9851951599121 17.4628734588623 19.8899345397949 18.3006954193115 11.5999393463135 35.4614334106445 25.8877010345459 13.3569326400757 4.19140291213989 3.18067073822021 1.92785918712616 1.66229605674744 -1.29346203804016 -1.40128600597382 -1.35600197315216 -2.16870999336243 -2.46393251419067 -3.13518786430359 12.5430097579956 10.4511775970459 9.94522571563721 10.5537137985229 15.3880414962769 9.50958728790283 10.9492301940918 7.90258026123047 5.86464881896973 4.94214773178101 4.71906137466431 5.10680150985718 10.4214963912964 9.63617515563965 9.4808988571167 6.36025762557983 8.92954063415527 8.10934925079346 10.2056360244751 14.1067934036255 11.3123369216919
25.4745540618896 35.276725769043 23.5143814086914 16.8013381958008 11.6236057281494 17.2320442199707 16.4435024261475 14.6815538406372 12.9603776931763 15.3842906951904 9.12169647216797 9.21555614471436 6.56403350830078 5.3646445274353 4.3384108543396 4.55409002304077 3.76029181480408 1.70968520641327 -0.49804750084877 16.1037921905518 -0.856774210929871 -1.63145291805267 -2.42329168319702 0.428438097238541 11.0597105026245 10.6957473754883 3.73771023750305 17.8066215515137 15.7457084655762 8.2977876663208 13.9071207046509 13.7500247955322 7.09022998809814 5.00637817382812 6.82835817337036 9.93634796142578 17.5885620117188 13.7621984481812 8.40005302429199 6.8379955291748 3.81151342391968 5.07371091842651 15.9085178375244 20.433256149292 13.2436637878418
20.4130821228027 36.7828636169434 25.6540641784668 22.4700317382812 14.7264671325684 14.1456432342529 20.4239711761475 13.9007978439331 12.143759727478 9.73691558837891 10.2129564285278 21.5840492248535 13.8784055709839 5.29267501831055 11.6774826049805 5.03594303131104 2.22764587402344 1.50613152980804 0.747972130775452 13.2229270935059 -0.142567798495293 5.65116786956787 8.65350532531738 -2.30852818489075 6.16215324401855 9.21593761444092 5.48828792572021 5.37024688720703 12.4064121246338 9.35065078735352 22.5293922424316 8.19204044342041 8.21450042724609 7.09495878219604 15.7410669326782 16.2552967071533 19.4169139862061 24.0771179199219 13.6635646820068 11.8212337493896 15.3720350265503 13.6622657775879 11.759539604187 5.98627424240112 5.65209913253784
37.863224029541 39.0841484069824 27.4068279266357 19.8245182037354 14.6716270446777 20.8190135955811 8.24281883239746 14.4578475952148 12.6388301849365 10.7105712890625 14.8498315811157 9.28581047058105 9.6549711227417 8.11742496490479 4.68570041656494 2.69923400878906 1.75280725955963 0.643095791339874 0.77327698469162 -0.547386825084686 -0.88389778137207 -1.22002506256104 -1.36644148826599 -1.81514418125153 23.5520935058594 10.2023763656616 0.64621239900589 8.43889236450195 12.5766363143921 10.3682050704956 11.0559959411621 14.5024614334106 7.20095157623291 9.06160640716553 9.90531730651855 8.27197456359863 11.8668508529663 13.4688444137573 19.3246688842773 10.5378742218018 10.3153581619263 5.73091268539429 4.7749924659729 4.10677719116211 4.05381298065186
43.6738357543945 31.2785949707031 24.5740623474121 18.9229946136475 13.9961318969727 18.6453266143799 11.7577514648438 36.5847320556641 25.3848094940186 11.0979747772217 10.4065685272217 9.24780178070068 8.50513458251953 7.78849840164185 3.98483753204346 1.7791485786438 1.43355453014374 0.89440506696701 4.2792181968689 -0.211742043495178 6.15448427200317 -1.29149305820465 -1.31711506843567 -1.55497217178345 -2.06436371803284 -1.78830146789551 6.70636320114136 16.0910968780518 17.5860233306885 17.6362285614014 7.69770288467407 8.48068237304688 7.76652717590332 8.93800735473633 5.9481463432312 7.20562076568604 6.26798295974731 9.13923358917236 5.42620182037354 7.96301317214966 4.58642530441284 3.75382351875305 3.93632960319519 3.21095013618469 2.74360942840576
27.3970050811768 28.5391750335693 21.2226753234863 19.0332698822021 12.2230319976807 24.0922088623047 10.831298828125 16.5683097839355 11.7012805938721 16.3738079071045 9.87118816375732 9.19076728820801 4.93988180160522 4.12487697601318 3.01838421821594 0.909669816493988 -0.303456991910934 0.0655028373003006 0.329247325658798 0.883374631404877 0.221908852458 -0.718242168426514 -1.11065089702606 0.928224444389343 -1.95738637447357 2.36416554450989 -2.72974586486816 0.74912416934967 2.23809552192688 4.0768518447876 8.34462261199951 7.24605226516724 9.25563526153564 6.08371114730835 7.12686443328857 5.98712682723999 5.68462753295898 9.09016513824463 5.49299573898315 7.95401763916016 4.58017730712891 4.42981433868408 4.31545257568359 3.4640097618103 18.2620697021484
24.1836814880371 25.6702556610107 14.7905712127686 14.6170110702515 11.2814922332764 27.7817440032959 11.3378524780273 8.73534774780273 12.6206426620483 10.5140790939331 12.2268714904785 5.36045837402344 3.79765558242798 3.60117888450623 2.47884654998779 0.526183843612671 0.0436823293566704 -0.861437559127808 -0.318607896566391 -0.927379906177521 0.203170493245125 -0.921339571475983 1.47235131263733 7.00729656219482 -1.62807869911194 -2.03407740592957 -2.56243562698364 1.53999722003937 2.66035223007202 4.85833168029785 3.77896785736084 7.59189748764038 4.11927461624146 4.68086004257202 5.48741865158081 5.22885179519653 4.92276573181152 3.70704936981201 4.93607425689697 4.48185014724731 4.0560827255249 3.3310661315918 4.37352514266968 13.1261796951294 6.99614000320435
20.7368354797363 17.8560390472412 14.1245470046997 13.9170255661011 20.9360122680664 29.4161167144775 17.0404930114746 10.4914608001709 16.1172351837158 8.40769863128662 7.34499645233154 4.88641977310181 3.82775688171387 2.88845491409302 0.950932919979095 0.237785324454308 -0.218615040183067 -0.254430919885635 -0.748392522335052 -0.890601515769958 8.40197944641113 5.30568742752075 6.91185474395752 -1.01980459690094 -1.65125548839569 4.6270923614502 -1.37247729301453 -1.8467835187912 -1.91479420661926 -0.131951346993446 2.54250884056091 2.45496678352356 3.93699073791504 4.40739488601685 3.51033782958984 7.71534490585327 7.42138671875 2.70278072357178 3.24773621559143 3.3729133605957 3.50361800193787 2.68374609947205 3.01504898071289 2.69538140296936 0.529442131519318
27.0716037750244 11.7710456848145 14.7674770355225 19.262186050415 23.2709541320801 10.887469291687 10.6303739547729 8.66310405731201 7.98007822036743 9.68169689178467 7.45178604125977 5.50917053222656 4.65757179260254 3.39304232597351 1.24512088298798 0.163471877574921 -0.0996113792061806 -0.440680712461472 -0.859942018985748 -0.816275656223297 -1.41664922237396 -0.866247534751892 1.26010274887085 -0.716084837913513 -0.656737208366394 -1.6587827205658 4.46122312545776 6.2118444442749 1.89445376396179 10.984917640686 3.63148307800293 5.34903955459595 1.4672657251358 1.87024188041687 3.62574601173401 11.6410179138184 4.15490961074829 3.28705430030823 2.51497983932495 2.77312827110291 4.51728773117065 2.74020957946777 1.85543012619019 1.8235844373703 1.29377591609955
20.4193305969238 17.1968460083008 36.1483192443848 26.0248069763184 16.359977722168 12.7015752792358 19.5418643951416 10.6121215820312 31.1548252105713 30.1492042541504 7.24438905715942 6.03542232513428 4.16489791870117 3.13735461235046 1.35243606567383 -0.370158761739731 -0.649961113929749 -1.15809071063995 -1.11586081981659 -1.25179588794708 -1.15159773826599 -1.89025485515594 -1.71487057209015 -0.886200487613678 -1.10531640052795 7.69248867034912 6.78107881546021 7.60391902923584 -1.08925986289978 8.97764205932617 8.98148345947266 15.7561531066895 11.7747144699097 0.789909064769745 6.99516582489014 7.26103067398071 3.33471393585205 2.44504904747009 2.99740433692932 2.31902933120728 14.0209255218506 2.27200436592102 2.57499074935913 1.73978877067566 3.45922684669495
11.6138477325439 19.2460613250732 12.1230993270874 14.0114049911499 18.6147079467773 13.8501443862915 12.6912899017334 11.853611946106 13.4804286956787 10.3496561050415 7.46471691131592 6.96964550018311 5.87543964385986 2.52236771583557 0.388169646263123 -0.137928351759911 0.270030826330185 -1.49290370941162 0.532798051834106 1.7440357208252 -1.56039750576019 -1.64000523090363 -2.21582102775574 7.26135969161987 16.8719100952148 14.4873600006104 3.57280373573303 7.63537359237671 0.706448972225189 3.26194834709167 3.13766145706177 5.10364151000977 3.90367674827576 9.4507942199707 17.5388088226318 6.34976243972778 4.77580833435059 3.11591720581055 9.78554344177246 2.5225670337677 1.91006398200989 2.07636785507202 2.0757839679718 2.34493160247803 7.99855756759644
