slauniainen/Data/DEM/Vihti_dem1500b_cl_horizonAngle_18.asc
NCOLS 196 
NROWS 178 
XLLCORNER 353680 
YLLCORNER 6699024 
CELLSIZE 16 
NODATA_value -3.4e+38 
[rows 100 to 119 of 178, columns 45 to 89 of 196]
-0.616589486598969 -0.579726696014404 -0.559879779815674 -0.593984544277191 -0.640179932117462 -0.628003358840942 -0.58101761341095 -0.557544410228729 -0.54144287109375 -0.547658503055573 -0.533907651901245 -0.372487723827362 -0.261035472154617 -0.152661055326462 0.0508605316281319 0.0850114151835442 0.00970217026770115 0.00492285750806332 0.00253074872307479 -0.0622595734894276 0.201652720570564 0.238050222396851 -0.00298844184726477 -0.0112183867022395 0.109422333538532 0.102322265505791 0.12184676527977 -0.0245434530079365 -0.0633109882473946 0.235000565648079 0.729875922203064 0.700754642486572 -0.331416994333267 -0.30883327126503 -0.109313331544399 0.152248084545135 0.484787613153458 0.867939114570618 1.46242690086365 1.63102412223816 2.0722029209137 2.30107879638672 2.32548046112061 2.36841058731079 2.88951921463013
-0.64239364862442 -0.643811523914337 -0.638212919235229 -0.654696881771088 -0.667689919471741 -0.66932487487793 -0.6197270154953 -0.591936588287354 -0.556701302528381 -0.577733755111694 -0.558066725730896 -0.355693936347961 -0.210801959037781 -0.0690062269568443 0.00988613162189722 0.0426474027335644 -0.0205727145075798 -0.0654537305235863 -0.151909232139587 -0.20178347826004 -0.19237194955349 -0.102024368941784 -0.0949290469288826 -0.031911876052618 0.0711077898740768 0.0671971961855888 -0.0280312672257423 -0.0869302526116371 -0.0451968349516392 0.325319081544876 0.972299337387085 0.72782427072525 -0.541140258312225 -0.485987275838852 -0.208864137530327 0.0768291652202606 0.357984781265259 0.721915662288666 1.45814645290375 1.84340465068817 2.02365708351135 2.24946427345276 2.27125120162964 2.50710606575012 2.79378223419189
-0.682759582996368 -0.706246018409729 -0.706949174404144 -0.696276009082794 -0.671267569065094 -0.295471370220184 -0.632568776607513 -0.608865737915039 -0.608903467655182 -0.234875231981277 0.0514859519898891 -0.14702633023262 -0.253720790147781 -0.0887505114078522 -0.0149479163810611 -0.0492187328636646 -0.068760983645916 -0.12267080694437 -0.220797061920166 -0.299191176891327 -0.221055269241333 -0.146436274051666 -0.0884760394692421 0.0147712165489793 0.029242031276226 -0.0248089302331209 -0.107023306190968 -0.119547449052334 -0.0903669595718384 0.5487220287323 0.848908245563507 0.973276495933533 -0.741037845611572 -0.650261282920837 -0.273027449846268 1.42851126194 0.803478121757507 0.684757649898529 1.36592078208923 1.95495963096619 2.15931558609009 2.19815039634705 2.22006511688232 2.5706741809845 2.75410985946655
0.0545458756387234 -0.743622303009033 -0.735025703907013 -0.737902760505676 -0.694430947303772 0.22656986117363 -0.559729874134064 -0.628998517990112 -0.630562961101532 -0.576873242855072 -0.410364091396332 -0.361420869827271 -0.254544168710709 0.904269278049469 -0.0398010835051537 -0.148864060640335 -0.182616382837296 -0.180839240550995 -0.24251988530159 -0.317563861608505 -0.242637753486633 -0.188795775175095 -0.15995654463768 -0.0796861052513123 -0.120827160775661 -0.127348989248276 -0.157422572374344 -0.171538963913918 -0.185724869370461 0.220229417085648 2.04455852508545 2.20446419715881 -0.888465404510498 -0.796441853046417 -0.367838680744171 0.0147454617545009 0.40880423784256 0.787167549133301 1.28941595554352 1.89482796192169 2.13196539878845 2.15715360641479 2.13011860847473 2.59906601905823 2.84378147125244
-0.370958119630814 0.548884510993958 0.0134008312597871 0.319021165370941 0.856196105480194 0.222198605537415 -0.674841940402985 -0.674494087696075 -0.675011813640594 -0.651154935359955 -0.468986481428146 -0.310933351516724 0.673084199428558 -0.0759114623069763 -0.0785509049892426 -0.178225472569466 -0.251976042985916 -0.304914057254791 -0.352472543716431 -0.338271707296371 -0.27546489238739 -0.229075849056244 -0.211445897817612 -0.202859058976173 -0.208511352539062 -0.209311664104462 -0.226151973009109 -0.247233062982559 -0.237600460648537 0.235052406787872 2.40838503837585 5.64998626708984 4.55352878570557 5.6065878868103 1.24441504478455 1.53043162822723 1.47611439228058 1.40553486347198 1.52635550498962 1.84558868408203 2.08654236793518 2.11182689666748 2.27691221237183 2.5231351852417 2.82281136512756
1.37423002719879 2.14118218421936 1.85920763015747 1.93951070308685 0.987069606781006 0.0347383394837379 -0.115088529884815 0.200642824172974 -0.633554339408875 -0.702205538749695 -0.767518520355225 -0.564438223838806 -0.205098479986191 -0.148920133709908 -0.20339061319828 -0.250853627920151 -0.297394037246704 -0.379157304763794 -0.420501351356506 -0.366162657737732 -0.319772660732269 -0.293958336114883 -0.29095470905304 -0.294363796710968 -0.286442369222641 -0.281956523656845 -0.311210513114929 -0.377222031354904 -0.283770382404327 0.104530788958073 1.66995227336884 7.54235124588013 7.63801097869873 6.14914703369141 2.01762318611145 3.01476502418518 3.94319653511047 3.51519298553467 1.89923048019409 1.98893296718597 2.03764700889587 2.0672287940979 2.33441805839539 2.50410509109497 2.74098896980286
1.04961037635803 1.48864364624023 1.57262480258942 1.38520658016205 0.317846417427063 0.0826042518019676 0.510201632976532 0.335536032915115 0.269348531961441 -0.684762239456177 -0.944709897041321 -0.876119613647461 -0.471117973327637 -0.282444208860397 -0.301576137542725 -0.354537814855576 -0.353348851203918 -0.41781559586525 -0.470707803964615 -0.462520331144333 -0.415375471115112 -0.393126487731934 -0.381435930728912 -0.366909950971603 -0.352839231491089 -0.383000195026398 -0.461964547634125 -0.492149442434311 -0.471593886613846 -0.10672290623188 1.11894714832306 5.01911973953247 6.20985269546509 4.11295890808105 3.82125186920166 2.94260120391846 4.17579460144043 4.52005338668823 2.99388098716736 1.98082149028778 2.00680661201477 1.976602435112 2.35687661170959 2.58229732513428 2.72917723655701
1.04472064971924 1.34022116661072 1.72998452186584 1.65994071960449 1.09661686420441 0.890994668006897 0.633993268013 0.933590531349182 2.17849564552307 2.29137277603149 0.567816019058228 -0.859237015247345 -0.815934062004089 -0.509176075458527 -0.389599144458771 -0.415279358625412 -0.484353363513947 -0.560942053794861 -0.579554498195648 -0.641459822654724 -0.570914328098297 -0.494399905204773 -0.471828579902649 -0.452756494283676 -0.466844171285629 -0.531167566776276 -0.590764343738556 -0.59754079580307 -0.427590876817703 -0.271619349718094 2.34831142425537 4.05890512466431 4.84124755859375 2.34795570373535 2.99315905570984 1.77771008014679 2.61109352111816 3.74123740196228 2.56238436698914 1.67957735061646 1.92044734954834 2.08569598197937 2.29105925559998 2.56162095069885 2.76516103744507
0.988986551761627 1.27602922916412 1.51088678836823 1.82228088378906 2.08596014976501 1.62020790576935 1.27751171588898 1.47774624824524 4.48023366928101 7.40390014648438 7.76263761520386 5.29723930358887 0.166369274258614 -0.790622889995575 -0.600373864173889 -0.497319668531418 -0.574232578277588 -0.608362972736359 -0.633757770061493 -0.716583132743835 -0.648617386817932 -0.565147995948792 -0.530639171600342 -0.538459599018097 -0.58757346868515 -0.637046992778778 -0.644151031970978 -0.661029994487762 -0.419226616621017 -0.0411751978099346 3.23887228965759 3.97051429748535 3.19443464279175 1.63254272937775 1.54329037666321 1.79351341724396 1.93618130683899 1.96940577030182 1.003089427948 1.42872142791748 1.80439507961273 2.13626599311829 2.29189991950989 2.49347257614136 2.69033002853394
0.843888580799103 0.959179520606995 1.20746648311615 1.48564612865448 1.90705347061157 2.14080023765564 1.59398698806763 1.8173565864563 4.32821226119995 8.48245239257812 7.73492240905762 5.8871169090271 5.5479564666748 3.06384491920471 -0.684213757514954 -0.581694424152374 -0.614754557609558 -0.654552042484283 -0.261712312698364 -0.188717439770699 -0.715050101280212 -0.679154515266418 -0.603106081485748 -0.614224255084991 -0.67227029800415 -0.695227563381195 -0.720470607280731 -0.736370921134949 -0.510115683078766 0.541661441326141 2.70766425132751 3.31673002243042 1.21054303646088 0.53137743473053 0.13835597038269 2.12516713142395 2.67218923568726 1.13173806667328 0.884137451648712 1.58562123775482 1.76470124721527 2.15694165229797 2.36488032341003 2.49746656417847 2.61957859992981
0.836601972579956 0.820412635803223 0.893458425998688 1.14085412025452 1.38740110397339 1.17186498641968 1.0203822851181 1.79435980319977 3.45440578460693 6.80377340316772 7.23699855804443 7.20998430252075 7.02235507965088 6.26465892791748 4.57410717010498 -0.308926463127136 -0.725945174694061 -0.703405439853668 0.646242797374725 0.837785959243774 -0.746778130531311 -0.744672179222107 -0.667080044746399 -0.659613311290741 0.00684384955093265 -0.0650643557310104 -0.77076518535614 -0.823653936386108 -0.572245538234711 1.29264116287231 2.28511023521423 2.87738108634949 0.889873623847961 -0.466417014598846 -0.14992755651474 1.80093741416931 2.1195604801178 1.31942760944366 0.931317746639252 1.67212057113647 1.92050576210022 2.10158491134644 2.34680366516113 2.53428506851196 2.68932223320007
2.04841589927673 0.952382147312164 0.705028891563416 0.963434815406799 1.12061548233032 0.98161369562149 1.06203985214233 2.48646593093872 4.4993143081665 5.50208377838135 5.98713207244873 6.23308420181274 4.11699295043945 1.91316795349121 0.752602577209473 0.211448043584824 -0.777091979980469 -0.775342166423798 0.405741780996323 0.204044207930565 0.497635066509247 0.0674002766609192 -0.740995466709137 0.0409676656126976 0.197604387998581 0.265121132135391 0.295539677143097 0.767325878143311 1.57448124885559 1.85317504405975 2.42337226867676 2.09755754470825 2.24427628517151 3.38313984870911 2.81994128227234 2.76636981964111 1.76235675811768 0.527355551719666 0.997715592384338 1.66846013069153 1.96694755554199 2.1126344203949 2.28366708755493 2.46851444244385 2.6610255241394
1.72508490085602 1.68863034248352 0.667161524295807 0.827478349208832 0.804908096790314 0.780641913414001 1.08112919330597 2.28212904930115 4.45220565795898 4.96265697479248 4.88659763336182 5.44210624694824 4.16338872909546 3.27250957489014 1.50156009197235 0.0338094308972359 -0.77770584821701 -0.282029896974564 0.0607751160860062 0.600350499153137 0.657267570495605 0.552845656871796 -0.508849382400513 -0.279630810022354 0.0237949695438147 0.704387307167053 0.957953095436096 1.4519921541214 0.565494000911713 1.60336136817932 2.12942481040955 1.63502502441406 3.4538094997406 4.76050329208374 2.02534532546997 0.725081503391266 0.237646907567978 0.602002739906311 1.42521905899048 1.61574161052704 1.98452746868134 2.1771457195282 2.29545283317566 2.40437769889832 2.6480667591095
1.94369113445282 1.94337213039398 1.59248554706573 0.774291336536407 0.697901129722595 0.748959541320801 1.26419150829315 2.0462429523468 3.80292344093323 4.23462724685669 4.67371940612793 4.45884990692139 3.98430871963501 3.50455069541931 1.53239727020264 1.04574978351593 1.03229868412018 0.679025590419769 0.388358622789383 0.38604524731636 0.357567489147186 0.226310312747955 0.311262309551239 -0.31652644276619 -0.117874316871166 0.304935485124588 0.611080348491669 0.335821032524109 0.787053525447845 1.38540768623352 1.87878477573395 1.03126466274261 2.5423629283905 1.51222145557404 1.43768525123596 -0.0653599724173546 0.0883615389466286 0.717424869537354 1.44777894020081 1.69090604782104 1.85589075088501 2.06600570678711 2.2192656993866 2.40005850791931 2.52928423881531
1.68909740447998 1.56590557098389 1.41866815090179 0.916751682758331 0.674437999725342 0.787829577922821 1.69023323059082 2.90974855422974 3.2775673866272 3.68361139297485 3.99827170372009 3.53200054168701 3.27795672416687 2.35291242599487 1.60341739654541 1.17974615097046 0.678219676017761 0.243576735258102 -0.0512762032449245 0.0914389565587044 -0.397651851177216 -0.86242002248764 -0.472492009401321 -0.261883854866028 -0.182872891426086 -0.107113316655159 0.16255821287632 -0.111188448965549 1.12653756141663 1.49492752552032 1.18751919269562 0.667639136314392 1.47576177120209 0.189718976616859 -0.330567568540573 -0.140351727604866 0.174571141600609 0.738322556018829 1.36342835426331 1.62446165084839 1.70611190795898 1.80590188503265 1.96699035167694 2.18158864974976 2.45853185653687
1.49662697315216 1.34199559688568 1.20657181739807 0.955687046051025 1.01349437236786 0.822982430458069 1.55446243286133 2.8636372089386 3.20421433448792 3.05030727386475 3.45953464508057 3.04560947418213 2.60676503181458 1.87457013130188 1.43154227733612 0.930146396160126 0.486651629209518 -0.0162726528942585 -0.00517987739294767 -0.256551861763 -1.04853117465973 -1.12848675251007 -1.02645218372345 -0.691081166267395 -0.384979337453842 -0.150649860501289 -0.247881710529327 -0.111716538667679 0.69603419303894 0.874536395072937 -0.00992795918136835 0.0468953810632229 -0.379397362470627 -0.667235493659973 -0.507513582706451 -0.317275017499924 0.328061491250992 1.08976674079895 1.24463903903961 1.51535725593567 1.60015559196472 1.6601402759552 1.7513952255249 1.98335123062134 2.21898341178894
1.2848311662674 1.18073785305023 0.938874363899231 0.750741839408875 0.666675329208374 0.985547959804535 1.52746534347534 2.57149791717529 2.85878419876099 2.99755263328552 2.65723896026611 2.58526492118835 2.02692580223083 1.42978525161743 0.872246205806732 0.585353076457977 0.21333135664463 -0.0870103538036346 -0.190651103854179 -0.435724586248398 -1.07217657566071 -1.31275427341461 -1.23580408096313 -1.06030523777008 -0.765725910663605 -0.366153448820114 -0.497884422540665 0.105001263320446 0.0443894118070602 -0.160554945468903 -1.06676042079926 -1.0053004026413 -0.91255134344101 -0.800531804561615 -0.636794865131378 -0.471196204423904 0.392311811447144 1.07001340389252 1.26124858856201 1.30176746845245 1.40294814109802 1.5318261384964 1.70290672779083 1.79713451862335 2.03506779670715
1.06220459938049 0.770704567432404 0.684039294719696 0.574934899806976 0.625937581062317 1.23872470855713 2.1238214969635 2.28800559043884 2.5500967502594 2.64959311485291 2.35513019561768 1.83144235610962 1.37846863269806 1.05498015880585 0.715554475784302 0.267091512680054 -0.0870144590735435 -0.320097684860229 -0.38823002576828 0.729797184467316 -0.065452940762043 0.612972438335419 -1.29518759250641 -1.26076221466064 -1.15136957168579 -0.719047129154205 -0.66375333070755 0.0757050812244415 -0.487031906843185 -1.76097798347473 -1.7059280872345 -1.53042638301849 -1.22683930397034 -0.909267008304596 -0.772368609905243 -0.641872763633728 0.335262626409531 0.933189272880554 1.08693313598633 1.09033310413361 1.14792203903198 1.33253943920135 1.51722145080566 1.78721249103546 2.03481507301331
0.799308180809021 0.676270723342896 0.547522246837616 0.477635771036148 0.558657646179199 1.12260341644287 2.04354476928711 2.28125476837158 2.17117714881897 2.3416862487793 2.07449889183044 1.57873451709747 1.04916036128998 0.583985269069672 0.318611532449722 0.0233787074685097 -0.313286632299423 -0.463644713163376 -0.649327516555786 0.119408428668976 2.12839841842651 -1.37212026119232 -0.193908333778381 -0.932375133037567 -1.19486379623413 -0.829500794410706 -0.656384527683258 -0.339573055505753 -0.804420053958893 -1.84315264225006 -1.85796248912811 -1.60654103755951 -1.39869511127472 -1.1090829372406 -0.897804915904999 -0.763746201992035 0.0983675867319107 0.717601835727692 0.793452560901642 0.885060489177704 1.05115270614624 1.18064963817596 1.40175223350525 1.62657654285431 1.87771117687225
0.644991278648376 0.587874531745911 0.466497421264648 0.448590576648712 0.714663147926331 1.14515542984009 1.84711694717407 2.04790925979614 2.08522439002991 1.81782829761505 1.68388307094574 1.34288966655731 0.700027287006378 0.340425133705139 0.0925982519984245 -0.210100010037422 -0.478712171316147 -0.691583633422852 -0.93046361207962 -0.16174428164959 1.63921248912811 1.00866007804871 -1.36285316944122 -1.31978034973145 -1.24713468551636 -0.980319857597351 -0.598480343818665 -0.356131911277771 3.74644947052002 4.53482294082642 3.15031981468201 0.0941472426056862 -1.40370392799377 -1.14532041549683 -1.07226574420929 -0.864964365959167 -0.256035476922989 0.351130962371826 0.47811633348465 0.629887998104095 0.903189718723297 1.13801562786102 1.28332686424255 1.49824821949005 1.70503795146942
