slauniainen/Data/DEM/Vihti_dsm1500b_cl_horizonAngle_360.asc
NCOLS 196 
NROWS 178 
XLLCORNER 353680 
YLLCORNER 6699024 
CELLSIZE 16 
NODATA_value -3.4e+38 
[rows 40 to 59 of 178, columns 90 to 134 of 196]
4.13315534591675 3.77863264083862 4.05989408493042 4.224853515625 3.84802842140198 3.58537435531616 3.65109610557556 3.01592922210693 2.55663681030273 2.12448740005493 1.18463218212128 1.27135920524597 0.762929797172546 0.436787247657776 0.373246192932129 -0.288163810968399 0.0508187524974346 -0.299405932426453 -0.800901472568512 -0.809690892696381 -0.283029586076736 -0.816786766052246 -0.837114095687866 -0.859971642494202 -0.605625748634338 -0.493894904851913 -0.369833797216415 -0.237245231866837 -0.469037801027298 -0.489899814128876 -0.472949057817459 -0.261894166469574 -0.776794850826263 -0.708720803260803 -0.653252840042114 -0.39890593290329 -0.454326599836349 -0.255757391452789 0.492378056049347 0.0496235303580761 -0.0842788368463516 -0.187305465340614 -0.377144038677216 0.899830758571625 1.50356066226959
4.00834178924561 2.52322268486023 2.92661118507385 4.06614208221436 3.69819617271423 3.44767498970032 3.50835919380188 2.89865255355835 2.27643227577209 1.79821574687958 0.252256155014038 -0.0888493582606316 -0.380304276943207 0.391084283590317 0.333001703023911 -0.303109735250473 0.0354315154254436 0.778853118419647 -0.847132563591003 -0.86159336566925 -0.321029603481293 -0.868863642215729 -0.884139060974121 -0.907944738864899 -0.634022235870361 -0.948476374149323 -0.564755141735077 -0.642790496349335 -0.85974246263504 -0.882153451442719 -0.952476024627686 -0.322750747203827 -0.852548837661743 -0.767320573329926 -0.680250704288483 -0.47441640496254 -0.549373507499695 -0.365600198507309 0.306370854377747 -0.161718681454659 -0.497432917356491 -1.97512710094452 -0.539564073085785 0.748016357421875 1.32642126083374
3.5805196762085 31.6665725708008 31.7895736694336 3.88201284408569 3.54079747200012 3.30729246139526 3.3760039806366 2.77585101127625 2.17041063308716 1.57116794586182 0.0557256080210209 -0.181554540991783 -0.42441001534462 0.336261212825775 0.290907353162766 -0.33324870467186 0.00825120974332094 0.0283043012022972 -0.8929722905159 -0.912327766418457 -0.375324636697769 -0.936151623725891 -0.945670068264008 -0.966066300868988 -0.668693840503693 -1.00673806667328 -0.695182502269745 -0.927671015262604 -0.961858630180359 -1.06966173648834 -1.08642792701721 -1.07409846782684 -0.900480568408966 -0.809762716293335 -0.725681900978088 -0.56966495513916 -0.627595961093903 -0.455200552940369 0.114116251468658 -0.487123727798462 -0.758509993553162 -2.14081835746765 -0.659574031829834 0.611139357089996 1.17430770397186
3.45987033843994 12.5678052902222 16.9219779968262 2.41436266899109 2.32812714576721 3.15774822235107 3.23603582382202 2.65560245513916 2.06700921058655 1.49324214458466 -0.0931413173675537 -0.292184829711914 -0.453862726688385 0.287150979042053 0.242679357528687 -0.369336068630219 -0.0321888439357281 -0.309097230434418 -0.938991665840149 -0.971619546413422 -0.439174830913544 -1.00718665122986 -1.01709806919098 -1.0276210308075 -0.709498047828674 -1.05271792411804 -0.786707878112793 -1.10489058494568 -1.1312290430069 -1.1506986618042 -1.15605056285858 -1.14852154254913 -1.11841475963593 -1.06090915203094 -0.775484204292297 -0.658863842487335 -0.722669541835785 -0.567059993743896 -0.0513532869517803 -2.93348145484924 -2.14562201499939 2.68234658241272 -0.778080761432648 0.485540717840195 1.02569568157196
2.69445395469666 7.31086444854736 7.98925733566284 2.2065167427063 2.0187680721283 1.85884320735931 3.09844899177551 2.53888320922852 1.96650195121765 1.40780544281006 -0.143776372075081 -0.41347473859787 -0.485340297222137 0.226655185222626 0.182159349322319 -0.417243778705597 -0.0813276618719101 -0.496949762105942 -1.0029844045639 -1.03286528587341 -0.511716842651367 -1.08283829689026 -1.09323060512543 -1.07830965518951 -0.750930726528168 -1.10800719261169 -1.1498509645462 -1.17001616954803 -1.1839714050293 -1.20081615447998 -1.21216893196106 -1.21576499938965 -1.18077278137207 -1.12060832977295 -0.844137132167816 -0.726345419883728 -0.790814518928528 -0.645952105522156 -0.18244731426239 44.9908294677734 -2.31483316421509 6.7752366065979 -0.871223330497742 0.360591918230057 0.871369540691376
38.4438629150391 19.2912578582764 9.16019535064697 47.0391464233398 42.5186195373535 1.17062556743622 2.56615591049194 2.43363213539124 1.86814105510712 1.11058974266052 -0.202257916331291 -0.464693486690521 -0.531814813613892 0.169679597020149 0.115100733935833 -0.482677847146988 -0.156018286943436 -0.81013286113739 -1.08242774009705 -1.10139620304108 -0.575943052768707 -1.14556622505188 -1.16232860088348 -1.11137521266937 -0.813539803028107 -1.20408618450165 -1.21225118637085 -1.22197091579437 -1.2245762348175 -1.24579608440399 -1.26499569416046 -1.28264582157135 -1.2436763048172 -1.1751834154129 -0.893763601779938 -0.77339369058609 -0.833821833133698 -0.692999660968781 -0.263668030500412 32.5883026123047 12.3138303756714 2.32004737854004 -0.974189579486847 0.230666279792786 0.724448144435883
22.2426891326904 10.1067342758179 1.88876974582672 28.4344387054443 4.4980640411377 37.820629119873 13.7897052764893 0.873519837856293 1.76688742637634 -0.0493200570344925 -0.410587310791016 -0.522951185703278 -0.584323406219482 0.111295394599438 0.0572685040533543 -0.541845560073853 -0.230275794863701 -0.876762449741364 -1.17470812797546 -1.18573665618896 -0.646192073822021 -1.17006552219391 -1.21979439258575 -1.18448650836945 -0.902666628360748 -1.2706995010376 -1.26910579204559 -1.26938903331757 -1.26719129085541 -1.28970515727997 -1.30852913856506 -1.32744884490967 -1.30045163631439 -1.22629964351654 -0.923371315002441 -0.804048836231232 -0.870003581047058 -1.01742029190063 -0.331172555685043 22.4993553161621 6.30208015441895 3.57126975059509 -1.04295098781586 0.129002675414085 0.58284729719162
2.30474829673767 1.94287180900574 9.68534469604492 19.5832824707031 12.3144226074219 32.9776000976562 6.23619604110718 48.4456329345703 0.171822920441628 -0.212453663349152 -0.572669923305511 -0.565891861915588 -0.629710614681244 0.0534089766442776 0.00463528605177999 -0.587279856204987 -0.289116114377975 -0.935515344142914 -1.24113523960114 -1.27163922786713 -0.698275208473206 -1.20661985874176 -1.29358077049255 -1.23061800003052 -0.957122385501862 -1.33253800868988 -1.32463526725769 -1.31897234916687 -1.31005918979645 -1.32235074043274 -1.33746874332428 -0.772515892982483 -1.33235466480255 -1.28589594364166 -0.980440139770508 0.354332029819489 -0.870354831218719 -1.12088179588318 -0.363541573286057 14.1740818023682 5.89305591583252 11.9925832748413 -1.0832462310791 0.0630978792905807 0.495934844017029
45.2250366210938 24.9025936126709 15.6778717041016 1.65691566467285 4.02160692214966 23.1374225616455 4.78413867950439 29.8097438812256 0.0488919354975224 -0.317398548126221 -0.650148868560791 -0.606205105781555 -0.67290872335434 0.00362685951404274 -0.621336579322815 -0.630949378013611 -0.339373290538788 -0.980654954910278 -1.27594435214996 -1.35053515434265 -0.782931923866272 -1.26778531074524 -1.36827611923218 -1.25245082378387 -0.994542956352234 -1.38244044780731 -1.36833560466766 -1.36302125453949 -1.34932959079742 -1.35533571243286 -1.19358050823212 -0.882377028465271 -1.20760345458984 -1.34806478023529 -1.06916391849518 -0.821930348873138 0.745705246925354 -0.140483051538467 -0.40516722202301 12.8578443527222 6.15531301498413 4.13530206680298 -1.10776722431183 0.00168235145974904 0.420210927724838
27.1094093322754 22.9044876098633 29.2454166412354 1.02794146537781 28.0717487335205 16.5778903961182 3.68240666389465 20.7108116149902 -0.0181366223841906 -0.388665795326233 -0.70501297712326 -0.636691927909851 -0.703204214572906 -0.477103024721146 -0.660504519939423 -0.674832582473755 -0.387482047080994 -1.01320040225983 -1.30608189105988 -1.44151496887207 -0.852336823940277 -1.31050705909729 -1.44243717193604 -1.28402519226074 -1.03634250164032 -1.4365611076355 -1.42580056190491 -1.41488075256348 -1.39618158340454 -1.39787745475769 -1.39922845363617 -1.09239280223846 -1.27216637134552 -1.38088083267212 -1.10347282886505 -0.884070098400116 0.110580623149872 0.620921850204468 1.8149608373642 11.4560127258301 6.96675777435303 4.72490882873535 -1.12751829624176 -0.0543118678033352 0.352549463510513
19.6047229766846 16.7940788269043 20.4240245819092 39.8911781311035 1.77331697940826 14.2076511383057 1.40702509880066 13.7233362197876 -0.115411147475243 -0.417608112096786 -0.712003290653229 -0.659286141395569 -0.723166167736053 -0.63750833272934 -0.701374292373657 -0.707667946815491 -0.455395460128784 -1.04245018959045 -1.32823038101196 -1.48635101318359 -0.874334394931793 -1.33094310760498 -1.49795627593994 -1.31622791290283 -1.07610332965851 -1.49176847934723 -1.47863435745239 -1.46538352966309 -1.44612169265747 -1.4374133348465 -1.43593227863312 -1.28083980083466 -1.38851499557495 -1.41134595870972 -1.1085000038147 -1.32609558105469 -0.323214769363403 1.21578240394592 1.71030807495117 7.44981861114502 1.79875254631042 -1.59238517284393 -0.799394428730011 -0.0932898372411728 0.291151255369186
15.3495454788208 4.8544921875 14.7458209991455 34.044189453125 23.023063659668 11.8058834075928 -0.550033867359161 12.1448316574097 -0.639689207077026 -0.748648703098297 -0.718871355056763 -0.661682426929474 -0.756213009357452 -0.65673553943634 -0.720174491405487 -0.724138021469116 -0.499108374118805 -1.06310081481934 -1.42042922973633 -1.34860396385193 -0.892128825187683 -1.3392071723938 -1.53142952919006 -1.32545673847198 -1.09206855297089 -1.47238755226135 -1.51339626312256 -1.50192606449127 -1.48562467098236 -1.47570133209229 -1.47610092163086 -1.39746916294098 -1.44333028793335 -1.30429983139038 -1.01126837730408 -0.868610560894012 -0.538920164108276 1.00012493133545 1.58689177036285 15.5221366882324 28.7061023712158 38.3337707519531 -0.327982097864151 -0.285550862550735 0.244953855872154
12.7592639923096 34.2740097045898 12.4482641220093 24.6515731811523 18.1999092102051 10.283652305603 28.4517688751221 10.0031023025513 -0.631876170635223 -0.576134383678436 -0.724883615970612 -0.666944622993469 -0.391145199537277 -0.84902685880661 -0.735760033130646 -0.747705578804016 -0.97481244802475 -1.13306260108948 -1.5577939748764 -1.40566456317902 -0.906039595603943 -1.34532344341278 -1.56918680667877 -1.33256769180298 -1.1052109003067 -1.2925169467926 -1.48037350177765 -1.53520727157593 -1.52545952796936 -1.51981019973755 -1.51875555515289 -1.45329368114471 -1.4842027425766 -1.29838788509369 -0.899216175079346 -0.813038468360901 -0.67288476228714 0.511649549007416 0.722776651382446 6.59076499938965 16.0654411315918 22.1281471252441 0.00437132082879543 -0.0605564340949059 0.239646062254906
11.0771007537842 19.8897895812988 2.37421464920044 19.5158843994141 12.54296875 8.93791389465332 14.6997938156128 8.46054363250732 -0.667374908924103 -0.615690529346466 -0.580669164657593 -0.800906836986542 -0.628120005130768 -0.849147140979767 -0.806465864181519 -0.858080804347992 -1.15657639503479 -0.763528943061829 -1.34161376953125 -1.57060921192169 -0.923546433448792 -1.35174858570099 -1.62337815761566 -1.37422180175781 -1.13968896865845 -1.57815766334534 -1.58380651473999 -1.57217085361481 -1.5679030418396 -1.56579625606537 -1.55486738681793 -1.11853361129761 -0.951057493686676 -0.841145634651184 -0.774414300918579 -0.726078569889069 -0.718193173408508 0.118282318115234 -0.997544825077057 2.79328894615173 10.9992837905884 15.3175058364868 0.904911160469055 1.10935723781586 0.659330010414124
9.8895788192749 14.3926792144775 34.071647644043 5.87224531173706 9.90350151062012 7.87250757217407 9.48115825653076 7.19826412200928 -0.740934193134308 -0.923634767532349 -0.703501462936401 -0.478839755058289 -0.835077226161957 -0.805676996707916 -0.811702609062195 -1.03948891162872 -1.27902770042419 -1.38748741149902 -2.6165030002594 -2.52152895927429 -2.10209822654724 -2.63086485862732 -2.95794367790222 -2.82290625572205 -1.18144798278809 -1.64061141014099 -1.63000679016113 -1.61566913127899 -1.60765504837036 -1.60094082355499 -1.58997631072998 -1.33228194713593 -1.13795793056488 -0.976991176605225 -0.855007886886597 -0.683969974517822 -0.727596521377563 -0.00855139642953873 0.259624630212784 39.2882041931152 8.34793567657471 11.796929359436 1.42138493061066 1.29609417915344 0.585361003875732
5.2843279838562 11.7362766265869 18.6165142059326 4.76732873916626 -0.5906081199646 2.61028647422791 6.81899690628052 6.15218639373779 -1.16769647598267 -1.11469650268555 -1.20691847801208 -1.10588443279266 -0.9217569231987 -0.982490122318268 -0.996139109134674 -1.14404582977295 -1.27443969249725 -1.39840269088745 34.9862022399902 18.9915027618408 2.18853521347046 22.9666862487793 29.3889980316162 31.1404228210449 -1.8820561170578 -1.82382142543793 -2.05920338630676 -2.15098667144775 -1.37990951538086 -1.42429280281067 -1.59741306304932 -1.41512322425842 -1.29535686969757 -1.11015844345093 -0.897527277469635 -0.748873949050903 -0.728897273540497 -0.0874322056770325 1.53686916828156 21.7900466918945 6.64980173110962 9.47896575927734 0.965000808238983 1.01935279369354 0.598220884799957
4.87077522277832 9.88576126098633 16.0371551513672 14.5938320159912 3.05126953125 4.12831020355225 -1.30480825901031 5.46646165847778 -1.26957583427429 -1.33013677597046 -1.38336098194122 -1.38598930835724 -1.33521592617035 -1.23598968982697 -1.24598526954651 -1.288294672966 -1.35065460205078 -1.42115342617035 19.0236015319824 4.98827409744263 12.9319820404053 22.0689888000488 25.0650215148926 23.4153137207031 22.2094917297363 -2.2774498462677 7.13408184051514 16.7597141265869 -1.03457927703857 -0.963840007781982 -1.01572024822235 -1.22938191890717 -1.35803115367889 -1.23842430114746 -1.01242232322693 -0.903026521205902 -0.794394195079803 -0.165496543049812 -1.19232130050659 14.5348854064941 5.44335746765137 7.89348220825195 0.645900189876556 0.672039330005646 0.364235430955887
3.84059929847717 5.19159650802612 22.3129997253418 23.9165363311768 36.4692649841309 16.2738666534424 -2.08083176612854 0.850847363471985 -2.47464203834534 -1.51856875419617 -1.52747392654419 -1.5286762714386 -1.5262758731842 -1.43017673492432 -1.38483250141144 -1.35147929191589 -1.81650018692017 -1.47579085826874 8.3460750579834 1.89126515388489 20.6300029754639 14.3016529083252 16.4369812011719 15.6335039138794 10.5056838989258 2.15172958374023 7.35241794586182 -2.35663366317749 -1.17178773880005 -1.03312492370605 -0.990893363952637 -1.16978049278259 -1.38300037384033 -1.31415164470673 -1.11638975143433 -1.01463758945465 -0.869923055171967 -0.316623866558075 15.3650598526001 10.7925500869751 4.5330662727356 6.63360738754272 0.397152751684189 0.468906611204147 0.222083851695061
1.46439826488495 3.66627764701843 14.6656684875488 4.62546062469482 29.2860507965088 14.6060924530029 -2.11129283905029 0.43968865275383 -3.33201622962952 -3.1308753490448 -2.55423188209534 -2.73424100875854 -1.6181663274765 -1.6528879404068 -1.56271874904633 -1.42240881919861 -2.88369870185852 -1.4614063501358 4.88959693908691 24.1505432128906 10.8086500167847 10.1519269943237 11.6552238464355 11.1660289764404 5.77824783325195 -2.43867897987366 -2.243976354599 7.55322074890137 -1.30629777908325 -1.05008769035339 -0.990224182605743 -1.23647749423981 -1.40526640415192 -1.37328803539276 -1.22799098491669 -1.11330878734589 -0.908077299594879 -0.414338141679764 5.81231117248535 8.55660247802734 3.879070520401 5.72141551971436 0.20153072476387 0.282029896974564 0.130144476890564
0.794987320899963 2.97893834114075 7.01086091995239 42.6563034057617 17.155424118042 5.00143527984619 16.5291500091553 -2.62999248504639 -3.49032950401306 -3.53201818466187 0.976884663105011 17.4116897583008 -1.95625030994415 -1.85907816886902 -1.72908341884613 -1.79148936271667 41.5325965881348 -2.08129000663757 13.622670173645 -1.05741775035858 7.42187547683716 7.62806081771851 8.70869827270508 8.08951568603516 -2.6560537815094 -3.42445039749146 -2.81975197792053 -2.87450909614563 -3.17223000526428 -3.45185542106628 -1.09089529514313 -1.13165616989136 -0.964632093906403 -1.10577964782715 -1.25535178184509 -1.13765370845795 -0.908731937408447 -2.03561639785767 -2.46770286560059 7.02163124084473 3.36363840103149 5.01881504058838 0.0827193856239319 0.170777648687363 0.0618580728769302
