slauniainen/Data/DEM/Vihti_dem1500b_cl_svf.asc
NCOLS 196 
NROWS 178 
XLLCORNER 353680 
YLLCORNER 6699024 
CELLSIZE 16 
NODATA_value -3.4e+38 
[rows 80 to 99 of 178, columns 0 to 43 of 196]
0.998714804649353 0.999025344848633 0.999265611171722 0.999384582042694 0.999400675296783 0.999413549900055 0.999374747276306 0.999489724636078 0.999444007873535 0.999475836753845 0.999538838863373 0.999663770198822 0.999735653400421 0.999611616134644 0.999549925327301 0.998855888843536 0.9981529712677 0.99868780374527 0.998976111412048 0.999237954616547 0.999371528625488 0.999305665493011 0.997674763202667 0.997030258178711 0.99839860200882 0.998659431934357 0.998970210552216 0.999007344245911 0.999011099338531 0.998876094818115 0.998693346977234 0.998712003231049 0.999068140983582 0.999363243579865 0.999567031860352 0.999595940113068 0.99932587146759 0.998824656009674 0.998777449131012 0.999011814594269 0.999261200428009 0.99876606464386 0.998531401157379 0.99902081489563
0.998571157455444 0.998916983604431 0.999313175678253 0.999313235282898 0.99938040971756 0.999397277832031 0.999440848827362 0.999510049819946 0.999508857727051 0.999497294425964 0.999560475349426 0.999636113643646 0.999732136726379 0.999736070632935 0.999688565731049 0.998836100101471 0.998106360435486 0.998932600021362 0.999054729938507 0.999245584011078 0.9993936419487 0.999409556388855 0.99871814250946 0.997772455215454 0.99709677696228 0.998348712921143 0.998988449573517 0.999051034450531 0.999029576778412 0.998974084854126 0.99858558177948 0.998667001724243 0.999138057231903 0.999363303184509 0.999596476554871 0.999675810337067 0.999473989009857 0.999138593673706 0.998909533023834 0.998891949653625 0.998952627182007 0.998992741107941 0.998050510883331 0.998561680316925
0.998648941516876 0.998196423053741 0.999115943908691 0.999375581741333 0.99944943189621 0.999437689781189 0.999466598033905 0.999554634094238 0.999537348747253 0.999566495418549 0.999611973762512 0.999626278877258 0.999691188335419 0.999746739864349 0.999564409255981 0.999016046524048 0.998905539512634 0.999124944210052 0.999240219593048 0.999337255954742 0.999341249465942 0.999276399612427 0.999169170856476 0.998197317123413 0.997598052024841 0.998468816280365 0.998904526233673 0.999111652374268 0.999077439308167 0.998986899852753 0.998703479766846 0.998689532279968 0.998972237110138 0.999201834201813 0.999562323093414 0.999801635742188 0.999788701534271 0.999535501003265 0.999166309833527 0.998750805854797 0.998547196388245 0.998897194862366 0.998890221118927 0.998364090919495
0.999173879623413 0.998585402965546 0.998534202575684 0.999220907688141 0.999391973018646 0.999303758144379 0.999424278736115 0.999584555625916 0.999619781970978 0.999644935131073 0.999583303928375 0.999580085277557 0.999567031860352 0.999672293663025 0.999625742435455 0.999287307262421 0.999100565910339 0.999059557914734 0.999384999275208 0.999380588531494 0.999232530593872 0.999147415161133 0.999166011810303 0.998749911785126 0.998689949512482 0.998554170131683 0.998695850372314 0.999133110046387 0.99917209148407 0.999064326286316 0.998913466930389 0.998775899410248 0.998804211616516 0.999075591564178 0.999511003494263 0.999804377555847 0.999852657318115 0.999805390834808 0.999535083770752 0.999054074287415 0.998568117618561 0.998805165290833 0.99882048368454 0.997934937477112
0.999486267566681 0.998964846134186 0.998719573020935 0.99896901845932 0.999224603176117 0.999223172664642 0.999520182609558 0.999622821807861 0.999601244926453 0.999536097049713 0.999610781669617 0.999650895595551 0.999424457550049 0.999323070049286 0.999643623828888 0.999377906322479 0.999083638191223 0.999009132385254 0.999320268630981 0.999416351318359 0.999277770519257 0.999175131320953 0.99910569190979 0.998912155628204 0.998774886131287 0.998446345329285 0.998374044895172 0.999118626117706 0.999225378036499 0.999201953411102 0.999027729034424 0.998863935470581 0.998753845691681 0.999006450176239 0.999475300312042 0.999765276908875 0.999873280525208 0.999886810779572 0.999755024909973 0.999430954456329 0.998985230922699 0.998848795890808 0.998374700546265 0.997780501842499
0.999658524990082 0.999244034290314 0.998986661434174 0.999084293842316 0.999321341514587 0.999310672283173 0.999618113040924 0.999688029289246 0.999635815620422 0.999643743038177 0.999673545360565 0.999552726745605 0.999128758907318 0.998935222625732 0.999167025089264 0.999454319477081 0.99927693605423 0.998753726482391 0.999130129814148 0.999318480491638 0.999344825744629 0.999310314655304 0.999149024486542 0.998930096626282 0.998657941818237 0.998383343219757 0.998284995555878 0.998992919921875 0.999255657196045 0.999235272407532 0.999125480651855 0.998997807502747 0.998784065246582 0.998959600925446 0.999434113502502 0.999717712402344 0.999854981899261 0.999877512454987 0.999828100204468 0.999631345272064 0.999290466308594 0.998903214931488 0.998475134372711 0.998518049716949
0.999808967113495 0.999446034431458 0.998969435691833 0.999088764190674 0.999285280704498 0.999476492404938 0.999663949012756 0.9997638463974 0.999713122844696 0.999783575534821 0.999645233154297 0.999266266822815 0.999079525470734 0.999017000198364 0.999025940895081 0.999607026576996 0.999495804309845 0.99893593788147 0.998734533786774 0.999266803264618 0.999353647232056 0.999379932880402 0.9992755651474 0.999079167842865 0.998643338680267 0.998490452766418 0.998418092727661 0.998837172985077 0.999213457107544 0.999311864376068 0.99926495552063 0.999151349067688 0.99884819984436 0.998924136161804 0.999334275722504 0.999649405479431 0.999813973903656 0.99987006187439 0.999854147434235 0.999747455120087 0.999520003795624 0.999092102050781 0.998661041259766 0.998863339424133
0.99979430437088 0.999483585357666 0.999174952507019 0.999379634857178 0.999372065067291 0.999303340911865 0.999688029289246 0.99974650144577 0.999758183956146 0.999749064445496 0.999474704265594 0.999149858951569 0.99921065568924 0.999444305896759 0.999478340148926 0.99969470500946 0.999307572841644 0.998959839344025 0.99907398223877 0.999346852302551 0.999334275722504 0.999390244483948 0.999355673789978 0.999215662479401 0.998827457427979 0.998871386051178 0.998675405979156 0.998720824718475 0.999117195606232 0.999247491359711 0.999330520629883 0.99925023317337 0.999019742012024 0.998868703842163 0.999087035655975 0.999520242214203 0.999785780906677 0.999840915203094 0.999874472618103 0.99980765581131 0.999679446220398 0.999334931373596 0.998871862888336 0.99892657995224
0.999610602855682 0.999392986297607 0.999355912208557 0.999501407146454 0.999482989311218 0.999499797821045 0.99969094991684 0.999722063541412 0.999763786792755 0.99968558549881 0.999431431293488 0.999232709407806 0.999237060546875 0.999257862567902 0.999146103858948 0.998616874217987 0.998439133167267 0.998742759227753 0.999308347702026 0.999461591243744 0.99945741891861 0.999317109584808 0.99940013885498 0.999316096305847 0.998995661735535 0.998932182788849 0.99874746799469 0.998740077018738 0.999063074588776 0.999140739440918 0.999228954315186 0.999275863170624 0.999172568321228 0.99886167049408 0.998810887336731 0.999348044395447 0.999775230884552 0.99983137845993 0.999860286712646 0.999833822250366 0.999761164188385 0.999540746212006 0.999202787876129 0.998946249485016
0.999521136283875 0.999392330646515 0.999367594718933 0.99962717294693 0.999621272087097 0.999597311019897 0.999698102474213 0.999743759632111 0.9997478723526 0.999671995639801 0.999280869960785 0.999010682106018 0.998854219913483 0.998703598976135 0.998110473155975 0.997443974018097 0.998047769069672 0.998933672904968 0.999358355998993 0.999415576457977 0.999365091323853 0.999008774757385 0.999371528625488 0.999435424804688 0.999128341674805 0.998902559280396 0.998849093914032 0.998774170875549 0.999092817306519 0.999112129211426 0.999115705490112 0.99920779466629 0.999254763126373 0.99896365404129 0.998712241649628 0.999168276786804 0.999730944633484 0.999817311763763 0.999833762645721 0.999807953834534 0.999805212020874 0.999685704708099 0.999468207359314 0.999183237552643
0.999548017978668 0.999280154705048 0.999265074729919 0.999550104141235 0.999617338180542 0.999610364437103 0.999701499938965 0.999753534793854 0.999696016311646 0.999685764312744 0.998987972736359 0.998494565486908 0.998448669910431 0.998558461666107 0.99821799993515 0.998135924339294 0.998265445232391 0.998886227607727 0.999393880367279 0.999157130718231 0.998980164527893 0.999155759811401 0.999344885349274 0.999351382255554 0.999352395534515 0.999094247817993 0.998777985572815 0.998950898647308 0.999077260494232 0.999074995517731 0.999070346355438 0.999183595180511 0.999276041984558 0.999130666255951 0.998793065547943 0.999018609523773 0.999567210674286 0.999780774116516 0.999809682369232 0.999776482582092 0.999793410301208 0.999774694442749 0.9996337890625 0.999466121196747
0.999528169631958 0.999197125434875 0.999154925346375 0.999387145042419 0.999531805515289 0.999644100666046 0.999674439430237 0.99973338842392 0.999667167663574 0.999708771705627 0.998999953269958 0.997916579246521 0.998081088066101 0.998576700687408 0.998592138290405 0.998699009418488 0.998641133308411 0.998845040798187 0.999290645122528 0.999169886112213 0.999252736568451 0.999370932579041 0.999385178089142 0.999350786209106 0.999234795570374 0.999145567417145 0.999041140079498 0.99901008605957 0.999125361442566 0.99908322095871 0.999043464660645 0.999178886413574 0.999303936958313 0.999276757240295 0.999007403850555 0.998935163021088 0.99931800365448 0.999645113945007 0.999741911888123 0.999741315841675 0.999774098396301 0.999794065952301 0.999763906002045 0.999611377716064
0.999168574810028 0.999121785163879 0.998652338981628 0.999099671840668 0.999377548694611 0.99959921836853 0.999594688415527 0.999541878700256 0.999536633491516 0.999592483043671 0.9993577003479 0.997901320457458 0.997708559036255 0.998462915420532 0.998686254024506 0.998835146427155 0.998744785785675 0.998942852020264 0.999313831329346 0.999268770217896 0.999289512634277 0.999355971813202 0.999376475811005 0.999309897422791 0.999046921730042 0.998971700668335 0.999099373817444 0.999298870563507 0.999200105667114 0.999064385890961 0.999066352844238 0.999129951000214 0.99932986497879 0.999408721923828 0.999260187149048 0.999084830284119 0.999154150485992 0.999470949172974 0.999625086784363 0.999656796455383 0.999742448329926 0.999809920787811 0.999819159507751 0.999739170074463
0.99889600276947 0.999116957187653 0.998609304428101 0.998264729976654 0.999244689941406 0.999456822872162 0.999471008777618 0.999470353126526 0.999505758285522 0.999524414539337 0.999435484409332 0.998362004756927 0.997692406177521 0.99828839302063 0.998701512813568 0.998827934265137 0.998959243297577 0.99884706735611 0.999103546142578 0.998961389064789 0.999097108840942 0.999280452728271 0.999348223209381 0.999135732650757 0.998949885368347 0.999045252799988 0.999295353889465 0.99927031993866 0.999198496341705 0.999159693717957 0.999049067497253 0.999132394790649 0.999289155006409 0.999417841434479 0.999450623989105 0.999269723892212 0.999225437641144 0.999338150024414 0.999497771263123 0.999525368213654 0.999683678150177 0.999772012233734 0.999725222587585 0.999759793281555
0.998383760452271 0.998720526695251 0.999378621578217 0.998692691326141 0.999165534973145 0.99937516450882 0.999395072460175 0.999454736709595 0.999390065670013 0.99924635887146 0.999224126338959 0.998789191246033 0.998172998428345 0.998219192028046 0.998651742935181 0.99889999628067 0.999029278755188 0.998997092247009 0.998833239078522 0.998387575149536 0.998518168926239 0.99878054857254 0.999251008033752 0.99909895658493 0.999135673046112 0.999286532402039 0.999333083629608 0.999308824539185 0.999161303043365 0.998933076858521 0.999100804328918 0.999156832695007 0.99919205904007 0.999351561069489 0.999458789825439 0.999423444271088 0.999317049980164 0.999310791492462 0.999424815177917 0.999356746673584 0.999546885490417 0.999701857566833 0.999672532081604 0.999728083610535
0.998039960861206 0.998279809951782 0.999674558639526 0.999069213867188 0.99897962808609 0.999215185642242 0.999222993850708 0.998998761177063 0.998866319656372 0.998749315738678 0.998707175254822 0.998868227005005 0.998755216598511 0.998465955257416 0.998573482036591 0.998849213123322 0.99904727935791 0.999097406864166 0.998732030391693 0.998082160949707 0.998197853565216 0.999202787876129 0.999081909656525 0.999170243740082 0.99930077791214 0.999297440052032 0.999320209026337 0.9992755651474 0.999149024486542 0.998984336853027 0.999015033245087 0.999180853366852 0.99920117855072 0.999226212501526 0.999408662319183 0.999520599842072 0.999356865882874 0.999278783798218 0.999361991882324 0.999200999736786 0.999342143535614 0.999390423297882 0.999579250812531 0.9996697306633
0.998252034187317 0.99824720621109 0.99933797121048 0.999179303646088 0.998525679111481 0.998172163963318 0.998564481735229 0.998427629470825 0.998587906360626 0.998655915260315 0.998746752738953 0.998839914798737 0.999097049236298 0.998854458332062 0.998658061027527 0.998717963695526 0.999035894870758 0.999073803424835 0.998419761657715 0.998288571834564 0.998253762722015 0.998987674713135 0.999267816543579 0.999224781990051 0.999267041683197 0.999277353286743 0.999274432659149 0.999211668968201 0.999139368534088 0.999037086963654 0.999078810214996 0.999234437942505 0.999134600162506 0.999176263809204 0.999286770820618 0.999450743198395 0.999425828456879 0.999253928661346 0.999256491661072 0.998999357223511 0.999160885810852 0.99921178817749 0.999478161334991 0.999563634395599
0.998748600482941 0.998614013195038 0.999162614345551 0.999105095863342 0.997877359390259 0.997099995613098 0.997650325298309 0.998271286487579 0.998128354549408 0.998472690582275 0.998959600925446 0.998982608318329 0.999027073383331 0.999102592468262 0.999006330966949 0.998849868774414 0.999010741710663 0.998950064182281 0.998191058635712 0.998409688472748 0.998329937458038 0.999153017997742 0.999259471893311 0.999243021011353 0.999251902103424 0.999269306659698 0.999236404895782 0.999220311641693 0.999168753623962 0.999072194099426 0.999085605144501 0.999228477478027 0.999139606952667 0.999132513999939 0.999163508415222 0.999206602573395 0.999305248260498 0.999062299728394 0.999141812324524 0.998692214488983 0.998787999153137 0.999054074287415 0.99926233291626 0.999446332454681
0.998916923999786 0.998690128326416 0.998817265033722 0.998812139034271 0.997216820716858 0.995385468006134 0.995838820934296 0.996366620063782 0.997626781463623 0.998013734817505 0.998425722122192 0.998500168323517 0.998771131038666 0.999049663543701 0.999063372612 0.999012410640717 0.999036014080048 0.998978734016418 0.998655438423157 0.99864935874939 0.998851239681244 0.999249756336212 0.999271154403687 0.999239504337311 0.99923312664032 0.999229609966278 0.999260604381561 0.999253809452057 0.999195277690887 0.999111950397491 0.999088764190674 0.99909508228302 0.999060153961182 0.999168932437897 0.999078035354614 0.998955607414246 0.998994648456573 0.998640596866608 0.998385310173035 0.998295605182648 0.998314440250397 0.998695194721222 0.998826384544373 0.999199151992798
0.999080836772919 0.998708546161652 0.998223483562469 0.997655808925629 0.995455145835876 0.992432296276093 0.991700351238251 0.993558526039124 0.996375977993011 0.997623145580292 0.99788361787796 0.99826318025589 0.998512864112854 0.998973667621613 0.999142706394196 0.999122977256775 0.999065160751343 0.998996138572693 0.998864710330963 0.999093770980835 0.999083876609802 0.999191045761108 0.99919456243515 0.999165654182434 0.999145686626434 0.999205112457275 0.999295711517334 0.999231815338135 0.999200820922852 0.999137938022614 0.999144375324249 0.999090254306793 0.999004483222961 0.998995423316956 0.998938024044037 0.998727738857269 0.998613655567169 0.997689783573151 0.996649980545044 0.99552971124649 0.997020483016968 0.997840583324432 0.998513698577881 0.998624503612518
