slauniainen/Data/DEM/Vihti_dem1500b_cl_horizonAngle_12.asc
NCOLS 196 
NROWS 178 
XLLCORNER 353680 
YLLCORNER 6699024 
CELLSIZE 16 
NODATA_value -3.4e+38 
[rows 40 to 59 of 178, columns 0 to 44 of 196]
2.82352209091187 2.1978120803833 2.16531610488892 2.73122072219849 1.75102126598358 1.82756340503693 2.11890029907227 2.78949451446533 3.41612195968628 5.39610958099365 6.77151489257812 7.25617027282715 8.06791877746582 8.7469482421875 9.69099807739258 10.5743551254272 11.5452013015747 12.7729635238647 13.4566230773926 13.5636806488037 14.0162220001221 13.8536386489868 12.5647325515747 10.8327407836914 10.55797290802 11.0947265625 9.26798534393311 8.39653778076172 8.19098377227783 8.50358200073242 8.59833335876465 8.77567100524902 9.14300727844238 9.86454296112061 11.5028476715088 12.6374387741089 13.2872486114502 12.9691829681396 13.1454210281372 13.3820743560791 12.4899587631226 11.6279897689819 10.2948293685913 9.42049026489258 9.2241268157959
2.72481989860535 2.19579815864563 2.09645009040833 2.10780119895935 1.72051608562469 1.81231546401978 2.18929958343506 2.91421675682068 3.48406600952148 5.31057119369507 6.60744714736938 7.22366285324097 7.66858196258545 8.57684230804443 9.3093204498291 10.1021709442139 11.1200733184814 11.7148656845093 12.1724491119385 12.4629392623901 12.758526802063 12.647289276123 11.3720998764038 9.79026031494141 9.93482685089111 10.3294916152954 8.76152324676514 7.73111915588379 7.65113830566406 7.97454071044922 8.16648960113525 8.3869457244873 8.71692371368408 9.06355476379395 10.0160799026489 11.7282199859619 12.2638120651245 11.787745475769 12.0209712982178 11.7590160369873 11.2088041305542 10.3944091796875 9.25865650177002 9.20118427276611 8.97905158996582
6.2003345489502 4.96315050125122 2.7791805267334 1.88786292076111 1.6812424659729 1.8186399936676 2.28721618652344 2.97610116004944 3.9210376739502 5.32742881774902 6.3792929649353 7.04677486419678 7.41483068466187 8.14022445678711 8.83856391906738 9.39746379852295 10.6605768203735 11.0486421585083 11.2937574386597 11.535623550415 11.468147277832 10.9459629058838 9.78590202331543 9.0606632232666 9.35753345489502 9.74486351013184 9.50361728668213 9.82141971588135 7.64251470565796 7.63021945953369 7.73717164993286 7.9625768661499 8.21419239044189 8.66286277770996 9.78253936767578 10.5278749465942 10.7648277282715 10.9164981842041 10.9571933746338 10.5884447097778 10.2066965103149 9.58133125305176 8.79401397705078 8.65243053436279 8.37140846252441
2.11402606964111 2.15103197097778 2.07965016365051 1.75896143913269 1.67890310287476 1.82238376140594 2.33957433700562 3.03096342086792 4.23799705505371 5.56845188140869 6.27103519439697 6.77264928817749 7.21309328079224 7.75308465957642 8.40796566009521 8.88624095916748 9.90513610839844 10.2678823471069 10.5587587356567 10.7780141830444 10.3574247360229 9.89602470397949 8.97247314453125 8.99469661712646 8.92799758911133 9.2893238067627 8.56016540527344 8.97142028808594 8.29065322875977 7.52953481674194 7.42689990997314 7.56873989105225 7.84085035324097 8.18399333953857 9.12328815460205 9.55636119842529 10.0466890335083 10.1836891174316 10.1932792663574 9.93044281005859 9.60373783111572 9.05386257171631 8.47491264343262 8.26427268981934 7.90848827362061
2.02313542366028 2.04945945739746 1.93027091026306 1.56117510795593 1.66024243831635 1.86220908164978 2.43939518928528 3.11240077018738 4.68356895446777 5.83605146408081 6.23871755599976 6.5489444732666 6.97696971893311 7.47351455688477 8.00369548797607 8.44023132324219 9.23885250091553 9.58906745910645 9.90892314910889 10.1198072433472 9.73895931243896 9.05488014221191 8.31059551239014 8.50131988525391 8.96258640289307 8.31746101379395 8.07765483856201 7.7585015296936 7.558424949646 7.40849256515503 7.22134399414062 7.24626445770264 7.39036989212036 7.67174816131592 8.53069972991943 8.97543621063232 9.43930530548096 9.53619575500488 9.58833599090576 9.34438228607178 9.06038379669189 8.29999351501465 8.16995906829834 7.96608924865723 7.63500928878784
1.97408556938171 1.92332553863525 1.73983943462372 1.46734416484833 1.58023822307587 1.86105132102966 2.46222853660583 3.08123278617859 4.53059959411621 5.63255023956299 6.16002750396729 6.43414831161499 6.87166213989258 7.57429456710815 7.82136154174805 8.26438140869141 8.64289665222168 8.97636032104492 9.32253932952881 9.55439853668213 9.19768810272217 8.22133350372314 7.84572649002075 8.02026271820068 8.48658752441406 7.98190402984619 7.64989614486694 7.47585439682007 7.36139488220215 7.09459590911865 6.99648237228394 6.96660804748535 6.96404695510864 7.32326412200928 8.04652214050293 8.39846611022949 8.86973857879639 8.95217227935791 9.04272079467773 8.81262397766113 8.38745784759521 7.9187273979187 7.89208078384399 7.69147634506226 7.33743143081665
1.92638516426086 1.7947838306427 1.48180782794952 1.41417467594147 1.55120301246643 1.85985398292542 2.43408846855164 3.0369918346405 4.365403175354 5.43022155761719 5.99131059646606 6.30715608596802 6.71370935440063 7.29135227203369 7.59169101715088 7.98115730285645 8.33118152618408 8.724289894104 8.93702697753906 8.7950611114502 8.59368705749512 7.73597145080566 7.40859651565552 7.56081628799438 8.00194072723389 7.58071756362915 7.24910449981689 7.26450872421265 7.15101051330566 6.86837911605835 6.8011417388916 6.84427928924561 6.73343658447266 6.86844825744629 7.48048830032349 8.04500484466553 8.2525806427002 8.4415283203125 8.26195430755615 8.11785984039307 7.74816608428955 7.55717849731445 7.37375736236572 7.13620138168335 6.78632259368896
1.80876517295837 1.61808907985687 1.31382918357849 1.35136890411377 1.5165069103241 1.91232454776764 2.3679986000061 3.27517223358154 4.4690113067627 5.29714775085449 5.77304601669312 6.11975765228271 6.41982984542847 6.97038269042969 7.29294729232788 7.63815832138062 7.9358344078064 8.29531288146973 8.50680541992188 8.20504570007324 7.84023952484131 6.96749353408813 6.91555547714233 7.12811517715454 7.51143646240234 7.13773536682129 7.08392953872681 7.0789361000061 6.86100101470947 6.66743946075439 6.62706184387207 6.6851019859314 6.57912635803223 6.68550395965576 7.39369058609009 7.7118616104126 7.84115171432495 8.05190944671631 7.85234498977661 7.73059511184692 7.33507823944092 7.29129838943481 7.10449647903442 6.85175848007202 6.52784395217896
1.60059559345245 1.36682295799255 1.22507905960083 1.26458358764648 1.42101919651031 1.86692702770233 2.37582159042358 3.47273969650269 4.6250958442688 5.08476686477661 5.55635786056519 5.89869356155396 6.33582067489624 6.74508190155029 6.99011707305908 7.29543113708496 7.54007196426392 7.86016988754272 8.06193733215332 7.77016115188599 6.96755266189575 6.54693222045898 6.66335439682007 6.78258609771729 7.08325242996216 6.82204103469849 6.92646265029907 6.74584817886353 6.6039457321167 6.53184938430786 6.66867780685425 10.0074329376221 13.3719825744629 10.8733949661255 6.84125852584839 6.91599130630493 7.05901765823364 7.36716175079346 7.48405933380127 7.37476015090942 7.0759744644165 7.03639602661133 6.85743093490601 6.62966299057007 6.33799457550049
1.41005885601044 1.20882296562195 1.12582278251648 1.18365669250488 1.30695652961731 1.80577039718628 2.36223196983337 3.70865392684937 4.73511266708374 5.12451410293579 5.34417152404785 5.75240278244019 6.38904047012329 6.60997295379639 6.81618022918701 7.04115581512451 7.23557186126709 7.49323844909668 7.68257999420166 7.41601848602295 6.62234783172607 6.42912912368774 6.43537712097168 6.59932518005371 6.40466165542603 6.58725023269653 6.54030561447144 6.5461311340332 6.41782426834106 6.44939994812012 6.52252006530762 6.33630084991455 6.18707847595215 6.22811603546143 6.26938819885254 6.44706678390503 6.5577335357666 6.79148960113525 6.92838621139526 6.92473173141479 6.85321855545044 6.79886054992676 6.63269805908203 6.42485427856445 6.20808839797974
1.17778468132019 1.14131438732147 1.08340907096863 1.11461889743805 1.22807109355927 1.69379651546478 2.24590015411377 3.49813675880432 4.49163484573364 5.00144338607788 5.2585563659668 5.5725154876709 6.13040208816528 6.36157417297363 6.59992361068726 6.82826089859009 6.98908472061157 7.15523958206177 7.33874845504761 7.07938385009766 6.33072280883789 6.24401378631592 6.27726125717163 6.24322128295898 6.16803169250488 6.2232928276062 6.36128854751587 6.44890117645264 6.298508644104 6.15265369415283 6.14752531051636 6.0367603302002 5.90379810333252 5.9552698135376 5.97541666030884 6.0781831741333 6.17377090454102 6.33663606643677 6.34400701522827 6.44482898712158 6.56317377090454 6.57143831253052 6.41775751113892 6.12851333618164 5.91060256958008
1.00438094139099 0.983697474002838 1.02451944351196 1.0181577205658 1.0906400680542 1.56834244728088 2.08467054367065 3.18387007713318 4.19275808334351 4.69941282272339 5.05713796615601 5.30334234237671 5.84660863876343 6.08226203918457 6.35497856140137 6.59501504898071 6.7473931312561 6.94338893890381 6.72910356521606 6.58010101318359 5.96496772766113 6.05509805679321 6.05705118179321 5.90999269485474 6.01209545135498 6.02158451080322 6.147132396698 6.17846202850342 6.06445741653442 5.96086883544922 5.94157314300537 5.83995580673218 5.70809602737427 5.71480989456177 5.71653270721436 5.72945117950439 5.83798313140869 5.88889646530151 5.97839975357056 6.15834379196167 6.1965708732605 6.08503198623657 5.92568731307983 5.76184940338135 5.46238327026367
0.937978088855743 0.930551886558533 0.984230756759644 0.974989652633667 1.06393623352051 1.28517270088196 2.35742163658142 3.32820534706116 3.9601788520813 4.40922784805298 4.73288345336914 5.0411901473999 5.50254678726196 5.76125860214233 6.0255126953125 6.28281164169312 6.44353866577148 6.61776447296143 6.39724063873291 5.92265224456787 5.76203298568726 5.78354787826538 5.75025796890259 5.70353841781616 5.85900735855103 5.86933326721191 5.93666458129883 5.96186447143555 5.83932971954346 5.75390672683716 5.73789310455322 5.64054870605469 5.49497652053833 5.44073963165283 5.40780973434448 5.41044569015503 5.50216102600098 5.569908618927 5.67742824554443 5.90987205505371 5.921706199646 5.82964420318604 5.70868349075317 5.55166959762573 5.23894548416138
0.889900982379913 0.888476014137268 0.94177520275116 0.963493347167969 1.09237241744995 1.33808922767639 2.56645345687866 3.47980403900146 3.81226444244385 4.17462301254272 4.44254016876221 4.81317138671875 5.23111915588379 5.48780345916748 5.69862461090088 5.93419122695923 6.12391948699951 6.26840448379517 6.02889919281006 5.44150400161743 5.36927604675293 5.55311059951782 5.62878656387329 5.52110242843628 5.63706636428833 5.67461824417114 5.70393800735474 5.66693592071533 5.56714916229248 5.56672954559326 5.51355886459351 5.42919874191284 5.2977557182312 5.20935201644897 5.1508617401123 5.08456420898438 5.16948843002319 5.24191284179688 5.41618156433105 5.66129159927368 5.65618562698364 5.56626176834106 5.48325729370117 5.37258625030518 5.08466482162476
0.854280292987823 0.901780247688293 0.943068027496338 0.959803402423859 1.12370586395264 1.6241283416748 2.84944701194763 3.63955760002136 3.88125419616699 4.01456117630005 4.21377468109131 4.7441234588623 4.97633171081543 5.18639612197876 5.42211866378784 5.62429475784302 5.73371839523315 5.71366262435913 5.44166040420532 5.21695470809937 5.33850288391113 5.33711719512939 5.34951734542847 5.26531410217285 5.38672351837158 5.39269113540649 5.39567947387695 5.30338096618652 5.27611112594604 5.30875825881958 5.27782392501831 5.17892980575562 5.05795097351074 4.99257659912109 4.89001798629761 4.84391164779663 4.88998889923096 4.98089265823364 5.11314630508423 5.39351177215576 5.39107084274292 5.30837059020996 5.2435245513916 5.1646671295166 4.91506910324097
0.819239616394043 0.862425923347473 0.906822621822357 0.94511604309082 1.13206517696381 1.8346152305603 2.77279353141785 3.52697086334229 3.82467651367188 3.94770240783691 4.08942079544067 4.50228071212769 4.73047351837158 4.91012239456177 5.10421943664551 5.24929618835449 5.26430988311768 5.20426559448242 4.9179744720459 4.911301612854 4.95521259307861 4.91850900650024 4.77964782714844 4.7491512298584 5.03276872634888 5.05663347244263 5.06479978561401 4.99003028869629 5.00067377090454 5.06201362609863 5.04864597320557 4.96517038345337 4.88059091567993 4.77483177185059 4.68061542510986 4.65943765640259 4.70900440216064 4.77490186691284 4.90400505065918 5.06930923461914 5.11272382736206 5.01982450485229 4.83879899978638 4.76585960388184 4.62292242050171
0.776437878608704 0.823215305805206 0.859717845916748 0.914301156997681 1.11709117889404 2.0940055847168 2.99527359008789 3.42356729507446 3.72590374946594 3.86786651611328 3.98038291931152 4.28983640670776 4.51146936416626 4.68453073501587 4.84785890579224 4.97985982894897 4.87770986557007 4.68407583236694 4.47587919235229 4.50330114364624 4.47597646713257 4.44679355621338 4.12725734710693 4.25648355484009 4.45293378829956 4.65155267715454 4.72063732147217 4.68807601928711 4.74382305145264 4.82082748413086 4.82826566696167 4.76148128509521 4.70016670227051 4.60715055465698 4.54344129562378 4.52700853347778 4.61675643920898 4.59116888046265 4.68116188049316 4.7480092048645 4.67669534683228 4.58339357376099 4.45709657669067 4.23272466659546 4.11637878417969
0.727876782417297 0.774467289447784 0.7945157289505 0.898774087429047 1.13192760944366 2.26605772972107 3.12130928039551 3.37581253051758 3.61946368217468 3.74298739433289 3.88830304145813 4.15124702453613 4.31319284439087 4.47300481796265 4.61835289001465 4.73645782470703 4.57652711868286 4.27256202697754 4.31016111373901 4.15588283538818 4.1047215461731 4.06250905990601 3.82498216629028 3.74711132049561 3.9255542755127 4.2108039855957 4.38095569610596 4.39404535293579 4.47280073165894 4.56808996200562 4.60217475891113 4.58208274841309 4.51268625259399 4.44467449188232 4.43085289001465 4.49182319641113 4.56175804138184 4.4958062171936 4.54616165161133 4.56078004837036 4.46049022674561 4.34297561645508 4.1981987953186 3.9410936832428 3.77359342575073
0.583409070968628 0.728788375854492 0.757239043712616 0.89891391992569 1.15733337402344 2.50767350196838 3.20314383506775 3.44643616676331 3.56324076652527 3.65736126899719 3.80077385902405 4.10368299484253 4.2636570930481 4.37431669235229 4.46350431442261 4.5364990234375 4.37773609161377 4.04645442962646 4.11537456512451 4.02298069000244 3.81568956375122 3.67795443534851 3.51803064346313 3.49504351615906 3.47288250923157 3.76469302177429 3.9375114440918 4.15584373474121 4.31732130050659 4.39510440826416 4.3920750617981 4.40019178390503 4.36201095581055 4.32687282562256 4.36764907836914 4.46045684814453 4.54085159301758 4.46789741516113 4.46151065826416 4.43595457077026 4.3242335319519 4.17319631576538 3.94412279129028 3.63637018203735 3.52052545547485
0.531487882137299 0.609382331371307 0.733613610267639 0.909799158573151 1.36495506763458 2.43513441085815 3.10662770271301 3.41962385177612 3.52578639984131 3.61611843109131 3.82748174667358 3.97677063941956 4.10052394866943 4.25555467605591 4.33204078674316 4.27979850769043 4.18823862075806 3.88006496429443 3.94365286827087 3.88484644889832 3.7500593662262 3.33031463623047 3.23223996162415 3.26035499572754 3.02127480506897 3.17662906646729 3.54446625709534 3.9297046661377 4.14080953598022 4.23198366165161 4.22388887405396 4.25676727294922 4.27306175231934 4.29123258590698 4.35314226150513 4.42724752426147 4.51472806930542 4.52970218658447 4.39068126678467 4.37016582489014 4.24229955673218 3.96790599822998 3.66660046577454 3.30375504493713 3.2818865776062
