slauniainen/Data/DEM/Vihti_dsm1500b_cl_svf.asc
NCOLS 196 
NROWS 178 
XLLCORNER 353680 
YLLCORNER 6699024 
CELLSIZE 16 
NODATA_value -3.4e+38 
[rows 140 to 159 of 178, columns 0 to 43 of 196]
0.980595350265503 0.985026597976685 0.992954969406128 0.997009515762329 0.994745433330536 0.952790677547455 0.917262434959412 0.878955245018005 0.887845754623413 0.970051288604736 0.982220828533173 0.988713502883911 0.990443885326385 0.991147518157959 0.991004288196564 0.991434216499329 0.991164982318878 0.990448474884033 0.989945650100708 0.988462269306183 0.986332476139069 0.983654618263245 0.981507062911987 0.980973124504089 0.976440727710724 0.965800821781158 0.943167865276337 0.872184097766876 0.897509515285492 0.973237097263336 0.972897887229919 0.973482668399811 0.988946557044983 0.9989994764328 0.974116206169128 0.999400317668915 0.996245563030243 0.976958274841309 0.996140122413635 0.996502578258514 0.996307253837585 0.993099570274353 0.947389125823975 0.966525554656982
0.995562016963959 0.996355295181274 0.995169818401337 0.987784147262573 0.990577936172485 0.981204926967621 0.972094595432281 0.924174249172211 0.932433426380157 0.96809321641922 0.981898963451385 0.987741708755493 0.990572214126587 0.991313934326172 0.991456270217896 0.991700708866119 0.99148815870285 0.990505814552307 0.989673435688019 0.988239109516144 0.984306335449219 0.981913685798645 0.982738733291626 0.981453418731689 0.976995229721069 0.965136229991913 0.949695348739624 0.901243209838867 0.884453177452087 0.990901172161102 0.948813855648041 0.997668921947479 0.989768624305725 0.915652394294739 0.995441377162933 0.979884326457977 0.981667459011078 0.992791831493378 0.981494307518005 0.980764806270599 0.936176776885986 0.993809461593628 0.980164229869843 0.957477331161499
0.990812420845032 0.994959473609924 0.9970782995224 0.996839880943298 0.966293275356293 0.945367455482483 0.928653597831726 0.917592763900757 0.937975943088531 0.973138689994812 0.985034644603729 0.987618625164032 0.989054620265961 0.990674614906311 0.991937875747681 0.991696298122406 0.991163432598114 0.990652441978455 0.989318251609802 0.987936437129974 0.985987603664398 0.984016895294189 0.983689248561859 0.983180403709412 0.978132963180542 0.971787214279175 0.950823545455933 0.908150494098663 0.869629800319672 0.959623038768768 0.995946526527405 0.992707490921021 0.946564018726349 0.968217015266418 0.993889331817627 0.992791533470154 0.995018780231476 0.972345352172852 0.98997974395752 0.92122608423233 0.98457807302475 0.968573212623596 0.988634526729584 0.965709805488586
0.98073947429657 0.993576169013977 0.983040034770966 0.988146841526031 0.917603969573975 0.914078176021576 0.919596910476685 0.938799858093262 0.968842387199402 0.97892814874649 0.984542429447174 0.990807354450226 0.991704702377319 0.991872668266296 0.991676568984985 0.991279482841492 0.991273701190948 0.990661680698395 0.989883303642273 0.988171875476837 0.986973583698273 0.985759377479553 0.984925091266632 0.982447683811188 0.97864830493927 0.970950305461884 0.959230005741119 0.936300575733185 0.818717062473297 0.898644149303436 0.991990864276886 0.938468158245087 0.997215867042542 0.985135436058044 0.99409019947052 0.99584698677063 0.995827257633209 0.978505074977875 0.993062138557434 0.993384301662445 0.995352625846863 0.974472761154175 0.98168957233429 0.934019863605499
0.990465044975281 0.992941319942474 0.988334953784943 0.92507266998291 0.902216017246246 0.884753286838531 0.942048251628876 0.962327361106873 0.970132648944855 0.979150295257568 0.986741960048676 0.988522410392761 0.991600334644318 0.991882920265198 0.991781234741211 0.991239368915558 0.991287112236023 0.990543127059937 0.989407479763031 0.988597810268402 0.988319516181946 0.986342549324036 0.984448671340942 0.983683288097382 0.980680406093597 0.975328981876373 0.963918149471283 0.938227534294128 0.890769362449646 0.883332073688507 0.985539317131042 0.98726761341095 0.959336519241333 0.974498689174652 0.990888059139252 0.986581444740295 0.996274173259735 0.980297088623047 0.993972599506378 0.986942112445831 0.985166072845459 0.971971154212952 0.942532062530518 0.943769216537476
0.862611532211304 0.983793616294861 0.974278807640076 0.936872720718384 0.893348336219788 0.93784362077713 0.960963606834412 0.96882152557373 0.982146739959717 0.985426247119904 0.989284753799438 0.989819943904877 0.990318477153778 0.992636919021606 0.992289781570435 0.991749823093414 0.990831732749939 0.990623772144318 0.9893958568573 0.988100111484528 0.985838353633881 0.986260771751404 0.985760807991028 0.984449565410614 0.979855954647064 0.973209738731384 0.965864062309265 0.947973966598511 0.915995955467224 0.905658483505249 0.960216462612152 0.988695859909058 0.992243230342865 0.996800541877747 0.996108412742615 0.993784248828888 0.98467892408371 0.983976185321808 0.970342516899109 0.979000508785248 0.983846068382263 0.995077848434448 0.987464785575867 0.967873930931091
0.986022114753723 0.962948739528656 0.934640109539032 0.924971342086792 0.962448060512543 0.959182262420654 0.966146111488342 0.980061590671539 0.981598436832428 0.986181914806366 0.989497244358063 0.990933537483215 0.991275727748871 0.99098402261734 0.992131054401398 0.991719126701355 0.990617513656616 0.989594042301178 0.9897500872612 0.989123046398163 0.987004578113556 0.986325860023499 0.985219776630402 0.983737885951996 0.979265213012695 0.970094442367554 0.962162852287292 0.946190893650055 0.929355382919312 0.848207056522369 0.915322601795197 0.972231864929199 0.993836045265198 0.974807441234589 0.984563767910004 0.991130113601685 0.990684807300568 0.996606051921844 0.983376502990723 0.921162664890289 0.935525178909302 0.992204070091248 0.992082238197327 0.991922318935394
0.960113883018494 0.966128945350647 0.935385406017303 0.946163535118103 0.965136289596558 0.974642693996429 0.981911480426788 0.983867466449738 0.988996565341949 0.989208698272705 0.990201115608215 0.991316258907318 0.991724252700806 0.991788625717163 0.990886569023132 0.990799725055695 0.990055739879608 0.990320980548859 0.988663494586945 0.989223122596741 0.986780226230621 0.988889157772064 0.985595881938934 0.981806814670563 0.975378692150116 0.966580629348755 0.924548983573914 0.915887594223022 0.911746323108673 0.846299767494202 0.857302308082581 0.963415324687958 0.983077764511108 0.995328307151794 0.992150962352753 0.960519969463348 0.936373770236969 0.976516842842102 0.99142974615097 0.973018527030945 0.966756761074066 0.979819595813751 0.949685215950012 0.995280086994171
0.977775931358337 0.974644780158997 0.976126492023468 0.969169795513153 0.974222302436829 0.983804225921631 0.982711851596832 0.988029479980469 0.988530397415161 0.990679383277893 0.990424633026123 0.990902304649353 0.991401553153992 0.990738868713379 0.990271747112274 0.989748001098633 0.990238130092621 0.989167869091034 0.98875766992569 0.986815810203552 0.989448070526123 0.984794020652771 0.980465710163116 0.976248025894165 0.956595778465271 0.927243173122406 0.958417534828186 0.995990335941315 0.988376677036285 0.986981153488159 0.949378252029419 0.97700172662735 0.97280877828598 0.966058790683746 0.991162180900574 0.979109644889832 0.975794970989227 0.986461043357849 0.989001452922821 0.998712122440338 0.998166799545288 0.97723388671875 0.969791412353516 0.97472733259201
0.981279909610748 0.980903565883636 0.980842649936676 0.984005272388458 0.985537528991699 0.986853301525116 0.988152384757996 0.98897910118103 0.992065191268921 0.990115404129028 0.990712404251099 0.989649772644043 0.990557730197906 0.989319682121277 0.989067494869232 0.988742709159851 0.987450480461121 0.986768305301666 0.986293315887451 0.990115106105804 0.985032081604004 0.981265962123871 0.976995587348938 0.946073949337006 0.97922956943512 0.991378605365753 0.978783309459686 0.928239464759827 0.903870642185211 0.886798202991486 0.985178589820862 0.933325469493866 0.945155262947083 0.912671446800232 0.972117245197296 0.995974242687225 0.996550977230072 0.996910333633423 0.995525538921356 0.991616308689117 0.996839642524719 0.992376565933228 0.983823955059052 0.995457828044891
0.988750457763672 0.98795211315155 0.986303150653839 0.988415539264679 0.988110423088074 0.991630375385284 0.989858686923981 0.990430653095245 0.991071283817291 0.990835785865784 0.990310072898865 0.988729774951935 0.989112377166748 0.987401008605957 0.987554848194122 0.986737847328186 0.985760569572449 0.984621644020081 0.987271308898926 0.984139621257782 0.98232638835907 0.974702775478363 0.922924041748047 0.98465633392334 0.984312355518341 0.954548537731171 0.955965161323547 0.97612452507019 0.946657657623291 0.949032425880432 0.95038253068924 0.921497166156769 0.99369215965271 0.965824842453003 0.949410855770111 0.968889057636261 0.992307245731354 0.896872818470001 0.990969955921173 0.995571970939636 0.986129403114319 0.983120918273926 0.991759717464447 0.966802299022675
0.990570545196533 0.990203380584717 0.991035103797913 0.99178820848465 0.989863991737366 0.991813719272614 0.992323637008667 0.990682601928711 0.990882396697998 0.990012466907501 0.989457726478577 0.987079739570618 0.985798537731171 0.984659612178802 0.98253607749939 0.980386972427368 0.979354739189148 0.981938600540161 0.979861438274384 0.980027139186859 0.975334227085114 0.926068246364594 0.994399309158325 0.953802704811096 0.969394862651825 0.975529909133911 0.976687133312225 0.960669279098511 0.9611936211586 0.963044941425323 0.927898287773132 0.981146335601807 0.89493602514267 0.864581763744354 0.845225811004639 0.956137478351593 0.952728569507599 0.996131718158722 0.971399128437042 0.987477481365204 0.956301927566528 0.971203923225403 0.924705445766449 0.986170589923859
0.992206573486328 0.992187142372131 0.992419123649597 0.993105471134186 0.991824328899384 0.99166601896286 0.992865025997162 0.992472290992737 0.989343881607056 0.989289283752441 0.985809087753296 0.981539368629456 0.977624237537384 0.975345969200134 0.971322178840637 0.970107078552246 0.971401810646057 0.971104443073273 0.972154259681702 0.968728721141815 0.939907491207123 0.988056838512421 0.91186136007309 0.956090867519379 0.97177916765213 0.994783997535706 0.984475910663605 0.976948976516724 0.95878142118454 0.962084770202637 0.953107237815857 0.952447295188904 0.905303478240967 0.980344951152802 0.929906487464905 0.867850720882416 0.953631162643433 0.992600560188293 0.970676898956299 0.993064045906067 0.922876417636871 0.995852530002594 0.991607248783112 0.97998720407486
0.993787229061127 0.993938684463501 0.992660939693451 0.993845224380493 0.993431985378265 0.991865813732147 0.991098880767822 0.991038501262665 0.990002512931824 0.984960198402405 0.979384958744049 0.969407796859741 0.967230498790741 0.94867992401123 0.947829782962799 0.927475273609161 0.933391273021698 0.951986908912659 0.955377459526062 0.915737390518188 0.960688591003418 0.973977982997894 0.951090693473816 0.969013214111328 0.979607403278351 0.976477563381195 0.986936271190643 0.988402366638184 0.966410100460052 0.952465295791626 0.953474760055542 0.916785955429077 0.98393189907074 0.870821177959442 0.994316577911377 0.857404887676239 0.945460736751556 0.997561931610107 0.990049779415131 0.941366910934448 0.987457990646362 0.966382205486298 0.955874800682068 0.966395914554596
0.993878960609436 0.993893563747406 0.993948817253113 0.993420362472534 0.993258416652679 0.992373645305634 0.99144583940506 0.990016639232635 0.986855566501617 0.981700539588928 0.973288774490356 0.928880393505096 0.891307890415192 0.934860944747925 0.923407554626465 0.919824242591858 0.918151617050171 0.870286703109741 0.886996150016785 0.953561961650848 0.987043797969818 0.983146131038666 0.975658118724823 0.983309745788574 0.965624153614044 0.959691524505615 0.987930774688721 0.983981013298035 0.98502504825592 0.923895061016083 0.947519421577454 0.920476019382477 0.990722239017487 0.892080903053284 0.982509851455688 0.859056770801544 0.972787797451019 0.97456282377243 0.977589190006256 0.957558691501617 0.967369318008423 0.918778955936432 0.996871173381805 0.967333018779755
0.994581043720245 0.993975043296814 0.993382096290588 0.992219269275665 0.99157977104187 0.990600228309631 0.989023089408875 0.987240970134735 0.986051499843597 0.974252104759216 0.927323043346405 0.955009281635284 0.979831397533417 0.991948187351227 0.995601296424866 0.995605051517487 0.977234899997711 0.943191289901733 0.959347784519196 0.979813694953918 0.986731946468353 0.987033843994141 0.972652494907379 0.974260747432709 0.979866683483124 0.983809769153595 0.984048068523407 0.979854583740234 0.986529529094696 0.956621289253235 0.952414512634277 0.901907980442047 0.994282960891724 0.859680235385895 0.931841015815735 0.991205394268036 0.960459589958191 0.978107094764709 0.976642906665802 0.944336473941803 0.911109328269958 0.979918360710144 0.953210175037384 0.970718622207642
0.995339572429657 0.993722677230835 0.992914736270905 0.990912914276123 0.990569531917572 0.989058494567871 0.987801432609558 0.985845386981964 0.980305075645447 0.974820017814636 0.966680467128754 0.970325410366058 0.970280945301056 0.956494271755219 0.991969645023346 0.993155717849731 0.99666565656662 0.988932430744171 0.983825266361237 0.977494955062866 0.985441744327545 0.989603102207184 0.988184690475464 0.98201197385788 0.960677623748779 0.973116517066956 0.973120748996735 0.99352753162384 0.974475979804993 0.992384731769562 0.94877552986145 0.897557616233826 0.949909031391144 0.855873703956604 0.979377269744873 0.885133326053619 0.981033980846405 0.983916461467743 0.898459851741791 0.989978730678558 0.979547798633575 0.991513848304749 0.975212156772614 0.958580076694489
0.994563221931458 0.994850814342499 0.990857660770416 0.991230964660645 0.986145913600922 0.981116652488708 0.97934103012085 0.981438815593719 0.960342049598694 0.97290027141571 0.980747699737549 0.979845345020294 0.976699233055115 0.994418621063232 0.988201498985291 0.978872060775757 0.993276655673981 0.994797945022583 0.994325339794159 0.987848222255707 0.985933661460876 0.95842033624649 0.944202125072479 0.984446704387665 0.982844591140747 0.984812796115875 0.986708343029022 0.977368056774139 0.977141201496124 0.955021262168884 0.982653498649597 0.915407717227936 0.967076301574707 0.905668675899506 0.974752128124237 0.975959062576294 0.930707037448883 0.990628242492676 0.985360145568848 0.991444885730743 0.974225401878357 0.96757960319519 0.938664555549622 0.835905015468597
0.992498338222504 0.99066948890686 0.990326046943665 0.98289030790329 0.974305868148804 0.969377934932709 0.971071004867554 0.960331678390503 0.980801165103912 0.976290643215179 0.981748700141907 0.990881323814392 0.989562690258026 0.99234139919281 0.982542276382446 0.988932430744171 0.994678258895874 0.992332577705383 0.961560010910034 0.990142643451691 0.990268409252167 0.97466778755188 0.969883382320404 0.981616139411926 0.990646779537201 0.974124610424042 0.962222933769226 0.965126574039459 0.861976623535156 0.971125841140747 0.991626262664795 0.997925519943237 0.980993807315826 0.966997921466827 0.995259761810303 0.91272646188736 0.976393938064575 0.992069900035858 0.988708198070526 0.977424144744873 0.92974841594696 0.878328025341034 0.908206582069397 0.923816382884979
0.992615044116974 0.990254640579224 0.981666266918182 0.97495424747467 0.967778205871582 0.924466729164124 0.908437311649323 0.970119714736938 0.926775097846985 0.966091215610504 0.966735482215881 0.995411098003387 0.988366365432739 0.995368957519531 0.994441092014313 0.985308408737183 0.996418654918671 0.960254311561584 0.977407515048981 0.973998546600342 0.987442135810852 0.997626960277557 0.991184532642365 0.995921313762665 0.987325847148895 0.956769645214081 0.938210546970367 0.872967660427094 0.962175190448761 0.971292197704315 0.927989363670349 0.93982344865799 0.92421567440033 0.914723336696625 0.97670716047287 0.957803308963776 0.974347591400146 0.990807056427002 0.982547640800476 0.921580731868744 0.932343721389771 0.974619507789612 0.969874799251556 0.953414261341095
