slauniainen/Data/DEM/Vihti_dsm1500b_cl_horizonAngle_126.asc
NCOLS 196 
NROWS 178 
XLLCORNER 353680 
YLLCORNER 6699024 
CELLSIZE 16 
NODATA_value -3.4e+38 
[rows 60 to 79 of 178, columns 0 to 45 of 196]
7.55569076538086 9.27413845062256 7.57689476013184 9.63961696624756 2.05583167076111 2.29132795333862 2.65433120727539 3.19887757301331 3.2389063835144 3.48715782165527 3.56266641616821 3.98737120628357 2.26854777336121 2.11225771903992 2.56916809082031 2.66925358772278 3.31033730506897 3.36710524559021 4.56910943984985 5.22897005081177 7.24364805221558 1.48515260219574 11.5323839187622 18.5388469696045 1.5089625120163 -1.56498265266418 -1.29489088058472 -0.867971420288086 2.2082896232605 -0.375700265169144 -0.213320150971413 0.231915384531021 0.252083003520966 0.519016802310944 0.671462416648865 0.921617150306702 1.04007267951965 0.972925245761871 2.85252857208252 3.21787166595459 10.9810876846313 17.1539154052734 7.07716083526611 35.344310760498 -1.82128417491913 -1.86318552494049
9.88855457305908 2.04026532173157 11.3617925643921 8.01666164398193 12.809645652771 2.30531573295593 3.14368271827698 2.88639950752258 3.41525769233704 3.67540860176086 3.81048464775085 3.63699126243591 2.20188641548157 2.09269142150879 2.59794425964355 3.27335500717163 3.19720792770386 3.42865753173828 3.08222818374634 4.38457536697388 5.14296197891235 6.28246545791626 16.2057762145996 16.0433502197266 28.6310596466064 37.2429733276367 -1.41231906414032 -1.00053107738495 -0.647676825523376 3.83997964859009 1.5572863817215 -0.168292865157127 0.863836348056793 0.347359776496887 0.909575879573822 0.726957261562347 1.02951276302338 1.05978333950043 1.2278813123703 2.61516332626343 3.88131833076477 18.3531055450439 24.2928466796875 0.828901052474976 -0.42962908744812 -0.480444818735123
-0.283209800720215 -0.506144106388092 10.731671333313 14.9943704605103 9.86036205291748 19.5931949615479 28.3927764892578 2.38018274307251 3.06107020378113 3.46747446060181 3.61877870559692 3.84703612327576 4.38471412658691 4.42850923538208 2.28718614578247 2.53015398979187 4.02212238311768 5.51261281967163 2.25135183334351 0.792502224445343 2.23609614372253 5.64607954025269 6.66780710220337 25.6175155639648 36.4357109069824 35.8844795227051 2.96299719810486 -1.16398358345032 -0.753598868846893 -0.481601864099503 6.84190797805786 10.856969833374 -0.115332558751106 0.965354263782501 0.28799369931221 0.971305072307587 0.790710985660553 0.821798920631409 1.3029922246933 1.45976746082306 2.99610948562622 4.08190774917603 4.70071983337402 0.958032369613647 2.14816808700562 2.56841540336609
1.77063310146332 2.71320939064026 2.70915818214417 13.7916526794434 22.0942249298096 32.282356262207 20.0067100524902 3.58361411094666 2.52134418487549 2.41517424583435 2.83583307266235 4.42200136184692 4.55614328384399 5.14358043670654 6.20674467086792 3.93462324142456 3.45967888832092 3.37901186943054 0.89166659116745 0.916716039180756 0.640813052654266 0.616538226604462 7.22194528579712 12.6565341949463 18.1912117004395 -1.29705822467804 -2.3315589427948 -2.70564675331116 -0.859107553958893 -0.531433403491974 -0.347038507461548 -0.2657410800457 -0.645043075084686 -0.0438776537775993 1.04662549495697 0.509844481945038 1.05459320545197 0.768924117088318 0.909915328025818 1.50688636302948 1.68367671966553 1.70973837375641 3.52432894706726 5.65687894821167 5.86146688461304 8.02706623077393
2.03823494911194 2.02104878425598 1.6266120672226 2.9445219039917 20.9708271026611 31.12184715271 -1.01736426353455 28.5874137878418 -0.986194372177124 2.41378045082092 2.97844338417053 4.12371492385864 5.21391105651855 6.58280086517334 5.844566822052 1.23426163196564 2.66330623626709 0.782232880592346 -0.223242059350014 -0.622427046298981 1.11739933490753 0.21658293902874 1.47456192970276 13.7484664916992 20.1886081695557 -1.33711040019989 -1.58366405963898 -2.10291314125061 -0.651198744773865 -0.475760638713837 -0.288124531507492 -0.217831909656525 -0.156178146600723 -0.0802072212100029 -0.0204378552734852 1.14662337303162 1.2055938243866 1.15688621997833 1.18223059177399 0.982381999492645 1.7265636920929 1.75445711612701 2.01711368560791 4.04340696334839 7.05160999298096 7.91228437423706
2.09110426902771 2.11173963546753 2.03982067108154 1.59621703624725 3.65988659858704 18.4576110839844 1.26847219467163 6.25980043411255 -0.0569994524121284 2.54665160179138 3.03977274894714 3.66317105293274 2.91485643386841 2.24399757385254 1.10547184944153 0.60511040687561 1.34119367599487 1.54887175559998 0.661288321018219 -0.131360039114952 -0.371868401765823 1.61413764953613 2.17667174339294 3.84398221969604 10.1385812759399 -1.18650996685028 -1.10805928707123 -1.16160917282104 -1.38638770580292 -0.31210133433342 -0.252265244722366 -0.13295416533947 -0.0955517292022705 -0.0503291487693787 0.0121096214279532 0.0753472074866295 0.78345799446106 1.29936361312866 1.08268249034882 1.25143957138062 0.917787432670593 1.04829943180084 2.061603307724 2.36211371421814 3.05776190757751 7.50688600540161
1.98943722248077 2.32047200202942 2.14040064811707 2.18369889259338 1.90944302082062 4.89416837692261 7.69300317764282 -0.844488620758057 -0.350789189338684 3.12705230712891 3.05897569656372 3.26358556747437 3.00618124008179 1.7771372795105 1.42572999000549 1.23355996608734 1.14216315746307 0.719267904758453 1.81156599521637 0.921001255512238 1.22127401828766 0.357254177331924 0.142460316419601 2.59356760978699 4.07751321792603 13.9147214889526 -0.800872564315796 -0.789654314517975 -0.382918983697891 -0.173579886555672 -0.14494614303112 -0.0895219668745995 -0.0201923623681068 -0.00619416078552604 1.00611066818237 0.0918398052453995 0.566401302814484 0.834447205066681 1.3713184595108 1.40404045581818 1.32550013065338 1.34766352176666 1.13932359218597 2.42667579650879 2.49255514144897 3.03171706199646
2.0489513874054 1.67867469787598 1.97737443447113 2.27558469772339 2.29224944114685 2.35189342498779 1.68816089630127 1.08150577545166 2.80375742912292 3.22615218162537 3.70836758613586 4.04474782943726 3.9268159866333 3.23105096817017 1.30193305015564 1.13875222206116 -0.456587433815002 1.29678988456726 0.878632783889771 2.38076257705688 2.97523951530457 1.83978021144867 0.892148971557617 0.528345227241516 3.5611674785614 2.4255907535553 -0.535947859287262 0.0110951857641339 11.5794534683228 17.8367462158203 -0.0751904025673866 -0.0639362707734108 0.00928408466279507 0.437108784914017 0.885205566883087 1.10181903839111 0.139011368155479 0.605487465858459 0.88068699836731 0.933998107910156 1.50711989402771 1.2568097114563 1.44593179225922 1.23823833465576 1.25757908821106 3.1808168888092
1.62730646133423 1.96357142925262 2.04871344566345 2.10313630104065 2.41381311416626 2.61179423332214 2.63469266891479 2.20455551147461 2.37614011764526 3.34420967102051 4.12255382537842 4.80463409423828 4.58226823806763 0.637973427772522 -0.37331685423851 -0.359973818063736 1.32507753372192 -0.303255647420883 1.64159739017487 1.35125088691711 2.13344264030457 3.90980696678162 2.74280691146851 1.69267308712006 1.08524954319 5.01005506515503 5.84785509109497 4.06046342849731 2.3847496509552 0.0714462623000145 -0.635049521923065 0.0318405590951443 0.0398175343871117 0.0774884894490242 0.514255285263062 0.970033466815948 1.16250705718994 0.185498431324959 0.647059917449951 0.954478800296783 0.99517434835434 1.62382054328918 0.95044869184494 1.56619906425476 1.23065066337585 1.39936769008636
1.9907124042511 1.98991918563843 1.88386428356171 1.68928897380829 1.75368511676788 2.38944506645203 3.21205353736877 3.17518305778503 2.9429976940155 2.73496413230896 3.86828136444092 4.38501071929932 0.624769330024719 0.57032573223114 -0.264144748449326 -0.232832670211792 -0.200439229607582 1.79215335845947 -0.139851212501526 2.23396587371826 2.42909693717957 2.78473329544067 5.38374471664429 5.56434059143066 4.81078195571899 3.56396532058716 2.7856330871582 8.27906608581543 5.99361038208008 3.80001997947693 0.561601161956787 0.140404298901558 0.126373335719109 0.124586246907711 0.161200329661369 0.581720769405365 1.01911044120789 1.22359013557434 1.29438579082489 0.737679481506348 1.83754754066467 1.10418581962585 1.76176583766937 1.79617559909821 1.69487404823303 1.73387539386749
2.30798721313477 1.83386397361755 1.8687299489975 2.02771258354187 1.91804373264313 2.26017379760742 2.88908267021179 4.24680757522583 4.13181400299072 3.56366610527039 1.57493937015533 1.75164449214935 1.20332610607147 1.22504866123199 0.78887140750885 0.839284002780914 -0.0831116735935211 -0.0573460422456264 2.20856952667236 2.57272386550903 0.143429383635521 2.93199849128723 3.40437698364258 6.82117986679077 5.92855358123779 7.33152675628662 5.20559072494507 4.17011499404907 12.1456613540649 8.95898151397705 5.84217500686646 1.27002799510956 0.22803983092308 0.190204083919525 0.187795832753181 0.251635521650314 0.689659476280212 2.6443567276001 2.66406774520874 1.89492225646973 2.87714838981628 1.92015790939331 1.12254583835602 1.14618623256683 1.86904692649841 1.5682680606842
2.88749647140503 2.54788780212402 2.14451026916504 2.65525364875793 2.29906392097473 1.94032287597656 2.75924229621887 3.80318832397461 3.80532312393188 1.75240254402161 1.45608794689178 1.57972621917725 1.84623730182648 1.95299744606018 1.50903236865997 0.856654047966003 0.917286455631256 0.062919095158577 0.107892148196697 0.160719439387321 3.1856153011322 0.320215344429016 3.6990225315094 4.92474842071533 5.80616092681885 11.2764186859131 10.8278942108154 7.78746795654297 6.23272323608398 19.6019611358643 29.0296974182129 22.2512607574463 15.9889440536499 5.63714265823364 0.745763778686523 2.45227479934692 4.36554527282715 1.96164524555206 0.999849319458008 2.42221617698669 2.81039237976074 2.9645688533783 1.9606431722641 0.973616898059845 1.5163242816925 1.97408902645111
2.96694540977478 2.93114948272705 2.10634660720825 2.55672240257263 2.50621938705444 1.60201966762543 1.80521166324615 2.43868064880371 1.54326355457306 1.33359980583191 1.3446329832077 1.79597735404968 1.75747776031494 1.88362801074982 2.08999061584473 1.6186957359314 1.62474405765533 1.05859649181366 0.174264326691628 0.224997162818909 0.285612851381302 3.64689922332764 4.37849807739258 4.06509590148926 7.0200891494751 7.86364364624023 15.8634481430054 17.6321659088135 26.8672561645508 20.1892547607422 15.9067764282227 -0.795329749584198 -0.514252543449402 -0.263709127902985 0.143401309847832 2.63447690010071 0.452762752771378 0.865688383579254 1.87225532531738 2.70704984664917 2.75182437896729 2.91174530982971 3.08843588829041 2.10644578933716 2.06557154655457 1.57647836208344
2.74970364570618 4.03514337539673 3.22597670555115 2.12867879867554 1.78584039211273 1.73875606060028 1.7433180809021 1.73739218711853 1.99458920955658 1.57625246047974 1.51800179481506 1.71981072425842 1.93994581699371 1.93815767765045 1.99683594703674 2.26067590713501 2.35503959655762 1.76896381378174 1.16769111156464 1.27660822868347 0.300204247236252 0.382157623767853 1.26334643363953 5.45798063278198 2.26250004768372 10.2972660064697 13.526346206665 25.5377349853516 37.5298614501953 1.13741433620453 -0.360052466392517 -0.244412168860435 -0.0867189466953278 0.000313430675305426 1.67754209041595 1.00635206699371 0.321028918027878 0.322559803724289 1.90111446380615 3.19917917251587 2.82145380973816 2.85745310783386 3.05738091468811 3.16802763938904 3.24821710586548 2.14713072776794
2.06535148620605 3.33033227920532 2.66915154457092 2.12783479690552 2.1678364276886 1.40465116500854 1.79526972770691 2.12914943695068 1.89904272556305 2.05064296722412 1.62592506408691 1.63365852832794 1.85233306884766 2.0955286026001 2.09302544593811 2.17097663879395 2.26438784599304 2.51649713516235 1.96832656860352 1.28965854644775 1.40240144729614 0.553798675537109 0.789482533931732 1.92445421218872 6.66826677322388 3.68466544151306 18.6969890594482 29.1474838256836 7.78322458267212 -0.517130732536316 -0.414583504199982 5.15353918075562 7.64592313766479 0.235510349273682 0.270627856254578 0.320633113384247 0.349620580673218 0.934926748275757 1.63229191303253 2.17118334770203 3.32771706581116 2.93455219268799 2.99191570281982 3.15668630599976 3.2184693813324 3.36666321754456
2.18760442733765 2.87880086898804 2.41108465194702 2.70656394958496 2.42809200286865 2.21390223503113 2.19997358322144 1.84434616565704 2.18331146240234 1.94922614097595 2.11017870903015 2.15015840530396 1.77754414081573 1.96476876735687 2.23551654815674 2.3764283657074 2.32902717590332 2.44482827186584 2.66797351837158 2.06007194519043 2.19547009468079 1.69026064872742 0.870402872562408 1.10651564598083 1.52078855037689 8.90549850463867 9.83681774139404 5.67626094818115 3.00700879096985 4.16088438034058 18.6955070495605 -0.649398684501648 8.98485946655273 -0.0935090482234955 0.23787522315979 0.278280556201935 0.330745846033096 0.431408435106277 1.39278316497803 1.71369743347168 2.27145290374756 3.45903587341309 3.05217576026917 3.17116403579712 3.1643693447113 3.3430860042572
2.53191018104553 2.87965393066406 3.09256267547607 2.42805767059326 2.75655174255371 2.79358816146851 2.25852704048157 2.27874565124512 1.89345490932465 2.24766969680786 2.06357216835022 2.12046003341675 2.33092522621155 1.90833151340485 2.1624219417572 2.27510786056519 2.50797557830811 2.5413031578064 2.57799911499023 2.88658308982849 3.02047276496887 2.46165084838867 1.89570879936218 2.06048035621643 3.46376919746399 2.78773593902588 4.76526832580566 11.3617362976074 10.2106323242188 10.9353399276733 3.26303577423096 1.81308698654175 29.155647277832 1.1209157705307 0.213800832629204 0.271971523761749 0.365280419588089 0.524263143539429 0.730352342128754 1.46550869941711 1.98556411266327 2.36631917953491 3.59201288223267 3.72087144851685 3.25863671302795 3.29358768463135
1.07511651515961 1.72335481643677 2.13971376419067 2.4314181804657 2.47402381896973 2.51142954826355 2.88670873641968 2.61416077613831 2.35343360900879 2.39064288139343 2.67829608917236 2.94902467727661 2.23256945610046 2.51558780670166 2.62711882591248 2.23959374427795 2.40979027748108 2.62201309204102 2.78452348709106 2.81574463844299 2.96415638923645 3.24175691604614 2.67555046081543 2.28370666503906 2.73735427856445 1.63104295730591 1.71523189544678 6.74738359451294 15.098370552063 0.213265374302864 6.96839761734009 6.13898181915283 5.57030773162842 0.0919949188828468 7.39887666702271 12.7653379440308 0.440260231494904 0.602458715438843 0.724080801010132 0.86023336648941 1.53198778629303 2.07001566886902 2.46472001075745 2.7662832736969 3.87180256843567 3.43280029296875
1.0738582611084 1.38807582855225 1.74832689762115 2.15471506118774 2.5089545249939 2.54112696647644 2.56319999694824 2.97461175918579 3.0092453956604 2.47956776618958 2.48265886306763 2.12731146812439 4.23131895065308 2.38222146034241 2.47173309326172 2.81061887741089 2.33818745613098 2.61108875274658 2.72486615180969 3.00185704231262 2.99404692649841 3.15653944015503 3.4872260093689 2.99727177619934 2.99757170677185 2.29112482070923 2.30500078201294 1.75455045700073 2.01123833656311 18.164587020874 31.6398963928223 1.28228902816772 11.3289051055908 4.39772891998291 3.2468421459198 17.534294128418 0.0840667709708214 0.619290292263031 0.711435198783875 1.20684373378754 0.905758380889893 1.60758912563324 2.16279315948486 2.19951438903809 2.69514584541321 4.01140022277832
1.17140924930573 1.54375004768372 0.767901003360748 1.76635897159576 2.21405529975891 2.29495120048523 2.61611080169678 2.66464591026306 2.69654655456543 3.12705636024475 2.57002019882202 2.62668228149414 1.83672153949738 6.16810369491577 2.79582571983337 2.58099675178528 2.99446249008179 2.62490963935852 2.7093243598938 2.85155630111694 3.17103266716003 3.28107571601868 3.37250638008118 3.83276391029358 3.83806538581848 3.09256196022034 2.27383375167847 2.40357494354248 2.09317398071289 2.28897929191589 2.09489297866821 0.010415606200695 1.68788802623749 15.1125011444092 18.3865737915039 27.9156455993652 13.6691846847534 0.570560455322266 0.654331684112549 0.742926716804504 1.66771674156189 1.46097087860107 1.2070187330246 2.24484825134277 2.3425452709198 2.79532790184021
