slauniainen/Data/DEM/Vihti_dsm1500b_cl_horizonAngle_114.asc
NCOLS 196 
NROWS 178 
XLLCORNER 353680 
YLLCORNER 6699024 
CELLSIZE 16 
NODATA_value -3.4e+38 
[rows 0 to 19 of 178, columns 92 to 137 of 196]
7.29531288146973 -4.5931077003479 -4.18614482879639 -2.74063873291016 -3.40095210075378 -2.95087838172913 -1.14280247688293 -0.542967021465302 8.22254371643066 16.2631664276123 6.8093957901001 38.1292724609375 -0.633318901062012 0.789738833904266 0.260618954896927 2.1929829120636 2.3022141456604 0.808655440807343 0.859209954738617 1.12226486206055 1.15737569332123 1.02364528179169 1.16846883296967 1.26970219612122 1.42731070518494 1.85238635540009 2.74265575408936 2.89470767974854 5.42807245254517 5.7709436416626 6.42644882202148 9.04343509674072 9.45677757263184 7.95219612121582 8.06442928314209 8.02994918823242 9.98621845245361 12.0300798416138 14.4013452529907 10.8973407745361 13.0537729263306 17.3820514678955 23.9032115936279 25.109167098999 35.2845153808594 8.08713150024414
-4.323570728302 -2.05405569076538 -3.89277410507202 -3.50507259368896 -3.11363744735718 -2.70077610015869 -0.84993714094162 -0.48444601893425 2.54055142402649 8.8292179107666 40.012638092041 -0.4729223549366 20.3804683685303 0.322499960660934 1.17849636077881 1.05436015129089 1.05121612548828 2.51135158538818 2.62602519989014 2.74515390396118 1.05405426025391 1.27337074279785 1.31863808631897 1.36198830604553 1.24851906299591 1.67913854122162 1.92454588413239 2.64562034606934 3.18963050842285 3.3490161895752 6.94647836685181 9.75645923614502 19.485408782959 5.33236122131348 5.75467491149902 10.0540428161621 11.8254194259644 14.2031536102295 14.4000816345215 19.9582405090332 27.2069110870361 18.1764049530029 24.9084720611572 44.5906600952148 3.29949021339417 -0.0920705422759056
-4.05835819244385 7.64958333969116 -3.82520985603333 -3.6841151714325 -3.55480217933655 -2.93076062202454 -0.930126905441284 -0.435117989778519 0.13987872004509 4.9666895866394 27.9651412963867 0.091364361345768 22.2689247131348 17.8267421722412 -0.0655697956681252 0.851418972015381 1.35780823230743 1.39886879920959 1.18106019496918 0.527591109275818 3.03350830078125 3.20813012123108 1.27857649326324 0.724712729454041 1.43566024303436 1.48805236816406 1.69168603420258 2.40010142326355 2.89964890480042 4.5027060508728 6.34893798828125 3.95015120506287 20.589599609375 6.15639114379883 9.01085090637207 9.27370262145996 10.5479402542114 14.1267881393433 19.6994800567627 26.8791046142578 27.2054996490479 48.9174766540527 0.125027567148209 45.9558601379395 -1.21343648433685 -0.627502739429474
4.11718559265137 -3.52368855476379 -0.627510845661163 -3.45638799667358 -2.67453908920288 -1.18364036083221 -0.977590560913086 -0.649446189403534 2.78021836280823 15.8904228210449 0.376691877841949 10.282247543335 7.49583768844604 11.210355758667 -0.332143366336823 0.86784827709198 1.23448085784912 1.23109686374664 1.48920297622681 1.54612970352173 1.31567132472992 0.62634801864624 3.49542546272278 3.71965336799622 1.52797758579254 0.896455705165863 1.56651747226715 2.11932516098022 2.55022597312927 4.08673810958862 5.73344230651855 13.7392749786377 3.12858080863953 4.69383239746094 5.15359830856323 10.554349899292 11.9389543533325 13.0607862472534 16.3386783599854 23.2316265106201 48.5245971679688 0.875690460205078 11.190990447998 -1.5967059135437 -1.36900508403778 -0.808845221996307
27.6682548522949 10.6052494049072 -2.53228998184204 -3.23227977752686 -1.2903196811676 -1.00688302516937 -0.491396129131317 1.83273351192474 0.788336634635925 18.5058765411377 4.51064538955688 -0.210412099957466 -0.122414536774158 13.4825248718262 -0.433077871799469 0.0720472633838654 1.00491797924042 1.5405684709549 1.59446096420288 1.64806509017944 1.63025200366974 1.69279038906097 1.59730267524719 0.728761792182922 4.09587717056274 4.40599966049194 1.87682604789734 2.06710720062256 1.71983110904694 3.60109686851501 5.02566719055176 12.0863218307495 1.21513879299164 2.57865047454834 3.39556074142456 6.08126831054688 6.82992172241211 14.7603616714478 17.6453914642334 24.1063480377197 42.7299346923828 23.1621131896973 -1.61225986480713 3.73934936523438 -1.35326361656189 2.10717105865479
-1.99538683891296 13.8077058792114 23.6318397521973 -2.60107636451721 -0.917241513729095 -0.546038210391998 -0.391323804855347 1.71210265159607 19.5439720153809 -0.460852324962616 3.42207098007202 19.7304058074951 -0.275702565908432 -0.290758192539215 0.119261331856251 0.685597240924835 0.940240383148193 0.77856570482254 1.09355211257935 1.12964904308319 1.72927498817444 1.78992986679077 1.79203367233276 1.86733901500702 1.81439852714539 1.69646012783051 4.94109773635864 5.40172672271729 5.94338512420654 2.74997806549072 1.90007293224335 10.9118986129761 1.48430347442627 2.34847235679626 2.99239373207092 3.45346164703369 4.82836055755615 8.54831981658936 10.3278713226318 24.1474895477295 34.1648597717285 14.0916328430176 1.3090238571167 -1.49869453907013 12.3029947280884 -1.41067659854889
-2.24921035766602 9.13713836669922 -1.66261315345764 -1.83608686923981 -0.583566546440125 1.19433557987213 4.85610580444336 6.35877752304077 15.2479410171509 1.10257863998413 11.7048778533936 -0.30707260966301 -0.168431743979454 0.0517069324851036 0.455383867025375 0.749333322048187 0.892151772975922 0.983248889446259 1.01402747631073 0.885988175868988 0.987951159477234 1.22237622737885 1.88426089286804 1.95579290390015 1.98591196537018 2.07834029197693 2.17987489700317 1.92558407783508 1.16633868217468 6.96684122085571 7.90186882019043 4.09417676925659 1.76118314266205 2.10408544540405 2.25762033462524 2.98657393455505 4.24474287033081 5.13798570632935 8.19840526580811 14.3925952911377 28.0299167633057 41.6112594604492 -1.67567503452301 -1.0312511920929 0.494517475366592 17.0668144226074
-1.30792498588562 -1.08852481842041 0.838419318199158 4.62822818756104 1.89049744606018 -0.446496278047562 -0.429037988185883 20.2334728240967 -0.48231628537178 -0.379901945590973 4.81285572052002 13.4987897872925 -0.534344434738159 -0.168145298957825 0.143526092171669 0.792297661304474 0.82751327753067 0.814180254936218 0.957397401332855 1.05941104888916 1.09279143810272 1.12771201133728 0.960710465908051 1.33238136768341 2.06757521629333 2.15412092208862 1.95102369785309 2.34286665916443 2.48345637321472 2.22644758224487 1.56992363929749 9.84253311157227 11.7714424133301 4.65764856338501 1.08527886867523 2.44612789154053 2.58901929855347 4.2565484046936 7.33472108840942 10.3360404968262 24.2861156463623 19.5855598449707 -0.934298157691956 10.4870710372925 -0.751216530799866 0.916290104389191
-1.27200865745544 -0.914329588413239 0.0534053519368172 0.0792222544550896 30.6545028686523 -1.03518378734589 1.08615636825562 1.46748030185699 11.3980569839478 0.284286499023438 0.36323681473732 12.6736640930176 -0.213712573051453 1.36230683326721 2.01518297195435 2.38335013389587 0.757730603218079 0.873197972774506 0.908692955970764 0.875307261943817 1.02880847454071 1.06134808063507 1.18422091007233 1.22451651096344 1.05927205085754 1.46226143836975 2.29027915000916 2.39965844154358 2.52339744567871 2.79920697212219 3.06348371505737 3.38210487365723 2.38140726089478 16.3807487487793 19.2444534301758 0.110823146998882 1.2578512430191 2.86845588684082 3.09669399261475 7.33997964859009 22.1122455596924 0.345205575227737 3.24044871330261 1.67467057704926 -0.379168421030045 -0.0856891199946404
-0.878823101520538 -0.385361164808273 0.0134504064917564 0.308699399232864 0.438162595033646 0.368743300437927 1.68802273273468 2.08688759803772 2.11762738227844 2.5827009677887 13.2474279403687 0.71822464466095 2.20680642127991 2.37904620170593 2.16019105911255 2.48404097557068 2.97682762145996 3.60362315177917 0.836069583892822 0.960098326206207 1.00066578388214 0.730410397052765 0.979142546653748 1.14795303344727 1.28641092777252 1.33812582492828 1.1785796880722 1.6225494146347 1.89287567138672 2.71005582809448 2.86390614509583 3.15978932380676 3.95882105827332 4.48945093154907 4.57155179977417 42.4417495727539 -0.234872549772263 1.1826376914978 1.46038174629211 3.46888995170593 3.79924130439758 21.945987701416 0.7437903881073 -0.47051203250885 6.4898943901062 -0.471908956766129
-0.711043536663055 -0.630572557449341 -0.565829634666443 -0.0920699834823608 0.327416330575943 0.594517588615417 0.704552829265594 0.724510014057159 2.70187258720398 3.24123644828796 3.822509765625 3.91251420974731 4.57489633560181 2.62925672531128 3.53215551376343 4.357177734375 3.11156868934631 3.76290130615234 5.09301853179932 7.18600749969482 0.926756381988525 1.06550407409668 1.11297595500946 1.16476655006409 1.0677398443222 1.25360000133514 1.4184238910675 1.47910416126251 1.35486114025116 1.9053019285202 2.28578972816467 3.1061635017395 3.30417943000793 3.81485867500305 5.5851526260376 10.0926284790039 3.19512557983398 0.704070210456848 1.27520799636841 1.6304874420166 1.80139636993408 2.02224349975586 4.91205167770386 5.56035804748535 2.04815030097961 2.92214512825012
-0.604250133037567 -0.536025762557983 -0.400073945522308 -0.3818579018116 -0.324532628059387 0.104925312101841 0.595795333385468 0.832637071609497 0.935624599456787 1.26092946529388 1.55266833305359 4.67692232131958 5.44634294509888 5.83394575119019 7.18375062942505 3.49440217018127 5.95476961135864 8.58752918243408 5.31213569641113 7.51545333862305 15.251030921936 0.215611934661865 1.08509480953217 1.10206365585327 1.26567268371582 1.33452332019806 1.1737471818924 1.37910187244415 1.56973814964294 1.64152002334595 1.72467637062073 1.62909245491028 2.69224977493286 3.64418053627014 3.90932726860046 4.44271659851074 15.852294921875 5.93921184539795 6.64486598968506 2.31939315795898 2.03723978996277 1.28274738788605 2.37216663360596 2.68820476531982 6.91531419754028 8.29472732543945
-0.597560226917267 -0.49042147397995 -0.374068289995193 -0.168115064501762 0.223490536212921 -0.146044597029686 0.0373222529888153 0.298718810081482 0.793939113616943 1.04383850097656 1.14009380340576 1.81997954845428 2.13816165924072 6.88816595077515 8.30769348144531 10.0781335830688 13.9136762619019 4.89491939544678 18.3774909973145 0.777444899082184 13.3243818283081 0.331766039133072 1.3828125 1.173135638237 1.23912465572357 1.26433503627777 1.44810199737549 1.54158449172974 1.29976093769073 1.5222874879837 1.59305155277252 1.85120177268982 1.94614803791046 1.89312994480133 3.71870803833008 4.39953470230103 6.16047477722168 8.3912525177002 20.5868339538574 2.44435501098633 13.016674041748 4.64857959747314 3.94019269943237 1.05520248413086 3.34227156639099 3.98836255073547
-0.589992344379425 -0.481130123138428 -0.430695593357086 -0.363848209381104 -0.26320281624794 0.339169681072235 0.806279420852661 1.2577052116394 -0.0233882535248995 0.866807579994202 1.28291833400726 1.05680298805237 1.30903673171997 1.3966258764267 2.78563046455383 11.4556570053101 16.3360462188721 28.9969997406006 -0.159810155630112 7.51953601837158 17.3982830047607 -0.00439377641305327 1.17578852176666 1.50109851360321 1.60198223590851 1.35322332382202 1.43609833717346 1.47503185272217 1.69432318210602 1.82744824886322 1.3528767824173 1.53665149211884 1.79510891437531 2.09464573860168 2.21815276145935 2.30806660652161 6.25062561035156 8.65359306335449 11.4654083251953 4.37453269958496 12.8731775283813 27.4251041412354 0.392584502696991 0.371112376451492 0.846838712692261 1.43700587749481
-0.562211334705353 -0.527043282985687 -0.49045667052269 -0.412891179323196 -0.342522978782654 -0.253910422325134 -0.146262183785439 -0.0548920817673206 1.43794333934784 2.1036205291748 0.0429457202553749 1.60657155513763 2.41996932029724 1.22040998935699 1.45396864414215 1.52532136440277 3.97972512245178 30.8835563659668 -0.721675455570221 9.05734539031982 12.7181234359741 22.452672958374 -0.184941560029984 1.28175044059753 1.36130130290985 1.76286768913269 1.89450466632843 1.57631540298462 1.6986517906189 1.78688299655914 2.0473427772522 2.24068713188171 2.45603609085083 1.87241518497467 2.11169195175171 2.46764922142029 2.63718223571777 2.92913174629211 18.9264640808105 4.11252164840698 4.21874523162842 29.026388168335 6.82649374008179 0.162318423390388 1.04817271232605 2.19432592391968
-0.54717493057251 -0.520704686641693 -0.507452607154846 -0.461423963308334 -0.409838974475861 -0.33964940905571 -0.258088320493698 -0.157605350017548 -0.054890763014555 0.217730090022087 2.6424081325531 3.77856230735779 0.337928652763367 3.44043946266174 5.28963613510132 1.35950267314911 1.53588163852692 1.54176318645477 6.14389657974243 8.83760356903076 5.78834199905396 26.014310836792 -0.448419332504272 1.15749716758728 1.3779718875885 1.49748384952545 1.61347961425781 2.12760806083679 2.32504105567932 2.55305123329163 2.08854031562805 2.29714703559875 2.49878883361816 2.85944581031799 3.22205376625061 2.5683286190033 3.1751720905304 2.95625257492065 3.4226016998291 3.49544596672058 4.67897415161133 7.96234369277954 25.1851654052734 7.9216365814209 -0.0776124745607376 1.02938449382782
-0.497485727071762 -0.473020553588867 -0.468651980161667 -0.45530766248703 -0.44047537446022 -0.410970479249954 -0.356748402118683 -0.276100426912308 -0.157866701483727 -0.0382330976426601 0.0643972828984261 0.1362384557724 5.35429382324219 8.54204082489014 1.53188681602478 11.6193885803223 0.21684518456459 1.46839261054993 1.73849070072174 3.1987099647522 19.1659832000732 0.557229578495026 0.61750465631485 1.33012270927429 0.985409796237946 1.45228326320648 1.58381021022797 1.81171905994415 1.98382008075714 2.18166661262512 3.01087355613708 3.41400051116943 2.66757917404175 3.07683968544006 3.64550352096558 4.14236354827881 4.83954524993896 4.41282606124878 6.14706945419312 2.61646866798401 3.8598358631134 5.98858547210693 9.27648639678955 23.7679710388184 18.8025875091553 -0.866806268692017
-0.454363495111465 -0.420276403427124 -0.418949782848358 -0.416954815387726 -0.428717494010925 -0.415340662002563 -0.401239395141602 -0.342401653528214 -0.253976732492447 -0.142803534865379 -0.0353327356278896 0.0668463036417961 0.155378192663193 0.227461010217667 18.4557266235352 -0.394897729158401 0.181593701243401 0.276118963956833 0.741773784160614 1.01823079586029 1.7582072019577 9.93415832519531 1.55380463600159 1.28486347198486 1.07615172863007 1.95638120174408 1.39350855350494 1.74237620830536 1.92300009727478 2.14265131950378 2.56020522117615 2.89639139175415 4.21248817443848 5.05506658554077 3.74433302879333 5.16629981994629 7.32289266586304 8.29140186309814 8.33606052398682 9.55119228363037 1.60504019260406 7.80443334579468 4.12532997131348 20.0350494384766 0.53472101688385 18.8384799957275
-0.39872533082962 -0.369748920202255 -0.36506849527359 -0.376856088638306 -0.38373652100563 -0.380847930908203 -0.377225041389465 -0.340300679206848 -0.282912760972977 -0.215094208717346 -0.135501816868782 -0.0400470420718193 0.0612343475222588 0.171044051647186 0.271650016307831 0.435626119375229 8.02011394500732 1.74431955814362 0.381904631853104 0.304667174816132 2.28802752494812 0.656872987747192 2.04584050178528 2.40026235580444 2.56364941596985 2.24929809570312 2.17072105407715 2.3949875831604 2.70179510116577 1.99965453147888 2.48725938796997 2.83137011528015 3.58229899406433 4.3007435798645 7.1165919303894 9.99357795715332 7.09791278839111 15.9019269943237 2.44692635536194 2.84266042709351 0.529976844787598 3.11918044090271 4.10547590255737 4.96573400497437 21.970386505127 3.08606386184692
-0.327268153429031 -0.30903759598732 -0.308980703353882 -0.323261022567749 -0.33040189743042 -0.330944836139679 -0.324830085039139 -0.284536331892014 -0.246316313743591 -0.210928589105606 -0.156169906258583 -0.0852134898304939 0.00619145575910807 0.119173407554626 0.182701617479324 0.268247187137604 0.373998373746872 2.47777462005615 9.33250045776367 -0.110805876553059 0.416853904724121 0.330000460147858 0.28110134601593 0.824248135089874 2.36094117164612 2.8112370967865 3.10715746879578 2.68763875961304 2.63252592086792 3.1740710735321 3.59620428085327 2.17007565498352 3.4902675151825 4.23188018798828 6.07942247390747 8.53735446929932 21.3159446716309 0.0827162936329842 4.12994384765625 0.148340418934822 0.288173764944077 2.78196144104004 4.14655208587646 5.802574634552 6.98849582672119 13.1804685592651
