slauniainen/Data/DEM/Vihti_dem1500b_cl_horizonAngle_78.asc
NCOLS 196 
NROWS 178 
XLLCORNER 353680 
YLLCORNER 6699024 
CELLSIZE 16 
NODATA_value -3.4e+38 
[rows 80 to 99 of 178, columns 90 to 134 of 196]
8.16764640808105 8.59675407409668 9.04757308959961 9.67406463623047 10.545090675354 10.9372911453247 12.8807249069214 16.0761318206787 16.5544013977051 14.7128944396973 11.7235012054443 8.81217193603516 8.20370578765869 8.24267292022705 7.92954587936401 7.51481437683105 6.34860134124756 4.6926417350769 4.8943018913269 5.08456087112427 5.36239433288574 5.88198280334473 6.38575887680054 6.89732551574707 7.7188720703125 8.05817031860352 8.1378812789917 8.14464378356934 8.25097751617432 8.74913215637207 9.75898551940918 11.0787343978882 12.7841529846191 15.6808090209961 9.21880722045898 4.62332963943481 3.04483795166016 2.08327698707581 1.37351059913635 1.42497217655182 1.70683741569519 1.98707580566406 2.34480476379395 2.90745377540588 3.70348739624023
6.95693302154541 7.20205736160278 7.53766107559204 7.89737939834595 8.42179107666016 9.24228382110596 9.56674289703369 11.780011177063 12.0774793624878 10.5697813034058 9.66028690338135 8.38373851776123 7.41414213180542 7.65772676467896 7.80894708633423 7.03511619567871 6.43158054351807 5.72715997695923 5.71056461334229 6.03085803985596 6.24181461334229 6.52718639373779 7.01571798324585 7.49776554107666 7.788405418396 9.69781017303467 10.2894439697266 7.26451301574707 7.36752319335938 7.50072336196899 8.21617603302002 9.26283550262451 10.6134939193726 11.405722618103 6.59504556655884 3.32610034942627 3.26866507530212 2.19963622093201 2.02601838111877 2.09082388877869 2.21567463874817 2.35927057266235 2.56281518936157 2.94429445266724 3.40859889984131
5.68212223052979 6.02822637557983 6.08714485168457 6.27789163589478 6.63752412796021 6.90807962417603 7.23193693161011 9.03463172912598 10.7877244949341 5.88026523590088 5.79459714889526 6.18025302886963 6.50434064865112 6.87506532669067 6.47622442245483 5.71435642242432 5.87500095367432 6.0341968536377 6.29272651672363 6.5224723815918 6.50309610366821 6.68725109100342 7.01027965545654 7.43601894378662 8.76447296142578 10.6369285583496 11.6416645050049 6.59763622283936 6.56870412826538 5.39500427246094 5.51704025268555 6.07073259353638 6.88926076889038 6.37484455108643 3.80135798454285 2.21892547607422 2.0800347328186 2.54109978675842 3.43027639389038 3.74674272537231 2.89618110656738 3.34593462944031 2.57831215858459 2.95569205284119 3.28674340248108
4.7665696144104 4.72867918014526 4.71574783325195 4.74488353729248 5.06449365615845 5.37391376495361 5.84882974624634 6.39191579818726 9.05940437316895 5.31328392028809 5.3170952796936 5.56432247161865 5.90969800949097 6.30606460571289 7.43667125701904 5.77915620803833 5.76107740402222 5.95418453216553 6.1891393661499 6.36862516403198 6.36507844924927 6.56533193588257 7.05484580993652 7.93024253845215 9.15814113616943 10.3201217651367 12.417387008667 16.1020469665527 20.2135543823242 6.02000761032104 2.48953866958618 1.60665774345398 1.74622189998627 1.95069169998169 2.07108759880066 2.03269815444946 2.10637378692627 2.45699572563171 3.77523398399353 5.95788764953613 4.42059135437012 5.83783054351807 3.04286098480225 3.16569018363953 3.37582516670227
4.26511716842651 4.37374496459961 4.51691007614136 4.64444303512573 4.78010129928589 4.9391393661499 5.13308620452881 5.27639293670654 5.43508434295654 5.57178449630737 5.66793537139893 5.67470026016235 5.87121248245239 6.92927074432373 6.51913785934448 6.90288734436035 5.70934534072876 5.83742475509644 6.04346036911011 6.12434768676758 6.32091093063354 7.07563304901123 9.51494884490967 10.4192247390747 11.6213655471802 12.9647512435913 14.1761417388916 20.1810188293457 26.8271217346191 11.1017665863037 4.22483062744141 0.973206162452698 1.16259753704071 1.62166035175323 2.03908538818359 2.12409806251526 2.12955260276794 2.38034820556641 2.90520572662354 4.82080459594727 5.49111032485962 4.67760324478149 3.46824789047241 3.63829731941223 3.77611470222473
4.26646280288696 4.37348651885986 4.48611497879028 4.59090757369995 4.73690176010132 4.89928388595581 5.01010084152222 5.05188131332397 5.18469953536987 5.33066463470459 5.43403100967407 5.39999437332153 5.52862167358398 6.46494817733765 7.22171640396118 5.19867610931396 5.39000368118286 5.77035045623779 7.24028873443604 7.81740140914917 8.20953750610352 8.6848669052124 10.7052125930786 11.7591066360474 13.3036098480225 15.2292366027832 16.1419925689697 16.5912132263184 23.5273456573486 16.4222393035889 2.69045400619507 0.910399794578552 0.918937087059021 1.37286269664764 1.95601999759674 2.22705912590027 2.33806610107422 2.53407073020935 2.96165227890015 3.27189087867737 3.48881149291992 4.55974578857422 3.33615660667419 3.42604041099548 3.62039923667908
4.20657968521118 4.26831817626953 4.30502700805664 4.36948537826538 4.5068883895874 4.65588665008545 4.70908355712891 4.80792665481567 4.94385385513306 5.08835220336914 5.16261100769043 5.08158111572266 7.65876245498657 11.0451412200928 9.99002456665039 5.71304655075073 5.98714351654053 6.33730792999268 7.36804008483887 8.33382606506348 9.01978015899658 9.7211742401123 10.4480075836182 11.5990419387817 12.9033231735229 14.5487537384033 15.5632305145264 15.4765434265137 14.2660303115845 13.4466543197632 4.55498123168945 4.67972040176392 1.39041340351105 1.46093201637268 1.88045573234558 2.28563284873962 2.38564586639404 2.57130646705627 2.84247326850891 3.01699781417847 2.89359569549561 2.94490385055542 2.68490290641785 2.69281220436096 2.9337112903595
4.00005006790161 4.02578783035278 4.07441425323486 4.13496971130371 4.27012062072754 4.39875268936157 4.38357925415039 4.49250459671021 5.24734306335449 5.48364162445068 5.69488382339478 6.693603515625 11.6852159500122 14.4285459518433 9.09736728668213 6.18066692352295 6.36300039291382 6.72767686843872 7.08711194992065 7.95741415023804 8.74818706512451 9.56030559539795 10.2842931747437 10.1220731735229 9.75546455383301 9.99859809875488 11.0444898605347 11.2421092987061 10.4902505874634 11.0334644317627 9.99433422088623 6.58412647247314 5.85810852050781 1.67674684524536 1.75771808624268 2.08072924613953 2.14646553993225 2.23466014862061 2.25591683387756 2.46815967559814 2.45135450363159 2.25045418739319 2.19805073738098 1.95837426185608 2.00395059585571
3.78222441673279 3.7555525302887 3.76054286956787 3.86856245994568 4.3464150428772 4.59456014633179 4.78997850418091 5.00878429412842 5.62100648880005 6.10656976699829 6.90554809570312 8.66536331176758 16.0637321472168 15.8847618103027 11.8462915420532 6.47094297409058 5.39246845245361 5.79164457321167 6.49763584136963 6.94577026367188 7.14349412918091 6.81736326217651 7.32752799987793 7.42841053009033 7.41386127471924 6.85683012008667 6.23654747009277 6.37706470489502 6.8259916305542 7.76524877548218 8.17259502410889 6.27958250045776 4.88404273986816 1.56631028652191 1.55489504337311 1.6763561964035 1.75261473655701 1.67512345314026 1.74296641349792 1.76952481269836 1.86724483966827 2.05452728271484 1.87603759765625 2.42314052581787 1.4836288690567
3.82412099838257 3.94738578796387 4.07534742355347 4.2127046585083 4.64114570617676 5.08783483505249 5.31152200698853 5.55159187316895 6.75611877441406 7.79311752319336 9.10530662536621 18.5068435668945 29.1501235961914 23.393367767334 5.7153148651123 6.0311803817749 2.70932650566101 2.85473227500916 3.66005063056946 4.36648559570312 5.03931283950806 5.28114986419678 4.49680423736572 4.68013191223145 4.75175476074219 4.85410976409912 4.69150352478027 4.75449371337891 5.67596673965454 6.75702905654907 7.41451168060303 6.07998085021973 4.93825674057007 3.07551836967468 1.16460394859314 1.20074319839478 1.26076853275299 1.0122594833374 0.921531915664673 1.06322383880615 1.32754027843475 2.03270554542542 1.28500008583069 1.41893398761749 1.87154006958008
4.2494854927063 4.38580703735352 4.52837991714478 4.68092679977417 4.85137319564819 5.08599472045898 5.41779136657715 8.94177627563477 10.4626493453979 12.4486036300659 15.1536045074463 19.334114074707 32.1973037719727 34.059757232666 13.4107522964478 5.24750232696533 1.34676313400269 1.33964085578918 1.31753659248352 1.64839196205139 2.22794556617737 2.82037043571472 3.32882142066956 3.24401378631592 3.42907524108887 3.58807516098022 3.63275694847107 3.43981695175171 4.02163553237915 4.89337301254272 6.02683210372925 7.27542066574097 8.02179431915283 2.8513514995575 0.713873207569122 0.955031514167786 2.01426672935486 1.12858378887177 0.206099733710289 0.454366326332092 0.812599241733551 0.920379459857941 1.17306530475616 1.28353178501129 1.98643469810486
4.24610233306885 4.38338994979858 4.52862453460693 5.58368635177612 6.10844755172729 6.75886297225952 7.60015201568604 10.7704916000366 12.6974792480469 14.9367322921753 18.2227458953857 23.1221771240234 33.4157485961914 39.36767578125 22.5192165374756 8.86529636383057 0.861626267433167 0.809090673923492 0.850151181221008 0.954256951808929 1.1056547164917 1.27233898639679 1.43325102329254 1.83247804641724 2.1577889919281 2.46735644340515 2.8743839263916 3.13463163375854 3.75812697410583 4.63181161880493 5.88446760177612 11.8080196380615 15.8683195114136 0.128460228443146 0.195033684372902 0.822716772556305 0.739695727825165 0.102868959307671 -0.0569732412695885 0.0292207561433315 0.304807066917419 0.593549013137817 0.876473367214203 1.22297167778015 1.59378170967102
4.47684669494629 4.81275033950806 5.1403603553772 6.76312208175659 7.96857500076294 8.73798274993896 9.67844772338867 10.8350381851196 13.9858713150024 16.2137107849121 19.1344528198242 23.1896305084229 30.3274326324463 42.2194595336914 28.5372886657715 14.5879955291748 2.89440989494324 0.382987409830093 0.370695948600769 0.431183308362961 0.409838825464249 0.634952366352081 0.807030439376831 0.847410082817078 1.25191330909729 1.80806827545166 3.38339352607727 4.16443920135498 5.10417938232422 6.38172769546509 8.23575496673584 10.3836603164673 15.0458555221558 8.3080415725708 -0.384549796581268 -0.352469921112061 -0.297715455293655 -0.247146859765053 -0.171574547886848 0.066459558904171 0.295483440160751 0.476764798164368 0.654995501041412 0.803880155086517 0.883456826210022
5.76386213302612 6.19690847396851 6.66867208480835 7.18906688690186 8.81726360321045 9.67064571380615 10.704535484314 11.9664077758789 13.613450050354 15.8070888519287 18.6988792419434 22.6763210296631 28.5342311859131 36.7912559509277 33.2101516723633 17.9101276397705 8.50768375396729 0.746087670326233 0.769115090370178 -0.188187003135681 -0.141880854964256 0.0997271239757538 0.336172044277191 0.529434442520142 1.18946385383606 1.76181352138519 1.3388797044754 2.93505358695984 4.24038696289062 5.79608917236328 7.4036717414856 9.26044940948486 9.04427051544189 10.272066116333 8.95105361938477 -0.703912675380707 -0.701389908790588 -0.424351394176483 -0.222004503011703 0.0528746172785759 0.243177726864815 0.40899458527565 0.579800665378571 0.798960447311401 1.01061856746674
6.5868034362793 7.01560640335083 7.49943923950195 8.03847503662109 8.66553497314453 9.87481784820557 10.8350515365601 12.0154447555542 13.4374151229858 14.8179636001587 17.1443347930908 20.6264495849609 26.0718231201172 32.4662132263184 35.503303527832 20.9597644805908 13.5313129425049 4.51074028015137 4.27640056610107 -0.617303431034088 -0.564479112625122 -0.362974435091019 -0.000475114618893713 0.815491139888763 1.3814023733139 2.31774806976318 1.63606834411621 1.3217533826828 3.25075268745422 4.82145977020264 6.43237829208374 7.72465848922729 8.96657562255859 12.0096216201782 14.5073137283325 -1.00719630718231 -0.963108658790588 -0.592071831226349 -0.267799109220505 0.0365141518414021 0.19026181101799 0.346470475196838 0.565043926239014 0.772288680076599 1.02485930919647
6.80744981765747 7.23709011077881 7.72172117233276 8.281813621521 8.9440860748291 9.34765720367432 10.2187337875366 11.321026802063 12.6903400421143 13.7472171783447 15.7743606567383 18.6244621276855 22.8118019104004 29.5774154663086 38.1008605957031 22.9146118164062 14.0467596054077 6.87626934051514 8.25450706481934 -0.765832722187042 -0.744397222995758 -0.740580439567566 -0.236392572522163 0.309975475072861 1.37777054309845 1.91933310031891 2.2924370765686 2.82709193229675 4.37600326538086 5.73044490814209 7.51812839508057 9.21762847900391 10.9861059188843 12.9946775436401 14.9167108535767 -1.05934858322144 -0.991280436515808 -0.55584853887558 -0.165701270103455 0.156758174300194 0.303995102643967 0.394551306962967 0.441208302974701 0.642393589019775 0.869172632694244
6.50430154800415 6.93757295608521 7.37963056564331 7.88525438308716 8.46273612976074 9.12279796600342 9.77396488189697 10.6939535140991 11.8351345062256 13.2782583236694 14.553563117981 17.2178268432617 20.9582786560059 26.4360218048096 36.0771522521973 29.0598659515381 15.1398468017578 5.72482061386108 5.72059631347656 0.842142641544342 1.32285451889038 -0.803730487823486 -0.363010764122009 0.618408977985382 1.90021753311157 2.67674994468689 3.41302680969238 4.3781795501709 5.21289539337158 6.14751577377319 7.8998556137085 10.4649457931519 11.9420156478882 13.2857685089111 14.6607685089111 -0.888561010360718 -0.884085893630981 -0.56043815612793 -0.20225627720356 0.122695736587048 0.280726462602615 0.325259298086166 0.399732440710068 0.383862555027008 0.619204938411713
6.46435403823853 6.71017789840698 7.14661693572998 7.63647174835205 8.19609928131104 8.82621765136719 9.19299793243408 10.0167961120605 11.0567426681519 12.3795051574707 13.3902416229248 15.5369625091553 18.9727783203125 24.0778045654297 29.7202625274658 35.4096412658691 17.7252368927002 7.30201244354248 5.52759265899658 2.31531310081482 1.97134327888489 0.24518808722496 0.689426720142365 1.36844170093536 2.33158206939697 3.19341039657593 4.15710496902466 5.38077116012573 6.36981582641602 7.30447673797607 8.52486610412598 11.138524055481 15.1668920516968 15.66419506073 12.1756372451782 3.05208945274353 -0.825625479221344 -0.568214118480682 -0.346147119998932 -0.0514412708580494 0.0815009847283363 0.110161490738392 0.190811693668365 0.176598727703094 0.305974662303925
6.25385904312134 6.51681280136108 6.76545667648315 7.1400260925293 7.63679170608521 8.24228858947754 8.69830703735352 9.3591194152832 10.2090473175049 11.4024276733398 12.0816831588745 13.6466493606567 16.1942310333252 20.08864402771 24.9344787597656 28.8614120483398 20.6229877471924 9.43710899353027 7.5290846824646 5.88974618911743 3.84853506088257 1.82239210605621 1.86343228816986 2.31984949111938 2.82907056808472 3.82930612564087 4.95380163192749 6.17728328704834 7.05345392227173 8.30264854431152 10.6279134750366 14.127552986145 18.9171009063721 18.8101654052734 11.6751022338867 2.43027997016907 -0.777350425720215 -0.621164560317993 -0.451310396194458 -0.314057201147079 -0.235144168138504 -0.204383015632629 -0.0734440013766289 0.0882156193256378 0.14176544547081
5.97184228897095 6.28872013092041 6.63815593719482 6.56941890716553 7.04353189468384 7.6003851890564 8.0376558303833 8.49924945831299 8.94481754302979 9.98726081848145 10.8329944610596 10.9419384002686 12.2619457244873 15.0399951934814 19.2505493164062 20.5795078277588 15.7259521484375 11.2041797637939 8.54547500610352 7.5532660484314 5.83381986618042 3.84049344062805 3.14465522766113 3.39153051376343 3.620769739151 4.45652866363525 5.68669128417969 6.99351930618286 8.36844825744629 10.1995191574097 13.2109670639038 18.2329483032227 23.8331146240234 17.4854373931885 7.34271144866943 -0.531923770904541 -0.486157357692719 -0.435700982809067 -0.31676173210144 2.09115791320801 -0.451544642448425 -0.407673388719559 -0.215154647827148 6.60408186377026e-05 0.178337782621384
