slauniainen/Data/DEM/Vihti_dem1500b_cl_horizonAngle_126.asc
NCOLS 196 
NROWS 178 
XLLCORNER 353680 
YLLCORNER 6699024 
CELLSIZE 16 
NODATA_value -3.4e+38 
[rows 40 to 59 of 178, columns 135 to 179 of 196]
6.54567003250122 7.04660177230835 7.68814659118652 7.96142578125 8.43246555328369 8.5125846862793 8.49238967895508 8.19388294219971 8.21725559234619 8.31668663024902 8.38627529144287 7.44538545608521 5.95972919464111 5.81281137466431 5.95893144607544 4.58926200866699 3.97937607765198 4.04872131347656 3.68944883346558 3.16130447387695 2.63139462471008 2.24391555786133 1.98355984687805 2.07170653343201 1.92623353004456 1.82670474052429 1.25145840644836 0.674130380153656 0.280667275190353 0.35196977853775 0.434410244226456 0.670408546924591 1.07106137275696 1.75505292415619 2.34232616424561 2.76987075805664 2.99292206764221 3.33802819252014 3.55291724205017 3.90867137908936 4.06966495513916 4.22272300720215 4.47090625762939 4.7097430229187 4.87766075134277
6.0934886932373 6.59846830368042 7.31164884567261 8.02530288696289 8.5684061050415 8.96613693237305 9.00998497009277 9.03197765350342 8.72064590454102 8.72284603118896 8.82021522521973 8.88956356048584 7.90496349334717 7.62995767593384 6.52761316299438 6.39181804656982 5.16479444503784 4.42957639694214 4.11868095397949 3.74302363395691 3.71094250679016 3.42375373840332 2.69842648506165 2.45825886726379 2.22305178642273 2.06427907943726 1.96864926815033 1.48866534233093 1.20882332324982 0.750997304916382 0.492338269948959 0.857583284378052 1.16722989082336 1.52434885501862 1.89063346385956 2.42841625213623 2.86556053161621 3.09073066711426 3.44853925704956 3.66583442687988 4.03617382049561 4.20088768005371 4.35838460922241 4.61099576950073 4.86035633087158
5.51644563674927 6.19184303283691 6.80259943008423 7.66213655471802 8.21570873260498 8.90340900421143 9.48960113525391 9.56742191314697 9.97119140625 10.417501449585 9.97892761230469 9.28502178192139 9.57380294799805 10.0115566253662 8.86725521087646 6.87003231048584 6.80431652069092 6.85667562484741 5.09748554229736 4.39261436462402 4.44576930999756 4.14844417572021 3.63468074798584 3.02389311790466 2.63322234153748 2.38116812705994 2.19175410270691 2.10710763931274 2.22844791412354 1.52472746372223 0.843032836914062 1.10589909553528 1.36060583591461 1.47227394580841 1.57558226585388 1.96423161029816 2.50505137443542 2.96327304840088 3.1886830329895 3.39241504669189 3.74008107185364 4.00879383087158 4.2431435585022 4.45932817459106 4.63125848770142
4.92027616500854 5.64821577072144 6.38058280944824 7.21669292449951 7.58221626281738 8.3696813583374 9.48460674285889 10.1091756820679 10.7718782424927 10.810905456543 11.0683364868164 10.6020126342773 10.313946723938 10.3472213745117 10.5305070877075 9.115553855896 8.76446628570557 7.16294431686401 7.31444025039673 5.54468965530396 4.93154907226562 4.72213172912598 4.36324787139893 3.82604289054871 3.18732047080994 2.91557383537292 2.57457613945007 2.71689248085022 2.51150560379028 2.44080424308777 1.93101966381073 1.58846735954285 1.30075669288635 1.44260084629059 1.52210354804993 1.63728868961334 2.02164578437805 2.58573889732361 2.75120663642883 3.12395930290222 3.35657072067261 3.75371313095093 3.98763728141785 4.3873929977417 4.57618761062622
4.49438428878784 4.9811897277832 5.82632350921631 6.63141870498657 6.91169691085815 7.81462287902832 8.98124217987061 10.0201740264893 10.631929397583 11.3526134490967 11.4519529342651 12.3648805618286 12.8025197982788 12.1785440444946 10.9486322402954 11.2333612442017 11.5638265609741 10.0376987457275 7.85206174850464 8.17087078094482 6.77236604690552 6.64887523651123 5.70356130599976 5.26528358459473 5.5633282661438 4.50179147720337 3.65508079528809 3.22111797332764 2.98799109458923 2.7728009223938 2.73597764968872 2.90699982643127 1.98538553714752 1.33894956111908 1.48640727996826 1.5760577917099 1.67556440830231 2.0808424949646 2.29909706115723 2.72675371170044 3.22973728179932 3.46782660484314 3.6898455619812 4.0676383972168 4.36781406402588
4.09650850296021 4.56475019454956 5.13822364807129 5.8609824180603 6.30354309082031 7.30380821228027 8.25020027160645 9.20952320098877 10.0252819061279 11.2118606567383 12.2716226577759 13.2379865646362 13.3067741394043 13.7926635742188 12.9517545700073 12.0885629653931 12.0014162063599 12.5921297073364 11.0959253311157 8.6027250289917 10.0333566665649 10.925145149231 8.24305438995361 7.06823253631592 6.22557735443115 6.57805347442627 5.21449136734009 4.64648342132568 3.64295434951782 3.3034884929657 3.5030357837677 3.25964689254761 3.28751826286316 2.20438122749329 1.3617867231369 1.52568781375885 1.60881865024567 1.71803212165833 1.94303572177887 2.19549298286438 2.81097340583801 2.98004221916199 3.40037822723389 3.67100501060486 4.12363624572754
3.67766523361206 4.15158033370972 4.67595481872559 5.21066045761108 5.54841756820679 6.58699417114258 7.63963079452515 8.46487998962402 9.04213619232178 10.569052696228 11.9988307952881 13.2799558639526 14.2796277999878 14.5355558395386 14.9564208984375 14.060230255127 13.0280351638794 13.2278146743774 14.0262517929077 12.3757352828979 13.2315731048584 11.6200256347656 12.3661460876465 8.98493480682373 9.89744853973389 9.65262603759766 6.71720933914185 7.85174465179443 8.15491771697998 9.10697746276855 3.86177492141724 3.90513062477112 3.67843699455261 3.70345449447632 3.15084052085876 2.58954167366028 1.55385947227478 1.62108600139618 1.69889998435974 1.82204461097717 2.25276160240173 2.4765510559082 2.96183586120605 3.53896117210388 3.80817198753357
3.27555322647095 3.76064014434814 4.26455307006836 4.86099433898926 5.05009031295776 5.78728914260864 6.87117052078247 7.66805696487427 8.25133323669434 9.53651332855225 10.960391998291 12.4830055236816 14.4724044799805 15.470290184021 16.1508369445801 18.2442054748535 18.8265056610107 17.7011070251465 15.8874473571777 16.6949024200439 17.6030540466309 14.820366859436 12.4550714492798 13.5011644363403 14.5143327713013 12.5479097366333 9.34817123413086 10.528510093689 12.3647060394287 7.73947286605835 3.23825454711914 3.89868974685669 4.40978765487671 4.22126388549805 4.54661893844604 4.71941947937012 3.16499090194702 1.87197482585907 1.63063395023346 1.73157405853271 1.84158265590668 2.10037088394165 2.38810443878174 3.07902669906616 3.68659710884094
3.23641562461853 3.33567047119141 3.89894127845764 4.47565221786499 4.63099813461304 5.21996116638184 6.00528812408447 6.74453926086426 7.46186113357544 8.91041469573975 9.98154926300049 11.2731637954712 13.6785154342651 16.2746887207031 18.8223514556885 19.9773845672607 21.5469837188721 21.953670501709 20.2028980255127 18.3245677947998 17.8962459564209 18.9653930664062 15.747501373291 15.5765104293823 20.6361179351807 21.0752868652344 10.4306192398071 9.74264907836914 7.06871366500854 4.51190948486328 4.16069889068604 3.81250214576721 4.73485088348389 5.27923154830933 5.72891044616699 5.18651723861694 5.8121919631958 3.94214987754822 2.5159068107605 1.64712178707123 1.73811984062195 1.84941029548645 1.98691844940186 2.47232437133789 3.19894909858704
3.03785181045532 3.30681419372559 3.41724276542664 3.90232276916504 4.19743824005127 4.76982879638672 5.38821220397949 5.95406103134155 6.54069185256958 7.96441888809204 8.99777126312256 10.1516523361206 12.3257112503052 15.3295736312866 17.3217678070068 21.4779796600342 22.7823486328125 25.5352954864502 25.5631198883057 24.0398750305176 24.477258682251 23.1691074371338 21.0470142364502 22.0744075775146 24.0009994506836 8.633620262146 2.68295764923096 4.01204919815063 4.86392164230347 4.9545464515686 4.97253179550171 5.82588911056519 6.21380662918091 6.44539737701416 6.31305980682373 6.48752880096436 6.78670787811279 7.45531463623047 10.5129165649414 7.6526083946228 5.5253791809082 2.11112785339355 1.90013074874878 2.05815029144287 2.56583094596863
2.91949248313904 3.10027956962585 3.22771239280701 3.49618005752563 3.6179530620575 4.31610774993896 4.94240713119507 5.58674669265747 5.82309007644653 6.9311318397522 7.92676162719727 9.05683612823486 10.9542188644409 12.719217300415 14.6328897476196 18.8306922912598 25.1116256713867 26.5592250823975 32.1172180175781 38.4543304443359 34.7924041748047 26.5375747680664 20.1413326263428 26.3302536010742 28.4481220245361 15.6927013397217 8.3785343170166 3.16954469680786 4.08272695541382 5.35318803787231 5.78765630722046 7.18911600112915 7.28879594802856 7.27204847335815 7.26429653167725 7.38348436355591 8.41454696655273 10.7011346817017 11.7781047821045 8.0672435760498 3.43834161758423 1.39736139774323 1.77004158496857 1.9604799747467 2.0905749797821
3.18157052993774 3.09190082550049 3.20705127716064 3.31446218490601 3.56423282623291 3.63656401634216 4.47370958328247 5.11274147033691 5.4073600769043 6.15398406982422 7.00530576705933 8.41869354248047 9.22286415100098 10.7963876724243 12.2404003143311 15.6766815185547 22.1012382507324 31.0366268157959 38.9023895263672 29.1997756958008 12.5456094741821 5.5318865776062 7.28147888183594 15.5297040939331 12.3200721740723 4.73670959472656 0.0994525253772736 0.792342483997345 2.95380139350891 4.73978424072266 6.42179775238037 8.09526634216309 8.92981815338135 8.73798847198486 8.14149284362793 10.1820363998413 11.7227649688721 11.4619369506836 10.7117195129395 4.54777240753174 0.431997925043106 0.874129593372345 1.5296049118042 1.87750506401062 1.95878875255585
3.74697327613831 3.60229301452637 3.30056619644165 3.21277570724487 3.36462020874023 3.44309067726135 3.75594663619995 4.43500328063965 4.8933367729187 5.75024938583374 6.62575101852417 7.15472507476807 8.279052734375 9.36694526672363 10.6653995513916 14.7052087783813 19.8379917144775 26.2866706848145 28.5301551818848 10.8841638565063 5.8823037147522 5.15188884735107 5.44197607040405 8.39802742004395 7.4699239730835 2.42156553268433 -3.09022092819214 -1.57160532474518 1.18539130687714 4.47854328155518 6.35952281951904 8.05381298065186 9.88005924224854 10.4881353378296 10.1577310562134 11.4332141876221 10.7254838943481 9.93873596191406 8.64028644561768 0.57351416349411 0.351350486278534 0.606856048107147 1.14282846450806 1.65276145935059 1.88070070743561
4.1266770362854 3.95224738121033 3.754310131073 3.41045570373535 3.30003070831299 3.44729948043823 3.54481720924377 3.85092329978943 4.1458215713501 5.25702381134033 6.09715032577515 6.52956247329712 7.39084386825562 8.35176753997803 9.32099342346191 12.8255376815796 18.9159355163574 21.3224105834961 16.7656326293945 8.24990463256836 3.22143173217773 2.24509263038635 2.32764506340027 3.9611759185791 0.270691514015198 -3.5773983001709 -3.39636898040771 -2.93605661392212 -0.14536052942276 3.50767827033997 5.44719171524048 7.97581148147583 9.95659446716309 11.4131011962891 12.4155902862549 13.4129104614258 11.4307155609131 8.27813529968262 4.68457460403442 1.54287207126617 0.309315592050552 0.574719607830048 1.06799471378326 1.52670001983643 1.69361400604248
4.44463014602661 4.32341623306274 4.12133169174194 3.99831414222717 3.72787308692932 3.53287076950073 3.58759784698486 3.68687009811401 4.01092672348022 4.46449279785156 5.32686185836792 5.97609329223633 6.88983821868896 7.68433618545532 8.59093952178955 11.5462760925293 16.0566883087158 18.0852966308594 12.3261241912842 8.72368335723877 2.91597390174866 -1.7546124458313 -3.45987343788147 -3.82070899009705 -3.86344814300537 -3.68029952049255 -3.42520236968994 -3.07106447219849 -1.80594086647034 1.98022723197937 4.94839191436768 6.8436279296875 9.55494499206543 11.5716724395752 13.9699411392212 14.192494392395 14.0515699386597 12.324577331543 8.88770008087158 5.50784683227539 6.30965423583984 0.508842349052429 1.01939964294434 1.50880420207977 1.75673949718475
4.95053577423096 4.62619638442993 4.49519777297974 4.46850872039795 4.41910314559937 4.16455316543579 3.75856018066406 3.67394852638245 3.89807677268982 4.12653350830078 4.70694255828857 5.39243936538696 6.43160724639893 7.58324480056763 8.30069446563721 10.2303705215454 14.3547172546387 15.0621776580811 11.8425798416138 7.28925657272339 1.96666216850281 -3.15878129005432 -3.29111123085022 -3.37174892425537 -3.61887240409851 -3.55598640441895 -3.30237865447998 -3.01484203338623 -2.61573719978333 -0.253653943538666 3.26624631881714 6.12116861343384 8.19541549682617 11.4352722167969 13.3851318359375 14.8137187957764 15.5243110656738 16.0583744049072 15.0196123123169 20.5938682556152 16.5067367553711 8.13552284240723 7.42555379867554 3.07955050468445 1.75824761390686
5.324059009552 5.17557668685913 5.03029823303223 4.93896293640137 4.84589529037476 4.64664745330811 4.3984580039978 3.96368479728699 3.91659736633301 4.10848045349121 4.57354784011841 4.80124187469482 5.43444395065308 7.00069522857666 7.87925386428833 9.2428092956543 12.0759134292603 12.5088472366333 9.60947513580322 5.61224460601807 -0.250129669904709 -2.97511529922485 -3.08510231971741 -2.97412443161011 -2.82584047317505 -2.89318656921387 -2.51281666755676 -2.76536083221436 -2.45377397537231 -1.13031053543091 1.7551509141922 4.60272407531738 7.35420083999634 10.1258449554443 12.6117372512817 14.1041326522827 16.8817806243896 16.8310165405273 21.0203971862793 21.1369590759277 7.55410003662109 2.48189330101013 5.8068151473999 9.27804660797119 3.37046408653259
5.73625659942627 5.65938663482666 5.70298671722412 5.58459043502808 5.22395801544189 5.12511730194092 4.94225740432739 4.94216728210449 4.57443809509277 4.27881860733032 4.39623641967773 4.45259284973145 5.17489194869995 6.28525829315186 7.10751390457153 9.69351291656494 10.7816429138184 11.089955329895 8.74335479736328 4.65021657943726 -0.717464864253998 -2.55413556098938 -2.72425055503845 -2.61175990104675 -2.31494474411011 -2.21517586708069 -1.91010987758636 -1.79588258266449 -1.70161914825439 -1.01686453819275 0.953058242797852 3.18748474121094 5.97503423690796 11.179310798645 11.8898725509644 12.8350429534912 15.3517084121704 18.8285427093506 22.4824333190918 16.6595134735107 1.97227728366852 -0.801416158676147 -0.256936132907867 0.225266590714455 0.766247391700745
5.90298175811768 6.06285285949707 6.19970178604126 6.02272748947144 5.89944744110107 5.5489387512207 5.45678234100342 5.57740926742554 5.47363185882568 5.08929443359375 4.65467882156372 4.51097106933594 5.09256887435913 6.11286020278931 8.16767692565918 7.82821321487427 8.30000495910645 9.9796257019043 9.93737125396729 6.40322208404541 0.467811614274979 -1.98195564746857 -2.24508452415466 -2.27566862106323 -2.06918907165527 -1.88223910331726 -1.49289989471436 -1.10169363021851 -0.927903354167938 0.0105075631290674 0.860236704349518 2.80637145042419 5.60332727432251 12.7207536697388 8.15191745758057 11.0809869766235 14.4805040359497 16.9239082336426 16.1153144836426 7.33775568008423 -1.08701753616333 -0.937360882759094 -0.389332920312881 0.201571077108383 0.692635178565979
5.96305274963379 6.12516212463379 6.39913034439087 6.53933525085449 6.38589000701904 6.29473733901978 6.27789640426636 6.17603778839111 6.02741384506226 5.81845140457153 5.87895584106445 5.21409320831299 5.82102632522583 6.86206293106079 7.83521604537964 6.26114416122437 5.1888222694397 9.29348468780518 10.4830932617188 4.46656847000122 -0.890440583229065 1.15635800361633 0.88024491071701 -1.93422102928162 -1.65148842334747 -1.65583968162537 -1.47582268714905 -0.932111263275146 -0.291400998830795 0.239894881844521 1.08036732673645 2.49534964561462 4.86513137817383 9.90863132476807 6.52717304229736 7.97126436233521 12.8152923583984 13.5310192108154 6.05520915985107 -0.712867558002472 -0.892868518829346 -0.871579468250275 -0.447404623031616 0.242477774620056 0.930923342704773
