slauniainen/Data/DEM/Vihti_dem1500b_cl_horizonAngle_192.asc
NCOLS 196 
NROWS 178 
XLLCORNER 353680 
YLLCORNER 6699024 
CELLSIZE 16 
NODATA_value -3.4e+38 
[rows 120 to 139 of 178, columns 45 to 89 of 196]
1.70322620868683 1.73086225986481 1.69185876846313 1.67519855499268 1.96551549434662 2.22153568267822 2.4471070766449 2.72715830802917 2.88317179679871 3.01383399963379 3.18141222000122 3.33278465270996 3.40025162696838 3.39781713485718 3.4009313583374 3.42710161209106 3.35222363471985 3.26526498794556 5.3516001701355 9.11538696289062 4.01286888122559 3.16089129447937 3.14598393440247 3.21394085884094 3.26795172691345 3.2710428237915 3.282559633255 3.17802929878235 3.17324328422546 3.18445205688477 3.20248055458069 3.2136242389679 3.27516674995422 3.45002341270447 3.76982498168945 4.07299423217773 7.43860578536987 9.0073356628418 7.32701587677002 6.59598922729492 10.3725118637085 14.2089080810547 14.4015607833862 13.5541276931763 12.0233812332153
1.74089181423187 1.75671303272247 1.72294044494629 1.71136045455933 1.99002480506897 2.3368706703186 2.70293402671814 2.92707848548889 3.08815383911133 3.23577666282654 3.32642650604248 3.38622283935547 3.47212672233582 3.48568272590637 3.50850319862366 3.53405976295471 3.4269552230835 3.27036333084106 3.17348432540894 3.16382551193237 3.53959345817566 3.22971749305725 3.24695181846619 3.28779983520508 3.33069157600403 3.34290051460266 3.36002397537231 3.35728454589844 3.40218901634216 3.45534086227417 3.48185324668884 3.44415187835693 3.42416715621948 3.49453258514404 3.84284043312073 4.5702657699585 6.97896814346313 6.8074688911438 4.65009689331055 5.20699644088745 6.93270587921143 9.29239559173584 13.7163343429565 13.017333984375 10.691668510437
1.77860152721405 1.79463970661163 1.74499976634979 1.85249853134155 2.24779224395752 2.51841402053833 2.74285268783569 2.96652269363403 3.1308605670929 3.28163957595825 3.37879633903503 3.44098019599915 3.53597164154053 3.55779838562012 3.65982842445374 3.64737272262573 3.57146239280701 3.48488259315491 3.24370932579041 3.21926021575928 3.28770112991333 3.35294723510742 3.40911960601807 3.40289950370789 3.41202735900879 3.41313171386719 3.46569156646729 3.55529975891113 3.66132473945618 3.73552250862122 3.67124009132385 3.58934807777405 3.57858443260193 3.70566964149475 3.94517087936401 4.07991504669189 7.04707908630371 6.53925848007202 5.2365837097168 5.05855846405029 4.3484320640564 4.92928028106689 6.87648439407349 7.09157657623291 9.73227024078369
1.80576622486115 1.81834375858307 1.76509785652161 1.97885131835938 2.33097529411316 2.55190205574036 2.77787566184998 3.22528910636902 3.44636273384094 3.51825618743896 3.55223703384399 3.53937530517578 3.62502503395081 3.72827768325806 3.88704705238342 3.80111289024353 3.73584270477295 3.66476035118103 3.52860879898071 3.45288443565369 3.46564030647278 3.50514245033264 3.56167459487915 3.5837779045105 3.55914044380188 3.5666241645813 3.60922980308533 3.76337337493896 3.83838248252869 3.90485048294067 3.82716274261475 3.70102548599243 3.71302509307861 3.87188720703125 4.03197860717773 4.08004760742188 7.98393821716309 5.88879299163818 5.60802173614502 5.66495037078857 4.68026304244995 4.26115846633911 3.92994046211243 6.059157371521 9.75896644592285
1.84149932861328 1.83952140808105 1.78111982345581 2.06298804283142 2.40098977088928 2.88199687004089 3.0244505405426 3.46254205703735 3.70622420310974 3.79487299919128 3.82050657272339 3.90631532669067 3.73256945610046 3.98251271247864 4.15660238265991 3.89094352722168 3.86511445045471 3.85367298126221 3.73308253288269 3.6415798664093 3.62432312965393 3.64885306358337 3.71467113494873 3.74826502799988 3.72935247421265 3.74026870727539 3.78432941436768 3.90099859237671 3.95675301551819 4.03520250320435 3.97459077835083 3.83992695808411 3.87910985946655 4.04567909240723 4.20663785934448 4.22398519515991 5.72065019607544 3.63704180717468 3.35431337356567 3.04112672805786 3.15965342521667 4.03430557250977 4.48950672149658 7.25848388671875 10.182183265686
1.93795430660248 1.87037670612335 1.81811225414276 2.08230376243591 3.32741260528564 4.19701862335205 3.92375421524048 4.41168403625488 3.90041780471802 3.95222878456116 4.21295738220215 4.26272344589233 4.21959972381592 4.30614852905273 4.52901268005371 3.96909666061401 3.96341943740845 3.97655177116394 3.94039630889893 3.83145999908447 3.77455902099609 3.77229857444763 3.82138895988464 3.87671327590942 3.87594938278198 3.90397906303406 3.94319200515747 4.02001857757568 4.0829176902771 4.17211484909058 4.12339496612549 4.03931474685669 4.09427261352539 4.27988719940186 4.41609907150269 4.29848861694336 3.85018920898438 3.72341227531433 3.35793972015381 3.10469079017639 3.17259478569031 3.41739773750305 3.61896204948425 3.69410347938538 3.76943063735962
1.98811268806458 1.91100430488586 1.94372236728668 2.36205720901489 3.34695553779602 3.16866445541382 4.03798913955688 5.11188983917236 4.69701385498047 4.18906259536743 4.40377855300903 4.71053171157837 4.88886451721191 5.21379613876343 4.73823213577271 4.24845170974731 4.1031699180603 4.12764501571655 4.1045937538147 4.02610683441162 3.952223777771 3.94438886642456 3.96409201622009 3.9955723285675 4.00170373916626 4.03737497329712 4.13513994216919 4.1843376159668 4.28467702865601 4.32308578491211 4.28408670425415 4.26931619644165 4.29160165786743 4.40204524993896 4.52822256088257 4.43746137619019 4.03439521789551 3.90806913375854 3.55729341506958 3.21708464622498 3.45320963859558 3.66257238388062 3.6927433013916 3.74020266532898 3.92886734008789
2.03460550308228 1.94814205169678 2.08584880828857 2.45796513557434 2.58827877044678 3.1749222278595 3.94772386550903 4.32397699356079 5.65063810348511 4.65336751937866 4.57902336120605 4.96775245666504 5.25066757202148 5.74172401428223 4.93847036361694 4.38532876968384 4.33386516571045 4.32698249816895 4.28325653076172 4.24333429336548 4.15553283691406 4.15375232696533 4.13447856903076 4.12433862686157 4.15826082229614 4.22028636932373 4.28075885772705 4.35310029983521 4.45479011535645 4.40205812454224 4.39379215240479 4.52486705780029 4.78023386001587 4.52253484725952 4.64755296707153 4.62863731384277 4.40963888168335 4.2510290145874 3.91199421882629 3.76476120948792 4.02599239349365 3.97249913215637 3.89854836463928 4.06563138961792 4.37885236740112
2.10529065132141 1.99664425849915 2.20809626579285 2.48370599746704 2.70964527130127 3.36325120925903 3.92683362960815 4.4780478477478 5.23340034484863 5.08227777481079 4.63169002532959 5.06129121780396 5.42353439331055 5.91180658340454 5.32263517379761 4.45731258392334 4.45253276824951 4.4508056640625 4.393967628479 4.36425304412842 4.34373188018799 4.29557180404663 4.28419351577759 4.27993869781494 4.31863498687744 4.33847856521606 4.38255023956299 4.38810634613037 4.50520944595337 4.81867742538452 4.66544485092163 4.64286518096924 4.94232654571533 4.58622789382935 4.70599222183228 4.77153635025024 4.80349063873291 4.73934650421143 4.3961009979248 4.09210395812988 4.27316761016846 4.27842330932617 4.18472290039062 4.31600046157837 4.70475721359253
2.1830780506134 2.08957457542419 2.25963377952576 2.50698351860046 3.17976355552673 2.90787720680237 4.01542472839355 3.87768697738647 3.43673038482666 5.09530210494995 6.35581350326538 6.05672550201416 5.39663219451904 5.93346643447876 5.85730743408203 4.96755504608154 4.55458211898804 4.56806802749634 4.51689147949219 4.48744297027588 4.47260427474976 4.44145727157593 4.40570402145386 4.40343618392944 4.43935966491699 4.42905044555664 4.39722013473511 4.44247150421143 4.51155757904053 5.1432204246521 6.10190725326538 5.46167278289795 5.20933961868286 4.74631071090698 5.05739164352417 5.24979066848755 5.32478380203247 5.18683338165283 4.75941514968872 4.38682317733765 4.66612577438354 4.68116521835327 4.67097997665405 4.715735912323 5.13327646255493
2.25113654136658 2.16394925117493 2.31204128265381 2.70919895172119 3.00420117378235 3.1470193862915 3.21461939811707 3.33897852897644 3.44577312469482 3.80150461196899 6.73222208023071 6.95503711700439 5.49333143234253 6.35070037841797 6.58269023895264 5.48132562637329 4.62518310546875 4.70317029953003 4.67966461181641 4.62527370452881 4.59737062454224 4.57266044616699 4.50575017929077 4.51154088973999 4.52802705764771 4.57159852981567 4.52892827987671 4.58479928970337 4.57062149047852 4.53254270553589 6.44438600540161 5.70327043533325 4.67097330093384 4.96876955032349 5.32790899276733 5.60980653762817 5.750807762146 5.76037263870239 5.07695341110229 4.87669372558594 5.23801183700562 5.26302909851074 5.31574249267578 5.40955972671509 5.56112194061279
2.32630467414856 2.23815679550171 2.67769050598145 2.95761466026306 3.0847909450531 3.21149611473083 3.34950089454651 4.05673265457153 3.44608378410339 3.51894187927246 3.64607858657837 6.19718217849731 8.18286418914795 6.88088750839233 6.65435409545898 5.33909797668457 4.70119047164917 4.75788879394531 4.80401563644409 4.77259492874146 4.72146940231323 4.69576454162598 4.62414932250977 4.60888338088989 4.65665006637573 4.7332067489624 4.70561218261719 4.6705756187439 4.60229921340942 4.95577478408813 4.61087560653687 4.86641263961792 4.61735677719116 5.12275171279907 5.53477334976196 5.94107580184937 6.23475503921509 6.47201681137085 5.70461845397949 5.64243125915527 5.95723676681519 5.94916343688965 6.02493333816528 6.11147022247314 6.15879821777344
2.41564059257507 2.40287947654724 2.79129862785339 2.99023032188416 3.22012948989868 3.54054594039917 3.35597062110901 3.33827304840088 3.45199656486511 3.53993463516235 3.65194988250732 6.24902820587158 9.60373973846436 8.26254749298096 5.97539377212524 4.6312141418457 4.81562042236328 4.89024972915649 4.92306470870972 4.9587197303772 4.92432451248169 4.85690355300903 4.78564786911011 4.7673282623291 4.85342979431152 4.88693761825562 4.88594102859497 4.75935029983521 4.62097024917603 4.4502592086792 5.01466703414917 4.29974842071533 4.68960380554199 5.27831363677979 5.79669904708862 6.28333616256714 6.75950336456299 7.11756372451782 6.33836984634399 6.32054853439331 6.51038074493408 6.55728578567505 6.59036922454834 6.62731218338013 6.6497049331665
2.5204381942749 2.53356575965881 2.85627722740173 3.08368349075317 3.28117895126343 3.40743255615234 3.37814950942993 3.38678503036499 3.51425504684448 3.64933705329895 3.72198915481567 3.72058367729187 3.74940299987793 4.7318229675293 4.32419490814209 4.70447969436646 4.91602325439453 4.98961067199707 5.03842449188232 5.08680868148804 5.04979419708252 4.99519538879395 4.9484395980835 4.94350051879883 4.99118852615356 5.06631183624268 4.96994876861572 4.88959693908691 4.80367136001587 4.47142934799194 4.33579158782959 4.38069486618042 5.03102254867554 5.68228197097778 6.29360914230347 6.97816038131714 7.24222564697266 7.65056037902832 6.78332996368408 7.05886888504028 7.04620981216431 7.01158094406128 7.00858116149902 7.01277351379395 7.0553994178772
2.68516397476196 2.58605289459229 2.9301061630249 3.25237703323364 3.58124351501465 3.63094782829285 3.47447729110718 3.53028869628906 3.76153540611267 3.90212321281433 3.81816530227661 3.79835772514343 3.76811051368713 3.99648761749268 4.33901214599609 4.77801942825317 5.05528783798218 5.13391780853271 5.20085906982422 5.18592262268066 5.17890548706055 5.14605283737183 5.12953424453735 5.14531373977661 5.28242492675781 5.30336856842041 5.25134134292603 5.10232973098755 5.00625944137573 4.71094465255737 4.44620752334595 4.74818992614746 5.47922229766846 6.05644989013672 6.62243413925171 7.49074029922485 8.00750160217285 7.60612487792969 7.32340145111084 7.59031343460083 8.28650760650635 7.89305925369263 7.48290777206421 7.53787136077881 8.38186550140381
2.8054051399231 2.69094491004944 3.18479800224304 3.66914629936218 3.92576956748962 4.02950716018677 3.96985507011414 3.79067206382751 3.8526439666748 4.04015064239502 3.9150538444519 3.90865254402161 3.9276704788208 4.06715059280396 4.53905582427979 4.95929861068726 5.19256687164307 5.30545330047607 5.38092565536499 5.33528518676758 5.29769420623779 5.31781339645386 5.36838674545288 5.45000028610229 5.52750158309937 5.53788900375366 5.56090307235718 5.38148927688599 5.31638622283936 5.0549144744873 4.98345136642456 5.36532211303711 6.00375843048096 6.48920297622681 7.11881256103516 8.12734127044678 8.57142734527588 7.72155666351318 10.3348579406738 10.3072824478149 10.3145942687988 10.1510438919067 9.91068363189697 9.13760280609131 11.3344821929932
2.91717052459717 3.15296983718872 3.48575663566589 3.79504299163818 4.04472589492798 4.20163869857788 4.21958780288696 3.98812222480774 3.93860650062561 4.16371488571167 4.11804819107056 4.27166318893433 4.19934463500977 4.32233238220215 4.79039144515991 5.20001268386841 5.45160341262817 5.57134199142456 5.66368961334229 5.61847496032715 5.5352463722229 5.5554141998291 5.63062429428101 5.70128011703491 5.77545738220215 5.79235744476318 5.81084108352661 5.66330432891846 5.54026746749878 5.39067077636719 5.69849252700806 6.06100749969482 6.76573133468628 7.34050178527832 7.89158773422241 8.81235980987549 9.25588607788086 10.4083337783813 13.8873815536499 13.6677513122559 12.4547185897827 11.6268558502197 13.2386159896851 10.0855960845947 10.3867530822754
3.03688383102417 3.3044273853302 3.61538362503052 3.91909861564636 4.16104698181152 4.33296012878418 4.38723993301392 4.17061233520508 4.19048452377319 4.4289813041687 4.54400157928467 4.6545672416687 4.68510866165161 4.63201856613159 5.03259515762329 5.4133825302124 5.66705513000488 5.83243370056152 5.84954452514648 5.90179395675659 5.81431436538696 5.76641416549683 5.82129335403442 5.93459749221802 6.14571046829224 6.16048145294189 6.1883749961853 6.00195646286011 5.93547677993774 6.01681756973267 6.42538785934448 6.92800092697144 7.67561531066895 8.12157821655273 8.61667156219482 9.68374252319336 14.4093198776245 18.5326957702637 14.367280960083 12.7883186340332 12.9290752410889 17.2620468139648 19.3848609924316 15.8651475906372 10.9694766998291
3.15689444541931 3.3840274810791 3.90333485603333 4.31070709228516 4.45217323303223 4.50189304351807 4.60357666015625 4.57618951797485 4.53385591506958 4.70000076293945 4.88007259368896 4.99741363525391 5.10201358795166 5.21278142929077 5.41327285766602 5.66156816482544 5.91705322265625 6.07186698913574 6.16749286651611 6.19709491729736 6.1242527961731 6.11225414276123 6.18159437179565 6.32425594329834 6.52098560333252 6.59711694717407 6.68218803405762 6.45997667312622 6.44712114334106 6.7849555015564 7.23812198638916 7.80868530273438 8.45638275146484 9.37297344207764 10.6503658294678 10.6696453094482 20.1229667663574 20.4867916107178 16.5224208831787 14.594277381897 13.3859071731567 14.0486497879028 9.80716133117676 12.3498163223267 11.2488050460815
3.20578622817993 3.75702214241028 4.39151239395142 4.74875354766846 4.91351366043091 4.95028734207153 4.86126327514648 4.83263731002808 4.79938888549805 4.95287179946899 5.22025680541992 5.39681720733643 5.51078605651855 5.72695302963257 5.89058923721313 5.95388793945312 6.19561958312988 6.3310923576355 6.44818496704102 6.5157470703125 6.45735263824463 6.50713968276978 6.59058856964111 6.7811861038208 6.83765649795532 6.96143436431885 7.03632926940918 7.61266851425171 7.7599196434021 7.8280987739563 8.43120956420898 9.15261268615723 9.58457374572754 10.7242374420166 11.7286224365234 11.2743406295776 8.72423648834229 7.14252424240112 8.74723625183105 13.255054473877 12.5668058395386 9.64234066009521 9.20351409912109 7.36569786071777 7.22276496887207
