slauniainen/Data/DEM/Vihti_dem1500b_cl_horizonAngle_306.asc
NCOLS 196 
NROWS 178 
XLLCORNER 353680 
YLLCORNER 6699024 
CELLSIZE 16 
NODATA_value -3.4e+38 
[rows 80 to 99 of 178, columns 90 to 134 of 196]
0.00139377161394805 0.00124675815459341 -0.00801220629364252 -0.00749383773654699 0.182081311941147 0.144596546888351 0.15217462182045 0.101103089749813 -0.243694275617599 -0.504565477371216 -0.806452870368958 3.35638117790222 8.37837314605713 9.11013317108154 11.3863105773926 11.4025087356567 10.4339828491211 11.0720205307007 11.8434429168701 10.7857942581177 10.2458515167236 9.87470531463623 9.72934913635254 8.72765445709229 7.66692876815796 5.68462514877319 2.9455840587616 1.17625916004181 0.0471925139427185 -0.546374797821045 -0.979228913784027 -0.869356274604797 -0.872924625873566 -0.924980700016022 -1.28805792331696 -1.21142101287842 2.18951869010925 6.20242023468018 7.56894540786743 8.51653575897217 10.6323375701904 10.360767364502 9.49653816223145 11.7644872665405 12.2970952987671
-0.0248222146183252 -0.0204917900264263 -0.0209230687469244 -0.0153404856100678 0.111704878509045 0.491954296827316 0.111074581742287 0.0913621708750725 -0.210533648729324 -0.409924805164337 -0.550312459468842 3.8278477191925 8.30698108673096 9.22575664520264 10.1163520812988 9.88136196136475 8.39591979980469 8.87955570220947 10.4662771224976 9.88831806182861 8.96462821960449 9.03413581848145 9.00813388824463 8.63230419158936 7.40611982345581 6.35527324676514 4.09930849075317 2.0422899723053 0.687973856925964 0.122215338051319 -0.488079637289047 -1.11906707286835 -1.17585134506226 -1.18366074562073 -1.28783643245697 -0.444050580263138 5.5190052986145 8.79248523712158 10.236665725708 10.2758550643921 10.9849920272827 8.32664203643799 7.80883264541626 8.60973262786865 9.23865413665771
0.0171697083860636 -0.0258095469325781 -0.0334209948778152 -0.0306004602462053 -0.018980922177434 0.37748846411705 0.168042719364166 0.0300982911139727 -0.170961156487465 -0.389900714159012 -0.449053823947906 2.28680396080017 5.68715000152588 7.19412803649902 6.24387788772583 5.88532161712646 6.66821765899658 7.18374681472778 7.48887491226196 7.90613269805908 8.12837314605713 7.85460805892944 7.51941585540771 7.18745565414429 6.79906177520752 6.09571599960327 4.82576990127563 2.89107775688171 1.90319406986237 0.958871245384216 -0.205040588974953 -0.936049163341522 -1.49121308326721 -1.49090027809143 -1.40956687927246 2.51730465888977 7.36705732345581 9.40510559082031 11.0068845748901 10.4763078689575 8.87014579772949 7.094482421875 6.83373880386353 7.44968605041504 7.99067783355713
0.0174515768885612 -0.00467134593054652 -0.0415385477244854 -0.0482428334653378 -0.0371983014047146 0.175483554601669 0.27108958363533 -0.0276172421872616 -0.0216545127332211 -0.235180556774139 1.69704675674438 4.08969449996948 4.45551776885986 4.98257780075073 3.21121287345886 3.79295825958252 4.85222864151001 5.32438707351685 5.9846305847168 6.0000171661377 5.97434520721436 6.20855760574341 6.45183038711548 6.40628957748413 6.27955865859985 5.73883295059204 4.85038137435913 3.50356316566467 2.27114820480347 0.596386075019836 -0.450092881917953 -1.39146339893341 -1.68868494033813 -1.59512877464294 -1.57907474040985 2.42482447624207 3.68841791152954 7.68900156021118 9.62003803253174 9.8250560760498 8.30710029602051 8.33638286590576 6.85708284378052 7.90209150314331 7.35208940505981
0.773268222808838 -0.000627220899332315 -0.0178980994969606 -0.0511059015989304 -0.0741054266691208 0.0804263427853584 0.396499156951904 -0.0274025127291679 -0.0418140105903149 -0.068707175552845 3.45246076583862 5.41006946563721 3.1827609539032 3.44542527198792 2.21115612983704 2.70698094367981 3.24617409706116 3.40338230133057 3.70932102203369 4.50797748565674 5.2682204246521 5.09945011138916 5.29476976394653 5.49070882797241 5.24284029006958 4.96077537536621 4.2941689491272 3.36504745483398 2.33425450325012 0.356483548879623 -0.57048761844635 -1.3534060716629 -1.84957647323608 0.490524858236313 3.73840761184692 3.31990599632263 2.50791454315186 5.33116388320923 7.79820013046265 8.27725315093994 8.04956150054932 7.97514057159424 7.11100244522095 7.78401517868042 9.01389122009277
3.5563690662384 0.442186713218689 -0.00583288865163922 -0.0215085819363594 -0.0244362913072109 0.147045880556107 0.49191153049469 0.135579153895378 -0.0470201000571251 -0.0832867696881294 -0.128622964024544 -0.173633724451065 0.683279931545258 1.47504675388336 0.8668133020401 0.284312784671783 1.15556824207306 1.29662108421326 2.04310321807861 3.06534314155579 3.72013640403748 3.90395712852478 3.92337656021118 3.90448546409607 3.98907089233398 4.09292840957642 3.65852999687195 2.95054244995117 2.26928782463074 0.77647477388382 -0.339606046676636 -0.68511176109314 0.464585036039352 5.53098678588867 9.7788610458374 7.70275592803955 5.12055587768555 7.60075950622559 9.92482757568359 8.86935520172119 6.98421573638916 7.12574911117554 6.27304601669312 5.92838621139526 6.11711168289185
5.279052734375 2.05653595924377 0.129095822572708 0.00169855507556349 -0.0202620681375265 0.118375994265079 0.279965937137604 0.311323136091232 -0.0557899177074432 -0.0870822966098785 -0.131941542029381 -0.148711279034615 -0.0199851859360933 -0.0862242430448532 -0.503861486911774 -0.706962883472443 -0.745434761047363 -0.777879059314728 -0.126154750585556 1.19696295261383 2.10121607780457 2.35012245178223 2.57548141479492 3.23216152191162 3.14833331108093 3.26146173477173 2.99881982803345 2.08414649963379 1.99920678138733 1.7213089466095 4.07252073287964 12.6709012985229 11.3193845748901 12.1594429016113 12.0023460388184 11.1258964538574 7.21442699432373 8.29062747955322 9.17906284332275 7.39354705810547 6.62991046905518 5.7018928527832 5.11980485916138 5.02211761474609 5.55492830276489
5.16121435165405 3.1272873878479 1.39901459217072 0.22585503757 0.0739934146404266 0.109908804297447 0.203401863574982 0.397867530584335 0.0199386868625879 -0.0990364030003548 -0.122707858681679 -0.148386567831039 0.0776610970497131 -0.344746798276901 -0.656626105308533 -0.849723100662231 -0.921030342578888 -0.938715219497681 -0.977109014987946 -0.529047906398773 0.415473908185959 0.702927470207214 1.22829937934875 1.8952397108078 2.05387926101685 2.29701495170593 2.23082756996155 2.03271150588989 2.01366305351257 3.86843633651733 6.8222713470459 12.877610206604 11.4083280563354 10.5985946655273 10.5533437728882 10.9948806762695 9.36112213134766 6.69232654571533 5.38006830215454 5.56602430343628 5.91505718231201 5.0982346534729 4.37677431106567 4.47426557540894 4.58527612686157
4.39108800888062 3.13647770881653 2.18225789070129 1.18723559379578 0.954557955265045 0.172477900981903 0.188923448324203 0.241754248738289 0.214398100972176 -0.0532731264829636 -0.107573591172695 -0.132022589445114 -0.0645437240600586 -0.498649150133133 -0.833900988101959 -1.08917534351349 -1.23642981052399 -1.21483254432678 -1.13206517696381 -1.06933677196503 -1.01913058757782 -0.718094229698181 0.199162051081657 0.719910502433777 0.739029169082642 1.1267899274826 1.82900249958038 1.95171856880188 2.94997262954712 5.29454326629639 4.13227510452271 2.1938591003418 2.07276082038879 4.5059175491333 7.65105390548706 8.51738357543945 9.32405090332031 7.39112043380737 6.69059658050537 5.5340051651001 4.67370891571045 4.84195995330811 4.34994745254517 4.07232666015625 4.28609418869019
3.55548405647278 2.67555570602417 2.19790601730347 1.65662968158722 1.45690035820007 0.775347530841827 0.1418287307024 0.217251017689705 0.353083580732346 0.0618544109165668 -0.0632634088397026 -0.109759494662285 -0.256163150072098 -0.936649739742279 -1.45210063457489 -1.56639969348907 -1.69024503231049 -1.65387654304504 -1.45043814182281 -1.3086599111557 -1.22644603252411 -1.14450895786285 -1.10032117366791 -0.576858282089233 -0.454865276813507 0.0484599508345127 0.900798380374908 1.66455543041229 1.72906732559204 1.92193949222565 2.28956198692322 2.17223429679871 2.28457617759705 2.54636120796204 4.33188629150391 6.8675971031189 7.45149183273315 7.45415592193604 6.92547512054443 5.89150524139404 5.08294916152954 4.3285493850708 4.11519861221313 4.46453332901001 4.90675926208496
3.85916900634766 2.51828789710999 1.89458322525024 1.66297972202301 1.47731578350067 1.21487545967102 0.673044562339783 0.266739994287491 0.303186029195786 0.14370422065258 0.00370914442464709 -0.0309678614139557 -0.207197025418282 -0.961003661155701 -1.75254881381989 -2.05626344680786 -2.14370107650757 -2.09644484519958 -2.04473209381104 -1.75164496898651 -1.59271454811096 -1.48968243598938 -1.32450366020203 -1.27096331119537 -1.28200006484985 -0.63767009973526 0.0284579806029797 0.758341670036316 1.04507851600647 1.48761892318726 1.66536223888397 1.82187867164612 1.82164967060089 1.70535230636597 1.67916202545166 3.69881963729858 4.40490627288818 5.15477514266968 5.33503293991089 6.05884599685669 5.59605169296265 5.65629625320435 5.04325485229492 5.60015726089478 6.00057649612427
4.43741226196289 2.70101737976074 1.90108501911163 1.66309535503387 1.35173881053925 1.20946288108826 1.06278252601624 0.720952212810516 0.615672528743744 0.251461446285248 0.0791915059089661 -0.0249647386372089 -0.0910410508513451 -0.730558633804321 -1.78311955928802 -2.29693841934204 -2.46006345748901 -2.40556907653809 -2.32415103912354 -1.39898836612701 1.46879625320435 -1.73008620738983 -1.22335815429688 -0.321189045906067 -1.35821354389191 -1.32676184177399 -0.341656684875488 -0.0353441759943962 0.224805638194084 0.779315114021301 1.40974748134613 1.55131793022156 1.50081527233124 1.11152470111847 1.39570748806 1.5677752494812 1.54321229457855 2.87141489982605 4.57352352142334 5.33682060241699 6.40677356719971 8.39739227294922 7.05573797225952 5.75581502914429 6.25481605529785
4.59123992919922 2.87992024421692 2.01732993125916 1.79300928115845 1.36583852767944 1.16161227226257 1.06007325649261 0.987955927848816 0.922467529773712 0.561080694198608 0.155511230230331 0.0585547462105751 -0.0521935597062111 -0.412503242492676 -1.51828396320343 -2.19747424125671 -2.55079913139343 -2.60853505134583 -1.39113676548004 -0.0351029224693775 0.952175498008728 2.25128054618835 1.27450382709503 2.12477469444275 1.54223799705505 0.0728510618209839 -0.149703323841095 0.153326004743576 0.0454028733074665 0.0871524512767792 0.733493268489838 1.30262541770935 1.16096937656403 0.773959815502167 0.682286143302917 0.962266504764557 1.24718010425568 1.50927376747131 4.66847372055054 9.41234493255615 10.6300802230835 10.2094240188599 8.94564723968506 6.77324771881104 6.22234296798706
4.27916479110718 3.05870413780212 2.2122118473053 1.96708703041077 1.47921752929688 1.17050421237946 1.02797329425812 0.983329832553864 0.913651287555695 0.844725787639618 0.599456250667572 0.471970558166504 0.0526426136493683 -0.241682201623917 -1.18818056583405 -1.98377561569214 -2.37862610816956 -1.69477880001068 -0.158181056380272 -0.444013208150864 0.22614574432373 3.49174165725708 5.52334642410278 4.15618562698364 3.71521806716919 1.88816654682159 -1.58651745319366 -1.50526034832001 -0.956518054008484 0.0103732636198401 0.154456183314323 0.566169261932373 0.638988494873047 0.756040573120117 0.613851249217987 0.522296905517578 0.804313600063324 2.88194513320923 6.03027772903442 8.55044937133789 7.87134265899658 8.11754131317139 8.19539546966553 7.79591703414917 6.68731117248535
3.94411063194275 3.17721962928772 2.39539551734924 2.12211465835571 1.6186900138855 1.24280381202698 1.01099336147308 0.993272304534912 0.904939472675323 0.843917489051819 0.817889094352722 0.728699088096619 0.417764127254486 -0.0163273606449366 -0.824813187122345 -1.71973037719727 -2.19029641151428 -2.49104881286621 -0.624509930610657 -2.09723377227783 0.321865350008011 4.22556686401367 8.82612323760986 7.48452043533325 5.44267988204956 2.75195288658142 -0.296941071748734 -1.68116474151611 1.73644614219666 2.93913745880127 2.25710582733154 0.152574583888054 0.00465217838063836 0.193551585078239 0.396256297826767 -0.0503119379281998 0.234742254018784 6.33405351638794 9.38930988311768 9.10750389099121 6.8189845085144 6.46749639511108 6.57412624359131 6.48127937316895 6.24773645401001
3.20528650283813 2.86488509178162 2.46163749694824 2.19118714332581 1.78827822208405 1.40290677547455 1.10741472244263 1.05241024494171 0.901425182819366 0.841012716293335 0.816084623336792 0.740082144737244 0.644838273525238 0.313721626996994 -0.350146383047104 -1.47829830646515 -2.01618075370789 -2.3293023109436 1.16738295555115 -1.51346063613892 4.1152663230896 3.40824031829834 9.25248622894287 9.4229040145874 5.82455492019653 4.33230257034302 2.61734914779663 5.49113607406616 7.56372499465942 6.5584831237793 4.86022996902466 1.91678667068481 -0.246273934841156 -0.341125011444092 -0.218266397714615 -0.537066638469696 2.66982173919678 9.717360496521 11.4609489440918 10.0199928283691 7.15348768234253 5.4181604385376 4.96042776107788 5.56939172744751 5.59633588790894
2.4197199344635 2.46519804000854 2.20957660675049 2.05606627464294 1.84504878520966 1.52536857128143 1.29138362407684 1.14614748954773 0.944860219955444 0.828856647014618 0.816346347332001 0.737715661525726 0.670064091682434 0.576695680618286 0.0970274806022644 -0.972068190574646 -1.76868522167206 -2.14112210273743 1.87963306903839 1.71516120433807 7.29799652099609 4.04235887527466 9.39367389678955 11.4278612136841 8.08293151855469 6.29838562011719 5.12790536880493 7.29697036743164 6.72857475280762 5.01818037033081 5.7700891494751 4.58090353012085 1.34541440010071 -0.617123365402222 -0.653705060482025 -0.999439895153046 3.27180743217468 9.6666784286499 11.0238971710205 9.83451080322266 7.53569889068604 5.50575828552246 4.70273494720459 4.66465663909912 4.79546403884888
1.93618476390839 1.72615385055542 1.79529023170471 1.85124814510345 1.78094172477722 1.58208978176117 1.37920439243317 1.26561462879181 1.03149819374084 0.892705857753754 0.872359275817871 0.746899008750916 0.675889134407043 0.607053399085999 0.535711407661438 -0.318039953708649 -1.31961810588837 -1.8034907579422 3.34637951850891 6.85369539260864 9.68413734436035 8.57383632659912 13.3490734100342 11.9311923980713 11.8381328582764 9.25612258911133 8.18643379211426 9.51293468475342 9.29156589508057 7.96216583251953 6.94938898086548 6.75419092178345 6.40955638885498 1.67149353027344 -1.06925475597382 -1.23967504501343 2.71423387527466 8.29915904998779 10.9511203765869 9.69431686401367 8.04611110687256 5.83166790008545 5.4631233215332 4.96402263641357 4.99745845794678
1.99047482013702 1.65037071704865 1.46022343635559 1.5472366809845 1.5590238571167 1.53730249404907 1.45718598365784 1.30436086654663 1.13275074958801 1.00517356395721 0.923266768455505 0.796693980693817 0.683491945266724 0.608662366867065 0.568627297878265 0.121133558452129 -0.666275024414062 1.96090233325958 9.07802677154541 14.1208467483521 15.1798000335693 14.6613759994507 15.150465965271 13.9265480041504 13.1486167907715 11.8920288085938 11.7188568115234 11.4187602996826 11.2691869735718 8.78904151916504 11.8793096542358 14.5757827758789 12.4137649536133 3.96961164474487 0.240751981735229 -1.50942087173462 2.84633255004883 8.98155117034912 10.891318321228 10.2322511672974 7.74192667007446 6.43475484848022 6.22545433044434 5.44937372207642 6.17110633850098
2.06279850006104 1.93117606639862 1.48167145252228 1.23242819309235 1.33237266540527 1.37647140026093 1.29709148406982 1.30102372169495 1.1655580997467 1.0621554851532 0.975555539131165 0.845621705055237 0.735184073448181 0.621561050415039 0.587724208831787 0.386089473962784 -0.0972224399447441 5.53152275085449 12.7324619293213 15.201714515686 13.8074340820312 13.1314878463745 13.5432901382446 14.3652992248535 14.3754606246948 14.3839530944824 14.1234722137451 13.2425670623779 15.0699167251587 13.2210378646851 15.7790584564209 15.9537563323975 9.02362060546875 4.19821548461914 2.10079193115234 1.09013819694519 11.1525173187256 14.1873073577881 13.809365272522 10.5199060440063 7.42567348480225 6.29486608505249 6.37933111190796 6.19440221786499 6.41543102264404
