slauniainen/Data/DEM/Vihti_dem1500b_cl_horizonAngle_318.asc
NCOLS 196 
NROWS 178 
XLLCORNER 353680 
YLLCORNER 6699024 
CELLSIZE 16 
NODATA_value -3.4e+38 
[rows 60 to 79 of 178, columns 135 to 179 of 196]
-0.625116944313049 -0.791413724422455 -0.824375152587891 -0.778472244739532 -0.530341982841492 -0.337567418813705 -0.423577755689621 -0.417374551296234 -0.625946640968323 -0.946532070636749 -1.36663508415222 -1.56568574905396 -1.39313435554504 -1.88405847549438 -2.0293242931366 -2.21212482452393 -2.36073184013367 -2.45370125770569 -2.61644101142883 -2.98115086555481 -3.22330665588379 1.56788063049316 3.14229583740234 1.51954817771912 6.66758632659912 10.0930318832397 12.8103246688843 17.1075077056885 15.9981718063354 12.322395324707 12.0706796646118 11.7959766387939 11.3298416137695 9.29917240142822 5.37044286727905 1.93832552433014 -0.178597062826157 -1.969646692276 -2.46637296676636 -2.61290788650513 4.02183103561401 8.07599258422852 9.47943592071533 13.3481588363647 19.2991714477539
-0.544148325920105 -0.706971764564514 -0.999676167964935 -0.949787318706512 -0.824862122535706 -0.611949861049652 -0.489677637815475 -0.62934422492981 -0.655596792697906 -0.825835645198822 -1.24013185501099 -1.6638445854187 -1.92680776119232 -2.01448345184326 -2.12177562713623 -2.25142812728882 -2.33207273483276 -1.34083950519562 -2.51652431488037 -2.75712370872498 -1.63853168487549 1.8803471326828 4.44970941543579 4.12716293334961 15.2665681838989 14.1453905105591 11.4247550964355 12.0535612106323 13.0247640609741 11.627329826355 10.8371725082397 10.4950037002563 9.76975631713867 8.69103527069092 6.51983785629272 4.06252002716064 1.17573654651642 -0.758133172988892 -2.35846924781799 0.107566349208355 5.75754547119141 7.69845008850098 11.0467510223389 17.701488494873 18.7928447723389
-0.612993597984314 -0.67986661195755 -0.826181530952454 -0.49142649769783 0.287952333688736 0.221362128853798 -0.158692985773087 -0.495558589696884 -0.573939144611359 0.073353037238121 -0.0325616523623466 -0.395543932914734 -1.72317981719971 -2.07798981666565 -2.19148230552673 -2.25954508781433 -2.3351526260376 -2.40545606613159 -2.50132441520691 -2.65279912948608 -2.42895126342773 1.59363222122192 4.8010950088501 5.99582815170288 10.3659820556641 10.9145841598511 8.2564697265625 8.49598026275635 8.48392009735107 9.23037815093994 9.45409488677979 9.49476051330566 9.04113388061523 8.07765769958496 6.94848680496216 5.37342119216919 3.2056987285614 0.695348143577576 -0.941160619258881 2.2223117351532 5.6460485458374 7.41480159759521 11.4232892990112 17.7617015838623 19.1240425109863
0.146174564957619 -0.29980406165123 -0.4760402739048 -0.233532711863518 -0.511680603027344 -0.342086523771286 -0.629841268062592 -0.634939968585968 -0.577240765094757 -0.635702908039093 -0.85742062330246 -1.35127794742584 -1.80139851570129 -2.13631343841553 -2.25945520401001 -2.29280233383179 -2.37273192405701 -2.44931483268738 -2.52182555198669 -2.61918258666992 -2.70971512794495 -0.407173216342926 1.67875814437866 3.85371494293213 4.32435417175293 4.00564432144165 3.79591250419617 5.17931032180786 6.43953227996826 7.55262899398804 8.15693283081055 8.60996246337891 8.33511829376221 7.71397352218628 6.74441862106323 5.89599418640137 4.57417774200439 2.64758110046387 0.55611264705658 3.41160368919373 6.60901355743408 8.57045459747314 11.2870979309082 13.1122303009033 15.7285060882568
-0.442089825868607 -0.350837558507919 -0.381437122821808 -0.247760683298111 -0.492855995893478 -0.710218548774719 -0.679477393627167 -0.788298785686493 -0.769571423530579 -0.7860466837883 -1.00326991081238 -1.48739194869995 -1.89164769649506 -2.16086339950562 -2.34553050994873 -2.37973380088806 -2.46036076545715 -2.54182839393616 -2.5757839679718 -2.61508989334106 -2.68686699867249 -2.46794247627258 -1.28565561771393 0.496967345476151 1.65894913673401 1.72245609760284 1.46956551074982 3.40302681922913 5.04450845718384 8.8212366104126 7.5374584197998 7.69523429870605 7.39171934127808 7.04153251647949 6.4969654083252 5.71120738983154 5.07653713226318 4.00671625137329 2.43315482139587 4.5849461555481 6.42273855209351 7.53450679779053 9.37353324890137 11.2412204742432 12.0859594345093
-0.347860991954803 -0.477097570896149 -0.424279034137726 -0.407137811183929 -0.512459695339203 -0.73443067073822 -0.907844841480255 -0.890512347221375 -0.924345910549164 -0.977699756622314 -1.39559626579285 -1.65466344356537 -1.78784954547882 -2.17038917541504 -2.40236663818359 -2.53239154815674 -2.57682371139526 -2.60327219963074 -2.70214414596558 -2.70561385154724 -2.71359467506409 -2.76334309577942 -2.87205386161804 -2.16386675834656 -0.522295534610748 -0.100891068577766 0.210974901914597 3.48746299743652 8.96707534790039 13.3842372894287 6.92503118515015 6.64045715332031 6.15243434906006 5.42162227630615 5.71125984191895 5.59122562408447 4.91138315200806 4.47997188568115 3.6808397769928 3.05817794799805 3.33732557296753 4.73250722885132 6.86354064941406 9.02479267120361 10.2146596908569
-0.317680567502975 -0.403003007173538 -0.483407944440842 -0.459688067436218 -0.510746121406555 -0.758390307426453 -0.937888979911804 -1.04203963279724 -1.08250689506531 -1.3012570142746 -1.5366792678833 -1.78582286834717 -1.81563401222229 -2.03690528869629 -2.39694261550903 -2.54674077033997 -2.67691969871521 -2.74862337112427 -2.89209866523743 -2.98732995986938 -2.89382600784302 -2.83838582038879 -2.8476402759552 -2.9617919921875 -1.39715433120728 -0.950497806072235 0.818226218223572 7.69939851760864 13.3719501495361 9.38077354431152 6.00191402435303 4.87123775482178 4.83404588699341 4.19433879852295 4.59085750579834 4.99469232559204 4.76506662368774 4.27599191665649 4.10014963150024 3.43909215927124 2.00611639022827 1.38368988037109 4.45492267608643 6.03983736038208 7.30870199203491
-0.0898318439722061 -0.362299859523773 -0.439636021852493 -0.514247894287109 -0.523379027843475 -0.697888374328613 -0.895397245883942 -1.10224366188049 -1.36075961589813 -1.61385822296143 -1.83742654323578 -1.83192729949951 -1.95528674125671 -2.06792497634888 -2.4063401222229 -2.71734428405762 -2.84975481033325 -2.96164274215698 -3.04993963241577 -3.13795137405396 -3.15823006629944 -3.07472848892212 -2.92591452598572 -2.20385146141052 -1.55079627037048 1.4801778793335 8.84707927703857 9.90021419525146 9.30226135253906 7.52935171127319 3.43292617797852 3.42785406112671 3.99790954589844 3.96802115440369 3.97881698608398 4.021155834198 4.10684680938721 3.91423606872559 3.91883850097656 3.77958583831787 2.96308517456055 1.62785530090332 3.64262723922729 4.53842115402222 6.06203031539917
0.0636325255036354 -0.270939409732819 -0.439361721277237 -0.518827319145203 -0.589514911174774 -0.717254102230072 -0.910560786724091 -1.21271777153015 -1.5511382818222 -1.76079618930817 -1.88583874702454 -1.99311935901642 -2.03737878799438 -2.24242448806763 -2.53687405586243 -2.79399681091309 -3.00767946243286 -3.25751209259033 -3.32414293289185 -3.3215856552124 -3.3149516582489 -3.22022819519043 0.790683209896088 1.99234473705292 2.31667065620422 7.24477052688599 7.90398693084717 7.60127210617065 6.69187498092651 5.15469264984131 3.31458711624146 2.62523484230042 3.39536428451538 3.76345705986023 3.96071124076843 3.50740194320679 3.48447823524475 3.49400687217712 3.69739246368408 3.6730899810791 3.34969425201416 2.3060781955719 0.578419268131256 2.09151196479797 4.67179393768311
0.0991080105304718 -0.228587210178375 -0.467890679836273 -0.543999671936035 -0.612462520599365 -0.750778794288635 -1.0447371006012 -1.39772963523865 -1.65676057338715 -1.79531216621399 -1.87768650054932 -1.99767971038818 -2.15713357925415 -2.36651539802551 -2.65028929710388 -2.93141531944275 -3.17727398872375 -3.44377589225769 -3.54087042808533 -3.55854034423828 -3.4254035949707 1.89837110042572 8.63300704956055 7.24933338165283 5.24376153945923 4.31619024276733 5.22862672805786 4.7772011756897 4.37257146835327 3.79877662658691 4.0301308631897 3.38988900184631 6.81017684936523 7.19773149490356 5.5201153755188 3.76612329483032 3.3808228969574 3.40790152549744 4.71807813644409 3.553377866745 3.10718059539795 2.18184638023376 1.16522455215454 3.63373804092407 6.17914438247681
-0.16653873026371 -0.462700039148331 -0.518790245056152 -0.604547321796417 -0.687174141407013 -0.852204740047455 -1.15135979652405 -1.4508091211319 -1.67664885520935 -1.81385743618011 -1.93575644493103 -2.08611369132996 -2.23110198974609 -2.44606971740723 -2.71181654930115 -2.9922468662262 -3.28645873069763 -3.54551315307617 -3.68451762199402 -3.67919945716858 0.894981563091278 7.07396459579468 8.095458984375 7.7026424407959 6.71342706680298 4.22482967376709 3.35980820655823 3.15838479995728 1.72510135173798 2.41420364379883 3.42056941986084 5.97261095046997 7.90857362747192 8.33766841888428 5.79208183288574 3.74932837486267 3.35662364959717 3.25098991394043 3.99039912223816 3.20176029205322 2.89410853385925 2.4949324131012 2.05199956893921 7.49586582183838 9.84010696411133
-0.57501220703125 -0.617609977722168 -0.645731806755066 -0.686197757720947 -0.772821247577667 -0.973993480205536 -1.30437254905701 -1.62992978096008 -1.8030971288681 -1.93267202377319 -2.06221699714661 -2.17167067527771 -2.31694936752319 -2.53217720985413 -2.7962052822113 -3.02138662338257 -3.28798031806946 -3.51692461967468 -3.64943885803223 3.51808428764343 9.66055870056152 11.7978296279907 8.47082328796387 7.58218622207642 6.79076719284058 5.17912435531616 3.76009559631348 2.75372791290283 2.39680409431458 4.20101308822632 8.1523904800415 9.61802864074707 8.97421932220459 6.48571348190308 5.82027912139893 3.99520540237427 3.45913004875183 3.25060200691223 3.17533922195435 3.11546802520752 2.89574670791626 2.72585511207581 3.76459670066833 9.13040637969971 9.57962036132812
2.21498489379883 -0.733937799930573 -0.774752855300903 -0.816683292388916 -0.91681981086731 -1.17236280441284 -1.47347831726074 -1.73792052268982 -1.94160711765289 -2.05424857139587 -2.13945436477661 -2.29422831535339 -2.43108916282654 -2.62350416183472 -2.84800171852112 -3.07473826408386 -3.24196600914001 -3.3695240020752 1.2301025390625 9.00558090209961 11.8733530044556 11.5702514648438 10.2013397216797 8.29983043670654 7.12805461883545 5.99800634384155 4.64513731002808 4.17261266708374 4.80439424514771 9.74006938934326 11.0114822387695 12.3227825164795 9.3113489151001 6.3253321647644 4.80910682678223 4.43137550354004 3.42434787750244 3.12042546272278 2.99955773353577 3.13857173919678 4.85810279846191 6.7326807975769 8.20972156524658 10.6216077804565 9.30224323272705
11.9034414291382 0.819829344749451 -0.912724316120148 -0.995169281959534 -1.18663227558136 -1.3801087141037 -1.58663129806519 -1.80192375183105 -2.00923013687134 -2.15217113494873 -2.26454329490662 -2.3743257522583 -2.51321148872375 -2.67958450317383 -2.86997771263123 -3.06282639503479 -3.14270901679993 0.709133684635162 2.56728029251099 6.51181221008301 8.25738716125488 9.7653169631958 9.59050846099854 9.2781343460083 7.58218908309937 6.43098926544189 5.16935729980469 4.48059701919556 5.07380962371826 7.7454195022583 9.53619575500488 10.2248229980469 10.1817836761475 7.51127243041992 4.88727474212646 3.49589323997498 3.09720349311829 2.82094120979309 2.9279637336731 9.9094934463501 8.73315620422363 7.21514892578125 8.80499362945557 10.1551313400269 10.1618795394897
17.6966915130615 6.97728776931763 -0.252567082643509 -1.15230011940002 -1.57651436328888 -1.65838253498077 -1.76017642021179 -1.92378914356232 -2.06053495407104 -2.15978622436523 -2.29749131202698 -2.45105838775635 -2.6132116317749 -2.79322266578674 -2.93140697479248 -3.03352499008179 -1.73998248577118 0.216175138950348 0.313577890396118 2.07177019119263 4.25140142440796 5.79600811004639 8.23712253570557 8.88282299041748 8.48451995849609 6.93711042404175 6.22441864013672 8.10835361480713 9.2875862121582 6.19119310379028 6.53510570526123 8.41549015045166 8.53076362609863 7.75064516067505 5.39816951751709 3.00195121765137 2.53930163383484 2.77954173088074 9.5081901550293 13.6301355361938 9.01352405548096 8.61044025421143 10.5456418991089 9.964524269104 10.2622013092041
20.7227458953857 11.550763130188 4.30442237854004 -1.41875958442688 -1.77668464183807 -1.89297866821289 -1.9099805355072 -1.99425137042999 -2.12141299247742 -2.24469375610352 -2.38495063781738 -2.56103754043579 -2.7617552280426 -2.93259596824646 -3.02326321601868 -3.08299970626831 -3.11834764480591 -1.84793567657471 -0.644502341747284 -0.427894651889801 0.701787233352661 2.16514158248901 6.90575456619263 8.22652149200439 8.28965473175049 8.25980186462402 8.6580638885498 9.38647174835205 9.24810695648193 7.99575757980347 6.04220867156982 5.57393836975098 6.96812915802002 6.73944473266602 5.677001953125 3.48282074928284 2.62886428833008 6.68763494491577 11.2934894561768 10.6651220321655 11.969708442688 9.9218282699585 9.75475311279297 10.2338314056396 10.19615650177
19.7502479553223 14.5674533843994 8.08558368682861 0.942566692829132 -1.87220907211304 -1.94421303272247 -1.98443746566772 -2.05989098548889 -2.1951892375946 -2.41698598861694 -2.53273010253906 -2.68018913269043 -2.84205675125122 -2.95463228225708 -3.04645013809204 -3.0912914276123 -0.463348746299744 1.146160364151 -0.299031317234039 0.218705847859383 2.18334579467773 6.98863744735718 15.1026678085327 12.2706279754639 8.23443603515625 10.9590749740601 9.62670421600342 8.39850044250488 7.77473211288452 7.32253932952881 6.64726305007935 5.60734891891479 5.42883491516113 6.02424621582031 6.34878492355347 5.31666564941406 10.0901851654053 12.4733591079712 9.65053272247314 10.6594915390015 9.8777904510498 10.7380313873291 9.42043399810791 9.38744449615479 9.60556125640869
15.8937139511108 14.3751430511475 10.6274347305298 4.84661769866943 -1.78870439529419 -0.263350546360016 0.0726962015032768 -2.05544137954712 -2.28796434402466 -2.464998960495 -2.59008812904358 -2.69133710861206 -2.79738521575928 -2.89927911758423 -2.19490075111389 0.191582754254341 2.12392830848694 2.09224987030029 1.50436782836914 2.69411015510559 5.88417720794678 10.0822639465332 12.9208574295044 12.6398010253906 10.5532503128052 10.3182516098022 9.20926856994629 7.63255929946899 7.03991889953613 6.41457366943359 6.30309820175171 5.70232582092285 5.44855833053589 6.32914590835571 6.16602754592896 5.97503185272217 5.12072849273682 7.94038867950439 9.59082412719727 8.65100193023682 9.13046360015869 8.58480072021484 9.01712512969971 8.14462471008301 8.24974727630615
15.5591926574707 12.284215927124 10.8538179397583 7.82120084762573 1.04890584945679 2.19461131095886 -0.33525276184082 -2.03786492347717 -2.29123067855835 -2.41881012916565 -1.36136376857758 0.368962615728378 0.295940428972244 -0.0828384980559349 0.276776760816574 1.59179830551147 2.32081747055054 2.82515335083008 1.54528474807739 4.00629806518555 6.64936637878418 8.77399444580078 11.659538269043 11.9166011810303 12.0997247695923 10.6029996871948 8.35507678985596 7.88261270523071 6.66788291931152 6.03111362457275 5.46768999099731 5.66143941879272 5.35352897644043 5.28699064254761 5.95768117904663 5.90773820877075 5.94530630111694 6.4655818939209 7.58060121536255 8.58038711547852 7.32021474838257 7.67696523666382 7.55588245391846 8.0529670715332 7.35834693908691
15.0577716827393 12.2780427932739 9.71987152099609 8.69713115692139 4.02509784698486 1.65360713005066 0.684930920600891 -2.00661015510559 -2.19615268707275 1.05450761318207 4.70140361785889 3.27704501152039 1.3703418970108 0.0889914855360985 -0.429465800523758 0.680642783641815 1.93532502651215 2.49694323539734 2.50267958641052 5.14138746261597 5.41720151901245 8.89946937561035 12.3257703781128 12.2839822769165 12.2475309371948 11.5318288803101 9.68300628662109 7.66955757141113 7.09272289276123 6.21870040893555 5.69096660614014 5.46239805221558 5.26878976821899 4.88786554336548 5.15995216369629 5.69426584243774 5.67705965042114 5.82874536514282 5.94917726516724 6.94629812240601 7.29295015335083 6.34101343154907 7.03342914581299 7.34172773361206 6.95172023773193
