slauniainen/Data/DEM/Vihti_distance_to_downstream.asc
ncols         196
nrows         178
xllcorner     353680
yllcorner     6699024
cellsize      16
NODATA_value  -9999
[rows 124 to 154 of 178, columns 70 to 139 of 196]
1019.176 1003.176 987.1759 980.5485 964.5485 948.5485 955.1759 861.921 845.921 839.2936 855.2936 871.2936 845.921 852.5485 845.921 852.5485 810.0387 584.9016 646.1564 630.1564 614.1564 598.1564 582.1564 566.1564 550.1564 534.1564 504.9016 488.9016 472.9016 466.2741 469.0193 453.0193 437.0193 453.0193 469.0193 485.0193 546.2742 562.2742 568.9016 466.2741 450.2741 443.6467 427.6467 421.0193 427.6467 443.6467 459.6467 475.6467 472.9016 488.9016 504.9016 269.2548 262.6274 269.2548 275.8822 291.8822 307.8822 337.1371 353.1371 266.5097 273.1371 293.0193 286.3919 293.0193 289.1371 273.1371 266.5096 259.8823 266.5096 273.1371
1003.176 996.5485 980.5485 964.5485 948.5485 932.5485 916.5485 877.921 861.921 855.2936 871.2936 887.2936 893.921 868.5485 997.6857 991.0583 997.6857 668.7839 652.7839 636.7838 607.5289 591.5289 575.5289 559.5289 543.5289 527.5289 511.529 504.9016 488.9016 495.529 475.6467 469.0193 453.0193 459.6467 475.6467 514.2742 530.2742 546.2742 562.2742 482.2741 466.2741 459.6467 466.2741 450.2741 443.6467 459.6467 475.6467 491.6467 507.6467 523.6467 539.6467 285.2548 278.6274 285.2548 291.8822 298.5096 314.5096 330.5096 346.5096 362.5096 391.7645 385.1371 327.7645 311.7645 295.7645 289.1371 282.5097 289.1371 282.5096 289.1371
996.5485 980.5485 964.5485 948.5485 932.5485 916.5485 900.5485 884.5485 877.921 884.5485 900.5485 916.5485 955.1759 975.0583 968.4308 975.0583 981.6857 765.9211 691.4113 652.7839 623.529 607.529 591.529 575.529 559.529 543.529 527.529 520.9016 504.9016 511.529 527.5289 475.6467 469.0193 475.6467 491.6467 507.6467 546.2742 562.2742 568.9016 498.2741 482.2741 498.2741 482.2741 466.2741 459.6467 475.6467 491.6467 507.6467 523.6467 539.6467 555.6467 571.6467 294.6274 301.2548 307.8822 314.5096 321.1371 337.1371 353.1371 369.1371 385.1371 369.1371 353.1371 337.1371 321.1371 305.1371 311.7645 305.1371 298.5096 305.1371
1003.176 996.5485 980.5485 964.5485 948.5485 932.5485 916.5485 900.5485 893.921 900.5485 916.5485 932.5485 952.4308 959.0583 952.4308 959.0583 916.5485 759.2936 743.2936 668.7839 630.1564 614.1564 598.1564 582.1564 566.1564 550.1564 543.529 527.529 520.9016 527.529 534.1564 491.6467 485.0193 491.6467 498.2741 514.2742 530.2742 568.9016 584.9016 514.2742 498.2741 504.9016 488.9016 482.2741 498.2741 482.2741 498.2741 514.2742 530.2742 546.2742 562.2742 578.2742 594.2742 610.2742 626.2742 642.2742 658.2742 674.2742 690.2742 706.2742 391.7645 385.1371 359.7645 343.7645 350.3919 334.3919 327.7645 321.1371 327.7645 321.1371
1019.176 1012.548 996.5485 980.5485 964.5485 948.5485 932.5485 916.5485 909.921 916.5485 923.1759 929.8034 936.4308 929.8034 936.4308 893.9211 900.5485 839.2936 736.6662 720.6662 646.1564 630.1564 614.1564 598.1564 582.1564 566.1564 550.1564 543.529 536.9016 543.529 550.1564 556.7838 501.0193 507.6467 514.2742 530.2742 536.9016 584.9016 591.5291 566.1564 559.529 520.9016 504.9016 520.9016 536.9016 520.9016 504.9016 520.9016 536.9016 552.9016 568.9016 584.9016 600.9016 616.9016 632.9016 648.9016 664.9016 680.9016 696.9016 712.9016 407.7645 401.1371 375.7645 373.0193 357.0193 350.3919 343.7645 350.3919 343.7645 337.1371
1035.176 1028.548 1035.176 996.5485 980.5485 964.5485 948.5485 932.5485 925.921 927.0583 920.4308 913.8034 907.176 913.8034 884.5485 877.9211 871.2936 823.2936 743.2936 714.0388 698.0388 655.529 639.529 623.529 607.529 591.529 575.529 559.529 552.9016 559.529 566.1564 572.7838 579.4113 523.6467 539.6467 555.6467 571.6467 642.2742 648.9016 582.1564 543.529 527.529 520.9016 536.9016 552.9016 568.9016 584.9016 600.9016 616.9016 632.9016 648.9016 664.9016 607.5291 623.5291 639.5291 655.5291 680.9016 687.5291 703.5291 719.5291 735.5291 417.1371 391.7645 379.6467 373.0193 366.3919 382.3919 366.3919 359.7645 353.1371
1073.803 1057.803 1051.176 1012.548 996.5485 980.5485 964.5485 952.4308 936.4308 920.4308 904.4308 897.8034 891.176 875.176 868.5485 861.9211 855.2936 807.2936 791.2936 720.6662 691.4113 675.4113 646.1564 630.1564 614.1564 598.1564 582.1564 575.529 591.529 575.529 582.1564 611.4113 595.4113 539.6467 555.6467 571.6467 587.6467 626.2742 632.9016 566.1564 550.1564 543.529 536.9016 552.9016 568.9016 584.9016 600.9016 616.9016 632.9016 648.9016 664.9016 680.9016 623.5291 639.5291 646.1565 671.5291 678.1565 703.5291 710.1565 735.5291 751.5291 758.1565 407.7645 395.6467 389.0193 405.0193 389.0193 382.3919 375.7645 369.1371
1089.803 1096.431 1112.431 1073.803 1035.176 996.5485 980.5485 945.8034 929.8034 913.8034 897.8034 881.8034 875.176 859.176 852.5485 845.9211 839.2936 791.2936 775.2936 727.2936 698.0388 668.7839 652.7839 636.7839 620.7839 614.1564 598.1564 591.529 607.529 591.529 598.1564 627.4113 611.4113 555.6467 571.6467 578.2742 594.2742 610.2742 626.2742 572.7839 566.1564 559.529 575.529 591.529 607.529 623.529 639.529 655.529 671.529 687.529 671.529 687.529 703.529 646.1565 662.1565 668.7839 694.1565 700.7839 726.1565 732.7839 767.5291 774.1565 423.7645 411.6467 427.6467 421.0193 405.0193 398.3919 391.7645 385.1371
-9999 -9999 -9999 1135.058 1096.431 1057.803 968.4308 939.176 923.176 907.176 891.176 875.176 859.176 843.176 836.5485 829.9211 823.2936 775.2936 759.2936 720.6662 704.6662 675.4113 659.4113 643.4113 636.7839 630.1564 614.1564 607.529 614.1564 630.1564 614.1564 643.4113 627.4113 571.6467 587.6467 594.2742 610.2742 626.2742 632.9016 588.7839 582.1564 575.529 591.529 598.1564 614.1564 630.1564 646.1564 662.1564 678.1564 694.1564 710.1564 694.1564 710.1564 726.1564 668.7839 684.7839 691.4114 716.7839 723.4114 748.7839 783.5291 790.1565 434.2741 450.2741 443.6467 427.6467 421.0193 414.3919 407.7645 401.1371
-9999 -9999 -9999 -9999 -9999 1119.058 948.5485 932.5485 916.5485 900.5485 884.5485 868.5485 852.5485 836.5485 820.5485 813.9211 807.2936 759.2936 752.6662 736.6662 698.0388 682.0388 666.0388 659.4113 652.7839 646.1564 630.1564 623.529 630.1564 636.7839 630.1564 650.0387 594.2742 587.6467 603.6467 610.2742 626.2742 642.2742 648.9016 604.7839 598.1564 591.529 598.1564 614.1564 630.1564 646.1564 662.1564 668.7839 684.7839 700.7839 716.7839 732.7839 748.7839 764.7839 748.7839 845.9211 861.9211 714.0388 730.0388 -9999 651.6469 645.0194 574.392 558.392 469.0193 453.0193 437.0193 439.7645 423.7645 417.1371
-9999 -9999 -9999 -9999 -9999 997.6857 941.9211 925.9211 909.9211 893.9211 877.9211 861.9211 845.9211 829.9211 813.9211 797.9211 791.2936 775.2936 736.6662 720.6662 704.6662 698.0388 682.0388 675.4113 682.0388 662.1564 646.1564 652.7839 646.1564 652.7839 659.4113 616.9016 610.2742 603.6467 619.6467 626.2742 642.2742 658.2742 627.4113 620.7839 614.1564 607.529 614.1564 620.7839 636.7839 652.7839 668.7839 684.7839 691.4113 707.4113 723.4113 739.4113 755.4113 807.2936 823.2936 829.9211 845.9211 -9999 -9999 -9999 645.0194 629.0194 622.392 551.7645 535.7645 497.1371 481.1371 465.1371 449.1371 433.1371
-9999 -9999 -9999 -9999 -9999 991.0583 975.0583 945.8034 929.8034 900.5485 884.5485 868.5485 839.2936 823.2936 807.2936 791.2936 775.2936 759.2936 743.2936 736.6662 720.6662 714.0388 720.6662 691.4113 698.0388 678.1564 662.1564 668.7839 675.4113 668.7839 675.4113 691.4113 626.2742 619.6467 648.9016 664.9016 658.2742 674.2742 643.4113 646.1564 630.1564 636.7839 630.1564 636.7839 652.7839 659.4113 675.4113 691.4113 707.4113 723.4113 730.0388 746.0388 784.6662 800.6662 807.2936 823.2936 -9999 -9999 -9999 -9999 -9999 622.392 606.392 599.7645 529.1371 513.1371 497.1371 481.1371 465.1371 449.1371
-9999 -9999 -9999 -9999 1013.686 984.4308 968.4308 952.4308 923.176 907.176 891.176 861.9211 845.9211 829.9211 813.9211 797.9211 781.9211 765.9211 759.2936 752.6662 759.2936 730.0388 736.6662 743.2936 714.0388 720.6662 700.7839 684.7839 691.4113 698.0388 691.4113 698.0388 642.2742 758.1565 687.5291 680.9016 696.9016 666.0388 668.7839 652.7839 646.1564 652.7839 668.7839 684.7839 700.7839 716.7839 682.0388 698.0388 714.0388 730.0388 746.0388 752.6662 768.6662 784.6662 800.6662 -9999 -9999 -9999 -9999 -9999 -9999 606.392 599.7645 583.7645 535.7645 529.1371 513.1371 497.1371 481.1371 465.1371
-9999 -9999 -9999 -9999 1007.058 991.0583 961.8034 945.8034 929.8034 900.5485 884.5485 868.5485 852.5485 845.9211 829.9211 813.9211 788.5485 781.9211 788.5485 804.5485 775.2936 746.0388 752.6662 759.2936 765.9211 736.6662 743.2936 700.7839 707.4113 714.0388 707.4113 173.2548 179.8822 768.6662 735.5291 719.5291 688.6662 691.4113 675.4113 668.7839 662.1564 668.7839 675.4113 691.4113 707.4113 723.4113 739.4113 755.4113 720.6662 736.6662 752.6662 -9999 -9999 -9999 -9999 -9999 -9999 -9999 -9999 -9999 -9999 -9999 583.7645 567.7645 551.7645 545.1371 529.1371 513.1371 497.1371 481.1371
-9999 -9999 -9999 1029.686 1013.686 984.4308 968.4308 952.4308 923.176 907.176 891.176 884.5485 868.5485 875.176 845.9211 811.176 804.5485 797.9211 804.5485 811.176 791.2936 762.0388 768.6662 775.2936 781.9211 788.5485 759.2936 765.9211 723.4113 125.2548 141.2548 157.2548 163.8822 179.8822 746.0388 730.0388 714.0388 698.0388 691.4113 684.7839 691.4113 707.4113 691.4113 698.0388 714.0388 730.0388 746.0388 762.0388 778.0388 743.2936 759.2936 -9999 -9999 -9999 -9999 -9999 -9999 -9999 -9999 -9999 -9999 -9999 -9999 -9999 599.7645 551.7645 545.1371 529.1371 513.1371 497.1371
-9999 -9999 -9999 1023.058 1007.058 991.0583 961.8034 945.8034 929.8034 913.8034 907.176 900.5485 907.176 891.176 861.9211 827.176 820.5485 813.9211 820.5485 827.176 807.2936 778.0388 784.6662 791.2936 797.9211 32 38.62742 77.25484 102.6274 109.2548 125.2548 141.2548 147.8822 163.8822 170.5097 736.6662 720.6662 714.0388 707.4113 714.0388 730.0388 723.4113 707.4113 714.0388 730.0388 746.0388 762.0388 778.0388 794.0388 810.0388 765.9211 -9999 -9999 -9999 -9999 -9999 -9999 -9999 -9999 -9999 -9999 -9999 -9999 -9999 -9999 577.1371 561.1371 545.1371 529.1371 513.1371
-9999 -9999 -9999 1016.431 1000.431 984.4308 968.4308 952.4308 945.8034 929.8034 936.4308 929.8034 945.8034 884.5485 877.9211 843.176 836.5485 829.9211 836.5485 843.176 823.2936 829.9211 800.6662 807.2936 891.176 16 38.62742 61.25483 86.62742 93.25484 109.2548 125.2548 131.8822 147.8822 163.8822 179.8822 736.6662 743.2936 723.4113 730.0388 746.0388 730.0388 723.4113 730.0388 736.6662 752.6662 768.6662 784.6662 813.9211 816.6662 -9999 -9999 -9999 -9999 -9999 -9999 -9999 -9999 -9999 -9999 -9999 -9999 -9999 -9999 -9999 606.392 567.7645 551.7645 535.7645 529.1371
-9999 -9999 -9999 1023.058 1007.058 991.0583 975.0583 968.4308 952.4308 945.8034 952.4308 968.4308 984.4308 900.5485 865.8034 859.176 852.5485 845.9211 0 859.176 865.8034 845.9211 852.5485 868.5485 32 0 22.62742 45.25483 70.62742 77.25484 93.25484 109.2548 125.2548 141.2548 157.2548 173.2548 189.2548 205.2548 221.2548 746.0388 762.0388 746.0388 752.6662 746.0388 752.6662 759.2936 775.2936 791.2936 829.9211 845.9211 -9999 -9999 -9999 -9999 -9999 -9999 -9999 -9999 -9999 -9999 -9999 -9999 -9999 -9999 -9999 -9999 583.7645 567.7645 551.7645 -9999
-9999 -9999 -9999 1029.686 1013.686 997.6857 991.0583 984.4308 968.4308 961.8034 968.4308 984.4308 1000.431 1007.058 881.8034 875.176 868.5485 861.9211 0 0 881.8034 861.9211 868.5485 875.176 16 0 22.62742 38.62742 54.62742 70.62742 86.62742 102.6274 118.6274 147.8822 163.8822 179.8822 195.8822 211.8822 227.8822 243.8822 810.0388 794.0388 778.0388 762.0388 768.6662 775.2936 791.2936 807.2936 823.2936 839.2936 -9999 -9999 -9999 -9999 -9999 -9999 -9999 -9999 -9999 -9999 -9999 -9999 -9999 -9999 -9999 -9999 -9999 -9999 -9999 -9999
-9999 -9999 -9999 1036.313 1029.686 1013.686 1007.058 1000.431 984.4308 991.0583 984.4308 991.0583 1007.058 1045.686 1061.686 891.176 884.5485 877.9211 16 0 16 32 48 16 0 0 16 32 48 64 93.25484 118.6274 134.6274 163.8822 179.8822 195.8822 202.5097 218.5097 234.5097 842.0388 826.0388 810.0388 794.0388 778.0388 784.6662 800.6662 816.6662 832.6662 848.6662 864.6662 -9999 -9999 -9999 -9999 -9999 -9999 -9999 -9999 -9999 -9999 -9999 -9999 -9999 -9999 -9999 -9999 -9999 -9999 -9999 -9999
-9999 -9999 -9999 1052.313 1045.686 1029.686 1023.058 1016.431 1000.431 1007.058 1013.686 1007.058 1023.058 1039.058 1055.058 131.8823 900.5485 32 16 0 0 16 32 0 0 16 32 48 64 70.62742 86.62742 134.6274 150.6274 179.8822 195.8822 211.8822 218.5097 225.1371 241.1371 848.6662 832.6662 816.6662 800.6662 794.0388 800.6662 816.6662 832.6662 848.6662 864.6662 880.6662 -9999 -9999 -9999 -9999 -9999 -9999 -9999 -9999 -9999 -9999 -9999 -9999 -9999 -9999 -9999 -9999 -9999 -9999 -9999 -9999
-9999 -9999 -9999 1068.313 1061.686 1045.686 1039.058 1023.058 1016.431 1023.058 1029.686 1036.313 1039.058 1045.686 1061.686 115.8823 99.88226 93.25484 32 16 0 0 16 0 16 32 48 54.62742 70.62742 86.62742 93.25484 150.6274 166.6274 195.8822 211.8822 227.8822 234.5097 241.1371 871.2936 855.2936 839.2936 832.6662 816.6662 810.0388 816.6662 832.6662 848.6662 855.2936 871.2936 887.2936 -9999 -9999 -9999 -9999 -9999 -9999 -9999 -9999 -9999 -9999 -9999 -9999 -9999 -9999 -9999 -9999 -9999 -9999 -9999 -9999
-9999 -9999 -9999 1084.313 1077.686 1061.686 1068.313 1039.058 1045.686 1039.058 1045.686 1052.313 1058.941 1061.686 1077.686 109.2548 93.25484 77.25484 61.25484 32 16 0 0 0 16 32 54.62742 70.62742 77.25484 102.6274 109.2548 115.8823 173.2548 189.2548 250.5097 243.8822 250.5097 257.1371 887.2936 880.6662 864.6662 848.6662 832.6662 826.0388 832.6662 848.6662 855.2936 871.2936 887.2936 903.2936 -9999 -9999 -9999 -9999 -9999 -9999 -9999 -9999 -9999 -9999 -9999 -9999 -9999 -9999 -9999 -9999 -9999 -9999 -9999 -9999
-9999 -9999 -9999 1100.313 1093.686 1077.686 1084.313 1055.058 1061.686 1068.313 1074.941 1068.313 1074.941 1081.568 1084.313 115.8823 38.62742 22.62742 54.62742 38.62742 0 0 0 16 32 38.62742 54.62742 77.25484 93.25484 99.88226 125.2548 131.8822 138.5097 195.8822 266.5097 273.1371 279.7645 909.9211 903.2936 887.2936 871.2936 855.2936 848.6662 842.0388 848.6662 864.6662 880.6662 877.9211 893.9211 909.9211 -9999 -9999 -9999 -9999 -9999 -9999 -9999 -9999 -9999 -9999 -9999 -9999 -9999 -9999 -9999 -9999 -9999 -9999 -9999 -9999
-9999 -9999 -9999 1116.313 1109.686 1093.686 1100.313 1071.058 1077.686 1097.568 1090.941 1097.568 1090.941 1097.568 1100.313 61.25484 45.25483 16 0 0 0 16 16 32 48 54.62742 70.62742 77.25484 99.88226 115.8823 122.5097 147.8822 154.5097 161.1371 318.3919 302.3919 932.5485 925.9211 919.2936 903.2936 887.2936 871.2936 864.6662 858.0388 864.6662 880.6662 896.6662 912.6662 900.5485 -9999 -9999 -9999 -9999 -9999 -9999 -9999 -9999 -9999 -9999 -9999 -9999 -9999 -9999 -9999 -9999 -9999 -9999 -9999 -9999 -9999
-9999 -9999 -9999 1132.313 1125.686 1132.313 1116.313 1100.313 1093.686 1113.568 1106.941 1113.568 1120.195 1122.941 1116.313 77.25484 38.62742 22.62742 0 16 16 32 32 48 64 70.62742 86.62742 93.25484 99.88226 122.5097 138.5097 154.5097 170.5097 1060.548 1044.548 1028.548 967.2936 951.2936 935.2936 919.2936 903.2936 887.2936 880.6662 874.0388 880.6662 896.6662 912.6662 928.6662 944.6662 -9999 -9999 -9999 -9999 -9999 -9999 -9999 -9999 -9999 -9999 -9999 -9999 -9999 -9999 -9999 -9999 -9999 -9999 -9999 -9999 -9999
-9999 -9999 -9999 1148.313 1141.686 1148.313 1154.941 1138.941 1136.195 1129.568 1136.195 1142.823 1145.568 1138.941 99.88226 93.25484 45.25483 22.62742 0 32 32 48 54.62742 54.62742 70.62742 86.62742 93.25484 109.2548 115.8823 122.5097 145.1371 161.1371 183.7645 1067.176 1051.176 1021.921 1005.921 967.2936 951.2936 935.2936 919.2936 903.2936 896.6662 903.2936 919.2936 935.2936 951.2936 967.2936 1028.548 -9999 -9999 -9999 -9999 -9999 -9999 -9999 -9999 -9999 -9999 -9999 -9999 -9999 -9999 -9999 -9999 -9999 -9999 -9999 -9999 -9999
-9999 -9999 -9999 1164.313 1157.686 1164.313 1170.941 1177.568 1152.195 1158.823 1165.45 1168.196 1161.568 122.5097 115.8823 109.2548 61.25483 22.62742 0 48 64 64 70.62742 86.62742 227.8822 279.7645 273.1371 289.1371 295.7645 311.7645 145.1371 161.1371 177.1371 1060.549 1044.548 1028.548 999.2936 983.2936 967.2936 951.2936 935.2936 919.2936 912.6662 919.2936 935.2936 951.2936 967.2936 1005.921 1021.921 1051.176 -9999 -9999 -9999 -9999 -9999 -9999 -9999 -9999 -9999 -9999 -9999 -9999 -9999 -9999 -9999 -9999 -9999 -9999 -9999 -9999
-9999 -9999 -9999 1180.313 1186.941 1180.313 1186.941 1193.568 1181.45 1188.078 1190.823 1184.196 145.1371 138.5097 131.8823 125.2548 45.25483 38.62742 16 64 70.62742 109.2548 86.62742 205.2548 211.8822 250.5097 257.1371 273.1371 289.1371 305.1371 334.3919 350.3919 366.3919 1067.176 1037.921 1021.921 1005.921 989.9211 973.9211 957.9211 941.9211 935.2936 928.6662 935.2936 951.2936 967.2936 983.2936 999.2936 1028.548 1044.548 -9999 -9999 -9999 -9999 -9999 -9999 -9999 -9999 -9999 -9999 -9999 -9999 -9999 -9999 -9999 -9999 -9999 -9999 -9999 -9999
-9999 -9999 -9999 1196.313 1202.941 1196.313 1202.941 1204.078 1210.705 1213.45 1206.823 1200.196 161.1371 154.5097 147.8823 154.5097 61.25484 38.62742 32 80 86.62742 102.6274 173.2548 189.2548 195.8822 234.5097 241.1371 257.1371 273.1371 289.1371 327.7645 343.7645 1076.548 1060.548 1044.548 1028.548 1012.549 996.5485 980.5485 964.5485 957.9211 951.2936 944.6662 951.2936 957.9211 973.9211 989.9211 1005.921 1021.921 1083.176 -9999 -9999 -9999 -9999 -9999 -9999 -9999 -9999 -9999 -9999 -9999 -9999 -9999 -9999 -9999 -9999 -9999 -9999 -9999 -9999
-9999 -9999 -9999 1212.313 1218.941 -9999 -9999 -9999 1226.705 1229.45 1222.823 1216.196 177.1371 170.5097 177.1371 170.5097 61.25484 54.62742 102.6274 96 102.6274 118.6274 157.2548 173.2548 179.8822 218.5097 234.5097 250.5097 266.5096 282.5096 298.5096 350.3919 -9999 1067.176 1051.176 1035.176 1019.176 1003.176 996.5485 980.5485 983.2936 967.2936 960.6662 967.2936 973.9211 989.9211 1005.921 1021.921 1060.549 -9999 -9999 -9999 -9999 -9999 -9999 -9999 -9999 -9999 -9999 -9999 -9999 -9999 -9999 -9999 -9999 -9999 -9999 -9999 -9999 -9999
