slauniainen/Data/DEM/Vihti_dem1500b_cl_horizonAngle_216.asc
NCOLS 196 
NROWS 178 
XLLCORNER 353680 
YLLCORNER 6699024 
CELLSIZE 16 
NODATA_value -3.4e+38 
[rows 20 to 39 of 178, columns 135 to 179 of 196]
1.850745677948 1.83886730670929 1.86090660095215 1.91612541675568 1.92084860801697 1.90399074554443 1.90362274646759 1.87704873085022 1.82144439220428 1.89893555641174 1.98401772975922 2.13621973991394 2.12557673454285 2.16898036003113 2.24524974822998 2.21475124359131 2.12657046318054 2.05238962173462 1.93650043010712 1.89508378505707 1.87163400650024 1.85183930397034 1.78517198562622 1.78956127166748 1.79679334163666 1.8159031867981 1.84096765518188 1.86438536643982 1.91643381118774 1.93674850463867 1.94093132019043 1.96636831760406 2.00001239776611 2.03632545471191 2.14625215530396 2.28666639328003 2.51193881034851 2.6187961101532 2.67671966552734 2.76395487785339 3.02666306495667 3.51168823242188 4.58213663101196 4.77486228942871 4.76944255828857
1.900754570961 1.90106511116028 1.93353676795959 1.99426174163818 1.95462369918823 1.96285247802734 2.00355815887451 2.03403449058533 1.98369932174683 1.99225342273712 2.07711815834045 2.20250296592712 2.25914597511292 2.33255219459534 2.29902911186218 2.21562767028809 2.1491014957428 1.99828815460205 1.96081376075745 1.9400372505188 1.91838991641998 1.8761397600174 1.8423912525177 1.86616110801697 1.88852179050446 1.91293036937714 1.93967318534851 1.99026370048523 2.01213264465332 2.01800012588501 2.04454398155212 2.08314037322998 2.11907529830933 2.23082113265991 2.3746509552002 2.56524395942688 2.64148473739624 2.67554807662964 2.7344274520874 2.93697309494019 3.24701809883118 3.92877292633057 4.67307806015015 4.95145034790039 4.96813535690308
2.01705074310303 2.01058268547058 2.01275157928467 2.03693270683289 2.02266955375671 2.0706512928009 2.1574604511261 2.20908546447754 2.23120546340942 2.19294810295105 2.27854299545288 2.25895261764526 2.43156290054321 2.38877558708191 2.29955077171326 2.23238015174866 2.16868853569031 2.01006054878235 2.0039746761322 1.98819422721863 1.95781683921814 1.9001430273056 1.91829216480255 1.93782222270966 1.96919679641724 1.99842524528503 2.02813816070557 2.06192946434021 2.08857393264771 2.11940598487854 2.14416527748108 2.20824003219604 2.32356405258179 2.47108125686646 2.66541337966919 2.74275326728821 2.7765154838562 2.83832621574402 2.92754554748535 3.22541642189026 4.01423025131226 4.84946537017822 5.06929016113281 5.05037593841553 5.08666801452637
2.13431286811829 2.11781311035156 2.1194281578064 2.08568787574768 2.13880634307861 2.22526907920837 2.30948781967163 2.39673018455505 2.50094532966614 2.54804825782776 2.36931419372559 2.40172839164734 2.47958135604858 2.38424515724182 2.31899261474609 2.25063896179199 2.11472201347351 2.0788369178772 2.05055785179138 2.02807474136353 1.99432015419006 1.96051287651062 1.99491453170776 2.00970220565796 2.03344392776489 2.08795857429504 2.12939143180847 2.15002846717834 2.15828132629395 2.19617891311646 2.23906016349792 2.32994365692139 2.53459596633911 2.77467608451843 2.85387468338013 2.88411951065063 2.94962882995605 3.04045915603638 3.35847115516663 4.17731285095215 5.03727769851685 5.26297998428345 5.24384927749634 5.25066757202148 5.18750476837158
2.25447845458984 2.2521665096283 2.2035915851593 2.19579935073853 2.29306769371033 2.37730932235718 2.46926522254944 2.69450616836548 2.85194897651672 2.86306405067444 2.73975849151611 2.63174700737 2.58496856689453 2.50094246864319 2.3395049571991 2.19285297393799 2.16307067871094 2.13433051109314 2.11280226707458 2.09388875961304 2.03285503387451 2.07996964454651 2.09831714630127 2.12390518188477 2.17060160636902 2.22215604782104 2.24945831298828 2.2548520565033 2.28463554382324 2.32930946350098 2.35446619987488 2.47405934333801 2.64086556434631 2.87847805023193 2.99923324584961 3.066974401474 3.16559815406799 3.46418380737305 4.02054452896118 5.24133348464966 5.47059106826782 5.44972801208496 5.45959138870239 5.36269235610962 5.36281681060791
2.79801177978516 2.57491302490234 2.28633308410645 2.36912274360657 2.45996141433716 2.5576343536377 2.78115510940552 2.9435727596283 3.10373592376709 3.13083457946777 3.00104260444641 2.81138968467712 2.54532670974731 2.45810508728027 2.30252766609192 2.25592422485352 2.22657585144043 2.20322799682617 2.16745138168335 2.15393471717834 2.13050580024719 2.17321443557739 2.20513010025024 2.24488806724548 2.3141143321991 2.34536528587341 2.35453295707703 2.39023423194885 2.43312954902649 2.4615797996521 2.59220290184021 2.75821423530579 2.9617965221405 3.04630184173584 3.06459307670593 3.1315450668335 3.36662602424622 3.71643209457397 4.49107503890991 5.35810804367065 5.67277097702026 5.68926382064819 5.5724925994873 5.56673765182495 5.46658849716187
3.58411002159119 2.97626352310181 2.81405973434448 2.53828930854797 2.63892602920532 2.87182664871216 3.02991962432861 3.20627784729004 3.2317259311676 3.28822803497314 3.15508532524109 2.95031261444092 2.63577890396118 2.50133156776428 2.35899305343628 2.31092119216919 2.29955744743347 2.27807259559631 2.28617548942566 2.24337315559387 2.28454947471619 2.2773494720459 2.29230165481567 2.32895827293396 2.384840965271 2.42620706558228 2.46470427513123 2.49549746513367 2.56968283653259 2.70250248908997 2.88107633590698 3.08478736877441 3.18121790885925 3.20364141464233 3.27594614028931 3.36898851394653 3.73539757728577 4.65241813659668 5.58706092834473 5.83944654464722 5.80007028579712 5.81352710723877 5.76706314086914 5.70665550231934 5.53795433044434
4.67870950698853 3.96556973457336 3.00414776802063 2.71224093437195 2.96089315414429 3.13869953155518 3.30041837692261 3.33904147148132 3.39573907852173 3.34795427322388 3.19534826278687 3.00458312034607 2.74767565727234 2.52875900268555 2.45238065719604 2.38096690177917 2.38585114479065 2.41336059570312 2.33479189872742 2.35136866569519 2.37947463989258 2.42863154411316 2.46740126609802 2.50268816947937 2.5035138130188 2.51704931259155 2.55627989768982 2.61256885528564 2.69667935371399 2.93343615531921 3.22461342811584 3.32033181190491 3.33035182952881 3.41813087463379 3.52526640892029 3.9085910320282 4.86943244934082 5.83358192443848 6.09626007080078 6.05045318603516 6.07298564910889 5.95384454727173 5.92391538619995 5.83303785324097 5.67999935150146
6.08927869796753 4.76524114608765 3.5758376121521 2.77893209457397 3.18801689147949 3.41467881202698 3.44312214851379 3.50345540046692 3.45651650428772 3.30103850364685 3.12704873085022 2.98457479476929 2.80883717536926 2.61770057678223 2.52075052261353 2.5280818939209 2.52889251708984 2.45145750045776 2.4488205909729 2.49264049530029 2.51618695259094 2.53673052787781 2.61286616325378 2.65874314308167 2.69141244888306 2.72490763664246 2.76943278312683 2.74801993370056 2.89760661125183 3.09430885314941 3.33871459960938 3.48501014709473 3.56162285804749 3.67361497879028 4.02845573425293 4.67204093933105 6.09364604949951 6.36139059066772 6.30639219284058 6.34039926528931 6.22954750061035 6.16488027572632 6.10024118423462 5.9262580871582 5.6931324005127
5.61964559555054 6.15651607513428 4.12437105178833 3.11178588867188 3.28762865066528 3.5434193611145 3.60633897781372 3.5567033290863 3.40096187591553 3.24066781997681 3.09779238700867 3.01223039627075 2.8587121963501 2.72662329673767 2.67659258842468 2.66220545768738 2.60293173789978 2.610023021698 2.60900568962097 2.63293075561523 2.65401577949524 2.71539044380188 2.72321271896362 2.75620818138123 2.78120279312134 2.8061408996582 2.89139366149902 3.0927369594574 3.25601363182068 3.46528077125549 3.57753753662109 3.57689738273621 3.65734910964966 3.91159248352051 4.31804656982422 5.23411226272583 6.29372215270996 6.64022254943848 6.68406677246094 6.53722715377808 6.44895839691162 6.36610841751099 6.20293569564819 5.98473978042603 5.62877321243286
2.51438927650452 4.88281583786011 5.09579372406006 3.59079957008362 3.59672999382019 3.62165474891663 3.66758441925049 3.52209424972534 3.36624217033386 3.21789169311523 3.10781121253967 2.99563121795654 2.87621855735779 2.88714599609375 2.87668657302856 2.82630705833435 2.82488012313843 2.80002999305725 2.80904221534729 2.85148525238037 2.9565863609314 2.92258930206299 2.91630005836487 2.92450523376465 2.9608747959137 3.00590300559998 3.06235861778259 3.31791186332703 3.69772553443909 3.77489972114563 3.74644827842712 3.83637189865112 3.98111319541931 4.43298149108887 5.53487968444824 6.60579490661621 6.87912750244141 6.80103969573975 6.84506893157959 6.78912401199341 6.67470836639404 6.49690818786621 6.32273006439209 6.08008432388306 5.46593999862671
2.58549499511719 2.90288329124451 4.00415468215942 4.06623554229736 3.8564760684967 3.80637216567993 3.8069953918457 3.64941215515137 3.50879955291748 3.25579357147217 3.1805408000946 3.09347176551819 3.05806994438171 3.02830076217651 3.01385021209717 2.97094249725342 2.9967041015625 3.02694630622864 3.04000234603882 3.10505676269531 3.15071892738342 3.13366770744324 3.13817191123962 3.16746950149536 3.21978545188904 3.20674204826355 3.35688376426697 3.55209851264954 3.78416752815247 3.99975562095642 4.05021476745605 4.16817378997803 4.57451248168945 5.29914999008179 6.97596025466919 7.25471878051758 7.176100730896 7.22487783432007 7.10252857208252 6.98708820343018 6.86012744903564 6.70453310012817 6.45286273956299 6.09486818313599 5.59493970870972
2.82195401191711 3.12761783599854 3.42198967933655 3.83443164825439 4.05312490463257 4.12413311004639 3.92987060546875 3.76823854446411 3.55387997627258 3.321702003479 3.34081602096558 3.31207680702209 3.28012943267822 3.24103832244873 3.21772813796997 3.18023753166199 3.16256070137024 3.19525647163391 3.24227094650269 3.33493542671204 3.35726952552795 3.35579943656921 3.39588308334351 3.44859004020691 3.4214231967926 3.58665227890015 3.78825759887695 4.00429677963257 4.11203098297119 4.08302402496338 4.22654628753662 4.44238519668579 4.90480518341064 6.03280448913574 7.19203424453735 7.54091739654541 7.61829328536987 7.50313091278076 7.36369657516479 7.24145221710205 7.06708717346191 6.78234624862671 6.41172409057617 5.91101217269897 5.52352619171143
3.27023339271545 3.49517440795898 3.84274291992188 4.04438781738281 4.32842969894409 4.20466661453247 4.08543109893799 3.83820915222168 3.62300848960876 3.58031487464905 3.58881664276123 3.57786655426025 3.50027084350586 3.49607706069946 3.44112467765808 3.42230176925659 3.41755485534668 3.47868776321411 3.60092306137085 3.57613277435303 3.50882077217102 3.51513743400574 3.54707169532776 3.64942765235901 3.83492398262024 4.06710815429688 4.26474523544312 4.39243412017822 4.36171865463257 4.41019916534424 4.63066864013672 5.19373655319214 6.41131401062012 7.59079217910767 7.94529294967651 7.82585763931274 7.84729671478271 7.74687194824219 7.62735176086426 7.45946311950684 7.25832080841064 6.96795320510864 6.21473550796509 5.80812501907349 5.21167755126953
3.55712985992432 4.03810834884644 4.15090990066528 4.28696537017822 4.48396778106689 4.3578987121582 4.11364984512329 3.89052867889404 3.84539103507996 3.78811025619507 3.80520629882812 3.86127734184265 3.73492002487183 3.74592041969299 3.72622847557068 3.72459983825684 3.78952622413635 3.91964626312256 3.88934421539307 3.79443264007568 3.79536938667297 3.80780053138733 3.87534952163696 3.86501789093018 4.19516801834106 4.56616878509521 4.69481658935547 4.67840671539307 4.71522378921509 4.93099975585938 5.48447895050049 6.88751840591431 8.05042171478271 8.45059108734131 8.32454109191895 8.29244422912598 8.16301918029785 7.97954177856445 7.85488986968994 7.67838144302368 7.37963771820068 6.9601526260376 6.41525554656982 5.50291776657104 4.94539308547974
3.86543226242065 4.19224643707275 4.42064666748047 4.60457468032837 4.54423475265503 4.52198839187622 4.20957279205322 4.14045095443726 4.21082973480225 4.14771795272827 4.13580465316772 4.12725973129272 4.06403541564941 3.98950386047363 3.99572682380676 4.0129542350769 4.09471416473389 4.16826772689819 4.13797473907471 4.1409912109375 4.10966682434082 4.12357425689697 4.10014390945435 4.30787563323975 4.56684589385986 4.75511026382446 4.94912385940552 5.05351543426514 5.19214391708374 5.67374229431152 6.58782911300659 8.5888786315918 9.02670955657959 8.90425395965576 8.78248119354248 8.62224674224854 8.40621662139893 8.2940559387207 8.13571071624756 7.81024742126465 7.35519075393677 6.76261949539185 6.29931831359863 5.67644071578979 4.7297248840332
4.45169401168823 4.53052663803101 4.76367139816284 4.64929962158203 4.66255950927734 4.4903507232666 4.65894317626953 4.57580471038818 4.57065916061401 4.55830860137939 4.66759300231934 4.51270961761475 4.44157934188843 4.39075088500977 4.41703033447266 4.50683498382568 4.56266832351685 4.52158784866333 4.43076753616333 4.48920202255249 4.5269889831543 4.38926887512207 4.61311626434326 4.9415545463562 5.1108021736145 5.26550006866455 5.24155330657959 5.27545022964478 5.54557418823242 6.15659523010254 7.66323089599609 8.96067810058594 9.33145904541016 9.36579704284668 9.21302127838135 8.92802810668945 8.77750778198242 8.65994548797607 8.30737113952637 7.79866409301758 7.17299842834473 6.64327812194824 5.96642112731934 5.35298490524292 4.6685676574707
4.89825963973999 4.76787948608398 4.90326356887817 4.76135158538818 4.55452728271484 4.82183456420898 5.03210783004761 4.97963190078735 5.30873441696167 5.32376432418823 5.04490089416504 4.86192464828491 4.81738567352295 4.82054376602173 4.90663862228394 5.07645702362061 5.04035329818726 4.83826494216919 4.80607128143311 4.74393081665039 4.79353857040405 5.03175973892212 5.33372735977173 5.52270460128784 5.68639326095581 5.66483640670776 5.71179628372192 6.00588035583496 6.67920398712158 8.28484725952148 9.69280338287354 10.0512666702271 9.90901279449463 9.75746154785156 9.59074592590332 9.36242485046387 9.15454387664795 9.01517677307129 8.65068435668945 7.70029592514038 7.06198978424072 6.32993125915527 5.64619112014771 5.0838475227356 4.55122137069702
5.15135860443115 5.12135457992554 4.88858795166016 4.85706996917725 4.95950078964233 5.18999910354614 5.25530052185059 5.32458305358887 6.04563999176025 5.78408336639404 5.55081510543823 5.50298833847046 5.48286724090576 5.37975978851318 5.50265216827393 5.43254375457764 5.39051198959351 5.35145664215088 5.28496265411377 5.27983331680298 5.18614482879639 5.49501991271973 6.01211977005005 6.18002939224243 6.15993595123291 6.21634531021118 6.54068088531494 7.2611517906189 9.0247106552124 10.5343704223633 10.8503255844116 10.7057638168335 10.4860429763794 10.3016204833984 9.93439674377441 9.81463432312012 9.6755952835083 9.30428409576416 8.66159534454346 7.96922492980957 6.76153516769409 6.00417757034302 5.3883113861084 4.8870906829834 4.84453916549683
5.52024126052856 5.07658863067627 5.10762405395508 5.63642835617065 5.7749981880188 5.62482118606567 5.58362150192261 6.44267845153809 6.61371517181396 6.3258376121521 6.39171838760376 6.49714088439941 6.19428586959839 6.32208919525146 6.15088748931885 6.13069248199463 5.87542343139648 5.76178503036499 5.86467313766479 5.77404975891113 5.86248159408569 6.22182750701904 6.3404655456543 6.52076959609985 6.64972496032715 6.85528421401978 7.49917125701904 8.68685054779053 11.285080909729 11.7965602874756 11.6396732330322 11.3272724151611 11.12464427948 10.7309474945068 10.6687250137329 10.4364433288574 10.0580787658691 9.31802463531494 8.56683540344238 7.85011959075928 7.04265594482422 5.7851710319519 5.3201789855957 5.07574129104614 5.07762956619263
