slauniainen/Data/DEM/Vihti_dsm1500b_cl_horizonAngle_54.asc
NCOLS 196 
NROWS 178 
XLLCORNER 353680 
YLLCORNER 6699024 
CELLSIZE 16 
NODATA_value -3.4e+38 
[rows 120 to 139 of 178, columns 92 to 137 of 196]
1.44024765491486 2.2093722820282 12.0939083099365 2.88852167129517 2.64671158790588 2.47336030006409 3.04691553115845 2.9610800743103 3.21315956115723 4.71433305740356 3.70597863197327 2.94922995567322 2.69032621383667 2.79025530815125 2.95799112319946 3.04403901100159 3.09286189079285 2.90754699707031 3.53724813461304 5.30973052978516 10.0071516036987 13.6050252914429 14.3712644577026 14.7003974914551 5.23394870758057 9.04776573181152 -1.02190089225769 -0.791435301303864 -1.57887589931488 0.563263475894928 13.8750867843628 -0.416048526763916 -1.95188045501709 -2.41434168815613 -2.67311978340149 -2.80972409248352 -3.13698530197144 -3.5733597278595 -3.81327557563782 -3.44822859764099 -2.61627745628357 -1.95740568637848 -1.83545053005219 1.57934594154358 11.327428817749 10.4318466186523
1.21360659599304 1.95649755001068 14.0921077728271 13.108154296875 2.15951490402222 1.96089780330658 2.71249222755432 2.9372181892395 2.90507411956787 4.72936296463013 7.5107684135437 3.86246109008789 2.65993022918701 2.82210469245911 2.86351561546326 2.83845019340515 2.60527086257935 3.6696515083313 5.32045698165894 7.38266372680664 12.1832752227783 14.6916275024414 15.2091121673584 7.21124124526978 8.3397274017334 9.89140510559082 7.96724939346313 -1.86477410793304 -2.03165864944458 -0.554649233818054 0.244966357946396 1.79074120521545 2.25680685043335 -2.83541250228882 -3.36732387542725 -1.05827260017395 1.82238912582397 -3.4150071144104 -4.09105730056763 -4.059485912323 -3.52398538589478 -2.49371099472046 -1.337522149086 0.8912593126297 7.50764226913452 10.293776512146
1.7716851234436 2.04309964179993 2.23787713050842 19.2717838287354 1.61948657035828 1.85891926288605 2.76523423194885 2.67999053001404 2.94704389572144 3.04043555259705 4.95606899261475 7.71102428436279 3.66582727432251 3.56885814666748 3.57120585441589 2.49101829528809 3.03584694862366 3.82923293113708 8.42779350280762 9.47490978240967 11.4037570953369 20.8847465515137 20.6873359680176 7.7589259147644 12.0116548538208 21.2089424133301 7.19449901580811 -2.55979418754578 -2.52227115631104 -2.39431595802307 5.21032285690308 6.13030099868774 6.3207836151123 0.752503395080566 -3.37578797340393 -4.12812185287476 -1.77443838119507 -4.29865741729736 -4.54526519775391 -4.54165983200073 -4.25464105606079 -3.67819309234619 -2.8029248714447 -1.41032540798187 0.565086901187897 18.7438850402832
1.15108323097229 1.78499841690063 8.03804492950439 19.4727230072021 2.85571551322937 1.63715350627899 2.45943164825439 2.70407128334045 2.48831176757812 3.06117677688599 3.06040978431702 4.0817756652832 3.90294432640076 4.69054651260376 7.28662633895874 3.73323225975037 4.37832117080688 7.05088996887207 8.95195484161377 10.0710868835449 14.061559677124 26.7794075012207 27.7000064849854 9.16678237915039 11.5662183761597 19.8830661773682 9.82423496246338 -2.87584829330444 -3.29667353630066 -3.04618000984192 1.18734502792358 11.0695962905884 6.21719169616699 0.31963250041008 0.461464613676071 -2.27457618713379 -0.449728548526764 2.76496458053589 -2.52019691467285 -4.76216793060303 -4.66525840759277 -4.3615288734436 -3.95399928092957 -2.93449711799622 -2.16116499900818 2.14297437667847
0.872933328151703 1.24253857135773 1.64542603492737 10.1771430969238 15.7631578445435 2.11646509170532 2.59000873565674 2.36515235900879 2.42391920089722 2.73420190811157 2.77230095863342 2.75394082069397 2.9552755355835 2.7524881362915 3.13331961631775 4.78769779205322 6.06805992126465 7.52389430999756 9.25658321380615 11.7390069961548 16.3756828308105 16.4483451843262 17.4786262512207 16.7341384887695 17.3791122436523 19.1385459899902 18.0467586517334 12.3746223449707 -3.89090013504028 -3.63199472427368 5.34675741195679 12.8681573867798 13.5610589981079 12.8031148910522 3.75055909156799 -0.576671779155731 0.89807265996933 3.46314167976379 -5.10700607299805 -5.03056859970093 -4.76639699935913 -4.44132423400879 -4.47925615310669 -4.2345290184021 -2.70781207084656 -1.24452137947083
0.537819921970367 1.52988696098328 1.60139000415802 1.80829811096191 1.94151425361633 1.54266798496246 2.19660377502441 2.28446435928345 2.4722785949707 2.66251730918884 2.2824969291687 2.44847965240479 2.59332203865051 3.39889168739319 4.99709892272949 5.34478139877319 6.46724987030029 8.18957328796387 10.924144744873 12.7483377456665 16.6384162902832 16.372407913208 9.52069282531738 14.8097858428955 17.0964260101318 24.0391864776611 25.7134628295898 19.5058727264404 10.8314619064331 -1.34071063995361 3.8187882900238 5.78732681274414 13.8787145614624 11.2367324829102 4.94798803329468 -1.41098392009735 9.50995063781738 9.84830856323242 8.46429538726807 11.0928134918213 -0.141633242368698 -4.93327045440674 -5.12189865112305 -4.2339391708374 -2.59492564201355 -1.8813978433609
0.43667009472847 1.25279033184052 1.31541955471039 7.50356578826904 1.43459737300873 1.86432981491089 2.1734344959259 2.26360893249512 2.41335248947144 2.15286087989807 2.37826991081238 2.65762829780579 3.7111222743988 4.4821982383728 5.31796360015869 5.68376541137695 6.33236026763916 8.92875385284424 10.0302486419678 13.3248958587646 16.3546810150146 12.0401945114136 13.4479360580444 23.8577404022217 14.3969354629517 23.5961418151855 18.4892520904541 15.2342195510864 11.3046617507935 24.8256511688232 9.46632480621338 10.3635587692261 14.2685079574585 26.6372089385986 28.6328506469727 2.9987199306488 12.805251121521 7.47638130187988 15.3905372619629 15.6255559921265 11.4639720916748 10.4264583587646 -4.44508504867554 -3.9000723361969 -2.94979667663574 -2.26166152954102
0.424683451652527 3.39668464660645 1.7604478597641 11.4803743362427 1.64898467063904 1.28099310398102 1.56817555427551 1.64107501506805 2.04515910148621 2.01745438575745 2.51616764068604 3.86650657653809 4.07288408279419 4.77878093719482 5.48131465911865 5.78748846054077 7.5676417350769 8.75562286376953 12.9833059310913 21.2989654541016 12.0505170822144 13.4667510986328 20.7611236572266 25.3169231414795 17.6413383483887 15.7626104354858 21.0548820495605 33.0421485900879 13.6784143447876 14.7400331497192 19.8773822784424 19.9566440582275 13.3707885742188 16.7983150482178 32.5267639160156 4.64836454391479 15.5485334396362 5.35398149490356 12.8943567276001 13.5715084075928 3.11138558387756 -4.46106863021851 -4.33511161804199 -3.49102067947388 -3.04504799842834 -1.59173631668091
0.311859965324402 1.25780081748962 1.41990268230438 1.71840643882751 8.0024242401123 0.986848592758179 0.551103591918945 1.27927815914154 1.35234344005585 1.96631288528442 3.17619252204895 4.11310243606567 4.34169721603394 4.98696756362915 6.47628831863403 7.18025875091553 7.88871574401855 10.2279167175293 15.315842628479 23.6544399261475 13.1909809112549 15.0553417205811 25.1218700408936 22.2436199188232 13.9282073974609 12.6612167358398 13.1782503128052 9.0981969833374 8.61757373809814 7.9373607635498 12.4891519546509 6.91537046432495 10.8437824249268 5.03716039657593 3.55197882652283 -3.09231209754944 2.22513771057129 6.14846181869507 4.73956489562988 8.92149829864502 -4.53059244155884 -4.63548183441162 -4.5532488822937 -3.68357348442078 -3.23502588272095 8.05932331085205
0.38737764954567 1.08911979198456 0.890917479991913 12.4083967208862 7.78540849685669 12.6835193634033 0.251485615968704 0.79186338186264 0.756059348583221 2.05291628837585 3.45051717758179 3.84861850738525 4.78464317321777 6.20507097244263 6.72340631484985 7.56656742095947 9.98188972473145 11.5546846389771 14.6086072921753 22.5001907348633 12.5252685546875 15.8211278915405 24.8839588165283 23.0245018005371 12.1564092636108 7.98858451843262 6.33367872238159 7.57514524459839 5.94401550292969 5.11391973495483 4.21103954315186 5.93612909317017 2.36362266540527 13.7036762237549 9.13358974456787 -0.983189702033997 0.734873414039612 0.15883494913578 3.00814056396484 -4.7861328125 -1.98439884185791 -4.7129373550415 -4.60003709793091 -4.04163074493408 -3.5274486541748 7.28567600250244
1.01933991909027 6.20346832275391 2.56389689445496 0.180983051657677 0.515543639659882 0.192181289196014 0.529320418834686 0.333315789699554 0.623358607292175 1.38210320472717 2.90761184692383 4.16135740280151 5.05314540863037 5.81758880615234 7.59710454940796 8.076904296875 9.67131996154785 11.4947290420532 16.3220348358154 24.8426246643066 14.0261306762695 18.1844291687012 20.4015617370605 20.0843029022217 21.3944511413574 9.02807712554932 7.09764575958252 14.2904872894287 11.5568609237671 3.93276357650757 2.9261417388916 3.11332702636719 6.35463047027588 -3.89509510993958 -4.02907800674438 -2.01134634017944 -4.62607288360596 -4.89247035980225 -4.8566575050354 -1.98854386806488 -2.14512634277344 -4.61230945587158 -4.39954948425293 -3.78848338127136 -2.76789712905884 6.41227293014526
0.841516077518463 19.9223918914795 26.2239952087402 30.674633026123 33.3402328491211 0.372338652610779 -0.0700209960341454 -0.240895450115204 -0.563409566879272 -0.264635443687439 3.0387978553772 3.64007163047791 3.92238593101501 5.73771619796753 7.21435594558716 9.11683559417725 10.6971416473389 11.9400873184204 19.2806568145752 28.9625186920166 13.0748910903931 21.3416843414307 17.1459999084473 16.2758502960205 21.6354427337646 17.9887142181396 11.242374420166 16.7596549987793 16.5034065246582 5.49373960494995 1.82079744338989 1.74862372875214 7.96987628936768 6.29502105712891 -2.27701926231384 4.27166604995728 6.26274394989014 3.86677861213684 8.96905899047852 20.0306167602539 15.4373435974121 -4.680100440979 -3.90433073043823 -3.37569189071655 -3.30135679244995 13.2707424163818
13.382399559021 17.7645950317383 12.3453645706177 14.688325881958 26.2046279907227 5.3749361038208 6.31258392333984 -0.698912024497986 -0.338610410690308 -0.954995274543762 0.710323572158813 2.00460886955261 2.33953166007996 5.35131311416626 6.47626304626465 6.82059812545776 7.63060998916626 13.8818607330322 16.5422477722168 11.1953287124634 19.8641948699951 18.3002262115479 11.0576505661011 19.0854473114014 10.5676670074463 11.0449104309082 12.8794784545898 11.493579864502 4.24658632278442 5.47085952758789 0.918765127658844 1.44027519226074 1.39491975307465 7.14356374740601 10.6601514816284 7.54417037963867 -2.79958295822144 -3.36382985115051 4.61013126373291 16.7030239105225 27.2238006591797 8.08446502685547 -0.292215883731842 0.776285767555237 -2.54906392097473 -0.476434588432312
11.7524747848511 8.69517993927002 15.8055181503296 19.3569450378418 7.72007513046265 3.51732707023621 1.88274502754211 1.40401446819305 -1.62238872051239 -1.65187478065491 0.182488650083542 0.879843592643738 2.07617735862732 2.91573858261108 5.38486003875732 7.45479726791382 10.205641746521 9.55395698547363 10.5316190719604 13.1882085800171 14.7667999267578 9.65598964691162 24.3047676086426 15.1835193634033 13.393726348877 9.47190570831299 11.8024120330811 9.88788604736328 8.57360649108887 9.2363338470459 12.5730218887329 14.3421850204468 5.18936967849731 6.18394565582275 7.69913244247437 3.87029767036438 -0.573765277862549 -3.59852457046509 8.49907493591309 3.16940093040466 2.66947484016418 -3.36450719833374 -3.03699135780334 0.707433879375458 -0.639494955539703 2.74042391777039
5.72050046920776 6.77922248840332 10.2383365631104 -0.762774348258972 2.22399020195007 3.92598533630371 7.34520959854126 6.00315427780151 -1.80283093452454 -1.73311448097229 -1.0962940454483 -0.132256016135216 0.465482383966446 2.82590532302856 6.09160137176514 5.17346858978271 7.3406138420105 8.83234786987305 12.1870002746582 17.5795059204102 12.8774013519287 15.4897918701172 13.8263921737671 19.8942394256592 11.5922956466675 18.9091510772705 14.6622266769409 10.4441499710083 6.93656826019287 6.08460092544556 3.5625364780426 10.9857778549194 3.98130035400391 3.15751504898071 -0.523816883563995 -1.97654044628143 -2.3156406879425 -1.8841358423233 -1.79577553272247 -3.68593978881836 -3.80620813369751 -2.96455311775208 -2.51217675209045 -1.70676493644714 -0.446278125047684 2.07170128822327
6.81648254394531 8.57941722869873 7.38660621643066 -0.952094733715057 -0.708148717880249 2.99463701248169 6.58656692504883 5.56925249099731 6.89262104034424 -1.82695508003235 -0.997426688671112 0.216400995850563 0.916270196437836 3.17665338516235 3.96420884132385 5.67660713195801 5.66856861114502 6.18687200546265 9.45119094848633 11.5831480026245 10.5406799316406 15.343017578125 22.0903091430664 17.9427623748779 15.5904569625854 15.8811454772949 13.2577266693115 10.9752626419067 5.15657615661621 4.05314350128174 22.9570121765137 4.5610089302063 9.13674354553223 17.8349590301514 12.1605062484741 3.64911532402039 21.4454460144043 -3.78324770927429 -3.76487326622009 2.76245903968811 -1.2950541973114 -2.52904939651489 -2.0303201675415 7.38159990310669 0.592467188835144 3.57057666778564
14.1467838287354 8.02813243865967 9.71943664550781 6.74011135101318 3.52587080001831 7.65611219406128 13.6523752212524 8.47982883453369 8.42834377288818 -1.02125799655914 -0.204005807638168 0.959642291069031 1.47738313674927 1.84028315544128 2.92513227462769 3.64405989646912 4.50100135803223 6.106285572052 7.08735370635986 9.28411388397217 10.5771884918213 16.472131729126 25.967041015625 16.6255893707275 15.1457843780518 14.0146751403809 11.2699766159058 1.79232776165009 2.26801586151123 17.8372402191162 16.1666736602783 8.36769866943359 11.5571956634521 10.0719566345215 17.9803295135498 7.08347940444946 20.7658042907715 7.81623315811157 -3.52790784835815 0.538389503955841 4.5741810798645 7.53146123886108 -1.61284136772156 -1.47315585613251 -0.560186088085175 0.748639166355133
2.51193523406982 5.92773103713989 -0.495754361152649 -1.9680358171463 -0.411861747503281 3.91581630706787 7.41083765029907 8.42247295379639 26.7027645111084 31.4610080718994 28.1564426422119 24.2302074432373 11.694806098938 5.96065235137939 3.38183927536011 3.24883151054382 4.02057027816772 4.86273002624512 5.15850591659546 10.0241212844849 14.9272966384888 19.0426826477051 23.4096908569336 19.0024471282959 14.4070911407471 19.5489521026611 20.9604721069336 7.14127159118652 3.61844921112061 15.0339736938477 12.5802545547485 10.4876890182495 8.55785465240479 6.84130954742432 15.496862411499 6.14629602432251 18.1687698364258 32.9263496398926 7.64293813705444 -2.41358256340027 -1.90388250350952 -0.721113264560699 -1.52269721031189 -1.15083503723145 -0.534250319004059 4.2870979309082
15.9944334030151 16.0961208343506 12.1782245635986 3.03835129737854 0.146351277828217 0.135340213775635 3.48374819755554 7.4246997833252 6.35664367675781 7.06657218933105 1.59632241725922 1.65210592746735 1.61944890022278 2.08088660240173 3.16579604148865 3.3227231502533 3.55806016921997 4.18780183792114 5.22072458267212 7.56831693649292 13.2431325912476 19.4548740386963 25.702486038208 29.0239925384521 19.0545997619629 15.7008771896362 15.7638502120972 5.78882741928101 6.77610158920288 8.70318222045898 7.54116821289062 8.38055324554443 17.2294273376465 14.5233564376831 20.0241527557373 14.4012413024902 4.30716609954834 19.5184516906738 2.98496317863464 22.7543849945068 4.04946994781494 1.44833064079285 -1.12848246097565 -0.695595800876617 -0.0660445615649223 2.05277037620544
8.37987804412842 2.77958631515503 16.6716842651367 33.184455871582 33.7637138366699 12.4338989257812 7.06941270828247 2.99417591094971 2.1304497718811 1.23463952541351 1.06275928020477 1.45019268989563 1.90069091320038 2.60154175758362 2.71266269683838 2.61173248291016 3.90090847015381 4.59428834915161 5.23998069763184 7.81752729415894 15.8492469787598 24.2797031402588 25.4219608306885 22.7978439331055 22.3832740783691 9.96343898773193 14.7744979858398 4.28453397750854 4.07897853851318 6.74118280410767 7.80829286575317 7.41192626953125 7.69308233261108 12.244948387146 13.2229137420654 6.48784399032593 13.159857749939 21.9440898895264 3.90046167373657 1.04363095760345 5.26340484619141 5.95982646942139 -1.06402683258057 -0.190417349338531 -0.33980867266655 0.731373012065887
