slauniainen/Data/DEM/Vihti_dem1500b_cl_horizonAngle_228.asc
NCOLS 196 
NROWS 178 
XLLCORNER 353680 
YLLCORNER 6699024 
CELLSIZE 16 
NODATA_value -3.4e+38 
[rows 0 to 19 of 178, columns 90 to 134 of 196]
5.43582105636597 1.66786527633667 -0.787316679954529 -1.18425643444061 0.332509607076645 4.51180458068848 3.403653383255 19.0974025726318 16.0041427612305 11.1886205673218 10.4209775924683 8.93955993652344 7.44356107711792 4.02103996276855 3.32288503646851 2.75326037406921 2.09667277336121 2.02290606498718 1.83806753158569 1.74466693401337 1.67215490341187 1.5724151134491 1.46368443965912 1.43879282474518 1.39069044589996 1.35363245010376 1.30799853801727 1.24452555179596 1.18173086643219 1.11554932594299 1.05393397808075 0.990974247455597 0.924321055412292 0.882226228713989 0.850509524345398 0.820183455944061 0.789549827575684 0.767624020576477 0.769757151603699 0.767475366592407 0.759244918823242 0.7548788189888 0.756740927696228 0.755333304405212 0.759822368621826
5.47382211685181 1.16540682315826 -1.10286581516266 -1.3541316986084 -1.47357678413391 2.67207717895508 3.65753865242004 14.7552309036255 12.5519781112671 10.3586921691895 10.1510467529297 9.05659294128418 5.03846263885498 3.07913875579834 2.45941352844238 2.06418323516846 2.06570959091187 1.98546600341797 1.89633762836456 1.82059824466705 1.72462999820709 1.59682905673981 1.55197548866272 1.49207592010498 1.43804967403412 1.38056874275208 1.30558490753174 1.24319410324097 1.17432403564453 1.10575664043427 1.04108023643494 0.967869341373444 0.909088134765625 0.882749736309052 0.852410912513733 0.823740363121033 0.791769444942474 0.792874097824097 0.786684155464172 0.80141943693161 0.796408891677856 0.789543092250824 0.785861372947693 0.786746680736542 0.785082340240479
8.06824684143066 0.92406815290451 -1.23785507678986 -1.46417737007141 -1.58906924724579 -1.67153382301331 1.3259528875351 9.35752868652344 5.57876396179199 10.4014205932617 10.5662631988525 6.9196720123291 3.43981432914734 2.33474898338318 2.18768882751465 2.10913133621216 2.07335901260376 2.04231476783752 1.95775759220123 1.82007360458374 1.74278604984283 1.67536759376526 1.59973287582397 1.53395712375641 1.47169625759125 1.39699757099152 1.31980991363525 1.2421373128891 1.16238903999329 1.09445226192474 1.01668393611908 0.943880200386047 0.916109323501587 0.881371021270752 0.854607403278351 0.811265528202057 0.819575548171997 0.808811247348785 0.825472593307495 0.828758776187897 0.832410216331482 0.826921701431274 0.828332841396332 0.81925767660141 0.806089818477631
6.52611446380615 1.01706099510193 -1.12651348114014 -1.42979347705841 -1.66589891910553 -1.70182859897614 -1.3915787935257 0.918911397457123 -0.0515514649450779 0.821546375751495 3.61024403572083 3.49681234359741 2.88309097290039 2.30585885047913 2.19915080070496 2.21404957771301 2.18027305603027 2.08493590354919 1.96660971641541 1.87044429779053 1.7818409204483 1.69975697994232 1.64014983177185 1.57426130771637 1.49395966529846 1.40485775470734 1.32189190387726 1.22787988185883 1.15611851215363 1.06984853744507 0.982619404792786 0.951992213726044 0.917179703712463 0.889840364456177 0.836350917816162 0.846026957035065 0.835899710655212 0.848835289478302 0.849483251571655 0.857219219207764 0.857304394245148 0.867579996585846 0.865583956241608 0.851076126098633 0.833165287971497
3.24764084815979 1.6013343334198 -0.846215069293976 -1.28084051609039 -1.52680861949921 -1.28771698474884 -0.882821202278137 2.46349763870239 1.85678887367249 1.43004703521729 3.65382528305054 2.6650218963623 2.97918128967285 2.3543074131012 2.37600231170654 2.33918571472168 2.23669075965881 2.11316394805908 2.01456904411316 1.92098462581635 1.83439528942108 1.75141084194183 1.66072487831116 1.58026254177094 1.49813449382782 1.41024875640869 1.30405604839325 1.22384452819824 1.12896084785461 1.02223634719849 0.991324305534363 0.955644428730011 0.924935400485992 0.906661212444305 0.852954983711243 0.862542450428009 0.874131739139557 0.87949126958847 0.873557806015015 0.88066965341568 0.892057597637177 0.900577187538147 0.896380484104156 0.888699769973755 0.820273697376251
1.71548938751221 0.747928977012634 -0.793755710124969 -0.962435483932495 -1.04194521903992 -0.60386598110199 0.486715972423553 1.86054718494415 1.52656662464142 1.88216865062714 2.28197336196899 2.44801950454712 2.45406603813171 2.4877347946167 2.53526425361633 2.43167114257812 2.29809308052063 2.17163395881653 2.08744597434998 1.98971223831177 1.88901674747467 1.7945362329483 1.66584944725037 1.56881678104401 1.48744559288025 1.39097595214844 1.3007185459137 1.19437098503113 1.08171236515045 1.01939272880554 0.994737863540649 0.983916819095612 0.960179388523102 0.941105365753174 0.877802193164825 0.901560246944427 0.894236207008362 0.907508134841919 0.92288476228714 0.925887763500214 0.932284832000732 0.930463373661041 0.928157567977905 0.889947593212128 0.605310380458832
0.714078485965729 -0.20882448554039 -0.369064033031464 0.195499584078789 0.603037297725677 0.869905292987823 1.72826635837555 2.03451943397522 2.23225355148315 2.45288634300232 2.45458555221558 2.51317024230957 2.57524275779724 2.60565042495728 2.54413414001465 2.48695945739746 2.35341119766235 2.2708957195282 2.18007206916809 2.04905295372009 1.94725358486176 1.79819869995117 1.69279658794403 1.54580307006836 1.47323393821716 1.38645648956299 1.26861727237701 1.14834368228912 1.06064927577972 1.02645802497864 1.02715218067169 1.01064193248749 1.00210177898407 0.981557011604309 0.958891272544861 0.914509356021881 0.934029519557953 0.937335550785065 0.951250970363617 0.966416895389557 0.977316737174988 0.974713802337646 0.971878468990326 0.863962888717651 0.532793462276459
-0.787827849388123 0.796641886234283 1.41444301605225 2.70272326469421 2.46101021766663 2.15110635757446 2.50257730484009 2.84710240364075 2.95895910263062 2.72363781929016 2.6079261302948 2.64978742599487 2.76480531692505 2.6750705242157 2.62778902053833 2.54782509803772 2.45039415359497 2.39691400527954 2.24530291557312 2.13101840019226 1.95813345909119 1.83857560157776 1.66946280002594 1.54119598865509 1.43643295764923 1.3529349565506 1.22407650947571 1.10892868041992 1.07246243953705 1.07288992404938 1.05513155460358 1.04562306404114 1.03509855270386 1.03731989860535 1.01758074760437 0.965238511562347 0.983505427837372 0.993388652801514 0.991883754730225 1.00490367412567 1.01643824577332 1.00948429107666 1.00551152229309 0.959091544151306 0.719687819480896
-0.778496861457825 2.22502207756042 4.33362722396851 3.71319675445557 3.26175904273987 3.15932202339172 3.19574856758118 3.28648829460144 3.07400584220886 2.88588094711304 2.99575543403625 3.06085157394409 2.91911005973816 2.88578677177429 2.74611496925354 2.65462255477905 2.63574171066284 2.48084926605225 2.35191011428833 2.16053438186646 2.01402521133423 1.82058477401733 1.67410588264465 1.52072858810425 1.39526164531708 1.27802908420563 1.17004203796387 1.12369668483734 1.1234724521637 1.10356783866882 1.09812104701996 1.08137273788452 1.08185303211212 1.07304418087006 1.06446659564972 1.0540543794632 1.03088474273682 1.03125023841858 1.04820966720581 1.04603838920593 1.04767370223999 1.04646897315979 1.04586803913116 1.0304229259491 0.984437525272369
2.3139705657959 6.56948375701904 4.37166738510132 3.78148031234741 3.65104031562805 3.78399515151978 3.47270655632019 3.26159024238586 3.25505948066711 3.3569164276123 3.45834612846375 3.36338901519775 3.26530885696411 3.15521693229675 2.94756507873535 2.86223459243774 2.77548217773438 2.6090669631958 2.40751481056213 2.22219562530518 2.0129566192627 1.8302435874939 1.64956545829773 1.47324240207672 1.3525984287262 1.2422901391983 1.17819690704346 1.18151903152466 1.15533411502838 1.14585173130035 1.12939345836639 1.1281270980835 1.11681342124939 1.10852444171906 1.10291600227356 1.11295199394226 1.14543235301971 1.13553535938263 1.09182190895081 1.09066200256348 1.08270752429962 1.09051692485809 1.08264625072479 1.07017862796783 1.04943370819092
-0.6795574426651 4.81866645812988 4.16215848922729 3.90341544151306 4.20402050018311 4.15574979782104 3.56954193115234 3.93401765823364 3.87809705734253 3.81041550636292 3.70206999778748 3.67778062820435 3.62186670303345 3.42907190322876 3.25409626960754 3.06732296943665 2.90648508071899 2.70452451705933 2.46658086776733 2.23713779449463 2.02173686027527 1.81877994537354 1.62515187263489 1.41901779174805 1.32150542736053 1.23823535442352 1.24462449550629 1.21928143501282 1.20508146286011 1.18659472465515 1.18029797077179 1.16624450683594 1.15751314163208 1.14799833297729 1.14668297767639 1.18867349624634 1.19413697719574 1.2172509431839 1.17599260807037 1.14139175415039 1.12981748580933 1.12734758853912 1.12598598003387 1.11962306499481 1.10355758666992
-0.258595168590546 1.37949371337891 3.29788875579834 4.04536962509155 4.56470394134521 4.12578868865967 4.87379693984985 4.9362096786499 4.52322769165039 4.36218738555908 4.11011075973511 4.07154989242554 3.91832160949707 3.78113889694214 3.54509854316711 3.24934649467468 3.04822516441345 2.71835279464722 2.45481753349304 2.21582341194153 2.02079439163208 1.80775475502014 1.51982629299164 2.13004374504089 1.31239247322083 1.31546854972839 1.28782784938812 1.26863348484039 1.24757063388824 1.24308454990387 1.22027111053467 1.20934081077576 1.20038521289825 1.19146597385406 1.2249094247818 1.23228657245636 1.2604147195816 1.24470460414886 1.28056514263153 1.25278472900391 1.20546114444733 1.19007539749146 1.18407785892487 1.16834950447083 1.14529645442963
0.519285678863525 1.47717583179474 2.29087376594543 3.40528011322021 3.76641440391541 5.0036678314209 6.01141977310181 5.99790143966675 5.41254901885986 4.91513013839722 4.71812963485718 4.47582674026489 4.27642726898193 3.99771189689636 3.75746989250183 3.50625133514404 3.07454609870911 2.8179657459259 2.41364550590515 2.18579936027527 1.97665727138519 1.62059926986694 1.30172908306122 1.46401882171631 1.94160604476929 1.4380567073822 1.33714520931244 1.31751799583435 1.30498909950256 1.28565573692322 1.27133131027222 1.25541234016418 1.25336766242981 1.26259577274323 1.26663792133331 1.29201257228851 1.28396213054657 1.31227087974548 1.3434122800827 1.3400776386261 1.27355885505676 1.25415003299713 1.23176264762878 1.21513593196869 1.19033706188202
0.623437166213989 1.15837442874908 2.11232399940491 2.65052556991577 2.92561793327332 3.88452243804932 4.80237054824829 5.84847640991211 6.07925987243652 5.40410041809082 5.23612260818481 4.88669300079346 4.55347394943237 4.16563701629639 3.82851362228394 3.4916787147522 3.16386318206787 2.74834823608398 2.49949860572815 2.20376372337341 1.69540321826935 1.37268161773682 1.3331983089447 1.35644221305847 2.87690544128418 1.66089391708374 1.82434284687042 1.52457070350647 1.35779762268066 1.33662033081055 1.31823325157166 1.30973672866821 1.30647885799408 1.31440603733063 1.34213280677795 1.32456076145172 1.35899913311005 1.39068984985352 1.39844787120819 1.34563398361206 1.34164154529572 1.30847382545471 1.27943074703217 1.26846206188202 1.24887371063232
0.76232373714447 0.928832828998566 1.76836395263672 1.74028170108795 1.90109205245972 2.87591290473938 3.39374876022339 4.37126874923706 5.47428131103516 5.8158974647522 5.28515768051147 5.13534593582153 4.5974292755127 4.28619050979614 3.89056777954102 3.52587652206421 3.12539434432983 2.79474449157715 2.52627801895142 1.99242508411407 1.52515602111816 1.44725942611694 1.41382813453674 1.34918916225433 2.68976330757141 3.57846450805664 2.25370979309082 1.69013178348541 1.41205728054047 1.38741540908813 1.36842274665833 1.35931074619293 1.35924541950226 1.3894784450531 1.37866294384003 1.41055774688721 1.43950402736664 1.45011138916016 1.39865040779114 1.39516115188599 1.42302322387695 1.40133392810822 1.34854078292847 1.32621991634369 1.31160414218903
0.948243856430054 1.27574050426483 1.3512681722641 1.40199255943298 1.52516829967499 1.48255801200867 2.19758200645447 2.84232425689697 4.11706352233887 5.1710033416748 5.47818660736084 5.09881258010864 4.76156997680664 4.25631523132324 3.96646642684937 3.70763373374939 3.20858669281006 2.74263548851013 2.23698544502258 1.76269197463989 1.53395450115204 1.51813673973083 1.47790193557739 1.40441524982452 1.34596872329712 3.27933645248413 3.31239700317383 1.49377906322479 1.46550917625427 1.44405972957611 1.42908120155334 1.41571271419525 1.43894958496094 1.42966318130493 1.46140134334564 1.49133944511414 1.49441623687744 1.43906462192535 1.45286691188812 1.4731513261795 1.47790741920471 1.43188047409058 1.41406035423279 1.38275647163391 1.3494119644165
1.42420256137848 1.42176675796509 1.52218413352966 1.35926699638367 1.46539914608002 1.42416393756866 1.31695580482483 1.66026651859283 2.42775559425354 3.62021136283875 4.71857738494873 5.10461044311523 4.68696355819702 4.28161191940308 4.07128572463989 3.77855658531189 3.38778567314148 2.75687265396118 2.0362982749939 1.65493822097778 1.6396301984787 1.58727669715881 1.55756008625031 1.49858331680298 1.37428307533264 1.40261495113373 1.91302740573883 1.60869860649109 1.52419757843018 1.50863373279572 1.48692059516907 1.49040651321411 1.4819803237915 1.5175449848175 1.54526126384735 1.55070209503174 1.49460697174072 1.49338793754578 1.52325832843781 1.53422617912292 1.51660251617432 1.43976008892059 1.42470800876617 1.39263308048248 1.39555096626282
1.72175741195679 1.73475193977356 1.52337384223938 1.50830125808716 1.27945554256439 1.33045601844788 1.15709328651428 1.01542854309082 1.30501270294189 1.90304112434387 3.17569279670715 4.07271289825439 4.19318294525146 4.27271699905396 4.03245210647583 3.74622654914856 3.24672627449036 2.70182514190674 2.31189227104187 1.90743768215179 1.71943807601929 1.67857551574707 1.63956940174103 1.60737442970276 1.5657057762146 1.51774144172668 1.53242421150208 1.56842029094696 1.5627692937851 1.55320906639099 1.55137920379639 1.54524278640747 1.57216262817383 1.60497426986694 1.60515248775482 1.55204641819 1.55165231227875 1.57260417938232 1.59099185466766 1.56971704959869 1.5219395160675 1.47187721729279 1.43884706497192 1.43729054927826 1.41107380390167
2.22800707817078 1.9575834274292 1.72648143768311 1.44152700901031 1.25959551334381 1.09974730014801 1.01858854293823 0.845933198928833 0.955230474472046 1.16847395896912 1.72176229953766 2.45970845222473 2.65041947364807 2.98226404190063 3.02246189117432 2.92728447914124 2.72793865203857 2.99969005584717 2.43860292434692 1.9504486322403 1.80997478961945 1.77776432037354 1.7375168800354 1.69495558738708 1.6623330116272 1.6445277929306 1.59959995746613 1.60949230194092 1.60420441627502 1.60080504417419 1.6090362071991 1.62000513076782 1.6594672203064 1.6622519493103 1.60967516899109 1.60854721069336 1.62831902503967 1.64426815509796 1.6235865354538 1.59607183933258 1.52782642841339 1.49441814422607 1.49186277389526 1.45193946361542 1.44316148757935
2.91814160346985 2.35021495819092 1.80731117725372 1.49726021289825 1.1648942232132 0.891254186630249 0.843799829483032 0.815558850765228 0.867825865745544 1.24212288856506 1.55715703964233 1.67569875717163 1.46129667758942 1.44722270965576 1.57696461677551 1.59264671802521 1.66383492946625 2.24338555335999 2.51849055290222 1.87432277202606 1.83938825130463 1.80843198299408 1.79908275604248 1.76177930831909 1.71683216094971 1.68990123271942 1.66026210784912 1.64998388290405 1.67180800437927 1.66612148284912 1.67457973957062 1.71290707588196 1.71122443675995 1.65769720077515 1.66225409507751 1.6856210231781 1.70486295223236 1.68255293369293 1.64766240119934 1.5869665145874 1.54404044151306 1.54302847385406 1.51426792144775 1.49858045578003 1.47209310531616
