slauniainen/Data/DEM/Vihti_dsm1500b_cl_horizonAngle_6.asc
NCOLS 196 
NROWS 178 
XLLCORNER 353680 
YLLCORNER 6699024 
CELLSIZE 16 
NODATA_value -3.4e+38 
[rows 0 to 19 of 178, columns 0 to 44 of 196]
1.228423476219180 10.4930648803711 2.90312433242798 2.27471709251404 4.74913024902344 17.0006618499756 2.94427895545959 8.00049781799316 11.6463232040405 4.17672777175903 4.80161428451538 11.2863817214966 6.75408029556274 23.4565677642822 8.86755561828613 1.9911003112793 3.60578894615173 1.10709285736084 3.88702583312988 6.32966375350952 1.89120423793793 8.52015209197998 2.89613485336304 0.399913758039474 11.338526725769 -0.484371811151505 2.83305072784424 8.46605587005615 20.2334232330322 4.81774950027466 11.4517517089844 20.0041198730469 16.5646495819092 5.60510206222534 5.76788234710693 4.94783115386963 3.34807276725769 13.4748516082764 6.60837459564209 3.83432793617249 11.1361570358276 17.7219715118408 22.8961582183838 9.16071701049805 8.21175384521484
-0.509508192539215 0.435425221920013 -0.00880494900047779 0.419156819581985 8.93031215667725 15.3571758270264 4.05428647994995 41.9972229003906 11.4691200256348 15.7614221572876 3.38137817382812 9.60680294036865 13.7048387527466 2.32930564880371 7.43881225585938 -0.193199798464775 3.68232345581055 5.92383670806885 2.45644497871399 3.16081738471985 0.989816308021545 0.148406609892845 -0.299972027540207 -0.643498837947845 3.96054434776306 3.62938857078552 2.40044379234314 19.9378795623779 12.7131156921387 4.27655792236328 5.39902687072754 13.6995630264282 10.8766679763794 8.45954513549805 7.38796615600586 5.6206316947937 15.6737031936646 4.89839029312134 2.3837103843689 1.96794378757477 5.39172649383545 11.3560838699341 5.17275810241699 31.5807418823242 43.1767120361328
44.7322235107422 25.8914318084717 40.6363830566406 -0.111701928079128 0.337587088346481 10.3535280227661 3.29022359848022 23.6819095611572 49.4849166870117 8.62960720062256 56.519474029541 23.1429462432861 5.31911849975586 14.6220092773438 2.32507586479187 10.1797218322754 7.47851228713989 7.06242656707764 2.20996880531311 3.10049319267273 -0.0808875188231468 -0.0229701176285744 -0.811444163322449 -0.931786477565765 -1.94573104381561 6.89623880386353 20.2118320465088 5.03998327255249 6.80135822296143 3.03716516494751 3.31235146522522 8.08865737915039 6.42664051055908 10.1209163665771 2.92165899276733 14.4077987670898 11.1280794143677 3.79885125160217 17.0834503173828 11.4045724868774 11.0961046218872 9.61338520050049 14.6087293624878 29.301721572876 26.8277168273926
28.476692199707 15.0908660888672 23.9713153839111 48.0353889465332 0.312650740146637 8.30177307128906 2.99086332321167 9.21160984039307 30.8322811126709 54.3750419616699 17.6574535369873 46.9912757873535 3.0188353061676 11.7577276229858 1.32527840137482 1.66241943836212 5.60489559173584 5.52694034576416 4.57206535339355 2.20232677459717 3.08479142189026 -0.809601366519928 2.55624127388 -1.71972811222076 -1.45707094669342 0.596836745738983 2.25475025177002 1.98287987709045 2.51156878471375 3.87469530105591 10.2718915939331 10.6903877258301 4.85414457321167 4.05016613006592 32.3506240844727 2.25740551948547 6.21662712097168 3.60423302650452 10.5399808883667 18.5937747955322 19.7104873657227 9.08932113647461 38.9744110107422 22.386022567749 32.4826393127441
21.5512752532959 10.8598403930664 16.3279209136963 29.0179347991943 0.0222157873213291 7.33336973190308 52.8244361877441 4.95381879806519 21.1722679138184 37.9818725585938 12.8284912109375 29.0270328521729 52.1288261413574 35.7991600036621 25.2500915527344 15.4469556808472 5.3354549407959 4.90798139572144 6.75685358047485 1.76007604598999 -0.28108149766922 2.31931376457214 2.77533197402954 -2.19125151634216 -1.60126948356628 -0.427001476287842 1.42507219314575 9.64155960083008 15.845799446106 5.46396350860596 6.43646001815796 8.61490535736084 5.42089223861694 22.2240886688232 16.6307640075684 15.3362436294556 5.77874755859375 12.7493076324463 4.30496835708618 8.25622272491455 12.2801904678345 23.5830116271973 25.6689891815186 27.2232265472412 22.5643615722656
18.0103702545166 9.68651294708252 13.3223676681519 22.4093036651611 12.405403137207 1.65664827823639 34.7608299255371 17.0323810577393 20.3537483215332 28.5239315032959 51.7624588012695 23.5512142181396 31.1118202209473 24.0521621704102 21.7003307342529 13.5178728103638 7.25971794128418 6.58158111572266 6.83262825012207 12.3353061676025 7.1917896270752 14.7335948944092 -0.985320210456848 -2.26727104187012 -1.78222179412842 -0.744952440261841 1.24931919574738 2.78991150856018 7.13386106491089 2.56534314155579 5.35533571243286 6.66380548477173 9.82054138183594 11.5052051544189 9.76301765441895 6.01321220397949 4.47418117523193 14.1430540084839 16.6573162078857 18.7532787322998 26.2433948516846 21.4393920898438 32.6347274780273 17.9723892211914 15.7314510345459
-0.330323278903961 0.75922429561615 2.67824006080627 18.4996089935303 6.34508371353149 1.27329862117767 26.5106220245361 8.10907936096191 17.5478496551514 22.3758392333984 35.1619567871094 18.614538192749 12.7512731552124 9.59872913360596 17.2718734741211 11.2647256851196 2.6709508895874 4.68854761123657 6.89606761932373 4.6355676651001 7.50790357589722 0.836564064025879 2.98920297622681 9.37112808227539 13.9772462844849 4.46145629882812 0.956692278385162 1.88913786411285 2.37320923805237 10.4512128829956 3.7882091999054 5.44900703430176 4.62432289123535 11.718957901001 25.3546237945557 35.611930847168 22.6603698730469 7.33266639709473 8.77805614471436 11.4176540374756 19.3108539581299 13.035135269165 22.2135524749756 15.597074508667 13.2729759216309
19.5468883514404 51.7899551391602 49.7356376647949 14.7627143859863 52.3010177612305 37.8264808654785 21.580322265625 14.9877157211304 17.6564865112305 19.0401248931885 25.1413993835449 11.8832397460938 8.12225246429443 7.88894987106323 9.69645309448242 32.034236907959 31.1623134613037 1.56250643730164 3.94882106781006 5.13174486160278 5.27969169616699 6.26593589782715 -1.27419638633728 6.87012910842896 6.71264839172363 1.9263870716095 0.560716271400452 1.35441052913666 1.66232264041901 2.39947819709778 7.56937503814697 4.76798725128174 8.07412719726562 8.78264999389648 13.7093849182129 22.0165233612061 22.5123519897461 28.6285495758057 20.7639789581299 10.0134401321411 7.09313583374023 29.4461917877197 14.0452365875244 13.5009880065918 11.69899559021
12.7116680145264 34.6765251159668 32.6848297119141 15.6773452758789 36.2664947509766 25.4573383331299 10.6105108261108 43.1931838989258 15.1336259841919 16.5348815917969 6.28033208847046 4.20713329315186 38.3771324157715 9.05278968811035 13.5146236419678 11.1426239013672 26.9883098602295 35.3075180053711 4.71015596389771 8.59887790679932 10.9057788848877 3.83991312980652 11.5184526443481 2.75487637519836 2.71604752540588 6.52449655532837 0.590580940246582 3.18582630157471 11.4983787536621 8.43715476989746 5.45612287521362 3.38968086242676 5.19783210754395 8.72933578491211 10.142201423645 17.6599082946777 20.1726512908936 20.0432949066162 27.6729774475098 16.4752788543701 44.4729843139648 18.3414058685303 11.1449546813965 10.65980052948 9.57204914093018
8.17411231994629 9.27079296112061 23.9112815856934 18.5312023162842 27.6568222045898 25.4118270874023 15.9836292266846 25.4610328674316 13.0968990325928 15.5009632110596 38.7702331542969 44.9942207336426 13.781099319458 17.3409099578857 10.0299406051636 12.1460828781128 21.3357105255127 33.7625160217285 3.51033902168274 5.8867039680481 7.6281909942627 6.0268816947937 4.64582633972168 1.70413899421692 22.5604457855225 1.60153806209564 0.53434032201767 2.94504833221436 8.16706466674805 2.24687480926514 3.49687099456787 3.37570929527283 2.69166469573975 4.51409721374512 4.58701801300049 8.4599027633667 13.9914684295654 16.7461910247803 17.9237766265869 7.3190746307373 6.64309310913086 7.05695295333862 7.59797716140747 9.52233791351318 9.17040920257568
22.3283824920654 31.7450771331787 13.1487331390381 12.7328863143921 13.5007858276367 20.4871273040771 13.7299900054932 17.610860824585 11.4094696044922 12.7683515548706 13.5826864242554 17.7768268585205 4.21807479858398 5.49300003051758 8.83008766174316 13.3828325271606 20.1529636383057 25.0100116729736 24.2141532897949 28.7671051025391 7.01842260360718 12.8298721313477 10.8121223449707 21.4756031036377 9.97871112823486 13.3297080993652 0.316855907440186 10.4894199371338 5.8317756652832 2.12817311286926 3.38043904304504 18.1327171325684 7.2946195602417 3.33571696281433 8.39731884002686 5.07262086868286 7.74159860610962 10.3656549453735 13.8595037460327 25.1411266326904 5.23154544830322 5.97574377059937 7.55980014801025 9.08753776550293 8.42947101593018
10.270414352417 28.507698059082 26.3663520812988 23.4770832061768 17.2829055786133 8.93299198150635 13.2860298156738 13.1457958221436 10.4616584777832 10.0307426452637 31.3744449615479 21.5009727478027 36.9750671386719 4.07936525344849 14.3422355651855 16.797550201416 13.6117267608643 15.7163887023926 27.3841495513916 24.7668685913086 29.5375099182129 22.6815338134766 34.0970268249512 14.2110261917114 15.0925521850586 9.10372352600098 4.8890552520752 0.806127190589905 1.64623248577118 3.56195950508118 12.9365110397339 3.27890920639038 6.20043992996216 18.3495960235596 8.20941829681396 16.3919239044189 7.06131362915039 20.8893814086914 10.1067390441895 18.8633518218994 43.3493499755859 11.7421894073486 6.29591941833496 4.87160921096802 4.63640689849854
32.3106422424316 20.6278209686279 15.345965385437 15.0213184356689 11.6992597579956 26.218433380127 4.39059400558472 8.1936149597168 9.82481575012207 21.2533931732178 19.4051151275635 14.706597328186 21.3387260437012 42.50048828125 5.50639009475708 5.68161106109619 9.35073947906494 9.66321659088135 16.3132972717285 5.97924327850342 8.93711566925049 12.2005186080933 20.0606899261475 20.5464496612549 29.9775562286377 16.4224948883057 5.00942897796631 9.22486591339111 1.61558377742767 1.72640681266785 2.9525032043457 17.6787376403809 4.17829751968384 13.2569723129272 10.2052240371704 7.02346611022949 5.67590522766113 8.40265369415283 17.6420497894287 11.2689332962036 25.5811767578125 11.4773921966553 5.87256717681885 4.46036195755005 3.09813666343689
30.3656940460205 16.1802425384521 10.7798871994019 13.2712306976318 8.97371768951416 14.9735956192017 31.5628452301025 7.73404979705811 8.95437335968018 13.4961881637573 13.9615898132324 9.08044147491455 14.5876111984253 24.135404586792 3.78555631637573 3.00068354606628 5.95397233963013 5.96989917755127 14.6650972366333 9.89091014862061 16.3348541259766 8.00695514678955 13.2574968338013 16.9333209991455 6.74910449981689 8.42053318023682 26.3980770111084 15.9496374130249 16.4432621002197 19.5954933166504 1.98672366142273 2.44855141639709 4.16920471191406 8.90295219421387 3.96105694770813 4.63007068634033 3.99819207191467 5.51332998275757 4.87480211257935 6.07362651824951 4.4202618598938 4.2174129486084 3.94320750236511 3.0360381603241 2.79438400268555
11.8529081344604 10.8166198730469 8.98426532745361 11.9958257675171 7.29281759262085 11.0456838607788 15.5506181716919 7.26890182495117 8.28538703918457 11.4137239456177 11.3265352249146 7.94542455673218 1.48487234115601 1.39530491828918 1.58853542804718 0.911413311958313 1.05567097663879 2.6217315196991 6.40407037734985 20.1355056762695 11.0122184753418 20.9412078857422 11.7417430877686 11.6215877532959 11.0032739639282 4.18632888793945 3.09789991378784 3.39612889289856 1.3493744134903 1.44648134708405 11.2356634140015 1.94043123722076 3.11094951629639 3.61416912078857 13.8046913146973 3.97417378425598 2.87078452110291 4.86851692199707 4.20476818084717 4.85976696014404 4.23902893066406 4.14940357208252 3.54684615135193 4.09431552886963 26.1507339477539
13.043981552124 9.57480812072754 6.39352560043335 8.82461643218994 6.24181127548218 8.87705230712891 11.9410057067871 4.9900541305542 7.61755800247192 9.83530044555664 9.98266220092773 2.58381652832031 1.20910942554474 8.92309856414795 0.767361998558044 0.334886282682419 0.599948644638062 1.20249056816101 1.97182416915894 2.35997438430786 9.81206512451172 8.75962257385254 24.0585670471191 10.6323127746582 5.33259105682373 5.13025856018066 7.68356657028198 1.74074029922485 1.1685163974762 4.05288362503052 1.46105456352234 1.80411422252655 1.59718465805054 1.92297565937042 2.46437335014343 3.18077039718628 2.83575344085693 1.79630172252655 2.97415208816528 3.1903760433197 3.22018456459045 2.43305587768555 3.44521188735962 18.9837474822998 7.6730694770813
10.6743221282959 6.6783013343811 5.74062299728394 7.94225406646729 38.7661819458008 8.25527763366699 19.3666305541992 21.9198226928711 7.08389663696289 6.06542682647705 4.45071411132812 1.88727402687073 2.76188349723816 2.19649982452393 -0.0690500438213348 0.113048866391182 0.486714869737625 1.15315675735474 1.1067830324173 3.42130589485168 5.46132850646973 8.75515651702881 12.1809864044189 9.04741287231445 4.66235017776489 8.47166919708252 5.92102527618408 2.93632578849792 0.889325618743896 0.85097324848175 1.24669289588928 1.24858510494232 1.31420159339905 4.72933197021484 1.64067912101746 2.7755811214447 4.35296010971069 1.24236655235291 1.82686340808868 1.75986182689667 2.30335593223572 1.38901150226593 1.32687127590179 1.10263121128082 0.0780417323112488
18.2401809692383 4.27045631408691 11.372239112854 15.4421834945679 23.4237213134766 7.84731817245483 5.47209548950195 4.7664008140564 5.65256881713867 16.4991607666016 4.37015247344971 18.4948978424072 12.6095695495605 4.56092405319214 11.5281896591187 17.2964706420898 0.408725082874298 0.897572696208954 0.706921219825745 1.21280241012573 2.33982706069946 6.13533401489258 9.46079158782959 9.64869213104248 23.2692775726318 3.68082857131958 14.1294641494751 15.2182664871216 8.48472213745117 15.0949001312256 0.981222331523895 1.15892934799194 1.04794323444366 1.13637673854828 1.5809326171875 2.63131618499756 1.85268449783325 3.92458629608154 1.27158188819885 1.60608661174774 1.87066185474396 1.07932114601135 -0.154814809560776 -0.118293195962906 -0.028408283367753
9.16419887542725 44.7868957519531 28.8526496887207 17.5673637390137 16.6612815856934 17.6809825897217 26.3320693969727 27.6084995269775 39.925163269043 18.4706687927246 4.05329084396362 12.9511518478394 6.11205148696899 4.01130056381226 3.61383986473083 4.2549147605896 5.88295364379883 0.371723473072052 0.36611670255661 1.64940655231476 1.48310005664825 2.39199066162109 5.06190490722656 7.15906095504761 10.7573900222778 33.7167625427246 5.8036904335022 12.6149606704712 5.53502416610718 10.4207773208618 21.9736423492432 15.6105842590332 16.054069519043 1.29207456111908 1.73396646976471 1.70734691619873 1.43944251537323 1.14971840381622 2.98372077941895 1.34124422073364 12.0064401626587 0.988549530506134 9.57985782623291 -0.30528923869133 5.70752573013306
4.99140787124634 27.3797264099121 11.2950897216797 12.3746128082275 13.6813325881958 17.1412677764893 17.3507270812988 23.9799766540527 22.8775405883789 12.1387891769409 6.85053443908691 21.8172092437744 27.72021484375 2.22534203529358 0.838982105255127 1.00462698936462 10.9698944091797 1.25624203681946 10.4660091400146 3.95596551895142 0.837997078895569 2.30284953117371 2.68726420402527 5.44777393341064 18.6868858337402 21.5954856872559 21.6887493133545 9.58931732177734 5.83183908462524 5.13573789596558 6.32962083816528 7.32374238967896 3.43402457237244 25.9995555877686 16.4879894256592 1.62797629833221 1.64249455928802 10.0137548446655 10.1199369430542 1.12575733661652 0.696294248104095 0.971017122268677 3.55972504615784 7.91855621337891 4.60466241836548
