slauniainen/Data/DEM/Vihti_dsm1500b_cl_horizonAngle_108.asc
NCOLS 196 
NROWS 178 
XLLCORNER 353680 
YLLCORNER 6699024 
CELLSIZE 16 
NODATA_value -3.4e+38 
[rows 120 to 139 of 178, columns 46 to 91 of 196]
4.26563119888306 4.8036675453186 6.23866653442383 6.63738679885864 7.10380506515503 7.34477424621582 7.82360744476318 8.37078475952148 8.90709400177002 10.1100721359253 11.6801223754883 10.263599395752 12.669135093689 14.1397266387939 16.0020599365234 17.4967594146729 20.7322750091553 26.7356376647949 53.5942459106445 6.31246614456177 2.40414786338806 1.9258269071579 2.3084888458252 9.24008083343506 4.57703876495361 13.5249805450439 4.98784017562866 15.4676895141602 5.92807245254517 28.4997005462646 2.73971271514893 4.47887086868286 3.21938109397888 4.8283543586731 10.8356704711914 13.2064790725708 19.7324371337891 3.90116453170776 3.43685054779053 3.58638095855713 3.64309453964233 3.92512273788452 3.78049516677856 4.23259449005127 4.33522701263428 4.51095008850098
4.09785747528076 4.40575504302979 4.55096340179443 4.70561552047729 5.28372812271118 7.76706886291504 8.46072387695312 9.26704597473145 9.16960906982422 10.1694078445435 11.7606019973755 14.6093244552612 18.3381748199463 24.4460773468018 14.8699407577515 19.1913967132568 22.1557140350342 27.7368850708008 44.9149322509766 14.034854888916 4.05991077423096 2.17557621002197 10.9099645614624 2.43054008483887 4.12452411651611 3.17002105712891 10.418848991394 5.39255523681641 2.78802347183228 3.68820023536682 9.35823059082031 3.96533679962158 5.85138416290283 5.79053211212158 7.33126735687256 10.5261363983154 27.5873928070068 3.28371858596802 12.118579864502 3.3503315448761 3.65294933319092 3.74195194244385 3.81417536735535 4.15922355651855 4.35485363006592 9.38928985595703
10.0884494781494 9.88219738006592 4.30635404586792 4.42005109786987 4.89489650726318 5.07726049423218 5.27942562103271 6.49387454986572 10.562912940979 12.0363130569458 13.9223194122314 14.7596893310547 18.6122932434082 24.9054775238037 43.9492225646973 6.40869855880737 20.4289054870605 24.0451507568359 47.6144104003906 2.77413105964661 4.78507566452026 6.01919078826904 1.90561532974243 13.1061897277832 3.59904026985168 4.98408126831055 13.3951683044434 14.61070728302 4.27672576904297 4.91132688522339 4.94517803192139 6.18037223815918 8.23342704772949 8.73673248291016 20.4620189666748 9.13181304931641 11.5901594161987 8.50052928924561 13.7761859893799 4.22753524780273 3.96913647651672 3.47858619689941 3.76219177246094 4.05884456634521 4.3587908744812 4.84300470352173
16.1643543243408 16.0938873291016 15.2074060440063 14.9591369628906 14.7209987640381 4.70565748214722 4.83692502975464 5.02239274978638 5.78188896179199 6.84761238098145 8.83943557739258 17.4774646759033 22.0655956268311 29.3310813903809 44.3699531555176 9.67075443267822 30.7799968719482 26.8269195556641 34.9712715148926 6.87578153610229 5.1037015914917 5.33546733856201 19.872013092041 1.20370614528656 5.37515544891357 5.55619430541992 9.58880138397217 9.08895778656006 8.29790592193604 15.2337064743042 5.15070199966431 6.04731559753418 8.63689422607422 9.34808254241943 15.5483570098877 17.4204120635986 13.8044309616089 6.05554628372192 5.60346364974976 6.16298198699951 2.81850600242615 2.91742849349976 3.41843318939209 4.11534929275513 4.6561222076416 5.14837884902954
17.2276878356934 21.58762550354 28.6721668243408 33.1885871887207 33.207633972168 31.746618270874 31.2784805297852 30.7327785491943 5.30542469024658 5.54316997528076 5.88603544235229 6.87758255004883 11.0922727584839 14.3084945678711 50.2677879333496 2.2780225276947 9.56674861907959 52.005256652832 3.07804751396179 4.50520706176758 17.3613243103027 9.20508766174316 1.44705677032471 1.35101139545441 1.40332794189453 3.71127080917358 10.9024076461792 15.2793264389038 2.656414270401 10.9778957366943 5.81696462631226 14.9589014053345 8.76469326019287 12.7476596832275 32.2729263305664 12.9213256835938 16.8294525146484 9.23230266571045 2.44339323043823 2.55870532989502 17.3857345581055 2.70111060142517 2.97534680366516 3.47695827484131 3.74718332290649 4.72262001037598
34.4287948608398 28.0147247314453 27.5755577087402 49.6056137084961 14.644736289978 1.311075091362 1.71078240871429 2.65333199501038 2.23192548751831 1.8296103477478 6.06855916976929 6.49605989456177 6.76442003250122 7.30896711349487 9.09396362304688 34.4080657958984 15.0530281066895 6.00191974639893 34.3581428527832 34.8342018127441 1.28961753845215 1.94691789150238 1.68384420871735 10.1697721481323 4.07664203643799 1.86719226837158 2.00365328788757 13.337703704834 3.09918189048767 4.81262159347534 7.69218301773071 16.2340469360352 12.2999076843262 16.856029510498 17.2532539367676 18.6831836700439 3.62500691413879 9.1655445098877 2.39977312088013 2.46955800056458 3.77610683441162 15.0908508300781 2.56209874153137 2.96568155288696 3.38809823989868 4.1862645149231
0.989857733249664 4.14993333816528 2.101313829422 10.8462982177734 21.0949993133545 1.32938516139984 7.49776315689087 12.5938701629639 16.6204681396484 1.95864832401276 2.46734833717346 8.87360763549805 7.05984592437744 7.65495872497559 8.33472156524658 8.78645801544189 9.80277252197266 14.1398868560791 17.2409286499023 32.4756317138672 29.7618408203125 1.38959264755249 14.9766206741333 1.33753442764282 1.92753899097443 2.19749331474304 5.56161594390869 2.54730081558228 2.67704939842224 3.34282159805298 3.97643518447876 6.28772640228271 11.6814613342285 26.1718616485596 7.70797967910767 22.1808948516846 1.87579047679901 3.21223950386047 2.46953701972961 24.7849216461182 2.19655251502991 2.48742461204529 2.70971059799194 3.15704083442688 3.81270956993103 4.3552303314209
8.08341217041016 1.32344996929169 4.06332731246948 13.0312700271606 20.6062927246094 1.28140842914581 6.90730619430542 6.854079246521 22.0450229644775 1.49931931495667 1.5666538476944 1.70671331882477 9.67739772796631 10.559718132019 11.5970268249512 9.41987609863281 10.5219306945801 11.9284477233887 14.5415258407593 18.9102554321289 39.539436340332 6.90284490585327 11.3813610076904 2.13086533546448 2.82718062400818 3.30224847793579 3.90292143821716 6.88249731063843 18.0580711364746 2.60990142822266 5.38499784469604 6.47340631484985 7.21484088897705 8.40641307830811 13.9598770141602 16.528018951416 3.35325336456299 2.74267172813416 4.85907506942749 4.73834133148193 13.7783975601196 3.14233350753784 2.62010216712952 3.05311131477356 4.33341360092163 4.93488931655884
7.57655096054077 0.781441032886505 19.4611511230469 5.50665903091431 10.8783884048462 6.67803001403809 11.9880657196045 7.72435331344604 2.21193957328796 7.18978071212769 2.76448917388916 1.77633988857269 2.96317863464355 2.9871928691864 7.00694704055786 13.2649154663086 14.9260950088501 16.964672088623 15.0075883865356 18.9795036315918 36.9998970031738 11.904730796814 6.18948221206665 16.1753692626953 1.82260584831238 4.28717088699341 11.1005983352661 3.72465348243713 3.64783143997192 15.2893524169922 2.59930062294006 2.97433757781982 3.04971742630005 5.86947345733643 19.5209808349609 3.1277117729187 6.79463815689087 10.6564903259277 5.75258827209473 2.92135572433472 8.14326572418213 2.77585291862488 2.54433441162109 3.39139175415039 4.40501880645752 5.17725276947021
3.32435250282288 3.86918473243713 18.0925731658936 7.80652284622192 11.7176561355591 12.0541973114014 0.870950520038605 8.96453189849854 2.56685042381287 6.01529693603516 9.98689556121826 4.29129695892334 2.8743622303009 1.82490229606628 2.39036273956299 7.65316438674927 8.63616371154785 9.57067680358887 21.3734188079834 26.8241367340088 35.7493553161621 18.1834774017334 4.94309186935425 8.52112483978271 5.06625366210938 14.6462125778198 3.22488594055176 18.2442264556885 3.49503803253174 2.68777704238892 2.35374855995178 2.65925192832947 2.95302200317383 2.97329878807068 7.86980819702148 3.14377880096436 3.7713770866394 13.0563850402832 3.34495663642883 11.9294872283936 3.34399747848511 3.27811145782471 3.77806496620178 4.17455291748047 4.792555809021 4.83279705047607
24.4793910980225 4.44642686843872 16.7090663909912 9.50908946990967 0.874448239803314 14.9695682525635 5.33208799362183 0.581376492977142 23.5539512634277 1.6579407453537 2.87584185600281 19.2768974304199 2.52006125450134 8.5399751663208 10.0367527008057 2.61221075057983 8.18414402008057 9.47275161743164 10.6324510574341 13.8982400894165 17.4523811340332 56.8422508239746 0.622698664665222 5.80364894866943 17.935375213623 9.16602897644043 4.42941093444824 10.2863759994507 10.8279237747192 21.7988796234131 2.56214904785156 19.2317314147949 2.80706095695496 2.6761794090271 2.89530396461487 14.8450450897217 12.7600517272949 15.063437461853 3.24906659126282 4.41636228561401 3.54941701889038 3.8491735458374 4.19301605224609 4.76095962524414 5.49080562591553 6.3449559211731
4.73345899581909 21.7578411102295 10.3261337280273 13.3715219497681 36.2320327758789 4.49468612670898 10.7186622619629 6.10535955429077 0.944398880004883 1.42680335044861 2.34882187843323 3.24668502807617 7.08552408218384 13.5252742767334 28.9844741821289 11.8554954528809 2.11172437667847 9.22408485412598 10.4506978988647 11.9065866470337 15.2010040283203 19.0923671722412 43.1810722351074 5.12573719024658 5.61704111099243 8.83949661254883 17.1196250915527 14.8107786178589 35.2404251098633 6.7364068031311 2.24004507064819 2.71362233161926 2.82260608673096 2.88367199897766 3.27772283554077 26.1451263427734 6.51237392425537 3.08649802207947 3.59657144546509 6.05618000030518 3.68395066261292 4.40844345092773 5.70896244049072 6.5778751373291 7.87646198272705 8.09867286682129
5.12714338302612 6.76306819915771 6.92817115783691 30.2789516448975 10.9364757537842 39.4928550720215 0.887121975421906 26.0314273834229 4.63312005996704 5.50455284118652 1.97803735733032 2.34605073928833 36.7112464904785 2.79924273490906 26.7049427032471 2.69237756729126 13.9692239761353 2.59326410293579 5.09699010848999 5.34618330001831 14.8578729629517 18.6164093017578 25.0225811004639 34.0873680114746 4.867600440979 18.3492393493652 21.7237644195557 37.9262924194336 19.5865898132324 13.6151475906372 2.32523775100708 2.34237885475159 2.70680665969849 3.58230185508728 17.2469825744629 3.51935887336731 3.62740850448608 14.1312131881714 3.89623475074768 3.80477905273438 4.34960174560547 6.1704421043396 6.66961336135864 7.55495023727417 7.74746036529541 13.5517816543579
23.8352661132812 4.59359312057495 7.6479640007019 8.31639671325684 20.2287502288818 7.42577028274536 23.670597076416 1.39774024486542 9.89470481872559 12.8520154953003 17.8782749176025 2.48229122161865 5.18229293823242 3.26985692977905 3.39681267738342 6.45346879959106 3.46267509460449 4.07333993911743 4.16099214553833 4.83568620681763 6.1531023979187 7.67212247848511 10.2119264602661 45.658031463623 2.06010413169861 8.69181442260742 14.7665214538574 19.3501720428467 46.8860549926758 6.19517469406128 10.2666120529175 2.13461375236511 3.04564714431763 3.4324631690979 8.44879627227783 4.22996854782104 5.03890180587769 5.11033010482788 5.61279344558716 4.8690333366394 6.42476367950439 8.75543975830078 8.12879753112793 18.2991409301758 13.3764905929565 22.7520561218262
10.9619073867798 9.80448627471924 15.0857133865356 8.00850868225098 16.1843414306641 12.4588222503662 8.47034645080566 8.69008827209473 13.4579944610596 7.23161125183105 12.2081537246704 32.6162528991699 2.92402076721191 14.9735507965088 2.63852953910828 3.04083251953125 4.34708786010742 5.31082725524902 6.32385015487671 7.92082214355469 11.0388193130493 5.18520259857178 5.45537233352661 20.7033042907715 5.45477819442749 8.88978004455566 9.53145122528076 11.6635866165161 12.9026107788086 39.6179618835449 21.2591667175293 2.24678468704224 3.04855918884277 3.52872014045715 3.40335845947266 3.7718710899353 3.77041983604431 5.37831211090088 6.84041023254395 10.6250505447388 13.474889755249 14.6748390197754 15.5707273483276 16.3179149627686 19.4892425537109 26.1944408416748
18.9910564422607 13.357177734375 12.3387470245361 15.3212366104126 22.3267230987549 11.252836227417 5.57814645767212 8.64048957824707 12.7921323776245 8.23416328430176 9.35744476318359 24.6210803985596 10.4745435714722 7.80771160125732 3.10371613502502 11.5712413787842 4.3290548324585 5.13987255096436 5.71838998794556 6.18384313583374 7.26830959320068 23.0066776275635 4.46165370941162 9.97813510894775 6.4477744102478 7.1389799118042 6.65912342071533 11.2793455123901 13.3889751434326 18.1031112670898 39.8338241577148 3.19848418235779 3.34819984436035 3.93026423454285 4.05325078964233 8.03573989868164 5.5432391166687 4.58589601516724 10.2755098342896 13.7088804244995 13.6515331268311 16.9587249755859 18.7403564453125 19.8159656524658 21.6155490875244 30.1484241485596
11.3303871154785 7.11455583572388 33.4906921386719 4.75025033950806 19.6734886169434 23.3118419647217 4.24989318847656 6.78295755386353 13.48046875 22.657018661499 5.25008296966553 10.5452671051025 32.22607421875 2.23859572410583 2.66452598571777 2.77790236473083 3.6780731678009 4.82877922058105 4.9009804725647 5.86850738525391 6.51875495910645 8.0685338973999 10.9225635528564 13.6874494552612 19.8640918731689 4.88395500183105 7.82423782348633 8.30244922637939 10.7973480224609 13.0150814056396 43.5862770080566 3.74663686752319 3.46707129478455 4.08028221130371 5.08012628555298 13.8014240264893 4.43188190460205 9.08111190795898 10.7340621948242 12.1109504699707 11.6937990188599 16.2436408996582 17.3412761688232 19.5695610046387 26.0113296508789 25.3131637573242
14.0691518783569 20.9280738830566 11.5182304382324 14.5789051055908 8.80029010772705 13.0125093460083 21.5796585083008 3.86892366409302 7.22538709640503 8.11464595794678 36.0029678344727 3.50436162948608 21.3995723724365 10.5635442733765 20.7408676147461 2.11132788658142 4.14278554916382 8.99209213256836 4.66797018051147 4.53058671951294 5.14781188964844 5.29459571838379 8.40855979919434 9.51214408874512 13.199818611145 35.1292037963867 5.81409454345703 20.0274696350098 8.48111820220947 30.715518951416 6.12788534164429 6.96723508834839 9.18517684936523 15.227765083313 7.61061811447144 10.4897203445435 7.19880247116089 7.5282301902771 8.60442447662354 10.543288230896 13.5661754608154 18.4966049194336 23.9918270111084 28.4712924957275 24.8534851074219 34.6438636779785
12.9199075698853 18.4587535858154 23.4509601593018 11.2021818161011 21.5451927185059 6.73396015167236 18.2481670379639 9.21951198577881 4.59503316879272 10.0905656814575 29.3824157714844 19.8948497772217 2.94846224784851 6.81385517120361 2.68458342552185 2.80195188522339 3.10584473609924 12.7793827056885 16.4095764160156 22.2799282073975 21.2073364257812 9.06556510925293 5.55941295623779 5.45056819915771 5.71186304092407 13.5977144241333 14.2217788696289 36.9610252380371 4.66749382019043 4.51112270355225 5.67444324493408 8.66413402557373 13.6114282608032 26.3575954437256 24.5983867645264 24.1097469329834 14.9238719940186 5.20077323913574 5.52281475067139 9.42995548248291 12.0469818115234 19.0789108276367 24.3381309509277 29.2016830444336 27.9019222259521 18.4260635375977
25.4737758636475 13.8565549850464 22.2649917602539 26.6305027008057 11.963794708252 16.2156810760498 4.74496459960938 14.6804943084717 5.68453168869019 2.69645476341248 27.0951404571533 4.57865381240845 10.4346408843994 3.00993990898132 2.49933362007141 3.07966184616089 3.47937393188477 13.1583671569824 7.17475366592407 7.69602012634277 41.9846229553223 3.56448602676392 3.82989096641541 8.53916835784912 5.27098083496094 5.73723316192627 7.52633905410767 10.0289220809937 45.5053367614746 4.56502723693848 4.12245941162109 6.67040205001831 18.7385025024414 30.9016017913818 25.3663063049316 11.064977645874 18.713191986084 4.33779001235962 4.37382745742798 5.36996746063232 8.96966171264648 15.0933065414429 32.4367599487305 18.3737888336182 24.0078907012939 10.6395463943481
