slauniainen/Data/DEM/Vihti_dem1500b_cl_horizonAngle_174.asc
NCOLS 196 
NROWS 178 
XLLCORNER 353680 
YLLCORNER 6699024 
CELLSIZE 16 
NODATA_value -3.4e+38 
[rows 0 to 19 of 178, columns 90 to 134 of 196]
1.28293216228485 -1.39751386642456 -1.64232087135315 -1.71148276329041 -1.22640538215637 -1.54342460632324 -1.40495109558105 1.76267063617706 -0.289746850728989 0.121915802359581 0.49787911772728 0.741314589977264 0.924820184707642 1.03031885623932 1.07943880558014 1.15634751319885 1.22088551521301 1.27142190933228 1.28380525112152 1.28418922424316 1.28522884845734 1.26625514030457 1.26186275482178 1.27098107337952 1.29818165302277 1.32028043270111 1.344482421875 1.32119345664978 1.27731931209564 1.21362781524658 1.24116384983063 1.30855798721313 1.37078320980072 1.42055213451385 1.48427379131317 1.59136605262756 1.51455688476562 1.34493112564087 1.30823564529419 1.29253029823303 1.27356708049774 1.27533757686615 1.27583968639374 3.45974278450012 4.42613220214844
-1.2505841255188 -1.3700532913208 -1.59316265583038 -1.65830194950104 -1.61721122264862 -1.43841600418091 -1.25444996356964 -0.713183462619781 -0.12397214025259 0.231847554445267 0.591716825962067 0.852155148983002 1.0322517156601 1.14170658588409 1.18227291107178 1.2452073097229 1.3129585981369 1.33609867095947 1.34799754619598 1.35196995735168 1.34737014770508 1.33174848556519 1.3371307849884 1.33211505413055 1.34108066558838 1.35216796398163 1.3702437877655 1.34940207004547 1.34005427360535 1.31945192813873 1.26843059062958 1.33763384819031 1.4003986120224 1.45060932636261 1.51523756980896 1.61614739894867 1.53380513191223 1.38994216918945 1.36493277549744 1.3496105670929 1.32769894599915 1.33278727531433 1.32554984092712 4.13112020492554 4.962082862854
-1.15949821472168 -1.23828196525574 -1.49622690677643 -1.54856061935425 -1.47922778129578 -1.31047785282135 -1.1085661649704 -0.442060083150864 -0.0258139967918396 0.339225381612778 0.67013019323349 0.983959138393402 1.13547158241272 1.22958087921143 1.29131650924683 1.35971927642822 1.38487231731415 1.41100633144379 1.41849565505981 1.41652166843414 1.41629612445831 1.4068351984024 1.40171134471893 1.38556587696075 1.38699305057526 1.38827347755432 1.40736472606659 1.38120353221893 1.37616968154907 1.37519359588623 1.34590947628021 1.36746549606323 1.43025696277618 1.47862684726715 1.56812036037445 1.6228973865509 1.56898164749146 1.42987287044525 1.42412221431732 1.40299093723297 1.38192665576935 1.37985646724701 1.37049198150635 2.65328168869019 5.16006326675415
-1.06278085708618 -0.967528462409973 -1.16259253025055 -1.24327266216278 -1.22462069988251 -1.1146479845047 -0.677249133586884 -0.147444114089012 0.0730194374918938 0.395754486322403 0.811149060726166 1.05652058124542 1.23309540748596 1.30145311355591 1.35914993286133 1.41544485092163 1.44801366329193 1.46280169487 1.47004663944244 1.47682762145996 1.47766351699829 1.4677118062973 1.45576155185699 1.43660795688629 1.42827212810516 1.42745530605316 1.44112539291382 1.42816150188446 1.40900206565857 1.40562009811401 1.37671780586243 1.39860284328461 1.46055734157562 1.51027154922485 1.53861808776855 1.66674244403839 1.6012864112854 1.46478223800659 1.46069264411926 1.45160329341888 1.43287336826324 1.42174470424652 1.41319453716278 1.69931256771088 7.36803245544434
-0.922140538692474 -0.699965059757233 -0.659967184066772 -0.789551079273224 -0.868654251098633 -0.514432907104492 -0.146101638674736 0.274709433317184 0.611435890197754 0.735977947711945 0.996244966983795 1.17061924934387 1.32906699180603 1.37500059604645 1.42694067955017 1.46520245075226 1.48782861232758 1.49745237827301 1.51184952259064 1.51470017433167 1.5121363401413 1.50350534915924 1.49205577373505 1.47607779502869 1.46686291694641 1.46766757965088 1.46787750720978 1.47897255420685 1.44904482364655 1.43651616573334 1.40626895427704 1.41935861110687 1.49310994148254 1.53505265712738 1.56288301944733 1.70081043243408 1.69889426231384 1.58516347408295 1.48526263237 1.48639166355133 1.47398591041565 1.45960032939911 1.44780397415161 2.51174235343933 12.0554065704346
-0.797237873077393 -0.500646770000458 -0.296524375677109 -0.258921444416046 -0.228335201740265 -0.0250593777745962 0.216546729207039 0.571298897266388 0.736274182796478 0.919505953788757 1.11624503135681 1.2479236125946 1.37185513973236 1.42635667324066 1.47757315635681 1.51150822639465 1.52820384502411 1.54298150539398 1.55059158802032 1.55060398578644 1.54630124568939 1.53635251522064 1.52605211734772 1.51660430431366 1.51074945926666 1.51012790203094 1.50497341156006 1.51452851295471 1.48398327827454 1.46871280670166 1.43711590766907 1.4017379283905 1.49692904949188 1.55552875995636 1.57425343990326 1.67471134662628 1.73873043060303 1.68180596828461 1.52699947357178 1.51840674877167 1.50796449184418 1.4836437702179 1.47478771209717 3.06951141357422 5.18766307830811
-0.566263794898987 -0.249286726117134 -0.00432078167796135 0.12664869427681 0.228871613740921 0.359746158123016 0.541569173336029 0.781859993934631 0.94496887922287 1.09898042678833 1.20012629032135 1.32158470153809 1.40762770175934 1.45686995983124 1.50302386283875 1.54205477237701 1.56365060806274 1.60310781002045 1.61704325675964 1.60261940956116 1.58176028728485 1.57418978214264 1.56291854381561 1.55813455581665 1.55699515342712 1.54623258113861 1.53676176071167 1.55193626880646 1.52072465419769 1.50213348865509 1.47843611240387 1.42783641815186 1.50647473335266 1.56937968730927 1.61213374137878 1.67831826210022 1.78582739830017 1.71133530139923 1.55051052570343 1.54584264755249 1.5365389585495 1.52030515670776 1.51426136493683 1.41246867179871 1.11022627353668
-0.290456354618073 0.0509511083364487 0.290757209062576 0.447423905134201 0.581388175487518 0.704086363315582 0.840800166130066 0.99742978811264 1.12731385231018 1.19854438304901 1.29201316833496 1.35501837730408 1.44978141784668 1.49407720565796 1.5773503780365 1.60698533058167 1.6410825252533 1.68654704093933 1.69743633270264 1.66246724128723 1.63039422035217 1.62027871608734 1.60620701313019 1.59850585460663 1.59244787693024 1.58095943927765 1.57025027275085 1.59121656417847 1.558518409729 1.54223120212555 1.54113531112671 1.50737130641937 1.5471647977829 1.61751866340637 1.67408311367035 1.68946087360382 1.82917296886444 1.75801348686218 1.59255909919739 1.58356904983521 1.56885266304016 1.5531245470047 1.54274106025696 1.50929474830627 1.29274880886078
-0.0500499233603477 0.296460509300232 0.539283514022827 0.689058661460876 0.820607721805573 0.952800333499908 1.04836130142212 1.14257144927979 1.19361793994904 1.28222072124481 1.3679473400116 1.435631275177 1.50388991832733 1.59951555728912 1.65506398677826 1.68326640129089 1.70587480068207 1.7415953874588 1.79077923297882 1.7431708574295 1.68399441242218 1.66043865680695 1.64705109596252 1.63348484039307 1.62727737426758 1.61524271965027 1.60992288589478 1.63263440132141 1.59861123561859 1.58053541183472 1.58232736587524 1.54717922210693 1.58931791782379 1.66142141819 1.72203922271729 1.78910541534424 1.86970746517181 1.79370057582855 1.63847982883453 1.62862122058868 1.61762666702271 1.60146582126617 1.58477580547333 1.5876145362854 1.56702220439911
0.134556069970131 0.436737447977066 0.654891014099121 0.860568284988403 0.99688583612442 1.09217464923859 1.26434993743896 1.37237191200256 1.49997186660767 1.47254431247711 1.46527945995331 1.49795138835907 1.58738768100739 1.68580210208893 1.71059548854828 1.73440897464752 1.76527369022369 1.80240213871002 1.85914790630341 1.78651404380798 1.72644519805908 1.70073270797729 1.68605899810791 1.67288661003113 1.662712931633 1.65044915676117 1.65111172199249 1.67707216739655 1.64221739768982 1.6199836730957 1.61986517906189 1.58400201797485 1.63160634040833 1.70297288894653 1.76661098003387 1.84175407886505 1.97012364864349 1.8774071931839 1.67305660247803 1.66677308082581 1.6501396894455 1.6399210691452 1.62393891811371 1.62725627422333 1.64084446430206
0.135022029280663 0.492777824401855 0.772708654403687 1.02527165412903 1.27130961418152 1.88219749927521 1.96894872188568 2.03050589561462 1.91972744464874 1.82254600524902 1.72193694114685 1.70037519931793 1.6494083404541 1.7327481508255 1.7677435874939 1.78581154346466 1.81469440460205 1.86254453659058 1.89691746234894 1.82944130897522 1.77897524833679 1.74276697635651 1.72786486148834 1.71303749084473 1.69838976860046 1.69002866744995 1.69928050041199 1.72489476203918 1.68985021114349 1.66341626644135 1.65957868099213 1.62528121471405 1.67486751079559 1.74765312671661 1.81265842914581 1.89251971244812 2.03169870376587 1.94666051864624 1.72301924228668 1.69883632659912 1.68441569805145 1.66856563091278 1.65500140190125 1.65853476524353 1.68782567977905
0.24447762966156 0.573404371738434 0.929619133472443 1.29720389842987 1.86800479888916 2.53809642791748 3.05894112586975 3.05798768997192 2.95527172088623 2.60781502723694 2.26958703994751 2.00315070152283 1.81267642974854 1.77442979812622 1.81007587909698 1.82588565349579 1.87002348899841 1.92108929157257 1.93364405632019 1.90264368057251 1.84384655952454 1.8295476436615 2.87669634819031 1.74554324150085 1.74464404582977 1.74661505222321 1.7489640712738 1.77388978004456 1.73743188381195 1.70754265785217 1.70279276371002 1.66469061374664 1.72142219543457 1.79774904251099 1.86480045318604 1.94522929191589 2.08428335189819 1.99720990657806 1.80469512939453 1.72412979602814 1.73724436759949 1.71424078941345 1.70169508457184 1.69629979133606 1.71408212184906
0.404754370450974 0.637874662876129 1.15369629859924 1.54430341720581 2.68020391464233 3.64188933372498 3.84121584892273 4.02100467681885 3.7490086555481 3.4194540977478 3.05646204948425 2.6215660572052 2.21288776397705 1.93938446044922 1.84849750995636 1.87459719181061 1.91444754600525 1.9913158416748 2.01702427864075 2.04546141624451 2.36678862571716 2.13262915611267 1.79193937778473 1.76479840278625 1.7927280664444 1.78715348243713 1.79800069332123 1.82566523551941 1.82082974910736 1.76542723178864 1.74884796142578 1.70944619178772 1.76953673362732 1.84720551967621 1.91255307197571 1.98706150054932 2.13362145423889 2.0409779548645 1.85910487174988 1.81458067893982 1.77161574363708 1.75947892665863 1.73610556125641 1.73318517208099 1.74359977245331
0.478667825460434 0.685837507247925 1.19826602935791 1.66452133655548 2.05360007286072 2.12077450752258 3.49596309661865 4.33305692672729 4.24773645401001 3.89305686950684 3.5123987197876 3.00870633125305 2.6319465637207 2.28960204124451 2.04364085197449 1.91596412658691 1.98595321178436 2.07694888114929 2.17734503746033 2.22226238250732 2.20136499404907 2.15088748931885 2.06960272789001 1.9784893989563 2.54217290878296 1.83146941661835 1.83887338638306 1.86060965061188 1.88601791858673 1.84525406360626 1.79597771167755 1.75805079936981 1.79655957221985 1.89499032497406 1.96095883846283 2.03926038742065 2.18821716308594 2.20026230812073 2.04685616493225 1.8750331401825 1.84389436244965 1.79883205890656 1.78000259399414 1.77742886543274 1.78042042255402
0.548623323440552 0.727616250514984 1.25405812263489 1.66811525821686 1.89878034591675 1.92657148838043 2.23429203033447 3.38725090026855 4.2334303855896 4.23260164260864 3.62360334396362 3.1390974521637 2.78736090660095 2.60304355621338 2.37871766090393 1.96995830535889 2.03903222084045 2.18202877044678 2.31219387054443 2.3782844543457 2.46854043006897 2.51206541061401 2.28611254692078 2.13568329811096 4.18836355209351 2.35152864456177 1.92970979213715 1.91618251800537 1.94314169883728 1.90264236927032 1.84756922721863 1.80783438682556 1.78834009170532 1.89831817150116 1.97668290138245 2.05482196807861 2.16048550605774 2.27624654769897 2.18005561828613 1.94273102283478 1.91406202316284 1.84276497364044 1.82763707637787 1.82150232791901 1.83579361438751
0.611370801925659 0.786416053771973 1.27768099308014 1.69141018390656 1.92520523071289 1.9356027841568 1.90906000137329 2.30690574645996 3.31614661216736 3.89782500267029 3.574551820755 3.05395579338074 2.92859077453613 2.79189109802246 2.55774903297424 2.22335743904114 2.12723588943481 2.3036253452301 2.44435286521912 2.65966701507568 2.81451892852783 2.83642244338989 2.71614098548889 2.41198825836182 2.20084762573242 3.0173397064209 2.11651396751404 1.98712980747223 2.00534439086914 1.96514213085175 1.91473340988159 1.88263034820557 1.84721565246582 1.94717705249786 2.02627491950989 2.09879279136658 2.18730163574219 2.33477854728699 2.25201940536499 2.02043533325195 1.96978759765625 1.8910698890686 1.88069295883179 1.87095272541046 1.87982606887817
0.661343991756439 0.765017867088318 1.31983304023743 1.74410450458527 1.97941327095032 1.96615815162659 1.92402017116547 1.8033139705658 1.69710600376129 2.49480152130127 3.00190496444702 3.11424160003662 3.12378907203674 2.94946789741516 2.72650504112244 2.35775423049927 2.15218710899353 2.33634161949158 2.49951791763306 2.8618311882019 3.07573556900024 3.10358548164368 2.9726231098175 2.77758359909058 2.4004442691803 2.23708009719849 2.23316407203674 2.09135580062866 2.06861066818237 2.02985715866089 1.97518670558929 1.96474134922028 1.92235934734344 2.01130986213684 2.09239983558655 2.17077660560608 2.261234998703 2.41416025161743 2.32362079620361 2.08086585998535 2.05464363098145 1.95161998271942 1.94060742855072 1.93639981746674 1.94050788879395
0.702491223812103 0.813488483428955 1.20294797420502 1.80226159095764 2.03258752822876 2.01336431503296 1.95286667346954 1.82251620292664 1.68452930450439 1.57549130916595 1.64809346199036 2.42291665077209 2.929194688797 2.95712471008301 2.63636660575867 2.39336681365967 2.1533842086792 2.36642146110535 2.54447388648987 2.93097281455994 3.20013976097107 3.25857734680176 3.1196026802063 2.91911292076111 2.613121509552 2.39003658294678 2.30508637428284 2.20449781417847 2.11444640159607 2.08277630805969 2.02776288986206 2.02315926551819 1.98071980476379 2.07716059684753 2.16446042060852 2.24301600456238 2.34648585319519 2.50576829910278 2.40231513977051 2.14875435829163 2.09571838378906 2.04374146461487 2.01722025871277 1.99878108501434 1.99296033382416
0.768212258815765 0.885722041130066 1.00233972072601 1.57511901855469 2.01728391647339 2.12004709243774 2.03407382965088 1.92501878738403 1.72011935710907 1.59178912639618 1.49236190319061 1.50927746295929 1.58131814002991 1.70384538173676 1.82241034507751 1.91649508476257 2.16199851036072 2.38105750083923 2.58356642723083 2.97429919242859 3.26219987869263 3.32961416244507 3.18549084663391 2.98711037635803 2.72904896736145 2.51606678962708 2.37363433837891 2.2636296749115 2.16587376594543 2.12700772285461 2.08079767227173 2.07629537582397 2.03485417366028 2.14459300041199 2.24060535430908 2.32240104675293 2.43753218650818 2.59634208679199 2.47968220710754 2.2254638671875 2.14379930496216 2.11932587623596 2.09173035621643 2.05796527862549 2.04873704910278
0.827543795108795 0.961498558521271 1.07816445827484 1.51834356784821 1.95447552204132 2.18369174003601 2.14964723587036 2.09110832214355 1.86663484573364 1.64302039146423 1.52814221382141 1.53783345222473 1.59242153167725 1.71606528759003 1.83686220645905 1.9358993768692 2.16117095947266 2.3915536403656 2.60916137695312 3.01932859420776 3.30492687225342 3.37299394607544 3.24791049957275 3.04595303535461 2.7733519077301 2.57467937469482 2.43638801574707 2.33248996734619 2.24147081375122 2.1902551651001 2.13991618156433 2.13573694229126 2.08896565437317 2.20704102516174 2.31422543525696 2.40590691566467 2.53670406341553 2.69342589378357 2.56333065032959 2.25691318511963 2.21520090103149 2.19095015525818 2.16149377822876 2.14200782775879 2.10884928703308
