slauniainen/Data/DEM/Vihti_dsm1500b_cl_horizonAngle_150.asc
NCOLS 196 
NROWS 178 
XLLCORNER 353680 
YLLCORNER 6699024 
CELLSIZE 16 
NODATA_value -3.4e+38 
[rows 100 to 119 of 178, columns 0 to 45 of 196]
4.12018585205078 5.10272550582886 35.3483848571777 8.66393947601318 6.17291402816772 0.116253919899464 -0.19952292740345 3.57600092887878 2.73390960693359 6.18746662139893 3.02132201194763 6.53978776931763 12.7346687316895 7.28327798843384 8.90909194946289 5.12054014205933 5.25546884536743 5.30117559432983 4.90454626083374 6.40665245056152 5.35647916793823 6.94356393814087 5.97822284698486 7.81588172912598 8.61367034912109 8.93702411651611 7.56914234161377 7.12127637863159 3.47959661483765 3.50711965560913 3.46055793762207 4.03326463699341 3.64222502708435 3.6778872013092 3.26219820976257 3.8574013710022 20.1170616149902 42.7420959472656 10.491720199585 4.00397205352783 1.20429039001465 31.8870315551758 41.3980178833008 42.4520492553711 38.704288482666 0.27053102850914
6.20417070388794 4.66631460189819 6.10512590408325 3.45547318458557 1.08324706554413 -0.252102375030518 1.37219452857971 2.33324837684631 5.00652170181274 7.03244876861572 3.15915727615356 3.75022864341736 12.6186437606812 20.2918643951416 11.0502805709839 5.10913991928101 5.53563213348389 5.48971939086914 5.8613429069519 5.67189836502075 7.17371845245361 5.78885889053345 7.83601379394531 7.48081970214844 9.23471450805664 9.59878063201904 8.69893550872803 7.69084501266479 3.86893391609192 3.56185412406921 3.58936047554016 3.68493342399597 4.13887453079224 3.72500228881836 3.75976490974426 3.09598565101624 17.2636814117432 41.2585105895996 11.3569068908691 0.637022733688354 1.22695183753967 5.32936811447144 1.38304579257965 0.836136937141418 12.4772729873657 11.7872314453125
7.0328426361084 5.33712959289551 7.53187322616577 16.6056385040283 6.55636787414551 2.35642600059509 2.03903555870056 6.31944751739502 4.00859498977661 2.98020219802856 9.79843616485596 3.43385863304138 10.9512243270874 30.4394950866699 11.9194917678833 17.6485538482666 5.80030012130737 6.15692901611328 6.01355504989624 6.56640911102295 7.62764072418213 6.50733757019043 8.55877113342285 7.20191383361816 9.18560409545898 10.2717790603638 10.6277389526367 8.89973068237305 8.69113254547119 4.00678491592407 3.67520594596863 3.69975399971008 4.28261756896973 3.87830400466919 3.88461375236511 3.3683180809021 3.38088297843933 40.9997482299805 15.4039821624756 0.98802661895752 0.5763338804245 1.96815860271454 12.4310321807861 2.94603109359741 1.98622524738312 0.652108013629913
8.18242931365967 8.84480857849121 6.68264198303223 12.1843013763428 8.87907123565674 9.45085620880127 3.92403435707092 2.51045775413513 0.253952354192734 7.81627464294434 11.9662456512451 3.6476719379425 4.17754888534546 30.2354831695557 2.46063375473022 27.3426494598389 5.92197322845459 6.5517315864563 6.73511409759521 6.97656965255737 6.21413660049438 8.73645877838135 6.58252954483032 9.89597797393799 9.08964252471924 11.1738243103027 11.5547828674316 10.6935157775879 10.4263277053833 10.4051065444946 3.8112428188324 3.83517074584961 3.77451276779175 4.40798091888428 3.94777607917786 3.95379972457886 3.20215845108032 36.8231239318848 7.13370132446289 0.583578586578369 1.30767524242401 1.81733644008636 7.36877393722534 18.2328491210938 30.4749641418457 1.99552440643311
0.0290649700909853 12.705096244812 8.57472801208496 19.4492511749268 13.0986347198486 30.6551246643066 11.2322301864624 -0.0534897893667221 0.137144759297371 0.431943535804749 2.82477641105652 20.2430305480957 4.00694942474365 27.505090713501 2.48366689682007 29.7573776245117 3.68177247047424 6.66718578338623 7.46976566314697 7.38384962081909 7.9181432723999 9.36019134521484 7.91491270065308 8.25149631500244 11.6175403594971 11.1166582107544 12.7563028335571 13.2106552124023 12.7151260375977 11.9507894515991 4.3415379524231 3.94539785385132 3.92870354652405 4.55324602127075 4.10381031036377 4.12683868408203 3.51734471321106 3.25257158279419 1.59987843036652 0.846285581588745 0.962850630283356 2.9047679901123 3.22807145118713 26.495813369751 3.05459856987 1.42357313632965
11.1612329483032 19.7228469848633 17.1337471008301 8.48422241210938 1.14184427261353 23.718469619751 -0.721929907798767 6.70310068130493 0.591229319572449 0.601025223731995 16.20041847229 29.5327548980713 8.28191471099854 4.60774374008179 2.80691003799438 11.707688331604 3.72182536125183 7.21238994598389 8.15012741088867 8.14627265930176 8.67043304443359 7.74053144454956 10.9801073074341 9.28148746490479 13.3135166168213 10.5174112319946 12.714747428894 15.025444984436 15.6725835800171 15.4767999649048 15.1970996856689 4.03146743774414 4.03885698318481 3.98993468284607 4.71640777587891 4.21831321716309 4.21724414825439 3.26508474349976 6.77401208877563 4.77225351333618 3.32509899139404 3.04693675041199 3.25351047515869 15.7013816833496 1.80430126190186 2.96283054351807
17.2980976104736 0.240573480725288 7.69245290756226 13.8678817749023 4.08049345016479 5.00283193588257 -0.378153562545776 0.0306304059922695 -0.120720654726028 0.658323764801025 0.877834498882294 3.0381007194519 2.07275629043579 4.09497976303101 6.16904592514038 2.7466561794281 11.3086595535278 10.2929000854492 8.39091491699219 9.57484149932861 8.86874771118164 10.5554370880127 9.59277820587158 13.0688734054565 9.92539119720459 16.7663917541504 13.9786834716797 17.2754669189453 17.9807052612305 18.818717956543 18.2045440673828 4.56527900695801 4.14994287490845 4.18604516983032 4.88675975799561 4.38870573043823 4.42321920394897 3.68757820129395 3.53121948242188 7.70697736740112 5.82951164245605 3.57568120956421 3.3668429851532 3.5138053894043 2.58994722366333 3.48746156692505
1.14777982234955 -0.810375452041626 0.494106590747833 0.137914821505547 0.245088115334511 0.472393542528152 -0.0997895449399948 0.263626754283905 2.49096775054932 0.845008432865143 27.4535675048828 1.6410813331604 3.95399141311646 3.33085012435913 9.55624961853027 5.86866569519043 16.5123958587646 20.4648571014404 9.41236782073975 9.85251522064209 11.6338901519775 12.1540985107422 12.5702896118164 14.7222938537598 13.1271457672119 20.6213417053223 15.4288768768311 17.8838577270508 21.7591037750244 22.3770523071289 27.7049465179443 27.0734024047852 4.29194736480713 4.3288311958313 4.26604843139648 5.08854627609253 4.5539813041687 4.55826997756958 3.74739384651184 14.0690231323242 10.0864343643188 3.87160491943359 3.92242622375488 3.75849223136902 3.94400238990784 3.95616483688354
1.22052192687988 1.35219752788544 0.385130941867828 0.558518588542938 1.08996438980103 1.04504656791687 1.19424092769623 0.825067937374115 1.47420573234558 1.28278946876526 1.42572331428528 1.51328301429749 3.2883574962616 4.28325748443604 5.0013279914856 5.07867622375488 7.41832160949707 4.98543500900269 6.12872743606567 11.3857908248901 13.587664604187 13.1371440887451 16.0597496032715 13.6860704421997 18.4376621246338 15.3585271835327 30.9491596221924 21.7374305725098 26.3824443817139 27.2666320800781 39.9895095825195 39.1488800048828 4.92081689834595 4.48042488098145 4.51296091079712 4.58071899414062 5.3297061920166 4.7334623336792 4.71417570114136 3.59974098205566 3.41838908195496 3.50559496879578 4.34847831726074 4.12192869186401 4.17752647399902 4.32732200622559
1.15022277832031 1.62394416332245 1.4774512052536 0.607655346393585 1.16286981105804 1.13685166835785 1.09055173397064 1.29720091819763 1.67970967292786 1.90910017490387 2.14312362670898 2.64450526237488 3.14732623100281 4.34138917922974 4.98507308959961 6.98930978775024 7.14625310897827 9.733323097229 11.5018901824951 13.9319257736206 14.3970890045166 18.1305980682373 19.2511882781982 17.6499729156494 22.4726543426514 24.2472152709961 43.0929336547852 27.9766445159912 32.2263259887695 38.311466217041 46.0413360595703 8.99254417419434 2.83003211021423 5.16593790054321 4.70576906204224 4.72937870025635 5.57392930984497 4.98483943939209 5.02281475067139 4.05927610397339 4.13553190231323 4.733482837677 4.76964807510376 4.80725574493408 4.57033443450928 4.5376148223877
1.32503879070282 1.47149693965912 2.18246078491211 2.2072639465332 0.70796924829483 1.2728419303894 1.22067725658417 1.45079219341278 1.02103614807129 1.75502407550812 2.03075790405273 2.66797065734863 2.9174177646637 3.60803747177124 4.77289819717407 5.79837799072266 8.5283899307251 9.13344478607178 11.4973659515381 16.0738182067871 17.6588077545166 21.5229454040527 19.4493618011475 28.9315071105957 25.1733245849609 35.2211875915527 34.2586326599121 3.1103048324585 44.8298988342285 51.3048973083496 52.4272232055664 3.40929555892944 10.051381111145 5.41457319259644 4.92355918884277 4.94371843338013 4.85753583908081 5.87832450866699 5.26647186279297 5.32517862319946 4.14014148712158 5.00023460388184 5.214759349823 5.19000959396362 4.90648698806763 4.78418874740601
1.77395141124725 1.48624837398529 2.58607959747314 3.06963801383972 1.91507804393768 0.788523972034454 1.35303068161011 1.30385076999664 1.52124953269958 1.92354428768158 2.1567714214325 2.41725945472717 3.04518556594849 3.57149624824524 3.96086740493774 5.17720890045166 6.74551820755005 10.1937055587769 12.6695289611816 17.4916095733643 20.8986473083496 21.6238136291504 31.7730827331543 40.8433570861816 36.6224136352539 46.0262756347656 7.95583248138428 12.1411504745483 5.26206731796265 14.9942932128906 3.31797289848328 1.5113308429718 1.77809989452362 2.27167320251465 5.71906614303589 5.18789625167847 5.20525169372559 6.18774557113647 5.57555770874023 5.69427108764648 4.52365398406982 4.4055552482605 5.58135271072388 5.6513466835022 5.66568994522095 5.35149383544922
2.44347190856934 1.62316036224365 2.37012028694153 3.73504972457886 3.84526920318604 1.73996782302856 1.38749015331268 1.33527064323425 1.6510192155838 1.53366160392761 2.13550543785095 2.36139917373657 3.04836869239807 3.29324507713318 3.89628124237061 5.37237548828125 6.78025722503662 11.482048034668 13.2366533279419 16.0425796508789 25.7263889312744 30.7410678863525 44.5965538024902 41.803581237793 7.13412189483643 5.66628503799438 1.86118602752686 8.00000762939453 6.32381916046143 3.71446132659912 1.6178423166275 1.87571895122528 2.28821897506714 2.72512769699097 6.01532220840454 5.47179985046387 5.48353385925293 5.38779401779175 6.63005781173706 5.97062397003174 6.11181354522705 4.89925336837769 5.82225036621094 6.08004426956177 6.06855392456055 5.76309204101562
3.56656241416931 2.16932892799377 2.37484049797058 4.21875715255737 5.37945604324341 2.69908213615417 0.981729030609131 1.44843578338623 1.68038153648376 1.72734332084656 2.12747979164124 2.27232122421265 2.79348659515381 3.26112222671509 4.01023197174072 4.50139570236206 6.11408185958862 7.94937133789062 15.3566570281982 19.8360385894775 36.9327850341797 43.4666900634766 44.8884239196777 5.57803821563721 7.39952278137207 3.66196513175964 11.1758995056152 4.53735971450806 10.4242029190063 4.24225378036499 7.45799875259399 2.46167659759521 2.69956922531128 2.70024180412292 5.89440059661865 6.41562461853027 5.81706047058105 5.83186292648315 7.01653289794922 6.33099889755249 6.51344966888428 5.27079010009766 5.19032621383667 6.53662919998169 6.70777177810669 6.72356986999512
6.73709344863892 2.76934432983398 2.18769788742065 4.85609865188599 5.98485040664673 4.81468296051025 1.17028713226318 1.45854425430298 1.81900441646576 1.7658851146698 1.75972402095795 2.53713321685791 2.62656426429749 3.39082360267639 3.68086957931519 4.4253454208374 6.63874197006226 8.61607551574707 18.6952323913574 29.607889175415 29.997730255127 20.5561084747314 7.20661115646362 8.06302165985107 2.7327823638916 5.12989282608032 8.54183483123779 4.23661613464355 8.17390537261963 5.27195835113525 3.48434543609619 18.3579235076904 2.74414420127869 8.09477138519287 6.42580604553223 6.78818130493164 6.15674924850464 6.18066549301147 6.10385227203369 7.62750339508057 6.89772462844849 7.11273002624512 5.7377872467041 6.74500417709351 7.17003965377808 7.44042015075684
0.473542302846909 2.64753746986389 3.18919348716736 4.19301986694336 5.09777736663818 2.8149049282074 1.38864576816559 0.869207680225372 1.54566287994385 1.90173804759979 2.08847260475159 2.18902611732483 2.65944814682007 3.03416395187378 3.60138273239136 4.51228857040405 5.25035667419434 8.30642890930176 11.1375503540039 27.9569549560547 17.8653030395508 28.4331226348877 1.88882124423981 3.35865306854248 2.2646324634552 2.34413981437683 2.53519010543823 8.07436561584473 6.22289133071899 5.9498085975647 7.28745412826538 9.56478786468506 3.06709003448486 6.52000284194946 3.14915680885315 6.65593338012695 7.3263373374939 6.63695621490479 6.71487522125244 6.66266107559204 8.39409923553467 7.57680368423462 7.81598567962646 6.32529592514038 7.38505744934082 8.05706691741943
7.6409854888916 3.65780448913574 4.25178003311157 2.61657023429871 3.64600396156311 2.08417558670044 1.15786910057068 1.09926056861877 1.80611968040466 1.93825006484985 1.8985710144043 2.20764422416687 2.72003793716431 2.89535617828369 3.2468376159668 4.13460493087769 4.95464181900024 7.35562372207642 11.6050577163696 36.1224479675293 28.8232555389404 13.2864685058594 2.13310837745667 2.31846356391907 2.4626669883728 2.58285665512085 2.80590867996216 7.98262643814087 4.95987558364868 5.74989366531372 4.66854858398438 3.40369749069214 3.12726521492004 13.5287179946899 3.14189410209656 3.65129280090332 7.20806741714478 8.01375579833984 7.29123640060425 7.38214302062988 9.06242942810059 8.19312763214111 8.46322917938232 6.86311864852905 6.79952335357666 8.56608486175537
5.51931715011597 8.3639554977417 5.21392250061035 5.46444177627563 4.78467321395874 0.836397767066956 1.14323222637177 1.51363492012024 1.83860731124878 1.91322636604309 2.05543279647827 2.2400233745575 2.4772527217865 2.85114550590515 3.08729481697083 3.99558162689209 4.47139930725098 6.31670331954956 11.0484437942505 24.0680847167969 3.47032284736633 18.313777923584 2.58869886398315 7.91420078277588 2.9989926815033 3.04567432403564 3.27288222312927 3.02195882797241 5.05950117111206 3.43533158302307 3.25349855422974 3.55001068115234 3.41753768920898 5.34836196899414 3.32177805900574 7.2786979675293 8.23473167419434 8.60436916351318 7.78467512130737 7.88124895095825 7.83621311187744 10.1357145309448 9.17184352874756 9.4317569732666 7.63764667510986 8.7505407333374
7.19071483612061 11.8194770812988 5.50415229797363 8.19558429718018 2.67707943916321 0.9937664270401 0.880982995033264 1.46569001674652 1.68134295940399 1.97211229801178 2.09459018707275 2.16418623924255 2.46566700935364 2.64585471153259 3.15688562393188 3.59227824211121 4.65198659896851 5.82508945465088 7.2166543006897 27.321231842041 19.5758380889893 12.0267505645752 2.8731324672699 3.28750729560852 2.86643719673157 8.43150520324707 5.40928840637207 7.84078121185303 4.49035787582397 11.548189163208 4.45440816879272 3.43187928199768 3.75830888748169 4.23439407348633 3.68728613853455 3.58009600639343 3.79723715782166 8.54628849029541 9.52967262268066 8.6566858291626 8.77633190155029 10.9705085754395 9.92166519165039 10.2187919616699 8.27136325836182 8.19329452514648
2.11910653114319 6.98990345001221 1.98821544647217 1.77608406543732 1.40550541877747 1.38044118881226 1.07510590553284 1.40985774993896 1.63331854343414 1.93765199184418 2.04494285583496 2.21387529373169 2.18830895423889 2.77864003181458 3.05886483192444 3.41680693626404 4.44569873809814 5.02155303955078 7.69558668136597 17.633207321167 15.7140064239502 7.21456146240234 4.51306295394897 3.52899169921875 3.9948627948761 4.4182333946228 3.05014252662659 3.36779570579529 3.46863722801208 17.8991184234619 3.52354884147644 3.38082671165466 3.83984279632568 4.09573936462402 3.5850248336792 4.28139448165894 7.60124349594116 9.56984519958496 10.3668537139893 9.42002868652344 9.54133796691895 9.45468044281006 12.5967121124268 11.3596601486206 11.7382659912109 9.47990417480469
