slauniainen/Data/DEM/Vihti_dsm1500b_cl_horizonAngle_252.asc
NCOLS 196 
NROWS 178 
XLLCORNER 353680 
YLLCORNER 6699024 
CELLSIZE 16 
NODATA_value -3.4e+38 
[rows 140 to 159 of 178, columns 138 to 183 of 196]
38.0926513671875 25.923957824707 16.1034069061279 10.0678520202637 11.5093555450439 7.00557470321655 5.52724599838257 1.65339589118958 16.9187088012695 3.21643471717834 14.8906764984131 4.04490089416504 16.4835033416748 44.9710006713867 8.5428466796875 5.82305335998535 7.23836803436279 4.51969909667969 4.52882289886475 20.0725898742676 12.9727487564087 9.64772033691406 9.51788139343262 5.3141918182373 3.10374927520752 15.4218139648438 25.469913482666 4.68861675262451 3.83511161804199 3.52510190010071 3.04296970367432 2.32779908180237 17.4641819000244 8.55259418487549 23.0002899169922 33.9754829406738 25.6830043792725 20.1732063293457 4.6880030632019 1.80318796634674 1.5121146440506 4.09625434875488 4.1195707321167 13.9502201080322 2.91871070861816 54.9184303283691
16.6351280212402 24.1660327911377 22.3236045837402 16.6567096710205 11.3688716888428 9.64766407012939 7.33751630783081 6.71830034255981 6.45190477371216 10.7221097946167 5.45117330551147 5.82623815536499 6.03949642181396 46.264575958252 10.5240812301636 6.40512037277222 6.23289012908936 4.72157669067383 2.97879076004028 22.7433815002441 21.9848670959473 10.9733486175537 9.56002426147461 5.74941301345825 4.68866634368896 3.94624900817871 13.8544998168945 14.6339387893677 11.1808214187622 4.899817943573 2.80833220481873 2.80012822151184 1.77124929428101 3.68092370033264 29.2127933502197 43.7457618713379 19.6523399353027 15.2527475357056 5.42969369888306 1.21733868122101 23.8463153839111 1.21012878417969 5.36212015151978 6.59305095672607 7.79707145690918 11.5549097061157
34.5768890380859 24.0051040649414 23.4468364715576 18.9668960571289 10.9392938613892 11.6407060623169 9.67682647705078 23.1730346679688 7.63326644897461 6.08668804168701 16.4965763092041 7.84972190856934 6.93651723861694 46.4606513977051 12.6193437576294 5.85646486282349 4.43402528762817 3.54879236221313 3.48002648353577 16.9660263061523 9.54000091552734 15.538369178772 10.6108875274658 8.54461765289307 4.39203071594238 3.09318327903748 10.1426954269409 22.7465476989746 12.3390874862671 2.95935416221619 3.54405736923218 13.4017353057861 2.2120189666748 3.0859899520874 22.4277458190918 35.4925384521484 22.8306083679199 16.6258983612061 12.7204055786133 1.2815078496933 0.630845606327057 0.41587108373642 0.936147093772888 9.49696826934814 7.08546924591064 8.55692577362061
27.0555477142334 32.0885009765625 34.9407539367676 21.7611656188965 19.7810916900635 15.9702749252319 13.1799201965332 8.68889999389648 8.78698825836182 7.89929389953613 15.5808334350586 6.47518587112427 6.38289022445679 27.4178371429443 8.16874217987061 7.71883630752563 5.29449892044067 4.68691253662109 4.63001918792725 4.32401704788208 44.1292304992676 14.0875358581543 24.0181865692139 24.6164417266846 3.34684371948242 13.7647638320923 19.6842060089111 5.22967720031738 8.80520629882812 4.39666748046875 3.69986009597778 4.33792209625244 3.32267355918884 6.2252779006958 2.0490415096283 43.2449340820312 22.317834854126 19.4263668060303 13.4263496398926 0.100252538919449 -0.0136947138234973 -0.0547315329313278 6.23596382141113 2.62749671936035 1.35485243797302 6.21642637252808
2.13342618942261 19.4000148773193 47.9461517333984 16.6340141296387 15.2513742446899 12.8445796966553 30.1602993011475 11.0223484039307 7.94033527374268 7.8223614692688 8.84073066711426 6.56026554107666 18.6639842987061 12.6725454330444 31.3968257904053 6.60972166061401 13.3152465820312 5.3489933013916 4.31405591964722 41.5685729980469 3.57914328575134 3.53247976303101 4.10730266571045 13.216609954834 11.1736268997192 6.25616407394409 40.2364082336426 20.6759777069092 21.8433456420898 20.2914295196533 7.75339412689209 7.25820446014404 5.71730184555054 2.71887731552124 3.09394192695618 6.97315645217896 38.2947769165039 31.2938098907471 25.1964988708496 0.0774733945727348 -0.455352216959 -1.27043664455414 -1.72051560878754 -1.98908793926239 3.92862153053284 7.63557958602905
25.0193634033203 18.8720092773438 38.01611328125 23.9857234954834 23.1121139526367 10.0862464904785 8.20605182647705 14.5088806152344 7.40228700637817 7.34417629241943 15.1429576873779 7.34813117980957 8.67934799194336 7.25053977966309 7.0402512550354 5.13489675521851 47.5360641479492 21.2125148773193 6.9753885269165 4.08907890319824 8.52725505828857 3.23897552490234 2.47684454917908 3.92326474189758 9.35964870452881 14.860767364502 8.81004047393799 7.5654239654541 2.13610410690308 18.1943473815918 3.05308961868286 45.9958267211914 5.35424518585205 4.28968524932861 2.61583924293518 0.613456547260284 15.9325361251831 46.8326301574707 26.7443523406982 0.234923884272575 -1.32940280437469 -1.79548311233521 -1.45530593395233 -1.25114798545837 -1.94003820419312 8.55424022674561
-0.205819934606552 48.8521614074707 32.346565246582 18.8407363891602 17.81569480896 9.75588893890381 9.73952960968018 9.25999450683594 9.15913772583008 9.33811187744141 9.01190185546875 8.94425392150879 11.6134881973267 7.14113426208496 6.76984119415283 6.00625419616699 4.40809392929077 20.6928958892822 4.25083541870117 3.18174076080322 17.5235137939453 1.9943265914917 1.70513689517975 11.2793197631836 10.383056640625 12.5587244033813 11.8427391052246 6.49293851852417 4.42513751983643 1.91080915927887 13.6448526382446 6.29973983764648 43.6341361999512 5.4699125289917 3.73202514648438 2.49453186988831 0.900793969631195 9.43254375457764 8.10841846466064 0.676907360553741 -0.343208223581314 -0.736619055271149 -0.976154267787933 -1.13200533390045 -1.26074755191803 0.985783159732819
3.19890451431274 23.348072052002 22.5171756744385 25.0535793304443 13.1572437286377 12.2812309265137 13.8350582122803 12.5304613113403 10.9588174819946 8.18194007873535 8.02847576141357 18.3014297485352 7.72702264785767 6.12159633636475 5.92173671722412 5.08810710906982 14.7262964248657 4.35923433303833 16.6313285827637 3.95439910888672 2.79876303672791 8.54145336151123 3.39049744606018 6.48531436920166 1.79378402233124 19.2191104888916 8.31137752532959 8.11446571350098 1.38301742076874 1.25600397586823 6.61504936218262 7.8288459777832 43.0689010620117 11.8804950714111 11.0489234924316 14.2754325866699 0.614771783351898 13.3591117858887 4.59770202636719 9.28305625915527 1.60224795341492 0.564203023910522 -0.109245769679546 -0.25242480635643 -1.22647202014923 1.90416193008423
4.64189481735229 17.5706748962402 18.014232635498 19.8656978607178 29.547212600708 17.690315246582 11.0711345672607 12.371376991272 16.588960647583 13.1543483734131 9.8802318572998 17.3223838806152 9.20419597625732 7.47507429122925 26.9677219390869 6.78953313827515 4.79248476028442 4.26013469696045 14.4709215164185 2.11153244972229 14.8316659927368 2.29135942459106 1.56118547916412 1.27206099033356 7.08984422683716 4.05915212631226 13.5557880401611 4.09393739700317 11.7891073226929 10.2425222396851 -0.0625904649496078 3.05182266235352 0.814951360225677 49.6868476867676 24.8451747894287 9.19430637359619 11.1504535675049 1.81963002681732 3.52846169471741 19.5129165649414 4.46780920028687 3.37665963172913 0.853523135185242 7.89248704910278 -0.141836151480675 7.28972721099854
13.9409914016724 1.25802326202393 44.2197914123535 22.7596530914307 18.950267791748 11.6533050537109 20.3062801361084 25.4234943389893 17.8563861846924 15.129566192627 13.4408235549927 10.1192302703857 15.2306184768677 10.975944519043 9.8813419342041 9.00658226013184 8.02628612518311 5.24080562591553 2.85440492630005 2.49095439910889 2.00881314277649 1.07474803924561 1.00868511199951 3.11960506439209 13.2293329238892 2.24942183494568 6.44081163406372 1.72572553157806 0.923023164272308 0.238829374313354 15.4489049911499 8.62076663970947 -0.0391338430345058 20.3942718505859 44.2152442932129 12.3291654586792 18.1257762908936 5.49425172805786 10.1502876281738 8.16395664215088 9.41917991638184 5.58961963653564 4.14918375015259 4.92756128311157 2.50478339195251 21.7231159210205
13.7349491119385 7.90167474746704 31.5365715026855 13.6278343200684 10.8769474029541 17.5157814025879 26.0366039276123 18.8453674316406 15.6060037612915 8.35416793823242 39.6244583129883 15.1405162811279 13.2754201889038 10.7180891036987 9.66560459136963 8.82756996154785 7.9253134727478 7.1390118598938 2.67101216316223 4.96412134170532 1.60389161109924 0.782022178173065 0.744794547557831 19.8328342437744 6.1044750213623 5.35655069351196 3.73329544067383 2.36461639404297 5.33439111709595 0.453751713037491 3.62979340553284 12.5509576797485 7.93287992477417 5.53675127029419 -0.765587270259857 12.1368446350098 21.0430679321289 1.82041144371033 1.5061320066452 19.2665271759033 4.39981460571289 7.00913238525391 5.4637017250061 3.62001609802246 2.85983657836914 3.39169669151306
28.7617893218994 6.87009572982788 31.6001796722412 4.79846096038818 27.1687202453613 17.428804397583 9.73016452789307 31.9440879821777 20.1058559417725 27.4872035980225 18.1613101959229 14.6273717880249 12.7983798980713 10.7459831237793 9.79628753662109 7.33000183105469 6.76672029495239 5.860915184021 2.66171312332153 1.37805581092834 1.13981580734253 3.02296161651611 0.751220107078552 12.545636177063 9.04370784759521 9.80893325805664 10.3361320495605 0.91359144449234 1.09752333164215 0.149833053350449 17.4967479705811 12.8299970626831 7.79573774337769 12.8809118270874 9.99716472625732 6.73526000976562 3.90609908103943 15.9699068069458 4.6626181602478 4.15377330780029 5.33803129196167 10.5128011703491 5.65781784057617 5.79653596878052 26.2223091125488 2.18897938728333
14.1121091842651 22.925838470459 14.1207599639893 13.2421426773071 7.3544545173645 5.55097532272339 20.2425785064697 21.4992256164551 18.707878112793 31.6559104919434 15.8691787719727 13.9855012893677 9.64096069335938 8.70831489562988 7.94086599349976 6.55295467376709 5.28631973266602 3.36876225471497 1.49993860721588 0.817790269851685 0.535768330097198 2.21379590034485 3.22116208076477 31.7772426605225 1.10906636714935 10.9131021499634 1.6230149269104 7.38814353942871 7.00081396102905 2.67303657531738 1.6812047958374 -0.289675414562225 4.61201286315918 15.7885208129883 14.1991624832153 9.88212966918945 6.19175863265991 6.25463533401489 14.9773979187012 3.70514178276062 9.41213989257812 13.3972072601318 11.5619945526123 8.01028728485107 17.0508728027344 12.3716259002686
28.7980690002441 12.8265619277954 8.93080520629883 9.6697883605957 25.6120586395264 9.46975612640381 34.4877319335938 17.4710292816162 35.8760871887207 15.9963426589966 12.9064407348633 11.3202018737793 8.57325649261475 7.02668714523315 4.4533109664917 4.14455366134644 2.99959111213684 2.49553823471069 2.29629945755005 -0.177104964852333 -0.193250358104706 7.59595680236816 14.9372749328613 5.36244106292725 6.3037428855896 -0.757230758666992 1.1545991897583 2.07494497299194 3.69761300086975 2.92609286308289 3.78157162666321 1.59650421142578 1.04577779769897 27.863826751709 10.8757781982422 6.05632019042969 4.4048376083374 10.4386358261108 2.59396457672119 2.44518399238586 23.9476585388184 5.15161085128784 16.8526039123535 6.7243914604187 5.59409093856812 20.5649929046631
7.66407871246338 2.89113187789917 14.5921812057495 19.6108665466309 3.53739500045776 36.2341003417969 16.4033088684082 13.8661699295044 30.4605140686035 12.2907819747925 9.98075008392334 6.9120135307312 5.41990423202515 3.59505581855774 2.83709454536438 2.70747947692871 2.4871506690979 2.38583540916443 0.292050421237946 -0.680030167102814 -1.00038325786591 18.9833812713623 2.18107271194458 5.51150035858154 5.61399459838867 0.30316299200058 19.3713474273682 3.07489728927612 5.25808429718018 2.51799130439758 2.23065090179443 0.465524405241013 5.39503812789917 17.909969329834 7.93327569961548 3.19294714927673 9.05650329589844 3.78306007385254 5.9452953338623 3.66192078590393 11.1504287719727 9.8621997833252 8.49407482147217 5.496009349823 14.2480449676514 9.05264949798584
9.82040405273438 5.92073965072632 6.30182313919067 13.6287679672241 7.74835681915283 28.2505722045898 17.4856376647949 10.8243427276611 23.1127185821533 7.59264850616455 6.08990526199341 4.16095209121704 3.05296349525452 2.76844310760498 2.68295168876648 2.60417103767395 2.17657446861267 -0.190521687269211 1.22282803058624 -0.741417050361633 7.566819190979 -0.363376468420029 4.88791608810425 15.5045738220215 7.4116849899292 6.68022155761719 4.95457458496094 3.66261577606201 2.55638575553894 1.31694960594177 16.0303630828857 3.63128733634949 2.79632544517517 4.78415155410767 3.85093021392822 4.11952304840088 3.39312791824341 13.6357707977295 2.80609822273254 7.6960916519165 16.7259750366211 17.632884979248 11.440803527832 11.1034069061279 9.23401260375977 6.5413703918457
1.30843031406403 17.6837387084961 7.59897422790527 16.0168857574463 28.0925102233887 20.9777126312256 7.62807941436768 21.396800994873 6.93617725372314 3.45513606071472 3.10087561607361 2.98663306236267 2.89032578468323 2.47764182090759 2.24683952331543 2.10740208625793 0.152253180742264 -0.400960326194763 4.96450090408325 -0.113459378480911 -0.23444589972496 -1.05884718894958 13.5242261886597 8.54519271850586 8.64005088806152 5.60508584976196 2.74434852600098 2.86441397666931 5.09335088729858 4.02493524551392 3.81974935531616 5.32166719436646 4.17809200286865 4.14461421966553 6.14832353591919 3.93995809555054 3.21308350563049 2.89198207855225 10.6092662811279 2.66047811508179 14.6508007049561 16.6558170318604 13.1969556808472 9.21858882904053 6.09237861633301 8.6482629776001
28.4765186309814 2.78170990943909 2.46534132957458 18.7858333587646 7.58233594894409 26.0023040771484 4.61901617050171 3.49972224235535 3.36499309539795 3.23339295387268 2.8107385635376 2.55883002281189 2.46327328681946 2.35604929924011 2.32909989356995 0.40541598200798 1.54788517951965 0.294549077749252 -0.28223791718483 -0.393920660018921 -1.35748910903931 6.32143211364746 15.6897993087769 3.9163076877594 6.36549949645996 9.55995178222656 6.12425231933594 17.0400905609131 5.18321895599365 4.58259296417236 4.59567451477051 9.52062511444092 5.62145090103149 4.30618810653687 4.06672096252441 5.79810905456543 3.57559299468994 3.59555816650391 11.4185171127319 5.78872013092041 4.80224561691284 13.3144025802612 5.59594106674194 13.251072883606 6.28793382644653 13.8411636352539
4.13935613632202 4.09909105300903 6.74577283859253 18.5047550201416 4.02226305007935 3.87223243713379 3.70457887649536 3.25697755813599 2.94282174110413 2.8230197429657 2.70099973678589 2.75165796279907 2.79314136505127 2.67028021812439 0.497349143028259 2.92539143562317 2.64361214637756 0.933876812458038 -0.00198586960323155 9.74587059020996 3.0511577129364 0.47641184926033 1.71727120876312 1.12063384056091 7.37026929855347 8.93439483642578 10.025128364563 4.73979997634888 30.5999622344971 9.29937934875488 7.207115650177 4.81464147567749 4.56516313552856 15.049262046814 9.80798435211182 9.53768253326416 8.10343456268311 7.2070894241333 7.27676820755005 6.38643360137939 21.1318206787109 4.81743431091309 4.78063344955444 13.8314781188965 6.46179389953613 6.60349464416504
5.45990896224976 4.73136949539185 4.52512741088867 4.31761455535889 3.65436840057373 3.47370171546936 3.30298399925232 3.14631962776184 3.1935567855835 3.14289331436157 3.01035022735596 2.88141942024231 4.35299253463745 4.86682033538818 4.63791418075562 6.02759647369385 7.12930393218994 1.6730717420578 1.00862765312195 4.60382080078125 0.119607493281364 -0.000585979665629566 -0.18207274377346 -0.232871353626251 4.29121828079224 33.3224678039551 11.2415256500244 10.2407569885254 9.82085037231445 9.16968059539795 6.34984970092773 4.19089317321777 3.58885502815247 1.21369969844818 12.3749799728394 13.1648941040039 10.1554107666016 8.05484962463379 6.33709096908569 5.23852300643921 9.49063205718994 5.2245717048645 4.89946985244751 3.77621054649353 18.3451271057129 6.3664493560791
