slauniainen/Data/DEM/Vihti_dsm1500b_cl_horizonAngle_312.asc
NCOLS 196 
NROWS 178 
XLLCORNER 353680 
YLLCORNER 6699024 
CELLSIZE 16 
NODATA_value -3.4e+38 
[rows 100 to 119 of 178, columns 135 to 179 of 196]
11.3689680099487 10.9647569656372 8.08547401428223 8.39146709442139 7.61322402954102 7.96247816085815 5.94016265869141 6.12181329727173 5.97402858734131 6.2049503326416 6.20962142944336 5.66235065460205 6.39647722244263 7.19284248352051 7.06767129898071 7.71514940261841 7.47885751724243 7.39608097076416 7.30901479721069 7.15100908279419 6.98506879806519 7.16854333877563 7.00550842285156 6.99200868606567 7.06217670440674 6.60908508300781 6.5412540435791 6.54047632217407 6.64954710006714 6.36806583404541 7.09135675430298 7.02601051330566 6.46783018112183 6.8227744102478 7.91594123840332 6.65213012695312 6.66539144515991 6.95130300521851 6.31389236450195 6.29501247406006 5.65263843536377 9.14002799987793 18.1106567382812 8.18625545501709 16.9748802185059
4.82616710662842 10.1688852310181 10.1290616989136 7.64544439315796 7.96593236923218 7.31806898117065 7.33954524993896 5.64741611480713 4.9525785446167 5.6446852684021 5.84939765930176 5.88442707061768 5.41344261169434 5.95350646972656 6.7132248878479 6.72667217254639 7.19688367843628 7.1581768989563 7.09793043136597 7.01321649551392 6.85875225067139 6.68156671524048 6.75178003311157 6.73480129241943 6.58553743362427 6.79110383987427 6.17063140869141 6.16006278991699 6.21359157562256 6.23406791687012 6.10513639450073 5.93157529830933 6.52887535095215 6.21946620941162 6.52140188217163 7.10629177093506 6.60318326950073 6.50572156906128 6.48066520690918 5.8165283203125 5.60717487335205 5.18401050567627 10.913046836853 5.02351236343384 21.2296276092529
20.7796382904053 7.54640340805054 12.4594678878784 9.32115840911865 7.2812933921814 7.45974254608154 6.97344017028809 6.78658771514893 5.38964700698853 4.98728895187378 5.34279727935791 5.5394983291626 5.5810170173645 5.18602418899536 5.66861200332642 5.94538259506226 6.41791248321533 6.70230102539062 6.84331893920898 6.73908185958862 6.67943525314331 6.58657550811768 6.40568733215332 6.31647777557373 6.48138809204102 6.33315134048462 6.53571796417236 5.82575416564941 5.78451585769653 5.86531591415405 5.87732982635498 5.77549839019775 5.63781595230103 6.05382204055786 5.87234592437744 5.70467805862427 5.78347587585449 6.07954597473145 5.83673858642578 4.99233245849609 5.73408794403076 6.11693954467773 16.9954032897949 5.73050403594971 6.01067066192627
4.35823965072632 13.963963508606 6.95848035812378 11.1323852539062 8.62948036193848 6.84285926818848 6.92625856399536 6.64859485626221 6.31590032577515 5.14809989929199 4.68787002563477 5.06922197341919 5.24927139282227 5.31316661834717 4.97691917419434 5.38979911804199 5.67629766464233 6.1175389289856 6.41731929779053 6.54809331893921 6.40053606033325 6.40758514404297 6.32416152954102 6.15473604202271 6.06223678588867 6.21245193481445 6.09041309356689 6.28249883651733 5.59866762161255 5.53677225112915 5.56146669387817 5.58057594299316 5.4968695640564 5.40664911270142 5.74534130096436 4.03313159942627 4.34220600128174 5.05510997772217 5.08658838272095 5.67492771148682 18.0122661590576 5.45042896270752 10.2971334457397 14.5348405838013 4.94012546539307
5.61536931991577 3.46984505653381 9.66052627563477 40.395637512207 11.5521306991577 7.85687398910522 6.45567512512207 6.43826627731323 6.34924602508545 5.90400123596191 5.69263315200806 4.42104339599609 4.82490873336792 4.98669004440308 5.03862857818604 4.34404706954956 5.13207054138184 5.42703866958618 5.83555507659912 6.06064891815186 6.00967788696289 6.12797117233276 6.14718723297119 6.04558849334717 5.8862738609314 5.79636812210083 5.94618320465088 5.84838581085205 5.08909273147583 5.35694265365601 5.31292009353638 5.26431703567505 5.2934775352478 5.24484729766846 5.15579128265381 3.2514009475708 3.34168839454651 4.08394622802734 5.01047515869141 12.7917814254761 5.52756309509277 11.5541000366211 4.89128446578979 4.37027215957642 3.71885704994202
13.1966094970703 16.5316162109375 12.6879997253418 6.71542119979858 23.8904094696045 9.9597635269165 7.16328430175781 6.5858736038208 6.02336645126343 6.06405591964722 5.43312215805054 5.33632516860962 4.16384887695312 4.56842994689941 4.72319889068604 4.78788661956787 4.12870454788208 4.88932037353516 5.02677154541016 5.56807708740234 5.63426113128662 5.74637079238892 5.83641386032104 5.85137510299683 5.74401950836182 5.6032600402832 5.52474355697632 5.67524576187134 4.26098871231079 4.22021627426147 4.08340787887573 3.71668171882629 2.98145604133606 5.00659799575806 4.99187564849854 4.31486940383911 29.8942279815674 23.6868743896484 10.8740348815918 3.78054475784302 4.16610622406006 4.067223072052 3.85934972763062 3.57971811294556 3.29025387763977
7.10037565231323 11.8470754623413 9.58750438690186 18.6905078887939 22.0147323608398 16.6236667633057 11.8476867675781 6.93771266937256 6.17670726776123 5.73353147506714 5.79965972900391 5.20164680480957 5.07447195053101 4.37344884872437 4.32699823379517 4.47926235198975 4.55393266677856 3.91503620147705 4.6542911529541 4.73500299453735 4.82971906661987 5.1391167640686 5.43846273422241 5.51431226730347 5.53707981109619 5.42882680892944 5.3156590461731 5.24596977233887 4.37270402908325 3.9059624671936 4.19879627227783 3.91120100021362 3.6662929058075 16.4276065826416 3.99814414978027 3.50553631782532 3.91841077804565 7.88872241973877 3.17758512496948 2.91779136657715 3.01306223869324 3.2559986114502 3.14907550811768 2.99224758148193 2.75385332107544
15.3303251266479 26.0635223388672 12.157416343689 9.92256164550781 12.1514301300049 13.4711284637451 12.6632738113403 10.5151653289795 6.49403142929077 5.83744478225708 5.48183298110962 5.5416407585144 5.41146039962769 4.84545087814331 4.15833330154419 4.07911109924316 4.21703290939331 4.29260778427124 4.19250679016113 4.26270532608032 4.29416751861572 4.54050207138062 4.80833339691162 5.10947847366333 5.17097473144531 5.20574760437012 5.11087036132812 5.01639652252197 4.96824932098389 12.4826526641846 10.8293581008911 7.60559749603271 3.01078534126282 3.24995636940002 4.5492901802063 3.20809412002563 3.04067778587341 2.63435578346252 2.45289731025696 2.53936529159546 2.36435580253601 2.35036444664001 2.51583933830261 2.31621646881104 1.9988180398941
10.2973957061768 9.99312686920166 6.49443054199219 6.37874269485474 5.02402687072754 5.98469209671021 5.41670703887939 10.2031288146973 9.37140846252441 6.07895231246948 5.4460244178772 5.23437166213989 5.10810708999634 5.14432525634766 4.58631563186646 3.91214084625244 3.80522680282593 3.91734147071838 3.8471999168396 3.90415477752686 3.78498601913452 3.94432234764099 4.22397136688232 4.46890830993652 4.77834749221802 4.81840038299561 4.87858295440674 4.79258680343628 4.25916004180908 4.16849613189697 3.37757611274719 3.09941267967224 3.39163637161255 3.78459525108337 2.54363608360291 2.21905374526978 2.23574018478394 1.96466338634491 1.67032766342163 1.66573965549469 1.70826590061188 1.26850557327271 1.41075801849365 1.50592005252838 1.68670213222504
6.64630794525146 5.89328575134277 6.32418966293335 5.27965307235718 5.39860248565674 4.78776693344116 5.21380186080933 5.53914213180542 8.47159194946289 7.55449628829956 5.68066930770874 5.08679342269897 4.95395565032959 4.82181835174561 4.83373785018921 4.30901193618774 3.66288924217224 3.38558173179626 3.40761780738831 3.52322888374329 3.58966183662415 3.50323963165283 3.61507964134216 3.91153073310852 4.15165901184082 4.44840860366821 3.85273289680481 4.1717004776001 4.13208532333374 3.23080706596375 2.70573806762695 3.02552199363708 2.71309614181519 2.11358118057251 1.64518344402313 1.26538228988647 1.04294216632843 1.10148680210114 0.912882268428802 0.738357543945312 0.780100107192993 0.873501598834991 0.883022308349609 0.542146146297455 0.58326131105423
6.64458417892456 6.26604509353638 7.53893995285034 6.32167911529541 16.1656227111816 5.53682422637939 4.62127590179443 4.41930961608887 28.5851230621338 8.20684623718262 6.54598140716553 5.22831678390503 4.65424108505249 4.63079500198364 4.50986957550049 4.52946281433105 4.03930854797363 3.41078734397888 2.96337795257568 3.13740372657776 3.23149013519287 3.28441858291626 3.22688150405884 3.32144927978516 3.62768077850342 3.8664276599884 3.46212959289551 3.63442182540894 3.86928749084473 2.37204170227051 2.42127084732056 1.97384178638458 2.01124215126038 1.67673146724701 0.996295213699341 0.680169880390167 0.0660803839564323 0.156799122691154 0.178286910057068 0.038259468972683 -0.0587343722581863 0.658066093921661 0.121665798127651 0.577084541320801 6.48265981674194
4.31489562988281 4.47546005249023 5.82544851303101 5.82709884643555 10.4397401809692 8.31333065032959 4.46184015274048 4.87230968475342 3.33627533912659 13.8372278213501 6.53850269317627 5.52236223220825 4.73378038406372 4.22128963470459 4.30183839797974 4.20654106140137 4.24071073532104 3.77848792076111 3.16450476646423 2.73534488677979 2.87168860435486 2.94692063331604 2.99348855018616 2.97889995574951 3.04023551940918 2.3106062412262 2.94658041000366 9.02511501312256 3.59282255172729 2.66703510284424 1.74846220016479 1.21786367893219 0.966583967208862 1.15362560749054 0.560038268566132 0.371110916137695 -0.125798523426056 -0.552099943161011 -0.609295129776001 -0.16245736181736 -1.06200277805328 -0.144633322954178 2.54985094070435 15.7090692520142 3.25247049331665
3.34412980079651 4.10684251785278 3.73977279663086 9.990159034729 8.51060104370117 4.21074962615967 4.94491624832153 3.49501490592957 3.86695170402527 3.27989077568054 8.03783798217773 5.55913543701172 4.70907545089722 4.30528783798218 3.83890414237976 4.00421524047852 3.93877339363098 3.97001194953918 3.51828169822693 2.91765213012695 2.50733113288879 2.61290907859802 2.67363715171814 2.7083945274353 2.69798040390015 2.68706798553467 2.20129179954529 8.30534839630127 3.21625375747681 2.33611655235291 1.43938755989075 0.852869212627411 0.425347447395325 0.471258193254471 0.0825556740164757 -0.094371572136879 -0.663225948810577 -1.84249126911163 -1.57593524456024 -0.897847950458527 -0.227704897522926 11.6800117492676 8.20643615722656 0.356230854988098 9.10414695739746
3.13535642623901 2.30196166038513 3.13047313690186 3.13491010665894 3.35719609260559 3.88487219810486 3.41739892959595 3.69374775886536 4.13614177703857 3.26555490493774 2.84671759605408 5.2110767364502 4.76376295089722 4.36336755752563 3.93230557441711 3.5090024471283 3.75345778465271 3.68559551239014 3.70040225982666 3.26557660102844 2.69045948982239 2.30102062225342 2.36852240562439 2.40196204185486 1.60480964183807 0.88018274307251 1.8906192779541 2.08924150466919 1.78035879135132 1.72261440753937 1.08126521110535 0.682489037513733 0.548622488975525 14.8192758560181 -0.335932701826096 -0.626775801181793 -1.37582755088806 1.87351179122925 30.1023044586182 22.8964996337891 -1.16226768493652 -0.84947657585144 9.53000164031982 10.2475576400757 2.21760511398315
2.99112629890442 2.93561267852783 3.01477766036987 1.69609320163727 1.81264436244965 4.90531539916992 3.23977255821228 2.9078996181488 3.22884082794189 2.21682333946228 3.04385781288147 2.30559182167053 4.35686063766479 4.36542749404907 3.94696569442749 3.6284191608429 3.22402691841125 3.51117157936096 3.44398260116577 3.45878839492798 3.0444393157959 2.47748160362244 2.08790946006775 2.10183763504028 0.730594873428345 1.51104605197906 11.7672739028931 1.35162937641144 0.902691304683685 1.11816847324371 0.828203022480011 0.684178829193115 0.0298719424754381 0.0630185306072235 -0.212602570652962 19.1861801147461 1.99951481819153 4.93295097351074 -2.41104745864868 14.6424331665039 6.8696436882019 20.0226421356201 14.9758682250977 20.4694957733154 3.59730410575867
2.74154996871948 2.96511745452881 2.66381597518921 2.27477335929871 2.34176659584045 1.37374877929688 1.0876237154007 1.78000450134277 2.01131081581116 2.09636998176575 1.99381923675537 2.17442178726196 1.70443308353424 3.71450281143188 4.05152654647827 3.66587662696838 3.34602022171021 3.2320728302002 3.29644227027893 3.22767376899719 3.22739481925964 2.82145309448242 2.24996542930603 0.473392903804779 1.17666959762573 14.5706262588501 1.51059818267822 -0.0877717137336731 -0.00254371273331344 -0.220653802156448 -0.573502719402313 0.0118731940165162 1.63424646854401 2.68271398544312 0.24614953994751 -0.640277683734894 5.62658309936523 15.7989568710327 9.00050735473633 28.4685230255127 9.71610260009766 7.63995885848999 19.2188892364502 17.2467422485352 14.2262697219849
5.47207260131836 7.21478939056396 2.80731272697449 2.28100943565369 2.92870855331421 1.33011531829834 0.459795117378235 0.434599667787552 1.71075212955475 1.98509550094604 10.8174638748169 1.65902400016785 7.30356359481812 1.78635358810425 5.03244876861572 3.74459767341614 3.37253069877625 3.25469923019409 2.97987794876099 3.08458924293518 3.00283145904541 2.99319243431091 2.32755732536316 1.25318419933319 0.146772131323814 4.58171558380127 9.29852485656738 0.298463970422745 -0.771177530288696 -0.76040780544281 2.4289243221283 13.0890674591064 -0.679009258747101 -0.418565273284912 -1.03597664833069 -0.868877708911896 -1.07334733009338 -1.88481616973877 -2.28439879417419 -0.451038360595703 8.58712768554688 9.4243688583374 21.1452350616455 10.5113649368286 14.2079801559448
4.26763772964478 3.04601407051086 2.50572395324707 2.79821515083313 2.29135203361511 2.09595322608948 0.92126202583313 0.156525880098343 2.80594491958618 5.09778165817261 2.46999216079712 1.40752351284027 1.55278778076172 1.97827398777008 37.6858024597168 3.98152852058411 3.43437480926514 3.30814862251282 2.99511218070984 2.72773694992065 2.85414433479309 2.11574530601501 1.60729312896729 0.456407994031906 0.521823465824127 11.5909757614136 -0.0834040343761444 -0.536317586898804 -1.32591140270233 -2.25299954414368 -1.66988325119019 -1.52051794528961 6.50302648544312 3.67176055908203 -0.9711993932724 5.57640075683594 3.57214307785034 30.5812740325928 27.9864273071289 31.4775867462158 30.8110389709473 30.4994525909424 9.12438869476318 13.79039478302 15.3333616256714
3.08843088150024 3.86115336418152 24.2224407196045 19.2580661773682 4.72338008880615 1.88805770874023 1.55972576141357 0.754983603954315 0.110426723957062 0.260171443223953 1.94035851955414 1.07208847999573 9.61976337432861 5.84143114089966 21.506254196167 18.5797863006592 2.18156456947327 2.61872100830078 3.02016496658325 2.72486591339111 1.94321238994598 1.39891839027405 1.22154712677002 1.422003865242 12.1741523742676 -0.146408900618553 -0.511455357074738 4.14630031585693 4.8738226890564 13.3827047348022 -0.188317939639091 -1.08242499828339 -1.57231056690216 1.49666881561279 1.0042005777359 27.6509418487549 29.155834197998 23.9042320251465 24.1979293823242 24.5856113433838 23.3639011383057 17.7673740386963 9.60513782501221 10.0012283325195 12.2519149780273
18.3299121856689 19.0850601196289 3.15560460090637 9.2045202255249 7.91206836700439 2.07970356941223 1.7509400844574 5.85960102081299 4.58508586883545 15.8241100311279 4.54611396789551 1.10770189762115 12.9461336135864 12.0579929351807 15.0272388458252 10.1836891174316 4.99677848815918 2.09298992156982 1.79333114624023 1.646803855896 1.65303730964661 1.20616519451141 1.34035408496857 0.854897797107697 -0.392058521509171 -0.662007808685303 -0.66487056016922 -0.72671639919281 -1.85146832466125 -2.64207077026367 2.21070122718811 7.85444450378418 7.02067899703979 2.59243607521057 22.6816673278809 28.0897407531738 16.4514122009277 14.8347425460815 15.738037109375 16.6690273284912 17.9233055114746 14.2097415924072 4.42404747009277 5.88993835449219 9.78193283081055
