slauniainen/Data/DEM/Vihti_dem1500b_cl_horizonAngle_258.asc
NCOLS 196 
NROWS 178 
XLLCORNER 353680 
YLLCORNER 6699024 
CELLSIZE 16 
NODATA_value -3.4e+38 
[rows 80 to 99 of 178, columns 45 to 89 of 196]
2.72130703926086 2.49572730064392 2.23300218582153 2.03784418106079 1.88512670993805 1.82374358177185 1.70822668075562 1.61460280418396 1.52083611488342 1.43878412246704 1.36096274852753 1.24209225177765 1.17944383621216 1.11425042152405 1.0410248041153 0.978476226329803 0.891007483005524 0.817385673522949 0.764192998409271 0.709178686141968 0.628131031990051 0.473035126924515 0.290544658899307 0.177001729607582 0.168063387274742 0.784357249736786 0.964809596538544 1.10420918464661 0.894907414913177 0.245538517832756 0.226921200752258 2.95588493347168 3.39769172668457 4.07697486877441 3.5208694934845 2.79883766174316 2.35299944877625 2.01662945747375 1.7260068655014 1.5646333694458 1.4104677438736 1.2536416053772 1.11959564685822 1.00573813915253 0.842201411724091
3.32024526596069 2.94029903411865 2.45440697669983 2.24893379211426 2.05293464660645 1.9235166311264 1.81806254386902 1.6974995136261 1.57158720493317 1.45242345333099 1.3512065410614 1.3136659860611 1.23701536655426 1.13359951972961 1.07606935501099 1.01866817474365 0.95147317647934 0.865275681018829 0.799157679080963 0.750275015830994 0.711556792259216 0.623264670372009 0.483457744121552 0.346214145421982 0.307772397994995 0.300518274307251 0.362364023923874 0.315804272890091 0.262541204690933 0.182182937860489 0.13835234940052 2.77610063552856 3.25604772567749 4.36267900466919 3.72195768356323 3.07668733596802 2.52976131439209 2.06601810455322 1.75010573863983 1.46873593330383 1.26408243179321 1.17263114452362 0.985572993755341 0.817765891551971 0.731166303157806
3.02351498603821 2.92522764205933 2.55224871635437 2.36736631393433 2.21734237670898 2.0223650932312 1.86332988739014 1.70816242694855 1.58141982555389 1.47848224639893 1.39528572559357 1.3591240644455 1.32820153236389 1.24598574638367 1.15903544425964 1.06988334655762 1.00630629062653 0.927004814147949 0.855820655822754 0.801219284534454 0.772758185863495 0.719700038433075 0.643016934394836 0.551658570766449 0.474178493022919 0.423539489507675 0.389921188354492 0.352181315422058 0.292241662740707 0.217811107635498 0.149308159947395 1.287437915802 2.71535611152649 4.15380859375 4.02747488021851 3.212566614151 2.56253552436829 2.06536769866943 1.62802696228027 1.0829029083252 0.869801461696625 0.754935145378113 0.751088798046112 0.964591145515442 1.19095897674561
3.09403276443481 2.84051895141602 2.56588006019592 2.53511238098145 2.27536725997925 2.03995251655579 1.87306451797485 1.78924298286438 1.69335961341858 1.60950434207916 1.52614665031433 1.43994665145874 1.37284219264984 1.28246164321899 1.20738708972931 1.15931046009064 1.08002698421478 0.98535430431366 0.931344866752625 0.876297533512115 0.814060986042023 0.77883642911911 0.724646151065826 0.671543896198273 0.601404428482056 0.497556179761887 0.448135375976562 0.411551862955093 0.358977407217026 0.263369143009186 0.175816237926483 0.187528997659683 2.16431760787964 4.24285888671875 4.05097675323486 2.89686465263367 2.28043389320374 1.8756514787674 1.40384602546692 0.772494196891785 0.678688526153564 0.420713871717453 0.325571566820145 1.71103549003601 3.48172307014465
3.49147129058838 2.92643046379089 3.07728624343872 2.70532727241516 2.39915060997009 2.14751601219177 1.98569977283478 1.91540193557739 1.84289813041687 1.70841789245605 1.57942354679108 1.46168506145477 1.39665460586548 1.33799159526825 1.25817632675171 1.18267869949341 1.11873471736908 1.09612703323364 1.03570532798767 0.931216061115265 0.858443319797516 0.808130919933319 0.786866784095764 0.728808999061584 0.627687036991119 0.539907395839691 0.4870285987854 0.456934422254562 0.40933632850647 0.320769339799881 0.225191116333008 0.203077673912048 1.83373022079468 4.58534574508667 3.60872530937195 2.40937209129333 2.02306294441223 1.55688047409058 1.1146502494812 0.349395483732224 0.196549072861671 0.121508866548538 0.123657822608948 1.83873844146729 6.83533334732056
5.50665187835693 3.47735834121704 2.90303492546082 2.68291711807251 2.58376955986023 2.25752758979797 2.07814884185791 1.96079993247986 1.86475956439972 1.73230516910553 1.61584782600403 1.51919865608215 1.44428730010986 1.3945689201355 1.3037691116333 1.23876845836639 1.17475664615631 1.11194217205048 1.08034527301788 1.06177461147308 0.913465559482574 0.808445274829865 0.756173610687256 0.701000809669495 0.647173166275024 0.551079928874969 0.502593278884888 0.481323778629303 0.640995681285858 0.445253491401672 0.288592159748077 0.241246670484543 1.41073632240295 2.98183822631836 3.02280211448669 2.37696099281311 2.03518629074097 1.47449362277985 0.890640795230865 0.297947824001312 0.197056874632835 0.109308429062366 0.0546663552522659 1.33443224430084 9.44560527801514
3.5183367729187 3.71963667869568 3.03716611862183 2.58893394470215 2.5044093132019 2.49510741233826 2.1384060382843 1.92731904983521 1.87090110778809 1.78969979286194 1.69201028347015 1.57762825489044 1.4871723651886 1.42374575138092 1.3526793718338 1.28009366989136 1.21733725070953 1.18525898456573 1.16398823261261 1.08319187164307 0.964167714118958 0.782571494579315 0.699811518192291 0.611980557441711 0.511772513389587 0.432280659675598 0.372246623039246 2.41690325737 1.47304964065552 0.645012557506561 0.352786272764206 0.299481809139252 0.288277000188828 1.00612008571625 2.52967762947083 2.32401466369629 2.75664067268372 2.25525999069214 1.19474303722382 0.465554416179657 0.199010416865349 0.117218770086765 0.0696142986416817 1.29730927944183 9.23598957061768
3.28924322128296 3.52032351493835 3.02215981483459 2.62159729003906 2.50654816627502 2.29911494255066 2.37300729751587 2.14044189453125 1.94477915763855 1.86325478553772 1.78125178813934 1.68149888515472 1.58950710296631 1.49566066265106 1.43275964260101 1.35995280742645 1.33420872688293 1.26634085178375 1.14338409900665 1.02576589584351 0.955207347869873 0.871794700622559 0.713013887405396 0.569162011146545 0.532937586307526 0.480092704296112 0.758567094802856 0.986250221729279 0.718727469444275 0.623914957046509 0.394645720720291 0.359861791133881 0.303368330001831 0.232726544141769 1.08948874473572 3.7911274433136 2.92968535423279 2.83415174484253 1.65315330028534 0.63437956571579 0.169833809137344 0.107556104660034 0.083355687558651 3.09336161613464 8.43561267852783
2.98081469535828 2.53864240646362 3.12678551673889 2.74169421195984 2.47687554359436 2.1828019618988 2.09045600891113 1.95736503601074 1.82592415809631 1.76745808124542 1.75745749473572 1.73929643630981 1.68734991550446 1.67507874965668 1.55849850177765 1.49841606616974 1.42856740951538 1.28553831577301 1.10825157165527 1.00955009460449 0.962906360626221 0.900049388408661 0.614319622516632 0.374647736549377 2.18802499771118 1.96518969535828 0.884616792201996 0.452912002801895 0.431010216474533 0.438379138708115 0.434969037771225 0.419981926679611 0.348011642694473 0.213359653949738 0.204940110445023 3.5173704624176 3.31715416908264 3.48359537124634 2.29367589950562 0.839469969272614 0.0941719636321068 0.0500307828187943 1.09586584568024 6.68410682678223 7.23704242706299
2.47793555259705 2.52040529251099 2.76162266731262 3.07819080352783 3.06993770599365 2.49564838409424 2.04803705215454 1.98523020744324 1.88102674484253 1.69699323177338 1.65202224254608 1.63081026077271 1.57536447048187 1.54216265678406 1.53352665901184 1.43580520153046 1.35027384757996 1.20021319389343 1.149937748909 1.04754102230072 0.929007709026337 0.838856160640717 0.724782109260559 0.49449235200882 0.538353323936462 0.50471693277359 0.487345427274704 0.484312891960144 0.462295114994049 0.450642466545105 0.451839476823807 0.443137556314468 0.38562998175621 0.203498899936676 0.119285121560097 1.59989738464355 3.17111587524414 5.49344301223755 4.45012950897217 2.11088538169861 1.04710018634796 0.739808797836304 1.76598703861237 8.29800987243652 7.70152711868286
1.88380372524261 2.17391467094421 2.49977898597717 2.46648836135864 4.08391618728638 3.25044703483582 2.92441415786743 2.53654265403748 2.09227132797241 1.772984623909 1.59234130382538 1.55898213386536 1.47934997081757 1.44144225120544 1.4088488817215 1.53094100952148 1.41664588451385 1.19199192523956 1.09506392478943 0.989988505840302 0.876552522182465 0.771376609802246 0.664082646369934 0.56852388381958 0.531979322433472 0.534513235092163 0.526960670948029 0.507080912590027 0.503829836845398 0.472951620817184 0.452750682830811 0.454579502344131 0.399802625179291 0.138181015849113 -0.111108377575874 1.98071670532227 4.19829559326172 5.23876476287842 5.54756546020508 3.10357546806335 1.6492772102356 1.31335318088531 1.57323908805847 6.55259275436401 9.46156883239746
1.55706357955933 1.90673398971558 1.95730447769165 1.7234913110733 2.06085801124573 4.80762958526611 2.950026512146 2.32574987411499 1.779425740242 1.65929234027863 1.52787697315216 1.40661299228668 1.33531785011292 1.29898309707642 1.25228357315063 1.2829966545105 1.380739569664 1.22729814052582 0.96698409318924 0.863800585269928 0.78915274143219 0.69290155172348 0.610069692134857 0.547398030757904 0.966598629951477 0.62210750579834 0.930586874485016 0.715671420097351 0.655725955963135 0.583469390869141 0.547997653484344 0.567351400852203 0.381121128797531 0.0962252840399742 0.0826735496520996 0.0575509406626225 4.27747344970703 5.65740203857422 5.12711524963379 3.47781944274902 1.59506118297577 1.19675874710083 1.93399822711945 5.46666812896729 7.83757877349854
1.58192050457001 1.49662256240845 2.33062219619751 1.96017801761627 2.21620392799377 4.05900287628174 2.22074413299561 1.80487763881683 1.69324111938477 1.69901084899902 1.54016077518463 1.33220887184143 1.21201002597809 1.15243780612946 1.06734108924866 1.00182640552521 0.929137706756592 0.866613566875458 0.788321316242218 0.71877783536911 0.659872531890869 0.600944697856903 0.580326795578003 0.521468579769135 1.5444643497467 1.33453464508057 1.21122288703918 1.34524667263031 0.988804399967194 0.851235806941986 0.737888753414154 0.698405981063843 0.552412986755371 0.283616542816162 0.38692232966423 0.32473760843277 0.323708385229111 6.8911337852478 5.65534591674805 1.88838911056519 0.756147861480713 0.535965323448181 1.6633939743042 4.29763221740723 4.90492677688599
1.59971988201141 1.11550211906433 1.9107061624527 3.09069180488586 2.66856789588928 2.58441400527954 2.1145281791687 1.59458601474762 1.44322967529297 1.50532293319702 1.59754991531372 1.57890284061432 1.18965065479279 0.998501181602478 0.922950029373169 0.866392135620117 0.800273895263672 0.694166600704193 0.651821672916412 0.625415086746216 0.635003566741943 0.864890336990356 1.17270267009735 1.17084586620331 0.930940270423889 3.20025873184204 1.76746094226837 1.45267188549042 1.19264006614685 1.02688264846802 0.992232620716095 0.962483465671539 0.880130290985107 0.676182389259338 0.586790382862091 0.546790242195129 0.525683283805847 3.2994818687439 2.16982841491699 0.870222151279449 0.967418015003204 1.34222805500031 1.55917942523956 2.55698561668396 3.53438138961792
0.788304328918457 0.734086692333221 1.22633707523346 2.24802708625793 2.07981705665588 2.20360445976257 1.96520042419434 1.32677674293518 1.06994962692261 1.10637772083282 1.42893671989441 1.71437180042267 1.63280594348907 1.12000942230225 0.884563684463501 0.883469521999359 0.809233009815216 0.69838547706604 0.59915417432785 0.523810088634491 0.708143174648285 1.19504153728485 1.27611005306244 1.56584095954895 1.32423794269562 1.61280989646912 2.90398859977722 1.41240656375885 1.15580034255981 1.01733648777008 1.08168756961823 1.06661176681519 1.01707720756531 0.876235842704773 0.709474086761475 0.744777858257294 0.734266042709351 0.732273876667023 0.693350374698639 0.692426741123199 2.43193006515503 2.94630718231201 2.94157266616821 2.5301821231842 2.25195527076721
0.224534496665001 0.534096419811249 1.00894689559937 1.1900030374527 1.59537935256958 1.75466871261597 1.66187143325806 1.30968368053436 0.87506502866745 0.791502416133881 1.25723600387573 1.54727530479431 1.78379511833191 1.44752168655396 1.01329743862152 0.934345245361328 0.883752167224884 0.784915804862976 0.736898601055145 0.67253190279007 1.02251553535461 1.16018128395081 1.96658134460449 1.60733640193939 1.48490226268768 1.59551584720612 2.19408130645752 1.39695835113525 1.20752155780792 1.10920023918152 1.05202925205231 1.1811203956604 1.12128138542175 1.02599990367889 0.887491703033447 0.735384047031403 0.717023193836212 0.885081112384796 0.680015802383423 0.658111929893494 2.74419593811035 3.80192637443542 3.86801862716675 2.66758871078491 1.65981841087341
0.32171219587326 0.508564293384552 0.568655908107758 0.682460129261017 0.851204037666321 1.51046049594879 1.72083270549774 1.50910687446594 1.0386745929718 0.764367640018463 0.83241856098175 1.09986686706543 1.36385023593903 1.53336691856384 1.28141212463379 0.98120504617691 1.23934590816498 1.18023109436035 1.1408793926239 1.08328402042389 1.14794087409973 1.14436054229736 2.12560367584229 2.10421347618103 1.86331510543823 1.63790428638458 1.53571283817291 1.34103167057037 1.29483342170715 1.2545393705368 1.47196435928345 1.08399486541748 1.01580202579498 0.918281197547913 0.827375471591949 0.700129210948944 0.76989358663559 1.73940145969391 1.30505526065826 1.0137380361557 1.87226676940918 3.43762874603271 3.07683277130127 2.36590003967285 2.15115714073181
0.220727264881134 0.381332546472549 0.425616860389709 0.329177409410477 0.366373747587204 1.14075040817261 1.75720632076263 1.86357855796814 1.52358090877533 1.09737479686737 0.84709221124649 1.40355885028839 1.36858677864075 1.29691123962402 1.37085723876953 1.37472558021545 1.31973612308502 1.27871632575989 1.25320279598236 1.21797204017639 1.15352094173431 1.35456728935242 1.96940577030182 2.18985295295715 1.93663167953491 1.61516940593719 1.53628098964691 1.43311059474945 1.27961885929108 1.18760013580322 1.13721084594727 1.01845371723175 0.798384666442871 0.705365538597107 0.627312183380127 0.995322227478027 3.20355367660522 4.5697865486145 4.05411863327026 3.5205991268158 3.25647926330566 3.70533418655396 3.54099273681641 3.18026804924011 2.87502145767212
0.0100435139611363 0.425356447696686 1.20711541175842 0.904191851615906 0.800838351249695 1.16952109336853 1.70075416564941 1.89345228672028 1.87473332881927 1.6564416885376 1.35812866687775 1.41870450973511 1.36890518665314 1.32504951953888 1.30305850505829 1.52024841308594 1.47427403926849 1.39485645294189 1.39374315738678 1.60636413097382 1.79609882831573 1.81743896007538 1.80819857120514 1.81474816799164 1.75801193714142 1.71924257278442 1.60117852687836 1.5110799074173 1.35800123214722 1.15041410923004 1.15106523036957 0.744942367076874 0.51647937297821 0.355406552553177 0.314780354499817 4.01519346237183 6.30039262771606 7.32447290420532 6.91381359100342 5.65948486328125 4.77501916885376 4.50782346725464 4.47484922409058 4.00861835479736 3.62027907371521
1.14487814903259 1.45188295841217 2.32329797744751 1.84546327590942 1.55681359767914 1.5253621339798 1.73819959163666 1.96298694610596 2.11591649055481 1.6998747587204 1.44448006153107 1.26152074337006 1.47819590568542 1.43137681484222 1.41644334793091 1.38344252109528 1.3494758605957 1.35931265354156 1.56371128559113 1.8575564622879 2.53518581390381 2.38928270339966 2.14708781242371 1.97614574432373 1.82782638072968 1.69963645935059 1.6188622713089 1.4893217086792 1.37786209583282 1.16245651245117 0.935726344585419 0.57207053899765 0.289210438728333 0.0163462348282337 2.3297221660614 4.89757680892944 8.88456630706787 9.36988830566406 9.36134243011475 7.81488800048828 6.35954809188843 5.34380674362183 4.75520753860474 4.26556015014648 3.86020183563232
