slauniainen/Data/DEM/Vihti_dsm1500b_cl_horizonAngle_60.asc
NCOLS 196 
NROWS 178 
XLLCORNER 353680 
YLLCORNER 6699024 
CELLSIZE 16 
NODATA_value -3.4e+38 
[rows 60 to 79 of 178, columns 92 to 137 of 196]
16.3763427734375 25.6500091552734 22.1880836486816 38.8157272338867 48.4008560180664 18.7512645721436 -2.40301489830017 -1.2204692363739 -0.0270802862942219 -1.5199773311615 -0.0843923017382622 4.72059488296509 0.911365807056427 -0.0216702222824097 16.5364799499512 15.8511791229248 23.1024627685547 2.08284592628479 2.00063753128052 4.08068180084229 20.9506950378418 29.1197471618652 33.8937530517578 17.289119720459 20.0654907226562 30.4351425170898 39.2122344970703 -1.62758445739746 -2.65453910827637 -0.632432341575623 1.85580158233643 2.29207015037537 4.14929485321045 8.71986675262451 20.2164649963379 0.560162425041199 -0.76798415184021 1.18541014194489 1.24095165729523 1.0290744304657 1.4768693447113 1.59902143478394 1.82442390918732 3.4141252040863 4.43762493133545 4.80537557601929
12.28688621521 26.4768848419189 30.4002151489258 31.9664402008057 34.2085227966309 33.9037551879883 7.51888799667358 -1.96066188812256 -1.52081668376923 -1.04951167106628 -2.09671473503113 -0.875898540019989 13.5069408416748 7.67996025085449 9.61440277099609 1.41688334941864 1.55294680595398 3.45992946624756 12.1800880432129 7.0140175819397 3.49594187736511 -3.97148895263672 -3.66759014129639 -3.90022563934326 -3.68558478355408 -3.12708425521851 12.6238594055176 22.848934173584 13.3692455291748 0.305965900421143 1.64499545097351 2.95858192443848 8.83258056640625 17.857608795166 28.6620960235596 5.39262008666992 -0.392270058393478 1.10114943981171 1.26207423210144 1.39578604698181 1.60431170463562 2.88121175765991 3.22433066368103 4.19840526580811 6.02157020568848 6.93196725845337
12.9089860916138 13.72682762146 22.9916191101074 27.2473545074463 29.1441059112549 23.6686611175537 15.0459566116333 19.1636543273926 17.1800403594971 -2.33980917930603 -2.29088735580444 -2.25121164321899 0.0424250587821007 1.27475368976593 2.2203094959259 1.47825694084167 7.86112499237061 16.1704998016357 22.2509593963623 16.0839767456055 15.7418794631958 4.27247524261475 -4.52362775802612 -4.37720966339111 -4.11219263076782 -3.20204281806946 -2.43892049789429 -2.10342597961426 -0.870614886283875 -1.36844313144684 2.0401029586792 -0.711893975734711 10.1399240493774 15.2006092071533 24.7054328918457 20.722806930542 0.632570624351501 1.0089213848114 1.30476474761963 2.51166486740112 2.82668805122375 3.76909708976746 4.1352219581604 5.61798715591431 12.8959350585938 15.5561246871948
14.2341804504395 19.5165214538574 20.0703659057617 24.3867568969727 31.6605930328369 33.3244323730469 4.4734673500061 25.5823535919189 24.2794017791748 -2.70398187637329 -2.57744765281677 -2.07243967056274 -0.87177437543869 0.876307129859924 2.21578121185303 8.64195442199707 12.5015068054199 23.6487770080566 34.2653999328613 19.8481559753418 19.6082801818848 27.6877288818359 -1.09708261489868 -3.64513611793518 -3.81954288482666 -3.89985990524292 -3.20915794372559 -2.7222728729248 -1.94842898845673 -2.04932355880737 -1.94291365146637 5.52668714523315 7.86765813827515 6.19825410842896 0.416502237319946 0.825361251831055 1.15182650089264 2.2969696521759 2.5510196685791 3.42675185203552 3.80894041061401 5.16611051559448 8.99918174743652 10.2037754058838 8.8146915435791 9.14883232116699
14.301251411438 18.9166736602783 17.9962940216064 14.9185857772827 20.2740535736084 12.0128202438354 19.2487621307373 28.4691162109375 33.4848022460938 25.2713012695312 8.4118480682373 -2.25485610961914 -0.299524545669556 5.19692659378052 8.25434970855713 14.4403390884399 16.3571109771729 19.4688186645508 29.8169269561768 18.9169254302979 18.9375057220459 22.8416900634766 11.3151082992554 4.8530855178833 6.29992246627808 -3.29720187187195 -2.94058179855347 -1.5363335609436 20.9656620025635 31.6346397399902 1.74572956562042 -1.3822546005249 0.122816532850266 0.396232545375824 0.632503807544708 0.11825343221426 2.23341798782349 3.08057522773743 3.42377996444702 4.63010215759277 5.4643816947937 7.36330509185791 6.98161697387695 8.30145645141602 7.41229915618896 8.34616374969482
12.7433662414551 17.641471862793 17.5393161773682 10.4439125061035 25.3099594116211 20.2282543182373 24.0957412719727 20.9268245697021 21.372974395752 21.6983985900879 19.974702835083 0.66765695810318 2.03115510940552 8.3176736831665 11.8028392791748 12.656982421875 17.8047256469727 21.6425914764404 30.3703784942627 12.7830781936646 12.8975191116333 7.07880353927612 7.82677936553955 -3.96361756324768 -4.53298854827881 -2.75768065452576 0.0325444303452969 -0.16491287946701 -1.33441245555878 6.58341121673584 20.4731731414795 -0.0577087216079235 0.221283122897148 -1.57240045070648 0.439589977264404 1.92703855037689 2.74967288970947 4.13761329650879 3.87746906280518 5.59448957443237 6.27914142608643 7.49535703659058 7.80937433242798 7.38765668869019 7.87877416610718 8.85847568511963
14.1901044845581 30.4564380645752 24.9858798980713 16.2917881011963 18.5384712219238 14.4525518417358 14.8731994628906 19.5999660491943 18.4031925201416 22.220365524292 24.5457077026367 14.8101472854614 5.83763408660889 9.68728923797607 11.2155609130859 14.9558410644531 16.9965438842773 28.2608318328857 38.6891136169434 13.8297777175903 7.48747587203979 14.1946659088135 19.2398204803467 15.4258546829224 -3.62405109405518 -2.4408016204834 -2.31478261947632 0.168002590537071 -2.06843400001526 -0.676978647708893 -0.508830785751343 22.3172645568848 36.2339363098145 0.0467134825885296 1.36326229572296 2.64317274093628 9.73541164398193 2.92254495620728 3.85829067230225 6.69299697875977 6.98863506317139 6.70427131652832 7.12785053253174 8.07503509521484 8.35635375976562 8.54432773590088
18.3413200378418 26.0365428924561 13.9424257278442 14.3232402801514 13.2377872467041 14.4514684677124 16.8279094696045 18.1833934783936 19.5260982513428 12.7933502197266 15.3052225112915 20.6423683166504 6.40283918380737 11.4458827972412 10.4802808761597 7.5284252166748 6.91815328598022 10.8791160583496 38.0916328430176 9.77489185333252 12.6994352340698 12.1234512329102 20.19313621521 0.208277761936188 -2.73167204856873 -2.53110456466675 -0.674187004566193 -2.31368350982666 -1.8309725522995 8.66833114624023 12.1319093704224 14.8453197479248 26.9171180725098 0.708321928977966 1.77191030979156 8.78486824035645 11.2764949798584 10.3282461166382 5.19285678863525 5.24865961074829 6.35908317565918 7.32872200012207 7.62025547027588 7.7730131149292 8.05065441131592 7.37138271331787
13.6433057785034 16.8714981079102 10.7548542022705 8.39633369445801 14.1658735275269 9.11923694610596 10.9135704040527 10.0728101730347 10.4696264266968 11.9965324401855 8.94697666168213 7.46175813674927 10.0165605545044 21.5127868652344 24.9118843078613 24.3036594390869 24.2928104400635 19.9254169464111 42.1502571105957 29.8701095581055 37.0846519470215 18.9408416748047 15.7718696594238 6.86477470397949 -1.14556550979614 -2.83856868743896 -2.67623972892761 -1.79918587207794 2.5831024646759 -0.22679078578949 7.38448572158813 16.7996559143066 1.14371311664581 1.7926629781723 3.5375611782074 2.78038597106934 3.67825055122375 2.771160364151 2.94557118415833 4.39727783203125 5.5741024017334 7.03204488754272 7.32086038589478 6.72212219238281 6.924156665802 9.48588943481445
9.59397315979004 19.6748180389404 19.5132293701172 11.0287771224976 10.192681312561 2.7753427028656 2.30186986923218 8.2898120880127 6.6764965057373 15.0631256103516 21.8506717681885 12.5931339263916 14.6301956176758 15.8869352340698 10.521580696106 14.2772588729858 18.128345489502 15.8987836837769 16.7751808166504 29.0603008270264 23.8466701507568 11.8030376434326 6.99914741516113 3.04709339141846 -2.7846691608429 2.83423018455505 -2.46648335456848 -1.03155601024628 -0.192716747522354 0.906882286071777 0.477919548749924 1.31731224060059 2.18434071540833 10.7737054824829 2.89857172966003 2.25675773620605 1.95719516277313 2.15592384338379 2.57370901107788 2.67495274543762 3.71566390991211 5.1738977432251 6.26964235305786 6.50751399993896 10.9081773757935 12.6052408218384
7.79020118713379 12.7433166503906 13.6227531433105 24.3755893707275 16.1866149902344 1.84689843654633 2.9907021522522 3.31651139259338 6.60938835144043 7.48909473419189 8.58594131469727 8.84627532958984 8.68550586700439 8.86686134338379 9.94827651977539 11.9951305389404 15.0594930648804 17.194278717041 20.30690574646 32.6044235229492 34.4128341674805 17.6131248474121 21.9017086029053 25.4431991577148 3.14469504356384 3.97301936149597 -1.21620833873749 -1.04605686664581 9.377760887146 20.8964309692383 1.32378149032593 1.92793762683868 2.69272971153259 16.363618850708 3.1493775844574 4.23580265045166 2.48272585868835 9.24398136138916 2.56806206703186 1.75730621814728 1.50016522407532 3.21937394142151 4.81553649902344 8.75555419921875 11.8647556304932 19.6404056549072
5.70320463180542 10.7315301895142 18.5885753631592 39.812629699707 19.0993576049805 1.23476803302765 2.26313257217407 2.1092426776886 5.15840339660645 4.65948677062988 4.87820434570312 5.99925565719604 8.48606395721436 7.46726417541504 8.42347621917725 8.7205924987793 13.9793167114258 17.0297794342041 20.9389533996582 28.9351978302002 17.5227470397949 18.7526893615723 18.7925395965576 23.3317279815674 16.8553028106689 8.96466636657715 9.42697238922119 2.34811353683472 11.4707479476929 18.9287052154541 20.0815238952637 5.15655088424683 21.6982135772705 2.07980227470398 2.06068968772888 2.32252907752991 1.89937102794647 1.73032677173615 1.53452062606812 1.41201078891754 0.435016363859177 1.44742095470428 5.10442590713501 9.31308650970459 14.5837717056274 16.8605670928955
6.35333251953125 18.6331005096436 35.6894607543945 41.443904876709 28.9114627838135 18.9167785644531 11.3323860168457 1.99528181552887 3.1276547908783 4.35879755020142 5.49044227600098 5.58324289321899 5.12730550765991 3.1276433467865 6.15373229980469 8.74587440490723 13.0899353027344 15.751389503479 19.7665195465088 28.3785934448242 28.0986728668213 17.864688873291 25.3056640625 8.89369106292725 6.52056074142456 20.2103748321533 0.650018036365509 5.38482666015625 6.30710029602051 4.58583879470825 6.0893383026123 4.64266920089722 16.8210372924805 4.00395631790161 5.90990209579468 1.49578249454498 0.898524940013885 0.803294897079468 5.21399688720703 1.0298033952713 0.722046375274658 0.373244851827621 3.91483163833618 5.69552183151245 7.31463623046875 5.67956447601318
15.0486402511597 18.9361743927002 25.9497337341309 30.7955589294434 33.7630233764648 10.0256567001343 5.56573390960693 1.79900348186493 1.71251964569092 3.70192265510559 3.33529233932495 3.0498948097229 2.9460711479187 1.63553285598755 3.20145511627197 6.89059686660767 8.48047161102295 10.5081634521484 7.80945777893066 11.5606412887573 12.2678470611572 18.4186153411865 19.8928737640381 19.1296424865723 15.8516569137573 12.6610879898071 1.899409532547 2.16811442375183 2.91370701789856 6.58174610137939 13.7313928604126 2.00220847129822 7.21239185333252 4.83969116210938 11.7747964859009 0.568451941013336 0.157938748598099 0.200358748435974 -0.399211525917053 -1.03143954277039 -0.808118522167206 -0.664054214954376 1.65400004386902 6.39653778076172 6.55144166946411 37.3315963745117
15.6317548751831 17.5196399688721 17.7705574035645 38.1446266174316 37.2562217712402 40.3477630615234 15.4779634475708 1.93346691131592 2.51577162742615 5.62225246429443 16.5075778961182 1.22746336460114 0.32399320602417 1.57329726219177 4.46914434432983 6.45598316192627 7.72475910186768 8.98689651489258 8.31221389770508 7.61854600906372 13.2941884994507 23.4022769927979 9.32572460174561 6.96388483047485 1.2969799041748 11.2467842102051 6.47550773620605 2.99638628959656 6.8879828453064 15.7610912322998 24.2804508209229 17.5043659210205 39.6105690002441 14.2374038696289 14.6163234710693 13.6923818588257 1.40141355991364 -1.19267725944519 -0.914700984954834 -1.14025020599365 -1.07362055778503 -0.694747984409332 0.773632943630219 0.142051711678505 9.13011360168457 45.6670341491699
14.8691968917847 18.834114074707 20.1243438720703 26.6112499237061 34.2649230957031 34.7977752685547 40.7107620239258 15.4864501953125 13.0080680847168 17.5115737915039 18.8765563964844 19.0996360778809 0.0815635249018669 3.18135809898376 2.29860615730286 3.35824966430664 4.38179159164429 7.24522590637207 8.57029914855957 8.65231323242188 7.56239795684814 31.1490669250488 0.996497094631195 13.0470275878906 3.53478240966797 17.7787456512451 13.3351287841797 8.89604759216309 14.0669393539429 10.2711315155029 8.36281681060791 14.0205459594727 7.16540050506592 9.77726650238037 9.17460155487061 13.3565721511841 5.52535581588745 -1.16592633724213 1.72701990604401 1.16518926620483 -1.42172110080719 -2.92110157012939 -0.827242136001587 0.368884801864624 1.64058113098145 7.70265769958496
12.9429922103882 14.5913381576538 18.0032234191895 29.1610851287842 37.6475486755371 41.9013366699219 39.792839050293 22.5174198150635 16.1067752838135 16.5781307220459 24.8602733612061 11.3648843765259 10.8735342025757 13.7772445678711 4.47008609771729 3.4284143447876 4.89117908477783 5.25373411178589 6.36490201950073 11.1380729675293 21.5276222229004 29.3635349273682 35.4043121337891 31.002269744873 15.2546110153198 17.98020362854 17.1185684204102 15.7534322738647 12.7021789550781 30.1636924743652 22.9015064239502 4.03630685806274 7.96042823791504 14.4462938308716 10.7111186981201 9.93473243713379 5.07423877716064 -1.00903451442719 -1.78384852409363 -2.03476166725159 -3.48992848396301 -2.70491981506348 -1.62885046005249 1.17302191257477 4.62599849700928 8.77178382873535
13.2312345504761 13.3957433700562 15.5575923919678 16.9269008636475 28.2828979492188 33.7009811401367 36.2136383056641 15.4908723831177 15.6244478225708 22.3048152923584 9.78766345977783 2.02958106994629 4.60008668899536 14.1576662063599 6.23722076416016 4.77563619613647 3.33678865432739 4.89570283889771 10.6805067062378 17.2658634185791 13.5313148498535 3.68435788154602 3.0188422203064 7.21923208236694 6.95122671127319 7.14268207550049 13.5789804458618 18.0225658416748 18.5536327362061 35.3560256958008 41.9278373718262 8.72235298156738 7.66522455215454 7.43722724914551 6.36531114578247 16.471736907959 5.50386905670166 3.63430333137512 8.87157344818115 9.36144828796387 -2.7685718536377 -1.9809684753418 -0.0410961098968983 1.64576458930969 5.19524383544922 10.2248029708862
11.2967910766602 11.6271533966064 12.8616876602173 12.1182346343994 15.8993082046509 27.4923973083496 40.9819602966309 37.6857566833496 23.9203071594238 32.5908393859863 37.7944068908691 24.7190170288086 8.61569786071777 20.548189163208 13.0440979003906 20.5636692047119 6.32140636444092 7.26084518432617 6.20305776596069 14.8354797363281 22.263765335083 4.3927755355835 8.66291427612305 14.2918539047241 7.5013599395752 6.21300077438354 13.5283327102661 21.3499031066895 24.8354740142822 32.2938613891602 40.1170196533203 31.3868923187256 10.2823457717896 6.75498342514038 15.7647581100464 8.75194072723389 3.73884677886963 5.45661544799805 13.0480613708496 7.09163904190063 -1.6518839597702 -0.69161319732666 0.572498738765717 1.11351668834686 2.82972407341003 11.7338523864746
10.1413888931274 9.09650897979736 10.3457231521606 11.1512050628662 13.6618518829346 24.6010646820068 30.6016006469727 31.8724613189697 26.3300933837891 15.661205291748 12.2008829116821 14.556770324707 9.26810836791992 14.5141296386719 12.2735395431519 7.13842630386353 10.9285678863525 5.79017639160156 10.114688873291 16.385082244873 16.5382900238037 3.8997540473938 6.82923412322998 19.2715377807617 11.8937950134277 11.3404359817505 12.4639930725098 19.0895824432373 22.7808151245117 25.5832595825195 32.6632690429688 33.6853256225586 26.8682670593262 24.8543148040771 14.5419015884399 18.5534706115723 6.7891058921814 2.42716765403748 2.25481843948364 7.71763372421265 5.79584884643555 -0.18731988966465 0.942571520805359 1.97837722301483 5.45339679718018 13.6550388336182
