slauniainen/Data/DEM/Vihti_dsm1500b_cl_horizonAngle_276.asc
NCOLS 196 
NROWS 178 
XLLCORNER 353680 
YLLCORNER 6699024 
CELLSIZE 16 
NODATA_value -3.4e+38 
[rows 100 to 119 of 178, columns 135 to 179 of 196]
34.8304595947266 22.0696659088135 19.2185478210449 17.0267353057861 15.3894805908203 13.8896636962891 12.4898147583008 11.3004550933838 10.3211078643799 9.49216842651367 8.76133251190186 8.14790630340576 6.93382835388184 6.63192701339722 6.33141326904297 6.5146484375 6.25324535369873 6.01129341125488 5.79686117172241 5.5951681137085 5.38585758209229 5.19891595840454 5.02103805541992 4.84360313415527 4.68052196502686 4.26906776428223 4.12744283676147 3.98538184165955 3.84963250160217 3.70842218399048 3.57867121696472 3.47319197654724 3.41604089736938 3.36190605163574 3.33243274688721 2.66411781311035 6.22156810760498 4.09818506240845 1.93939507007599 1.6149400472641 1.22297644615173 0.982098817825317 15.8677310943604 0.297407567501068 12.3739786148071
12.9752397537231 53.0747871398926 35.2478256225586 26.3610134124756 21.2591781616211 12.2563848495483 10.8535079956055 9.70423603057861 8.82430648803711 8.11058521270752 7.48229837417603 6.96008968353271 7.57730865478516 7.10435152053833 6.69772100448608 6.32540082931519 5.99971294403076 5.71213245391846 5.43898439407349 5.25680780410767 5.07743883132935 4.90304899215698 4.74202537536621 4.58628034591675 4.38668918609619 4.52216863632202 4.37880659103394 4.2377495765686 4.10323238372803 3.97484111785889 3.84894061088562 3.72581624984741 3.63075590133667 3.55985713005066 3.33309102058411 3.20917415618896 2.80096983909607 2.92691659927368 2.10100030899048 1.58153319358826 1.20774960517883 0.965865194797516 18.1790428161621 2.29259634017944 26.416862487793
4.6778039932251 1.87249755859375 51.6318321228027 33.4986686706543 24.7610893249512 19.5466194152832 14.8796854019165 12.9096279144287 11.5656890869141 10.4495077133179 9.51596832275391 8.73115730285645 8.06091499328613 7.48781299591064 6.5536060333252 5.4665470123291 5.25338983535767 5.04868602752686 4.8733491897583 4.7052321434021 4.54799842834473 4.71861791610718 4.5169825553894 4.33682632446289 4.43719434738159 4.2759838104248 4.13910484313965 4.00482702255249 3.87599873542786 3.75185966491699 3.63307452201843 3.52442955970764 3.41461277008057 3.29077529907227 3.43244338035583 3.07931184768677 2.73549199104309 2.73405194282532 2.63906311988831 1.19860148429871 21.6987781524658 10.4904251098633 9.78291416168213 4.8435754776001 0.142388582229614
3.4275815486908 18.7645835876465 6.05192470550537 50.0481643676758 31.974910736084 22.9275016784668 17.7438945770264 13.3074340820312 11.5054216384888 10.1422786712646 9.03275966644287 8.13337993621826 7.38196659088135 6.78754663467407 6.96272468566895 6.49962186813354 6.12169456481934 5.78142499923706 5.46669101715088 5.19277095794678 4.93468523025513 4.70131874084473 4.49154138565063 3.95322680473328 3.94506931304932 3.81378841400146 3.68703770637512 3.56542205810547 3.45139908790588 3.34039282798767 3.23649668693542 3.13845276832581 3.15084719657898 3.32957530021667 3.25515580177307 2.09356689453125 2.47893095016479 6.37868165969849 1.9289356470108 23.7330532073975 6.47444152832031 2.61727404594421 14.4268989562988 12.6348915100098 2.77918386459351
3.77162909507751 1.55855679512024 24.6768836975098 46.5825233459473 29.0864791870117 21.6836032867432 15.8900566101074 14.1620407104492 11.9571313858032 10.3287487030029 9.06412982940674 8.07394695281982 7.26988077163696 6.56974601745605 5.99969911575317 5.52200412750244 5.32801532745361 4.99521589279175 4.69358348846436 4.41013526916504 4.16979455947876 3.95037508010864 3.7384090423584 4.20535898208618 4.0081524848938 3.83657717704773 3.67726182937622 3.53572416305542 2.02168846130371 33.801513671875 18.2455291748047 12.2647247314453 9.14209175109863 2.95561861991882 2.88754487037659 1.35631132125854 1.25820052623749 19.7151393890381 16.9284152984619 13.7335500717163 12.3176393508911 5.69787263870239 1.32627141475677 0.854716956615448 0.431847006082535
11.9093656539917 5.30126190185547 0.329433023929596 4.8548059463501 49.2941856384277 30.7793102264404 21.7842121124268 16.7544288635254 12.8166494369507 11.2343168258667 10.0211315155029 9.03170776367188 8.19930362701416 7.47597742080688 6.86826372146606 6.35511827468872 5.18138885498047 4.85311889648438 4.57532119750977 4.32169771194458 4.08350658416748 3.85465621948242 3.62802052497864 3.40580201148987 3.05712080001831 3.03815984725952 2.91191720962524 2.79047298431396 0.861380517482758 0.495125353336334 20.2491817474365 2.11433291435242 0.515988886356354 49.0660552978516 30.1306343078613 15.1585807800293 11.7527379989624 1.60438847541809 1.57773864269257 0.853599309921265 6.42804574966431 0.929967641830444 0.503439784049988 0.00218709209002554 -0.261652529239655
2.58778142929077 21.0329666137695 5.43964529037476 5.65945816040039 10.1103944778442 31.1504764556885 17.5097255706787 14.2215070724487 13.2771272659302 11.1685218811035 9.60239505767822 8.41562080383301 7.44113826751709 6.64101457595825 5.98343467712402 5.45733118057251 5.83972072601318 5.46605205535889 5.12347459793091 4.81964874267578 4.51518154144287 4.21635103225708 3.94012856483459 3.69015026092529 3.44079828262329 2.94400429725647 2.84311890602112 2.75583648681641 1.28405046463013 0.660885632038116 4.39891195297241 13.9055776596069 2.18435668945312 15.7847003936768 15.1339521408081 5.57963848114014 13.5307006835938 4.60930204391479 0.39303258061409 0.300498574972153 0.284453392028809 0.0602440275251865 0.0384655185043812 -0.0542851686477661 -0.432179898023605
4.74178123474121 4.16044855117798 6.44653511047363 3.05649018287659 2.37448525428772 9.49996089935303 26.7036819458008 14.6771116256714 9.8992223739624 7.58840847015381 6.4440541267395 5.61900281906128 5.09592056274414 4.64186334609985 4.22853755950928 3.8041250705719 3.5449640750885 4.48130559921265 4.18815612792969 3.88855624198914 3.60472106933594 3.33015823364258 3.05301094055176 2.8096718788147 2.5971941947937 3.013023853302 2.84924077987671 2.74562525749207 2.6812858581543 1.8198778629303 1.09233832359314 1.05379998683929 0.12272784858942 9.29874897003174 19.0909519195557 12.8357086181641 7.18951368331909 0.597856879234314 0.0791829824447632 -0.0401797369122505 2.81010508537292 -0.215042099356651 -0.471502423286438 -0.812191367149353 -1.43676865100861
2.0620424747467 2.02151322364807 1.2844443321228 0.95292741060257 0.724245190620422 0.934412717819214 11.3515481948853 38.371395111084 22.000373840332 14.8372430801392 11.1696214675903 5.33507966995239 4.61659717559814 3.98871946334839 3.42308187484741 3.69890165328979 3.39525938034058 3.11953091621399 2.91723251342773 2.73496079444885 2.53291797637939 2.36401653289795 2.19473934173584 2.03405857086182 1.88579106330872 1.72705388069153 1.95770466327667 1.84594011306763 0.982077121734619 0.907448470592499 -0.4916852414608 -0.813232719898224 5.17095994949341 9.95908164978027 5.67570304870605 6.79931735992432 1.69145357608795 -0.227348729968071 -0.437820881605148 -0.603307664394379 -0.74777740240097 -0.82457309961319 -0.893681347370148 -1.1910662651062 0.635951936244965
0.241694107651711 -0.435205608606339 -0.0289551056921482 -0.665987551212311 -0.722780525684357 7.69450044631958 4.70501947402954 6.40135478973389 37.7168655395508 21.2597961425781 14.9731311798096 11.1814222335815 7.50813817977905 6.43106126785278 5.51292848587036 4.80760431289673 4.24024152755737 3.75193452835083 3.34674525260925 3.03877115249634 2.10367822647095 1.54074597358704 1.55337846279144 1.45015120506287 1.53595149517059 1.35875296592712 0.391367763280869 7.51974582672119 4.35175514221191 -0.39508843421936 -0.903015077114105 8.50106716156006 0.410102128982544 -1.13976991176605 -1.17250108718872 3.97173857688904 -1.23403584957123 -1.38217318058014 -1.50688576698303 -1.68475937843323 -1.94960415363312 -2.13120293617249 14.7365388870239 -2.2077362537384 -2.32449293136597
0.565469920635223 0.180967092514038 0.000344604137353599 -0.116160564124584 4.25187730789185 -0.44541472196579 -0.578943312168121 2.95885229110718 41.3043937683105 23.7593460083008 16.0330715179443 11.8119926452637 7.82828807830811 6.36614894866943 5.40059614181519 4.64582252502441 4.14691972732544 3.70133090019226 3.30812358856201 2.70809268951416 2.42262005805969 2.11915183067322 1.83523869514465 1.6397579908371 1.44510567188263 1.24020564556122 0.120801262557507 2.20869016647339 3.68661308288574 -1.36482930183411 14.428638458252 -1.43925106525421 -0.961654961109161 -1.5092830657959 -1.62271237373352 -1.69008588790894 -1.96658968925476 -2.08945059776306 -2.19131755828857 -2.31013631820679 -2.46168255805969 20.4330558776855 -2.64534330368042 31.5418701171875 16.9210624694824
10.1589622497559 7.92146682739258 3.63222050666809 2.3515317440033 7.48973035812378 1.69424283504486 -1.01767337322235 11.9270076751709 -1.16175031661987 49.0647659301758 29.6841945648193 20.2013034820557 14.945291519165 6.54697561264038 5.44642972946167 4.64149618148804 4.01836585998535 3.49065351486206 2.99948382377625 2.69419050216675 2.40631866455078 2.1357364654541 1.84863638877869 1.62140083312988 1.4453980922699 -0.843431770801544 12.5726337432861 17.1209850311279 7.5979380607605 -1.06881940364838 -1.71080446243286 -2.10652947425842 -2.14566898345947 11.901065826416 2.52336812019348 0.470239758491516 -1.89244866371155 -2.79269933700562 -3.25144672393799 13.4142732620239 -3.90948557853699 30.878101348877 28.8971538543701 15.4449281692505 16.5105304718018
4.29684066772461 4.20785474777222 3.21515679359436 12.493218421936 5.16362953186035 0.0454855673015118 18.2009315490723 -0.503681600093842 2.90316557884216 1.94163382053375 44.9515075683594 25.7213077545166 17.1457805633545 12.7321147918701 8.80050468444824 7.39627361297607 6.4430046081543 5.61773347854614 4.87766075134277 4.23811674118042 3.71215391159058 3.27135348320007 2.84536504745483 1.11448085308075 0.83573853969574 0.59464818239212 -1.22112572193146 24.7209281921387 8.64538860321045 -1.60890984535217 -2.30419230461121 -2.75840520858765 -2.9548864364624 6.00811862945557 1.16406190395355 -0.522019624710083 -3.38552331924438 -4.33211088180542 3.84195017814636 7.28516292572021 23.6343765258789 4.6236686706543 27.0018939971924 14.8743371963501 11.1630487442017
2.76934552192688 2.50518035888672 12.0655784606934 5.57471227645874 0.712511658668518 10.5290956497192 0.235519036650658 -0.127479806542397 2.39450144767761 -0.602542221546173 2.99716687202454 44.7653312683105 25.9445991516113 17.6151638031006 13.0810203552246 7.41052770614624 6.26251363754272 5.3773832321167 4.5931077003479 3.9273567199707 3.39940690994263 2.9475371837616 2.52098274230957 2.13855218887329 -0.485538303852081 -1.08037030696869 13.4173936843872 2.54118871688843 -1.88377177715302 -2.13940167427063 -2.72353553771973 -3.0392849445343 0.590058326721191 8.92746353149414 -3.73121428489685 4.11606597900391 3.19681072235107 0.676854848861694 16.3188209533691 3.92864346504211 -4.16529321670532 2.29182434082031 20.0335426330566 30.2315940856934 14.3613605499268
1.78662538528442 1.65200102329254 8.80124664306641 0.636404275894165 6.98824071884155 2.67800545692444 0.990571081638336 0.170650854706764 0.133299618959427 -0.932815968990326 15.2014961242676 4.13799953460693 47.6026763916016 28.3809833526611 19.5021724700928 14.7202386856079 7.7823691368103 6.52171993255615 5.55537366867065 4.75422859191895 4.07238864898682 3.49290013313293 2.96608734130859 2.47470092773438 -1.24842071533203 25.0019035339355 16.916036605835 3.62582397460938 -1.69632196426392 -1.87351107597351 -2.23788642883301 -2.40008354187012 -3.06344747543335 10.5124311447144 2.8432354927063 19.0822620391846 1.06702399253845 6.41481018066406 -4.03658866882324 30.2266006469727 7.16902923583984 11.0374507904053 4.99460124969482 27.2135467529297 10.6525268554688
-0.107337445020676 17.8238620758057 6.3011622428894 1.56253278255463 6.98380517959595 1.66397941112518 -0.162171304225922 -1.13187348842621 0.208806157112122 -1.32168972492218 1.25832831859589 0.281405627727509 -0.737251818180084 51.8909111022949 32.4623908996582 22.7011871337891 17.0652027130127 8.84525203704834 7.45342063903809 6.31816053390503 5.3613452911377 4.57046508789062 3.90122866630554 0.518723785877228 5.75246381759644 0.35779482126236 7.7251148223877 -1.72365641593933 -2.37664723396301 -2.65418124198914 -3.00743937492371 24.954719543457 14.701361656189 0.369509935379028 7.14612150192261 -0.704872727394104 10.7668352127075 13.6492643356323 7.01731252670288 4.90196084976196 1.33546793460846 0.37412017583847 25.4545383453369 9.85259246826172 14.8090076446533
1.21706819534302 1.1071183681488 0.844889163970947 0.306280314922333 6.78141927719116 -0.110427483916283 -0.826123714447021 -1.14419221878052 -0.0499286688864231 1.59681522846222 7.22185611724854 -1.48514151573181 15.9389095306396 2.86286997795105 49.306022644043 29.9643383026123 20.5867938995361 15.362476348877 10.4537172317505 8.77306652069092 7.35841274261475 6.2425422668457 5.24578142166138 1.70205795764923 0.288107395172119 21.3737335205078 8.1180419921875 -1.54252827167511 -2.28891468048096 -2.75025701522827 15.1191530227661 6.79372262954712 -1.76979827880859 12.1223878860474 -2.96845078468323 10.8725414276123 -3.06783556938171 5.40942239761353 5.08202266693115 9.95897006988525 5.401123046875 19.5701465606689 15.6723709106445 5.54684066772461 18.1080379486084
14.9761514663696 3.74981570243835 1.77276432514191 11.1427087783813 2.353515625 1.19565045833588 -0.499153405427933 -1.30892777442932 10.5079145431519 6.88391304016113 3.89350008964539 -1.74345505237579 7.329918384552 7.19749593734741 47.2767791748047 28.0615882873535 19.3104839324951 14.2924041748047 11.2589454650879 9.20817279815674 7.50879526138306 6.17796897888184 2.36004042625427 0.758944153785706 0.533316671848297 15.9159374237061 -1.78034651279449 -2.44838619232178 -3.29684042930603 3.69715595245361 8.47587585449219 6.12378597259521 12.6811380386353 2.94511914253235 -0.722046613693237 -1.28132140636444 8.09771537780762 20.3077545166016 10.7728996276855 11.1731481552124 10.3591051101685 13.242712020874 9.18500900268555 9.9823169708252 8.12310600280762
2.58654737472534 22.8013973236084 18.8194618225098 8.84141063690186 4.11500215530396 0.884221136569977 0.386585742235184 0.0449687093496323 -0.333994179964066 4.14846277236938 9.55561828613281 -0.838843703269958 13.2246208190918 7.64963817596436 28.2137470245361 24.7107639312744 7.11452770233154 28.9158210754395 14.9661741256714 9.79549980163574 4.8104567527771 3.16360950469971 2.63294196128845 2.30306529998779 7.02442455291748 -0.857523143291473 -1.47125649452209 -1.59023058414459 -2.20296502113342 -2.72618579864502 -3.04403209686279 7.23491048812866 4.00720596313477 5.28905344009399 2.42305707931519 34.0166053771973 19.1882057189941 12.7015323638916 12.0612058639526 11.5114097595215 11.9192686080933 8.8519983291626 4.22377777099609 17.8988704681396 12.8660449981689
36.1688766479492 16.5073013305664 7.79366779327393 11.116979598999 4.07087850570679 1.18678319454193 0.933611631393433 4.22601270675659 0.676992833614349 9.55901908874512 0.484277665615082 -0.125028431415558 9.2766580581665 11.9695568084717 9.21164989471436 8.44946193695068 6.81256818771362 5.90925073623657 5.87416839599609 2.41184282302856 8.39675807952881 1.62829267978668 14.4054641723633 5.95523357391357 -1.78585863113403 4.81013631820679 -1.97110283374786 9.82757091522217 -2.35681653022766 -3.13207936286926 4.42233419418335 8.29949188232422 7.17840480804443 3.3231348991394 31.781909942627 19.7968006134033 13.7542161941528 8.8292875289917 10.769250869751 9.50810050964355 11.1214847564697 6.74151372909546 2.06713485717773 1.85488188266754 31.6770515441895
