slauniainen/Data/DEM/Vihti_dem1500b_cl_horizonAngle_150.asc
NCOLS 196 
NROWS 178 
XLLCORNER 353680 
YLLCORNER 6699024 
CELLSIZE 16 
NODATA_value -3.4e+38 
[rows 100 to 119 of 178, columns 45 to 89 of 196]
2.038414478302 2.36985468864441 2.63899755477905 2.38884902000427 1.04248583316803 1.43443238735199 2.88583517074585 3.69231128692627 3.88226819038391 2.31602168083191 1.6188303232193 1.79709112644196 1.84512436389923 1.60471844673157 1.56893539428711 1.83562779426575 1.98001956939697 2.29323863983154 2.67729711532593 3.185378074646 3.3739058971405 2.92761492729187 2.82166647911072 2.92142343521118 3.02459597587585 3.21909594535828 3.44255018234253 4.17983865737915 4.69113445281982 7.30872774124146 10.5175323486328 13.317346572876 9.07456016540527 1.54274606704712 1.5534131526947 1.81765973567963 2.10000848770142 2.41609692573547 2.45797514915466 2.44172286987305 2.3475067615509 2.29095816612244 2.25631737709045 2.11183404922485 1.57866477966309
1.82720875740051 1.52238929271698 1.97786819934845 1.26123929023743 0.872938275337219 1.07190656661987 1.89205479621887 4.0187201499939 4.36483335494995 3.90191769599915 2.3278865814209 1.80986785888672 1.88184070587158 1.82684350013733 1.68089687824249 1.80783414840698 1.95676445960999 2.13720035552979 2.5264687538147 3.25355434417725 3.52210688591003 3.54530668258667 3.18324065208435 3.43557453155518 3.51601791381836 3.65849041938782 3.74980735778809 4.37844276428223 4.92113780975342 6.38216924667358 11.0756301879883 14.5276756286621 8.13462352752686 1.44766438007355 1.52853953838348 1.66715371608734 1.99072897434235 2.35030031204224 2.5617344379425 2.5470552444458 2.37302470207214 2.41873979568481 2.3564567565918 2.16764187812805 1.99230754375458
1.44028174877167 0.799617767333984 0.847420275211334 0.822313070297241 0.858905613422394 1.00819647312164 1.54336166381836 3.72686958312988 5.04515647888184 5.42645120620728 3.53078651428223 2.3564760684967 1.86631715297699 1.90378832817078 1.78344321250916 1.72571873664856 2.19201374053955 2.15040326118469 2.53975892066956 2.97738146781921 3.63585782051086 3.8328104019165 3.51264619827271 3.83809447288513 3.90575194358826 4.01766920089722 4.09152555465698 4.40481567382812 5.52096891403198 5.82880687713623 11.2698936462402 13.9734210968018 6.57108497619629 1.29861462116241 1.56533253192902 1.71707820892334 2.02227520942688 2.31050395965576 2.63909792900085 2.67717885971069 2.58039355278015 2.46335959434509 2.40047001838684 2.37088680267334 2.23476409912109
1.09089136123657 0.80536675453186 0.816111087799072 0.837793946266174 0.890712082386017 0.960366070270538 1.23048317432404 2.84005093574524 5.97724914550781 6.33276796340942 5.64089012145996 3.03332781791687 1.90184998512268 2.07015562057495 2.02193117141724 1.81648528575897 2.19839310646057 2.53563261032104 2.36075830459595 2.86832785606384 3.74717020988464 4.02926683425903 3.94486904144287 3.91207981109619 4.55210161209106 4.57610702514648 4.55987501144409 5.31044673919678 5.49940729141235 6.2649884223938 9.04300403594971 8.45982360839844 1.33738696575165 1.24634981155396 1.56928384304047 1.73817408084869 1.90802001953125 2.28608560562134 2.67752027511597 2.89406943321228 2.78902888298035 2.678297996521 2.53883218765259 2.47838449478149 2.44507932662964
1.00700807571411 1.0296403169632 1.05461287498474 1.10210645198822 1.15795075893402 1.20479941368103 1.28121054172516 2.04694008827209 5.38816928863525 8.28236770629883 8.78092479705811 4.99995613098145 3.17414426803589 2.12400650978088 2.22969102859497 1.92257070541382 2.00138568878174 3.02724194526672 2.84568071365356 2.88921141624451 3.40778374671936 4.12623929977417 4.17008876800537 4.2452826499939 4.81567621231079 5.18934202194214 5.53239488601685 5.85122919082642 5.37013578414917 7.30593156814575 6.04999399185181 3.79318928718567 1.94342219829559 1.96549654006958 2.35010623931885 2.53416395187378 2.1247136592865 2.22819519042969 2.74607110023499 2.96610498428345 2.92881155014038 2.79787302017212 2.56898951530457 2.62238144874573 2.55423140525818
1.23935449123383 1.28853738307953 1.31113874912262 1.32741057872772 1.40942275524139 1.4884889125824 1.54205584526062 1.65822875499725 5.63653993606567 10.2346172332764 5.85212802886963 6.21235227584839 4.66018199920654 2.41958141326904 2.0315797328949 2.30696415901184 2.07485795021057 3.40908885002136 4.96862268447876 4.44346046447754 3.77008748054504 4.11324787139893 4.30209302902222 4.21289730072021 4.94594526290894 6.31392669677734 5.93317604064941 4.51945543289185 3.88957762718201 5.68019676208496 3.20338702201843 2.80813026428223 2.60176134109497 2.66083264350891 2.8323769569397 2.97162389755249 2.93891978263855 2.59718680381775 2.81125926971436 3.08439111709595 3.1107234954834 2.97012662887573 2.85168528556824 2.67421889305115 2.61169505119324
1.4708845615387 1.57691335678101 1.59371614456177 1.63027620315552 1.75282800197601 1.84787452220917 1.89760005474091 1.93662285804749 4.58037757873535 7.5357027053833 2.10457801818848 1.15940761566162 4.29525136947632 3.46907520294189 2.14598059654236 2.31260108947754 2.33269453048706 3.0367534160614 5.96433639526367 3.87035512924194 3.02998328208923 3.50201487541199 4.20950555801392 4.48448467254639 5.53632640838623 6.64024591445923 4.17629241943359 3.43376469612122 3.86384963989258 3.48200654983521 3.04030203819275 2.96035194396973 2.90709805488586 2.9419424533844 3.03400850296021 3.14818859100342 3.27716422080994 3.28988027572632 2.92977070808411 3.18827295303345 3.20301699638367 3.1184287071228 2.97641444206238 2.72029304504395 2.76284337043762
1.80332469940186 1.91180777549744 1.99718713760376 2.01137495040894 2.08303117752075 2.16807293891907 2.27189469337463 2.36302137374878 2.34848380088806 3.09589505195618 1.5294132232666 1.30452930927277 1.20788848400116 1.28104424476624 1.84061801433563 2.27378416061401 2.5748291015625 2.86879253387451 4.72046709060669 1.99848234653473 2.36983633041382 3.03868746757507 3.60750889778137 4.53450441360474 5.38267850875854 3.34773278236389 2.3712112903595 2.52954936027527 3.00586223602295 3.16288733482361 3.12951993942261 3.19536113739014 3.14645767211914 3.09762763977051 3.17347311973572 3.31141901016235 3.44344353675842 3.57356739044189 3.45413136482239 3.20987153053284 3.3304443359375 3.33641195297241 3.17085862159729 3.04261779785156 2.82022595405579
2.15322351455688 2.26379370689392 2.4637393951416 2.41161012649536 2.42108941078186 2.46018576622009 2.51715302467346 2.66116738319397 2.79600977897644 2.58040189743042 2.0702486038208 1.74802255630493 1.47266638278961 1.29539465904236 1.4150128364563 2.21852469444275 2.61736011505127 2.55991244316101 3.08440494537354 1.58243978023529 2.17600798606873 2.67214488983154 3.41283440589905 4.44003915786743 4.54363536834717 4.09563827514648 3.32534170150757 2.51868653297424 2.75920796394348 3.05832982063293 3.33033537864685 3.34899544715881 3.23662924766541 3.22845268249512 3.28354597091675 3.42898321151733 3.57291007041931 3.75538682937622 3.70197081565857 3.21683478355408 3.41477656364441 3.42979574203491 3.33305931091309 3.17860436439514 2.90375828742981
2.4653468132019 2.65680003166199 2.75574111938477 2.68824076652527 2.72398900985718 2.77844452857971 2.7745189666748 2.83338856697083 2.96308183670044 2.96904635429382 2.60862445831299 2.12858200073242 1.93276584148407 1.66885352134705 1.42096257209778 1.91895484924316 2.53706097602844 2.97528314590454 2.29682445526123 1.67936646938324 1.79209172725677 2.46371293067932 3.27857995033264 3.7934718132019 4.59302091598511 4.46867418289185 3.31875348091125 2.37965416908264 2.55791568756104 3.20453095436096 3.47616910934448 3.4713671207428 3.34636449813843 3.33569574356079 3.69135475158691 3.79539203643799 3.76459836959839 3.92912030220032 4.00174760818481 3.83603382110596 3.43287372589111 3.57917189598083 3.57913637161255 3.40499520301819 3.26582980155945
2.70939159393311 2.86848473548889 2.90035319328308 2.91929864883423 2.90496134757996 2.94997191429138 2.98462510108948 2.99026274681091 3.05751824378967 3.04480242729187 3.03368139266968 2.52933216094971 2.22968864440918 2.12012672424316 1.8759286403656 1.97183847427368 2.57875919342041 2.62740588188171 3.1871063709259 2.44642114639282 1.842893242836 2.31127023696899 2.91445469856262 3.73287630081177 4.8933277130127 5.24256086349487 4.72731685638428 3.56147408485413 2.58587312698364 3.0723249912262 3.49643611907959 3.73563504219055 3.55089330673218 3.39371824264526 3.82579898834229 4.49456548690796 4.66386747360229 4.66262340545654 4.19113445281982 4.05263566970825 3.78255701065063 3.590327501297 3.74807953834534 3.74790072441101 3.56440591812134
2.93907713890076 2.97789931297302 3.00828170776367 3.0118579864502 3.01577281951904 3.01784658432007 3.0773138999939 3.10116720199585 3.07831740379333 3.13981986045837 3.15165758132935 2.80897307395935 2.47235226631165 2.33416295051575 2.25245070457458 2.03659200668335 2.34849667549133 2.8129768371582 3.54126787185669 3.16008734703064 2.58107924461365 2.12112355232239 2.92983484268188 3.71810579299927 4.35808801651001 5.5848708152771 6.08099031448364 5.56570529937744 4.57821750640869 2.99218010902405 3.67226767539978 3.94136166572571 3.89373087882996 3.85254526138306 4.40793132781982 5.31064414978027 5.83022975921631 5.71206474304199 5.27726173400879 5.0332145690918 4.6736946105957 4.28839588165283 3.8566358089447 3.86508679389954 3.74172496795654
3.10705351829529 3.09132790565491 3.09216952323914 3.12097430229187 3.11032581329346 3.18052124977112 3.26131391525269 3.21803522109985 3.19083046913147 3.21042513847351 3.20714116096497 3.22750377655029 2.87360835075378 2.79505395889282 2.68117022514343 2.35669922828674 2.36422276496887 2.65323734283447 3.46831631660461 4.64278221130371 3.67026209831238 2.5130627155304 2.94741940498352 3.49210619926453 4.2156548500061 5.01396942138672 7.04374599456787 6.67903423309326 5.359534740448 3.75391125679016 3.50876498222351 4.06403207778931 4.39685869216919 4.45903444290161 4.90711498260498 5.81891489028931 6.35388517379761 6.15252923965454 5.8853874206543 6.14567375183105 5.90762567520142 5.90596961975098 5.06275701522827 4.52273082733154 4.05363082885742
3.23108768463135 3.2195131778717 3.20685362815857 3.20738077163696 3.3144702911377 3.44165110588074 3.51468229293823 3.5420229434967 3.3113968372345 3.22480368614197 3.2935733795166 3.29366827011108 3.29999327659607 3.04591608047485 2.9452211856842 2.76422929763794 2.53108334541321 2.85190606117249 4.05481767654419 5.71849012374878 5.69029998779297 4.00872659683228 2.92816185951233 3.52354049682617 4.10942220687866 5.46244859695435 7.48858022689819 9.01478576660156 8.54106044769287 6.86664295196533 4.23246908187866 3.89251947402954 4.585120677948 5.0263557434082 5.51265382766724 6.46691370010376 7.27051210403442 7.23652267456055 7.21703767776489 7.08262634277344 7.78637075424194 7.42753887176514 6.3712911605835 6.16605806350708 5.42291879653931
3.36394619941711 3.33453559875488 3.32091379165649 3.38328957557678 3.47531270980835 3.54803705215454 3.59902882575989 3.65163516998291 3.63220381736755 3.39244556427002 3.31235980987549 3.3781144618988 3.40322160720825 3.43316864967346 3.3385055065155 3.35791897773743 2.8015673160553 2.94942021369934 3.84929609298706 5.31818914413452 8.04506874084473 6.32759618759155 3.68094873428345 3.44449639320374 4.51755094528198 5.44066047668457 6.80765008926392 10.7258911132812 10.292046546936 9.31241035461426 6.31943082809448 4.06621122360229 4.75802087783813 5.26483201980591 5.89746284484863 7.04913139343262 8.35692310333252 8.47132110595703 8.12397575378418 7.96693897247314 7.5674877166748 6.07501602172852 5.23832654953003 5.19787311553955 4.93139839172363
3.49350309371948 3.44160580635071 3.41363334655762 3.4398672580719 3.51495695114136 3.58684372901917 3.65401029586792 3.6907320022583 3.74968981742859 3.60519957542419 3.43716406822205 3.45016098022461 3.45181918144226 3.46655011177063 3.78233242034912 3.77552127838135 3.87293767929077 3.22736310958862 4.06381559371948 5.99675846099854 8.66169834136963 3.68854737281799 5.02232694625854 3.70045948028564 4.26290225982666 5.34570121765137 7.87870025634766 10.8633823394775 15.5212697982788 13.6015691757202 10.124852180481 6.10741662979126 4.22435188293457 5.14391851425171 6.09791851043701 7.5357985496521 9.02724838256836 10.1265335083008 10.0551786422729 9.92974281311035 7.58542442321777 5.65658044815063 4.76536846160889 3.85975170135498 3.86386251449585
3.60432291030884 3.55130577087402 3.51603746414185 3.51218271255493 3.56295275688171 3.64700245857239 3.71211719512939 3.75931191444397 3.81528472900391 3.79444169998169 3.53959250450134 3.46558213233948 3.52561640739441 3.54669070243835 3.51867389678955 4.25145149230957 4.34100294113159 3.6749701499939 3.87174701690674 6.54010152816772 7.10817050933838 1.76319849491119 1.4289790391922 3.82844090461731 4.1189169883728 6.20814609527588 7.73268795013428 12.6156568527222 18.6706676483154 12.3571758270264 5.9835319519043 4.21837282180786 3.74252080917358 5.17656087875366 6.24438571929932 8.06024837493896 10.0185852050781 11.5295333862305 12.5860948562622 9.94234371185303 7.13113021850586 5.19200992584229 4.6100926399231 4.00221681594849 3.63481569290161
3.69816279411316 3.65939903259277 3.63231253623962 3.59778094291687 3.59008383750916 3.65796232223511 3.7308988571167 3.80363607406616 3.84624457359314 3.90758228302002 3.89106845855713 3.62278938293457 3.58490967750549 3.56506562232971 3.5730516910553 4.58843994140625 4.99208402633667 5.15024328231812 4.16236591339111 6.48755407333374 7.75674295425415 2.01194763183594 1.64360952377319 1.22855150699615 3.41111969947815 5.62757682800293 8.193115234375 12.6828441619873 12.5192747116089 2.57992768287659 1.4679924249649 2.03972172737122 3.04166078567505 4.57450437545776 6.2887396812439 7.98382616043091 11.1610260009766 14.000922203064 13.0946378707886 8.55091857910156 6.78857278823853 5.77183246612549 4.2113733291626 4.09012937545776 3.87643599510193
3.76701712608337 3.74673438072205 3.7427716255188 3.68485736846924 3.66266489028931 3.67689037322998 3.74232411384583 3.82374548912048 3.89362597465515 3.93775725364685 4.00296640396118 3.84003067016602 3.65964865684509 3.64561414718628 3.57234525680542 4.4776349067688 5.54165840148926 6.01294708251953 4.83842372894287 4.73035860061646 4.99861574172974 2.0181245803833 1.84582507610321 1.47311651706696 2.1365978717804 4.55189990997314 8.61491584777832 9.12724304199219 5.61648845672607 1.22968363761902 1.35580945014954 1.72444224357605 2.3263840675354 4.04105424880981 5.80915927886963 8.19761657714844 11.9033441543579 16.076997756958 10.9348602294922 7.85170936584473 8.15669918060303 7.42618465423584 5.47684764862061 4.14055871963501 4.05382966995239
3.89117002487183 3.84967565536499 3.83022618293762 3.78338122367859 3.74799275398254 3.72985863685608 3.79460525512695 3.88391208648682 3.95426082611084 3.99657654762268 4.06168746948242 4.04250383377075 3.93498253822327 3.82085347175598 3.67268133163452 3.92075991630554 6.13916635513306 7.65810203552246 7.12340068817139 4.17348623275757 5.31025886535645 2.17904829978943 2.04586577415466 1.74180030822754 1.48884618282318 2.32816576957703 5.11724996566772 2.17993140220642 1.11223351955414 1.13219320774078 1.33926868438721 1.73142969608307 2.00152611732483 3.54740762710571 5.98053169250488 8.65488529205322 11.9858846664429 16.6878070831299 8.80773830413818 7.33950662612915 9.0250825881958 8.65615463256836 7.98306798934937 5.07665872573853 4.1524715423584
