slauniainen/Data/DEM/Vihti_dsm1500b_cl_horizonAngle_216.asc
NCOLS 196 
NROWS 178 
XLLCORNER 353680 
YLLCORNER 6699024 
CELLSIZE 16 
NODATA_value -3.4e+38 
[rows 140 to 159 of 178, columns 135 to 179 of 196]
5.2768759727478 7.51897430419922 6.47748804092407 24.4194221496582 31.1789360046387 13.8419666290283 11.3642024993896 10.9391641616821 5.18855476379395 3.94484972953796 0.247077956795692 1.90272104740143 -0.860990345478058 -1.30473804473877 -0.534112751483917 1.09972059726715 33.3172492980957 0.739267587661743 0.712446570396423 1.48275327682495 0.488205134868622 2.45774412155151 23.3928813934326 3.88009762763977 1.22744619846344 1.38955211639404 1.47275066375732 0.695555746555328 0.940531551837921 12.1123390197754 4.24344682693481 1.98853182792664 1.78503477573395 1.11589014530182 0.740951716899872 2.54311037063599 22.2490749359131 32.0331001281738 33.8264999389648 14.1694831848145 9.84077930450439 3.73352861404419 2.91937303543091 8.26393032073975 8.8903751373291
24.236930847168 30.5800762176514 35.1241874694824 24.5358276367188 14.675085067749 20.8024597167969 14.8021278381348 12.0238246917725 6.50762510299683 4.30210781097412 4.70681571960449 2.28961706161499 2.01731204986572 5.17298269271851 -0.55067241191864 -0.238712102174759 33.1916389465332 1.23354268074036 0.883717179298401 1.10109841823578 7.61707830429077 0.356390982866287 9.42229080200195 13.2622976303101 5.65418720245361 5.10415554046631 4.87078809738159 4.9626088142395 3.39711356163025 16.094654083252 15.9794616699219 6.71715068817139 1.95955264568329 1.14670538902283 1.41892993450165 1.07265865802765 1.4450341463089 6.05639362335205 26.1536998748779 13.8795156478882 11.9578905105591 10.8081932067871 2.18868732452393 17.7810611724854 10.8327560424805
-2.20081567764282 3.21289348602295 4.63952302932739 26.5115585327148 25.1731185913086 25.6654434204102 18.7579879760742 9.26827812194824 5.78561115264893 5.93584585189819 7.60188436508179 9.8795223236084 -1.28744983673096 2.99610662460327 0.20580892264843 0.209642708301544 31.9787139892578 3.32676362991333 1.29462587833405 0.793173253536224 0.395409822463989 0.754532098770142 1.23768448829651 4.72806358337402 9.61554718017578 13.2268018722534 12.3818864822388 7.29012107849121 2.6021900177002 2.36716628074646 5.06008195877075 17.995922088623 2.05312299728394 2.14067769050598 12.2398557662964 2.17049145698547 2.62811350822449 6.77176332473755 33.1739044189453 19.2756805419922 20.7114944458008 16.4447479248047 2.58870148658752 3.45779848098755 3.55802583694458
7.65651988983154 -0.935995638370514 6.66530704498291 17.1135883331299 40.1478576660156 40.5529022216797 13.2504901885986 11.2907590866089 10.5889577865601 23.637939453125 2.318359375 -0.465779572725296 0.496384978294373 0.509016096591949 0.373162180185318 0.689265847206116 6.32488203048706 4.27589654922485 5.1528058052063 1.2140451669693 1.1883111000061 1.43912649154663 1.34417819976807 20.7174186706543 33.8014259338379 34.0532493591309 33.9671287536621 4.08559703826904 4.80471324920654 17.8230533599854 3.67591524124146 3.65108513832092 4.10459327697754 2.97354626655579 3.34366130828857 2.63493347167969 3.43350434303284 3.54670929908752 32.5727691650391 31.5682125091553 25.810754776001 17.1840305328369 1.00145483016968 0.646834373474121 0.739106118679047
9.43430042266846 1.60359704494476 12.8551836013794 0.935280561447144 14.4940166473389 28.2395362854004 11.5801658630371 9.80682468414307 7.27980279922485 21.5257720947266 8.5547981262207 1.70001935958862 2.91032814979553 4.00489854812622 0.769115447998047 8.98530578613281 11.814621925354 32.0733528137207 1.83039176464081 15.8784246444702 1.76891827583313 1.56179428100586 20.0947818756104 1.34887564182281 1.18764162063599 3.07135033607483 14.3769598007202 14.7792224884033 3.25009799003601 25.055139541626 29.3562297821045 29.1359767913818 37.5612487792969 9.47037982940674 11.5161333084106 4.48401927947998 3.94248056411743 4.28295373916626 6.41657304763794 44.0473518371582 37.2077522277832 23.0865879058838 1.74361348152161 1.06300854682922 0.388785421848297
7.86012268066406 -0.474321007728577 16.7149658203125 18.2159671783447 33.2444000244141 23.7484817504883 10.6840438842773 15.3191480636597 4.5979585647583 -1.29342174530029 1.86217713356018 1.56096363067627 0.898380756378174 4.39997959136963 1.1713103055954 1.48733639717102 1.68522441387177 1.88718712329865 1.59559440612793 31.6004047393799 35.2076988220215 2.2529091835022 1.56601703166962 4.59146451950073 1.93325865268707 0.898026943206787 6.47226142883301 5.08398723602295 8.36437511444092 4.88187646865845 5.46595811843872 1.91275978088379 10.0386304855347 7.37965822219849 34.605167388916 5.42692995071411 5.24860954284668 4.24123382568359 2.93315982818604 3.681156873703 38.7083892822266 34.1879005432129 2.32279205322266 0.887792766094208 0.433829009532928
6.25484085083008 -3.15865135192871 4.24688816070557 -2.77305746078491 31.041410446167 34.8426322937012 14.9446067810059 10.1528224945068 3.38157629966736 1.03643536567688 3.38559341430664 1.55082654953003 0.829438328742981 1.21483027935028 1.67696702480316 2.30714511871338 2.40197086334229 2.13036847114563 2.34550261497498 1.99218583106995 2.50708222389221 1.99527442455292 1.46528995037079 11.0078563690186 0.943583965301514 0.573058903217316 1.00957775115967 4.49981832504272 13.5915174484253 8.404465675354 2.32600283622742 3.88552641868591 2.72811031341553 9.41258144378662 7.67479991912842 33.802188873291 10.5432825088501 9.38369369506836 4.60113573074341 3.65596580505371 8.28963279724121 10.4809741973877 2.24037146568298 1.30115580558777 0.981072425842285
-0.641390323638916 -2.90036725997925 5.29866170883179 1.99304938316345 11.765645980835 18.0699214935303 20.7118606567383 7.10698699951172 2.64837050437927 5.78420782089233 2.27187943458557 0.884751856327057 1.46533310413361 1.81467580795288 2.69340920448303 2.49410319328308 2.46026206016541 2.67035126686096 2.744389295578 2.91009044647217 2.3181312084198 4.68136215209961 7.62167024612427 10.4766187667847 2.87546968460083 1.18439197540283 7.37815713882446 2.30129861831665 11.2407445907593 10.2486162185669 4.9725923538208 3.26449465751648 2.82543635368347 4.66098546981812 12.2841625213623 40.0647010803223 19.1324901580811 6.49121236801147 9.93454837799072 5.77316427230835 6.12569761276245 15.3313093185425 12.125129699707 2.77421283721924 1.92318904399872
-0.219378128647804 -2.49106931686401 4.26209306716919 8.64107704162598 11.3292245864868 25.09401512146 3.80718421936035 9.12709999084473 7.82269859313965 8.18287372589111 3.70202326774597 5.81568431854248 5.70055770874023 3.25762009620667 4.17621374130249 3.75355887413025 3.03605008125305 4.52004718780518 4.17267513275146 2.93530774116516 2.68513798713684 2.87022614479065 1.07487642765045 1.25322782993317 1.27274775505066 1.14771604537964 1.27216875553131 2.31360769271851 1.96158492565155 4.3687891960144 4.84281826019287 6.44963836669922 15.5492076873779 3.95108485221863 5.70681238174438 4.25609302520752 44.0522499084473 25.1365280151367 16.4541778564453 16.0302848815918 2.13550615310669 4.36835861206055 13.4503307342529 3.45696139335632 3.47074747085571
-2.42193841934204 -2.27348279953003 -2.08930349349976 0.968746066093445 -2.03603434562683 24.578649520874 12.920280456543 15.6629953384399 3.33033084869385 4.30756807327271 9.97346115112305 9.67469310760498 6.00190496444702 12.6379318237305 4.69535207748413 4.73253059387207 5.61437654495239 5.0174560546875 5.04403734207153 4.51339435577393 3.07278442382812 1.59942352771759 1.82048964500427 1.49043869972229 1.23230290412903 1.39950358867645 1.185182929039 4.60953283309937 3.62235617637634 5.83588409423828 5.15799760818481 6.93784618377686 4.34555864334106 14.3369388580322 11.6893825531006 3.76503825187683 8.84482479095459 37.7657928466797 32.0792694091797 20.078218460083 2.29394888877869 12.8620891571045 13.1493844985962 4.3414831161499 4.05858039855957
-2.25399923324585 -0.729445993900299 2.46013283729553 11.1655797958374 -1.48538219928741 14.7363758087158 -0.0664615333080292 14.1259813308716 6.38558197021484 14.823655128479 16.1158390045166 7.44762182235718 3.94094634056091 6.56595373153687 5.52710342407227 6.12723159790039 5.78766345977783 5.49713897705078 4.944580078125 4.86157369613647 5.25022792816162 2.33756422996521 2.07611775398254 1.56416153907776 3.02094507217407 2.97156953811646 10.6871604919434 4.54240894317627 12.676905632019 6.01136779785156 8.97126388549805 12.9615755081177 4.34724092483521 11.2273626327515 7.73902988433838 12.1002340316772 9.08948230743408 2.80773305892944 3.80724406242371 7.50765800476074 2.26864218711853 2.36717939376831 6.50460004806519 5.19924068450928 7.39746379852295
-0.56305992603302 -1.91978800296783 -2.0025646686554 -0.355000287294388 -1.47202229499817 2.57035636901855 0.249349921941757 4.26040029525757 7.86001062393188 16.9269561767578 25.8486232757568 15.6027479171753 22.1808052062988 6.56204986572266 6.63452053070068 6.21602821350098 5.94042778015137 5.27168655395508 5.18898105621338 6.2763729095459 6.11443901062012 3.82657718658447 2.54465675354004 13.245677947998 10.3709850311279 7.4907078742981 15.1525325775146 9.36844539642334 22.1197834014893 13.0443992614746 4.88562154769897 4.41057252883911 3.96179962158203 5.39040374755859 13.8643836975098 20.8561000823975 16.9372272491455 8.70104122161865 5.22876453399658 2.82430267333984 12.050009727478 3.81289124488831 4.27361869812012 7.89101791381836 6.91809844970703
-1.76121771335602 -1.84505796432495 1.79474520683289 6.13073825836182 7.0546407699585 17.7252426147461 15.7137517929077 10.67689037323 1.07943224906921 10.6124210357666 3.97021508216858 5.96848726272583 7.04031419754028 6.25842666625977 6.94788980484009 6.38770246505737 5.61763095855713 5.35883283615112 6.09066677093506 6.99471712112427 8.53630352020264 3.14111971855164 1.86101830005646 10.2419118881226 7.24667453765869 2.51795077323914 14.110894203186 6.10500526428223 6.47549867630005 4.67644500732422 6.51369285583496 11.2104892730713 5.56931114196777 5.16436815261841 3.88520383834839 6.43173503875732 19.4543724060059 6.84975242614746 5.30083656311035 3.93098139762878 7.25986528396606 10.552638053894 5.85305881500244 15.1960153579712 8.0296745300293
-1.60919606685638 2.72719836235046 1.73222351074219 7.95979309082031 15.005877494812 20.3430557250977 4.87703704833984 9.77929210662842 5.88010549545288 4.41999197006226 5.09010553359985 21.9417762756348 6.7004771232605 7.47781658172607 6.49398708343506 6.6827073097229 5.80293130874634 6.13717031478882 7.84769296646118 10.1475601196289 10.284574508667 27.9860076904297 1.54880809783936 1.0255092382431 12.6477098464966 13.7040634155273 8.94948387145996 7.71599578857422 5.37163066864014 5.97730016708374 6.40470409393311 6.32299995422363 5.59946298599243 7.87403869628906 4.01882982254028 1.86072325706482 18.3660774230957 6.94578742980957 4.27047348022461 4.18296051025391 6.94252729415894 4.74265146255493 3.53844046592712 10.6422300338745 9.58931159973145
-1.10943818092346 3.42492866516113 11.2816209793091 -2.0822286605835 -1.98763203620911 -0.281683713197708 1.36357283592224 1.39310371875763 14.4554424285889 5.64788246154785 6.08779287338257 15.8714437484741 8.03249359130859 7.40355348587036 7.18407344818115 6.15303897857666 6.24372673034668 9.13573169708252 12.1390256881714 10.0656814575195 24.5870208740234 2.5577404499054 1.50166773796082 1.36975240707397 5.30100870132446 15.9287614822388 8.28104972839355 7.09566068649292 5.22153854370117 10.1263723373413 6.56173276901245 6.71175813674927 5.47496128082275 5.20092630386353 1.91936922073364 2.32766175270081 10.0118589401245 9.15488719940186 4.04569911956787 5.52268600463867 7.20733404159546 10.9419193267822 11.5901012420654 14.0177183151245 9.64353179931641
-1.33995199203491 -1.33646714687347 -2.0463879108429 -1.12395215034485 6.86743688583374 1.40985822677612 2.58925819396973 3.14080238342285 5.43927192687988 6.68369102478027 7.11513423919678 8.58041095733643 7.9206976890564 7.77280235290527 6.56840991973877 6.5305814743042 10.8160276412964 10.2870082855225 13.615743637085 29.8489379882812 2.9404079914093 6.66901969909668 2.64478135108948 6.33641242980957 10.6327810287476 15.6187829971313 15.0319509506226 7.57438135147095 10.874773979187 9.48208236694336 7.72005414962769 6.66889715194702 6.23199939727783 14.0232391357422 3.99113750457764 2.17622590065002 2.56894397735596 4.73275756835938 5.62898302078247 5.79304313659668 13.8551836013794 4.51916551589966 2.41324234008789 21.3622665405273 17.6254997253418
-1.11624276638031 -0.754587709903717 -1.63684666156769 -1.42306077480316 1.23442447185516 2.2694296836853 4.257643699646 6.86628150939941 8.36872291564941 8.10140991210938 8.29100799560547 9.25901222229004 8.46358585357666 7.07349872589111 7.08098888397217 10.3416128158569 12.2070646286011 17.2396469116211 28.4874172210693 9.44327545166016 2.63062071800232 4.35512971878052 3.56693935394287 2.9246814250946 4.44581890106201 9.61991024017334 9.29816722869873 17.1747226715088 12.5442628860474 10.4098634719849 7.5207724571228 8.38943672180176 6.42944955825806 5.00732183456421 5.31391525268555 3.00429034233093 6.05752420425415 7.85105991363525 7.84993553161621 5.83035945892334 2.83822703361511 3.96179795265198 0.277708858251572 0.736062943935394 10.0678815841675
-0.194136247038841 -1.38741052150726 0.123252913355827 4.22059965133667 5.00072860717773 5.31273031234741 7.73554754257202 8.64951324462891 10.8744611740112 9.3379430770874 10.3067665100098 8.81167125701904 8.89997100830078 7.2647066116333 10.416072845459 15.5309467315674 23.3581352233887 30.4734306335449 4.18727827072144 4.37757158279419 4.56359100341797 4.23926067352295 4.66808080673218 1.31434416770935 2.44235372543335 13.4609909057617 14.8879861831665 17.4008846282959 12.3254594802856 8.45880699157715 14.3767595291138 6.59424209594727 3.21211838722229 4.07489442825317 6.16092395782471 11.555212020874 8.58016300201416 9.86894989013672 9.44899368286133 4.03064393997192 4.048171043396 3.76419258117676 2.55245757102966 2.14755892753601 4.3470721244812
1.10793495178223 3.85608744621277 6.86747312545776 7.79187679290771 8.42599010467529 10.5934162139893 12.5837726593018 12.0908184051514 11.8984041213989 11.497579574585 9.91224670410156 9.85120677947998 7.89232206344604 8.26441669464111 21.0397396087646 34.7860679626465 26.0602912902832 7.8642783164978 7.34968042373657 7.09298133850098 5.41909074783325 4.03872346878052 11.3831987380981 10.8833360671997 7.56335306167603 9.53317356109619 5.12730169296265 12.6100034713745 11.062557220459 9.30604839324951 6.75002717971802 14.5554676055908 10.137845993042 4.85668468475342 5.22265815734863 7.56379318237305 18.1458587646484 17.8155422210693 6.30657577514648 6.30799102783203 3.85302209854126 4.21179294586182 3.1223247051239 17.262523651123 4.34599351882935
7.12178039550781 10.2531089782715 11.3328123092651 12.8925313949585 14.5630970001221 14.7742757797241 14.1082763671875 13.511625289917 11.2173519134521 12.3096532821655 10.9956007003784 8.81451988220215 9.19867897033691 31.6738662719727 30.07932472229 46.9201469421387 2.49791646003723 10.5695676803589 10.8545808792114 12.4248962402344 8.27295970916748 5.75096082687378 9.04081058502197 2.50096821784973 1.16356444358826 0.59235942363739 -0.0595632344484329 5.59440183639526 27.6959323883057 13.1905145645142 6.55189990997314 12.0330352783203 6.07499122619629 2.03212380409241 1.17370820045471 3.26776170730591 2.54038238525391 13.09312915802 10.7469253540039 4.56092643737793 2.03179025650024 3.09863495826721 2.79395914077759 7.29587030410767 4.60615396499634
