slauniainen/Data/DEM/Vihti_dsm1500b_cl_horizonAngle_228.asc
NCOLS 196 
NROWS 178 
XLLCORNER 353680 
YLLCORNER 6699024 
CELLSIZE 16 
NODATA_value -3.4e+38 
[rows 0 to 19 of 178, columns 135 to 179 of 196]
0.746865510940552 22.0994873046875 11.2175226211548 7.89172172546387 28.6646823883057 10.7855997085571 8.3813648223877 8.19051265716553 8.0617790222168 8.66849517822266 8.52774047851562 8.03839778900146 7.15189981460571 5.72200393676758 4.75238132476807 3.53531885147095 2.90087676048279 3.82102012634277 4.83877849578857 6.13817358016968 6.67095041275024 4.59446668624878 3.70836329460144 2.27859354019165 1.13905715942383 0.919409334659576 0.609958052635193 1.04639971256256 0.477985322475433 -0.28033584356308 -0.93184757232666 -0.605107486248016 -0.992694795131683 0.616007804870605 24.4901504516602 34.7855110168457 21.434591293335 12.083703994751 8.67656993865967 5.6618218421936 4.78569984436035 4.49776315689087 0.883753597736359 20.3340606689453 11.3528919219971
39.0238609313965 3.23118662834167 6.05187940597534 5.78690958023071 14.3014106750488 9.19700622558594 9.29471206665039 3.95800971984863 4.70643091201782 7.02142858505249 8.46814918518066 9.00088787078857 7.58952283859253 5.87397861480713 3.90615558624268 2.44600129127502 0.916606605052948 0.504572331905365 0.867825865745544 2.44412755966187 4.65157604217529 5.50586557388306 3.23236036300659 1.80458998680115 1.08629095554352 2.46261954307556 2.05667352676392 0.69784277677536 0.301880329847336 0.0410629697144032 0.0990617871284485 -0.863569676876068 6.81794309616089 -1.82747578620911 5.10210704803467 38.7967720031738 18.7723197937012 12.4020843505859 7.85090303421021 6.06687355041504 5.17789506912231 4.34246110916138 1.35779213905334 2.24690103530884 3.23406410217285
39.0144920349121 12.3525266647339 15.7863502502441 13.9115591049194 11.1061849594116 12.42529296875 4.94571161270142 3.88862752914429 1.23273372650146 1.65990948677063 3.82313585281372 5.941565990448 6.49603128433228 5.17851448059082 3.23190784454346 1.28074634075165 0.511249780654907 1.44250643253326 1.39303374290466 0.554214537143707 1.39683175086975 3.07554388046265 2.89973020553589 1.24910807609558 3.37111306190491 1.03254902362823 0.88554173707962 0.506276249885559 0.476102560758591 0.225315928459167 0.156890720129013 14.717227935791 -0.966274440288544 2.15351510047913 1.2705785036087 34.8169403076172 19.0772590637207 11.3017024993896 8.53149032592773 6.74962377548218 6.00984239578247 1.65188705921173 3.37704181671143 3.42489743232727 3.95460724830627
0.393411248922348 1.9600841999054 16.986946105957 14.7188138961792 19.0292224884033 8.8738260269165 6.10369873046875 1.59544813632965 0.127070486545563 0.110251322388649 0.296336442232132 2.17982530593872 3.89706993103027 3.97879672050476 2.00954627990723 0.602242887020111 1.59412217140198 1.51118016242981 0.821047365665436 0.865501582622528 0.59781289100647 1.10954630374908 1.37033224105835 4.24440670013428 1.11345338821411 0.98225474357605 0.606028616428375 0.599160850048065 0.426618218421936 0.173342660069466 31.4408321380615 4.73107719421387 5.26732778549194 9.56831359863281 -1.12542295455933 35.6904182434082 17.5150928497314 12.0253419876099 9.23297119140625 8.06693553924561 7.3353328704834 5.34755611419678 3.95387148857117 4.17408514022827 0.727063357830048
7.18716621398926 5.75422191619873 15.0643138885498 21.6703262329102 18.5992069244385 11.1238985061646 4.08952665328979 0.292361080646515 0.21027272939682 0.178082928061485 0.226923614740372 0.794701874256134 0.34193679690361 0.901567578315735 0.786076545715332 1.7512059211731 1.71908688545227 0.909125864505768 0.560827314853668 0.638908326625824 0.689703404903412 1.10671365261078 5.92954730987549 1.13116276264191 1.00774335861206 0.99594247341156 0.667641818523407 0.50448751449585 0.470003217458725 -1.47727966308594 6.47207641601562 -1.40152251720428 2.492840051651 -1.05693185329437 2.64104866981506 34.111644744873 19.0479469299316 12.093433380127 10.502610206604 9.2600679397583 7.09727907180786 5.25477838516235 5.0115213394165 0.766203880310059 1.6847757101059
6.02201652526855 -0.277195692062378 -0.548968613147736 -0.0200994424521923 23.1970863342285 8.87916278839111 1.93472349643707 0.526224493980408 0.774889171123505 0.611263453960419 1.02707695960999 0.321932315826416 0.417406857013702 0.567063689231873 1.88047921657562 1.99159502983093 1.05113542079926 0.747759401798248 0.710539758205414 1.07385861873627 1.13980579376221 11.1075315475464 1.16956424713135 1.06096506118774 0.691187560558319 1.00365793704987 0.574927508831024 0.531834840774536 0.396548181772232 -1.16148233413696 -1.13760507106781 -1.34487390518188 -0.847543895244598 8.51479530334473 3.70239114761353 36.0075416564941 17.3601531982422 13.9915103912354 10.9662170410156 7.60305023193359 6.71996402740479 6.34014987945557 1.52401578426361 2.23404240608215 -0.171262308955193
-0.0995076671242714 0.17587648332119 4.18794870376587 -0.12102285027504 19.0705871582031 4.0095329284668 2.36875939369202 2.12688684463501 1.84304249286652 2.13565444946289 1.59043347835541 0.751875400543213 0.7989501953125 2.15454912185669 2.29545545578003 1.22498404979706 0.951600730419159 0.908871352672577 1.17358362674713 0.894838988780975 0.45815235376358 1.26566421985626 1.11579275131226 0.716187179088593 0.578998506069183 0.62005603313446 0.558602154254913 0.497195363044739 0.453409880399704 -0.673740863800049 -0.889991462230682 -0.85288667678833 12.2248401641846 7.00397348403931 5.59012126922607 32.6217803955078 18.9211673736572 15.4856157302856 10.4852647781372 9.00273036956787 8.00502586364746 2.240642786026 3.04280352592468 -0.0111809270456433 -0.0778182595968246
0.419192671775818 0.177187278866768 0.188008636236191 0.159429669380188 6.9244818687439 6.8981785774231 2.95058536529541 2.73656272888184 3.30563545227051 6.07734870910645 2.62090182304382 2.46480894088745 2.78881788253784 3.07279253005981 1.81531655788422 1.20308768749237 1.16665244102478 1.34426331520081 1.11280369758606 1.38364350795746 1.23864841461182 0.818352460861206 0.748522579669952 0.701615452766418 0.657128632068634 0.629829823970795 0.670140445232391 0.64776474237442 0.627597689628601 -0.559723436832428 8.79799938201904 -1.09680998325348 4.86221599578857 2.9401798248291 16.0647792816162 32.5489387512207 22.8773708343506 14.3338842391968 11.6971883773804 3.69595503807068 4.26437425613403 3.80898380279541 0.0464438125491142 0.131304085254669 0.0733079016208649
0.66596645116806 0.444493323564529 0.476741671562195 7.1410813331604 2.44595694541931 3.69292259216309 3.36922597885132 4.09976673126221 14.5802688598633 5.83012723922729 5.54191493988037 4.84788799285889 6.0611457824707 4.75072431564331 1.67230117321014 1.4633309841156 1.5301285982132 1.25176346302032 1.51881146430969 1.36137330532074 0.859656095504761 0.838059365749359 0.822011470794678 0.802598178386688 0.767776012420654 0.732495069503784 0.765775263309479 0.744183897972107 0.719546675682068 -0.495359778404236 -0.320943862199783 11.8271150588989 12.5121402740479 1.41251039505005 21.4784126281738 40.1511573791504 21.2528667449951 15.8319330215454 5.35364818572998 5.56356811523438 0.101302787661552 0.0647196993231773 0.329351097345352 0.461243122816086 0.0871224030852318
0.54774397611618 0.675291061401367 0.521117568016052 3.34225392341614 4.51418828964233 5.47494983673096 4.93804264068604 0.546832382678986 12.393310546875 12.3331270217896 7.8276629447937 13.7198076248169 11.9496822357178 3.07161617279053 2.26435995101929 1.95707762241364 1.44028759002686 1.7481940984726 1.56756067276001 0.971134960651398 0.945473730564117 0.93171638250351 0.935077011585236 0.897541344165802 0.812234163284302 0.81153804063797 0.844465970993042 0.842506766319275 -0.259507149457932 3.12131667137146 5.27923107147217 1.55251049995422 14.871997833252 -1.19536030292511 -0.896346688270569 37.9690818786621 29.1754779815674 10.0115795135498 8.08623886108398 0.417054235935211 0.442709058523178 0.148791640996933 0.107700645923615 0.136254474520683 0.0821719989180565
3.27029347419739 3.97699856758118 6.9942421913147 5.65499639511108 6.82025766372681 3.84792685508728 3.59746146202087 0.931172728538513 0.82203733921051 10.2271184921265 0.793992817401886 1.25372648239136 4.57411241531372 2.27813529968262 2.33499956130981 1.70979189872742 2.02884078025818 1.82174909114838 1.12808167934418 1.07151234149933 1.06531918048859 1.04771208763123 1.02292907238007 0.973242580890656 0.877746641635895 0.916556239128113 0.937292993068695 0.937579214572906 -0.3609639108181 -0.970034897327423 1.02140629291534 7.07791996002197 -0.463990956544876 -0.506191730499268 -0.677676141262054 17.068323135376 7.64382791519165 12.849983215332 1.55753993988037 0.857071757316589 0.71003121137619 0.339182794094086 0.264954060316086 0.245216980576515 0.293360143899918
5.32500600814819 10.4928665161133 7.53790712356567 9.04306411743164 4.83854913711548 4.4471001625061 3.64314556121826 5.12835359573364 5.02493333816528 0.866954982280731 8.9682559967041 7.02745532989502 3.19842982292175 2.6438090801239 1.95640444755554 2.29461002349854 2.04485440254211 1.24424338340759 1.13493824005127 1.13880813121796 1.14037418365479 1.13022208213806 1.09540390968323 1.03928732872009 0.958584129810333 1.01203966140747 1.04412496089935 0.0180582627654076 -0.549347817897797 1.03273785114288 0.212204203009605 0.830297350883484 -0.0324663519859314 0.0726155415177345 -0.708414912223816 0.218823328614235 17.993236541748 2.94102263450623 0.955851435661316 1.56067550182343 0.908126175403595 0.585468471050262 0.487442433834076 0.469947189092636 0.536214351654053
20.3081817626953 11.2443170547485 13.5057535171509 6.44874382019043 5.99579000473022 4.55146169662476 7.91056251525879 14.8470430374146 3.11542844772339 1.5874879360199 9.42874908447266 4.76544332504272 2.98267602920532 2.18016600608826 2.56896328926086 2.28298878669739 1.35728883743286 1.16801774501801 1.17279517650604 1.18652606010437 1.19709551334381 1.19635558128357 1.16126585006714 1.09366679191589 1.04892480373383 1.09706449508667 1.11360335350037 0.162708908319473 1.79113709926605 0.886127471923828 10.2152185440063 1.09713518619537 0.228344902396202 3.01428961753845 0.49444106221199 0.122431062161922 3.32271504402161 1.00140118598938 1.6343537569046 1.19687509536743 0.880258142948151 0.796688258647919 0.730884253978729 0.707360923290253 0.660837054252625
14.9022245407104 20.2683029174805 9.61728858947754 8.96617603302002 6.05352926254272 10.5405082702637 0.356793463230133 3.67952561378479 1.0019611120224 0.989613652229309 9.41657161712646 3.43205404281616 2.55277347564697 2.90494751930237 2.59361124038696 1.5006091594696 1.21292781829834 1.20958054065704 1.2217423915863 1.23190367221832 1.24858152866364 1.26170361042023 1.21927213668823 1.14900159835815 1.14447271823883 1.17204582691193 1.20459020137787 2.51238441467285 1.73815560340881 1.12561619281769 1.55346739292145 1.34406852722168 0.7916020154953 0.801437020301819 0.979661226272583 0.858202338218689 1.07995450496674 1.697793841362 1.24377882480621 1.02897191047668 0.993247509002686 0.965308785438538 0.960168540477753 1.04721915721893 1.00878167152405
0.468086451292038 14.1665849685669 17.2964725494385 9.0423698425293 15.6165504455566 2.78697729110718 3.1834921836853 1.07469081878662 0.776684820652008 2.574294090271 4.02547121047974 2.83070635795593 3.33271956443787 2.97407746315002 1.68063139915466 1.2630980014801 1.25470113754272 1.25940752029419 1.27018988132477 1.28644335269928 1.30160009860992 1.31066846847534 1.27470445632935 1.20175766944885 1.22016978263855 1.24812924861908 3.18464088439941 2.39628839492798 2.17199921607971 1.65896558761597 1.74460434913635 1.5560644865036 1.01151657104492 1.18385291099548 1.2032755613327 1.19159913063049 1.76884472370148 1.29605638980865 1.13950407505035 1.14151930809021 1.1208827495575 1.10271656513214 1.1487021446228 1.33217084407806 1.14902186393738
0.761949419975281 0.769845545291901 11.6668453216553 29.211893081665 4.20073366165161 10.8317785263062 1.23693943023682 3.72746181488037 2.9355525970459 4.67613744735718 4.28035640716553 3.9225492477417 3.49997544288635 1.88847398757935 1.32438766956329 1.32200658321381 1.30863916873932 1.31161224842072 1.32542824745178 1.34283125400543 1.34454941749573 1.32020568847656 1.30891466140747 1.26579558849335 1.30251359939575 3.28516054153442 2.48192286491394 2.50832796096802 2.14716339111328 1.79643034934998 1.94278478622437 1.62674951553345 1.32390689849854 1.28557872772217 1.26668190956116 1.82859659194946 1.33913111686707 1.2478334903717 1.2249208688736 1.22531616687775 1.21735870838165 1.28734743595123 1.39459311962128 1.26882803440094 1.25029635429382
6.90319585800171 0.812875986099243 0.386798590421677 8.18982887268066 21.1538581848145 1.75836443901062 5.83882331848145 4.28677988052368 9.18119430541992 5.20659017562866 4.78014183044434 2.67798566818237 2.16891956329346 1.36838293075562 1.36955118179321 1.36782240867615 1.35574126243591 1.36941921710968 1.38821053504944 1.39028239250183 1.36568629741669 1.3493926525116 1.33526206016541 1.36422157287598 3.39703178405762 2.57022571563721 2.5922999382019 2.21859264373779 2.15545511245728 2.00614857673645 1.77626180648804 1.70719110965729 1.37066495418549 1.34488606452942 1.8947297334671 1.38646852970123 1.30731534957886 1.30076825618744 1.28264117240906 1.29472744464874 1.39290547370911 1.44368553161621 1.33900845050812 1.3530033826828 1.79053246974945
3.1817615032196 1.05483996868134 2.41452646255493 0.711356580257416 1.39520144462585 10.8981599807739 10.3144645690918 3.82679009437561 9.4509162902832 6.15308666229248 2.75660729408264 2.54837226867676 1.42354810237885 1.42224287986755 1.42265510559082 1.41567587852478 1.41151809692383 1.43056797981262 1.4340443611145 1.40244293212891 1.39034175872803 1.37543964385986 1.41490340232849 3.54243922233582 2.65583729743958 2.68387651443481 2.29631376266479 2.23245358467102 2.07447242736816 1.83323562145233 1.76592862606049 1.61144912242889 1.41226518154144 1.96270871162415 1.437824010849 1.35857582092285 1.3559113740921 1.34673857688904 1.34983348846436 1.54017794132233 1.49587452411652 1.40269291400909 1.43486738204956 1.86585628986359 1.62766754627228
3.23810744285583 4.03473043441772 0.94238543510437 1.81739664077759 0.937498927116394 6.49983406066895 2.17074108123779 5.6102557182312 9.23131656646729 3.34105587005615 1.94710886478424 1.54320728778839 1.46566879749298 1.46838212013245 1.47114181518555 1.46661293506622 1.48185348510742 1.48357057571411 1.44828963279724 1.43674778938293 1.41895735263824 2.75838327407837 3.69314956665039 2.75915169715881 2.78305983543396 2.37389039993286 2.30957460403442 2.14553546905518 1.89192020893097 1.82153356075287 2.05422425270081 2.37605714797974 2.03663110733032 1.48830223083496 1.4320592880249 1.4126091003418 1.39769196510315 1.3930196762085 1.70898962020874 1.54643726348877 1.44706976413727 1.48753690719604 1.94400644302368 1.6867595911026 1.55588388442993
4.3492259979248 4.01146507263184 5.90735578536987 1.13301575183868 0.814298868179321 6.48600912094116 13.8296928405762 17.7706661224365 4.43369436264038 2.21480107307434 1.71847784519196 1.60648131370544 1.50882244110107 1.507572889328 1.50351190567017 1.5233097076416 1.52437722682953 1.49222528934479 1.47988533973694 1.45925867557526 2.87211585044861 3.83468437194824 2.88837933540344 2.87243723869324 2.45927929878235 2.39194822311401 2.22008347511292 1.95585536956787 1.88263666629791 2.11957383155823 2.45010375976562 2.11765766143799 1.54521822929382 1.47476363182068 1.46593821048737 1.45368850231171 1.43442261219025 1.90465128421783 1.60127830505371 1.49323952198029 1.53481996059418 2.02060985565186 1.75827503204346 1.70116782188416 1.91658079624176
