slauniainen/Data/DEM/Vihti_dsm1500b_cl_horizonAngle_312.asc
NCOLS 196 
NROWS 178 
XLLCORNER 353680 
YLLCORNER 6699024 
CELLSIZE 16 
NODATA_value -3.4e+38 
[rows 60 to 79 of 178, columns 135 to 179 of 196]
2.58657574653625 2.12165260314941 3.27190756797791 0.0840350836515427 -0.645114183425903 -2.39146327972412 -0.905751168727875 1.57971119880676 -2.35339426994324 -1.79613888263702 -2.20323133468628 -2.5887668132782 -1.90206301212311 30.586124420166 28.3616695404053 4.28033828735352 -1.91640555858612 25.2059631347656 7.15333652496338 -3.87612056732178 -4.61240386962891 34.9582824707031 37.1470527648926 1.9415385723114 29.1982593536377 17.9441528320312 22.6634674072266 14.9313335418701 16.6188564300537 12.7996606826782 22.3490982055664 25.4737682342529 15.4617490768433 12.1769323348999 8.73715019226074 6.68203830718994 6.13054037094116 0.865229547023773 0.554238498210907 -0.198127150535583 -1.18267428874969 2.55781507492065 6.45680522918701 13.0955276489258 30.4907379150391
2.33577156066895 2.00634622573853 1.58142626285553 2.63810133934021 -0.0577888339757919 -0.715814352035522 32.9659538269043 18.8299198150635 2.44009351730347 25.7361755371094 22.2537288665771 29.1127605438232 32.6942939758301 25.0146179199219 12.5769681930542 11.4586715698242 -2.02634024620056 20.5229473114014 11.8856773376465 3.88721942901611 2.41102075576782 42.0964012145996 21.2296924591064 22.5321750640869 23.7917156219482 23.6812362670898 14.8899564743042 13.3545484542847 12.2828893661499 11.1206665039062 20.5012321472168 9.3545389175415 11.1480903625488 10.054461479187 9.20589733123779 6.61224699020386 6.24200820922852 5.43132448196411 0.356823116540909 0.397135734558105 -1.05629479885101 -2.38576149940491 1.92997694015503 13.9530944824219 27.3419075012207
3.57832932472229 1.72818326950073 1.5571950674057 1.36389017105103 2.39176726341248 0.221362128853798 -0.158692985773087 15.5032367706299 0.999485433101654 -1.56770205497742 0.24635237455368 -2.54152727127075 -2.92023825645447 15.6310625076294 10.1239185333252 6.77542400360107 6.67517232894897 20.7660236358643 9.99841785430908 5.90356349945068 14.4722957611084 28.1937255859375 26.27663230896 16.3828468322754 12.2300796508789 17.5666065216064 8.63776016235352 7.3994927406311 9.27888202667236 9.53811931610107 23.5011463165283 12.0001859664917 8.00600719451904 8.66119956970215 8.88285350799561 7.47754859924316 4.94023513793945 4.01571369171143 2.39893794059753 -1.10868096351624 -0.956015527248383 -1.307049036026 13.5950031280518 17.0701217651367 14.0105657577515
1.95683753490448 3.06472086906433 1.46984612941742 1.36929309368134 1.18376529216766 2.07239675521851 -0.157197818160057 -0.722214698791504 5.73851633071899 -1.41200041770935 13.7087278366089 2.31367921829224 -2.0267322063446 -3.70867466926575 8.46756076812744 5.4818286895752 4.18473148345947 3.86893200874329 9.34889507293701 5.17426776885986 4.42274332046509 7.15308475494385 15.7846040725708 19.0886650085449 4.20367860794067 3.31181383132935 1.73370397090912 3.06447792053223 4.33917617797852 8.76035404205322 10.5315647125244 10.672287940979 9.09801578521729 7.82999086380005 5.56190729141235 6.90181255340576 5.48399019241333 4.41125440597534 3.56312918663025 22.4488277435303 17.9303359985352 15.3470592498779 25.7539749145508 12.8735027313232 20.1361923217773
2.33440256118774 1.58462727069855 2.65179371833801 1.28960466384888 1.16771185398102 0.984886765480042 1.77514398097992 -0.252336084842682 -0.850385785102844 -1.07778680324554 -2.20019364356995 -1.86748838424683 -0.363604307174683 -3.47875118255615 3.74906969070435 5.23528957366943 -3.59243559837341 -0.52900904417038 2.08347177505493 4.90105724334717 3.09187197685242 2.7478084564209 4.06529712677002 0.722593784332275 3.42781519889832 0.516839802265167 0.233690738677979 5.75522375106812 15.658073425293 19.9458522796631 7.77604532241821 8.20526123046875 9.43696117401123 7.767822265625 6.59774017333984 4.83157873153687 6.85071849822998 4.75165224075317 4.13229942321777 16.7604370117188 12.0930814743042 15.1045055389404 17.5018634796143 16.9522228240967 12.1077165603638
4.79455089569092 1.94621670246124 1.33192157745361 2.32569026947021 1.08974468708038 0.960645020008087 0.770349621772766 1.43370747566223 -2.33024525642395 -2.19343280792236 -1.71685552597046 19.9676761627197 8.47732830047607 -2.67626690864563 7.38912391662598 7.15996360778809 -0.252569019794464 24.5977573394775 -1.97648453712463 -2.3642885684967 2.56459069252014 1.68674767017365 0.805929601192474 -0.377090871334076 22.6509380340576 0.908667385578156 1.01792478561401 0.199994012713432 23.14089012146 16.6895065307617 11.6085214614868 8.95889472961426 6.83496046066284 6.46333026885986 5.66701316833496 5.50819301605225 4.63775157928467 5.10117864608765 4.68874263763428 5.57555866241455 9.82715606689453 9.69349193572998 8.18918991088867 11.6515436172485 9.72341251373291
4.99884271621704 4.08549308776855 1.65154433250427 1.13270711898804 2.02687478065491 0.839944958686829 0.675189852714539 -2.49602293968201 -2.77146530151367 2.18836712837219 -2.44401550292969 8.35538864135742 1.9256979227066 -2.83657670021057 6.42749643325806 3.26961231231689 1.52241432666779 -2.59096145629883 -3.66281723976135 -2.59478664398193 -0.809213936328888 0.898913860321045 0.748892962932587 0.0934924930334091 10.5109558105469 8.47213554382324 10.3271074295044 13.5640087127686 39.6898994445801 22.568567276001 12.2997560501099 2.47606611251831 4.79284620285034 4.75621604919434 6.07904672622681 9.71673774719238 5.12648153305054 4.32578992843628 8.50633239746094 4.11211204528809 3.10044074058533 2.81728219985962 8.25889873504639 11.0228042602539 9.35362815856934
3.98330640792847 4.26668977737427 3.53545999526978 1.40347671508789 0.951105177402496 1.67124342918396 0.482054710388184 -2.65440511703491 -2.74814462661743 16.7213134765625 1.79602384567261 -2.59591674804688 2.92358303070068 -1.96125268936157 -0.581665813922882 -0.602753818035126 -0.980097472667694 0.444890886545181 -3.66880416870117 -4.01109075546265 6.16594219207764 -1.78361201286316 -0.679302513599396 0.296228855848312 -0.125278785824776 6.0330958366394 -2.14899706840515 11.1240901947021 16.2756881713867 17.1685543060303 6.94777965545654 4.47048759460449 9.85890769958496 3.36848592758179 18.5380611419678 5.53673410415649 5.41615009307861 3.48280334472656 3.79607892036438 3.9825177192688 4.52328681945801 3.84947037696838 13.7586116790771 2.98582172393799 7.00237560272217
3.48082804679871 3.44356822967529 3.66357851028442 3.0558717250824 1.1378983259201 0.613887667655945 -2.82518124580383 -2.75656604766846 -3.02612805366516 -2.91804623603821 4.14800691604614 -2.2830011844635 2.3107533454895 -2.97428250312805 -3.54756546020508 -4.0568675994873 -4.25454139709473 -3.98565316200256 -2.25212001800537 -4.12957382202148 0.141169130802155 -4.17344951629639 -1.95365023612976 1.99234473705292 2.31667065620422 7.24477052688599 -1.92515683174133 21.728006362915 7.41370248794556 6.65780067443848 10.9739055633545 7.20924711227417 4.40793895721436 7.48867988586426 2.46925497055054 4.39719533920288 4.51875400543213 4.00205278396606 4.51072549819946 5.13852787017822 2.33453607559204 2.91289281845093 2.67157292366028 3.3546724319458 23.9925727844238
0.0991080105304718 2.94421124458313 2.91865825653076 3.09638381004333 2.56758332252502 0.735511958599091 -2.57800316810608 -2.91378808021545 -3.13852834701538 -2.10195016860962 -0.107856132090092 -3.1978588104248 -3.2098274230957 -3.40034174919128 -3.90412735939026 -4.10408115386963 -4.16325807571411 1.84312832355499 4.42691898345947 -4.16813707351685 -2.70997405052185 -2.77591776847839 9.62035369873047 10.4621963500977 5.24376153945923 4.31619024276733 2.96162343025208 8.64585876464844 0.719871282577515 6.32381248474121 4.21905851364136 8.60922145843506 5.66089534759521 14.2760810852051 3.90660238265991 8.10563468933105 3.96654152870178 4.28281354904175 3.76428174972534 2.91529250144958 2.70138239860535 1.48763561248779 2.27235412597656 2.60971164703369 7.92478513717651
3.85784077644348 3.44439816474915 2.37477445602417 2.37006759643555 2.50193405151367 1.90574669837952 -2.6469452381134 -2.702796459198 0.0271659437566996 2.1626079082489 -3.31619882583618 -3.59864139556885 -3.33942437171936 -3.5018630027771 -3.81613612174988 -4.09627628326416 12.9232721328735 -4.24908971786499 -4.40913248062134 -4.36237335205078 -4.65462112426758 -4.47793102264404 -1.97800815105438 15.9932193756104 13.5390357971191 5.09155035018921 3.35980820655823 -1.54757273197174 -2.66826105117798 2.08907413482666 4.76612710952759 25.8590431213379 16.1285037994385 7.84127235412598 1.86000978946686 4.49119186401367 2.07733130455017 1.14613020420074 2.67578077316284 2.34692883491516 2.35447001457214 2.31439733505249 5.26727056503296 24.0061702728271 22.8280925750732
3.80029797554016 5.93358612060547 2.43948745727539 1.81336283683777 1.83436524868011 -2.86885738372803 -2.78107643127441 -1.71719563007355 -2.94093322753906 -2.13679599761963 -2.03745985031128 0.509884119033813 -2.97625470161438 -3.7848801612854 -4.22957181930542 -0.562059342861176 -4.33116483688354 2.77183938026428 -4.45117092132568 -4.51916599273682 -4.66721296310425 6.37035942077637 12.1460208892822 18.3505020141602 12.0348243713379 5.93163585662842 5.7449049949646 2.75372791290283 13.52467918396 24.3953895568848 25.8060531616211 20.8865070343018 14.8991918563843 6.18897771835327 5.39274835586548 1.7165721654892 0.957461476325989 1.34692239761353 3.29356598854065 2.32890820503235 5.35310363769531 11.022497177124 12.6748399734497 12.548900604248 15.4363565444946
10.5295724868774 1.07915461063385 -1.95097422599792 -2.36360859870911 -2.60838270187378 -2.81080889701843 -3.03348731994629 -1.48015093803406 -3.19826698303223 -0.1048424243927 -2.88917446136475 -3.48226070404053 -3.54934930801392 -3.88957953453064 11.5376930236816 7.69643497467041 -4.4562520980835 -4.09101486206055 -4.42356300354004 3.75759124755859 5.69708728790283 15.634786605835 13.9424247741699 8.17582321166992 5.39067268371582 7.62064647674561 2.75538969039917 9.45613670349121 4.80439424514771 11.8879327774048 16.2202453613281 20.2378311157227 11.1503686904907 8.36675453186035 3.5872540473938 1.82519400119781 1.40378975868225 0.683242857456207 1.04671132564545 8.55766201019287 8.60275363922119 19.4063625335693 15.9444675445557 15.6604700088501 18.124044418335
20.8540058135986 1.83165597915649 22.5472888946533 -2.89395117759705 -1.03851127624512 -0.457327485084534 -1.39428699016571 -0.561054825782776 -3.26860690116882 0.358577281236649 -3.35253000259399 -3.43396472930908 -0.14293484389782 5.39850234985352 -4.06593561172485 -3.69202327728271 -2.21262454986572 7.50276660919189 -4.4272608757019 21.43337059021 6.00818681716919 18.1812305450439 10.6598024368286 8.62373447418213 5.91753816604614 5.37203025817871 5.52077913284302 22.7996501922607 11.4497976303101 7.7454195022583 9.40599060058594 14.5548791885376 15.2204723358154 6.34684705734253 6.45430898666382 3.83853912353516 1.66442549228668 0.792425096035004 3.11982989311218 11.6200160980225 13.3647050857544 25.8534736633301 26.1405639648438 27.0477828979492 9.7796049118042
9.82816791534424 7.97297477722168 31.5735931396484 -0.29899924993515 5.92778778076172 -3.08391165733337 -3.06289958953857 -3.2103898525238 -3.39600563049316 -3.45634865760803 -3.75848007202148 -3.73204874992371 -3.84161376953125 -4.1713719367981 -4.34593200683594 -4.64472246170044 -4.08441972732544 -3.50947880744934 4.6082558631897 24.3123359680176 6.88464117050171 3.28013229370117 5.65932416915894 13.1245374679565 6.45111608505249 12.5124759674072 22.6402721405029 16.5492877960205 18.6931381225586 10.6886291503906 6.53510570526123 13.0392417907715 10.4812803268433 8.92806625366211 2.73190999031067 2.81487536430359 1.79214036464691 9.48416137695312 22.7529983520508 20.3369922637939 12.0388193130493 30.402400970459 19.8943538665771 17.1525707244873 20.9757213592529
16.4019680023193 7.94471502304077 6.89576148986816 6.02013492584229 -3.17494177818298 -3.40736794471741 -1.62050259113312 -3.2511944770813 -3.59883141517639 -3.62554955482483 -3.8999457359314 -4.15909671783447 -4.32959604263306 -4.50822257995605 -4.61413335800171 5.51652860641479 2.69083690643311 -4.67793703079224 3.55447697639465 7.91376304626465 9.80008983612061 5.02302265167236 2.99214863777161 11.6334972381592 7.13660955429077 12.513801574707 20.6896858215332 40.0798454284668 37.6934776306152 27.2550067901611 10.0360279083252 5.57393836975098 12.0489549636841 24.5028820037842 18.8563823699951 9.61429119110107 1.88217496871948 7.93315410614014 7.5509181022644 13.3638896942139 25.1166172027588 43.7459831237793 23.3821029663086 20.4950771331787 38.1432304382324
13.6000843048096 15.7469167709351 6.09092903137207 4.97638320922852 1.49390614032745 0.709237992763519 16.6238784790039 -3.24446153640747 -3.68959999084473 -3.93570780754089 -3.97926473617554 -4.20071125030518 -4.4703311920166 -4.54136610031128 -4.65766525268555 -1.28013718128204 -3.28517651557922 0.653466999530792 19.4304809570312 1.6352174282074 1.04800236225128 4.03686618804932 4.97130107879639 18.3869705200195 8.957275390625 19.2041854858398 21.1149768829346 17.6296310424805 25.3899097442627 25.4111175537109 17.491325378418 11.2787504196167 5.3539924621582 8.6505823135376 18.4253692626953 19.0327644348145 34.4572677612305 44.0710601806641 33.4487495422363 37.8750228881836 45.4914169311523 35.2288398742676 32.0274124145508 28.7068538665771 28.1710166931152
21.1632175445557 11.3272686004639 11.8453807830811 12.3031883239746 3.57975697517395 -1.77034866809845 -0.875016570091248 0.649879992008209 1.99388444423676 -3.8911395072937 -4.14517974853516 -4.44604206085205 -4.35684394836426 5.64323997497559 -2.95299959182739 1.20426201820374 4.64682626724243 0.573877334594727 0.745029747486115 6.98760223388672 1.28604435920715 7.61042070388794 11.9550132751465 8.40214157104492 9.20162391662598 18.6104125976562 30.7382984161377 39.3093147277832 32.11328125 19.6787300109863 18.5459156036377 14.685001373291 13.6496772766113 5.30707597732544 7.74037837982178 13.7509679794312 14.4427881240845 26.8527126312256 31.513463973999 29.9595985412598 29.2956066131592 28.9297275543213 22.4701385498047 23.7105197906494 20.6040802001953
16.2617359161377 17.9426116943359 16.3914813995361 10.1921167373657 7.04540824890137 2.72508692741394 10.855676651001 -3.33836126327515 -2.43063020706177 -3.31579542160034 6.71037626266479 7.41724443435669 26.5714645385742 16.4178810119629 -0.322609096765518 12.2884569168091 1.00351893901825 2.47463345527649 11.2337160110474 13.8643064498901 12.792818069458 19.4540977478027 12.6275463104248 8.85509490966797 6.61829137802124 21.9864196777344 40.501781463623 28.8367729187012 23.7269153594971 18.771858215332 16.4459438323975 15.3242511749268 14.207465171814 12.1998653411865 4.66033697128296 7.08703279495239 11.7857208251953 12.4891605377197 20.6877899169922 24.084005355835 22.3575763702393 21.4576644897461 21.219202041626 18.614652633667 19.2749366760254
17.4686584472656 14.7512397766113 16.496057510376 8.93836116790771 5.1054105758667 6.84120082855225 1.20999932289124 0.681745707988739 -3.67269563674927 8.33845901489258 -0.352291226387024 8.28663635253906 20.0124683380127 12.7863273620605 8.99150276184082 9.45635509490967 4.28824949264526 6.77145862579346 5.70714473724365 10.0619459152222 11.6498670578003 11.4681253433228 16.3037204742432 10.7552547454834 15.3511371612549 27.570333480835 40.4281845092773 15.4820022583008 20.8846015930176 18.0872955322266 15.8999395370483 14.3769855499268 13.7468032836914 12.7528886795044 11.1911239624023 4.62080812454224 5.28688859939575 10.4372529983521 11.1012315750122 16.9742374420166 19.2927837371826 17.8343086242676 17.2742805480957 17.1651096343994 15.5895872116089
