slauniainen/Data/DEM/Vihti_dem1500b_cl_horizonAngle_84.asc
NCOLS 196 
NROWS 178 
XLLCORNER 353680 
YLLCORNER 6699024 
CELLSIZE 16 
NODATA_value -3.4e+38 
[rows 0 to 19 of 178, columns 45 to 89 of 196]
-1.16724503040314 -0.863547563552856 -0.530723214149475 0.477130502462387 1.77261364459991 3.51934385299683 7.01543140411377 9.45977020263672 10.30348777771 12.0611944198608 -1.54160130023956 -1.51213157176971 -1.25877618789673 -1.00621700286865 0.995714008808136 0.489432632923126 0.961427330970764 1.76129233837128 2.11082983016968 -0.861603498458862 -0.719637334346771 -0.449804127216339 0.0796567052602768 1.21391975879669 3.08971166610718 4.3276834487915 5.50076913833618 7.40437984466553 9.3369140625 11.5340776443481 11.8265972137451 0.661684036254883 1.35134482383728 2.99611520767212 4.55684089660645 1.57553124427795 1.78468978404999 3.01296663284302 5.06642007827759 2.56722402572632 1.45940709114075 1.51612865924835 2.90395903587341 5.27125453948975 7.0891284942627
2.26795268058777 2.98044872283936 3.38718748092651 4.05957317352295 4.93629693984985 7.06716632843018 10.4645118713379 12.2038984298706 13.0791206359863 13.7768611907959 0.329675942659378 -1.57889342308044 -1.26398468017578 -1.01449406147003 -0.814199388027191 -0.571558594703674 -0.793997764587402 -0.777798652648926 -0.768754959106445 -0.752533376216888 -0.632017254829407 -0.308559089899063 0.246256351470947 1.77032876014709 3.34988355636597 4.52157068252563 5.70319843292236 5.7782187461853 7.13693284988403 8.19678211212158 7.26028537750244 2.17879033088684 1.07789504528046 2.62043118476868 3.81608390808105 1.33951258659363 2.22036933898926 4.38659954071045 5.3727240562439 5.87108564376831 2.91945290565491 1.58733141422272 2.42293429374695 3.21941566467285 4.94809150695801
4.20020484924316 4.67915105819702 5.25297164916992 5.98454666137695 7.33796119689941 10.0611639022827 11.2975311279297 14.4004325866699 11.5663738250732 5.20759296417236 1.70152807235718 -1.6340948343277 -1.45186364650726 -1.12400162220001 -0.961068272590637 -0.822165489196777 -0.786321640014648 -0.765705764293671 -0.709851801395416 -0.643832564353943 -0.507656276226044 -0.123693764209747 0.559211850166321 1.51163113117218 2.60245728492737 3.37723875045776 4.26777935028076 4.90139198303223 6.72824764251709 7.81868839263916 4.41531658172607 4.63618659973145 1.18959271907806 1.45625030994415 1.89071381092072 2.50547885894775 3.90586996078491 6.65828657150269 5.48779773712158 2.79890036582947 2.95656609535217 3.00178241729736 3.48597359657288 0.860693871974945 1.98699879646301
4.61588668823242 5.11050701141357 5.80293130874634 6.89162492752075 10.4097023010254 12.5968599319458 12.7318048477173 14.1136150360107 6.22296142578125 2.21261835098267 0.704430222511292 -1.65260803699493 -1.47450935840607 -1.20838928222656 -1.02487933635712 -0.851343333721161 -0.758165538311005 -0.672818779945374 -0.618282735347748 -0.555607318878174 -0.355948865413666 0.0486231334507465 0.753609478473663 1.6023508310318 2.36249423027039 2.92383551597595 3.62785053253174 4.46709871292114 6.28045082092285 7.47125482559204 3.41078662872314 1.54596304893494 1.60539162158966 1.67327690124512 2.36125659942627 3.12602949142456 4.31779432296753 7.08972024917603 4.32562732696533 3.5188901424408 5.36996173858643 8.70810604095459 2.77342939376831 -0.235538169741631 0.693114519119263
5.32444953918457 5.96514272689819 6.88653182983398 10.0964803695679 13.3680391311646 19.8453788757324 14.9858474731445 7.15939235687256 2.51402592658997 1.44209480285645 -1.27386617660522 -1.6175616979599 -1.51461815834045 -1.28826355934143 -1.11329460144043 -0.935659825801849 -0.766209840774536 -0.663854837417603 -0.618813693523407 -0.532829523086548 -0.285890847444534 0.12434745579958 0.725131154060364 1.33872377872467 1.61724042892456 2.1537082195282 2.77492260932922 3.46584868431091 5.10299968719482 5.74469614028931 2.05857968330383 1.88421893119812 2.07635736465454 2.26610159873962 2.7651195526123 3.33098077774048 3.79554033279419 6.72797822952271 3.61777758598328 3.83816051483154 6.45057725906372 9.14569473266602 3.17524218559265 -1.75276136398315 -0.242541000247002
5.92866230010986 6.74823522567749 7.94943189620972 10.6674127578735 14.0899124145508 18.1847496032715 16.465991973877 7.8079891204834 0.989623308181763 -1.13186097145081 -1.64037954807281 -1.62957036495209 -1.53717660903931 -1.36700332164764 -1.1856986284256 -1.02086889743805 -0.866631746292114 -0.664883673191071 -0.585133194923401 -0.439622581005096 -0.105765655636787 0.266947388648987 0.868645787239075 1.34778368473053 1.52546405792236 1.65936493873596 1.80199289321899 2.04187178611755 3.34628868103027 4.34336566925049 1.5940922498703 1.64869904518127 1.84494566917419 2.10048031806946 2.37865352630615 2.68956661224365 3.01816582679749 3.62570786476135 4.30930137634277 5.17026615142822 8.43185615539551 2.02594566345215 -0.40532398223877 -2.45223760604858 -1.25053429603577
6.29947996139526 7.17446327209473 8.40200996398926 10.6262464523315 12.9948291778564 15.0197105407715 15.4160251617432 7.5097131729126 1.21485388278961 -1.72861886024475 -1.68319737911224 -1.601478099823 -1.51097011566162 -1.3745334148407 -1.18777751922607 -1.11287021636963 -0.892057240009308 -0.529259622097015 -0.249924629926682 -0.00532594276592135 0.0870349630713463 0.350342899560928 0.771938979625702 2.0377242565155 3.00784468650818 3.34808564186096 0.857317090034485 0.99059271812439 1.47810125350952 1.1658753156662 1.26835012435913 0.916916847229004 1.00824820995331 1.11276173591614 1.28710496425629 1.55622470378876 2.08804154396057 2.9516224861145 3.48555207252502 5.48081302642822 6.57657718658447 0.515993177890778 -2.09601449966431 -2.43578767776489 -2.29315495491028
6.25187158584595 7.12086582183838 9.14381790161133 10.9236507415771 12.4840641021729 15.365460395813 10.0243625640869 4.73942089080811 -1.44138491153717 -1.90539145469666 -1.93151473999023 -1.76281321048737 -1.62150192260742 -1.48517370223999 -1.31920957565308 -1.13101434707642 -0.754114031791687 -0.340309888124466 0.0097317760810256 0.161773800849915 0.00190107349772006 4.42744255065918 7.00033521652222 10.1548671722412 13.5707416534424 0.237634584307671 -0.882551908493042 -0.571853399276733 0.150079488754272 -0.0390744060277939 0.427816897630692 0.774783074855804 0.892114520072937 0.170590296387672 0.535853683948517 -0.00523150200024247 0.849969446659088 2.34420037269592 2.85665464401245 3.13809871673584 4.42263555526733 6.61928176879883 -2.25376272201538 -2.19521522521973 -2.03943157196045
6.64301156997681 8.47776508331299 10.0079364776611 8.66704559326172 9.42430973052979 12.1297626495361 5.56207084655762 1.43311190605164 -1.98951840400696 -1.98576819896698 -2.09619355201721 -1.92357933521271 -1.79488301277161 -1.74555957317352 -1.62850570678711 -1.29362547397614 -0.667322218418121 0.516464650630951 1.6567804813385 2.43961238861084 4.26638841629028 6.04327774047852 9.26055526733398 13.615421295166 7.00969219207764 -1.9130345582962 -1.85137033462524 -1.46832966804504 -0.805560767650604 -0.123646721243858 0.721236705780029 1.44872951507568 1.79596984386444 1.16934359073639 1.24871599674225 -2.37600684165955 -1.6819041967392 0.796892940998077 1.87480306625366 1.39250838756561 1.80911862850189 2.56545186042786 -1.91134476661682 -1.76327383518219 -1.6354843378067
7.37173843383789 9.61381912231445 9.64762496948242 7.00875043869019 8.07997035980225 6.63521337509155 3.36561989784241 2.48670268058777 -2.26715159416199 -2.25848364830017 -2.2650580406189 -2.15174865722656 -2.04513835906982 -2.03573822975159 -1.79542410373688 -0.723853588104248 1.07526409626007 2.48248767852783 3.35981011390686 4.49352550506592 6.25945568084717 6.69817447662354 6.94211530685425 8.09689521789551 1.87653791904449 -2.67067670822144 -2.6303174495697 -2.04433798789978 -0.305777847766876 1.18428170681 1.68272054195404 2.47756743431091 1.58553779125214 0.526784002780914 -2.7290678024292 -2.66622114181519 -2.42452025413513 -2.16780352592468 -0.891155242919922 -0.549932479858398 -1.58226120471954 -1.62161874771118 -1.4874666929245 -1.25656795501709 -1.14807140827179
8.03019237518311 9.73111438751221 6.94533252716064 5.94270515441895 6.19585227966309 3.23099327087402 2.14256000518799 2.17737174034119 -2.42547464370728 -2.38295340538025 -2.39165925979614 -2.01082801818848 -1.94349801540375 -1.37959146499634 -0.526675999164581 0.386569947004318 1.91436636447906 4.1908974647522 6.1502046585083 9.06220245361328 11.0222949981689 4.31514120101929 3.16747975349426 3.95997333526611 -0.238071709871292 -2.75261569023132 -2.48135805130005 -1.48183047771454 0.830281138420105 2.59539818763733 4.16909599304199 2.88042974472046 -0.91522216796875 -2.38369846343994 -2.70133256912231 -2.59141039848328 -2.40238332748413 -2.22815132141113 -1.92447793483734 -1.71902477741241 -1.57008421421051 -0.721471190452576 0.181443363428116 0.649017810821533 -0.89397668838501
12.2191743850708 6.00503826141357 3.7954797744751 4.88265943527222 3.52383470535278 0.711887657642365 0.189659997820854 -1.32946252822876 -2.18304514884949 -2.00946760177612 -1.78973805904388 -1.43208205699921 -1.17847263813019 -0.527911484241486 0.438268035650253 1.57685208320618 2.97956013679504 6.23758125305176 8.54416561126709 12.0562038421631 9.92705154418945 3.09652161598206 0.451998889446259 1.79354071617126 0.0669631436467171 -2.93298101425171 -2.76622176170349 -1.78383982181549 0.415782064199448 1.75247597694397 2.93566656112671 1.21755743026733 -2.41653490066528 -2.64688968658447 -2.54016089439392 -2.4383065700531 -2.28992342948914 -2.15591645240784 -1.8812495470047 -1.64375865459442 -0.939017117023468 -1.07032322883606 -0.883824646472931 -0.779848635196686 -0.743312835693359
9.25599098205566 6.77224636077881 3.04639577865601 3.87562012672424 1.77790117263794 0.313721120357513 -1.01485991477966 -1.6326562166214 -1.69151985645294 -1.55364334583282 -1.29108929634094 -1.00266075134277 -0.66561359167099 -0.0180533602833748 1.44039845466614 3.13022327423096 5.12473678588867 7.35814094543457 10.4358644485474 12.7458925247192 6.55115032196045 0.5616694688797 -0.322094678878784 0.39354932308197 -0.770781338214874 -3.26587843894958 -3.10692453384399 -2.28655099868774 -0.755477547645569 -0.747329354286194 -0.578005611896515 -1.98880767822266 -2.57439422607422 -2.40500569343567 -2.31351757049561 -2.16588711738586 -2.01741170883179 -1.85633552074432 -1.6506404876709 -1.47053563594818 -0.778601348400116 -0.804884850978851 -0.967557966709137 -0.843681335449219 -0.801463484764099
5.17109298706055 5.90309286117554 3.49661636352539 2.66713213920593 2.78591299057007 1.8504923582077 2.38570308685303 3.1021876335144 -1.8564887046814 -1.64732253551483 -1.12943148612976 -0.882178366184235 -0.398245245218277 0.703131437301636 2.58093404769897 4.21059131622314 5.80028581619263 7.62508344650269 9.45978832244873 10.1302728652954 4.28751230239868 0.0622457675635815 0.171054750680923 0.268479108810425 -2.54350233078003 -3.24175691604614 -3.05228662490845 -2.91377472877502 -2.82064771652222 -2.68245053291321 -2.55020713806152 -2.38612174987793 -2.28003525733948 -2.15636038780212 -2.0186984539032 -1.86745727062225 -1.71840107440948 -1.56211447715759 -1.412473320961 -1.09017086029053 -1.13613498210907 -1.18213796615601 -1.11665987968445 -1.06770777702332 -1.01786649227142
3.59455680847168 3.92557597160339 3.33550620079041 3.35633540153503 3.81834149360657 4.33987522125244 5.02065896987915 4.12830209732056 -2.20925903320312 -2.0377824306488 -1.49226057529449 -0.896333336830139 -0.179076418280602 1.11026418209076 4.00826072692871 7.18231582641602 9.92522239685059 12.0936937332153 1.76677405834198 3.21380829811096 2.88522601127625 -0.993965983390808 -1.77615427970886 -1.23713743686676 -2.27274107933044 -3.15884065628052 -3.02113461494446 -2.5896635055542 -2.75341963768005 -2.59595131874084 -2.4996325969696 -2.18618774414062 -2.04020833969116 -1.96237623691559 -1.81042563915253 -1.61934161186218 -1.44759488105774 -1.33091568946838 -0.984274446964264 -0.840270817279816 -1.05140328407288 -1.13169848918915 -1.0918345451355 -1.0614732503891 -1.03089082241058
4.24215698242188 5.20068311691284 5.19201231002808 2.02758431434631 3.09200859069824 4.53409004211426 5.29008817672729 1.63527679443359 -2.18264675140381 -2.09655237197876 -1.73905062675476 -1.14533257484436 0.0994003862142563 2.33071780204773 7.12993240356445 10.4789428710938 14.8034362792969 9.18366622924805 -1.67041575908661 -0.536304473876953 0.446248203516006 -1.84965538978577 -3.26742506027222 -2.88830542564392 -3.12753844261169 -3.06002593040466 -2.947181224823 -2.69488167762756 -2.56108212471008 -2.3866183757782 -2.25094175338745 -2.02296662330627 -1.84267294406891 -1.70703077316284 -1.56373143196106 -1.38216614723206 -1.27004599571228 -0.968278348445892 -1.18353283405304 -1.1547646522522 -1.12728238105774 -1.10734808444977 -1.07925570011139 -1.0350239276886 -0.993264675140381
-0.221688613295555 0.545551717281342 0.974246263504028 -0.224157869815826 -0.245238721370697 1.33900606632233 1.8412766456604 -1.80202913284302 -1.17850589752197 -2.27365756034851 -1.8600594997406 -0.750932514667511 1.49187982082367 4.2148175239563 6.77849626541138 10.0682821273804 13.8893766403198 6.62065649032593 0.66696971654892 0.742359042167664 2.75047874450684 -0.527275741100311 -3.43154215812683 -3.29045343399048 -3.13010430335999 -3.01318621635437 -2.88417029380798 -2.6018078327179 -2.3360698223114 -2.0895779132843 -1.90865433216095 -1.75889301300049 -1.5971440076828 -1.45041763782501 -1.04834091663361 -0.274243652820587 0.234342485666275 -0.0191928315907717 -0.994662463665009 -1.16729927062988 -1.13533520698547 -1.09980595111847 -1.05923962593079 -1.01163148880005 -0.975429892539978
1.93668627738953 -2.86824417114258 -2.95547342300415 -2.66476964950562 -2.45878720283508 -2.23604440689087 -2.0836341381073 -1.70549917221069 -1.39693558216095 -1.10952985286713 -0.542719066143036 0.394458711147308 2.23518562316895 4.29033374786377 5.3262152671814 7.51192426681519 10.70458984375 7.92029333114624 3.50829315185547 3.32505059242249 3.42257452011108 -1.2673944234848 -3.4905092716217 -3.32044219970703 -3.09641337394714 -2.88788366317749 -2.63956952095032 -2.2674880027771 -2.10387396812439 -1.84236264228821 -1.64751791954041 -1.4936341047287 -0.929145753383636 -0.262022465467453 0.341382473707199 0.669526159763336 1.04972362518311 0.329949140548706 -0.813297986984253 -1.16922128200531 -1.13384187221527 -1.0938823223114 -1.03670680522919 -0.995351314544678 -0.946084022521973
2.57946634292603 -3.12046980857849 -3.00930428504944 -2.84045910835266 -2.67016458511353 -2.34171104431152 -1.85768032073975 -1.38018012046814 -1.12165558338165 -0.73977917432785 -0.142520591616631 1.20922875404358 2.41319274902344 3.57911682128906 5.00939083099365 6.09202527999878 8.09946632385254 7.59544134140015 4.44576025009155 2.79452586174011 3.20797991752625 0.935789287090302 -3.43523406982422 -3.30180239677429 -3.05602288246155 -2.65353012084961 -2.3507354259491 -2.06038188934326 -1.90816009044647 -1.64634609222412 -1.16430914402008 -0.672180473804474 -0.248910889029503 0.257969200611115 0.492230504751205 0.814315438270569 1.14218413829803 -0.116700448095798 -1.15100526809692 -1.09686267375946 -1.11036348342896 -1.08315360546112 -1.03045606613159 -0.97885924577713 -0.937597036361694
4.76761198043823 -2.98393726348877 -2.87254476547241 -2.76988339424133 -2.70063328742981 -2.4518928527832 -1.89356911182404 -1.46945011615753 -1.31113219261169 -1.07080602645874 -0.427482604980469 0.969637751579285 2.38360190391541 3.51060700416565 5.6421422958374 7.14578247070312 3.30668258666992 3.51433563232422 2.00373387336731 1.71719622612 1.48190248012543 0.262113511562347 -3.27496147155762 -3.21764540672302 -2.91968750953674 -2.45238709449768 -2.14375972747803 -1.90181744098663 -1.73095607757568 -1.38468790054321 -0.751753509044647 -0.352702707052231 -0.114809274673462 0.147686034440994 0.180015876889229 0.764034330844879 0.338186055421829 -0.455673307180405 -0.816220700740814 -0.782199323177338 -0.669792473316193 -1.06822574138641 -1.04502809047699 -1.00421905517578 -0.939103543758392
