slauniainen/Data/DEM/Vihti_dsm1500b_cl_horizonAngle_24.asc
NCOLS 196 
NROWS 178 
XLLCORNER 353680 
YLLCORNER 6699024 
CELLSIZE 16 
NODATA_value -3.4e+38 
[rows 20 to 39 of 178, columns 0 to 45 of 196]
37.4263610839844 5.45588684082031 9.52953243255615 6.29419231414795 11.2766971588135 11.3517169952393 16.2012672424316 15.4442501068115 10.8264675140381 19.1804752349854 6.72651243209839 10.5097742080688 19.5542850494385 21.0211238861084 19.8325862884521 7.75564193725586 9.86179637908936 4.80630302429199 7.15885972976685 4.80214595794678 9.32823848724365 11.8810272216797 21.4731006622314 4.22440814971924 9.02519607543945 8.03860092163086 8.64774799346924 11.9993581771851 9.60686588287354 15.3171901702881 0.926046252250671 1.27971696853638 10.5118923187256 6.33234882354736 0.88754802942276 1.92670893669128 1.53503692150116 3.03804397583008 -0.431115806102753 7.12083053588867 -0.430370837450027 16.5053672790527 4.85337257385254 1.94448435306549 0.764484941959381 8.77270126342773
7.46435546875 5.04520559310913 6.78689193725586 8.1809720993042 8.6898078918457 11.6343841552734 11.6272420883179 7.76977968215942 11.2371139526367 16.7402172088623 7.03707885742188 16.1584243774414 23.1624851226807 38.0131568908691 33.1391181945801 11.615873336792 12.0295991897583 9.16868686676025 5.03327083587646 8.04683971405029 7.69200038909912 7.71778535842896 1.45602548122406 2.36908793449402 1.62022852897644 4.59940147399902 7.51196575164795 24.2206611633301 37.4543991088867 18.5435104370117 26.3673248291016 7.38367223739624 6.42762422561646 3.59755063056946 18.38551902771 5.34299850463867 26.8397998809814 10.5758790969849 8.76762008666992 3.48311591148376 11.105544090271 1.81585168838501 11.4193258285522 -0.436648607254028 6.82638311386108 9.18675422668457
5.27633905410767 4.39740228652954 8.85922908782959 7.17775535583496 7.78952407836914 9.93625640869141 9.80076789855957 7.61652612686157 12.8920526504517 28.2626571655273 7.33081197738647 11.790488243103 20.1253128051758 32.0807342529297 25.3663711547852 7.66261911392212 17.5175113677979 7.66147136688232 4.6696400642395 2.00809526443481 4.36190843582153 5.26701307296753 5.62856531143188 9.87052536010742 7.39878845214844 4.43000221252441 8.2559986114502 20.3831386566162 13.0527009963989 18.9540958404541 17.7636909484863 8.85554504394531 2.51304602622986 12.1994695663452 7.60577249526978 8.3935604095459 4.17002391815186 10.5293655395508 6.23902559280396 6.86458873748779 5.42657327651978 7.53881072998047 4.3637113571167 7.02747106552124 6.91102647781372 22.473316192627
2.87100100517273 3.57608532905579 5.61003875732422 6.75142240524292 8.10702133178711 8.12656116485596 7.26709794998169 8.72621154785156 11.5075340270996 26.0789375305176 13.2411460876465 18.5744037628174 18.2142429351807 22.6800708770752 32.4166603088379 49.9089736938477 16.9366188049316 10.764479637146 6.62073421478271 30.6998882293701 4.65530872344971 2.70240068435669 8.69406986236572 4.92385959625244 4.85982131958008 4.09670352935791 14.1247930526733 12.1447267532349 28.3533554077148 21.527099609375 21.7048645019531 33.4782409667969 18.4943084716797 5.48667764663696 10.4963140487671 31.8917369842529 38.2422790527344 8.92104721069336 1.38065969944 18.9501399993896 16.3552761077881 6.75866222381592 7.52707529067993 19.1873054504395 24.26513671875 16.6715793609619
29.2072887420654 3.48755764961243 5.11712598800659 6.20820713043213 7.31945180892944 7.31668615341187 7.07053995132446 9.98633003234863 15.5592002868652 28.811803817749 10.0862979888916 13.6085662841797 12.0302200317383 18.1252689361572 37.8784065246582 16.8069610595703 14.9687519073486 14.2312393188477 18.460994720459 8.57601261138916 22.977596282959 16.7166633605957 9.77461338043213 1.20519959926605 8.78792190551758 13.2789640426636 21.2734851837158 18.3483276367188 19.1626968383789 10.0600986480713 18.7406787872314 16.3331661224365 7.01924324035645 26.8714561462402 11.0205354690552 28.8302593231201 14.4124994277954 20.1612949371338 12.7739276885986 7.3320779800415 4.31605625152588 3.01153159141541 7.65422534942627 6.28584003448486 10.8717021942139 12.4395751953125
3.48006987571716 37.9047660827637 4.94417810440063 6.30452919006348 6.31209230422974 6.3422212600708 6.90954065322876 9.18515491485596 14.3231706619263 24.5410404205322 24.3906116485596 22.8699817657471 19.0415744781494 15.7262163162231 23.0243644714355 30.3197746276855 44.561954498291 28.2590770721436 18.8481311798096 26.1111927032471 12.3025121688843 20.3438930511475 10.9464893341064 6.85491895675659 3.37140893936157 27.1521015167236 11.0600643157959 27.9467620849609 13.203351020813 28.5185508728027 17.5985164642334 15.4421482086182 29.832389831543 19.5085582733154 45.8737335205078 21.5721874237061 36.5494842529297 31.7696647644043 38.6047668457031 6.17948293685913 3.03447818756104 7.02928447723389 5.41509675979614 4.49798774719238 7.33701086044312 15.0053329467773
12.5354413986206 4.73862838745117 5.06067180633545 5.74408006668091 5.76096153259277 6.68181228637695 6.94809103012085 10.8616876602173 15.9874658584595 28.3843231201172 35.8626747131348 24.841667175293 16.2171039581299 20.5929679870605 15.2453899383545 27.9659461975098 19.4342823028564 17.7529315948486 24.1205348968506 15.5692701339722 23.3141002655029 13.0097618103027 9.43244934082031 21.9508304595947 25.1475162506104 7.71600532531738 22.8331775665283 14.9644384384155 11.6784038543701 15.2403392791748 14.0845518112183 24.3651123046875 16.5753517150879 25.788631439209 20.8116550445557 17.8169631958008 22.0931167602539 24.8325233459473 17.1143188476562 10.140380859375 28.2277145385742 5.36552476882935 11.0539417266846 21.3149070739746 40.6995811462402 17.1429080963135
9.77533531188965 4.65035533905029 5.26757287979126 5.28691148757935 5.79196548461914 6.53748798370361 7.70476675033569 9.97246074676514 13.6034812927246 21.3238639831543 21.4283638000488 15.9131813049316 11.2006921768188 16.9768047332764 18.9719696044922 15.8548860549927 21.82834815979 29.7042636871338 23.9699535369873 18.2340030670166 9.01001358032227 8.70944595336914 19.5537338256836 16.2064399719238 10.4309463500977 29.7011337280273 10.5365753173828 14.818733215332 8.99446868896484 12.7786731719971 18.3991527557373 16.3003101348877 32.5113868713379 20.253101348877 15.4149169921875 18.790699005127 18.842945098877 18.6700038909912 14.9717464447021 18.0923118591309 5.77852582931519 10.2442998886108 14.2892227172852 16.634744644165 8.95704078674316 11.1504993438721
14.1089563369751 4.65240669250488 5.15340185165405 5.26796436309814 6.24988317489624 6.38272953033447 8.53658008575439 11.122519493103 15.6383953094482 16.0278167724609 22.515287399292 15.7644643783569 19.4690475463867 13.9393663406372 13.8076801300049 13.610595703125 22.2587509155273 21.6569423675537 19.4904365539551 16.5320453643799 8.21926593780518 21.1441650390625 38.9173736572266 21.6772804260254 14.1837749481201 10.3448581695557 12.0660467147827 19.1790142059326 29.589958190918 9.0338134765625 15.873929977417 11.550817489624 17.1722660064697 15.5569334030151 13.6061964035034 17.0929927825928 20.1032333374023 5.50975751876831 13.2716102600098 21.854621887207 19.7302665710449 22.6185073852539 13.5854654312134 9.47300148010254 9.18835067749023 18.8554668426514
4.34258270263672 4.94266271591187 4.93821239471436 5.35585451126099 6.08761882781982 6.78376340866089 7.97367429733276 10.0566730499268 13.3407564163208 13.6545248031616 23.8955516815186 31.7472648620605 16.5447769165039 20.6851024627686 11.8044929504395 12.1326589584351 13.9811363220215 12.8936023712158 17.9632720947266 28.0025405883789 14.9970693588257 9.65836143493652 13.2630214691162 25.9361114501953 29.44118309021 10.024730682373 11.5973443984985 15.7618045806885 10.0995397567749 12.6737623214722 13.985987663269 27.0153255462646 15.3309564590454 14.653826713562 15.7945613861084 17.1944065093994 16.269567489624 39.9128494262695 18.1806221008301 21.4312000274658 30.9898204803467 13.9088001251221 10.297399520874 11.8873376846313 16.0578479766846 9.60580730438232
4.02501440048218 4.84752130508423 4.89639472961426 5.8231897354126 5.91252517700195 6.85644292831421 8.83155727386475 11.0234470367432 11.5658521652222 16.0220890045166 19.2674007415771 32.692512512207 36.6557922363281 12.9592180252075 23.7745742797852 20.0042152404785 23.1837329864502 11.3738059997559 24.378101348877 25.6006469726562 12.696252822876 11.5256500244141 8.5966329574585 7.78306007385254 8.77115249633789 8.0988597869873 21.0564880371094 9.09140682220459 12.3029165267944 7.57719326019287 11.2496128082275 12.622386932373 12.6925811767578 12.9782180786133 14.8903245925903 13.9932546615601 23.1217422485352 11.6152639389038 15.2129669189453 18.5959148406982 11.0249176025391 10.2319612503052 7.06569051742554 7.27137565612793 9.83377361297607 9.61958599090576
3.94402623176575 4.6694450378418 4.99559640884399 5.70682001113892 6.07039737701416 6.70750331878662 8.10864734649658 10.018949508667 12.0122756958008 14.2994480133057 22.1325435638428 27.3870964050293 26.1875305175781 28.9724216461182 22.9542617797852 16.9540119171143 16.3959217071533 14.6429538726807 15.3693838119507 21.6628952026367 40.7027587890625 29.3372650146484 34.4429702758789 17.3613567352295 8.18633937835693 36.132381439209 8.70888519287109 26.5257301330566 10.6354160308838 15.3057327270508 10.7663917541504 10.5756101608276 10.7527675628662 12.3410005569458 14.1807880401611 20.3415050506592 22.678201675415 34.9449844360352 13.9789800643921 14.7943964004517 9.16793441772461 10.7328176498413 26.7297401428223 25.1873645782471 15.2269659042358 20.0381641387939
4.27763414382935 4.56760549545288 5.48024749755859 5.56075382232666 6.41856908798218 6.73221826553345 8.5642671585083 10.32741355896 12.3765449523926 13.7057914733887 18.8975105285645 21.3844394683838 35.738883972168 33.4390563964844 20.115026473999 15.3988952636719 30.5748348236084 14.4203901290894 15.0719194412231 20.5500144958496 26.272439956665 21.1141738891602 12.4243535995483 9.91464519500732 28.9224948883057 10.6535682678223 10.3684062957764 7.88464260101318 11.0821685791016 29.2135925292969 10.0247097015381 10.3546667098999 10.7753314971924 12.4219388961792 11.6578826904297 19.1047229766846 12.6111154556274 14.3941564559937 22.2809066772461 17.6235599517822 36.3262748718262 18.6181182861328 15.9910411834717 13.2886009216309 20.5150184631348 11.7555084228516
4.18732213973999 4.65332984924316 5.3790488243103 5.75004386901855 6.31205320358276 7.15167427062988 8.94396781921387 10.7348232269287 11.676326751709 15.615119934082 15.8337535858154 18.3554649353027 27.3742580413818 31.6652908325195 21.9159812927246 15.1253261566162 25.7198677062988 28.6062526702881 33.3006858825684 24.5790729522705 22.8422145843506 22.8827285766602 23.3456764221191 26.0272159576416 11.4503698348999 18.7428779602051 15.4058685302734 20.1083202362061 14.5593280792236 10.2502946853638 18.3193130493164 14.441014289856 10.1168746948242 12.5213069915771 15.3668727874756 12.3503618240356 10.7274732589722 17.6481781005859 12.1073665618896 22.5162143707275 20.2522850036621 28.6297702789307 19.7549819946289 26.4702987670898 16.0193271636963 13.1610460281372
4.25078201293945 4.68583965301514 5.30201959609985 6.09578943252563 6.34843635559082 6.97309970855713 8.59616851806641 10.7472286224365 12.0596904754639 14.0119791030884 15.2057933807373 20.6123580932617 22.429666519165 31.2146282196045 29.9987545013428 30.3113803863525 33.2877998352051 23.0553245544434 19.9442977905273 20.3878631591797 16.8461456298828 15.1019344329834 11.3334522247314 10.9937887191772 9.49311828613281 13.3443126678467 28.3291645050049 38.632682800293 21.8322944641113 15.4675035476685 14.4785032272339 10.2758264541626 13.8173360824585 18.0415458679199 15.3824186325073 15.40305519104 22.6184692382812 11.3502244949341 10.9228820800781 20.3283920288086 17.6410007476807 15.5912599563599 15.9393091201782 13.4791650772095 8.71322822570801 12.9398946762085
4.42828464508057 5.0928692817688 5.32929420471191 6.01434230804443 6.31970071792603 7.19868993759155 9.01900100708008 10.4173784255981 12.0727434158325 13.6330823898315 13.7952537536621 18.6280364990234 20.8022975921631 25.2905464172363 25.4642467498779 19.9755611419678 27.4465065002441 21.2836742401123 18.6188831329346 21.5384330749512 17.1087017059326 12.1329908370972 17.072696685791 9.13050746917725 9.7122049331665 12.7803764343262 21.0963459014893 20.9788341522217 14.2656965255737 16.7259788513184 12.2978858947754 25.6806964874268 31.0599689483643 38.525218963623 39.3098678588867 11.7225656509399 10.8287897109985 10.0878934860229 16.3509788513184 22.7991027832031 16.8823585510254 15.1655139923096 12.5832023620605 10.0721864700317 14.6729898452759 16.2043933868408
6.32799625396729 5.38176918029785 5.49530363082886 6.05017375946045 6.56112241744995 7.89381885528564 9.60212421417236 10.7661895751953 11.142936706543 12.9068813323975 14.4267835617065 16.6737327575684 18.6952304840088 21.9088745117188 31.4140529632568 36.3229789733887 19.9074401855469 18.400562286377 27.3327960968018 22.5301647186279 17.1263866424561 16.5671463012695 19.1815986633301 10.5486602783203 22.8397903442383 24.5885334014893 19.6518707275391 23.7472457885742 37.9329452514648 34.4718170166016 28.5697269439697 18.6975345611572 28.5877952575684 28.1826000213623 33.5969352722168 49.4589500427246 31.8076477050781 34.001220703125 18.2218379974365 15.1443796157837 28.4071273803711 11.3006820678711 13.3887586593628 8.20557117462158 11.9910364151001 11.5322198867798
4.99694347381592 5.0318021774292 5.75117158889771 6.01782417297363 6.64710426330566 8.31030464172363 9.21186637878418 10.4141397476196 11.9506311416626 12.2875127792358 14.4099836349487 16.2029457092285 16.742561340332 20.7577838897705 24.5768966674805 23.4122123718262 25.7863178253174 16.8074798583984 19.455286026001 17.4444332122803 22.9146842956543 25.2077522277832 21.8952903747559 28.9072322845459 24.0933380126953 14.6171922683716 25.0879688262939 21.1930599212646 18.7598724365234 19.176830291748 19.9889621734619 26.2790927886963 20.0102596282959 23.9831981658936 34.3531761169434 36.2550621032715 25.8992519378662 22.8234577178955 23.4615669250488 12.818058013916 12.1959819793701 29.1530780792236 25.651948928833 35.9518966674805 41.2002983093262 34.3136863708496
4.96003675460815 5.22187805175781 5.66926383972168 6.16478776931763 7.31063795089722 8.61688423156738 9.08504390716553 9.99959659576416 11.4000148773193 11.869514465332 13.2385377883911 14.8710670471191 15.3688106536865 18.1120529174805 19.7592010498047 20.1045818328857 17.3647041320801 34.6317901611328 20.1180725097656 26.6053161621094 24.9013710021973 26.4910583496094 27.7830905914307 32.7222900390625 14.2553653717041 33.4296226501465 16.9260082244873 17.0080223083496 14.7169427871704 14.8836574554443 15.8527545928955 15.852575302124 17.4553394317627 22.0685043334961 27.9601097106934 30.095251083374 21.5632839202881 18.9371528625488 22.945240020752 31.9413146972656 23.6623458862305 14.2432909011841 29.1216697692871 36.8079452514648 27.203556060791 25.7222728729248
4.85423421859741 5.50830030441284 5.67585420608521 6.14656114578247 7.77925252914429 8.40044784545898 9.38540840148926 10.6621026992798 10.6394138336182 11.520281791687 12.4010429382324 13.8027753829956 14.4089307785034 16.6521339416504 17.6360244750977 17.8506755828857 24.1060237884521 19.4836044311523 24.6695365905762 22.4574508666992 18.9219074249268 22.1812191009521 24.4948348999023 19.373743057251 14.3189210891724 15.1095695495605 13.7852602005005 12.4084768295288 11.6527948379517 12.9845628738403 13.7627372741699 14.3775119781494 17.3503341674805 20.9053916931152 22.9666442871094 23.7808990478516 15.2976999282837 34.4196243286133 30.7469215393066 35.6763954162598 41.7284927368164 37.5214462280273 26.2249488830566 21.8984794616699 21.6248054504395 21.0027713775635
