slauniainen/Data/DEM/Vihti_dem1500b_cl_horizonAngle_234.asc
NCOLS 196 
NROWS 178 
XLLCORNER 353680 
YLLCORNER 6699024 
CELLSIZE 16 
NODATA_value -3.4e+38 
[rows 0 to 19 of 178, columns 0 to 44 of 196]
7.419867992401120 5.86339521408081 5.31183385848999 6.71348714828491 6.71576452255249 7.19978046417236 11.948787689209 13.942120552063 5.41447401046753 2.62500977516174 2.20651316642761 2.36685752868652 8.552414894104 5.06029272079468 2.46387720108032 1.61480915546417 0.569098949432373 -0.548343896865845 -1.60271430015564 -2.22334480285645 -2.58224177360535 -2.75540828704834 -1.51502430438995 -0.487514764070511 -0.600151836872101 2.8546769618988 5.76561594009399 5.34261035919189 6.50718784332275 4.97117042541504 4.50063848495483 3.9240345954895 3.30500626564026 2.81911730766296 2.37711000442505 2.06934928894043 1.88404488563538 1.71835362911224 1.26358103752136 0.894451379776001 0.662986636161804 2.35460186004639 3.4806764125824 4.46710586547852 3.11095881462097
4.83273506164551 4.00414514541626 5.01391839981079 5.26498746871948 6.40157318115234 7.53359127044678 8.96139621734619 15.6906156539917 6.71557188034058 2.96575593948364 2.44856786727905 2.4529926776886 7.31232452392578 2.86382985115051 2.20457935333252 1.46813201904297 0.101828664541245 -0.897634029388428 -1.79138934612274 -2.3867027759552 -2.70594525337219 -2.92405247688293 -1.9056077003479 -1.35740578174591 1.38422405719757 5.76727962493896 8.02979850769043 8.88503074645996 6.95950317382812 4.99706888198853 4.69452571868896 4.53205537796021 3.68664288520813 3.1191463470459 2.58621430397034 2.18172764778137 1.72595489025116 1.55157804489136 1.19955849647522 0.711999654769897 0.485321611166 2.49256706237793 5.37286758422852 6.26481342315674 5.24921274185181
3.42623591423035 2.59131550788879 2.98171401023865 3.38962435722351 5.88547706604004 7.20121145248413 8.60966682434082 14.912486076355 10.7246417999268 3.40119981765747 2.62038850784302 3.02069568634033 5.84131669998169 2.50409722328186 2.07441139221191 0.881749033927917 -0.0512479841709137 -1.18037283420563 -1.99675059318542 -2.50260972976685 -2.86037492752075 -3.36408066749573 -2.67572045326233 -3.60874319076538 1.85136115550995 10.6134328842163 10.5952911376953 10.3059396743774 7.5302472114563 5.50434732437134 4.97023248672485 4.45389127731323 3.89165449142456 3.15783667564392 2.7334144115448 2.07452988624573 1.57179129123688 1.15030252933502 0.764953255653381 0.521526038646698 0.410205513238907 2.20583653450012 5.11584854125977 7.39236497879028 7.66228055953979
3.07409405708313 2.48238706588745 2.57027626037598 3.59902572631836 5.55004930496216 8.16079330444336 7.09122943878174 11.590274810791 10.8463592529297 3.72257828712463 3.10405158996582 3.02353549003601 2.92466068267822 2.05174875259399 1.68742120265961 0.710711479187012 -0.432689696550369 -1.44642996788025 -2.09409403800964 -2.72747254371643 -3.1989414691925 -3.62451028823853 -0.99044793844223 -4.06268119812012 -4.29025888442993 7.07582902908325 10.5491247177124 11.0816488265991 8.16300010681152 5.84094047546387 5.17509508132935 4.62335395812988 3.76067447662354 2.94013810157776 2.30932021141052 1.92911028862 1.25797939300537 0.674493610858917 0.636090755462646 1.12603223323822 0.825425565242767 1.43915939331055 3.86057639122009 6.01350879669189 4.10084438323975
3.52256107330322 2.83022046089172 2.72284054756165 2.89565920829773 5.28450441360474 6.1125020980835 4.07177352905273 7.3724160194397 8.32550811767578 4.29936838150024 3.28242516517639 2.97142863273621 2.45343089103699 2.0096480846405 1.35397350788116 0.374510735273361 -0.83199679851532 -1.57504236698151 -2.31238532066345 -2.89134883880615 -3.49513840675354 -3.89077162742615 -3.0940842628479 -3.74122500419617 -2.30932211875916 5.31233739852905 9.84122371673584 10.8665466308594 8.01033306121826 6.17931079864502 5.61788320541382 4.76498126983643 3.95198106765747 2.9209680557251 2.0218198299408 1.24061238765717 0.900122463703156 0.652352213859558 1.28834009170532 1.32313168048859 1.79776191711426 3.17453384399414 3.45623207092285 3.21149158477783 3.10128259658813
4.80594730377197 3.49367094039917 3.23832631111145 3.62078428268433 4.15648031234741 8.647385597229 7.4848804473877 4.30206060409546 5.57376956939697 4.61262369155884 3.46696066856384 3.05350518226624 2.58564424514771 1.78357887268066 1.2672746181488 0.0688561275601387 -0.994301438331604 -1.85305345058441 -2.32439875602722 -2.96911811828613 -3.69655251502991 -4.07193374633789 -4.41714382171631 -2.3153977394104 2.47768020629883 5.75134944915771 8.67814922332764 9.6148796081543 7.95231246948242 6.6464376449585 5.88452482223511 5.20961332321167 4.15356922149658 3.25316500663757 1.99757242202759 1.04019999504089 0.885311424732208 1.33660292625427 1.84170603752136 2.30625748634338 4.4063196182251 6.11899471282959 4.60527944564819 3.34642243385315 3.22961926460266
5.83275890350342 4.54646253585815 4.34243106842041 4.04574489593506 3.95516729354858 4.31001710891724 6.43168306350708 4.22421407699585 4.1624174118042 3.59088921546936 3.27957677841187 3.02217054367065 2.21233439445496 1.69544625282288 1.02507328987122 -0.109668873250484 -1.11317372322083 -2.02898073196411 -2.47966408729553 -2.9714195728302 -3.71223139762878 -4.49765872955322 -4.80253934860229 -4.21976661682129 3.40577101707458 6.18000078201294 8.70444011688232 8.87610626220703 8.01613903045654 7.11808109283447 6.19411325454712 5.10910367965698 4.30618810653687 3.11698627471924 2.58082461357117 1.99253785610199 2.31815814971924 2.20857548713684 2.54147267341614 2.69554257392883 3.24108791351318 3.78895568847656 3.63975024223328 3.48927140235901 3.33740997314453
7.3052864074707 6.25322866439819 5.29871129989624 4.7295093536377 4.31888484954834 4.70032167434692 4.65851736068726 4.31830406188965 3.80866241455078 3.43443608283997 2.86615800857544 2.56988501548767 2.03863716125488 1.37050974369049 0.670303344726562 0.175239056348801 -0.835577487945557 -1.94787406921387 -2.65726637840271 -2.98260927200317 -3.88398838043213 -4.73894834518433 -5.06980180740356 -5.22367668151855 2.97562670707703 6.70648145675659 8.825514793396 9.58515930175781 8.57535362243652 7.77600812911987 5.99418067932129 4.01797199249268 3.51592183113098 2.91128444671631 2.43928456306458 4.58849716186523 6.37343311309814 4.92546367645264 3.24612975120544 3.66983842849731 3.8216450214386 3.96977639198303 3.7984299659729 3.60957646369934 3.48481869697571
9.90429401397705 6.16264581680298 5.65669536590576 5.23403263092041 4.7245306968689 4.55155277252197 4.72135353088379 4.17416381835938 3.71244359016418 3.1253502368927 2.57767224311829 1.91169381141663 1.55454659461975 0.854171395301819 0.44833368062973 0.0536653324961662 -0.424653619527817 -1.77395141124725 -2.76657342910767 -3.25112557411194 -3.84330892562866 -4.52056121826172 -5.09661912918091 -5.222412109375 0.487669289112091 5.16018629074097 7.52524089813232 9.6554708480835 9.73734951019287 8.02752494812012 5.9095025062561 3.64106750488281 2.16426563262939 2.18795609474182 3.12072348594666 7.91096162796021 10.225790977478 6.28164958953857 4.41196393966675 4.3917498588562 4.37011766433716 4.16749811172485 4.16409683227539 3.88778018951416 3.82326483726501
9.0778284072876 6.41668224334717 6.08100414276123 5.35209226608276 4.9200611114502 4.30793523788452 4.17858552932739 4.0385365486145 3.40012884140015 2.87364172935486 1.95564138889313 1.16680896282196 0.818855881690979 0.490489065647125 0.215570107102394 -0.0181625094264746 -0.554117739200592 -1.5473325252533 -2.78238701820374 -3.34059381484985 -3.80840229988098 -4.37357425689697 -4.85230159759521 -5.32485151290894 -5.25846242904663 0.61680269241333 3.90631818771362 7.19068241119385 8.84714412689209 8.02461338043213 6.03666114807129 3.42011260986328 2.04823780059814 2.18788027763367 2.70139455795288 7.23624706268311 10.1488571166992 5.77232551574707 4.89690780639648 4.94723033905029 4.45289945602417 5.24512147903442 5.47329568862915 4.26712894439697 4.02947854995728
7.77052021026611 6.70182466506958 5.55158185958862 5.31671571731567 4.53781270980835 4.33175420761108 3.87221741676331 3.55501222610474 3.06798577308655 2.18586182594299 1.49329507350922 0.849920272827148 0.54780125617981 0.319588840007782 -0.0993136763572693 -0.298661530017853 -0.796839416027069 -1.66220414638519 -2.67044615745544 -3.29097247123718 -3.68847155570984 -4.17186260223389 -4.67000961303711 -5.2664098739624 -5.35788583755493 -5.15546417236328 -1.06230080127716 3.10293054580688 5.76209306716919 7.11810111999512 6.11901903152466 3.34832334518433 3.31543111801147 2.99323225021362 3.27753925323486 6.24993944168091 8.46512699127197 6.21628618240356 5.8741888999939 5.31648445129395 4.3788743019104 4.42812156677246 4.73666715621948 4.68549680709839 4.3749566078186
8.207688331604 6.61421394348145 5.25559043884277 4.5654616355896 4.46818447113037 4.2038631439209 3.57410049438477 2.79549217224121 2.64633250236511 1.89015996456146 1.17024064064026 0.75841099023819 0.479764044284821 0.0185640528798103 -0.331608325242996 -0.775589048862457 -1.18929934501648 -1.91467237472534 -2.58002090454102 -3.16599822044373 -3.48961281776428 -3.9714720249176 -4.51605606079102 -4.85342311859131 -5.12738370895386 -4.7359676361084 -3.7449643611908 -1.29476356506348 2.23966670036316 5.21459531784058 5.12029695510864 4.69471120834351 3.87197041511536 4.23660373687744 4.72605800628662 5.55613851547241 7.51581430435181 7.10339832305908 7.18772411346436 6.40247201919556 5.73360252380371 4.99694633483887 5.20105981826782 4.74000883102417 5.4674243927002
9.18913078308105 6.38279819488525 5.26767158508301 4.36162662506104 4.06087875366211 4.05710935592651 2.94871592521667 3.33602118492126 2.47691440582275 1.66696536540985 1.3165899515152 0.445503652095795 0.270125657320023 -0.182362198829651 -0.632930755615234 -1.18253028392792 2.85907053947449 5.70571422576904 -1.69227182865143 -1.97314369678497 -1.8074004650116 -2.46805357933044 -3.00884771347046 -3.97258305549622 -3.53873658180237 -3.2874014377594 -2.98078370094299 -0.220927476882935 3.48213148117065 5.546950340271 6.56246423721313 5.85979986190796 4.95998334884644 5.66177415847778 6.78920364379883 8.88775253295898 8.94442272186279 9.08540916442871 8.0279712677002 7.26026725769043 6.44458389282227 6.0348949432373 7.18314170837402 7.36247253417969 6.72434377670288
8.49106979370117 6.25290679931641 5.09767818450928 4.14279222488403 3.34620594978333 3.54778218269348 2.36665463447571 4.27241945266724 2.99481296539307 1.54823958873749 1.05326437950134 0.432126104831696 -0.0550902411341667 -0.44159996509552 -0.968492865562439 -1.94027328491211 -0.147208109498024 13.17604637146 10.5463800430298 2.79335069656372 0.431463092565536 -0.899243533611298 -1.87350463867188 -2.55369400978088 -2.83448362350464 -2.8434751033783 -1.8990079164505 4.3836088180542 8.10371494293213 10.3792543411255 10.3725624084473 8.80388069152832 9.8502254486084 14.5498676300049 15.1927556991577 12.7694282531738 11.2875642776489 10.7934846878052 9.22617053985596 8.1023473739624 7.96182584762573 9.13442516326904 9.23666858673096 8.43698406219482 7.3767991065979
7.63929080963135 6.34747743606567 4.87352323532104 3.47890448570251 2.90306735038757 3.2721107006073 1.74150431156158 1.78007805347443 1.46870696544647 1.1422735452652 0.792444586753845 0.430757910013199 -0.20409394800663 -0.649558663368225 -1.48499608039856 -2.61971926689148 -2.64769172668457 5.66162109375 11.3894672393799 8.28262519836426 4.01579856872559 2.24796152114868 0.459476113319397 -1.90143024921417 -2.54018640518188 -2.20180130004883 -2.99585056304932 -1.13131010532379 3.16768074035645 6.19638681411743 7.26969337463379 5.91317415237427 4.38519620895386 6.50830364227295 12.8744344711304 15.5144233703613 13.9199047088623 14.7727708816528 18.1650848388672 19.0701084136963 14.2466869354248 12.1594753265381 11.1201257705688 9.92259120941162 8.14173412322998
6.79007196426392 6.00968647003174 4.09910154342651 3.13731408119202 2.80892634391785 2.46960043907166 1.82002747058868 1.23949658870697 0.90934419631958 0.862160861492157 0.751705884933472 0.458256989717484 -0.275301933288574 -0.715682983398438 -1.90585958957672 -3.29179167747498 -3.63433694839478 0.993789076805115 7.88749694824219 11.0089693069458 11.9129943847656 6.04202651977539 4.08567523956299 -0.372983157634735 -1.87979650497437 -2.25641441345215 -2.47919464111328 -1.54529440402985 0.0844998955726624 1.67615234851837 5.11212301254272 5.64493894577026 4.08804273605347 2.96527147293091 7.30784177780151 9.88288974761963 8.80517196655273 6.46901845932007 11.6492166519165 16.7904186248779 17.2761650085449 18.1199893951416 14.6197814941406 10.9010982513428 12.3284063339233
5.68269491195679 5.1246075630188 3.66816782951355 2.85939812660217 2.98076486587524 2.07532453536987 1.42816936969757 0.959341704845428 0.799346387386322 0.777256369590759 1.2222957611084 0.339543700218201 -0.184565275907516 -0.863876044750214 -2.47476434707642 -3.51398038864136 -3.80323266983032 -3.05449867248535 2.39464426040649 6.22389936447144 10.9775266647339 14.4723205566406 9.13913917541504 4.61491441726685 -0.818250179290771 -2.11211204528809 -2.65001821517944 -2.54662895202637 0.529201209545135 0.297132074832916 4.46850776672363 5.5444221496582 3.38116240501404 0.452991127967834 4.99015140533447 9.74650573730469 6.7355637550354 1.85499227046967 2.68695855140686 6.26320600509644 7.25267934799194 9.1535120010376 10.9142112731934 9.0573034286499 10.47767162323
5.577965259552 3.67620849609375 3.32605695724487 3.35809111595154 2.42173433303833 1.23586559295654 1.09943854808807 0.966077148914337 0.996666848659515 1.01242995262146 0.854770481586456 0.410214155912399 -0.233946859836578 -1.21147119998932 -2.73110485076904 -3.55868554115295 -3.80327105522156 -4.0600733757019 -4.20321416854858 -1.76418542861938 0.379529476165771 11.2851476669312 15.5764293670654 10.2430067062378 4.30349063873291 -1.03560066223145 -2.01880860328674 -2.29361772537231 -1.9397132396698 -1.86391174793243 0.635500967502594 2.8238697052002 1.11895096302032 -0.873986542224884 -0.128372490406036 6.45730400085449 3.6322808265686 -0.267889976501465 -0.828233301639557 3.00911116600037 5.07469129562378 5.06159925460815 3.7506468296051 0.659925580024719 2.03047132492065
5.73679828643799 4.53696250915527 3.69063472747803 2.75899958610535 2.23772597312927 1.44214248657227 1.5396409034729 1.71987736225128 1.41891670227051 1.14521467685699 0.868928730487823 0.321054488420486 -0.409425407648087 -1.44757056236267 -2.65991425514221 -3.44080591201782 -3.79018521308899 -3.95253992080688 -4.09248971939087 -3.47264242172241 -4.3652606010437 0.386058896780014 11.2507724761963 13.0437965393066 9.56002044677734 3.36190271377563 0.372458636760712 -0.822728991508484 -1.72278928756714 -1.64646673202515 0.19718511402607 0.490402698516846 0.289642512798309 -0.84425413608551 -0.736559867858887 1.88903105258942 4.09201049804688 -0.826820373535156 -1.41492331027985 -0.324222147464752 2.38442301750183 3.63404583930969 1.02276360988617 -1.51739370822906 -1.57994568347931
6.22739171981812 3.49187231063843 3.24182915687561 3.30808448791504 3.02181482315063 2.44841361045837 2.2830708026886 1.68305325508118 1.38157558441162 1.20419216156006 0.781256794929504 0.134709253907204 -0.49266055226326 -1.406294465065 -2.43512177467346 -3.14198279380798 -3.62018370628357 -3.86935949325562 -4.02218770980835 -4.01225757598877 -4.33220911026001 -4.4591326713562 2.40048742294312 9.30071926116943 10.5604944229126 8.51008987426758 3.79510164260864 1.58223795890808 -0.438337296247482 -1.74105024337769 -1.77724123001099 -2.15373492240906 0.734147429466248 0.234502866864204 -0.584022641181946 -0.327456772327423 3.71177315711975 1.68703866004944 -1.65372049808502 -1.49979603290558 0.887333154678345 2.479896068573 -0.544898211956024 -2.54249215126038 -3.04891872406006
