slauniainen/Data/DEM/Vihti_dsm1500b_cl_horizonAngle_96.asc
NCOLS 196 
NROWS 178 
XLLCORNER 353680 
YLLCORNER 6699024 
CELLSIZE 16 
NODATA_value -3.4e+38 
[rows 100 to 119 of 178, columns 46 to 91 of 196]
12.3491582870483 12.9576797485352 14.8863849639893 -0.752817511558533 -0.446399450302124 1.80358755588531 40.2184219360352 7.64159917831421 0.839608013629913 3.73399567604065 3.92247438430786 4.11650657653809 4.30808734893799 4.57927656173706 4.8864164352417 5.22429990768433 5.62369346618652 9.22185230255127 10.0842351913452 11.1469440460205 12.3206539154053 13.6008138656616 15.1072216033936 16.9474582672119 19.2524337768555 22.1970672607422 25.856351852417 27.1848049163818 34.4112892150879 52.152214050293 33.5144157409668 0.476804494857788 -1.01754355430603 2.43274259567261 1.95389759540558 -0.393317848443985 0.105580814182758 1.31608068943024 1.5893235206604 1.96056652069092 2.34606170654297 4.3108057975769 4.29019021987915 4.92234182357788 6.28390026092529 5.43272590637207
2.41015601158142 3.96815896034241 7.86671686172485 -0.502456843852997 -0.395713031291962 0.333926856517792 2.45499324798584 2.60553956031799 2.674152135849 2.68144249916077 2.82219123840332 2.98150253295898 3.13911914825439 3.32131862640381 3.56002449989319 3.83699941635132 4.1685357093811 5.76325464248657 6.63899374008179 7.39420366287231 8.23298072814941 9.07579898834229 10.0243625640869 11.2276077270508 12.8641843795776 14.8339576721191 19.3256492614746 31.2794780731201 38.6672821044922 51.9137840270996 46.19482421875 -1.60002160072327 -1.1149400472641 -0.396421790122986 0.0482521206140518 2.23583602905273 0.800539493560791 0.888174951076508 1.4213832616806 1.62290477752686 6.08240127563477 20.4831829071045 1.47462439537048 8.03101825714111 10.8948602676392 15.4221677780151
0.341683566570282 3.16752934455872 4.99788427352905 -0.0940547063946724 0.01130988355726 0.355618804693222 0.688257932662964 2.5299665927887 2.67118692398071 2.79653525352478 2.93348121643066 3.01080513000488 3.14819884300232 3.4287269115448 3.65683770179749 3.92562341690063 4.24167251586914 4.63223314285278 4.94650077819824 5.56690883636475 6.28127002716064 6.97367286682129 7.71830224990845 8.59068965911865 9.64346599578857 11.1492490768433 16.1303234100342 21.1644268035889 28.667179107666 28.861026763916 22.5685367584229 10.4549999237061 -1.22003722190857 0.00680130021646619 0.903745830059052 1.68266046047211 6.82589817047119 24.6550579071045 2.327805519104 6.02992105484009 21.2614765167236 0.889995157718658 8.04747772216797 10.991849899292 15.9361944198608 29.3906860351562
23.454044342041 24.5745506286621 -0.912892937660217 -0.666857719421387 13.7497491836548 7.26815986633301 -1.91446208953857 0.664570391178131 0.699639141559601 1.3026750087738 2.82757878303528 2.95769381523132 3.17580723762512 3.36210703849792 3.52273201942444 3.76200342178345 4.08796834945679 4.47265434265137 5.08941173553467 5.69764995574951 6.35296154022217 7.01731157302856 7.7617826461792 8.61869144439697 9.6676082611084 10.9512958526611 12.9700317382812 16.5456981658936 22.6769409179688 37.509937286377 12.8157625198364 9.32008743286133 -0.92913556098938 -0.719273090362549 0.428321242332458 1.31355035305023 6.04426145553589 22.6045570373535 0.501005351543427 1.01859080791473 19.5811977386475 0.642095863819122 5.40108919143677 7.84931182861328 10.2018575668335 17.2102661132812
27.344165802002 29.9834175109863 0.672212839126587 1.38156187534332 2.50441193580627 3.32482004165649 4.30551290512085 2.02845120429993 2.05370759963989 1.5571197271347 0.722173094749451 0.823626041412354 0.877194881439209 0.923690378665924 0.967199385166168 1.05001986026764 1.23152923583984 1.44699382781982 1.9694356918335 5.39412784576416 5.93396615982056 6.4716796875 7.04994583129883 7.75922966003418 8.60911178588867 9.59448051452637 10.7672462463379 12.1001300811768 16.8133487701416 20.4413051605225 26.098108291626 36.9373512268066 -1.2321605682373 -0.50980269908905 4.07511472702026 7.05992937088013 14.3939590454102 34.8269577026367 -0.308135598897934 2.25754189491272 5.68176984786987 1.33551228046417 5.45880651473999 6.10320806503296 8.89953136444092 16.9705848693848
24.5308742523193 29.1095561981201 9.07288837432861 6.52000617980957 2.90054249763489 4.17016410827637 4.53608703613281 18.8117065429688 23.1288623809814 30.0987644195557 50.8688201904297 -1.31500065326691 2.56164693832397 2.70429372787476 2.85654997825623 3.09616613388062 3.41424632072449 3.78040361404419 3.08406782150269 1.83518409729004 2.04915618896484 2.2045955657959 2.40579152107239 2.68397188186646 3.17209100723267 3.32052135467529 3.26609420776367 3.78549337387085 5.40289115905762 15.0632133483887 18.733829498291 25.0584087371826 38.6821823120117 -0.466575562953949 2.28364539146423 4.99759960174561 11.2158641815186 28.8435764312744 1.81775748729706 10.7761297225952 25.0651111602783 -0.112209923565388 1.56124544143677 6.20619773864746 8.24679660797119 12.0345659255981
20.4362640380859 29.2413444519043 31.1035194396973 2.62044715881348 2.73743104934692 13.6051836013794 8.03744220733643 21.1559715270996 25.1569137573242 31.2147388458252 50.2001075744629 -0.405052542686462 1.25038623809814 5.06921720504761 4.66874599456787 5.06868886947632 5.52292680740356 5.4856333732605 5.85984802246094 4.33259057998657 4.73782253265381 5.2095251083374 5.77797937393188 6.49191761016846 7.14369964599609 7.63669204711914 8.65996170043945 10.2651319503784 7.55968570709229 2.78954148292542 3.08782696723938 4.30809831619263 4.97257328033447 0.639625430107117 0.971692442893982 1.2646598815918 3.12890195846558 12.399320602417 6.86615514755249 8.24184894561768 22.0945091247559 3.22167372703552 0.706766486167908 1.54711973667145 1.60253953933716 1.63341653347015
13.9060249328613 27.0810298919678 7.12455177307129 26.4266872406006 11.6147804260254 8.96630191802979 2.85852646827698 20.2348403930664 24.335563659668 29.7692584991455 47.258228302002 0.131200700998306 4.68719863891602 5.05007839202881 5.36982250213623 5.88081741333008 6.50052213668823 6.94314575195312 7.2954363822937 8.42172431945801 9.84554767608643 14.3328695297241 27.94069480896 10.1165342330933 12.4372100830078 12.7272281646729 15.0689611434937 14.7507314682007 11.694073677063 15.0860958099365 21.656229019165 37.7453079223633 0.0971692875027657 0.369230628013611 2.55036973953247 4.59643077850342 6.958909034729 17.2032108306885 9.27592945098877 1.04486083984375 1.14388811588287 3.92548632621765 1.21225368976593 1.65304136276245 2.11437726020813 1.67505180835724
8.806396484375 13.6571702957153 26.3838272094727 5.6264181137085 5.90373945236206 18.0378551483154 23.4885025024414 32.6643142700195 50.2082786560059 12.6384210586548 0.329293817281723 3.76277995109558 4.1546950340271 5.05912160873413 5.91019916534424 6.57252264022827 7.27117156982422 7.80397081375122 8.19726753234863 9.5610933303833 11.4072418212891 11.8892374038696 15.846245765686 15.1950454711914 17.9431304931641 23.3449668884277 32.696605682373 51.8565826416016 0.896556735038757 8.4418249130249 21.2684783935547 -0.667381048202515 -0.578703463077545 -0.0788395404815674 6.35170650482178 13.3720693588257 32.4601821899414 4.21998596191406 9.15677356719971 4.28353500366211 1.02525806427002 15.5918779373169 28.2869663238525 1.12678253650665 5.13957643508911 2.5841498374939
2.69938254356384 2.84637236595154 4.60377216339111 3.2201681137085 3.82400870323181 3.97374510765076 16.5182247161865 21.2534732818604 29.2113399505615 43.2022018432617 1.37506401538849 4.16379070281982 4.41745233535767 4.88617563247681 5.71612977981567 6.41074848175049 7.09101581573486 7.65847587585449 8.16957569122314 9.23970890045166 10.7502107620239 13.0446357727051 15.2816495895386 18.6410751342773 23.9468955993652 33.4209327697754 52.6868019104004 1.16062438488007 2.01923036575317 8.74618434906006 10.8820581436157 -0.791656613349915 -0.653321027755737 -0.610454797744751 13.3064212799072 23.2817859649658 44.8368721008301 1.77854144573212 13.1753664016724 5.08243083953857 8.48678016662598 0.355466574430466 0.363528490066528 1.14349365234375 1.89002323150635 4.18323469161987
3.33417892456055 3.58911538124084 3.81872391700745 4.04070568084717 4.25794506072998 4.49912595748901 4.772789478302 3.770183801651 4.05393266677856 4.53075075149536 3.7920389175415 3.80399751663208 4.53513765335083 5.27606582641602 5.76342535018921 6.34008646011353 6.97806406021118 7.62146425247192 8.36096286773682 9.23592662811279 10.709418296814 13.4093809127808 16.055082321167 20.5547370910645 28.9575252532959 47.107479095459 12.591254234314 2.90762376785278 2.03905034065247 3.91808986663818 8.78404998779297 -0.878661930561066 9.07767295837402 -0.640492498874664 -0.394237279891968 -0.119575574994087 0.0858225673437119 0.661057412624359 8.07744216918945 6.1584210395813 1.18219256401062 7.32342386245728 20.317102432251 0.107337445020676 0.197433516383171 0.803515672683716
4.15902280807495 4.4298677444458 4.74703884124756 5.05773258209229 5.37588596343994 4.15965843200684 4.16595363616943 5.14275407791138 5.4611029624939 5.74682188034058 5.91004323959351 5.99436473846436 6.40248870849609 7.3123779296875 8.40640258789062 9.72842502593994 11.4684114456177 7.51104640960693 8.7355842590332 10.2265110015869 9.57611751556396 13.6971883773804 15.8383417129517 26.7328014373779 25.9450054168701 11.278244972229 9.39853000640869 0.0307604372501373 7.35525465011597 10.1552104949951 15.800220489502 10.6945343017578 -0.455898284912109 -0.404877752065659 -0.0518036708235741 5.96826457977295 3.96006321907043 -0.0141516048461199 7.08732557296753 0.386373400688171 1.58992028236389 3.16485929489136 6.4250864982605 0.238947689533234 0.346502870321274 0.563417077064514
6.96910047531128 7.50079679489136 8.22855758666992 9.06872749328613 10.0480995178223 11.2261381149292 12.7151079177856 14.6259126663208 17.1527233123779 17.8689441680908 8.40814304351807 8.93935871124268 9.76521110534668 11.2002429962158 13.1282081604004 9.51381206512451 6.69107580184937 14.6400394439697 19.4552040100098 27.8439960479736 46.452465057373 2.50611853599548 32.3342018127441 17.5473766326904 4.02433395385742 10.5448398590088 2.67322611808777 3.21995043754578 3.66381502151489 22.5398178100586 5.71917867660522 -0.0622518919408321 3.50769996643066 1.38446116447449 0.0590254813432693 0.287556111812592 0.813130080699921 4.1048469543457 13.8817090988159 1.8984979391098 1.91332280635834 3.90756964683533 8.78849220275879 3.25090909004211 4.5826268196106 6.76786279678345
6.23592948913574 6.64614057540894 7.1488242149353 7.79195499420166 8.55810165405273 9.45482158660889 10.5576181411743 11.9335784912109 13.678897857666 21.3182010650635 27.1637859344482 36.6968650817871 55.4678001403809 5.28303718566895 0.383826196193695 16.5803756713867 21.5552272796631 30.8656921386719 50.2239265441895 2.07636523246765 4.58606100082397 7.37235164642334 18.7878189086914 7.66484975814819 8.51949024200439 12.2333612442017 14.1076717376709 0.699676215648651 22.6795959472656 6.01714372634888 -0.204369276762009 -0.0304071456193924 0.255225837230682 0.283804088830948 2.96230721473694 7.08620929718018 10.0404109954834 1.73559856414795 12.875093460083 15.7092027664185 0.434339493513107 3.93424963951111 3.95012903213501 8.249436378479 0.618843913078308 0.514200806617737
5.55879592895508 6.00081396102905 6.92856025695801 7.4260573387146 8.02152538299561 8.71206474304199 9.47753429412842 10.4518642425537 12.0123767852783 14.1152105331421 19.9432945251465 25.3595790863037 39.9716339111328 28.3281669616699 1.94522261619568 3.46999883651733 29.5541954040527 48.6596298217773 5.18787336349487 10.3459825515747 1.64484095573425 9.14907932281494 6.64028215408325 37.2121734619141 16.4099006652832 8.73786163330078 14.5988006591797 12.4112377166748 -0.374439805746078 -0.37118861079216 3.31158304214478 0.0295651853084564 0.280681818723679 0.312281638383865 3.02126908302307 4.35283517837524 8.97639656066895 16.0069580078125 6.20160913467407 2.85850811004639 2.09336805343628 0.901223540306091 0.648824512958527 0.798328101634979 6.31263637542725 0.831049799919128
5.79455137252808 6.10145616531372 6.42343664169312 6.82125186920166 6.9436469078064 7.57501125335693 8.28945827484131 9.21789932250977 10.4944887161255 13.1558856964111 17.5663166046143 24.1477336883545 40.481517791748 19.0511779785156 10.3665494918823 13.9235210418701 1.48208153247833 20.8672218322754 2.10924983024597 3.60978269577026 3.98448586463928 14.6481533050537 11.5978183746338 22.3247680664062 21.8633728027344 7.50009679794312 2.52716946601868 11.6374158859253 6.95373964309692 -0.00855050515383482 0.256040692329407 0.307204574346542 1.73954784870148 3.30968236923218 1.9964017868042 15.1079063415527 2.99053430557251 13.1724472045898 9.73587036132812 2.09773302078247 2.54067325592041 8.34787178039551 1.74135220050812 1.75971603393555 8.04686641693115 1.19035172462463
5.4831428527832 5.75187206268311 6.05877876281738 6.40582370758057 7.28062295913696 7.78194189071655 8.37355804443359 9.04478359222412 9.99243640899658 11.4629945755005 15.3149080276489 19.6538581848145 27.3851013183594 44.441234588623 9.66155433654785 4.75388860702515 4.31956148147583 8.01601791381836 14.2123126983643 4.91735410690308 9.04259204864502 19.4562129974365 40.1706962585449 16.7543601989746 8.6409273147583 8.92064571380615 12.257453918457 14.0507068634033 1.32282721996307 -0.0529972240328789 8.69686412811279 0.217864096164703 3.07429790496826 1.3590099811554 3.39151430130005 2.83906197547913 5.62776374816895 9.39145278930664 13.4157648086548 2.39449596405029 2.69655776023865 2.34755396842957 5.42791604995728 2.22869777679443 2.42615032196045 12.0852088928223
6.18842935562134 6.48758888244629 6.83802032470703 7.2399435043335 6.81060123443604 7.25679540634155 7.81753921508789 8.44149208068848 9.20043277740479 10.1289720535278 11.2342567443848 16.4779872894287 20.8260154724121 32.9482269287109 23.9811210632324 9.47385120391846 17.0901737213135 20.0646839141846 4.13769197463989 5.43330907821655 13.5598955154419 17.5171165466309 26.5668277740479 47.9673347473145 13.1801319122314 18.6957988739014 20.4368076324463 1.51289176940918 3.63153290748596 -0.0892776474356651 0.330518454313278 0.714877903461456 1.68533897399902 2.69763350486755 6.08132600784302 5.87412691116333 3.86963415145874 3.1067328453064 8.14490795135498 9.93650817871094 13.2228136062622 2.45705485343933 2.88137793540955 2.55619406700134 2.82071590423584 2.98143482208252
5.79672288894653 6.04598236083984 6.33240365982056 6.67594051361084 7.72285127639771 8.23112106323242 8.84044361114502 9.56863975524902 10.4195966720581 11.4740791320801 12.7343292236328 14.1826725006104 15.868577003479 20.9115467071533 36.1995849609375 13.1807641983032 25.5954933166504 12.3321437835693 2.28263735771179 1.97268176078796 17.7263240814209 23.8493022918701 34.3437805175781 54.4208679199219 8.30402755737305 15.8524293899536 23.4378986358643 29.6134243011475 0.29168701171875 0.509657442569733 0.764569282531738 0.878515481948853 1.81101024150848 2.6802613735199 2.13901376724243 6.25695419311523 20.2890644073486 10.5527744293213 2.31954789161682 2.80676078796387 2.49974727630615 2.71109652519226 2.86841702461243 2.90517950057983 2.95653748512268 3.41239500045776
5.60200166702271 5.84014463424683 6.10518503189087 6.41635942459106 6.77146768569946 7.51126909255981 8.00306129455566 8.60199737548828 9.28431129455566 10.1246023178101 11.1178407669067 12.1972513198853 13.3816165924072 17.9839973449707 31.3875770568848 18.6222515106201 37.611701965332 56.3242607116699 0.826391100883484 1.23152184486389 20.5769710540771 29.2855739593506 49.2593307495117 3.3291449546814 4.69797706604004 10.0573959350586 8.7567663192749 2.03457903862 1.39299368858337 4.79831314086914 1.54791390895844 5.92384195327759 1.36743760108948 3.97783708572388 6.24763488769531 9.98523426055908 14.9370813369751 2.56610727310181 2.58383226394653 2.82528233528137 2.85156774520874 2.98367977142334 3.05498290061951 2.81316709518433 2.96311736106873 3.56510496139526
