slauniainen/Data/DEM/Vihti_dem1500b_cl_horizonAngle_114.asc
NCOLS 196 
NROWS 178 
XLLCORNER 353680 
YLLCORNER 6699024 
CELLSIZE 16 
NODATA_value -3.4e+38 
[rows 80 to 99 of 178, columns 0 to 44 of 196]
0.341366529464722 0.398261904716492 0.411731362342834 0.440278977155685 0.392726898193359 0.43097186088562 0.928756058216095 0.534143924713135 1.00042545795441 1.01876556873322 1.23212647438049 0.525035619735718 0.259969919919968 0.302281200885773 0.323745429515839 0.35059455037117 0.524251461029053 0.680947661399841 0.756064593791962 0.820684373378754 0.881300926208496 0.945644617080688 1.16050791740417 1.72354960441589 2.64972543716431 1.83892452716827 1.96833348274231 2.07682967185974 2.62572073936462 2.75225758552551 2.84739971160889 3.09754300117493 2.08975267410278 1.25604808330536 0.33750593662262 0.500910997390747 0.525973439216614 0.528853833675385 0.474519610404968 0.495884478092194 0.441784650087357 0.376143872737885 0.487610697746277 0.522261619567871 0.575290083885193
0.323639094829559 0.40903577208519 0.459063917398453 0.494916081428528 0.468244254589081 0.794723510742188 0.49039825797081 0.580810546875 0.861836552619934 0.782909512519836 0.734164178371429 0.727225840091705 0.339650988578796 0.350922286510468 0.344885855913162 0.35364106297493 0.544111728668213 0.632272362709045 0.733587265014648 0.82401579618454 0.919645428657532 0.99935120344162 1.14346742630005 1.50103187561035 3.9224488735199 1.87190890312195 1.94233191013336 2.09822344779968 2.37047076225281 2.43546009063721 4.20226335525513 2.38605761528015 2.1952817440033 1.56569063663483 0.441320985555649 0.596950054168701 0.610513985157013 0.647946953773499 0.62089604139328 0.622257769107819 0.578466236591339 0.602470755577087 0.5888352394104 0.541039228439331 0.593396723270416
0.326728999614716 0.425480037927628 0.491562813520432 0.509547114372253 0.516651451587677 0.509821474552155 0.524843573570251 0.540788590908051 0.793603539466858 0.968770027160645 0.473883539438248 0.728468716144562 0.400554627180099 0.388111114501953 0.421949952840805 0.456352442502975 0.528814256191254 0.627673864364624 0.723386466503143 0.805991232395172 0.923318445682526 1.08188235759735 1.22751247882843 1.45197749137878 2.79256343841553 2.06683349609375 1.93623673915863 2.1192421913147 2.32300972938538 2.61510133743286 3.41361784934998 2.76998138427734 2.71889972686768 2.40000796318054 0.803846836090088 0.698102712631226 0.719867646694183 0.670958161354065 0.69878363609314 0.752326369285583 0.741839826107025 0.760573625564575 0.633667647838593 0.713426530361176 0.823127865791321
0.493534296751022 0.470281362533569 0.504618763923645 0.547771573066711 0.577309012413025 0.590339660644531 0.562368094921112 0.552993834018707 0.552878022193909 0.553864121437073 0.812546789646149 0.528367817401886 0.503446042537689 0.475365400314331 0.505287349224091 0.525597155094147 0.555757999420166 0.649103283882141 0.754333913326263 0.810001313686371 0.935005962848663 1.11493337154388 1.30109882354736 1.51463878154755 1.85546827316284 3.26443552970886 1.92921352386475 2.08007383346558 2.29947733879089 2.65565490722656 2.68002486228943 3.27950811386108 3.31361436843872 2.39857602119446 1.17414999008179 0.805452883243561 0.820607483386993 0.746195018291473 0.780205547809601 0.752029299736023 0.816465139389038 0.898906111717224 0.843007445335388 0.996543884277344 0.993192970752716
0.640570461750031 0.694674074649811 0.599524974822998 0.597640633583069 0.660999834537506 1.46486556529999 0.580198526382446 0.598965167999268 0.597172439098358 0.588735461235046 0.589322865009308 0.594903588294983 0.60333663225174 0.87995970249176 0.588304579257965 0.610017538070679 0.661626100540161 0.702119708061218 0.777027904987335 0.845675587654114 0.962978065013885 1.08915424346924 1.30716371536255 1.54162287712097 1.79002237319946 3.86210346221924 2.06444597244263 1.99332213401794 2.2314817905426 2.44401979446411 2.93483543395996 3.07715272903442 3.47594308853149 2.58572363853455 1.45642900466919 0.905345261096954 0.914590299129486 0.850591897964478 0.874315857887268 0.827331781387329 0.900205552577972 0.892861247062683 0.959459662437439 1.10123193264008 1.15578937530518
0.737908065319061 0.73687618970871 0.749022662639618 0.828874826431274 0.89648824930191 1.2148129940033 0.677789509296417 0.62004816532135 0.628329038619995 0.612500309944153 0.615176737308502 0.636889815330505 0.680298566818237 1.60146713256836 0.672198176383972 0.709748327732086 0.757532835006714 0.811948776245117 0.865340292453766 0.901960015296936 0.99604469537735 1.08289015293121 1.24594759941101 1.48429560661316 1.74759113788605 3.64934492111206 2.59176301956177 1.9362359046936 2.13368487358093 2.2998218536377 2.73082447052002 2.98159289360046 3.53609609603882 2.67798209190369 1.59881901741028 0.79300856590271 0.84520149230957 0.948672831058502 0.970044493675232 0.924285888671875 0.981928884983063 0.954922437667847 1.04260814189911 1.1531126499176 1.08858060836792
0.659294307231903 0.782626926898956 0.869359910488129 0.915799856185913 0.969345986843109 0.976873695850372 0.982247352600098 0.808909714221954 0.745571672916412 0.633460581302643 0.667339026927948 0.72222763299942 0.870113849639893 0.923132300376892 0.81890481710434 0.775991559028625 0.799190104007721 0.831734836101532 0.964932680130005 0.98608535528183 1.04291462898254 1.11936163902283 1.21214711666107 1.37652552127838 1.65573692321777 2.95495843887329 2.90276217460632 2.18782043457031 2.07119417190552 2.11457538604736 2.37792491912842 2.85654306411743 3.5956289768219 2.6060631275177 1.78088986873627 0.871901988983154 0.748877108097076 0.816148340702057 0.89064884185791 1.00725698471069 1.05514073371887 1.02338707447052 1.12549245357513 1.2353048324585 1.16812038421631
0.545842468738556 0.706866264343262 0.783199548721313 0.952523589134216 1.00309264659882 1.11487376689911 1.08980119228363 1.0390921831131 1.06084215641022 0.857557773590088 0.811000287532806 0.796452283859253 1.05256760120392 1.08977401256561 1.08230376243591 0.930021822452545 0.869667649269104 0.911604583263397 1.01130831241608 1.05488204956055 1.12795007228851 1.16401886940002 1.23095655441284 1.36453700065613 1.53389430046082 1.91168475151062 3.15727925300598 2.31120181083679 2.24527192115784 2.02403712272644 2.29562020301819 2.45190620422363 2.98770976066589 3.19042658805847 2.59198093414307 0.979913651943207 0.576198399066925 0.671497166156769 0.77473247051239 0.857658684253693 0.955637276172638 1.09875762462616 1.19075739383698 1.28724360466003 1.26553785800934
0.504574239253998 0.581593453884125 0.678238093852997 0.897241830825806 0.949606001377106 1.02845978736877 1.15463352203369 1.19025480747223 1.16214632987976 1.12340795993805 1.20009994506836 1.03853631019592 1.0557975769043 1.5085357427597 1.14144062995911 1.14007604122162 1.19622552394867 1.12621605396271 1.09652638435364 1.17522299289703 1.1475921869278 1.21667301654816 1.25964820384979 1.36609029769897 1.50512301921844 1.72850525379181 3.17168784141541 2.10514092445374 2.48971605300903 2.3560426235199 2.22350311279297 2.28301429748535 2.70234346389771 3.47316646575928 3.27178812026978 1.28779280185699 0.61003577709198 0.576429307460785 0.580230951309204 0.696805238723755 0.818941593170166 0.927527248859406 0.998410165309906 1.15713977813721 1.35687041282654
0.494698226451874 0.532575130462646 0.635345160961151 0.715531945228577 0.803440272808075 0.86453652381897 1.07056200504303 1.09312343597412 1.2381364107132 1.26991152763367 1.30896270275116 1.31743943691254 1.45046055316925 1.57565915584564 1.36683261394501 1.39231383800507 1.34956407546997 1.35804724693298 1.37207698822021 1.27831816673279 1.25697755813599 1.37238657474518 1.36471080780029 1.36913585662842 1.49744045734406 1.68675100803375 2.89941024780273 1.90671586990356 2.24498534202576 2.51296257972717 2.53318166732788 2.16771411895752 2.54506611824036 3.35087633132935 3.56559824943542 1.58399534225464 0.797400414943695 0.7711501121521 0.521373629570007 0.591866254806519 0.611064851284027 0.749688386917114 0.808277904987335 0.985400080680847 1.13607275485992
0.420934349298477 0.552140772342682 0.624767601490021 0.654786586761475 0.72747391462326 0.776056706905365 0.867277443408966 0.934864521026611 1.15541052818298 1.17565822601318 1.37996900081635 1.51777315139771 1.63057327270508 1.7691365480423 1.82098925113678 1.95454895496368 1.86649465560913 1.61976075172424 1.43396103382111 1.48329496383667 1.53767013549805 1.58719563484192 1.52694642543793 1.56929063796997 1.49692404270172 1.71035552024841 2.5199568271637 1.90485095977783 2.03330087661743 2.46023726463318 2.49114751815796 2.25543308258057 2.19812226295471 2.98273730278015 3.52318143844604 2.13575291633606 0.934833347797394 0.979381024837494 0.542492032051086 0.528472304344177 0.540726900100708 0.629738926887512 0.67604261636734 0.738278031349182 0.914356410503387
0.364812910556793 0.477253794670105 0.521758258342743 0.63959926366806 0.676508069038391 0.697820603847504 0.765410840511322 0.843165457248688 0.937913417816162 1.00177931785583 1.25847005844116 1.42200064659119 1.7180837392807 1.86128830909729 2.00711464881897 2.11355638504028 2.10094928741455 2.12481427192688 1.83174848556519 1.89869213104248 1.70748138427734 1.66617476940155 1.68758249282837 1.69855606555939 1.67674314975739 2.5002281665802 1.75839972496033 1.90967690944672 2.05217599868774 2.35300159454346 2.56269788742065 2.3111743927002 2.06299996376038 2.34374165534973 3.02987217903137 2.76199507713318 1.51439201831818 1.18851459026337 1.02396857738495 0.522337377071381 0.518215596675873 0.554219841957092 0.591439306735992 0.6308753490448 0.747239887714386
1.83401679992676 0.29867547750473 0.383788585662842 0.543781518936157 0.554014503955841 0.571392297744751 0.715127170085907 0.79797488451004 0.851828098297119 0.928964734077454 1.00850069522858 1.20402848720551 1.62308394908905 1.78224170207977 1.9144207239151 2.18491792678833 2.30581331253052 2.29721117019653 2.27122211456299 2.39594507217407 2.16412568092346 2.2193238735199 2.31960821151733 2.04503726959229 2.0241870880127 2.284743309021 2.23547863960266 1.81742441654205 1.99302744865417 2.30483269691467 2.53619456291199 2.37659382820129 2.03074789047241 1.84436070919037 2.13406133651733 2.64575862884521 2.23365092277527 1.86682212352753 1.35590815544128 0.570439755916595 0.57133549451828 0.541418194770813 0.564827144145966 0.56706565618515 0.629568338394165
3.44329118728638 0.174957439303398 0.222808256745338 0.396860182285309 0.46316596865654 0.490421622991562 0.641373932361603 0.690973103046417 0.826983213424683 0.880520105361938 0.941584706306458 1.08548307418823 1.35732734203339 1.57311415672302 1.69687473773956 2.0965461730957 2.21015334129333 2.43829607963562 2.45943570137024 2.59369659423828 2.6292552947998 2.74840307235718 2.86667060852051 2.58665490150452 2.62032842636108 2.22457575798035 2.09272122383118 2.16042995452881 2.24448084831238 2.0479211807251 2.46228265762329 2.32599902153015 2.09433650970459 1.86811852455139 1.71592974662781 2.01625871658325 2.45201516151428 2.15663766860962 1.591188788414 0.854680120944977 0.623387157917023 0.592288792133331 0.604770004749298 0.609243452548981 0.588307201862335
4.73023557662964 0.215750992298126 0.130228400230408 0.23846173286438 0.350943267345428 0.409103393554688 0.508547067642212 0.573699116706848 0.726399421691895 0.77118980884552 0.94287496805191 1.03806519508362 1.2285635471344 1.44550561904907 1.58716070652008 1.8242883682251 1.95693397521973 2.36678457260132 2.43931245803833 2.75343418121338 2.93579912185669 3.00307011604309 3.10388398170471 3.10652828216553 3.16156077384949 2.73635268211365 2.85763072967529 2.46693229675293 2.42201948165894 3.25626564025879 2.08770751953125 2.23490595817566 2.19596385955811 2.02013349533081 1.71209192276001 1.6735292673111 1.89117968082428 2.23448300361633 1.96240627765656 1.20563733577728 0.722623229026794 0.722294926643372 0.648331642150879 0.65964263677597 0.623602092266083
4.84562110900879 0.748095452785492 0.115621276199818 0.170395374298096 0.264835923910141 0.338799268007278 0.410015910863876 0.492641448974609 0.636380434036255 0.718397736549377 0.875308215618134 0.952269494533539 1.18807590007782 1.35199010372162 1.50310575962067 1.69901931285858 1.83928525447845 2.06117177009583 2.18057250976562 2.7660129070282 4.05170392990112 2.93110752105713 3.17419862747192 3.26266527175903 3.38268494606018 3.4128315448761 3.5980110168457 3.09151864051819 3.23171544075012 2.6417510509491 2.79267239570618 2.42328476905823 2.09274530410767 2.15895652770996 1.7653728723526 1.59014642238617 1.54331648349762 1.88442516326904 1.86263287067413 1.38650357723236 0.997390329837799 1.01485776901245 0.952805519104004 0.761681318283081 0.660038948059082
3.523113489151 2.19728684425354 0.127446398139 0.167425379157066 0.233914375305176 0.331394284963608 0.390109837055206 0.484268814325333 0.581388056278229 0.680093288421631 0.810326874256134 0.905340313911438 1.09353446960449 1.21266090869904 1.33774650096893 1.63224732875824 1.74763906002045 1.91028714179993 2.08239197731018 2.69371175765991 2.462895154953 2.89754247665405 3.0065598487854 3.16645979881287 3.43828845024109 3.65704798698425 3.8380126953125 3.89932060241699 4.08646202087402 3.40580463409424 3.43770837783813 3.52858901023865 2.92581582069397 2.29581499099731 1.93605947494507 1.72425329685211 1.71742105484009 1.7488819360733 1.56991016864777 1.47998678684235 1.32760119438171 1.33756124973297 1.2056782245636 1.07000172138214 0.924227714538574
3.12716674804688 1.78086256980896 0.137760505080223 0.162857189774513 0.230518653988838 0.330584347248077 0.385738790035248 0.43269881606102 0.521730303764343 0.640592396259308 0.71294116973877 0.816651582717896 0.97283923625946 1.06679773330688 1.15067398548126 1.45214986801147 1.58638405799866 1.87768864631653 2.07293272018433 2.33518123626709 2.3539035320282 2.5461528301239 2.6437075138092 2.72722268104553 3.29965090751648 3.51272511482239 3.83494544029236 4.14013624191284 4.35217237472534 4.37888669967651 4.52457189559937 4.73230648040771 3.84925198554993 3.96089339256287 2.83712458610535 2.40384483337402 1.94723343849182 1.86961936950684 1.93777215480804 2.05818271636963 1.92173135280609 1.46010553836823 1.28759920597076 1.34190094470978 1.26154255867004
4.33090305328369 4.00704908370972 2.80748796463013 1.92255938053131 0.215514168143272 0.298775166273117 0.378182798624039 0.466532230377197 0.534900903701782 0.566017925739288 0.662991106510162 0.770172536373138 0.902215242385864 0.988373458385468 1.07487618923187 1.29158890247345 1.4301723241806 1.71865773200989 1.83233463764191 2.52731919288635 2.19277739524841 2.38057971000671 2.48772406578064 2.56606602668762 2.87181997299194 2.96907329559326 3.63417792320251 3.94131302833557 4.2978663444519 4.6877179145813 4.89619207382202 5.12687683105469 5.21193170547485 5.49138164520264 4.40062475204468 4.69985103607178 3.00901126861572 2.82085919380188 2.14494943618774 1.91372334957123 1.76901006698608 1.88062989711761 1.44799292087555 1.70918142795563 1.43775582313538
3.7832727432251 5.46953296661377 6.37965393066406 5.1712851524353 1.04815697669983 0.110704094171524 0.246307656168938 0.427021771669388 0.544147491455078 0.593558192253113 0.650978863239288 0.758140206336975 0.854220986366272 0.937187373638153 1.01481974124908 1.16199004650116 1.27981197834015 1.51607882976532 1.67188036441803 2.00857329368591 2.0381133556366 2.32982301712036 2.41777014732361 2.49099349975586 2.68563961982727 2.74552869796753 3.1150758266449 3.28103303909302 4.03890180587769 4.44808292388916 4.7749171257019 4.99025964736938 5.65300846099854 6.00098752975464 6.29291486740112 6.88937997817993 5.51897764205933 6.68505048751831 3.27641582489014 1.72769641876221 1.7995833158493 1.98363137245178 1.96508824825287 2.53303527832031 1.62175452709198
