slauniainen/Data/DEM/Vihti_dem1500b_cl_horizonAngle_54.asc
NCOLS 196 
NROWS 178 
XLLCORNER 353680 
YLLCORNER 6699024 
CELLSIZE 16 
NODATA_value -3.4e+38 
[rows 20 to 39 of 178, columns 90 to 134 of 196]
-0.892906427383423 -0.823198437690735 -0.202999964356422 -0.0655579566955566 -0.13701756298542 -0.141847208142281 -0.526651382446289 -0.663844585418701 -0.630366206169128 -0.594267427921295 -0.539067804813385 -0.472063452005386 -0.410107403993607 -0.33949488401413 -0.2777079641819 -0.250894367694855 -0.219419553875923 -0.192717254161835 -0.153335571289062 -0.0778751820325851 -0.10735397040844 -0.0495358370244503 0.00234712148085237 0.492676079273224 0.745236158370972 0.841382443904877 0.963895440101624 1.00431275367737 0.935561835765839 1.00665926933289 1.05549728870392 1.07710134983063 1.10542285442352 1.09387028217316 1.04459130764008 1.0723614692688 1.02228450775146 0.853552043437958 0.736861228942871 0.582454741001129 0.62389999628067 0.650742650032043 0.750422060489655 0.876508057117462 0.970492005348206
-0.905684232711792 -0.824847459793091 -0.517252564430237 0.0596850775182247 0.157195806503296 -0.031953115016222 -0.202159613370895 -0.604246973991394 -0.614358246326447 -0.575492858886719 -0.516875863075256 -0.440914809703827 -0.373723149299622 -0.298459470272064 -0.271727561950684 -0.241496130824089 -0.219069376587868 -0.196920245885849 -0.16484309732914 -0.145470708608627 -0.0606718808412552 0.246381402015686 0.428796142339706 0.677123069763184 0.843342661857605 0.878473281860352 0.905513167381287 0.843837261199951 0.921215057373047 0.951690375804901 0.993121445178986 1.03082096576691 1.02810835838318 0.984344780445099 0.910719454288483 0.771123468875885 0.683961749076843 0.891466677188873 0.571448624134064 0.601893186569214 0.551884889602661 0.562455892562866 0.629961967468262 0.708945572376251 0.794643700122833
-0.898199200630188 -0.829829931259155 -0.575831115245819 -0.314895242452621 0.238120824098587 0.228268459439278 -0.0412260815501213 -0.538521647453308 -0.592710018157959 -0.535151898860931 -0.484603077173233 -0.41367381811142 -0.355693697929382 -0.302599310874939 -0.26596537232399 -0.238930597901344 -0.212350085377693 -0.192237094044685 -0.18146775662899 -0.124419137835503 0.321060717105865 0.583091020584106 0.68257600069046 0.771569788455963 0.790969848632812 0.73634797334671 0.787781178951263 0.85084080696106 0.877369940280914 0.919090688228607 0.927217185497284 0.87776917219162 0.891656637191772 0.839377880096436 0.70696884393692 0.616054773330688 0.571025133132935 0.578508973121643 0.575248718261719 0.534699201583862 0.491945952177048 0.527600884437561 0.563160538673401 0.631004273891449 0.692073225975037
-0.872654914855957 -0.81908655166626 -0.694555938243866 -0.45495480298996 -0.296395510435104 0.142001762986183 -0.101413369178772 -0.620707333087921 -0.57862651348114 -0.520724296569824 -0.459645658731461 -0.403202265501022 -0.352178156375885 -0.307599484920502 -0.274909198284149 -0.247434303164482 -0.223182633519173 -0.213243082165718 -0.152139350771904 0.240170776844025 0.486313730478287 0.639741599559784 0.692728698253632 0.736907303333282 0.703485250473022 0.75750333070755 0.785524487495422 0.802440702915192 0.841390788555145 0.856712162494659 0.822698414325714 0.758412063121796 0.622624695301056 0.532709658145905 0.503694117069244 0.525424242019653 0.570126056671143 0.476901233196259 0.493573993444443 0.463445097208023 0.472890645265579 0.49718052148819 0.549106359481812 0.610812604427338 0.624631524085999
-0.619864344596863 -0.804882884025574 -0.731829106807709 -0.62925511598587 -0.582414746284485 -0.399310916662216 -0.205888077616692 -0.613529205322266 -0.567058145999908 -0.502149522304535 -0.446838587522507 -0.401806533336639 -0.36269673705101 -0.324046701192856 -0.292643189430237 -0.269148737192154 -0.234394103288651 0.0191427823156118 0.177750512957573 0.403481721878052 0.54179847240448 0.584391593933105 0.552140951156616 0.629807829856873 0.69714492559433 0.714154362678528 0.730093777179718 0.766678988933563 0.779207468032837 0.75480979681015 0.694997310638428 0.575278341770172 0.48500981926918 0.470777451992035 0.491814196109772 0.527722537517548 0.450811296701431 0.416574895381927 0.432848125696182 0.418844968080521 0.424185425043106 0.449450582265854 0.510798275470734 0.553876996040344 0.561155438423157
-0.032030388712883 -0.773801803588867 -0.755314469337463 -0.72240424156189 -0.687349081039429 -0.656016945838928 -0.539661347866058 -0.597703158855438 -0.550614297389984 -0.500047445297241 -0.476840049028397 -0.44274228811264 -0.404912263154984 -0.361975848674774 -0.333860367536545 -0.255053758621216 0.0736940577626228 0.304425716400146 0.392009049654007 0.462050557136536 0.497208148241043 0.499087423086166 0.536878824234009 0.607602715492249 0.6389000415802 0.661339998245239 0.659114837646484 0.646149039268494 0.650590479373932 0.618898034095764 0.51434725522995 0.429115414619446 0.382889956235886 0.434229105710983 0.488583236932755 0.435177147388458 0.380974143743515 0.386711299419403 0.378993600606918 0.391063094139099 0.377821713685989 0.379748433828354 0.422070741653442 0.477821916341782 0.51436722278595
0.0310644544661045 -0.235715687274933 -0.744937896728516 -0.720371186733246 -0.694411814212799 -0.665175080299377 -0.628976702690125 -0.592426478862762 -0.564186096191406 -0.542352557182312 -0.523158013820648 -0.499123156070709 -0.458066195249557 -0.414422035217285 -0.312747061252594 -0.0159231703728437 0.214726015925407 0.343244791030884 0.379164397716522 0.415292590856552 0.444566249847412 0.496946066617966 0.525577902793884 0.548938989639282 0.580175220966339 0.591765224933624 0.577206075191498 0.506035089492798 0.424085527658463 0.35497921705246 0.311298042535782 0.29840886592865 0.304040163755417 0.293060213327408 0.388350158929825 0.346304893493652 0.349388092756271 0.338741302490234 0.339002639055252 0.322518795728683 0.319976627826691 0.318096220493317 0.335893362760544 0.388272315263748 0.45125749707222
-0.41237935423851 -0.276709139347076 -0.563112080097198 -0.719212889671326 -0.699269354343414 -0.670388042926788 -0.643148243427277 -0.630962610244751 -0.606250107288361 -0.582196533679962 -0.555791556835175 -0.53443717956543 -0.490051299333572 -0.256527543067932 -0.114816769957542 0.110948398709297 0.239299789071083 0.286737531423569 0.336985647678375 0.367055535316467 0.429226964712143 0.449903577566147 0.456064939498901 0.496364027261734 0.511666178703308 0.500684022903442 0.451175689697266 0.360185027122498 0.274806052446365 0.265378206968307 0.244825303554535 0.246546238660812 0.230403423309326 0.181832015514374 0.229420349001884 0.270656228065491 0.290764719247818 0.300009489059448 0.278823018074036 0.260464370250702 0.22596475481987 0.196385592222214 0.209454923868179 0.262880951166153 0.383707463741302
-0.750200748443604 -0.601050078868866 -0.509430170059204 -0.68372368812561 -0.702231824398041 -0.679934144020081 -0.681715488433838 -0.66551947593689 -0.641402781009674 -0.62323671579361 -0.590479850769043 -0.546888589859009 -0.253697991371155 -0.0385656245052814 0.0540017820894718 0.118409007787704 0.188130035996437 0.252119839191437 0.323194742202759 0.348095387220383 0.36928403377533 0.38310706615448 0.396199911832809 0.380914032459259 0.378971815109253 0.367712527513504 0.289850234985352 0.235396042466164 0.199876859784126 0.200827494263649 0.179793059825897 0.169001251459122 0.133338838815689 0.0774475932121277 0.115390591323376 0.156510382890701 0.205365121364594 0.232235625386238 0.312489926815033 0.204690515995026 0.123549155890942 0.0716518610715866 0.0766325071454048 0.137227207422256 0.260638982057571
-0.777018249034882 -0.765276312828064 -0.722335934638977 -0.681772768497467 -0.631894290447235 -0.704530775547028 -0.70042884349823 -0.688016653060913 -0.678277552127838 -0.644278764724731 -0.433089733123779 -0.324948132038116 -0.129933431744576 -0.0210943482816219 0.0181475728750229 0.0870204120874405 0.146298423409462 0.221349403262138 0.253232955932617 0.26443412899971 0.302929013967514 0.316352397203445 0.293327301740646 0.234179556369781 0.1652662307024 0.119331084191799 0.115930713713169 0.118949189782143 0.138091534376144 0.117050424218178 0.081938624382019 0.056978564709425 0.0197195168584585 -0.0200560670346022 -0.0100582502782345 0.0567785203456879 0.102894149720669 0.321079075336456 1.00390458106995 1.3617627620697 0.646530568599701 0.0213100034743547 0.00029519249801524 0.0423404350876808 0.150605127215385
-0.602044880390167 -0.772973120212555 -0.74907511472702 -0.642895400524139 -0.493847966194153 -0.543694198131561 -0.708624660968781 -0.710084199905396 -0.677591621875763 -0.402638852596283 -0.218247711658478 -0.149320587515831 -0.106838598847389 -0.0608771666884422 0.00227877032011747 0.0525338314473629 0.112067379057407 0.149277195334435 0.160566955804825 0.181984543800354 0.185003146529198 0.16925273835659 0.126942381262779 0.0651945993304253 0.0239039398729801 0.0306655764579773 0.0357286632061005 0.0293592382222414 0.0384337827563286 0.0252449922263622 -0.0306752324104309 -0.0614064447581768 -0.120637230575085 -0.140195608139038 -0.108760066330433 -0.045759167522192 0.00563817657530308 0.487723648548126 0.949744701385498 1.52722644805908 1.44589996337891 0.653262257575989 -0.00835799891501665 0.00603900151327252 0.0660576820373535
0.0472728312015533 -0.715082883834839 -0.7621169090271 -0.742681443691254 -0.569191217422485 -0.469779789447784 -0.396389186382294 -0.667188167572021 -0.427832722663879 -0.271632969379425 -0.194602265954018 -0.158417150378227 -0.137789219617844 -0.146202728152275 -0.0228545535355806 0.0318399779498577 0.0546201430261135 0.066171370446682 0.0711647272109985 0.0746346935629845 0.0372184850275517 -0.043232686817646 -0.112457893788815 -0.11634735763073 -0.0870915576815605 -0.0614813379943371 -0.0603601858019829 -0.0871933847665787 -0.0945584997534752 -0.0990467891097069 -0.132732212543488 -0.193428337574005 -0.209134936332703 -0.209340319037437 -0.179351717233658 -0.141832754015923 -0.0665317252278328 0.309918165206909 0.909880042076111 1.24864423274994 1.45888340473175 1.11529147624969 1.0071052312851 0.0278092548251152 0.0489385612308979
0.102524191141129 -0.283953487873077 -0.728178918361664 -0.780731201171875 -0.767554104328156 -0.643652856349945 -0.425198256969452 -0.433343172073364 -0.289786249399185 -0.239637196063995 -0.216943174600601 -0.237839832901955 -0.331210374832153 -0.266861349344254 -0.134447485208511 -0.0476845726370811 -0.00726491864770651 0.00573917850852013 -0.0280215796083212 -0.0739761888980865 -0.130853176116943 -0.176275372505188 -0.20543298125267 -0.192845046520233 -0.178171247243881 -0.179796531796455 -0.193203911185265 -0.21520559489727 -0.227639317512512 -0.237845674157143 -0.250304251909256 -0.264527052640915 -0.277135968208313 -0.262046933174133 -0.237054720520973 -0.207267060875893 -0.127307862043381 0.249671891331673 0.52807343006134 0.713456273078918 0.87277489900589 0.90750527381897 0.831466436386108 0.516007661819458 0.0205048806965351
0.000928584253415465 0.114038549363613 -0.134003862738609 -0.706818342208862 -0.796314656734467 -0.747543573379517 -0.459434688091278 -0.31279993057251 -0.26094987988472 -0.249526470899582 -0.290018558502197 -0.432747930288315 -0.491917222738266 -0.464945167303085 -0.374703913927078 -0.251120388507843 -0.160772979259491 -0.12878705561161 -0.1486736536026 -0.222201853990555 -0.25617241859436 -0.272504031658173 -0.274124652147293 -0.279263198375702 -0.280883252620697 -0.303134977817535 -0.330968469381332 -0.358270734548569 -0.366031676530838 -0.349445700645447 -0.330641448497772 -0.308056145906448 -0.306876182556152 -0.305670380592346 -0.291708439588547 -0.263185113668442 -0.0936131924390793 0.0700520500540733 0.173876956105232 0.41363999247551 0.493599504232407 0.436844646930695 0.319807976484299 -0.0781150832772255 -0.0458896905183792
-0.0807440131902695 0.150185942649841 0.220617085695267 -0.345027685165405 -0.828960180282593 -0.719537556171417 -0.385570555925369 -0.295827120542526 -0.281189143657684 -0.314302176237106 -0.462832361459732 -0.610947728157043 -0.659577608108521 -0.649043798446655 -0.6052485704422 -0.53107225894928 -0.439304381608963 -0.382964015007019 -0.376789540052414 -0.393291801214218 -0.386397629976273 -0.369144976139069 -0.383479118347168 -0.40302574634552 -0.413459092378616 -0.43635755777359 -0.459415018558502 -0.476382523775101 -0.488780617713928 -0.456832826137543 -0.421125590801239 -0.378551065921783 -0.371104717254639 -0.36811038851738 -0.350028246641159 -0.325944840908051 -0.272010326385498 -0.135033071041107 -0.0190874636173248 0.0843227207660675 0.169207885861397 0.0678232759237289 -0.107845269143581 -0.12117026001215 -0.111030727624893
-0.0615172162652016 0.0693749859929085 0.0394464954733849 -0.172209098935127 -0.614332675933838 -0.669796407222748 -0.580588161945343 -0.483996212482452 -0.563382744789124 -0.620489776134491 -0.690299153327942 -0.757605314254761 -0.773980319499969 -0.766444444656372 -0.740718245506287 -0.708646059036255 -0.665408074855804 -0.616275906562805 -0.59229451417923 -0.577160775661469 -0.529634058475494 -0.482789784669876 -0.496470659971237 -0.519097149372101 -0.539013087749481 -0.601546049118042 -0.600037276744843 -0.590254724025726 -0.562163054943085 -0.529366970062256 -0.50036746263504 -0.46768593788147 -0.441050559282303 -0.421643614768982 -0.415651232004166 -0.356277108192444 -0.323102980852127 -0.289859771728516 -0.253151953220367 -0.19826640188694 -0.150581687688828 -0.132147893309593 -0.140307024121284 -0.156545400619507 -0.16869044303894
-0.00968904327601194 -0.0370395109057426 -0.28802365064621 -0.546467483043671 -0.417091906070709 -0.431441426277161 -0.821691870689392 -0.82683926820755 -0.812452733516693 -0.834038734436035 -0.845031142234802 -0.847399652004242 -0.840834200382233 -0.840775191783905 -0.828073918819427 -0.800857424736023 -0.790006279945374 -0.766471087932587 -0.741412401199341 -0.718774795532227 -0.677864909172058 -0.615836679935455 -0.610989391803741 -0.638916194438934 -0.685599327087402 -0.68671190738678 -0.689393162727356 -0.682220697402954 -0.657828390598297 -0.623731851577759 -0.57985919713974 -0.551879465579987 -0.514087378978729 -0.482621371746063 -0.458431094884872 -0.433825701475143 -0.377621829509735 -0.336589932441711 -0.303103148937225 -0.26007467508316 -0.22882679104805 -0.19519904255867 -0.191820859909058 -0.216238766908646 -0.209463894367218
-0.265359371900558 -0.0754596441984177 -0.428435891866684 -0.793346285820007 -0.657243847846985 -0.607815027236938 -0.776346683502197 -0.913478434085846 -0.927712380886078 -0.922113299369812 -0.909902095794678 -0.779192984104156 -0.828911304473877 -0.883014321327209 -0.886701345443726 -0.868987858295441 -0.862101316452026 -0.849111676216125 -0.825985133647919 -0.813036620616913 -0.799890458583832 -0.772368371486664 -0.807571768760681 -0.792795062065125 -0.792286098003387 -0.796957015991211 -0.797394216060638 -0.790785789489746 -0.763118326663971 -0.732174098491669 -0.684171319007874 -0.640317022800446 -0.597819209098816 -0.536285161972046 -0.496069878339767 -0.447577655315399 -0.46265497803688 -0.390171587467194 -0.373251438140869 -0.32824495434761 -0.310348749160767 -0.280971229076385 -0.272743940353394 -0.288076788187027 -0.279684841632843
-0.563327014446259 -0.3860102891922 -0.45613294839859 -0.724892377853394 -0.850923836231232 -0.87423700094223 -0.731495261192322 -0.766964793205261 -0.973455786705017 -0.966006338596344 -0.953153133392334 -0.931692123413086 -0.588579535484314 -0.774581432342529 -0.911619305610657 -0.918326258659363 -0.908742487430573 -0.919341206550598 -0.899873554706573 -0.888099133968353 -0.805615901947021 -0.899590909481049 -0.901127219200134 -0.897569298744202 -0.89998060464859 -0.895970463752747 -0.893158137798309 -0.889760196208954 -0.868221700191498 -0.842147827148438 -0.789167165756226 -0.750255405902863 -0.707030296325684 -0.633141279220581 -0.551488220691681 -0.515524744987488 -0.521126270294189 -0.465223550796509 -0.433540344238281 -0.405327558517456 -0.400820583105087 -0.377008050680161 -0.379619210958481 -0.375653117895126 -0.367817223072052
-0.687253773212433 -0.645430386066437 -0.629121065139771 -0.618321478366852 -0.857966065406799 -0.980751872062683 -0.671720504760742 -0.797272503376007 -1.00819361209869 -1.00086402893066 -0.980066180229187 -0.96716970205307 -0.70664119720459 -0.389981031417847 -0.467140823602676 -0.87813001871109 -0.946536898612976 -0.960852921009064 -0.948716044425964 -0.815150320529938 -0.4939945936203 -0.694730222225189 -0.959960103034973 -0.963790118694305 -0.964381814002991 -0.954592525959015 -0.953034818172455 -0.953186452388763 -0.945842206478119 -0.921135663986206 -0.86961430311203 -0.839148819446564 -0.805645883083344 -0.731378376483917 -0.663013279438019 -0.590568661689758 -0.624534547328949 -0.630573451519012 -0.625245273113251 -0.534690678119659 -0.519254267215729 -0.570514142513275 -0.50815737247467 -0.479575604200363 -0.463537037372589
