slauniainen/Data/DEM/Vihti_dsm1500b_cl_horizonAngle_66.asc
NCOLS 196 
NROWS 178 
XLLCORNER 353680 
YLLCORNER 6699024 
CELLSIZE 16 
NODATA_value -3.4e+38 
[rows 60 to 79 of 178, columns 0 to 44 of 196]
-0.676132261753082 0.943329453468323 1.2256543636322 1.70538365840912 1.73515927791595 1.62014198303223 2.0862877368927 5.27627801895142 5.39771032333374 5.61656761169434 5.90367364883423 6.37584733963013 6.37787866592407 10.1838655471802 12.6177806854248 17.4096393585205 18.7292881011963 24.6521873474121 32.6494941711426 37.1725082397461 50.2526512145996 -0.880423963069916 4.34310007095337 5.52595138549805 5.44250440597534 0.00728060118854046 0.381696194410324 1.38803827762604 2.04010534286499 2.60418033599854 3.01882886886597 3.26665782928467 4.29694366455078 4.8027548789978 8.29904556274414 11.5855550765991 15.6437406539917 14.0424461364746 15.5431146621704 16.4594802856445 18.43727684021 42.7160606384277 14.807822227478 51.8938179016113 9.06226634979248
2.14379858970642 -0.0140552902594209 1.59685301780701 1.23776042461395 1.17131352424622 4.67925405502319 4.92738342285156 4.9453296661377 5.09070253372192 4.9979248046875 7.59208822250366 7.89331102371216 8.45007610321045 11.2869281768799 12.9024438858032 15.5988960266113 18.497257232666 21.458044052124 21.4153709411621 28.0183944702148 9.38904762268066 11.7535943984985 6.21108436584473 6.78084993362427 8.28391170501709 0.0255162734538317 0.16861866414547 1.27479457855225 2.09416127204895 2.58382415771484 3.37980985641479 3.78101348876953 4.43876791000366 6.94329929351807 10.482029914856 11.4315280914307 12.4747695922852 12.2293157577515 13.6398630142212 18.5560493469238 24.829122543335 26.0808181762695 33.4883728027344 27.0532264709473 -0.537456929683685
27.8067989349365 -0.920142829418182 0.905703246593475 4.03632354736328 4.25993299484253 4.33651685714722 4.48685550689697 4.41293954849243 6.54079294204712 6.87403297424316 8.30122375488281 8.810791015625 9.55382823944092 10.9643964767456 13.2576656341553 14.905387878418 13.8188095092773 16.2541103363037 4.95857286453247 5.1905460357666 6.21349334716797 7.62549066543579 6.4896411895752 7.76439046859741 6.08105087280273 51.7672996520996 -1.77376365661621 0.482734322547913 1.89337801933289 2.63948559761047 2.68129706382751 4.06538963317871 8.40917587280273 9.31411170959473 8.83066558837891 9.70172214508057 10.6728029251099 12.9664077758789 14.6055326461792 17.3488121032715 20.2851982116699 23.2049045562744 37.6808624267578 10.8533725738525 17.2118358612061
3.5180881023407 3.65317749977112 3.71185064315796 3.64286351203918 3.80405807495117 3.86152791976929 35.9642639160156 3.14617562294006 7.28691864013672 7.55848121643066 8.11345291137695 9.73168182373047 10.3051347732544 11.0289764404297 9.21878528594971 10.8045978546143 3.94623804092407 4.72411680221558 4.41290664672852 4.95564126968384 5.38120603561401 6.32261991500854 5.33573293685913 25.6053466796875 49.4853210449219 3.52931904792786 17.7106590270996 -1.88646948337555 1.09709465503693 2.9736328125 6.5575122833252 17.4569263458252 5.20502901077271 7.73967456817627 9.18404769897461 10.1533918380737 11.2606983184814 12.991774559021 14.6599435806274 15.7795038223267 17.8082504272461 21.6055908203125 16.9483470916748 17.0690250396729 9.64722919464111
3.29700613021851 3.35732269287109 3.42870140075684 3.70908069610596 12.9087009429932 41.5972213745117 3.01439452171326 38.3199577331543 3.79751682281494 8.37174129486084 8.90435600280762 7.34424877166748 7.59130811691284 8.0924243927002 6.06149435043335 2.67181301116943 3.50534629821777 3.90755724906921 3.97227692604065 4.48599767684937 4.35119485855103 16.7060089111328 22.6970310211182 30.4340476989746 31.0884437561035 25.9157295227051 23.6545352935791 -1.11431205272675 4.88781690597534 5.60818147659302 6.31613063812256 6.04651594161987 7.20402050018311 8.03564739227295 9.03822994232178 10.0728130340576 11.2355079650879 12.2994890213013 12.7735166549683 12.3169584274292 12.2778253555298 10.407096862793 9.15120124816895 11.6274042129517 13.4310121536255
3.21364426612854 4.39521265029907 7.93129205703735 15.76256275177 21.4798545837402 39.6606063842773 3.07852506637573 4.70906639099121 4.84031915664673 6.46232795715332 6.83811330795288 4.06963157653809 5.18786668777466 6.75241708755493 3.71197819709778 2.15886473655701 2.58174085617065 3.06865429878235 3.16843748092651 12.0895280838013 14.2561511993408 17.3230819702148 18.6669979095459 22.1136932373047 32.7432746887207 17.7542171478271 3.11620593070984 9.97915649414062 1.70130896568298 4.81885528564453 5.61399030685425 6.36790895462036 7.16601371765137 8.08091831207275 8.93313503265381 8.71560287475586 9.74206924438477 9.12614250183105 9.62808609008789 7.57202339172363 7.36874485015869 9.00824737548828 10.0840940475464 11.4755821228027 13.3319120407104
6.26933002471924 10.2331323623657 11.5816631317139 15.1190881729126 20.3171081542969 17.4111957550049 35.8926048278809 7.53245210647583 2.55859971046448 3.08833456039429 3.90481400489807 5.06885194778442 5.79420375823975 5.16351699829102 4.00207567214966 3.27792882919312 8.03047657012939 8.7033748626709 10.0130405426025 11.349289894104 13.1549434661865 15.0736417770386 14.9138259887695 18.2491722106934 13.4612045288086 28.1244163513184 10.5722894668579 2.88254976272583 4.40655946731567 5.3060131072998 5.72320222854614 6.51185321807861 7.20236301422119 6.76781415939331 6.49246692657471 7.06639003753662 5.5690393447876 5.79503631591797 6.629807472229 7.25939035415649 7.97883462905884 8.77743530273438 9.84948539733887 9.47005939483643 10.373685836792
8.66356563568115 9.74249649047852 11.27099609375 9.42078590393066 13.0382919311523 17.5372943878174 20.0449771881104 1.96803367137909 2.94812512397766 3.79977750778198 4.23253870010376 4.66036987304688 4.21254825592041 3.27996325492859 7.25725078582764 7.6074161529541 7.42363595962524 8.59834098815918 9.39153385162354 10.9452638626099 10.2938280105591 12.0046367645264 8.79882717132568 10.0700435638428 14.4570388793945 23.1462287902832 3.45488977432251 4.89797163009644 5.11926174163818 5.62783575057983 5.97826099395752 5.27822542190552 5.12024354934692 5.61271715164185 4.4526424407959 4.64027166366577 5.4792914390564 5.9460391998291 6.30870485305786 6.95689964294434 7.72486305236816 7.618821144104 8.32719612121582 9.23752689361572 11.6845607757568
8.37431526184082 7.19810152053833 8.71520709991455 9.84843921661377 11.0248641967773 4.44448566436768 2.40574193000793 2.47454881668091 2.93794941902161 3.38349199295044 3.02750635147095 3.58643078804016 6.57876253128052 6.72217845916748 6.20207834243774 7.43525552749634 8.10024929046631 6.98423385620117 7.51340007781982 8.64021301269531 5.94783020019531 6.97868680953979 8.27426147460938 7.55820846557617 10.7764749526978 4.52004146575928 4.9879298210144 5.2329888343811 5.48543930053711 27.9449462890625 2.64287734031677 4.70062112808228 3.57355785369873 3.70061540603638 4.42307758331299 4.88640022277832 5.14464950561523 5.60736465454102 5.72908449172974 6.26716995239258 6.79546499252319 7.47209787368774 8.76049041748047 9.89601516723633 10.6461944580078
7.03913879394531 7.75344467163086 8.31873416900635 3.3375678062439 2.35073804855347 2.38479256629944 2.37839984893799 2.38170886039734 2.25181674957275 2.20916795730591 5.94377517700195 6.12221336364746 5.55536270141602 6.42969083786011 6.94882917404175 5.88861036300659 6.42487335205078 4.34876298904419 4.62080049514771 5.4091362953186 6.18479204177856 5.01452589035034 5.8472580909729 4.01119327545166 4.47296667098999 4.8110466003418 4.14942312240601 10.8325481414795 15.2253494262695 4.29173612594604 3.23539042472839 3.22944974899292 3.71114540100098 3.97592306137085 4.1699481010437 4.56795883178711 4.75411415100098 5.14946317672729 5.55834674835205 6.24028301239014 7.01326656341553 7.75484609603882 8.31233978271484 7.96850299835205 9.04630088806152
7.12307214736938 3.54947280883789 2.99874258041382 2.97227430343628 2.41666650772095 2.36072015762329 2.81081104278564 5.13863801956177 5.19246006011963 5.294762134552 4.96471309661865 5.92872953414917 6.00157594680786 5.0710186958313 5.66894769668579 3.20531702041626 3.93612575531006 4.24330425262451 3.25351119041443 3.62743377685547 3.67861723899841 3.72033143043518 4.05328845977783 11.1805047988892 3.04599380493164 6.62843370437622 8.10326862335205 2.9001579284668 2.91717171669006 3.27115416526794 3.39017629623413 3.52046179771423 3.58296012878418 3.80194973945618 3.99857044219971 4.39863348007202 4.70296192169189 5.23047924041748 5.72728872299194 6.13487768173218 5.86808443069458 6.54627132415771 6.98584270477295 9.48465251922607 10.7804670333862
4.03745317459106 3.92270731925964 3.07927799224854 3.85141491889954 2.63053131103516 4.89656162261963 4.97643613815308 4.53357887268066 6.02019691467285 5.10889720916748 5.24978494644165 4.42843437194824 4.86999607086182 2.97525644302368 3.55309367179871 3.67814087867737 2.81775212287903 3.00955200195312 3.14115977287292 3.32027196884155 3.68271279335022 3.86500358581543 5.07649850845337 4.63117027282715 5.54013967514038 2.67275261878967 2.69182205200195 3.00788331031799 3.14009404182434 3.12653517723083 3.23872470855713 3.39459919929504 3.57739496231079 3.78759431838989 4.02396774291992 4.35299444198608 4.80070972442627 4.94705486297607 4.65223217010498 5.05147123336792 6.5385422706604 7.34648752212524 8.18151950836182 8.81125259399414 10.0413875579834
3.86204791069031 4.62868165969849 3.02079653739929 4.72720623016357 4.78079986572266 4.31541204452515 4.95951318740845 5.10348796844482 4.6241626739502 4.37161540985107 3.9160327911377 2.68089556694031 3.02523684501648 3.34153127670288 2.69332718849182 2.85447406768799 2.96373295783997 3.16298460960388 3.28136610984802 3.47585368156433 2.93505096435547 2.98208808898926 3.88928866386414 2.44419860839844 2.4833288192749 2.77664828300476 2.88682770729065 2.86999917030334 3.00458669662476 3.14599132537842 38.961254119873 1.03381752967834 1.68108201026917 2.33527612686157 3.32913446426392 4.19132232666016 3.87446331977844 4.07020425796509 5.1379222869873 5.65038347244263 5.99049043655396 6.67802143096924 7.64014530181885 7.63722372055054 8.90566253662109
3.57894015312195 4.6607027053833 4.65281343460083 4.20280313491821 4.83125162124634 4.84237575531006 3.91805100440979 4.64680910110474 4.96742248535156 2.78185176849365 2.44601202011108 2.65012955665588 2.44082617759705 2.67109370231628 2.76310038566589 3.016197681427 3.16002774238586 2.47963118553162 2.58247685432434 2.54025053977966 2.65623784065247 2.08017301559448 2.2448410987854 2.55080533027649 2.6726245880127 2.67659831047058 2.80256986618042 2.9460608959198 37.6567001342773 2.68691778182983 2.49876689910889 2.0817186832428 2.51584386825562 2.79198098182678 3.39795875549316 3.52302289009094 4.22790670394897 4.54435873031616 4.7013692855835 5.19251203536987 5.55973291397095 6.07955026626587 6.91667938232422 7.54003953933716 7.17223215103149
4.50395202636719 5.37371253967285 4.65272521972656 4.63877820968628 3.88614940643311 4.03358936309814 4.24932909011841 3.53859281539917 3.67960405349731 2.41934394836426 2.24701690673828 2.37306833267212 2.49081683158875 2.75433921813965 2.90268206596375 2.4229142665863 2.31324148178101 2.4185905456543 1.79316747188568 1.78234958648682 2.01257610321045 2.24464678764343 2.4118173122406 2.43869018554688 2.58731198310852 2.80527782440186 14.8666706085205 33.4647026062012 27.7013854980469 0.336037129163742 1.09860491752625 3.45487332344055 2.64406681060791 2.89080452919006 3.53496623039246 3.80967378616333 3.8381016254425 4.16113042831421 4.51826238632202 4.91983366012573 5.30738925933838 5.27621459960938 5.64636564254761 6.91905117034912 7.44306659698486
4.47856140136719 4.62199831008911 3.80510520935059 3.80347871780396 3.59219360351562 3.2464714050293 3.33601880073547 3.51561808586121 3.28624963760376 2.9034161567688 2.33833193778992 2.48524379730225 2.61196231842041 2.0695161819458 2.09023451805115 2.26802372932434 1.72358083724976 1.74523341655731 1.91966366767883 1.92332410812378 2.00722169876099 2.16535997390747 2.36912703514099 2.51876926422119 8.61433887481689 11.9994945526123 20.423038482666 35.5436706542969 3.75461363792419 0.985357761383057 19.3319549560547 1.13607454299927 9.78728294372559 2.52218961715698 3.15273666381836 3.39891362190247 3.75150561332703 4.06335401535034 4.24074792861938 4.37592792510986 4.59549188613892 5.72113943099976 6.15969800949097 6.03482580184937 6.5180835723877
3.62722826004028 3.71106958389282 3.4238805770874 2.91436839103699 2.931809425354 3.06924819946289 3.0302848815918 3.21399807929993 3.44371104240417 2.47285723686218 2.5370831489563 2.00567889213562 1.89516341686249 1.9314945936203 1.51526296138763 1.59944713115692 1.80888640880585 1.88038885593414 1.83897745609283 1.96148037910461 2.15209937095642 4.35397815704346 5.60107612609863 6.82109546661377 12.620979309082 14.5171041488647 17.4780883789062 18.3159618377686 13.3754549026489 26.135534286499 18.4208545684814 0.617678642272949 12.5571756362915 2.28021359443665 3.11992764472961 3.33439230918884 3.41051173210144 3.66513872146606 3.80550646781921 4.80628681182861 5.16364622116089 4.84961462020874 5.15705060958862 5.5400595664978 5.08801603317261
2.41475033760071 2.48396420478821 2.82047271728516 2.34420800209045 2.6734721660614 2.85778760910034 3.11404705047607 3.12195920944214 2.05562019348145 2.00280833244324 1.88952827453613 1.92315101623535 1.3899827003479 1.42599451541901 1.63375639915466 1.7527369260788 1.71904039382935 1.76225078105927 2.00039315223694 3.80998992919922 4.23069620132446 4.74630308151245 8.14584159851074 9.8458890914917 10.0283489227295 9.99874019622803 8.36993598937988 10.1004400253296 15.3979015350342 15.6147327423096 10.905647277832 3.12202668190002 22.1922054290771 0.738615393638611 2.81513285636902 2.92923736572266 3.7302930355072 4.01664113998413 4.33501672744751 4.08788871765137 4.36489152908325 4.66835165023804 4.21052265167236 4.54183483123779 4.0302586555481
2.00188994407654 2.23459935188293 2.30122923851013 2.30426692962646 2.41321468353271 2.44812417030334 1.96208572387695 1.86731553077698 1.88278913497925 2.05269956588745 1.34448432922363 1.49217557907104 1.53014433383942 1.57001090049744 1.57804548740387 1.64524984359741 1.75837707519531 3.02119612693787 3.43897128105164 5.5515398979187 6.16367959976196 6.85108375549316 6.06917333602905 7.36013126373291 6.43868589401245 7.00097227096558 9.74955463409424 11.3657064437866 13.1879663467407 6.12934446334839 14.8817739486694 19.6294345855713 26.8160266876221 4.20357847213745 1.74218332767487 16.0183696746826 2.28927898406982 3.43197226524353 3.68639636039734 3.47421479225159 3.60463666915894 3.65630888938904 2.97583293914795 3.07295823097229 3.76726508140564
1.65227782726288 2.15221333503723 2.33659911155701 2.36260151863098 1.90279102325439 1.81060683727264 1.83732461929321 1.56353163719177 1.7999324798584 1.46997845172882 1.47393000125885 1.43358385562897 1.44760406017303 1.5636157989502 1.64600920677185 2.29866766929626 2.62193250656128 4.56425905227661 4.96800088882446 3.85064697265625 4.24200534820557 4.72488212585449 4.71379280090332 5.7896614074707 7.3548641204834 8.13773155212402 5.7928786277771 7.08271551132202 9.9876823425293 11.6126585006714 41.6515769958496 1.01515185832977 14.6679544448853 4.55296325683594 6.13445472717285 22.1014919281006 2.02291989326477 2.78698396682739 3.02098417282104 2.91170644760132 2.309086561203 2.53185820579529 3.25835728645325 3.43120098114014 3.50691723823547
