slauniainen/Data/DEM/Vihti_dsm1500b_cl_horizonAngle_294.asc
NCOLS 196 
NROWS 178 
XLLCORNER 353680 
YLLCORNER 6699024 
CELLSIZE 16 
NODATA_value -3.4e+38 
[rows 20 to 39 of 178, columns 135 to 179 of 196]
4.323570728302 4.10773372650146 3.89277410507202 15.8203048706055 3.11363744735718 2.70077610015869 3.36016082763672 24.4781761169434 5.14635801315308 4.74745178222656 5.12087631225586 4.66913270950317 4.29126405715942 2.78970718383789 2.61664223670959 1.7656717300415 1.30753016471863 1.97400510311127 1.91571998596191 1.32442092895508 1.23771345615387 2.30073928833008 2.07940411567688 0.939872324466705 1.13299059867859 1.07451748847961 1.0107946395874 0.959740221500397 1.4438568353653 1.40315341949463 2.37372446060181 2.30917596817017 1.95081520080566 1.98509788513184 1.99428117275238 1.95131456851959 1.90434241294861 1.63112032413483 1.8285745382309 1.79211974143982 1.53440868854523 1.33369743824005 1.51622974872589 1.45436310768127 3.30639791488647
4.05835819244385 3.9911196231842 3.82520985603333 13.716362953186 3.55480217933655 2.93076062202454 18.5458679199219 12.923942565918 11.5098867416382 8.18903064727783 3.45352077484131 3.56196856498718 3.25220036506653 3.78097701072693 3.52285838127136 2.39339089393616 2.25946569442749 1.54287791252136 1.48236095905304 1.81973004341125 1.7576150894165 1.682461977005 0.984639763832092 1.98173725605011 1.88914823532104 1.80253291130066 0.99393230676651 0.942581236362457 0.901355504989624 0.858929574489594 1.34413135051727 1.30966126918793 2.22391128540039 2.16897487640381 1.84001779556274 1.87298059463501 1.83176612854004 1.84552800655365 1.80397295951843 1.67809164524078 1.73394978046417 1.69924461841583 1.45079410076141 1.24710285663605 1.26303005218506
3.57801985740662 3.52368855476379 15.4475040435791 3.45638799667358 2.67453908920288 1.18364036083221 17.5237045288086 8.54045581817627 6.17381954193115 6.54822540283203 5.78583002090454 4.80937623977661 2.57517099380493 2.37169170379639 2.61310243606567 3.17269396781921 2.98177456855774 2.08137941360474 1.99148011207581 1.90547466278076 1.31642019748688 0.720946490764618 1.60628998279572 1.51370251178741 1.65176498889923 1.06972467899323 1.69698750972748 1.61981427669525 0.711995005607605 0.847435772418976 0.815532207489014 0.781017065048218 1.26337885856628 1.23175489902496 2.09503126144409 2.04699492454529 2.00125288963318 1.70010590553284 1.73159646987915 1.74944186210632 1.71186757087708 1.58851730823517 1.64715695381165 1.5967059135437 1.36900508403778
4.10907602310181 3.43722939491272 3.23227977752686 14.9266109466553 5.82350301742554 4.00398778915405 7.71484565734863 8.01501083374023 5.70080137252808 4.32701301574707 3.63173675537109 4.29873323440552 3.79131436347961 3.33788681030273 2.78979969024658 1.87819874286652 2.19529914855957 2.74254465103149 2.60363793373108 1.4598548412323 1.74988579750061 1.66260540485382 0.975219428539276 2.34909844398499 1.44290459156036 2.14848017692566 0.809855163097382 0.774216890335083 1.5364670753479 1.47716999053955 0.668763816356659 0.771047830581665 0.74174040555954 0.712531924247742 1.18888795375824 1.16157746315002 1.13501799106598 1.93576383590698 1.89564478397369 1.61088037490845 1.63812851905823 1.65684986114502 1.61225986480713 1.47261095046997 1.35326361656189
4.92070341110229 3.31702923774719 2.7802209854126 2.60107636451721 16.0872669219971 5.43367767333984 3.40537810325623 2.0027449131012 3.85374450683594 4.02100086212158 3.31667804718018 2.9503448009491 2.81708478927612 3.3752715587616 2.91615915298462 2.68509697914124 2.39804172515869 1.60135793685913 1.88112688064575 2.38582634925842 2.22256398200989 2.16160488128662 1.07674491405487 1.04763996601105 1.58493173122406 7.22495651245117 1.53605020046234 2.14694428443909 0.731217682361603 0.707469344139099 1.40069949626923 1.34798407554626 0.627811431884766 0.703989326953888 0.677825212478638 0.6534823179245 0.667835474014282 1.09859943389893 1.07483565807343 1.83349478244781 1.78759098052979 1.51547205448151 1.52757740020752 1.49869453907013 1.45280802249908
9.08962154388428 2.1324610710144 2.39718055725098 1.95179057121277 10.5385494232178 7.52785730361938 5.30352640151978 3.24157571792603 2.41601085662842 1.31365537643433 2.56756496429443 2.64744663238525 2.26049709320068 2.03461956977844 1.97815823554993 2.00993132591248 2.40843081474304 2.24166297912598 1.93515157699585 1.33880937099457 1.58740270137787 1.53772449493408 2.01423120498657 1.9442892074585 1.01712560653687 6.95186853408813 3.19706177711487 0.618196427822113 1.05493092536926 8.24011325836182 1.21314704418182 0.580343186855316 1.22924470901489 0.851076304912567 11.4762086868286 0.635069191455841 0.626934587955475 0.601244747638702 0.578530550003052 1.03124725818634 1.00336825847626 1.72011840343475 1.67567503452301 1.0312511920929 0.792910099029541
20.5913906097412 6.30928421020508 9.61815071105957 4.53322219848633 4.6570782661438 4.79821062088013 3.2457389831543 3.76651382446289 3.09097504615784 2.25912570953369 1.90325677394867 1.71550512313843 1.88851773738861 1.95677542686462 1.88888132572174 1.66568303108215 1.58439087867737 1.66620278358459 2.06267881393433 1.88185882568359 1.75205552577972 1.16835045814514 1.08990919589996 1.36877906322479 1.82840466499329 1.77186250686646 5.11374425888062 1.73195469379425 1.19080758094788 2.09023547172546 2.97831201553345 2.17337131500244 1.12101197242737 -0.110823146998882 4.97793674468994 0.600807964801788 10.5751638412476 6.73295783996582 0.56545090675354 0.545632064342499 0.527139186859131 0.954408288002014 0.934298157691956 1.3200010061264 0.751216530799866
1.99230051040649 5.07731199264526 18.7767181396484 5.52332353591919 3.08546233177185 2.30043816566467 2.33325099945068 2.40636515617371 1.9720276594162 2.49032711982727 2.20082879066467 1.78710699081421 1.60054504871368 1.41903865337372 0.933681130409241 1.39403140544891 1.47355556488037 1.45574641227722 1.3019779920578 1.42260813713074 1.70881247520447 1.67006504535675 1.51299607753754 1.43158221244812 0.983559310436249 1.2531920671463 1.67408013343811 1.62655246257782 0.279668718576431 9.47617244720459 6.71260786056519 0.941265165805817 -0.165885627269745 0.783023118972778 0.758777618408203 1.86257362365723 2.13208889961243 13.8727426528931 5.37617063522339 1.94970440864563 0.502549588680267 0.483420461416245 0.624281883239746 0.570418059825897 0.543765246868134
3.61575269699097 1.3307032585144 19.4007987976074 8.47587203979492 6.15026521682739 3.92016077041626 1.89536249637604 1.52534139156342 1.64707720279694 1.75682318210602 1.62706625461578 1.86569690704346 1.7029994726181 1.60147881507874 1.31765604019165 1.24856221675873 0.843101620674133 1.18554520606995 1.22893464565277 1.17753255367279 1.12322282791138 1.24224388599396 1.49465370178223 1.44841241836548 1.41681659221649 1.31480550765991 0.930167973041534 1.13872265815735 1.32288539409637 0.866806268692017 11.6553869247437 5.32385969161987 0.572602331638336 0.158586144447327 13.1602907180786 0.234872549772263 34.3036880493164 6.88890981674194 5.92674350738525 4.18362283706665 3.04133176803589 1.04183089733124 1.31399357318878 0.47051203250885 0.471908956766129
4.2275071144104 4.02377080917358 1.9124664068222 8.82127571105957 6.16199684143066 4.56057071685791 4.00294876098633 3.00824546813965 2.77475619316101 1.30007255077362 1.41491425037384 1.50304353237152 1.41111719608307 1.28527915477753 1.39668869972229 1.27236640453339 1.12591755390167 1.05196213722229 0.750528156757355 1.05565321445465 1.09896767139435 0.998822391033173 0.98325514793396 0.941556751728058 1.06612598896027 1.26966309547424 1.21959590911865 1.19690084457397 0.701026141643524 0.348939806222916 13.3107805252075 3.31113719940186 5.66250705718994 2.45545649528503 -0.162318423390388 35.5162124633789 7.3603515625 17.2514877319336 12.444896697998 3.55187916755676 3.00764036178589 2.65322518348694 2.22252464294434 1.0868729352951 0.463615268468857
3.25954723358154 4.80562210083008 3.81815123558044 1.9943060874939 1.00084733963013 4.45510864257812 3.62720537185669 3.3823766708374 3.10370182991028 2.87337160110474 2.33732318878174 1.18626737594604 1.22145140171051 1.31892168521881 1.23671936988831 1.13963520526886 1.20816028118134 1.12261819839478 1.01399946212769 0.961997330188751 0.923005938529968 0.921573877334595 0.960507929325104 0.917545676231384 0.869950711727142 0.849726378917694 0.97032618522644 1.14229547977448 1.54746747016907 1.02243876457214 0.37167888879776 6.35872793197632 4.65041971206665 2.10245442390442 4.85557889938354 4.55514144897461 18.7023754119873 13.5083284378052 4.20676851272583 8.85984230041504 7.37732410430908 2.3948290348053 2.18601393699646 2.00095820426941 1.80187296867371
1.35579895973206 3.51590061187744 4.12873697280884 3.45393490791321 1.89999353885651 1.13831770420074 0.677131593227386 2.99686288833618 2.653000831604 2.41869616508484 2.64376854896545 2.45412945747375 2.00937461853027 1.23592257499695 1.0967663526535 1.17213785648346 1.11172235012054 1.06314432621002 1.05714130401611 1.00347030162811 0.913381695747375 0.873250603675842 0.835339426994324 0.616207420825958 0.793663144111633 0.831449270248413 0.777761399745941 -0.021470258012414 12.8422527313232 7.39719009399414 0.976719081401825 0.272168934345245 3.78673458099365 13.3282928466797 4.50558948516846 3.94017457962036 2.92481064796448 2.31305241584778 9.9017858505249 8.23261070251465 3.06635236740112 5.9482307434082 5.28667545318604 1.93694591522217 1.76424562931061
0.950265407562256 1.82232177257538 3.3660147190094 3.4603590965271 2.79498910903931 2.00725603103638 1.36549890041351 0.996195197105408 0.791669249534607 2.2506103515625 2.15365481376648 2.05461168289185 2.2237241268158 2.08947539329529 1.76487684249878 1.11717402935028 0.933318853378296 0.937070071697235 1.00410509109497 0.960488975048065 0.933206677436829 0.880091965198517 0.833017468452454 0.781196534633636 0.752657055854797 0.566607892513275 0.692505240440369 -0.0742197483778 -0.0296292416751385 7.15974760055542 13.4629163742065 1.0713586807251 0.743525505065918 2.41927027702332 15.876916885376 5.46203804016113 2.78097033500671 2.35353446006775 2.01983761787415 1.94367802143097 6.69546318054199 5.87297916412354 2.45798635482788 4.555495262146 4.13364458084106
0.87068647146225 1.33450055122375 2.08908438682556 3.28281688690186 3.55824995040894 2.27106618881226 1.85345864295959 1.43492543697357 1.17720115184784 0.976068913936615 0.731144666671753 0.544164538383484 1.74882912635803 1.73641860485077 1.92306327819824 1.8224390745163 1.55382370948792 1.48304808139801 0.853340268135071 0.848692893981934 0.903294622898102 0.854822993278503 0.805090010166168 0.772862136363983 0.735707461833954 0.701879978179932 0.518328726291656 -0.0494046062231064 -0.0777988582849503 7.30688190460205 3.89031100273132 -0.529976844787598 10.5687246322632 6.36913442611694 20.7161540985107 6.92198085784912 5.13307285308838 3.42236256599426 2.19988059997559 2.03554201126099 1.64721202850342 1.63620758056641 5.05887413024902 4.59352445602417 4.19113492965698
0.638568937778473 1.5772385597229 1.91396737098694 3.33353233337402 3.3937714099884 2.5378749370575 1.93889272212982 1.69832050800323 1.43258607387543 1.30962514877319 1.08975839614868 0.882552444934845 0.639879643917084 0.417782843112946 1.48324584960938 1.49967873096466 1.6898946762085 1.60953462123871 1.53770267963409 1.33730781078339 0.783067524433136 0.766872107982635 0.818807125091553 0.788701117038727 0.746293842792511 0.706594944000244 0.666549742221832 0.222562924027443 7.41171169281006 2.14743852615356 7.73886871337891 7.148362159729 -0.521481573581696 8.54686641693115 14.3658227920532 15.4673080444336 6.9538745880127 3.67754530906677 3.10037183761597 2.42804718017578 1.77662193775177 1.64401173591614 1.40166759490967 1.43317139148712 1.35301768779755
0.829086124897003 1.63251972198486 2.3894259929657 3.11157202720642 3.46298599243164 2.53503799438477 1.92641639709473 1.55286753177643 1.44139766693115 1.33175718784332 1.28063941001892 1.1624847650528 0.912220776081085 0.745874226093292 0.564655542373657 0.381297677755356 1.27788424491882 1.31875944137573 1.44670343399048 1.44507467746735 1.372025847435 1.16375339031219 0.81149834394455 0.70046079158783 0.740654289722443 0.708682656288147 0.690528571605682 0.65927791595459 0.416696310043335 3.10620403289795 -0.0547725930809975 -0.0827162936329842 22.6497707366943 3.85655117034912 11.1913766860962 7.59809970855713 11.8579912185669 5.25117063522339 4.13011026382446 2.46095299720764 2.22332310676575 2.04024362564087 1.70873248577118 1.43555045127869 1.2180507183075
0.454363495111465 1.32366001605988 2.97479486465454 3.01588201522827 2.96716547012329 2.91190481185913 1.87372362613678 1.66667652130127 1.48361778259277 1.30806863307953 1.25024974346161 1.16523873806 1.07030689716339 0.990325331687927 0.779537379741669 0.64538586139679 0.577061176300049 0.468321472406387 1.12159442901611 1.14909732341766 1.30338895320892 1.23523366451263 1.21695017814636 1.09866261482239 0.748597502708435 0.644485771656036 0.616114735603333 0.654145181179047 0.630857050418854 0.603982329368591 0.398990660905838 1.6496467590332 3.58094954490662 2.98764562606812 4.91580486297607 6.18274450302124 6.07454013824463 12.012414932251 5.68077850341797 3.71263408660889 2.89436984062195 1.80628764629364 1.79227817058563 1.69551467895508 1.41171109676361
0.39872533082962 1.22594106197357 2.67026734352112 2.92148303985596 2.80192565917969 2.81804704666138 1.98217666149139 1.94681060314178 1.77906107902527 1.34886276721954 1.24103713035583 1.14389312267303 1.06651592254639 1.00213420391083 0.911115169525146 0.859507858753204 0.710880696773529 0.653843343257904 0.540291607379913 0.411996990442276 0.239661574363708 0.916572749614716 0.997821688652039 1.16754627227783 1.13744425773621 1.00528907775879 0.974185764789581 0.599810540676117 0.572287917137146 0.603925824165344 0.590170383453369 0.573536932468414 2.07518768310547 2.1407413482666 6.29194641113281 7.24424314498901 5.20629358291626 3.84239768981934 5.87612676620483 5.16016387939453 4.04449415206909 3.60426950454712 2.62014842033386 2.02689456939697 1.51545906066895
0.464551955461502 1.33534705638885 2.44683384895325 2.42485308647156 2.26608538627625 2.54841017723083 2.5362491607666 2.7837188243866 2.39831686019897 1.35947906970978 1.29456377029419 1.20300436019897 1.01767516136169 0.963456451892853 0.922852516174316 0.870743811130524 0.798497140407562 0.754692375659943 0.716369032859802 0.568205595016479 0.462016671895981 0.349587649106979 0.214570909738541 0.83191704750061 0.942265510559082 1.0946558713913 1.06487131118774 1.0066967010498 0.904913306236267 0.562003970146179 0.547974050045013 0.567594766616821 0.555105149745941 0.540905356407166 1.07430779933929 1.3670243024826 3.351402759552 3.84940457344055 3.17645311355591 2.28783702850342 4.40501594543457 3.99601006507874 3.65444231033325 2.99304795265198 2.16787242889404
1.03117895126343 1.16508328914642 2.33719563484192 2.0709536075592 2.36003828048706 2.50280499458313 2.74422311782837 3.43324589729309 2.51867508888245 2.04297232627869 1.68093252182007 1.30065882205963 1.07472610473633 0.98005336523056 0.875386238098145 0.832111358642578 0.794998466968536 0.737936794757843 0.703291475772858 0.651184141635895 0.623542904853821 0.501746118068695 0.415400505065918 0.322269588708878 0.225675776600838 0.764093518257141 0.885027348995209 1.02435791492462 0.995928287506104 0.939401745796204 0.845292568206787 0.604528069496155 0.521238565444946 0.537883877754211 0.523521184921265 0.515203058719635 0.839333713054657 0.848171651363373 2.55804896354675 2.67681550979614 2.41436910629272 2.1887526512146 1.82253158092499 3.2520318031311 3.00357675552368
