slauniainen/Data/DEM/Vihti_dsm1500b_cl_horizonAngle_120.asc
NCOLS 196 
NROWS 178 
XLLCORNER 353680 
YLLCORNER 6699024 
CELLSIZE 16 
NODATA_value -3.4e+38 
[rows 0 to 19 of 178, columns 92 to 137 of 196]
-4.14544010162354 -4.27304697036743 -3.91604924201965 -3.83057975769043 -3.76681756973267 -3.14141726493835 -1.24313938617706 -1.01794612407684 1.68270909786224 16.2631664276123 29.5523281097412 8.79786205291748 -0.8874272108078 0.594054460525513 0.731919467449188 0.743472039699554 0.887457132339478 1.3867039680481 1.43171036243439 1.38058018684387 2.76689720153809 2.95724987983704 1.15569651126862 1.06359720230103 1.18844699859619 1.5871776342392 2.11669254302979 2.43850111961365 1.63308811187744 4.91620302200317 6.09716653823853 9.04343509674072 14.0750703811646 14.6323432922363 7.0225191116333 8.25151920318604 10.9472379684448 11.3355207443237 14.4013452529907 17.6803741455078 13.0537729263306 16.0564842224121 23.9032115936279 34.9998168945312 36.4814834594727 6.41774797439575
-3.73711562156677 -4.05032348632812 -4.09061193466187 0.826604962348938 -3.3764853477478 -3.06081867218018 -1.11516726016998 -0.761769950389862 1.68723154067993 8.8292179107666 19.0536861419678 -1.03894126415253 17.4910640716553 13.2551565170288 8.09144687652588 0.820724964141846 0.851889133453369 0.869804322719574 0.987463474273682 1.51719415187836 1.51124715805054 1.5831583738327 3.28419589996338 3.47148013114929 0.458065330982208 1.39339172840118 1.92454588413239 2.21884894371033 3.18963050842285 3.95314383506775 2.20467662811279 9.75645923614502 15.1455106735229 6.05056571960449 6.49131631851196 8.77909660339355 11.3814449310303 14.2031536102295 17.4442672729492 17.6566486358643 27.2069110870361 39.1370315551758 24.9084720611572 36.1624603271484 -1.13493871688843 -1.22297167778015
-3.62617659568787 -3.26881575584412 -3.62296032905579 -3.66299748420715 -3.66038775444031 -3.17896270751953 -1.12323760986328 -0.742068290710449 1.18827438354492 9.89244270324707 7.49306774139404 0.910288393497467 17.8237609863281 9.76541423797607 -0.731614351272583 0.318819046020508 0.831201910972595 0.911224186420441 0.940539181232452 0.989012241363525 1.63857293128967 1.69449412822723 1.68620920181274 1.75041127204895 3.82849287986755 1.57838535308838 1.69168603420258 1.95038664340973 2.89964890480042 3.58849000930786 6.34893798828125 9.85505962371826 2.62911415100098 2.51876997947693 4.90086984634399 9.9585599899292 10.5479402542114 12.1010007858276 16.8568916320801 26.8791046142578 38.728874206543 39.0275764465332 7.93620920181274 39.1505126953125 -1.19358110427856 -0.87736701965332
-3.36124849319458 -3.48319149017334 -3.06512331962585 -3.10969114303589 -2.89244031906128 -1.34757447242737 -1.05007874965668 -0.69177371263504 1.9128006696701 11.3689765930176 3.17995691299438 10.7685804367065 7.49583768844604 10.0422220230103 -0.662507355213165 0.0458613410592079 0.36904388666153 0.761396884918213 0.901195824146271 0.997969686985016 1.02696430683136 1.16419816017151 1.78756999969482 1.84908854961395 1.86471176147461 4.24760055541992 4.56451845169067 1.9596529006958 2.55022597312927 3.15578365325928 5.73344230651855 8.90506553649902 1.26863622665405 2.46403193473816 3.20098662376404 5.733811378479 11.9389543533325 13.6989765167236 15.6121835708618 22.5741653442383 33.2242889404297 8.95446300506592 0.799791872501373 -1.56733191013336 -1.34873235225677 -0.815417885780334
-2.51655411720276 -3.13062953948975 -3.26919007301331 -3.07912802696228 -1.01152086257935 -0.618984878063202 -0.638475179672241 1.83273351192474 11.5080461502075 3.08644795417786 1.11430478096008 -0.494149595499039 0.958552360534668 -0.370851278305054 -0.96225917339325 -0.0140036875382066 0.771146416664124 0.566590666770935 0.621583700180054 0.826654493808746 0.970208466053009 1.0752078294754 1.19010615348816 1.26510071754456 1.95373141765594 2.02620697021484 2.07673072814941 5.16873121261597 5.63697481155396 0.631259679794312 5.02566719055176 7.53179168701172 0.352319359779358 2.24328255653381 2.87560606002808 3.8851535320282 6.82992172241211 7.90267419815063 17.6453914642334 24.1063480377197 35.1385841369629 12.8513870239258 -1.58417856693268 3.23275709152222 2.46746230125427 6.45160436630249
-2.05860066413879 -0.555609405040741 -2.27052664756775 -2.80788064002991 -0.572623789310455 -0.264445245265961 -0.0984435826539993 1.71210265159607 9.00820636749268 -0.459546476602554 9.39316558837891 7.04864597320557 -0.483207792043686 -0.459347248077393 -0.155559450387955 0.434911817312241 0.712000668048859 0.824275135993958 0.856354832649231 0.618205964565277 0.668430924415588 0.890271186828613 1.12763559818268 1.16329097747803 1.33624386787415 1.42966711521149 2.15276193618774 2.23129844665527 2.34100341796875 6.58500099182129 3.14692091941833 0.97337418794632 0.222407579421997 0.985547959804535 1.0168524980545 3.45346164703369 4.00250768661499 5.7923755645752 10.3278713226318 13.3224391937256 26.2307014465332 16.6547565460205 -1.26811265945435 -1.50524365901947 -1.143190741539 -1.42346274852753
-2.07060980796814 -1.59656226634979 -1.85898387432098 -1.92429709434509 -0.343875527381897 3.21580076217651 4.85610580444336 12.3232622146606 12.9775743484497 -0.253231257200241 6.71859073638916 2.27709245681763 -0.0995856523513794 0.11482747644186 0.525314807891846 0.871665358543396 0.766973197460175 0.793849349021912 0.787843763828278 0.907532751560211 0.941689848899841 0.668226718902588 0.932741820812225 1.09445571899414 1.22295236587524 1.26435589790344 1.52084958553314 2.29464912414551 2.39570236206055 2.57123947143555 7.90186882019043 9.04848289489746 5.1264910697937 0.586517691612244 0.547920048236847 1.09862697124481 3.41395282745361 5.13798570632935 6.46717309951782 11.5188493728638 19.9380283355713 11.1502094268799 -1.50747084617615 -0.781976938247681 0.494517475366592 3.96218919754028
-1.62244760990143 -1.33037436008453 -0.88637763261795 4.62822818756104 14.466197013855 -0.718029737472534 -0.0709781721234322 2.46817016601562 0.00955566857010126 -0.0508950389921665 4.81285572052002 4.56780052185059 -0.442841172218323 -0.0827035829424858 0.291756004095078 0.746485412120819 0.937910497188568 0.974165260791779 0.843620181083679 0.875123381614685 0.870783865451813 1.00055229663849 0.704253971576691 0.753233432769775 1.01100850105286 1.18633008003235 1.33533215522766 1.46612071990967 1.76424813270569 2.57392740249634 2.92374777793884 3.1995632648468 11.7714424133301 12.3685159683228 11.5361776351929 0.690906047821045 0.570943236351013 1.2893887758255 5.20684719085693 10.3360404968262 15.9555654525757 0.350240349769592 -0.131605952978134 -0.137108892202377 -0.506830513477325 -0.468206107616425
-1.57736206054688 -1.25289881229401 -0.452653288841248 -0.31884640455246 -0.219741597771645 -1.06631672382355 -0.151455849409103 1.86876809597015 2.30852341651917 0.941783547401428 1.70229935646057 0.92820531129837 0.0926643013954163 1.78163266181946 2.00615954399109 2.38335013389587 2.75335645675659 0.82899421453476 1.03839588165283 0.778516948223114 0.931135833263397 0.930114030838013 1.06931805610657 1.11555767059326 0.790779948234558 0.828507363796234 1.10355401039124 1.29703986644745 1.64054811000824 1.96757435798645 2.11631917953491 2.94548320770264 3.74671220779419 3.50127577781677 19.2444534301758 23.2803173065186 1.8633531332016 0.794392585754395 1.44140911102295 1.56797802448273 10.3107786178589 1.52272534370422 1.89698946475983 0.403243362903595 0.36962217092514 -0.0608310773968697
-0.673793315887451 -0.518864274024963 -0.387582033872604 -0.265843540430069 -0.158907100558281 -0.091675840318203 -0.0157658327370882 0.0284329690039158 0.20540164411068 3.02200126647949 3.54461669921875 1.77381539344788 2.52914381027222 2.37904620170593 3.31427597999573 2.48404097557068 2.89114117622375 3.60362315177917 4.47437620162964 1.10597681999207 1.15519547462463 0.993166029453278 1.03791761398315 1.04301655292511 1.19499516487122 1.25831627845764 0.899303019046783 0.952237844467163 1.22190415859222 1.57355940341949 1.99675893783569 2.39493870735168 2.61515760421753 4.48945093154907 5.10363817214966 6.67696857452393 -0.661814987659454 0.80770480632782 0.852528631687164 0.635370433330536 1.75590085983276 1.91126191616058 1.77816951274872 0.539904952049255 0.00591470301151276 0.452221214771271
-0.599447190761566 -0.460078030824661 -0.341588705778122 -0.0304156877100468 -0.155550464987755 -0.0511290021240711 0.032806221395731 0.109468050301075 0.165134072303772 0.172178596258163 1.50376212596893 4.39849376678467 4.57489633560181 5.3930983543396 3.36103129386902 4.357177734375 5.43645286560059 3.76290130615234 4.69756698608398 7.18600749969482 11.2852554321289 1.242182970047 1.30113041400909 1.10846447944641 1.17226529121399 1.19280993938446 1.3694384098053 1.44871747493744 1.04719495773315 1.30430459976196 1.52808618545532 1.76456654071808 2.53878974914551 3.06085753440857 3.77930235862732 7.32281303405762 5.41818237304688 3.5799355506897 1.7240355014801 1.49195945262909 1.02394711971283 0.705529928207397 2.24532175064087 5.56035804748535 6.37250852584839 2.31275296211243
-0.552954792976379 -0.417001992464066 -0.298145204782486 -0.222945466637611 0.362224757671356 0.70002681016922 0.173329591751099 0.348716974258423 0.646794617176056 0.245270967483521 0.28046789765358 0.838201642036438 5.44634294509888 6.3559775352478 7.18375062942505 8.87897491455078 3.97168731689453 8.58752918243408 13.6878366470337 7.51545333862305 11.4752702713013 0.357958436012268 1.10663020610809 1.42193007469177 1.50290942192078 1.27477610111237 1.34589529037476 1.38940262794495 1.58614146709442 1.15907561779022 1.25136601924896 1.4618364572525 1.71426808834076 3.06182956695557 3.65476846694946 4.44271659851074 5.4793529510498 5.93921184539795 19.0559501647949 8.18785953521729 2.94139862060547 2.53835558891296 1.3005119562149 2.68820476531982 3.08957362174988 8.29472732543945
-0.509636700153351 -0.398104459047318 -0.281824320554733 -0.21627813577652 -0.126678839325905 -0.0595146678388119 1.03992640972137 1.40400052070618 0.161068767309189 1.0128755569458 0.308152318000793 0.357149392366409 0.544074594974518 1.17308557033539 8.30769348144531 10.3935604095459 13.9136762619019 21.5813884735107 5.97574949264526 2.15867972373962 12.6565952301025 0.235478967428207 1.17176949977875 1.22186577320099 1.27631795406342 1.65112102031708 1.17951560020447 1.47829651832581 1.53338599205017 1.75733554363251 1.88783133029938 1.41033458709717 1.52698814868927 1.63640022277832 2.00010108947754 4.3784646987915 5.44984769821167 8.3912525177002 8.24389839172363 2.44435501098633 13.016674041748 20.1693458557129 7.26138782501221 6.43603515625 1.11984610557556 3.98836255073547
-0.446441471576691 -0.352124333381653 -0.299621075391769 -0.252864301204681 -0.175317630171776 -0.0232693627476692 0.172109708189964 0.210514843463898 1.77265048027039 0.709730565547943 1.28291833400726 1.7757476568222 0.390172600746155 0.683671295642853 0.925102949142456 3.1753249168396 16.3360462188721 24.802116394043 0.28333055973053 7.94424724578857 10.6109828948975 4.26893997192383 1.06836378574371 1.19410407543182 1.31695747375488 1.40958452224731 1.83022165298462 1.95973908901215 1.63538455963135 1.76183974742889 1.86600196361542 2.14611053466797 2.33034944534302 1.74847447872162 1.30467438697815 1.88914501667023 2.5338442325592 8.65359306335449 8.26731109619141 4.02306938171387 12.8731775283813 21.518684387207 6.391273021698 0.327459663152695 0.456001818180084 2.07615447044373
-0.366290241479874 -0.332181304693222 -0.29804053902626 -0.255003541707993 -0.212061241269112 -0.0941109284758568 0.161349296569824 0.263852834701538 0.0408607870340347 2.1036205291748 2.84534406661987 1.09476399421692 2.41996932029724 3.35272479057312 0.614443838596344 1.36289238929749 2.52298307418823 4.21286201477051 -0.223054483532906 3.58840322494507 12.7181234359741 19.4343852996826 0.234304934740067 1.62609159946442 1.19990503787994 1.38531064987183 1.55560266971588 1.66891932487488 2.22363376617432 2.42965984344482 1.99268233776093 2.1765820980072 2.37216305732727 2.69635677337646 2.11169195175171 2.44774985313416 2.09776329994202 2.42984843254089 3.34577488899231 1.26380908489227 1.32787311077118 11.9599599838257 3.64820075035095 -0.429638415575027 1.44281089305878 2.20954060554504
-0.297529309988022 -0.282840460538864 -0.262467324733734 -0.232842445373535 -0.214399129152298 -0.144561469554901 -0.0771588087081909 -0.0799861252307892 -0.00715014571323991 0.0643793344497681 0.116356328129768 3.77856230735779 5.33537912368774 0.947652637958527 5.28963613510132 8.80886268615723 0.41643151640892 0.330538988113403 2.16865944862366 8.83760356903076 13.814453125 8.44828033447266 0.396448403596878 2.17996025085449 1.78541719913483 1.03742110729218 1.53425753116608 1.65023171901703 1.89412128925323 2.06049060821533 2.84464931488037 2.03581953048706 2.52266526222229 2.8276994228363 3.22205376625061 3.65310025215149 3.1751720905304 3.8908360004425 3.26582646369934 3.1334662437439 4.67897415161133 5.74798393249512 11.1545572280884 7.9216365814209 13.7092542648315 0.754768848419189
-0.179640054702759 -0.164506152272224 -0.15186171233654 -0.153344541788101 -0.150859355926514 -0.16203074157238 -0.172792971134186 -0.129586011171341 -0.0584277287125587 0.0301139298826456 0.0859363973140717 0.142357364296913 0.205628916621208 8.54204082489014 14.6671133041382 3.04175925254822 0.0345948226749897 0.459212779998779 0.650787830352783 0.4388487637043 4.5137677192688 -0.417143642902374 1.09991717338562 4.30205392837524 2.27901673316956 2.21520328521729 2.1253502368927 1.23746335506439 1.87139630317688 2.03971242904663 2.42318058013916 3.41400051116943 3.88784193992615 3.02971291542053 3.64550352096558 4.45884943008423 5.21353673934937 5.93396949768066 6.14706945419312 6.29149198532104 3.46138644218445 5.7315468788147 9.27648639678955 14.3200950622559 2.52843189239502 -0.166211843490601
-0.0611802525818348 -0.0490196570754051 -0.0492758564651012 -0.0494742579758167 -0.0444638915359974 -0.0575696267187595 -0.102419257164001 0.0993244275450706 -0.081842266023159 -0.00235209916718304 0.055706150829792 0.108608327805996 0.162260800600052 0.225442916154861 0.288443773984909 -0.326096951961517 3.70663285255432 0.463583678007126 0.499852389097214 1.01823079586029 1.65140473842621 0.476913124322891 -0.0493562705814838 -0.181602209806442 1.62458550930023 2.7616913318634 2.40048217773438 2.37116956710815 2.60593914985657 1.75376844406128 2.38490295410156 2.89639139175415 3.3101122379303 5.05506658554077 6.23421573638916 4.49405813217163 7.32289266586304 11.3211803436279 11.1207628250122 11.9373006820679 0.702706694602966 3.31125736236572 2.83171129226685 10.2154636383057 2.52261543273926 4.92221117019653
1.20117008686066 0.0487473607063293 0.0506698451936245 0.0539072453975677 0.0726510360836983 0.042967826128006 0.350406408309937 0.282423466444016 0.1463702917099 0.22304280102253 0.0325951986014843 0.0619674921035767 0.134546503424644 0.205804467201233 0.264904141426086 0.321253329515457 1.14409458637238 1.74431955814362 9.51819610595703 0.509392380714417 0.543656826019287 0.465627878904343 0.564205050468445 0.527810394763947 0.418649554252625 2.5962221622467 3.04094266891479 3.28486323356628 2.86809206008911 3.03234839439392 1.69249141216278 2.83137011528015 3.26254534721375 4.3007435798645 5.31476020812988 9.99357795715332 15.4956302642822 11.1317348480225 2.65516543388367 -0.36506599187851 -0.272258460521698 3.11918044090271 3.88178110122681 4.94761419296265 6.74456357955933 3.08606386184692
1.39702355861664 1.2925056219101 0.157340720295906 0.173165306448936 0.182795196771622 0.125658705830574 0.99163019657135 0.410449296236038 0.469078928232193 0.416709184646606 0.272841721773148 0.242664605379105 0.151396036148071 0.20362651348114 0.249486699700356 0.315611273050308 0.353470712900162 0.37634801864624 0.291613161563873 0.0589673519134521 0.507698714733124 0.562339425086975 0.59188038110733 0.625334978103638 0.567695438861847 0.717023611068726 0.869739353656769 3.18544101715088 3.7425262928009 4.12113666534424 3.59620428085327 4.14810419082642 2.50760579109192 4.23188018798828 5.26179313659668 8.53735446929932 13.1656179428101 0.872178614139557 0.921821117401123 0.0911932438611984 -0.333133220672607 2.78196144104004 3.01016330718994 5.802574634552 9.858078956604 10.1391620635986
