slauniainen/Data/DEM/Vihti_dem1500b_cl_horizonAngle_228.asc
NCOLS 196 
NROWS 178 
XLLCORNER 353680 
YLLCORNER 6699024 
CELLSIZE 16 
NODATA_value -3.4e+38 
[rows 80 to 99 of 178, columns 135 to 179 of 196]
4.23753929138184 4.4933443069458 2.12053918838501 0.10539622604847 0.0433686263859272 0.115164063870907 -0.139472454786301 -0.716793060302734 -1.2066878080368 -1.20908832550049 -1.32856678962708 -1.65416753292084 -2.10514569282532 -2.8643627166748 -3.17457675933838 -3.25059247016907 -3.27359104156494 -3.23166036605835 -3.16054964065552 -3.14804029464722 -2.74995017051697 1.15440607070923 3.45843744277954 5.52733135223389 4.03317308425903 1.94908344745636 2.83650422096252 3.65817356109619 2.11320161819458 1.30230307579041 1.04320514202118 0.932475388050079 0.871597945690155 0.766285479068756 0.918835163116455 0.636491179466248 0.30912572145462 0.11625562608242 -0.0656254068017006 -0.145280390977859 -0.417716890573502 -0.483908146619797 -0.578984141349792 0.0445682145655155 2.06876993179321
6.7997579574585 4.25780868530273 1.40243077278137 0.39374315738678 0.606191575527191 0.367428600788116 0.0938954129815102 -0.524338901042938 -0.836160659790039 -1.04222559928894 -1.26314425468445 -1.57522821426392 -2.35556221008301 -2.82857918739319 -2.99920225143433 -3.06928467750549 -3.08911061286926 -3.00782656669617 -2.98654079437256 -2.92421364784241 -2.80710744857788 -2.6130702495575 0.0141799198463559 1.10595440864563 0.492537260055542 2.5302038192749 4.96624231338501 3.02248120307922 1.80113053321838 0.92321515083313 0.903345763683319 0.831875503063202 0.899541079998016 1.06777942180634 0.787849843502045 0.534784078598022 0.384322702884674 0.137133479118347 0.0769519954919815 -0.119474470615387 -0.332381159067154 -0.621700584888458 -0.623016357421875 -0.549667060375214 1.16029584407806
5.12925624847412 3.56180906295776 1.08671998977661 0.88444197177887 0.793893933296204 0.481498181819916 0.216078013181686 -0.367009490728378 -0.732775688171387 -1.0617550611496 -1.23280298709869 -1.56384897232056 -2.01089715957642 -2.48533916473389 -2.60945439338684 -2.7371654510498 -2.79249715805054 -2.76058721542358 -2.67821907997131 -2.6442723274231 -2.52024722099304 -2.38238596916199 -2.11560273170471 -0.204390898346901 -1.68195605278015 -0.817453622817993 2.9340283870697 2.55706167221069 1.04748284816742 0.8174729347229 0.932609260082245 0.990620613098145 1.21751224994659 0.883726477622986 0.810611367225647 0.971617758274078 0.778096199035645 0.410798519849777 0.0390203669667244 -0.0622938983142376 -0.303895056247711 -0.518437087535858 -0.500983238220215 -0.410872489213943 -0.175277948379517
-0.163256511092186 1.0457592010498 1.26476323604584 1.33980643749237 1.69230806827545 1.23602426052094 0.31888136267662 -0.0491047129034996 -0.747749745845795 -1.09347629547119 -1.38049125671387 -1.43187034130096 -1.56159484386444 -1.7379332780838 -2.10324811935425 -2.321772813797 -2.44077301025391 -2.45017647743225 -2.32386565208435 -2.22609162330627 -2.17035460472107 -2.04583787918091 -1.88886344432831 -1.68027412891388 -1.52540135383606 -1.37324845790863 -0.516133189201355 1.16399395465851 0.714938044548035 0.951348602771759 1.06045079231262 1.30485594272614 0.921440660953522 0.993740797042847 1.20540511608124 1.39058578014374 1.13582897186279 0.51107531785965 0.13416163623333 -0.096575640141964 -0.213522359728813 -0.343413501977921 -0.30094388127327 -0.242278054356575 -0.127321377396584
0.513699471950531 0.951257169246674 1.37053501605988 3.81408667564392 3.02529382705688 1.36987209320068 0.237666487693787 -0.0576824806630611 -0.591305911540985 -1.12095379829407 -1.26163065433502 -1.29197657108307 -1.17470872402191 -1.30815720558167 -1.52292060852051 -1.91761767864227 -2.09917855262756 -2.1445038318634 -2.03106713294983 -1.88636040687561 -1.81327021121979 -1.76652729511261 -1.65636742115021 -1.48739814758301 -1.2876398563385 -0.282726764678955 -0.327974677085876 0.467925041913986 1.06316888332367 1.13205015659332 1.41395342350006 0.932237982749939 0.556914746761322 0.677059650421143 1.06112205982208 1.45943367481232 1.28876435756683 0.570993363857269 -0.00846283137798309 -0.0691870748996735 -0.222869634628296 -0.197647005319595 -0.122848853468895 -0.0515880286693573 0.0321734622120857
1.10343444347382 0.926714479923248 1.77028441429138 3.93200826644897 2.92476034164429 1.26569974422455 0.227717891335487 -0.736288070678711 -1.07760548591614 -1.19297456741333 -1.06810927391052 -1.00265657901764 -0.979337751865387 -1.09849298000336 -1.40877664089203 -1.68828690052032 -1.80823087692261 -1.88131809234619 -1.78866016864777 -1.67183578014374 -1.53513443470001 -1.41634607315063 -1.32373940944672 -1.18331921100616 -0.97673362493515 -0.0965740531682968 0.510726809501648 0.771957218647003 1.42425346374512 1.79815781116486 1.17100548744202 0.599719107151031 0.33183741569519 0.0716215148568153 0.21234667301178 0.609520375728607 0.925294578075409 0.0406225696206093 -0.0233197528868914 -0.151843905448914 -0.151545584201813 -0.0743183195590973 0.0272558126598597 0.100137993693352 0.161627933382988
1.14120388031006 0.617861926555634 0.557272911071777 1.89433789253235 1.96342051029205 2.13720107078552 0.756891310214996 -0.707592606544495 -1.08704054355621 -0.86437052488327 -0.75825971364975 -0.864498555660248 -0.765806615352631 -1.02194440364838 -1.26042675971985 -1.52864277362823 -1.58774542808533 -1.61764585971832 -1.50778877735138 -1.2790230512619 -1.08320999145508 -0.961722433567047 -0.904499769210815 -0.805124759674072 -0.613380968570709 0.865295708179474 1.08438646793365 1.71255314350128 1.20357060432434 1.60835993289948 1.14409458637238 0.665125608444214 0.230396419763565 0.271761238574982 0.0510517247021198 0.0965718924999237 0.0438730232417583 0.0505226626992226 -0.104288205504417 -0.13618203997612 -0.0488344356417656 0.0364584401249886 0.128829687833786 0.193730711936951 0.256671100854874
1.23578631877899 0.737504243850708 0.573449432849884 0.372842669487 0.200601428747177 1.09985196590424 2.55137395858765 -0.40837574005127 -0.341858923435211 -0.355663329362869 -0.422028213739395 -0.609947144985199 -0.634044051170349 -0.744390308856964 -1.02962911128998 -1.35961735248566 -1.41482722759247 -1.34478557109833 -1.12770783901215 -0.836764872074127 -0.63513594865799 -0.479384511709213 -0.506780087947845 -0.394743353128433 1.6290442943573 2.16459488868713 2.76257467269897 1.79627907276154 1.23506271839142 1.04208791255951 1.32423627376556 0.924874365329742 0.762016654014587 0.380262136459351 0.322025001049042 0.110585495829582 0.136194065213203 0.00014925908180885 -0.111616589128971 -0.0298632215708494 0.0654865652322769 0.12981903553009 0.195787593722343 0.261206150054932 0.41597244143486
1.56479668617249 1.2386919260025 0.585902869701385 0.224406242370605 -0.395619094371796 -0.704531073570251 0.68549108505249 0.372922778129578 0.190819680690765 0.0641755759716034 -0.0979801416397095 -0.336021184921265 -0.404365360736847 -0.526318907737732 -0.85536253452301 -1.08428430557251 -1.15226244926453 -1.04127013683319 -0.745356380939484 -0.289034783840179 -0.0497825294733047 0.0089534604921937 -0.147452801465988 3.39385461807251 5.02170753479004 4.47178649902344 2.7081139087677 2.09649419784546 1.49755787849426 1.93757164478302 2.24026226997375 1.97193491458893 1.17509567737579 0.953071355819702 0.582734942436218 0.430809617042542 0.171168372035027 -0.0408690646290779 -0.000846309645567089 0.0870069712400436 0.15638180077076 0.202304169535637 0.262884318828583 0.396480858325958 0.666609704494476
1.91674137115479 1.26532340049744 0.833024263381958 -0.230391830205917 -0.55517715215683 -0.419698894023895 -0.0506789647042751 1.65184092521667 1.51680040359497 0.592174112796783 0.209818497300148 0.114715233445168 -0.148572191596031 -0.284246921539307 -0.725023150444031 -0.854406416416168 -0.751767635345459 -0.547403991222382 -0.126510143280029 0.366220742464066 0.556849539279938 0.442939907312393 0.15891595184803 1.02960443496704 7.789381980896 4.330078125 3.14797782897949 2.20266819000244 2.05309271812439 2.40345144271851 2.64370441436768 2.75365138053894 2.18892359733582 1.26578032970428 1.00975692272186 0.521515727043152 0.212175562977791 0.073470875620842 0.117741219699383 0.182171627879143 0.230132192373276 0.281694233417511 0.321765601634979 0.364402741193771 0.608477294445038
2.02536845207214 1.51870286464691 0.605038523674011 -0.069707453250885 -0.365376532077789 0.0141207212582231 0.0960323959589005 0.195678249001503 1.72258257865906 2.09746861457825 0.732433140277863 0.238749489188194 0.090369276702404 -0.186474964022636 -0.419023871421814 -0.436911821365356 -0.266516178846359 0.0999736934900284 0.576992452144623 1.01288485527039 0.991282165050507 0.719513595104218 0.471037983894348 0.603576242923737 3.23256254196167 4.57818937301636 2.90752458572388 2.63033199310303 2.61560225486755 2.84490084648132 3.19064688682556 3.31610465049744 3.0603129863739 2.56675124168396 1.60178709030151 0.796151459217072 0.494315385818481 0.271211534738541 0.21207033097744 0.255674034357071 0.30847492814064 0.351142168045044 0.401833653450012 0.456984341144562 0.451938033103943
2.38884496688843 1.41295731067657 0.83652251958847 0.673798143863678 0.676411509513855 0.511633694171906 0.292901635169983 0.254509449005127 0.27865406870842 2.04897451400757 1.66770756244659 0.428837984800339 0.13042052090168 -0.0671088993549347 -0.183648556470871 0.0678757652640343 0.406199663877487 0.807078957557678 1.24140822887421 1.43256938457489 1.54571926593781 1.15483367443085 0.876533389091492 1.13139510154724 1.63259315490723 3.10437035560608 3.60898375511169 3.16902899742126 3.12067842483521 3.31290197372437 3.50216341018677 3.58861422538757 3.43811559677124 3.22237586975098 2.76288604736328 1.63873255252838 0.741809904575348 0.484987854957581 0.452057689428329 0.517726838588715 0.765167891979218 0.584807753562927 0.604144811630249 0.641293108463287 0.495225548744202
2.27400469779968 1.82023692131042 1.84419476985931 1.76321280002594 1.489586353302 1.00822961330414 0.712684154510498 0.363789260387421 0.350898653268814 0.384653151035309 1.74965214729309 0.399638146162033 0.207209661602974 -0.0113201383501291 0.244056761264801 0.648270010948181 1.07654547691345 1.48427259922028 1.66451859474182 1.80621469020844 1.91994655132294 1.76831150054932 1.43557870388031 1.74012553691864 2.07938194274902 2.43342685699463 3.55649781227112 3.90707874298096 3.47574329376221 3.61545133590698 3.73840713500977 3.82484817504883 3.71068286895752 3.62050247192383 3.23913145065308 2.6499707698822 1.29060614109039 0.789491295814514 0.590436518192291 1.57447302341461 0.814663648605347 0.963097453117371 0.985188543796539 0.894074320793152 0.4554822742939
4.05081462860107 3.2977442741394 2.91560292243958 2.71426725387573 2.11299610137939 1.64566326141357 1.13648414611816 0.806299269199371 0.4413842856884 0.368284106254578 0.416872262954712 0.376601547002792 0.209813460707664 0.347554504871368 0.816282987594604 1.26288187503815 1.66674494743347 1.85583651065826 2.03828954696655 2.16996097564697 2.11264061927795 2.14914155006409 2.15285801887512 2.35719871520996 2.51105904579163 2.85880088806152 3.1325376033783 3.49406623840332 3.86316704750061 3.83611416816711 3.93981981277466 3.85275387763977 3.78240251541138 3.66030883789062 3.51408362388611 3.00375437736511 1.84022152423859 1.20784342288971 0.888006031513214 0.86557936668396 1.05210471153259 1.31244945526123 1.50133717060089 1.31559479236603 0.899198353290558
5.57818031311035 5.93072938919067 4.20503902435303 3.3307728767395 2.78507971763611 2.18947172164917 1.68438410758972 1.20108807086945 0.73530912399292 0.446532011032104 0.379120677709579 0.338352203369141 0.417337685823441 0.922824442386627 1.45501267910004 1.88862764835358 2.02713394165039 2.20026040077209 2.35963416099548 2.33573222160339 2.39908504486084 2.48704719543457 2.7527186870575 2.90905404090881 3.11185884475708 3.22808051109314 3.50904822349548 3.6649181842804 3.98934173583984 4.13125658035278 3.97144985198975 3.90216732025146 3.78040862083435 3.69514799118042 3.48059415817261 3.03487801551819 2.22924065589905 1.68055856227875 1.3090717792511 1.16260874271393 1.36072790622711 1.6171133518219 2.08718538284302 1.95424580574036 1.56558930873871
3.27014183998108 4.39168453216553 5.0241904258728 3.89364218711853 3.1968686580658 2.69452285766602 2.12005853652954 1.56354749202728 1.06814169883728 0.686628997325897 0.482171297073364 0.49871626496315 1.00191748142242 1.54849278926849 2.08759617805481 2.31908917427063 2.43553996086121 2.5394983291626 2.51336789131165 2.60299587249756 2.74600982666016 3.05062127113342 3.24930286407471 3.50270175933838 3.59344172477722 3.72747397422791 3.76995754241943 3.86872029304504 4.04264307022095 4.05694198608398 4.02151536941528 3.90942573547363 3.82456254959106 3.79496717453003 3.67255783081055 3.13506984710693 2.57654309272766 2.12782859802246 1.71610009670258 1.55171120166779 1.72909617424011 2.21990561485291 2.37742948532104 2.47939252853394 2.26064419746399
3.20941495895386 3.52229928970337 4.30160045623779 4.30953407287598 3.10017108917236 2.77790284156799 2.2846999168396 1.68031513690948 1.219407081604 0.858216047286987 0.870953679084778 1.09736323356628 1.66687560081482 2.18285202980042 2.44188117980957 2.6661012172699 2.78883123397827 2.72760772705078 2.79380202293396 2.97179365158081 3.29838037490845 3.54003167152405 3.80506563186646 3.93014669418335 4.08960437774658 4.0789623260498 4.07640600204468 4.13305187225342 4.07883596420288 4.09597158432007 4.02196073532104 4.05944681167603 4.04849338531494 4.08201026916504 3.91977119445801 3.41327595710754 2.9023277759552 2.41166472434998 2.08003520965576 1.91396927833557 2.38699507713318 2.53317499160767 2.67550873756409 2.67401909828186 2.66286444664001
2.58141231536865 3.17422914505005 3.56954526901245 4.30903482437134 3.14379334449768 2.47613120079041 2.08081793785095 1.57695937156677 1.13967347145081 1.21786773204803 1.56263720989227 1.7806510925293 2.31802105903625 2.55396437644958 2.78458595275879 2.94917488098145 2.91864347457886 2.98817014694214 3.19134855270386 3.53389525413513 3.81738710403442 4.07967853546143 4.23137474060059 4.39334774017334 4.43631982803345 4.43431377410889 4.44877767562866 4.27460336685181 4.17858171463013 4.07104825973511 4.12664365768433 4.31208086013794 4.37113571166992 4.35524129867554 4.19283580780029 3.71677303314209 3.21934580802917 2.66754412651062 2.35329341888428 2.5723569393158 2.7203631401062 2.84283423423767 2.84175300598145 2.84500193595886 2.92024040222168
2.34886503219604 2.33106350898743 2.63894939422607 3.39834022521973 3.4268593788147 2.13464498519897 1.79202997684479 1.39970982074738 1.29188919067383 1.92617583274841 2.22148418426514 2.4304370880127 2.67333364486694 2.90469527244568 3.06325936317444 3.04444122314453 3.43087387084961 3.67296361923218 3.75926232337952 4.10881567001343 4.33046817779541 4.50076961517334 4.68428707122803 4.73633241653442 4.73804616928101 4.76582288742065 4.57098960876465 4.42719697952271 4.22600603103638 4.25977182388306 4.35496377944946 4.47447109222412 4.56094169616699 4.549964427948 4.44285869598389 3.96024417877197 3.51356744766235 2.95655560493469 2.70293951034546 2.8692352771759 3.01844263076782 3.00723600387573 3.01100850105286 3.27320694923401 4.31537485122681
2.49779152870178 2.08476424217224 2.13368511199951 2.414381980896 2.94877791404724 1.97393190860748 1.28253996372223 1.36179292201996 2.02200984954834 2.61188530921936 2.6629159450531 2.79618096351624 3.03232026100159 3.1889283657074 3.16886687278748 3.60093593597412 4.00225019454956 4.30663156509399 4.41943264007568 4.65369415283203 5.05043888092041 5.10966014862061 5.01303243637085 5.01977205276489 5.03867483139038 4.84711742401123 4.70873785018921 4.51403045654297 4.48369407653809 4.5165810585022 4.56650733947754 4.61482715606689 4.64448595046997 4.61735677719116 4.52834558486938 4.14585542678833 3.68836045265198 3.19287180900574 2.96544766426086 3.12192630767822 3.13022446632385 3.14286231994629 3.71383738517761 4.80322074890137 5.58848714828491
