slauniainen/Data/DEM/Vihti_dsm1500b_cl_horizonAngle_336.asc
NCOLS 196 
NROWS 178 
XLLCORNER 353680 
YLLCORNER 6699024 
CELLSIZE 16 
NODATA_value -3.4e+38 
[rows 80 to 99 of 178, columns 45 to 89 of 196]
1.27450931072235 2.00141882896423 2.46937847137451 1.43682372570038 2.10756468772888 2.6881275177002 3.75467324256897 4.7764048576355 5.20335340499878 5.62341499328613 5.42967796325684 5.76553440093994 6.66695785522461 6.77625799179077 6.48381328582764 7.46401405334473 6.82639217376709 6.53303003311157 7.34270048141479 6.0144362449646 6.64482259750366 9.52211570739746 9.45353603363037 10.1808614730835 10.7330503463745 25.1627006530762 27.6262073516846 4.70722246170044 5.33148002624512 23.7617721557617 15.331693649292 12.3072671890259 9.19224262237549 11.6510314941406 7.0747218132019 25.2218132019043 17.5372772216797 19.4875679016113 1.59806680679321 1.75892913341522 1.39588236808777 0.330965161323547 0.126033812761307 0.791164040565491 5.88689804077148
1.11757588386536 1.22111582756042 1.8882976770401 2.3509738445282 2.05748319625854 2.61958336830139 3.63304352760315 3.17976927757263 4.99427127838135 5.37371730804443 4.98978137969971 5.43851089477539 6.17701482772827 6.21077585220337 5.83607006072998 6.99124097824097 6.40962791442871 6.12383651733398 6.86111879348755 5.64840936660767 6.29275465011597 5.70824575424194 8.16050148010254 7.83011484146118 8.38760948181152 11.4018039703369 13.2772445678711 27.4839534759521 24.9192810058594 10.8711376190186 9.86681461334229 9.58623600006104 6.67380142211914 9.26443481445312 6.49356746673584 11.7387371063232 10.6194868087769 16.37815284729 27.2502498626709 15.6752910614014 1.19960331916809 8.86587333679199 6.74517726898193 14.6818981170654 13.4544506072998
1.09442412853241 1.16757762432098 1.81191086769104 2.26801896095276 1.98106837272644 2.5608286857605 1.38371932506561 3.41047120094299 4.29788255691528 4.70440244674683 5.08377695083618 4.63669967651367 4.96596097946167 5.53757476806641 5.60276031494141 5.4269814491272 6.3223729133606 5.7898530960083 5.55259561538696 6.24132490158081 5.14035272598267 5.72240161895752 7.27163219451904 7.60393667221069 7.56867647171021 8.57379722595215 10.1806993484497 10.5633344650269 12.8855009078979 10.9954605102539 7.38215255737305 7.30726194381714 7.90880107879639 6.3010139465332 7.71227312088013 5.25505065917969 17.2350406646729 9.75596141815186 10.5027742385864 1.47539448738098 0.609381556510925 9.41017436981201 32.5412063598633 14.8274574279785 14.8728065490723
1.05229699611664 1.08270013332367 1.00705802440643 1.74384915828705 2.15146136283875 1.90502321720123 2.4164605140686 3.26907062530518 2.86039757728577 4.55519390106201 4.92897844314575 4.64070081710815 4.65419626235962 5.12317800521851 5.2041654586792 5.01870155334473 6.01032447814941 5.46863555908203 5.27540397644043 5.92859792709351 4.92736530303955 5.43850660324097 5.09373426437378 6.37947702407837 6.63014221191406 7.16263580322266 8.63303565979004 7.7441668510437 9.72970390319824 8.16049003601074 6.28443479537964 6.0199933052063 6.86351203918457 5.31125593185425 6.69572067260742 4.81319618225098 6.76907777786255 9.37056159973145 8.44831371307373 1.30493557453156 23.001256942749 21.5918941497803 9.53426551818848 14.9415893554688 10.5799026489258
1.03563177585602 1.02772164344788 1.04034507274628 1.6642792224884 2.04983043670654 1.79392576217651 2.34810066223145 1.25038158893585 3.1448278427124 3.94163465499878 4.32580327987671 4.66021633148193 4.0565128326416 4.25360155105591 4.62975597381592 4.7011833190918 4.64261913299561 5.54499340057373 5.10566711425781 4.85932970046997 5.43522644042969 4.52817726135254 5.02153491973877 5.80689287185669 6.04577016830444 5.71112823486328 7.03374719619751 7.37824583053589 6.47142839431763 6.59165382385254 5.45901679992676 5.15487861633301 5.18536996841431 6.37912464141846 5.11915302276611 5.73913431167603 3.60203719139099 5.31406307220459 7.17951202392578 36.479175567627 29.7377319335938 12.2459383010864 8.69583606719971 6.22038698196411 9.14986324310303
0.973612785339355 0.984759986400604 0.942534267902374 0.902612447738647 1.58437216281891 1.94047749042511 1.76375246047974 2.2636239528656 3.00313687324524 2.60381531715393 4.15423154830933 4.49067306518555 4.20904350280762 4.03188610076904 4.34290838241577 4.42631912231445 4.34668588638306 5.24542617797852 4.85711908340454 4.74100399017334 5.18914318084717 4.30081987380981 4.67461109161377 5.17820405960083 5.51924610137939 3.71285963058472 2.81126475334167 6.73766899108887 6.36849927902222 5.74703025817871 5.15743541717529 4.67605829238892 4.64773797988892 5.69524049758911 4.62577819824219 5.17444562911987 3.70905160903931 4.53322553634644 6.15559959411621 5.44180107116699 16.2734375 23.5633735656738 14.0547428131104 25.8865795135498 5.91939973831177
0.859852731227875 0.681712031364441 0.803672850131989 0.911045849323273 1.47007608413696 1.89515221118927 1.65436434745789 2.15715193748474 1.09520792961121 2.8540370464325 3.58835411071777 3.96298003196716 4.2830924987793 3.73118495941162 3.73797416687012 4.0030951499939 4.07796669006348 4.10074901580811 4.93465709686279 4.53363370895386 4.29976606369019 4.65936231613159 4.31061363220215 2.91022062301636 2.35543656349182 11.778600692749 1.24302220344543 3.18144035339355 3.92531275749207 5.44101047515869 4.92714023590088 4.17034816741943 4.10747146606445 5.00085878372192 4.01009368896484 4.56190061569214 3.36321711540222 2.8352644443512 3.50034928321838 4.69507789611816 11.4600954055786 8.79271984100342 11.1114273071289 7.96567153930664 2.48298478126526
0.456064492464066 0.880023777484894 0.756495773792267 0.846113622188568 1.35558295249939 1.74181127548218 1.07939684391022 1.65294456481934 2.10053586959839 2.76012206077576 2.75914335250854 3.8531322479248 4.17181301116943 3.6678774356842 3.58685111999512 3.8029203414917 3.9145233631134 3.93789029121399 4.65728187561035 4.20815753936768 4.00647783279419 4.48372554779053 3.69716382026672 21.9437599182129 10.2953157424927 1.71323370933533 4.18576002120972 14.2755613327026 23.0304393768311 4.79342746734619 3.1638708114624 4.52567148208618 3.70795774459839 3.32525515556335 4.27038383483887 3.56985378265381 3.97835755348206 2.91149759292603 3.00724220275879 4.07436752319336 3.52611231803894 7.12699460983276 9.21434688568115 6.52074480056763 1.24675309658051
0.389951646327972 0.749786555767059 0.532457411289215 0.714036464691162 0.790817201137543 1.2685831785202 1.62904846668243 1.48080027103424 1.97427606582642 2.60611248016357 2.29005455970764 3.69485235214233 4.02336025238037 3.88811373710632 3.48828601837158 3.24451446533203 3.58476233482361 3.65467667579651 4.32130002975464 3.95217418670654 3.79356837272644 4.2422571182251 3.3884449005127 3.47711658477783 2.51704239845276 14.323769569397 19.0840244293213 17.6030979156494 8.4556188583374 3.78374791145325 12.8449048995972 2.98113131523132 3.69277501106262 3.18232178688049 3.71094036102295 3.11667704582214 3.49873113632202 2.61331510543823 2.57337760925293 3.45825219154358 2.86029815673828 5.32524633407593 4.54126024246216 1.23329150676727 21.5772228240967
0.272546082735062 0.344622313976288 0.747986137866974 0.660737156867981 0.751345336437225 1.20051658153534 1.52608644962311 0.915719568729401 1.44368839263916 1.86098766326904 2.42939829826355 3.07471370697021 3.46304249763489 3.78180074691772 3.35546159744263 3.12336564064026 3.31513571739197 3.26932382583618 3.35412096977234 3.98659753799438 3.61308336257935 3.41617751121521 3.80752944946289 3.07697296142578 21.3455619812012 1.29459202289581 15.7338848114014 0.832152545452118 3.29052948951721 16.2558307647705 6.70830726623535 13.5798101425171 3.96028304100037 1.8446786403656 1.03865873813629 3.05704140663147 2.53306412696838 2.78554725646973 2.13099646568298 1.97406113147736 2.46361780166626 2.21876668930054 4.22071027755737 21.9309825897217 6.78659963607788
0.215484246611595 0.260450601577759 0.667490005493164 0.392835736274719 0.638999700546265 0.699663996696472 1.1086790561676 1.44765663146973 1.37641036510468 1.77811205387115 2.30279660224915 1.95256233215332 3.28069448471069 3.56905579566956 3.50135660171509 3.10654902458191 2.98420929908752 3.0279848575592 3.06153774261475 3.721275806427 3.37434554100037 3.1803994178772 3.54187655448914 2.98965263366699 3.26744651794434 40.2692527770996 9.4868221282959 39.1504287719727 0.969993114471436 3.62656235694885 7.21866798400879 2.04336285591125 4.72521114349365 1.73463070392609 18.7159652709961 2.41112780570984 2.09705328941345 1.286980509758 0.865772724151611 1.61230862140656 2.13941860198975 1.96680533885956 3.53126907348633 10.2834167480469 10.3148384094238
0.144526690244675 0.155183181166649 0.207693412899971 0.585465431213379 0.490864962339401 0.618323147296906 1.04279434680939 1.35118126869202 1.22847175598145 1.65816462039948 0.648486971855164 2.13698816299438 2.70837545394897 3.06600499153137 3.3525824546814 2.97428917884827 2.56732845306396 2.76935505867004 2.68549108505249 2.76924467086792 3.335768699646 3.0042736530304 2.83064079284668 3.22266149520874 2.82590436935425 6.91575622558594 20.7369823455811 6.7072229385376 36.4094200134277 2.59805727005005 2.82950067520142 1.98878765106201 5.95353221893311 13.7768430709839 2.70678567886353 6.85786819458008 2.11635160446167 11.5473251342773 6.60836124420166 1.53201341629028 1.69416129589081 1.83984959125519 1.84750199317932 8.88233947753906 11.0909452438354
0.742126047611237 0.122538395226002 0.178790584206581 0.557912230491638 0.274633049964905 0.551344573497772 0.468069136142731 0.913370549678802 1.23064517974854 1.19748032093048 1.57426238059998 2.01281189918518 1.66107594966888 2.89119601249695 3.15085196495056 3.10391569137573 2.69462418556213 2.3290696144104 2.43449902534485 2.45067143440247 3.06467270851135 2.77875328063965 2.64422082901001 3.03336071968079 2.68652248382568 2.99452137947083 14.9073038101196 5.62946605682373 14.4549751281738 3.83845162391663 2.54968237876892 32.2783279418945 1.78452825546265 2.75155353546143 3.7757785320282 5.03723812103271 1.80866718292236 1.32527792453766 0.875736176967621 10.6188716888428 1.68190157413483 1.84581327438354 1.83524143695831 3.25009822845459 12.8887042999268
0.695597052574158 -1.01247560977936 0.0769961103796959 0.183068886399269 0.265238881111145 0.342793673276901 0.469481199979782 0.805506348609924 1.1095803976059 1.0538592338562 1.47675836086273 0.474353492259979 1.85686373710632 2.36646771430969 2.69585371017456 2.9411449432373 2.59131646156311 2.04990577697754 2.22120642662048 2.13768625259399 2.26105737686157 2.80543446540833 2.5504002571106 2.4417941570282 2.84317779541016 2.58473610877991 4.04534769058228 10.6923923492432 4.44723320007324 3.07523441314697 2.44773387908936 7.95357322692871 28.2006244659424 2.07654094696045 4.65176582336426 5.76872634887695 3.01771569252014 11.0509672164917 8.4598388671875 7.49966430664062 2.89090800285339 4.61073970794678 4.50710201263428 3.82997345924377 4.91681098937988
0.0987665355205536 7.35890245437622 -1.00348246097565 0.100594595074654 0.175627470016479 0.251950919628143 0.388001173734665 0.291691690683365 0.690911948680878 0.988074660301208 0.997895002365112 1.36169874668121 1.746129155159 1.4068785905838 2.56444883346558 2.80766272544861 2.62258338928223 2.34472417831421 1.81482076644897 1.96964013576508 1.98308050632477 2.61150884628296 2.40576863288879 2.32329249382019 2.7208514213562 2.42598080635071 2.77098989486694 1.12643539905548 3.85340857505798 10.8865528106689 5.60407114028931 9.42118549346924 11.1519536972046 3.98131036758423 2.0285758972168 4.07960748672485 1.19486248493195 0.497446954250336 0.650086462497711 9.47229862213135 5.77491569519043 3.2543420791626 4.73371553421021 4.93814134597778 0.415893346071243
-1.4761415719986 -1.01907670497894 -1.56249034404755 0.0293222777545452 0.100439265370369 0.134846597909927 0.192654997110367 0.29238098859787 0.590702056884766 0.868117809295654 0.851010262966156 1.2666232585907 0.305547386407852 1.61212718486786 2.08624768257141 2.40970587730408 2.64594697952271 2.2343955039978 1.65913593769073 1.84280598163605 1.77368760108948 1.93779015541077 2.47951531410217 2.28870868682861 2.23629307746887 2.65736484527588 1.96574246883392 6.00479745864868 7.09104537963867 19.7015247344971 18.6614627838135 9.18091011047363 2.65245056152344 19.6339836120605 17.1750659942627 3.44776558876038 20.8734092712402 12.9254913330078 0.622755229473114 7.14478063583374 5.10472345352173 3.09352469444275 4.43440532684326 0.817091763019562 21.9499320983887
-1.65508437156677 -1.89816129207611 -1.88252007961273 -1.64151203632355 -0.0102285528555512 0.0611636191606522 0.11140213906765 0.229917481541634 0.515616357326508 0.771549761295319 0.260642617940903 0.823053956031799 1.17343986034393 1.5072922706604 1.51621305942535 2.30040287971497 2.54718685150146 2.21694660186768 1.63882696628571 1.78153073787689 1.71428227424622 1.86887884140015 2.39756560325623 2.24085783958435 2.20654273033142 2.61588978767395 20.8552093505859 22.6574249267578 19.6753978729248 2.97172021865845 10.4662370681763 2.85960268974304 1.756871342659 5.78492021560669 7.30012464523315 6.95059251785278 2.91559672355652 22.8093414306641 31.1052875518799 15.0327110290527 6.31813669204712 5.04302024841309 0.708922386169434 17.9187030792236 2.53260636329651
17.2539463043213 0.203533321619034 11.1503458023071 -0.0448716022074223 -1.41392147541046 -0.0276115983724594 0.00686266738921404 0.0642696619033813 0.176866933703423 0.450189977884293 0.696635842323303 0.684780359268188 1.07643222808838 1.38285851478577 1.08627712726593 2.18510794639587 2.41603994369507 2.43889975547791 2.07663893699646 1.54143953323364 1.71572160720825 1.76403713226318 2.35306739807129 2.20457863807678 2.1725926399231 2.55462598800659 2.2760705947876 16.0609817504883 8.30670356750488 1.22834801673889 6.57872676849365 0.683989584445953 21.4974727630615 -0.0200907699763775 4.07610321044922 4.54847431182861 2.57948708534241 8.20341777801514 13.5022916793823 16.9889965057373 0.294615417718887 0.266449481248856 8.39640712738037 1.08069801330566 9.47480297088623
11.7761011123657 19.4351367950439 12.3819704055786 11.7078790664673 -1.70060765743256 -1.33098316192627 -0.0715697705745697 -0.0156820360571146 0.13469035923481 0.412211984395981 0.637914299964905 0.121235407888889 0.112908311188221 0.0544076226651669 1.28778326511383 1.73779737949371 2.07855582237244 2.34180879592896 2.05440640449524 1.4998254776001 1.6867253780365 1.6898136138916 1.85488033294678 2.33563661575317 2.16788625717163 2.11502718925476 2.46274375915527 6.94013833999634 20.0631141662598 31.5060577392578 1.77407801151276 30.9513301849365 -0.131795272231102 -1.40534293651581 2.03252649307251 2.42820429801941 3.41346645355225 2.69091653823853 0.525526106357574 -0.371754735708237 0.0959814414381981 22.3119583129883 0.85941743850708 3.79624962806702 3.55066323280334
0.523773014545441 5.39490509033203 10.0312843322754 2.10984086990356 -1.84251379966736 -1.48169481754303 -0.145618334412575 -0.103550672531128 -0.0233054328709841 0.00828009378165007 0.326244920492172 0.547822415828705 0.0644282847642899 -0.00548279425129294 1.19967210292816 0.922491431236267 1.97102534770966 2.20886635780334 2.2734100818634 1.9553542137146 1.49147391319275 1.69543039798737 1.74476754665375 2.27080750465393 2.09733867645264 2.0340051651001 2.37414622306824 2.10214638710022 4.69235515594482 2.08321952819824 13.7334423065186 3.05342197418213 -0.960561335086823 1.12420868873596 -0.69287121295929 1.8172789812088 2.13011384010315 0.410116404294968 -0.0950262397527695 39.1053276062012 33.3316459655762 12.1814594268799 10.6928091049194 19.5432720184326 0.499229282140732
