slauniainen/Data/DEM/Vihti_dem1500b_cl_horizonAngle_132.asc
NCOLS 196 
NROWS 178 
XLLCORNER 353680 
YLLCORNER 6699024 
CELLSIZE 16 
NODATA_value -3.4e+38 
[rows 100 to 119 of 178, columns 45 to 89 of 196]
1.61386227607727 1.63005292415619 2.63899755477905 2.50507998466492 2.36320495605469 2.01853585243225 1.72742331027985 1.60615181922913 1.86368548870087 2.12390446662903 2.1460268497467 2.0436851978302 1.99301433563232 2.04702830314636 2.07504773139954 2.0604088306427 2.10324335098267 2.15820407867432 2.09373545646667 1.96139526367188 1.88715732097626 2.13466882705688 2.34062695503235 2.76721453666687 3.04806280136108 3.54430055618286 4.23524141311646 4.78775501251221 7.00331878662109 10.0567255020142 11.6487302780151 13.317346572876 9.07456016540527 1.47816050052643 -0.371086269617081 0.116678841412067 0.820936381816864 1.61778771877289 2.24301290512085 2.81519556045532 3.25780129432678 3.73688149452209 3.98828315734863 4.08792638778687 4.25516176223755
1.82720875740051 1.52238929271698 1.79223811626434 2.19804692268372 2.52454829216003 2.77745389938354 3.24834561347961 2.0914032459259 1.69140386581421 1.9054753780365 2.18254280090332 2.23145389556885 2.13222908973694 2.05021500587463 2.12288498878479 2.15515732765198 2.20479726791382 2.2410671710968 2.27526211738586 2.21662259101868 2.11205410957336 2.30964708328247 2.53720545768738 2.73145222663879 3.27091193199158 3.72843837738037 4.15410661697388 4.64372634887695 5.82371091842651 8.46244621276855 12.5326681137085 14.5276756286621 8.13462352752686 -0.63537985086441 -0.281289875507355 0.210532546043396 1.01842975616455 2.00997924804688 2.91720175743103 3.38387584686279 3.64719867706299 3.80237984657288 4.02321147918701 4.1644926071167 4.26793432235718
1.44028174877167 1.08970153331757 1.13044416904449 1.25464868545532 2.36618232727051 2.85760712623596 3.79938507080078 4.05912065505981 2.58758807182312 1.73958075046539 2.00655484199524 2.32265520095825 2.30264925956726 2.16700983047485 2.12815308570862 2.2143566608429 2.29159903526306 2.331374168396 2.34758234024048 2.40866470336914 2.39884185791016 2.87038040161133 3.08547592163086 3.19317626953125 3.35882806777954 3.51481246948242 4.31903553009033 5.0151801109314 5.48791074752808 7.18631267547607 11.2698936462402 13.9734210968018 6.57108497619629 -0.630198776721954 -0.0547873973846436 0.646546483039856 1.71471261978149 2.37021636962891 3.11635851860046 3.59271597862244 3.7674252986908 3.90353870391846 4.02485036849976 4.14792633056641 4.28972721099854
1.09089136123657 1.05449640750885 1.11025023460388 1.14605057239532 1.30647277832031 2.20771408081055 3.60088515281677 5.06266641616821 5.24158716201782 3.60763669013977 1.81362807750702 2.0370922088623 2.36671137809753 2.47555232048035 2.58624267578125 2.4539430141449 2.26711225509644 2.39020776748657 2.46093821525574 2.49786138534546 2.60090446472168 2.88470578193665 3.47110271453857 3.58446621894836 3.71438312530518 3.79104709625244 4.3999285697937 5.08013486862183 6.07558250427246 6.24285650253296 9.04300403594971 8.45982360839844 -0.624253273010254 -0.545628428459167 0.213419064879417 0.961673200130463 1.8602032661438 2.51361441612244 3.18525147438049 3.725417137146 3.87983202934265 3.93969511985779 4.0218939781189 4.15107250213623 4.27714157104492
1.20175242424011 1.06840777397156 1.13212943077087 1.18606996536255 1.30242478847504 1.48049557209015 2.14554715156555 4.60428762435913 7.05382013320923 7.74173021316528 5.27692127227783 1.83442354202271 2.19623064994812 2.5697762966156 2.66557502746582 2.70927715301514 2.6093852519989 2.39908075332642 2.53427529335022 2.61281085014343 2.6752347946167 3.24973273277283 3.40966582298279 4.04949617385864 4.10850763320923 4.54276180267334 5.00172185897827 5.85122919082642 5.52520656585693 7.30593156814575 6.04999399185181 3.79318928718567 -0.417359322309494 -0.212420120835304 0.456816732883453 1.3488382101059 2.150554895401 2.71310019493103 3.24044990539551 3.82805943489075 3.95421957969666 4.00026178359985 4.06083345413208 4.15095233917236 4.27869272232056
1.35547721385956 1.35636246204376 1.20142352581024 1.28920066356659 1.38410556316376 1.42758059501648 1.49030077457428 2.81829261779785 6.58793878555298 10.2346172332764 5.85212802886963 1.36803460121155 1.84576225280762 2.25017929077148 2.36181020736694 2.75437426567078 2.88529706001282 3.16651558876038 2.83995866775513 2.67436408996582 2.76661729812622 3.10787129402161 3.57537293434143 3.77125692367554 4.871169090271 5.85966968536377 5.93317604064941 3.87592649459839 3.46538114547729 5.68019676208496 3.20338702201843 1.26429009437561 0.508435308933258 0.0222227741032839 0.557700634002686 1.57972514629364 2.36855030059814 2.9771888256073 3.43653607368469 3.79798889160156 3.97755265235901 4.07648277282715 4.12675905227661 4.1887674331665 4.28318929672241
1.40192484855652 1.5088951587677 1.49510824680328 1.35165226459503 1.4221248626709 1.47500813007355 1.56026577949524 1.63235712051392 4.58037757873535 7.5357027053833 2.10457801818848 1.15940761566162 1.29413378238678 1.65336275100708 2.04040718078613 2.41577506065369 2.96908950805664 3.80243110656738 5.96433639526367 3.73908019065857 2.82199287414551 2.77854919433594 3.13011336326599 4.09952545166016 5.53632640838623 6.64024591445923 4.17629241943359 3.3964536190033 3.86384963989258 3.48200654983521 1.32934784889221 0.790382921695709 0.917820155620575 0.164090156555176 0.620087683200836 1.68650114536285 2.50245594978333 3.13240718841553 3.59204292297363 3.81747174263 3.94765186309814 4.10944747924805 4.2044734954834 4.25910615921021 4.32353591918945
1.41405463218689 1.56998932361603 1.68362212181091 1.67884457111359 1.70280516147614 1.54249060153961 1.61766529083252 1.71694850921631 2.01801681518555 3.09589505195618 0.574977457523346 0.411231517791748 0.466525703668594 1.23121178150177 1.7206768989563 2.12864708900452 2.58272504806519 3.18709564208984 4.72046709060669 2.80559253692627 2.51887464523315 2.70983147621155 2.98781275749207 4.31489372253418 5.38267850875854 3.22342491149902 2.25049686431885 2.12811470031738 2.22094225883484 1.41751337051392 1.85469341278076 1.65937864780426 0.810384809970856 0.291298508644104 0.639735221862793 1.63418614864349 2.63276982307434 3.27139735221863 3.70213723182678 3.87415385246277 3.94247674942017 4.07451629638672 4.24112415313721 4.3389949798584 4.40025758743286
1.35107314586639 1.51404750347137 1.77930188179016 1.88417375087738 1.92840468883514 1.88501286506653 1.71052491664886 1.80743408203125 1.85138845443726 1.66810524463654 1.33845269680023 0.748450994491577 0.501937329769135 0.617542624473572 1.3354229927063 1.81832659244537 2.28490543365479 2.77199411392212 3.21705317497253 3.03366637229919 3.07934045791626 2.78286933898926 2.81549382209778 3.96331000328064 3.12767696380615 2.61280417442322 2.6170825958252 2.51856637001038 2.16797280311584 1.66764163970947 1.56097042560577 3.26810073852539 1.66181075572968 0.813034057617188 0.70647007226944 1.42044281959534 2.6215443611145 3.39293694496155 3.77356219291687 3.88281536102295 3.98682188987732 4.06693506240845 4.20108652114868 4.38404273986816 4.4841194152832
1.35267472267151 1.43582510948181 1.62163126468658 1.68525075912476 2.06998372077942 2.13011789321899 2.12861704826355 1.90778362751007 1.94605803489685 1.91069555282593 1.67703628540039 1.46883428096771 0.913144409656525 1.06600022315979 0.992659389972687 1.6754264831543 1.99153184890747 2.45476603507996 2.81683301925659 3.23057270050049 3.42772698402405 3.37174415588379 3.00998830795288 2.83481907844543 2.73355865478516 2.68689751625061 2.71486210823059 2.72110939025879 2.56254363059998 2.31009960174561 1.79338848590851 2.4853835105896 1.89004421234131 1.16565501689911 0.92407613992691 1.31578624248505 2.48854565620422 3.28485727310181 3.77376556396484 3.90353989601135 3.99829292297363 4.11883401870728 4.19850492477417 4.33627033233643 4.53501033782959
1.36661672592163 1.42723035812378 1.54292690753937 1.71042835712433 1.72387158870697 2.22609186172485 2.30119633674622 2.32596397399902 2.08117151260376 2.09810900688171 2.0201530456543 1.82622015476227 1.82653117179871 1.59973096847534 2.01827001571655 1.68806052207947 1.89828372001648 2.11393928527832 2.5187246799469 2.95587563514709 3.58348751068115 3.81774258613586 3.93830919265747 3.24630808830261 2.94108366966248 2.91179919242859 2.86989808082581 2.78061199188232 2.83341145515442 2.84892916679382 2.51321363449097 1.91445076465607 1.56196665763855 1.33738613128662 1.31892073154449 1.36193084716797 2.34257507324219 3.09588599205017 3.63324117660522 3.89437007904053 4.02619791030884 4.12544822692871 4.25244379043579 4.33918762207031 4.48582553863525
1.41914570331573 1.44717419147491 1.53120684623718 1.63374876976013 1.79346346855164 1.8647677898407 2.42218852043152 2.50599932670593 2.54562044143677 2.25360512733459 2.24033546447754 2.14373850822449 1.89942300319672 2.03536891937256 2.03339815139771 2.55442070960999 2.80390191078186 2.14548492431641 2.25936555862427 2.76458644866943 3.24862408638 4.09048557281494 4.54750680923462 4.44506168365479 3.52122759819031 3.31179809570312 3.08067798614502 3.04288125038147 3.1158299446106 3.22986435890198 3.1164276599884 2.72291111946106 2.01315236091614 1.61347711086273 1.63000857830048 1.95162928104401 2.82476782798767 3.32007741928101 3.61056208610535 3.84147596359253 4.01718044281006 4.15698766708374 4.25643920898438 4.39297962188721 4.48646354675293
1.45780694484711 1.49493062496185 1.53727662563324 1.6250833272934 1.67216229438782 1.75600612163544 2.03036689758301 2.65774893760681 2.73754787445068 2.77795743942261 2.43117165565491 2.4029266834259 2.30526781082153 2.24836134910583 2.62348008155823 2.48040652275085 2.60765886306763 3.36913824081421 2.85224890708923 2.57151007652283 3.11327433586121 3.71674299240112 4.7992959022522 5.43027544021606 5.97989368438721 5.60702466964722 4.36046504974365 3.32952427864075 3.38821458816528 3.43630981445312 3.50843620300293 3.44024395942688 3.04468417167664 2.41318917274475 2.14278507232666 3.04838991165161 3.85205698013306 4.1561484336853 4.5270037651062 4.71968698501587 4.65039110183716 4.14630508422852 4.2876501083374 4.3976149559021 4.5432710647583
1.47316336631775 1.541144490242 1.58785712718964 1.63084304332733 1.66843342781067 1.74868679046631 1.8310261964798 2.20961451530457 2.9065101146698 2.96968531608582 3.04236650466919 2.658766746521 2.57526326179504 2.66483020782471 2.68019413948059 3.1182005405426 3.31002855300903 3.38077592849731 4.78504753112793 4.52942895889282 2.94334602355957 3.58557891845703 4.3430757522583 5.73781776428223 6.31144428253174 7.31655597686768 6.79488134384155 5.33454418182373 3.57943534851074 3.65178513526917 3.76358079910278 3.87664818763733 3.87590050697327 3.5072283744812 3.36827707290649 4.00037479400635 4.7614598274231 5.1392674446106 5.54956722259521 6.06244945526123 6.58078002929688 6.54246616363525 4.60818099975586 4.36193180084229 4.50117540359497
1.41852843761444 1.54089021682739 1.62082970142365 1.62637794017792 1.6944477558136 1.75166964530945 1.82953083515167 1.96039223670959 2.39161086082458 3.18219041824341 3.26359677314758 3.3618471622467 2.88516902923584 2.81337714195251 2.90827465057373 3.07360816001892 3.23834943771362 4.11846876144409 4.59579420089722 6.98090076446533 7.21606159210205 3.18951940536499 4.15259981155396 5.02423763275146 5.50519752502441 7.56681203842163 9.30026435852051 8.58074569702148 7.41272640228271 4.82008600234985 3.94302773475647 4.17016124725342 4.28227949142456 4.33333873748779 4.83046913146973 5.15754652023315 5.71444797515869 6.48136520385742 6.55121803283691 6.90208005905151 7.00599479675293 5.43759202957153 4.08717679977417 4.15775060653687 4.36412620544434
1.78930485248566 1.50352013111115 1.61146140098572 1.62237727642059 1.71716022491455 1.7844113111496 1.83279025554657 1.89364385604858 2.13632249832153 2.62596154212952 3.52831435203552 3.66296315193176 3.73315191268921 3.47270798683167 3.03872036933899 3.23057126998901 3.37207174301147 3.88150572776794 5.35197496414185 6.25187635421753 8.66169834136963 2.58931684494019 3.00948071479797 4.18730306625366 5.3212456703186 6.72404003143311 9.59665966033936 12.7934427261353 11.5540227890015 10.1934900283813 4.96740245819092 4.10169744491577 4.41477966308594 4.61353826522827 5.78278636932373 6.68590545654297 7.46153545379639 7.62916231155396 8.67887878417969 8.57822799682617 6.68618679046631 3.85794568061829 3.73271608352661 3.90473508834839 4.15863561630249
2.00705742835999 1.87719559669495 1.56557178497314 1.54907417297363 1.68206548690796 1.76380288600922 1.83492231369019 1.88427257537842 1.95665001869202 2.33163356781006 2.91931104660034 3.9483904838562 4.10947322845459 4.25228691101074 4.09349822998047 3.31768989562988 3.35589981079102 3.95115399360657 4.84064531326294 7.14923238754272 7.10817050933838 2.47607326507568 2.77559399604797 3.4065625667572 5.0445294380188 6.67131567001343 9.38108348846436 12.6156568527222 18.6706676483154 12.3571758270264 5.9835319519043 3.61881685256958 4.25743722915649 4.83036375045776 6.16734170913696 7.76727867126465 9.18382549285889 10.3669176101685 11.1960525512695 9.94234371185303 6.29572153091431 3.97244262695312 3.55404591560364 3.75519466400146 3.94525551795959
2.33803725242615 2.13023042678833 1.90453970432281 1.58508241176605 1.57999062538147 1.71663558483124 1.803990483284 1.88937079906464 1.93177270889282 2.02272582054138 2.57346248626709 3.28107714653015 4.39340686798096 4.51229047775269 4.6347827911377 4.57222890853882 3.71279740333557 3.79356670379639 4.67813634872437 6.48755407333374 7.75674295425415 2.57815742492676 2.69666123390198 2.8290159702301 3.79359316825867 6.75856304168701 8.56482982635498 12.6828441619873 12.5192747116089 2.57992768287659 1.52991557121277 2.5716872215271 3.80035424232483 4.98651170730591 6.330885887146 8.20377922058105 11.3294229507446 13.6970148086548 12.733325958252 6.88205909729004 3.1658992767334 3.20460963249207 3.36903476715088 3.56044220924377 3.83443570137024
2.59665703773499 2.46382260322571 2.18495726585388 1.93713212013245 1.60892558097839 1.61837518215179 1.75477087497711 1.85396885871887 1.93822777271271 1.98311483860016 2.21186542510986 2.83151841163635 3.39640927314758 3.47131681442261 4.8274564743042 5.30832147598267 5.19153738021851 4.13366842269897 4.83842372894287 5.02043771743774 4.99861574172974 2.60343360900879 2.72083830833435 2.82520079612732 2.93580555915833 4.83469295501709 8.61491584777832 9.12724304199219 5.61648845672607 2.07126092910767 1.47886967658997 2.30186915397644 3.65486931800842 4.88473176956177 6.77283430099487 9.07061100006104 12.5849113464355 16.076997756958 10.4898319244385 4.82035446166992 3.97073793411255 3.07038354873657 3.24471044540405 3.40860652923584 3.66163277626038
3.02557063102722 2.64261436462402 2.50567626953125 2.21824288368225 1.96649873256683 1.86000752449036 1.70793533325195 1.78722584247589 1.89685213565826 1.97684144973755 2.05558609962463 2.35026693344116 2.81827902793884 2.87049508094788 3.69734454154968 5.5897479057312 6.38246393203735 7.65810203552246 4.80965995788574 3.93160939216614 5.31025886535645 2.49543309211731 2.69946146011353 2.81001543998718 2.89486360549927 2.97997975349426 5.11724996566772 2.8259105682373 2.63932657241821 2.44035792350769 2.20176982879639 2.09559226036072 3.62805104255676 5.33409833908081 6.95576095581055 9.42492294311523 13.6692571640015 16.6878070831299 8.80773830413818 5.27615165710449 5.10617208480835 4.80972719192505 3.1784565448761 3.28840827941895 3.48921203613281
