slauniainen/Data/DEM/Vihti_dsm1500b_cl_horizonAngle_132.asc
NCOLS 196 
NROWS 178 
XLLCORNER 353680 
YLLCORNER 6699024 
CELLSIZE 16 
NODATA_value -3.4e+38 
[rows 60 to 79 of 178, columns 0 to 45 of 196]
7.55569076538086 8.14217758178711 10.3862676620483 7.39819669723511 11.1290473937988 2.1991560459137 2.36032819747925 2.65646815299988 3.09224247932434 3.50222778320312 3.53833842277527 3.98737120628357 2.527672290802 2.14711451530457 2.2798867225647 2.93637919425964 3.09023666381836 3.28438138961792 4.56910943984985 4.38471508026123 4.57270526885986 -2.07063460350037 12.7309474945068 12.7880487442017 21.4688873291016 -1.35684645175934 -1.10477185249329 -0.682582139968872 -0.421004682779312 3.68793106079102 -0.244880825281143 -0.206312954425812 -0.133097037672997 -0.0718794018030167 -0.0812387093901634 -0.108411841094494 -0.131481662392616 -0.145895883440971 0.870086193084717 0.711582839488983 0.847725868225098 13.2679948806763 -0.606330752372742 35.344310760498 -1.64282810688019 -1.76215350627899
9.88855457305908 1.06646251678467 9.7379093170166 13.2509679794312 8.92828845977783 16.0535621643066 3.14368271827698 2.64610600471497 2.69916033744812 3.32319831848145 3.6574592590332 3.6049211025238 3.79075288772583 2.59243750572205 2.69104194641113 2.79425978660583 3.52909302711487 3.28539228439331 3.08222818374634 1.14800930023193 2.72748565673828 5.21010971069336 4.61389875411987 19.0225677490234 19.0120525360107 37.2429733276367 -1.15905559062958 -0.767442524433136 -0.439513742923737 -0.269480377435684 6.24835062026978 -0.135848477482796 -0.0809523910284042 -0.0148884439840913 0.00650906749069691 -0.0505486689507961 -0.0848511382937431 -0.0958478823304176 -0.0671817883849144 0.990998864173889 0.973901689052582 1.06976425647736 24.2928466796875 0.749356746673584 -1.06371450424194 -1.22364687919617
0.0853590741753578 -1.06775712966919 2.69024872779846 12.3872299194336 18.863260269165 11.5214681625366 28.3927764892578 2.24868249893188 2.7732617855072 3.46747446060181 2.66954874992371 3.65946912765503 4.24670076370239 5.3189115524292 3.0689799785614 2.73758554458618 3.19911646842957 5.51261281967163 2.25135183334351 0.777037084102631 1.15604746341705 1.51586413383484 4.85589790344238 7.38651990890503 36.4357109069824 35.8844795227051 2.96299719810486 -0.910288989543915 -0.523845374584198 -0.278331398963928 -0.159125372767448 10.856969833374 -0.0463823899626732 0.0175229497253895 0.0424559824168682 0.0405427329242229 -0.0134027171880007 0.952727556228638 -0.0190634410828352 0.39595690369606 1.08490514755249 1.21137166023254 1.34531927108765 0.310240685939789 2.42475914955139 2.10123014450073
1.93018841743469 2.35849356651306 1.85510504245758 2.72946071624756 17.1677360534668 32.282356262207 15.6898031234741 3.58361411094666 2.52134418487549 2.21241044998169 2.15725779533386 3.24625444412231 4.49676179885864 4.84708833694458 6.20674467086792 3.93462324142456 3.45967888832092 3.37901186943054 0.998229384422302 -0.245323464274406 -0.491488665342331 0.902337491512299 0.299423485994339 8.8634090423584 18.1912117004395 -2.03299403190613 -2.09066295623779 -2.46274137496948 -0.643465876579285 -0.33054330945015 -0.156914606690407 -0.0800790190696716 -0.501487076282501 0.0254855174571276 0.0672163143754005 0.0866115093231201 0.473865002393723 0.879977226257324 1.03515994548798 0.028355935588479 0.440902709960938 1.18107497692108 1.46257317066193 1.73617708683014 4.73092985153198 6.52726888656616
1.7433797121048 1.98068487644196 2.00687861442566 1.57546603679657 3.26022744178772 31.12184715271 0.316035151481628 28.5874137878418 0.117753267288208 2.05765438079834 2.5293505191803 2.88275861740112 3.46560740470886 6.58280086517334 5.844566822052 0.243525132536888 2.66330623626709 1.36377084255219 1.75284910202026 1.06184232234955 -0.16342993080616 -0.353853642940521 1.29256856441498 1.61705183982849 20.1886081695557 -1.13481688499451 -1.38872420787811 -1.91365265846252 -0.482382893562317 -0.315580457448959 -0.132618308067322 -0.035027027130127 0.0274487938731909 0.062668189406395 0.0963086560368538 0.133066073060036 0.159194737672806 0.552078604698181 0.951586008071899 1.1034893989563 0.0591369308531284 0.498997867107391 1.27324426174164 1.72310531139374 2.34161758422852 6.49643516540527
1.55389416217804 1.91269934177399 1.99680912494659 2.06440854072571 1.87559008598328 4.32052564620972 -0.909411072731018 6.25980043411255 -0.34017351269722 2.69904232025146 2.68341827392578 2.77231740951538 2.91485643386841 1.59606885910034 1.01072680950165 0.713771939277649 0.845891833305359 0.0317076221108437 1.39778196811676 2.05269908905029 1.38836753368378 0.333659827709198 0.00947097036987543 3.35314679145813 4.36158561706543 -1.01295220851898 -0.954665422439575 -1.02148962020874 -1.2471626996994 -0.185335665941238 -0.136399954557419 0.000248203898081556 0.0962775945663452 0.136820673942566 0.161513388156891 0.189747139811516 0.214642599225044 0.214024215936661 0.604235351085663 1.00801372528076 1.16141903400421 0.995092630386353 0.555325269699097 1.5937135219574 2.04717803001404 2.49406766891479
1.79520070552826 1.90271306037903 1.7912529706955 2.15055799484253 2.21102356910706 2.27144479751587 7.69300317764282 -0.762528955936432 -0.91212272644043 2.91459941864014 3.19693231582642 2.81193280220032 3.07623744010925 1.48789322376251 1.6239310503006 1.08226454257965 0.400902420282364 0.873894810676575 0.13979883491993 1.59973871707916 2.65183472633362 1.71071565151215 1.54506850242615 0.255144476890564 1.87857449054718 13.9147214889526 -0.676383376121521 -0.678309440612793 4.00451803207397 -0.0687434077262878 -0.0461991652846336 0.0176777299493551 0.120233446359634 0.194401696324348 0.229087978601456 0.244432553648949 0.250044971704483 0.251603156328201 0.245738953351974 0.646780908107758 1.06811690330505 1.24330198764801 1.74109029769897 2.70541048049927 1.68301141262054 2.63905501365662
1.50776708126068 1.3200227022171 1.58501803874969 1.8580641746521 2.1791365146637 2.31067228317261 2.42916345596313 0.315652638673782 2.31492185592651 3.1922299861908 3.57151770591736 4.09322643280029 3.5130033493042 3.23105096817017 1.49979734420776 1.63335812091827 1.13663387298584 0.468137353658676 1.09938502311707 0.524025440216064 1.94108510017395 3.42320156097412 2.20169305801392 1.85066163539886 0.806132674217224 4.17761611938477 1.15847754478455 3.06496262550354 1.51030075550079 17.8367462158203 0.0263030789792538 0.0400805436074734 0.125949859619141 0.200418621301651 0.272232353687286 0.308142364025116 0.294311612844467 0.283539861440659 0.282414853572845 0.889839649200439 0.713490784168243 1.15282237529755 2.39194488525391 2.7416398525238 2.84244608879089 1.81252944469452
1.40105223655701 1.30542659759521 1.43795168399811 2.06464910507202 1.84733724594116 1.97327589988708 2.63636612892151 2.90401124954224 2.55557727813721 2.77963638305664 3.93500304222107 4.80463409423828 4.58226823806763 1.51823794841766 1.63069117069244 1.506432056427 1.73338091373444 1.29402089118958 0.905266582965851 1.76385724544525 1.50019776821136 1.89500212669373 4.50727128982544 3.31903862953186 3.75154614448547 2.6598424911499 2.02628064155579 6.66104412078857 4.59618473052979 2.61892700195312 -0.541434109210968 0.13941715657711 0.150147691369057 0.202402547001839 0.277163922786713 0.347390681505203 0.347588002681732 0.324564397335052 0.319509863853455 0.342604517936707 0.966199159622192 1.95107686519623 2.75058698654175 2.75661778450012 2.88866591453552 2.99516272544861
1.26885533332825 1.70274066925049 1.36569845676422 1.7784560918808 2.3433849811554 1.88052153587341 2.28328704833984 3.34445905685425 3.25342750549316 2.73496413230896 3.1502697467804 4.38501071929932 1.46042358875275 1.39210283756256 1.59338462352753 1.77821552753448 1.69494044780731 1.94722890853882 1.47104942798615 1.15141272544861 2.51607537269592 2.26989841461182 2.97384428977966 5.86798334121704 6.8829083442688 6.02983427047729 4.18094301223755 3.2570788860321 9.77657985687256 6.99026155471802 4.40736293792725 0.625327706336975 0.212677150964737 0.229110300540924 0.2829729616642 0.343299895524979 0.381167590618134 0.386013716459274 0.392546802759171 0.411319494247437 0.492717981338501 2.04123401641846 3.29603362083435 2.88216185569763 2.88978624343872 3.02855253219604
1.5754816532135 1.22015798091888 1.32404124736786 1.7261255979538 2.09907507896423 2.40185165405273 2.04667854309082 2.68945002555847 4.13181400299072 3.56366610527039 1.89861536026001 1.71506428718567 1.82788622379303 1.51722729206085 1.60461163520813 1.80494606494904 1.95703196525574 1.87049055099487 2.12275981903076 1.70002293586731 1.31652724742889 3.2227258682251 3.26907992362976 3.88820648193359 3.07857084274292 9.61162281036377 8.766526222229 6.27504110336304 4.9886269569397 15.3138599395752 11.1410007476807 7.21220731735229 1.85505676269531 0.278667211532593 0.296716958284378 0.382190972566605 0.686152637004852 2.6443567276001 2.66406774520874 1.71303808689117 1.09284543991089 1.79618167877197 2.26254796981812 3.38153839111328 2.96964812278748 2.98964023590088
2.17368745803833 2.27744913101196 1.25290727615356 1.8716002702713 2.15132236480713 2.12958598136902 2.43355011940002 2.7432234287262 2.92584919929504 1.75240254402161 1.42819607257843 1.91361260414124 1.80302500724792 2.09221005439758 1.928462266922 1.7079553604126 1.91086649894714 2.10576677322388 2.06556677818298 2.3432993888855 1.89053297042847 1.44696116447449 3.7835259437561 1.21574759483337 5.90899801254272 6.70689249038696 13.317286491394 13.7445335388184 9.94124794006348 7.86427593231201 29.0296974182129 22.2512607574463 15.9889440536499 5.63714265823364 1.05891084671021 2.45227479934692 4.36554527282715 1.96164524555206 0.469363659620285 0.471037983894348 0.553760766983032 1.52349388599396 1.83212316036224 2.33468723297119 3.50044322013855 3.08110547065735
2.14952373504639 2.6156325340271 1.35823595523834 1.54984974861145 1.90807640552521 2.17207837104797 2.1355128288269 2.48101758956909 1.89611184597015 1.83715486526489 1.04331052303314 1.60447764396667 2.11821413040161 1.98575401306152 2.23140716552734 2.03904747962952 1.87225413322449 2.08997988700867 2.24618053436279 2.26661777496338 2.56472563743591 1.99761247634888 2.16068291664124 4.99196720123291 1.90395128726959 8.37952423095703 10.0159397125244 19.9265460968018 26.8672561645508 20.1892547607422 15.9067764282227 -0.654614090919495 -0.413724452257156 -0.185463145375252 0.18545463681221 2.63447690010071 0.452762752771378 0.390373051166534 0.435884863138199 0.50195300579071 0.645932734012604 0.840885400772095 1.60003662109375 2.05896973609924 2.42572093009949 3.62933969497681
1.723428606987 3.11765122413635 3.22597670555115 0.87194949388504 1.56339609622955 1.90810215473175 2.19007301330566 2.19497132301331 2.50106072425842 1.94588792324066 1.93066167831421 1.23131334781647 1.75652551651001 2.2714467048645 2.09309601783752 2.40380764007568 2.20941972732544 1.96827149391174 2.24040770530701 2.43321537971497 2.43932437896729 2.76349973678589 2.96119785308838 2.4230580329895 6.01281499862671 2.61557269096375 13.2421464920044 21.0158767700195 37.5298614501953 2.19042253494263 -0.18815740942955 0.173490598797798 0.0611538216471672 0.110353216528893 1.67754209041595 1.00635206699371 0.375268012285233 0.455190777778625 0.532923340797424 0.602504789829254 0.751887679100037 0.848083972930908 1.00503671169281 1.63095855712891 2.14269280433655 2.51524019241333
2.05655717849731 2.78086519241333 1.46036994457245 0.317684859037399 0.737170279026031 1.58431267738342 1.97207605838776 2.26863837242126 2.24700403213501 2.58117461204529 2.01826095581055 2.08212971687317 1.3525801897049 1.92207300662994 2.42122530937195 2.29098963737488 2.57562923431396 2.34454870223999 2.15957260131836 2.3458366394043 2.57943987846375 2.67097926139832 2.87718629837036 3.18173623085022 2.61628389358521 7.64795303344727 8.7382984161377 29.1474838256836 7.78322458267212 -0.241470903158188 2.54113149642944 5.10692453384399 7.64592313766479 0.394069015979767 0.3962382376194 0.42265310883522 0.514335632324219 0.564427971839905 0.596634447574615 0.666144847869873 0.802580595016479 0.870498716831207 0.927784085273743 1.03617215156555 1.70028162002563 2.21732711791992
1.79143726825714 2.80383849143982 1.84811902046204 1.14896047115326 0.419224917888641 0.633917033672333 1.60698056221008 2.02897024154663 2.33347821235657 2.31678581237793 2.66696977615356 2.15003657341003 2.26978635787964 1.45258486270905 2.07130074501038 2.62230563163757 2.44159531593323 2.76026487350464 2.46952819824219 2.25158548355103 2.56249141693115 2.8780300617218 2.91647434234619 3.12729978561401 3.48574113845825 3.87216687202454 5.07257556915283 10.4621448516846 -0.116680338978767 2.85436415672302 18.6955070495605 4.0149097442627 8.98485946655273 1.64242577552795 1.06935977935791 0.533654391765594 0.619735181331635 0.658089756965637 0.690627992153168 0.742581784725189 0.803053200244904 0.853271067142487 0.918387055397034 1.88390529155731 1.60462927818298 1.77206552028656
2.53191018104553 2.55927896499634 3.09256267547607 0.996830880641937 0.375635534524918 0.856872618198395 0.814996123313904 1.66471230983734 2.08650898933411 2.4103696346283 2.46118545532227 2.90078186988831 2.35506701469421 2.40361857414246 1.64126706123352 2.27019953727722 2.76987361907959 2.57449698448181 2.90045976638794 2.65011954307556 2.60578083992004 2.78518962860107 3.1382737159729 3.19356679916382 3.52217078208923 3.7037672996521 2.91930961608887 5.47401237487793 13.0257587432861 9.60634708404541 4.61217546463013 2.40519833564758 29.155647277832 5.79624176025391 6.5214991569519 1.09519720077515 0.63457715511322 0.696708083152771 0.747211992740631 2.31775164604187 2.04935383796692 1.96907019615173 2.46288752555847 2.48273086547852 1.97000467777252 1.67260849475861
1.04046761989594 1.0471738576889 1.64207375049591 0.258897691965103 0.57337898015976 0.986546754837036 0.881048858165741 0.852858006954193 1.71710443496704 2.20131969451904 2.5829291343689 2.62488389015198 3.17963814735413 2.86302018165588 2.69462275505066 2.83640170097351 2.42304086685181 2.90044212341309 2.78533816337585 3.19408106803894 3.28276109695435 2.80818963050842 2.98933863639832 3.50153970718384 3.48157620429993 3.52487850189209 3.74924683570862 2.99302196502686 9.59588432312012 14.410551071167 0.46854892373085 0.174430370330811 6.39641523361206 0.541722476482391 10.6008081436157 12.7653379440308 1.13720810413361 0.722751617431641 2.3563072681427 2.36250066757202 2.40851068496704 2.33162021636963 2.5912914276123 2.58633637428284 2.58008909225464 2.08106184005737
1.30882620811462 1.38807582855225 1.17671954631805 0.319933533668518 0.479527056217194 0.344805508852005 0.399582475423813 0.896377623081207 0.886183083057404 1.82228803634644 2.28321623802185 2.72614336013794 2.79071617126465 5.01589202880859 3.41612863540649 2.90327310562134 2.96505784988403 2.653160572052 3.19432950019836 2.97188019752502 3.03806924819946 3.47997713088989 3.03320336341858 3.2891788482666 3.66791987419128 3.51850605010986 3.65461730957031 3.9006986618042 3.09074950218201 1.83283591270447 31.6398963928223 1.19204568862915 1.16057586669922 6.67120885848999 4.12107849121094 17.534294128418 0.266141444444656 1.99696731567383 2.3181517124176 2.44090580940247 2.45411586761475 2.50967502593994 2.68030142784119 2.69425702095032 2.70288252830505 2.66422629356384
1.17140924930573 1.54375004768372 0.767901003360748 0.419092237949371 0.246997609734535 0.272107064723969 0.338686585426331 0.42176279425621 0.928775250911713 0.919412732124329 1.88489532470703 2.41412043571472 2.86334276199341 2.93650031089783 8.47309970855713 3.59493207931519 3.12019920349121 3.31810164451599 2.28334045410156 3.35010433197021 3.43007659912109 3.20059370994568 3.70025014877319 3.35584044456482 3.36348867416382 3.80791258811951 3.674072265625 3.82144546508789 4.06822443008423 3.22911405563354 2.33958411216736 0.813734650611877 1.68788802623749 1.18586313724518 18.7878360748291 27.9156455993652 13.6691846847534 2.03557705879211 2.30098080635071 2.39897298812866 2.4799222946167 2.50921845436096 2.60988473892212 2.77363562583923 2.81642150878906 2.79556775093079
