slauniainen/Data/DEM/Vihti_dsm1500b_cl_horizonAngle_222.asc
NCOLS 196 
NROWS 178 
XLLCORNER 353680 
YLLCORNER 6699024 
CELLSIZE 16 
NODATA_value -3.4e+38 
[rows 40 to 59 of 178, columns 90 to 134 of 196]
4.28746795654297 3.01100397109985 31.7553310394287 27.3271675109863 7.42900037765503 4.90994262695312 15.1423282623291 12.6127700805664 11.1977281570435 10.9299640655518 12.8386707305908 7.53899574279785 10.8451719284058 4.19822835922241 3.52564072608948 2.36654043197632 3.75310134887695 3.04874300956726 3.63216161727905 3.38927960395813 2.98821544647217 3.27673482894897 3.4155695438385 3.71827030181885 5.13378524780273 5.20493793487549 5.14458036422729 4.9665355682373 4.40832471847534 4.14571714401245 3.80744338035583 4.48237037658691 4.70258235931396 4.40799188613892 4.80727529525757 5.32189893722534 5.14497900009155 3.39203548431396 3.95979166030884 3.36980009078979 4.98067998886108 5.14086008071899 36.5608749389648 23.1227340698242 15.5742406845093
3.52945399284363 0.23206190764904 0.23927991092205 9.3284854888916 6.01699256896973 21.3733615875244 17.2885494232178 14.2800426483154 14.0181751251221 15.5649280548096 8.28110980987549 3.45290493965149 11.7069702148438 3.73102807998657 2.54157471656799 4.08131551742554 3.32144570350647 3.82994079589844 3.5738468170166 3.12048625946045 3.43632245063782 3.60792112350464 3.93298864364624 5.40982389450073 5.44135570526123 5.37978744506836 5.16090822219849 4.55089139938354 4.25660705566406 3.86302638053894 4.57477617263794 4.78293561935425 4.43671226501465 4.86454057693481 5.58127880096436 5.4740571975708 3.39480090141296 3.35905480384827 3.21974039077759 5.12415885925293 4.43466854095459 15.5755796432495 37.8680038452148 20.8262424468994 13.0280656814575
2.32588505744934 8.84249210357666 12.4839658737183 7.64721918106079 36.7481727600098 30.6300849914551 20.0776348114014 19.6145935058594 19.8037395477295 9.26667404174805 3.68525528907776 14.094123840332 3.90261793136597 2.67100214958191 4.40605878829956 3.48803853988647 4.08325099945068 3.80100417137146 3.28781294822693 3.15277981758118 3.49525713920593 3.70521116256714 5.70849895477295 5.72516012191772 5.65028953552246 5.41091585159302 4.74174404144287 4.4334511756897 3.9484486579895 4.64031267166138 4.8456506729126 4.50855159759521 4.97482299804688 5.64449501037598 5.8231406211853 3.4805920124054 3.43173599243164 3.22201919555664 3.15202164649963 4.76806879043579 48.5752983093262 2.91789627075195 34.332649230957 17.2263603210449 12.6640529632568
17.934549331665 12.5032367706299 14.3694868087769 -0.356293886899948 13.6812620162964 34.5674247741699 34.025390625 27.4995555877686 10.5106344223022 6.02750873565674 17.9586639404297 4.13866472244263 2.81626796722412 4.75459909439087 3.65504479408264 4.2900972366333 4.01706838607788 3.48880410194397 3.34591317176819 3.61948776245117 3.80677533149719 5.4345326423645 6.00844526290894 5.9382004737854 5.67944049835205 4.98070526123047 4.65793704986572 4.09668159484863 4.79221534729004 4.97992467880249 4.6122784614563 5.13416481018066 5.81021022796631 5.890549659729 5.19151496887207 3.61154580116272 3.24129176139832 3.16555762290955 4.43545627593994 2.11946868896484 3.08645272254944 7.6535005569458 28.1581954956055 16.6160888671875 10.8791933059692
0.257498949766159 1.64488840103149 2.53115224838257 -0.586011528968811 4.10028219223022 0.840298354625702 44.9432411193848 15.4074382781982 11.2466993331909 24.9174919128418 4.36192560195923 2.954998254776 5.21490049362183 3.79818868637085 4.50082397460938 4.19791173934937 3.63597726821899 3.51814031600952 3.84868168830872 4.00187063217163 4.37735319137573 6.07894420623779 6.12977409362793 6.02605533599854 5.19851398468018 4.88329029083252 4.27934408187866 5.01035451889038 5.19369792938232 4.93170928955078 5.44048738479614 6.07457637786865 6.08893013000488 4.08110284805298 4.48951387405396 3.33836364746094 3.26753163337708 3.99886131286621 5.75549125671387 4.15515613555908 4.43636035919189 4.88555717468262 27.1126327514648 13.9140758514404 6.96775674819946
18.6673698425293 4.64333486557007 14.9308309555054 38.4819564819336 18.5480632781982 -1.59064376354218 10.4521474838257 13.4173555374146 41.480354309082 6.00811529159546 2.93135023117065 5.69272947311401 4.00558280944824 4.75754976272583 4.37687826156616 3.71788954734802 3.61143493652344 4.00041437149048 4.24288463592529 4.66337013244629 6.46431493759155 6.40171432495117 6.33577680587769 6.04253339767456 4.96613073348999 4.89488554000854 5.43673372268677 5.42575454711914 5.41702079772949 5.94302892684937 6.58564043045044 6.4014892578125 3.5139844417572 4.15822887420654 4.14022207260132 3.48929333686829 4.24342346191406 6.09702253341675 5.33932495117188 6.63695764541626 4.96107387542725 4.96429538726807 22.1107711791992 8.03619480133057 6.74150800704956
7.94603252410889 28.7103462219238 -0.572600066661835 34.2424430847168 -0.444720596075058 9.8273811340332 16.3602504730225 -1.27657723426819 6.89318466186523 2.52137303352356 4.4776554107666 5.88428401947021 5.05879640579224 4.68028831481934 3.88288760185242 3.72773551940918 4.10980701446533 4.38918447494507 4.89423513412476 6.88517189025879 6.79840660095215 6.72264575958252 6.34847354888916 5.43381261825562 5.09600639343262 5.89040088653564 5.66359376907349 5.93550586700439 6.63091039657593 7.34181642532349 7.12908315658569 3.4761688709259 3.88053274154663 3.48794436454773 4.564377784729 4.51936388015747 5.03140115737915 6.18556785583496 7.10750246047974 6.66237115859985 5.16177701950073 5.56395149230957 11.8183250427246 7.94775915145874 7.04023456573486
-0.0387787260115147 0.0937552377581596 -0.335592567920685 25.2264423370361 21.8696689605713 24.0221328735352 5.15466594696045 8.21101951599121 2.12693047523499 4.79874229431152 6.6631908416748 5.39486980438232 4.99950933456421 4.12824630737305 3.95378756523132 4.35016107559204 4.60462141036987 5.14078426361084 7.29774904251099 7.22403192520142 7.15752983093262 6.72424173355103 5.70053339004517 5.33808517456055 6.47488260269165 6.00931167602539 6.55431509017944 7.37157011032104 8.34962177276611 8.13303184509277 3.77735161781311 4.20234727859497 3.45603394508362 3.86813139915466 4.21947860717773 5.66364860534668 6.73142290115356 5.83647298812866 7.28690767288208 6.2606725692749 5.88409566879272 5.67154598236084 12.5949935913086 8.44414806365967 12.160285949707
10.7950630187988 0.901716291904449 -0.279793918132782 -0.884917676448822 27.0599269866943 8.22731876373291 12.4440002441406 5.87993669509888 5.43992137908936 8.18400382995605 5.867103099823 5.4078426361084 4.37256383895874 4.25303554534912 4.66599416732788 4.96461009979248 5.53479957580566 7.84351301193237 7.69489717483521 7.63481330871582 7.09109878540039 6.02637720108032 5.68665504455566 7.34710454940796 6.78596544265747 7.36935520172119 8.36719226837158 9.50654697418213 9.41746425628662 4.26035690307617 4.74816751480103 3.50620007514954 4.06398916244507 4.08898687362671 5.84450960159302 7.35218954086304 6.52660655975342 7.93404102325439 7.36734056472778 6.8353271484375 6.39289712905884 6.59692764282227 11.2378520965576 16.7328643798828 6.52831792831421
7.32153844833374 8.0908727645874 4.44826364517212 -1.65580177307129 16.5365467071533 20.426794052124 7.341148853302 7.38802766799927 11.9214782714844 6.68256711959839 6.05606937408447 4.75320053100586 4.57699394226074 5.03657913208008 5.41410303115845 6.06783103942871 8.57357883453369 8.30757522583008 8.19933128356934 7.55793380737305 6.34564733505249 6.01858997344971 5.15556192398071 7.77387857437134 7.15150356292725 7.79923343658447 8.89381885528564 10.1590509414673 10.0786256790161 5.38679647445679 3.61429405212402 4.48223352432251 4.59870052337646 6.2534875869751 7.67048835754395 6.91235256195068 8.76271724700928 8.2166109085083 7.68903255462646 7.71561479568481 7.21089172363281 14.5087890625 29.3458385467529 7.52490949630737 5.48637199401855
16.0928173065186 10.051887512207 17.2280540466309 0.3374382853508 -0.310849756002426 9.37043476104736 1.01684880256653 17.4416637420654 5.71042394638062 7.20846033096313 6.5433497428894 5.11458826065063 5.56967258453369 5.99068069458008 6.75830030441284 9.53944873809814 9.18676948547363 8.96520805358887 8.20886707305908 6.84445953369141 6.49224853515625 5.48332977294922 9.23515129089355 8.48007869720459 9.26229858398438 10.5497627258301 12.1288576126099 11.9818334579468 4.9510645866394 5.691575050354 5.05762958526611 4.16651296615601 6.84292936325073 8.28598690032959 7.37871789932251 9.28044509887695 9.03150367736816 8.52939891815186 8.55578804016113 6.28158521652222 6.50241327285767 4.51507139205933 9.670823097229 5.68477487564087 5.46227121353149
18.2740688323975 2.80882859230042 5.99243259429932 5.38834619522095 10.4807987213135 2.13533043861389 1.74565756320953 6.92103433609009 8.71201515197754 7.90186023712158 5.8235239982605 6.3942551612854 6.84740304946899 7.79590559005737 10.8028345108032 10.2104730606079 10.0296039581299 9.00290966033936 7.44203472137451 7.14848041534424 5.94255304336548 11.8584432601929 10.8603897094727 11.8735284805298 13.5437211990356 15.533411026001 15.3095722198486 5.72109317779541 6.70576286315918 3.8076331615448 5.31826591491699 7.49925088882446 9.01273632049561 8.03153610229492 9.99388980865479 9.64386367797852 9.22622013092041 9.49028205871582 7.9140796661377 8.43863296508789 10.1400671005249 14.520092010498 6.04354286193848 5.72562217712402 5.68809986114502
31.4175186157227 10.8006992340088 9.30546951293945 30.9504985809326 3.98332166671753 14.2571182250977 9.17202281951904 11.2189178466797 10.2191171646118 7.08313179016113 6.70695304870605 6.92960548400879 7.50095224380493 12.5544357299805 11.5712785720825 11.4006242752075 10.1401271820068 8.17278385162354 7.91103649139404 6.54158973693848 17.0647792816162 15.5020589828491 16.9363059997559 19.3328952789307 22.0543003082275 21.7917366027832 7.13887882232666 8.36809158325195 3.91433429718018 6.27967262268066 8.41938209533691 9.82822036743164 8.78615760803223 10.8879537582397 10.4658193588257 10.2578401565552 10.2096462249756 8.62023735046387 9.37587356567383 12.0051927566528 29.0469055175781 6.71556091308594 6.83639574050903 6.04063701629639 5.29576349258423
18.6058540344238 17.6861267089844 -0.663618803024292 8.55331325531006 28.8839912414551 14.2951946258545 16.548267364502 14.5379734039307 9.11088275909424 8.74700927734375 8.49320030212402 9.10456848144531 12.1145877838135 13.7047328948975 13.3083171844482 11.5694408416748 9.20333385467529 9.03152561187744 7.23697662353516 30.7173938751221 28.3102264404297 30.5327033996582 33.755485534668 37.6587867736816 37.312686920166 9.87226581573486 11.6691427230835 4.17137670516968 8.11680507659912 9.64526271820068 11.1269197463989 9.72920036315918 11.9872245788574 11.5204524993896 11.7758312225342 11.0650491714478 9.18313884735107 10.2873935699463 6.71044254302979 5.52633380889893 10.2208871841431 9.68899631500244 6.54272079467773 6.38725328445435 6.02801942825317
36.5492858886719 19.70041847229 5.55817079544067 -0.988373637199402 30.2563304901123 31.8783187866211 27.1667327880859 12.5659370422363 12.2327480316162 10.8811016082764 11.923996925354 13.606255531311 16.8827438354492 14.842059135437 14.5029354095459 10.6480264663696 10.4816436767578 8.04880905151367 5.01160478591919 5.79639196395874 4.5771107673645 2.26230382919312 2.49598336219788 1.68535220623016 16.7379531860352 20.8126621246338 6.40004396438599 14.4256210327148 17.5047969818115 12.3196439743042 12.0331859588623 13.2741012573242 12.7984590530396 11.7852916717529 12.8413705825806 10.0294990539551 11.0978546142578 9.22753810882568 6.78274774551392 20.7416515350342 14.9884634017944 7.02852535247803 6.84547710418701 7.22904396057129 5.10410976409912
24.0948238372803 20.096586227417 4.43627452850342 -0.950715959072113 -1.70135343074799 1.52570974826813 24.0421123504639 21.3041305541992 15.0200252532959 16.5983600616455 19.0253162384033 21.5727233886719 19.2903099060059 17.8170185089111 14.6471614837646 10.9731540679932 11.37610912323 10.90149974823 9.83861446380615 8.81884384155273 3.4572594165802 5.51040077209473 3.2424054145813 3.69110560417175 3.10819244384766 4.02079629898071 7.23424768447876 6.03804302215576 14.253116607666 14.5950126647949 14.9590158462524 14.3663873672485 13.2228221893311 15.4875164031982 11.0738868713379 12.0552797317505 9.93657875061035 9.25607013702393 6.80818033218384 28.265811920166 9.60100650787354 7.40172481536865 9.31485271453857 7.65133762359619 6.69188642501831
23.68825340271 21.2657241821289 9.3197135925293 -0.228328347206116 -1.60400807857513 -1.38904988765717 -1.41342496871948 27.238618850708 28.1053142547607 32.1442375183105 29.5889377593994 26.6679573059082 22.6944427490234 19.9149627685547 13.2243537902832 13.9303388595581 12.3993625640869 11.6998014450073 18.1085567474365 5.30611753463745 6.0892219543457 4.73668527603149 8.97717189788818 4.4988579750061 4.32271480560303 3.27288460731506 10.6955184936523 15.1189565658569 21.9915313720703 17.3497104644775 16.5896167755127 16.6228351593018 19.6661052703857 12.3873519897461 13.1489391326904 10.7259359359741 9.91823673248291 9.45154190063477 6.03905200958252 18.1593952178955 10.7788782119751 12.4248504638672 9.68164348602295 7.54488134384155 6.31103563308716
17.41965675354 23.4793586730957 19.2776031494141 2.30005812644958 15.4969272613525 0.355381339788437 -1.45869958400726 -0.466765999794006 -1.64195609092712 45.2734870910645 41.9805145263672 30.5822677612305 34.4201011657715 16.0583610534668 17.9836597442627 14.0253114700317 13.7452878952026 32.3970642089844 9.86743831634521 6.45406246185303 5.15767049789429 12.963116645813 4.80949926376343 4.37224912643433 4.44509696960449 4.34738111495972 22.5610904693604 17.2666053771973 18.1920795440674 19.1651458740234 23.60791015625 27.5587921142578 15.8035764694214 14.526629447937 11.654899597168 10.6794948577881 10.2245721817017 11.8044624328613 7.25357151031494 20.1797752380371 18.1182651519775 12.7314300537109 8.59165287017822 6.90878772735596 6.26959466934204
5.86011505126953 21.2150859832764 21.4780597686768 -0.479989111423492 7.68965196609497 1.34232103824615 -1.4399219751358 -1.61703753471375 -2.23839569091797 14.4754867553711 31.1187210083008 15.7912664413452 21.7638816833496 24.6604347229004 19.7792072296143 19.1366806030273 7.31982707977295 14.1518983840942 8.7877082824707 5.82372093200684 23.8611717224121 5.13586330413818 4.52182054519653 4.39108085632324 9.12451076507568 23.3546981811523 34.5057601928711 19.9672966003418 33.7811698913574 40.5453605651855 45.6913070678711 19.1484851837158 18.8239116668701 12.8475570678711 11.7270402908325 11.20192527771 10.6917915344238 12.8114576339722 7.46520519256592 32.85546875 18.6489067077637 9.82982730865479 7.57177066802979 6.89988279342651 6.56272506713867
1.16953611373901 6.12243461608887 7.54347467422485 12.1119394302368 7.93979835510254 0.153041839599609 -1.09881663322449 -2.22851943969727 -3.03915500640869 4.77845764160156 32.8759307861328 18.6539344787598 35.2214508056641 29.7020511627197 26.2837409973145 19.5514430999756 18.9296951293945 7.74349355697632 11.5862951278687 3.18673229217529 5.47892999649048 4.86837911605835 4.56688547134399 11.3765249252319 1.84338986873627 10.3322896957397 15.2228832244873 18.7209129333496 14.1971015930176 9.24636363983154 24.5272521972656 33.4352607727051 23.3899574279785 14.1312303543091 12.4808645248413 12.6333837509155 15.369722366333 8.32832527160645 5.16861295700073 33.6576843261719 13.1454162597656 8.33000564575195 7.6329197883606 7.35987901687622 6.38736009597778
