slauniainen/Data/DEM/Vihti_dsm1500b_cl_horizonAngle_162.asc
NCOLS 196 
NROWS 178 
XLLCORNER 353680 
YLLCORNER 6699024 
CELLSIZE 16 
NODATA_value -3.4e+38 
[rows 0 to 19 of 178, columns 92 to 137 of 196]
-3.32638788223267 -3.48485922813416 0.921919465065002 -2.91207242012024 -2.83648276329041 -2.33486008644104 -0.397533625364304 0.0106658516451716 0.397956937551498 2.48432612419128 11.3980054855347 39.5514869689941 -0.0807089656591415 21.880241394043 4.71881484985352 1.52552342414856 1.24132061004639 1.90152990818024 1.11665761470795 1.17006719112396 1.22318089008331 1.29144191741943 1.38061118125916 3.07382345199585 2.3860981464386 2.30416679382324 2.19252300262451 1.1513477563858 1.36123859882355 1.56296861171722 2.11937832832336 4.50332403182983 9.73264026641846 19.3586120605469 14.6135549545288 1.41707718372345 0.957482933998108 2.19340038299561 3.40392780303955 10.519401550293 19.7195339202881 27.2222461700439 23.0959072113037 24.9021339416504 44.6571998596191 18.6815280914307
-3.17280983924866 -3.05190920829773 -3.00719141960144 5.90652084350586 8.24196815490723 1.06783378124237 -0.206236302852631 0.148373544216156 0.861814200878143 4.68525123596191 7.2614631652832 -0.108689725399017 10.8424797058105 6.50475311279297 38.7601509094238 12.6297922134399 1.38176929950714 2.09039759635925 1.92074012756348 1.24034154415131 1.3113317489624 1.37209749221802 1.43461203575134 3.14331531524658 2.43252062797546 2.24345135688782 2.37428689002991 1.25608146190643 1.24072730541229 1.43227159976959 1.64606809616089 6.34631299972534 1.19199323654175 3.85073709487915 0.708740472793579 2.41672158241272 1.67574524879456 1.19862592220306 2.40845012664795 5.66185283660889 26.882152557373 27.2191162109375 49.0132942199707 27.2380867004395 2.91585183143616 -0.452876538038254
-2.8607439994812 -1.79059290885925 -2.82292413711548 -2.61727619171143 -2.5152313709259 -2.02655959129333 -0.102691687643528 0.261711835861206 1.48537111282349 6.28595685958862 20.1460018157959 0.356466054916382 22.3388061523438 7.53172397613525 0.28830099105835 3.86851382255554 7.16266059875488 1.7735857963562 2.34567642211914 1.28285682201385 1.35893452167511 1.41165721416473 1.71842288970947 1.95057260990143 3.24012804031372 2.37494683265686 2.42777943611145 1.31863963603973 1.29980766773224 1.49114751815796 1.71239483356476 5.68923282623291 13.4889993667603 0.862335741519928 7.06414890289307 1.5745005607605 2.73093056678772 1.41806101799011 2.59888601303101 5.80195093154907 22.5651226043701 48.5190048217773 2.25510144233704 53.341682434082 6.69795894622803 1.53177797794342
-2.46878814697266 -2.55731534957886 -2.31182336807251 -2.28541135787964 -1.68707942962646 -0.230809792876244 -0.00438170786947012 0.311558395624161 4.11262655258179 0.962387681007385 0.60927027463913 18.4095726013184 5.00412845611572 0.640565574169159 2.99072861671448 3.49111795425415 1.25288581848145 1.70219016075134 2.55537295341492 1.27680063247681 1.36665916442871 1.45600628852844 1.56307923793793 1.8228942155838 3.31483221054077 2.56515455245972 2.48508310317993 2.36832213401794 1.3553946018219 1.55471444129944 1.78234052658081 4.96970796585083 1.04604685306549 3.11870813369751 8.09831428527832 1.60412168502808 2.98845314979553 1.44679439067841 2.78686189651489 8.20716190338135 24.0499877929688 5.2342324256897 11.7254066467285 -0.366201937198639 1.14678275585175 2.87180089950562
-1.32214760780334 -1.95210134983063 -2.16669607162476 -2.10918354988098 -0.193406090140343 0.215939283370972 0.550012290477753 0.975578010082245 4.02002239227295 22.8218402862549 0.658973813056946 0.544814944267273 1.630988240242 3.24865961074829 0.372436881065369 1.59273099899292 2.26468992233276 1.84132862091064 2.77204585075378 2.64580464363098 1.36634540557861 1.4313530921936 1.49695229530334 1.80622541904449 3.39141488075256 2.62369227409363 2.42016649246216 2.56395673751831 1.41348326206207 1.40406107902527 1.64223670959473 1.86097812652588 1.14078068733215 1.6410014629364 9.4972972869873 2.08516407012939 3.28078150749207 2.19162750244141 1.5015195608139 3.21545720100403 17.5701999664307 12.474383354187 0.392010748386383 11.3752374649048 0.160607501864433 30.9101943969727
2.56323218345642 -0.670672357082367 -0.970150053501129 -1.49510407447815 0.19279845058918 0.549777626991272 0.697623550891876 4.60032653808594 7.07480001449585 0.617021262645721 1.53340744972229 15.3815469741821 0.627034842967987 0.631496846675873 0.856033802032471 3.22780585289001 1.44285762310028 2.70545864105225 2.52124285697937 3.11755704879761 1.38716185092926 1.46291089057922 1.83632802963257 2.09954452514648 2.42259526252747 3.49835157394409 2.56501412391663 2.626620054245 1.46734893321991 1.44556796550751 1.72221660614014 1.9668425321579 1.23457443714142 2.15022087097168 5.15997362136841 12.3234958648682 2.18698859214783 3.89580345153809 1.57397079467773 3.52996730804443 3.49383783340454 0.613418936729431 9.76160907745361 0.504869878292084 0.669993817806244 0.442389518022537
-0.905657887458801 -0.429900407791138 -0.628354489803314 -0.586099326610565 5.77916383743286 5.53524875640869 11.5028257369995 1.0625479221344 21.0905094146729 3.05219316482544 1.04740536212921 0.777118682861328 8.89303302764893 5.56377553939819 6.33301877975464 4.49353790283203 4.54339122772217 3.12045979499817 2.25372838973999 3.43046259880066 1.37038326263428 1.46543848514557 1.56133496761322 1.88670933246613 2.15656352043152 3.58372068405151 2.76921057701111 2.69176554679871 2.57175230979919 1.49789381027222 1.814532995224 2.07687592506409 1.75626230239868 5.49075365066528 7.37041711807251 15.7654895782471 2.17214441299438 4.44027137756348 1.63930404186249 3.81009697914124 10.3513059616089 1.38550698757172 0.371095776557922 1.02089607715607 1.45195603370667 4.68549013137817
-0.421225249767303 -0.131562799215317 0.332779705524445 0.501836061477661 0.729940354824066 18.3580684661865 0.708945155143738 1.16783022880554 0.709672808647156 0.776104271411896 1.14706778526306 1.04187381267548 0.741688251495361 0.955787658691406 1.17660558223724 1.49502015113831 5.32555055618286 3.67487072944641 2.48418617248535 3.80753779411316 3.91841149330139 1.47241246700287 1.68616437911987 1.92618012428284 2.20168161392212 3.67310619354248 2.83612203598022 2.62057065963745 2.7840895652771 1.53950905799866 1.91505897045135 2.20385503768921 1.8941388130188 1.40818119049072 6.64549970626831 21.8322792053223 3.5116114616394 5.19188499450684 3.14410614967346 1.74527955055237 4.75270938873291 1.83325934410095 1.21384155750275 1.67095458507538 1.51757538318634 1.8066223859787
-0.34956219792366 -0.0136849246919155 0.791727244853973 0.927403450012207 1.03898906707764 0.344053745269775 1.21046662330627 1.27175843715668 1.33020007610321 1.07130539417267 1.19867730140686 2.94999122619629 0.941144526004791 1.44161915779114 1.52715885639191 1.535524725914 6.14065361022949 1.56342124938965 4.81352376937866 4.0045337677002 5.1084680557251 2.04917931556702 2.35265326499939 1.9678156375885 2.24957156181335 2.59478116035461 3.79814910888672 2.78602075576782 2.86276602745056 1.57834720611572 1.5592452287674 2.06881546974182 2.37197160720825 2.02874398231506 1.44979095458984 1.26187753677368 41.9218215942383 3.38881158828735 6.80364942550659 1.81151282787323 5.59773969650269 2.53412318229675 2.83733987808228 1.84482908248901 2.57432055473328 2.70827198028564
0.619866013526917 1.73997259140015 1.78636634349823 2.00325727462769 2.25087404251099 2.49535179138184 2.54116129875183 1.36810028553009 1.41647660732269 1.45062899589539 1.50139915943146 1.19230711460114 2.70394468307495 1.50819230079651 2.10697031021118 1.56450343132019 7.17871141433716 8.01542663574219 6.26168298721313 3.2352294921875 7.19152164459229 2.04349064826965 2.10529088973999 2.4162278175354 2.02392530441284 2.31558990478516 3.90005397796631 3.00800919532776 2.93896079063416 2.81648063659668 1.612349152565 2.18659710884094 2.51124310493469 2.1654942035675 2.16791868209839 1.66417181491852 0.711083471775055 6.42968082427979 8.71378231048584 1.84359395503998 5.97308111190796 7.24197721481323 1.73894798755646 2.96137428283691 2.75876712799072 2.70155549049377
0.71503734588623 0.935132026672363 1.96415400505066 1.99263226985931 2.1679744720459 2.41783261299133 2.67454481124878 2.70724415779114 1.59824454784393 1.89118039608002 2.03073024749756 1.57252013683319 1.58102858066559 3.35206484794617 2.37734746932983 1.60332119464874 1.8266179561615 10.3694143295288 8.81284713745117 3.72247529029846 7.55701923370361 15.7745904922485 2.1477313041687 2.46465730667114 2.07218503952026 2.36952185630798 4.00892019271851 3.09061932563782 2.86044645309448 3.05005621910095 1.65514957904816 2.32055807113647 2.66485929489136 2.30520439147949 2.42076992988586 1.9265730381012 1.96332705020905 5.69275569915771 12.1316680908203 5.36292791366577 2.45622181892395 9.42522811889648 9.41444683074951 7.14101648330688 4.31083965301514 3.27056336402893
0.788227498531342 0.954111278057098 2.01694893836975 2.02724862098694 2.24241590499878 2.48471069335938 2.74486255645752 2.76995611190796 2.12386631965637 1.73661470413208 1.99042630195618 2.11764192581177 1.62363708019257 3.85483407974243 2.7612669467926 1.73451638221741 1.9389796257019 14.3438148498535 1.69538605213165 19.0547275543213 9.34144687652588 3.97456216812134 2.19375014305115 2.52213430404663 2.1215455532074 2.42452335357666 2.79649996757507 4.16087675094604 3.04913187026978 3.13576245307922 1.70213484764099 1.79951417446136 2.53897547721863 2.91787505149841 2.67429757118225 1.87020695209503 2.34303092956543 1.8503155708313 8.08851718902588 25.9333362579346 2.3922061920166 13.1807632446289 12.1881771087646 8.37362098693848 4.97641038894653 3.45770215988159
0.866605997085571 1.25546586513519 2.68020391464233 3.64188933372498 3.84121584892273 3.70871329307556 2.79084658622742 2.81467914581299 2.15914988517761 2.150395154953 2.20969796180725 2.14682126045227 1.67973649501801 4.53566265106201 1.67349219322205 3.58192753791809 1.65339982509613 16.4133472442627 29.5242557525635 1.17127573490143 4.87905073165894 4.91680908203125 2.36905121803284 2.26031351089478 2.59491395950317 2.1885130405426 2.50026106834412 4.27993679046631 3.29217290878296 3.23014664649963 3.10729074478149 1.93679165840149 2.71278214454651 3.09778928756714 2.66707587242126 3.02659630775452 2.53013467788696 2.81263566017151 5.30324029922485 1.22064030170441 2.55345177650452 14.015814781189 27.3773212432861 10.5205869674683 10.8761463165283 4.15220546722412
0.93194442987442 1.48867344856262 2.05360007286072 2.12077450752258 3.49596309661865 4.33305692672729 4.24773645401001 3.54846596717834 3.33899140357971 2.78775262832642 2.30745124816895 2.27650237083435 1.68960809707642 1.70400142669678 5.75971078872681 4.29686689376831 1.90531432628632 3.17230892181396 5.6698145866394 1.68450808525085 6.27501773834229 4.88974571228027 25.8416328430176 2.88285374641418 2.65486073493958 2.24321031570435 2.56243515014648 4.40638303756714 3.38735866546631 3.14749050140381 3.36492586135864 1.78632426261902 2.93963265419006 3.34161591529846 2.86456251144409 3.53030610084534 2.99591422080994 3.38502049446106 2.48122835159302 1.48251473903656 18.9668521881104 2.6314651966095 2.21621656417847 26.3843402862549 11.3093118667603 7.57998323440552
2.05177164077759 1.05531442165375 1.82128095626831 2.11560559272766 2.23429203033447 3.38725090026855 4.2334303855896 4.23260164260864 3.62360334396362 3.1390974521637 2.64341640472412 2.98898410797119 3.31151676177979 1.72425997257233 7.27933168411255 5.897780418396 2.79435420036316 2.38308167457581 0.805018603801727 1.74936878681183 8.83955478668213 5.64410352706909 4.90005588531494 3.74999213218689 2.71501970291138 2.29758858680725 2.6254243850708 3.02779173851013 4.58959674835205 3.36774587631226 3.47364282608032 1.84856808185577 2.3857274055481 3.27181458473206 3.75199484825134 4.19103956222534 2.9474995136261 3.82802557945251 4.45316314697266 1.49025523662567 2.52583980560303 3.17029595375061 1.96691393852234 1.42462253570557 17.9069042205811 9.75451946258545
2.09051060676575 1.58986973762512 1.44469010829926 2.12805700302124 2.0809428691864 2.30690574645996 3.31614661216736 3.89782500267029 3.574551820755 3.15560793876648 2.73272013664246 2.72235035896301 3.07762217521667 3.40309238433838 9.81646347045898 2.27114939689636 11.3146238327026 1.68691766262054 3.26334714889526 1.80137491226196 2.45150232315063 18.3208103179932 1.9101927280426 4.54749345779419 4.74308395385742 2.80015230178833 2.37582087516785 2.71612286567688 4.73795032501221 3.63241410255432 3.59125280380249 3.47012448310852 2.63769912719727 3.60404372215271 4.12523460388184 3.52043271064758 5.45091104507446 5.12392902374268 5.73668527603149 5.55452108383179 2.92381048202515 4.42770338058472 3.10536789894104 1.72494637966156 3.48683977127075 32.3131256103516
2.14786314964294 1.63777446746826 1.48671746253967 1.93998026847839 2.22908616065979 2.44126486778259 3.38071250915527 3.15910840034485 3.48516607284546 3.36511564254761 3.12378907203674 2.94181108474731 3.09131217002869 3.43147325515747 2.78503561019897 21.0814056396484 1.47578358650208 1.7875462770462 4.38416719436646 1.85566747188568 2.35717821121216 2.08753824234009 2.3062481880188 7.03237676620483 7.06939840316772 2.86050128936768 2.43666648864746 2.78834199905396 4.89673042297363 3.75242257118225 3.49722981452942 3.75592088699341 1.94224488735199 4.0102653503418 4.57647705078125 3.91622447967529 7.08924865722656 7.19721508026123 8.19171619415283 7.30486917495728 9.80980396270752 3.0970823764801 9.95069789886475 2.64504671096802 3.14699339866638 3.13076233863831
1.07957088947296 2.27442908287048 1.19080138206482 1.98468792438507 2.50179576873779 2.82840704917908 3.08824682235718 3.96356439590454 3.89805793762207 3.71950221061707 3.6585578918457 3.16201066970825 3.09605026245117 3.45262145996094 2.79754757881165 1.95088911056519 2.45579552650452 9.80469417572021 6.18778419494629 1.90083467960358 1.93212759494781 2.56932353973389 2.41795206069946 2.34744095802307 2.24875402450562 2.90858483314514 2.48245406150818 2.85074043273926 3.29530692100525 5.11825132369995 3.75731539726257 3.88901972770691 2.01704001426697 3.66100907325745 4.68308401107788 5.37438583374023 10.002459526062 7.04932403564453 13.2385053634644 14.0000381469727 7.4475884437561 3.19122219085693 3.01687479019165 3.12009429931641 2.01041340827942 11.3843231201172
1.12031674385071 2.33755588531494 1.78508877754211 1.60755527019501 2.32454681396484 2.91082358360291 3.01398301124573 3.83627510070801 4.11526250839233 4.09198570251465 3.83335471153259 3.76165628433228 3.21319723129272 3.1928985118866 3.56328177452087 3.25717544555664 2.19803905487061 2.40927982330322 4.16271209716797 13.6139116287231 1.99313116073608 2.57349491119385 2.70809960365295 2.73854660987854 2.67207455635071 2.59731793403625 3.00124979019165 2.56142234802246 2.95037007331848 5.28973817825317 4.04516887664795 4.0281810760498 3.9163064956665 4.17069244384766 5.39523363113403 6.19020462036133 8.46236610412598 21.4010524749756 2.72691249847412 2.79529142379761 2.95304369926453 4.07857513427734 4.14310026168823 3.98100209236145 7.25135517120361 3.80507159233093
1.73795461654663 2.40775465965271 1.83890414237976 1.65717899799347 2.36282348632812 2.84484195709229 3.08465552330017 3.63353729248047 4.19859743118286 4.12033128738403 4.24383401870728 3.81408905982971 3.25351905822754 3.24025988578796 3.59250950813293 3.01280665397644 3.34818148612976 2.63634872436523 1.84465408325195 1.54464137554169 2.15344548225403 2.52241492271423 2.69831037521362 2.7833993434906 2.71442699432373 2.63568210601807 3.06554555892944 2.62417268753052 3.02597618103027 5.47663068771362 4.17451286315918 3.90550827980042 4.23011779785156 2.14202165603638 6.34388732910156 7.73671054840088 8.296217918396 2.50705170631409 2.79259514808655 2.79823660850525 2.91288161277771 4.70814895629883 5.11882543563843 4.8606333732605 7.63674163818359 14.4668664932251
