slauniainen/Data/DEM/Vihti_dem1500b_cl_horizonAngle_36.asc
NCOLS 196 
NROWS 178 
XLLCORNER 353680 
YLLCORNER 6699024 
CELLSIZE 16 
NODATA_value -3.4e+38 
[rows 120 to 139 of 178, columns 0 to 44 of 196]
7.74815082550049 15.1095275878906 7.77095794677734 10.013035774231 6.06231546401978 2.56039881706238 0.838912189006805 0.0176473017781973 0.046781875193119 0.18540059030056 0.37371951341629 0.5097696185112 0.604105472564697 0.698272466659546 0.776533484458923 0.835550308227539 0.894905686378479 1.32840859889984 1.40607821941376 2.12842893600464 1.7737101316452 1.82376384735107 1.65064418315887 1.60526263713837 1.53350627422333 1.98635518550873 2.21121311187744 2.21000337600708 2.42540311813354 2.19876265525818 2.16676807403564 2.04429864883423 2.01055574417114 1.91313147544861 1.79690504074097 1.48908185958862 1.37196218967438 1.28633487224579 1.23214364051819 1.10782861709595 0.932119727134705 0.815746784210205 0.643134713172913 0.836233496665955 1.15340006351471
6.87890100479126 14.5308074951172 15.6802387237549 8.8154935836792 5.71833610534668 3.48939752578735 2.08555507659912 0.376853942871094 0.0714651942253113 0.182165175676346 0.334905982017517 0.483879506587982 0.60831481218338 0.698967397212982 0.776737630367279 0.835801303386688 0.891603946685791 1.29796659946442 1.89132499694824 1.67425107955933 1.64658093452454 1.83054745197296 1.56166470050812 1.68626666069031 1.95391070842743 2.11309766769409 2.06416630744934 2.27293992042542 2.24208426475525 2.0750560760498 1.9237893819809 1.88650250434875 1.77664947509766 1.66807460784912 1.50109219551086 1.348837018013 1.24133372306824 1.18218588829041 1.08177292346954 0.996732652187347 0.815329670906067 0.626468658447266 0.787167310714722 1.08360254764557 1.51624441146851
7.40623331069946 9.46527194976807 15.6070690155029 14.956690788269 7.75175476074219 5.88844013214111 4.3168625831604 2.25808358192444 0.135626226663589 0.212824061512947 0.309279292821884 0.439434111118317 0.581336379051208 0.693947374820709 0.767394483089447 0.833650469779968 0.88997220993042 1.44910895824432 1.6289187669754 1.88047254085541 1.65474605560303 1.84114253520966 1.38073909282684 1.51139259338379 2.08222270011902 1.99866712093353 2.16251301765442 2.10339403152466 1.93709135055542 1.90104448795319 1.78261625766754 1.68425607681274 1.5699360370636 1.38793849945068 1.2803361415863 1.20084357261658 1.15127837657928 1.03441536426544 0.96949964761734 0.817132890224457 1.02502739429474 0.730506420135498 0.92994487285614 1.43051254749298 1.45424211025238
6.75972127914429 8.64275455474854 10.2500410079956 15.4438371658325 10.4054384231567 7.24600648880005 5.39801597595215 3.26083946228027 0.500494182109833 0.240725696086884 0.301802903413773 0.389699906110764 0.534038305282593 0.672639667987823 0.764228463172913 0.831979751586914 0.898778080940247 1.1917929649353 1.67939507961273 2.03928899765015 1.57649028301239 2.02985405921936 1.47741889953613 1.86221373081207 2.00676417350769 2.11433839797974 2.0241367816925 1.83335757255554 1.77205002307892 1.65975975990295 1.65720295906067 1.52940201759338 1.33224833011627 1.21433329582214 1.11884212493896 1.07375025749207 1.04321014881134 0.945062100887299 0.797426462173462 1.03398835659027 1.04444599151611 0.844185054302216 0.984148442745209 1.3824542760849 1.49519872665405
6.98013401031494 7.19076490402222 8.58376026153564 10.360466003418 13.0725507736206 8.21964740753174 6.49260807037354 4.22228384017944 1.51032841205597 0.296211868524551 0.333020508289337 0.391574919223785 0.490362584590912 0.637132465839386 0.749884128570557 0.826286137104034 0.910026848316193 1.18964076042175 1.61144065856934 2.10293793678284 1.43843424320221 2.34729790687561 1.84054863452911 1.97229516506195 1.89935553073883 2.02448010444641 1.78924953937531 1.70459532737732 1.57676696777344 1.54994070529938 1.46537446975708 1.39469563961029 1.19473171234131 1.08747887611389 0.985627889633179 0.953809976577759 0.902737021446228 0.837015688419342 0.729319155216217 1.05846667289734 1.00699901580811 0.979032754898071 1.30676651000977 1.31280016899109 1.40815913677216
6.2134428024292 6.45401096343994 7.08508729934692 7.97150564193726 9.92346858978271 10.7490921020508 6.98127174377441 5.4420337677002 2.73458790779114 1.54819011688232 0.385596543550491 0.412172853946686 0.481593281030655 0.594660699367523 0.723054826259613 0.827497124671936 0.948682963848114 1.18575918674469 1.62517404556274 2.32073068618774 1.55804514884949 2.25819945335388 2.10437536239624 1.86992490291595 1.99368739128113 1.90041565895081 1.727419257164 1.5384795665741 1.50028371810913 1.40774822235107 1.31772232055664 1.17634975910187 1.10648453235626 1.43977010250092 0.927937388420105 0.814920902252197 0.787527501583099 0.688119113445282 0.657539188861847 0.820128738880157 0.975340962409973 1.27239859104156 1.25874829292297 1.36435544490814 1.26201736927032
5.26813411712646 5.65319061279297 5.96581315994263 6.49759721755981 7.39349460601807 10.3168678283691 8.58639717102051 5.83689069747925 3.9708240032196 2.87832164764404 1.59496414661407 0.452505469322205 0.485855907201767 0.567337870597839 0.694917798042297 0.830502927303314 0.976796209812164 1.16630947589874 1.88351190090179 2.51060438156128 2.05150198936462 1.81037974357605 2.55738949775696 1.96199488639832 1.87277412414551 1.69637906551361 1.61473643779755 1.4788281917572 1.37450504302979 1.28317356109619 1.14213979244232 1.05507397651672 0.997325778007507 1.34217178821564 1.30627751350403 0.753412127494812 0.62098890542984 0.5869961977005 0.591982007026672 0.860547840595245 1.25609016418457 1.21525490283966 1.30665600299835 1.22719836235046 1.22122991085052
4.6051344871521 5.03009271621704 5.31155157089233 5.53513526916504 6.22624444961548 7.26834392547607 10.3090696334839 9.61153984069824 6.3536229133606 4.02035093307495 3.16951036453247 0.894054472446442 0.510079145431519 0.581045031547546 0.678154587745667 0.814449071884155 0.985100030899048 1.21788442134857 1.69388949871063 2.24963521957397 2.05000686645508 1.91978335380554 2.92899942398071 1.91164648532867 1.67929458618164 1.58221447467804 1.4575160741806 1.43020737171173 1.3132039308548 1.10868442058563 1.02076375484467 0.947649717330933 0.92057991027832 1.12187659740448 1.29714441299438 1.10693919658661 0.551750302314758 0.530989170074463 0.673216283321381 0.889353573322296 1.20257925987244 1.25827097892761 1.18290376663208 1.17535817623138 1.0162318944931
4.21506500244141 4.47085571289062 4.61479806900024 4.91440868377686 5.34680891036987 5.89636707305908 7.11043739318848 7.8966498374939 9.59800815582275 8.40042877197266 5.71880674362183 2.95622491836548 0.576393961906433 0.612696826457977 0.70233941078186 0.832337975502014 1.02786910533905 1.24297893047333 1.71453738212585 2.21130704879761 2.02120041847229 1.8423023223877 2.32148289680481 2.65805315971375 1.62235569953918 1.43525278568268 1.39447867870331 1.29750418663025 1.21293842792511 1.002556681633 0.898157238960266 0.872184157371521 0.850428819656372 0.789906620979309 0.939538359642029 1.05013346672058 0.52947211265564 0.65159660577774 0.848761141300201 1.13641715049744 1.12751293182373 1.21181786060333 1.1550110578537 1.00100767612457 1.17388093471527
3.82742476463318 3.92601799964905 4.13146734237671 4.35639429092407 4.53963041305542 4.94594717025757 5.40349435806274 5.60592412948608 6.54512786865234 6.88635444641113 8.78724956512451 6.52272033691406 3.66883230209351 0.839723408222198 0.765378713607788 0.880386650562286 1.0900844335556 1.33299052715302 1.64310657978058 2.23213982582092 2.17373895645142 2.07893753051758 1.83768594264984 3.10727882385254 1.85639810562134 1.38156843185425 1.27670156955719 1.18418169021606 1.02793478965759 0.913785576820374 0.822106540203094 0.783841729164124 0.732571721076965 0.68702244758606 0.656932294368744 0.639489769935608 0.510388791561127 0.743168830871582 1.09109544754028 1.08561563491821 1.17470729351044 1.10440683364868 1.10254013538361 0.956388413906097 0.976503968238831
3.44561195373535 3.54742908477783 3.65335416793823 3.81214690208435 4.02726888656616 3.93918609619141 4.18696117401123 4.4293794631958 4.77667665481567 5.11560583114624 5.84063339233398 6.22740316390991 6.9317421913147 5.67817831039429 2.74657702445984 1.05916607379913 1.20890820026398 1.45416069030762 1.75802171230316 2.02129697799683 2.44466757774353 2.24319267272949 1.75918781757355 2.57979273796082 2.33440494537354 1.33350205421448 1.21408677101135 1.01340794563293 0.906300008296967 0.810629546642303 0.770343124866486 0.706385552883148 0.652261555194855 0.58544933795929 0.504500091075897 0.492290794849396 0.607966899871826 0.785292208194733 1.05333149433136 1.12359571456909 1.05600392818451 1.07185113430023 1.00451731681824 1.19656109809875 1.06471407413483
3.21781277656555 3.16967582702637 3.280033826828 3.3775475025177 3.43993401527405 3.48689556121826 3.47512578964233 3.62341570854187 4.04849338531494 4.35694980621338 4.55780744552612 4.3133602142334 4.76792860031128 4.16350221633911 3.39024519920349 2.47096967697144 1.41852593421936 1.75221419334412 1.86668050289154 1.91238164901733 2.66659283638 2.40421915054321 2.16173028945923 2.23998093605042 2.88991236686707 1.34434390068054 1.32075881958008 1.21620905399323 0.897772431373596 0.756074726581573 0.716872453689575 0.656229078769684 0.584385812282562 0.655995488166809 0.468657940626144 0.586465120315552 0.776293754577637 1.00831592082977 0.996237516403198 1.05354833602905 1.01911759376526 0.917288184165955 0.830160081386566 1.4361115694046 1.39463067054749
2.89868378639221 2.93560791015625 2.90976142883301 2.87962436676025 2.91979742050171 2.91044306755066 3.05732655525208 3.19128918647766 3.24895906448364 3.50127625465393 3.31952309608459 3.50529289245605 3.2101047039032 2.37326335906982 2.34530115127563 1.60536468029022 1.70312130451202 1.85553050041199 1.8177365064621 2.04563212394714 2.94675493240356 2.76267099380493 2.42042779922485 2.03980994224548 2.95939421653748 1.84287941455841 1.61718249320984 1.45647978782654 1.19240927696228 0.787901818752289 0.653969347476959 0.596446931362152 0.59483015537262 0.956022322177887 0.568369448184967 0.738102495670319 0.975081086158752 0.953074872493744 1.01684093475342 0.9632208943367 0.96599942445755 0.861784756183624 0.744825720787048 1.34634232521057 1.59218442440033
2.63210940361023 2.67659902572632 2.5226526260376 2.50180840492249 2.4970691204071 2.54846119880676 2.63697671890259 2.83990907669067 2.83925533294678 2.62022233009338 2.68823504447937 2.55503058433533 2.05738735198975 1.85725545883179 1.22148358821869 1.38637614250183 1.80015909671783 1.80722904205322 1.95725548267365 3.20914530754089 3.74405288696289 3.23278403282166 2.74610495567322 2.21853113174438 2.28172159194946 2.32241821289062 1.89123106002808 1.64177453517914 1.02123248577118 0.652425169944763 0.584042429924011 0.529506027698517 0.656401097774506 0.907670795917511 0.650896191596985 0.928211212158203 0.905428409576416 0.96862405538559 0.916513383388519 0.93717098236084 0.827054142951965 0.732369422912598 0.754036128520966 1.08283829689026 1.66649150848389
2.40778279304504 2.37424373626709 2.31724953651428 2.22529196739197 2.19664978981018 2.26202487945557 2.37479615211487 2.37891459465027 2.4381799697876 2.32650232315063 2.07300853729248 1.75895643234253 1.58098959922791 1.19525027275085 1.34396553039551 1.64484131336212 1.78022408485413 1.93630433082581 2.39064502716064 3.0143609046936 5.01947450637817 4.31504726409912 3.47976422309875 3.12861108779907 2.12538480758667 2.4023003578186 1.89939391613007 1.75655210018158 1.05376410484314 0.680835962295532 0.535417795181274 0.479130476713181 0.688359498977661 0.707346975803375 0.683766901493073 0.87444669008255 0.924228489398956 0.865894854068756 0.882446467876434 0.795746147632599 0.709605932235718 0.591883063316345 0.689144313335419 0.876039326190948 1.65115571022034
2.13211297988892 2.09084177017212 2.05598711967468 2.04312491416931 1.98845064640045 2.03421878814697 2.04021644592285 2.04131054878235 1.94379925727844 1.8725323677063 1.84747195243835 1.58492529392242 1.20679187774658 1.29037642478943 1.5986475944519 1.74831211566925 1.75569295883179 1.9983446598053 2.40308356285095 3.07944774627686 4.87822246551514 5.72438192367554 4.58448505401611 3.92981624603271 2.80271100997925 2.40864491462708 2.42004203796387 2.13893747329712 1.34498107433319 0.885141015052795 0.490939497947693 0.463078260421753 0.796863973140717 0.780890464782715 0.862827062606812 0.826181173324585 0.867076575756073 0.820633888244629 0.735361993312836 0.664210438728333 0.554445624351501 0.581454515457153 0.69183474779129 0.983954548835754 1.25083148479462
1.9168301820755 1.83797597885132 1.84780716896057 1.80526566505432 1.84799420833588 1.78109788894653 1.74804592132568 1.6649444103241 1.55539858341217 1.54054427146912 1.34541416168213 1.22188115119934 1.17494595050812 1.32119297981262 1.7081218957901 1.71096837520599 1.84871387481689 1.95835494995117 2.46123504638672 3.03336501121521 3.90866017341614 5.98938894271851 5.62877178192139 4.54540157318115 3.81540417671204 3.19927549362183 2.87536382675171 2.40685153007507 1.654900431633 0.931185245513916 0.710678935050964 1.08724141120911 1.41112864017487 1.44152700901031 0.825854420661926 0.854945838451385 0.772025585174561 0.752578675746918 0.672942757606506 0.504048883914948 0.428648620843887 0.502408027648926 0.87556517124176 0.895312190055847 1.14322876930237
1.69517600536346 1.65317261219025 1.58653056621552 1.66081166267395 1.66788232326508 1.66746640205383 1.47967195510864 1.33791792392731 1.31155514717102 1.13508081436157 1.05170845985413 1.14540421962738 1.29287934303284 1.56830716133118 1.6963803768158 1.80599677562714 1.78582262992859 1.99226152896881 2.42813181877136 2.97141337394714 3.68194174766541 4.51107501983643 5.74175786972046 4.96674060821533 3.70544385910034 3.45483803749084 3.62265491485596 2.58955788612366 1.88263392448425 0.829728126525879 0.60347181558609 0.697949826717377 0.88439553976059 1.18405759334564 0.979236781597137 0.770980715751648 0.703752636909485 0.607126355171204 0.527146697044373 0.436259567737579 0.310666441917419 0.468752384185791 0.641596794128418 1.03442060947418 1.33345746994019
1.45778512954712 1.44170320034027 1.42589831352234 1.41950309276581 1.46357238292694 1.43763327598572 1.37607276439667 1.20223903656006 1.00062942504883 1.01715767383575 1.10940456390381 1.25623512268066 1.52657866477966 1.65135014057159 1.64395022392273 1.78360998630524 1.69892835617065 2.0261390209198 2.37346172332764 2.95939993858337 3.48667311668396 4.05678129196167 5.8874077796936 5.33383560180664 4.02677154541016 3.33049559593201 3.82898259162903 3.1051504611969 1.99292361736298 0.562194526195526 0.569616258144379 0.6597620844841 0.814126074314117 0.849965929985046 0.760410249233246 0.737498641014099 0.569694757461548 0.454425752162933 0.362852364778519 0.240104168653488 0.304705530405045 0.54474276304245 0.614124476909637 1.15067851543427 1.40075385570526
1.30369710922241 1.25675976276398 1.27240812778473 1.22854852676392 1.17050838470459 1.17121922969818 1.09682297706604 1.09367275238037 0.948367834091187 1.0075935125351 1.18866336345673 1.48163640499115 1.60515546798706 1.60142552852631 1.73255956172943 1.72314083576202 1.7569625377655 2.01653861999512 2.30538749694824 2.83849477767944 3.3975043296814 3.96599888801575 5.63082885742188 5.82864999771118 4.68127393722534 4.04519701004028 3.8181254863739 3.97302889823914 2.51287961006165 0.93230539560318 0.72190135717392 0.803359270095825 0.762884259223938 1.34062707424164 0.753337264060974 0.539140999317169 0.431142449378967 0.306829631328583 0.179520919919014 0.147287428379059 0.368767738342285 0.461572378873825 0.749836087226868 1.13964366912842 1.53300809860229
