slauniainen/Data/DEM/Vihti_dem1500b_cl_horizonAngle_246.asc
NCOLS 196 
NROWS 178 
XLLCORNER 353680 
YLLCORNER 6699024 
CELLSIZE 16 
NODATA_value -3.4e+38 
[rows 100 to 119 of 178, columns 0 to 44 of 196]
0.986951589584351 0.852272987365723 0.719910979270935 0.492393553256989 0.29395803809166 0.234389707446098 6.88064527511597 11.1055679321289 10.1405992507935 8.59877967834473 6.59592247009277 5.87457275390625 4.99271965026855 4.04641962051392 3.59164237976074 3.01565217971802 2.82641863822937 2.7221827507019 2.63681769371033 2.50345945358276 2.37418627738953 1.97739052772522 1.82681477069855 1.59610521793365 1.37370562553406 1.19942104816437 0.906777262687683 0.786940574645996 0.672862768173218 0.499266535043716 0.323741257190704 0.215200006961823 0.114320121705532 0.0168459061533213 -0.0409919284284115 -0.0490930415689945 -0.148715689778328 -0.176400393247604 -0.185850486159325 -0.365844875574112 4.98059940338135 8.21837615966797 5.95513963699341 4.90695667266846 4.0606861114502
0.856804847717285 0.711446523666382 0.635464012622833 0.498639851808548 0.340910941362381 0.178270027041435 3.86528539657593 8.26732349395752 10.9022312164307 9.58770179748535 7.82174348831177 5.81237077713013 5.07895374298096 4.07044506072998 3.46025347709656 3.08494138717651 2.696448802948 2.61929678916931 2.55771827697754 2.30595564842224 2.29566764831543 2.02205610275269 1.75447607040405 1.58511018753052 1.24192345142365 1.06199514865875 0.848038017749786 0.605237782001495 0.494234263896942 0.393503338098526 0.262854486703873 0.197824895381927 0.153272017836571 0.139544457197189 0.039085254073143 0.0605366863310337 0.0505669191479683 -0.0546798259019852 -0.19538950920105 -0.562350809574127 6.56634473800659 7.84232711791992 7.67171335220337 5.59852457046509 4.73004484176636
0.743375778198242 0.659135162830353 0.615067362785339 0.545288503170013 0.407730847597122 0.213062286376953 0.0871125012636185 4.38571214675903 8.73274326324463 10.3449382781982 8.43463706970215 6.78280448913574 5.26338481903076 4.34609794616699 3.56484627723694 3.12585520744324 2.49793457984924 2.35053110122681 2.31906151771545 2.26849818229675 2.27942395210266 2.0739529132843 1.65975487232208 1.42364919185638 1.20395565032959 0.901362538337708 0.731144607067108 0.470330089330673 0.381183534860611 0.373643338680267 0.391073644161224 0.317184060811996 0.247971475124359 0.317531108856201 0.314281642436981 0.175737932324409 0.163442000746727 0.0406246483325958 -0.261412292718887 -0.59262877702713 1.9953430891037 10.8037128448486 8.51049041748047 5.82599210739136 3.65206432342529
0.710777163505554 0.645367324352264 0.563153505325317 0.492292255163193 0.443118721246719 0.320935636758804 0.165065303444862 0.639975786209106 5.55765914916992 9.78491592407227 8.77598476409912 7.2686562538147 5.25547361373901 4.49370241165161 3.83145403862 3.11566710472107 2.57275342941284 2.17403030395508 2.1189136505127 2.34119153022766 2.29412364959717 2.45891976356506 1.63954174518585 1.29585766792297 1.11031007766724 0.790434718132019 0.623114168643951 0.479040414094925 0.524864077568054 0.500373780727386 0.573269784450531 0.643534302711487 0.550625801086426 0.443887263536453 0.436142414808273 0.301683098077774 0.130766123533249 0.131933704018593 -0.0768760293722153 -0.681227564811707 -0.812503576278687 10.7880277633667 6.15585851669312 4.67071104049683 3.33146476745605
0.637417852878571 0.552240490913391 0.528261959552765 0.494955688714981 0.445337444543839 0.371854513883591 0.229884043335915 0.601157546043396 1.92859482765198 6.81682920455933 9.99833106994629 8.44064998626709 6.2948317527771 4.89578247070312 4.34955596923828 3.3156566619873 2.74594664573669 2.10968947410583 1.78198397159576 1.77679145336151 1.85565972328186 2.26008248329163 2.25978970527649 1.26392424106598 1.00332748889923 0.71852058172226 0.715268552303314 0.613043546676636 0.720636487007141 0.841898560523987 0.78307056427002 0.768044531345367 0.643644630908966 0.55094039440155 0.426849037408829 0.435091525316238 0.285632699728012 -0.0599302649497986 -0.180890098214149 -0.464871823787689 -0.841302871704102 2.49200654029846 7.19474506378174 2.71210217475891 2.15603470802307
0.581407606601715 0.538431227207184 0.482399135828018 0.616482734680176 0.603192687034607 0.466489791870117 0.396923124790192 0.400759875774384 0.374098002910614 4.39447164535522 8.87673854827881 8.65434837341309 7.09908008575439 5.55990266799927 4.56519556045532 3.68672275543213 2.7995936870575 2.20928978919983 1.58167350292206 1.47832894325256 1.50184679031372 1.7090892791748 2.36958432197571 1.40887069702148 0.9901242852211 0.881450593471527 0.921230673789978 1.00843167304993 0.920949697494507 0.981946170330048 0.89581835269928 0.708131968975067 0.74688196182251 0.665562868118286 0.573366165161133 0.254722148180008 0.119650468230247 -0.0416121631860733 -0.227475583553314 -0.464116960763931 -0.67559814453125 -0.7426638007164 2.49951910972595 2.29850459098816 3.12874674797058
0.526559114456177 0.508574843406677 0.504720628261566 0.499350726604462 0.636091768741608 2.10123944282532 0.888658165931702 1.05366992950439 1.01029396057129 2.65276503562927 5.57650899887085 8.30512619018555 7.7685227394104 6.34114265441895 4.55552673339844 3.73840022087097 3.06827163696289 2.2670590877533 1.65755605697632 1.31525230407715 1.2686368227005 1.87196660041809 2.69906830787659 1.22370564937592 1.18777704238892 1.29249095916748 1.17217254638672 1.17724752426147 1.07801330089569 0.954417526721954 0.975406289100647 0.857412397861481 0.510872185230255 0.439096599817276 0.358681946992874 0.254137128591537 0.0733302086591721 -0.0893066301941872 -0.249893963336945 -0.474074751138687 -0.644754230976105 -0.698350965976715 -0.700086891651154 1.47214186191559 4.14850902557373
0.538473427295685 0.545637845993042 0.700039803981781 0.907951653003693 1.17096054553986 1.6219277381897 1.2124365568161 1.43377435207367 1.38587892055511 1.36743974685669 3.70587015151978 6.31303024291992 8.08280944824219 6.74581813812256 5.08195400238037 3.70939922332764 3.12192511558533 2.25337815284729 1.68777918815613 1.24552083015442 1.21857142448425 1.70286560058594 3.60469102859497 1.5982700586319 1.45265245437622 1.46975898742676 1.35340178012848 1.23453509807587 1.23196804523468 1.07854199409485 0.709861755371094 0.616471230983734 0.481812536716461 0.412560343742371 0.264742195606232 0.18442040681839 0.0617127157747746 -0.064265102148056 -0.265978753566742 -0.444830507040024 -0.649884045124054 -0.739794492721558 -0.0258590951561928 0.510857284069061 3.28145527839661
0.756198227405548 0.961035847663879 1.25518798828125 1.40965783596039 1.48552227020264 1.6018830537796 1.57221686840057 1.61390054225922 1.57644176483154 1.53773069381714 1.91213893890381 3.74584865570068 6.50794839859009 6.05249738693237 4.52807092666626 3.88849186897278 2.88420653343201 2.21847558021545 1.63222861289978 1.65856873989105 1.85228323936462 2.33715462684631 1.91116344928741 1.72801375389099 1.57538270950317 1.46081674098969 1.56259655952454 1.41274988651276 0.972733616828918 0.860043048858643 0.706384778022766 0.53983861207962 0.422499775886536 0.297985821962357 0.227385640144348 0.160549238324165 0.0396384224295616 -0.0760563835501671 -0.235647514462471 -0.464024662971497 -0.624939978122711 0.107028938829899 -0.437082648277283 -0.59104996919632 0.821314990520477
1.38723278045654 1.44321024417877 1.53722238540649 1.67631375789642 1.89268064498901 1.83963906764984 1.8194739818573 1.83656930923462 1.77137637138367 1.68986797332764 1.35090434551239 2.80703616142273 4.56932926177979 5.06208276748657 3.80653667449951 3.47640776634216 2.29992818832397 2.21275901794434 2.45938801765442 2.2986307144165 2.29450941085815 2.15775871276855 1.8810555934906 1.94158530235291 1.7995263338089 1.65860152244568 1.22165060043335 1.0831595659256 0.960127949714661 0.794345200061798 0.677046835422516 0.515108346939087 0.415135592222214 0.272374778985977 0.173825398087502 0.10150333493948 0.00767611991614103 -0.161852315068245 -0.261386334896088 -0.468192636966705 -0.57872462272644 -0.676661491394043 -0.56240701675415 -0.381952166557312 -0.476859122514725
1.85319828987122 1.77166998386383 1.74376213550568 1.87151420116425 2.0989203453064 1.98135101795197 2.0070538520813 1.99695825576782 1.92997288703918 1.66484975814819 1.27976083755493 2.76687407493591 3.53649067878723 4.50374841690063 3.50876951217651 2.76403188705444 3.76135468482971 2.79192709922791 2.73645305633545 2.64235258102417 2.45532250404358 2.27592372894287 2.04470801353455 1.56762659549713 1.43241834640503 1.32106137275696 1.15360879898071 1.02171409130096 0.916442275047302 0.748285114765167 0.650139689445496 0.498178213834763 0.349387347698212 0.245095580816269 0.0640923529863358 -0.0100663928315043 -0.0812808126211166 -0.24196358025074 -0.300266772508621 -0.451864123344421 -0.590622067451477 -0.660827815532684 -0.621495544910431 -0.747753739356995 -0.779635190963745
2.0536994934082 1.95647096633911 1.95690310001373 2.03018045425415 2.24434447288513 2.14459848403931 2.14511704444885 2.12315464019775 1.9783673286438 1.67259180545807 1.43279993534088 2.27005434036255 2.31477499008179 2.83377122879028 3.17465662956238 2.8843252658844 2.98652839660645 3.05600666999817 2.92414832115173 2.8941342830658 2.56664133071899 1.8490309715271 1.66652047634125 1.45063316822052 1.36264944076538 1.2416558265686 1.12481892108917 0.969631969928741 0.871164262294769 0.747033059597015 0.593644499778748 0.487466335296631 0.244963452219963 0.153113096952438 -0.0353038981556892 -0.104079999029636 -0.173563286662102 -0.302136689424515 -0.387389779090881 -0.470013231039047 -0.587983846664429 -0.677814722061157 -0.719762027263641 -0.779453337192535 -0.816015303134918
2.2964916229248 2.12547945976257 2.10563468933105 2.16064167022705 2.18765187263489 2.46262121200562 2.87738704681396 2.63058876991272 2.63402080535889 2.57653403282166 2.57246041297913 3.41891980171204 3.21612215042114 3.27729868888855 3.38105583190918 3.28367233276367 3.20213460922241 3.31506896018982 3.23070931434631 2.41174149513245 2.07635235786438 1.74704611301422 1.60597014427185 1.47152984142303 1.2772718667984 1.16645395755768 1.07427787780762 0.949810087680817 0.807026326656342 0.702230751514435 0.469838321208954 0.379753798246384 0.152747258543968 0.0541678629815578 -0.0960046648979187 -0.213266178965569 -0.283208757638931 -0.37503844499588 -0.462473720312119 -0.545092344284058 -0.604526698589325 -0.68544989824295 -0.750255823135376 -0.777319133281708 -0.842018008232117
2.50357532501221 2.32235479354858 2.24896049499512 2.17503547668457 2.12391781806946 2.06620812416077 3.9613881111145 4.54500818252563 3.66890835762024 4.80747318267822 4.22676658630371 4.15160131454468 4.17430877685547 3.82072591781616 3.90130305290222 3.72217917442322 3.57031393051147 2.82665491104126 2.77832937240601 2.29502367973328 1.9376974105835 1.8059070110321 1.52966332435608 1.37799382209778 1.26221060752869 1.0562150478363 0.971811890602112 0.878055393695831 0.659258484840393 0.585165679454803 0.350834101438522 0.254398018121719 0.0969269946217537 -0.0749432295560837 -0.178715661168098 -0.291395723819733 -0.408962368965149 -0.473366111516953 -0.528640449047089 -0.601083874702454 -0.669928073883057 -0.690638720989227 -0.765076220035553 -0.790573239326477 -0.82866495847702
2.81063365936279 2.41928315162659 2.25869297981262 2.11126327514648 1.82996332645416 1.69925510883331 4.61398363113403 8.09043312072754 6.37871551513672 5.60673236846924 5.68003749847412 5.09099388122559 4.9829683303833 4.55898809432983 3.29656195640564 3.09723663330078 2.99372506141663 2.92760348320007 2.69739699363708 2.30406165122986 1.96300339698792 1.71357202529907 1.5157378911972 1.27720510959625 1.15745234489441 0.873263895511627 0.789187788963318 0.707612454891205 0.507312178611755 0.442007452249527 0.29379341006279 0.104191847145557 -0.00485904514789581 -0.143142998218536 -0.30302569270134 -0.366437047719955 -0.468864649534225 -0.580784797668457 -0.61880087852478 -0.644127488136292 -0.71297150850296 -0.737370491027832 -0.780998408794403 -0.866272985935211 -0.873652517795563
3.00499367713928 2.45280241966248 2.06116509437561 1.82291519641876 1.47514820098877 1.23445534706116 7.37775278091431 8.22631168365479 9.50296974182129 7.38971996307373 6.68401098251343 6.00210666656494 4.34640073776245 3.7922055721283 3.4986035823822 3.15396785736084 3.07566237449646 3.41322326660156 2.71428442001343 2.33643674850464 1.93382394313812 1.58015763759613 1.41848838329315 1.062087059021 0.963134467601776 0.721732497215271 0.599159240722656 0.536355972290039 0.410120517015457 0.242198184132576 0.176094904541969 0.0416519939899445 -0.139755696058273 -0.231080368161201 -0.35429510474205 -0.46044597029686 -0.521582663059235 -0.629614889621735 -0.673409402370453 -0.69259375333786 -0.739631414413452 -0.837090611457825 -0.847471177577972 -0.904276013374329 -0.957721889019012
2.862384557724 2.27735710144043 1.85945916175842 1.51338875293732 1.27260279655457 0.916191935539246 1.44093430042267 12.5914516448975 10.7113304138184 8.75393199920654 6.15393733978271 5.09886360168457 4.57645082473755 3.97235202789307 3.70403456687927 3.47714447975159 3.27320981025696 3.18536496162415 2.72512817382812 2.18607068061829 1.8709043264389 1.3989531993866 1.21442532539368 0.901398420333862 0.764206886291504 0.605773389339447 0.412251353263855 0.330910265445709 0.252755612134933 0.171381652355194 0.0220535062253475 -0.038443673402071 -0.189288601279259 -0.341698557138443 -0.413329213857651 -0.519220054149628 -0.586052417755127 -0.650391697883606 -0.769879400730133 -0.792687714099884 -0.811926484107971 -0.873723924160004 -0.846104800701141 -0.859337210655212 -0.78549337387085
2.59209990501404 2.11442279815674 1.70069205760956 1.30097448825836 1.0159353017807 0.671704947948456 0.422495633363724 10.4935512542725 10.0449199676514 7.51296615600586 6.33629083633423 5.0651388168335 4.87956571578979 4.42965841293335 3.87595987319946 3.60050940513611 3.18512487411499 3.05259323120117 2.58624911308289 2.05519318580627 1.69753539562225 1.29055404663086 1.00999534130096 0.788947463035583 0.571192383766174 0.421755224466324 0.319624960422516 0.147953435778618 0.057694137096405 0.0295590665191412 -0.0785813927650452 -0.210217297077179 -0.228417545557022 -0.273417115211487 -0.411819994449615 -0.400219410657883 -0.630455851554871 -0.741534173488617 -0.810002744197845 -0.867339730262756 -0.89083606004715 -0.788287758827209 -0.666259706020355 -0.774660885334015 -0.761290431022644
2.36061644554138 1.91694915294647 1.35060930252075 0.998856782913208 0.675515651702881 0.536284804344177 0.440810769796371 3.34941983222961 6.44449377059937 8.07332897186279 7.43718004226685 6.14004611968994 5.00312423706055 4.60062170028687 3.7639946937561 3.50607681274414 3.15827894210815 2.79806661605835 2.3693060874939 1.97897589206696 1.39487671852112 1.23176825046539 0.887010991573334 0.628008663654327 0.447453379631042 0.234907329082489 0.149708673357964 0.0354793965816498 -0.118189193308353 -0.160002663731575 -0.199633061885834 -0.313111364841461 -0.404885351657867 -0.461795449256897 -0.594494938850403 -0.647508323192596 -0.696266531944275 -0.76035737991333 -0.837198674678802 -0.881714046001434 -0.898603737354279 -0.906189501285553 -0.880912661552429 -0.86255294084549 -0.757845520973206
1.99692916870117 1.52351081371307 1.03437542915344 0.80753630399704 0.475468337535858 0.367220252752304 2.56249332427979 0.364686191082001 3.12756180763245 8.42847442626953 7.22460746765137 6.31152296066284 5.10939979553223 4.38941526412964 3.87059259414673 3.18271136283875 2.9658567905426 2.64408254623413 2.16665267944336 1.90129208564758 1.45888292789459 1.07294976711273 0.811049699783325 0.498566001653671 0.273662954568863 0.125465214252472 -0.0479183420538902 -0.10311221331358 -0.223034381866455 -0.330190718173981 -0.361960411071777 -0.423950105905533 -0.545835316181183 -0.580109477043152 -0.626453995704651 -0.671946942806244 -0.721912443637848 -0.77450555562973 -0.84607720375061 -0.87130206823349 -0.883243262767792 -0.904281139373779 -0.928873062133789 -0.750051617622375 -0.563870668411255
