slauniainen/Data/DEM/Vihti_dsm1500b_cl_horizonAngle_300.asc
NCOLS 196 
NROWS 178 
XLLCORNER 353680 
YLLCORNER 6699024 
CELLSIZE 16 
NODATA_value -3.4e+38 
[rows 40 to 59 of 178, columns 135 to 179 of 196]
0.15186171233654 0.153344541788101 0.150859355926514 0.16203074157238 0.362573713064194 1.14397978782654 1.36785626411438 1.80079913139343 2.01800513267517 1.45452237129211 1.25623118877411 1.01048815250397 0.917545139789581 0.827695548534393 0.810265421867371 0.766746342182159 0.661607205867767 0.469353407621384 0.441578596830368 0.417143642902374 0.987637221813202 1.17118239402771 1.14991867542267 1.11078798770905 1.07623052597046 0.611809074878693 0.582187712192535 0.624397575855255 0.604915499687195 0.582467794418335 0.520189106464386 0.527142882347107 0.520424008369446 0.498947978019714 0.375843465328217 0.485236823558807 0.642217218875885 1.13399827480316 2.44232964515686 2.55210971832275 2.32369542121887 1.51069962978363 3.38790225982666 3.14654922485352 2.44131636619568
0.0492758564651012 0.0494742579758167 0.0444638915359974 0.0575696267187595 0.411716163158417 -0.0993244275450706 0.718717038631439 0.721113502979279 0.955794095993042 1.18471384048462 1.02584767341614 0.848867952823639 0.81147700548172 0.70241117477417 0.680025458335876 0.610118925571442 0.52447783946991 0.412398278713226 0.367009282112122 0.295924931764603 0.27288219332695 0.260504990816116 0.9351407289505 1.10192620754242 1.07780003547668 1.02319633960724 0.918572127819061 0.408953845500946 -0.82575660943985 -0.954281389713287 -1.0778694152832 -0.912606656551361 0.48296707868576 0.496557325124741 0.482095897197723 0.476764649152756 0.441221117973328 0.474939316511154 0.619407653808594 0.942623972892761 1.96829271316528 2.0503785610199 1.89564716815948 1.16062843799591 2.83388304710388
-0.0506698451936245 -0.0539072453975677 -0.0726510360836983 -0.042967826128006 -0.350406408309937 -0.282423466444016 4.94093751907349 4.85209989547729 0.389990210533142 0.64000415802002 0.638855755329132 0.572885513305664 0.586674273014069 0.471018433570862 0.463055491447449 0.278318136930466 0.192793816328049 0.126768261194229 0.156993925571442 0.213508322834969 0.297343075275421 0.861429154872894 0.929632842540741 -0.846764266490936 0.635698616504669 0.117187909781933 0.172421798110008 -0.00158209097571671 -0.306332528591156 -1.02358543872833 -1.0885294675827 0.770230412483215 0.0693261101841927 -0.872178614139557 0.48485279083252 0.517079710960388 0.472165077924728 0.36506599187851 0.456150829792023 0.475102037191391 0.860723197460175 0.807066679000854 1.62124907970428 1.69171524047852 1.33499276638031
11.1762685775757 -0.173165306448936 -0.182795196771622 -0.125658705830574 -0.99163019657135 0.0435211434960365 6.46823120117188 5.90935897827148 1.59141063690186 0.775575816631317 0.0575252957642078 0.189020022749901 0.230394288897514 0.13160166144371 0.0819443464279175 -0.0508782640099525 -0.156426250934601 -0.0589673519134521 -0.0954382717609406 0.030464343726635 0.339057594537735 -0.306406795978546 -0.0332361608743668 -0.717023611068726 14.1334753036499 13.7693309783936 18.4033031463623 11.3636026382446 10.8868341445923 0.600549757480621 9.26701831817627 13.5480642318726 5.1716833114624 21.4808731079102 36.3682098388672 25.2030277252197 0.470370024442673 0.463505297899246 0.451577395200729 0.23412923514843 0.427595227956772 0.443639993667603 0.720658540725708 1.46129810810089 1.54790186882019
11.6736030578613 7.68750333786011 6.90866470336914 -0.250890374183655 -0.608280301094055 22.453296661377 16.1276779174805 4.29263687133789 2.44590449333191 1.83436477184296 -0.353220552206039 1.11718344688416 -0.775787234306335 -0.265312224626541 -0.324588716030121 -0.400502622127533 -0.455842822790146 -0.464904606342316 -0.362433940172195 -0.227136433124542 -1.55615949630737 -1.4959123134613 -1.2425194978714 -0.492408394813538 6.6084418296814 6.12464046478271 -1.04692041873932 -0.428209453821182 -0.627662539482117 -0.730834662914276 -0.903668522834778 -0.839278399944305 -0.461157560348511 2.73184466362 22.8730926513672 16.8530941009521 16.1078548431396 13.1703863143921 0.447003692388535 0.43426251411438 0.222971543669701 0.308621913194656 0.39675509929657 0.413047194480896 0.647403657436371
10.0849418640137 8.22812652587891 7.29929542541504 5.37183570861816 -0.446771830320358 7.05276155471802 4.92112684249878 8.14017772674561 7.03776073455811 0.280512064695358 0.712721705436707 0.808178782463074 -1.45888841152191 6.61220836639404 4.46826314926147 -0.545537233352661 -0.585154294967651 -0.579447209835052 -0.525475084781647 -1.7813549041748 -1.78549635410309 0.731999516487122 1.62430119514465 8.07297897338867 13.4290971755981 -0.838171720504761 -1.15205001831055 -1.50806748867035 -1.55788910388947 -0.870468020439148 -0.808143556118011 -0.797694087028503 -1.02959811687469 15.6404047012329 14.2842216491699 22.0890884399414 11.798246383667 10.5750379562378 10.1703882217407 8.87985610961914 0.418092608451843 0.397282123565674 0.196445792913437 0.385577648878098 0.40314969420433
11.8626794815063 7.01975679397583 6.19495820999146 5.65248823165894 3.99467778205872 3.75755405426025 -0.642742872238159 1.35839557647705 -1.02501690387726 3.49795818328857 3.6554811000824 0.0534884743392467 -0.301488846540451 23.2984294891357 16.8658599853516 2.05429983139038 1.73434340953827 -0.697514772415161 -2.00393009185791 -1.18571054935455 33.3912239074707 34.4538650512695 28.261890411377 29.0236206054688 0.017927173525095 2.8243236541748 4.34988355636597 3.66482472419739 3.95901679992676 -0.6092808842659 1.30874991416931 1.1510055065155 5.7950611114502 3.58679509162903 23.0946350097656 20.3961029052734 13.850980758667 11.4042158126831 7.9461555480957 7.64870691299438 7.30825185775757 0.00924024265259504 0.378998011350632 0.158306628465652 0.18701334297657
8.30740070343018 9.57389450073242 5.02119016647339 4.83326387405396 4.40239858627319 4.06605577468872 2.91977763175964 2.63107347488403 -0.957797884941101 2.72892737388611 1.20708847045898 2.56692385673523 -1.23692166805267 -0.828229069709778 -0.784954905509949 8.50721740722656 -1.69961106777191 -1.3510320186615 -1.58326709270477 26.5594005584717 22.9114532470703 6.42278480529785 11.863392829895 12.300874710083 10.5341396331787 24.5838413238525 6.12560701370239 2.00993847846985 -1.56626772880554 -1.88342702388763 2.2090790271759 1.99716317653656 0.429304569959641 -0.201099961996078 32.7790145874023 27.5309581756592 15.8031206130981 8.98680019378662 8.64289665222168 7.53539133071899 6.44431447982788 3.83348894119263 12.690484046936 8.14626502990723 0.285635024309158
6.12841367721558 5.26964139938354 7.95684099197388 7.37536382675171 3.77283477783203 3.39861750602722 3.19734740257263 2.87024450302124 1.94154191017151 -1.05192136764526 -1.33009028434753 -0.336715221405029 -0.812496960163116 2.67902255058289 -1.45203959941864 -1.0092511177063 -1.41817545890808 -1.7770015001297 -1.80423271656036 -1.835733294487 -1.89750802516937 1.29923486709595 1.14776110649109 -1.8992338180542 -0.492541939020157 -0.560067117214203 -0.238943710923195 -2.12221741676331 2.89576005935669 -1.93798744678497 21.525426864624 2.49008774757385 9.03029823303223 14.0123310089111 35.6224937438965 27.093053817749 17.6310367584229 14.4987993240356 10.5455675125122 6.37900400161743 0.228251755237579 3.67520809173584 15.5317449569702 3.51913189888 5.02832746505737
5.30021572113037 4.63472890853882 3.93735980987549 4.66884803771973 6.19350147247314 5.69680309295654 2.66203927993774 2.29658269882202 2.21143484115601 1.49086821079254 1.34939777851105 -1.07387757301331 -0.348088949918747 -1.75269758701324 -1.6227160692215 4.94033336639404 2.79981875419617 1.95190262794495 -2.10188269615173 -2.78866338729858 -2.90608859062195 -2.81432127952576 -2.60544586181641 -2.54151773452759 -2.64293837547302 -2.91592025756836 -2.99304127693176 -2.77353572845459 5.33967685699463 12.6027050018311 -0.0104803908616304 4.43636417388916 12.7022171020508 21.9974765777588 27.4503574371338 18.1612911224365 17.2441539764404 14.163426399231 10.6815767288208 -0.00588417844846845 0.683905482292175 -0.911501407623291 15.246283531189 2.98465991020203 7.14394569396973
4.02111721038818 3.59669303894043 3.64916038513184 3.08870959281921 2.71251964569092 3.38584923744202 4.8617582321167 2.08783364295959 1.82152163982391 1.7712197303772 1.62682962417603 0.928491950035095 0.665785014629364 -1.52468311786652 5.97729301452637 4.62307548522949 3.71408176422119 -1.64377152919769 -2.7790310382843 -3.27337455749512 -3.50292611122131 -3.65689921379089 -3.52607393264771 -3.16041016578674 -3.45706534385681 -3.51649975776672 -0.849869310855865 15.5806760787964 19.8578300476074 6.77195501327515 1.51832509040833 14.001482963562 26.5757102966309 23.9582614898682 22.4415054321289 4.53024053573608 10.9608144760132 1.1310818195343 -1.38270378112793 -1.45434641838074 1.92296731472015 2.8225691318512 26.4681015014648 26.385570526123 11.3727960586548
2.64091324806213 2.40624976158142 2.79981303215027 2.88032388687134 2.51354551315308 2.13188505172729 1.87533223628998 4.19110822677612 3.90912532806396 1.51468873023987 1.25555837154388 1.13385665416718 0.694599688053131 -0.169713288545609 -0.296563714742661 -1.7931090593338 -1.94806563854218 -1.98696756362915 -2.99789810180664 -3.95719695091248 -4.42513465881348 -4.85212659835815 -4.8595552444458 -4.22899484634399 -4.5704984664917 -4.69003343582153 -4.32754516601562 9.64821529388428 7.83809661865234 12.7413578033447 20.3444366455078 16.4384765625 17.8842296600342 5.56521558761597 7.40041255950928 1.75505304336548 1.55210256576538 1.8298522233963 -0.541600167751312 -2.02492523193359 10.9866151809692 11.4868173599243 24.7404289245605 27.0866069793701 12.6549472808838
9.62370014190674 1.27085769176483 1.84721767902374 2.15649437904358 1.8680192232132 1.96476256847382 1.71912574768066 1.48052299022675 2.08580088615417 3.41397213935852 2.95523905754089 0.975157916545868 0.434981018304825 0.044392466545105 -0.16332058608532 -0.616247057914734 -2.00118327140808 -2.28118991851807 -3.38514089584351 -4.45284080505371 -4.88960981369019 -4.80619144439697 -2.50896739959717 0.420570254325867 1.5153990983963 -1.8778692483902 12.5210294723511 19.2865600585938 26.2241802215576 16.3941097259521 18.588737487793 13.3184518814087 16.0302696228027 11.4011688232422 6.6250376701355 3.36500716209412 4.89033365249634 0.759115636348724 -0.0706376433372498 -1.27027559280396 10.5158023834229 12.757529258728 18.0607814788818 13.4882822036743 17.4329032897949
4.81897163391113 7.34497690200806 6.27603816986084 1.36472189426422 1.12894880771637 1.40385770797729 1.21975553035736 1.39815175533295 1.19403994083405 1.05277597904205 1.63343608379364 2.78354501724243 2.31310415267944 0.132736548781395 -0.29196709394455 -0.527187705039978 -2.38727617263794 -2.46953654289246 -3.31259894371033 -5.11363077163696 -4.73876047134399 -5.09229946136475 -5.29280185699463 -1.1536066532135 -4.14221334457397 -0.133377447724342 2.85425972938538 13.0890254974365 18.4059886932373 24.9315490722656 24.7694320678711 15.8729248046875 13.6982316970825 10.7542276382446 6.71234560012817 6.47463941574097 3.04759550094604 2.81873202323914 7.1416974067688 -0.964541494846344 -0.499835401773453 10.5117177963257 16.2110576629639 17.6592597961426 20.2110633850098
-0.0543262362480164 1.80560111999512 3.21805548667908 4.94431066513062 0.335127711296082 0.816755354404449 0.663312375545502 0.957436382770538 1.13929128646851 1.03444528579712 0.887111008167267 0.686614871025085 0.947279214859009 1.79094326496124 -0.236412048339844 -0.452344924211502 -2.03631544113159 -1.00052154064178 -3.16637682914734 -4.39883756637573 6.48628377914429 -5.40289449691772 -5.32638359069824 10.2219228744507 10.5803442001343 10.2534160614014 17.2590065002441 28.4606895446777 22.9534111022949 27.834753036499 24.7092418670654 20.5177822113037 20.1275520324707 11.2045259475708 6.01351165771484 5.69399547576904 5.55469989776611 2.28316640853882 1.49332273006439 0.935802817344666 12.1875629425049 12.0413589477539 19.7907772064209 9.83750343322754 15.6494884490967
1.21882486343384 -0.283239006996155 1.3085024356842 2.52548027038574 4.04220581054688 3.58675956726074 0.0455130562186241 0.482570976018906 0.809706687927246 0.695499658584595 0.849072635173798 0.677838087081909 -1.05544936656952 -0.199232146143913 1.62853372097015 1.2787891626358 -2.00364184379578 -2.38369464874268 -3.25683951377869 -4.57865524291992 -4.6521782875061 -5.19203281402588 15.542350769043 12.3066844940186 16.7428340911865 9.43869972229004 29.8888835906982 13.5427799224854 12.8717422485352 15.7073383331299 21.7457714080811 20.3616619110107 17.0763759613037 14.4356145858765 9.01249122619629 5.32757949829102 4.94308042526245 4.77944278717041 2.9459273815155 -1.88864076137543 -2.15736627578735 -2.6432933807373 -1.9593905210495 2.86418628692627 10.114893913269
5.8814549446106 0.77875816822052 -0.418943017721176 -0.511137247085571 0.812961101531982 1.79398989677429 3.04255342483521 2.75908780097961 0.377336800098419 0.270842164754868 0.503776073455811 -0.578023672103882 -0.897054135799408 16.3837566375732 8.59517383575439 -0.566875159740448 -1.23355877399445 -1.00538158416748 -2.3292875289917 -3.81435751914978 15.2958555221558 2.08307027816772 13.8500337600708 18.3524532318115 8.30939292907715 21.1883087158203 25.9729099273682 20.6495952606201 12.3684282302856 16.8857288360596 25.6956195831299 29.4095001220703 17.4614772796631 16.5978584289551 11.3877096176147 11.0162143707275 5.93071746826172 3.92536926269531 0.124108418822289 -1.81774961948395 -3.32486987113953 -2.89861083030701 -0.0877956598997116 4.39839553833008 18.0750465393066
3.09741806983948 4.6921591758728 0.496043652296066 0.300684690475464 -0.594561457633972 -0.637959837913513 0.508074939250946 1.35644853115082 2.37479424476624 -0.24316668510437 0.0872805789113045 -0.0778539180755615 8.64442348480225 -0.650403439998627 7.24383306503296 -3.15499997138977 6.07208490371704 -1.94210195541382 -1.4249187707901 -1.71862435340881 -4.12566947937012 -4.26766872406006 0.812566995620728 16.3709011077881 11.8705177307129 31.2027034759521 24.1796455383301 16.0336170196533 18.6032123565674 20.3623809814453 21.4039726257324 25.7703685760498 21.5769367218018 18.1653156280518 11.787504196167 10.1256465911865 9.97634124755859 7.83178472518921 -0.91410768032074 -1.5042769908905 -2.16280484199524 4.54652643203735 3.28965330123901 7.19150972366333 10.9007730484009
3.07011342048645 2.48704886436462 3.81859707832336 3.32876992225647 0.100705660879612 0.020586347207427 -0.677660584449768 0.375187456607819 1.09134781360626 1.96976637840271 1.77360570430756 -0.603432357311249 -0.270091414451599 -1.74128496646881 12.4147672653198 -2.79263353347778 39.5503387451172 7.93801736831665 5.5936803817749 -3.51755213737488 -2.98701953887939 -0.33770227432251 1.48093855381012 19.3596649169922 7.24653005599976 20.1190700531006 21.1228466033936 22.0891399383545 19.9157371520996 12.8802251815796 20.6687068939209 22.7351779937744 21.7916164398193 17.4112453460693 12.0218639373779 11.0498838424683 9.37314128875732 8.2964506149292 5.88348054885864 8.63333892822266 11.5614404678345 24.5186290740967 23.8161792755127 29.2490291595459 21.3125476837158
2.83147263526917 2.41778802871704 2.04216861724854 1.6607825756073 2.75821828842163 2.50522232055664 -0.107428058981895 -0.739344596862793 -0.795973300933838 0.0703099891543388 0.67439478635788 1.3638608455658 -1.60333955287933 -2.26860451698303 15.8986263275146 6.38618087768555 5.91755867004395 16.0329723358154 10.4102458953857 -1.92637324333191 -3.83206057548523 5.68147802352905 4.91501760482788 6.94076156616211 14.5295209884644 30.5430946350098 21.8710632324219 15.979115486145 15.3393287658691 15.0054664611816 12.6507415771484 16.8756408691406 19.3550090789795 15.8058862686157 11.530818939209 10.1663017272949 8.77881526947021 7.36585474014282 6.0022668838501 5.9584059715271 4.7651162147522 8.48420429229736 8.95677852630615 16.3070316314697 29.3979759216309
