slauniainen/Data/DEM/Vihti_dsm1500b_cl_horizonAngle_282.asc
NCOLS 196 
NROWS 178 
XLLCORNER 353680 
YLLCORNER 6699024 
CELLSIZE 16 
NODATA_value -3.4e+38 
[rows 20 to 39 of 178, columns 0 to 44 of 196]
36.6218528747559 15.153021812439 14.7831878662109 17.8128395080566 14.3257322311401 11.7896575927734 10.6085634231567 9.79499530792236 9.12621593475342 8.5577335357666 4.80114603042603 5.36978769302368 5.15487003326416 3.63410925865173 1.65082943439484 0.0827533453702927 -0.292445868253708 -1.0532546043396 3.81965804100037 -1.28807556629181 -1.5045166015625 -1.64349806308746 4.4403018951416 6.15284442901611 13.7767114639282 12.9399938583374 9.26704692840576 7.39359045028687 4.30407762527466 4.75001907348633 -0.131545335054398 4.81666326522827 13.2205038070679 8.93067646026611 2.60507893562317 1.97397649288177 1.12412011623383 6.91123676300049 -0.270386189222336 14.5187540054321 0.401081293821335 23.9591369628906 5.01375913619995 1.26765179634094 0.582334160804749
15.9083452224731 12.4666986465454 20.2747955322266 15.1893625259399 11.7573156356812 10.1160678863525 9.58833026885986 8.96468925476074 8.2939395904541 7.69178056716919 5.28839921951294 13.419903755188 4.97769260406494 4.57140779495239 2.64757537841797 0.705539107322693 -0.0488229915499687 -0.6886106133461 -1.03431820869446 -1.21480989456177 -1.70772969722748 -1.63620066642761 -1.85754191875458 9.77427387237549 2.43234443664551 16.4239120483398 13.2044477462769 22.2354106903076 14.6053171157837 5.34152984619141 4.82332849502563 2.57108068466187 8.07307147979736 6.30198907852173 15.6197576522827 3.77175974845886 17.636775970459 3.68971228599548 0.15848796069622 3.23338437080383 1.60568761825562 3.57056093215942 10.9859504699707 1.37329053878784 3.05533146858215
13.5972948074341 7.61206245422363 35.1657752990723 20.7439632415771 10.9699783325195 9.98052883148193 9.14383792877197 8.33654689788818 7.75135278701782 7.4682183265686 4.27575206756592 3.83147358894348 20.045503616333 5.74558734893799 2.36004757881165 -0.00782324932515621 6.87173414230347 -0.567093312740326 -1.11306083202362 -2.06511735916138 7.45330190658569 2.17064142227173 -1.63155388832092 13.9127569198608 3.32678771018982 8.47421360015869 17.9013500213623 24.3861503601074 10.533839225769 8.19838047027588 7.18970727920532 2.72333955764771 1.40695381164551 12.3384304046631 5.91022109985352 3.66573357582092 2.5292501449585 2.07372069358826 1.41401290893555 1.37519526481628 1.3673712015152 3.17535948753357 2.23613739013672 0.661265432834625 2.61778402328491
5.09927272796631 26.1351680755615 38.4007148742676 22.4936046600342 13.7956581115723 10.9389028549194 8.61185264587402 8.22025394439697 7.59631395339966 7.03830623626709 4.22668743133545 3.85923004150391 3.44531798362732 3.35103702545166 3.01712274551392 1.98880851268768 0.182611778378487 -0.424819558858871 -1.00023138523102 2.71116614341736 -1.60037231445312 -1.73309350013733 8.30232238769531 4.91671848297119 2.8387565612793 5.25788974761963 28.7622375488281 16.7061176300049 21.87380027771 11.651873588562 8.82624435424805 6.99693250656128 4.49226522445679 3.51849246025085 7.19850730895996 20.4940357208252 13.8728590011597 1.28464412689209 0.706489145755768 23.9479427337646 11.7596092224121 3.34127879142761 1.84883332252502 9.97075366973877 9.21085071563721
7.80660009384155 6.93037128448486 39.5048522949219 23.0130558013916 18.0564861297607 14.9538660049438 12.3377285003662 10.5616092681885 6.80129957199097 6.46044111251831 3.55755949020386 3.63528299331665 2.29481172561646 4.25126838684082 13.0686187744141 0.825845718383789 -0.305580288171768 -0.330072522163391 -0.848210096359253 -1.29639446735382 5.96152400970459 -1.43285512924194 1.02364897727966 -1.63891863822937 19.3931407928467 14.6590137481689 35.0782585144043 19.1856861114502 20.8923416137695 7.45806360244751 14.070200920105 6.23028993606567 3.99167418479919 20.2186546325684 4.99775981903076 36.39794921875 5.92552328109741 3.2961757183075 1.40374052524567 10.4194936752319 1.19938313961029 3.57316851615906 7.61624956130981 3.21345925331116 15.3037195205688
7.29286003112793 35.1440048217773 21.1858787536621 14.1129121780396 15.7448568344116 12.2700080871582 9.63077163696289 7.99377346038818 9.16120147705078 8.18200969696045 4.33957862854004 4.24466609954834 2.72586727142334 2.09393167495728 1.70729994773865 1.66474044322968 1.74605309963226 0.33138632774353 -0.53828889131546 -0.723324716091156 -1.39702594280243 10.3963994979858 1.48341464996338 -1.62823522090912 11.4022941589355 35.5322647094727 25.1181735992432 26.1075668334961 13.3776540756226 12.6952629089355 10.589259147644 6.87526226043701 7.82141017913818 8.4819164276123 25.7939033508301 16.6210956573486 12.7254581451416 9.1172981262207 3.92561960220337 2.0904278755188 1.22130787372589 5.70261335372925 3.09338879585266 0.779484748840332 17.4280033111572
8.52696800231934 26.9523983001709 15.6585884094238 14.1994895935059 11.2636680603027 9.27037811279297 7.55535221099854 7.01763486862183 6.64770603179932 6.59627437591553 6.24815511703491 4.25166034698486 3.02848362922668 2.07503890991211 1.09668576717377 14.1827144622803 0.548468708992004 -0.177170649170876 2.14463901519775 -0.831057369709015 -0.924792170524597 -0.812930703163147 -1.49773383140564 8.62955379486084 15.0077743530273 15.544713973999 31.4280166625977 24.1874141693115 13.2018051147461 13.9412021636963 10.3998222351074 11.5512847900391 9.18438625335693 21.9459228515625 16.4555816650391 6.55396413803101 6.73701429367065 4.85753059387207 3.88161540031433 2.35347580909729 6.48128461837769 1.4362518787384 6.34357357025146 5.20251417160034 38.0913848876953
10.579345703125 18.905797958374 10.9048738479614 10.4590740203857 8.50454998016357 8.014723777771 7.38135957717896 6.90358972549438 6.37860774993896 5.98347091674805 6.03022861480713 3.54195475578308 1.57438063621521 5.2917218208313 1.94901442527771 0.870907485485077 4.86329889297485 0.533363819122314 0.159639194607735 -0.914412260055542 -1.60523569583893 0.0501827523112297 -1.16716885566711 4.98573732376099 9.1762113571167 33.6035842895508 20.5152149200439 17.760555267334 7.98663187026978 17.5032634735107 14.7272291183472 10.2580213546753 27.2686862945557 11.7770433425903 8.87687587738037 8.7571439743042 6.82146692276001 5.4459924697876 4.2360668182373 3.58965229988098 1.72318255901337 4.37045288085938 5.38518142700195 6.81103801727295 10.2203359603882
24.6906909942627 15.3835067749023 9.33135890960693 9.78818321228027 9.20315933227539 8.74655628204346 8.10455417633057 7.55480146408081 6.52494764328003 6.20238828659058 5.84047508239746 3.92389273643494 2.34183073043823 1.70033049583435 1.09156107902527 0.425387263298035 13.578896522522 3.95769071578979 0.18656812608242 -0.442307740449905 -1.28273546695709 14.8740739822388 18.8567237854004 7.32483386993408 7.60825443267822 30.359468460083 18.3240432739258 19.0415821075439 11.212420463562 5.15330410003662 30.8407917022705 8.18184661865234 30.7395153045654 16.6745491027832 7.15460109710693 8.82105731964111 7.7391300201416 2.84720301628113 22.2459106445312 16.4361915588379 3.1002824306488 7.65569639205933 2.80884718894958 7.97007846832275 9.52977466583252
22.8606834411621 13.4780607223511 10.3063125610352 8.471022605896 7.63434886932373 7.70980882644653 7.2889199256897 6.86490869522095 7.14762735366821 6.78790712356567 6.44083070755005 5.0482063293457 2.86198282241821 2.4153778553009 0.675203323364258 0.0597172230482101 -0.12093210965395 -0.363340377807617 16.2690277099609 8.87554931640625 -1.08194434642792 -1.5552419424057 21.1720237731934 23.2248840332031 14.6806221008301 11.0208492279053 13.4978189468384 11.2301034927368 6.19080877304077 5.41435241699219 23.8338394165039 15.9748668670654 17.1622200012207 13.770622253418 10.0333337783813 7.57454252243042 5.96748971939087 4.84759950637817 4.20984411239624 3.31089067459106 12.727367401123 6.41559314727783 3.38968372344971 6.06219387054443 13.5981502532959
22.3386821746826 12.9545650482178 9.36563491821289 7.93189668655396 7.51670694351196 7.24875450134277 6.78456735610962 6.34388017654419 5.61752986907959 6.08536958694458 5.98051023483276 5.71023845672607 4.57037448883057 1.75784432888031 1.26559782028198 0.361469924449921 0.292833983898163 -0.962701737880707 36.8186111450195 10.0108852386475 -0.924678206443787 -1.38332307338715 2.90656900405884 15.1981019973755 24.7511653900146 12.2631034851074 30.0252113342285 7.95154094696045 7.80164766311646 4.05294132232666 25.8300151824951 21.4241504669189 14.3445129394531 10.6724452972412 9.15164852142334 5.32893466949463 4.23572206497192 3.391352891922 6.95417833328247 4.19108247756958 2.82016587257385 2.32699394226074 2.16891479492188 6.19359445571899 19.9113273620605
9.81271076202393 9.88673114776611 9.29026508331299 7.73708057403564 6.90758943557739 6.55052423477173 5.89599514007568 5.39630460739136 5.99319124221802 5.67041969299316 5.37570238113403 5.09132480621338 4.19706153869629 2.9360945224762 1.88371181488037 1.10420000553131 0.611513018608093 -0.157656833529472 7.27251720428467 5.04175662994385 10.6380205154419 0.0277865435928106 9.90177631378174 6.15973520278931 14.2147655487061 31.8533039093018 10.2879009246826 19.06955909729 7.68035650253296 6.72633409500122 21.6770496368408 11.6461277008057 11.9925661087036 10.4501438140869 8.36378002166748 7.10525465011597 4.63694429397583 10.1059350967407 2.93300771713257 4.60470008850098 1.69121289253235 4.51421022415161 16.5677433013916 10.5565023422241 12.9366388320923
4.49994468688965 7.3631272315979 6.43748569488525 6.98815441131592 6.51573133468628 6.16054582595825 5.58852815628052 4.65948677062988 4.9537525177002 4.60880136489868 4.27950477600098 3.97311758995056 3.70627284049988 3.6513409614563 1.29375874996185 0.355283617973328 9.40602111816406 -0.486730992794037 0.253352791070938 4.91645812988281 5.10465335845947 1.29108119010925 -0.0702503174543381 -0.107832819223404 28.5340518951416 14.0260753631592 6.26317167282104 1.53695476055145 11.7331228256226 21.5486965179443 10.6526031494141 7.90125560760498 10.3484354019165 9.62576961517334 5.22702169418335 15.6150798797607 4.67943429946899 6.38153076171875 3.67204880714417 3.13429713249207 3.0294816493988 2.03607749938965 11.6586837768555 12.2716598510742 16.810962677002
5.87431001663208 5.70244741439819 4.35489797592163 4.30979108810425 4.18542718887329 4.11177539825439 4.26843309402466 5.16098308563232 4.81951379776001 4.50074529647827 4.21582508087158 3.94366526603699 3.40340971946716 3.04553818702698 1.20632028579712 -0.00438658380880952 7.1801905632019 0.277205049991608 4.52338981628418 0.189541280269623 4.58494997024536 5.2446084022522 2.78606605529785 3.51759791374207 7.54000568389893 13.2195224761963 8.06034851074219 3.90557026863098 5.78449583053589 12.3636093139648 16.1373138427734 11.5449619293213 7.06174993515015 18.4227523803711 5.72770833969116 3.75408840179443 3.39419412612915 23.1113224029541 3.9954092502594 5.53550863265991 3.81209373474121 3.79105877876282 4.74081897735596 11.5560216903687 15.23499584198
7.35663270950317 7.08001136779785 6.94776391983032 5.65884637832642 5.30638360977173 5.11672878265381 4.72302579879761 3.60100507736206 3.43383646011353 3.28579354286194 3.14545345306396 2.98238849639893 3.72281408309937 3.50849223136902 2.03591370582581 0.768981754779816 10.7321529388428 0.312504500150681 2.61005520820618 -0.196834295988083 -0.627900123596191 0.776670634746552 -0.426685780286789 8.94183444976807 4.37445640563965 5.79666757583618 15.867639541626 10.7035188674927 3.61483669281006 7.75906896591187 14.12855052948 8.28556728363037 5.72827768325806 8.08790016174316 4.30579948425293 3.30678153038025 6.55449914932251 2.41641664505005 3.43473029136658 17.1821517944336 6.34076976776123 8.23390197753906 6.13603639602661 8.45010948181152 4.75111150741577
13.5768632888794 5.05914449691772 5.20395994186401 6.80772495269775 6.42797708511353 6.13747596740723 5.60818338394165 5.29676198959351 4.269287109375 4.07906150817871 3.90186762809753 3.7095639705658 2.86209607124329 2.73618865013123 1.28189635276794 0.355484336614609 15.3228750228882 0.227501675486565 -0.167240530252457 0.127933889627457 -0.485297590494156 -0.764890432357788 4.85822105407715 2.16398143768311 2.6453754901886 7.94643497467041 13.8085508346558 11.4243583679199 6.04705810546875 8.0559253692627 5.52408123016357 9.70355796813965 9.27740478515625 18.5710315704346 13.0360221862793 2.56481051445007 1.73036980628967 1.3606550693512 10.8482303619385 23.5652275085449 9.52566623687744 10.3700561523438 7.34393405914307 7.26165866851807 5.85782289505005
4.20798492431641 11.4582023620605 9.45987224578857 8.15411853790283 7.17822551727295 6.15882205963135 3.97959566116333 3.71938109397888 5.02294254302979 4.78063440322876 4.55333662033081 4.33313131332397 4.1347393989563 3.41824960708618 3.28845119476318 2.56616640090942 0.809200525283813 0.490299135446548 2.72432971000671 0.0847767814993858 -0.509730339050293 -0.953027665615082 7.71004581451416 0.0411200821399689 15.3833656311035 12.5824346542358 12.4160623550415 16.3117713928223 16.3463973999023 13.3200664520264 9.40283298492432 9.19799995422363 21.3290271759033 13.6051692962646 9.92168712615967 5.9761266708374 2.44427013397217 2.36305785179138 5.54223680496216 9.15098857879639 20.8044490814209 7.78521537780762 7.45989799499512 4.17937707901001 15.5641775131226
4.00028371810913 3.96567273139954 3.44761252403259 3.08815121650696 2.96804594993591 2.81105542182922 5.23722457885742 4.73316526412964 4.32044649124146 3.95955371856689 3.1498749256134 2.99845933914185 2.84557509422302 3.9748387336731 3.81549119949341 3.52550292015076 2.80442190170288 0.949430167675018 10.8911428451538 0.694899320602417 1.533371925354 -0.0726911202073097 3.80777716636658 4.45395040512085 11.7074203491211 4.88036251068115 29.2094745635986 16.300142288208 11.5054979324341 9.97835445404053 8.78545570373535 9.15511608123779 9.17551708221436 8.39047431945801 9.56232452392578 6.82077264785767 3.90622591972351 3.69283938407898 2.97764277458191 1.81025266647339 1.94772040843964 24.6173057556152 13.6198978424072 8.24399662017822 23.2054748535156
3.27716445922852 3.07414603233337 2.65669441223145 2.37463879585266 2.34488368034363 2.31114530563354 2.02861547470093 1.86823439598083 1.75326037406921 1.99426746368408 3.6851646900177 3.42632961273193 3.19105672836304 2.99738574028015 2.82605600357056 2.494225025177 1.43445575237274 5.58359384536743 2.36700534820557 1.99941563606262 5.7399730682373 3.45553922653198 7.97778415679932 8.63067245483398 3.27951121330261 19.8111057281494 11.3619518280029 7.62543869018555 12.3086500167847 9.77142906188965 8.2913875579834 8.35353755950928 7.79529523849487 7.28753280639648 6.81108093261719 7.01139211654663 3.86216926574707 3.69660878181458 5.80059957504272 3.78999638557434 3.0838623046875 7.45543432235718 24.5988941192627 21.6424369812012 16.7926349639893
2.34121513366699 1.99344396591187 1.79921185970306 1.74771535396576 1.88337826728821 1.79540932178497 1.59970843791962 1.47453415393829 1.48117172718048 1.64998972415924 1.53190469741821 1.44078969955444 1.35053527355194 1.31960046291351 1.48844122886658 2.66875195503235 2.52691960334778 2.34978842735291 2.08090305328369 4.01813316345215 0.809886336326599 16.319278717041 8.24297046661377 5.09761619567871 1.30646812915802 17.7465515136719 6.99468040466309 7.98940896987915 6.24210691452026 5.21427583694458 4.62687540054321 4.89344930648804 4.70751762390137 6.52010726928711 6.05803346633911 6.50308895111084 3.47660398483276 30.5662307739258 16.711893081665 13.0547885894775 12.7706546783447 11.1291494369507 13.1232118606567 15.7633066177368 13.8468751907349
