slauniainen/Data/DEM/Vihti_dsm1500b_cl_horizonAngle_204.asc
NCOLS 196 
NROWS 178 
XLLCORNER 353680 
YLLCORNER 6699024 
CELLSIZE 16 
NODATA_value -3.4e+38 
[rows 120 to 139 of 178, columns 138 to 183 of 196]
35.8741912841797 19.4537239074707 15.964898109436 13.0775566101074 9.48738288879395 7.43835973739624 8.56430435180664 10.8012647628784 23.8409385681152 29.2220230102539 19.4869022369385 17.9135513305664 34.401927947998 13.0565795898438 12.4252853393555 25.5970287322998 11.9265737533569 22.935209274292 31.8986587524414 40.2983055114746 12.4945135116577 12.9094934463501 33.4209022521973 18.470853805542 14.5847663879395 3.29217004776001 11.6619958877563 0.0763630941510201 1.55995535850525 16.4974803924561 6.65921926498413 1.08982813358307 0.472514539957047 2.33793115615845 10.2361307144165 4.67066097259521 21.0999660491943 15.6163425445557 11.2469282150269 2.21468663215637 1.30140745639801 1.62103688716888 0.927896857261658 1.56674432754517 12.680025100708 0.587633550167084
20.1130104064941 20.0412921905518 18.2316951751709 13.4376573562622 14.625958442688 15.947226524353 16.2737770080566 10.7256288528442 12.4638776779175 13.4178943634033 11.9949436187744 20.7569942474365 11.8292112350464 15.2001428604126 13.2575721740723 17.1676921844482 35.492431640625 38.6145324707031 42.2417411804199 9.15327930450439 22.6824913024902 17.1559257507324 14.0692234039307 7.13590145111084 23.0267601013184 3.30123805999756 0.233062848448753 7.24513530731201 19.8307437896729 0.518593668937683 2.03835535049438 3.66926383972168 2.39947605133057 22.9442749023438 2.22716689109802 1.39208221435547 0.932097733020782 0.559281647205353 0.533773064613342 1.0340428352356 1.32651317119598 1.71143043041229 1.19080829620361 0.882986128330231 0.428751558065414 2.29723429679871
28.6164684295654 21.9500484466553 16.7011814117432 24.963565826416 37.527416229248 36.0263366699219 39.289192199707 19.3112354278564 18.6845378875732 13.6115398406982 13.4898948669434 16.0361213684082 30.0234756469727 17.4721965789795 18.9689521789551 12.0512819290161 13.7275915145874 10.0327386856079 10.5833024978638 23.6829643249512 24.3909549713135 29.4232978820801 7.07769060134888 25.241325378418 4.19124221801758 22.9873733520508 10.5871829986572 4.52460384368896 5.56339693069458 12.6939210891724 1.62147128582001 9.81116199493408 4.76997327804565 1.58338701725006 3.13132238388062 5.88851737976074 17.2136478424072 1.51341807842255 0.919744670391083 1.60655498504639 1.71077942848206 2.95720052719116 1.47672057151794 3.96611857414246 3.21047902107239 5.09516763687134
32.9163513183594 36.0877456665039 19.4251918792725 35.1511917114258 12.6492586135864 16.5950965881348 13.7813138961792 27.4161491394043 33.3010406494141 20.2165107727051 22.9300651550293 17.2277221679688 19.3017845153809 28.5743885040283 35.7787551879883 23.3902263641357 13.8078289031982 28.2355651855469 30.9908962249756 29.6977443695068 11.329779624939 4.88666391372681 11.1912260055542 5.62401247024536 7.59654188156128 0.71398913860321 1.09446132183075 8.64587497711182 1.38250553607941 11.5202016830444 2.93494176864624 3.52637004852295 3.60891723632812 1.17159509658813 4.34767866134644 3.43022799491882 4.65673303604126 1.63501393795013 11.6240520477295 1.71735680103302 2.52820014953613 6.05815601348877 8.21322250366211 8.2422046661377 7.59667778015137 19.5052280426025
31.2448787689209 29.9534797668457 15.0605955123901 18.2901039123535 31.2683010101318 30.2176208496094 16.0486507415771 19.0750122070312 13.9122524261475 19.8409519195557 17.6776885986328 22.5012111663818 36.3232154846191 14.7054719924927 20.0280590057373 6.81963491439819 20.6556549072266 10.9375085830688 10.4425678253174 12.6931982040405 13.6592178344727 10.1024417877197 11.4411201477051 10.2324810028076 5.39167785644531 4.40810823440552 5.50716924667358 10.7801694869995 1.86656308174133 2.76481866836548 4.86502027511597 3.56703948974609 5.50366067886353 4.57919836044312 4.42692375183105 3.50609087944031 2.01353144645691 4.12742948532104 2.99897527694702 2.11063289642334 17.6261348724365 7.44973278045654 11.6548442840576 14.4154539108276 11.2034502029419 4.45922613143921
23.4052295684814 16.3159046173096 20.0325450897217 7.2544322013855 5.53406476974487 8.9666805267334 32.9714164733887 21.3133125305176 21.2706394195557 22.5980968475342 23.1946125030518 26.1320323944092 13.4740085601807 7.97784948348999 7.5494589805603 12.2834615707397 14.649245262146 20.2142467498779 12.490177154541 8.31792259216309 7.16516494750977 16.2951278686523 21.725658416748 6.81595611572266 8.37445735931396 10.2085466384888 4.80575609207153 7.52075433731079 2.08249855041504 8.99341583251953 5.39854764938354 4.65472984313965 4.27356004714966 15.628044128418 5.91427326202393 8.90676689147949 12.4463129043579 27.0363903045654 2.96412134170532 6.60725164413452 1.68466913700104 17.0290908813477 16.3033046722412 28.6173515319824 12.7953901290894 13.1591758728027
28.2763023376465 18.0288238525391 15.9376277923584 11.5296630859375 9.01254081726074 13.8525171279907 20.5025463104248 26.761287689209 17.8071060180664 25.4533615112305 32.7351264953613 23.0036525726318 10.971773147583 21.8699169158936 7.40859985351562 27.0780735015869 19.2613639831543 7.71628093719482 5.64749622344971 5.21517419815063 3.71526670455933 13.0912027359009 3.28964734077454 6.86394309997559 18.2511672973633 8.75057792663574 5.26150894165039 4.71829795837402 4.80553913116455 1.1214451789856 1.47671318054199 4.66701030731201 9.51887130737305 4.50256395339966 7.16384792327881 7.14724731445312 5.70486402511597 1.71126306056976 28.3676280975342 15.3938064575195 17.3786468505859 20.0017852783203 28.656457901001 7.81234550476074 31.9346046447754 9.90228939056396
16.9752712249756 19.315408706665 14.9173164367676 14.4052143096924 5.49344682693481 14.2152862548828 12.1311626434326 13.2635049819946 18.1163501739502 18.7359371185303 10.8828716278076 17.9930210113525 11.0734539031982 18.0815448760986 9.28521823883057 10.6186580657959 0.360545992851257 10.8283109664917 16.8718395233154 0.848346352577209 7.79185009002686 0.891603469848633 7.08159017562866 6.14197635650635 2.22428607940674 4.85044240951538 3.92023205757141 7.21102857589722 5.24256563186646 2.90341758728027 8.48756217956543 6.33572912216187 14.0772495269775 4.34235811233521 15.002049446106 4.53104019165039 7.10612058639526 5.68051719665527 1.85325360298157 9.26704120635986 28.2696018218994 38.4675788879395 24.3442630767822 17.2680988311768 5.80929613113403 24.7927799224854
16.0514488220215 10.3319540023804 35.1063804626465 9.60622310638428 24.5071468353271 30.9397716522217 10.2994413375854 11.7887353897095 4.56212425231934 7.36609363555908 6.91253471374512 6.08094882965088 13.2081365585327 19.9637775421143 12.8351078033447 3.12542939186096 29.6671390533447 -0.498123496770859 7.0547308921814 0.546474814414978 -0.830568850040436 8.31354713439941 5.95797204971313 5.71426773071289 3.2315456867218 16.3215427398682 13.8762445449829 8.5263032913208 6.20768737792969 27.5622749328613 13.2182388305664 6.55605459213257 12.0129718780518 14.8489351272583 10.3882665634155 8.94639492034912 2.06328701972961 2.13662958145142 3.49151539802551 7.55648803710938 0.973732531070709 4.40348052978516 16.0534229278564 13.1958265304565 11.5790023803711 5.60498046875
10.6213979721069 21.5421028137207 6.02914762496948 7.10591554641724 4.47063779830933 1.98174524307251 3.12233948707581 3.17455339431763 3.89275217056274 4.11942148208618 6.27846622467041 8.18905925750732 13.7537956237793 28.8219432830811 16.1605987548828 19.6843280792236 -0.575796008110046 -0.435436904430389 -0.953665137290955 0.30098232626915 0.833164870738983 1.72937035560608 11.2532835006714 4.09433221817017 24.2987155914307 11.9463777542114 6.18012428283691 8.16531562805176 4.28444623947144 13.500602722168 13.6450233459473 13.1720504760742 20.2052669525146 33.731086730957 19.3933982849121 22.1638889312744 5.20531129837036 8.82489490509033 3.25225806236267 3.33627438545227 0.662577629089355 0.368308395147324 0.895054042339325 3.61566996574402 1.319260597229 4.39857530593872
10.9697036743164 23.2429428100586 7.29165649414062 7.26035213470459 4.96163702011108 20.7160091400146 2.86770153045654 3.93201112747192 17.326509475708 20.726619720459 8.14983463287354 10.8065643310547 16.4863662719727 16.8605613708496 11.1820135116577 5.29249382019043 -0.206899285316467 0.19347956776619 -0.878194153308868 1.52956461906433 2.67774248123169 -0.406720489263535 0.760726153850555 4.8545126914978 1.82735967636108 5.31543874740601 12.2604150772095 25.2942199707031 10.7455101013184 0.288846522569656 6.04702138900757 3.27014136314392 1.35903811454773 1.27918899059296 22.4416103363037 2.19086837768555 4.17755889892578 12.983904838562 7.14130926132202 4.48239994049072 0.63351958990097 0.682431757450104 19.8198070526123 19.9398651123047 18.205057144165 2.82763361930847
8.17006397247314 5.71507549285889 7.52759838104248 20.1403846740723 10.0708084106445 4.59547233581543 3.93662118911743 25.9678840637207 21.0047950744629 23.7839527130127 29.4024753570557 20.7891387939453 20.2325897216797 18.6606597900391 10.271580696106 1.96899199485779 10.2679080963135 6.19224452972412 0.833367586135864 11.2586393356323 4.57873249053955 4.9169487953186 5.26340055465698 2.71425437927246 3.53212952613831 8.35749626159668 30.5007476806641 4.16145372390747 25.1640396118164 0.753698766231537 1.18959379196167 1.71602249145508 1.39418685436249 1.71533465385437 1.47753703594208 2.50374317169189 9.48500823974609 14.8875379562378 29.9776496887207 19.8662662506104 27.227294921875 1.14231562614441 5.14870309829712 0.644494414329529 6.29928827285767 3.32249093055725
8.07264041900635 8.90112972259521 7.71043157577515 8.33137226104736 16.1865653991699 23.5130805969238 5.00940799713135 6.21184253692627 7.25020360946655 22.6936817169189 22.5025424957275 22.0490798950195 27.6686401367188 27.4468803405762 13.7958946228027 14.2616424560547 -0.341777980327606 3.33781218528748 1.03050255775452 2.68821978569031 26.9430980682373 11.1611967086792 6.81826782226562 19.8155307769775 7.5087513923645 7.9238166809082 2.45859384536743 2.91838908195496 1.86980926990509 1.12655138969421 1.27020716667175 1.44086170196533 3.6006166934967 4.65330743789673 3.24202752113342 2.7739098072052 19.0055694580078 1.75246298313141 1.49391114711761 0.804933309555054 0.759422600269318 1.25152885913849 0.472370326519012 8.69216346740723 8.005202293396 4.88907861709595
9.76544952392578 9.16371536254883 10.9663963317871 6.55910301208496 4.63045835494995 2.76844143867493 3.65651178359985 0.691439509391785 0.735842645168304 5.00857639312744 8.02670478820801 2.08330631256104 10.3472509384155 16.4221611022949 16.4174251556396 -0.0274509508162737 0.934849739074707 12.4339380264282 6.40226411819458 6.99983596801758 -1.3720611333847 9.71482849121094 7.42771577835083 4.7711353302002 16.3629817962646 14.7902526855469 4.35462474822998 3.81241130828857 8.71167182922363 1.6036422252655 1.55131447315216 1.92864429950714 4.82597160339355 12.7809457778931 9.69170379638672 3.29182171821594 1.96562445163727 1.79176080226898 2.14893984794617 2.1854043006897 1.69342565536499 1.47689461708069 1.28769445419312 0.930100798606873 5.50490474700928 13.6892871856689
12.9047746658325 17.5293064117432 40.4942626953125 6.98244953155518 5.4584903717041 3.06508278846741 4.13862991333008 10.6112775802612 16.1519737243652 21.5142803192139 5.89559412002563 12.5835800170898 0.142535522580147 11.401162147522 20.6539916992188 0.0542341284453869 22.2923355102539 -0.595667243003845 -0.460696130990982 1.63788115978241 3.72753596305847 23.6818237304688 9.55352401733398 19.0712127685547 14.1800622940063 11.1338415145874 3.80780649185181 2.56001353263855 1.44391238689423 1.68783342838287 1.58136630058289 5.65028190612793 18.5426788330078 19.9898738861084 11.1905488967896 6.64721775054932 14.6629619598389 2.83600687980652 2.57320976257324 5.05945301055908 15.7143650054932 15.5549020767212 2.71888852119446 3.06618618965149 8.02200889587402 19.7901210784912
10.0529479980469 8.67190933227539 5.32982683181763 12.6776475906372 6.11503744125366 13.4175148010254 1.39855933189392 1.10590481758118 -0.451407223939896 -0.637309670448303 3.24373316764832 6.43067312240601 5.18935441970825 16.1541423797607 14.6395454406738 10.560173034668 -0.507235944271088 0.965110957622528 -0.604402184486389 -0.437748908996582 29.6380214691162 6.69699954986572 11.155104637146 27.4772529602051 18.0568332672119 11.8693857192993 12.368597984314 9.76013946533203 9.52625846862793 13.7931241989136 21.8313121795654 19.3587417602539 26.1586284637451 27.9598789215088 14.5593013763428 8.47070026397705 4.68602514266968 2.96847772598267 2.97981214523315 2.56198596954346 1.9616391658783 2.80043315887451 6.19351673126221 5.34566307067871 19.5545196533203 14.9063806533813
9.96562957763672 12.953761100769 8.66800594329834 4.54220342636108 21.6189022064209 2.24333643913269 11.2030267715454 6.8133544921875 -0.0146026210859418 4.37071895599365 5.93265342712402 10.3612899780273 23.6589431762695 0.196997597813606 38.6805686950684 14.2600412368774 -0.468092381954193 -0.0561472922563553 -0.460483908653259 6.1898250579834 -1.05322229862213 3.09490346908569 8.10744380950928 -1.05280840396881 4.25425148010254 6.38060426712036 18.5790405273438 9.53967380523682 4.68588829040527 41.5737533569336 20.901481628418 47.6589317321777 50.0838241577148 29.1970767974854 20.1112766265869 13.1916532516479 3.71408653259277 5.01633167266846 3.43752002716064 21.2001075744629 16.3435077667236 6.56850719451904 5.95436143875122 16.0528125762939 7.49866962432861 12.9516725540161
18.7203540802002 13.9790191650391 19.3493099212646 8.43076419830322 20.7037887573242 3.52392077445984 1.156414270401 -0.576994895935059 4.08235931396484 3.47635936737061 -1.0296528339386 -0.505780041217804 -0.165508553385735 4.79911088943481 0.173909336328506 0.022065794095397 -0.173279747366905 -0.207012727856636 -0.385784834623337 -0.674312353134155 -0.587595641613007 -0.907210528850555 15.6288595199585 -0.936125159263611 0.125547364354134 7.85195779800415 13.1262054443359 10.573314666748 15.8072242736816 2.32568883895874 47.6531448364258 4.68400812149048 3.49044179916382 15.4589977264404 18.8979396820068 18.2124881744385 6.74389743804932 3.21030449867249 3.09588360786438 2.0511360168457 1.38738834857941 6.78316450119019 13.1108131408691 7.10628318786621 22.6448917388916 23.6361904144287
23.3137359619141 12.3661918640137 8.91100215911865 9.05788516998291 4.15349531173706 10.0933408737183 2.33388900756836 9.20574760437012 4.99985790252686 0.951848149299622 5.6646556854248 -0.348594188690186 0.249750405550003 0.347262978553772 0.775245904922485 0.193201318383217 -0.0531674586236477 0.128392577171326 0.105958111584187 3.44780492782593 -0.197794437408447 -0.838535368442535 -0.758752167224884 -0.57970404624939 9.90612411499023 0.377185225486755 7.97616720199585 15.1211748123169 3.10406970977783 14.6544466018677 2.1068480014801 2.18782377243042 3.79109406471252 12.4602870941162 24.970178604126 16.2682437896729 9.11038208007812 4.21451234817505 5.77881288528442 2.51591229438782 26.0761032104492 7.4115948677063 6.66656827926636 26.3882617950439 18.7745170593262 32.977352142334
8.98768901824951 16.8936538696289 11.8043460845947 10.4079418182373 5.92766332626343 3.48352885246277 1.05014407634735 7.04485511779785 1.0089168548584 7.03497934341431 -0.0649681612849236 1.09216248989105 5.15207433700562 19.6154670715332 0.914242088794708 0.65080863237381 0.278777897357941 9.49734497070312 10.0052862167358 13.1805953979492 0.544314801692963 -0.0992454290390015 -0.0291946846991777 -0.307783722877502 0.0271972566843033 0.59779942035675 4.32316589355469 2.23122239112854 5.65965843200684 1.76050877571106 5.62546968460083 28.2576007843018 2.51250147819519 20.6107444763184 33.2646331787109 22.7344856262207 11.2339143753052 5.66081619262695 6.38297843933105 8.11095905303955 1.9406144618988 12.3692607879639 15.3280010223389 9.35244750976562 54.4933853149414 35.787181854248
