slauniainen/Data/DEM/Vihti_dsm1500b_cl_horizonAngle_348.asc
NCOLS 196 
NROWS 178 
XLLCORNER 353680 
YLLCORNER 6699024 
CELLSIZE 16 
NODATA_value -3.4e+38 
[rows 80 to 99 of 178, columns 45 to 89 of 196]
2.7015974521637 4.01338243484497 3.92278361320496 5.55638885498047 5.99962329864502 5.15274047851562 4.13524961471558 4.72359991073608 6.33159971237183 5.97664356231689 7.210280418396 7.25298976898193 8.15696334838867 7.55167245864868 7.27621936798096 8.1556978225708 6.70065116882324 7.4377121925354 6.70874929428101 4.64035558700562 10.7644948959351 10.9109487533569 10.0695085525513 11.3645906448364 13.9053382873535 25.1627006530762 27.6262073516846 3.85780024528503 5.42333745956421 23.7617721557617 12.632004737854 9.04912662506104 11.9254570007324 6.67419147491455 18.2451763153076 25.2218132019043 18.6437816619873 19.4875679016113 1.82037651538849 1.44083070755005 1.12838888168335 0.148858979344368 0.206662148237228 0.640945732593536 5.88689804077148
2.4734411239624 3.83936667442322 3.45715260505676 5.31200504302979 5.74479293823242 5.34293794631958 4.92266368865967 4.46269559860229 5.32437658309937 5.69238376617432 6.48008680343628 6.66141986846924 6.37823438644409 7.37637090682983 6.83192539215088 6.59666919708252 7.35653591156006 6.49848031997681 6.71825504302979 4.40603065490723 9.29301261901855 9.74292755126953 8.98429775238037 10.3415193557739 12.0440368652344 14.6096830368042 15.7592334747314 27.4839534759521 24.9192810058594 11.2059774398804 9.86681461334229 6.99111604690552 8.93999195098877 5.21114444732666 6.39690732955933 13.0235023498535 10.6194868087769 17.9465198516846 27.2502498626709 15.6752910614014 0.87687087059021 8.86587333679199 6.74517726898193 14.6818981170654 13.4544506072998
1.2426643371582 1.92767238616943 3.61662793159485 4.59121036529541 5.2089958190918 5.4749608039856 4.70952653884888 3.95378255844116 4.95770025253296 5.27590560913086 5.948561668396 6.0660982131958 5.82754707336426 6.93498945236206 6.40316295623779 6.15392923355103 6.86227512359619 6.12496471405029 6.27790594100952 4.19320678710938 8.14565658569336 8.65358924865723 8.27109432220459 9.66450119018555 10.9106388092041 9.2609224319458 10.1806993484497 15.13134765625 13.3484544754028 8.61059951782227 8.06569004058838 5.82101488113403 7.19257307052612 5.07956218719482 5.69035720825195 8.95107173919678 17.2350406646729 10.1355867385864 19.1468410491943 2.22373628616333 0.257849544286728 9.41017436981201 32.5412063598633 11.6225061416626 12.744610786438
1.07822465896606 1.40593445301056 3.43716311454773 4.0083646774292 4.82622766494751 5.20407676696777 4.48839664459229 3.75238084793091 4.66391897201538 4.95559453964233 5.17550039291382 5.439049243927 5.51068544387817 6.4428448677063 5.96474981307983 5.79489803314209 6.4668550491333 5.78052568435669 5.91029787063599 4.93850564956665 3.93403458595276 7.08266544342041 7.45215749740601 7.94595003128052 9.84536457061768 8.50287246704102 8.16496181488037 8.48438835144043 9.72970390319824 8.16049003601074 7.05910921096802 4.98160123825073 6.07396268844604 4.60529708862305 5.12018632888794 7.09898090362549 9.85585880279541 9.53857326507568 9.44852256774902 1.37446749210358 23.001256942749 21.5918941497803 12.6203804016113 12.7402105331421 10.5799026489258
1.04148304462433 1.17218804359436 3.27165675163269 3.27979016304016 4.60146045684814 4.97215795516968 4.33892726898193 3.58040404319763 4.3703179359436 4.64740991592407 4.84275007247925 4.99967241287231 5.07167959213257 6.0219931602478 5.57621717453003 5.38861131668091 6.05768442153931 5.07790899276733 5.6313943862915 5.24288702011108 3.75416088104248 6.29454183578491 6.77856636047363 7.34024953842163 7.73685216903687 8.25210571289062 6.81388473510742 7.17280197143555 7.76115226745605 6.63781404495239 5.52937078475952 6.14450645446777 4.68880319595337 5.78680658340454 4.02606582641602 5.80527830123901 8.21068000793457 7.8513388633728 7.81087017059326 36.479175567627 29.7377319335938 5.85829830169678 8.81840705871582 6.40636587142944 7.45784330368042
2.22903370857239 1.00133860111237 3.05831170082092 2.7696385383606 4.42821502685547 4.76500415802002 4.47856760025024 4.1322865486145 3.51246309280396 4.30954360961914 4.05603790283203 4.63262605667114 4.73688316345215 5.66070127487183 5.23232078552246 5.07097816467285 5.70367765426636 4.84599161148071 5.31151342391968 5.09402418136597 3.60525870323181 5.65342664718628 5.98653364181519 5.77948141098022 7.05219650268555 5.64294910430908 3.22230386734009 6.22137594223022 6.43847751617432 5.65615653991699 5.00346517562866 5.60935211181641 4.29858255386353 5.07002258300781 3.5075376033783 4.9417142868042 6.90836381912231 6.60394906997681 6.33984231948853 19.8391132354736 15.6258268356323 23.5633735656738 14.0547428131104 25.8865795135498 4.2370548248291
2.05001473426819 0.878635585308075 1.01532649993896 2.92879676818848 3.74428248405457 4.43030118942261 4.53747940063477 3.92750358581543 3.30861401557922 3.87476420402527 4.02293062210083 4.33053588867188 4.41774225234985 4.36561679840088 5.26734066009521 4.88433265686035 4.73182392120361 5.35639333724976 4.98791885375977 4.97146558761597 3.46568298339844 5.03927993774414 5.28891324996948 2.93042922019958 3.72246813774109 11.778600692749 2.76247715950012 3.15250086784363 2.77154135704041 4.89059686660767 4.63302373886108 5.19039154052734 3.92928910255432 4.36362743377686 3.30871844291687 3.86406779289246 4.09751462936401 5.73870372772217 5.25403261184692 6.53845691680908 11.4600954055786 12.4942407608032 8.29544353485107 13.5372047424316 1.36793684959412
1.94471991062164 0.790472745895386 0.887746334075928 2.77389883995056 3.29244327545166 4.19341850280762 4.38889026641846 3.81980347633362 3.12032985687256 3.6804256439209 3.80500268936157 4.09196710586548 4.18911933898926 4.16452932357788 5.01266050338745 4.63490009307861 4.52886056900024 5.09604644775391 4.70062303543091 4.58501625061035 3.24001359939575 3.59141302108765 4.37417984008789 21.9437599182129 10.2953157424927 3.13714218139648 4.18576002120972 14.2755613327026 23.0304393768311 3.25691056251526 2.13712239265442 4.84646320343018 3.6264636516571 3.67943501472473 2.70662236213684 3.41178631782532 3.47495031356812 4.96936273574829 4.54099225997925 5.36573314666748 8.31999397277832 9.9042329788208 7.11119222640991 7.98141431808472 0.649764537811279
1.83972430229187 0.611271321773529 0.752729475498199 2.61774444580078 3.13331508636475 3.76834416389465 4.1123685836792 3.57985162734985 2.85734081268311 3.41073393821716 3.52049994468689 3.78508853912354 3.79274368286133 3.95583844184875 4.77051210403442 4.43728733062744 4.28253746032715 4.75535774230957 4.36084985733032 4.28164577484131 3.7462911605835 2.98718619346619 3.78116369247437 8.51291847229004 3.31202864646912 14.323769569397 19.0840244293213 16.0560855865479 5.8364896774292 2.80559062957764 12.8449048995972 1.76437044143677 4.30903625488281 2.98116064071655 3.14159631729126 2.98228597640991 3.00723457336426 4.31039810180664 3.92044949531555 3.13724112510681 5.98076152801514 7.79871463775635 5.69208240509033 1.06278240680695 21.5772228240967
1.71231043338776 0.575017750263214 0.656082689762115 2.47290515899658 2.51992440223694 3.60833287239075 3.91381597518921 3.4588029384613 2.70639324188232 3.03847122192383 3.20295548439026 3.45486187934875 3.42294502258301 3.6431667804718 4.42073822021484 4.10002183914185 3.9362645149231 4.37676572799683 3.77821230888367 4.05878496170044 3.889075756073 2.78189325332642 3.65344738960266 3.63172197341919 21.3455619812012 1.53692352771759 17.4243183135986 1.4600738286972 3.09693312644958 16.2558307647705 9.80497264862061 13.5798101425171 4.02367973327637 1.13871967792511 0.825385093688965 2.02195239067078 2.46239137649536 3.39277935028076 3.36576652526855 2.57261943817139 4.55027914047241 6.41771554946899 4.61277484893799 21.9309825897217 14.4258279800415
1.19530737400055 1.63282263278961 0.50866836309433 2.25606775283813 2.04069185256958 3.44910430908203 3.74038815498352 3.55211687088013 3.25625514984131 2.56596088409424 2.96652913093567 2.78778433799744 3.18725848197937 3.28368067741394 4.07392501831055 3.77862477302551 3.64630532264709 4.11764860153198 3.51565074920654 3.78806042671204 3.63675737380981 2.58616662025452 3.25054907798767 3.45107340812683 10.9403476715088 40.2692527770996 9.4868221282959 39.1504287719727 1.84042036533356 2.64213705062866 3.07541608810425 1.03267633914948 2.92705082893372 1.07055175304413 18.7159652709961 1.66747748851776 2.10341954231262 1.63154137134552 1.40686917304993 2.45596289634705 3.64031648635864 2.87405347824097 5.54879570007324 16.2793235778809 3.33844995498657
1.09007108211517 1.52243030071259 0.382999897003174 0.439445316791534 2.09996175765991 2.85741591453552 3.52668523788452 3.56301283836365 3.06940960884094 2.38447880744934 2.69099926948547 2.69579434394836 2.92087006568909 2.90181183815002 3.04728245735168 3.71764278411865 3.42141652107239 3.28054785728455 3.69029021263123 3.48163819313049 3.36188817024231 2.40223622322083 2.92743301391602 3.1466326713562 3.83553528785706 22.8257694244385 7.26727676391602 22.1310329437256 36.4094200134277 2.1541166305542 1.5924654006958 1.02310085296631 5.95353221893311 13.7768430709839 8.13595104217529 1.22644662857056 1.77896726131439 11.5473251342773 6.60836124420166 2.2536940574646 2.20670771598816 2.9444477558136 4.89172220230103 9.58432388305664 11.0909452438354
0.999240219593048 1.42753529548645 0.346719890832901 0.402530759572983 1.9953328371048 2.57695579528809 3.34003567695618 3.35402297973633 2.91370630264282 2.27920055389404 2.52069211006165 2.48283076286316 2.68893241882324 2.61454558372498 2.76308369636536 3.38327765464783 3.09306716918945 2.95948791503906 3.36862230300903 3.19910836219788 3.08559608459473 2.7488865852356 2.15400433540344 2.56919121742249 3.01409864425659 5.31523990631104 14.9073038101196 7.08192729949951 20.1141033172607 1.5179637670517 1.80696082115173 32.2783279418945 1.29908525943756 7.22946453094482 2.48963713645935 5.03723812103271 1.57542157173157 1.49987924098969 1.09450936317444 2.19194459915161 2.06094455718994 2.82588958740234 4.57068014144897 4.62906837463379 12.8887042999268
0.927576422691345 0.319235950708389 0.273780167102814 0.375656068325043 1.93401038646698 2.41608595848083 2.91048336029053 3.1631977558136 2.73461151123047 2.12573647499084 2.20381951332092 2.29924583435059 2.48637223243713 2.40549755096436 2.53052401542664 3.10228228569031 2.81839227676392 2.68420171737671 3.08758091926575 2.64961361885071 2.91094207763672 2.8433940410614 2.02315497398376 2.37076473236084 2.67934632301331 4.20670223236084 11.5028896331787 5.87835550308228 11.1034965515137 2.85217761993408 1.95783674716949 17.5265102386475 28.2006244659424 1.52901840209961 4.65176582336426 5.76872634887695 1.20949387550354 11.0509672164917 8.4598388671875 7.39134502410889 2.89090800285339 4.61073970794678 4.57219886779785 3.59846186637878 9.53073215484619
0.858638525009155 7.35890245437622 0.302028089761734 0.275783896446228 1.78254663944244 1.82868838310242 2.74125957489014 2.98244047164917 2.6235339641571 1.95092642307281 1.91723990440369 2.11392569541931 2.03766989707947 2.26465320587158 2.27110600471497 2.87771654129028 2.59086942672729 2.45965337753296 2.84104990959167 2.42927670478821 2.68550825119019 2.64417743682861 1.9013911485672 2.21467018127441 2.51397967338562 3.264652967453 9.38859462738037 1.39308738708496 8.92123126983643 10.8865528106689 1.91239476203918 5.7704439163208 15.8382911682129 3.35469913482666 1.03314876556396 5.05548572540283 0.930793464183807 0.558749616146088 0.790667295455933 5.67624521255493 2.16689562797546 3.82911252975464 4.46354722976685 4.66097116470337 0.625625014305115
-1.09683978557587 -0.425583958625793 -0.283465385437012 0.173653960227966 1.65568029880524 1.35591328144073 2.57861566543579 2.82919955253601 2.64889812469482 2.38383722305298 1.8187016248703 1.93670558929443 1.89708518981934 2.10161709785461 2.03190469741821 2.14582419395447 2.63594961166382 2.36119198799133 2.24635362625122 2.6041579246521 2.51513290405273 2.47398614883423 1.79409778118134 2.08504438400269 2.40726542472839 2.72896862030029 4.31137895584106 6.00479745864868 7.50301790237427 19.7015247344971 18.6614627838135 6.59337759017944 5.64571332931519 19.6339836120605 17.1750659942627 4.64835977554321 20.8734092712402 12.9254913330078 0.756172060966492 7.14478063583374 2.04955196380615 3.09352469444275 4.43440532684326 1.64017248153687 21.9499320983887
-1.346599817276 -0.973844587802887 -0.844180524349213 -1.55026113986969 0.152898669242859 1.5566371679306 2.06638407707214 2.69633078575134 2.64646697044373 2.24067234992981 1.67881011962891 1.75985395908356 1.75366258621216 1.9370903968811 1.87482488155365 1.99575972557068 2.47859859466553 2.2294225692749 2.14024186134338 2.50599193572998 2.42588400840759 2.38138341903687 1.74986243247986 2.04018640518188 2.29209232330322 2.40459704399109 20.8552093505859 22.6574249267578 6.46309566497803 10.374363899231 10.5443248748779 1.49457001686096 1.48119032382965 9.47921371459961 9.02069473266602 4.03136873245239 11.2952098846436 22.8093414306641 31.1052875518799 6.39989137649536 2.91022896766663 2.98994898796082 0.950798332691193 17.9187030792236 12.6051359176636
17.2539463043213 0.203533321619034 11.1503458023071 -0.0448716022074223 -1.35117149353027 1.42327988147736 1.88770771026611 2.29463028907776 2.56618165969849 2.15389657020569 1.56104207038879 1.58948123455048 1.60376560688019 1.75038886070251 1.71219897270203 1.85287892818451 2.33421874046326 2.11109328269958 2.04013872146606 2.41718149185181 2.37353610992432 2.33773255348206 2.15944743156433 1.76314067840576 2.08936357498169 2.32742142677307 10.799693107605 19.4260597229004 7.77305364608765 1.5013439655304 7.69397783279419 0.806362569332123 21.4974727630615 -0.361537247896194 4.07610321044922 4.54847431182861 3.56139659881592 13.7758598327637 18.3064079284668 12.1254854202271 0.608549237251282 0.549950122833252 8.39640712738037 8.13231372833252 9.10036945343018
10.7386283874512 19.4351367950439 12.3819704055786 6.40581226348877 -1.64595830440521 -0.0627792924642563 1.34628534317017 2.16687178611755 2.46327328681946 2.13964223861694 1.47595024108887 1.35754179954529 1.46099877357483 1.59681940078735 1.57457339763641 1.7131530046463 2.18244576454163 1.96972715854645 1.91897594928741 2.31648921966553 2.07492542266846 2.35581040382385 2.33595275878906 1.72261786460876 2.03205442428589 2.22885775566101 2.8295214176178 8.13933563232422 20.0631141662598 31.5060577392578 4.72483205795288 30.9513301849365 -0.394280076026917 -1.65858292579651 1.48134291172028 2.22082352638245 3.05777621269226 6.61552572250366 0.518767595291138 -0.477248549461365 0.35973709821701 22.3119583129883 3.33040904998779 2.03738951683044 3.55066323280334
0.523773014545441 12.3411407470703 9.77040672302246 2.10984086990356 -1.82686102390289 -0.251829326152802 0.906084537506104 2.04727029800415 2.35510349273682 2.19083762168884 1.92059290409088 1.35738277435303 1.30986034870148 1.35050284862518 1.4830709695816 1.49753510951996 2.04052901268005 1.85352301597595 1.81775116920471 2.22065997123718 2.02160406112671 2.31281805038452 2.28441023826599 1.67451393604279 1.96720838546753 2.11522698402405 2.30831933021545 5.0462212562561 9.94080352783203 1.53655016422272 4.36820316314697 14.9149465560913 -1.13655769824982 1.12420868873596 -0.934867024421692 0.960576713085175 2.39228749275208 0.0344594717025757 -0.13374499976635 39.1053276062012 33.3316459655762 13.8164415359497 1.14751493930817 19.5432720184326 1.12194633483887
