slauniainen/Data/DEM/Vihti_dsm1500b_cl_horizonAngle_336.asc
NCOLS 196 
NROWS 178 
XLLCORNER 353680 
YLLCORNER 6699024 
CELLSIZE 16 
NODATA_value -3.4e+38 
[rows 20 to 39 of 178, columns 90 to 134 of 196]
9.60030841827393 9.65675354003906 9.75701522827148 10.0917835235596 10.4887819290161 10.4968357086182 9.93789100646973 9.67741012573242 8.85215663909912 8.38957405090332 8.80535984039307 8.67051029205322 9.04526805877686 8.49592208862305 8.41787815093994 8.16472339630127 7.17614078521729 6.65023756027222 5.65655326843262 5.86869716644287 5.57041597366333 12.2643537521362 4.38408756256104 5.13594675064087 3.8265106678009 4.30265522003174 5.31744480133057 3.62069344520569 2.41302084922791 1.90943336486816 1.8898811340332 1.48613321781158 1.35984110832214 0.499970287084579 2.22330498695374 3.36104369163513 4.13911533355713 4.47387266159058 4.54717826843262 3.95910024642944 4.48534154891968 4.31971502304077 4.31150817871094 7.97813749313354 4.43608474731445
9.07272624969482 8.9162130355835 9.33463096618652 9.62202644348145 9.7131929397583 9.84926605224609 9.85415363311768 9.34216117858887 8.50107765197754 8.04239273071289 8.30351734161377 8.48067283630371 8.76146030426025 8.42550659179688 8.06144428253174 7.81056976318359 7.78779220581055 6.77624273300171 5.7524209022522 5.66330003738403 5.38004875183105 4.82445812225342 5.38096380233765 4.39937305450439 4.11068868637085 3.51258635520935 3.11898756027222 4.25930070877075 2.34681105613708 1.85250902175903 1.83256077766418 1.43816065788269 1.31712484359741 0.501669585704803 1.56746137142181 2.1420259475708 4.02682161331177 4.12275409698486 3.99983620643616 3.87461280822754 4.33626174926758 7.76299667358398 4.22458171844482 4.44409465789795 4.55814075469971
8.58780765533447 8.61818504333496 8.93120384216309 8.76042461395264 9.05373382568359 9.46104621887207 9.45236682891846 8.9613676071167 8.10439300537109 8.14890193939209 7.62969398498535 8.1983118057251 8.07484340667725 8.42854022979736 7.80338621139526 7.6522045135498 7.51828622817993 6.63422393798828 6.11906957626343 5.01155185699463 5.42933797836304 5.1587872505188 4.54129219055176 4.07459211349487 3.98393106460571 3.57971382141113 3.04009604454041 3.7197163105011 2.70652794837952 2.28282785415649 1.79558563232422 1.75581681728363 1.27935600280762 0.474459558725357 0.466521829366684 2.07595753669739 3.1509735584259 3.34162306785583 3.54680490493774 16.730619430542 3.83366346359253 4.08054828643799 3.90193653106689 3.9197096824646 4.09540367126465
8.17445373535156 8.24805736541748 8.08383083343506 8.50489044189453 8.66282272338867 9.08412647247314 9.07608795166016 8.60081100463867 8.49510765075684 7.86342620849609 7.4865345954895 7.74282360076904 7.88840436935425 8.10958099365234 7.70894193649292 7.32818460464478 7.15450716018677 7.15560388565063 6.1944785118103 5.23101949691772 5.24362468719482 4.98134851455688 4.47901010513306 4.28789806365967 3.72751379013062 3.83890199661255 2.81006026268005 2.92988872528076 3.21290302276611 2.21731638908386 1.74165689945221 1.70655834674835 1.33959674835205 1.22644400596619 0.454167902469635 1.44597315788269 1.9922993183136 3.18595719337463 4.71725416183472 3.3707001209259 3.7372612953186 19.2425346374512 3.86509728431702 3.78616690635681 6.72917222976685
8.39521026611328 7.91746282577515 7.78411245346069 8.15932178497314 8.27287006378174 8.36960124969482 8.59742259979248 8.59550476074219 8.20152950286865 7.54472494125366 7.59345722198486 7.06193923950195 7.57788276672363 7.41536331176758 7.73964738845825 7.08543491363525 6.93238210678101 6.87697219848633 6.07965612411499 5.59806203842163 4.67055940628052 5.03557443618774 4.77421426773071 4.20400047302246 3.79598045349121 3.72935318946838 3.35251808166504 2.85172557830811 2.84841680526733 2.15102529525757 1.68563866615295 1.62182223796844 1.63284611701965 1.18484842777252 0.42621898651123 0.421461969614029 1.80505764484406 18.4980487823486 2.77926421165466 2.97295713424683 3.19846129417419 4.53520727157593 5.32920169830322 20.5976390838623 4.15035390853882
8.08749294281006 7.5460844039917 7.55370283126831 7.39734125137329 7.78407859802246 7.8336353302002 8.25577163696289 8.29073429107666 7.91453456878662 7.87163209915161 7.26437473297119 6.83308744430542 7.06056356430054 7.21114158630371 7.41323900222778 7.01272773742676 6.6245436668396 6.52486658096313 6.55619239807129 5.68188858032227 4.78014326095581 4.86283588409424 4.60453653335571 4.14334535598755 3.97086310386658 3.47718238830566 3.57674384117126 2.76672673225403 2.58562541007996 2.0721161365509 2.07160997390747 1.61311101913452 1.57301795482635 1.24475288391113 1.13416993618011 0.388724803924561 1.76830434799194 2.82051515579224 28.3203144073486 32.4620513916016 28.7257137298584 5.53243017196655 12.1527986526489 3.41619873046875 5.43220376968384
7.78093242645264 7.25548124313354 7.27959632873535 7.16009521484375 7.4908504486084 7.50507354736328 7.60744571685791 7.88263320922852 7.90314340591431 7.5113263130188 6.8792896270752 6.86801052093506 6.34600448608398 6.88170671463013 6.75486660003662 7.05811786651611 6.42551231384277 6.28889036178589 6.30665016174316 5.46205282211304 4.58926773071289 4.28885650634766 4.66426992416382 4.42079591751099 3.89071440696716 3.52384471893311 3.48041653633118 2.53339529037476 2.67098808288574 2.26288199424744 1.99781084060669 1.55055665969849 1.51116633415222 1.19673705101013 1.08398020267487 0.364831775426865 1.24989569187164 1.73901510238647 5.5822377204895 13.0634746551514 15.1824760437012 12.9018888473511 4.11110353469849 6.12415885925293 3.26943373680115
7.35360431671143 7.38981628417969 6.92234659194946 6.93789577484131 6.78732967376709 7.16164016723633 7.14320993423462 7.5254921913147 7.5402717590332 7.15655851364136 7.11112689971924 6.57670593261719 6.1534366607666 6.3900728225708 6.55076217651367 6.77643537521362 6.39177942276001 6.01248025894165 6.06373691558838 5.37377262115479 4.94536924362183 4.11325931549072 4.50710153579712 4.27941942214966 3.85365915298462 3.69312286376953 3.37086367607117 3.04434394836426 2.56775760650635 2.42001891136169 1.92555463314056 1.91427898406982 1.48739063739777 1.4384571313858 1.13462519645691 1.03153312206268 0.282643407583237 1.66511070728302 2.62002849578857 8.58789920806885 9.71756362915039 7.82538366317749 3.52832794189453 18.656925201416 27.4682884216309
7.0638747215271 7.09633302688599 6.65073442459106 6.6873722076416 6.59195375442505 6.90898370742798 6.81620025634766 6.86780977249146 7.12919044494629 7.12985038757324 6.80664300918579 6.26807689666748 6.25751543045044 5.74089097976685 6.26775360107422 6.4932861328125 6.11580610275269 5.8199200630188 5.71364116668701 5.77570581436157 4.98605585098267 4.17643022537231 3.9570894241333 4.3367486000061 4.11427640914917 3.61013031005859 3.14823079109192 3.25156116485596 2.36876583099365 2.49541687965393 2.10082936286926 1.84861159324646 1.42436897754669 1.37424731254578 1.09059929847717 0.979443728923798 0.236374050378799 1.13571441173553 1.57602095603943 3.0986156463623 5.07754230499268 5.80607223510742 4.6542272567749 3.74880838394165 8.11779117584229
6.75108623504639 6.70255994796753 6.73898029327393 6.33887195587158 6.37488174438477 6.23155164718628 6.56063747406006 6.45582246780396 6.82933235168457 6.83114337921143 6.47417402267456 6.4670934677124 5.9996223449707 5.59575319290161 6.0014271736145 5.91548919677734 6.18666219711304 5.61856698989868 5.47832584381104 5.53592872619629 4.92844343185425 4.52741622924805 3.81126618385315 4.17265319824219 3.96171092987061 3.4721417427063 3.17128729820251 3.13854598999023 2.84213209152222 2.40257477760315 2.24829411506653 1.78138709068298 1.76527011394501 1.35564923286438 1.3008269071579 0.444841712713242 0.183775901794434 0.190408334136009 1.50481951236725 2.39722681045532 4.04959583282471 4.57970380783081 3.3520929813385 3.21261191368103 4.18283224105835
6.03779077529907 6.44753456115723 6.47930479049683 6.09590435028076 6.14178943634033 6.05621862411499 6.33340883255005 6.20487928390503 6.22684097290039 6.48111152648926 6.4980001449585 6.20120573043823 5.76066493988037 5.35410118103027 5.55161905288696 5.71179533004761 5.92410373687744 5.55140161514282 5.22499990463257 5.17741537094116 5.28305768966675 4.54776811599731 3.75600934028625 4.01286125183105 3.80457186698914 3.43817186355591 3.29218673706055 2.91745519638062 3.01390767097473 2.19189071655273 2.29930663108826 1.93369579315186 1.68842792510986 1.28687655925751 1.22915971279144 0.575752556324005 0.382707566022873 0.141633912920952 1.00978755950928 1.41386759281158 2.86463642120361 2.88718867301941 3.50104284286499 3.10806941986084 3.45815515518188
5.84262752532959 6.17773294448853 6.14561653137207 6.14920663833618 5.79036140441895 5.84206581115723 6.11884737014771 5.92404651641846 5.88126182556152 6.23526906967163 6.24034404754639 5.96999502182007 5.51049518585205 5.49802541732788 4.96823930740356 5.48002243041992 5.40539264678955 5.65517330169678 5.08708095550537 4.96780157089233 5.05713748931885 4.48093557357788 4.08062124252319 3.48218894004822 3.83493065834045 3.63775277137756 3.18555378913879 2.91106605529785 2.89427471160889 2.62126207351685 2.21154141426086 1.82268476486206 0.974218249320984 0.700532913208008 0.0949843153357506 1.14297807216644 0.332260340452194 0.0616986602544785 0.0632419288158417 1.36524868011475 2.22857260704041 2.74661016464233 3.15712475776672 3.04838585853577 2.52766180038452
5.87467050552368 5.55930662155151 5.9190878868103 5.90288734436035 5.55800676345825 5.62416648864746 5.50717163085938 5.83250665664673 5.66914987564087 6.00496101379395 5.99872732162476 5.68072271347046 5.69983100891113 5.2743444442749 4.86894989013672 5.07076263427734 5.23541021347046 5.43616914749146 5.02646684646606 4.74297571182251 4.70914506912231 4.80358600616455 4.10218191146851 3.38987255096436 3.67007732391357 3.46765875816345 3.13577747344971 3.00063800811768 2.6764817237854 2.77482867240906 1.9874655008316 1.59623491764069 0.864596903324127 0.640818238258362 0.0205858908593655 1.07279086112976 0.242306217551231 0.294088184833527 -0.0108959004282951 0.897907018661499 1.29463183879852 2.69581532478333 2.74817252159119 2.64465808868408 2.0174765586853
5.89307117462158 5.36431550979614 5.65519237518311 5.61416721343994 5.58808851242065 5.38993978500366 5.34761428833008 5.62199544906616 5.45218467712402 5.47425365447998 5.72404527664185 5.71844482421875 5.47599029541016 5.05199384689331 5.02952432632446 4.52682781219482 5.03746366500854 4.96287202835083 5.17746877670288 4.65008640289307 4.52870941162109 4.60848569869995 4.09814929962158 3.7285487651825 3.19295239448547 3.50351095199585 3.30690336227417 2.86161875724792 2.62673735618591 2.62785220146179 1.80180823802948 0.919338345527649 0.804315209388733 0.457347691059113 0.56954687833786 -0.0376618355512619 0.184071704745293 0.243724599480629 -0.0680995583534241 -0.0677810832858086 1.25180649757385 1.54548561573029 1.92828750610352 2.37436032295227 1.8379111289978
5.67893648147583 5.38378572463989 5.10292625427246 5.41072988510132 5.37452363967896 5.04849720001221 5.14674663543701 5.02778816223145 5.35495471954346 5.19479322433472 5.52110433578491 5.49965858459473 5.18199062347412 5.21625661849976 4.83441829681396 4.4381856918335 4.64115238189697 4.79277420043945 4.98526048660278 4.6089186668396 4.34191179275513 4.2997031211853 4.39744901657104 3.72992253303528 3.05066251754761 3.35334372520447 3.15522265434265 2.83557820320129 2.70154905319214 1.85174322128296 1.83428478240967 0.871549129486084 0.667251586914062 0.338294804096222 0.506796419620514 -0.100498586893082 -0.0533164367079735 0.153130561113358 0.205172553658485 -0.115304544568062 -0.114793993532658 0.357769191265106 1.67793428897858 2.0953676700592 1.59791326522827
5.35187864303589 5.37554216384888 4.89586162567139 5.20499467849731 5.17351484298706 4.87857389450073 4.92419052124023 4.89108896255493 5.16294193267822 5.00389671325684 5.01377773284912 5.26308536529541 5.24267292022705 5.01446533203125 4.6415843963623 4.62074995040894 4.12898588180542 4.6097092628479 4.56086301803589 4.76859951019287 4.2801947593689 4.14908885955811 4.20826196670532 3.56103610992432 2.89908313751221 2.90686655044556 3.19808840751648 3.01112079620361 2.59917020797729 1.68119370937347 1.77092301845551 1.28033792972565 0.439400255680084 0.456148982048035 0.301654905080795 -0.209744200110435 -0.0976563096046448 0.103792943060398 0.150581240653992 -0.18430532515049 -0.18218469619751 -0.181956887245178 0.38825312256813 1.35947418212891 1.73216474056244
5.29721117019653 5.15751457214355 4.73805665969849 4.91248273849487 4.92535781860352 4.91184282302856 4.6100754737854 4.7180323600769 4.60941171646118 4.93095827102661 4.78629446029663 5.08661460876465 5.066978931427 4.75836086273193 4.79566764831543 4.45695114135742 4.05557489395142 4.2382640838623 4.40728950500488 4.5974907875061 4.23455667495728 3.98106646537781 4.03519535064697 3.56637811660767 3.23361825942993 2.75484752655029 3.06814956665039 2.87771487236023 2.47116088867188 1.5609564781189 1.67244899272919 1.19128894805908 0.2506343126297 0.307571470737457 0.132812932133675 0.260692477226257 -0.268845796585083 -0.268604040145874 -0.266246616840363 -0.256793051958084 -0.259404748678207 -0.261046200990677 -0.267161339521408 1.11384415626526 1.54156792163849
5.04952335357666 4.93420743942261 4.67689037322998 4.42104864120483 4.72313356399536 4.71422338485718 4.45142936706543 4.51273632049561 4.4938268661499 4.75590372085571 4.61701679229736 4.60977363586426 4.86721134185791 4.84803056716919 4.62836790084839 4.28285646438599 4.25189542770386 3.75857067108154 4.25632429122925 4.44594955444336 4.07267951965332 3.81871128082275 3.74183630943298 3.84828805923462 3.23294901847839 2.59727573394775 2.59539699554443 2.30241799354553 2.09820628166199 0.721693336963654 0.708190441131592 0.446813732385635 0.49952033162117 -0.189956098794937 0.226788610219955 0.241590037941933 -0.377982616424561 -0.33683043718338 -0.34900563955307 -0.337862551212311 -0.340004652738571 -0.342879831790924 -0.348218768835068 0.0406564362347126 0.907972276210785
4.82013988494873 4.60820579528809 4.63550996780396 4.34719228744507 4.44537687301636 4.47271251678467 4.46755504608154 4.21526336669922 4.33467292785645 4.23759412765503 4.56480360031128 4.43293809890747 4.71255493164062 4.69742727279663 4.40217351913452 4.42943859100342 4.09633207321167 3.72742295265198 4.10893583297729 4.08383274078369 4.26243543624878 3.78047966957092 3.62935447692871 3.69905185699463 3.25292563438416 2.93201017379761 2.34458208084106 2.38288307189941 0.655249536037445 0.602849721908569 0.126874536275864 0.62809419631958 0.37478631734848 -0.269775629043579 0.122253634035587 0.0124049289152026 0.1400256305933 -0.425199061632156 -0.413334995508194 -0.411170274019241 -0.429022014141083 -0.422874242067337 -0.435992360115051 -0.431214034557343 0.693577945232391
4.50870752334595 4.52819633483887 4.42800664901733 4.22786092758179 4.01606893539429 4.30061149597168 4.30256032943726 4.07840871810913 4.14727258682251 4.15401792526245 4.42086315155029 4.29316902160645 4.26672267913818 4.52224731445312 4.50300693511963 4.30072832107544 3.96958422660828 3.59482789039612 3.78557801246643 3.95186948776245 4.12881565093994 3.76062750816345 3.50602769851685 3.43753933906555 3.53453016281128 2.95275259017944 2.34486126899719 2.2795467376709 1.73149192333221 0.143792629241943 0.559162139892578 0.521023750305176 0.258279234170914 0.017286654561758 -0.448238134384155 0.00913501251488924 0.0290259178727865 -0.586141884326935 -0.600691735744476 -0.536024153232574 -0.533096551895142 -0.593627631664276 -0.543168067932129 -0.519357323646545 -0.238102570176125
