slauniainen/Data/DEM/Vihti_dem1500b_cl_horizonAngle_114.asc
NCOLS 196 
NROWS 178 
XLLCORNER 353680 
YLLCORNER 6699024 
CELLSIZE 16 
NODATA_value -3.4e+38 
[rows 140 to 159 of 178, columns 90 to 134 of 196]
7.57104825973511 7.34539699554443 6.74910879135132 6.67358493804932 4.56358480453491 5.29239082336426 3.93853831291199 4.10222005844116 4.1228609085083 4.4400429725647 4.69523096084595 5.00415992736816 5.19283199310303 5.43141031265259 5.63539218902588 5.98177480697632 7.16032457351685 6.45222282409668 6.44666385650635 7.12690401077271 7.91577672958374 9.71727657318115 15.6711559295654 22.8646545410156 28.422571182251 40.4950408935547 25.6221733093262 12.8097352981567 4.53395414352417 1.04620623588562 2.97206997871399 0.291340172290802 0.549815356731415 1.05707347393036 1.83735454082489 2.67697930335999 7.59017992019653 2.30146408081055 2.24584484100342 4.67638206481934 6.00330877304077 2.01595854759216 -0.17616368830204 -1.89902579784393 -1.87754774093628
7.76478910446167 8.19990158081055 8.52139949798584 8.27332210540771 8.03051376342773 8.70815849304199 8.77549266815186 5.7594108581543 5.23807382583618 4.7760214805603 4.96907186508179 5.17616891860962 5.47304201126099 5.70242977142334 5.83362531661987 6.68461942672729 7.54041194915771 9.37438297271729 6.00772714614868 6.39587879180908 7.26457691192627 9.64357662200928 14.2430515289307 19.7691860198975 24.2300262451172 39.3770370483398 27.7916011810303 18.3549327850342 4.38397407531738 0.467615634202957 4.03378868103027 1.694540143013 0.138607546687126 0.614166557788849 1.17608165740967 2.51029014587402 4.07910490036011 1.26483368873596 2.04248118400574 3.54694175720215 4.4052677154541 4.17518329620361 0.822871923446655 -0.76021009683609 -1.21591889858246
8.15260028839111 8.64196109771729 8.8931245803833 9.73900032043457 10.652530670166 11.2011089324951 10.9288682937622 11.389009475708 11.4526824951172 7.71667432785034 7.76192569732666 5.83576679229736 5.44487142562866 5.69490909576416 6.17517185211182 7.7560715675354 7.95870018005371 8.97813701629639 5.89300680160522 6.20097923278809 7.04315233230591 9.57582664489746 13.3131656646729 18.9109725952148 20.8214797973633 33.2617301940918 26.8014430999756 21.4805526733398 9.53973007202148 -0.230434268712997 1.68957209587097 3.72849202156067 -0.0460154563188553 0.31518167257309 0.678296446800232 0.921762704849243 1.4531055688858 2.77833557128906 2.40148067474365 2.86584997177124 2.35822463035583 2.48419380187988 3.93280935287476 0.569728255271912 0.2456394135952
8.57089710235596 8.99923610687256 9.68988800048828 10.6788148880005 11.7480764389038 12.4604845046997 13.9224309921265 14.5214824676514 14.1400413513184 15.6774835586548 15.2322826385498 10.9737663269043 10.8994674682617 6.53454542160034 6.17950582504272 6.00294733047485 6.09800386428833 5.92543888092041 5.90473794937134 6.39101934432983 7.38707208633423 9.3810920715332 13.5286884307861 18.897481918335 21.2048530578613 24.7467479705811 25.7769660949707 26.603178024292 10.5898551940918 -0.519825637340546 0.359963446855545 2.94332337379456 1.39674282073975 0.00736399460583925 0.296148061752319 0.741566359996796 1.30981910228729 2.85023403167725 2.35186958312988 2.02394223213196 2.13786005973816 2.97889304161072 3.49759674072266 4.48437976837158 5.35839796066284
8.86438655853271 9.46673965454102 10.337438583374 11.3037977218628 12.5416288375854 13.9922313690186 15.1966829299927 16.6966896057129 18.9066581726074 18.8982372283936 21.218843460083 23.027135848999 20.861442565918 7.39124774932861 4.02777147293091 4.77440214157104 5.42453861236572 5.59985399246216 6.10918951034546 6.79751873016357 7.78544998168945 9.36841583251953 13.2081718444824 18.088062286377 23.3097267150879 27.8691959381104 26.0180206298828 22.6206493377686 10.5303945541382 -0.437342166900635 -0.692490577697754 1.03031861782074 2.23847937583923 -0.273955583572388 0.116531856358051 0.703956067562103 1.19335031509399 3.32630300521851 2.27489614486694 1.55160844326019 2.33389949798584 3.28223276138306 3.92353868484497 6.01895380020142 6.78639793395996
9.26300716400146 9.91688919067383 10.7951164245605 11.8051176071167 13.1132164001465 14.5857629776001 16.5117721557617 18.7157936096191 19.558723449707 23.7115287780762 27.1126613616943 23.1558532714844 13.793906211853 5.49774360656738 1.03420603275299 3.07401371002197 4.47468280792236 4.95608997344971 6.037917137146 6.62803411483765 7.69555521011353 9.41089153289795 13.562554359436 19.6435127258301 25.6723594665527 30.979419708252 22.5173988342285 12.4217910766602 8.72612380981445 2.03789710998535 -1.01762390136719 -0.480342298746109 -0.531825304031372 -0.203718990087509 0.406707376241684 0.748360931873322 1.13861358165741 2.15770173072815 2.71564221382141 2.25290989875793 1.83680641651154 2.98327875137329 4.45058917999268 5.89611864089966 7.40861129760742
8.93011665344238 10.3954792022705 11.3084535598755 12.2881145477295 13.4623441696167 14.5569753646851 16.3668804168701 18.409688949585 20.5601482391357 23.5408630371094 25.9494514465332 18.0172233581543 5.67980289459229 0.349314391613007 -0.585513710975647 0.0131764868274331 2.25690937042236 3.88879323005676 5.50976800918579 6.2021951675415 7.78971290588379 9.88000392913818 14.2786064147949 19.3482131958008 25.603063583374 27.3767948150635 13.1991310119629 11.7889289855957 7.55200433731079 -1.16552484035492 -1.1244740486145 -0.549746096134186 -0.495607763528824 -0.0977910161018372 0.787880182266235 2.25121855735779 1.18972992897034 1.70428502559662 2.30446457862854 4.62166547775269 1.2962954044342 2.42821168899536 3.38649940490723 6.48782825469971 4.63208818435669
9.78536987304688 10.7204427719116 11.5625619888306 12.0785293579102 13.4026880264282 14.5142259597778 16.2458114624023 17.8414440155029 18.6958789825439 20.8257675170898 24.2393226623535 9.88319969177246 2.20781707763672 -1.17584311962128 -1.09633684158325 -0.900196075439453 -0.0029086098074913 2.04708504676819 4.13405704498291 5.35215616226196 7.78914260864258 10.4550790786743 13.7856664657593 18.0158157348633 24.9048194885254 25.4523468017578 11.8749256134033 11.6480598449707 4.58768033981323 -1.19475865364075 -1.09151840209961 -0.777406394481659 -0.449828088283539 0.412711381912231 1.48213398456573 4.036208152771 1.82944023609161 2.0947322845459 2.18511962890625 3.0737476348877 2.13590312004089 2.60269594192505 2.53524041175842 4.08728647232056 3.90969514846802
12.2037744522095 14.6378602981567 16.9089374542236 15.3145189285278 13.744366645813 12.525110244751 14.7048292160034 16.3581695556641 17.4205932617188 18.4595470428467 20.1493377685547 9.94828319549561 0.790530562400818 -1.7163690328598 -1.61727428436279 -1.27650892734528 -0.610536515712738 0.809991776943207 2.72140264511108 4.34592580795288 6.93092441558838 9.91203784942627 13.1142835617065 18.1524238586426 22.9797019958496 27.5238075256348 16.1482639312744 9.45891094207764 -1.13265299797058 -1.28900063037872 -1.19157302379608 -0.958279848098755 -0.609733045101166 0.380257815122604 1.88263869285583 5.55105543136597 2.05923461914062 2.13609409332275 2.80256628990173 0.460035264492035 2.40808057785034 3.00618267059326 3.90773725509644 1.60950672626495 2.66008496284485
15.6852149963379 19.9393882751465 15.3240776062012 10.2364635467529 8.43552017211914 9.23027038574219 9.96913146972656 13.5068311691284 14.871132850647 17.1342277526855 17.4686717987061 6.62523937225342 3.24000763893127 -2.09184074401855 -1.86415040493011 -1.50822126865387 -1.08459520339966 0.248428180813789 2.00087904930115 3.58093667030334 5.89132452011108 8.57686710357666 11.5005197525024 16.4262180328369 20.4591236114502 29.3751220703125 12.6074409484863 9.11115169525146 -1.32784354686737 -1.47321665287018 -1.30934739112854 -1.13103413581848 -0.427720278501511 0.23996838927269 1.77704107761383 4.73459100723267 4.54218053817749 3.00836229324341 1.73515701293945 0.13479109108448 1.46491062641144 4.84444141387939 5.43597936630249 1.98973548412323 1.14726376533508
12.9946575164795 16.9043979644775 20.468376159668 6.55859184265137 7.26346015930176 8.20795154571533 8.99851417541504 12.1092891693115 12.4064588546753 14.9295921325684 15.6133975982666 2.84704542160034 1.21534550189972 -2.06224966049194 -1.80472838878632 -1.58249807357788 -0.780217885971069 0.259730964899063 1.735347032547 3.26455664634705 5.43566417694092 7.1047830581665 9.70383548736572 13.9553060531616 17.4774208068848 25.0533409118652 14.8225612640381 8.00888156890869 -1.08463394641876 -1.16307508945465 -1.13726580142975 -0.461936205625534 -0.824006378650665 -0.325369894504547 1.49969100952148 2.72822546958923 4.51541042327881 4.2052116394043 3.01449251174927 -0.776564478874207 1.9987940788269 3.69774889945984 5.16204166412354 2.06343650817871 0.843194305896759
6.99972724914551 7.73172616958618 20.5785808563232 6.01268339157104 6.47816848754883 7.74642705917358 10.6236019134521 14.5482988357544 16.1548671722412 8.84049034118652 7.95834827423096 6.44313144683838 -1.39297473430634 -1.78266596794128 -1.65697813034058 -1.45835065841675 -0.417434871196747 0.632161557674408 1.97236561775208 3.39635539054871 5.28576135635376 6.65397500991821 8.76005363464355 11.236457824707 13.9347066879272 21.7200412750244 13.7282209396362 7.35823059082031 0.0199168305844069 -0.941494584083557 -0.715492963790894 0.124964945018291 0.33169761300087 -1.27172744274139 -0.0473849587142467 2.78888130187988 3.63807988166809 5.10951805114746 4.09843111038208 -1.10352170467377 -0.655318260192871 3.20939612388611 4.9728307723999 -1.48289012908936 -1.38427793979645
7.51779651641846 6.36913108825684 7.40947103500366 9.09423732757568 7.26545238494873 8.81604766845703 13.6293649673462 20.6130542755127 17.2681884765625 4.37738656997681 5.07869958877563 4.95995044708252 -1.29330837726593 -1.36106824874878 -1.51327681541443 -1.32773458957672 -0.553616881370544 0.318241745233536 2.13483309745789 3.35128474235535 4.65021371841431 6.06506490707397 8.01568984985352 9.47654628753662 12.4755277633667 17.9497966766357 13.6965560913086 7.12953567504883 2.49581050872803 -0.824935734272003 -0.640658795833588 0.501213788986206 1.23825705051422 -1.00493013858795 -0.975305438041687 2.33712673187256 4.89735984802246 5.2585825920105 3.28592109680176 -1.22546756267548 -1.02123761177063 0.097152516245842 2.84072256088257 2.13011908531189 -1.17593967914581
9.31463813781738 6.1951150894165 6.77740001678467 8.42694664001465 9.78717708587646 11.0824365615845 16.1984672546387 28.5671062469482 18.5673637390137 4.27253103256226 3.97840809822083 2.49439263343811 -1.21009278297424 -1.20233345031738 -0.966917216777802 -0.96587735414505 -1.17576658725739 -0.570268988609314 0.719244718551636 2.53217387199402 3.44085788726807 5.37741374969482 6.87773466110229 8.26684284210205 12.1442756652832 18.0151233673096 14.6052913665771 5.17242050170898 3.31949591636658 1.54540622234344 -0.841134786605835 0.23717013001442 1.69822525978088 -0.843210577964783 -0.696085035800934 -0.350866317749023 5.48157119750977 5.60926675796509 0.585272192955017 -1.24264454841614 -1.00753033161163 -0.0146985668689013 4.29547262191772 3.48676300048828 -1.04806125164032
5.21462249755859 6.30273675918579 6.72763109207153 8.23611831665039 10.0102863311768 11.7822313308716 17.1363315582275 24.8187446594238 25.3414268493652 5.69138145446777 4.24942064285278 -0.864144623279572 -1.1216903924942 -1.10175061225891 -0.883801639080048 -0.839584708213806 -0.817579746246338 -0.851087749004364 -0.463183045387268 1.61716067790985 2.47079539299011 4.19389915466309 5.57779741287231 7.72487831115723 11.0630083084106 15.7104864120483 16.8011131286621 4.15561628341675 2.25795650482178 1.89269435405731 0.0106004532426596 0.901210129261017 0.21943923830986 -0.775360882282257 -0.662617266178131 -0.554529905319214 0.748464167118073 5.72359848022461 -0.742600202560425 -0.829941153526306 -0.914420962333679 2.1689145565033 2.12428045272827 2.69830513000488 -0.985270380973816
4.29739713668823 5.55208349227905 5.97703123092651 6.87631797790527 8.51912784576416 10.3807554244995 14.8458280563354 19.132926940918 27.9349670410156 8.8205623626709 2.98757362365723 -0.856825947761536 -1.02239120006561 -0.99358332157135 -0.839257299900055 0.180125162005424 -0.819180071353912 -0.795751452445984 -0.50955605506897 1.11374378204346 2.18253087997437 3.61803221702576 4.22298669815063 6.20831489562988 9.04556274414062 12.7055215835571 16.5012626647949 7.11869478225708 -0.473649173974991 -0.796239495277405 0.160071894526482 2.72493767738342 -0.7660311460495 -0.717345654964447 -0.605117440223694 -0.498429447412491 -0.276395469903946 4.83350944519043 -0.326773941516876 -0.262064456939697 1.24194359779358 3.46027731895447 0.339019298553467 2.27418684959412 -0.366093158721924
3.75771021842957 4.82287359237671 5.35725975036621 5.85551404953003 7.47176647186279 9.79835414886475 10.4659070968628 14.6459331512451 26.0729999542236 12.768684387207 4.83985710144043 -0.560924112796783 -0.646539509296417 -0.756438672542572 -0.669583320617676 0.595844209194183 -0.666831433773041 -0.620445966720581 -0.357570767402649 0.626527905464172 1.75037717819214 2.94153451919556 3.46665668487549 5.23380661010742 7.0368013381958 8.86807441711426 14.9917106628418 11.1329374313354 -0.823179960250854 -0.76059502363205 -0.659723997116089 0.468923002481461 -0.544220447540283 1.93060064315796 -0.40429675579071 -0.208547666668892 -0.00795036740601063 0.195541754364967 0.234733134508133 2.98460364341736 0.522139847278595 1.5156751871109 -0.194118872284889 2.94514918327332 -0.385719120502472
3.08308792114258 4.49357175827026 5.06898069381714 5.61191463470459 6.86596441268921 8.09999847412109 10.1352500915527 11.0275793075562 19.5683460235596 18.0949668884277 7.76687526702881 -0.0445055030286312 -0.438075333833694 -0.338694483041763 -0.195169061422348 -0.218760475516319 -0.367216140031815 -0.28087705373764 -0.149713292717934 0.144302666187286 0.806709229946136 2.24198961257935 2.94120097160339 4.46756029129028 5.685950756073 8.01954936981201 12.7756481170654 10.3273410797119 -0.888678193092346 -0.697342455387115 -0.467910498380661 -0.304747998714447 0.337899208068848 3.44339990615845 -0.259712427854538 0.118743374943733 0.318322777748108 0.583212435245514 0.74185311794281 2.59969687461853 1.25283944606781 0.461236447095871 0.784774005413055 0.759198188781738 0.774662792682648
2.51135587692261 3.80346465110779 4.43696737289429 4.89365100860596 6.5949239730835 7.38931322097778 9.73536109924316 10.8509969711304 13.8760900497437 15.5624732971191 14.3868474960327 2.80747222900391 -0.311833798885345 -0.161702275276184 0.0254985224455595 0.211575135588646 0.166493639349937 0.108461923897266 0.268028348684311 0.449005752801895 0.573094248771667 1.82204210758209 2.44220423698425 4.04113912582397 5.09050846099854 7.52667284011841 11.0630884170532 10.5114326477051 -0.985604763031006 -0.810526430606842 -0.603280484676361 -0.16299095749855 0.112257562577724 5.55051422119141 0.0405187457799911 0.389675259590149 0.647421836853027 0.77280855178833 0.936071455478668 1.20616567134857 1.36224520206451 1.82263696193695 2.19794583320618 2.10853624343872 4.04265117645264
1.26689445972443 3.10505557060242 3.80511260032654 4.28222990036011 5.7420597076416 6.52939987182617 8.97398471832275 10.8483095169067 13.1357984542847 13.765212059021 13.4351530075073 5.99693155288696 -0.0788440182805061 0.0521038509905338 0.161458730697632 0.28884083032608 0.44965261220932 0.797967910766602 1.0500636100769 1.17063522338867 1.04906022548676 1.57312762737274 1.78564715385437 3.05984616279602 4.55523061752319 6.99164342880249 11.2179479598999 8.61147403717041 -0.257200241088867 -0.335746258497238 -0.726063549518585 0.114510394632816 0.0383536778390408 1.26952433586121 0.497850865125656 0.623371601104736 0.831319570541382 0.905603110790253 1.07138133049011 1.41965961456299 2.02877616882324 2.70592737197876 2.93276429176331 3.19767546653748 3.38145232200623
