slauniainen/Data/DEM/Vihti_dsm1500b_cl_horizonAngle_246.asc
NCOLS 196 
NROWS 178 
XLLCORNER 353680 
YLLCORNER 6699024 
CELLSIZE 16 
NODATA_value -3.4e+38 
[rows 80 to 99 of 178, columns 45 to 89 of 196]
3.03819346427917 2.66992950439453 2.40995836257935 2.36731243133545 1.99913215637207 1.85383343696594 1.74441123008728 1.67054319381714 1.60589122772217 1.51989185810089 1.4315105676651 1.30727970600128 1.26549911499023 1.20035266876221 1.12199926376343 1.06504082679749 0.980539441108704 0.902672410011292 0.857906818389893 0.793607115745544 0.720009982585907 0.557296633720398 0.375392585992813 0.248844489455223 0.233630239963531 0.784357249736786 0.964809596538544 -0.520923137664795 2.1170449256897 24.7713165283203 1.50719892978668 2.95588493347168 4.45043754577637 4.5235595703125 3.52337193489075 2.89079928398132 2.27550101280212 2.17916703224182 1.45750498771667 1.35228502750397 0.986249029636383 0.624782860279083 0.496110647916794 10.2362327575684 8.05272483825684
3.32024526596069 2.87150478363037 2.48990154266357 2.36962056159973 2.32790398597717 1.97445595264435 1.91756522655487 1.7860494852066 1.67398738861084 1.54981279373169 1.46093106269836 1.43423295021057 1.34868538379669 1.25895869731903 1.19488573074341 1.12760949134827 1.04956674575806 0.959362268447876 0.903727531433105 0.850319504737854 0.794018149375916 0.712379693984985 0.574001908302307 0.429684340953827 0.391071259975433 0.379205405712128 0.379778504371643 1.7359207868576 1.64629554748535 1.79066753387451 1.69653177261353 2.77610063552856 3.25604772567749 4.36267900466919 4.88630247116089 4.50697374343872 2.474604845047 11.3320026397705 2.16465330123901 1.47091865539551 0.788303315639496 0.755019187927246 1.91509020328522 17.9687252044678 6.76990222930908
3.02537631988525 3.03064131736755 2.66664171218872 2.51568555831909 2.40340566635132 2.18250823020935 1.98191118240356 1.83741462230682 1.71048069000244 1.63534784317017 1.54363417625427 1.48446321487427 1.43748736381531 1.3625146150589 1.27573180198669 1.1847311258316 1.1038578748703 1.01636266708374 0.948441207408905 0.910186409950256 0.879650592803955 0.812044024467468 0.75176215171814 0.667744934558868 0.579032182693481 1.99374294281006 1.8944000005722 2.07207703590393 1.96287941932678 2.17161726951599 2.40875601768494 2.38261246681213 5.16493940353394 5.09470796585083 5.19731044769287 4.84628772735596 4.4705753326416 3.0068097114563 2.63175654411316 1.17240536212921 1.0555921792984 17.3882846832275 21.7862434387207 2.24438071250916 10.3413019180298
3.21673846244812 3.05868530273438 2.86585974693298 2.69521713256836 2.46519613265991 2.22111654281616 2.01732802391052 1.9070121049881 1.80793297290802 1.74276995658875 1.65798890590668 1.56817531585693 1.47040617465973 1.38138866424561 1.31949579715729 1.2781788110733 1.18103909492493 1.07840144634247 1.05249011516571 0.993374049663544 0.944149672985077 0.906893372535706 0.844379484653473 2.4234185218811 2.51812839508057 2.35314893722534 2.62554001808167 2.51899766921997 2.78605103492737 2.64440774917603 7.01236486434937 5.86693525314331 5.59835290908813 5.48824024200439 4.74374151229858 4.34001398086548 3.9920175075531 2.54619121551514 3.65895438194275 1.53403675556183 5.33395481109619 15.8768177032471 1.7937685251236 8.4696798324585 4.38336896896362
3.53257083892822 3.59321594238281 3.07728624343872 2.87249398231506 2.51698875427246 2.30150365829468 2.13593935966492 2.0348334312439 1.94074106216431 1.80368661880493 1.70127522945404 1.58252394199371 1.49767410755157 1.44008946418762 1.36625182628632 1.33989429473877 1.28647696971893 1.23545742034912 1.16180717945099 1.08526730537415 1.00356149673462 2.75374150276184 2.85268306732178 2.72692108154297 3.00835657119751 3.24485301971436 3.10251212120056 6.37588882446289 16.7246379852295 11.2102699279785 8.15305709838867 6.65796184539795 5.23508834838867 5.01002740859985 2.96365523338318 2.92848086357117 4.55007934570312 4.19942092895508 4.23876810073853 3.63433027267456 2.5825572013855 1.79950737953186 8.29271602630615 1.50633859634399 14.4328870773315
5.50665187835693 3.86590957641602 2.90303492546082 2.8238697052002 2.71426606178284 2.4001247882843 2.22648501396179 2.09619164466858 1.94742619991302 1.82530760765076 1.7170398235321 1.65594947338104 1.59279143810272 1.54463827610016 1.47378993034363 1.39759349822998 1.37549924850464 1.30236613750458 3.39064621925354 3.26569128036499 3.17366123199463 2.9873571395874 3.34815669059753 3.62093472480774 3.46905326843262 3.86098122596741 2.36946415901184 34.8635520935059 18.5825901031494 13.8455686569214 9.53872108459473 6.33697271347046 2.65098714828491 5.54312181472778 5.34144449234009 5.80051565170288 5.26323938369751 4.78217124938965 3.54785966873169 3.43458008766174 2.89029407501221 2.40713143348694 3.30283498764038 3.13518977165222 1.72230112552643
3.5183367729187 3.82656168937683 3.07042074203491 2.7657904624939 2.69722294807434 2.66806721687317 2.3032329082489 2.10033798217773 1.9717937707901 1.92266619205475 1.86434876918793 1.77022075653076 1.71562337875366 1.60875523090363 1.57298123836517 1.48978185653687 3.87465977668762 3.70206427574158 3.64035391807556 3.45712661743164 3.84547805786133 3.97794628143311 3.76404976844788 2.93871068954468 3.13141298294067 22.798755645752 1.84551727771759 9.49249458312988 7.29264640808105 23.6825542449951 4.88098573684692 6.9033465385437 7.83006620407104 6.75788450241089 6.2873272895813 6.07999610900879 5.18044137954712 4.62374973297119 4.02565240859985 4.13077020645142 5.17000150680542 4.11847496032715 2.31244897842407 2.29322957992554 1.26961708068848
3.31640148162842 3.53413796424866 3.19281697273254 3.20095944404602 2.60198044776917 2.50752210617065 2.60080170631409 2.41699123382568 2.24873566627502 2.09757876396179 2.04046893119812 1.99114561080933 1.86431205272675 1.74581408500671 4.50903177261353 4.22038173675537 4.05796957015991 4.63418245315552 4.36194658279419 4.58867263793945 4.31035280227661 4.56080484390259 4.79265832901001 4.46945190429688 3.09882307052612 2.64259791374207 2.40546274185181 19.2116584777832 16.6273002624512 9.50468063354492 5.33825397491455 18.2931976318359 8.17178630828857 8.54485607147217 6.4050760269165 5.53683042526245 4.12942123413086 7.03055238723755 8.82327079772949 6.68985748291016 3.04356145858765 2.55113577842712 2.44230508804321 3.09336161613464 1.31451332569122
3.35066747665405 2.57436656951904 3.12678551673889 3.10757207870483 2.76158881187439 2.51357889175415 2.394850730896 2.26429271697998 2.19524478912354 2.1960928440094 2.04670071601868 1.95498597621918 5.29979562759399 4.96006011962891 4.56220626831055 5.25300025939941 5.43079519271851 5.30579423904419 5.41781711578369 5.79903268814087 5.50155782699585 5.20087480545044 4.11357927322388 3.71940422058105 2.98926830291748 6.72515726089478 3.16570591926575 20.9119071960449 11.5207996368408 13.142466545105 12.444766998291 2.76252126693726 21.0446033477783 6.65309381484985 2.87113976478577 11.5372266769409 17.1749248504639 12.4601755142212 5.20655345916748 2.65765237808228 2.57964015007019 2.9359667301178 5.56697463989258 1.00361955165863 22.2070636749268
2.79479312896729 2.80166172981262 3.12399959564209 3.50459599494934 3.36964392662048 2.87984299659729 2.58903217315674 2.54014134407043 2.2391791343689 6.56014013290405 6.00338077545166 5.54782056808472 4.96148347854614 5.84202337265015 6.01891803741455 6.06235313415527 6.17624521255493 6.57647371292114 6.24642133712769 5.16373825073242 4.85061264038086 4.55488920211792 4.08374977111816 3.45715355873108 4.0487756729126 2.1380500793457 40.2254829406738 1.91047441959381 23.5145740509033 20.7349433898926 18.1441421508789 10.0168685913086 8.51230907440186 3.8044605255127 2.01514601707458 26.4127063751221 6.66371059417725 5.60749340057373 4.45012950897217 7.31084108352661 10.1148080825806 6.83487462997437 3.76137948036194 1.57852602005005 7.10336065292358
2.22629594802856 2.56358122825623 2.83862972259521 2.77614331245422 4.14519214630127 4.21749782562256 3.21392488479614 8.4186840057373 7.50289821624756 5.96507501602173 6.42931079864502 6.56227684020996 6.6471095085144 6.82891321182251 6.95541381835938 7.5422682762146 7.08287143707275 5.82661867141724 5.46419954299927 4.91362380981445 4.43872117996216 4.74064874649048 4.49560976028442 4.26441478729248 4.29738426208496 4.13155698776245 4.35848140716553 4.19629049301147 2.26676154136658 25.6193771362305 13.6617612838745 1.82039749622345 23.3930988311768 3.19853067398071 9.57341289520264 3.15059614181519 4.41897249221802 2.40210866928101 1.58208465576172 23.8173809051514 6.34958505630493 4.36644649505615 4.45004987716675 2.9276647567749 0.990025460720062
1.98475098609924 2.31250667572021 2.06059861183167 1.9138331413269 2.06085801124573 11.8313798904419 10.0644226074219 7.0524001121521 8.50458240509033 7.82845163345337 8.78131484985352 8.01137828826904 7.86340999603271 8.53959941864014 7.9935154914856 6.51597309112549 6.12895393371582 5.52118635177612 4.97958183288574 5.32877349853516 5.04481315612793 5.0923490524292 4.7803955078125 4.52107667922974 4.78631591796875 4.59042644500732 4.19433689117432 4.01529359817505 3.88503861427307 3.01811528205872 3.06315040588379 2.35123372077942 27.6194095611572 4.55373287200928 4.72303056716919 3.0364682674408 4.27747344970703 5.65740203857422 1.80306684970856 17.1589260101318 7.90579748153687 5.45916604995728 2.65840315818787 5.71330261230469 4.00932312011719
1.58192050457001 2.01319098472595 2.33997678756714 19.7643566131592 14.6833877563477 9.77474117279053 11.4425106048584 9.99751091003418 11.3080568313599 10.3658504486084 11.2369470596313 10.1865110397339 9.28925323486328 7.42997550964355 6.83660650253296 6.17660760879517 5.62519025802612 6.00220727920532 5.59092950820923 5.66244411468506 5.33685111999512 5.51077699661255 5.22146272659302 4.95649290084839 4.57913112640381 4.41006469726562 4.23406791687012 4.10479640960693 4.03587865829468 2.68379616737366 11.3435335159302 19.9966735839844 2.58741497993469 17.8826160430908 2.4921293258667 2.15243172645569 2.1396472454071 1.99599432945251 1.00770688056946 20.9316005706787 4.88577365875244 7.29641675949097 6.38246870040894 6.09879636764526 5.7910361289978
1.59971988201141 -1.06954538822174 36.4870185852051 16.5495529174805 20.4145736694336 15.0279979705811 15.9990949630737 13.2899322509766 14.2823505401611 12.7575302124023 10.2546682357788 8.82394981384277 8.03420352935791 7.18045616149902 6.48353672027588 6.85941123962402 6.36021375656128 6.38316011428833 5.96613168716431 6.0967230796814 5.76273155212402 5.26096630096436 4.95326232910156 4.71489095687866 4.51240539550781 4.43965196609497 4.38540410995483 4.23832750320435 4.01045894622803 6.09515857696533 11.1559734344482 19.7865505218506 7.78422975540161 2.20395016670227 11.3583688735962 3.14727997779846 1.34515941143036 11.042519569397 3.17964625358582 15.3290920257568 13.296046257019 9.89904975891113 7.42522573471069 6.64623308181763 9.9411153793335
22.5722637176514 7.03996467590332 9.65345096588135 36.7047348022461 28.1653518676758 21.123025894165 20.302490234375 16.9522361755371 13.4403810501099 10.9720487594604 10.0911684036255 8.95648288726807 9.10441589355469 8.22604846954346 7.48542213439941 7.4043927192688 6.8411979675293 6.9170036315918 6.45781707763672 5.78418874740601 5.38372611999512 5.17221069335938 4.9490180015564 4.69278907775879 4.63592720031738 4.52108192443848 4.41895818710327 2.64750218391418 38.6225166320801 8.29262256622314 6.23475646972656 19.4037609100342 3.29491114616394 2.16048574447632 1.42741978168488 12.6985149383545 2.67789483070374 2.03574347496033 5.79026126861572 27.072790145874 13.9962158203125 12.8319654464722 11.9732809066772 11.1648359298706 5.88476896286011
-1.51359808444977 9.44768238067627 4.10950326919556 48.2593231201172 35.1398582458496 29.1077117919922 21.536750793457 15.4868249893188 13.8867359161377 11.642783164978 11.5028848648071 10.2799625396729 9.8403787612915 8.92896461486816 8.13943576812744 8.10345268249512 7.47855710983276 6.72090625762939 6.1607084274292 5.73398542404175 5.48561143875122 5.18934154510498 5.04715013504028 4.88364505767822 5.3114070892334 5.14787149429321 3.98976349830627 2.21891379356384 34.778434753418 6.79807186126709 4.80406761169434 2.57851767539978 2.01986122131348 9.134446144104 9.09109783172607 7.30401039123535 6.06612586975098 8.80002117156982 5.94176769256592 28.2891941070557 14.8173713684082 12.978874206543 12.1982688903809 7.82248735427856 9.57936096191406
4.96453619003296 1.59191191196442 0.617573380470276 19.386999130249 49.3836326599121 28.0850105285645 25.7196846008301 18.7071228027344 16.1595325469971 13.4624013900757 12.339599609375 11.045844078064 10.6916608810425 9.73854637145996 8.89630126953125 8.02382755279541 7.22737169265747 7.44664859771729 6.78832578659058 6.18008327484131 5.50073099136353 5.30558824539185 5.87010717391968 5.6839427947998 4.17790508270264 4.20488357543945 4.09541368484497 3.41183996200562 15.4784784317017 2.81626582145691 9.92542266845703 6.61621522903442 3.39098572731018 22.4761390686035 11.1258563995361 26.458122253418 19.6036033630371 23.8908004760742 20.6719856262207 16.7047882080078 15.0366163253784 13.0179424285889 8.60474109649658 15.357460975647 9.7613468170166
14.4732065200806 1.25692141056061 3.61555862426758 8.75547504425049 7.07772874832153 45.2115669250488 29.4488258361816 24.2542858123779 17.7419662475586 14.8117036819458 13.4609804153442 12.2088928222656 10.881950378418 9.41921615600586 8.60713195800781 9.63651847839355 8.52987957000732 6.66284656524658 6.30697917938232 6.08661222457886 6.61503601074219 6.30209255218506 4.66632175445557 4.56231021881104 4.73104047775269 4.57276391983032 4.41072082519531 3.13723254203796 2.06353640556335 3.53449320793152 32.5726547241211 2.89868450164795 33.0044326782227 1.73964500427246 47.6388397216797 41.2334175109863 32.2564392089844 24.4259719848633 21.0315361022949 17.0243625640869 10.2233800888062 11.9698638916016 23.5420970916748 11.5788230895996 7.33856296539307
8.74805927276611 6.4937596321106 4.84907484054565 4.27608585357666 4.86043214797974 14.4622526168823 43.3308715820312 25.9924049377441 19.5546169281006 17.7169895172119 14.6673784255981 11.9117622375488 11.734580039978 13.4750308990479 11.4060335159302 7.63947439193726 7.13905763626099 6.95042705535889 7.63947534561157 7.20511960983276 5.13779783248901 4.96376895904541 5.17913198471069 5.01245737075806 4.28439044952393 3.426997423172 3.30302405357361 6.24786281585693 5.88596391677856 5.95355367660522 5.36446189880371 11.2340154647827 1.47675740718842 -0.597022294998169 60.917896270752 39.5802192687988 33.672233581543 26.6603660583496 14.1582136154175 8.43885231018066 19.3578662872314 28.0623607635498 7.793860912323 7.30171537399292 4.61947250366211
3.09671473503113 19.6260089874268 16.9172840118408 4.61212635040283 1.28992199897766 16.1354465484619 45.6298561096191 31.3728580474854 23.6611328125 17.5200729370117 21.8982124328613 24.4315013885498 17.7474842071533 8.92588806152344 8.91948413848877 9.7926197052002 8.97090816497803 8.30469226837158 5.69481992721558 5.44053173065186 5.77049016952515 5.57246065139771 3.86154890060425 3.73038339614868 3.11657404899597 7.08302736282349 6.70440673828125 6.81174087524414 6.44113636016846 3.9807276725769 26.9094982147217 4.67155265808105 0.171380758285522 -0.868365466594696 24.970630645752 51.7157974243164 30.3408527374268 15.3534135818481 9.63284492492676 32.0390281677246 14.414023399353 6.58534288406372 5.58411359786987 20.2644290924072 3.72027564048767
