slauniainen/Data/DEM/Vihti_dem1500b_cl_horizonAngle_66.asc
NCOLS 196 
NROWS 178 
XLLCORNER 353680 
YLLCORNER 6699024 
CELLSIZE 16 
NODATA_value -3.4e+38 
[rows 80 to 99 of 178, columns 0 to 44 of 196]
1.24829387664795 1.24058556556702 1.17142903804779 1.26956236362457 1.29494833946228 1.3388968706131 1.43114852905273 1.1511298418045 1.53659117221832 1.15009868144989 1.23212647438049 0.525035619735718 -0.0972490385174751 -0.0853746235370636 -0.10524570941925 -0.120599150657654 0.221167847514153 0.457435548305511 0.660670697689056 0.753720939159393 0.793769836425781 0.86570417881012 1.13246250152588 1.8915034532547 2.64972543716431 2.13526129722595 2.36578989028931 2.49716758728027 2.6422872543335 2.69153594970703 2.84739971160889 3.09754300117493 2.08975267410278 1.25604808330536 -0.212187647819519 -0.183240652084351 -0.158615335822105 -0.10225722938776 -0.0410639680922031 0.0128032704815269 0.134501934051514 0.275771647691727 0.450567424297333 0.712077915668488 0.832926332950592
0.679618120193481 0.851727485656738 0.908787131309509 0.925269961357117 0.978160858154297 0.860574066638947 0.84326159954071 0.952541947364807 1.07863664627075 1.13999831676483 1.02469956874847 0.727225840091705 -0.122227303683758 -0.149464428424835 -0.139025568962097 -0.0410032272338867 0.364844411611557 0.495577067136765 0.614123940467834 0.736832737922668 0.824390113353729 0.906275689601898 1.15548229217529 1.60712599754333 3.9224488735199 2.20030784606934 2.22675561904907 2.36859536170959 2.58330607414246 2.81324291229248 4.20226335525513 2.38605761528015 2.1952817440033 1.56569063663483 0.321958065032959 -0.0803502947092056 -0.198948100209236 -0.150729611515999 -0.00993572827428579 0.0706704556941986 0.177280306816101 0.41768017411232 0.596136212348938 0.758855581283569 0.950219810009003
0.33522441983223 0.487617671489716 0.558753252029419 0.531402230262756 0.531515717506409 0.664673566818237 0.706822037696838 0.908323645591736 0.981594681739807 0.968770027160645 0.803887367248535 0.728468716144562 0.0919603109359741 -0.0195699855685234 0.0559673123061657 0.201082482933998 0.347042948007584 0.481291443109512 0.61665678024292 0.713800728321075 0.883485317230225 1.10722327232361 1.3107545375824 1.57785665988922 2.79256343841553 2.1950204372406 2.20009708404541 2.53676247596741 3.11247158050537 3.44565892219543 3.41361784934998 2.79877901077271 2.71889972686768 2.40000796318054 0.803846836090088 -0.222321212291718 -0.163770437240601 -0.138369292020798 0.0466149970889091 0.179979264736176 0.296857684850693 0.450373083353043 0.556701004505157 0.740554571151733 0.95721310377121
-0.0964137315750122 -0.0453973934054375 0.221534043550491 0.375565707683563 0.512082874774933 0.688009142875671 0.678274691104889 0.677543044090271 0.801514446735382 0.767533421516418 1.04648971557617 0.667511940002441 0.399423003196716 0.0693835020065308 0.10907781124115 0.218645185232162 0.334360182285309 0.523041129112244 0.684545695781708 0.776629030704498 0.970593690872192 1.18782484531403 1.4152797460556 1.67158210277557 2.0997200012207 3.26443552970886 2.44090032577515 2.61799073219299 2.83525681495667 3.03589272499084 3.08698964118958 3.27950811386108 3.31361436843872 2.39857602119446 1.17414999008179 0.0366234704852104 -0.0504098609089851 0.00915745459496975 0.0501804128289223 0.222668692469597 0.334275990724564 0.475020915269852 0.574161767959595 0.832958281040192 0.97633284330368
-0.244446814060211 -0.153528168797493 -0.0606948472559452 0.202165693044662 0.434329330921173 1.46486556529999 0.362509578466415 0.49823734164238 0.736735999584198 0.786174416542053 0.863505780696869 0.904933929443359 0.707184851169586 0.87995970249176 0.14582371711731 0.234851285815239 0.405444264411926 0.603460729122162 0.771848678588867 0.88230288028717 1.01279973983765 1.26726102828979 1.49803447723389 1.80464351177216 2.18552231788635 3.86210346221924 2.44004464149475 2.45953989028931 2.65582489967346 2.87114405632019 3.2138843536377 3.23280930519104 3.47594308853149 2.58572363853455 1.45642900466919 0.400283545255661 0.00103699264582247 0.114058174192905 0.12563419342041 0.218882709741592 0.356931388378143 0.46635964512825 0.587049603462219 0.794402658939362 1.03281509876251
-0.335610330104828 -0.271621376276016 -0.210658937692642 -0.0387444868683815 0.163825944066048 1.2148129940033 0.222244128584862 0.36292091012001 0.535484910011292 0.231130704283714 0.213130488991737 0.285082250833511 1.49109172821045 1.60146713256836 0.279594004154205 0.362176567316055 0.479162156581879 0.696018755435944 0.845089197158813 1.00513231754303 1.12746131420135 1.33536386489868 1.52020227909088 1.85215377807617 2.15599203109741 3.64934492111206 2.59176301956177 2.43511033058167 2.58905529975891 2.7863552570343 3.09044051170349 3.17295050621033 3.53609609603882 2.67798209190369 1.59881901741028 0.668426632881165 0.0995663106441498 0.138119876384735 0.199250519275665 0.244747996330261 0.32658177614212 0.423354089260101 0.618831098079681 0.76532506942749 0.909050464630127
-0.408314317464828 -0.368915438652039 -0.223000079393387 -0.0755221620202065 0.00461543025448918 0.451274931430817 0.131450742483139 0.19550085067749 0.639538705348969 0.0896250978112221 0.133483797311783 0.220191791653633 1.31554818153381 1.44074296951294 0.818474173545837 0.476044625043869 0.506154537200928 0.640708923339844 0.926499962806702 1.13319337368011 1.25298535823822 1.41553449630737 1.58138287067413 1.78877949714661 2.11173677444458 2.95495843887329 2.90276217460632 2.4574191570282 2.49817824363708 2.64872980117798 2.92390584945679 3.13724136352539 3.5956289768219 2.6060631275177 1.78088986873627 0.871901988983154 0.315592527389526 0.180303111672401 0.209862634539604 0.303553223609924 0.357961356639862 0.430643767118454 0.625777781009674 0.76864892244339 0.794042468070984
-0.323839485645294 -0.2730812728405 -0.174940779805183 -0.0757468193769455 -0.0225758999586105 0.142050191760063 0.189754769206047 0.338721603155136 0.321357041597366 0.118943765759468 0.177755728363991 0.298573464155197 0.450613081455231 1.01499652862549 0.795037627220154 0.508030414581299 0.600382447242737 0.765979826450348 0.984403908252716 1.15193009376526 1.34921765327454 1.47636723518372 1.65022158622742 1.82001411914825 2.07430005073547 2.44657325744629 3.15727925300598 2.51505470275879 2.54034495353699 2.62068295478821 2.81525111198425 3.08301186561584 3.15188336372375 3.19042658805847 2.59198093414307 0.979913651943207 0.571353733539581 0.252527356147766 0.271907269954681 0.340484261512756 0.378145605325699 0.438413679599762 0.524928510189056 0.592637062072754 0.681594431400299
-0.202084064483643 -0.164454787969589 -0.10386710613966 -0.0364990271627903 0.00430711125954986 0.0830386281013489 0.100968964397907 0.158097177743912 0.147588074207306 0.178366765379906 0.27185720205307 0.342496693134308 0.48583710193634 1.5085357427597 0.555456399917603 0.634193003177643 0.754768669605255 0.946511268615723 1.05461227893829 1.18847119808197 1.30068743228912 1.48369538784027 1.65477097034454 1.81868255138397 2.05052661895752 2.34696984291077 3.17168784141541 2.59239220619202 2.67350006103516 2.69510054588318 2.71856021881104 2.86626315116882 3.05150604248047 3.47316646575928 3.27178812026978 1.28779280185699 0.61003577709198 0.406471401453018 0.301423937082291 0.300771445035934 0.276891976594925 0.321012526750565 0.399098068475723 0.431263715028763 0.549209296703339
-0.119992226362228 -0.100528553128242 -0.0482544042170048 -0.0152306715026498 0.0174374114722013 0.0989854410290718 0.159061029553413 0.122368492186069 0.179196789860725 0.183485582470894 0.291926354169846 0.400583386421204 0.548596382141113 1.33331620693207 0.804937958717346 0.914639294147491 1.00526189804077 1.07068955898285 1.15063679218292 1.25149536132812 1.25900840759277 1.52551448345184 1.69347238540649 1.7582733631134 2.0254328250885 2.31457996368408 2.89941024780273 2.57430195808411 2.63986086845398 2.70993494987488 2.72460436820984 2.7377073764801 3.08674073219299 3.38916182518005 3.56559824943542 1.58399534225464 0.797400414943695 0.7711501121521 0.232564568519592 0.238070622086525 0.195809826254845 0.206007644534111 0.269200414419174 0.325391978025436 0.341395676136017
-0.0712567791342735 -0.0279285181313753 0.0450974181294441 0.046636663377285 0.0589940100908279 0.123654492199421 0.150974735617638 0.151644334197044 0.366940051317215 0.210426792502403 0.309616923332214 0.484072148799896 0.644801139831543 0.813242793083191 0.966171741485596 1.31511473655701 1.86649465560913 1.13411593437195 1.13897264003754 1.30542683601379 1.43522119522095 1.61308312416077 1.74360609054565 1.86706709861755 1.90678930282593 2.2423095703125 2.5199568271637 2.48078155517578 2.60000872612 2.65519452095032 2.80593299865723 2.82182192802429 3.06790471076965 3.3804988861084 3.52318143844604 2.13575291633606 0.934833347797394 0.979381024837494 0.542492032051086 0.151587501168251 0.142212852835655 0.101686879992485 0.0624017231166363 0.114044636487961 0.143607199192047
-0.0324116460978985 0.0145675241947174 0.0565949641168118 0.110075190663338 0.0874666795134544 0.117355056107044 0.178961351513863 0.194989889860153 0.399245411157608 0.250603049993515 0.30014181137085 0.497808396816254 0.69353324174881 0.85282427072525 1.00167489051819 1.13107371330261 1.72139477729797 1.19668531417847 1.22823202610016 1.39157652854919 1.52026736736298 1.6376758813858 1.74922573566437 1.86518561840057 1.98795914649963 2.5002281665802 2.24577736854553 2.4194974899292 2.61090803146362 2.69493317604065 2.79710364341736 2.79519844055176 2.88890218734741 3.1627733707428 3.06989097595215 2.76199507713318 1.51439201831818 1.18851459026337 1.02396857738495 0.0729670599102974 -0.0079472241923213 -0.0333036333322525 -0.0720644220709801 -0.0650492981076241 -0.0749407261610031
1.83401679992676 -0.0506527200341225 0.00932841468602419 0.102289892733097 0.119525544345379 0.128119066357613 0.194822385907173 0.255511701107025 0.271692901849747 0.43648162484169 0.303630352020264 0.470525950193405 0.70214456319809 0.861858308315277 1.00177490711212 1.13417208194733 1.86482977867126 1.21865749359131 1.27269577980042 1.38728559017181 1.55436420440674 1.67979693412781 1.77770686149597 1.93999040126801 2.17487192153931 2.29497814178467 2.27773809432983 2.25818991661072 2.49204969406128 2.61990594863892 2.639888048172 2.61180591583252 2.55797839164734 2.63592410087585 2.90279746055603 2.64575862884521 2.23365092277527 1.86682212352753 1.35590815544128 0.293668240308762 0.104242235422134 -0.179183125495911 -0.212771341204643 -0.225275292992592 -0.222701221704483
3.44329118728638 -0.10398318618536 -0.0645025670528412 0.0810099318623543 0.150258287787437 0.171461626887321 0.244531691074371 0.294910997152328 0.352093935012817 0.3330217897892 0.373277187347412 0.46669140458107 0.68240350484848 0.871509790420532 1.00981414318085 1.14574337005615 1.2549170255661 1.71710073947906 1.28222727775574 1.40785360336304 1.53674137592316 1.66203379631042 1.74891710281372 2.01158857345581 2.06748104095459 2.11230564117432 2.22009587287903 2.36223292350769 2.35224461555481 2.33797097206116 2.46228265762329 2.38624334335327 2.35336065292358 2.22375845909119 2.24011659622192 2.40525054931641 2.45201516151428 2.15663766860962 1.591188788414 0.854680120944977 -0.0559938736259937 0.0596138685941696 0.158787831664085 -0.230326399207115 -0.31325763463974
4.73023557662964 0.215750992298126 -0.0916124805808067 0.0146452262997627 0.120717540383339 0.183265462517738 0.238106787204742 0.293602973222733 0.333574652671814 0.374216258525848 0.419822663068771 0.491713792085648 0.658999860286713 0.850724399089813 1.01012623310089 1.14222800731659 1.24148738384247 1.34205830097198 1.36919915676117 1.54960465431213 1.70230913162231 1.74642241001129 1.79960560798645 1.91937077045441 1.87454223632812 1.96733546257019 2.13048124313354 2.26747250556946 2.35211658477783 3.25626564025879 2.15646529197693 2.23490595817566 2.19596385955811 2.02013349533081 1.92879581451416 1.9901088476181 2.14485192298889 2.23448300361633 1.96240627765656 1.20563733577728 0.172352477908134 0.18560291826725 0.155741587281227 0.106824032962322 -0.258745849132538
4.84562110900879 0.748095452785492 -0.0680947750806808 -0.00310960016213357 0.0934105738997459 0.171786367893219 0.228120535612106 0.2912577688694 0.381867706775665 0.44047486782074 0.468387544155121 0.546892523765564 0.649309158325195 0.814432084560394 0.982892394065857 1.12701940536499 1.25692784786224 1.34081208705902 1.42526280879974 1.71871900558472 4.05170392990112 1.5568870306015 2.04773354530334 1.77099275588989 1.83624112606049 1.93571257591248 2.02909994125366 2.14768195152283 2.48089623451233 2.6417510509491 2.79267239570618 2.42328476905823 2.01833248138428 2.15895652770996 1.7653728723526 1.63223540782928 1.77575945854187 1.88442516326904 1.86263287067413 1.38650357723236 0.745992064476013 0.0746266022324562 0.952805519104004 -0.152258217334747 -0.222143113613129
3.523113489151 2.19728684425354 -0.0185208972543478 0.029805775731802 0.103757418692112 0.21133579313755 0.254216223955154 0.341861754655838 0.42272824048996 0.4928819835186 0.54979681968689 0.631271660327911 0.674760222434998 0.800776362419128 0.946767449378967 1.10192513465881 1.2375670671463 1.32155609130859 1.47413051128387 2.89480876922607 1.66503870487213 1.66011142730713 1.73773193359375 1.7784970998764 1.79691994190216 1.86350858211517 1.92723071575165 2.00194191932678 2.34781765937805 2.82442474365234 2.29633593559265 2.28774380683899 2.92581582069397 2.11010670661926 1.87629234790802 1.54965150356293 1.3935272693634 1.42968356609344 1.48431873321533 1.41806745529175 0.811112761497498 0.965410530567169 1.2056782245636 -0.0652009546756744 -0.251983642578125
3.12716674804688 1.78086256980896 0.0324412472546101 0.0385561436414719 0.109000317752361 0.228716656565666 0.292280644178391 0.328745573759079 0.430288255214691 0.533528387546539 0.551992475986481 0.627449035644531 0.703110456466675 0.795073628425598 0.887244880199432 1.05333542823792 1.19854533672333 1.32877087593079 1.54324328899384 2.1682653427124 2.24784970283508 1.65692865848541 1.68975949287415 1.7431378364563 1.76855647563934 1.77899610996246 1.85599565505981 2.00005555152893 2.18137717247009 2.59758400917053 2.40754365921021 2.40929412841797 2.74422311782837 2.57040047645569 2.30862426757812 1.73889648914337 1.31238257884979 1.04057931900024 1.07396519184113 1.52424776554108 1.92173135280609 1.0772807598114 0.804270267486572 -0.244792491197586 -0.107069924473763
2.41813611984253 2.40723514556885 1.20936489105225 0.0166189521551132 0.0750902891159058 0.170414552092552 0.269648671150208 0.383214354515076 0.466986805200577 0.508078992366791 0.590936601161957 0.672602534294128 0.749285638332367 0.82513040304184 0.924617409706116 1.04991483688354 1.17861247062683 1.29229378700256 1.41229701042175 2.52731919288635 1.53576445579529 1.60281276702881 1.66881132125854 1.69987607002258 1.73405289649963 1.75981390476227 1.79646444320679 1.92317378520966 2.21034264564514 2.26042509078979 2.38296389579773 2.64117860794067 2.84986615180969 2.55041432380676 2.67720532417297 2.60157823562622 1.1751195192337 1.20850467681885 1.28514409065247 1.33772265911102 1.1158435344696 1.07058954238892 0.480342298746109 0.432711571455002 0.181313589215279
1.99423921108246 3.02152180671692 3.56733989715576 2.33562731742859 -0.125614583492279 -0.106274656951427 0.0560042671859264 0.308553278446198 0.47063809633255 0.540724873542786 0.627785801887512 0.740996062755585 0.817349314689636 0.856151700019836 0.929417014122009 1.01832258701324 1.12136602401733 1.23873150348663 1.36393678188324 1.51652371883392 1.52654087543488 1.56829714775085 1.64599180221558 1.68695306777954 1.72721803188324 1.74889671802521 1.83939099311829 1.97492289543152 2.07370090484619 2.2494592666626 2.39084243774414 2.58076143264771 2.78637623786926 2.84287571907043 3.06279611587524 2.79703330993652 2.48872065544128 2.68699193000793 1.35295915603638 -0.0929790958762169 0.454662501811981 0.68297290802002 0.548843562602997 1.17450499534607 1.45334374904633
