slauniainen/Data/DEM/Vihti_dem1500b_cl_horizonAngle_198.asc
NCOLS 196 
NROWS 178 
XLLCORNER 353680 
YLLCORNER 6699024 
CELLSIZE 16 
NODATA_value -3.4e+38 
[rows 120 to 139 of 178, columns 135 to 179 of 196]
33.8131904602051 27.7762050628662 24.4017295837402 17.8574142456055 15.611421585083 13.6846008300781 11.9199123382568 10.0506601333618 9.60292625427246 12.6941051483154 13.0544328689575 11.6415338516235 11.1401233673096 10.5591478347778 9.95663738250732 9.36957550048828 9.07785129547119 8.49329376220703 8.18094062805176 9.11060619354248 10.1701669692993 10.4763803482056 11.6658573150635 14.2220087051392 17.9519233703613 17.5444583892822 13.1718587875366 9.79814147949219 5.0355429649353 1.05510747432709 0.787824153900146 0.569475471973419 0.234042301774025 0.236309424042702 0.840698301792145 1.19220590591431 1.15642666816711 1.00007045269012 0.605612814426422 0.469789505004883 0.47637677192688 3.15418767929077 4.34589195251465 3.72076559066772 4.30911016464233
40.209831237793 31.6085014343262 23.3772602081299 18.5963001251221 16.0858211517334 14.4437942504883 12.5605926513672 11.4754877090454 12.9205026626587 14.2023448944092 14.2627010345459 12.7195053100586 12.1098442077637 11.4520950317383 10.5219449996948 9.9125509262085 9.61373519897461 9.01067924499512 8.27425479888916 8.56403350830078 9.49245452880859 11.8631010055542 16.2815456390381 24.4868946075439 22.5364437103271 18.4425792694092 13.5148096084595 7.47880220413208 2.67861294746399 1.52091324329376 1.08896720409393 0.636894881725311 0.52008581161499 0.478826016187668 1.06332540512085 1.53988087177277 1.49072253704071 1.20793402194977 0.510613322257996 0.517760038375854 0.498040735721588 0.240954250097275 0.696235239505768 0.345275551080704 0.228573992848396
41.669994354248 37.7586479187012 22.6684761047363 19.0006332397461 16.5865345001221 14.1185445785522 12.7628650665283 13.214282989502 17.4335594177246 16.1397380828857 15.2855653762817 13.4509830474854 12.9729900360107 12.3220462799072 11.4806966781616 10.7907953262329 9.86410427093506 9.17677116394043 8.97785758972168 9.42869091033936 10.8101711273193 14.9065055847168 20.9250926971436 24.0932292938232 17.1061096191406 14.5915012359619 12.4863958358765 6.66957998275757 1.91245400905609 1.69289076328278 1.86798489093781 1.33337724208832 0.808519601821899 1.21775281429291 1.57273733615875 1.85251867771149 1.49527931213379 1.43004500865936 0.595900177955627 0.549396872520447 0.542762815952301 0.291701674461365 0.0346378944814205 -0.0522517375648022 1.30141043663025
39.5519561767578 39.0556869506836 25.5023498535156 19.8218154907227 16.5063190460205 13.9428215026855 17.2442054748535 17.3365001678467 19.362060546875 18.0083408355713 15.6613349914551 14.0949964523315 13.5278053283691 12.8671588897705 11.9873666763306 11.2095966339111 10.5891561508179 9.71897220611572 9.90382862091064 14.145037651062 15.0157985687256 18.3607158660889 17.7622261047363 11.2480688095093 12.6099910736084 8.75767135620117 3.30579924583435 1.15884184837341 2.58935856819153 3.06086301803589 3.74222779273987 2.75831604003906 1.21128165721893 1.78192794322968 2.14063048362732 2.10183596611023 1.72558343410492 1.16942381858826 0.633484661579132 0.676350295543671 0.522702097892761 0.356992870569229 0.166883692145348 0.220662474632263 3.12771415710449
16.4616451263428 31.4965858459473 25.5590476989746 20.3978404998779 17.008996963501 13.8649415969849 16.0016613006592 23.0741024017334 21.0823230743408 19.6208477020264 16.9243659973145 15.7030515670776 14.6809034347534 12.935474395752 12.3243970870972 11.4258584976196 11.091423034668 10.3804512023926 12.4347410202026 11.7628507614136 18.027624130249 20.0800075531006 12.6931982040405 7.78800964355469 1.26537358760834 0.402768522500992 0.4852434694767 1.42438685894012 3.90631818771362 4.62127876281738 5.28899908065796 4.56320142745972 1.93710696697235 2.0931613445282 2.7208080291748 2.53659296035767 2.06657695770264 0.826577842235565 0.665592968463898 0.711017608642578 0.84625369310379 0.920129060745239 2.27326250076294 4.58766651153564 6.33177900314331
13.2311391830444 24.1326065063477 23.6268520355225 21.0334014892578 16.0286350250244 13.5409507751465 13.6025943756104 25.1673374176025 24.8931083679199 21.6598262786865 19.1994018554688 17.4725208282471 16.2273616790771 14.1448888778687 12.6825065612793 12.4538106918335 13.6668691635132 15.7766189575195 13.9813833236694 13.9768295288086 18.9427680969238 13.8481483459473 11.1006345748901 0.476584881544113 0.31821408867836 0.61209636926651 1.77257871627808 2.63955640792847 2.46924948692322 3.12046074867249 3.55601000785828 4.32943916320801 2.76209473609924 3.18978762626648 3.24807333946228 2.4845187664032 2.46577739715576 1.0293961763382 0.689084768295288 0.745553851127625 1.15959322452545 2.05995464324951 4.40568208694458 7.44302558898926 9.72278308868408
17.6394100189209 22.707426071167 21.8920745849609 17.9680213928223 15.8682594299316 11.8223009109497 7.75429821014404 11.0953998565674 19.4351692199707 21.7488021850586 21.0835762023926 18.5385627746582 17.6787376403809 16.6521701812744 15.0187549591064 13.7530717849731 11.3782863616943 11.9856634140015 10.5500679016113 10.9341688156128 8.95172023773193 8.78038024902344 1.45715987682343 0.349539309740067 0.706954300403595 0.8422731757164 0.99057412147522 1.11444556713104 1.22504234313965 1.40809381008148 1.16585958003998 2.82404041290283 3.38599610328674 4.48021507263184 4.26110792160034 3.12167119979858 1.96295809745789 1.08454990386963 0.80252879858017 1.56547212600708 3.91023898124695 5.8505654335022 8.54923343658447 11.6797666549683 13.2479848861694
20.9509754180908 22.1405124664307 20.4128818511963 18.2559814453125 16.092493057251 11.2297668457031 7.66593551635742 3.84122586250305 4.83416032791138 13.2387714385986 17.5127105712891 20.6647834777832 16.7875423431396 15.8882112503052 13.6870908737183 9.68790149688721 8.03481292724609 6.87012910842896 6.77114152908325 8.39899826049805 5.21507120132446 1.62026250362396 0.848346352577209 1.71725654602051 1.35185730457306 1.35569477081299 1.5350878238678 1.38624405860901 1.24576961994171 1.29419136047363 1.31171190738678 2.13998103141785 4.84739780426025 5.91872882843018 5.95785617828369 4.09830093383789 1.74561417102814 0.748201012611389 0.977337718009949 1.73452210426331 3.1892147064209 7.31566047668457 12.3754806518555 14.0502824783325 17.3938159942627
20.2031440734863 20.5687217712402 21.1409015655518 16.829704284668 15.4243211746216 11.4739093780518 9.60622310638428 4.84672546386719 4.93492317199707 5.08437013626099 7.26351165771484 10.5389776229858 14.9372444152832 12.4749097824097 9.16702461242676 7.47899532318115 7.05960559844971 5.32206630706787 4.77661991119385 6.1147780418396 3.90838980674744 -0.702278077602386 1.66704678535461 3.20915055274963 2.56392884254456 1.59155476093292 2.03021883964539 2.3175961971283 2.04605603218079 1.65390050411224 1.30141580104828 2.98924112319946 4.82713460922241 5.46917200088501 5.28857517242432 5.76673746109009 2.5373215675354 0.762479960918427 1.0928350687027 2.04095458984375 0.352897167205811 0.631029307842255 5.7903208732605 10.2956066131592 7.59034109115601
16.0369625091553 18.657262802124 20.5339393615723 18.3073310852051 12.2990837097168 11.7822265625 11.2911901473999 7.1019344329834 5.51283168792725 5.56122159957886 5.65078830718994 5.98407030105591 7.18312931060791 6.9897198677063 7.71659135818481 7.2120509147644 6.39176797866821 5.4240550994873 4.37422275543213 1.15985655784607 -0.630973100662231 -0.408030688762665 0.997614085674286 2.5415894985199 1.89189898967743 2.38403820991516 2.64200711250305 2.43424701690674 2.52195429801941 1.96187222003937 1.27581882476807 3.72042560577393 1.6302638053894 0.117373868823051 7.28198003768921 4.08708381652832 2.50499367713928 1.9058758020401 2.92569327354431 2.97495126724243 0.504391670227051 0.0683398470282555 -0.322328478097916 0.211434379220009 3.47162842750549
13.3173780441284 17.6817092895508 21.8544788360596 21.0252208709717 11.9185152053833 9.41350078582764 9.79803562164307 9.00575065612793 8.35910129547119 8.08372020721436 9.01987457275391 8.73565292358398 5.73165893554688 6.94019651412964 8.15918922424316 7.62586307525635 6.24231052398682 5.38108968734741 3.8693106174469 1.15993106365204 -0.61004376411438 -0.113467797636986 0.900493919849396 1.43789279460907 2.18704962730408 3.03539133071899 3.54461550712585 3.11516785621643 2.51343631744385 2.1787633895874 4.86269664764404 2.78610372543335 0.0674837455153465 0.0942364856600761 0.267273932695389 0.575243890285492 0.795097172260284 2.17734456062317 5.36321830749512 3.85843181610107 1.05905187129974 0.13916677236557 -0.167556390166283 -0.654704332351685 -0.655566513538361
10.0339260101318 15.6409406661987 20.2045783996582 20.5842189788818 12.3448400497437 7.92592144012451 8.06778526306152 7.62381315231323 7.65974855422974 6.06385803222656 3.64078688621521 3.01727151870728 7.47176504135132 7.53522348403931 7.51699542999268 8.40534973144531 6.66786909103394 5.48618793487549 4.96323156356812 1.78431534767151 0.335973888635635 0.654884219169617 1.34436511993408 2.45274782180786 2.92436265945435 4.47119092941284 5.48733615875244 5.07026815414429 3.92372751235962 2.241215467453 0.0302291065454483 0.0186039861291647 0.143511056900024 0.144665092229843 0.39420884847641 0.665089786052704 0.819238841533661 0.799659729003906 0.51397305727005 0.978151977062225 0.345452934503555 0.269237488508224 0.0727979391813278 -0.395839005708694 -0.589164137840271
3.55037474632263 6.44009828567505 8.92392826080322 13.3900957107544 9.17262744903564 7.87933540344238 9.72840690612793 7.98492956161499 6.98867177963257 4.41050910949707 4.0807900428772 3.70299983024597 2.47246789932251 4.38973188400269 7.40820837020874 7.43867254257202 7.17448091506958 5.56352043151855 3.10147929191589 2.20953583717346 1.0775408744812 1.58379340171814 2.93723201751709 4.2323842048645 5.88791847229004 7.77557277679443 7.13440847396851 6.19801092147827 4.47768068313599 2.51512384414673 0.241975963115692 0.140164703130722 0.21412456035614 0.315408796072006 0.713867127895355 0.944202482700348 1.12960994243622 0.862640261650085 0.531414091587067 0.388186037540436 0.417711198329926 0.451998263597488 0.278059303760529 -0.0377281829714775 -0.275155663490295
1.85384547710419 2.6804575920105 4.86764860153198 7.70993757247925 5.62223768234253 5.51635599136353 10.8082733154297 8.56502246856689 3.38297653198242 3.23112940788269 2.58088421821594 1.1575049161911 -0.103317104279995 0.0548873841762543 2.85930943489075 5.07642269134521 5.84331941604614 5.07829284667969 2.70863652229309 1.65067315101624 1.55296993255615 3.551762342453 5.13177537918091 6.71434259414673 8.61117458343506 11.1694498062134 10.6337985992432 8.47328758239746 6.38915538787842 3.25825333595276 1.62877702713013 0.501648128032684 0.471931487321854 0.842535793781281 1.04162454605103 1.24676299095154 1.64932155609131 1.24780821800232 0.894808113574982 0.710405886173248 0.631132841110229 0.625959277153015 0.418143093585968 0.267347931861877 0.0525413975119591
1.80393612384796 5.01019620895386 5.19543552398682 7.67211580276489 6.17861032485962 8.04868793487549 10.0403633117676 7.07064390182495 2.33243846893311 0.357515931129456 0.0079346988350153 -0.405216753482819 -0.326774030923843 -0.41899961233139 -0.54576313495636 -0.289068013429642 0.147586405277252 2.56596970558167 2.0999162197113 2.00302457809448 3.77397680282593 3.27745223045349 4.49387884140015 9.0241117477417 17.4109554290771 17.4569625854492 15.6538381576538 14.1800622940063 11.5956230163574 3.94019389152527 2.41874694824219 1.33524823188782 0.885608792304993 1.19064295291901 1.3704434633255 2.11072254180908 2.37195014953613 1.97684144973755 1.32687592506409 1.01928186416626 0.87507551908493 0.80310595035553 0.551508486270905 0.40881136059761 0.232095330953598
3.68677091598511 7.88855791091919 7.78704643249512 8.04443645477295 6.84407806396484 3.55198693275452 2.14471530914307 1.43658578395844 0.541329264640808 0.318970054388046 -0.416980355978012 -0.290451139211655 -0.105357870459557 -0.231205940246582 -0.442147731781006 -0.237163811922073 -0.381324827671051 -0.626404941082001 0.644769966602325 1.39608752727509 0.829946517944336 1.03924953937531 3.2615487575531 8.19185733795166 9.50430870056152 8.79182815551758 8.74057388305664 12.0526247024536 10.6370553970337 6.29323101043701 2.50542044639587 1.62474703788757 1.1103789806366 1.36022043228149 2.04997777938843 2.87738752365112 3.17334508895874 2.67912673950195 2.01268291473389 1.14450490474701 1.09649217128754 0.977981507778168 0.733486115932465 0.497425615787506 0.212247744202614
2.77487397193909 9.80108451843262 12.385724067688 9.78363132476807 6.47838401794434 3.94059300422668 1.6042937040329 1.00597512722015 0.803111672401428 1.48805153369904 -0.15765468776226 0.0986380055546761 0.249535471200943 1.2984424829483 1.52290999889374 0.968262374401093 -0.536710321903229 -0.620988845825195 -0.891861736774445 -1.19415473937988 -1.34443330764771 -1.22483062744141 -0.589834272861481 -0.130019262433052 -1.0696816444397 -0.870039939880371 2.64943790435791 3.77617025375366 7.5843677520752 6.1036171913147 3.53873872756958 1.85629880428314 1.41042613983154 2.33784317970276 3.74383854866028 4.25738906860352 3.66852903366089 2.91054821014404 2.12429261207581 1.25638353824615 1.2637095451355 1.06052875518799 0.97759336233139 0.754763662815094 0.546815991401672
0.469086915254593 8.86374950408936 13.191234588623 12.3357334136963 6.49466180801392 4.95917701721191 2.33550548553467 0.995390594005585 0.5014368891716 1.13455724716187 0.719199597835541 1.17510521411896 0.776053488254547 -0.0819895341992378 0.14788693189621 -0.571360886096954 -0.58746337890625 -0.693485736846924 -0.934160232543945 -1.2430499792099 -1.24002325534821 -1.33721351623535 -1.38671267032623 -1.27572619915009 -1.01298177242279 -0.839230179786682 -0.590078055858612 2.13157081604004 4.52895069122314 4.70227241516113 3.32451772689819 1.85349154472351 1.67371225357056 2.88923382759094 4.69831514358521 5.51599454879761 4.90485572814941 4.00096273422241 1.38185966014862 1.34527254104614 1.35299527645111 1.17256081104279 1.14081728458405 0.982388317584991 0.91918557882309
-3.23137497901917 0.905935406684875 10.9213790893555 12.7510795593262 7.7107949256897 5.04148626327515 2.31434297561646 0.714801907539368 0.103487640619278 0.236775413155556 1.40733695030212 1.00740373134613 -0.00894373282790184 -0.537476778030396 -0.55143815279007 -0.533354580402374 -0.417153120040894 -0.570134580135345 -0.762436330318451 -1.03200733661652 -1.09113419055939 -1.21193253993988 -1.3694943189621 -0.827416956424713 -0.790433049201965 -0.717178761959076 -0.457157164812088 0.015299835242331 1.34888589382172 2.74116444587708 2.55973410606384 1.48222732543945 2.80499196052551 5.65545415878296 7.51782321929932 7.12279319763184 6.74244451522827 5.79997253417969 1.47565579414368 1.50654137134552 1.391725897789 1.35419487953186 1.3583824634552 1.1580730676651 1.59859359264374
-3.14185833930969 -1.10138261318207 5.59641551971436 9.90288257598877 8.84221744537354 6.32815742492676 2.13213419914246 0.943794548511505 -0.498827487230301 -0.402027875185013 -0.322956740856171 -0.353072464466095 -0.422184258699417 -0.473677605390549 -0.470519661903381 -0.24868480861187 -0.128982752561569 -0.330251008272171 -0.629453361034393 -0.822959244251251 -0.826482832431793 -0.973196625709534 -0.982914090156555 -0.460277765989304 -0.422945320606232 -0.416364014148712 -0.21725794672966 0.0533324293792248 0.443799525499344 0.708253800868988 1.37048828601837 1.44598877429962 4.45409727096558 5.97990655899048 5.71004676818848 5.87954759597778 7.47270536422729 5.38035202026367 2.38670516014099 1.63005483150482 1.43710243701935 1.46831810474396 1.49028265476227 1.46164083480835 3.88860750198364
