slauniainen/Data/DEM/Vihti_dsm1500b_cl_horizonAngle_144.asc
NCOLS 196 
NROWS 178 
XLLCORNER 353680 
YLLCORNER 6699024 
CELLSIZE 16 
NODATA_value -3.4e+38 
[rows 120 to 139 of 178, columns 46 to 91 of 196]
11.8714942932129 13.9362688064575 13.9576053619385 13.2555112838745 13.0531339645386 12.9224863052368 11.7099990844727 7.07173824310303 7.88345813751221 5.03108310699463 5.51251077651978 5.00056266784668 14.6859169006348 15.9701833724976 23.1133995056152 15.8577337265015 13.8060359954834 17.5832767486572 39.299129486084 2.08057570457458 0.805773496627808 0.913820147514343 1.24039041996002 8.87954235076904 5.26700019836426 6.35165214538574 4.07515382766724 27.0410385131836 17.240421295166 12.0946092605591 2.69993114471436 3.24911642074585 5.56762981414795 6.01124286651611 10.0362377166748 10.9446926116943 17.642614364624 5.22580575942993 4.51541471481323 4.28127861022949 4.60127592086792 7.9745078086853 2.34573292732239 6.37808895111084 3.82843446731567 3.69962549209595
11.4500484466553 14.6968574523926 17.3075428009033 17.3415546417236 16.4492149353027 16.1708698272705 15.9677734375 11.6002960205078 7.9429407119751 8.61032581329346 5.16550779342651 5.66511011123657 5.121009349823 19.550666809082 34.356128692627 8.55036449432373 19.3346118927002 16.4473152160645 38.8758163452148 3.50108551979065 1.37496471405029 0.815978288650513 8.97146606445312 1.85152506828308 1.40612125396729 1.56986093521118 1.91432130336761 1.92856872081757 2.41313552856445 2.46088600158691 4.16883516311646 2.92074584960938 8.23918056488037 8.79060459136963 11.1236963272095 13.9973497390747 14.9787149429321 5.07328462600708 7.33350324630737 4.98523187637329 6.15409994125366 2.98804640769958 2.29747200012207 2.46667981147766 2.87572550773621 5.17855024337769
14.3869123458862 14.7484102249146 19.5300312042236 22.9327583312988 22.9592704772949 21.7900848388672 21.4104404449463 21.0798797607422 8.94330024719238 9.19294548034668 7.16331720352173 5.31056976318359 5.83022546768188 5.26010704040527 35.0623970031738 3.14995098114014 9.00014019012451 26.2354049682617 34.4131393432617 1.07520854473114 2.46551537513733 5.85751056671143 5.72342586517334 7.0790696144104 2.07798957824707 2.7132420539856 7.51627588272095 8.39681816101074 2.16769862174988 3.42982387542725 2.75118112564087 3.1483736038208 5.88922595977783 9.49075412750244 14.7044544219971 9.60630321502686 18.4587936401367 16.1103439331055 14.0111637115479 8.25985813140869 8.86754417419434 3.52584147453308 3.12218236923218 2.57544422149658 2.68360018730164 3.71733331680298
23.6077041625977 18.9422702789307 18.6795825958252 28.9601287841797 33.5197868347168 33.603385925293 32.040355682373 31.4496994018555 31.14990234375 10.1262769699097 10.1627264022827 5.23061752319336 5.93842744827271 5.32985305786133 40.6336860656738 3.66250944137573 20.7338447570801 40.7756958007812 26.8188171386719 5.73494815826416 1.82110142707825 13.2321510314941 9.29092025756836 1.19083285331726 8.27335262298584 3.42662715911865 4.22895097732544 17.8686389923096 5.33819675445557 14.2725191116333 2.76696276664734 3.11866140365601 6.02813196182251 6.9870924949646 16.2876358032227 17.6119632720947 15.2994718551636 14.5472688674927 10.6859035491943 6.92528247833252 5.80864858627319 6.71562242507935 5.57174825668335 7.59118700027466 3.96951794624329 4.7159161567688
33.5380401611328 34.3370170593262 27.9536304473877 40.3459434509277 45.6142692565918 45.7481231689453 44.0697822570801 43.3654861450195 42.9349136352539 31.1598815917969 12.5003814697266 11.5227527618408 5.55139303207397 6.10927867889404 5.44765281677246 3.54094481468201 3.8620274066925 6.52532720565796 2.39566016197205 8.40954494476318 13.750994682312 1.1102682352066 0.768256604671478 1.03982198238373 2.13461232185364 9.59729099273682 9.49682331085205 3.65582728385925 1.97427749633789 2.41718697547913 2.80466151237488 6.676673412323 3.33571100234985 8.49587631225586 28.5417404174805 18.5962181091309 13.8565425872803 8.3555965423584 2.7177586555481 6.06622695922852 12.8381595611572 3.21413707733154 3.14289569854736 5.39778614044189 2.90022778511047 4.48733568191528
45.9158248901367 46.725643157959 39.4679298400879 38.9303131103516 14.0113525390625 3.56985116004944 3.81340384483337 3.73859000205994 4.61860132217407 4.69640207290649 31.0592384338379 16.4857940673828 13.3912401199341 5.7159595489502 6.29079866409302 5.55210399627686 4.43113231658936 3.87033247947693 13.7006578445435 4.07661294937134 1.46139109134674 1.30765748023987 7.67108488082886 3.31703329086304 2.57405042648315 2.39165759086609 4.406334400177 9.25088882446289 4.90520191192627 2.33442234992981 3.22455477714539 5.03477001190186 3.29830956459045 16.3569965362549 11.4621925354004 19.4643173217773 2.5794358253479 2.612544298172 2.70434498786926 2.77494406700134 9.34827423095703 12.0343408584595 2.75984048843384 3.32203698158264 3.26055121421814 3.4410617351532
3.59650301933289 4.05315685272217 3.71991300582886 4.01279401779175 16.7307090759277 3.69895601272583 5.73837518692017 11.2236623764038 14.3869705200195 4.01889848709106 3.96149516105652 24.0819892883301 24.6741218566895 10.9105863571167 5.88271379470825 6.47578811645508 5.81467533111572 5.44391584396362 4.8638710975647 17.3482055664062 12.0830860137939 1.75963127613068 1.46740543842316 0.890176653862 2.44472289085388 3.69052457809448 4.63577556610107 3.28204488754272 7.99568939208984 6.45992660522461 2.96503472328186 3.7654402256012 8.92592239379883 7.90013742446899 3.18382596969604 4.63978624343872 1.97481107711792 2.7675724029541 2.77541351318359 4.13270330429077 2.77784991264343 2.5938127040863 3.21432375907898 3.30413198471069 3.65327143669128 4.12056446075439
6.43863296508789 3.91081595420837 9.47602462768555 6.64936828613281 4.16277456283569 3.77646398544312 5.46273994445801 16.3852977752686 7.5408763885498 3.97736549377441 4.06950712203979 4.04963827133179 35.0920600891113 22.278636932373 5.6737265586853 6.65447044372559 5.89440727233887 6.02946090698242 5.63433599472046 5.0349235534668 24.0884475708008 2.81789588928223 2.25399136543274 5.48037481307983 4.5064754486084 4.5007495880127 5.34981250762939 12.4635553359985 9.16543960571289 2.09210467338562 8.7154598236084 6.60863971710205 3.90029335021973 3.50339794158936 9.84542465209961 3.30648303031921 2.99142408370972 2.45307421684265 3.3656280040741 3.09015011787415 11.9537487030029 3.39548397064209 3.52241587638855 3.58242011070251 4.84387254714966 5.07380437850952
4.45503854751587 4.05491733551025 13.4679746627808 8.88753986358643 8.6910400390625 18.087158203125 9.71294593811035 4.32270097732544 4.13280868530273 4.32444667816162 4.28786373138428 4.15385103225708 7.03776741027832 7.11530256271362 23.9600715637207 6.22092628479004 6.90408325195312 6.09470844268799 6.28226232528687 5.83717346191406 26.9828186035156 20.0472831726074 3.74915242195129 6.74729776382446 1.28354513645172 6.32536792755127 4.62090492248535 6.19663858413696 6.86027765274048 13.7787256240845 1.90849041938782 5.20970249176025 4.82171583175659 4.82474994659424 6.25383901596069 3.48976135253906 3.55883431434631 3.57008814811707 2.80927157402039 3.1781370639801 3.63554286956787 3.3810863494873 3.19686484336853 5.08903884887695 5.55474996566772 6.43572616577148
4.21744680404663 4.51787090301514 21.7087173461914 22.2756786346436 8.43394660949707 4.55138731002808 4.2351245880127 9.07379531860352 4.33069562911987 4.68196439743042 5.1808910369873 8.94606113433838 4.54050254821777 5.28864765167236 12.9883041381836 34.9814529418945 6.43906927108765 7.15013551712036 6.45451307296753 6.22769212722778 6.03637409210205 30.9915103912354 2.8315064907074 2.35365986824036 1.81845855712891 14.5816707611084 2.65222597122192 9.32211303710938 5.41783857345581 8.59998607635498 1.60085189342499 4.4736328125 6.72267580032349 2.88357973098755 3.79970502853394 3.6067681312561 4.09031343460083 4.32428884506226 3.79231071472168 4.02228593826294 3.7703914642334 4.44053792953491 4.85425043106079 4.72618436813354 6.52477312088013 6.71810054779053
5.27733850479126 4.85651683807373 4.8554539680481 4.34371948242188 4.28986072540283 12.1642723083496 4.49803781509399 5.18406343460083 20.9508991241455 6.49624967575073 6.82251310348511 6.12516832351685 4.32816505432129 4.50535249710083 7.4861216545105 27.4174633026123 29.2109489440918 7.38271856307983 6.79349899291992 6.76091861724854 6.18197965621948 5.85612726211548 1.78977358341217 5.16171598434448 2.70465111732483 1.56841707229614 1.1649261713028 5.22333383560181 12.3470458984375 22.7686290740967 4.73746633529663 15.985894203186 2.39676737785339 2.71327614784241 3.72604537010193 18.694055557251 14.6251335144043 4.51937532424927 4.14852285385132 3.97509074211121 4.24919605255127 4.4665789604187 5.63594675064087 6.23480892181396 6.88784742355347 9.08876419067383
5.35419845581055 6.61780548095703 5.65269231796265 5.44478750228882 10.2418775558472 13.7823791503906 4.69078826904297 4.50847959518433 4.36240720748901 6.01748991012573 8.79576873779297 6.71866416931152 11.4159593582153 5.4670615196228 20.7892875671387 4.31655120849609 3.97319316864014 8.57371807098389 7.72640800476074 6.87161445617676 7.06428956985474 6.40124750137329 16.0978240966797 5.91111183166504 3.24362468719482 3.10003972053528 3.19190168380737 9.4513692855835 21.208589553833 3.41966962814331 0.851066946983337 1.65012586116791 2.0033016204834 2.35836291313171 3.21542429924011 17.7813148498535 4.11791181564331 4.36298418045044 4.62485599517822 4.85494709014893 4.37469911575317 5.3507776260376 5.63828420639038 6.99408483505249 7.82920169830322 10.9842138290405
5.93410062789917 7.29291677474976 6.89204835891724 10.5929613113403 5.73608875274658 8.84686183929443 4.56204557418823 6.07554054260254 4.64503765106201 4.58188962936401 5.08424234390259 4.76957511901855 21.2638969421387 8.64163303375244 5.27390623092651 4.465247631073 4.96483707427979 4.59622097015381 7.17863798141479 8.07377815246582 7.62827348709106 7.41310167312622 7.32382774353027 25.2107734680176 2.99992775917053 8.42350673675537 5.45478439331055 5.99162435531616 17.1831645965576 1.73379456996918 2.10057759284973 0.897566080093384 1.7613799571991 2.78931522369385 12.040168762207 3.40587544441223 4.30183267593384 6.58970403671265 5.19163990020752 5.30556344985962 5.45439958572388 6.25121212005615 7.12384939193726 8.12723159790039 9.86264324188232 18.8343944549561
10.4883642196655 8.01455783843994 9.25533485412598 8.64323997497559 10.5243673324585 5.911545753479 5.89038896560669 4.78418970108032 9.25176811218262 6.76789712905884 4.74295616149902 4.36399602890015 5.73027324676514 20.7276058197021 5.50642776489258 5.54291200637817 5.29652166366577 6.06453227996826 6.08773851394653 7.47358369827271 8.48865413665771 11.1503763198853 7.56214189529419 15.7013206481934 3.03691935539246 8.94759464263916 7.14401292800903 6.3534836769104 4.89631080627441 0.975475132465363 11.2542266845703 0.778027653694153 1.73662960529327 5.22055244445801 4.0913872718811 3.17010402679443 3.98865914344788 4.66966199874878 5.14333629608154 5.5616397857666 6.61839818954468 10.5331573486328 9.65865898132324 16.7612056732178 15.8431282043457 25.9529190063477
14.1140823364258 11.7615070343018 17.5397853851318 7.29048919677734 13.422947883606 12.0244617462158 6.10867547988892 6.08335494995117 18.0012321472168 18.0841770172119 12.8127155303955 17.5714168548584 13.113263130188 8.92750549316406 4.46801376342773 5.69274616241455 6.28633308410645 8.75879573822021 8.37396812438965 6.8649787902832 8.76213836669922 15.3784170150757 8.0504674911499 7.19660329818726 6.40713453292847 10.4991264343262 10.4615345001221 4.87709093093872 6.59496402740479 5.2982177734375 1.43577754497528 0.838592052459717 1.80130767822266 6.57405996322632 5.10653781890869 4.65981245040894 4.12890958786011 5.20291376113892 5.67343330383301 7.67343282699585 9.83433628082275 13.6243505477905 16.9851779937744 19.4647235870361 21.4112071990967 23.0928001403809
15.6732654571533 11.8157329559326 25.1554470062256 14.3535289764404 16.1215953826904 16.8753890991211 8.51791667938232 6.24668455123901 6.15810298919678 5.24078464508057 5.12130403518677 15.5820436477661 26.7551860809326 13.9087238311768 15.5589723587036 16.1399669647217 7.02939605712891 6.99659061431885 10.6911935806274 10.02952003479 8.12777900695801 9.37492370605469 7.12712907791138 8.72856616973877 14.6305561065674 17.7085132598877 13.2969436645508 13.1348352432251 4.7972993850708 10.1712083816528 31.198766708374 1.91901934146881 1.91646802425385 6.34654664993286 9.96136093139648 11.3797044754028 6.72210931777954 5.69071197509766 9.80016231536865 18.6985549926758 12.9306764602661 17.5551662445068 19.0042705535889 18.8260726928711 20.3311862945557 33.0686874389648
12.4404859542847 10.1968622207642 17.0611667633057 9.85987377166748 18.4305324554443 11.6358880996704 6.32910585403442 8.22064018249512 18.7933082580566 8.70035552978516 6.53060340881348 8.79515171051025 6.38200759887695 4.42639446258545 14.9984035491943 4.93242883682251 6.82287216186523 7.27233982086182 8.08485984802246 14.0831451416016 13.787389755249 8.72305011749268 10.0591154098511 9.095290184021 9.47740650177002 15.2319488525391 7.55294895172119 18.04905128479 19.1223392486572 19.7638530731201 24.0363883972168 1.8186948299408 2.70397353172302 6.04842567443848 11.473443031311 18.6817111968994 12.3333921432495 18.6873989105225 14.0007362365723 12.0080490112305 11.2600088119507 18.321231842041 19.7014942169189 21.8753814697266 26.3480682373047 27.8926811218262
15.9885854721069 19.1902732849121 21.3854331970215 21.0723152160645 17.1781692504883 22.6889419555664 13.8563222885132 6.02951288223267 10.2191009521484 6.65548944473267 20.8566284179688 7.01745891571045 17.1184940338135 6.60112428665161 5.10009813308716 4.40820407867432 6.27726173400879 7.96604633331299 7.65206003189087 8.63490772247314 21.8326683044434 21.2961730957031 9.53643131256104 10.9103937149048 10.0988569259644 9.64592933654785 5.4366660118103 27.4119415283203 30.7363471984863 22.2170181274414 3.40553259849548 2.61213970184326 3.0319197177887 7.37010192871094 12.3876981735229 16.871789932251 26.3836364746094 24.40700340271 19.1828842163086 10.3904857635498 11.7757587432861 14.6044988632202 28.2436981201172 25.878755569458 33.7759284973145 29.4093284606934
11.9594526290894 8.61882400512695 20.4445858001709 14.68528175354 24.955005645752 20.7451915740967 13.178412437439 15.289755821228 13.2623271942139 11.4580278396606 27.0876922607422 9.64436054229736 5.5971999168396 8.64772796630859 5.26160526275635 5.34490060806274 5.80545425415039 7.88589668273926 13.4078273773193 8.17412757873535 32.4244270324707 31.2453269958496 14.0952749252319 11.0149927139282 16.2684001922607 11.2763786315918 9.95128440856934 8.73922252655029 3.42808318138123 4.09773445129395 4.92364692687988 4.94273042678833 4.88202476501465 24.1408023834229 30.3518733978271 25.0831890106201 28.9131050109863 16.4567680358887 16.2370567321777 8.53553485870361 10.5025997161865 15.9383974075317 32.9590835571289 29.630729675293 30.6094017028809 19.2916984558105
12.6250648498535 7.49544095993042 32.7736282348633 20.4477157592773 16.2930660247803 19.7942790985107 5.81883859634399 23.3276443481445 7.19294214248657 6.15333223342896 17.0793609619141 6.86342477798462 6.31442165374756 5.86251211166382 5.40139961242676 6.05706596374512 8 9.18950939178467 20.5699787139893 10.8985290527344 11.288595199585 6.90578651428223 6.44006490707397 9.2965145111084 22.5637817382812 11.3245048522949 12.9516687393188 12.350977897644 17.7919921875 3.2994441986084 4.56425142288208 6.62189197540283 9.85856819152832 6.86086130142212 3.97976875305176 2.66381525993347 2.2420449256897 2.02449107170105 3.18454074859619 4.46063804626465 14.3300170898438 13.8604698181152 21.7436714172363 8.08432388305664 25.505334854126 16.0210723876953
