slauniainen/Data/DEM/Vihti_dem1500b_cl_horizonAngle_18.asc
NCOLS 196 
NROWS 178 
XLLCORNER 353680 
YLLCORNER 6699024 
CELLSIZE 16 
NODATA_value -3.4e+38 
[rows 40 to 59 of 178, columns 0 to 44 of 196]
1.9570654630661 2.02845311164856 2.7050507068634 3.19866013526917 3.59563732147217 3.93857479095459 4.27530336380005 5.58280420303345 6.71176958084106 7.3431921005249 7.81760883331299 8.46886157989502 9.37646198272705 9.70206642150879 10.6292667388916 11.7166357040405 12.5302515029907 13.1502799987793 13.5713624954224 14.1772603988647 13.750168800354 12.4699544906616 11.4959907531738 10.4834785461426 11.2942695617676 10.1402435302734 8.91636657714844 7.8863468170166 7.99315881729126 8.20235824584961 8.54659175872803 8.70965194702148 9.48745727539062 10.9669704437256 11.9439315795898 12.0542449951172 11.8696269989014 12.4044952392578 12.9151926040649 12.2034730911255 10.9188842773438 9.76630687713623 8.98857975006104 8.50177383422852 8.63439846038818
2.09226298332214 2.12271189689636 2.85418605804443 3.34483671188354 3.67426514625549 4.02508783340454 4.43785190582275 5.84723901748657 6.48906278610229 7.17284345626831 7.54207563400269 8.30204391479492 9.01140308380127 9.395676612854 9.87595176696777 11.2463846206665 11.680082321167 11.9449939727783 12.2887744903564 12.7447147369385 12.6226673126221 11.3918933868408 9.89779376983643 9.98587989807129 10.620415687561 9.52281475067139 7.90942430496216 7.66882228851318 7.47959899902344 7.7153639793396 8.14234638214111 8.37670993804932 8.86307048797607 9.48928737640381 10.3068256378174 11.3500871658325 11.3353748321533 11.5750904083252 11.3958587646484 10.8074684143066 9.76129245758057 8.78332042694092 8.45668983459473 8.10400199890137 8.175950050354
6.2003345489502 4.96315050125122 2.95528697967529 3.44075584411621 3.70231080055237 4.01646661758423 4.88882350921631 6.10408401489258 6.52375507354736 6.89858722686768 7.34175777435303 7.91212368011475 8.58302116394043 9.06929588317871 9.68320560455322 10.4446573257446 10.8425407409668 11.1282052993774 11.3881206512451 11.1621580123901 10.6167087554932 9.72709655761719 9.46377277374268 9.44875526428223 9.96887874603271 9.04751968383789 9.50361728668213 9.82141971588135 7.4897403717041 7.40220594406128 7.73571729660034 7.95666742324829 8.52260589599609 9.13122653961182 9.93723106384277 10.4037714004517 10.6055870056152 10.6471872329712 10.3694448471069 9.88058662414551 8.88183879852295 8.36258888244629 8.00099563598633 7.73430442810059 8.23032855987549
1.74734830856323 2.28206324577332 3.02514863014221 3.4419994354248 3.75683212280273 4.04238367080688 5.05278539657593 5.96469688415527 6.5008225440979 6.74262237548828 7.11029243469238 7.61742687225342 8.19489669799805 8.64199638366699 9.31649589538574 9.75155067443848 10.2350578308105 10.488805770874 10.4980335235596 10.2071371078491 9.68158626556396 8.72654438018799 8.9338550567627 9.46151638031006 8.76709079742432 8.37102603912354 9.59666442871094 9.13255310058594 8.29065322875977 7.32282257080078 7.4414529800415 7.57236623764038 8.04072952270508 8.71405410766602 9.44062423706055 9.71642398834229 9.94285583496094 9.71432209014893 9.32194900512695 8.79697799682617 8.29345798492432 8.06251239776611 7.68552017211914 7.41815328598022 7.99719142913818
1.7184191942215 2.29576683044434 2.98532104492188 3.45661425590515 3.82305145263672 4.06307315826416 5.31934261322021 5.80388069152832 6.3841872215271 6.70080375671387 7.02724885940552 7.73022317886353 7.97140550613403 8.23231601715088 8.91076374053955 9.26501274108887 9.63220882415771 9.88147163391113 9.67654323577881 9.27958488464355 8.49892807006836 7.93195915222168 8.40441989898682 8.92706489562988 8.37352180480957 7.78309869766235 8.07765483856201 7.7585015296936 7.35886907577515 7.28091239929199 7.16304349899292 7.23084592819214 7.57357358932495 8.08756256103516 8.83072757720947 9.05250263214111 9.20484638214111 9.00817203521729 8.77477550506592 8.06621932983398 7.73994207382202 7.47634220123291 7.18311500549316 6.89074850082397 7.46110153198242
1.74986958503723 2.34374141693115 2.96989941596985 3.43273234367371 3.74719047546387 4.3627758026123 5.45726346969604 5.8279881477356 6.09528255462646 6.45589780807495 6.82905673980713 7.44614124298096 7.73961973190308 8.03318500518799 8.39820575714111 8.72696018218994 9.08222484588623 9.32088661193848 9.00300312042236 8.34360313415527 7.63188409805298 7.77179908752441 7.91877603530884 8.40656566619873 7.95962572097778 7.62372922897339 7.5700626373291 7.33383846282959 7.16482257843018 7.1022162437439 6.99942541122437 6.90024757385254 7.14770698547363 7.42118358612061 8.21558856964111 8.47447967529297 8.68110942840576 8.49988746643066 8.11396408081055 7.6362190246582 7.43234205245972 7.14838647842407 6.92063236236572 6.63788938522339 7.22267723083496
1.75718188285828 2.32019329071045 2.92019867897034 3.38288164138794 3.72580337524414 4.51703596115112 5.2882981300354 5.7766375541687 6.001051902771 6.23348331451416 6.68604373931885 7.12187194824219 7.45349550247192 7.78351831436157 8.11327362060547 8.50914669036865 8.71950721740723 8.58786487579346 8.38161182403564 7.60071611404419 7.23393440246582 7.34972429275513 7.76644039154053 7.41284465789795 7.36735963821411 7.3823356628418 7.36533212661743 7.13099956512451 6.97687482833862 6.88669109344482 6.8142237663269 6.76276922225952 6.86381006240845 7.13650751113892 7.46257448196411 7.86658382415771 7.94254922866821 7.85699558258057 7.45782375335693 7.38716506958008 7.20355129241943 6.8695855140686 6.62364196777344 6.43482971191406 6.98560094833374
1.83330535888672 2.26727938652039 2.85368824005127 3.31694293022156 3.68894481658936 4.65957450866699 5.07582330703735 5.59254264831543 5.89022064208984 6.0997142791748 6.75470113754272 6.99214220046997 7.20530033111572 7.43165826797485 7.68987989425659 8.08877944946289 8.30571460723877 8.01607608795166 7.64493799209595 6.78773307800293 6.82636022567749 6.98031187057495 7.35855293273926 7.01404190063477 7.11250638961792 7.13944435119629 7.01720762252808 6.88846397399902 6.74920892715454 6.62652587890625 6.60612726211548 6.5798978805542 6.68389654159546 6.94742345809937 7.38857173919678 7.55367183685303 7.59637832641602 7.55868816375732 7.12094783782959 6.87859869003296 6.66082048416138 6.4146900177002 6.13107967376709 6.11594915390015 6.57697343826294
1.84058678150177 2.30396962165833 2.79204297065735 3.23023676872253 3.74005722999573 4.74644041061401 5.12747621536255 5.35533714294434 5.67773199081421 5.96613168716431 6.48941040039062 6.74075174331665 6.99233865737915 7.21961116790771 7.38456535339355 7.69309854507446 7.9001669883728 7.61563110351562 6.82063961029053 6.49759387969971 6.58626747131348 6.56931209564209 6.88530111312866 6.75490570068359 6.87750339508057 6.89260244369507 6.78765964508057 6.56619167327881 6.52045106887817 6.50364828109741 6.62193727493286 10.0074329376221 13.3719825744629 10.8733949661255 6.85756349563599 6.79982137680054 6.86174726486206 6.86488199234009 6.8214430809021 6.64767217636108 6.42618322372437 6.20663356781006 5.84421443939209 5.9890022277832 6.33791160583496
1.84566938877106 2.34281086921692 2.76016640663147 3.12371349334717 3.85913681983948 4.4958028793335 4.97945690155029 5.23302888870239 5.44055604934692 5.85665845870972 6.27437257766724 6.5068039894104 6.76739883422852 7.00315141677856 7.12653255462646 7.33096504211426 7.53469371795654 7.27691698074341 6.51240921020508 6.34739017486572 6.25307416915894 6.4283127784729 6.47591018676758 6.57171058654785 6.59410619735718 6.62628173828125 6.40503454208374 6.40422105789185 6.43884658813477 6.46393442153931 6.3857421875 6.38253211975098 6.27176952362061 6.28284454345703 6.25363492965698 6.35035610198975 6.25282335281372 6.33717012405396 6.45696830749512 6.41890907287598 6.15180063247681 5.91471672058105 5.62724447250366 5.87191009521484 6.24506711959839
1.75647234916687 2.29806423187256 2.73238730430603 3.02149605751038 3.97453856468201 4.2855224609375 4.70719480514526 5.0216646194458 5.26830911636353 5.82656192779541 6.08873128890991 6.32237339019775 6.5593466758728 6.73047828674316 6.88931703567505 7.09443187713623 6.92156362533569 6.7795352935791 6.13747501373291 6.16387605667114 6.07854557037354 6.23471832275391 6.22369766235352 6.35482311248779 6.34839057922363 6.13342714309692 6.1827712059021 6.34162855148315 6.27075386047363 6.12181329727173 6.01164436340332 6.03569746017456 6.0021014213562 5.95383167266846 5.9613881111145 5.89746522903442 5.92214012145996 5.94590187072754 5.91409826278687 5.86260080337524 5.72228574752808 5.46078634262085 5.26095008850098 5.55606555938721 5.91213703155518
1.48922085762024 2.13461875915527 2.65011072158813 3.20530676841736 4.06495952606201 4.34414529800415 4.43735933303833 4.66520643234253 4.99831008911133 5.4625301361084 5.76200485229492 6.02920055389404 6.29586124420166 6.4669508934021 6.56171655654907 6.75463438034058 6.55486679077148 6.12197399139404 5.91924858093262 5.98310947418213 5.90296077728271 6.04453659057617 6.04627704620361 6.05656433105469 6.03397083282471 5.99240827560425 5.98457670211792 6.07880926132202 6.05559778213501 5.90775728225708 5.87767457962036 5.79391860961914 5.76202249526978 5.70776319503784 5.68451023101807 5.56934881210327 5.69761037826538 5.71567630767822 5.6598916053772 5.60308980941772 5.48316287994385 5.20189714431763 5.06147909164429 5.43752670288086 5.64874029159546
1.26189959049225 1.78525125980377 2.5194365978241 3.42713236808777 3.92439341545105 4.26649141311646 4.40266752243042 4.51492547988892 4.81875514984131 5.2093071937561 5.47377824783325 5.70685815811157 5.95967102050781 6.13936996459961 6.17888832092285 6.39487886428833 6.23875141143799 5.72502756118774 5.74866199493408 5.67211627960205 5.67413949966431 5.76827621459961 5.7530312538147 5.82333850860596 5.83252048492432 5.76386737823486 5.82669496536255 5.86895322799683 5.82565212249756 5.70600128173828 5.65642309188843 5.56960821151733 5.50853490829468 5.41873121261597 5.33494091033936 5.37439250946045 5.4337944984436 5.48257732391357 5.44326877593994 5.27411651611328 5.13484668731689 4.93131113052368 4.87143182754517 5.15004825592041 5.36365509033203
1.2724084854126 1.78721511363983 2.70631742477417 3.60039258003235 3.86027336120605 4.16389226913452 4.3216347694397 4.4390287399292 4.78302383422852 4.98692512512207 5.18865013122559 5.44219207763672 5.65566396713257 5.76410388946533 5.83900022506714 5.72050952911377 5.67959976196289 5.51865243911743 5.51769590377808 5.35916233062744 5.43717002868652 5.46099233627319 5.62852096557617 5.6304783821106 5.53065061569214 5.52641677856445 5.60196399688721 5.60172510147095 5.50346851348877 5.43458414077759 5.41231250762939 5.35842561721802 5.29143619537354 5.17012596130371 5.08473968505859 5.1412501335144 5.10987854003906 5.02205419540405 4.99309825897217 4.91735792160034 4.65374946594238 4.53357934951782 4.49756765365601 4.9300971031189 5.29229497909546
1.2918142080307 2.02475118637085 2.95434498786926 3.73452925682068 3.97823214530945 4.0861496925354 4.20500993728638 4.33755874633789 4.57446098327637 4.73129034042358 4.92749643325806 5.15625858306885 5.3414306640625 5.37732934951782 5.40226078033447 5.27784061431885 5.14082431793213 5.13707685470581 5.12676095962524 5.13309764862061 5.30282878875732 5.30429029464722 5.33569288253784 5.35954332351685 5.27868223190308 5.25892925262451 5.30748701095581 5.30937528610229 5.2320728302002 5.18574237823486 5.14782571792603 5.13510799407959 5.05710887908936 4.94208288192749 4.89294385910034 4.94913148880005 4.91729068756104 4.78376913070679 4.72085094451904 4.67978286743164 4.43224143981934 4.31427335739136 4.42155885696411 4.74672889709473 5.02806234359741
1.36089503765106 2.26462006568909 3.16219067573547 3.6157021522522 3.9131007194519 4.0203685760498 4.13525581359863 4.26793670654297 4.51581144332886 4.63277244567871 4.77659225463867 4.91178512573242 5.09451103210449 4.9987096786499 5.02446746826172 4.84244251251221 4.80088376998901 4.84746170043945 4.81957530975342 4.77750730514526 4.91170835494995 4.86563634872437 4.8302264213562 4.777916431427 4.89458322525024 4.97923564910889 4.97252464294434 4.96859502792358 4.94881868362427 4.93812990188599 4.89758443832397 4.89784288406372 4.83297681808472 4.79599380493164 4.82366275787354 4.7524037361145 4.74882078170776 4.57090711593628 4.31315946578979 4.2986216545105 4.12408828735352 4.06256675720215 4.03990650177002 4.36367321014404 4.67023038864136
1.60955142974854 2.43473839759827 3.27903485298157 3.54019498825073 3.79774832725525 3.94150876998901 4.06924438476562 4.30854988098145 4.42332220077515 4.51040649414062 4.63259601593018 4.78428983688354 4.83598613739014 4.76782941818237 4.4907693862915 4.4563102722168 4.56951808929443 4.56885528564453 4.47677087783813 4.47251749038696 4.33360719680786 4.37099504470825 4.14141273498535 4.11220836639404 4.4010968208313 4.58379697799683 4.6446361541748 4.63744640350342 4.67362642288208 4.6957049369812 4.67745542526245 4.68703556060791 4.68105697631836 4.65748500823975 4.69240474700928 4.57722902297974 4.43503904342651 4.23150014877319 4.01919460296631 3.86942481994629 3.7502646446228 3.61338305473328 3.69743514060974 3.98737835884094 4.32061767578125
1.82613337039948 2.69698977470398 3.39104509353638 3.62809014320374 3.73562216758728 3.8251371383667 3.9624810218811 4.17270374298096 4.29221725463867 4.36413717269897 4.50134992599487 4.64014196395874 4.57991361618042 4.49153614044189 4.29651784896851 4.33282470703125 4.31031274795532 4.30843067169189 4.20434427261353 4.15243482589722 3.99487924575806 3.94051361083984 3.82393336296082 3.61300778388977 3.82710957527161 4.1679162979126 4.3195743560791 4.35381269454956 4.37933731079102 4.40355539321899 4.43103885650635 4.50192356109619 4.52716159820557 4.52166032791138 4.59903478622437 4.53532838821411 4.38910150527954 4.15002107620239 3.90624761581421 3.71509766578674 3.56524872779846 3.40470719337463 3.46850442886353 3.60727119445801 3.82312035560608
2.04568409919739 2.88831877708435 3.29336643218994 3.57402873039246 3.70160055160522 3.78811812400818 3.85528969764709 4.1182746887207 4.25564098358154 4.33230686187744 4.35119438171387 4.46965456008911 4.3427472114563 4.21298885345459 4.16711378097534 4.17546367645264 4.15529584884644 4.03370809555054 3.97231483459473 3.95379209518433 3.70509719848633 3.57840085029602 3.43367028236389 3.36725497245789 3.40560150146484 3.71406507492065 3.90776920318604 4.09951448440552 4.17773723602295 4.23365831375122 4.28023433685303 4.34997320175171 4.42032051086426 4.50512742996216 4.49556493759155 4.50723361968994 4.37576293945312 4.01509475708008 3.71445655822754 3.53873372077942 3.45646500587463 3.21232843399048 3.15168166160583 3.20907235145569 3.46341943740845
2.19457364082336 2.99167275428772 3.23989820480347 3.4668595790863 3.61761951446533 3.72841548919678 3.88319301605225 4.03313541412354 4.11844396591187 4.2367091178894 4.29225730895996 4.268798828125 4.17146301269531 4.00525569915771 3.95140957832336 4.00734281539917 4.00571584701538 3.86292004585266 3.88779425621033 3.73868942260742 3.64086127281189 3.29557943344116 3.17468762397766 3.13811826705933 2.95882439613342 3.14553880691528 3.51421403884888 3.88312268257141 4.00199604034424 4.07234716415405 4.15954923629761 4.2611198425293 4.34664678573608 4.47396087646484 4.41692352294922 4.31036043167114 4.7044506072998 4.1043267250061 3.53882193565369 3.3642635345459 3.21191883087158 3.07222414016724 2.97566676139832 2.97229695320129 3.12206530570984
