slauniainen/Data/DEM/Vihti_dsm1500b_cl_horizonAngle_48.asc
NCOLS 196 
NROWS 178 
XLLCORNER 353680 
YLLCORNER 6699024 
CELLSIZE 16 
NODATA_value -3.4e+38 
[rows 140 to 159 of 178, columns 92 to 137 of 196]
4.2180643081665 5.5529465675354 15.6168298721313 20.160514831543 6.97123718261719 4.72586965560913 10.5963659286499 7.44626569747925 19.9087829589844 13.6550426483154 18.3911685943604 11.0683965682983 1.35808372497559 1.02108097076416 11.5393028259277 1.60953545570374 2.21488809585571 3.1402599811554 3.94574499130249 5.96920204162598 13.9765043258667 17.2896385192871 34.6395492553711 16.8094463348389 10.6503448486328 9.43473434448242 10.1631765365601 2.94900441169739 6.41362476348877 4.37044668197632 7.40998411178589 6.37050247192383 7.83186531066895 10.2282791137695 12.4175939559937 1.98909342288971 8.15268421173096 8.18289566040039 7.12844038009644 9.97708320617676 -2.59191846847534 3.23061370849609 -1.83212268352509 -1.50316119194031 -1.23506426811218 -0.547426760196686
7.17418146133423 14.7166786193848 16.7180976867676 8.40482997894287 32.525146484375 16.0769653320312 5.59229850769043 6.17411088943481 8.05320167541504 17.4992408752441 19.8590869903564 27.9913387298584 13.2558917999268 9.43118190765381 25.5202922821045 9.69149589538574 1.5967618227005 2.64607882499695 4.54414415359497 7.0977783203125 11.8864917755127 17.6236877441406 34.1791534423828 38.7237777709961 18.7594146728516 21.4497127532959 9.65747928619385 5.05634546279907 17.3091621398926 3.95384049415588 4.79128265380859 8.90164184570312 9.59925842285156 9.04318046569824 1.69685566425323 5.96549463272095 4.67807579040527 0.65020740032196 5.00015783309937 15.3342418670654 -2.65738129615784 10.0917549133301 12.2550992965698 16.8034324645996 19.1597003936768 3.89946603775024
6.14819765090942 9.43883228302002 12.8028450012207 15.8849802017212 15.8164100646973 18.0296592712402 9.87910270690918 16.5319671630859 13.5897789001465 8.51159381866455 16.2359352111816 23.2035446166992 7.27663803100586 17.1273365020752 26.3429279327393 7.52724981307983 2.3332781791687 3.63367247581482 5.44308137893677 7.78511905670166 12.6805591583252 15.846116065979 27.0103778839111 35.8067512512207 14.2006816864014 29.4720191955566 7.09834289550781 5.21022462844849 10.9459352493286 8.24191379547119 8.21984672546387 5.35046815872192 2.33270215988159 12.122504234314 16.4278888702393 7.13642501831055 10.3368816375732 0.738893628120422 9.75988483428955 19.6704597473145 1.4575377702713 -1.10513556003571 -1.50095045566559 -1.43491554260254 -1.35034358501434 -1.21420788764954
8.61340522766113 5.96845817565918 11.0889177322388 10.9064989089966 10.5089273452759 15.6944065093994 6.86202096939087 6.25693988800049 8.10627841949463 9.58750629425049 10.6363487243652 2.93854975700378 11.0522174835205 9.50831031799316 41.1696395874023 38.9737892150879 19.1699390411377 6.42714166641235 6.17011070251465 10.2679653167725 10.8220252990723 16.3358459472656 18.9871883392334 32.0902481079102 24.3531131744385 24.1933307647705 11.105489730835 9.47594261169434 4.25863885879517 6.91893863677979 19.8899574279785 2.07364916801453 9.2746524810791 7.59915018081665 7.39229679107666 9.19214534759521 8.47250556945801 5.719313621521 10.1729183197021 -1.69632160663605 -1.7169371843338 -1.62568032741547 20.6315269470215 3.97232341766357 -1.28687965869904 -0.959922909736633
10.0322828292847 9.31120872497559 12.4142475128174 10.2976503372192 4.6281909942627 13.4274559020996 15.0137434005737 3.74482297897339 4.58694505691528 3.57210946083069 0.763946175575256 0.956352412700653 1.03270375728607 10.3105421066284 21.7105655670166 19.1410160064697 12.8824939727783 15.5851306915283 8.46502113342285 8.75039577484131 10.7755899429321 14.1230630874634 13.4304399490356 32.590576171875 18.4536876678467 17.7400341033936 3.4578595161438 3.15899801254272 2.58762168884277 12.7640867233276 1.49430978298187 6.26219797134399 2.1596086025238 1.65987968444824 5.56079912185669 0.502595365047455 4.02231740951538 5.88098239898682 11.2850656509399 13.1221227645874 23.0413818359375 8.69004917144775 2.89979195594788 3.90750741958618 -1.24629747867584 -0.279611378908157
10.1656055450439 7.54462766647339 12.8074741363525 24.6129760742188 3.0756664276123 3.23668193817139 4.70648288726807 2.79692387580872 0.23190937936306 0.551407814025879 0.170076161623001 0.137375697493553 0.0983699262142181 1.64592659473419 5.2930736541748 10.9818325042725 14.1169404983521 8.47306537628174 7.74061822891235 8.4218053817749 10.3345375061035 17.9129123687744 18.4423236846924 27.2975521087646 9.83006572723389 25.7526741027832 2.97121548652649 12.9124069213867 3.52123022079468 5.87634706497192 4.44596004486084 15.8773670196533 1.37402868270874 3.85653233528137 14.2191162109375 20.5649394989014 7.85590028762817 4.828293800354 0.384299039840698 10.1845874786377 5.89381790161133 2.12097644805908 -1.37735104560852 8.35726833343506 -0.734762370586395 1.81617534160614
6.88213491439819 6.62589406967163 4.31688928604126 8.42168235778809 3.03195738792419 3.79098415374756 0.980912506580353 14.5393657684326 8.49617004394531 -0.0828659534454346 -0.34570848941803 -0.27967181801796 -0.187526315450668 0.542159497737885 2.16579413414001 5.91932010650635 11.6651964187622 7.50762605667114 6.46933460235596 7.10788440704346 11.4521579742432 15.139799118042 15.556902885437 17.6669101715088 14.9339790344238 14.4394636154175 5.59130191802979 3.06513643264771 2.58716320991516 4.99260902404785 9.98044490814209 12.1235046386719 9.65067863464355 7.97897958755493 5.15421915054321 5.32221841812134 3.14591693878174 22.5459575653076 4.20167303085327 5.8885326385498 1.16627740859985 24.00412940979 3.11319804191589 0.474321007728577 -1.31148147583008 -0.425251990556717
5.52457904815674 11.8293428421021 11.311110496521 1.85644626617432 2.31709313392639 0.891407549381256 9.17232608795166 3.29082989692688 7.80022525787354 14.850604057312 5.31111526489258 -0.546427071094513 0.249304801225662 1.71324813365936 2.32616233825684 3.25551199913025 4.52864027023315 4.8839693069458 6.82669973373413 8.50768756866455 7.90787220001221 9.9726505279541 22.8121967315674 13.0580291748047 11.7799987792969 9.88865756988525 3.03376913070679 5.54305982589722 3.12030029296875 3.44524955749512 5.01310014724731 3.29721713066101 8.55340385437012 11.8062076568604 7.63438701629639 19.523609161377 11.8261575698853 6.21685791015625 1.65312147140503 3.99062609672546 10.7992105484009 7.71887397766113 -0.962719619274139 15.8093204498291 -0.626537442207336 11.9550466537476
3.35680627822876 2.1862690448761 1.25549304485321 0.871578872203827 0.426801681518555 8.51812076568604 2.85542345046997 13.5639867782593 7.02195024490356 -0.356938719749451 2.53480434417725 5.21188592910767 0.957749962806702 2.08815002441406 2.29503774642944 3.64397358894348 2.87181496620178 4.92900609970093 6.61191987991333 7.1706018447876 9.85659027099609 12.2324409484863 32.8386535644531 24.2921009063721 12.1743774414062 4.41534328460693 0.633944928646088 2.2890088558197 1.59171509742737 1.61177897453308 1.72936522960663 3.76345992088318 3.5875232219696 13.6481103897095 9.34625244140625 6.31371259689331 10.8787059783936 9.83964824676514 5.40351915359497 5.40852165222168 3.03020644187927 13.9324884414673 9.36580181121826 4.00701332092285 3.40488529205322 2.46749877929688
1.0629096031189 0.657874047756195 0.491154044866562 0.23676760494709 0.516177117824554 1.20066249370575 5.56464052200317 13.2737464904785 12.5854434967041 14.9053926467896 3.35040712356567 0.901002943515778 1.5273894071579 1.24847567081451 1.4259889125824 1.86364734172821 3.08088564872742 4.9254903793335 6.61746883392334 7.82421159744263 11.3505659103394 13.601508140564 24.6485424041748 15.9776334762573 21.0425338745117 8.77354526519775 3.81760621070862 13.6238842010498 1.27535271644592 1.06234884262085 2.93701577186584 2.94788575172424 3.04213047027588 5.16254711151123 5.95782470703125 5.11318874359131 3.57520294189453 8.5434741973877 17.0335369110107 6.14275121688843 14.3106508255005 8.26720428466797 2.11550712585449 4.62647819519043 -0.900399088859558 -1.12904143333435
1.21013998985291 0.396019339561462 0.166302442550659 9.33346748352051 2.29975175857544 5.48699760437012 8.95349025726318 10.4128522872925 8.61532592773438 1.91525495052338 0.59167891740799 0.843546509742737 1.08754968643188 0.917908251285553 1.82056629657745 2.53770136833191 3.70125699043274 4.68510675430298 5.119948387146 8.50327396392822 11.347752571106 10.7818155288696 12.9302110671997 19.7910690307617 30.9688491821289 2.08564829826355 3.87958216667175 6.79255771636963 10.0064783096313 6.01471376419067 14.4210186004639 9.85052490234375 8.12661361694336 4.51338291168213 2.32683229446411 11.4239940643311 6.15659999847412 5.32092475891113 5.56557512283325 9.09300708770752 6.26150608062744 14.7989549636841 5.10624694824219 2.85693168640137 10.0805072784424 -0.125254467129707
2.82762408256531 3.83436942100525 4.71098041534424 5.66056156158447 13.4244365692139 19.2217350006104 11.3390417098999 15.0136966705322 14.261815071106 9.80509471893311 2.38657903671265 5.78047847747803 15.6280460357666 1.17967760562897 2.06921935081482 6.61112928390503 4.4049334526062 4.69472694396973 7.61383390426636 9.65369510650635 8.1406774520874 10.7078886032104 14.1666574478149 23.671257019043 19.7401752471924 9.93201446533203 0.738701105117798 3.76571822166443 2.65373539924622 5.98049354553223 2.91031742095947 3.84299159049988 2.81752514839172 1.99242222309113 6.8469500541687 4.30340909957886 12.5392360687256 8.85894584655762 7.02890634536743 5.17174482345581 6.09887647628784 3.87230038642883 7.37651205062866 5.44123697280884 -0.624864518642426 0.322954893112183
22.0974235534668 4.04655599594116 4.05141162872314 12.178370475769 14.7569761276245 32.3705406188965 6.73307132720947 4.83310651779175 1.13865411281586 15.9662666320801 0.947762787342072 2.76205611228943 16.7001476287842 4.30221700668335 3.10086393356323 3.6076385974884 4.68017721176147 5.67264747619629 7.44180154800415 9.51078319549561 11.1239652633667 13.6824979782104 13.0007286071777 20.9330883026123 16.2167739868164 18.4472560882568 1.37618958950043 2.19406914710999 4.50407600402832 3.60550665855408 8.24409770965576 6.42005634307861 9.81297302246094 4.68372631072998 19.3765335083008 8.48379230499268 7.49212694168091 9.17867469787598 11.0829496383667 5.17867612838745 13.1392097473145 6.88598728179932 3.82045650482178 6.69231128692627 6.89649772644043 6.00285053253174
8.91126918792725 15.6853132247925 17.2715454101562 13.2171325683594 15.0971412658691 27.0622653961182 10.3251657485962 7.97653150558472 3.15267729759216 0.84453934431076 6.52747249603271 1.30273973941803 1.9572457075119 2.64526772499084 2.91083097457886 3.08248400688171 4.55307722091675 5.44238042831421 4.97482347488403 9.09660911560059 12.2282648086548 25.7644805908203 14.0650978088379 13.6559619903564 13.6114721298218 10.1281604766846 1.54338920116425 2.19939875602722 4.01076173782349 3.84513354301453 4.40680265426636 5.65265274047852 2.78919792175293 4.11108636856079 4.98088550567627 6.0641770362854 6.24107646942139 9.65228271484375 9.03626251220703 9.38729858398438 9.28112125396729 15.5374479293823 4.42134618759155 5.59071826934814 3.41411662101746 3.14113259315491
39.157844543457 22.0626907348633 27.0132007598877 14.9844827651978 15.3884325027466 27.765832901001 22.7487964630127 2.84805154800415 0.766199350357056 0.990413665771484 5.76591062545776 1.30640888214111 2.33218836784363 5.64144515991211 2.55059599876404 2.76358914375305 2.78964495658875 5.25498008728027 5.39114141464233 9.50167942047119 10.9431486129761 24.574987411499 9.22288608551025 11.4959831237793 20.8471508026123 9.61685657501221 8.29632186889648 2.72729778289795 3.31957054138184 9.53185367584229 5.30349111557007 16.5553684234619 4.02812194824219 4.26549386978149 8.83915710449219 6.12686777114868 7.00232696533203 13.4265604019165 10.573335647583 19.9107608795166 11.3485527038574 20.9717121124268 10.2006254196167 1.88063168525696 1.51824963092804 1.29932677745819
7.37654972076416 11.675651550293 8.55956840515137 11.0325345993042 19.5390090942383 15.1056241989136 29.0222663879395 15.4751996994019 10.1983051300049 1.2027792930603 3.97618007659912 1.7486664056778 2.32453870773315 5.27934598922729 9.63964557647705 2.30336046218872 2.41051411628723 6.98265361785889 6.75596046447754 9.53001308441162 10.4661083221436 12.8531246185303 19.5157222747803 12.2990293502808 12.1542959213257 3.40871047973633 2.07098031044006 3.26648664474487 8.1915283203125 3.17674732208252 3.72724580764771 3.86468648910522 4.08455038070679 5.39257907867432 4.93586111068726 19.3797607421875 15.6153249740601 19.0791187286377 13.4954319000244 12.2773008346558 8.94512271881104 6.40627670288086 1.72643852233887 0.301712840795517 0.630588471889496 3.09095597267151
8.71323680877686 19.366849899292 9.67496395111084 11.7665939331055 13.3036775588989 21.4590549468994 27.4851417541504 10.0201921463013 12.3024768829346 1.06376850605011 1.16767275333405 2.25823163986206 4.0128960609436 2.43347382545471 8.34489631652832 2.83599162101746 3.94108843803406 7.89095020294189 5.38207149505615 6.33232021331787 7.79842948913574 11.1612243652344 10.5666227340698 21.3332672119141 17.2998561859131 6.20743417739868 2.21086359024048 7.59766817092896 14.0880908966064 12.9301538467407 10.1162376403809 3.87471842765808 5.31247711181641 18.2133026123047 11.8732376098633 18.3549900054932 17.6218566894531 13.0541772842407 11.9953947067261 11.0355110168457 8.01023483276367 2.85805702209473 8.30809879302979 4.16622495651245 12.1933345794678 13.167293548584
6.18259477615356 6.56920623779297 10.4464473724365 24.493236541748 18.71875 17.3878116607666 17.5798015594482 8.96853828430176 1.1634042263031 6.25284814834595 1.96364855766296 2.17696857452393 9.23236560821533 5.99253988265991 2.4348406791687 3.00894856452942 3.82751035690308 4.69269275665283 4.86456632614136 19.1000881195068 8.3076696395874 9.03892517089844 12.9283504486084 14.4364833831787 12.3719348907471 25.2753219604492 4.60995578765869 8.10579967498779 9.85896778106689 7.81229305267334 4.52611541748047 19.5525760650635 13.7814521789551 23.53981590271 10.4589166641235 12.0157995223999 12.2727088928223 24.4375381469727 18.5693035125732 10.2088289260864 19.984281539917 16.439603805542 27.7543144226074 10.3493204116821 10.8971719741821 17.9054641723633
13.7360458374023 10.472695350647 10.5363006591797 14.7859077453613 26.4567394256592 15.257173538208 25.2988395690918 32.6001243591309 19.9139099121094 1.83719873428345 5.30075311660767 2.09323048591614 3.4906849861145 4.21045923233032 5.4553427696228 16.8750972747803 4.79080104827881 4.28248643875122 6.60749673843384 7.60439538955688 9.88222789764404 11.4258127212524 12.3275337219238 15.2373332977295 14.5010213851929 3.33198237419128 6.89611673355103 8.45822715759277 7.11314678192139 12.384349822998 12.0499963760376 13.1691589355469 9.4964485168457 8.4223051071167 10.8704328536987 11.4594287872314 10.5263423919678 19.4878559112549 28.3386402130127 26.7831115722656 29.9393520355225 16.8302116394043 29.8685779571533 30.5566806793213 29.2963771820068 22.0721378326416
9.04546165466309 8.69372844696045 11.1733798980713 14.1937828063965 28.3721923828125 17.2037601470947 22.2062015533447 13.2094707489014 23.8629741668701 2.13449668884277 2.24146246910095 1.99916553497314 3.01816773414612 2.44674205780029 3.44146537780762 3.77395296096802 3.52240300178528 5.38808012008667 6.02913808822632 7.19195508956909 7.9401159286499 9.69456577301025 12.9811954498291 17.7836894989014 21.4943218231201 10.0397682189941 4.45671987533569 4.24011278152466 3.35590028762817 8.7425365447998 9.4443244934082 8.64664363861084 7.12322092056274 7.31126689910889 9.70142078399658 15.1841192245483 11.7921838760376 23.0687160491943 27.5845336914062 27.0387878417969 30.0391063690186 28.7989959716797 28.8849773406982 29.0951709747314 21.9816570281982 20.6856136322021
