slauniainen/Data/DEM/Vihti_dem1500b_cl_horizonAngle_354.asc
NCOLS 196 
NROWS 178 
XLLCORNER 353680 
YLLCORNER 6699024 
CELLSIZE 16 
NODATA_value -3.4e+38 
[rows 140 to 159 of 178, columns 90 to 134 of 196]
2.07292652130127 1.62368714809418 0.47310683131218 0.357897251844406 4.41496324539185 8.18706607818604 8.55182456970215 9.16505432128906 8.43771076202393 8.61884498596191 7.22990369796753 7.28698015213013 8.21652126312256 7.00834655761719 4.1474289894104 1.95064461231232 -0.879142701625824 -2.10714650154114 -2.0449526309967 -1.20029389858246 -0.379319787025452 0.153238549828529 1.03487539291382 1.2945271730423 1.20253133773804 11.7694234848022 2.46886825561523 -1.57397592067719 -2.09979915618896 -0.236896932125092 2.02785563468933 0.0457622595131397 -0.221044898033142 1.43637466430664 2.32784008979797 3.73284482955933 5.12636280059814 4.04507732391357 6.12928247451782 6.96709060668945 6.80476140975952 6.58563613891602 6.47995233535767 6.3713903427124 6.79934692382812
1.99841594696045 1.43403506278992 0.861003458499908 1.84962809085846 3.14750075340271 5.82241868972778 7.95576238632202 8.66910076141357 8.42433071136475 7.47410202026367 6.18136024475098 5.74341583251953 6.29486513137817 5.26694250106812 4.35624694824219 3.02416038513184 0.452466458082199 -0.550851464271545 -2.24375224113464 -1.66144406795502 -0.738694250583649 -0.0408806577324867 0.74627673625946 1.11845886707306 1.04595804214478 9.42893600463867 8.92116546630859 6.24995946884155 0.292657405138016 0.443543612957001 3.29417204856873 2.23095035552979 0.31011489033699 0.98714542388916 2.10600161552429 2.95289444923401 3.54094052314758 3.81586647033691 6.1282696723938 6.72605180740356 7.44745683670044 9.02568435668945 6.90171575546265 6.14334058761597 5.79425525665283
1.69302129745483 1.12851548194885 0.382489055395126 1.28682351112366 2.68900918960571 4.84069108963013 6.11017274856567 6.87649345397949 7.21795654296875 6.01430654525757 4.79640483856201 4.20269107818604 4.02715539932251 4.34870910644531 3.49113059043884 2.21203994750977 0.171997159719467 -1.26273846626282 -1.56803846359253 -1.3309371471405 -0.979797661304474 -0.215776801109314 0.454288750886917 0.88357812166214 0.882491052150726 6.18979454040527 8.98101615905762 10.2000741958618 6.74072313308716 1.53530478477478 2.62799692153931 4.30416584014893 2.27235913276672 0.947607219219208 1.85976219177246 2.38158416748047 3.37783074378967 7.61951875686646 5.70151662826538 6.0506739616394 6.35871648788452 8.11379241943359 8.86134910583496 6.02786159515381 5.3559422492981
1.62335979938507 1.03092813491821 0.336348474025726 0.954480707645416 2.18769073486328 3.58805012702942 4.71610498428345 5.46351385116577 5.50678730010986 4.44353771209717 3.52254462242126 2.55487871170044 2.46680092811584 2.42548012733459 1.84724283218384 0.69125109910965 -0.949971437454224 -2.30902791023254 -1.89033365249634 1.41247010231018 1.97595500946045 -0.451198786497116 0.197821661829948 0.596599519252777 0.588214337825775 3.3086040019989 7.89243507385254 8.61581325531006 3.83270263671875 0.678615868091583 1.76140832901001 3.86455106735229 4.20882558822632 0.921346724033356 1.66886520385742 2.33243465423584 5.01670074462891 5.9942831993103 5.34863471984863 5.42979907989502 6.08444356918335 7.60187482833862 8.74484729766846 10.4287424087524 7.6557502746582
1.61838972568512 3.30250453948975 2.12329816818237 1.00939750671387 1.20168435573578 1.78502440452576 3.0812840461731 3.72134184837341 3.70852780342102 2.88558650016785 1.90540659427643 0.857813358306885 0.468277186155319 -0.167500704526901 -0.957729876041412 -0.692468702793121 -1.80839097499847 -2.40464162826538 -1.77839243412018 0.732197403907776 0.798848152160645 -0.810719668865204 -0.104508474469185 0.274995565414429 0.186423018574715 0.0030057611875236 4.87865209579468 4.75738286972046 2.64281892776489 0.558664441108704 0.856940448284149 2.62933278083801 3.13915205001831 1.22539496421814 2.08897519111633 4.29180479049683 4.42130517959595 5.12159729003906 4.54047679901123 4.93789100646973 5.76642751693726 7.01093006134033 7.6689977645874 7.98580026626587 6.3675856590271
1.52325761318207 2.02826499938965 1.48476922512054 0.721584975719452 0.627006828784943 1.42816305160522 2.23415184020996 2.49360346794128 2.3454155921936 1.47776079177856 0.223996818065643 -1.80212807655334 -2.96395897865295 -3.21392178535461 -3.25870800018311 -2.75290632247925 -2.54964923858643 -2.51767325401306 -1.39829921722412 -0.283377677202225 0.0130775356665254 -0.445260345935822 1.4714607000351 -0.265225321054459 -0.339727401733398 -0.700019121170044 -1.23271358013153 0.378298193216324 1.97491800785065 1.82446432113647 0.373777002096176 1.83053016662598 2.40739870071411 4.50560855865479 6.47547483444214 5.35509395599365 3.65265536308289 4.34388875961304 4.18587970733643 4.74058055877686 5.24622201919556 5.70640230178833 6.3961067199707 6.34051847457886 5.1373291015625
1.45126676559448 1.40960776805878 1.02333581447601 0.275281816720963 0.284569710493088 0.70162034034729 1.23483896255493 1.37896764278412 0.43441578745842 -0.982636630535126 -1.90674352645874 -3.13334846496582 -3.52820134162903 -3.65021777153015 -3.62699699401855 -3.47429203987122 -2.98069667816162 -2.72378873825073 -2.18598341941833 -0.683532893657684 0.22141994535923 3.05072736740112 1.40066647529602 -0.948578715324402 -0.901992559432983 -1.43593144416809 -2.06768155097961 -1.06650650501251 0.181538984179497 1.30907845497131 4.21265697479248 3.61500453948975 4.28974008560181 6.5627179145813 7.67083168029785 6.09044027328491 3.86370801925659 3.6924901008606 4.15119981765747 4.69407272338867 4.96205997467041 5.20886087417603 5.19052267074585 5.10446071624756 4.14882183074951
1.38439726829529 1.01829659938812 0.459532111883163 -0.1654022783041 -0.448573023080826 0.0223414227366447 0.553434610366821 0.449281215667725 -0.89928537607193 -2.20820879936218 -2.95888066291809 -3.50424408912659 -3.7180814743042 -3.76715230941772 -3.73116397857666 -3.66216063499451 -3.4234185218811 -2.97868180274963 -2.6705584526062 -0.594013929367065 1.23104774951935 2.99442601203918 0.761938214302063 -1.36898648738861 -1.34813022613525 -1.89432716369629 -2.42253446578979 -1.77686393260956 -0.629977583885193 1.09181475639343 4.03864145278931 4.45466756820679 5.0788893699646 6.77472448348999 6.45857095718384 5.36984014511108 3.58808851242065 3.58798146247864 3.98191046714783 4.4926438331604 4.85872316360474 4.90799903869629 4.60140609741211 4.45642328262329 3.91600894927979
1.30986988544464 0.920513212680817 0.296468794345856 -0.536282479763031 -1.88391721248627 -1.46664023399353 -0.902627885341644 -0.82998126745224 -1.67550694942474 -2.78631663322449 -3.15704083442688 -3.60968637466431 -3.81949734687805 -3.64433813095093 -2.96939992904663 -1.54868233203888 -3.51979327201843 -3.1607129573822 -2.82320499420166 -1.44415616989136 0.893575847148895 2.18514680862427 0.636985898017883 -1.6391841173172 -1.63706707954407 1.78144943714142 -0.804270267486572 -2.96728444099426 -1.43643951416016 1.72442972660065 3.16826033592224 2.95568513870239 3.30071640014648 5.24342012405396 5.52710866928101 4.82039594650269 3.4501690864563 3.39713287353516 3.76030278205872 4.19119596481323 4.72881317138672 4.74380683898926 4.37967729568481 4.07558584213257 3.86720848083496
1.16632866859436 0.856000006198883 0.0879530981183052 -1.05774533748627 -2.3562605381012 -2.45296096801758 -2.55880069732666 -2.17355346679688 -2.78012585639954 -2.96110582351685 -3.30558490753174 -3.68904972076416 -0.843030393123627 -3.29234766960144 -1.4215897321701 -0.0902130603790283 -1.09125030040741 -3.1130838394165 -2.42327117919922 -1.59074723720551 0.521049380302429 1.46456944942474 0.742282927036285 -1.91390109062195 -1.87317597866058 -0.288518399000168 -2.77710914611816 -0.979217171669006 -0.622233092784882 0.835423171520233 2.81269836425781 2.77600240707397 3.79035234451294 4.30259704589844 5.34062337875366 4.99198150634766 3.78882908821106 3.09543919563293 3.30771851539612 3.74201774597168 4.66333436965942 7.10736894607544 5.28196144104004 4.04573106765747 3.82026338577271
0.631087958812714 0.473147571086884 -0.360008060932159 -1.74010837078094 -2.59931755065918 -2.64284563064575 -2.71191120147705 -2.73310494422913 -2.90646243095398 -3.13593506813049 -3.45887327194214 -3.79453611373901 -1.09292995929718 0.684871435165405 0.728222846984863 1.67515921592712 5.09515285491943 2.87391662597656 0.25785157084465 0.0128134349361062 0.862665176391602 1.41654348373413 0.960355043411255 -2.17116093635559 -2.19810128211975 -0.821041822433472 3.57840275764465 1.23547160625458 2.36160659790039 3.21391725540161 3.52571272850037 3.83090758323669 3.18524193763733 3.62405872344971 4.63993501663208 4.57402276992798 4.37446737289429 4.40124797821045 3.23496747016907 3.52056837081909 4.44958543777466 5.56508827209473 5.22118091583252 5.43432760238647 5.36118745803833
0.055735532194376 -0.151130259037018 -0.476936399936676 -1.80938756465912 -2.73813891410828 -2.74029684066772 0.230886459350586 0.698748350143433 -2.67325234413147 -3.31232619285583 -1.86043584346771 6.11734437942505 2.5180344581604 5.11480331420898 5.85840606689453 6.6921648979187 6.52350950241089 6.30988597869873 3.26035046577454 2.01006460189819 1.41737353801727 1.27502477169037 0.501293063163757 -1.60759580135345 -1.74626636505127 2.07664251327515 6.0138201713562 7.16366910934448 7.81490755081177 5.27345561981201 3.31572461128235 3.30784797668457 2.66353178024292 2.53030490875244 3.52826547622681 4.1882004737854 3.67330718040466 4.06786441802979 3.09490561485291 3.25360798835754 3.96638703346252 4.42566871643066 4.38247919082642 3.937255859375 5.17009019851685
-0.0500004328787327 -0.374966144561768 -0.673058867454529 8.20173358917236 4.68680334091187 5.2660870552063 7.56706619262695 6.09006214141846 -3.04056978225708 -3.41571545600891 -0.529324591159821 4.25677061080933 3.88065123558044 4.88845014572144 6.54724025726318 6.62328481674194 5.89425373077393 4.78437900543213 3.58253931999207 1.69979476928711 1.30335438251495 0.751825749874115 0.148599043488503 -1.66448581218719 -0.127259880304337 3.15484142303467 7.37988901138306 7.41288280487061 7.72811412811279 5.23430776596069 3.19701457023621 3.09426927566528 2.48673129081726 2.29755640029907 3.11649632453918 3.79234981536865 3.50695943832397 3.29417204856873 2.96022844314575 3.17852210998535 3.81715869903564 4.38426303863525 6.73584651947021 8.83856964111328 5.16185188293457
4.38182830810547 2.55236387252808 3.81594800949097 10.9406480789185 14.8694553375244 11.6123085021973 9.02293968200684 8.67804527282715 -0.899953663349152 -2.33381342887878 -0.986523330211639 2.72879028320312 3.0103919506073 4.16239213943481 5.70530366897583 4.98652362823486 4.0735068321228 4.10141372680664 2.59730339050293 2.68187189102173 1.10596597194672 0.158242866396904 -0.183715581893921 -1.72309219837189 0.999674320220947 4.39888525009155 5.90972471237183 5.98631143569946 6.93247270584106 4.99426937103271 3.25953674316406 2.94570922851562 2.44545650482178 2.24513125419617 3.01197218894958 3.33908319473267 3.47688460350037 3.15441918373108 2.93086218833923 5.07409143447876 6.36877298355103 7.73262119293213 7.8424186706543 7.62498044967651 5.13592338562012
2.72035813331604 7.54985666275024 6.67232894897461 8.02113342285156 11.3728113174438 9.68543243408203 7.05294752120972 6.14165258407593 8.22742652893066 0.39598074555397 -1.26650238037109 1.52295780181885 2.45022225379944 3.19986391067505 4.7695517539978 4.56781196594238 3.70317792892456 2.98378610610962 1.65247058868408 2.32873606681824 0.848437368869781 -0.0929076820611954 -0.288272857666016 -0.695880115032196 0.568621873855591 3.1755690574646 5.54740858078003 5.01756811141968 5.9832239151001 4.79023933410645 4.01958560943604 2.83351588249207 2.31484985351562 2.72262072563171 2.84420418739319 3.05939769744873 3.5168125629425 8.21433925628662 8.10120677947998 10.0065584182739 10.6118955612183 7.60487699508667 6.63483619689941 7.57359886169434 8.2467737197876
0.902739703655243 4.86917924880981 4.52419376373291 6.71563673019409 8.58292961120605 6.00883913040161 4.99370241165161 4.09200954437256 6.40147638320923 1.32476592063904 -1.41367828845978 -0.159054204821587 1.70740365982056 2.51332807540894 4.70149517059326 4.56598043441772 3.19420504570007 2.2017068862915 1.16239011287689 2.06619334220886 1.29530227184296 0.388877689838409 -0.377534002065659 -0.814737617969513 0.170344412326813 2.42145752906799 4.88751459121704 4.14812850952148 4.208655834198 4.93038368225098 6.10764741897583 5.95982694625854 4.14844131469727 5.88268327713013 4.90742158889771 3.856609582901 3.57432055473328 8.3756275177002 9.25223827362061 10.3505296707153 9.82034492492676 7.34904003143311 6.36581134796143 7.51040506362915 7.99271297454834
-0.0695369094610214 2.78690314292908 3.43087768554688 5.0337061882019 7.00221014022827 5.89332103729248 3.72931146621704 2.49650382995605 5.68432092666626 6.56959390640259 2.50350046157837 0.643950462341309 1.11236548423767 2.2853090763092 4.07920408248901 4.46310615539551 3.45170259475708 3.52742743492126 3.60792922973633 1.39494740962982 0.737401485443115 -0.04507015645504 -0.170538187026978 -0.505639433860779 0.0614170357584953 1.6596268415451 4.31690692901611 5.93347501754761 3.0389199256897 4.87468719482422 6.89188766479492 11.080376625061 13.2379693984985 12.9109563827515 6.99919557571411 9.39632320404053 8.5394811630249 9.07079410552979 14.5290260314941 13.6772899627686 9.21059989929199 8.68973922729492 10.5834131240845 11.6340637207031 10.9875717163086
-0.126990929245949 1.81095409393311 2.37480044364929 2.67064452171326 4.76859378814697 5.57571458816528 6.63416194915771 2.30032706260681 5.37167501449585 11.9341011047363 6.34642887115479 3.40509676933289 2.83265542984009 3.89639735221863 3.90155410766602 4.32756185531616 4.89611196517944 7.29294776916504 5.89779472351074 1.05529177188873 0.242687687277794 -0.128402099013329 -0.128774002194405 -0.278041154146194 0.660258829593658 2.05170369148254 4.08689260482788 6.19018173217773 7.01367521286011 8.04183101654053 8.61726951599121 10.9208278656006 13.7721452713013 12.6199426651001 10.8734474182129 12.388747215271 12.2493133544922 11.3541011810303 14.2742576599121 13.2611627578735 13.2098255157471 12.5151700973511 20.0480442047119 20.7236480712891 23.0472030639648
-0.186845451593399 0.179075717926025 1.87549877166748 2.21350193023682 4.15467929840088 4.87741613388062 5.99591827392578 5.76446676254272 4.38919544219971 11.1799449920654 13.0714731216431 6.39416408538818 3.56201934814453 3.74537253379822 3.767014503479 4.0646333694458 4.24609231948853 6.07334041595459 4.9060115814209 2.91495680809021 1.15461015701294 2.47140431404114 1.48968362808228 0.437260210514069 0.342297673225403 2.28921675682068 3.78913736343384 5.69929838180542 5.90102529525757 7.0335636138916 7.57877111434937 10.6111745834351 13.0385026931763 13.7670936584473 11.7503604888916 12.2957983016968 13.6002464294434 12.5664806365967 12.4480791091919 12.2507743835449 15.220947265625 23.2839279174805 23.1975421905518 23.3667469024658 25.0512561798096
-0.512008547782898 -0.0837095677852631 1.51726758480072 1.91431069374084 3.61459374427795 4.32120704650879 4.806725025177 6.5943717956543 6.59712171554565 9.91887760162354 11.1727142333984 10.2299489974976 7.09437465667725 6.24053764343262 4.03172016143799 3.62386894226074 4.26892900466919 8.07908725738525 7.66970443725586 7.26746320724487 6.09562683105469 2.55481791496277 1.18178296089172 0.403780430555344 0.442560136318207 1.78941023349762 3.3633599281311 4.75866508483887 5.2261438369751 5.22654104232788 5.89855861663818 9.51980113983154 11.9833564758301 12.9010791778564 16.0719051361084 11.7974634170532 11.4570455551147 10.4227085113525 11.2956171035767 12.7359895706177 19.9370346069336 21.7792835235596 19.9897327423096 19.9736099243164 21.0385246276855
