slauniainen/Data/DEM/Vihti_distance_to_downstream.asc
ncols         196
nrows         178
xllcorner     353680
yllcorner     6699024
cellsize      16
NODATA_value  -9999
[rows 62 to 92 of 178, columns 70 to 139 of 196]
38.62742 0 22.62742 61.25484 77.25484 93.25484 83.88226 99.88226 115.8823 131.8823 129.1371 118.6274 134.6274 109.2548 83.88226 83.88226 77.25484 70.62742 70.62742 77.25484 70.62742 77.25484 83.88225 99.88225 115.8822 131.8822 147.8822 163.8822 179.8822 170.5097 186.5097 -9999 -9999 -9999 -9999 -9999 -9999 -9999 -9999 -9999 -9999 -9999 -9999 -9999 -9999 -9999 -9999 -9999 -9999 -9999 -9999 -9999 -9999 -9999 -9999 -9999 -9999 -9999 -9999 -9999 -9999 -9999 -9999 -9999 -9999 -9999 -9999 -9999 -9999 -9999
32 0 38.62742 45.25483 61.25484 77.25484 93.25484 106.5097 122.5097 106.5097 118.6274 102.6274 118.6274 102.6274 86.62742 61.25484 61.25484 54.62742 54.62742 48 54.62742 61.25484 67.88225 67.88225 83.88225 99.88225 115.8822 131.8822 147.8822 163.8822 163.8822 179.8822 -9999 -9999 -9999 -9999 -9999 -9999 -9999 -9999 -9999 -9999 -9999 -9999 -9999 -9999 -9999 -9999 -9999 -9999 -9999 -9999 -9999 -9999 -9999 -9999 -9999 -9999 -9999 -9999 -9999 -9999 -9999 -9999 -9999 -9999 -9999 -9999 -9999 -9999
0 0 22.62742 38.62742 38.62742 54.62742 70.62742 67.88225 83.88225 109.2548 102.6274 86.62742 102.6274 86.62742 70.62742 45.25483 38.62742 38.62742 32 32 38.62742 45.25483 45.25483 45.25483 61.25483 77.25484 93.25484 109.2548 125.2548 141.2548 157.2548 147.8822 163.8822 -9999 -9999 -9999 -9999 -9999 -9999 -9999 -9999 -9999 -9999 -9999 -9999 -9999 -9999 -9999 -9999 -9999 -9999 -9999 -9999 -9999 -9999 -9999 -9999 -9999 -9999 -9999 -9999 -9999 -9999 -9999 -9999 -9999 -9999 -9999 -9999 -9999
0 0 16 16 22.62742 38.62742 45.25483 45.25483 70.62742 70.62742 86.62742 70.62742 86.62742 70.62742 54.62742 38.62742 22.62742 16 16 16 22.62742 22.62742 22.62742 38.62742 54.62742 70.62742 61.25484 77.25484 93.25484 109.2548 125.2548 141.2548 157.2548 173.2548 -9999 -9999 -9999 -9999 -9999 -9999 -9999 -9999 -9999 -9999 -9999 -9999 -9999 -9999 -9999 -9999 -9999 -9999 -9999 -9999 -9999 -9999 -9999 -9999 -9999 -9999 -9999 -9999 -9999 -9999 -9999 -9999 -9999 -9999 -9999 -9999
22.62742 0 0 0 16 22.62742 22.62742 32 54.62742 54.62742 70.62742 54.62742 70.62742 54.62742 32 32 16 0 0 0 0 0 16 22.62742 38.62742 38.62742 54.62742 70.62742 86.62742 102.6274 118.6274 134.6274 150.6274 166.6274 -9999 -9999 -9999 -9999 -9999 -9999 -9999 -9999 -9999 -9999 -9999 -9999 -9999 -9999 -9999 -9999 -9999 -9999 -9999 -9999 -9999 -9999 -9999 -9999 -9999 -9999 -9999 -9999 -9999 -9999 -9999 -9999 -9999 -9999 -9999 -9999
61.25483 45.25483 61.25483 0 0 0 16 16 38.62742 38.62742 54.62742 38.62742 54.62742 38.62742 16 16 0 0 147.8822 163.8822 179.8822 0 0 0 16 32 48 64 80 96 112 128 144 273.1371 289.1371 -9999 -9999 -9999 -9999 -9999 -9999 -9999 -9999 -9999 -9999 -9999 -9999 -9999 -9999 -9999 -9999 -9999 -9999 -9999 -9999 -9999 -9999 -9999 -9999 -9999 -9999 -9999 -9999 -9999 -9999 -9999 -9999 -9999 -9999 -9999
67.88225 83.88225 67.88225 83.88225 99.88225 0 0 0 22.62742 22.62742 38.62742 22.62742 38.62742 22.62742 0 0 0 125.2548 141.2548 157.2548 99.88225 106.5097 122.5097 106.5097 122.5097 138.5097 154.5097 170.5097 186.5097 202.5097 218.5097 234.5097 250.5097 266.5097 295.7645 -9999 -9999 -9999 -9999 -9999 -9999 -9999 -9999 -9999 -9999 -9999 -9999 -9999 -9999 -9999 -9999 -9999 -9999 -9999 -9999 -9999 -9999 -9999 -9999 -9999 -9999 -9999 -9999 -9999 -9999 -9999 -9999 -9999 -9999 -9999
115.8822 99.88225 83.88225 99.88225 106.5097 122.5097 138.5097 0 0 0 0 0 0 0 0 16 102.6274 118.6274 134.6274 67.88225 83.88225 99.88225 83.88225 99.88225 115.8822 131.8822 147.8822 163.8822 193.1371 209.1371 225.1371 241.1371 257.1371 273.1371 289.1371 305.1371 -9999 -9999 -9999 -9999 -9999 -9999 -9999 -9999 -9999 -9999 -9999 -9999 -9999 -9999 -9999 -9999 -9999 -9999 -9999 -9999 -9999 -9999 -9999 -9999 -9999 -9999 -9999 -9999 -9999 -9999 -9999 -9999 -9999 -9999
131.8822 147.8822 131.8822 115.8822 122.5097 129.1371 145.1371 161.1371 177.1371 0 0 16 32 48 64 80 96 112 45.25483 61.25483 45.25483 61.25483 77.25484 83.88225 99.88226 115.8823 131.8823 147.8823 209.1371 225.1371 241.1371 257.1371 263.7645 279.7645 295.7645 311.7645 -9999 -9999 -9999 -9999 -9999 -9999 -9999 -9999 -9999 -9999 -9999 -9999 -9999 -9999 -9999 -9999 -9999 -9999 -9999 -9999 -9999 -9999 -9999 -9999 -9999 -9999 -9999 -9999 -9999 -9999 -9999 -9999 -9999 -9999
170.5097 163.8822 170.5097 154.5097 138.5097 145.1371 151.7645 167.7645 183.7645 199.7645 0 0 0 0 70.62742 86.62742 102.6274 22.62742 38.62742 22.62742 38.62742 45.25483 61.25483 77.25484 93.25484 109.2548 125.2548 141.2548 157.2548 241.1371 257.1371 273.1371 279.7645 295.7645 311.7645 327.7645 -9999 -9999 -9999 -9999 -9999 -9999 -9999 -9999 -9999 -9999 -9999 -9999 -9999 -9999 -9999 -9999 -9999 -9999 -9999 -9999 -9999 -9999 -9999 -9999 -9999 -9999 -9999 -9999 -9999 -9999 -9999 -9999 -9999 -9999
186.5097 193.1371 231.7645 215.7645 199.7645 183.7645 167.7645 183.7645 190.3919 206.3919 222.3919 16 16 0 0 0 0 0 0 16 22.62742 38.62742 22.62742 38.62742 54.62742 70.62742 86.62742 102.6274 118.6274 257.1371 273.1371 289.1371 295.7645 311.7645 327.7645 343.7645 -9999 -9999 -9999 -9999 -9999 -9999 -9999 -9999 -9999 -9999 -9999 -9999 -9999 -9999 -9999 -9999 -9999 -9999 -9999 -9999 -9999 -9999 -9999 -9999 -9999 -9999 -9999 -9999 -9999 -9999 -9999 -9999 -9999 -9999
215.7645 254.3919 238.3919 222.3919 206.3919 190.3919 183.7645 190.3919 206.3919 222.3919 238.3919 280.9016 296.9016 312.9016 342.1564 358.1564 374.1564 390.1564 0 0 0 0 0 0 16 32 48 64 70.62742 86.62742 289.1371 305.1371 311.7645 327.7645 343.7645 359.7645 -9999 -9999 -9999 -9999 -9999 -9999 -9999 -9999 -9999 -9999 -9999 470.1564 476.7838 -9999 -9999 -9999 -9999 -9999 -9999 -9999 -9999 -9999 -9999 -9999 -9999 -9999 -9999 -9999 -9999 -9999 -9999 -9999 -9999 -9999
277.0193 261.0193 277.0193 261.0193 245.0193 229.0193 213.0193 229.0193 213.0193 229.0193 258.2741 274.2741 290.2741 319.529 335.529 351.529 367.529 383.529 399.529 415.529 431.529 0 0 0 0 16 32 48 102.6274 131.8822 147.8822 321.1371 327.7645 343.7645 359.7645 366.3919 -9999 -9999 -9999 -9999 -9999 -9999 -9999 -9999 -9999 -9999 447.529 454.1564 460.7838 467.4112 -9999 -9999 -9999 -9999 -9999 -9999 -9999 -9999 -9999 -9999 -9999 -9999 -9999 -9999 -9999 -9999 -9999 -9999 -9999 -9999
347.6467 331.6467 315.6467 299.6467 283.6467 267.6467 251.6467 235.6467 229.0193 235.6467 251.6467 267.6467 296.9016 312.9016 328.9016 344.9016 360.9016 376.9016 392.9016 408.9016 424.9016 440.9016 0 16 32 48 64 80 109.2548 125.2548 163.8822 147.8822 163.8822 359.7645 366.3919 382.3919 -9999 -9999 -9999 -9999 -9999 -9999 -9999 -9999 -9999 424.9016 431.529 438.1564 444.7838 451.4112 467.4112 483.4112 -9999 -9999 -9999 -9999 -9999 -9999 -9999 -9999 -9999 -9999 -9999 -9999 -9999 -9999 -9999 -9999 -9999 -9999
354.2741 338.2741 322.2741 306.2741 290.2741 274.2741 258.2741 251.6467 245.0193 251.6467 258.2741 274.2741 290.2741 306.2741 322.2741 338.2741 354.2741 370.2741 399.529 415.529 431.529 447.529 0 16 38.62742 54.62742 70.62742 86.62742 102.6274 141.2548 125.2548 141.2548 170.5097 177.1371 227.8822 263.7645 279.7645 295.7645 -9999 -9999 -9999 418.2741 402.2741 395.6467 402.2741 408.9016 424.9016 422.1564 428.7838 444.7838 460.7838 476.7838 492.7838 -9999 -9999 -9999 -9999 -9999 -9999 -9999 -9999 -9999 -9999 -9999 -9999 -9999 -9999 -9999 -9999 -9999
392.9016 354.2741 338.2741 322.2741 306.2741 290.2741 274.2741 267.6467 261.0193 267.6467 274.2741 290.2741 296.9016 312.9016 328.9016 344.9016 360.9016 376.9016 392.9016 422.1564 438.1564 454.1564 0 0 54.62742 70.62742 86.62742 102.6274 118.6274 102.6274 118.6274 147.8822 154.5097 205.2548 241.1371 247.7645 263.7645 279.7645 318.3919 424.9016 408.9016 402.2741 386.2741 379.6467 386.2741 402.2741 399.529 406.1564 422.1564 438.1564 454.1564 470.1564 486.1564 502.1564 518.1564 -9999 -9999 -9999 -9999 -9999 -9999 -9999 -9999 -9999 -9999 -9999 -9999 -9999 -9999 -9999
-9999 370.2741 354.2741 338.2741 322.2741 306.2741 290.2741 283.6467 277.0193 296.9016 290.2741 306.2741 312.9016 319.529 335.529 351.529 367.529 383.529 399.529 415.529 0 0 0 0 16 32 48 64 80 96 125.2548 131.8822 182.6274 189.2548 225.1371 231.7645 247.7645 263.7645 302.3919 318.3919 347.6467 386.2741 370.2741 363.6467 370.2741 376.9016 383.529 399.529 415.529 431.529 447.529 463.529 479.529 495.529 511.529 527.5289 -9999 -9999 -9999 634.0386 663.2936 -9999 -9999 -9999 -9999 -9999 -9999 -9999 -9999 -9999
-9999 -9999 -9999 344.9016 328.9016 322.2741 306.2741 335.529 319.529 312.9016 328.9016 322.2741 328.9016 335.529 342.1564 358.1564 374.1564 390.1564 406.1564 0 0 16 16 0 0 38.62742 54.62742 70.62742 86.62742 102.6274 109.2548 125.2548 166.6274 202.5097 209.1371 215.7645 231.7645 247.7645 286.3919 302.3919 309.0193 325.0193 341.0193 347.6467 354.2741 360.9016 376.9016 392.9016 408.9016 424.9016 440.9016 456.9016 472.9016 488.9016 504.9016 520.9016 536.9016 631.2935 624.666 618.0386 611.4112 640.6661 624.6661 -9999 -9999 -9999 -9999 -9999 -9999 572.7838
-9999 -9999 -9999 -9999 -9999 -9999 322.2741 383.529 367.529 351.529 344.9016 338.2741 344.9016 351.529 358.1564 364.7838 380.7838 0 0 0 16 22.62742 38.62742 22.62742 0 22.62742 38.62742 54.62742 70.62742 86.62742 102.6274 141.2548 150.6274 186.5097 193.1371 199.7645 215.7645 231.7645 270.3919 286.3919 293.0193 309.0193 325.0193 331.6467 338.2741 354.2741 370.2741 386.2741 402.2741 418.2741 434.2741 450.2741 466.2741 482.2741 498.2741 514.2742 621.9209 615.2935 608.666 602.0386 595.4112 602.0386 618.0387 602.0387 586.0387 570.0387 563.4113 556.7838 550.1564 543.5289
-9999 -9999 -9999 -9999 -9999 -9999 -9999 390.1564 392.9016 376.9016 360.9016 354.2741 360.9016 367.529 374.1564 0 0 0 16 22.62742 22.62742 38.62742 45.25483 22.62742 0 38.62742 54.62742 70.62742 86.62742 102.6274 118.6274 128 134.6274 170.5097 177.1371 183.7645 199.7645 215.7645 254.3919 270.3919 277.0193 293.0193 309.0193 315.6467 331.6467 347.6467 363.6467 379.6467 395.6467 411.6467 427.6467 443.6467 459.6467 475.6467 491.6467 631.2935 605.9209 599.2935 592.666 586.0386 579.4112 586.0386 556.7838 595.4113 579.4113 563.4113 547.4113 540.7838 534.1564 527.5289
-9999 -9999 -9999 -9999 -9999 -9999 -9999 415.529 418.2741 402.2741 386.2741 370.2741 376.9016 383.529 0 0 16 22.62742 22.62742 38.62742 45.25483 45.25483 61.25483 22.62742 0 0 61.25484 77.25484 93.25484 122.5097 138.5097 112 118.6274 154.5097 161.1371 167.7645 183.7645 199.7645 238.3919 254.3919 261.0193 277.0193 293.0193 309.0193 325.0193 341.0193 357.0193 373.0193 389.0193 405.0193 434.2741 450.2741 466.2741 482.2741 498.2741 615.2935 589.9209 583.2935 576.666 570.0386 563.4112 570.0386 576.666 534.1564 563.4112 547.4112 531.4112 524.7838 518.1564 511.529
-9999 -9999 -9999 -9999 -9999 -9999 -9999 440.9016 424.9016 408.9016 402.2741 386.2741 392.9016 399.529 415.529 22.62742 32 38.62742 38.62742 45.25483 61.25483 67.88225 77.25484 22.62742 22.62742 0 77.25484 83.88226 99.88226 115.8823 80 96 102.6274 138.5097 145.1371 161.1371 177.1371 193.1371 222.3919 238.3919 254.3919 270.3919 286.3919 302.3919 318.3919 334.3919 350.3919 366.3919 382.3919 398.3919 450.2741 466.2741 482.2741 488.9016 605.9209 599.2935 583.2935 567.2935 560.666 554.0386 547.4112 554.0386 560.666 518.1564 511.529 540.7838 524.7838 508.7838 502.1564 495.529
-9999 -9999 -9999 -9999 -9999 -9999 -9999 -9999 440.9016 424.9016 418.2741 402.2741 408.9016 415.529 431.529 38.62742 48 54.62742 77.25484 61.25483 77.25484 83.88225 90.50967 45.25483 22.62742 0 0 16 32 48 64 80 109.2548 122.5097 138.5097 154.5097 170.5097 199.7645 215.7645 231.7645 247.7645 263.7645 279.7645 295.7645 311.7645 327.7645 343.7645 359.7645 375.7645 391.7645 421.0193 482.2741 498.2741 605.9209 589.9209 583.2935 567.2935 551.2935 544.666 538.0386 531.4112 538.0386 544.666 502.1564 495.529 488.9016 518.1564 502.1564 486.1564 479.529
-9999 -9999 -9999 -9999 -9999 -9999 -9999 -9999 456.9016 440.9016 424.9016 418.2741 424.9016 431.529 447.529 463.529 479.529 99.88226 125.2548 109.2548 93.25484 99.88225 106.5097 61.25483 22.62742 22.62742 0 22.62742 38.62742 54.62742 70.62742 86.62742 99.88226 106.5097 122.5097 138.5097 177.1371 193.1371 209.1371 225.1371 241.1371 257.1371 273.1371 289.1371 305.1371 321.1371 337.1371 353.1371 369.1371 385.1371 527.529 543.5289 550.1564 599.2935 583.2935 567.2935 551.2935 544.666 528.666 522.0386 515.4112 522.0386 528.666 544.666 479.529 472.9016 524.7838 495.529 479.529 463.529
-9999 -9999 -9999 -9999 -9999 -9999 -9999 -9999 -9999 447.529 440.9016 434.2741 440.9016 447.529 454.1564 470.1564 486.1564 502.1564 141.2548 125.2548 109.2548 115.8822 122.5097 45.25483 45.25483 22.62742 0 0 16 32 48 77.25484 83.88226 99.88226 115.8823 145.1371 193.1371 199.7645 215.7645 241.1371 247.7645 263.7645 279.7645 295.7645 311.7645 327.7645 343.7645 359.7645 389.0193 504.9016 511.529 527.5289 534.1564 540.7838 576.666 560.666 544.666 528.666 512.666 506.0386 499.4112 506.0386 522.0386 492.7838 463.529 456.9016 463.529 488.9016 472.9016 456.9016
-9999 -9999 -9999 -9999 -9999 -9999 -9999 -9999 -9999 -9999 456.9016 450.2741 456.9016 463.529 470.1564 476.7838 492.7838 186.5097 157.2548 141.2548 125.2548 131.8822 138.5097 67.88225 45.25483 22.62742 22.62742 0 22.62742 38.62742 54.62742 61.25484 77.25484 93.25484 109.2548 138.5097 209.1371 215.7645 222.3919 257.1371 263.7645 270.3919 286.3919 302.3919 318.3919 334.3919 350.3919 366.3919 440.9016 488.9016 495.529 511.529 518.1564 524.7838 540.7838 554.0386 538.0386 522.0386 506.0386 490.0386 483.4112 476.7838 470.1564 463.529 447.529 440.9016 424.9016 418.2741 415.529 440.9016
-9999 -9999 -9999 -9999 -9999 -9999 -9999 -9999 -9999 -9999 472.9016 466.2741 472.9016 479.529 486.1564 492.7838 499.4112 179.8822 163.8822 147.8822 141.2548 147.8822 154.5097 67.88225 45.25483 45.25483 22.62742 0 0 16 38.62742 54.62742 61.25484 77.25484 115.8823 131.8822 225.1371 231.7645 238.3919 273.1371 279.7645 286.3919 293.0193 309.0193 325.0193 341.0193 357.0193 373.0193 424.9016 472.9016 488.9016 495.529 502.1564 508.7838 524.7838 559.5289 522.0386 506.0386 490.0386 474.0386 467.4112 460.7838 454.1564 447.529 440.9016 424.9016 408.9016 402.2741 386.2741 392.9016
-9999 -9999 -9999 -9999 -9999 -9999 -9999 -9999 -9999 -9999 -9999 482.2741 488.9016 495.529 502.1564 508.7838 515.4112 195.8822 179.8822 163.8822 157.2548 163.8822 170.5097 67.88225 67.88225 45.25483 22.62742 16 0 16 32 38.62742 54.62742 70.62742 99.88226 138.5097 241.1371 247.7645 254.3919 289.1371 295.7645 302.3919 309.0193 315.6467 331.6467 347.6467 363.6467 379.6467 408.9016 456.9016 472.9016 479.529 486.1564 502.1564 518.1564 543.5289 559.5289 512.666 483.4112 467.4112 451.4112 444.7838 438.1564 431.529 424.9016 408.9016 392.9016 386.2741 379.6467 363.6467
-9999 -9999 -9999 -9999 -9999 -9999 -9999 -9999 -9999 -9999 -9999 498.2741 504.9016 511.529 518.1564 524.7838 218.5097 202.5097 195.8822 179.8822 173.2548 179.8822 186.5097 193.1371 67.88225 45.25483 38.62742 22.62742 0 0 16 32 48 64 80 154.5097 257.1371 277.0193 270.3919 305.1371 311.7645 318.3919 325.0193 331.6467 338.2741 354.2741 370.2741 386.2741 402.2741 440.9016 456.9016 463.529 479.529 495.529 511.529 527.5289 543.5289 559.5289 476.7838 460.7838 444.7838 428.7838 422.1564 415.529 408.9016 392.9016 376.9016 370.2741 363.6467 357.0193
-9999 -9999 -9999 -9999 -9999 -9999 -9999 -9999 -9999 -9999 -9999 -9999 520.9016 527.5289 534.1564 550.1564 334.3919 218.5097 202.5097 205.2548 189.2548 195.8822 202.5097 209.1371 83.88225 61.25483 45.25483 22.62742 16 0 22.62742 38.62742 54.62742 70.62742 86.62742 109.2548 273.1371 293.0193 327.7645 321.1371 327.7645 347.6467 341.0193 347.6467 354.2741 360.9016 386.2741 392.9016 408.9016 424.9016 440.9016 456.9016 472.9016 488.9016 518.1564 543.5289 502.1564 486.1564 470.1564 454.1564 438.1564 422.1564 406.1564 399.529 392.9016 376.9016 360.9016 354.2741 347.6467 341.0193
-9999 -9999 -9999 -9999 -9999 -9999 -9999 -9999 -9999 -9999 -9999 -9999 550.1564 543.5289 550.1564 379.6467 373.0193 311.7645 227.8822 221.2548 205.2548 211.8822 218.5097 225.1371 231.7645 67.88225 45.25483 38.62742 22.62742 0 22.62742 38.62742 54.62742 70.62742 86.62742 86.62742 115.8823 309.0193 343.7645 350.3919 343.7645 363.6467 370.2741 363.6467 370.2741 376.9016 402.2741 408.9016 366.3919 350.3919 343.7645 359.7645 375.7645 391.7645 398.3919 559.5289 495.529 479.529 463.529 447.529 431.529 415.529 399.529 383.529 376.9016 360.9016 344.9016 338.2741 331.6467 325.0193
