slauniainen/Data/DEM/Vihti_dsm1500b_cl_horizonAngle_252.asc
NCOLS 196 
NROWS 178 
XLLCORNER 353680 
YLLCORNER 6699024 
CELLSIZE 16 
NODATA_value -3.4e+38 
[rows 80 to 99 of 178, columns 92 to 137 of 196]
0.235052213072777 -1.16857886314392 11.1502065658569 7.15245294570923 1.05702435970306 30.4218845367432 12.2645320892334 8.71388530731201 3.85030078887939 2.39017915725708 3.28995299339294 7.12936019897461 3.78041338920593 8.03563022613525 0.526347398757935 0.0659614354372025 7.16754531860352 7.6850380897522 1.38758325576782 -1.17218315601349 0.567848801612854 -1.50991582870483 15.390230178833 11.757472038269 3.49043893814087 0.0509636886417866 15.2837448120117 2.49566221237183 1.59984540939331 4.94297790527344 9.10663223266602 4.7610034942627 -2.48913192749023 11.6647472381592 -2.94724893569946 -3.30071616172791 -3.76723408699036 -4.30993938446045 5.76722002029419 5.36668491363525 8.55167484283447 3.84705781936646 14.4200134277344 5.66400527954102 14.658353805542 30.8183937072754
1.14013814926147 0.437876760959625 -0.411937117576599 4.20004320144653 4.91779518127441 17.3711490631104 16.5367584228516 14.712366104126 6.58120250701904 -1.23541402816772 29.5913505554199 3.31088209152222 1.29403579235077 1.14656734466553 -1.37028288841248 -0.901399552822113 3.37204265594482 -0.849233269691467 -1.03093123435974 3.01116299629211 -1.43950188159943 18.898380279541 13.1711883544922 8.25216770172119 6.46384954452515 0.54474675655365 8.91658496856689 19.1927623748779 13.2561359405518 7.87139749526978 24.2937717437744 14.8310823440552 10.1989555358887 8.06259536743164 1.57287406921387 -0.969148695468903 -1.39264941215515 -2.33068060874939 1.81032085418701 1.55923676490784 8.36220359802246 3.04458665847778 11.8712205886841 17.3650150299072 33.4220237731934 27.7188987731934
1.15463709831238 0.699715971946716 0.254965960979462 12.6279067993164 -0.979394674301147 -1.03293931484222 38.5734100341797 1.25052988529205 31.8788719177246 2.69917440414429 18.8498764038086 2.16179442405701 6.81342697143555 5.73127317428589 0.823106110095978 0.427815973758698 -1.06315624713898 3.77914524078369 -1.10915434360504 6.225172996521 -0.259420216083527 24.4644374847412 6.66441202163696 0.0459103100001812 -0.952116966247559 -3.15386939048767 36.8578758239746 -1.4861809015274 -2.71094298362732 27.5191745758057 15.4951391220093 32.1873970031738 19.2786846160889 10.3478670120239 12.3085012435913 4.85050249099731 2.11912417411804 -0.971241354942322 -1.14837026596069 -1.7446129322052 0.589320719242096 8.98567008972168 8.07622146606445 40.1953315734863 21.6159420013428 27.3253936767578
0.7510626912117 0.5607790350914 0.743871986865997 1.12981355190277 0.196592733263969 -0.999464213848114 8.41701030731201 5.66427707672119 1.6794673204422 32.2580795288086 13.2274255752563 2.746577501297 9.39845848083496 5.75153636932373 8.11496543884277 -0.825113534927368 9.69007587432861 -1.51406526565552 -1.54487025737762 25.0066928863525 2.11002039909363 4.62006092071533 1.78197014331818 0.847935676574707 1.11034452915192 -2.26241421699524 0.191894814372063 -2.86867380142212 -2.32586789131165 0.563339233398438 22.5397300720215 35.3495826721191 24.1139087677002 16.4903163909912 8.46587371826172 7.45349884033203 -0.391678214073181 -0.514170587062836 -0.294856399297714 -0.294659614562988 -0.998195588588715 9.72452735900879 13.5210599899292 30.3495407104492 38.3229141235352 28.9857959747314
0.858457446098328 0.847497403621674 0.730939745903015 4.49328660964966 -0.963347136974335 -1.07901060581207 4.05484628677368 -1.27748203277588 28.8137645721436 0.378566563129425 30.4707183837891 1.04362308979034 -0.316868215799332 -0.676392555236816 18.5304088592529 13.3695363998413 -0.0494055263698101 8.37380981445312 4.59476041793823 3.64356875419617 3.33670616149902 6.88897943496704 4.64485120773315 3.18850231170654 -1.19864630699158 -1.24108302593231 -0.25060623884201 -2.2965612411499 -1.42888009548187 -1.4528489112854 25.8416213989258 16.4708423614502 34.195613861084 8.73803520202637 4.27951955795288 0.375289440155029 19.81325340271 0.54092800617218 0.221691563725471 4.32165575027466 0.65802013874054 0.632448256015778 6.55417060852051 3.07536578178406 50.3704872131348 20.5817108154297
0.755768716335297 1.24202013015747 1.42176032066345 1.99419152736664 1.38752198219299 7.95145082473755 0.683482885360718 4.22113513946533 1.66052079200745 0.154625803232193 0.619695663452148 4.1639723777771 3.512859582901 15.2848863601685 19.7039432525635 11.0177612304688 11.1657276153564 18.717414855957 12.2679433822632 14.3065166473389 9.12103652954102 8.45712089538574 8.76289653778076 5.13520383834839 3.33466339111328 3.88037204742432 0.179627120494843 -0.268281638622284 -1.37876534461975 28.9429531097412 2.93201518058777 27.0121765136719 10.0208234786987 24.0410022735596 5.67610883712769 3.10672950744629 1.82154393196106 39.7852439880371 4.90256214141846 29.9576511383057 1.95943832397461 1.83819806575775 1.17640542984009 49.2893257141113 26.1277904510498 0.708393037319183
0.951931893825531 8.19600868225098 5.63950538635254 5.34365844726562 0.713771939277649 7.39525270462036 2.21105337142944 7.24898290634155 4.33610868453979 -0.896978557109833 3.36089873313904 26.0472145080566 -1.51890063285828 18.9115905761719 13.8875885009766 10.2181606292725 20.922945022583 7.97768545150757 30.6909580230713 25.3263149261475 17.5387649536133 18.2202739715576 12.1047868728638 9.62818336486816 7.3915228843689 5.41411447525024 5.75835275650024 4.41456747055054 1.78676855564117 1.50079095363617 1.05108153820038 0.255118876695633 34.5831756591797 3.44655656814575 19.6275291442871 2.51109027862549 29.9280281066895 16.0732078552246 8.57330417633057 6.62539577484131 3.76380109786987 1.53240287303925 1.52562689781189 48.3491859436035 0.901740849018097 1.76335847377777
0.867355465888977 12.1718006134033 0.876523435115814 15.7231645584106 2.22696948051453 0.580240428447723 3.92084169387817 14.1567411422729 4.03981447219849 -0.553170323371887 11.2077693939209 0.450494796037674 -1.50907802581787 -1.58957493305206 7.98242616653442 15.6278629302979 18.6099109649658 9.07390117645264 38.2284545898438 9.68020439147949 35.9310493469238 14.9727420806885 11.592342376709 11.0847339630127 11.0045957565308 8.6100549697876 6.90093660354614 12.9775695800781 5.64496326446533 6.21783685684204 4.15152215957642 14.9037199020386 4.55557489395142 9.05662727355957 17.5449314117432 4.66029214859009 22.1677322387695 11.9805774688721 13.8561611175537 9.68420505523682 7.19220972061157 2.42036128044128 1.45988047122955 13.1464204788208 0.98052853345871 9.23167514801025
0.902721107006073 1.1996818780899 0.949420034885406 1.75474965572357 8.83528327941895 0.938542008399963 1.65961098670959 5.31923151016235 -0.368432283401489 7.73545932769775 3.5841076374054 -1.37411522865295 -1.92616558074951 -1.48241937160492 -1.77698278427124 15.7987298965454 20.9437217712402 21.6148853302002 12.6853351593018 29.3330974578857 22.4242534637451 13.3898658752441 12.9172029495239 27.0293998718262 10.4043426513672 6.7831130027771 7.60550355911255 16.628475189209 12.6005201339722 8.15926551818848 5.62654781341553 3.56613373756409 21.0996913909912 4.29578113555908 23.5499172210693 4.15149593353271 3.80262279510498 28.7412376403809 8.79913711547852 8.97819709777832 7.20994472503662 6.93721151351929 2.92426538467407 21.4339809417725 3.45048260688782 3.56587409973145
1.5732593536377 1.0455150604248 0.970151603221893 0.946905434131622 0.869102478027344 7.25638151168823 2.04688239097595 2.41320991516113 -0.405194491147995 7.01300811767578 0.109248571097851 -1.15291011333466 -1.51748824119568 -0.377110093832016 -0.522039175033569 2.964435338974 19.1274814605713 16.4289245605469 18.9013385772705 25.2218627929688 23.017635345459 21.0463848114014 12.7622489929199 17.8338451385498 12.2972564697266 5.56124544143677 16.6574115753174 30.1137313842773 11.8011903762817 8.38039588928223 15.0187959671021 6.04364681243896 5.49155521392822 4.27702665328979 15.4051113128662 8.23458862304688 11.3827924728394 7.93349170684814 21.417947769165 22.4047870635986 16.3779487609863 12.9507179260254 7.79899072647095 14.9890794754028 7.93806600570679 5.07447719573975
1.63658463954926 0.955284476280212 5.35996866226196 16.0509586334229 6.36298322677612 0.653581380844116 5.96235370635986 2.39112520217896 1.18900549411774 0.80524879693985 2.15887331962585 1.05387806892395 -0.4068363904953 -0.744763910770416 -0.996964275836945 -1.0166175365448 5.53719234466553 0.377869665622711 30.5182323455811 22.8586711883545 22.1631736755371 35.8280372619629 27.0385932922363 21.5421810150146 11.3940896987915 10.1560907363892 5.76867437362671 13.0616245269775 6.32310819625854 28.6556453704834 11.9518775939941 6.69028806686401 3.99892377853394 10.2736215591431 3.36677408218384 32.3575248718262 19.4776573181152 5.90064573287964 41.4553070068359 18.7992820739746 18.6927852630615 13.8207788467407 11.0703296661377 9.81088256835938 8.98349285125732 8.58310222625732
11.544846534729 0.687717318534851 3.83871912956238 10.3440074920654 1.51229250431061 0.744455873966217 1.27008140087128 12.9783401489258 5.16165924072266 2.45820808410645 11.4833269119263 1.20921075344086 0.281371504068375 -0.844674706459045 -1.26563084125519 -0.507492423057556 7.78285503387451 11.6626644134521 7.65397834777832 7.3381552696228 25.2562026977539 30.1901016235352 22.5158882141113 20.4371356964111 18.3035736083984 12.8410081863403 7.00053024291992 6.93854808807373 17.9072971343994 13.2957277297974 8.02535247802734 6.77853965759277 4.06174945831299 2.57237768173218 2.00413489341736 17.0056838989258 10.6365222930908 15.6944131851196 10.2580089569092 38.3080444335938 14.9512605667114 13.2781028747559 12.2470569610596 11.1943969726562 10.323112487793 8.80111598968506
3.448086977005 2.52019858360291 1.87781178951263 5.84655570983887 4.19226360321045 3.8487389087677 3.16885280609131 2.97463369369507 9.59757423400879 4.18500423431396 4.25865364074707 0.982641816139221 1.02065896987915 -0.0594246983528137 -0.454290091991425 -1.74573349952698 -2.27582812309265 7.26097345352173 8.89250564575195 10.7244777679443 24.3220405578613 32.1062698364258 27.4704151153564 22.9218997955322 17.302074432373 12.4044857025146 9.84035015106201 9.23810863494873 11.1201124191284 8.96999835968018 9.01081943511963 6.58918905258179 2.41178297996521 0.946251630783081 1.35153663158417 18.224142074585 43.0397872924805 19.7516708374023 24.0993690490723 20.8354454040527 17.5095100402832 14.9444208145142 12.8839149475098 10.614595413208 9.77994728088379 9.21576690673828
8.11242198944092 7.18575859069824 5.04252767562866 4.61992883682251 4.61186981201172 4.51385402679443 2.99715161323547 2.49584746360779 25.5827960968018 3.79604887962341 3.19213104248047 2.62865686416626 0.206769362092018 -1.0471043586731 -1.73985612392426 -2.20277976989746 -3.0811607837677 13.9863843917847 11.9428758621216 6.36922597885132 42.3413467407227 28.4994869232178 23.9555683135986 19.7422904968262 15.5260000228882 15.6077013015747 11.2565793991089 8.86819458007812 15.3458156585693 9.67358207702637 8.43330764770508 4.33405303955078 3.7434458732605 -0.149995684623718 -0.527279853820801 18.2864418029785 14.670693397522 46.8243064880371 16.2779483795166 32.497615814209 18.4336547851562 15.5669221878052 13.0938606262207 13.2258043289185 11.6816959381104 10.9848260879517
16.8233222961426 7.22140550613403 7.76629304885864 6.10678100585938 5.78392744064331 4.34407758712769 4.75668478012085 3.42412161827087 14.3500308990479 2.31158828735352 1.87919068336487 1.19591879844666 0.147669166326523 -1.55205368995667 -2.76990604400635 -3.11246371269226 -3.19579935073853 13.7108211517334 -1.22700977325439 20.2926387786865 42.4768104553223 30.7838973999023 26.9299545288086 19.8254566192627 14.5789451599121 13.8270359039307 11.7121210098267 11.1515836715698 13.6601181030273 9.47106647491455 7.03715801239014 2.13825869560242 0.0234607681632042 5.56852293014526 -2.56454944610596 17.2105655670166 21.1947269439697 11.384596824646 41.9427680969238 24.0672760009766 24.4607906341553 19.1189956665039 16.0581150054932 13.1186647415161 12.4800491333008 10.7521867752075
6.23409700393677 17.0607585906982 7.69930267333984 7.30535459518433 6.67081165313721 6.13392543792725 4.01266384124756 2.01989650726318 1.71681308746338 21.187572479248 1.0109680891037 0.751610934734344 0.209806621074677 -1.61298477649689 -2.27400040626526 -2.65036797523499 -3.0332658290863 -2.84701442718506 14.471643447876 1.95895791053772 41.8901329040527 14.4211196899414 38.9246559143066 24.4646759033203 19.3428859710693 13.467791557312 12.7594938278198 11.092095375061 12.7309770584106 4.40042066574097 21.2331104278564 0.93833190202713 -0.582025170326233 -1.22762393951416 16.0171089172363 14.36634349823 12.5446538925171 11.2165870666504 8.74294757843018 26.5421257019043 25.9795036315918 15.9177350997925 13.4237375259399 12.5497779846191 14.6514825820923 13.6857738494873
8.40455436706543 8.12819194793701 6.90762567520142 5.62186145782471 5.35262966156006 4.79486846923828 3.77429342269897 1.71728467941284 1.21761107444763 1.06735527515411 7.42771768569946 1.08712255954742 0.504278957843781 -1.57851958274841 -2.01625299453735 -2.2343533039093 -2.98813056945801 3.92284035682678 1.07095277309418 17.1270866394043 1.08610427379608 28.7795944213867 24.8198204040527 21.372049331665 15.0132369995117 13.5295553207397 7.47474765777588 10.2279424667358 15.8345022201538 11.9463558197021 0.364168792963028 -0.204338952898979 -0.450149416923523 -1.17944741249084 29.0356597900391 11.5476961135864 19.2282447814941 14.9737787246704 14.7915945053101 37.8993797302246 22.8695602416992 26.2999744415283 20.7688941955566 17.4908638000488 12.375714302063 12.7196998596191
6.45616674423218 6.25830268859863 6.08618688583374 5.4034104347229 4.95963573455811 3.96584939956665 3.58074307441711 2.19415140151978 1.67254304885864 1.12657201290131 6.76549196243286 0.789553821086884 4.01304054260254 0.237990230321884 -1.59928929805756 -1.33808147907257 -1.67868399620056 2.13465881347656 1.21320450305939 -1.39739561080933 17.6418952941895 9.08679962158203 32.0513648986816 17.419807434082 14.2258024215698 -0.0631480738520622 17.7261238098145 5.16136932373047 2.91414666175842 0.875220477581024 0.0893867164850235 -0.324488371610641 -1.11237180233002 -1.132408618927 -1.45682156085968 31.5132293701172 9.91510963439941 16.8040828704834 10.5303382873535 4.71497249603271 45.6565551757812 21.7841701507568 21.7062759399414 17.5295181274414 15.056866645813 17.3172168731689
11.2139854431152 7.71448087692261 4.30776309967041 4.15984964370728 6.32081413269043 4.08541536331177 3.68539619445801 0.979659616947174 2.26053833961487 1.26367890834808 1.66265141963959 -0.686333656311035 17.3696460723877 1.30014038085938 -0.213260963559151 -0.570463597774506 2.60051488876343 5.42888021469116 -0.391790837049484 -0.855105876922607 5.90949964523315 26.1986122131348 0.909778654575348 9.86208915710449 10.1497449874878 6.12199544906616 7.34154510498047 5.65889453887939 4.78316497802734 2.10219597816467 2.00169324874878 -0.430905133485794 -1.00746595859528 -1.39913749694824 6.8460578918457 22.7161464691162 12.9776935577393 6.89215993881226 7.88835620880127 8.68724060058594 7.87447023391724 39.4985275268555 31.9021282196045 25.7270660400391 21.0984668731689 17.3232555389404
5.03855228424072 4.7082257270813 4.4617600440979 3.37097334861755 7.78168201446533 5.54778861999512 5.85507488250732 2.35735988616943 0.371005356311798 1.96803772449493 1.36585462093353 22.0921993255615 1.22146236896515 31.6288890838623 1.05346035957336 0.386864840984344 9.92663478851318 0.606545627117157 0.310702949762344 0.0179437082260847 9.89614200592041 3.93575143814087 0.409790545701981 0.154675900936127 3.83319783210754 10.605297088623 21.063196182251 11.9333143234253 10.225902557373 6.31902837753296 0.477120578289032 -0.023421848192811 -0.753456354141235 -0.221201404929161 9.31395435333252 21.1201419830322 0.368435949087143 -0.341008991003036 9.9810619354248 20.7887382507324 -0.411912143230438 22.3006801605225 45.6550712585449 25.6152687072754 20.2348747253418 17.0850944519043
