slauniainen/Data/DEM/Vihti_dsm1500b_cl_horizonAngle_252.asc
NCOLS 196 
NROWS 178 
XLLCORNER 353680 
YLLCORNER 6699024 
CELLSIZE 16 
NODATA_value -3.4e+38 
[rows 40 to 59 of 178, columns 138 to 183 of 196]
11.9121942520142 11.1408672332764 8.56709480285645 8.11605548858643 9.99340629577637 8.10663604736328 7.86182737350464 7.23711442947388 6.27014493942261 8.77643203735352 7.96454763412476 7.26985502243042 4.91651916503906 4.48593282699585 3.92537569999695 3.68104338645935 3.26504850387573 3.16151332855225 3.11855602264404 3.00065302848816 3.96132016181946 3.66434931755066 3.57726526260376 5.2794771194458 4.96570301055908 7.31211853027344 6.20988035202026 20.9219093322754 23.3953227996826 26.0156230926514 23.455228805542 17.063268661499 13.3023662567139 11.3876180648804 11.5525770187378 11.0740928649902 9.44011402130127 8.19830417633057 5.80379724502563 5.36232042312622 4.98227977752686 4.72484397888184 4.73793077468872 5.01747465133667 5.01550722122192 4.86818933486938
9.35692977905273 8.80349540710449 7.29105520248413 13.4617023468018 11.5449562072754 9.34878826141357 12.5538148880005 11.041069984436 9.7394905090332 6.32215166091919 5.80505132675171 5.35490369796753 4.19894742965698 3.74795961380005 3.50467801094055 3.48502397537231 3.35848236083984 4.98138809204102 4.68514680862427 4.37390899658203 6.68376016616821 6.19834327697754 17.1969661712646 12.3461742401123 14.3771352767944 3.14062714576721 2.14556884765625 2.13441467285156 6.827880859375 44.0438613891602 25.5484142303467 25.9440040588379 25.2242240905762 18.4103698730469 14.3901100158691 8.61612033843994 7.46716499328613 6.53338003158569 6.14765119552612 6.05133819580078 6.39935684204102 5.92783212661743 5.51336574554443 5.71604490280151 6.05148792266846 6.27881860733032
7.78677606582642 5.45459318161011 5.44953918457031 22.0397090911865 17.0991153717041 13.9572191238403 8.17284202575684 7.33826684951782 8.06867122650146 6.19249820709229 5.17602157592773 4.89277410507202 4.64419651031494 4.07447242736816 6.4997353553772 5.59463310241699 5.06891679763794 8.35247802734375 7.88332653045654 7.34420728683472 1.43668675422668 28.0016460418701 7.97631645202637 7.78984212875366 6.52030229568481 5.49583673477173 3.87607502937317 2.87568330764771 2.73340463638306 1.47322130203247 2.63690114021301 46.203369140625 16.8267116546631 13.0461225509644 10.2251167297363 9.7770881652832 8.33167362213135 8.81674575805664 7.93940782546997 7.18890285491943 6.43863964080811 6.81575918197632 7.08103466033936 6.89381885528564 7.63758420944214 8.28985118865967
7.65616226196289 2.00386023521423 27.8728542327881 13.9524326324463 9.42860126495361 7.73263597488403 3.95820474624634 8.8738317489624 7.24574041366577 8.34300231933594 6.12710332870483 14.140661239624 9.68681716918945 7.08641910552979 11.1296310424805 9.78506755828857 8.88321590423584 5.28261470794678 3.34625244140625 25.5675354003906 16.6802368164062 17.8413848876953 16.080228805542 13.0015888214111 10.6487369537354 14.289363861084 4.54600048065186 9.63178539276123 10.4878425598145 6.16513872146606 22.4025573730469 27.9667091369629 22.4526805877686 16.2704982757568 13.8260221481323 11.8653078079224 10.344141960144 7.61755180358887 8.21531963348389 8.08516311645508 7.93123292922974 8.59541988372803 9.34088897705078 9.29975986480713 8.96152591705322 8.73262596130371
6.41491985321045 3.41695427894592 14.6358108520508 4.49239492416382 5.07179164886475 5.18739128112793 6.23962259292603 4.98207569122314 8.55453395843506 2.8200044631958 23.5379085540771 23.7708396911621 16.9224166870117 12.7445163726807 4.18588876724243 4.65740060806274 5.33658075332642 0.655086755752563 6.53374338150024 12.301121711731 29.1228313446045 20.2623672485352 15.9130220413208 5.74110889434814 3.23838758468628 2.49508309364319 2.14106607437134 2.15422105789185 6.46525430679321 7.02270746231079 8.22806835174561 42.4040260314941 22.6290683746338 17.6673736572266 11.5242071151733 12.9171543121338 11.0721292495728 9.64285373687744 9.81254100799561 10.650463104248 10.6206760406494 10.1992435455322 9.99118900299072 10.1613883972168 9.72648525238037 9.34077167510986
4.15096044540405 3.6962296962738 3.49441194534302 3.33607983589172 2.91175746917725 3.5354950428009 3.63301205635071 10.2601728439331 9.0753698348999 2.01923871040344 36.0758590698242 4.50696754455566 5.65834856033325 4.68194532394409 6.91879177093506 6.34490919113159 0.819734871387482 5.12526273727417 12.0085783004761 6.34687995910645 17.1600589752197 23.4993419647217 5.88729763031006 9.75697422027588 2.51221227645874 2.51718878746033 4.62740325927734 5.82345294952393 6.18317317962646 5.38130903244019 36.9746780395508 13.5737371444702 28.6968784332275 21.0298957824707 16.5590267181396 13.0605773925781 12.9786939620972 12.3455066680908 12.1961717605591 12.4142122268677 11.8324890136719 11.2799673080444 10.7759428024292 10.2456836700439 9.8641300201416 9.8743200302124
3.68925976753235 2.97594118118286 2.94058585166931 3.80437588691711 5.08143997192383 3.79251670837402 8.52755355834961 4.16921186447144 6.66354751586914 8.16813850402832 5.6780834197998 12.5544672012329 9.23222160339355 7.18927717208862 8.57967948913574 1.17569208145142 34.3989067077637 23.8280487060547 14.8172979354858 11.5048742294312 11.7349920272827 2.98632454872131 15.3368358612061 18.6549987792969 10.4568891525269 9.12510776519775 7.54830837249756 7.96273136138916 8.89543151855469 9.93019104003906 8.69581317901611 40.8555030822754 28.566047668457 21.1050357818604 16.6569271087646 14.662709236145 14.9331579208374 14.0677690505981 12.267165184021 17.6890754699707 11.7473449707031 11.2021207809448 11.3018932342529 10.8369150161743 10.4185771942139 9.80817127227783
4.57268238067627 6.33598518371582 5.74397134780884 5.21815156936646 2.45666313171387 2.36037969589233 2.31412529945374 2.23990201950073 6.15502119064331 3.45515084266663 13.4951839447021 15.2520503997803 11.3039684295654 1.88202369213104 17.100025177002 2.71180129051208 20.4363899230957 20.1486759185791 20.1553821563721 21.3802738189697 22.0341167449951 22.8570365905762 22.8591995239258 13.8936614990234 13.9899406433105 11.4558534622192 10.5323581695557 17.9647960662842 13.6330995559692 14.0199489593506 13.9326314926147 42.937931060791 20.2094287872314 18.5241413116455 17.2810001373291 16.165599822998 14.9827547073364 13.9275522232056 12.5397796630859 24.7849311828613 18.1085968017578 14.2105379104614 11.7794218063354 12.0300617218018 10.682448387146 9.80617523193359
7.07012271881104 2.58250904083252 2.51120519638062 2.44733834266663 2.36052393913269 2.97059726715088 2.82684421539307 2.12341547012329 10.2781867980957 1.93803668022156 18.7229976654053 2.25535535812378 18.6261615753174 9.01532077789307 2.36090683937073 2.2945396900177 2.27069544792175 5.78103446960449 19.3892574310303 21.3390464782715 19.6039714813232 16.524808883667 14.9045066833496 17.1699180603027 17.2040386199951 33.7843704223633 17.7762203216553 31.5667457580566 15.842077255249 25.415979385376 19.8659763336182 33.0666427612305 20.5961036682129 18.9610195159912 17.0386657714844 16.3258323669434 15.4657793045044 11.4011516571045 35.6253356933594 22.6319961547852 20.2357997894287 19.8422012329102 15.5897283554077 12.5805997848511 11.5186719894409 10.4198513031006
2.61454153060913 2.57514142990112 3.72502660751343 3.37466049194336 3.00319051742554 2.64651584625244 2.58732128143311 2.79503154754639 2.48710012435913 2.43852710723877 1.65922367572784 2.44851922988892 22.9103260040283 6.2389087677002 7.35452365875244 2.61646056175232 1.80259263515472 1.65788578987122 11.1057424545288 19.352855682373 23.5535850524902 19.1421890258789 14.2000513076782 16.995641708374 18.6857318878174 34.7009773254395 26.0271396636963 23.6571655273438 22.4871044158936 21.7896461486816 30.3084735870361 22.3204650878906 20.2856693267822 19.0552062988281 23.7933559417725 17.1684513092041 11.0793294906616 20.0925407409668 11.7200870513916 35.7279167175293 20.9747905731201 18.4832553863525 16.1206398010254 13.4259986877441 10.3384456634521 9.79572677612305
4.51053333282471 3.98388910293579 2.86408066749573 2.77608036994934 3.08380126953125 2.95154666900635 2.82770037651062 2.57013416290283 3.23022985458374 3.03233695030212 2.89265036582947 2.79037737846375 3.32593297958374 4.9761700630188 4.44899272918701 1.68528580665588 1.18887412548065 1.02713298797607 7.73769807815552 19.8395595550537 32.9402198791504 28.4933547973633 20.3603630065918 32.3518524169922 39.6311912536621 39.5958976745605 26.9002208709717 25.8164939880371 24.0005836486816 27.8580722808838 23.3731689453125 23.773811340332 16.8635540008545 42.5479164123535 13.5268964767456 11.2421102523804 9.22564888000488 19.0660171508789 13.6803722381592 37.2211418151855 26.5803318023682 17.8585910797119 14.0478591918945 13.0409231185913 11.474925994873 10.926908493042
3.11965298652649 3.52277493476868 3.35108113288879 3.18370008468628 2.91002702713013 3.60647463798523 3.45902299880981 3.43378019332886 3.23910856246948 3.67503046989441 3.34641790390015 3.18473052978516 3.00970339775085 2.85388946533203 2.87338590621948 1.61121535301208 0.455003768205643 -0.244514375925064 -0.686871707439423 2.25209546089172 28.3531055450439 8.22943878173828 4.67554092407227 16.8922691345215 46.9691429138184 33.556224822998 33.6837615966797 27.5532665252686 25.5634078979492 25.5839462280273 20.4770736694336 18.2794761657715 14.80100440979 12.9143342971802 12.1741333007812 10.8504199981689 8.82509994506836 22.3159713745117 10.1953716278076 31.201509475708 27.8531703948975 15.9381647109985 16.3800525665283 13.7022619247437 12.6744394302368 9.45815753936768
3.68756699562073 3.41726994514465 4.06212520599365 3.88475251197815 3.88219022750854 3.71555709838867 4.34567356109619 4.05164480209351 3.96401286125183 3.5486307144165 3.26704740524292 3.23469376564026 3.08305788040161 2.9127631187439 2.25068068504333 0.897578477859497 -0.219648733735085 -0.285870224237442 8.59055137634277 4.82388257980347 7.24310350418091 12.1415538787842 11.2211151123047 18.8547229766846 25.0985260009766 32.2946701049805 33.6100654602051 33.6971092224121 28.388334274292 24.5778179168701 19.4389801025391 16.549633026123 15.422924041748 13.8943185806274 11.8789052963257 9.94669246673584 8.88682079315186 8.48388957977295 13.6996355056763 28.5986080169678 18.2241401672363 28.8028469085693 14.5515413284302 12.9502401351929 14.1567945480347 13.6033802032471
4.44933938980103 4.46259021759033 4.2474627494812 4.90997123718262 4.72014617919922 4.52847146987915 4.26469087600708 4.20676612854004 4.2165584564209 3.87132287025452 3.53549528121948 2.95787882804871 2.65694117546082 1.74982082843781 2.09258484840393 1.5242748260498 -0.65507298707962 18.6051292419434 -0.944486856460571 -1.09092855453491 17.8409442901611 5.73579978942871 14.0744581222534 10.7946977615356 29.0173149108887 27.0954990386963 37.3706970214844 32.5695457458496 28.3697090148926 25.2938632965088 24.1667232513428 17.7042560577393 16.0680770874023 13.5463485717773 12.818775177002 11.4849443435669 7.4916672706604 7.36355209350586 23.7231788635254 21.1911926269531 20.3870735168457 23.2261276245117 19.6391143798828 22.9319686889648 20.2068481445312 18.5767040252686
5.61394786834717 5.37219047546387 5.15104007720947 4.85848617553711 4.75817203521729 4.83191013336182 4.65245866775513 4.46406364440918 3.86328673362732 3.56284928321838 3.33942246437073 5.02854776382446 3.47007322311401 2.28530979156494 1.71137738227844 1.05634415149689 -0.291258543729782 -0.802119851112366 -1.33382177352905 4.91988611221313 18.1820755004883 9.23875999450684 6.1914234161377 23.4733276367188 27.3794136047363 16.5575389862061 38.2513084411621 34.1131858825684 32.9672966003418 29.0484638214111 22.3817749023438 16.3415946960449 14.5324535369873 12.7107076644897 10.3309307098389 8.43957138061523 7.87382936477661 7.36022806167603 21.1191635131836 28.9932327270508 34.7760047912598 39.4920425415039 31.2317943572998 25.5142288208008 22.2335052490234 19.5527839660645
5.59273386001587 5.45214176177979 5.52609872817993 5.29142808914185 5.07520008087158 4.44586706161499 4.26927423477173 4.21814346313477 4.67914342880249 3.52258658409119 16.2651290893555 6.17987871170044 3.01529288291931 1.79147469997406 1.5890496969223 0.822723746299744 -0.570893526077271 -0.823822438716888 -1.37226641178131 15.3289051055908 0.0732851549983025 20.0092906951904 5.25792360305786 31.8173046112061 10.3669404983521 12.8176116943359 23.4324550628662 37.5907211303711 28.3124084472656 23.4705982208252 18.4724655151367 14.0462169647217 11.8558797836304 10.4623460769653 8.89280986785889 7.53300666809082 5.27688312530518 9.75770473480225 9.01182270050049 22.3205337524414 28.7939319610596 34.7364654541016 43.7098846435547 33.2527961730957 27.5254783630371 22.1052742004395
6.11578559875488 5.82648801803589 5.04021406173706 4.83702898025513 4.77386140823364 5.35595893859863 5.13687658309937 4.91971111297607 3.57527613639832 3.09886765480042 19.7309799194336 3.39309310913086 2.62560796737671 1.26525294780731 7.08278131484985 5.74299478530884 0.0419461876153946 -0.133094906806946 -0.63790637254715 -0.79470032453537 21.4601154327393 -0.793797492980957 36.3081932067871 14.3187665939331 12.9043073654175 6.6412239074707 22.0357933044434 32.8887329101562 31.7128753662109 17.2208843231201 23.9461250305176 9.54309844970703 13.186671257019 8.8079252243042 6.80676460266113 2.57176876068115 1.38279497623444 1.01193189620972 20.3585739135742 17.5100841522217 15.9718246459961 41.839599609375 50.1398124694824 39.217212677002 34.358772277832 26.4603385925293
5.57402896881104 5.45364284515381 6.08033990859985 5.82925033569336 5.60067796707153 4.71689462661743 4.51541709899902 4.32330465316772 4.09153175354004 3.87958812713623 3.01443338394165 16.7136249542236 0.747194111347198 49.4815444946289 1.02230894565582 0.860491394996643 0.597573399543762 -0.373324692249298 -0.520480036735535 -0.823413670063019 14.9526491165161 2.04886102676392 26.8432445526123 15.7343807220459 13.8424253463745 16.3157863616943 8.21245384216309 19.3716602325439 31.2912330627441 20.3456707000732 17.5610542297363 8.92595481872559 8.56022834777832 8.3824987411499 5.92135095596313 1.60293483734131 1.27208960056305 0.981808602809906 13.4756879806519 2.16571474075317 27.6856632232666 19.5805053710938 18.2933368682861 57.3442153930664 36.0318145751953 25.1899681091309
6.7389965057373 6.4116063117981 5.3897385597229 5.1618332862854 4.95356369018555 4.71765565872192 4.50112915039062 9.09140968322754 7.10200786590576 6.00775146484375 2.62888646125793 22.5777645111084 1.27100646495819 42.2679901123047 1.26265943050385 1.18302357196808 -0.117685876786709 -0.551340043544769 4.98239707946777 -0.491212069988251 17.5408725738525 -0.247755751013756 26.314790725708 19.0748157501221 13.9785175323486 12.4633121490479 8.73649978637695 25.96555519104 21.9729290008545 26.0975437164307 19.6457843780518 9.92704296112061 5.71357154846191 5.70274829864502 5.83358144760132 4.69325256347656 3.72228837013245 4.21743106842041 8.39833545684814 12.3418197631836 10.4155950546265 8.93820953369141 13.3077020645142 57.8041610717773 24.6123046875 19.9925441741943
5.98327589035034 5.6823468208313 5.41187620162964 5.16870212554932 22.5564231872559 15.9159545898438 11.9082937240601 17.9859352111816 15.6571769714355 2.09447407722473 3.04430556297302 39.2067527770996 10.7413892745972 1.25550377368927 26.3810520172119 2.00605082511902 0.482915133237839 -0.548886477947235 -0.660317659378052 3.9235508441925 2.83775663375854 22.1638317108154 19.7206211090088 14.9021282196045 13.0133171081543 10.9947385787964 5.40436506271362 4.0893383026123 29.8809280395508 28.4438228607178 11.4991359710693 7.93286895751953 6.82766771316528 6.40359973907471 6.63654708862305 6.11522769927979 6.01496505737305 5.09205102920532 4.96672582626343 4.9168906211853 15.559024810791 38.2964096069336 25.4388637542725 33.9953002929688 21.3688983917236 21.2817001342773
