slauniainen/Data/DEM/Vihti_dem1500b_cl_horizonAngle_90.asc
NCOLS 196 
NROWS 178 
XLLCORNER 353680 
YLLCORNER 6699024 
CELLSIZE 16 
NODATA_value -3.4e+38 
[rows 0 to 19 of 178, columns 45 to 89 of 196]
0.36617511510849 0.961931109428406 1.52458906173706 2.73113703727722 4.20436906814575 5.25276899337769 7.01543140411377 9.45977020263672 10.30348777771 12.0611944198608 -1.04144740104675 -0.999314069747925 -0.778702139854431 -0.218601420521736 0.995714008808136 0.489432632923126 0.961427330970764 1.76129233837128 2.11082983016968 -0.641631305217743 -0.491151750087738 -0.211334198713303 0.276851683855057 1.4548454284668 3.38486099243164 4.6940221786499 5.9758152961731 7.40437984466553 9.3369140625 11.5340776443481 11.8265972137451 0.836249887943268 1.19495785236359 2.99611520767212 4.55684089660645 1.25063800811768 1.52841579914093 3.01296663284302 5.06642007827759 2.56722402572632 1.56607961654663 1.64044404029846 3.29213523864746 5.27125453948975 7.0891284942627
3.51121640205383 4.36543464660645 4.94913768768311 5.85175132751465 7.03977108001709 8.43093109130859 10.4645118713379 12.2038984298706 13.0791206359863 13.7768611907959 0.329675942659378 -1.47393977642059 -1.15440988540649 -0.900372743606567 -0.771489143371582 -0.571558594703674 -0.768819689750671 -0.751847863197327 -0.742018520832062 -0.724924206733704 -0.602878570556641 -0.276485949754715 0.283168941736221 1.14973080158234 2.51353120803833 3.570805311203 4.60384273529053 5.7782187461853 7.13693284988403 8.19678211212158 7.26028537750244 2.17879033088684 0.991060614585876 2.62043118476868 3.81608390808105 1.16761994361877 2.31606245040894 4.38659954071045 5.3727240562439 5.87108564376831 2.91945290565491 1.27691292762756 2.00557136535645 2.82691025733948 4.94809150695801
4.61799287796021 5.148193359375 5.87090396881104 6.8410701751709 8.19162178039551 10.0611639022827 11.2975311279297 14.4004325866699 11.5663738250732 5.20759296417236 1.70152807235718 -1.7322142124176 -1.55187499523163 -1.22502434253693 -1.06416976451874 -0.998919486999512 -0.968554079532623 -0.953836381435394 -0.904102683067322 -0.844560980796814 -0.714911997318268 -0.33639457821846 0.415391802787781 1.40559554100037 2.44301581382751 3.09810924530029 3.81816935539246 4.90139198303223 6.72824764251709 7.81868839263916 4.41531658172607 4.63618659973145 1.13696050643921 1.53619754314423 1.99087238311768 2.47356224060059 3.90586996078491 6.65828657150269 5.48779773712158 2.79890036582947 2.95656609535217 3.00178241729736 3.48597359657288 0.038117915391922 1.90784752368927
5.36255359649658 6.01720762252808 6.97581434249878 8.36141204833984 10.4097023010254 12.5968599319458 12.7318048477173 14.1136150360107 6.22296142578125 2.21261835098267 0.704430222511292 -2.06289839744568 -1.86844205856323 -1.56949710845947 -1.3656519651413 -1.19614064693451 -1.09814882278442 -1.00913906097412 -0.956961512565613 -0.895079255104065 -0.665547668933868 -0.180164888501167 0.687606990337372 1.42038416862488 1.84873914718628 2.42861652374268 3.19363236427307 4.42355442047119 6.28045082092285 7.47125482559204 3.41078662872314 1.66719508171082 1.738410115242 1.82064867019653 2.53011107444763 3.29443669319153 4.31779432296753 7.08972024917603 4.32562732696533 3.5188901424408 5.36996173858643 8.70810604095459 2.77342939376831 -2.57479476928711 -1.39823770523071
5.98392295837402 6.81891107559204 8.1122875213623 10.0964803695679 13.3680391311646 19.8453788757324 14.9858474731445 7.15939235687256 2.51402592658997 1.44209480285645 -1.27386617660522 -2.19558954238892 -2.09433603286743 -1.84832990169525 -1.66148686408997 -1.40529203414917 -1.20054018497467 -1.09479761123657 -1.05785417556763 -0.971848368644714 -0.688769400119781 -0.200616732239723 0.532740712165833 1.17535030841827 1.4026894569397 1.73638081550598 2.35262656211853 3.46584868431091 5.10299968719482 5.74469614028931 2.05857968330383 1.49157667160034 1.64953899383545 1.79857921600342 2.25044870376587 2.69320726394653 3.7073802947998 6.72797822952271 2.73341512680054 3.83816051483154 6.45057725906372 9.14569473266602 3.17524218559265 -2.67435503005981 -2.41744637489319
6.34768724441528 7.24115037918091 8.56701564788818 10.6674127578735 14.0899124145508 18.1847496032715 16.465991973877 7.8079891204834 0.989623308181763 -1.13186097145081 -2.03331303596497 -2.49775433540344 -2.41821789741516 -2.24826979637146 -2.06512641906738 -1.87692880630493 -1.59124040603638 -1.37770402431488 -1.31020188331604 -1.16383731365204 -0.815658330917358 -0.473739832639694 0.120560854673386 0.58844393491745 0.7353236079216 0.901278376579285 1.31759810447693 2.04187178611755 3.34628868103027 4.34336566925049 0.931255280971527 0.794347286224365 0.926426231861115 1.11085629463196 1.30376732349396 1.51105725765228 1.70638692378998 2.13498902320862 2.9533417224884 5.17026615142822 8.43185615539551 2.02594566345215 -0.40532398223877 -2.19997692108154 -1.97175168991089
6.29113674163818 7.18166542053223 8.53512096405029 10.6262464523315 12.9948291778564 15.0197105407715 15.4160251617432 7.5097131729126 1.21485388278961 -2.74718070030212 -2.72578430175781 -2.66373205184937 -2.59267330169678 -2.46902203559875 -2.28686046600342 -2.15551996231079 -1.8849048614502 -1.54530251026154 -1.29488241672516 -1.08327555656433 -0.817485868930817 -0.583591520786285 0.40225738286972 2.0377242565155 3.00784468650818 3.34808564186096 -0.332450598478317 -0.268054723739624 0.374689728021622 1.1658753156662 1.26835012435913 0.113939821720123 0.125861063599586 0.133616477251053 0.187938809394836 0.304522097110748 0.657423317432404 1.41783535480499 2.93375897407532 5.48081302642822 6.57657718658447 0.515993177890778 -2.05143642425537 -1.91636836528778 -1.7614438533783
6.70866918563843 7.81521129608154 9.32028961181641 10.9236507415771 12.4840641021729 15.365460395813 10.0243625640869 4.73942089080811 -1.44138491153717 -3.04265522956848 -2.98478937149048 -2.81334972381592 -2.70085024833679 -2.59677767753601 -2.46414852142334 -2.31076431274414 -1.69000065326691 -0.591558337211609 0.512851536273956 1.20945596694946 2.56213617324829 4.42744255065918 7.00033521652222 10.1548671722412 13.5707416534424 0.237634584307671 -2.13359761238098 -1.88375198841095 -0.880182087421417 -0.0793667510151863 0.427816897630692 0.774783074855804 0.892114520072937 0.170590296387672 0.535853683948517 -1.51570630073547 -0.954093754291534 0.276871860027313 1.52457547187805 3.13809871673584 4.42263555526733 6.61928176879883 -1.98279356956482 -1.82162523269653 -1.7044073343277
7.21931409835815 8.59135627746582 10.0079364776611 8.66704559326172 9.42430973052979 12.1297626495361 5.56207084655762 1.43311190605164 -2.10466361045837 -3.14181399345398 -3.04218053817749 -2.66817164421082 -2.43172550201416 -2.3616681098938 -2.10843873023987 -1.21450161933899 0.274811327457428 1.69722211360931 3.01667213439941 4.03769016265869 4.81702661514282 6.04327774047852 9.26055526733398 13.615421295166 7.00969219207764 -2.65040159225464 -2.62346816062927 -1.99789106845856 -0.551280736923218 0.307401090860367 0.826745212078094 1.44872951507568 1.79596984386444 1.16934359073639 1.24871599674225 -2.60946345329285 -2.47978687286377 -2.17437672615051 -0.759393990039825 0.573439002037048 1.80911862850189 2.56545186042786 -1.88692831993103 -1.74255466461182 -1.62590932846069
7.37173843383789 9.61381912231445 9.64762496948242 7.00875043869019 8.07997035980225 6.63521337509155 3.36561989784241 2.48670268058777 -2.54876470565796 -2.95239281654358 -2.72929453849792 -2.27887868881226 -2.03867983818054 -2.01617693901062 -1.58353495597839 -0.486062854528427 1.35001170635223 2.93515253067017 4.04688739776611 5.21798086166382 6.25945568084717 6.69817447662354 6.94211530685425 8.09689521789551 1.87653791904449 -2.57821202278137 -2.48771500587463 -1.53839373588562 0.148269414901733 1.18428170681 1.68272054195404 2.47756743431091 1.58553779125214 0.526784002780914 -2.77703022956848 -2.69322681427002 -2.43459939956665 -2.17156457901001 -1.90024518966675 -1.76721906661987 -1.69546675682068 -1.63217175006866 -1.55042374134064 -1.49001884460449 -1.44023525714874
8.03019237518311 9.73111438751221 6.94533252716064 5.94270515441895 6.19585227966309 3.23099327087402 2.14256000518799 2.17737174034119 -2.73324203491211 -2.66254210472107 -2.40393328666687 -1.89283275604248 -1.81663954257965 -1.24064648151398 -0.371984273195267 0.649829745292664 2.40867376327515 4.21574926376343 6.1502046585083 9.06220245361328 11.0222949981689 4.31514120101929 3.16747975349426 3.95997333526611 -0.238071709871292 -2.87157297134399 -2.61549305915833 -1.50232458114624 0.830281138420105 2.59539818763733 4.16909599304199 2.88042974472046 -0.91522216796875 -2.38369846343994 -2.76459002494812 -2.63782167434692 -2.40981388092041 -2.2243218421936 -1.91022193431854 -1.71488738059998 -1.57315313816071 -0.721471190452576 0.181443363428116 0.649017810821533 -1.41130793094635
12.2191743850708 6.00503826141357 3.7954797744751 4.88265943527222 3.52383470535278 0.711887657642365 0.189659997820854 -1.32946252822876 -2.05462002754211 -1.87262666225433 -1.64289498329163 -1.38456881046295 -1.12684643268585 -0.470022588968277 0.489019423723221 1.96925759315491 4.08342123031616 6.23758125305176 8.54416561126709 12.0562038421631 9.92705154418945 3.09652161598206 0.451998889446259 1.79354071617126 0.0669631436467171 -3.32759189605713 -3.23695969581604 -2.56529259681702 -0.00244520767591894 1.75247597694397 2.93566656112671 1.21755743026733 -2.41653490066528 -2.71899724006653 -2.5956449508667 -2.49138975143433 -2.33676958084106 -2.1425085067749 -1.88063716888428 -1.63900077342987 -1.44710922241211 -1.07032322883606 -0.883824646472931 -1.28775191307068 -1.28401660919189
9.25599098205566 6.77224636077881 3.04639577865601 3.87562012672424 1.77790117263794 0.313721120357513 -1.01485991477966 -1.6326562166214 -1.77459371089935 -1.64161694049835 -1.38347816467285 -1.14315557479858 -0.816158711910248 -0.0815797224640846 1.6435170173645 3.66972923278809 5.41058683395386 7.35814094543457 10.4358644485474 12.7458925247192 6.55115032196045 0.5616694688797 -0.322094678878784 0.39354932308197 -0.770781338214874 -3.28687167167664 -3.18364882469177 -3.0162341594696 -2.46700716018677 -1.08048975467682 -0.578005611896515 -1.98880767822266 -2.58569884300232 -2.4604594707489 -2.36045479774475 -2.20436072349548 -2.06092977523804 -1.8804919719696 -1.64267063140869 -1.46747648715973 -1.32450795173645 -0.804884850978851 -1.20163655281067 -1.22719609737396 -1.16811203956604
5.17109298706055 5.90309286117554 3.49661636352539 2.66713213920593 2.78591299057007 1.8504923582077 2.38570308685303 3.1021876335144 -2.01918196678162 -1.80612134933472 -1.25871253013611 -0.844730198383331 -0.347142398357391 0.753667891025543 2.65850377082825 4.33635759353638 5.80028581619263 7.62508344650269 9.45978832244873 10.1302728652954 4.28751230239868 0.0622457675635815 0.171054750680923 0.268479108810425 -2.54350233078003 -3.26356172561646 -3.07253527641296 -2.93044185638428 -2.83387184143066 -2.69646668434143 -2.56234622001648 -2.39643311500549 -2.28818321228027 -2.16168737411499 -2.06454205513 -1.91808819770813 -1.75659584999084 -1.59378516674042 -1.42850828170776 -1.27670967578888 -1.13613498210907 -1.18213796615601 -1.15511012077332 -1.12936437129974 -1.10107839107513
3.54794883728027 3.92557597160339 3.48161840438843 3.51083540916443 3.81834149360657 4.33987522125244 5.02065896987915 4.12830209732056 -2.52438306808472 -2.37234592437744 -1.81512808799744 -1.12422907352448 -0.204743921756744 1.18142795562744 4.00826072692871 7.18231582641602 9.92522239685059 12.0936937332153 1.76677405834198 3.21380829811096 2.88522601127625 -0.993965983390808 -1.77615427970886 -1.23713743686676 -2.27274107933044 -3.17813205718994 -3.03962159156799 -2.5896635055542 -2.76836538314819 -2.61089587211609 -2.51153445243835 -2.19703912734985 -2.04778838157654 -1.9651290178299 -1.81757187843323 -1.64385843276978 -1.49188089370728 -1.3624312877655 -1.27362632751465 -1.18363535404205 -1.05140328407288 -1.12866687774658 -1.10139620304108 -1.07027947902679 -1.03905928134918
4.24215698242188 5.20068311691284 5.19201231002808 1.87031543254852 3.09200859069824 4.53409004211426 5.29008817672729 1.63527679443359 -2.60400867462158 -2.53763556480408 -2.08654451370239 -0.863094985485077 1.08590650558472 3.71302270889282 7.12993240356445 10.4789428710938 14.8034362792969 9.18366622924805 -1.78261399269104 -0.536304473876953 0.446248203516006 -1.84965538978577 -3.18013191223145 -2.88830542564392 -3.14406776428223 -3.07630944252014 -2.96335554122925 -2.70939898490906 -2.57622528076172 -2.39766621589661 -2.26375341415405 -2.03474950790405 -1.849001288414 -1.7085165977478 -1.56184494495392 -1.38081228733063 -1.31012690067291 -0.968278348445892 -1.22719669342041 -1.15610921382904 -1.13171100616455 -1.10050570964813 -1.07019579410553 -1.03327989578247 -0.989086091518402
-0.221688613295555 0.545551717281342 0.974246263504028 -0.639470398426056 -0.245238721370697 1.33900606632233 1.8412766456604 -1.80202913284302 -1.17850589752197 -1.82068109512329 -1.26111590862274 -0.419852405786514 1.3643091917038 4.1210560798645 6.77849626541138 10.0682821273804 13.8893766403198 6.62065649032593 0.66696971654892 0.742359042167664 2.75047874450684 -0.527275741100311 -3.31847643852234 -3.20739531517029 -3.11191320419312 -3.0222282409668 -2.89819431304932 -2.61504793167114 -2.35072183609009 -2.10290145874023 -1.91999554634094 -1.76851034164429 -1.60085427761078 -1.45271027088165 -1.03760540485382 -0.274243652820587 0.234342485666275 -0.0191928315907717 -0.994662463665009 -1.1547315120697 -1.13064479827881 -1.09452879428864 -1.05532360076904 -1.00293934345245 -0.970924258232117
1.93668627738953 -2.55747437477112 -2.46615076065063 -2.13037896156311 -1.89412403106689 -1.63738524913788 -1.52250051498413 -1.45336377620697 -1.20568037033081 -0.87773585319519 -0.236430004239082 0.737127959728241 2.11141777038574 3.4405689239502 5.3262152671814 7.51192426681519 10.70458984375 7.92029333114624 3.50829315185547 3.32505059242249 3.42257452011108 -1.2673944234848 -3.42814779281616 -3.25617504119873 -3.05858302116394 -2.87707805633545 -2.63738703727722 -2.27030968666077 -2.10979557037354 -1.85241103172302 -1.65791463851929 -1.50201284885406 -0.946384966373444 -0.29914590716362 0.341382473707199 0.669526159763336 1.04972362518311 0.329949140548706 -0.813297986984253 -1.17023468017578 -1.13899528980255 -1.09536027908325 -1.04037249088287 -0.991911172866821 -0.939418792724609
2.57946634292603 -3.13123059272766 -3.02078747749329 -2.85244297981262 -2.68268322944641 -2.35372257232666 -1.86774659156799 -1.54895532131195 -1.32054913043976 -0.982450604438782 -0.453214585781097 0.753584742546082 1.89541435241699 3.00560140609741 4.36592769622803 6.09202527999878 8.09946632385254 7.59544134140015 4.44576025009155 2.79452586174011 3.20797991752625 0.935789287090302 -3.38467597961426 -3.25643754005432 -3.01085519790649 -2.62517952919006 -2.33150124549866 -2.04562711715698 -1.90474092960358 -1.64635705947876 -1.31009697914124 -0.831772744655609 -0.430598884820938 0.0906331166625023 0.492230504751205 0.814315438270569 1.14218413829803 -0.116700448095798 -1.15100526809692 -1.09686267375946 -1.12467467784882 -1.08217406272888 -1.03813993930817 -0.986810684204102 -0.938401222229004
4.76761198043823 -3.43917798995972 -3.3507878780365 -3.27360248565674 -3.23285412788391 -3.01496052742004 -2.48908352851868 -2.10226249694824 -1.79336714744568 -1.58980286121368 -0.988000512123108 0.370986104011536 1.7653261423111 3.36109113693237 5.6421422958374 7.14578247070312 2.8173930644989 3.51433563232422 2.00373387336731 1.71719622612 1.48190248012543 0.262113511562347 -3.22838282585144 -3.15699768066406 -2.85568428039551 -2.40086483955383 -2.11236143112183 -1.87759613990784 -1.71847689151764 -1.42055320739746 -0.942060232162476 -0.621062338352203 -0.419997215270996 -0.161212533712387 0.180015876889229 0.764034330844879 0.338186055421829 -0.455673307180405 -0.816220700740814 -0.782199323177338 -0.669792473316193 -1.08083200454712 -1.04311442375183 -1.00839686393738 -0.940576434135437
