slauniainen/Data/DEM/Vihti_dem1500b_cl_horizonAngle_204.asc
NCOLS 196 
NROWS 178 
XLLCORNER 353680 
YLLCORNER 6699024 
CELLSIZE 16 
NODATA_value -3.4e+38 
[rows 0 to 19 of 178, columns 90 to 134 of 196]
3.56304502487183 -1.59709930419922 -2.53137922286987 -2.2859160900116 -1.22640538215637 0.217605337500572 0.161817595362663 10.2226190567017 5.56880378723145 5.28719997406006 5.42709636688232 3.60773491859436 1.08335149288177 1.17774403095245 1.25952482223511 1.39056622982025 1.45557832717896 1.38146495819092 1.23425817489624 1.16042304039001 1.17166185379028 1.2009984254837 1.24758636951447 1.29622066020966 1.24161767959595 1.2369636297226 1.23145270347595 1.21531248092651 1.19289684295654 1.17251229286194 1.15409564971924 1.13752925395966 1.12318277359009 1.10753345489502 1.09527170658112 1.11190497875214 1.0483056306839 1.04219329357147 1.06134212017059 1.06947302818298 1.08149147033691 1.08377957344055 1.0872894525528 1.08820068836212 1.0861713886261
3.30057692527771 -2.2636411190033 -2.46195816993713 -2.53182315826416 -2.47496390342712 -2.26733565330505 -1.3748471736908 1.16401565074921 2.57279968261719 5.41442394256592 6.22303247451782 2.77189540863037 1.17600858211517 1.37944447994232 1.41847550868988 1.43225002288818 1.50910270214081 1.47924053668976 1.34932351112366 1.20950162410736 1.25915503501892 1.24798941612244 1.33869564533234 1.36987376213074 1.32918214797974 1.30360102653503 1.28324639797211 1.26745975017548 1.24704551696777 1.22064924240112 1.19930624961853 1.17496848106384 1.17255961894989 1.15854847431183 1.1497266292572 1.30081820487976 1.08284974098206 1.08315742015839 1.10528171062469 1.12540316581726 1.14331591129303 1.14242041110992 1.14265286922455 1.12949728965759 1.12431216239929
2.41570901870728 -2.10961556434631 -2.37800979614258 -2.42672181129456 -2.33829140663147 -2.17993378639221 -1.9584401845932 -1.27130365371704 -0.751248180866241 -0.172038286924362 0.26774188876152 1.13953411579132 1.31467223167419 1.50778806209564 1.5656099319458 1.64402747154236 1.58355224132538 1.49827396869659 1.40676295757294 1.26685500144958 1.30533373355865 1.35252964496613 1.38876724243164 1.40385031700134 1.3809210062027 1.36704766750336 1.33837521076202 1.32404601573944 1.31243646144867 1.28189265727997 1.25192141532898 1.2266298532486 1.22020304203033 1.215163230896 1.56812036037445 1.15318644046783 1.14770579338074 1.13987362384796 1.15701568126678 1.17937028408051 1.19715082645416 1.19693768024445 1.18884909152985 1.18079209327698 1.18772912025452
-0.615212321281433 -1.87560331821442 -2.08543562889099 -2.14390754699707 -2.10437297821045 -2.00401878356934 -1.54610466957092 -1.00434756278992 -0.696572601795197 -0.276443749666214 0.469680339097977 1.20078754425049 1.55513834953308 1.65247094631195 1.68725490570068 1.70758938789368 1.68681287765503 1.55737173557281 1.3851432800293 1.35114300251007 1.34741115570068 1.42537152767181 1.44733250141144 1.40133249759674 1.45075488090515 1.46643376350403 1.40936422348022 1.38654780387878 1.37068140506744 1.3436975479126 1.31236124038696 1.28573369979858 1.27077770233154 1.26784479618073 1.22630393505096 1.2329934835434 1.22172820568085 1.22128593921661 1.22212612628937 1.23835694789886 1.23896884918213 1.24586629867554 1.26027226448059 1.2494797706604 2.57957530021667
-1.83933115005493 -1.64822244644165 -1.60354650020599 -1.69825518131256 -1.78071391582489 -1.40407657623291 -1.02504670619965 -0.498602479696274 0.120462723076344 0.230968445539474 0.986988961696625 1.40422260761261 1.77556800842285 1.86042439937592 1.91953992843628 1.84336233139038 1.67582416534424 1.57072424888611 1.44770574569702 1.38418531417847 1.43382751941681 1.46735060214996 1.47795033454895 1.45254445075989 1.48005211353302 1.49942910671234 1.47420513629913 1.44651770591736 1.41483104228973 1.39526236057281 1.36180627346039 1.34089291095734 1.32414889335632 1.31013894081116 1.26824390888214 1.2903550863266 1.29529130458832 1.30045914649963 1.28376424312592 1.28561663627625 1.29208338260651 1.31788635253906 1.31571424007416 1.95349645614624 12.0554065704346
-1.70030891895294 -1.45834696292877 -1.24046814441681 -1.18108892440796 -1.1541656255722 -0.92309582233429 -0.629041075706482 0.109040521085262 0.357923209667206 0.731231510639191 1.34944558143616 1.702676653862 1.96405291557312 1.98085761070251 1.98493206501007 1.94794964790344 1.79001784324646 1.60173952579498 1.42936933040619 1.42362451553345 1.500767827034 1.52427792549133 1.47563207149506 1.52371895313263 1.53957271575928 1.52914226055145 1.50385570526123 1.4750052690506 1.45676517486572 1.43077349662781 1.41068029403687 1.3952409029007 1.37328732013702 1.3648521900177 1.32327580451965 1.34639644622803 1.34906041622162 1.35546970367432 1.34991538524628 1.36175656318665 1.36686038970947 1.35390603542328 1.35308444499969 3.06951141357422 5.18766307830811
-1.47572708129883 -1.21828210353851 -0.964656412601471 -0.812746465206146 -0.678887844085693 -0.375980973243713 0.0173501316457987 0.520062208175659 1.02969980239868 1.43595016002655 1.62126982212067 1.94782042503357 2.06155228614807 2.1207013130188 2.08201885223389 1.92649102210999 1.80419015884399 1.6742867231369 1.5164942741394 1.51278126239777 1.54804039001465 1.55782282352448 1.52912640571594 1.55479753017426 1.57405912876129 1.5479120016098 1.518434882164 1.48490190505981 1.4856766462326 1.46422672271729 1.45191669464111 1.43909108638763 1.42848229408264 1.41935503482819 1.41342496871948 1.38636422157288 1.4055358171463 1.40237188339233 1.41722512245178 1.42438793182373 1.42308866977692 1.41681623458862 1.41156804561615 1.29529941082001 0.962637782096863
-1.22072911262512 -0.932883203029633 -0.394251108169556 -0.191221222281456 0.247063785791397 0.508271098136902 0.934839487075806 1.51621043682098 1.92459452152252 1.96279656887054 2.11671876907349 2.1469144821167 2.22795939445496 2.14873242378235 2.14809489250183 2.04541540145874 1.85705661773682 1.6904616355896 1.50219511985779 1.58385455608368 1.60847246646881 1.55696177482605 1.60309362411499 1.61993157863617 1.60685074329376 1.57992208003998 1.54981243610382 1.52896320819855 1.50128936767578 1.4927089214325 1.48704838752747 1.47454977035522 1.47313857078552 1.47944927215576 1.47675359249115 1.41862058639526 1.45497632026672 1.4559953212738 1.44932758808136 1.45715403556824 1.46544408798218 1.46631026268005 1.45921921730042 1.41033887863159 1.17156982421875
-0.981455862522125 1.40188241004944 0.37825819849968 0.929657280445099 1.48906803131104 1.64825260639191 2.02394390106201 2.36209917068481 2.23001480102539 2.30395555496216 2.48512959480286 2.6032190322876 2.5538215637207 2.45490908622742 2.19113111495972 2.06228399276733 1.9588189125061 1.79514098167419 1.55144417285919 1.62107515335083 1.64634585380554 1.61288404464722 1.63868749141693 1.6568146944046 1.6296284198761 1.5985232591629 1.56330370903015 1.56081676483154 1.53645527362823 1.52468752861023 1.52003407478333 1.51016676425934 1.50744688510895 1.51422548294067 1.51700353622437 1.51840770244598 1.49289548397064 1.48035049438477 1.49526035785675 1.49008059501648 1.49556446075439 1.49815404415131 1.49706768989563 1.4873309135437 1.43714368343353
0.113080464303493 2.11318325996399 1.42379462718964 1.62242603302002 2.08187627792358 2.25157332420349 2.6442563533783 2.60969233512878 2.7713611125946 2.87646698951721 2.94731426239014 2.91513228416443 2.9331738948822 2.81287407875061 2.50041747093201 2.19472098350525 2.05066394805908 1.75862562656403 1.64105761051178 1.67966043949127 1.68498492240906 1.6911838054657 1.70910286903381 1.69294774532318 1.66512477397919 1.6333749294281 1.60817444324493 1.58099067211151 1.56922566890717 1.56189692020416 1.5501446723938 1.546262383461 1.55273413658142 1.55258929729462 1.54931116104126 1.57417976856232 1.56934010982513 1.54957985877991 1.5266078710556 1.52917110919952 1.52388453483582 1.52934384346008 1.52878415584564 1.524289727211 1.50116884708405
-0.803349494934082 -0.189002871513367 1.55737745761871 2.42181324958801 2.65866732597351 2.90401911735535 3.25363254547119 3.43743515014648 3.41354870796204 3.28548169136047 3.38178944587708 3.42967009544373 3.25954031944275 2.95893335342407 2.74305558204651 2.45746541023254 2.22418689727783 1.93211233615875 1.71380150318146 1.7411162853241 1.68836784362793 1.73043322563171 1.74890494346619 1.71853303909302 1.68505191802979 1.64685940742493 1.64600205421448 1.61996340751648 1.60639309883118 1.59651470184326 1.5832040309906 1.58162438869476 1.58648288249969 1.59323811531067 1.599769115448 1.61982643604279 1.61696910858154 1.61268591880798 1.56741189956665 1.55783724784851 1.55342125892639 1.57386815547943 1.58403956890106 1.57643795013428 1.55414724349976
-0.717268645763397 0.0307440776377916 1.40006291866302 2.15215420722961 2.77215123176575 3.80778026580811 4.62797355651855 4.15650749206543 4.05361032485962 4.01292133331299 3.78756880760193 3.65683746337891 3.61832857131958 3.29967975616455 2.82804012298584 2.53867053985596 2.33184671401978 1.99236905574799 1.75972080230713 1.77410280704498 1.74607157707214 1.76936674118042 2.87669634819031 1.74757361412048 1.72418773174286 1.7010086774826 1.67080569267273 1.65585422515869 1.64518225193024 1.63282191753387 1.62642848491669 1.63072109222412 1.63255369663239 1.62893223762512 1.65604436397552 1.65988004207611 1.65388262271881 1.64889705181122 1.66218483448029 1.60129368305206 1.6352870464325 1.657186627388 1.66875767707825 1.63374972343445 1.60144114494324
-0.220106884837151 0.224620014429092 0.926866173744202 1.55837261676788 3.04855155944824 4.0845251083374 4.75390148162842 5.3570442199707 5.0831561088562 4.38209962844849 4.43158292770386 4.22273826599121 3.71011114120483 3.44128227233887 3.16118764877319 2.83450603485107 2.39537310600281 2.00856804847717 1.81188404560089 1.76119577884674 2.36678862571716 2.13262915611267 1.74133801460266 1.75817394256592 1.83172285556793 1.73881649971008 1.70886790752411 1.69581890106201 1.68078088760376 1.66770970821381 1.66314053535461 1.66810476779938 1.68015706539154 1.68670880794525 1.69824659824371 1.6944785118103 1.69924294948578 1.69749224185944 1.73226499557495 1.71359932422638 1.68195939064026 1.71105754375458 1.75528407096863 1.70942425727844 1.6466748714447
0.0892600864171982 0.362800568342209 0.666757524013519 1.76633441448212 2.12062001228333 2.76713538169861 3.70910429954529 4.70093727111816 5.36025381088257 5.26506614685059 4.83556175231934 4.42981576919556 4.05667114257812 3.52887654304504 3.15071105957031 2.86438918113708 2.45699906349182 2.01722192764282 1.86419558525085 1.81781566143036 1.79229712486267 1.79711830615997 1.76500427722931 1.757408618927 2.10031056404114 2.27430653572083 1.75001525878906 1.73792695999146 1.72602152824402 1.71605670452118 1.7214298248291 1.72300517559052 1.72020268440247 1.74748313426971 1.74782371520996 1.73461854457855 1.73495209217072 1.76967918872833 1.77423405647278 1.77075159549713 1.75606763362885 1.77017939090729 1.82346153259277 1.75192177295685 1.68312239646912
0.28449672460556 0.586103558540344 0.810239613056183 0.852206408977509 0.910131514072418 1.60112822055817 2.38888216018677 3.38725090026855 4.49580144882202 5.16165685653687 5.08460474014282 4.62847089767456 3.90976905822754 3.68938398361206 3.50363755226135 3.09788107872009 2.57633590698242 2.01505494117737 1.85452389717102 1.85807776451111 1.86107897758484 1.8410712480545 1.80944442749023 1.76441133022308 4.18836355209351 2.82781267166138 2.12558007240295 1.8564612865448 1.91369652748108 1.84496629238129 1.77559411525726 1.7632372379303 1.77426302433014 1.79672837257385 1.78803300857544 1.77907657623291 1.79205727577209 1.82899439334869 1.82301342487335 1.81472742557526 1.82726955413818 1.83782160282135 1.85963428020477 1.79418194293976 1.74245822429657
0.518013715744019 0.715247631072998 0.780229330062866 0.56878399848938 0.51972109079361 0.780695557594299 1.32844984531403 2.30690574645996 3.31614661216736 4.03186082839966 4.58192825317383 4.56733560562134 4.18649673461914 3.81559586524963 3.48064589500427 3.10329008102417 2.63353323936462 2.09702515602112 1.88679957389832 1.88972854614258 1.90527880191803 1.8776832818985 1.84039568901062 1.77019727230072 1.74952435493469 3.0173397064209 1.87589013576508 2.12196922302246 2.22299647331238 2.1552996635437 1.93846154212952 1.82213819026947 1.83229506015778 1.83881509304047 1.84419977664948 1.84703946113586 1.86055672168732 1.86017787456512 1.87260043621063 1.87119615077972 1.88948154449463 1.90844631195068 1.91814768314362 1.87368035316467 1.80463516712189
1.02413761615753 0.791265368461609 0.733356177806854 0.65665340423584 0.437821000814438 0.376138418912888 0.731873989105225 1.04159188270569 1.69710600376129 2.49480152130127 3.3504421710968 3.9679057598114 4.04838275909424 4.01750230789185 3.76936984062195 3.40774130821228 2.98580813407898 2.18383169174194 1.96103250980377 1.98128962516785 1.96288764476776 1.92827606201172 1.88951396942139 1.83721268177032 1.7443208694458 1.76944196224213 2.07372379302979 2.3633246421814 2.49216771125793 2.38546657562256 2.204181432724 1.95970714092255 1.89566218852997 1.89836990833282 1.89001619815826 1.89581549167633 1.92134511470795 1.91109585762024 1.91843831539154 1.92748916149139 1.97616028785706 1.96114957332611 2.00993609428406 2.03242230415344 1.98347628116608
0.967251598834991 1.01502275466919 0.731253981590271 0.609751403331757 0.421606302261353 0.286447525024414 0.349263459444046 0.480376869440079 0.631943166255951 1.10218513011932 1.82590079307556 2.63895273208618 2.98588132858276 3.20813941955566 3.0901997089386 2.92142462730408 2.5213041305542 2.65892338752747 2.00479960441589 2.04959201812744 2.0059540271759 1.96388900279999 1.91980445384979 1.90115654468536 1.86473321914673 1.88284456729889 2.16991448402405 2.45952820777893 2.65112161636353 2.55976438522339 2.43810319900513 2.18094086647034 1.9668505191803 1.9655624628067 1.96768951416016 1.9626088142395 1.96709740161896 1.97013485431671 1.98015189170837 1.9995881319046 2.03559541702271 2.08722519874573 2.17102026939392 2.21812176704407 2.23322868347168
1.51982140541077 1.06239545345306 0.890953660011292 0.532646834850311 0.403638303279877 0.299595504999161 0.377530157566071 0.496017962694168 0.669933319091797 0.79235577583313 1.04562246799469 1.39167404174805 1.35622203350067 1.52529394626617 1.70384645462036 1.85946393013 2.16199851036072 2.27330017089844 2.23376226425171 2.06817483901978 2.05409789085388 2.02210068702698 1.97878873348236 1.95129525661469 1.93510890007019 2.13678646087646 2.42407321929932 2.57468819618225 2.6887059211731 2.63729858398438 2.56900095939636 2.340252161026 2.09878468513489 2.01347422599792 2.02032685279846 2.03302717208862 2.02627897262573 2.02005195617676 2.03797698020935 2.09366369247437 2.08220458030701 2.20934176445007 2.3295361995697 2.40892601013184 2.5137095451355
1.8837788105011 1.50837481021881 0.882586181163788 0.582489371299744 0.347726106643677 0.363379061222076 0.483807951211929 0.592745244503021 0.708267450332642 0.883711218833923 1.04107427597046 1.24247670173645 1.43738746643066 1.54351365566254 1.76137065887451 1.9089435338974 1.89478504657745 2.01400208473206 2.1062638759613 2.0874228477478 2.05717086791992 2.01621246337891 2.02790975570679 2.02604365348816 2.01344680786133 2.25673961639404 2.52494597434998 2.73304343223572 2.65173697471619 2.68090581893921 2.61233639717102 2.45481204986572 2.22772765159607 2.08742785453796 2.08147978782654 2.07929730415344 2.08379650115967 2.07902455329895 2.11031675338745 2.1414577960968 2.19925332069397 2.34860372543335 2.49024415016174 2.71535778045654 2.86218166351318
