slauniainen/Data/DEM/Vihti_dsm1500b_cl_horizonAngle_36.asc
NCOLS 196 
NROWS 178 
XLLCORNER 353680 
YLLCORNER 6699024 
CELLSIZE 16 
NODATA_value -3.4e+38 
[rows 20 to 39 of 178, columns 0 to 45 of 196]
7.95228576660156 6.18596458435059 6.79553604125977 9.35037803649902 9.811203956604 14.0197010040283 14.0263118743896 11.7249393463135 16.6964321136475 24.9410991668701 11.0566387176514 17.9282360076904 31.3441715240479 39.0296058654785 27.8730945587158 7.66493701934814 14.5398874282837 4.80569553375244 8.51346778869629 12.0518207550049 12.0528554916382 12.5845899581909 3.07743287086487 4.0865650177002 7.42236852645874 8.35127639770508 8.37759876251221 14.78014087677 7.68362474441528 9.31304550170898 -0.216484189033508 1.7058037519455 8.13784217834473 6.33234882354736 2.33919215202332 1.30027627944946 1.53503692150116 2.96226382255554 -1.71169972419739 7.42678070068359 0.190478831529617 13.2093019485474 4.85337257385254 0.190012082457542 8.79764366149902 10.2791061401367
8.14459705352783 5.93719053268433 7.03656101226807 8.15250301361084 10.4181394577026 10.2341203689575 9.81896114349365 13.3914842605591 14.8903293609619 39.9710884094238 14.3396606445312 21.1419639587402 26.2733001708984 44.4469032287598 41.8035011291504 18.0866107940674 18.820779800415 5.94546508789062 5.18344831466675 8.04683971405029 7.69200038909912 7.71778535842896 0.693572878837585 2.20028924942017 2.15417861938477 4.73917818069458 8.1491584777832 24.8086566925049 25.7773971557617 25.5543632507324 16.2209739685059 3.40315699577332 3.25862407684326 2.29882740974426 15.2733640670776 7.5755934715271 15.2212362289429 20.1116886138916 0.517285585403442 7.91922855377197 1.23572218418121 3.1389217376709 9.90127086639404 0.914699912071228 6.82638311386108 9.18675422668457
9.49829578399658 5.36690235137939 7.72421646118164 8.32153606414795 8.57336711883545 9.29060840606689 10.282377243042 12.0665273666382 13.415210723877 37.343807220459 13.1143684387207 15.5083417892456 28.1092853546143 32.0807342529297 31.1441764831543 9.13471603393555 21.0533504486084 12.9426765441895 7.17584133148193 1.75359344482422 5.48995161056519 5.7751202583313 1.35413157939911 10.4686870574951 2.94289064407349 4.08434629440308 8.62300300598145 20.3831386566162 11.6059827804565 18.9540958404541 22.5340919494629 2.51071882247925 0.972778975963593 6.85964822769165 8.2503604888916 8.3935604095459 4.17002391815186 10.5293655395508 2.99959182739258 6.86458873748779 4.36571598052979 3.5877685546875 9.05644130706787 5.34879875183105 7.66814041137695 18.9122714996338
4.22165107727051 5.45293092727661 7.57844877243042 8.03092956542969 8.6572265625 9.65393733978271 10.3673944473267 11.4520044326782 18.8230171203613 40.622673034668 15.3052377700806 20.7778072357178 20.3938083648682 25.667459487915 49.7217788696289 37.0443344116211 21.1250495910645 15.8457775115967 21.1246871948242 18.1254081726074 2.94058728218079 2.70240068435669 2.03038740158081 4.92385959625244 3.00081205368042 2.85686302185059 9.89817714691162 9.4177827835083 22.0113430023193 16.6476650238037 27.4383010864258 25.8212108612061 8.4439058303833 5.66337156295776 9.96522521972656 25.2815742492676 31.5014019012451 9.34930515289307 2.6741931438446 12.798321723938 10.7733087539673 5.37048435211182 7.52707529067993 12.0646133422852 14.4114198684692 16.6715793609619
5.34295272827148 5.76763677597046 7.61859798431396 7.94924116134644 8.74345207214355 9.57297611236572 10.0466108322144 14.073694229126 17.2875270843506 35.1178169250488 15.30104637146 18.2598571777344 15.5313310623169 19.2390727996826 37.8784065246582 19.77587890625 19.3896636962891 19.5420722961426 18.460994720459 12.7339744567871 20.6914196014404 7.82560634613037 5.90024900436401 1.45226466655731 3.30574464797974 4.56559991836548 13.4411182403564 14.2499074935913 19.1626968383789 10.431755065918 18.7406787872314 16.3331661224365 5.66473817825317 15.0552654266357 11.0205354690552 28.5849494934082 19.2502059936523 25.7174224853516 3.22335696220398 7.3320779800415 3.33531451225281 4.59949016571045 7.65422534942627 6.24443292617798 10.6528434753418 10.2697591781616
5.65063619613647 6.99408102035522 7.56604623794556 8.22565746307373 8.79065704345703 9.42939758300781 11.323091506958 13.7258310317993 19.2701644897461 39.9232749938965 18.7427959442139 35.4984893798828 17.2728099822998 22.6991767883301 22.2424449920654 36.3792037963867 42.9583473205566 30.6912364959717 23.3818435668945 19.906343460083 12.3025121688843 14.0118770599365 20.000581741333 1.23006498813629 2.7804388999939 8.05043601989746 11.5649328231812 15.9785013198853 15.2572145462036 16.2567367553711 15.8844060897827 18.807445526123 17.6590785980225 21.1700210571289 22.7528953552246 28.0702114105225 31.5405387878418 37.207088470459 23.4871253967285 8.51325607299805 3.58783507347107 4.97461128234863 5.84381198883057 3.43908023834229 6.72107887268066 10.0567102432251
7.56578636169434 7.04417657852173 7.59761333465576 8.2378396987915 8.97448062896729 9.36731815338135 11.3333110809326 14.3889808654785 16.1778774261475 28.3843231201172 28.908145904541 26.0093269348145 21.7463722229004 18.1916275024414 17.0388565063477 27.9659461975098 20.1765232086182 17.0392227172852 24.1205348968506 19.6001434326172 15.4561214447021 13.0097618103027 10.0746717453003 8.10313129425049 6.83894634246826 6.70578670501709 13.5007467269897 20.5295639038086 11.6784038543701 13.9434337615967 12.3215236663818 22.6817054748535 12.7360754013062 24.7503986358643 19.5795249938965 18.5874710083008 23.7809371948242 24.8325233459473 24.1418342590332 16.6601867675781 17.1699237823486 5.45990896224976 16.0066146850586 5.20094060897827 17.6953239440918 9.82618522644043
6.15092086791992 6.96033668518066 7.73715591430664 8.38752555847168 8.92245101928711 9.82909202575684 12.4547090530396 14.1024112701416 18.8411731719971 19.2749691009521 29.2747402191162 20.0312175750732 13.9490242004395 16.8012542724609 19.5553760528564 18.5830154418945 29.6820831298828 23.0508480072021 30.841890335083 18.2340030670166 7.63857507705688 17.0710487365723 15.1740589141846 12.409008026123 5.24135494232178 11.1190147399902 11.0057420730591 20.014554977417 8.25495529174805 10.3132753372192 16.4235706329346 10.6122932434082 19.3372936248779 15.0904836654663 16.5163269042969 20.1593208312988 19.8195018768311 13.7855014801025 16.5077266693115 18.0923118591309 5.29354000091553 6.75650119781494 14.2892227172852 9.52117443084717 7.36838865280151 7.85951852798462
6.50566864013672 7.20920515060425 7.50282573699951 8.31494522094727 8.67906475067139 10.8717174530029 12.9783382415771 14.7311697006226 16.5628795623779 20.5219554901123 33.9535636901855 35.718921661377 15.1477613449097 15.8999557495117 16.4021129608154 16.2764492034912 22.2587509155273 19.6249713897705 21.544527053833 23.8265113830566 10.5025510787964 20.1622505187988 26.9866008758545 10.6389722824097 7.28812551498413 10.0951833724976 11.6871566772461 30.7673530578613 11.7264642715454 7.68435955047607 13.78564453125 9.62401008605957 14.4869012832642 16.2415618896484 16.1718044281006 19.2210006713867 21.8936653137207 5.81190729141235 14.7702884674072 30.5600872039795 11.6970548629761 13.8941135406494 9.49535083770752 6.03474807739258 6.24332189559937 8.4630012512207
6.79151391983032 7.09586334228516 7.87991714477539 8.2296895980835 9.27584457397461 11.1193370819092 12.4485025405884 13.938946723938 16.4480438232422 17.253059387207 28.154541015625 36.0682563781738 21.8557300567627 24.7849254608154 14.8734073638916 13.3579540252686 13.6237316131592 13.0406980514526 19.876522064209 36.1791038513184 12.8631296157837 6.38387012481689 11.4949359893799 18.3678798675537 8.77051067352295 9.96461296081543 10.8679094314575 15.7618045806885 12.4775772094727 8.19053649902344 15.0053625106812 11.680046081543 13.3162298202515 17.5151081085205 16.6341953277588 14.5776033401489 36.2206954956055 16.818826675415 13.7825450897217 21.4312000274658 21.544994354248 13.6440086364746 6.55426979064941 5.63706493377686 6.68423223495483 7.01852750778198
6.71586561203003 7.49136066436768 7.81511640548706 8.55800247192383 10.1625919342041 11.530345916748 12.7138566970825 14.2165699005127 15.2476015090942 18.5685329437256 26.5113792419434 38.824520111084 33.4379730224609 21.468240737915 27.5141048431396 17.8862972259521 24.3618335723877 10.5406103134155 23.783088684082 29.602933883667 19.3885383605957 4.51659965515137 4.53122043609619 6.81327104568481 8.55001544952393 8.29869174957275 19.4496898651123 7.29039621353149 12.3029165267944 6.92641448974609 10.4947528839111 11.650806427002 13.1658535003662 14.9352912902832 16.3264694213867 12.6113786697388 23.1217422485352 10.9823427200317 17.9473781585693 17.5068893432617 8.23544597625732 6.60168409347534 5.46266317367554 5.10820865631104 6.26528215408325 7.29363584518433
6.94511651992798 7.43922853469849 7.53149509429932 9.40881633758545 10.5608749389648 11.6317911148071 13.0234098434448 13.7818202972412 16.4969234466553 20.0284805297852 22.1181755065918 27.3870964050293 43.5223503112793 26.3970069885254 22.9542617797852 16.9540119171143 25.0694541931152 12.4254016876221 17.0711612701416 26.4633083343506 39.2146377563477 19.875581741333 16.3228797912598 7.06944179534912 8.03522872924805 14.3881273269653 7.40260410308838 15.0382862091064 14.8933115005493 7.35784339904785 9.85962390899658 10.6600904464722 12.3097076416016 13.3670740127563 14.3648853302002 22.6710796356201 20.2076435089111 22.1887035369873 11.8213062286377 19.5175895690918 6.3902440071106 8.29153537750244 15.6083040237427 6.59971952438354 6.90488433837891 7.27525424957275
6.9662652015686 7.28693151473999 7.98839664459229 9.80246639251709 10.2600412368774 11.2111597061157 12.5890579223633 13.5173273086548 16.0671939849854 16.6369609832764 19.3936939239502 22.0641441345215 36.7332611083984 38.3596076965332 21.9118061065674 16.7321224212646 35.0225105285645 13.893214225769 14.5591249465942 20.5500144958496 26.272439956665 21.1141738891602 12.4243535995483 7.25690031051636 16.4753112792969 19.8419170379639 8.55608749389648 6.51551628112793 11.0821685791016 9.55769443511963 10.0006847381592 11.5273561477661 12.050609588623 11.7101440429688 14.246789932251 14.8830146789551 13.5753049850464 21.0652046203613 13.1039266586304 26.9511184692383 24.89573097229 13.649022102356 15.9910411834717 8.75231552124023 11.6000528335571 13.8269023895264
6.89827299118042 7.45317697525024 8.4785737991333 9.51592063903809 10.4032106399536 11.5939674377441 12.1769504547119 14.1000146865845 14.5583515167236 15.6311655044556 17.8950691223145 24.6242542266846 26.4700736999512 39.5540962219238 26.6690998077393 18.5857677459717 30.1053161621094 22.2226409912109 21.982421875 23.7893581390381 19.5631790161133 20.232400894165 17.1644020080566 12.5345029830933 9.39481163024902 22.1526985168457 20.6313438415527 9.39228248596191 10.7374286651611 9.37227249145508 13.1450500488281 11.94753074646 9.76247119903564 25.4616050720215 11.782735824585 9.20675373077393 10.9710006713867 17.6481781005859 12.8325052261353 22.5162143707275 20.2522850036621 15.2111139297485 13.3257122039795 14.3005971908569 9.67930030822754 20.9459991455078
7.01317119598389 7.83028173446655 8.84762859344482 9.59482574462891 10.6878366470337 11.4733304977417 12.8906679153442 13.1565046310425 13.974967956543 15.0830812454224 19.3236827850342 21.5935897827148 23.5560188293457 35.9133453369141 39.4068603515625 23.0710220336914 33.2877998352051 23.0553245544434 20.9727191925049 17.8622779846191 12.3768911361694 15.1019344329834 11.3334522247314 8.43526363372803 9.63126564025879 13.3443126678467 26.5109920501709 26.2665519714355 9.21485900878906 9.96615123748779 14.4785032272339 11.8319854736328 10.6933393478394 18.0415458679199 24.3613090515137 12.0441226959229 11.4229555130005 9.49412822723389 13.4506645202637 16.8584175109863 16.6502208709717 15.1899156570435 14.5186519622803 9.73928165435791 7.40855693817139 12.9398946762085
7.39960813522339 8.25793743133545 8.74739074707031 9.97574234008789 10.3825378417969 11.4962434768677 12.3102836608887 12.7131805419922 13.6894330978394 14.924617767334 17.4471416473389 19.5264186859131 21.3971786499023 26.1065578460693 25.4642467498779 20.783447265625 27.0825328826904 19.5829772949219 17.3895111083984 24.7465648651123 13.9152450561523 10.531364440918 8.3881311416626 8.32508754730225 9.1764669418335 15.1200771331787 20.9001274108887 20.9788341522217 11.0256423950195 11.326509475708 13.7533349990845 20.5861167907715 18.2440299987793 34.5711669921875 39.9279670715332 11.7225656509399 9.80572319030762 10.9136896133423 12.1532506942749 19.7340660095215 11.8020248413086 11.7988300323486 6.8158802986145 10.5334548950195 11.7376317977905 13.1102199554443
7.90762138366699 8.28855514526367 8.92642974853516 9.70468330383301 10.5148057937622 11.5338954925537 11.8319892883301 12.4128093719482 13.3218183517456 14.8518056869507 16.682746887207 17.2467784881592 19.7833652496338 24.890079498291 35.2950668334961 23.3732070922852 18.4472274780273 19.3006362915039 22.163745880127 23.8138008117676 20.7696132659912 13.0820655822754 15.3651418685913 8.40058422088623 14.1497106552124 16.4660415649414 15.9131116867065 24.4319515228271 24.2772598266602 25.5586128234863 21.7184925079346 18.6975345611572 24.2041149139404 28.1826000213623 43.0961761474609 43.0303764343262 25.7842597961426 19.1454124450684 12.6015138626099 12.1695251464844 18.5804195404053 7.87037563323975 7.79037475585938 7.64702272415161 11.0354566574097 15.1896286010742
7.83330011367798 8.47420787811279 9.10876178741455 9.84451484680176 10.7575426101685 11.1052465438843 11.5941848754883 12.3922472000122 13.8190727233887 14.5223331451416 15.0381231307983 16.190746307373 18.7161083221436 20.4606857299805 24.5768966674805 27.7675495147705 23.785457611084 15.8789339065552 19.6197338104248 17.154935836792 24.6087512969971 16.9903430938721 23.1371784210205 17.3416118621826 18.1611061096191 10.6885757446289 16.900915145874 21.1930599212646 18.7598724365234 19.176830291748 18.4171981811523 17.3482074737549 21.5081748962402 25.4260215759277 34.3531761169434 36.2550621032715 25.8992519378662 22.110143661499 15.1340007781982 9.09176826477051 7.98564004898071 17.7924957275391 26.4452457427979 17.5305652618408 30.716329574585 23.6577339172363
7.86266851425171 8.59964370727539 9.31240558624268 9.97603034973145 10.5638961791992 10.7744178771973 11.5878715515137 12.9210271835327 12.8687047958374 13.4949493408203 14.353440284729 16.2953834533691 17.1917285919189 18.4592838287354 18.7093124389648 20.1045818328857 22.745943069458 19.6317462921143 24.4994373321533 21.5482444763184 24.9013710021973 20.4482975006104 26.8335113525391 22.3552646636963 11.9720506668091 14.2815675735474 15.2638711929321 12.8995714187622 13.132381439209 13.8950729370117 14.4347972869873 17.3077831268311 19.5050487518311 24.6011276245117 26.9052429199219 29.8017482757568 16.3544578552246 18.6748962402344 27.5145416259766 23.0474414825439 13.5232305526733 14.1731119155884 29.1216697692871 28.1217727661133 27.203556060791 26.1044826507568
8.15881633758545 8.34280014038086 9.31807613372803 9.93283843994141 10.2120866775513 10.5806818008423 11.4687309265137 12.4893550872803 12.5813999176025 12.8811321258545 14.4215936660767 14.9711389541626 15.6967420578003 15.9007234573364 17.0630187988281 16.8250885009766 24.1060237884521 19.5240173339844 24.6695365905762 23.0636177062988 15.3379497528076 21.8235740661621 21.6724491119385 25.289400100708 13.5636119842529 12.8618621826172 11.1169052124023 11.1377935409546 11.9307060241699 13.0307207107544 12.740252494812 15.8154535293579 18.3464412689209 20.3976554870605 21.3873424530029 27.0127925872803 13.2710046768188 24.2436676025391 30.7469215393066 31.934232711792 28.2850189208984 23.340217590332 20.4201984405518 18.920970916748 19.2315063476562 20.9615955352783
