slauniainen/Data/DEM/Vihti_dem1500b_cl_horizonAngle_294.asc
NCOLS 196 
NROWS 178 
XLLCORNER 353680 
YLLCORNER 6699024 
CELLSIZE 16 
NODATA_value -3.4e+38 
[rows 0 to 19 of 178, columns 0 to 44 of 196]
11.293555259704601 8.06866931915283 6.82573699951172 8.95067977905273 6.37421464920044 8.58298683166504 16.3210849761963 14.3505306243896 5.98734140396118 2.9875602722168 2.20473337173462 6.47536659240723 17.3362770080566 9.49579620361328 5.46691083908081 2.19643688201904 0.124033711850643 -0.851614415645599 -1.58556461334229 -1.97312700748444 -2.38316106796265 -2.40002727508545 -2.46853685379028 -2.59317064285278 -2.61582851409912 2.27459597587585 5.35428142547607 2.95119833946228 1.88115429878235 0.497852027416229 1.49790489673615 2.33834218978882 0.939850687980652 0.425809144973755 0.858534038066864 0.693814039230347 0.830096244812012 0.484917104244232 0.264402270317078 0.126041546463966 2.5216338634491 5.10577774047852 6.6642165184021 8.30399894714355 9.72032928466797
9.12052345275879 8.29726219177246 7.61777448654175 7.5061149597168 7.60808420181274 8.10672283172607 12.1159076690674 20.0905017852783 7.92126512527466 3.39735913276672 2.6178092956543 8.91200637817383 16.2818603515625 9.35050392150879 4.66679668426514 1.82325088977814 0.369840532541275 -0.704014301300049 -1.44167947769165 -1.88573205471039 -2.34294533729553 -2.5302951335907 -2.69512104988098 -2.6978497505188 -2.61163878440857 1.22875392436981 6.51504135131836 5.66170358657837 3.34438014030457 1.14704489707947 1.8497918844223 2.92525720596313 1.2501585483551 0.922890186309814 0.481479972600937 0.423638492822647 0.656962871551514 0.831672072410583 0.41993248462677 0.211683809757233 4.13406372070312 5.45679950714111 10.8765830993652 11.6011095046997 13.6431608200073
8.1004810333252 7.92381620407104 7.29896354675293 7.09637832641602 8.96595573425293 7.78670930862427 10.4457597732544 20.5126781463623 10.816554069519 4.6342921257019 3.35800004005432 10.4691028594971 13.4351425170898 7.26616525650024 4.67471313476562 1.78949451446533 0.794330239295959 -0.427713096141815 -1.22897112369537 -1.79507744312286 -2.26910591125488 -2.57933235168457 -2.72335052490234 -2.84467744827271 -2.87311434745789 3.29267430305481 8.47010803222656 8.08530044555664 3.88770079612732 1.87063550949097 1.55549359321594 3.47217297554016 1.58887827396393 0.446420252323151 0.285451769828796 0.184294834733009 0.246891915798187 0.770098447799683 0.623670399188995 0.656043589115143 4.52732944488525 8.859055519104 13.5001640319824 15.6961307525635 16.6921215057373
8.69815540313721 7.64118766784668 7.13671779632568 6.76164293289185 7.31278467178345 10.7454977035522 8.56716251373291 17.1536273956299 11.2483386993408 6.19098711013794 4.66836452484131 8.5800085067749 9.77784633636475 4.79721307754517 3.96394157409668 1.85382401943207 0.798191905021667 -0.339374899864197 -1.00842750072479 -1.59380400180817 -2.143803358078 -2.53004693984985 -2.65079188346863 -2.94985270500183 -3.12753319740295 8.49608612060547 11.4517621994019 9.90356254577637 5.65488624572754 2.86209630966187 2.541499376297 2.16484308242798 1.44069743156433 0.812861382961273 0.548793971538544 0.156418204307556 -0.106692373752594 0.865947425365448 3.23273611068726 4.35941934585571 7.18276453018188 11.0233678817749 14.5409145355225 17.1815128326416 14.1816272735596
8.84543514251709 7.66220855712891 6.57713222503662 6.31069374084473 10.6910314559937 10.1104021072388 9.01333808898926 13.610595703125 10.5198774337769 7.34907579421997 5.8305835723877 5.11110496520996 5.81676340103149 3.94519591331482 3.10797929763794 1.854163646698 0.65587317943573 -0.242149129509926 -0.91804176568985 -1.48131358623505 -2.03241109848022 -2.46680426597595 -2.56065320968628 -2.89394950866699 -3.04203867912292 6.54640436172485 12.2799663543701 10.4213695526123 7.65597438812256 4.8031325340271 3.91704702377319 2.56375813484192 2.09997534751892 1.36859893798828 1.01931869983673 0.642196714878082 0.458125710487366 3.26849293708801 8.33053684234619 9.33050060272217 11.0233907699585 13.6242589950562 14.9937057495117 14.5479211807251 12.0719528198242
9.43768978118896 7.85819578170776 6.33243703842163 8.28843307495117 11.3021593093872 12.0237836837769 9.95384407043457 8.79047584533691 10.8479661941528 8.25127792358398 6.40463829040527 6.20533180236816 5.57288122177124 4.42374849319458 3.80654287338257 2.38753509521484 0.755251467227936 -0.245315715670586 -0.85557609796524 -1.36693978309631 -2.0521605014801 -2.34322595596313 -2.60002970695496 -2.89947700500488 -2.94526529312134 5.92855596542358 11.2469129562378 11.0600624084473 9.02639293670654 6.81898546218872 5.59407424926758 3.6485424041748 3.24214124679565 2.15718698501587 1.8596705198288 1.39600503444672 3.06568384170532 7.45430612564087 10.2100992202759 11.6712255477905 12.2961978912354 13.0581674575806 12.4440145492554 11.1925621032715 9.6402473449707
9.77069568634033 9.4998254776001 7.87468099594116 7.17577648162842 7.11771011352539 14.2205514907837 9.61576843261719 9.28845119476318 9.20246028900146 7.8408260345459 6.86314582824707 6.33101367950439 5.51529026031494 4.80531072616577 4.31674146652222 3.03440833091736 1.37179970741272 0.142800584435463 -0.820304751396179 -1.3745858669281 -1.89263200759888 -2.46812152862549 -2.76799631118774 -2.98280739784241 1.29467415809631 8.97640514373779 11.4266176223755 9.61917877197266 9.12889385223389 7.27696990966797 6.63898324966431 5.47111845016479 4.44393110275269 3.26694560050964 3.24944925308228 4.42540073394775 6.72693586349487 8.70084571838379 9.28003787994385 8.40915203094482 9.81572437286377 11.2266845703125 9.92106437683105 8.627516746521 8.14821434020996
10.9377546310425 9.99120998382568 8.91404151916504 8.32654666900635 7.07239055633545 9.49173736572266 12.3087015151978 9.98426151275635 8.40152359008789 7.86292409896851 6.87535429000854 6.07078218460083 5.40484428405762 4.9686918258667 4.45326280593872 3.69814848899841 2.21435260772705 0.423374325037003 -0.42107030749321 -0.921887397766113 -1.93792343139648 -2.67630648612976 -2.9128692150116 -3.07113146781921 5.81836271286011 8.78102111816406 10.2532052993774 9.49976348876953 8.68095874786377 7.6937689781189 7.0117769241333 5.65671539306641 5.07077360153198 4.63186025619507 4.48858499526978 6.1226110458374 7.7596869468689 7.24637174606323 6.65774965286255 9.01607894897461 9.39337730407715 9.23122692108154 8.36895751953125 7.88282775878906 6.95153331756592
12.1189155578613 10.5322456359863 9.25491333007812 7.97413301467896 7.48042774200439 7.91819953918457 10.4711666107178 9.01389503479004 8.46072196960449 7.06929349899292 6.39844417572021 5.76633310317993 5.27797985076904 4.81986808776855 4.38704013824463 3.92437601089478 3.08289432525635 1.09350371360779 -0.200330629944801 -0.827059805393219 -1.60692429542542 -2.39448809623718 -3.01547932624817 -3.16522812843323 3.52995872497559 7.79605531692505 9.13320541381836 10.8270139694214 8.37845802307129 8.07138347625732 7.13094758987427 5.93925762176514 5.17166233062744 4.72492647171021 4.59395265579224 10.8207416534424 11.6872072219849 9.0679988861084 7.56567001342773 7.28700828552246 7.57944583892822 7.55227518081665 7.0890212059021 6.25225448608398 6.29439306259155
12.4686412811279 11.0310192108154 9.38382339477539 8.05814266204834 7.73972845077515 7.63402366638184 7.57121562957764 7.11632585525513 6.88945579528809 6.3994255065918 5.87531852722168 5.33316135406494 5.02578687667847 4.64534759521484 4.29307317733765 3.79520034790039 3.16770339012146 1.85859751701355 0.196037009358406 -0.578250885009766 -1.32640564441681 -2.16047644615173 -2.83843064308167 -3.12239384651184 1.21662902832031 5.80489635467529 7.82697439193726 10.9837808609009 10.1756725311279 8.45589256286621 7.3467960357666 6.45865774154663 5.21016359329224 4.67302560806274 4.65401887893677 14.3107652664185 12.6282548904419 9.75048065185547 7.40934896469116 6.62886190414429 5.37500715255737 5.1004786491394 5.30496549606323 5.67424821853638 5.32810497283936
14.112096786499 11.7570629119873 9.13493824005127 8.19210815429688 7.76756525039673 7.55236673355103 7.25109243392944 6.73503160476685 6.25118398666382 5.82777452468872 5.59476661682129 5.11092472076416 4.73730659484863 4.4144287109375 4.1241888999939 3.63397002220154 3.03813314437866 1.95157372951508 0.634166896343231 -0.311682820320129 -1.00703024864197 -1.81408274173737 -2.369713306427 -2.90174269676208 -2.98628425598145 4.40716981887817 6.74999952316284 10.1320209503174 9.64643001556396 9.6501522064209 7.88672494888306 6.53103494644165 5.62174987792969 5.1436653137207 6.14654111862183 13.7054786682129 13.1238670349121 10.5730333328247 8.01049995422363 6.70013809204102 4.35236120223999 3.98203682899475 6.95569658279419 4.10685205459595 3.85709238052368
12.9313917160034 10.8001880645752 9.00818252563477 7.98096323013306 7.50210809707642 7.61159610748291 7.0699257850647 6.45925235748291 6.13543224334717 5.73294687271118 5.18905353546143 4.89228248596191 4.57229375839233 4.19099187850952 3.76841115951538 3.22731328010559 2.64710140228271 1.69318127632141 0.800470411777496 -0.13834935426712 -0.642582476139069 -1.26714611053467 -1.75510036945343 -2.16130924224854 -2.58455944061279 3.35827159881592 7.67302131652832 8.80840587615967 9.31805610656738 9.30584621429443 8.37755012512207 7.04870271682739 5.82451295852661 5.71249961853027 6.31593179702759 9.8806619644165 11.9589700698853 9.74412822723389 8.19576072692871 6.83803176879883 5.23961687088013 4.34883213043213 4.29182100296021 4.15850400924683 3.74773645401001
12.4364604949951 10.1357183456421 8.93213939666748 8.01229763031006 7.3927149772644 7.42525339126587 6.74071311950684 6.60127258300781 6.29428052902222 5.73149490356445 5.28824949264526 4.64380359649658 4.3021125793457 3.89518928527832 3.38627076148987 2.59207105636597 1.96377730369568 1.23937225341797 0.77057546377182 -0.124498158693314 -0.557877957820892 -1.01765632629395 -1.40777540206909 -1.71382761001587 -1.92963874340057 0.00990897137671709 6.07498598098755 6.54668951034546 7.80903816223145 8.57511425018311 8.20074558258057 7.10843801498413 6.26479434967041 6.69698858261108 9.29627990722656 9.61457061767578 9.58919811248779 8.45761966705322 7.1943507194519 6.12141895294189 5.50486993789673 4.83019685745239 4.38235282897949 4.2200026512146 3.8877170085907
12.036434173584 9.61266136169434 8.44352722167969 7.79161643981934 7.46665048599243 7.47013378143311 6.60574531555176 6.46246814727783 6.02251005172729 5.51345252990723 5.31556367874146 4.62171649932861 4.1243371963501 3.56963109970093 2.82371497154236 1.51624071598053 0.719420373439789 0.671448647975922 0.429980754852295 -0.0880002528429031 -0.51411497592926 -1.01858532428741 -1.42037463188171 -1.71073138713837 -1.76638209819794 -1.80042934417725 -1.08851182460785 1.5412734746933 4.99728775024414 7.37663793563843 7.05122518539429 6.86624431610107 6.62120723724365 7.12528514862061 8.78140258789062 8.28143501281738 7.23357725143433 6.98225355148315 6.00285196304321 5.7417688369751 5.11286973953247 4.63511610031128 4.42308616638184 4.21453237533569 3.86008501052856
11.2903594970703 9.13333606719971 7.88876962661743 7.45971918106079 7.44637155532837 7.29759788513184 6.34415912628174 6.29650020599365 5.91689872741699 5.55807685852051 5.13122749328613 4.62889003753662 3.95941257476807 3.29769086837769 2.227130651474 0.691242396831512 -0.226218938827515 -0.370754808187485 2.39736247062683 -0.234846979379654 -0.513337850570679 -0.827438831329346 -1.24998807907104 -1.58103919029236 -1.72071301937103 -1.80140328407288 -1.95357251167297 -0.315934032201767 4.10685729980469 5.20840549468994 4.71673583984375 3.98598074913025 4.51728773117065 6.05132246017456 9.14622783660889 9.70024490356445 5.83761835098267 6.97898149490356 5.68551635742188 5.30783176422119 4.96503496170044 4.64343309402466 4.42650556564331 4.20810556411743 3.81074786186218
9.94568061828613 8.02174377441406 7.42486143112183 7.05312633514404 7.18563985824585 6.97465229034424 6.22051334381104 5.98917150497437 5.80880355834961 5.46258115768433 5.19962692260742 4.84400987625122 3.85643625259399 3.112473487854 1.55072367191315 -0.231381878256798 -0.71859747171402 -0.927261888980865 0.831694722175598 1.21886825561523 0.10832667350769 -0.790666282176971 -0.930400669574738 -1.4585462808609 -1.82019782066345 -1.81252014636993 -1.90137732028961 -1.90737402439117 0.909732043743134 3.18504738807678 4.78261566162109 4.98712015151978 2.76286268234253 2.65471410751343 5.80089426040649 7.97857904434204 5.70966815948486 4.1672477722168 3.88491082191467 7.20285272598267 4.5804591178894 5.30923938751221 4.06488847732544 3.81406474113464 3.66000819206238
8.52220439910889 7.87082815170288 7.27570867538452 6.80076837539673 6.93823909759521 6.53986549377441 5.86623382568359 5.73622512817383 5.46412038803101 5.3662166595459 6.43400001525879 4.87661600112915 4.00808000564575 3.13715434074402 0.994502305984497 -0.65160346031189 -1.0481104850769 -1.37319839000702 -1.40007269382477 -1.22255492210388 5.65945816040039 4.21934175491333 -0.302793115377426 -1.19568741321564 -1.64874732494354 -1.93417823314667 -1.99705874919891 -1.3953230381012 0.936636030673981 0.734738647937775 4.23184108734131 5.52848243713379 2.22318720817566 0.967175364494324 4.29693937301636 8.25437355041504 2.92550420761108 2.62469553947449 2.6123902797699 3.83308339118958 4.00306797027588 7.17437314987183 6.1502947807312 3.07444453239441 2.7185423374176
9.32560443878174 8.56853675842285 7.65702819824219 7.22487258911133 7.10328197479248 5.91612100601196 5.66516542434692 5.46217679977417 5.41354942321777 5.61888599395752 5.28615713119507 4.83391284942627 4.06565189361572 3.03112125396729 0.660408735275269 -0.685276508331299 -1.01020991802216 -1.39687514305115 -1.58669638633728 -1.20253777503967 -0.969193339347839 8.8193883895874 7.49190855026245 0.563581705093384 -1.34754121303558 -1.82325768470764 -1.89346694946289 -1.98189520835876 0.701316118240356 -0.554530739784241 4.00586843490601 5.40462398529053 2.78607153892517 1.11652040481567 1.46852421760559 8.62589550018311 2.00802707672119 1.44641327857971 1.57408046722412 2.58881831169128 4.45876789093018 3.60109877586365 2.48035359382629 2.07583236694336 1.76268589496613
10.3241081237793 9.66730499267578 8.59190940856934 7.97333669662476 7.25254154205322 6.30017232894897 6.211181640625 5.87738037109375 6.27248525619507 5.42191982269287 5.02582311630249 4.71025848388672 3.93586444854736 2.72049832344055 0.149219393730164 -0.884249746799469 -1.17012810707092 -1.26345205307007 -1.39088249206543 -1.55564510822296 -1.68745505809784 1.11637604236603 10.4309892654419 7.32146596908569 2.80308413505554 -1.43235063552856 -1.70189428329468 -1.63917589187622 -1.36870491504669 0.753661513328552 5.38011741638184 4.16397619247437 3.56351947784424 1.58418190479279 1.16411995887756 6.00138998031616 4.65404605865479 0.967444181442261 0.274271726608276 1.53134620189667 3.61968493461609 4.09024953842163 1.86629891395569 1.57576262950897 1.35736572742462
11.4978332519531 9.98181247711182 9.43766307830811 8.74299240112305 7.92052507400513 7.43918228149414 6.70506000518799 6.16141843795776 5.75246429443359 5.21363639831543 4.95614337921143 4.47819948196411 3.72940850257874 2.34979176521301 0.0750221535563469 -0.850921988487244 -1.2339391708374 -1.286940574646 -1.37892711162567 -1.41854596138 -1.57014095783234 -1.65904188156128 4.69757699966431 8.8791389465332 9.01212024688721 4.05727672576904 -0.721476674079895 -1.43823134899139 -1.70346629619598 -1.13598620891571 3.13766145706177 3.48290395736694 2.82575297355652 2.5792989730835 2.17410349845886 1.89109563827515 4.92095470428467 2.63546705245972 0.785262823104858 0.676075398921967 2.32374882698059 4.28569221496582 1.10312187671661 0.96063357591629 1.09544670581818
