slauniainen/Data/DEM/Vihti_dsm1500b_cl_horizonAngle_24.asc
NCOLS 196 
NROWS 178 
XLLCORNER 353680 
YLLCORNER 6699024 
CELLSIZE 16 
NODATA_value -3.4e+38 
[rows 80 to 99 of 178, columns 138 to 183 of 196]
21.9568786621094 6.73995018005371 16.4589424133301 5.16853189468384 7.59815263748169 11.0503253936768 7.28108787536621 15.1213817596436 13.7366218566895 11.8963613510132 16.3811988830566 9.41477966308594 3.91294860839844 0.382795840501785 2.40247869491577 3.48002862930298 3.5913028717041 0.821208596229553 -1.54008269309998 4.60018062591553 13.0765438079834 10.4063158035278 5.35070657730103 3.76759457588196 34.0419006347656 6.76684093475342 8.73134899139404 9.91346740722656 15.0272550582886 14.4287147521973 17.3076152801514 20.3666305541992 19.2586040496826 18.4452209472656 17.7663135528564 12.5147247314453 11.246561050415 9.36115741729736 11.418625831604 7.15087366104126 4.5268611907959 3.80016779899597 4.12849760055542 6.45685005187988 6.08439159393311 5.6308708190918
21.6457710266113 53.8531723022461 6.75908708572388 7.53142976760864 14.6033554077148 12.0116624832153 13.0662517547607 10.9983491897583 10.7924728393555 10.314453125 6.68562698364258 3.25565934181213 15.7096300125122 20.3818817138672 20.4087886810303 5.26886081695557 -0.137320771813393 -1.48082983493805 4.73728799819946 20.1635284423828 32.7997245788574 50.4148406982422 41.5232734680176 1.06312489509583 5.76364660263062 7.10189294815063 8.57453155517578 9.39940738677979 13.7881011962891 14.1441631317139 16.6916065216064 15.8541069030762 15.3945322036743 14.9334545135498 14.1871709823608 10.9031400680542 10.7305469512939 10.4485950469971 8.34807205200195 6.80916213989258 3.83912420272827 3.5750675201416 3.8511049747467 5.92583465576172 5.57957124710083 5.0465841293335
35.7328338623047 25.2033309936523 27.8583812713623 7.61786460876465 8.25895309448242 9.02713584899902 10.3071012496948 10.973578453064 10.692795753479 11.4014377593994 21.9655456542969 21.3207206726074 23.322135925293 12.0765628814697 11.5687828063965 10.7074337005615 -0.690028846263885 15.7062177658081 17.1488208770752 46.1646156311035 36.0634880065918 20.2055072784424 14.3485088348389 49.5559272766113 4.50326061248779 6.896080493927 8.24281406402588 11.7912845611572 11.314751625061 12.9553461074829 15.1658353805542 14.398796081543 14.0229330062866 13.658730506897 10.6027336120605 9.97977256774902 9.26926708221436 9.95774936676025 5.9792685508728 6.59394598007202 3.54371500015259 3.46840190887451 3.6372332572937 5.50963068008423 4.18546628952026 2.88780474662781
27.587911605835 34.6366271972656 25.1721992492676 25.1647148132324 20.4875011444092 9.40413093566895 8.57038688659668 9.77283477783203 17.4081382751465 26.8503170013428 25.8441753387451 28.9056129455566 16.458703994751 23.1958427429199 13.1534070968628 13.739857673645 23.7446899414062 23.3329086303711 30.5931129455566 19.325288772583 22.2241363525391 15.9524822235107 26.2082824707031 4.98042488098145 5.09354639053345 7.41379880905151 7.90744924545288 11.0025396347046 10.932900428772 12.9116849899292 12.6730842590332 12.7540016174316 11.9213666915894 11.5856132507324 9.51754474639893 9.43247413635254 8.04096412658691 9.49734401702881 6.45754623413086 5.86389398574829 4.0277943611145 3.04635572433472 4.61864137649536 4.37717294692993 3.94225907325745 2.46464347839355
14.9177589416504 26.7416591644287 36.3134727478027 14.8851461410522 10.1035928726196 25.7627811431885 14.892840385437 15.4672193527222 17.2332534790039 18.4259185791016 22.1991386413574 18.8784084320068 19.3552589416504 12.7653732299805 16.9920063018799 22.2715721130371 16.6924514770508 38.8826065063477 32.38623046875 15.3341598510742 12.2518997192383 9.21144580841064 21.5814609527588 3.21828627586365 22.1417789459229 7.23117351531982 7.85958814620972 10.2763872146606 10.1013660430908 11.8768501281738 11.2711772918701 10.9500036239624 10.8092451095581 10.8077974319458 8.64926338195801 8.07685947418213 8.69597148895264 5.65554571151733 6.31253957748413 5.28858470916748 5.26916170120239 3.60596990585327 4.44266319274902 3.32048654556274 2.23258280754089 2.2865092754364
9.64244556427002 21.7947006225586 28.5252323150635 29.7054042816162 9.99104595184326 9.59385299682617 8.59591197967529 10.7818737030029 15.3495121002197 17.0288867950439 17.7374839782715 15.9096441268921 16.1360988616943 14.1153392791748 26.4196949005127 34.2480087280273 37.3501129150391 26.6181259155273 22.2566947937012 15.2463617324829 7.43506526947021 15.7091264724731 4.51736068725586 28.9565563201904 6.57408952713013 6.89756536483765 9.26152420043945 8.85907077789307 9.88448715209961 11.0181446075439 10.6018915176392 10.1624612808228 10.0336141586304 8.28000640869141 8.25647163391113 7.03951072692871 8.25173950195312 5.89702463150024 4.29095077514648 4.10992622375488 3.98941969871521 4.0978045463562 3.68996381759644 3.17724895477295 1.78445088863373 1.555135846138
4.49073886871338 20.4898834228516 30.9950046539307 38.7710304260254 32.812801361084 8.83135986328125 12.9174556732178 10.666633605957 14.4187145233154 15.4025850296021 13.1182107925415 14.0351419448853 9.79858875274658 16.2251815795898 20.0540637969971 29.213342666626 18.3797206878662 26.7873802185059 19.000171661377 9.69877433776855 24.6086692810059 14.014009475708 14.2278985977173 8.62375450134277 6.49370908737183 7.05184030532837 8.92035007476807 8.88864135742188 10.0550718307495 9.73780250549316 9.10465145111084 8.89266777038574 9.0098180770874 7.60460138320923 7.09697914123535 7.56457614898682 5.00690984725952 5.63907957077026 3.4955530166626 3.29086494445801 2.96733999252319 3.96061539649963 2.85507082939148 1.82088363170624 1.76189148426056 1.15493786334991
24.9501094818115 9.87116622924805 23.3243846893311 34.7257270812988 39.1427040100098 46.2831726074219 36.4758071899414 17.8341789245605 14.3345766067505 13.975245475769 17.8420734405518 22.6596851348877 26.9751491546631 51.9826698303223 47.9645080566406 34.8451728820801 24.1959857940674 14.848952293396 12.1557712554932 13.2713203430176 7.94493961334229 5.61934614181519 11.7876987457275 6.14690494537354 6.30749845504761 8.16526317596436 8.14303207397461 8.95820426940918 9.82703113555908 9.55023097991943 8.88525390625 8.66904830932617 7.39586448669434 7.39157199859619 6.3251519203186 7.25375080108643 5.24470329284668 3.58326005935669 2.89299011230469 2.71986865997314 3.63568711280823 3.27893018722534 2.73761892318726 1.42873227596283 1.23388051986694 0.961395025253296
6.53973627090454 9.67123222351074 11.9158926010132 19.716215133667 36.2772941589355 35.5827674865723 25.4366149902344 39.4479751586914 31.3917999267578 16.2883949279785 31.9299201965332 27.4415493011475 23.9023208618164 29.610782623291 24.560920715332 23.3170738220215 27.4884948730469 11.2395133972168 8.34953784942627 10.0922966003418 22.2782611846924 8.61176586151123 6.37237930297852 6.12977695465088 6.57519865036011 8.02642250061035 8.10346221923828 9.1540584564209 9.12570095062256 8.56924438476562 8.24896430969238 8.28706836700439 7.03001642227173 6.47209978103638 6.80244731903076 4.49595785140991 5.04592847824097 3.1054515838623 2.77227544784546 2.58539986610413 3.44541549682617 2.46472907066345 1.47387421131134 1.25092220306396 0.648987054824829 0.692394733428955
39.0726051330566 20.2792224884033 25.3282890319824 29.755313873291 28.7948627471924 28.5694904327393 35.9522819519043 28.9522953033447 24.4930686950684 37.1106262207031 20.878210067749 31.9921970367432 28.9759273529053 25.0363693237305 22.3402538299561 19.2979698181152 11.9939250946045 10.734884262085 8.31669425964355 0.948029160499573 1.78166973590851 7.69270181655884 5.34760141372681 6.0405912399292 7.44513320922852 7.43479013442993 8.15389347076416 8.86294555664062 8.90747165679932 8.38637733459473 8.1402702331543 7.50048351287842 6.93081665039062 5.85029268264771 6.52115821838379 4.75106000900269 3.22167420387268 2.62374949455261 2.42544388771057 3.17338395118713 2.83287930488586 2.23854184150696 1.23825800418854 0.580203711986542 0.0237441025674343 0.329881697893143
8.89731979370117 8.62060546875 21.1218299865723 20.7834205627441 20.6396522521973 21.947359085083 26.7803802490234 28.2311592102051 35.9435424804688 35.9903144836426 38.7498970031738 25.1756496429443 15.075756072998 17.110050201416 17.0621109008789 14.4839601516724 11.5123701095581 10.3450517654419 3.43274998664856 52.6899528503418 19.2736797332764 3.70010638237 5.57104110717773 5.72466039657593 7.24465131759644 7.43246126174927 8.18548583984375 8.23923206329346 7.89147329330444 7.86423349380493 7.66410875320435 6.86552572250366 6.73290252685547 6.19111204147339 5.49640226364136 4.55533170700073 2.92629814147949 2.52015066146851 2.31744241714478 3.00576996803284 2.60347390174866 1.9163304567337 0.522633492946625 0.226129114627838 -1.02547836303711 -0.124434016644955
43.0404472351074 44.5566940307617 15.7797412872314 18.5721836090088 18.1786651611328 19.1111221313477 20.950382232666 22.0060501098633 26.2959060668945 22.1383495330811 24.4249286651611 25.3445243835449 32.5321769714355 15.4139089584351 15.2953929901123 11.5530309677124 10.158242225647 5.05629634857178 12.8259744644165 24.9472160339355 34.1089057922363 26.5702304840088 5.42609214782715 6.61641597747803 6.79179811477661 7.32919216156006 7.99290037155151 8.04059410095215 7.68471622467041 7.41921710968018 6.92134761810303 6.39883899688721 5.80656003952026 5.92749547958374 3.93670988082886 4.34817790985107 2.64763021469116 2.41350293159485 2.21881008148193 2.8704571723938 -0.688267648220062 -2.88417768478394 -2.86133313179016 -2.91672587394714 -0.607844948768616 -1.11053323745728
26.9648742675781 14.884220123291 16.2285461425781 15.4842023849487 15.6483917236328 16.7800369262695 18.1798801422119 19.5111198425293 20.116418838501 20.6283664703369 20.4927997589111 27.0449714660645 24.0527954101562 30.4050769805908 14.407075881958 9.45892715454102 9.86365985870361 30.1558132171631 44.6210060119629 13.7111339569092 13.66441822052 4.95116662979126 5.00631189346313 6.3670597076416 6.75458765029907 7.32104444503784 7.78513765335083 7.86643648147583 7.35972690582275 6.93707895278931 6.28379774093628 6.16644191741943 5.20621109008789 5.66829872131348 4.05914115905762 2.70130062103271 2.27167916297913 2.10826873779297 2.76583075523376 2.44554090499878 15.2450342178345 -1.55556213855743 -3.11175990104675 -3.04424333572388 -1.02220690250397 0.31953901052475
22.3338947296143 13.9887228012085 15.5616502761841 14.8917484283447 14.9437227249146 14.7881565093994 15.2879800796509 16.9082355499268 16.3536434173584 18.7101020812988 16.8111553192139 20.5676670074463 17.2936191558838 14.1368961334229 11.7735557556152 22.1072635650635 17.7530384063721 33.2103805541992 14.3709850311279 24.7004833221436 12.9309587478638 5.07468748092651 5.17347192764282 6.07822942733765 6.54536199569702 7.2075662612915 7.36505174636841 7.05442953109741 6.75425243377686 6.60827732086182 5.85673427581787 5.31821727752686 5.48304843902588 3.70495271682739 3.88809275627136 2.28446102142334 2.13525462150574 2.02435541152954 2.66139841079712 25.3260135650635 20.5215816497803 9.3976583480835 2.32438969612122 -3.36622619628906 -3.16048192977905 -0.888764679431915
13.1566190719604 14.1714382171631 13.6741142272949 13.6720285415649 13.7472639083862 14.1818704605103 14.3276920318604 14.8266563415527 16.2339782714844 15.4673156738281 15.4842224121094 15.6420907974243 14.8464384078979 12.6576404571533 12.0708694458008 9.20419502258301 17.2930488586426 26.2562065124512 26.3519134521484 19.9734477996826 9.0486536026001 8.08625030517578 5.70283555984497 6.0605788230896 6.42990970611572 6.98793506622314 7.15114974975586 6.69088935852051 6.30258512496948 5.75892972946167 5.66982746124268 4.79486656188965 5.30627346038818 3.97568821907043 3.72972989082336 2.03456401824951 1.86535251140594 2.53155541419983 2.30886578559875 19.7131252288818 29.1650390625 43.8124771118164 40.5267639160156 39.7747764587402 38.0751724243164 -2.06607222557068
12.4666385650635 13.4613275527954 13.14577293396 13.1630620956421 13.3934192657471 13.8166751861572 13.6573657989502 13.4144563674927 15.0109739303589 13.8065376281738 14.3680486679077 14.0304889678955 12.6914520263672 10.5720777511597 9.95906352996826 13.3139982223511 20.3612155914307 15.4214725494385 16.9848232269287 11.0732707977295 8.92593193054199 8.36406230926514 6.90934944152832 6.00529813766479 6.37922096252441 6.52568197250366 6.40490579605103 6.1815013885498 6.007568359375 5.41612100601196 4.90511322021484 5.04866886138916 3.54789519309998 3.9907591342926 4.2739462852478 5.31162261962891 4.46092700958252 3.09426045417786 14.1682529449463 21.0447406768799 21.9766693115234 38.6015205383301 35.9102630615234 35.7376403808594 26.0083560943604 42.8836708068848
11.4560260772705 12.5573625564575 12.3074464797974 12.5562915802002 12.9889640808105 12.9129543304443 12.9934568405151 12.8153429031372 13.9572019577026 13.1138439178467 13.660327911377 12.9048452377319 11.5770454406738 9.23862171173096 8.58236122131348 12.9808034896851 17.7839584350586 13.5193128585815 10.3698091506958 7.36931848526001 7.89676141738892 7.50078248977661 6.68290758132935 6.06215953826904 6.28565692901611 6.337477684021 6.02532148361206 5.74903154373169 5.3359432220459 5.25945520401001 4.44733953475952 4.89099550247192 3.74111390113831 3.25001645088196 4.81716394424438 4.81880187988281 4.97897243499756 3.5563178062439 12.4088897705078 21.8086910247803 14.5686454772949 30.777307510376 33.0253982543945 30.8690795898438 26.3284664154053 21.8529987335205
11.0169172286987 11.1405553817749 11.1019687652588 12.0094585418701 12.4128694534302 12.1762218475342 11.9429874420166 12.6139469146729 12.2007007598877 12.721019744873 12.2048997879028 11.1550188064575 9.50344467163086 8.57630920410156 10.2163848876953 15.006516456604 12.0208644866943 11.7216625213623 9.16479587554932 6.9785852432251 6.63675260543823 6.88640403747559 6.9078950881958 7.16291570663452 6.11457538604736 5.79694271087646 5.55746984481812 5.40400838851929 5.0063796043396 4.55125665664673 4.67252016067505 3.31744241714478 3.65693283081055 3.07690525054932 4.0298752784729 4.24921655654907 3.66534304618835 10.7071475982666 15.234281539917 20.5132827758789 40.117301940918 26.4720458984375 24.7137451171875 21.4235877990723 25.8296718597412 9.44944000244141
10.3158979415894 10.308967590332 11.1882410049438 11.5812768936157 11.5742883682251 11.6598405838013 11.4461784362793 11.8031015396118 11.6218614578247 12.1182298660278 11.1848783493042 10.2119569778442 8.61892509460449 8.00303363800049 10.3799600601196 13.477689743042 11.1466302871704 8.20638179779053 6.03550910949707 6.36324405670166 6.00177812576294 5.97876167297363 6.05300903320312 6.19431400299072 6.05980491638184 5.52853775024414 5.20365285873413 5.16091394424438 4.79769420623779 4.13098001480103 4.54505014419556 3.51639986038208 2.59179592132568 3.05009293556213 3.28628921508789 2.3450927734375 1.09350717067719 3.41227459907532 10.537013053894 10.9818534851074 20.3231086730957 22.6668663024902 21.1865692138672 19.9713535308838 11.8512506484985 8.23660850524902
9.3549690246582 9.78914737701416 10.7347993850708 11.0940313339233 11.0974979400635 11.1786546707153 10.9751863479614 10.9002771377563 11.3212871551514 10.7657527923584 9.96733665466309 8.59430980682373 8.0007905960083 7.88012552261353 11.6085567474365 12.2737627029419 10.2899036407471 7.61599636077881 5.57923126220703 5.18745183944702 5.65479135513306 5.86086511611938 6.05438804626465 5.94672918319702 5.60454082489014 5.47586488723755 4.98247957229614 4.66860294342041 4.62043476104736 4.26425457000732 4.04690599441528 3.44394445419312 2.32317781448364 1.94577634334564 1.3191591501236 1.0416065454483 3.03375363349915 4.40734338760376 5.74196195602417 7.237060546875 9.41809844970703 17.4511852264404 13.725564956665 16.9945812225342 7.09334850311279 6.99699735641479
