slauniainen/Data/DEM/Vihti_dsm1500b_cl_horizonAngle_186.asc
NCOLS 196 
NROWS 178 
XLLCORNER 353680 
YLLCORNER 6699024 
CELLSIZE 16 
NODATA_value -3.4e+38 
[rows 60 to 79 of 178, columns 46 to 91 of 196]
7.80935668945312 0.551897525787354 3.47678685188293 1.84949576854706 4.48811054229736 7.72298765182495 7.93129253387451 4.81405305862427 7.04919576644897 3.18140530586243 4.24720001220703 5.69921541213989 2.95148277282715 3.51314306259155 6.90233659744263 3.10174036026001 3.20375180244446 3.74606990814209 3.64470553398132 4.29805612564087 7.10164403915405 19.9497165679932 19.2625694274902 15.5312643051147 6.10231494903564 4.91365766525269 9.60704898834229 -0.205108478665352 3.80465984344482 0.305974125862122 1.18840599060059 0.603129744529724 1.77048373222351 3.87266278266907 10.5357818603516 2.19148421287537 1.67061710357666 2.92931199073792 4.80285263061523 3.2533233165741 8.20900344848633 8.39974117279053 5.9507155418396 -0.122338518500328 14.3330135345459 9.51041889190674
-0.32230070233345 0.679320752620697 3.55532169342041 6.81562232971191 5.05473232269287 6.83175897598267 13.4499130249023 6.36611747741699 9.40493679046631 10.4312877655029 8.49825859069824 3.85104537010193 5.16344213485718 9.38300800323486 6.92135429382324 4.12377166748047 6.91866970062256 6.77014875411987 0.370395600795746 2.2814154624939 1.54680240154266 11.4641532897949 10.6317615509033 19.6546974182129 3.51638650894165 6.94586277008057 1.7254341840744 1.42513370513916 8.50807952880859 2.15186810493469 3.33059167861938 2.91376137733459 2.68574953079224 4.32016515731812 4.442054271698 3.51674294471741 3.45788383483887 3.88136959075928 7.80421113967896 5.72605133056641 2.07787132263184 3.44672656059265 12.9189405441284 5.36072826385498 8.69645881652832 12.2993116378784
1.05721259117126 1.14441430568695 0.684441030025482 1.15182936191559 6.41585683822632 1.13409411907196 2.0987184047699 4.57693910598755 2.58933854103088 4.62621402740479 5.21259212493896 5.82592439651489 5.77233409881592 9.66191577911377 11.8556804656982 7.86312198638916 7.14406776428223 10.3248081207275 2.76209330558777 10.9140663146973 8.02102756500244 4.18589401245117 4.02594566345215 1.3692512512207 5.90500402450562 5.89620780944824 0.09593665599823 8.43576240539551 1.07570827007294 3.72218036651611 8.68359756469727 9.28001689910889 8.27231407165527 6.78628444671631 7.52544736862183 8.67494010925293 10.9034662246704 6.8040714263916 8.360520362854 6.89772891998291 4.80901479721069 4.34250736236572 20.5903224945068 11.2341995239258 -0.307106912136078 11.3240098953247
1.85101687908173 1.80207896232605 0.813209116458893 1.29024112224579 0.941082298755646 2.08850860595703 2.95536804199219 6.12259149551392 3.64372801780701 6.08391284942627 5.75645208358765 9.20149898529053 8.12145519256592 13.0085182189941 17.1979808807373 2.58447527885437 10.4490146636963 0.326406002044678 2.49798727035522 0.0545848049223423 1.81643307209015 5.91121864318848 2.90551996231079 2.73812007904053 1.46908450126648 0.417599141597748 0.405768394470215 1.29309034347534 2.12598752975464 4.32579851150513 15.1704320907593 15.4888181686401 10.5287647247314 13.1576433181763 8.46347427368164 7.08011245727539 6.42782831192017 7.2040433883667 15.4301738739014 12.5261945724487 8.90641784667969 9.25156688690186 0.567431211471558 -0.133392333984375 1.71173429489136 0.0170149207115173
1.98659372329712 2.73494529724121 1.8498398065567 14.7008457183838 1.07724320888519 0.865441501140594 4.07955312728882 8.70670700073242 7.39881372451782 11.7133922576904 11.7717294692993 17.0019569396973 17.3996601104736 21.3205509185791 14.5183525085449 2.64660286903381 0.861404061317444 0.181590214371681 10.0877265930176 4.42597723007202 2.07045817375183 9.54283142089844 5.53236627578735 3.39192008972168 5.18134689331055 1.39142024517059 11.2169990539551 0.220151722431183 5.69947910308838 11.0906038284302 10.3446731567383 4.8180193901062 18.3828449249268 26.275411605835 11.3062124252319 10.3352794647217 14.3259744644165 11.9879484176636 19.8932914733887 11.9561824798584 4.94838237762451 13.1701135635376 0.601405322551727 -0.0365497618913651 0.160108804702759 0.432248145341873
2.11988568305969 2.82410526275635 2.79893851280212 1.43427562713623 1.16371119022369 0.907472014427185 7.76036024093628 11.1802110671997 15.8534479141235 24.8546333312988 20.7315635681152 7.81499052047729 11.9719209671021 26.7597541809082 12.0120830535889 1.28179955482483 3.00194311141968 0.873499870300293 7.26961946487427 19.8550720214844 12.0260848999023 1.75325393676758 1.6494334936142 4.41757869720459 2.40100049972534 1.43760049343109 0.850001811981201 0.472174733877182 16.7747421264648 0.535785853862762 4.00954675674438 5.10919046401978 12.0382108688354 8.52281951904297 14.5380830764771 9.66850757598877 14.9827032089233 10.3634872436523 1.1001136302948 0.826024174690247 20.6665077209473 0.499510556459427 10.4728507995605 5.98278474807739 1.17119836807251 5.41592741012573
2.28750324249268 3.00174498558044 2.92142295837402 3.20307421684265 14.1004686355591 1.04351079463959 1.88172328472137 3.51993298530579 10.0678453445435 5.95327568054199 3.8085241317749 2.77148747444153 13.4352436065674 4.72649097442627 4.85825347900391 1.56263518333435 0.40289232134819 22.3772392272949 20.0116539001465 10.4814901351929 2.46165251731873 14.062933921814 2.74558734893799 1.4916250705719 2.87958741188049 6.57005882263184 3.75747990608215 1.48336791992188 0.463714271783829 0.661110818386078 0.524815857410431 0.788443028926849 0.852952659130096 0.928205668926239 1.22609329223633 2.25028276443481 1.65030956268311 1.26683378219604 1.17890739440918 0.931584119796753 0.601805150508881 15.0294713973999 16.8884887695312 7.23559617996216 7.7155556678772 7.30386161804199
2.50494194030762 3.2141489982605 3.46111869812012 3.43002843856812 1.28630721569061 1.06245124340057 4.5250678062439 4.30328321456909 4.93037605285645 9.37399101257324 5.42459535598755 6.89811849594116 2.12975883483887 0.36954253911972 0.73820298910141 1.65876126289368 0.964593946933746 9.31206321716309 0.876444637775421 2.4548008441925 5.23659610748291 29.1315593719482 4.19721221923828 2.8311755657196 3.67342209815979 14.0351991653442 7.87528896331787 0.807948708534241 6.13311529159546 0.844617128372192 0.641328155994415 1.03682863712311 1.10478031635284 1.11452496051788 1.65949630737305 2.35464310646057 1.69730651378632 1.30578112602234 1.51682484149933 0.98159384727478 9.31889915466309 12.0997629165649 15.9926290512085 13.4443235397339 17.5085029602051 9.18424892425537
2.97949719429016 3.42677760124207 3.63397073745728 3.6002414226532 1.52271163463593 5.91942501068115 1.28654837608337 1.25234580039978 0.75091016292572 10.881760597229 8.40639400482178 1.685267329216 8.07891845703125 0.735206723213196 19.983419418335 1.88038897514343 1.10438215732574 -0.573986291885376 1.24320113658905 11.7101221084595 7.93546772003174 0.768640756607056 10.663649559021 7.74559116363525 6.52575302124023 1.02852237224579 11.5208759307861 2.95056533813477 0.784097850322723 1.64876186847687 3.31419014930725 1.45945394039154 1.51648485660553 1.66135585308075 3.7790744304657 3.31189393997192 2.56949090957642 3.1116681098938 10.7226371765137 6.68304586410522 13.1440753936768 14.6689481735229 1.39762711524963 11.4015645980835 2.05608034133911 24.4034099578857
3.15677952766418 3.6553635597229 3.82008051872253 3.79184651374817 2.78434062004089 1.20201635360718 1.71673190593719 1.58454549312592 0.887284755706787 0.56433516740799 0.974048495292664 0.255197644233704 -1.21320414543152 0.859825015068054 0.950259387493134 2.21654796600342 1.56056070327759 -0.400209277868271 1.28622794151306 1.01146054267883 1.14014685153961 22.4282970428467 17.579402923584 7.03217363357544 11.3061494827271 1.31148219108582 0.8166663646698 4.14893245697021 0.977423369884491 2.21843242645264 13.0645875930786 3.01135206222534 7.00265789031982 2.37482523918152 3.67155647277832 3.39820218086243 5.0788254737854 3.62989568710327 4.53065013885498 9.61531352996826 26.7047824859619 33.4298057556152 4.67111778259277 9.07896137237549 4.4599142074585 1.23870468139648
3.27567744255066 3.81939172744751 3.95615077018738 3.94532823562622 3.29440402984619 2.72456645965576 3.21107625961304 7.90979194641113 1.21265125274658 1.43822717666626 1.24297320842743 0.575905382633209 -0.4893838763237 1.34618806838989 1.86947238445282 2.56950664520264 1.73968136310577 8.1298713684082 10.0523748397827 7.57176542282104 0.643542289733887 0.957462549209595 0.664184272289276 8.40250396728516 3.16840839385986 1.3389835357666 0.410978674888611 12.2373447418213 3.03968405723572 2.92092037200928 1.36428380012512 14.3072872161865 15.4750328063965 5.06570959091187 3.98705530166626 14.5405025482178 5.13413238525391 9.8823709487915 16.8686866760254 19.5897369384766 38.5711402893066 1.17984867095947 5.02449131011963 19.6593914031982 10.2090320587158 10.1289625167847
3.38949513435364 3.96585488319397 4.09432029724121 4.11133050918579 4.42257738113403 3.75795149803162 4.02529811859131 1.50445067882538 1.36603546142578 1.71784555912018 1.14042770862579 1.38165271282196 -0.0535036511719227 1.47812879085541 2.45906281471252 3.26715040206909 1.89857423305511 14.8096542358398 23.0919132232666 7.66878938674927 4.36882591247559 5.5228009223938 1.95293974876404 4.66770315170288 1.10093712806702 4.47767210006714 0.500848054885864 21.1529102325439 14.3246755599976 4.1380500793457 1.65963137149811 18.4748649597168 16.0682849884033 2.96567606925964 4.27805757522583 3.97221159934998 8.21527481079102 26.164192199707 16.7211360931396 19.7598361968994 1.10132718086243 11.9605255126953 16.6857433319092 1.42696928977966 1.70551156997681 1.7591245174408
3.52070617675781 4.14692068099976 4.24279832839966 4.28140020370483 4.60177040100098 3.86906409263611 4.16837120056152 2.40797162055969 2.22196435928345 2.77445983886719 1.44625794887543 1.93221783638 0.501099467277527 2.62612891197205 3.00530171394348 3.65883731842041 2.70211482048035 2.29954242706299 2.73487067222595 2.81015825271606 6.55243110656738 1.06924510002136 4.18932819366455 1.12087619304657 10.3266973495483 5.43372917175293 4.3699951171875 0.774414598941803 4.74700450897217 3.91715359687805 2.84463357925415 1.65965676307678 2.22515869140625 11.0484952926636 6.07597827911377 5.44949197769165 22.6562938690186 2.19562697410583 30.4414176940918 4.89540433883667 3.83155345916748 12.3060350418091 1.91657435894012 2.18408155441284 2.05540251731873 2.09802341461182
4.34752798080444 4.13303518295288 4.48566770553589 4.8432879447937 4.14979219436646 4.00092935562134 4.334068775177 2.57945108413696 2.36561965942383 3.17440724372864 2.39488410949707 3.23839163780212 1.70999217033386 3.07405114173889 3.80185294151306 3.53966093063354 1.57606470584869 2.88709735870361 10.8568687438965 4.40102243423462 1.03074479103088 10.6482992172241 0.872442007064819 1.56748330593109 23.0645771026611 3.23293781280518 5.28631210327148 1.92865777015686 15.2050247192383 7.71194267272949 2.92780423164368 1.95853519439697 2.40545415878296 19.3530960083008 7.70592737197876 12.7343301773071 5.78893899917603 4.09276342391968 1.60433113574982 1.68194568157196 6.37910509109497 1.88963353633881 2.24907112121582 2.79050207138062 3.33545136451721 2.26222729682922
4.55210447311401 4.33368110656738 4.70300960540771 5.06968307495117 4.16290473937988 4.17513799667358 4.53396368026733 4.16918897628784 3.75499701499939 3.99391674995422 3.07720518112183 3.38025307655334 1.77597713470459 3.18296957015991 3.92341279983521 2.92557716369629 1.56803297996521 3.06438136100769 18.8331298828125 1.12213957309723 1.50176346302032 0.484039038419724 0.93960839509964 1.73018193244934 1.5758181810379 8.86105060577393 2.18554925918579 3.29481053352356 2.155433177948 8.74859142303467 3.06999087333679 2.1869068145752 15.3427515029907 2.95890235900879 11.7169952392578 13.6302995681763 16.7546672821045 4.81795978546143 2.83701181411743 2.37995910644531 2.66179156303406 3.34810662269592 5.74299764633179 6.91855239868164 7.35699033737183 8.10662651062012
4.78520727157593 4.56196880340576 4.95689249038696 5.34884881973267 4.41469383239746 4.40871000289917 4.74627256393433 4.38273191452026 3.89543581008911 4.13843393325806 3.21342277526855 3.51211595535278 3.29555439949036 3.67937564849854 4.04563140869141 3.04156112670898 1.54055607318878 3.14546775817871 1.80611503124237 1.24002408981323 1.62658822536469 0.89404422044754 26.9644050598145 10.4039535522461 1.89395093917847 2.11477375030518 2.26142954826355 6.99706411361694 15.3544054031372 1.94717991352081 9.2229118347168 2.98143553733826 2.84977746009827 6.55008792877197 21.7806930541992 25.4367904663086 25.1273994445801 2.70210766792297 4.46062755584717 5.18266248703003 3.05538463592529 3.59439730644226 3.45290231704712 5.00002384185791 15.3344984054565 16.8614635467529
5.0546441078186 4.843918800354 5.25820732116699 5.65251350402832 4.63234567642212 4.69356489181519 4.92696666717529 4.56372737884521 4.04850053787231 4.30027103424072 3.35549020767212 3.66715288162231 3.40043783187866 3.79348421096802 4.1838264465332 3.15905165672302 1.53055775165558 3.24816274642944 3.25531101226807 1.58252036571503 2.5506796836853 1.34232378005981 1.42341184616089 1.84021258354187 2.07666516304016 3.62297487258911 2.57047390937805 10.558614730835 1.77597165107727 1.95521676540375 1.97367346286774 3.5199191570282 3.82428240776062 5.73621129989624 4.27473497390747 3.55884099006653 2.02158522605896 7.03607559204102 6.65950012207031 8.04075527191162 10.8081254959106 11.5181484222412 8.94721221923828 17.1726913452148 4.7522144317627 9.75223350524902
5.35481262207031 5.25895166397095 5.48712110519409 5.90388298034668 4.85341882705688 5.15556287765503 4.75542688369751 4.6071891784668 4.22817659378052 4.47127389907837 3.85009670257568 1.58808410167694 3.51485443115234 3.92896938323975 4.34202766418457 3.27573871612549 1.57579493522644 3.35182976722717 3.41113519668579 2.67495203018188 2.86448574066162 1.6014187335968 2.14647698402405 14.1351490020752 9.91289806365967 18.1971549987793 3.86559820175171 8.8006010055542 13.241042137146 2.45735001564026 2.99396204948425 3.57721257209778 4.18969488143921 16.760763168335 5.71194553375244 5.71087169647217 2.57096099853516 9.10721015930176 9.16955661773682 9.72213649749756 12.9297132492065 13.4616413116455 9.67022323608398 5.46197891235352 7.37306928634644 13.1170301437378
5.60621356964111 5.45798921585083 5.76530408859253 6.22244119644165 5.11890363693237 5.38574886322021 4.96097278594971 4.24325895309448 4.41106414794922 4.65015411376953 4.03087759017944 2.624342918396 3.64661383628845 4.06846952438354 4.49658966064453 3.38343405723572 1.61722671985626 3.43750810623169 3.53112387657166 2.82488036155701 3.03361821174622 2.3464047908783 2.85325288772583 2.25237774848938 2.27863597869873 2.26028943061829 2.93635869026184 2.08155465126038 2.30651640892029 3.07331252098083 3.40890192985535 4.0038480758667 4.27857828140259 4.95935106277466 4.02014827728271 2.67052054405212 3.05883502960205 8.79940319061279 14.6029424667358 12.372727394104 23.7841663360596 25.5998210906982 14.5266036987305 19.8848037719727 20.8277816772461 2.15617632865906
5.92780876159668 5.72038412094116 6.11390542984009 6.58344888687134 5.40479469299316 5.64098119735718 5.21029186248779 4.14607286453247 4.60900783538818 4.87218856811523 4.26289987564087 2.69480490684509 3.78062081336975 4.22464847564697 4.67219495773315 3.49145698547363 1.65209209918976 3.54064798355103 3.65607213973999 2.96719145774841 3.20151901245117 2.49091958999634 3.00458598136902 2.90578556060791 2.49534225463867 2.50259566307068 13.4345283508301 5.65466928482056 2.63143014907837 6.92991924285889 5.31624126434326 4.07213640213013 4.37033462524414 6.89301824569702 5.54219055175781 4.48549747467041 2.54420638084412 17.1644725799561 15.6721048355103 23.2968597412109 15.1159887313843 31.8068027496338 22.7508525848389 2.59772968292236 2.51635599136353 2.46793532371521
