slauniainen/Data/DEM/Vihti_dsm1500b_cl_horizonAngle_330.asc
NCOLS 196 
NROWS 178 
XLLCORNER 353680 
YLLCORNER 6699024 
CELLSIZE 16 
NODATA_value -3.4e+38 
[rows 100 to 119 of 178, columns 0 to 44 of 196]
1.04215931892395 1.24942851066589 15.0739479064941 -0.974097490310669 -1.31208050251007 0.290432810783386 1.59399890899658 0.851173341274261 1.9205436706543 1.89869725704193 2.24380993843079 2.34057664871216 3.80956125259399 1.61475300788879 1.53889787197113 1.58313691616058 1.43868827819824 1.19857561588287 1.25924742221832 1.21017014980316 1.20816016197205 1.09076702594757 1.2820098400116 1.66929376125336 1.32744169235229 1.15772497653961 1.73546719551086 1.78435266017914 1.76516461372375 1.50271677970886 0.863994300365448 0.885269939899445 0.829024493694305 0.741286337375641 0.708888351917267 0.738020300865173 0.609121859073639 0.478856414556503 -1.857781291008 -1.59658467769623 -1.63935494422913 0.795586466789246 0.482968360185623 1.33598566055298 1.73750829696655
1.87939596176147 0.922478139400482 9.74197578430176 -0.0183301717042923 -1.30893445014954 -1.55384576320648 7.43343210220337 16.6406784057617 35.9408073425293 2.84520530700684 2.16135931015015 1.75261306762695 1.58515512943268 3.51272821426392 1.39033687114716 1.38077402114868 1.5124260187149 1.39975476264954 1.12849533557892 1.14703667163849 1.17165970802307 1.07533144950867 1.26446437835693 1.28659868240356 1.5893794298172 1.04198932647705 1.08793032169342 1.63746094703674 1.70730555057526 1.46079885959625 0.888890445232391 0.859143257141113 0.752616763114929 0.731295168399811 0.644738912582397 0.603353083133698 0.591363430023193 0.483629077672958 -1.4076988697052 -2.13985538482666 -1.59859037399292 43.0964317321777 -0.886226832866669 -1.33855402469635 -1.33733177185059
2.3822877407074 0.888909578323364 0.991656839847565 5.68410778045654 2.92720341682434 9.16520118713379 7.63735866546631 10.4807214736938 3.06885385513306 3.67167997360229 2.14799475669861 2.11799716949463 1.7329775094986 3.34078359603882 1.40774345397949 1.31588196754456 1.45771288871765 1.34162998199463 1.01043891906738 1.09312283992767 1.07256972789764 1.09625744819641 0.978802919387817 1.20838725566864 1.56235015392303 1.22625970840454 1.01882207393646 1.57340824604034 1.53238689899445 1.61985111236572 1.37576353549957 0.753784835338593 0.779527127742767 0.681980729103088 0.631390810012817 0.586570799350739 0.590804517269135 0.450989335775375 -1.2375351190567 -0.763870477676392 9.95322895050049 19.2058258056641 0.0900770500302315 28.1533432006836 12.6450500488281
2.27400302886963 1.64081156253815 0.808934450149536 4.96336460113525 14.0441217422485 7.33049821853638 5.28979015350342 3.42151212692261 5.25434589385986 39.7042350769043 3.49697113037109 2.02302384376526 1.9669007062912 1.33651518821716 0.36102357506752 1.31585741043091 1.13171052932739 1.41632604598999 1.31632828712463 0.994027316570282 1.03432357311249 1.0584841966629 0.936477482318878 0.931074500083923 0.884440839290619 1.47552680969238 0.898548007011414 0.939362108707428 1.49326574802399 1.60168755054474 1.36378848552704 1.30629360675812 0.684859871864319 0.688474595546722 0.630797803401947 0.528185606002808 0.491373032331467 0.480883598327637 -1.14062345027924 -1.74396502971649 10.6633644104004 18.5986595153809 28.0856666564941 17.6291561126709 25.612377166748
1.16130089759827 2.12042307853699 0.428845912218094 0.809250891208649 3.90153980255127 10.7320947647095 9.77213096618652 1.74785506725311 2.12602710723877 0.414508163928986 4.1079535484314 2.44784927368164 1.91286587715149 1.71395492553711 0.399293333292007 32.0117874145508 0.267647504806519 1.05877280235291 1.38256025314331 1.29350078105927 0.939445734024048 0.946084320545197 0.990425527095795 0.885320901870728 0.802621841430664 0.809298157691956 0.82652086019516 0.895444869995117 0.993112683296204 1.4604640007019 1.53592002391815 1.28650164604187 0.708342909812927 0.671488046646118 0.572899043560028 0.538577377796173 0.431653559207916 0.382851183414459 -0.873499751091003 -1.36386907100677 6.01834392547607 35.0948715209961 30.0131511688232 -0.0224631298333406 10.865571975708
1.42290115356445 2.05720782279968 1.49560856819153 0.41465237736702 -0.195003986358643 9.03071308135986 -1.08324706554413 3.67745780944824 12.9199924468994 15.2795753479004 44.021842956543 3.49574899673462 1.66814756393433 2.04115080833435 0.261020600795746 32.1693153381348 0.197995081543922 27.7195911407471 1.35454452037811 1.24528789520264 0.82886677980423 0.863556563854218 0.913113951683044 0.876830339431763 0.757338523864746 0.753996789455414 0.778067708015442 0.805810928344727 0.847676336765289 1.42591202259064 1.39512395858765 1.4022079706192 1.17470717430115 0.574929356575012 0.595128059387207 0.544760584831238 0.443161636590958 0.391305387020111 0.386741578578949 31.4186763763428 37.3395881652832 38.0628280639648 19.218225479126 11.4106216430664 -0.333452671766281
1.97814726829529 1.21740996837616 0.9114009141922 0.0688448697328568 0.411689192056656 -0.223388180136681 2.46828937530518 10.7614412307739 1.19099044799805 9.17989540100098 7.84782934188843 4.82402515411377 -0.291720420122147 1.48066508769989 1.6513729095459 3.2108519077301 9.66688823699951 19.9440860748291 1.01302516460419 1.32240724563599 1.22646903991699 0.833137154579163 1.53390467166901 0.842068612575531 0.7160924077034 0.698417901992798 0.722950637340546 0.757788300514221 0.785208880901337 0.821356236934662 1.31923687458038 1.36919975280762 1.14475417137146 0.609713315963745 0.581170320510864 0.484406799077988 0.45956489443779 0.343595057725906 0.313542485237122 21.3954734802246 27.0285301208496 27.6229476928711 16.8115749359131 12.6922054290771 -0.621866226196289
1.89718091487885 0.40830197930336 1.90326201915741 0.0688992515206337 -0.166429415345192 5.02806568145752 3.20640754699707 21.7663440704346 33.4021682739258 18.198917388916 37.613639831543 16.125431060791 3.23410320281982 20.7997360229492 5.60613107681274 19.0331382751465 17.3964939117432 15.8501377105713 12.4989938735962 1.32532382011414 0.856584966182709 1.55877864360809 2.78508591651917 0.761496663093567 0.680715918540955 0.651850938796997 0.69075083732605 0.719417750835419 0.721654951572418 0.742557406425476 0.80534303188324 1.16791105270386 1.27542233467102 0.590944826602936 0.487442791461945 0.512007474899292 0.41536545753479 0.377535939216614 0.266979336738586 0.171173259615898 12.7284650802612 17.4896984100342 18.5527439117432 12.7866344451904 8.89642143249512
3.36133813858032 1.8233425617218 17.7882556915283 13.8242149353027 28.3640003204346 24.2973499298096 15.6939907073975 27.4559345245361 30.5821628570557 23.4751491546631 13.0217475891113 6.89079332351685 27.9370250701904 20.9323463439941 14.2520160675049 1.14311444759369 19.1099987030029 1.64053654670715 1.70131433010101 1.21619546413422 1.31956744194031 2.79361414909363 1.28025877475739 0.726622819900513 0.627234637737274 0.600298941135406 0.634408354759216 0.652534306049347 0.647402167320251 0.668501615524292 0.721002519130707 0.744776904582977 0.915705919265747 0.475546926259995 0.5299431681633 0.432191044092178 0.453515112400055 0.404301643371582 0.302517414093018 0.193568885326385 7.30759191513062 11.5316734313965 16.1848449707031 11.8093519210815 9.08637619018555
4.7578558921814 1.81694400310516 12.1709747314453 2.22786712646484 19.7925930023193 17.2723274230957 11.8748722076416 19.6979656219482 20.2725238800049 20.7358245849609 24.3191719055176 27.3819370269775 32.5644607543945 2.63950824737549 13.7311887741089 2.40342354774475 10.4363822937012 12.9741115570068 30.033878326416 29.4465980529785 2.47402405738831 2.22862911224365 0.760541558265686 0.704890489578247 0.616452395915985 0.552269995212555 0.547852516174316 0.550836861133575 0.598840057849884 0.633965611457825 0.690788924694061 -0.818168878555298 -0.806437253952026 0.521245956420898 0.429150372743607 0.476840674877167 0.449793547391891 0.360029518604279 0.339469313621521 0.245638281106949 0.856860518455505 14.3225469589233 14.3535718917847 12.9618482589722 10.1342325210571
2.77821516990662 4.17545413970947 1.81007242202759 8.43202209472656 8.18212604522705 13.434473991394 11.4822540283203 9.17513275146484 13.9309415817261 17.4257621765137 18.6021156311035 18.8075847625732 22.2353267669678 12.7564640045166 11.0941772460938 5.99185752868652 7.717848777771 10.891019821167 20.3307666778564 20.0129871368408 1.86520874500275 1.27139937877655 0.677771031856537 0.665681779384613 0.589736223220825 0.518055379390717 0.501641511917114 -1.1747260093689 0.544577419757843 0.582593262195587 0.606346368789673 -1.2441565990448 5.58039236068726 37.4499435424805 0.471506237983704 0.47099694609642 0.371322840452194 0.394941091537476 0.315732300281525 0.335086792707443 0.917765915393829 10.4947509765625 11.1850757598877 11.6829690933228 9.48689842224121
2.98197460174561 3.95641446113586 1.62043845653534 6.99958324432373 2.17807936668396 11.0950736999512 9.50712490081787 6.68647575378418 10.9876670837402 14.4263219833374 14.0697288513184 15.3538579940796 13.2573175430298 15.3075819015503 2.2676112651825 8.86550235748291 1.58318638801575 7.18231773376465 8.36326694488525 12.7604608535767 11.9001121520996 0.842453241348267 1.19027101993561 0.6239874958992 0.583600163459778 0.521671175956726 -0.857421040534973 -0.764654994010925 4.02773284912109 -1.25699043273926 -1.6843147277832 -1.72675442695618 -1.24737536907196 -0.904660403728485 0.467335283756256 0.374943643808365 0.416854232549667 0.322239965200424 0.204318106174469 0.276538789272308 0.981026709079742 1.8840229511261 7.14663791656494 9.42426872253418 9.83670330047607
2.99435210227966 2.62658309936523 3.49205827713013 1.74928534030914 5.64655780792236 5.82871294021606 8.72737121582031 7.50560665130615 6.53719568252563 9.98594093322754 12.7212810516357 13.7874460220337 11.7078762054443 12.577977180481 9.50587368011475 7.62965393066406 3.9134476184845 3.56293797492981 7.22450494766235 10.2479438781738 9.42112922668457 4.68035459518433 0.751751840114594 0.607759237289429 -1.2808929681778 -0.969686686992645 -1.45428657531738 -0.0511925891041756 1.29029035568237 -1.1055713891983 -1.67736971378326 -1.71049451828003 11.6580476760864 16.1723232269287 39.5437049865723 0.421202450990677 0.30249035358429 0.193641915917397 0.131377547979355 0.129310727119446 0.396132618188858 1.36630535125732 6.02881193161011 6.6014518737793 8.6710844039917
3.26112341880798 2.80330014228821 3.29450273513794 2.32241821289062 4.43094205856323 1.12404429912567 7.43381214141846 6.49219226837158 4.63824033737183 7.76415920257568 8.62477684020996 11.0512733459473 11.918080329895 9.6738452911377 10.1525192260742 5.00166893005371 6.57256555557251 1.43794846534729 3.16309237480164 5.72922039031982 7.26543426513672 7.07368898391724 0.716023027896881 -1.50887799263 -1.3492956161499 -1.44425249099731 -1.09179079532623 6.05011034011841 -0.995072484016418 -1.24262726306915 5.21005010604858 -0.376198291778564 8.05155372619629 2.89915418624878 35.3427429199219 0.375145792961121 0.24607016146183 0.145361930131912 0.106069035828114 0.0574997551739216 0.119420647621155 0.800512790679932 1.4398729801178 5.82575511932373 7.61509561538696
3.60823154449463 3.02065443992615 2.63855051994324 2.81280303001404 1.49460065364838 3.2957775592804 1.65196931362152 6.29956340789795 5.55503845214844 4.26094007492065 6.72028732299805 10.2434320449829 9.7452392578125 10.4659690856934 8.96345233917236 7.91841793060303 1.43107259273529 5.92478513717651 2.68097162246704 4.51484107971191 6.45689344406128 -1.09128332138062 -1.44669961929321 -1.52468180656433 -1.63116919994354 -1.46553719043732 9.78125667572021 0.670309484004974 0.309685289859772 -1.28010547161102 -1.26546013355255 14.5073795318604 6.8220067024231 9.59672164916992 14.756796836853 17.5641574859619 0.251890689134598 0.128691077232361 0.0793000757694244 0.00371098006144166 -0.0576156340539455 0.303133100271225 0.878905296325684 4.21083354949951 5.56867122650146
3.18281984329224 3.1844539642334 2.62866234779358 2.32734537124634 2.11011528968811 1.20086407661438 2.66265797615051 3.58994626998901 5.52861356735229 4.89177751541138 4.60272073745728 7.09313488006592 9.24719524383545 9.65412902832031 8.11838722229004 7.72286796569824 5.76870822906494 5.61400175094604 2.73844337463379 1.99492383003235 0.583870053291321 0.452713817358017 -1.74347770214081 -1.63758873939514 -1.76839816570282 -1.65942084789276 -1.57640194892883 -1.26880216598511 0.285498708486557 -1.41218507289886 -1.17287504673004 -0.25713974237442 3.49162721633911 5.88365793228149 -0.270574003458023 33.4204216003418 0.577482342720032 0.127051830291748 0.0433749817311764 -0.044179804623127 -0.0797822773456573 0.0494369156658649 0.528351485729218 1.00844633579254 4.84788370132446
3.80459308624268 10.0710201263428 2.84001922607422 2.41792464256287 2.03071641921997 1.08125007152557 1.53517556190491 2.45213985443115 4.91401052474976 4.48518800735474 3.66579437255859 5.54169845581055 8.65159225463867 8.13727283477783 8.72927474975586 7.52087259292603 6.97989368438721 2.50585150718689 4.79777145385742 0.956972241401672 2.72838449478149 -0.355696350336075 -1.68867385387421 -1.37560713291168 -1.7075389623642 -0.155648395419121 -1.67516458034515 4.17778158187866 -1.0589382648468 -1.5450564622879 -1.56287145614624 -1.48731970787048 1.41782546043396 11.2183446884155 2.27490019798279 9.01435279846191 10.8665914535522 0.165019392967224 0.0456591919064522 -0.0204532891511917 -0.00880933180451393 -0.0392693318426609 0.205979868769646 0.638979971408844 0.833520889282227
3.95803904533386 9.26775741577148 3.01331782341003 2.44032549858093 2.1386182308197 1.65524971485138 0.965120434761047 4.39132928848267 2.89458894729614 4.55183792114258 4.13513040542603 3.96019649505615 6.00312471389771 7.95870018005371 8.17123413085938 6.85525465011597 7.01498937606812 6.46600341796875 4.44257736206055 2.06410765647888 -0.600562930107117 -0.048238217830658 -0.910370945930481 5.23044681549072 0.687243044376373 1.98008441925049 1.04198563098907 -0.439619123935699 -1.61327612400055 -1.38896811008453 -1.69780242443085 -1.70505213737488 -1.56212735176086 3.23558807373047 1.41472458839417 15.6224794387817 40.211799621582 5.92079305648804 0.00254615885205567 -0.0899996757507324 -0.145794674754143 -0.176482379436493 -0.0799396485090256 0.118823997676373 0.48761197924614
4.0998706817627 3.44834208488464 3.12368083000183 2.61207795143127 2.19575381278992 1.92444860935211 1.57868993282318 6.90702056884766 4.0062403678894 4.05528497695923 3.80561709403992 2.92833423614502 4.69627571105957 5.58105182647705 7.3744592666626 7.51279306411743 6.66698503494263 6.14569282531738 1.90023410320282 3.98980140686035 0.182025238871574 0.227153792977333 -0.669404208660126 2.52448320388794 -0.15608973801136 6.01676607131958 2.74765706062317 4.48493623733521 3.60346126556396 5.56022834777832 -1.6624356508255 -1.53262090682983 3.38446021080017 1.08084607124329 1.30384886264801 4.00019216537476 2.96462750434875 7.64262723922729 -0.045464813709259 -0.135300993919373 -0.168869510293007 -0.200260415673256 -0.307527035474777 -0.182669714093208 0.143352583050728
4.04595327377319 3.53001880645752 3.02792930603027 2.7482762336731 2.27597188949585 2.01767206192017 1.69365930557251 4.25284051895142 2.2918541431427 3.43257641792297 3.93217301368713 3.62318181991577 3.11845827102661 4.41254711151123 7.0096583366394 6.49962615966797 6.98402547836304 6.25064373016357 5.59560394287109 1.0090172290802 0.894686818122864 1.29507505893707 -0.619391024112701 2.56938552856445 1.0040944814682 4.27392530441284 -0.484983086585999 -0.422684013843536 -0.829679489135742 3.51972031593323 -1.73166596889496 -0.95384156703949 4.04366111755371 -0.88222336769104 0.41841384768486 3.71167492866516 14.0256776809692 39.2553520202637 6.35156679153442 -0.145259574055672 -0.170624345541 -0.297374606132507 -0.370771914720535 -0.389988541603088 -0.10429984331131
