slauniainen/Data/DEM/Vihti_dsm1500b_cl_horizonAngle_30.asc
NCOLS 196 
NROWS 178 
XLLCORNER 353680 
YLLCORNER 6699024 
CELLSIZE 16 
NODATA_value -3.4e+38 
[rows 100 to 119 of 178, columns 0 to 45 of 196]
17.3653984069824 13.057728767395 41.3823089599609 6.41332197189331 10.1087732315063 0.49734303355217 0.711135685443878 -5.69983167224564e-05 1.79483389854431 0.649026155471802 0.630842208862305 0.999667882919312 1.31886494159698 1.58560180664062 2.26437258720398 1.77196514606476 1.49226379394531 2.23333787918091 1.56022703647614 2.94054698944092 2.64838361740112 2.64158821105957 2.76097273826599 2.21390128135681 2.85708570480347 3.52307224273682 3.00974750518799 1.74721598625183 1.66438615322113 1.80018317699432 1.72646999359131 1.90165174007416 2.04957270622253 1.88207423686981 1.87825322151184 2.05948972702026 1.53521656990051 1.73922169208527 -0.942939460277557 -0.494059175252914 -0.444352328777313 8.99603271484375 16.5026245117188 36.4788589477539 38.8577156066895 -0.942912399768829
11.3581266403198 16.7135810852051 40.4531898498535 11.9506273269653 3.48645615577698 2.42222118377686 0.4697405397892 -0.0311963595449924 0.600087106227875 0.555412948131561 0.935016334056854 1.25158369541168 1.20918142795563 2.1703188419342 1.67034637928009 1.3275443315506 1.7284597158432 2.12433815002441 2.67795419692993 2.45988583564758 2.53223204612732 2.70513105392456 2.10199499130249 2.17642402648926 3.38851284980774 2.89796161651611 1.72143316268921 1.63375222682953 1.76381313800812 1.7047997713089 1.72245872020721 1.68832230567932 2.25752425193787 2.51712155342102 2.08349084854126 1.86370253562927 2.992995262146 48.0200309753418 4.50569534301758 -0.961702883243561 -0.490801393985748 10.910548210144 2.32347655296326 0.161497458815575 9.74431991577148 0.462101757526398
8.28673934936523 19.4230308532715 35.3858985900879 44.6351737976074 14.5436182022095 8.27097225189209 -0.500806629657745 -0.0427303835749626 -1.10708034038544 0.782464265823364 1.16994428634644 0.514052271842957 1.50246107578278 2.11972618103027 1.64381730556488 1.6434131860733 1.94885122776031 1.29784107208252 2.54559516906738 2.35891366004944 2.18619775772095 2.08035850524902 2.13791418075562 2.66466069221497 3.27306151390076 2.78831100463867 1.67875909805298 1.73149371147156 1.67077267169952 1.67061042785645 1.68804836273193 1.57901918888092 2.2045361995697 2.96474099159241 2.86223101615906 2.84436702728271 2.90986585617065 42.9643745422363 22.7504463195801 -0.611259520053864 -0.646456003189087 2.48952841758728 38.594367980957 39.6345024108887 15.3718328475952 -1.00791966915131
10.711766242981 18.947380065918 24.2587394714355 37.7751045227051 27.8243751525879 5.45603561401367 -0.232954084873199 -1.34152233600616 -1.36224639415741 0.687716841697693 1.13321733474731 1.12932658195496 2.03208041191101 1.5897411108017 -0.0850201174616814 1.91260206699371 1.20887684822083 2.32971143722534 2.144855260849 1.78922879695892 2.00472688674927 1.42819893360138 1.79973268508911 3.16757559776306 2.71715688705444 1.67297899723053 1.58207845687866 1.69223749637604 1.6389707326889 1.69584035873413 1.71615529060364 1.6824254989624 1.91357803344727 2.49756026268005 3.36520838737488 3.04077291488647 24.5425357818604 41.2977256774902 15.113899230957 -0.68681800365448 -0.572575986385345 0.505373239517212 25.8944931030273 28.0415153503418 45.5069351196289 29.6254177093506
12.4166421890259 16.050256729126 21.8065032958984 26.4529132843018 39.0550880432129 22.4265766143799 15.7961654663086 -1.48553252220154 -1.14908516407013 -0.940950989723206 0.349596589803696 1.39886713027954 2.00482225418091 31.6704711914062 0.142342388629913 2.1275646686554 -0.0371805056929588 2.27071976661682 1.60273778438568 1.79571831226349 0.941529989242554 1.35659849643707 2.55529117584229 3.08985757827759 2.63107085227966 1.6651017665863 1.69345927238464 1.62397813796997 1.53831624984741 1.6590348482132 2.09249091148376 1.67857480049133 1.63453137874603 2.07818675041199 3.23569202423096 3.64530181884766 21.2745018005371 41.0223426818848 22.0600814819336 4.57050180435181 -0.668013095855713 13.833740234375 16.5098247528076 17.8861827850342 32.4094619750977 11.6374578475952
12.061728477478 13.0935516357422 17.9262523651123 15.8480672836304 16.3350009918213 23.149019241333 -1.6326596736908 7.30282258987427 6.1527886390686 -0.638277947902679 0.782097339630127 1.86396658420563 1.53194653987885 31.8079090118408 0.56179940700531 29.0023765563965 0.708022356033325 2.00798916816711 1.66909384727478 0.786998450756073 1.18429470062256 1.59989392757416 2.97071933746338 2.60390996932983 1.47430896759033 1.72080683708191 1.7282475233078 1.60347902774811 1.62731063365936 1.54080080986023 1.74934339523315 1.60611915588379 1.51512491703033 2.11265182495117 2.5717146396637 16.6986083984375 20.4581565856934 37.1197052001953 43.6978569030762 42.3231430053711 19.2698593139648 11.7842273712158 12.9849290847778 21.0036926269531 8.74666404724121 16.6181621551514
10.5159196853638 14.0333652496338 9.59256362915039 14.9156122207642 16.538646697998 35.2477912902832 10.9270315170288 2.94632601737976 -1.10284912586212 -1.29419755935669 -0.539844870567322 1.70921194553375 0.123015142977238 24.4945507049561 1.85434317588806 2.73583936691284 1.49699532985687 1.03578460216522 1.66422414779663 0.766829907894135 1.45364594459534 2.23656177520752 2.87385582923889 2.52217936515808 1.213418841362 1.56166470050812 1.70529818534851 1.62238776683807 1.51825702190399 1.51059567928314 1.60222733020782 1.5142856836319 1.54535210132599 1.95723819732666 2.41804695129395 14.6636877059937 20.5949573516846 26.1085033416748 31.3972949981689 30.1748542785645 10.1200466156006 10.210973739624 10.8106393814087 25.5233383178711 10.6381130218506 15.2016344070435
9.5636043548584 8.64814853668213 12.5685663223267 5.99594783782959 9.25775718688965 28.7018928527832 23.222770690918 27.1135406494141 25.88694190979 -0.163246378302574 1.38830840587616 0.22033129632473 12.4370565414429 10.2393617630005 28.75657081604 20.4068756103516 1.41303443908691 1.32623684406281 1.88763201236725 1.10175049304962 2.09553909301758 2.66477227210999 2.45571374893188 1.15245759487152 1.15714120864868 1.48886549472809 1.74875473976135 1.84617948532104 1.48632943630219 1.58251142501831 1.50792992115021 1.56146192550659 1.51039791107178 1.90738487243652 12.5572366714478 13.7639131546021 18.3990783691406 22.2901039123535 22.072078704834 12.3642616271973 9.01291275024414 9.39229202270508 13.5308218002319 17.6309604644775 10.4630527496338 12.5606489181519
17.7159042358398 12.9509525299072 26.8733463287354 22.9794464111328 24.0020999908447 27.8233699798584 31.1749591827393 32.8112678527832 34.0748100280762 12.656777381897 0.0951038673520088 -0.313010334968567 9.69530010223389 1.64070868492126 18.681468963623 3.83891606330872 8.373948097229 0.390168249607086 -0.478754609823227 1.61439311504364 2.54597663879395 2.30556535720825 1.09643614292145 1.10390448570251 1.0975182056427 1.10752844810486 1.60674393177032 1.77261006832123 2.0630784034729 1.9999760389328 1.83221685886383 2.08166766166687 1.83150506019592 10.9699592590332 10.8327960968018 14.1125440597534 17.0113983154297 18.602611541748 18.5438404083252 8.6958646774292 6.77370834350586 5.23107767105103 12.5320167541504 12.4587669372559 9.64652538299561 14.1239414215088
12.251275062561 8.87479400634766 18.4308757781982 15.7374753952026 20.2137718200684 21.3583240509033 22.9367179870605 17.8496723175049 24.4820041656494 25.4509410858154 28.6994361877441 6.1769061088562 7.54849910736084 10.5902519226074 10.2443609237671 8.78339385986328 28.7113628387451 29.2246990203857 2.75208950042725 3.07935786247253 2.60097312927246 2.26906657218933 1.03090846538544 1.0595201253891 1.08307456970215 1.07055866718292 1.47209775447845 1.30342876911163 1.87079453468323 2.00162577629089 1.92859041690826 0.115655496716499 0.355358570814133 10.1016454696655 12.3480663299561 12.568510055542 15.0172853469849 15.2981672286987 9.84392738342285 18.1173858642578 15.7364387512207 10.8941211700439 10.6428861618042 8.06610107421875 8.66962051391602 12.5102586746216
8.79517555236816 11.9964475631714 9.87695026397705 15.7029390335083 13.6584796905518 17.7832717895508 19.0833206176758 16.7923221588135 14.0281600952148 17.6564788818359 19.7765560150146 5.62011528015137 0.814692676067352 8.58628463745117 5.07496023178101 4.21632814407349 20.074951171875 20.1603622436523 2.02037239074707 2.5339686870575 2.2270359992981 0.966083824634552 0.962918698787689 1.02106428146362 1.02834165096283 1.02632176876068 1.23447620868683 -0.123878911137581 1.45937097072601 1.52107656002045 40.3975868225098 0.022344721481204 4.40814018249512 9.09908485412598 11.3642024993896 12.7793836593628 13.1490020751953 13.4471998214722 7.7021312713623 12.9878005981445 11.5376415252686 8.80659580230713 8.36779403686523 7.60333919525146 10.6381788253784 11.0236682891846
7.96127557754517 10.0116472244263 8.46053600311279 13.8501892089844 13.7268371582031 14.8881855010986 11.7927684783936 13.9987335205078 12.254714012146 13.3510265350342 4.73636770248413 5.02011632919312 6.09479475021362 6.26810073852539 3.60309743881226 11.6790266036987 11.8862390518188 1.32720124721527 2.03220582008362 2.44789838790894 2.09319424629211 0.958349585533142 0.931163132190704 0.976722240447998 0.992141425609589 1.01744091510773 13.2263879776001 -0.499218434095383 -1.00567078590393 -0.532925307750702 -0.732134997844696 -0.860776543617249 1.86027479171753 4.46296310424805 11.2096252441406 11.2936525344849 11.5382566452026 7.02005577087402 9.21331596374512 8.82071781158447 9.33058643341064 8.31809043884277 6.84208679199219 9.38368797302246 9.6007251739502 8.84362506866455
8.7681827545166 7.70664358139038 11.4367179870605 9.24728107452393 11.8912725448608 13.0025110244751 10.7152938842773 9.42907428741455 10.2335681915283 11.3836231231689 4.27482986450195 3.92435073852539 5.57202291488647 2.32846426963806 2.35607767105103 9.32558155059814 9.59768581390381 1.33591091632843 2.37068819999695 2.06631088256836 0.907895445823669 0.911145627498627 0.946104884147644 0.960069179534912 -1.40879511833191 -1.21659994125366 -1.72535264492035 9.29837322235107 7.32797431945801 19.9365234375 4.69515943527222 0.609624564647675 1.13446819782257 4.92175149917603 10.318302154541 10.1763563156128 7.09373378753662 6.55943632125854 7.52369213104248 8.55432987213135 7.6919150352478 6.3468451499939 6.4306001663208 8.7754077911377 8.49953937530518 8.41215324401855
8.10326480865479 10.1029806137085 8.19715595245361 9.52511501312256 10.2365026473999 8.00598335266113 9.17542362213135 7.67840671539307 8.76076889038086 4.04498672485352 1.94363057613373 4.64427328109741 1.50455367565155 2.2084105014801 6.8713903427124 7.01758432388306 1.24914050102234 1.8661642074585 2.33005738258362 1.98085129261017 0.878604114055634 0.90922474861145 0.925182521343231 -1.59969508647919 -1.46045613288879 3.50312232971191 -1.3563140630722 -1.23458623886108 7.02144527435303 15.940393447876 25.5849590301514 0.271507203578949 2.51322793960571 2.69049787521362 9.13187313079834 9.34965229034424 6.10560846328735 6.51609373092651 5.93076133728027 8.00170230865479 7.23770570755005 6.05322551727295 8.02498245239258 7.96364974975586 7.46603107452393 8.79305744171143
9.88347339630127 9.42421531677246 8.28219318389893 8.63826465606689 6.33467102050781 6.61834144592285 4.34743165969849 6.55837059020996 7.62180757522583 3.41358613967896 3.86878347396851 4.11392450332642 1.83534777164459 1.28487718105316 6.09739589691162 6.14939498901367 1.75315916538239 2.21432209014893 1.97494149208069 1.56568956375122 0.901791453361511 -0.984824895858765 2.83813261985779 -1.62322926521301 -1.74114918708801 1.80390441417694 7.27287912368774 0.439534455537796 8.67741680145264 9.99346923828125 15.1335725784302 18.4924640655518 1.7074476480484 2.94901180267334 3.78460836410522 6.04734230041504 5.7777247428894 6.19265842437744 7.34528684616089 6.65416860580444 5.57383489608765 5.79744815826416 7.53241682052612 7.31728744506836 7.75161933898926 7.81830358505249
7.77686738967896 7.28937721252441 7.71133184432983 7.88588047027588 5.3641185760498 4.31255531311035 4.13493204116821 5.72968196868896 3.1653139591217 0.715432822704315 3.56063985824585 1.45526564121246 1.47712302207947 5.02330923080444 5.06074953079224 1.16459560394287 2.09900069236755 1.93493032455444 1.70881104469299 1.44898891448975 11.9030380249023 21.0407028198242 -1.82119643688202 0.420757412910461 -1.74520623683929 -1.82154965400696 -1.80833446979523 1.53015494346619 6.30305767059326 6.78732204437256 9.77627658843994 8.3249568939209 1.69070839881897 1.61991095542908 1.34983360767365 5.42125368118286 5.84656667709351 6.82658720016479 6.19001579284668 5.35295057296753 5.4171290397644 6.92678260803223 6.77199602127075 6.306556224823 7.18456268310547 7.25037240982056
15.3041925430298 7.69187879562378 7.45581340789795 5.2375659942627 4.76066446304321 2.39689540863037 3.09937262535095 2.2341480255127 2.49784326553345 2.96239161491394 3.24460244178772 1.35659444332123 4.21379470825195 4.2988395690918 0.891906559467316 1.66982066631317 2.08991289138794 1.89662706851959 1.13168740272522 25.080904006958 23.7892303466797 14.7601299285889 -1.79714679718018 0.232953161001205 -0.489120006561279 -1.89564216136932 -1.16017532348633 4.31048917770386 4.05897092819214 4.3283634185791 2.26487827301025 4.44305562973022 1.30269157886505 9.87600135803223 0.30375999212265 1.30920195579529 5.60042285919189 6.50710725784302 5.90347480773926 4.9529972076416 6.4304723739624 6.24855613708496 5.81566476821899 6.50262880325317 6.57270336151123 5.90760231018066
12.3986730575562 10.5217781066895 7.23576211929321 5.23720026016235 7.45308685302734 2.44854331016541 2.41493058204651 1.27357292175293 1.87169706821442 2.68023538589478 1.2992604970932 1.12634205818176 3.86416220664978 3.97337198257446 1.11143922805786 1.97709834575653 1.79393148422241 1.35330283641815 6.81441640853882 20.0235080718994 3.46431970596313 23.3638648986816 2.93898224830627 6.69365692138672 1.07575285434723 3.52169489860535 -0.738588392734528 2.45355010032654 3.17232537269592 3.40439558029175 1.890092253685 1.32501769065857 1.12872588634491 3.04175543785095 0.102359429001808 2.28110504150391 6.22584629058838 5.52804708480835 4.63240337371826 4.87974691390991 6.07735204696655 5.92013072967529 5.43756103515625 6.0296802520752 6.09124374389648 5.48724937438965
8.07356834411621 10.4959774017334 5.20834732055664 4.54875516891479 3.41763877868652 4.77360391616821 1.26046788692474 0.280843079090118 1.75763535499573 1.14574885368347 0.952128767967224 3.20886278152466 3.32636618614197 1.05110907554626 1.56901931762695 1.94792890548706 1.766148686409 1.82164096832275 13.1166038513184 40.234920501709 15.9500045776367 16.7330284118652 5.20983457565308 4.76935815811157 0.0896840617060661 6.05017137527466 5.01301002502441 7.03417634963989 4.04494476318359 10.6039028167725 4.14092350006104 0.998004913330078 1.09251046180725 3.11813473701477 0.435732394456863 1.1771833896637 2.10607051849365 5.24729681015015 4.39485788345337 5.65329217910767 5.48772764205933 5.03372383117676 5.49287843704224 5.5288553237915 5.01468276977539 3.85930490493774
7.40331554412842 9.24161434173584 4.494300365448 5.16859817504883 2.13042759895325 2.94822216033936 1.00742614269257 1.06152260303497 1.4389945268631 0.751453697681427 0.989126026630402 2.97745752334595 3.10157084465027 1.48628103733063 1.86362254619598 1.67133665084839 0.820204198360443 3.45908355712891 11.1718120574951 28.3916473388672 18.0320510864258 13.4737730026245 2.73050594329834 7.21525907516479 2.03031587600708 2.35650420188904 2.116938829422 2.3753023147583 2.01164507865906 7.71893310546875 2.20663118362427 0.707714259624481 1.50764012336731 2.28412103652954 0.773897647857666 1.43698406219482 2.03188443183899 4.2026219367981 4.43768119812012 5.3814492225647 5.21898031234741 5.04494142532349 5.08227300643921 4.91011047363281 4.71799945831299 2.27755832672119
