slauniainen/Data/DEM/Vihti_dsm1500b_cl_horizonAngle_36.asc
NCOLS 196 
NROWS 178 
XLLCORNER 353680 
YLLCORNER 6699024 
CELLSIZE 16 
NODATA_value -3.4e+38 
[rows 60 to 79 of 178, columns 46 to 91 of 196]
0.018292672932148 0.0302732698619366 0.754552066326141 0.232558250427246 0.604499101638794 2.58811640739441 7.36934852600098 14.7078866958618 10.8364934921265 5.7517204284668 8.28558540344238 11.4125499725342 10.7329397201538 7.14274930953979 15.3531274795532 0.945822954177856 0.225794464349747 0.278725147247314 0.277669370174408 0.094116099178791 0.686167001724243 6.41486930847168 2.32148742675781 2.24348592758179 0.758682012557983 1.16657090187073 1.58365595340729 0.0862192586064339 6.88121175765991 0.153622105717659 0.015155965462327 0.467510521411896 0.553545832633972 1.21836960315704 2.74901819229126 2.00272083282471 2.10303211212158 2.54190850257874 5.0330662727356 4.47387409210205 5.5317587852478 6.7534384727478 16.5975914001465 2.5298490524292 7.29494524002075 9.75788402557373
-0.525157928466797 -0.0822193026542664 0.160862743854523 0.347253203392029 0.306072115898132 0.389725834131241 3.50737261772156 9.51383018493652 4.83222198486328 7.63451671600342 7.67773628234863 6.3819260597229 10.5192584991455 13.6849813461304 11.1067934036255 3.81825065612793 4.39726972579956 0.583493173122406 -0.0287377461791039 0.196503251791 0.109306871891022 0.72032618522644 0.28040736913681 4.60835361480713 0.332016050815582 1.0601304769516 0.663812696933746 3.23706364631653 7.74016523361206 1.80319654941559 9.58606243133545 2.53380155563354 0.91008335351944 0.754604637622833 4.7934422492981 9.16996288299561 2.31335306167603 3.38466429710388 10.3543157577515 4.34903383255005 3.44457054138184 3.14647722244263 21.8123359680176 4.22549629211426 4.56164598464966 6.77809810638428
21.9298477172852 12.258505821228 0.020912179723382 0.0341630168259144 0.0732520446181297 -0.0727337747812271 0.95961058139801 3.62360453605652 2.32391500473022 3.75405168533325 4.44111251831055 5.74237155914307 6.11607933044434 5.27585411071777 18.9706630706787 4.8056492805481 0.244671806693077 0.9256711602211 2.91509342193604 2.61815786361694 0.572246134281158 -0.142109677195549 -0.401456505060196 -0.388309806585312 0.230633959174156 1.72923564910889 -0.132474556565285 2.75175952911377 1.0920318365097 2.2892758846283 11.7289714813232 10.2676687240601 7.90487766265869 3.23311924934387 8.64644336700439 11.4031286239624 7.43931770324707 3.7183690071106 4.3951301574707 4.39983510971069 3.32938075065613 4.38741874694824 12.1869955062866 4.39066219329834 2.84144926071167 3.55253767967224
26.009449005127 25.2826919555664 1.90524482727051 0.711418688297272 -0.306169033050537 0.122540347278118 0.918009340763092 6.84435224533081 2.13350343704224 3.35927653312683 3.17851400375366 5.01976299285889 3.06395387649536 5.5716872215271 13.2915496826172 0.936056137084961 0.0225114040076733 -0.111400246620178 0.609033048152924 -0.054624255746603 0.892532527446747 -0.34957155585289 -0.488214284181595 0.1731346398592 -0.0701824128627777 -0.247174963355064 0.0285115297883749 0.475952208042145 0.561163127422333 2.37195324897766 6.73942232131958 5.27627515792847 4.40807723999023 5.65158700942993 5.72270250320435 1.91286790370941 3.02890944480896 4.04677295684814 5.03017711639404 4.81838035583496 4.17933082580566 5.90660333633423 3.22070837020874 2.71924829483032 2.4632933139801 1.39003527164459
18.1183967590332 37.5408134460449 24.0758113861084 17.3259105682373 -0.168901473283768 0.192608281970024 0.958369195461273 6.16587924957275 2.96409225463867 4.62126350402832 3.7687623500824 4.32861661911011 5.04036045074463 6.07709360122681 6.56193733215332 2.04506945610046 -0.554026365280151 0.172474205493927 14.3570766448975 5.05284118652344 1.051429271698 0.0462798476219177 1.83989822864532 2.50310182571411 6.14998340606689 2.29228544235229 8.66394519805908 -0.160917013883591 3.15875387191772 0.700885057449341 0.734519362449646 0.304889619350433 2.80189847946167 5.52869939804077 2.13541841506958 2.87654519081116 4.03017377853394 2.74842000007629 2.6435980796814 2.406085729599 2.46070122718811 7.01410579681396 4.49993753433228 1.73141670227051 3.75224542617798 6.79406213760376
17.4992179870605 25.9417495727539 30.1689834594727 4.80070924758911 0.12602411210537 0.0623659528791904 0.916901111602783 1.88215065002441 3.30685806274414 4.16588449478149 3.04418992996216 0.676618814468384 1.49058425426483 1.52551913261414 0.0721388980746269 7.77096748352051 2.26657128334045 0.277450263500214 4.70597743988037 17.5594787597656 9.01343727111816 -0.540003895759583 -0.345028579235077 0.526244461536407 1.580690741539 0.961047112941742 1.61014831066132 1.4959716796875 5.45847082138062 0.1296017318964 -0.0488549023866653 1.05136668682098 1.60695993900299 1.16462302207947 2.47727560997009 2.76642870903015 1.57897472381592 2.20763444900513 -0.658520221710205 1.36775803565979 5.24679040908813 2.35832285881042 32.027271270752 29.3861885070801 7.00436115264893 16.1099853515625
17.1311359405518 17.0346431732178 37.8861694335938 38.9847793579102 8.96402549743652 0.340962618589401 0.0163062177598476 0.783381283283234 1.19093692302704 0.00543218478560448 0.0242139380425215 0.0226954277604818 0.138416618108749 -0.40715891122818 -0.408231526613235 9.34281635284424 -0.189942121505737 18.0232772827148 3.01321268081665 2.21292114257812 7.22996425628662 9.30001544952393 -0.102910801768303 -0.384545147418976 0.235207691788673 4.63534927368164 4.53689622879028 2.6783812046051 1.20406115055084 3.3961763381958 0.803042829036713 1.32416033744812 0.675298869609833 0.504006266593933 1.82494246959686 2.19082164764404 1.57809519767761 2.57492280006409 1.1584724187851 1.71700429916382 2.06059646606445 25.8238658905029 22.370584487915 22.1649208068848 12.7543601989746 11.8161706924438
12.9634704589844 14.4770488739014 27.0620803833008 34.8305435180664 0.00813387986272573 1.48158144950867 0.332355111837387 0.421029418706894 -0.0656787157058716 0.53252375125885 0.699319303035736 0.815018057823181 1.81746649742126 -0.623799383640289 -0.733889043331146 12.4277038574219 6.48339509963989 1.47968661785126 -0.592423260211945 -0.372841089963913 5.96753597259521 10.5648517608643 2.86639928817749 -0.00401341915130615 0.0250225402414799 3.43697142601013 4.02852964401245 15.0543088912964 11.2915201187134 11.4946260452271 1.06526112556458 4.81240129470825 6.78056621551514 1.65731179714203 2.01655912399292 0.797012746334076 1.59377634525299 1.83759999275208 6.06799125671387 4.58498048782349 19.1107559204102 14.3344287872314 9.11982822418213 15.8761196136475 7.55329036712646 11.2053546905518
11.8133230209351 17.8507652282715 19.4035701751709 41.6900978088379 1.45893549919128 6.58990240097046 -0.0610348954796791 0.0400741323828697 -0.148597046732903 -0.14584644138813 0.0775862783193588 5.57420015335083 7.855712890625 8.41874599456787 3.42041087150574 10.9047365188599 8.54081630706787 5.6371693611145 8.34603118896484 4.06072473526001 0.194743350148201 -0.962459206581116 5.80275011062622 5.53353214263916 1.47988593578339 0.314257055521011 0.681622385978699 9.65605545043945 4.47285127639771 15.1075134277344 14.9338312149048 9.51245880126953 14.2873334884644 15.4444313049316 27.0055389404297 25.3961811065674 28.3264923095703 18.019136428833 25.8218955993652 21.6788291931152 9.71745681762695 8.68595314025879 3.29608941078186 5.44863033294678 9.08727550506592 11.5369424819946
13.5858631134033 14.5836811065674 16.0188808441162 40.1817054748535 18.3259201049805 5.60690212249756 7.45002126693726 9.68519687652588 3.51860976219177 -0.462511718273163 -0.170310750603676 2.78052186965942 1.36236238479614 7.18345403671265 -0.338971436023712 6.56918239593506 24.8065624237061 6.92273330688477 5.59819936752319 -0.364170700311661 5.74446439743042 5.45244979858398 1.62739968299866 0.0254444293677807 7.10420608520508 0.649615466594696 0.572875320911407 6.24613428115845 5.77206468582153 10.7002267837524 12.4438810348511 7.78983783721924 17.85205078125 18.8932971954346 16.3194694519043 16.3950347900391 21.7857570648193 11.8781595230103 12.4814100265503 8.60532188415527 14.2829866409302 23.2726650238037 4.45005321502686 4.22682905197144 8.71878433227539 9.79447174072266
11.5514879226685 11.7441892623901 19.7121047973633 28.1986961364746 28.1726875305176 22.7500839233398 28.443323135376 12.4048757553101 14.4421758651733 10.0208892822266 12.1298494338989 13.7980527877808 8.41634559631348 18.4523048400879 3.2745897769928 8.84374523162842 23.2639484405518 33.7696418762207 33.0710830688477 24.4316139221191 3.13226008415222 -0.469157576560974 -0.767600119113922 -0.384965121746063 0.25702303647995 5.97548723220825 1.06593668460846 13.3427391052246 6.91692686080933 7.49466371536255 4.08496332168579 12.3125839233398 13.6194458007812 12.3870868682861 11.803337097168 16.3164653778076 9.37738800048828 12.6121377944946 10.0418844223022 9.23540687561035 7.23339939117432 2.99781274795532 4.08794021606445 7.25746440887451 9.56853199005127 10.2190141677856
10.3106184005737 14.4563465118408 18.4049987792969 17.4949188232422 28.1871070861816 26.7526607513428 34.810920715332 4.40176963806152 10.8660545349121 9.69126892089844 7.19428443908691 18.4830226898193 12.2558641433716 13.4377975463867 6.96389055252075 17.1075782775879 16.8118438720703 22.4589729309082 23.9393634796143 20.5853595733643 6.26217889785767 6.80702447891235 -0.706226468086243 0.0167703032493591 -0.0460448116064072 21.0161476135254 2.23598885536194 8.14531803131104 7.52727079391479 10.8676605224609 5.96601676940918 6.6076922416687 6.50606775283813 7.89776706695557 9.32477760314941 6.65925645828247 8.44636631011963 11.4927396774292 6.0793890953064 5.19479513168335 2.02699255943298 9.87885189056396 7.16330003738403 6.05412912368774 8.47463703155518 8.20566940307617
11.4590101242065 13.5293226242065 12.382453918457 18.4659996032715 17.3269004821777 17.4087162017822 38.4508056640625 17.3036308288574 14.7388439178467 22.9414005279541 13.8567266464233 12.9828729629517 14.7665519714355 15.9345788955688 11.5777378082275 18.7625541687012 17.0919723510742 14.9815654754639 8.89996242523193 10.0553026199341 3.00163769721985 1.84732043743134 -0.00908487848937511 -0.310913950204849 7.10948944091797 16.57958984375 5.83665227890015 2.3890106678009 4.15922737121582 6.92572069168091 4.92332077026367 1.85529243946075 2.43734979629517 8.10338687896729 7.13019609451294 6.84565353393555 7.7746410369873 3.40893077850342 4.9445219039917 12.1733198165894 7.90166282653809 3.70072793960571 8.46858787536621 8.02332878112793 7.69338512420654 7.57373905181885
10.6545763015747 9.76167011260986 13.544095993042 12.7818479537964 12.8229999542236 15.3540019989014 26.7992534637451 12.1210918426514 10.3688192367554 18.803882598877 14.2322444915771 21.8521900177002 22.7781219482422 13.0397977828979 13.1576805114746 12.9252548217773 18.3823280334473 28.6178970336914 16.8484191894531 10.3325967788696 0.369240790605545 7.62701416015625 -0.115394607186317 4.23032283782959 6.5056471824646 8.29292488098145 13.5698795318604 3.52070999145508 4.03456878662109 5.18836784362793 10.4624824523926 5.15846920013428 2.96511149406433 6.89815521240234 5.25811100006104 8.40178108215332 2.96761894226074 4.51878118515015 2.2007851600647 5.60448503494263 3.55782723426819 5.25990438461304 6.00360536575317 7.74888229370117 7.65373468399048 6.16524696350098
9.51181697845459 10.6998252868652 10.5998239517212 10.394585609436 11.5971441268921 17.4985065460205 25.9392013549805 25.8484649658203 17.4051532745361 17.398983001709 14.8085718154907 14.741717338562 8.40254402160645 10.3775014877319 10.2358951568604 12.6777811050415 12.380744934082 23.0863342285156 16.0548076629639 11.8113231658936 6.93623542785645 3.01979184150696 0.628658056259155 0.871781229972839 1.00021076202393 4.027268409729 6.34953546524048 6.92276811599731 1.96830189228058 3.3665337562561 5.49174737930298 6.79581689834595 5.8505072593689 2.62903571128845 5.1680326461792 16.4792594909668 7.47449207305908 21.9871063232422 13.4759311676025 3.44710493087769 6.0580267906189 5.90070867538452 6.74412536621094 7.42319297790527 10.7044887542725 8.35780429840088
7.36012315750122 9.59458923339844 9.06165409088135 9.2601842880249 13.09055519104 13.3387184143066 17.454158782959 17.5484180450439 12.5068025588989 10.3927459716797 11.6357688903809 6.53327751159668 8.65049362182617 9.25774478912354 9.09765625 11.3902778625488 13.6866121292114 24.5607624053955 5.76886892318726 9.12068748474121 14.5051345825195 7.9056077003479 11.4619216918945 11.0351734161377 2.20854115486145 3.12524461746216 3.27317881584167 22.1433734893799 2.65170550346375 1.8011292219162 3.10089755058289 8.57413864135742 3.47651505470276 4.58131265640259 4.0435643196106 10.3655033111572 3.09402656555176 12.2799291610718 11.0144996643066 14.6488637924194 5.57613325119019 6.08065271377563 5.70718050003052 6.50441884994507 7.22119092941284 11.3600931167603
8.11602020263672 7.72123241424561 8.08029365539551 10.3684606552124 10.6263971328735 10.9462919235229 10.965802192688 10.7645683288574 8.87532234191895 9.82728958129883 7.05517101287842 7.485764503479 7.80103349685669 7.68459606170654 9.64779186248779 10.1541080474854 12.1647920608521 35.2548713684082 35.0330581665039 7.63123655319214 29.9808807373047 12.366626739502 -0.11451368778944 2.36090660095215 2.76290011405945 3.09977650642395 3.98609328269958 13.8702449798584 0.818050801753998 2.50369119644165 1.51707744598389 16.6568260192871 13.3655595779419 3.7441086769104 1.94201517105103 1.85788023471832 1.79632675647736 8.38028335571289 5.47219848632812 15.6574449539185 17.4051094055176 19.739652633667 9.6881046295166 5.96164560317993 4.44007396697998 6.16246652603149
6.76147413253784 7.06895685195923 7.58687305450439 9.14105224609375 9.2807731628418 8.71788120269775 9.23225212097168 7.76587247848511 8.58569717407227 7.58066082000732 6.59158897399902 6.80026912689209 6.65559244155884 8.38288497924805 8.35575199127197 9.79222106933594 12.3835754394531 24.2864761352539 30.1307392120361 21.7380867004395 25.9232501983643 17.9077110290527 7.67026710510254 12.1901245117188 4.6432991027832 5.26324129104614 8.36812210083008 17.1860771179199 9.71217155456543 19.2773056030273 4.70574188232422 10.1982536315918 18.7495574951172 16.6306800842285 1.72558510303497 8.84561729431152 3.37276649475098 4.24870777130127 6.19594526290894 8.77873134613037 9.35630321502686 10.4013547897339 5.46945238113403 4.26609230041504 5.76695203781128 6.49396371841431
6.25916242599487 6.63566064834595 8.00994682312012 7.80336236953735 7.34310150146484 8.10544872283936 6.85328197479248 7.60652637481689 6.51864051818848 4.86703872680664 6.17436122894287 5.88156032562256 7.39723014831543 7.382493019104 8.47243404388428 9.79616260528564 15.8998985290527 16.7227172851562 20.4907321929932 17.743127822876 22.4633102416992 22.9761085510254 16.4984722137451 2.60010123252869 2.16310286521912 2.01702928543091 4.17962837219238 7.2024130821228 1.90433037281036 20.5386238098145 7.03294277191162 5.6334171295166 14.6458940505981 5.92047357559204 1.34511268138885 3.07391119003296 2.66635799407959 4.84746742248535 6.73248291015625 5.95808219909668 6.92826318740845 10.6701555252075 11.5346918106079 6.65745878219604 10.1550455093384 6.65580368041992
5.88845586776733 6.59802103042603 7.51093006134033 6.96719980239868 6.73335027694702 7.58196306228638 6.35266304016113 7.13290739059448 4.52645397186279 5.61747884750366 5.63474130630493 5.54949998855591 6.93786239624023 7.52590894699097 7.63113880157471 11.6652736663818 12.3740501403809 13.6034297943115 14.0331296920776 14.0293970108032 16.9006233215332 14.257472038269 16.7210865020752 20.2899856567383 6.93389129638672 2.19581413269043 15.4844150543213 10.4360046386719 5.21994018554688 7.44267272949219 4.694176197052 6.96035194396973 25.0002174377441 32.871265411377 16.1426258087158 17.6686000823975 4.11831951141357 5.06729221343994 5.40337371826172 5.40781927108765 4.37241840362549 4.74604511260986 4.85025358200073 5.40821552276611 6.36978530883789 7.47471857070923
