slauniainen/Data/DEM/Vihti_dem1500b_cl_horizonAngle_234.asc
NCOLS 196 
NROWS 178 
XLLCORNER 353680 
YLLCORNER 6699024 
CELLSIZE 16 
NODATA_value -3.4e+38 
[rows 20 to 39 of 178, columns 0 to 44 of 196]
3.83212995529175 2.58243274688721 4.25524377822876 5.42862796783447 3.43007922172546 2.38858103752136 2.23906707763672 1.68280518054962 1.2291042804718 1.11189949512482 0.422867029905319 0.0195324774831533 -0.534921050071716 -1.17663097381592 -2.21231365203857 -2.92297768592834 -3.34793710708618 -3.67114329338074 -3.90126323699951 -4.08846712112427 -4.26371145248413 -2.94978952407837 -0.644830703735352 6.91167593002319 8.8428373336792 8.4158239364624 5.59161901473999 3.48312640190125 1.27557957172394 -0.327761292457581 -1.8041980266571 -2.8526611328125 -2.50125861167908 -1.04881060123444 -0.557621657848358 -1.93004071712494 -1.0363734960556 1.12225317955017 -0.728764951229095 -1.94923460483551 -0.120413228869438 1.22083020210266 -1.65433835983276 -3.2260730266571 -3.58859729766846
2.92391347885132 2.38120293617249 6.00086307525635 5.83443641662598 3.23323178291321 2.47667050361633 2.26564407348633 1.54276347160339 0.940701842308044 0.710697293281555 0.337119340896606 -0.0349259488284588 -0.602753579616547 -0.973262548446655 -2.00883555412292 -2.73409867286682 -3.03228950500488 -3.30222368240356 -3.59515762329102 -4.02703905105591 -4.25981187820435 -3.02569842338562 -1.99574065208435 5.25061988830566 7.45636463165283 8.32516098022461 5.76672124862671 3.98275828361511 2.24916553497314 0.289795756340027 -1.97143054008484 -2.67875170707703 -2.77477693557739 -2.174973487854 -1.23027634620667 -1.39045298099518 -2.71111464500427 -1.57241714000702 -0.967658579349518 -1.40627837181091 -0.724086105823517 -0.278524219989777 -1.94746363162994 -3.32741403579712 -3.77947163581848
2.59296989440918 2.83466386795044 7.15766048431396 4.75188159942627 3.09430408477783 2.74243569374084 2.11800384521484 1.14140498638153 0.758899092674255 0.63061648607254 0.333458364009857 -0.0926302894949913 -0.522998571395874 -0.949455559253693 -1.70228064060211 -2.50079441070557 -2.81712698936462 -3.04575395584106 -3.36777257919312 -3.92215037345886 -4.20425271987915 -4.33934879302979 -4.07451963424683 3.8348388671875 6.71678924560547 8.08042144775391 6.84040117263794 3.77634882926941 2.15626764297485 0.696693778038025 -1.34152364730835 -2.0705771446228 -2.62758016586304 -3.17360281944275 -3.39797449111938 -2.32855939865112 -4.02920818328857 -4.01716375350952 -2.24069142341614 -1.45886921882629 -0.374544024467468 -0.0802736133337021 -1.49938225746155 -2.4481885433197 -1.82400977611542
2.02687406539917 4.81421613693237 7.14924049377441 4.55630922317505 3.13567900657654 2.7257297039032 1.61754131317139 0.906113803386688 0.739224970340729 0.659412026405334 0.363750010728836 -0.0930781736969948 -0.499262928962708 -0.910613596439362 -1.43188321590424 -2.31957674026489 -2.64158892631531 -2.87848997116089 -3.30259704589844 -3.70677328109741 -4.02054023742676 -4.22369575500488 -4.35334491729736 0.155940100550652 5.45003604888916 8.1042537689209 7.39672708511353 4.67889738082886 2.1818311214447 0.641615092754364 -0.768932044506073 -2.0688853263855 -2.92795324325562 -3.46676921844482 -3.9223108291626 -3.87342643737793 -3.90190482139587 -3.86975812911987 -3.83950757980347 -2.86753964424133 -1.79222846031189 -0.988538682460785 -0.979170083999634 -0.16152435541153 0.85822868347168
2.15788245201111 7.3172402381897 7.00685167312622 4.49965572357178 2.64003896713257 2.08800911903381 1.1143125295639 0.934225082397461 0.840954303741455 0.749854564666748 0.459355860948563 -0.080452598631382 -0.474575042724609 -0.79201465845108 -1.22318148612976 -2.0341899394989 -2.44522476196289 -2.79589056968689 -3.17279863357544 -3.52501583099365 -3.84661722183228 -4.06438159942627 -4.18539381027222 -2.36864757537842 3.83198046684265 7.4008002281189 8.04410457611084 4.67967414855957 2.26469802856445 0.513090193271637 -0.675663411617279 -2.14869570732117 -2.88536930084229 -3.58221197128296 -3.6371898651123 -3.55726552009583 -3.63213920593262 -3.69548630714417 -3.6822075843811 -3.705237865448 -3.68295502662659 -2.85600996017456 -2.29788064956665 -0.56342476606369 0.658834934234619
2.73655438423157 8.55984783172607 7.24052810668945 3.81599402427673 2.03460645675659 1.66984879970551 1.18874764442444 1.05854654312134 0.956026315689087 0.869516134262085 0.533916771411896 -0.0406060293316841 -0.334861695766449 -0.711178004741669 -1.09071505069733 -1.67801320552826 -2.16682600975037 -2.60455799102783 -2.95918703079224 -3.32739853858948 -3.63512110710144 -3.86672043800354 -4.02147674560547 -3.08682227134705 2.89074444770813 6.38675546646118 8.09891223907471 3.85429239273071 2.48369121551514 0.477093309164047 -1.36157560348511 -2.43830871582031 -2.41198897361755 -2.02801942825317 -2.47191715240479 -2.67395281791687 -3.26619410514832 -3.44131135940552 -3.49264359474182 -3.55332350730896 -3.55983448028564 -3.55329608917236 -2.65610694885254 -2.10082292556763 -0.269763946533203
1.9838547706604 7.35719156265259 5.52700233459473 2.44842314720154 1.90738463401794 1.74427056312561 1.33448958396912 1.17026042938232 1.0863128900528 0.84951639175415 0.509987831115723 0.0363000631332397 -0.226854532957077 -0.569486260414124 -0.988412737846375 -1.48784196376801 -2.00975608825684 -2.41138768196106 -2.71814727783203 -2.9610161781311 -3.20737504959106 -3.4916729927063 -3.77414178848267 -1.15089154243469 3.57453441619873 7.15283107757568 8.242018699646 4.44018793106079 1.11697018146515 -0.658043026924133 -2.30376172065735 -1.41950261592865 -0.44583848118782 0.474678963422775 -1.76360964775085 -2.50231909751892 -3.01811647415161 -3.14082837104797 -3.33021664619446 -3.41775465011597 -3.18074607849121 -3.21891856193542 -2.22501492500305 -1.21868073940277 3.44296145439148
1.34552776813507 4.9748740196228 3.42859673500061 2.24577617645264 1.87776279449463 1.90616524219513 1.48385465145111 1.11714172363281 1.05016386508942 0.841068804264069 0.5738685131073 0.0977838635444641 -0.0793873369693756 -0.315312474966049 -0.783477127552032 -1.36883938312531 -1.88522255420685 -2.20862483978271 -2.52982687950134 -2.74522495269775 -2.88896107673645 -3.09329986572266 -3.37365627288818 0.702431082725525 4.57371520996094 7.2581787109375 6.86043357849121 3.03757405281067 -0.769913673400879 -2.07506132125854 -0.227012768387794 0.482901245355606 1.7535845041275 0.205710768699646 -1.54204225540161 -2.66399383544922 -2.87783408164978 -3.05469346046448 -3.30024337768555 -3.29975581169128 -3.31182932853699 -3.27748465538025 -2.41240382194519 -1.19602608680725 1.77337157726288
2.18364429473877 3.19074010848999 2.80410552024841 2.15544843673706 2.10127663612366 2.08277797698975 1.56154274940491 1.09285616874695 0.921286046504974 0.56664764881134 0.331646591424942 0.173901736736298 0.0896177589893341 -0.133030280470848 -0.511422455310822 -1.14355373382568 -1.69968867301941 -2.0137083530426 -2.3414261341095 -2.6255247592926 -2.7639331817627 -2.96129560470581 -3.07079672813416 3.24825716018677 7.51988649368286 9.76750564575195 5.90065622329712 2.16051173210144 -2.29325747489929 -3.08411693572998 -3.01220536231995 2.88478493690491 5.50765800476074 0.950855493545532 -0.975270569324493 -2.66921305656433 -2.85702967643738 -3.0588903427124 -3.13597702980042 -3.13356113433838 -3.15979623794556 -3.16078925132751 -3.04389142990112 -0.0871402323246002 3.62101197242737
2.14350366592407 2.8099684715271 2.24498581886292 2.12527275085449 2.15724945068359 2.17344951629639 1.65026426315308 1.23477339744568 0.721647799015045 0.313329875469208 0.317231237888336 0.317588210105896 0.246355429291725 0.0922950357198715 -0.222128927707672 -0.672510206699371 -1.33655035495758 -1.7732412815094 -2.18751072883606 -2.47954440116882 -2.65138554573059 -2.84184646606445 -2.97387719154358 -3.03858613967896 3.68899512290955 6.84948301315308 3.56377530097961 2.33134055137634 -2.48328638076782 -2.83584046363831 -2.6951003074646 6.38055610656738 5.4242992401123 0.343533128499985 -0.10420449078083 -2.51872444152832 -2.74442195892334 -2.86680340766907 -2.92139530181885 -3.03364133834839 -2.97663259506226 -2.99529981613159 -2.44538235664368 -0.992129743099213 2.74526047706604
1.92097783088684 2.4731764793396 2.36493492126465 2.17087888717651 1.99216103553772 2.08773684501648 1.78296959400177 1.09714365005493 0.513010799884796 0.406228452920914 0.403352677822113 0.418739676475525 0.426711976528168 0.302615404129028 0.0403863787651062 -0.238581001758575 -0.682781219482422 -1.38899433612823 -1.8013631105423 -2.29314494132996 -2.48274302482605 -2.58065104484558 -2.70199584960938 -2.71940088272095 2.32080149650574 2.58521890640259 -0.927841484546661 1.63202655315399 2.0774519443512 -1.91848301887512 -1.03229582309723 2.52451729774475 3.99199485778809 2.83642387390137 -0.875941514968872 -2.24106574058533 -2.44137096405029 -2.62077617645264 -2.65270519256592 -2.7804856300354 -2.79630470275879 -2.68085765838623 -1.49598789215088 -1.21888840198517 1.55988037586212
2.87546753883362 2.98013615608215 2.59602117538452 2.323162317276 2.10596776008606 1.91547107696533 1.2754830121994 0.79266631603241 0.460713535547256 0.473118841648102 0.495091021060944 0.53108948469162 0.569310009479523 0.527044713497162 0.42866650223732 0.0418823100626469 -0.273384362459183 -0.843864500522614 -1.36337530612946 -1.86247253417969 -2.18454432487488 -2.35929036140442 -2.44782900810242 -2.36405897140503 1.72233474254608 1.76101851463318 -2.44872117042542 -2.46607613563538 3.62454080581665 1.91190481185913 0.850239753723145 -2.33770346641541 -0.739555716514587 0.844816029071808 -1.15821444988251 -2.09179544448853 -2.19403600692749 -2.30351853370667 -2.37101125717163 -2.44630002975464 -2.49121785163879 -2.28354239463806 -1.34698092937469 0.597754418849945 0.637080311775208
2.98344421386719 3.28290057182312 3.19296312332153 2.72163772583008 2.18100643157959 1.46913194656372 0.526494264602661 0.499414384365082 0.529914796352386 0.611220180988312 0.677671074867249 0.716499209403992 0.727972507476807 0.813715755939484 0.657653450965881 0.461164206266403 0.0380390211939812 -0.382913947105408 -0.972852289676666 -1.45680499076843 -1.82377064228058 -2.01527738571167 -2.10400247573853 -2.04206585884094 1.13794028759003 1.57038021087646 -2.12919688224792 -2.32299470901489 -2.2249596118927 -0.853977501392365 0.421960592269897 -2.12883138656616 -1.96876215934753 -1.8517974615097 -1.89931273460388 -1.9977959394455 -2.08001804351807 -2.0828070640564 -2.0886390209198 -2.10819911956787 -2.07791829109192 -1.96188962459564 2.06684017181396 2.42936897277832 0.862491846084595
2.16084122657776 2.66128206253052 3.59653234481812 3.26918792724609 1.90140879154205 1.34858059883118 0.57381409406662 0.609768807888031 0.667485654354095 0.744933247566223 0.832341611385345 0.993400394916534 0.980766892433167 0.936076462268829 0.932430803775787 0.669372081756592 0.341811627149582 -0.0424498319625854 -0.628422260284424 -1.08408403396606 -1.48814964294434 -1.75527966022491 -1.85309207439423 -1.79985451698303 1.43518102169037 1.08953785896301 -1.71706998348236 -1.85975325107574 -1.9374395608902 -1.86445868015289 -1.84261333942413 -1.72091901302338 -1.58943152427673 -1.54486334323883 -1.77898275852203 -1.88922905921936 -1.93421030044556 -1.89387798309326 -1.88741385936737 -1.87607860565186 -1.88748669624329 -1.75000703334808 0.717098414897919 2.08743739128113 0.100543580949306
1.48730576038361 1.42517054080963 2.42434406280518 2.67285847663879 1.39135050773621 0.837969183921814 0.718544125556946 0.802288293838501 0.86892032623291 0.896044611930847 1.07871854305267 1.0770937204361 1.16611874103546 1.13642263412476 1.03636181354523 0.895865142345428 0.610174834728241 0.111298426985741 -0.380327075719833 -0.771801829338074 -1.18974232673645 -1.48507654666901 -1.61028099060059 -1.52019238471985 -0.586087286472321 -0.464269757270813 -1.30130481719971 -1.32107055187225 -1.43066871166229 -1.52287125587463 -1.49155652523041 -1.32224690914154 -1.21077370643616 -1.22709882259369 -1.51977217197418 -1.73459422588348 -1.76718926429749 -1.6900417804718 -1.60523366928101 -1.59874188899994 -1.56457114219666 -1.44567763805389 -1.19606804847717 -1.06884002685547 -0.876012086868286
1.70781433582306 1.55972540378571 1.34440386295319 1.3043133020401 0.885775744915009 0.830296516418457 0.854219138622284 0.955517411231995 1.14978134632111 1.17067003250122 1.15609407424927 1.25986576080322 1.21061646938324 1.22296035289764 1.18988263607025 1.07315492630005 0.769047677516937 0.297090917825699 -0.120598688721657 -0.430086225271225 -0.689121723175049 -1.07880687713623 -1.19948184490204 -1.16083025932312 -1.05923283100128 -0.986391544342041 -0.963640868663788 -0.959029614925385 -0.987643182277679 -1.1385635137558 -1.12698888778687 -0.997719943523407 -0.926342725753784 -0.935080707073212 -1.10939764976501 -1.40218710899353 -1.56664943695068 -1.52224922180176 -1.33485674858093 -1.15017330646515 -1.03197801113129 -0.919711291790009 -0.819325566291809 -0.680564403533936 -0.551737070083618
1.75579428672791 1.66030371189117 1.36085891723633 1.13110363483429 0.900805234909058 0.960636556148529 1.01515626907349 1.21651017665863 1.23111808300018 1.35620403289795 1.33452618122101 1.29225170612335 1.30920577049255 1.27977442741394 1.25927674770355 1.08177137374878 0.814486265182495 0.54872065782547 0.192313998937607 -0.108191102743149 -0.295809775590897 -0.601546049118042 -0.718263506889343 -0.775482058525085 -0.678663849830627 -0.701427698135376 -0.715974986553192 -0.720910847187042 -0.677452862262726 -0.869528353214264 -0.847125709056854 -0.753602623939514 -0.380841255187988 -0.222348645329475 -0.631683170795441 -0.820178270339966 -1.0642899274826 -1.057337641716 -0.996240496635437 -0.879624783992767 -0.731182754039764 -0.594410955905914 -0.502510368824005 -0.328268229961395 -0.31483519077301
1.74954807758331 1.64698719978333 1.42058169841766 1.12102782726288 1.15236783027649 1.09677124023438 1.27871632575989 1.30016934871674 1.42735159397125 1.38556587696075 1.40941596031189 1.38748478889465 1.35318851470947 1.21177840232849 1.19172358512878 1.01856637001038 0.878247261047363 0.721736073493958 0.515739798545837 0.226402208209038 0.00805991236120462 -0.190471962094307 -0.25949963927269 -0.297331988811493 -0.380498975515366 -0.388681799173355 -0.417123049497604 -0.43637752532959 -0.427410542964935 -0.743670284748077 -0.415876269340515 0.696082234382629 0.609464287757874 0.976830661296844 0.681374430656433 -0.204780653119087 -0.596106171607971 -0.683287918567657 -0.654787600040436 -0.531393349170685 -0.383010625839233 -0.186944767832756 -0.138169422745705 -0.0387676991522312 -0.016714746132493
1.71955728530884 1.47543799877167 1.25481951236725 1.20059418678284 1.47607386112213 1.41981136798859 1.37606287002563 1.5036655664444 1.4598845243454 1.48410212993622 1.45241510868073 1.42574596405029 1.27480220794678 1.10621547698975 1.08886122703552 1.00377261638641 0.944907426834106 0.884479939937592 0.718905329704285 0.437178283929825 0.195492208003998 0.0890372171998024 0.107419550418854 0.00594263011589646 -0.0873939841985703 -0.1642706990242 -0.232262834906578 -0.308697164058685 -0.397562921047211 -0.640453159809113 1.27339458465576 1.18445765972137 1.90400362014771 1.56071376800537 1.30565345287323 1.18436110019684 0.415865838527679 -0.0677498355507851 -0.09599569439888 -0.0352239422500134 0.0158451218158007 0.329086571931839 0.226715415716171 0.297828495502472 0.276483088731766
1.54125463962555 1.30130624771118 1.26041448116302 1.52614569664001 1.5870805978775 1.63080823421478 1.59082281589508 1.54208970069885 1.56638300418854 1.52292037010193 1.3613109588623 1.33824944496155 1.15865015983582 1.07563030719757 1.03177785873413 1.03777933120728 1.01784765720367 0.984310507774353 0.855566084384918 0.669049680233002 0.537718117237091 0.442747503519058 0.374797374010086 0.215489208698273 0.138122320175171 0.041196420788765 -0.0983134731650352 -0.193378418684006 3.55745983123779 2.61868858337402 1.91865396499634 2.57676458358765 2.2789134979248 2.01110696792603 1.77107203006744 1.30960035324097 1.11772954463959 0.744156897068024 0.668966174125671 0.753492772579193 0.832088053226471 0.648342669010162 0.614739298820496 0.473833680152893 0.561712622642517
