slauniainen/Data/DEM/Vihti_dsm1500b_cl_horizonAngle_360.asc
NCOLS 196 
NROWS 178 
XLLCORNER 353680 
YLLCORNER 6699024 
CELLSIZE 16 
NODATA_value -3.4e+38 
[rows 0 to 19 of 178, columns 90 to 134 of 196]
1.1287180185318 10.107611656189 0.752700448036194 0.509369909763336 0.71295577287674 0.961392998695374 8.68823337554932 6.51910305023193 51.5641670227051 26.6213436126709 10.509220123291 11.4590520858765 9.23067951202393 5.59772777557373 1.76605403423309 4.06910705566406 9.29947376251221 8.62148857116699 3.425865650177 3.26241660118103 4.90157890319824 9.51701354980469 12.4085645675659 12.7777805328369 13.0201873779297 13.493953704834 13.1689291000366 13.0223207473755 13.3170909881592 13.1429462432861 10.4291353225708 8.14595699310303 6.45945596694946 3.85402917861938 2.13199377059937 2.64014387130737 2.19903373718262 7.88359928131104 12.4190158843994 1.49914348125458 1.83080196380615 2.05571365356445 1.99024200439453 1.85280859470367 1.79619252681732
1.58124077320099 7.06340789794922 3.69397258758545 16.4976005554199 0.67580235004425 14.4404716491699 18.4737243652344 9.95269966125488 34.1552619934082 19.3585929870605 9.74645137786865 10.3774089813232 8.35729789733887 2.33519148826599 42.9701194763184 1.73187077045441 7.23387050628662 6.74059867858887 3.31246781349182 3.15546560287476 4.64348459243774 8.86238098144531 11.5212478637695 11.8502597808838 12.0863885879517 12.5729179382324 12.2461977005005 12.1201229095459 12.3978624343872 12.1654376983643 9.6989574432373 7.61054134368896 5.96691131591797 3.66081762313843 1.97681021690369 1.50304245948792 1.3429172039032 10.2641382217407 8.34551525115967 1.44418716430664 1.74916505813599 1.9553062915802 1.94116032123566 1.77364337444305 1.73105657100677
0.876220345497131 5.82531452178955 11.2914056777954 15.7270727157593 5.53194141387939 4.40463733673096 6.50452518463135 5.16379022598267 24.9317855834961 15.3986854553223 9.04102039337158 9.63804149627686 7.70557451248169 19.3431167602539 25.5937366485596 1.59113037586212 1.25106680393219 3.46894097328186 3.204998254776 3.04115962982178 4.42287397384644 8.31750965118408 10.7091760635376 11.0470857620239 11.2567911148071 11.7691621780396 11.4702043533325 11.3400955200195 11.5939607620239 11.3189163208008 9.06426239013672 7.13947677612305 5.54065895080566 3.47873282432556 1.81794357299805 1.35253953933716 19.0319690704346 6.51034116744995 6.33414936065674 1.39388370513916 1.67130601406097 1.86911749839783 1.8469146490097 1.69074320793152 -0.601971209049225
14.3028135299683 4.34299850463867 15.3332958221436 11.2080936431885 20.6519870758057 12.0142660140991 32.089168548584 55.4426651000977 19.8133487701416 12.458643913269 8.69535350799561 8.90265274047852 4.86347246170044 22.7015724182129 10.3343267440796 1.35897409915924 4.47039031982422 2.45790362358093 2.75367736816406 2.92753887176514 4.21304273605347 7.80001449584961 9.97579002380371 10.3346166610718 10.5323162078857 11.0592756271362 10.7744808197021 10.6507806777954 10.8903799057007 10.5845994949341 8.50564861297607 6.72288656234741 5.16813611984253 3.31791639328003 1.01716792583466 19.5835227966309 9.7237491607666 5.25488948822021 5.04366207122803 1.34411513805389 1.6011950969696 1.79085791110992 1.8041170835495 -0.457431495189667 0.0396806597709656
14.1159229278564 26.3880462646484 42.2290496826172 24.4819622039795 12.2345447540283 8.61077690124512 49.8932876586914 41.5626029968262 22.6495895385742 14.216854095459 8.59220886230469 8.36148166656494 4.42482757568359 8.27919292449951 6.55295896530151 1.25527608394623 1.18333101272583 2.21019649505615 7.42986154556274 2.81158018112183 4.00939559936523 7.32196235656738 9.32418346405029 9.70256519317627 9.88907718658447 10.4240884780884 10.1546678543091 10.0387058258057 10.2644062042236 9.93680858612061 8.01195812225342 6.35323858261108 4.84416103363037 3.15544271469116 1.31253266334534 9.99889659881592 6.53565835952759 4.40036487579346 4.15414619445801 1.29458236694336 1.53909683227539 1.71468198299408 1.10856235027313 11.5840625762939 -0.945398390293121
25.6128349304199 39.9481544494629 31.4051895141602 45.581169128418 43.8895034790039 25.6499443054199 36.3261413574219 33.797248840332 17.8954048156738 11.9703683853149 8.27808570861816 5.69155645370483 15.3233070373535 21.5067291259766 4.9268798828125 1.02998483181 20.2126903533936 13.7509603500366 3.84475827217102 2.70405888557434 3.82116293907166 6.89702367782593 8.75292587280273 9.14394855499268 9.31787967681885 9.85673427581787 9.60248851776123 9.49107074737549 9.70504570007324 9.36288833618164 7.57212972640991 6.0204701423645 4.56190872192383 3.03802752494812 1.5551198720932 6.71515798568726 4.81345176696777 3.74226880073547 3.62130784988403 1.25296998023987 1.48405659198761 1.63261234760284 0.558648705482483 3.81519174575806 6.00443553924561
30.9453163146973 20.3277168273926 21.40993309021 30.8593406677246 31.4134407043457 35.9818229675293 30.4050178527832 28.4202575683594 16.6482620239258 11.4003915786743 7.93729639053345 7.45116376876831 7.04706430435181 6.3394136428833 10.4140682220459 16.5902118682861 18.8257160186768 10.7900218963623 2.73744678497314 2.60190510749817 3.64871382713318 6.51739883422852 8.24548721313477 8.64229679107666 8.80883884429932 9.34742259979248 9.10451889038086 8.99979972839355 9.20340633392334 8.85014152526855 7.17744970321655 5.72129535675049 4.31578254699707 2.925448179245 10.5112342834473 4.86766147613525 3.89597845077515 3.2186336517334 3.11032223701477 1.20550000667572 1.42154157161713 1.57699847221375 17.6823787689209 24.9443454742432 -1.00415980815887
16.6818027496338 19.4225559234619 21.2761669158936 25.2118225097656 37.6032867431641 41.2154426574707 26.4347038269043 22.4671497344971 13.2904291152954 10.5525903701782 6.19444227218628 5.19731140136719 5.69486474990845 10.4159469604492 3.74614429473877 5.72518253326416 10.77405834198 7.30766677856445 2.63799238204956 2.50795197486877 3.49221134185791 6.17691612243652 7.79310369491577 8.19425964355469 8.35197067260742 8.88722991943359 8.65584945678711 8.55648040771484 8.74904727935791 8.38996315002441 6.82200050354004 5.45178079605103 4.09451866149902 2.82565975189209 5.7095799446106 2.79976987838745 3.24260377883911 2.88099122047424 2.74590849876404 1.16585505008698 1.3673905134201 1.5165182352066 8.94226264953613 15.1677875518799 31.3601417541504
13.8216972351074 19.53639793396 17.782320022583 21.2258167266846 30.3111629486084 32.7087097167969 24.3358917236328 16.1357460021973 19.9489650726318 9.834228515625 25.3519477844238 11.9938220977783 4.50180578231812 8.41063976287842 7.2418417930603 20.3016757965088 14.159327507019 5.52810859680176 2.54395389556885 2.41907930374146 3.34785962104797 5.86934804916382 7.38842725753784 7.7911810874939 7.9412636756897 8.47102832794189 8.25093364715576 8.15467739105225 8.33761405944824 7.97814130783081 6.50768995285034 5.21168994903564 3.89405202865601 2.72373867034912 3.86928343772888 7.90775489807129 1.82808804512024 0.948631763458252 2.50237679481506 1.13204383850098 1.31209707260132 1.46040630340576 6.02578115463257 11.1091432571411 27.5985145568848
12.6640272140503 28.6188697814941 36.6768074035645 31.3730144500732 25.6480712890625 26.3169040679932 21.4858932495117 34.4401550292969 12.8984985351562 9.17531204223633 14.0688304901123 15.3766498565674 11.5701131820679 5.70823907852173 24.2873935699463 10.9110517501831 9.40305042266846 4.39748525619507 2.45558667182922 2.33639788627625 3.21370959281921 5.59205150604248 7.02123260498047 7.42391872406006 7.56702566146851 8.09072399139404 7.87771844863892 7.79006195068359 7.96512794494629 7.60342597961426 6.21133995056152 4.98372983932495 3.70888018608093 2.6228654384613 2.89079213142395 4.08902883529663 8.36664581298828 17.0131607055664 -0.798060894012451 1.02672493457794 1.25455069541931 1.40066933631897 4.48307847976685 21.9218254089355 18.6349830627441
15.271068572998 18.5398483276367 21.6056537628174 20.2676181793213 22.0165500640869 22.4864978790283 19.080602645874 19.7902660369873 11.8893346786499 8.57069206237793 9.68420219421387 9.49322700500488 6.21935796737671 15.1727809906006 12.9646492004395 8.02965831756592 7.80802822113037 3.66046142578125 2.37051391601562 2.25487184524536 3.08968329429626 5.33929443359375 6.69016647338867 7.08909273147583 7.2230749130249 7.73873281478882 7.54370212554932 7.45808744430542 7.62699174880981 7.26570558547974 5.94094324111938 4.7788462638855 3.5382866859436 2.53001284599304 2.29594588279724 2.77707576751709 4.37209224700928 9.04615592956543 36.8297958374023 0.818900108337402 1.20668411254883 1.33894574642181 3.5221118927002 11.4047622680664 22.0097389221191
12.4986886978149 16.6270351409912 16.8069648742676 17.941478729248 19.1824073791504 19.4929542541504 17.2235584259033 15.3360862731934 10.9747772216797 7.98511123657227 7.31402063369751 7.10715103149414 4.39256381988525 7.80328130722046 8.79154300689697 6.03597402572632 6.68062353134155 3.04397010803223 2.26959609985352 2.16955637931824 2.97070908546448 5.1050271987915 6.36405420303345 6.0889368057251 6.912109375 7.42844009399414 7.23535394668579 7.15115356445312 7.31263160705566 6.95436143875122 5.69512701034546 4.58415603637695 3.38380241394043 2.4467568397522 1.91974151134491 2.46643590927124 2.88020372390747 6.02485799789429 24.7852973937988 0.642428398132324 1.18300628662109 1.30146813392639 2.97465848922729 9.38098812103271 15.804238319397
34.5705337524414 15.1163063049316 15.0696306228638 16.0572662353516 16.8310585021973 17.0459041595459 15.4185237884521 13.7895536422729 10.1064395904541 7.41648292541504 6.0999813079834 5.5934910774231 4.10978746414185 5.51256561279297 6.70538330078125 5.09817600250244 5.78137874603271 2.6553680896759 2.18082737922668 2.07966017723083 2.83986783027649 4.07385301589966 5.9656834602356 5.80290508270264 6.63207578659058 7.13176727294922 6.94656038284302 6.86835336685181 7.02223253250122 6.66423892974854 5.46959686279297 4.40898275375366 3.2405526638031 2.36497259140015 1.61475598812103 2.17020273208618 2.06692290306091 4.41618537902832 17.0310382843018 14.9994373321533 0.951238334178925 0.390303581953049 2.50137138366699 8.02616310119629 13.2108974456787
20.0218029022217 13.8093957901001 13.8326530456543 14.5478191375732 14.7723836898804 14.8672494888306 13.7456359863281 12.2557125091553 9.20547103881836 6.8346381187439 5.76403617858887 4.96028232574463 3.83289790153503 4.92817831039429 5.3917818069458 4.34854507446289 5.05554580688477 2.23038911819458 2.1185839176178 2.00775408744812 1.62484216690063 15.7225160598755 5.70879077911377 5.38892126083374 6.36801910400391 6.86029243469238 6.68390512466431 6.60828924179077 6.75622081756592 6.39784049987793 5.25927877426147 4.2485933303833 3.1127769947052 2.29404449462891 1.4396505355835 1.9671288728714 1.73850989341736 3.5955228805542 12.9709930419922 7.84996747970581 0.919771790504456 9.68789100646973 1.87003433704376 7.02967023849487 7.25104808807373
14.2789278030396 12.6971082687378 12.82493019104 13.1460113525391 13.1561441421509 13.2363634109497 12.3605155944824 10.9132413864136 8.3237133026123 6.26488780975342 5.38736343383789 4.59319591522217 3.54137945175171 4.42049407958984 4.44117069244385 3.74061107635498 4.48422908782959 2.13947224617004 2.03601050376892 1.85545301437378 1.38122117519379 8.03877353668213 5.48190259933472 17.102180480957 5.06789636611938 6.60773468017578 6.43682384490967 6.36319541931152 6.50669050216675 6.15401315689087 5.06677389144897 4.09766578674316 2.99314212799072 2.22379922866821 1.29583919048309 1.81696248054504 1.62137448787689 3.03966426849365 10.4634885787964 5.25325536727905 7.82374334335327 4.80304574966431 0.336983919143677 6.23821449279785 6.07868242263794
12.0982160568237 11.8149137496948 11.8527603149414 12.0360450744629 11.9822826385498 11.9397373199463 11.2704620361328 9.83865928649902 7.54977369308472 5.79152011871338 5.02907180786133 4.24322700500488 3.27366042137146 3.96108293533325 3.69945406913757 3.24690937995911 3.98969841003418 2.05905532836914 1.91245186328888 1.77453553676605 31.3445949554443 5.38794088363647 5.27227163314819 8.43958377838135 4.70046234130859 6.31425809860229 6.20645523071289 6.13595771789551 6.27635478973389 5.92971897125244 4.88693571090698 3.95391321182251 2.88449478149414 2.158855676651 1.18008482456207 1.68036913871765 1.50384080410004 2.54316520690918 8.772705078125 4.05417490005493 3.83260750770569 15.6243829727173 21.2384910583496 5.60719442367554 28.8767986297607
11.3841648101807 10.9799757003784 11.0809631347656 11.1874561309814 11.1822814941406 10.9265956878662 10.3996429443359 8.98745250701904 6.91798114776611 5.37311983108521 4.69987154006958 3.92972421646118 3.04543590545654 3.53321623802185 3.32485675811768 2.774977684021 3.57849526405334 1.9803946018219 1.54120171070099 1.76916790008545 17.1300983428955 4.07012462615967 5.07768249511719 4.74455976486206 15.535457611084 5.95856475830078 5.83183574676514 5.91512823104858 6.05861330032349 5.71926832199097 4.72049283981323 3.82503032684326 2.78157424926758 2.09715366363525 1.0877046585083 1.56637537479401 1.40240216255188 2.23467230796814 7.5337085723877 3.23173713684082 2.63742995262146 7.37236642837524 9.86125946044922 4.93900394439697 15.5145721435547
10.6883554458618 10.2762804031372 10.4498090744019 10.589298248291 10.4755516052246 10.1144161224365 9.67895984649658 8.33691024780273 6.44396591186523 5.04727602005005 4.41593265533447 3.63712048530579 2.83305811882019 3.12945461273193 2.96962833404541 2.35078263282776 3.14390468597412 1.33044648170471 7.43360614776611 1.7310928106308 11.6111125946045 3.9277982711792 4.8972373008728 19.0953731536865 9.3127269744873 5.52798748016357 5.4040584564209 5.68990135192871 5.83431148529053 5.50705003738403 4.55296850204468 3.69950652122498 2.68452644348145 2.03674364089966 1.01498091220856 1.45857167243958 1.3334596157074 2.01683330535889 6.60865068435669 2.70123600959778 1.35036516189575 5.16392612457275 3.33383274078369 4.50604486465454 7.21445369720459
10.096287727356 9.67454624176025 9.89199352264404 10.0397882461548 9.86736297607422 9.41328716278076 9.08561611175537 7.81588554382324 6.10421180725098 4.81410980224609 4.20025491714478 3.39537858963013 2.64125943183899 2.77203345298767 2.65868496894836 1.98616349697113 2.79287052154541 18.7273998260498 5.13580656051636 1.42519009113312 8.68627548217773 3.79906797409058 4.72754240036011 8.72119140625 10.4556179046631 9.75754642486572 8.95617771148682 5.48453855514526 5.62544012069702 5.29729080200195 4.39328765869141 3.57306408882141 2.58570265769958 1.97728276252747 0.987388014793396 1.36789810657501 1.29889619350433 1.8214920759201 5.86534070968628 2.33020186424255 0.594803154468536 1.81223464012146 0.63071995973587 4.14959907531738 7.7153148651123
9.55540657043457 9.14297294616699 9.40996646881104 9.55556678771973 9.32976627349854 8.82937145233154 8.58262538909912 7.38636255264282 5.81239223480225 4.64549589157104 4.05125665664673 3.23662805557251 2.51987719535828 2.5514760017395 2.45418548583984 1.76983034610748 2.46302580833435 8.6889820098877 3.0716917514801 7.94234991073608 6.14507150650024 3.23087191581726 4.55955410003662 6.56601476669312 7.13874816894531 5.46742296218872 5.32022905349731 5.2799859046936 5.43344163894653 5.12075853347778 4.24578475952148 3.45682501792908 2.48780298233032 1.9138799905777 0.955479621887207 1.32243800163269 1.26681709289551 1.66146945953369 5.27165174484253 0.391906678676605 0.589419364929199 1.36656785011292 4.38115978240967 3.914306640625 5.93647861480713
