slauniainen/Data/DEM/Vihti_dsm1500b_cl_horizonAngle_330.asc
NCOLS 196 
NROWS 178 
XLLCORNER 353680 
YLLCORNER 6699024 
CELLSIZE 16 
NODATA_value -3.4e+38 
[rows 140 to 159 of 178, columns 45 to 89 of 196]
5.30503988265991 2.8458890914917 4.7625937461853 13.9944276809692 -0.317189604043961 -0.392518550157547 -1.65597331523895 -2.33997774124146 20.461389541626 -1.06968009471893 13.7969036102295 1.08268964290619 2.66650462150574 13.2370491027832 11.346492767334 7.4837818145752 27.3936500549316 12.0905799865723 18.9001522064209 8.39328098297119 1.56587302684784 4.94311189651489 5.61945819854736 24.1596202850342 29.3428592681885 1.06436574459076 -0.136874929070473 1.64957928657532 5.94429349899292 12.44225025177 12.5283584594727 29.2104511260986 42.7231559753418 16.8302555084229 17.0085391998291 15.5779132843018 14.1975994110107 3.16338992118835 0.724831640720367 19.6808547973633 0.168133959174156 17.3195514678955 4.38505268096924 4.18387174606323 3.63448405265808
8.76157569885254 1.46235597133636 28.0079097747803 3.93920040130615 2.02388405799866 -0.767683804035187 -0.816452383995056 16.1654033660889 11.6548271179199 -0.0638463348150253 2.65919065475464 2.19175028800964 -0.0973473936319351 4.09663343429565 7.13684797286987 3.18667197227478 7.33089256286621 4.05055379867554 7.25270175933838 10.3953609466553 3.93005776405334 10.7940368652344 3.44126510620117 7.3711895942688 18.2937622070312 6.43671417236328 14.3749761581421 22.4132881164551 4.74503469467163 10.0639791488647 6.34523439407349 26.7915840148926 28.4773921966553 11.0598402023315 11.4410734176636 12.1852235794067 12.634973526001 19.4293479919434 29.8446636199951 14.7768430709839 6.30971765518188 27.4558601379395 2.18436503410339 1.87224900722504 1.58370041847229
6.1995964050293 5.67594623565674 15.6691637039185 0.964943468570709 3.47679805755615 17.9445762634277 -1.39807081222534 23.6322994232178 16.8947467803955 9.59184074401855 -0.145718991756439 1.15254843235016 2.93938851356506 3.26081418991089 2.06276106834412 3.99933362007141 2.37729740142822 4.52581119537354 0.262054711580276 16.6749076843262 6.46450328826904 1.5353764295578 2.51353907585144 3.24317240715027 21.2026290893555 12.5333318710327 9.95109272003174 13.2323703765869 0.00107855931855738 3.55544662475586 7.10112476348877 13.3890810012817 17.8502407073975 17.6533126831055 7.93154382705688 6.70660448074341 7.27785730361938 8.43560600280762 19.5556392669678 0.280753999948502 5.06063413619995 3.90353202819824 2.57569241523743 1.48043572902679 1.01299643516541
15.6177825927734 4.8018479347229 7.70963954925537 2.15678715705872 13.8145771026611 -0.524083852767944 11.2908887863159 20.7808017730713 13.0601568222046 2.49817681312561 -1.21795272827148 -0.196908190846443 9.87787055969238 3.6590313911438 -0.805298388004303 -0.179204985499382 2.22018575668335 4.41549110412598 6.47888708114624 4.25819301605225 3.09490060806274 1.22369825839996 7.26574325561523 16.201229095459 16.7475643157959 8.98475360870361 0.628856778144836 0.999751687049866 3.91432285308838 25.9773750305176 3.08394765853882 1.33275175094604 13.0174655914307 13.0568618774414 6.4173641204834 5.15641355514526 6.30390167236328 7.84896898269653 9.3334379196167 11.8273458480835 32.4876327514648 0.0236825626343489 0.794437229633331 1.77139949798584 0.898679077625275
15.8689937591553 6.91602802276611 18.3250026702881 0.527717649936676 5.19475793838501 0.193129867315292 3.13030600547791 13.5988988876343 9.7211275100708 2.49294805526733 11.0712223052979 2.45271825790405 24.4823246002197 2.88171887397766 1.00524318218231 1.61184704303741 0.371779561042786 0.725070774555206 2.64160394668579 10.7435026168823 3.87080597877502 14.167594909668 20.6922740936279 6.60851621627808 8.58574390411377 6.56756734848022 6.26413917541504 4.50117206573486 6.87082624435425 8.11811256408691 0.485736429691315 -0.391498476266861 -0.213092342019081 9.10639190673828 9.46276664733887 2.31898403167725 3.92018961906433 5.36302042007446 6.76791334152222 9.5149450302124 22.0052738189697 3.64614295959473 9.63826370239258 5.03032302856445 3.04734778404236
5.80931663513184 8.75161266326904 3.27732086181641 0.249278962612152 -0.786715269088745 0.344149649143219 -0.315270483493805 9.17146778106689 12.4235420227051 2.47027111053467 11.5435905456543 9.0288143157959 19.1654167175293 7.81998777389526 0.186972826719284 -0.0365220829844475 -0.687886595726013 -1.03117072582245 -0.226233303546906 3.10897564888 11.4305467605591 18.9922142028809 0.611137628555298 0.318538308143616 2.425541639328 4.16619777679443 3.50791788101196 0.262073248624802 0.939931929111481 0.832487285137177 4.07789134979248 -0.935456395149231 -0.871315479278564 -0.682166278362274 -0.0732226297259331 3.0486478805542 1.281858086586 12.6501970291138 6.29648780822754 6.03898048400879 7.52370691299438 15.3493051528931 5.25480794906616 5.52327632904053 12.4117937088013
5.25561046600342 1.97294986248016 -1.13401246070862 0.915929615497589 -0.934450805187225 21.4351177215576 19.0802021026611 -0.515449702739716 4.70569229125977 3.03769826889038 2.07410788536072 3.07524609565735 2.61270332336426 0.648472428321838 -0.765002429485321 -0.542955100536346 -1.49528193473816 7.12021350860596 14.9316635131836 -0.55516791343689 2.0210657119751 1.70102441310883 0.262562274932861 -0.217627599835396 6.86244010925293 1.83113968372345 1.59872722625732 -0.686598300933838 -0.775784313678741 -0.772698760032654 -0.871508836746216 -0.256684333086014 -1.81247437000275 3.90853810310364 -1.1582944393158 -0.621172428131104 9.29024505615234 24.4161319732666 4.29501533508301 5.67849349975586 6.77644729614258 3.43462657928467 5.15284442901611 1.33592879772186 6.22953224182129
3.63784027099609 -0.320505917072296 -1.07272863388062 -1.2919420003891 -1.03974747657776 6.74170827865601 -0.543369054794312 -0.710877180099487 1.48730373382568 2.67258358001709 3.29528307914734 19.0829753875732 13.0845003128052 22.2465991973877 17.4050426483154 -1.19962310791016 0.594654381275177 0.606238484382629 -0.394880294799805 -1.21414196491241 -0.0355506613850594 -1.77289748191833 -0.263667404651642 0.102297075092793 -0.772819578647614 -0.753872096538544 -0.0195705723017454 -1.41555428504944 -1.5645444393158 -1.24530601501465 -2.018061876297 -1.80861937999725 13.2586507797241 3.50579762458801 -1.2355842590332 -1.08202695846558 17.8513641357422 13.7400321960449 4.21130132675171 3.88174200057983 5.12682867050171 1.39020657539368 1.6259503364563 8.29563903808594 12.9125022888184
-1.38405346870422 -1.17212665081024 -1.5461288690567 -1.24632346630096 -0.512640655040741 16.054931640625 -0.809990882873535 20.9941711425781 25.7717342376709 16.2546844482422 22.352632522583 0.510589957237244 1.95912086963654 5.28853607177734 10.2045440673828 -0.266339272260666 3.18203496932983 -1.54797673225403 -1.17512202262878 -1.66409409046173 -2.01980352401733 -1.69403123855591 -0.598907172679901 -2.12019371986389 -1.40953600406647 -1.70259475708008 -1.38575434684753 -0.952116549015045 -2.29197812080383 2.62929677963257 -2.20415925979614 -2.24195837974548 -3.39356160163879 22.5438899993896 0.681102514266968 -1.29951179027557 4.06941843032837 -0.159698978066444 -0.124297820031643 3.57487320899963 4.84334516525269 1.23850548267365 1.17148196697235 9.46508026123047 10.9355869293213
-1.54523849487305 -1.37332451343536 -1.32368147373199 11.1585025787354 0.263103932142258 4.1797399520874 0.354111701250076 23.5980548858643 18.2204399108887 4.65563631057739 1.49839150905609 2.6390118598938 14.1006650924683 14.4018821716309 1.81418061256409 -1.33847284317017 2.10614895820618 -1.84127914905548 -1.68232464790344 -1.40226626396179 -2.15010380744934 -2.5524218082428 -0.522668182849884 -1.64047479629517 -2.19057273864746 -2.08243703842163 7.78068876266479 -0.197710573673248 8.86322784423828 2.41670417785645 -2.47492837905884 -0.757673561573029 -3.43838596343994 -2.82612538337708 -2.36377716064453 29.0933227539062 1.52103209495544 14.1177473068237 9.96273612976074 -0.465437710285187 3.21715688705444 0.811756491661072 1.40455067157745 8.61334800720215 20.0496368408203
2.63904762268066 11.5448455810547 9.14553451538086 13.1537971496582 3.22509503364563 17.2890357971191 15.9038705825806 14.7429637908936 10.0953369140625 8.11435890197754 1.71330404281616 3.63847517967224 7.27975082397461 0.588567972183228 -0.486574202775955 -1.07482075691223 -1.96262919902802 -1.74300789833069 -2.62824511528015 -2.04933905601501 -2.27515387535095 -2.38302135467529 -1.57159864902496 -3.00960898399353 -0.844602286815643 5.46152257919312 -1.28532743453979 -1.39934897422791 -0.866948068141937 1.3711154460907 -2.48943161964417 -1.27668082714081 -3.19215250015259 -4.34276390075684 20.6399116516113 32.3278427124023 15.5352039337158 13.3558397293091 10.2091426849365 -0.196989372372627 6.14003133773804 3.95758891105652 37.1276817321777 24.4250316619873 12.4173765182495
18.1687850952148 2.52867579460144 12.2451553344727 3.32022047042847 14.2126426696777 13.1481170654297 3.70686149597168 10.2125301361084 4.93348169326782 -0.794424831867218 -1.16790997982025 -2.0305449962616 -1.36887216567993 -2.06973481178284 -2.19064331054688 -1.55211579799652 -2.59559679031372 -2.48782062530518 -2.80428314208984 -3.53085827827454 -2.61051440238953 -2.92106485366821 -2.88728165626526 -3.33282995223999 8.62994766235352 1.74296641349792 -0.313516050577164 -1.31190013885498 -1.78304874897003 -1.38708567619324 -0.688459575176239 5.77569770812988 2.92150783538818 -3.86405634880066 24.990406036377 16.3781127929688 -1.99617946147919 -1.60346448421478 20.8131198883057 -0.511554062366486 -0.578179538249969 -0.636217534542084 21.4589214324951 19.2464122772217 4.78427076339722
4.73512697219849 1.95914041996002 14.9510326385498 4.4563684463501 13.3944244384766 3.62266707420349 0.133954137563705 -0.437280893325806 -1.24670517444611 -1.61161386966705 -1.5113308429718 -1.77809989452362 -2.27167320251465 -2.7143394947052 -2.88544011116028 -3.14116859436035 -2.90074825286865 -3.29359865188599 -3.01724457740784 -2.9884250164032 -0.473467200994492 -3.10812950134277 -3.20792317390442 -3.54214906692505 -3.52794885635376 -3.20388627052307 -2.48665380477905 -2.00167465209961 0.392205834388733 -2.1966245174408 -3.41749310493469 -4.18967723846436 0.448707163333893 1.23236870765686 9.94250392913818 10.4660301208496 0.652215957641602 -2.17603588104248 -1.83948910236359 2.53921914100647 -1.50497174263 -1.20949614048004 -0.600153684616089 13.0971651077271 10.1950073242188
1.32299375534058 3.01279401779175 2.34692096710205 -0.860267460346222 5.98276042938232 2.18079447746277 -1.94639778137207 -1.67538130283356 -2.08891081809998 -1.6178423166275 -1.87571895122528 -2.28821897506714 -2.72512769699097 -3.13635897636414 -3.53892087936401 -3.62694597244263 -3.38406133651733 -3.0690758228302 -3.21081686019897 -0.842095255851746 -3.72417569160461 -3.11654233932495 -3.15243649482727 -3.61761021614075 6.20883941650391 19.8751239776611 14.4465408325195 6.19085311889648 -3.1809344291687 -3.18893194198608 -2.08081293106079 -4.0063362121582 18.9841499328613 0.331161141395569 13.6329193115234 3.56892371177673 -0.774051308631897 -2.61659479141235 -2.41570091247559 -2.1096179485321 5.71697998046875 7.93763780593872 2.61214303970337 2.43522238731384 7.44418621063232
3.75839138031006 -1.21583127975464 0.900679528713226 0.668154418468475 -2.01167917251587 -2.05150485038757 -2.08069968223572 -2.01854491233826 -2.23705244064331 -2.58237481117249 -2.46167659759521 -2.69956922531128 -2.70024180412292 -3.77290654182434 -3.42786979675293 2.80371499061584 4.23053407669067 -3.48682904243469 -3.71449112892151 -3.48356318473816 -4.1999306678772 -4.01839447021484 -3.54170346260071 -3.4699285030365 -1.48015856742859 4.31848335266113 4.11353731155396 -2.45014309883118 -1.49549114704132 -3.13137483596802 9.56197357177734 3.29035234451294 2.39079833030701 1.55067276954651 5.58421659469604 1.68768155574799 -3.65299201011658 -3.44357419013977 15.1632299423218 29.3271160125732 23.7934494018555 20.4243755340576 8.66748523712158 6.99867534637451 11.1434993743896
10.3202114105225 8.42577648162842 -1.77149248123169 -2.33046984672546 -2.28044509887695 -2.17239165306091 -0.590539932250977 -2.24087476730347 -2.61043787002563 -2.98587894439697 -3.06709003448486 -1.52370011806488 -2.96193265914917 -3.20474934577942 -1.7327253818512 1.22078359127045 -3.77559399604797 -3.84345173835754 6.30435419082642 -3.84764170646667 -3.58524107933044 2.07826995849609 -3.86924171447754 -3.89199042320251 -3.85578083992004 -3.37569689750671 -0.907424092292786 3.47349882125854 2.25362992286682 0.601742029190063 7.845534324646 -2.25261259078979 6.32476186752319 13.4157800674438 1.44682085514069 2.53111696243286 12.483226776123 21.1593494415283 22.1363906860352 5.06593465805054 5.46406269073486 -1.13907551765442 3.36647891998291 1.84422385692596 17.23166847229
3.41453409194946 -1.35687184333801 -1.95539236068726 -2.2646324634552 2.76483726501465 -2.53519010543823 -1.62008953094482 -2.70757460594177 -2.94744038581848 -2.96336650848389 -3.06776356697083 -1.30820059776306 -3.1185131072998 -3.14915680885315 -3.97160124778748 -3.52331709861755 -4.04616165161133 1.72229504585266 0.232386708259583 -3.60530090332031 -1.09586596488953 -1.86439824104309 -4.33512401580811 -3.89846301078796 -4.11418485641479 11.8820991516113 8.10510444641113 10.6284561157227 -2.56998562812805 -2.60690188407898 -3.20848536491394 -1.33086836338043 -3.41656804084778 5.93183708190918 0.840959548950195 -2.72576546669006 3.92868757247925 10.1163702011108 14.985912322998 10.6156826019287 18.9454917907715 0.124878622591496 25.5818614959717 -0.689835727214813 32.4495162963867
-2.07107996940613 -2.13310837745667 -2.31846356391907 -2.4626669883728 -2.58285665512085 -2.80590867996216 -2.64829158782959 -3.02702832221985 -3.25349855422974 -3.19879007339478 -3.40369749069214 -2.34370923042297 -3.1541576385498 -1.84639370441437 -3.65129280090332 -4.02590656280518 -4.22362232208252 -4.13469886779785 -4.10182905197144 -3.7413923740387 -4.05139112472534 -3.90330100059509 -4.7289137840271 -4.01209592819214 -0.906658709049225 17.9369983673096 -2.86691069602966 11.9831743240356 -0.792444407939911 -3.40707755088806 -0.7892906665802 6.22010374069214 11.1179637908936 3.18877363204956 5.06675863265991 -3.22301816940308 -1.60715639591217 -1.031489610672 6.78793621063232 3.50424432754517 2.88902235031128 -1.13193619251251 4.62662029266357 20.9131145477295 25.6965160369873
-2.62775754928589 -2.58869886398315 -2.86643719673157 -2.9989926815033 -3.04567432403564 -3.27288222312927 -3.02195882797241 -3.03511643409729 -3.43533158302307 -1.68623578548431 -3.55001068115234 8.13115310668945 -3.17062187194824 -3.32177805900574 -3.79723715782166 -4.47359561920166 -4.14513492584229 -4.35455322265625 -4.37719535827637 -4.00799179077148 -2.21465373039246 10.6865978240967 8.81490898132324 2.04994702339172 6.14113140106201 10.953987121582 2.31390500068665 19.890209197998 1.11467134952545 -1.29693210124969 9.13633155822754 -3.62520408630371 -3.21488189697266 0.376599013805389 0.216342806816101 -4.39869737625122 -3.77815008163452 -2.87277030944824 2.71599221229553 1.21015632152557 -1.57762944698334 -0.294374316930771 -1.70252501964569 2.33403658866882 24.8892135620117
-2.91691565513611 -0.358936607837677 6.21465110778809 21.2548732757568 -0.329901665449142 -3.1922779083252 2.03827404975891 -3.32354617118835 -3.12114477157593 0.681415438652039 -3.43187928199768 -1.27931451797485 -3.5850248336792 -3.68728613853455 -3.58009600639343 0.071405716240406 8.87073040008545 13.6536560058594 2.98253178596497 0.483744025230408 3.72778630256653 -2.81910157203674 0.826453506946564 7.41240692138672 2.57611799240112 4.67116069793701 14.5141839981079 -1.0633659362793 -3.7144341468811 -3.5968029499054 -3.71545696258545 -4.15879487991333 -3.71053719520569 -3.37378835678101 -5.11221265792847 -4.96274995803833 -3.64995622634888 -4.18464279174805 -3.07933664321899 -0.769723176956177 -0.894920587539673 -2.96560049057007 -2.25461363792419 10.8041982650757 38.6247749328613
