slauniainen/Data/DEM/Vihti_dem1500b_cl_horizonAngle_276.asc
NCOLS 196 
NROWS 178 
XLLCORNER 353680 
YLLCORNER 6699024 
CELLSIZE 16 
NODATA_value -3.4e+38 
[rows 0 to 19 of 178, columns 135 to 179 of 196]
3.00990295410156 2.85819888114929 2.78420901298523 2.5901563167572 2.51584792137146 2.40895199775696 2.27970361709595 2.16150307655334 2.07866334915161 1.84800386428833 1.76941251754761 1.72193896770477 1.29132449626923 0.922463715076447 0.519148945808411 0.321916520595551 0.194029524922371 0.0678804591298103 1.04325067996979 2.19088959693909 3.00954747200012 2.34616231918335 1.84400928020477 1.23289442062378 0.218455716967583 -0.0290515478700399 -0.104611933231354 -0.183094456791878 -0.244869202375412 -0.294082552194595 -0.331465572118759 -0.376542180776596 0.120388738811016 1.3825306892395 0.997455179691315 0.709416627883911 0.479045987129211 0.0730535984039307 -0.410230070352554 -0.562895655632019 -0.612357795238495 -0.0762795060873032 -0.431789547204971 -0.67443311214447 4.3070592880249
3.33480715751648 3.14703416824341 2.93411183357239 2.77336168289185 2.64982938766479 2.49394607543945 2.22220396995544 2.04203844070435 1.84168004989624 1.97280311584473 2.99945282936096 3.74758958816528 2.9779736995697 2.31705927848816 1.17031645774841 0.169531375169754 0.0283272750675678 -0.0784251764416695 0.337284505367279 2.24820423126221 4.71871662139893 4.4700779914856 3.54694175720215 2.65395784378052 1.59387099742889 0.79792994260788 0.560917794704437 0.272277802228928 -0.0251159686595201 -0.209520846605301 -0.298167675733566 -0.32875007390976 -0.0653512179851532 0.0748041868209839 0.202160730957985 0.447012305259705 0.408275842666626 -0.129629090428352 -0.465771168470383 -0.555946350097656 -0.61715692281723 -0.680736482143402 -0.709221720695496 0.169483825564384 7.62067270278931
3.41339111328125 3.2919499874115 3.15172100067139 3.03306841850281 2.86233997344971 2.6617214679718 2.33598351478577 2.04192996025085 1.7291886806488 1.47730386257172 2.97905898094177 4.21771144866943 3.94717335700989 3.34353852272034 2.56368970870972 1.3642874956131 0.613108396530151 0.502343356609344 0.454439491033554 1.59480595588684 3.00844407081604 4.91840553283691 4.22936153411865 3.11484527587891 2.54406118392944 1.81998121738434 1.52289760112762 1.1982593536377 0.808618068695068 0.508327841758728 0.302451282739639 0.233071520924568 0.162278294563293 -0.0720553919672966 0.268929898738861 -0.113531388342381 -0.265317589044571 -0.402416259050369 -0.449915051460266 -0.517844557762146 -0.616382718086243 -0.738843679428101 1.02380466461182 4.04361629486084 6.18968200683594
3.42045044898987 3.31232118606567 3.14351105690002 3.02657246589661 2.84052395820618 2.66582798957825 2.44873642921448 2.14204454421997 1.79222345352173 1.46825850009918 1.20704364776611 2.8856213092804 4.01140117645264 4.04141426086426 3.40365839004517 2.70138883590698 1.76671195030212 1.54819822311401 1.40563917160034 1.55419707298279 2.55098700523376 3.78738737106323 3.58612465858459 2.84919834136963 2.5659716129303 2.15436506271362 1.77799868583679 1.44744348526001 1.12141358852386 0.763569116592407 0.536489307880402 0.457005769014359 0.348950862884521 0.20182640850544 0.163119733333588 0.0960989594459534 -0.0101160584017634 -0.106762833893299 -0.181269407272339 -0.283261030912399 -0.424777179956436 -0.558764398097992 -0.617915749549866 2.46899104118347 3.54846596717834
3.22776293754578 3.0886595249176 2.964022397995 2.90786004066467 2.81805849075317 2.72953033447266 2.60443615913391 2.30329561233521 2.09805274009705 1.44906961917877 1.0475058555603 1.58198881149292 3.92584800720215 4.93748378753662 3.9018542766571 3.21267795562744 2.3619270324707 2.04685425758362 1.93538153171539 2.22002482414246 2.45566940307617 3.01694464683533 2.5592896938324 2.4433491230011 2.21546053886414 2.09468102455139 1.69810831546783 1.38165175914764 1.24335861206055 1.07326114177704 0.923435091972351 0.836418032646179 0.758867561817169 0.602023899555206 0.406059831380844 0.330811828374863 0.26595151424408 0.182167649269104 0.0972740203142166 0.0274297166615725 -0.0231722071766853 -0.0594984963536263 -0.147958144545555 -0.114842645823956 2.08246779441833
2.93639850616455 2.83579397201538 2.78962755203247 3.29430818557739 5.79914999008179 4.18750715255737 2.78694581985474 2.55115485191345 2.28130912780762 1.51633334159851 1.03543305397034 1.44358277320862 4.15092802047729 3.57710313796997 3.01292133331299 3.02289128303528 2.80646276473999 2.44691133499146 2.33297777175903 2.35646533966064 2.32474780082703 2.29733800888062 2.19992971420288 2.15404224395752 1.95222997665405 1.90923917293549 1.70720422267914 1.54583692550659 1.39838671684265 1.25856900215149 1.11879277229309 1.00284385681152 0.905965328216553 0.824648678302765 0.700328886508942 0.677450656890869 0.630614042282104 0.562419354915619 0.465491384267807 0.370239466428757 0.31668022274971 0.312665671110153 0.510269939899445 0.199557468295097 0.410558253526688
2.74235057830811 2.75943350791931 2.7664167881012 7.08234834671021 7.04598951339722 5.5963454246521 4.29676628112793 3.14422559738159 2.40454030036926 1.77865207195282 1.11869955062866 0.874845445156097 1.50312995910645 1.43613374233246 2.15626001358032 2.67756271362305 2.63602805137634 2.37300658226013 2.23378324508667 2.19310760498047 2.15240597724915 2.11406803131104 1.95794451236725 1.81124532222748 1.79638540744781 1.87534320354462 1.73289453983307 1.57612347602844 1.4356255531311 1.31734371185303 1.1834704875946 1.05129158496857 0.939931690692902 0.854979634284973 0.798963487148285 0.782268047332764 0.753832519054413 0.713530480861664 0.649993598461151 0.576119065284729 0.517361700534821 0.492842972278595 0.506240427494049 0.469210118055344 0.686707258224487
2.76983642578125 4.06941413879395 3.54747247695923 3.73362016677856 3.51965689659119 4.28287172317505 4.39155864715576 3.93661284446716 3.17159032821655 2.53594756126404 1.98561227321625 1.72801625728607 1.57220542430878 1.34168875217438 1.12766492366791 1.18281781673431 1.5799548625946 1.54528331756592 3.06409001350403 1.95312523841858 1.79506087303162 1.58066308498383 1.43617391586304 1.27571785449982 1.51277029514313 1.62721931934357 1.51839292049408 1.38627290725708 1.25545346736908 1.14425814151764 1.032595038414 0.932672083377838 0.873053252696991 0.841400027275085 0.807212114334106 0.784031808376312 0.768526375293732 0.738754689693451 0.684458255767822 0.626187801361084 0.579275369644165 0.547395884990692 0.536047339439392 0.752957701683044 0.683232426643372
2.92807531356812 2.86620211601257 2.85501646995544 2.81738662719727 2.76799154281616 3.27227163314819 2.74371719360352 2.52550411224365 2.0852358341217 1.76844453811646 1.51640558242798 1.33744835853577 1.18222749233246 1.00308060646057 0.887002944946289 1.1421320438385 1.96401631832123 2.82364797592163 1.62994909286499 1.66422426700592 1.58922398090363 1.36411309242249 1.2257114648819 1.10152566432953 1.08573281764984 1.00363826751709 0.963220834732056 0.86984646320343 0.816261887550354 0.749531209468842 0.688096761703491 0.637316405773163 0.597420930862427 0.678347110748291 0.676447451114655 0.655447602272034 0.893780708312988 0.644779562950134 0.586393475532532 0.522737443447113 0.474180519580841 0.45004540681839 0.505451619625092 1.18220627307892 1.26761281490326
2.88406658172607 2.68756699562073 2.53997707366943 2.48664140701294 2.43428993225098 2.38176870346069 2.32815480232239 1.96643531322479 1.58989036083221 1.17208075523376 0.825916171073914 0.703596889972687 0.440226703882217 0.269353240728378 0.696805596351624 1.29202544689178 1.0187680721283 0.982435464859009 0.951792895793915 1.34498822689056 1.45661246776581 1.21065092086792 1.06267285346985 0.956237614154816 1.03596198558807 1.0348846912384 0.943412005901337 0.892805099487305 0.853111326694489 0.785377621650696 0.738682627677917 0.686707973480225 0.628457963466644 0.585199952125549 0.530286192893982 0.482854187488556 1.09807801246643 0.654037356376648 0.460332244634628 0.396936357021332 0.336031377315521 0.322142213582993 0.995741307735443 1.86574411392212 1.96302020549774
2.65227961540222 2.46955561637878 2.22924590110779 1.98915255069733 1.80072724819183 1.74585855007172 1.70628368854523 1.49574720859528 1.24979555606842 0.885985612869263 1.35604476928711 0.580840289592743 0.397624462842941 0.334002703428268 0.322463482618332 0.28666353225708 0.335725665092468 0.401155352592468 0.534516096115112 0.753934681415558 0.633999407291412 0.532054305076599 0.460573434829712 0.58792108297348 0.775793313980103 0.728392720222473 0.650061964988708 0.595638751983643 0.544156074523926 0.510977864265442 0.475721836090088 0.447712600231171 0.414119601249695 0.448464602231979 0.556608080863953 0.572800874710083 0.706888735294342 0.568394839763641 0.549322843551636 0.503333210945129 0.443007737398148 0.405361473560333 0.404075562953949 2.03941130638123 2.02282810211182
2.42953634262085 2.28457188606262 2.01304054260254 1.75326800346375 1.53337693214417 1.37325048446655 1.26462996006012 1.12362396717072 0.942995250225067 0.704930186271667 1.06634259223938 0.657192468643188 0.539427876472473 0.419355869293213 0.421429127454758 0.34168267250061 0.293796092271805 0.268012136220932 0.245764717459679 0.21517775952816 0.199350103735924 0.181436017155647 0.153292238712311 0.145217195153236 0.182030841708183 0.192936196923256 0.138365864753723 0.110043331980705 0.0450775735080242 0.025280199944973 0.653402209281921 0.182741090655327 0.00996868964284658 0.279209196567535 0.41479167342186 0.403915226459503 0.396650493144989 0.403958022594452 0.493541091680527 0.564853191375732 0.413001388311386 0.32184037566185 0.355134129524231 1.15962147712708 1.01587057113647
2.18770527839661 2.03547954559326 1.7520010471344 1.48832273483276 1.27656590938568 1.09421265125275 0.939116597175598 0.802397906780243 0.670376718044281 0.521405696868896 0.78501284122467 0.72407078742981 0.485997289419174 0.393675893545151 0.342455178499222 0.282464027404785 0.250672399997711 0.229852959513664 0.204453349113464 0.192581430077553 0.181006073951721 0.159938812255859 0.149498492479324 0.0993478074669838 0.115748964250088 0.0783082544803619 -0.00327598629519343 0.268274217844009 -0.0295375175774097 -0.0624476373195648 1.1247466802597 0.79660826921463 0.49798110127449 0.335641890764236 0.310543656349182 0.212570711970329 0.157864227890968 0.30856928229332 0.384495288133621 0.401353597640991 0.384433686733246 0.278181970119476 0.251381248235703 0.36239418387413 0.357980757951736
1.78807234764099 1.69378817081451 1.5118134021759 1.27114605903625 1.07670307159424 0.904213666915894 0.742446184158325 0.611282169818878 0.505199015140533 0.41315495967865 1.5136821269989 0.770146250724792 0.515087127685547 0.432790130376816 0.32174164056778 0.261760830879211 0.232802480459213 0.198247969150543 0.180112615227699 0.164155840873718 0.157764703035355 0.132990434765816 0.113590605556965 0.114911258220673 0.10944290459156 0.0582694411277771 0.0131468949839473 0.205656111240387 -0.00902911834418774 -0.0344588086009026 0.379479765892029 0.602509737014771 0.294592559337616 0.243614301085472 0.43492528796196 0.356313228607178 0.282411873340607 0.207753211259842 0.18702919781208 0.170880034565926 0.143970057368279 0.105565644800663 0.0783901512622833 0.0683910623192787 0.0827236622571945
1.48446321487427 1.43449604511261 1.32792603969574 1.13931369781494 0.977258861064911 0.816664934158325 0.668034851551056 0.548129796981812 0.455441564321518 0.397868245840073 1.10101389884949 0.659732937812805 0.44479575753212 0.345463365316391 0.349026530981064 0.283359974622726 0.252082198858261 0.213691875338554 0.193802446126938 0.184946864843369 0.162301078438759 0.161116242408752 0.115709230303764 0.107327274978161 0.0694159343838692 0.0347741805016994 0.0928085297346115 0.0309864189475775 0.00987863447517157 -0.0134546868503094 0.469810873270035 0.237381860613823 0.179965779185295 0.118322610855103 0.186494007706642 0.196654036641121 0.161478728055954 0.131917655467987 0.113364852964878 0.095226839184761 0.0880938172340393 0.0620795339345932 0.016401793807745 -0.0180024206638336 0.0564424023032188
1.42812025547028 1.39366769790649 1.32682943344116 1.09502446651459 0.91997230052948 0.76855593919754 0.637851655483246 0.515845775604248 0.434708267450333 0.539104580879211 0.877924799919128 0.619433045387268 0.456926554441452 0.337154746055603 0.293012648820877 0.254244446754456 0.218798607587814 0.18966306746006 0.173923373222351 0.159408330917358 0.134128272533417 0.122157223522663 0.116613417863846 0.0970600768923759 0.054693479090929 0.0108117703348398 0.217499494552612 0.0855139046907425 0.0298297107219696 0.0246130730956793 0.0229440834373236 0.0200323350727558 0.0155140785500407 0.0133594693616033 0.0868725329637527 0.162681013345718 0.0789419189095497 0.0550362318754196 0.123653553426266 0.0453910678625107 0.035995677113533 0.111263640224934 0.0155856320634484 -0.0214706715196371 -0.0181876644492149
1.29002296924591 1.26686382293701 1.23553061485291 1.03959083557129 0.8928382396698 0.761255860328674 0.620921194553375 0.684611916542053 0.415104269981384 0.343657582998276 0.933153569698334 0.583305299282074 0.394487291574478 0.362911343574524 0.323052555322647 0.290971785783768 0.249433845281601 0.229496940970421 0.211586639285088 0.186338379979134 0.175861462950706 0.148412063717842 0.139893427491188 0.0980057641863823 0.00814326945692301 0.270541787147522 0.127410143613815 0.0861559435725212 0.0472580678761005 0.0116551090031862 0.00906036328524351 0.00346818869002163 0.00322998547926545 0.00187739031389356 0.200424253940582 0.075589656829834 0.00560986204072833 0.0979721397161484 0.0340048037469387 0.0137754445895553 0.0119353905320168 0.0146712455898523 -0.0119392285123467 -0.0230882912874222 -0.0386000387370586
1.21130895614624 1.14962565898895 1.07657659053802 0.979807794094086 0.882879436016083 0.752377092838287 0.646800518035889 0.553025007247925 0.456559687852859 0.361281931400299 0.648744642734528 0.529044568538666 0.386573731899261 0.338049471378326 0.282487034797668 0.232180580496788 0.205119386315346 0.189576163887978 0.177980571985245 0.152355596423149 0.143489614129066 0.119225256145 0.112964130938053 0.0670419335365295 0.0213463958352804 0.435976207256317 0.25791984796524 0.16840010881424 0.100939847528934 0.0373884066939354 0.0327026434242725 0.0138360476121306 -0.0022145314142108 0.1416305154562 0.116932675242424 0.0277260132133961 0.0385086014866829 0.0518821030855179 0.0383850000798702 0.0226281993091106 0.0205492917448282 0.0145577974617481 -0.00404339004307985 -0.0186142846941948 -0.0284674465656281
1.12544429302216 1.09044170379639 1.02682197093964 0.954489469528198 0.857653319835663 0.750701665878296 0.702076852321625 0.624451339244843 0.891691148281097 0.441184133291245 0.603780031204224 0.37976661324501 0.265858083963394 0.265765458345413 0.259973347187042 0.228298485279083 0.217224642634392 0.20283117890358 0.171888813376427 0.164574205875397 0.134207397699356 0.130332961678505 0.11436416208744 0.0280385483056307 0.526742994785309 0.209521949291229 0.16001270711422 0.114190369844437 0.0231482964009047 0.0640633925795555 0.0476211681962013 0.0340569168329239 0.0231805574148893 0.0231771524995565 0.0701596662402153 0.0275598112493753 0.0191605668514967 0.0361105129122734 0.0331854782998562 0.0159572400152683 0.0147951636463404 0.0145558677613735 -0.00199463637545705 -0.0170378461480141 -0.0233889501541853
1.06279623508453 1.02942657470703 0.987067759037018 0.924130737781525 0.839290142059326 0.786425411701202 0.735145449638367 0.792210459709167 0.61522388458252 0.53201687335968 0.677127063274384 0.430225521326065 0.316115856170654 0.268771916627884 0.225747406482697 0.198971450328827 0.185190305113792 0.164516031742096 0.159839957952499 0.145917221903801 0.134718269109726 0.124817475676537 0.057976558804512 0.0336002297699451 0.43944576382637 0.236733004450798 0.160449832677841 0.126621261239052 0.0796472281217575 0.0672243237495422 0.0434052310883999 0.0313761830329895 0.0284494869410992 0.0233248732984066 0.0101191094145179 0.217936620116234 0.0224303398281336 0.0411860346794128 0.0207398682832718 0.0115410601720214 0.0111463563516736 0.00527589395642281 -0.0016839683521539 -0.0128730395808816 -0.0275954864919186
