slauniainen/Data/DEM/Vihti_dem1500b_cl_horizonAngle_132.asc
NCOLS 196 
NROWS 178 
XLLCORNER 353680 
YLLCORNER 6699024 
CELLSIZE 16 
NODATA_value -3.4e+38 
[rows 140 to 159 of 178, columns 45 to 89 of 196]
5.62723445892334 5.65659427642822 5.71470499038696 5.766028881073 6.33101940155029 6.34465456008911 5.40507221221924 5.18899965286255 5.14482355117798 5.21103954315186 5.45267963409424 5.5898323059082 5.76438474655151 6.02822399139404 5.996009349823 6.07798433303833 6.19221687316895 6.18919467926025 6.39016771316528 6.4674825668335 6.68047428131104 6.9715051651001 7.07100200653076 6.65314340591431 5.4137396812439 4.76654863357544 4.33919239044189 3.97134256362915 4.13725662231445 3.53902125358582 2.35946369171143 3.30727291107178 4.99011278152466 5.10569620132446 6.85586595535278 10.0603713989258 8.5224027633667 4.04365015029907 4.44239473342896 4.77561044692993 5.298743724823 5.7935733795166 6.30513048171997 7.03138113021851 6.94394969940186
5.8709979057312 5.90316009521484 5.9581413269043 5.96555662155151 6.86648273468018 6.75217151641846 5.5109658241272 5.36514711380005 5.34865856170654 5.63880395889282 5.73065376281738 5.96939849853516 6.15383672714233 6.33895635604858 6.66178178787231 6.6572961807251 6.86971664428711 6.74753999710083 6.85011291503906 6.99525928497314 7.01974487304688 7.240966796875 7.61472702026367 7.78705310821533 7.29894351959229 5.96637487411499 5.73429918289185 5.81472635269165 5.42454242706299 4.89939546585083 3.96001315116882 3.45191216468811 3.89975881576538 4.08835554122925 6.76556921005249 9.10465145111084 8.85001182556152 3.8650209903717 4.27601909637451 4.65217924118042 5.00691270828247 5.55029010772705 6.07056665420532 6.37322664260864 6.76424646377563
6.30078077316284 6.21084976196289 6.19082593917847 6.18855762481689 7.30212116241455 6.26814985275269 5.70606899261475 5.56396341323853 5.59984302520752 5.97053098678589 6.20075225830078 6.23632478713989 6.46058559417725 6.73093318939209 6.93939590454102 7.34810638427734 7.40539836883545 7.65556001663208 7.47768831253052 7.52936935424805 7.76381683349609 7.79095315933228 8.03163146972656 8.51883602142334 8.96284103393555 8.4522590637207 7.82198810577393 7.73510837554932 8.23049068450928 7.12293148040771 6.19288778305054 4.46915578842163 4.40165233612061 4.52239274978638 5.09601449966431 12.1483469009399 7.03764152526855 3.23523092269897 3.95335793495178 4.5271635055542 4.70682525634766 5.25106763839722 5.8991379737854 6.37280941009521 6.65083456039429
6.63815546035767 6.57318449020386 6.43462419509888 6.40304327011108 6.33134603500366 6.01096200942993 5.8670334815979 5.81545877456665 6.00417041778564 6.38014554977417 6.59911870956421 6.75434064865112 6.83315181732178 7.1229829788208 7.43488931655884 7.63083171844482 8.18989562988281 8.35812759399414 8.64756107330322 8.5700216293335 8.46305561065674 8.7147102355957 8.73934268951416 9.00718116760254 9.60018634796143 10.2308740615845 10.4155673980713 10.5341453552246 9.74737167358398 11.666130065918 11.5365018844604 7.76461410522461 5.11591148376465 3.06828880310059 6.05254411697388 5.26138591766357 2.83762407302856 3.01694488525391 3.38545346260071 4.10966825485229 4.2867488861084 4.93717432022095 5.70918226242065 6.40637922286987 7.0294942855835
6.9883131980896 6.9526948928833 6.85262060165405 6.72788143157959 6.66862344741821 6.39458847045898 6.03464555740356 6.17852401733398 6.63015985488892 6.7740044593811 7.01099872589111 7.23284482955933 7.39025163650513 7.60517930984497 7.86823749542236 8.24766540527344 8.51910591125488 9.19610595703125 9.50917625427246 9.80848407745361 9.83639144897461 10.7796583175659 10.2802715301514 10.2131319046021 10.3582468032837 10.5495700836182 11.449423789978 12.33802318573 11.8342914581299 11.3104124069214 14.1235361099243 7.28786563873291 6.58277225494385 5.66475868225098 3.3633120059967 2.36537933349609 2.60913634300232 3.10550284385681 3.10969352722168 3.47204399108887 4.20078754425049 4.84029769897461 5.48162889480591 6.31705713272095 7.155189037323
7.40648984909058 7.38913345336914 7.31147909164429 7.22358274459839 7.04858160018921 6.82615375518799 6.55076313018799 6.71334171295166 7.06809711456299 7.2933292388916 7.43239784240723 7.72795820236206 8.06000804901123 8.2642707824707 8.43454837799072 8.69357490539551 9.19094467163086 9.55524826049805 10.2932510375977 10.7915163040161 11.6991872787476 11.7556915283203 11.9139194488525 10.8863210678101 10.7244100570679 10.9200553894043 11.3983783721924 11.9712982177734 13.1214790344238 12.6800889968872 12.3657932281494 5.94262647628784 6.68980741500854 7.26726007461548 6.38122415542603 3.13338780403137 2.38512372970581 2.75992774963379 3.17050433158875 3.22634315490723 3.79440236091614 5.37108469009399 6.20572280883789 7.13879871368408 7.69557762145996
7.89236688613892 7.92360401153564 7.8840274810791 7.7912654876709 7.61745309829712 7.35716819763184 7.22780847549438 7.41028547286987 7.65211915969849 7.87560749053955 8.12571907043457 8.30054092407227 8.60340404510498 9.06360626220703 9.21538257598877 9.42701816558838 9.66385364532471 10.220890045166 10.9830617904663 11.4853248596191 11.862603187561 12.5175580978394 12.4785575866699 12.8225269317627 11.6776895523071 11.5097064971924 11.8780517578125 13.2728576660156 14.4412536621094 14.025918006897 13.505970954895 8.15068626403809 6.08892488479614 6.45261144638062 5.93777227401733 4.08207845687866 4.22971200942993 2.41499495506287 2.96627330780029 3.64718985557556 3.82163119316101 4.81353187561035 7.00839519500732 7.76529312133789 9.16779899597168
8.29047203063965 8.46675682067871 8.61658763885498 8.53489112854004 8.27733612060547 7.95638847351074 7.72853183746338 7.93412208557129 8.31095886230469 8.64211845397949 8.99023056030273 9.4407787322998 9.78078365325928 10.1799650192261 10.5008554458618 10.8209934234619 11.1145372390747 11.268853187561 11.5034494400024 11.7426738739014 12.2067012786865 13.1710958480835 14.2531900405884 14.0178499221802 14.9112863540649 12.6268692016602 12.6000185012817 14.2813100814819 13.3287887573242 13.1165456771851 14.7623662948608 14.3778257369995 7.02033424377441 5.21045160293579 3.62583947181702 4.7083420753479 6.49464845657349 6.07782316207886 2.47481846809387 3.33482456207275 4.21639013290405 4.85028886795044 6.01885986328125 7.2262167930603 9.85031890869141
8.63841247558594 8.96368312835693 9.21998119354248 9.42476367950439 9.12258815765381 8.83174800872803 8.65338134765625 8.75308227539062 9.06256866455078 9.41908931732178 10.0759153366089 10.619649887085 10.9792509078979 11.2079830169678 11.601263999939 11.6099481582642 11.8451910018921 12.3197822570801 12.5194129943848 12.60484790802 13.319221496582 14.6907987594604 15.0172433853149 15.1455335617065 14.369514465332 16.5131568908691 12.4075365066528 12.6330137252808 11.7601356506348 10.4436521530151 11.9748849868774 14.3030433654785 9.72954082489014 8.04294395446777 6.07752132415771 5.04906320571899 5.13151788711548 7.55405235290527 7.00580453872681 2.81709122657776 3.86755681037903 4.451744556427 6.29977750778198 7.58545398712158 8.4428882598877
9.00075721740723 9.40371894836426 9.78071594238281 10.0154123306274 10.1811170578003 10.0357990264893 10.8540477752686 10.6403093338013 10.5974712371826 10.7759637832642 10.9368515014648 11.516077041626 12.1565723419189 12.9994983673096 12.9256191253662 12.9435329437256 13.3213167190552 13.6616239547729 14.0078630447388 14.1424293518066 14.5880146026611 15.607346534729 16.1633911132812 14.9304695129395 15.6443271636963 14.869255065918 6.98025178909302 9.61367130279541 11.0884122848511 9.33121395111084 9.78977203369141 10.1304969787598 6.96016311645508 2.37979936599731 4.37039947509766 5.42794275283813 3.8515944480896 6.82043647766113 10.1700801849365 9.01739692687988 3.77174258232117 3.43242239952087 6.4726390838623 9.47237873077393 10.8793573379517
9.39345455169678 9.82013416290283 10.3388948440552 10.6379289627075 10.7698755264282 11.2617321014404 11.7951822280884 12.2472410202026 11.9169063568115 11.7438449859619 11.8827457427979 12.064923286438 12.8889865875244 14.0368490219116 15.405743598938 16.403938293457 14.24755859375 15.209755897522 14.6508703231812 15.6685619354248 15.0370645523071 14.2431116104126 13.9969596862793 12.6192903518677 12.7292547225952 6.86405467987061 6.12468528747559 7.077308177948 7.67754173278809 6.89644432067871 7.08227872848511 7.41603660583496 2.10382080078125 0.9522465467453 3.94775557518005 5.24971294403076 2.77451133728027 4.18382835388184 10.8748025894165 14.6260223388672 13.274266242981 5.78273105621338 4.26201629638672 9.62862873077393 16.1040267944336
9.98395252227783 10.3474540710449 10.6693429946899 11.157018661499 11.8746585845947 12.2258548736572 12.3737058639526 13.1835460662842 14.3037872314453 13.6606025695801 13.2694234848022 13.1949396133423 13.6368408203125 14.3833179473877 16.4564933776855 14.6458072662354 12.6149492263794 13.4127931594849 12.6428546905518 13.1514472961426 13.1257247924805 12.0693016052246 10.6659421920776 10.7376613616943 8.21091365814209 5.06363582611084 5.69681930541992 6.54977178573608 7.1380090713501 4.45879173278809 3.85905146598816 3.18685841560364 2.6468563079834 2.50875663757324 4.08762216567993 6.23753976821899 6.8518385887146 6.04250478744507 7.93991947174072 17.6153430938721 17.2334384918213 12.3846855163574 2.1062183380127 5.38607740402222 13.9217252731323
10.519495010376 11.5692911148071 12.1075448989868 11.9080295562744 12.0699367523193 13.1498355865479 13.6454343795776 14.7217264175415 15.9644718170166 17.5001449584961 15.9094114303589 13.9737939834595 13.8381366729736 15.2452249526978 14.4607830047607 12.2268848419189 11.2196235656738 10.9292974472046 9.85937690734863 10.1138906478882 10.7724180221558 9.23258018493652 8.98688507080078 9.13460636138916 4.8012490272522 4.90243816375732 5.59265327453613 7.00572824478149 8.60580348968506 8.8120584487915 4.67125654220581 2.64143300056458 3.45900845527649 4.94777727127075 5.35247945785522 5.84281730651855 10.4860591888428 9.77416324615479 3.0594494342804 7.57997465133667 2.89691686630249 -0.481257885694504 0.278838664293289 2.14458417892456 5.42782783508301
11.6419076919556 11.8724184036255 12.8699817657471 13.3516883850098 13.1764221191406 13.3060312271118 14.9382848739624 15.3590307235718 16.9018974304199 19.3438758850098 19.1251544952393 14.9235792160034 14.2334747314453 13.5725374221802 11.714448928833 10.0893611907959 9.04258918762207 8.05444049835205 7.61805963516235 7.91621160507202 8.46919822692871 6.94706678390503 7.52936124801636 5.26383781433105 4.76059007644653 4.82414627075195 5.99414682388306 7.55435609817505 11.2272253036499 11.2193813323975 9.51704025268555 3.42665719985962 3.4344630241394 4.80247592926025 6.74104499816895 6.47128486633301 6.13075399398804 -0.0813895985484123 -1.255446434021 2.33640122413635 3.14564728736877 -0.881218433380127 -0.333600223064423 0.981579542160034 2.281001329422
13.3826894760132 13.5107173919678 13.6652536392212 14.6418714523315 14.7927103042603 13.8088035583496 13.741322517395 16.622049331665 17.130163192749 17.8662662506104 14.6186962127686 9.16368007659912 9.24118137359619 9.24850177764893 8.09367942810059 7.46434020996094 6.86984348297119 6.23005628585815 6.43930673599243 7.77377414703369 7.25077819824219 6.29945278167725 5.4410572052002 4.63339710235596 4.86144256591797 4.97789525985718 6.23325395584106 8.56894302368164 7.57938623428345 5.25738191604614 4.99534702301025 2.14731764793396 3.54356908798218 3.86449384689331 4.43576812744141 1.50374615192413 0.811469912528992 0.197660341858864 -0.555979371070862 0.304440408945084 0.279442667961121 -1.15691733360291 -0.765240550041199 0.0603079833090305 1.54104173183441
15.7436027526855 16.7287902832031 16.7889862060547 13.9806880950928 14.6806221008301 14.8747138977051 14.4378204345703 15.1340579986572 20.5238609313965 16.9938087463379 11.7748003005981 7.9543776512146 7.85688257217407 8.54765319824219 8.10496425628662 6.99824905395508 6.60384750366211 6.18897819519043 6.4050726890564 6.63686275482178 5.61352252960205 5.81814384460449 4.21961307525635 4.27705955505371 4.86060380935669 5.15268325805664 5.26247835159302 4.95899724960327 4.34306383132935 4.07140207290649 3.67260336875916 2.91724944114685 3.49032330513 3.92078399658203 3.585613489151 2.50244617462158 2.50060296058655 2.4763765335083 1.07292652130127 -0.105370469391346 -1.71280670166016 -1.38554120063782 -1.03265249729156 -0.308133035898209 0.773399591445923
17.581413269043 20.8273162841797 17.8497619628906 14.5924835205078 14.0433673858643 16.1623210906982 17.6050071716309 17.1423358917236 15.1606531143188 8.68358898162842 6.24923229217529 4.96304035186768 4.8738112449646 5.54224061965942 5.97438812255859 5.69494485855103 6.16696166992188 5.86534738540649 5.83191013336182 5.4806079864502 5.27468013763428 6.27799940109253 3.61043310165405 3.88885188102722 4.56583881378174 5.23894691467285 5.50629806518555 5.38764524459839 5.13531351089478 5.28005504608154 4.72632884979248 4.32784032821655 4.52589178085327 5.17519474029541 5.08084392547607 4.72290086746216 4.20192909240723 4.32051706314087 3.77749872207642 1.9984678030014 0.813185095787048 -1.54891109466553 -1.02428996562958 -0.315769076347351 0.550758540630341
18.0395240783691 19.3060626983643 13.1263484954834 11.9770479202271 12.138671875 11.8490219116211 8.21066761016846 5.98845243453979 6.22002363204956 4.5431170463562 3.64608883857727 3.52228879928589 3.59220147132874 3.8948667049408 4.01460075378418 4.12229156494141 4.2749171257019 4.48855590820312 4.59642457962036 4.73707389831543 4.62371826171875 3.73843669891357 3.65566611289978 3.63154911994934 4.14792823791504 4.84018802642822 5.52629470825195 5.8056902885437 5.94196605682373 6.31111431121826 6.55836343765259 6.3698582649231 7.13423633575439 7.40720272064209 7.21624565124512 8.14091873168945 8.24314022064209 6.92863893508911 6.1294264793396 5.32876348495483 4.0210428237915 4.9487361907959 -0.562812685966492 -0.464107125997543 0.59078723192215
17.5169429779053 14.4624309539795 10.5115537643433 9.11471843719482 6.44231081008911 4.78647661209106 3.47722339630127 3.43166399002075 3.46292948722839 3.52904510498047 3.5743887424469 3.71484446525574 3.61346316337585 3.67819571495056 3.97416424751282 4.0793023109436 4.18741464614868 4.32491779327393 4.49608516693115 4.33668327331543 4.13744211196899 3.83179092407227 3.76434850692749 3.8030092716217 3.89855742454529 4.47849798202515 5.2711124420166 6.05311584472656 6.77889823913574 7.58646678924561 8.39157581329346 9.6729679107666 12.1046476364136 12.2889251708984 11.5047292709351 12.6878366470337 14.623272895813 10.9903163909912 8.16821575164795 7.9721508026123 5.67272615432739 4.02165794372559 -2.1307806968689 -1.37296915054321 -0.0277708880603313
11.3056383132935 10.5939655303955 6.63560485839844 2.9543719291687 2.99088716506958 3.06639814376831 3.25546956062317 3.38411235809326 3.4681510925293 3.53935241699219 3.66543889045715 3.78927731513977 3.94555139541626 3.82467937469482 3.90286183357239 4.17254066467285 4.30882596969604 4.40401744842529 4.50043058395386 4.65379095077515 4.49166584014893 4.31053400039673 4.23187828063965 4.38865184783936 4.32015323638916 4.90028285980225 5.5571084022522 6.43292474746704 7.56906366348267 8.48397731781006 10.3403081893921 11.553074836731 14.8072919845581 20.4428253173828 15.9243831634521 10.8539619445801 8.57753849029541 3.70265436172485 2.39906048774719 3.9283549785614 4.70282363891602 6.38570785522461 -2.41280817985535 -2.03343367576599 -0.990480065345764
