slauniainen/Data/DEM/Vihti_dsm1500b_cl_horizonAngle_90.asc
NCOLS 196 
NROWS 178 
XLLCORNER 353680 
YLLCORNER 6699024 
CELLSIZE 16 
NODATA_value -3.4e+38 
[rows 120 to 139 of 178, columns 138 to 183 of 196]
16.3285217285156 18.2206039428711 10.4693307876587 15.5089683532715 16.2583751678467 5.18874597549438 5.23921775817871 5.98143911361694 6.89563655853271 11.5164852142334 7.53152656555176 8.87461376190186 12.0265684127808 9.2130298614502 10.1816959381104 18.0389060974121 11.6499128341675 18.315486907959 37.6336212158203 20.1300430297852 16.5623474121094 9.71458721160889 13.7068271636963 15.6412086486816 32.1362152099609 13.7776803970337 14.1654586791992 -2.20439577102661 0.0678410530090332 1.00181293487549 14.7618532180786 -0.256274402141571 -0.0566972754895687 2.92234373092651 6.65277194976807 7.13669061660767 17.4333744049072 15.0909729003906 1.79342877864838 3.60547113418579 10.2533025741577 27.4056091308594 1.099649310112 1.9109354019165 14.3838787078857 0.643318355083466
5.20590209960938 7.12640810012817 8.70500373840332 9.14601135253906 10.1163415908813 14.5819664001465 26.7910919189453 5.61870145797729 5.74172592163086 6.19728708267212 6.65849256515503 33.6044578552246 7.77644920349121 14.7443113327026 13.722336769104 14.8633432388306 22.9987850189209 27.7304992675781 44.9034957885742 6.49638032913208 17.0702419281006 17.3452072143555 7.31672334671021 12.5958833694458 22.7140445709229 21.4949264526367 -2.32373070716858 3.46543860435486 34.5070343017578 -1.35679817199707 0.717262148857117 3.50177001953125 4.07925033569336 11.061993598938 6.97606754302979 9.32806777954102 11.7316455841064 10.7024269104004 0.183751448988914 3.21939420700073 7.17116212844849 20.5726661682129 11.5714349746704 0.453444063663483 0.416161507368088 0.73479163646698
6.2821888923645 10.5521430969238 6.39531373977661 12.9680633544922 8.70107746124268 10.0490245819092 11.9571256637573 12.811541557312 17.3986148834229 6.43871641159058 6.8573169708252 9.35801982879639 27.1918106079102 15.090576171875 26.1887035369873 14.0353507995605 17.0967750549316 9.31990051269531 8.52093410491943 18.4042701721191 11.9537134170532 12.9991989135742 -1.6115391254425 24.4713172912598 -0.330145835876465 8.19922351837158 -1.99253451824188 15.2337522506714 -0.900157451629639 20.6445178985596 -0.799255847930908 8.76685619354248 14.9281187057495 0.979101359844208 7.49892997741699 14.6137714385986 23.3875541687012 25.3685436248779 0.3014315366745 2.94581723213196 3.6246292591095 10.9953336715698 3.83116316795349 6.75116682052612 0.6709024310112 4.07025957107544
13.7530908584595 30.2470779418945 17.6166400909424 28.0502490997314 6.03525638580322 9.3383846282959 6.1541633605957 7.74724245071411 8.49014472961426 9.32341957092285 10.1779232025146 10.6174936294556 12.9628782272339 13.216254234314 30.8637619018555 13.9880151748657 13.060019493103 15.0343894958496 17.5326881408691 19.1650772094727 16.8645935058594 -2.37016797065735 20.1778602600098 7.18926954269409 26.354606628418 -2.62804460525513 -2.50507259368896 30.9535427093506 -1.63222515583038 7.07756423950195 -0.657566547393799 -0.1535504758358 5.26959228515625 -0.340218842029572 3.22231364250183 7.06438016891479 1.55156528949738 2.47986340522766 15.8965311050415 1.00898170471191 1.66996037960052 2.06855058670044 2.68340158462524 3.21129727363586 4.5473256111145 9.52295112609863
12.2573051452637 18.2788734436035 24.4056663513184 5.51790857315063 6.4048867225647 7.55975008010864 9.56173992156982 6.20915651321411 6.24286508560181 8.71033763885498 9.28531455993652 13.9167490005493 29.0687522888184 11.6712303161621 17.1976013183594 12.6267204284668 20.6421489715576 12.8714256286621 14.2513151168823 -2.44662547111511 -1.97703015804291 -2.42523765563965 9.01758861541748 -1.00447034835815 -1.91200625896454 -1.40122258663177 7.23939514160156 32.1525497436523 -1.8950343132019 -0.988366901874542 -0.96283632516861 -0.925688743591309 -0.126588433980942 2.3671178817749 5.60804080963135 9.08439159393311 0.323961675167084 7.69939184188843 4.8740668296814 0.640040099620819 2.10976028442383 4.37668657302856 5.28189992904663 14.0621757507324 24.5952587127686 0.906092464923859
7.90885019302368 11.7191514968872 34.0345115661621 10.2082509994507 4.80272436141968 4.95512866973877 8.5435848236084 6.22872638702393 6.94416427612305 8.86641407012939 10.3700666427612 24.7941589355469 10.4045524597168 11.3300075531006 12.0383443832397 25.9925880432129 12.8071556091309 14.890230178833 16.4320869445801 -2.49777936935425 -3.60615563392639 2.82212448120117 2.61639904975891 -2.56368827819824 0.778054177761078 1.66824018955231 6.50447177886963 28.7247428894043 -2.26406073570251 -0.896533966064453 -1.20485401153564 -0.345234870910645 1.18290603160858 5.04584455490112 3.46641492843628 7.11881399154663 8.05927467346191 12.4432601928711 11.1610412597656 15.6032600402832 0.437048077583313 2.69708919525146 0.990541636943817 6.56405019760132 11.4405975341797 1.1384072303772
9.30853176116943 11.0600528717041 15.3287506103516 20.0127296447754 11.0811214447021 13.7538862228394 4.21218061447144 12.4063024520874 5.69336986541748 7.46887302398682 9.16639137268066 17.5277118682861 10.0055389404297 47.7334518432617 14.3981685638428 27.9789409637451 14.4128684997559 8.80476570129395 12.3862972259521 -3.94500207901001 -3.98330140113831 10.0510654449463 -3.00324368476868 -2.70740127563477 -1.77557229995728 -0.259507179260254 0.337074130773544 7.97264671325684 26.0574798583984 -1.8413587808609 -1.77694582939148 -1.31743741035461 12.5547523498535 0.960761845111847 6.63277816772461 10.2818078994751 13.5360441207886 0.00727080879732966 6.30790185928345 6.70026588439941 3.63865113258362 4.40265464782715 29.1872062683105 0.497341334819794 15.7691450119019 0.71042001247406
7.77732944488525 11.5939302444458 21.0546226501465 24.3274631500244 16.8837413787842 20.4107360839844 2.97132730484009 4.30636692047119 4.50524950027466 5.29218339920044 5.63333988189697 9.82454776763916 14.6891450881958 38.3996200561523 30.9482097625732 20.2759037017822 5.87351703643799 7.99883222579956 21.5009765625 -3.57106423377991 -3.04647064208984 -2.79273748397827 -2.53856778144836 2.31631875038147 -2.3193895816803 -1.36016309261322 -0.770014643669128 3.83927941322327 3.54765486717224 0.354706317186356 0.156161546707153 0.766342103481293 22.5196285247803 1.27805519104004 12.0284938812256 6.6832423210144 7.77522468566895 17.2269630432129 0.756252884864807 8.8174409866333 1.21898710727692 6.43589115142822 13.4575700759888 17.6316928863525 0.0511649325489998 20.6174926757812
7.44276475906372 8.99880790710449 19.6121768951416 23.0354881286621 29.339038848877 13.2407913208008 2.43879580497742 9.49574565887451 2.86112809181213 3.55741167068481 5.41336727142334 7.21828699111938 16.4080028533936 35.7261810302734 45.9958076477051 11.3320207595825 24.3444423675537 2.13985085487366 4.323655128479 -2.8339524269104 -2.61207437515259 -1.8641322851181 -1.79033434391022 -1.34021413326263 -0.780151903629303 1.48153448104858 2.41406774520874 6.68576145172119 2.63044333457947 13.323504447937 3.11448335647583 3.37873506546021 5.76199626922607 9.51688861846924 7.86153650283813 9.28135013580322 9.65173816680908 13.9003248214722 15.8005743026733 27.9108219146729 0.198205828666687 -0.606511533260345 3.5096595287323 0.757795333862305 -0.0481534153223038 0.502152740955353
10.6792325973511 30.2627944946289 17.8385753631592 32.6313095092773 35.2077140808105 1.15380716323853 2.31323981285095 3.34188437461853 3.4848997592926 3.96548676490784 6.27056121826172 10.7245235443115 18.8756923675537 31.5627346038818 33.5348320007324 46.3130950927734 0.163284793496132 7.73391389846802 -2.63919258117676 -2.14429068565369 5.50637292861938 -2.06191039085388 -1.11227381229401 -0.363942503929138 0.893482506275177 1.95760607719421 1.61778819561005 7.39612340927124 11.5210180282593 1.62035131454468 3.10959458351135 3.69576716423035 5.42117357254028 8.72394466400146 10.1321334838867 11.5214614868164 11.7799339294434 25.2663650512695 13.843358039856 21.0547370910645 5.2884955406189 -1.02744340896606 0.46111524105072 -0.676265180110931 -0.670200645923615 0.359797209501266
5.57323169708252 10.8518886566162 12.3216552734375 25.4030818939209 14.6525983810425 33.0985107421875 1.97966384887695 2.68266749382019 6.08837938308716 21.0236034393311 5.25036096572876 6.96750831604004 11.8359451293945 18.2057285308838 20.0457878112793 20.9662265777588 8.21085548400879 8.00170707702637 -2.88775849342346 3.04354333877563 14.436710357666 -2.51104068756104 -2.09397172927856 5.51839685440063 -1.05547654628754 4.85763216018677 11.4566993713379 20.6149978637695 32.2668342590332 -0.131150782108307 1.18738579750061 1.63283967971802 2.289630651474 2.74101328849792 6.18411111831665 6.1702241897583 10.2761182785034 13.8251867294312 14.6279945373535 16.9406032562256 2.1212682723999 -1.24849820137024 -0.292134612798691 -0.202645048499107 2.44193577766418 0.212735518813133
4.34959983825684 6.0908465385437 11.3094501495361 16.9325275421143 16.5423545837402 15.5464687347412 0.815481781959534 4.60833787918091 2.45608735084534 6.66067314147949 14.452579498291 7.49407720565796 9.88765048980713 14.1105766296387 29.2835445404053 14.6411228179932 2.13970351219177 12.8371133804321 -2.3616771697998 3.93362236022949 8.24946594238281 -1.99453186988831 -0.670071125030518 -1.04806351661682 -0.672152042388916 1.36857402324677 19.5580177307129 2.48593926429749 26.680290222168 3.18543410301208 0.253044128417969 2.23798298835754 3.94378399848938 11.8424997329712 1.4596985578537 4.30658912658691 17.6827964782715 5.43447065353394 13.7634544372559 8.14124393463135 13.3886375427246 15.2277088165283 -1.26668190956116 -1.19839334487915 -0.165373593568802 0.144620805978775
5.71406650543213 9.28044509887695 15.5933809280396 9.81767463684082 11.4158239364624 16.0367336273193 8.70661067962646 0.750293791294098 1.00498592853546 4.63443803787231 5.07735681533813 5.24779605865479 9.98802852630615 21.122200012207 42.5511894226074 25.6669502258301 -2.04503417015076 1.66519558429718 -1.82769978046417 -1.69402682781219 -0.847173273563385 5.87997436523438 -0.660481989383698 3.03225064277649 15.1040887832642 4.35198736190796 0.141604214906693 0.766145646572113 1.52179074287415 2.63678121566772 0.851456105709076 2.09750056266785 6.86132955551147 12.2320241928101 7.30515289306641 9.09096622467041 22.6645755767822 6.4212794303894 3.88351488113403 6.0690016746521 1.47847604751587 24.6300029754639 -1.55061888694763 0.653958141803741 4.95072555541992 6.74899101257324
9.20798683166504 12.052453994751 27.4013233184814 14.5834512710571 14.639536857605 3.27200865745544 15.8997707366943 -0.234826058149338 -0.761194825172424 2.72074794769287 3.69684028625488 -0.753283977508545 0.0542993061244488 17.3654861450195 47.7293701171875 0.616735696792603 5.18078851699829 3.89862728118896 3.94828677177429 11.6885013580322 -1.76859819889069 -0.625561475753784 5.12777519226074 -0.540279686450958 4.16784048080444 22.5825214385986 0.270499676465988 0.415056556463242 8.50139808654785 0.750404834747314 0.969283282756805 2.9805474281311 7.3146915435791 20.2101192474365 21.0608539581299 22.9373836517334 3.52246284484863 1.23606240749359 6.90894174575806 13.0511684417725 8.04310989379883 9.90400314331055 16.7754554748535 0.731073141098022 8.2618408203125 26.5501041412354
9.39127159118652 13.6264238357544 25.124828338623 19.2017040252686 29.2035388946533 0.633927285671234 2.22976636886597 3.26368188858032 4.11220359802246 5.63029146194458 2.90734314918518 17.3787117004395 -1.55275630950928 14.7527532577515 42.4526557922363 4.7532262802124 16.4274520874023 -1.51745963096619 -1.49366128444672 -1.44245958328247 -1.18794727325439 10.1858673095703 -0.454457014799118 16.7411136627197 -0.182697162032127 10.6009149551392 0.0271344091743231 0.113375134766102 0.434277981519699 0.520417332649231 0.594087600708008 2.0027289390564 10.6307764053345 17.2399120330811 14.5160703659058 3.95677042007446 7.21842241287231 2.73597645759583 5.10369062423706 5.42218685150146 8.73459815979004 10.5524654388428 4.51843500137329 1.93283021450043 6.18487501144409 12.4906444549561
8.57285213470459 18.8908386230469 4.76165390014648 9.42847919464111 16.9803562164307 11.0762662887573 6.75428867340088 7.95095777511597 8.5187520980835 -1.78144025802612 -0.434636682271957 0.52620267868042 2.16741132736206 12.0977392196655 29.9297885894775 38.035026550293 -1.7518607378006 15.0124034881592 -1.04197525978088 -1.60091376304626 9.49905109405518 -0.985023021697998 -0.533451914787292 -0.352065294981003 0.0766312181949615 0.260242938995361 0.833417892456055 1.39336287975311 2.38901472091675 6.63161420822144 7.91489887237549 9.71123695373535 12.3255834579468 16.3333339691162 26.5583839416504 21.048755645752 1.88750469684601 4.5885124206543 15.2855138778687 9.66475105285645 6.72930955886841 1.40448927879333 3.05470585823059 3.13396668434143 6.33114194869995 11.2949743270874
6.02845525741577 13.2681617736816 14.934907913208 8.97917461395264 34.4757843017578 2.47803640365601 9.02887153625488 5.9491081237793 1.34616553783417 14.8978109359741 -1.72795915603638 -0.43508318066597 14.3139514923096 2.31887722015381 26.9072494506836 23.1049346923828 0.463970065116882 14.2024946212769 0.91993921995163 5.65139579772949 -2.76223421096802 0.737420260906219 18.0919094085693 -2.59113264083862 -2.00456309318542 -1.66573369503021 0.236337259411812 7.28435087203979 0.701162695884705 4.33542203903198 5.29255342483521 6.59891700744629 8.43002510070801 11.352954864502 16.9257583618164 22.6687450408936 3.94180703163147 7.62817192077637 9.95206546783447 15.2599515914917 -0.950669646263123 -1.16809010505676 -0.462205916643143 4.35223770141602 -0.00849233753979206 3.57181406021118
9.17510318756104 7.7635760307312 15.9637699127197 18.1174621582031 10.0688571929932 26.6618118286133 4.59213733673096 2.58880376815796 7.23323822021484 23.2783756256104 -2.51999092102051 -1.73039054870605 -0.160312324762344 11.4159030914307 2.00936388969421 3.06774878501892 4.42154407501221 14.14124584198 3.11198878288269 -2.8140709400177 -2.31197643280029 -2.57642841339111 15.0711870193481 -2.54010796546936 -1.96017396450043 -1.11669361591339 2.22541451454163 9.48562431335449 20.9190711975098 4.69065523147583 46.8315238952637 4.77367305755615 -0.240784600377083 5.02688598632812 11.4502668380737 20.9788417816162 11.9348278045654 12.1084041595459 22.0931949615479 10.1032819747925 -2.19768095016479 -1.24216830730438 5.88300752639771 -0.857348561286926 2.26469731330872 4.95667409896851
8.23349189758301 11.8265056610107 16.6704597473145 32.8534507751465 -0.438531935214996 18.8384742736816 7.53193664550781 5.14400911331177 -0.894041061401367 2.83069038391113 15.021369934082 -2.29998397827148 -0.530381500720978 0.123640574514866 12.8543004989624 10.5884666442871 0.262720018625259 8.54283714294434 0.943222165107727 8.96453475952148 13.8277797698975 -2.87341666221619 -2.83576250076294 -2.42271423339844 -1.46082472801208 -1.82919073104858 2.58115410804749 8.27579402923584 8.33158302307129 14.142674446106 2.90920162200928 2.65027070045471 -1.26393187046051 1.37747418880463 10.390775680542 13.0375623703003 23.2579231262207 13.7246751785278 22.1193714141846 2.6287567615509 8.32864856719971 8.70310306549072 -1.36894023418427 -0.51777571439743 0.413617104291916 1.07123482227325
1.5488452911377 15.138747215271 8.45487117767334 11.1824626922607 11.5635261535645 12.8835611343384 19.2697105407715 -2.38987421989441 -2.11137223243713 -2.01217579841614 -1.93618452548981 -1.61686360836029 0.000228583667194471 28.2052097320557 5.32062911987305 7.6750659942627 0.384113162755966 1.21741700172424 2.25991868972778 4.757399559021 3.63954782485962 5.6150221824646 8.96863174438477 5.06783485412598 -1.95613420009613 -1.02203905582428 2.29170083999634 5.01946592330933 16.7224006652832 0.330964922904968 2.43101096153259 17.4140090942383 0.369731456041336 4.53490686416626 11.7263822555542 14.3023042678833 17.7092876434326 19.3628063201904 19.8107624053955 23.140172958374 -2.37670731544495 5.11883401870728 16.7819786071777 -1.32787370681763 0.668381094932556 1.07168591022491
