slauniainen/Data/DEM/Vihti_dem1500b_cl_horizonAngle_204.asc
NCOLS 196 
NROWS 178 
XLLCORNER 353680 
YLLCORNER 6699024 
CELLSIZE 16 
NODATA_value -3.4e+38 
[rows 40 to 59 of 178, columns 135 to 179 of 196]
4.83147001266479 4.78517961502075 5.66988754272461 6.00571441650391 6.19492721557617 7.50163888931274 7.87689542770386 7.54764938354492 7.59012126922607 7.98776721954346 7.91536283493042 7.8438835144043 7.81446409225464 7.56333446502686 7.26155948638916 7.2128005027771 7.27888441085815 7.63226842880249 7.76499938964844 7.95187711715698 7.98698854446411 8.28567123413086 9.08716583251953 10.5355186462402 13.6572885513306 14.2606086730957 14.0769548416138 13.5443096160889 13.3019590377808 12.9211368560791 12.9054527282715 12.5091524124146 11.9924402236938 10.6946258544922 9.43203353881836 8.48789596557617 6.7971887588501 5.99632740020752 5.61602163314819 5.2325234413147 4.64769554138184 4.55280113220215 4.53807353973389 4.70469427108765 4.46465682983398
4.80606603622437 4.90469264984131 5.52737236022949 5.53737592697144 5.95873832702637 8.37643051147461 8.73288631439209 7.69294166564941 7.93688917160034 8.68887424468994 8.93162059783936 8.70367240905762 8.44533443450928 8.24185752868652 8.11081695556641 7.83986520767212 7.67830801010132 8.2645788192749 8.49388027191162 8.51499080657959 8.74414157867432 9.38794040679932 10.5508279800415 13.122971534729 15.2937269210815 15.5282335281372 15.0933208465576 14.5954494476318 14.0802221298218 14.4150247573853 13.8439388275146 13.4288597106934 11.9803514480591 11.0267763137817 9.27165126800537 8.0701961517334 6.98829078674316 6.09679555892944 5.77886867523193 5.13264274597168 4.77420139312744 4.69759082794189 4.6816463470459 4.85021734237671 4.82596588134766
4.85087537765503 5.13761043548584 4.89355182647705 5.45411396026611 10.081392288208 7.86345148086548 8.16421699523926 8.30012226104736 9.14408206939697 9.77141666412354 9.74799728393555 9.34930515289307 9.18260097503662 8.9197301864624 8.72007751464844 8.18195724487305 7.79225158691406 8.48297119140625 8.7909049987793 8.90363121032715 9.38923168182373 10.625150680542 12.5024242401123 16.2821216583252 17.025749206543 16.8726177215576 16.1435127258301 15.6130685806274 15.4598941802979 15.6926383972168 15.0156955718994 14.1121559143066 12.6152858734131 10.85582447052 9.77769088745117 7.81222295761108 6.79528141021729 6.13687896728516 5.68279123306274 5.05140733718872 4.89480304718018 4.89382266998291 5.09242916107178 4.89031457901001 5.18850374221802
5.47645473480225 5.61719512939453 4.78696489334106 6.14960813522339 6.86885023117065 5.39444255828857 7.44828939437866 8.62677669525146 9.33179759979248 10.0406942367554 10.2961683273315 9.88139057159424 9.68735027313232 9.20899868011475 8.92577362060547 8.3914155960083 8.84678554534912 8.83325481414795 9.08141136169434 9.33565044403076 9.92823600769043 11.2951402664185 13.7440605163574 17.553373336792 18.445520401001 18.4253330230713 17.5758628845215 16.9656772613525 16.8013458251953 17.1574420928955 16.3198184967041 14.1259384155273 13.0150136947632 10.9475927352905 9.26291179656982 8.06492137908936 6.64024972915649 6.30140495300293 5.61447238922119 5.18566179275513 5.08953952789307 5.07165861129761 5.26544857025146 5.3381667137146 6.00765991210938
4.67297601699829 4.58440923690796 5.13327407836914 6.1686863899231 3.80977439880371 5.08471393585205 7.44976663589478 10.2584829330444 9.46519756317139 9.45713996887207 10.2190399169922 10.2357263565063 10.1905727386475 10.1128959655762 9.57896614074707 8.41641998291016 9.12537860870361 9.53426170349121 9.85637474060059 10.3402509689331 11.5120668411255 13.4167556762695 17.1908760070801 20.3627529144287 21.0283184051514 20.1895046234131 19.1730575561523 19.2500953674316 19.9344100952148 18.3810348510742 17.8308620452881 15.3054761886597 12.790623664856 11.5316457748413 9.17385005950928 7.81441402435303 6.7178111076355 6.21349382400513 5.50903129577637 5.3091287612915 5.33289480209351 5.55071592330933 5.38474607467651 5.9595775604248 6.97918128967285
4.87563467025757 4.47901201248169 4.81636476516724 5.50739622116089 4.8823881149292 5.45027494430542 5.81668615341187 6.10397338867188 9.33403205871582 9.61093711853027 9.6721305847168 10.030460357666 10.1041526794434 10.1075401306152 9.84808349609375 9.86327838897705 9.86686038970947 9.9130973815918 10.2875595092773 10.9822807312012 12.822338104248 15.4802055358887 20.7067527770996 21.9235897064209 22.7163372039795 22.0572338104248 21.0650615692139 21.4006595611572 22.2961845397949 20.6741466522217 18.6611518859863 16.7183990478516 13.2741241455078 10.8607807159424 9.40907669067383 7.394127368927 6.88362693786621 6.14555978775024 5.63700246810913 5.52823400497437 5.51512336730957 5.74328470230103 6.24441051483154 7.0439395904541 8.28250122070312
2.86699724197388 3.26943254470825 3.86491823196411 3.96985697746277 3.93482136726379 4.60715675354004 5.28358697891235 6.06935548782349 6.96515893936157 8.60272693634033 10.2714185714722 9.85326099395752 10.1672687530518 11.7396230697632 9.20707988739014 10.3625259399414 10.9199695587158 11.0559282302856 11.502197265625 12.6569805145264 15.2461557388306 20.4558334350586 24.6813411712646 25.4422931671143 24.4579601287842 22.8704471588135 23.9939060211182 25.6803188323975 23.2056751251221 22.4943618774414 19.4056663513184 17.1345672607422 14.4977035522461 11.0321474075317 9.05321311950684 7.54375982284546 6.85807752609253 6.19975471496582 5.75076818466187 5.80862712860107 6.05403900146484 6.40041446685791 7.0850772857666 8.15100574493408 9.5539722442627
2.73217415809631 2.7691638469696 3.07040810585022 3.47845435142517 3.92203187942505 4.22558975219727 4.55234813690186 4.79325103759766 4.36628770828247 4.43545436859131 6.39856243133545 8.24452590942383 8.75505542755127 8.45757007598877 11.1811294555664 11.8481512069702 11.9506778717041 12.0910186767578 12.9811220169067 15.3751735687256 18.8481464385986 24.0239562988281 26.2872295379639 27.1446399688721 25.9742088317871 23.8729553222656 25.2851886749268 27.5034866333008 25.0038509368896 21.9181442260742 19.4482650756836 16.0608768463135 15.0908832550049 12.1097822189331 8.66425800323486 7.6519627571106 7.0843391418457 6.16648054122925 5.98165988922119 6.15305233001709 6.65212726593018 7.49167346954346 8.42184448242188 9.9182653427124 10.847806930542
2.65312004089355 2.87317252159119 3.14425277709961 3.81699252128601 4.03234529495239 4.2335844039917 4.39258193969727 4.5090160369873 4.48388385772705 4.74190330505371 5.56682062149048 7.56725406646729 7.87613201141357 8.85532093048096 12.7667760848999 13.1435651779175 13.0923089981079 13.7274084091187 15.3711891174316 20.0326118469238 24.6549644470215 30.8556957244873 31.686092376709 29.6997013092041 26.7606201171875 27.618989944458 31.8102149963379 27.6303615570068 26.0158424377441 21.5309181213379 18.6117973327637 16.5476493835449 13.7670574188232 12.4011459350586 9.34020233154297 7.74701404571533 6.92340469360352 6.17329978942871 6.41694927215576 7.82459783554077 9.37569999694824 10.2534036636353 9.71042728424072 11.4136896133423 12.072826385498
2.62857604026794 3.13382768630981 3.54804491996765 4.03495311737061 4.32274675369263 4.43909645080566 4.45304441452026 4.39820957183838 4.48604297637939 4.27168321609497 3.63213205337524 4.2054967880249 9.25109386444092 15.2957458496094 17.2083396911621 16.1468257904053 14.8201742172241 15.5574655532837 19.6015453338623 23.83176612854 27.8911247253418 33.4016723632812 34.9318695068359 32.0463523864746 30.2519702911377 27.5604400634766 28.3704261779785 29.1093101501465 24.1546211242676 22.1983890533447 17.1748142242432 16.1925296783447 13.9789953231812 11.576828956604 9.39316463470459 7.8108606338501 6.83342742919922 7.41061210632324 8.60555362701416 14.6082973480225 14.3495826721191 14.0137071609497 11.0153274536133 12.3936653137207 13.1187305450439
2.7269012928009 3.16628861427307 3.95416116714478 4.1973934173584 4.3924036026001 4.53202342987061 4.56897068023682 4.51408243179321 4.53308868408203 4.25564908981323 3.52296137809753 4.20703220367432 7.24036312103271 10.3486127853394 12.1245918273926 12.7498683929443 14.1989078521729 17.2890510559082 21.3715305328369 34.6422348022461 43.0443649291992 40.8884162902832 37.1740074157715 31.7285003662109 33.750316619873 35.7444152832031 35.1648139953613 31.9413452148438 27.2575073242188 21.4356212615967 18.7229385375977 14.339545249939 13.4746971130371 10.9640111923218 9.01451778411865 7.6965799331665 7.18128490447998 9.74863052368164 10.7711009979248 9.4894380569458 15.1664085388184 11.8523292541504 13.3400707244873 14.8493881225586 14.2895040512085
2.96107292175293 3.38456082344055 4.24178552627563 4.56737279891968 4.67787837982178 4.68339014053345 4.63091945648193 4.70530080795288 4.4509482383728 3.88723826408386 3.1011438369751 2.20280480384827 2.08121275901794 3.58068871498108 5.05137491226196 7.74107122421265 10.1630201339722 15.0209465026855 21.7876110076904 32.8147201538086 19.7093200683594 14.8980350494385 16.5193958282471 22.7990131378174 17.2970333099365 11.9067420959473 23.730655670166 26.503885269165 26.9770393371582 20.3002758026123 18.8722801208496 15.7578954696655 12.3850631713867 10.7061386108398 9.17731857299805 7.84238481521606 12.2577657699585 13.9852676391602 10.8301773071289 9.25081443786621 7.99674034118652 11.6459922790527 15.8497858047485 16.5858306884766 15.1583566665649
3.31548929214478 4.21120119094849 4.48167181015015 4.71713161468506 4.83269071578979 4.85640668869019 4.7966742515564 4.79758167266846 4.48654794692993 3.67654943466187 2.83457565307617 2.06383919715881 1.41198980808258 0.821697175502777 1.1058109998703 1.55517983436584 6.95287036895752 8.87001800537109 16.2058448791504 1.56470775604248 7.20279932022095 10.7155895233154 14.3905897140503 14.0691003799438 13.2863445281982 10.6457023620605 8.7256965637207 14.8271646499634 22.2641201019287 24.6296310424805 16.6124954223633 15.5773611068726 12.3216962814331 10.062424659729 9.09329223632812 8.25985813140869 8.1353063583374 10.8507070541382 11.8659954071045 7.89570093154907 9.83692264556885 14.1563367843628 18.4735221862793 18.2678833007812 16.8779430389404
3.6963415145874 4.57598638534546 4.91945171356201 5.05655717849731 5.05902338027954 4.97914028167725 5.04692316055298 4.78308391571045 4.14565467834473 3.30069708824158 2.51892614364624 1.88430106639862 1.39437007904053 1.12759304046631 1.25690698623657 1.22381722927094 1.40042889118195 4.15713787078857 4.6600170135498 -0.874413371086121 -1.16363334655762 3.44922542572021 6.68292093276978 10.1672019958496 7.95582962036133 3.28461408615112 1.90581464767456 6.12401962280273 16.962553024292 25.2744922637939 21.4850673675537 13.7395133972168 12.0096988677979 10.159029006958 9.13508129119873 9.10172271728516 7.78514003753662 6.12815952301025 6.65509557723999 8.77719402313232 13.8573913574219 19.1053218841553 21.2763500213623 21.3836269378662 18.345495223999
4.64865589141846 4.91772270202637 5.16124057769775 5.23474931716919 5.27607440948486 5.26063394546509 5.20409107208252 4.86628437042236 3.99146866798401 3.05681896209717 2.28585839271545 1.78202092647552 1.38836431503296 1.58798599243164 1.48379695415497 1.27133440971375 0.934767007827759 0.545417249202728 -0.151478111743927 -0.542863488197327 -0.911128461360931 -0.998945951461792 -0.713729560375214 -0.374391555786133 0.0211441852152348 0.71891313791275 1.30175507068634 1.72430694103241 7.34761571884155 18.7862453460693 20.7662658691406 14.3075542449951 11.1241855621338 10.0298261642456 8.58638000488281 9.76342391967773 6.84898853302002 7.24228572845459 9.83529186248779 11.3295001983643 18.5661334991455 24.3894996643066 27.0027236938477 23.9320621490479 20.8998508453369
5.07232332229614 5.40965509414673 5.54457426071167 5.55971956253052 5.46279573440552 5.51159858703613 5.24107027053833 4.52292776107788 3.6306095123291 2.74604725837708 2.108971118927 1.78419983386993 1.66680788993835 1.83153963088989 1.68918359279633 1.47015488147736 1.16316831111908 0.7407346367836 0.279490232467651 -0.334358990192413 -0.606088638305664 -0.70328825712204 -0.481238394975662 -0.077323779463768 0.424573332071304 1.16067516803741 1.61317718029022 1.66042232513428 2.19681262969971 7.00496196746826 14.5132761001587 12.9490261077881 10.2919301986694 9.84620380401611 8.27504253387451 8.40783500671387 9.63540935516357 11.2950258255005 11.9778861999512 19.8911724090576 30.0134754180908 28.3970756530762 29.72532081604 29.3590660095215 27.7309608459473
5.29682493209839 5.64927864074707 5.78922939300537 5.82248830795288 5.7599081993103 5.70796489715576 5.44797229766846 4.39712953567505 3.35305118560791 2.50778961181641 1.9873309135437 1.82675695419312 2.11589002609253 2.04424405097961 1.86074662208557 1.65759778022766 1.40676307678223 1.1635274887085 0.668196618556976 0.163383692502975 -0.21831202507019 -0.293885171413422 -0.0929013639688492 0.433562010526657 1.35578608512878 1.92491567134857 2.14427328109741 2.13273572921753 2.64234614372253 4.49786758422852 8.08149909973145 9.4812536239624 8.12937355041504 7.5764684677124 8.09573078155518 9.94180297851562 10.5420408248901 11.4922103881836 14.3821182250977 20.6133060455322 20.6651420593262 19.4203147888184 22.4278526306152 27.9450836181641 32.0621070861816
5.81870555877686 6.0827317237854 6.05197286605835 6.07072401046753 6.13609313964844 5.90572834014893 5.54940128326416 3.97855305671692 2.97954034805298 2.28280854225159 1.94830727577209 2.64556789398193 2.23507356643677 2.23089337348938 2.08815479278564 1.9216411113739 1.79023599624634 1.70936107635498 1.13422989845276 0.781391322612762 0.522949516773224 0.382976025342941 0.565091371536255 1.2373571395874 2.09386563301086 2.45454335212708 2.29599022865295 2.5101010799408 3.081876039505 5.86770439147949 7.49104070663452 8.14978504180908 7.40854120254517 8.20255947113037 12.0098438262939 8.12566757202148 8.69064712524414 9.30466079711914 14.4906167984009 16.6076736450195 14.175705909729 13.4052457809448 16.7347221374512 14.6673259735107 12.1466264724731
6.48458433151245 6.59555625915527 6.56818819046021 6.52432107925415 6.43117046356201 6.16043281555176 5.10432529449463 3.66336107254028 2.72508430480957 2.14131832122803 1.82769763469696 1.89004862308502 2.2957592010498 2.30354785919189 2.27467012405396 2.10559463500977 2.09483051300049 1.90370261669159 1.63946485519409 1.24297022819519 0.960242033004761 1.10213887691498 1.82340407371521 2.38219428062439 2.66970419883728 2.59271049499512 2.49761414527893 2.92823791503906 5.03445625305176 7.46674346923828 8.06493473052979 8.19204616546631 7.42889451980591 8.01979827880859 7.79888486862183 6.70466899871826 5.49842262268066 6.16157007217407 8.47836685180664 4.67442798614502 3.27235984802246 8.48483467102051 9.62472534179688 14.3467416763306 10.5419797897339
7.0388126373291 6.93247985839844 6.90315055847168 7.04641771316528 6.71017646789551 6.28492212295532 5.06934690475464 3.35130715370178 2.48601365089417 2.0944561958313 2.52515125274658 2.41607666015625 2.57120251655579 2.68749451637268 3.11513185501099 2.53373718261719 2.23548316955566 2.16227197647095 2.08643674850464 1.62202310562134 1.43158090114594 2.12943768501282 2.46484613418579 2.88718247413635 3.32000184059143 2.85955619812012 2.54293870925903 3.1465175151825 7.06023502349854 8.52293682098389 8.86895370483398 7.74597501754761 7.2356972694397 7.04729318618774 6.04651927947998 6.274329662323 5.84020566940308 4.07238674163818 1.67167353630066 0.355264723300934 -0.427750468254089 0.00795448571443558 6.10046195983887 9.68386077880859 13.1787137985229
