slauniainen/Data/DEM/Vihti_dem1500b_cl_horizonAngle_342.asc
NCOLS 196 
NROWS 178 
XLLCORNER 353680 
YLLCORNER 6699024 
CELLSIZE 16 
NODATA_value -3.4e+38 
[rows 100 to 119 of 178, columns 135 to 179 of 196]
5.65633249282837 5.89340209960938 6.06378507614136 6.41974973678589 6.63907623291016 6.47035360336304 5.72591686248779 5.56866025924683 5.38309526443481 5.19120454788208 4.54954767227173 4.46023225784302 4.8528003692627 5.27203416824341 5.70113182067871 5.72475051879883 5.8158106803894 5.90453243255615 6.21387004852295 6.67734813690186 7.0363597869873 7.19486999511719 7.23302507400513 7.10395383834839 6.91723012924194 6.84667205810547 6.57433462142944 6.27818012237549 5.90598583221436 5.52425909042358 4.80913925170898 4.18628692626953 3.74085092544556 3.53819251060486 3.43690776824951 3.38990473747253 3.5400447845459 3.47591996192932 3.46328377723694 3.57546854019165 3.31790399551392 3.14018559455872 2.98935079574585 3.00377774238586 3.13067507743835
5.48927736282349 5.7335319519043 5.90279769897461 6.02456045150757 6.42688274383545 6.25466346740723 5.55853986740112 5.35863542556763 5.03542804718018 4.85443305969238 4.49633836746216 4.20254755020142 4.59807968139648 4.90233945846558 5.1916184425354 5.49621868133545 5.59967756271362 5.67788457870483 5.8395209312439 6.29175329208374 6.66485261917114 6.80837535858154 6.84273242950439 6.82762098312378 6.70419645309448 6.51489734649658 6.45514059066772 6.12402009963989 5.75437450408936 5.41960096359253 4.8541407585144 4.31531286239624 3.79273343086243 3.48909997940063 3.33336186408997 3.27131676673889 3.42691159248352 3.37120151519775 3.34126591682434 3.45114541053772 3.19852447509766 2.96016979217529 3.01265525817871 2.90408253669739 3.00263285636902
5.30715799331665 5.56051635742188 5.77069997787476 5.86555433273315 6.23410081863403 6.05414533615112 5.69926738739014 5.19772386550903 4.80624055862427 4.63680696487427 4.45844554901123 3.97280287742615 4.14164352416992 4.67891931533813 4.95805168151855 5.29675531387329 5.29544448852539 5.31893157958984 5.47686243057251 5.7434139251709 6.04821681976318 6.38086748123169 6.52011966705322 6.56105518341064 6.45950603485107 6.26070642471313 6.19700574874878 5.87397718429565 5.59037780761719 5.33568334579468 5.13290977478027 4.42895126342773 3.74324893951416 3.39491820335388 3.15995573997498 3.11555051803589 3.12632703781128 3.30459308624268 3.23991250991821 3.32970809936523 3.0828959941864 2.92929816246033 2.91889357566833 2.77184319496155 2.77377080917358
5.45607137680054 5.44086313247681 5.61075210571289 5.7050256729126 5.9564356803894 6.04644870758057 5.82368040084839 5.11975574493408 4.7721118927002 4.38422632217407 4.21369600296021 3.80605626106262 3.87170386314392 4.2392725944519 4.65149259567261 4.96823644638062 5.01851415634155 5.12617969512939 5.1808066368103 5.39566659927368 5.78502178192139 6.11071491241455 6.25423288345337 6.27953577041626 6.17654800415039 6.00907945632935 5.94424533843994 5.75104379653931 5.50602912902832 5.27117538452148 4.97620248794556 4.34956836700439 3.79278826713562 3.41507863998413 3.12312722206116 2.97734308242798 3.01384663581848 3.18427014350891 3.12333083152771 3.06345891952515 3.16403746604919 2.9256649017334 2.80037188529968 2.68355131149292 2.60365009307861
5.71926736831665 5.31397247314453 5.40747690200806 5.52073574066162 5.60802793502808 5.86909961700439 5.64698839187622 5.04698371887207 4.86449193954468 4.16661310195923 3.99756717681885 3.76161980628967 3.65304255485535 3.90147376060486 4.26233053207397 4.50683212280273 4.82288503646851 4.93354511260986 4.98902702331543 5.11137390136719 5.4183406829834 5.7405948638916 5.85963344573975 5.86720657348633 5.88269996643066 5.78379821777344 5.65534400939941 5.58883333206177 5.29039669036865 5.05696058273315 4.78645896911621 4.2856764793396 3.80459833145142 3.42135143280029 3.12506890296936 2.89387702941895 2.90566635131836 3.06055688858032 2.99919509887695 2.94118809700012 3.0051257610321 2.75119686126709 2.55362677574158 2.57529330253601 2.26793789863586
5.73151397705078 5.15490674972534 5.29365396499634 5.37872171401978 5.42115020751953 5.69371891021729 5.47849750518799 5.17509269714355 4.73653697967529 4.00101613998413 3.85607624053955 3.70631575584412 3.48748993873596 3.69871711730957 4.03853511810303 4.31347227096558 4.64756536483765 4.63463497161865 4.68809604644775 4.78675651550293 5.00723123550415 5.24799585342407 5.48689222335815 5.56769418716431 5.56080007553101 5.45962476730347 5.35928630828857 5.28696393966675 5.05936288833618 4.82316303253174 4.66969728469849 4.51768922805786 3.8846173286438 3.39006638526917 3.05442023277283 2.84232139587402 2.80945348739624 2.77719759941101 2.91886138916016 2.85932636260986 2.84093141555786 2.53525114059448 2.34294724464417 2.14816284179688 1.55040013790131
6.16181325912476 5.13816165924072 5.22998428344727 5.25704288482666 5.24249029159546 5.37404251098633 5.48922634124756 5.27683115005493 4.63311147689819 4.35629081726074 3.66276264190674 3.51799535751343 3.30749559402466 3.40379643440247 3.61891984939575 4.01415967941284 4.3376145362854 4.40296220779419 4.50742721557617 4.55227851867676 4.68711614608765 4.95600938796997 5.19413709640503 5.26903486251831 5.23648977279663 5.10602760314941 5.01270580291748 4.97321367263794 4.8624005317688 4.59637022018433 4.47450065612793 4.26392221450806 3.62951350212097 3.27088260650635 3.00773501396179 2.70847368240356 2.56201672554016 2.60720539093018 2.7258620262146 2.63645720481873 2.44317102432251 2.35737228393555 1.9078084230423 1.53097856044769 1.02215611934662
5.59247446060181 5.08468246459961 5.11962413787842 5.10134029388428 5.11270046234131 5.10384321212769 5.29130363464355 5.11329746246338 4.59820318222046 4.43413782119751 3.47647476196289 3.3290433883667 3.12054562568665 3.20911955833435 3.32777309417725 3.66432809829712 3.89639282226562 4.18648290634155 4.29966306686401 4.3245701789856 4.40817308425903 4.54530096054077 4.7581033706665 4.80701446533203 4.82234764099121 4.77644538879395 4.66669034957886 4.60955715179443 4.56129026412964 4.36895704269409 4.18022108078003 3.95822095870972 3.541015625 3.11119937896729 2.84819269180298 2.56552624702454 2.32842254638672 2.31498670578003 2.36122274398804 2.19190454483032 2.08777117729187 1.77201783657074 1.28171336650848 0.860886812210083 0.507501006126404
5.22287273406982 4.8039493560791 4.8845591545105 4.97461605072021 4.98734283447266 4.98010873794556 5.15845966339111 4.93620157241821 4.69755983352661 4.28692865371704 3.46647763252258 3.19239401817322 2.98006796836853 3.03751039505005 3.07042956352234 3.39228987693787 3.67920351028442 3.93482160568237 3.9210216999054 3.98633337020874 4.00611019134521 4.15324926376343 4.32115840911865 4.46700716018677 4.51168441772461 4.45395565032959 4.30732011795044 4.23040437698364 4.19819402694702 4.04107618331909 3.94423079490662 3.80954074859619 3.68837594985962 3.09534645080566 2.6921374797821 2.24682092666626 1.96438229084015 1.81208145618439 1.49140417575836 1.43547463417053 1.23535025119781 0.979559123516083 0.774998962879181 0.273819446563721 0.0298732686787844
4.7116551399231 4.66113042831421 4.73929643630981 4.8370041847229 4.85287284851074 4.79817485809326 4.88577651977539 4.94392824172974 4.73011875152588 4.09724283218384 3.92760896682739 3.00768613815308 2.83279609680176 2.80520439147949 2.90210700035095 2.96312308311462 3.33077502250671 3.57735109329224 3.62595415115356 3.72717261314392 3.75423884391785 3.8424174785614 3.96936225891113 4.16878032684326 4.21870470046997 4.16189908981323 3.98217821121216 3.86877036094666 3.78752613067627 3.60870742797852 3.61521434783936 3.46940994262695 3.01169872283936 2.32905173301697 1.87563621997833 1.70875036716461 1.33757340908051 0.963521599769592 0.861778676509857 0.822327017784119 0.645888268947601 0.445830285549164 0.249227106571198 -0.207692638039589 -0.391260504722595
4.50623416900635 4.53010702133179 4.60693883895874 4.65097856521606 4.65855169296265 4.64668130874634 4.61134910583496 4.76044273376465 4.54073572158813 4.10434007644653 3.92209339141846 2.78714799880981 2.58034777641296 2.57621359825134 2.63683319091797 2.66796779632568 2.95895981788635 3.18524718284607 3.40902376174927 3.49181342124939 3.49495029449463 3.53505635261536 3.60980939865112 3.74085640907288 3.81295132637024 3.8212366104126 3.71681475639343 3.51459288597107 3.32908511161804 3.01621675491333 2.58621621131897 2.20544409751892 2.05380630493164 1.68725419044495 1.1662689447403 0.975004255771637 0.651183545589447 0.276022583246231 0.197246626019478 0.326485812664032 0.0891771167516708 -0.0289771556854248 -0.150207996368408 -0.537395238876343 -0.753603935241699
4.17095994949341 4.30647277832031 4.35463714599609 4.43492650985718 4.52322959899902 4.49532032012939 4.45268535614014 4.58367824554443 4.34271574020386 4.08574676513672 3.72348690032959 2.95215010643005 2.34774208068848 2.31614923477173 2.3738968372345 2.46197009086609 2.66316914558411 2.98970794677734 3.20363545417786 3.1478385925293 3.19543743133545 3.21858978271484 3.27690410614014 3.41032075881958 3.55522608757019 3.5495753288269 3.46250796318054 3.16760110855103 2.90767359733582 2.59389209747314 1.8205384016037 1.4482330083847 1.28221797943115 1.27039420604706 0.84851336479187 0.465624332427979 0.138436883687973 -0.241156980395317 -0.411812603473663 -0.362036287784576 -0.237459272146225 -0.329811245203018 -0.485812216997147 -0.677927434444427 -0.819201767444611
3.9604344367981 4.07640790939331 4.2333779335022 4.31142473220825 4.3851261138916 4.33708238601685 4.23840570449829 4.2843861579895 4.32169246673584 4.0783953666687 3.51356220245361 3.29572129249573 2.16759657859802 2.06903433799744 2.12033772468567 2.26575970649719 2.3063018321991 2.64200139045715 2.8591046333313 2.90969967842102 2.9893627166748 3.02208423614502 3.0884952545166 3.1275622844696 3.2125141620636 3.20942521095276 3.10204863548279 2.87832236289978 2.59861922264099 2.2590343952179 1.775435090065 1.13690769672394 0.87545782327652 0.845616638660431 0.560354650020599 0.178209319710732 -0.124048076570034 -0.411489874124527 -0.692624568939209 -0.662236511707306 -0.721457958221436 -0.754117071628571 -0.774120450019836 -0.694334745407104 0.16203898191452
3.69911098480225 3.96830916404724 4.12348604202271 4.19546890258789 4.17374849319458 4.1105260848999 4.06199789047241 4.02282476425171 4.13639354705811 3.88683772087097 3.43267154693604 3.2261848449707 2.04600048065186 1.90064120292664 1.93406808376312 2.00749111175537 2.06277441978455 2.27683067321777 2.52257037162781 2.71822142601013 2.80589604377747 2.79724836349487 2.83023047447205 2.87073564529419 2.87190866470337 2.7994327545166 2.67590951919556 2.47852110862732 2.2224977016449 1.87400376796722 1.49580001831055 1.00457179546356 0.742007851600647 0.527195751667023 0.218928441405296 -0.0816186517477036 -0.195472657680511 -0.499400109052658 -0.824336051940918 -0.99142724275589 -1.09959447383881 -1.07777237892151 -0.882623732089996 0.517741560935974 3.58819961547852
3.48629403114319 3.79623532295227 3.92333889007568 3.96697640419006 3.93873310089111 3.94341540336609 3.87734341621399 3.84303951263428 3.9440495967865 3.7009973526001 3.43965339660645 3.08268594741821 2.38985919952393 1.73839318752289 1.73052442073822 1.8025369644165 1.91279411315918 1.99943923950195 2.35363793373108 2.55435156822205 2.49983954429626 2.55471658706665 2.57444000244141 2.60578322410583 2.58070540428162 2.4990029335022 2.36105298995972 2.12437868118286 1.78408408164978 1.55522513389587 1.21517157554626 0.851184248924255 0.636418104171753 0.362687468528748 0.109980016946793 -0.0521582923829556 -0.32772570848465 -0.677277088165283 -0.930409252643585 -1.12401628494263 -1.19611048698425 -1.17649269104004 0.782936811447144 3.29901909828186 9.51568222045898
3.35586214065552 3.60298776626587 3.7156503200531 3.82139325141907 3.78454875946045 3.78666830062866 3.71538472175598 3.60276865959167 3.62177634239197 3.65821862220764 3.43138241767883 2.93879151344299 2.75125741958618 1.66215968132019 1.56691038608551 1.65647268295288 1.7857118844986 1.79662692546844 2.05693674087524 2.25656485557556 2.31734228134155 2.39156103134155 2.40314650535583 2.39879846572876 2.35412669181824 2.27913999557495 2.16291046142578 1.86106610298157 1.4933670759201 1.04326236248016 0.837597608566284 0.639415919780731 0.510586380958557 0.363934606313705 0.299994647502899 0.151575207710266 0.419311493635178 0.0128680765628815 2.46589589118958 5.52412462234497 7.81630182266235 9.27964973449707 7.76934289932251 10.9545793533325 13.1419124603271
3.17984938621521 3.33055210113525 3.58742952346802 3.69050073623657 3.65834426879883 3.57909941673279 3.5214741230011 3.44923257827759 3.3959219455719 3.48218607902527 3.26684331893921 2.91808986663818 2.75038003921509 1.61761391162872 1.44240391254425 1.5141806602478 1.56599748134613 1.61316645145416 1.74862551689148 2.00508236885071 2.16647291183472 2.2363977432251 2.18285727500916 2.134605884552 2.07097387313843 2.0172758102417 1.92184829711914 1.61278390884399 1.19172215461731 0.716414511203766 0.484266221523285 0.386892229318619 0.329539388418198 1.76395356655121 2.31624794006348 4.71627426147461 7.61530494689941 10.5121459960938 12.7457885742188 16.8569831848145 18.0443706512451 17.8794727325439 15.1619415283203 14.2737865447998 14.280442237854
3.08358335494995 3.10969042778015 3.37321591377258 3.46117424964905 3.44799184799194 3.38937520980835 3.37446928024292 3.29865431785583 3.25643658638 3.34492802619934 3.12400722503662 2.9282648563385 2.62177181243896 2.02329516410828 1.32026350498199 1.30877804756165 1.37024116516113 1.48391675949097 1.53828871250153 1.86949503421783 2.02137756347656 1.93995869159698 1.94525420665741 1.92491817474365 1.8683100938797 1.77923667430878 1.70460855960846 1.41540026664734 0.836232244968414 0.49878990650177 0.321794509887695 0.203271612524986 0.246654510498047 2.56016206741333 4.78777074813843 8.65703201293945 12.8533964157104 16.5570049285889 18.3069019317627 18.1481952667236 17.6096115112305 16.5633430480957 15.9264364242554 13.9567937850952 10.3917932510376
3.00103497505188 2.93060851097107 3.14355802536011 3.25256586074829 3.31989216804504 3.26828980445862 3.25965785980225 3.16172313690186 3.05986666679382 3.08144879341125 3.1301417350769 2.92267227172852 2.49635362625122 2.31883215904236 1.26299703121185 1.06570565700531 1.18711471557617 1.33784365653992 1.35873699188232 1.57068657875061 1.72240042686462 1.74093759059906 1.77862799167633 1.77505135536194 1.70985686779022 1.61077034473419 1.46143877506256 1.15722572803497 0.754072308540344 0.430968761444092 0.195485204458237 0.1535355001688 1.91103363037109 3.77566337585449 8.37685775756836 12.6321315765381 15.8633899688721 15.7353448867798 15.6477088928223 15.5787353515625 14.7154455184937 14.1944255828857 12.9472284317017 10.5065879821777 7.49598073959351
2.73610687255859 2.70901656150818 2.85571789741516 3.13033270835876 3.18582987785339 3.14261603355408 3.07013750076294 3.01561188697815 2.94401383399963 2.92146372795105 3.00969982147217 2.7972583770752 2.47451376914978 2.28942632675171 1.14424335956573 0.898271441459656 0.985686480998993 1.06252264976501 1.16367101669312 1.20320737361908 1.44859099388123 1.57390892505646 1.60859084129333 1.51015901565552 1.41739797592163 1.34417402744293 1.13000333309174 0.872465848922729 0.611694931983948 0.328969717025757 0.174550384283066 3.541743516922 4.91555786132812 9.03202629089355 13.263388633728 13.7170295715332 13.9608211517334 13.0853385925293 13.3302249908447 12.6438970565796 12.1175355911255 11.2949724197388 10.0649747848511 9.37505435943604 7.30887508392334
