slauniainen/Data/DEM/Vihti_dsm1500b_cl_horizonAngle_252.asc
NCOLS 196 
NROWS 178 
XLLCORNER 353680 
YLLCORNER 6699024 
CELLSIZE 16 
NODATA_value -3.4e+38 
[rows 60 to 79 of 178, columns 0 to 45 of 196]
1.85245668888092 30.7942008972168 18.250659942627 18.6205291748047 13.1496744155884 10.0192241668701 9.66822242736816 7.93018245697021 6.44319009780884 0.833371162414551 2.141188621521 1.94460189342499 1.72288954257965 0.179262012243271 0.726804256439209 3.77269458770752 3.30601620674133 3.25670337677002 2.93025851249695 2.45973014831543 2.12550663948059 -2.11103558540344 39.6551856994629 0.0687620565295219 -0.265816301107407 -0.191199734807014 11.664831161499 18.8254642486572 16.2793254852295 13.0616312026978 10.6502304077148 19.5542526245117 17.2243900299072 15.3553714752197 11.7184457778931 13.7375154495239 12.3069458007812 11.0113792419434 7.59576034545898 6.92890214920044 6.38491678237915 2.97118902206421 0.0935062691569328 35.9552574157715 -1.79539835453033 -2.24432444572449
-0.841178834438324 -0.908647537231445 36.6008644104004 22.9349784851074 16.4392471313477 12.6733160018921 1.55486500263214 3.2383394241333 2.77812385559082 2.44929766654968 0.443694233894348 0.0931365266442299 5.74481201171875 4.98536157608032 4.91409063339233 4.32918691635132 4.07558965682983 3.40864419937134 2.78151512145996 2.13900351524353 2.01913523674011 1.57358336448669 1.07312965393066 0.745415270328522 0.490331172943115 -0.619814515113831 2.20440697669983 17.385368347168 37.0527420043945 29.8648700714111 24.55149269104 17.3653011322021 20.8252792358398 18.3625812530518 16.2313766479492 11.1666488647461 10.0061674118042 9.08720970153809 4.59730577468872 5.29987096786499 4.78503894805908 4.29882287979126 1.79663383960724 -0.566103994846344 -1.59922540187836 6.00818347930908
0.572837054729462 -1.37546062469482 42.8800888061523 2.11608481407166 4.66153478622437 4.17450523376465 3.62230396270752 0.864086151123047 0.388031721115112 16.6718311309814 10.7990083694458 7.71147966384888 6.34538555145264 6.48939657211304 5.43343782424927 4.65524530410767 3.82949066162109 3.32504510879517 2.54587960243225 2.5648341178894 2.36274695396423 2.06936287879944 0.374965697526932 0.494044095277786 0.593972504138947 -0.0869077816605568 -2.68984246253967 51.4354553222656 30.461706161499 39.1469306945801 31.2020435333252 24.9497699737549 16.712158203125 14.8489599227905 13.1762294769287 8.97705554962158 7.8300609588623 7.12991237640381 6.45484256744385 3.32056021690369 2.96524977684021 1.81430459022522 1.54279363155365 -0.644225835800171 10.5851211547852 -0.695286512374878
4.62561178207397 7.62910938262939 6.15978574752808 5.09640264511108 1.2224246263504 1.43386197090149 1.35745120048523 -0.793560922145844 34.7624092102051 14.2177715301514 16.7394695281982 11.6909427642822 8.25203418731689 5.62968397140503 4.37038660049438 4.14449262619019 4.25902605056763 4.29056787490845 2.89279866218567 1.09840929508209 1.07718348503113 0.919514179229736 0.945059180259705 1.26707100868225 1.20206344127655 -0.606154084205627 -0.442944318056107 -0.76452898979187 56.30810546875 30.3872966766357 24.5726299285889 20.3567276000977 5.27925968170166 24.6063346862793 10.5200433731079 9.33675384521484 4.76638174057007 4.429030418396 2.84191513061523 2.56455683708191 0.999351024627686 0.617523491382599 0.506253659725189 0.577713549137115 1.14108633995056 9.24056720733643
9.97284317016602 2.18445062637329 1.8901264667511 1.68197238445282 1.53356051445007 2.48406195640564 -1.42960095405579 40.9559173583984 1.11979722976685 35.7667350769043 16.9299774169922 11.36256980896 7.73333692550659 6.69305849075317 4.95781660079956 3.47784948348999 5.7502269744873 3.75897431373596 2.22443795204163 1.67106556892395 1.49795293807983 1.46662104129791 1.68555414676666 1.61840319633484 1.7028021812439 0.770258605480194 0.70036506652832 -0.0116660846397281 49.9239349365234 15.0856409072876 22.3871459960938 17.6459636688232 14.6307096481323 6.4588565826416 5.99704790115356 3.75478529930115 3.56170248985291 2.0771656036377 1.6821551322937 1.2596150636673 1.02187252044678 3.1132230758667 2.79048681259155 2.44965028762817 0.573465406894684 0.308825492858887
2.51350259780884 2.19600057601929 3.59276533126831 3.65162944793701 3.21310234069824 2.82748341560364 -1.42728519439697 6.028883934021 -1.31103706359863 35.746955871582 19.8936901092529 13.3267955780029 9.33734607696533 0.939329028129578 0.868143618106842 0.937633514404297 2.18067288398743 2.02788281440735 3.09761118888855 3.16240167617798 3.04853820800781 2.70821309089661 2.48550295829773 2.07284164428711 2.26308441162109 1.40969085693359 2.94798564910889 0.947859108448029 0.134730398654938 41.5019187927246 9.11536979675293 8.38908958435059 4.58788967132568 4.39336776733398 3.06568384170532 2.81624126434326 2.26394319534302 1.98625075817108 4.75815773010254 4.26194286346436 3.79542422294617 0.692461729049683 0.562395572662354 0.502403497695923 0.430014312267303 0.351486593484879
6.94030427932739 5.64218139648438 4.47042608261108 0.0121855540201068 -0.134206935763359 0.489966630935669 0.66599428653717 -0.937662839889526 -1.1831921339035 40.0028915405273 2.50097680091858 1.77428770065308 1.50322115421295 1.41049540042877 1.78173530101776 1.65140104293823 1.79024851322174 1.7337384223938 4.09167623519897 4.29143810272217 3.86260151863098 3.2168083190918 3.38919758796692 2.48966598510742 2.32137632369995 10.8114233016968 1.55149137973785 1.02314817905426 19.5944919586182 10.8414754867554 5.53577280044556 3.00919318199158 4.04715013504028 3.21502017974854 2.85298085212708 7.31911706924438 6.44838619232178 5.67149019241333 1.40582704544067 1.24280190467834 0.951613664627075 0.707465171813965 0.599296033382416 0.549540817737579 0.452349543571472 0.428632140159607
1.23062407970428 0.568632125854492 1.67523157596588 1.03145980834961 0.751153767108917 0.660166621208191 3.26856517791748 2.03426837921143 9.63576507568359 1.89015138149261 1.85756623744965 2.27083396911621 2.12653923034668 2.21259617805481 2.09203553199768 2.15740299224854 2.07134342193604 2.12887501716614 2.38588261604309 5.75324296951294 4.86410713195801 2.64683246612549 2.76341819763184 2.86309266090393 2.72311091423035 2.35186195373535 1.88285434246063 23.8317947387695 1.44457018375397 0.812199413776398 0.874415099620819 1.19740915298462 13.9123830795288 10.7598342895508 8.98040103912354 2.65854477882385 2.08879351615906 1.74668669700623 1.21499621868134 1.13469958305359 1.07625365257263 0.823188245296478 0.645281791687012 0.52867192029953 0.457228481769562 3.2929573059082
5.43871212005615 3.22562551498413 1.85604953765869 6.15445756912231 4.91073989868164 4.01328468322754 2.0588641166687 2.02756977081299 2.54519009590149 2.52585911750793 2.67795491218567 2.53917455673218 2.58811688423157 2.40888667106628 2.40492367744446 2.68624973297119 2.65481758117676 2.68599534034729 2.67286467552185 3.44194364547729 6.11986970901489 2.97244882583618 3.14025092124939 2.97342991828918 2.72295045852661 3.637535572052 1.85440301895142 1.86290001869202 1.35835325717926 2.10277462005615 0.547499656677246 29.0275096893311 1.23259007930756 2.06780219078064 2.60137367248535 2.62641572952271 1.70141959190369 1.52576231956482 1.27032017707825 1.30242931842804 1.11129534244537 1.03098595142365 4.49602317810059 4.14661264419556 3.85821056365967 2.96045541763306
18.4198150634766 12.6373596191406 8.99886131286621 2.89153695106506 2.42679381370544 2.94340038299561 2.83112502098083 2.93001580238342 2.77583456039429 2.94894409179688 2.87172818183899 2.8772988319397 3.0566873550415 2.88417387008667 2.90035676956177 2.95824360847473 3.05011868476868 3.16093754768372 3.11164689064026 3.55237150192261 3.28561925888062 3.27037930488586 3.3233630657196 2.99321961402893 2.91115546226501 3.35591340065002 6.68242645263672 4.9223837852478 3.82740616798401 1.3676609992981 0.888667643070221 0.866994738578796 1.15687608718872 1.01581585407257 1.94756102561951 1.91429483890533 1.17758440971375 1.34884977340698 1.99741697311401 6.17530393600464 5.76843929290771 5.27970361709595 4.14706897735596 4.4928560256958 4.21737384796143 3.97521162033081
7.73130893707275 3.15879797935486 3.63203001022339 3.51452279090881 3.51856446266174 3.3439474105835 3.45587587356567 3.2491295337677 3.19071245193481 3.43529510498047 3.34326910972595 3.27611136436462 3.17373609542847 3.2901668548584 3.98467516899109 3.41076683998108 3.50963020324707 3.43330121040344 3.39635133743286 3.67391490936279 3.45185852050781 3.43127822875977 3.12522864341736 2.82243824005127 2.38779139518738 16.3327922821045 1.65512490272522 1.36820733547211 1.10517537593842 1.2983375787735 1.25664091110229 1.21710574626923 0.970790266990662 0.635158360004425 1.0578488111496 3.0053379535675 9.29152584075928 8.42563915252686 7.50132703781128 5.87363958358765 5.64994239807129 5.37148809432983 4.87560653686523 3.67562127113342 3.01768350601196 3.37134695053101
7.03001880645752 4.62321758270264 4.12290000915527 4.25506401062012 3.95528101921082 3.93615865707397 4.15346813201904 3.944744348526 3.69837927818298 3.52792835235596 3.49510359764099 3.66261601448059 3.65785813331604 3.84139537811279 3.78391814231873 3.65741872787476 3.65701365470886 3.60988068580627 3.55655193328857 3.25610494613647 3.23842740058899 3.20352697372437 2.83199334144592 4.88861274719238 2.59083080291748 2.45262670516968 1.43575966358185 1.39691174030304 1.36951816082001 1.28596997261047 1.24527299404144 1.27235853672028 1.0352555513382 19.9525871276855 16.2193241119385 12.453423500061 10.0323448181152 7.37127065658569 6.50198268890381 6.02826595306396 4.57746171951294 3.73632979393005 4.28559398651123 3.91484260559082 3.67219924926758 3.87584209442139
5.34630489349365 4.98532104492188 4.90730714797974 5.03979539871216 4.77676248550415 4.47803068161011 4.36246395111084 4.26252555847168 4.19166803359985 3.92822575569153 3.89959406852722 6.06691074371338 4.13827657699585 4.01189041137695 3.92115592956543 3.85048580169678 3.491046667099 3.3801109790802 3.31951832771301 2.9590961933136 3.08830595016479 3.01568937301636 5.4273829460144 3.17679476737976 2.53945112228394 1.78324866294861 1.4078756570816 1.37775588035583 1.41067636013031 1.38397538661957 1.33681190013885 0.293024599552155 11.6449384689331 10.6527194976807 15.5354700088501 11.1533470153809 8.10802173614502 5.88718175888062 4.3709716796875 5.26046991348267 4.91197729110718 4.59042549133301 4.94470071792603 4.49850130081177 4.23317861557007 2.38859820365906
6.22403478622437 5.98204803466797 5.54557228088379 5.29676532745361 5.05604028701782 4.99960231781006 4.74049758911133 4.75097274780273 4.50342416763306 4.29319620132446 4.17041921615601 4.10493183135986 4.0800576210022 3.7664270401001 3.65425682067871 3.6234450340271 3.20745158195496 3.22242903709412 3.16617226600647 3.15919947624207 3.00617837905884 3.11379218101501 4.66876935958862 2.64863610267639 2.28523826599121 2.00478434562683 1.5282096862793 1.5015777349472 1.46799254417419 0.480469673871994 11.2399501800537 15.3865375518799 13.0242328643799 10.7428770065308 14.0034379959106 6.28775024414062 7.58574295043945 6.57668447494507 5.91469764709473 6.08545827865601 5.65854501724243 5.2564115524292 3.09353184700012 3.22795486450195 5.28387260437012 4.90395641326904
6.48808240890503 6.19370651245117 6.01431083679199 5.62358474731445 5.59626531600952 5.34352207183838 5.08781051635742 4.92200994491577 4.70386600494385 4.48294067382812 3.958735704422 3.81448149681091 3.77294325828552 3.53152370452881 3.51078224182129 3.50101137161255 3.42352557182312 3.2505042552948 3.17262172698975 2.75448608398438 2.72126364707947 5.00825500488281 2.7470850944519 2.52553296089172 2.12354683876038 2.46520042419434 2.18188691139221 1.86089372634888 0.984867453575134 0.313141763210297 15.9910411834717 32.239013671875 10.2827548980713 16.2385883331299 11.9630947113037 9.54673862457275 8.81071281433105 7.69468688964844 6.87817239761353 3.72343754768372 4.00837564468384 6.87268686294556 6.41159296035767 5.9013032913208 3.95932602882385 4.35462141036987
6.80929040908813 6.69228506088257 6.30797147750854 5.96046209335327 5.73927354812622 5.5129599571228 5.26306200027466 4.70623254776001 4.39827632904053 4.20463085174561 3.55940127372742 3.64570593833923 3.61405777931213 3.53148221969604 4.22188234329224 4.13810014724731 3.01514196395874 2.96363067626953 2.89456987380981 2.63477969169617 4.20670604705811 2.88581204414368 2.58795380592346 2.38226962089539 3.03850865364075 3.81676387786865 1.90399599075317 1.43400132656097 0.47540482878685 0.384177088737488 17.5307750701904 -0.402622550725937 30.5951099395752 13.7345123291016 13.7669982910156 10.9264278411865 5.85453653335571 5.44462394714355 9.96166229248047 8.75724315643311 7.86042785644531 5.0669150352478 5.68333435058594 5.38953018188477 4.82714700698853 3.58842062950134
13.024245262146 9.01250648498535 6.46501922607422 6.61651182174683 5.48842811584473 5.16603708267212 4.9197998046875 4.25984764099121 4.25230312347412 4.04732418060303 3.9391770362854 3.66289162635803 3.54989743232727 3.04928016662598 4.5299768447876 3.0929172039032 2.89496040344238 2.7672131061554 2.70917367935181 2.68537950515747 2.4604184627533 2.43843722343445 2.42759871482849 3.17851066589355 5.07075691223145 1.54695856571198 1.43745958805084 1.03793597221375 1.30939126014709 0.624261617660522 0.0530212298035622 -0.42355889081955 35.6843452453613 2.65581083297729 14.1864280700684 20.5884170532227 15.3932495117188 12.4604082107544 7.11752557754517 8.17394924163818 7.21730661392212 6.47937679290771 4.94998121261597 4.65074062347412 4.95460748672485 4.56424283981323
16.9184722900391 11.8617715835571 8.92962837219238 5.64479207992554 4.9617280960083 4.99110841751099 4.78123235702515 4.56936025619507 4.16508150100708 4.03333139419556 3.45263409614563 3.34912014007568 3.238037109375 3.01477313041687 2.90834641456604 2.90967011451721 2.82991290092468 2.53838038444519 4.06927824020386 2.5664381980896 2.25420546531677 2.22470855712891 2.21955156326294 4.24011468887329 2.05696058273315 1.49530506134033 1.42458021640778 2.82253241539001 2.49700093269348 1.28727507591248 0.00300657446496189 -0.335986405611038 -0.419645398855209 -0.875777184963226 38.1681442260742 13.7229986190796 16.1887855529785 12.2780456542969 10.8895578384399 8.27724075317383 6.78012418746948 7.20365619659424 6.34920597076416 5.85123062133789 7.41696500778198 7.50321197509766
8.48177146911621 6.52179002761841 5.72084426879883 5.44091415405273 5.23096752166748 4.78497123718262 4.60240745544434 3.95450139045715 3.80697298049927 3.67601656913757 3.33092904090881 3.14944696426392 3.07134914398193 2.97978925704956 2.69932079315186 2.67469596862793 2.60705471038818 4.70437526702881 2.36932110786438 2.3250105381012 1.97648918628693 1.94895124435425 2.06100821495056 5.00764513015747 4.46975660324097 3.81263709068298 3.32193398475647 1.76216900348663 0.811063468456268 0.38891538977623 7.84242916107178 0.210081189870834 0.156434193253517 7.6680064201355 4.11593151092529 30.3802967071533 0.600768566131592 19.6394424438477 14.0467777252197 10.7405519485474 8.75801372528076 10.6493101119995 10.9933166503906 9.57255268096924 8.88264751434326 7.99926424026489
6.84390640258789 10.3586835861206 7.22248363494873 5.32707834243774 4.476402759552 4.30595207214355 4.15542316436768 3.83902406692505 3.55850744247437 3.42746758460999 3.28808808326721 2.91410970687866 2.83801651000977 2.76835513114929 2.42825865745544 2.37052226066589 3.26143980026245 4.00779867172241 2.37712073326111 2.02511620521545 1.65953934192657 6.17493391036987 5.60376358032227 5.61178159713745 1.99661469459534 1.92460560798645 1.85867536067963 1.48628032207489 0.902643263339996 0.443548232316971 0.471867442131042 -1.10646486282349 39.1057167053223 1.15579855442047 1.09783577919006 0.707028985023499 -0.432751357555389 25.3837833404541 21.3076152801514 22.1713581085205 16.1207752227783 13.1275424957275 11.2643699645996 9.92075347900391 8.90660285949707 2.64861416816711
