slauniainen/Data/DEM/Vihti_dem1500b_cl_horizonAngle_120.asc
NCOLS 196 
NROWS 178 
XLLCORNER 353680 
YLLCORNER 6699024 
CELLSIZE 16 
NODATA_value -3.4e+38 
[rows 120 to 139 of 178, columns 135 to 179 of 196]
7.14775705337524 7.51374053955078 7.51841974258423 7.75781059265137 8.2310676574707 8.35824203491211 8.53937339782715 8.71202278137207 8.92273044586182 9.33463668823242 9.42652606964111 9.85686683654785 10.205545425415 10.1840486526489 10.7936096191406 11.3408994674683 12.1943426132202 12.7629060745239 14.4275512695312 14.5079584121704 14.7510375976562 16.4951419830322 16.3645076751709 17.2874908447266 18.9771995544434 19.8089408874512 17.1243762969971 12.6069269180298 4.82683801651001 -1.07762336730957 -1.39620172977448 -1.515376329422 -1.48907828330994 -1.25612497329712 -1.0555260181427 0.369942009449005 1.5822229385376 2.4230329990387 3.67809534072876 4.34836626052856 4.79008340835571 4.78814554214478 3.73354959487915 3.53657937049866 0.534011125564575
8.52923393249512 8.35629272460938 8.29330730438232 8.4315710067749 8.94331455230713 8.37778663635254 8.56022930145264 8.75100135803223 9.03937149047852 9.36301803588867 9.75617790222168 10.1549072265625 10.3979654312134 11.078784942627 11.3821878433228 11.4875326156616 12.6565980911255 13.7525253295898 15.0691547393799 16.2273216247559 18.6530704498291 18.2728157043457 23.6239681243896 24.4085865020752 19.3202743530273 17.0455284118652 13.2488813400269 7.32983112335205 -0.45963978767395 -0.756662726402283 -0.588343441486359 -0.554894626140594 -0.34798938035965 -0.118673771619797 -0.193698987364769 0.149562820792198 0.618419229984283 1.65985631942749 2.70729899406433 4.20097064971924 5.16196584701538 3.05615520477295 0.904001116752625 -0.509130716323853 -2.37306666374207
8.92288684844971 9.517991065979 10.4945755004883 10.7887868881226 11.6355676651001 10.0612325668335 10.2063360214233 10.6077690124512 10.6793003082275 10.2576456069946 9.51119709014893 9.92981243133545 10.7013025283813 11.436107635498 11.868143081665 12.3528213500977 12.9611377716064 14.0984716415405 15.0378694534302 16.7959442138672 19.2773132324219 23.7856216430664 28.6815738677979 19.2576789855957 13.5633001327515 12.8100309371948 8.42869186401367 1.76594185829163 -0.891197264194489 -0.623283505439758 -0.117343686521053 0.459724068641663 0.752893567085266 1.22972619533539 1.6725822687149 1.25530862808228 0.645796775817871 0.862302541732788 1.35662794113159 2.72122097015381 3.36619830131531 0.551415741443634 -2.44715332984924 -2.42080807685852 -2.36917614936829
5.34809637069702 10.5857439041138 13.2150077819824 13.6425170898438 15.0408096313477 14.8563327789307 13.9483489990234 13.7478723526001 11.8294334411621 9.7874927520752 8.96868705749512 9.5555362701416 10.2897005081177 11.2326555252075 11.9955272674561 13.0049381256104 14.0073280334473 14.5200929641724 16.4583301544189 17.5780773162842 19.6915512084961 24.6304359436035 22.6517963409424 10.8325319290161 7.55119514465332 4.80989980697632 -0.142687559127808 -1.99372553825378 -1.44220125675201 -0.982929706573486 0.00276180915534496 0.975311398506165 1.66419053077698 2.43607234954834 2.52053833007812 2.6505401134491 2.60494899749756 1.76063013076782 1.04804694652557 1.17660737037659 0.456291764974594 -1.84412658214569 -2.26088333129883 -2.33009362220764 -2.19591498374939
1.74873411655426 8.03425312042236 12.4337644577026 15.5535612106323 18.9943161010742 16.3735408782959 18.2688598632812 15.4648351669312 11.4440011978149 8.62607669830322 7.97598218917847 9.0754861831665 9.68965530395508 10.6296768188477 11.5663557052612 12.7620620727539 14.3585414886475 16.9439601898193 17.8399543762207 17.9601230621338 22.3367729187012 20.9597816467285 16.0409336090088 3.79544925689697 -1.13229715824127 -2.07781004905701 -1.86602795124054 -2.31159400939941 -1.95085000991821 -1.55229556560516 -0.446079075336456 0.569944560527802 2.01024556159973 2.71499347686768 3.35084390640259 3.78932452201843 3.46584558486938 3.13607907295227 2.08366060256958 0.990676939487457 -0.633442401885986 -1.03098773956299 -1.5368914604187 -1.88801443576813 -1.95581722259521
0.985132336616516 5.28097486495972 9.61506938934326 14.6059808731079 18.4754276275635 21.2393436431885 24.6825981140137 16.8861637115479 11.3475589752197 10.1034421920776 9.15837001800537 9.53141403198242 9.58700275421143 10.1880350112915 10.7201070785522 11.9987621307373 14.0735006332397 16.7510299682617 19.2522125244141 22.7625865936279 19.5480289459229 14.7517805099487 5.64319801330566 -2.0845639705658 -1.9034960269928 0.0282607264816761 1.48477268218994 -2.41034197807312 -2.31894850730896 -1.92329370975494 -1.02380549907684 -0.0528285205364227 1.54470717906952 2.37587475776672 3.46807360649109 3.86356711387634 4.5739164352417 4.11831045150757 4.58184814453125 4.17050838470459 2.80380511283875 1.43199229240417 -0.601219177246094 -0.845848798751831 -1.19616746902466
1.04840242862701 4.43426752090454 7.04445028305054 10.3320569992065 14.4359331130981 21.7991676330566 23.1297283172607 12.4517908096313 8.79105091094971 11.299991607666 11.1477279663086 11.7007417678833 13.0203990936279 12.937611579895 12.6278448104858 10.5574026107788 12.228458404541 13.9250974655151 17.1374530792236 19.5438098907471 12.4944820404053 5.23753547668457 -3.05896711349487 -3.03813457489014 -1.90937840938568 0.510121405124664 -0.841326534748077 -3.00304555892944 -2.51808190345764 -2.09627938270569 -1.3764545917511 -0.529529452323914 0.77346408367157 1.61932134628296 2.59990906715393 3.23070025444031 4.61068773269653 5.56212472915649 6.34591102600098 6.17419385910034 6.88349056243896 6.4328818321228 7.27148008346558 4.9377293586731 0.81847733259201
0.917346239089966 3.51261854171753 5.81383323669434 8.79978847503662 11.6884450912476 16.7054843902588 17.770959854126 8.07883262634277 4.08991575241089 8.01748657226562 10.8208465576172 10.6960515975952 12.3903617858887 10.7816276550293 8.81265258789062 8.09316158294678 10.5922908782959 11.750449180603 14.8895244598389 15.7969465255737 7.41880989074707 -2.54534125328064 -2.859041929245 -1.96346354484558 -0.826101720333099 -0.431687325239182 -2.56151556968689 -3.1419403553009 -2.81607127189636 -2.25987648963928 -1.3205394744873 -0.614842712879181 1.38242840766907 0.756579637527466 1.4523423910141 2.22054076194763 3.56465148925781 5.59194612503052 6.4434642791748 7.70849752426147 8.65088939666748 10.598744392395 11.2139730453491 9.18685722351074 6.85860824584961
0.0757265388965607 2.48560929298401 5.24792098999023 8.08848667144775 10.092209815979 13.0678596496582 15.810754776001 10.231146812439 4.22685670852661 3.69740223884583 5.68603086471558 6.32386302947998 9.24688339233398 5.8959903717041 4.69695281982422 6.08369064331055 8.67479991912842 10.5353841781616 13.6764793395996 12.7795896530151 2.95000147819519 -2.12379956245422 -2.34197902679443 -1.59188008308411 0.049127422273159 -0.103161707520485 -2.98069715499878 -2.99096870422363 -2.89554286003113 -2.34459805488586 -1.57100772857666 1.96685516834259 1.82532703876495 0.0151621839031577 1.00886034965515 1.25561702251434 2.41368436813354 4.25831890106201 5.16325664520264 7.60184717178345 8.9368896484375 9.616530418396 9.73464584350586 4.51671934127808 1.55311286449432
-1.09695470333099 1.38783657550812 4.5372462272644 7.64903593063354 9.26614379882812 11.8822917938232 14.1222820281982 11.8082876205444 6.23027563095093 3.73912835121155 4.53584098815918 3.65465259552002 3.19656944274902 2.01824498176575 3.07850432395935 4.40897369384766 6.1987247467041 9.07182312011719 11.3225746154785 8.08154106140137 -1.40810704231262 -1.88836026191711 -1.93417096138 -2.03409290313721 -1.10149335861206 -2.4450147151947 -2.83016586303711 -2.88628196716309 -2.73660778999329 -2.3137001991272 -0.327798873186111 2.0319185256958 -1.25981509685516 -0.74041885137558 0.773653030395508 2.24315452575684 2.30419301986694 2.95007848739624 3.28486728668213 5.64827394485474 7.20488548278809 9.43400955200195 5.85013008117676 -0.375550001859665 -2.53290319442749
-1.85702192783356 0.0665307641029358 3.64313554763794 7.02837324142456 8.82495403289795 10.7501935958862 12.5430326461792 12.6729421615601 8.55073261260986 7.37764024734497 7.12772512435913 3.71652483940125 2.62511730194092 1.43805384635925 2.37926316261292 3.55209708213806 4.77257585525513 6.54875183105469 7.34496927261353 3.99603223800659 -1.68842375278473 -1.63637948036194 -1.63608348369598 -1.59502911567688 -1.69341421127319 -2.00262594223022 -2.30095505714417 -2.38454389572144 -2.29473400115967 0.130555495619774 1.30228054523468 -2.01245188713074 -1.85822689533234 -1.33794784545898 -1.16495394706726 0.854221999645233 4.02187299728394 5.39204216003418 2.84533047676086 2.72572541236877 4.05020046234131 6.88964796066284 4.48419237136841 -2.44904494285583 -2.86307311058044
-2.42511820793152 -0.815109074115753 2.35416674613953 5.89783763885498 8.34703254699707 10.0860481262207 11.035120010376 11.7442111968994 6.93157052993774 4.17047929763794 2.86660552024841 2.80763506889343 3.91352987289429 1.26109445095062 1.65808594226837 2.9095573425293 4.11780118942261 5.95986461639404 5.74981927871704 3.25168466567993 -1.26306402683258 -1.62112629413605 -1.48100817203522 -1.24139928817749 -1.2697297334671 -1.24817228317261 -1.41634726524353 -1.54342842102051 -1.61148941516876 -1.91761982440948 -2.39986848831177 -2.40429186820984 -1.92250800132751 -1.84786880016327 -1.50299561023712 -0.78513240814209 3.10224843025208 2.27789926528931 -0.1800836622715 0.024640891700983 1.40281653404236 3.5213086605072 3.31585955619812 -2.65201473236084 -2.77992081642151
-2.5785608291626 -2.34717917442322 -0.0826703980565071 4.606369972229 8.15328884124756 10.2908926010132 10.9775447845459 11.3059358596802 4.63158750534058 2.76228547096252 2.97493314743042 2.42231750488281 1.7157210111618 1.16977739334106 1.17916238307953 3.39450931549072 3.33654117584229 4.68553400039673 3.80839347839355 1.69105350971222 -1.58291161060333 -1.81742286682129 -1.41065895557404 -1.14984893798828 -0.994085490703583 -0.782275974750519 -0.664354801177979 -0.57308429479599 -0.720968067646027 -1.1696298122406 -1.53494942188263 -1.93958675861359 -2.0071496963501 -1.90656077861786 -1.11622881889343 -0.829076886177063 0.0259840656071901 0.269466638565063 -0.235028237104416 -0.601428389549255 0.709108948707581 1.28483521938324 1.80405819416046 -1.61750602722168 -2.53532552719116
-2.56387138366699 -2.37900471687317 -1.43779575824738 4.58913660049438 8.41695976257324 12.3364086151123 10.1619634628296 7.68465662002563 1.96172249317169 1.46542823314667 0.905681431293488 -0.121839843690395 0.0317551344633102 0.0833600983023643 0.0269533768296242 2.25386905670166 1.8402065038681 3.68889880180359 2.78412222862244 1.52360427379608 0.00954899005591869 0.486193120479584 -0.119291067123413 -1.38684773445129 -0.993109583854675 -0.730397403240204 -0.441723704338074 -0.117457568645477 -0.0734422728419304 -0.128974601626396 -0.339217752218246 -0.701008260250092 -0.945396959781647 -1.1786185503006 -0.969667255878448 -0.61113977432251 0.0577065423130989 0.635475814342499 0.466167509555817 0.818137109279633 1.62086951732635 1.6931346654892 2.546954870224 0.715276062488556 -2.3134982585907
-2.45171642303467 -2.26371145248413 -0.349699258804321 4.87350082397461 11.8436689376831 15.4085445404053 7.51711416244507 2.70806574821472 -0.863209784030914 -1.48890209197998 -1.51371085643768 -1.6661149263382 -1.05071377754211 -0.992878913879395 -0.819106221199036 -0.0891073644161224 0.620184540748596 1.67304933071136 2.2853090763092 2.71446514129639 1.60346007347107 2.45457983016968 2.4023003578186 6.60045433044434 7.06996917724609 3.57143115997314 -0.444416433572769 0.106247760355473 0.445778131484985 0.695259094238281 0.725747227668762 0.753236651420593 0.322000920772552 -0.0742909386754036 -0.183751732110977 -0.360970139503479 -0.0445353798568249 0.588522493839264 0.758047044277191 1.50584733486176 1.41494798660278 2.72246432304382 2.92687821388245 1.49259150028229 -2.19838762283325
-2.28613090515137 -2.11431264877319 -0.526941359043121 4.43342018127441 12.6777286529541 11.4254236221313 0.681202948093414 -1.9894859790802 -1.5052877664566 -1.26041328907013 -1.44854545593262 -1.27327334880829 -0.925887048244476 -1.22418868541718 -0.908806145191193 -0.610050678253174 -0.0420734100043774 0.981441974639893 1.78778958320618 1.88578903675079 0.455536991357803 1.76758563518524 5.03880739212036 6.94419193267822 0.667160212993622 -2.18739438056946 -1.37637329101562 -0.522219240665436 0.537011921405792 0.907280325889587 1.20675051212311 1.43954384326935 1.35412073135376 1.29837810993195 0.766794264316559 0.230027496814728 -0.130618587136269 0.0767914280295372 0.474776715040207 0.949958503246307 0.527604222297668 2.15066576004028 0.969288408756256 -2.04066896438599 -2.12720441818237
-2.29827618598938 -1.96021449565887 0.117771200835705 5.36494970321655 10.7948246002197 8.15742588043213 -2.17471599578857 -2.21703386306763 -1.94420182704926 -1.11971783638 -0.918663740158081 -0.610466480255127 0.0487990044057369 0.739459156990051 0.181923508644104 -1.29742586612701 -0.185801729559898 0.115315347909927 0.152776181697845 -0.960212826728821 -1.57676553726196 1.24498665332794 2.64925312995911 -1.22102689743042 -2.66611528396606 -2.54369163513184 -2.19028854370117 -1.62627232074738 -0.0419140234589577 0.726916670799255 1.29054498672485 1.61618006229401 1.83639526367188 1.94685113430023 1.77411508560181 1.2548975944519 0.482760787010193 0.210029989480972 0.430011957883835 0.250190764665604 0.591768145561218 1.61190235614777 0.397552996873856 -1.8956423997879 -1.93568599224091
-2.31663513183594 -1.98600828647614 -0.347267925739288 4.42773342132568 10.9768743515015 12.1429195404053 -0.0453023239970207 -1.41125404834747 -1.99522054195404 -1.68121838569641 -1.186976313591 0.0616653002798557 0.659936010837555 -0.0742223709821701 -2.10331916809082 -2.14327478408813 -2.18521451950073 -2.25938773155212 -2.32968997955322 -2.34435629844666 -2.37988662719727 -2.3849925994873 -2.37680578231812 -2.46973943710327 -2.44457411766052 -2.33350157737732 -2.09980463981628 -1.90387272834778 -0.735132277011871 0.276862621307373 0.882747888565063 1.72825515270233 1.82726407051086 2.08515429496765 2.19124937057495 2.05778884887695 2.04238867759705 1.30368304252625 0.745644629001617 0.281137973070145 -0.631891965866089 -0.0252183917909861 -1.29233658313751 -1.7733690738678 -1.72171700000763
-2.31429362297058 -2.13677263259888 -1.66121137142181 2.60310626029968 9.61642360687256 9.76296138763428 -1.0781455039978 -1.91469669342041 -2.11639976501465 -0.73783665895462 -0.198266953229904 -0.67950314283371 -1.63872468471527 -2.0185661315918 -1.88961756229401 -1.76589238643646 -1.73957908153534 -1.70722210407257 -1.90020513534546 -1.98781752586365 -2.11095857620239 -2.13294863700867 -2.15672922134399 -2.16184282302856 -2.09140276908875 -2.05917072296143 -1.87090456485748 -1.60675501823425 -1.22396612167358 0.0427596010267735 1.82900583744049 3.18560004234314 4.08511066436768 5.11296653747559 3.11120820045471 2.57281160354614 2.77565026283264 2.76588153839111 2.69411396980286 1.65611982345581 0.571569263935089 -0.57607364654541 -0.988025724887848 -1.64141356945038 -1.56777775287628
-2.22446084022522 -2.11943769454956 -1.74833738803864 0.429981410503387 6.31143379211426 7.6228141784668 -1.05952882766724 -1.92401039600372 -1.98978328704834 -1.5925704240799 -2.08518886566162 -2.13131880760193 -2.03669691085815 -1.92367506027222 -1.5667085647583 -1.16797626018524 -0.771173179149628 -0.24247582256794 1.61851930618286 0.644965946674347 -1.7628413438797 -1.81278944015503 -1.78887689113617 -1.75170481204987 -1.69241321086884 -1.65674805641174 -1.52645766735077 -1.24993097782135 -0.993263065814972 -0.452156156301498 1.72419023513794 4.02132606506348 6.32506513595581 5.15163946151733 1.93902993202209 1.93908441066742 2.729083776474 3.5240752696991 3.72734546661377 3.32744407653809 2.3759503364563 1.345743060112 0.86785626411438 -0.115903973579407 0.000583460903726518
