slauniainen/Data/DEM/Vihti_dsm1500b_cl_horizonAngle_144.asc
NCOLS 196 
NROWS 178 
XLLCORNER 353680 
YLLCORNER 6699024 
CELLSIZE 16 
NODATA_value -3.4e+38 
[rows 140 to 159 of 178, columns 138 to 183 of 196]
0.913082659244537 8.16317272186279 4.12320756912231 -0.282353401184082 1.52326762676239 0.0615323521196842 -0.0838139057159424 -1.38754880428314 -0.316675007343292 -0.402552455663681 0.119006097316742 -0.587425351142883 0.104191929101944 15.5740957260132 0.883010447025299 2.34179902076721 10.3306570053101 6.75365734100342 0.538475155830383 1.19147491455078 0.621844232082367 0.777160048484802 1.03339922428131 1.25338888168335 0.506840884685516 0.970956146717072 1.64678037166595 2.37146162986755 1.24833953380585 7.97017288208008 0.440796107053757 4.59022855758667 14.4270858764648 1.25278627872467 2.20708823204041 10.2484264373779 15.1031103134155 24.5145130157471 26.4990768432617 13.8246564865112 11.9816093444824 12.1318473815918 11.9930219650269 19.1289005279541 4.77133941650391 33.3974761962891
-0.402294427156448 0.285859197378159 3.9416139125824 7.757004737854 1.15548360347748 2.09850454330444 0.343009740114212 0.195487454533577 3.96102213859558 0.977608323097229 0.541715145111084 0.443731993436813 0.266638398170471 10.2277412414551 1.58908808231354 7.32718563079834 16.7940883636475 13.6772117614746 -0.255099654197693 0.989891886711121 2.43994116783142 1.17999053001404 2.08174896240234 5.04522085189819 12.1834783554077 1.28891551494598 2.40617084503174 3.73631262779236 10.8339443206787 1.18144547939301 0.469934821128845 0.728895723819733 0.238375246524811 0.419725477695465 1.70683348178864 9.827467918396 13.3792657852173 20.6951465606689 31.238561630249 9.07284545898438 26.696174621582 15.4677782058716 11.7993040084839 13.273024559021 13.6666250228882 5.05664968490601
10.3513641357422 0.200738668441772 7.32852363586426 7.06539916992188 2.8234601020813 0.307920902967453 0.55079710483551 16.230131149292 9.07380676269531 0.395278692245483 1.05708432197571 1.3164541721344 1.06967043876648 15.9740228652954 1.95500802993774 1.43925142288208 -0.0746487006545067 0.216598019003868 0.395218282938004 0.918285369873047 1.84304749965668 6.79452037811279 5.59130859375 17.7559547424316 3.77491235733032 1.07797729969025 1.37593793869019 4.05819749832153 15.6969556808472 2.01137518882751 1.45596206188202 10.1490478515625 1.14153468608856 3.45465016365051 5.46458530426025 9.61013221740723 12.8945894241333 18.4878997802734 49.751049041748 19.458309173584 7.98865699768066 8.19218158721924 12.1421308517456 15.225793838501 20.5128879547119 6.44034910202026
8.5938196182251 0.738720595836639 13.259222984314 1.81692600250244 18.7793025970459 13.8834562301636 16.8676738739014 0.56176620721817 0.612677216529846 0.279821336269379 1.71239793300629 1.72032260894775 1.86357796192169 3.51440954208374 5.6053638458252 4.0695366859436 1.45823276042938 0.379666477441788 1.32693493366241 1.33895373344421 32.8535842895508 30.5402965545654 24.65598487854 24.3047714233398 1.30011022090912 2.87401080131531 4.96354103088379 2.65279078483582 4.16064691543579 3.85845756530762 2.09808015823364 1.65662717819214 2.52473139762878 3.3894670009613 10.6126165390015 25.6562805175781 13.6713800430298 17.7084197998047 43.7403526306152 1.03449213504791 5.42837142944336 8.16630744934082 20.2877464294434 13.6753625869751 4.3439416885376 0.996498346328735
-1.53376841545105 -1.24991238117218 11.1820049285889 0.579694628715515 12.7231597900391 0.914245188236237 13.7047233581543 0.859940826892853 1.00885057449341 1.11707746982574 1.65772140026093 2.20479393005371 3.06831789016724 8.26511859893799 33.5688438415527 2.34877014160156 6.08994007110596 1.88716793060303 1.82462847232819 28.9399757385254 1.47321629524231 3.77894377708435 2.39167809486389 5.21575593948364 3.18444228172302 2.5905454158783 19.6392955780029 33.8417282104492 26.995325088501 34.5273170471191 5.73465299606323 7.05125427246094 3.95452356338501 3.86538672447205 17.8727989196777 11.7002010345459 23.7432155609131 21.088737487793 39.8368797302246 10.3506460189819 7.40702390670776 0.997929453849792 0.758556306362152 2.30045008659363 0.466513305902481 0.909384548664093
0.320966690778732 -0.532263219356537 13.3822078704834 0.501500487327576 15.9212350845337 0.281325101852417 -0.0665693953633308 0.667619049549103 1.16963791847229 1.47658824920654 2.02032923698425 2.62029767036438 2.98941779136658 3.14022564888 3.12502932548523 2.08356928825378 23.7525444030762 32.7180709838867 14.9708375930786 1.72939026355743 10.6391410827637 10.1860361099243 1.63277733325958 1.62902963161469 2.36476016044617 4.17247486114502 4.28531980514526 8.34401416778564 2.77511024475098 6.95926189422607 4.77019643783569 11.9454574584961 2.86866998672485 4.4662971496582 4.06291913986206 0.664344429969788 2.23274707794189 31.1467132568359 38.60986328125 12.1864538192749 1.42614352703094 0.884239256381989 1.11533212661743 8.13414096832275 0.0138179557397962 0.534030079841614
-2.0333206653595 1.84895849227905 12.3975143432617 0.524049520492554 1.05479347705841 0.532721877098083 0.67732572555542 0.60046511888504 1.43429160118103 1.99153649806976 2.24330639839172 2.54815220832825 4.08140087127686 4.17043685913086 4.43915700912476 3.76041221618652 2.41528129577637 3.40176701545715 7.97252702713013 1.01977622509003 5.65111637115479 1.6246645450592 1.04245591163635 2.12310886383057 2.57663726806641 4.82859039306641 4.96546077728271 8.22183704376221 6.31850385665894 1.65302658081055 7.04166650772095 6.91432762145996 27.3347778320312 3.62858104705811 6.66312742233276 7.05741548538208 3.45511198043823 6.11292123794556 2.56411147117615 3.09569454193115 1.65511453151703 1.15774762630463 1.25515997409821 1.11206078529358 0.449871689081192 0.309968739748001
-1.60768830776215 -0.812468588352203 0.162971675395966 1.21722877025604 0.607702136039734 0.826776087284088 1.54613351821899 1.49286949634552 1.2219545841217 2.12636566162109 2.83786463737488 4.03703832626343 4.01472902297974 4.5242338180542 4.80274486541748 4.66588449478149 5.70880889892578 3.64980125427246 28.1724185943604 16.4408016204834 3.03922009468079 8.76072120666504 4.57031106948853 4.13928604125977 2.54181098937988 4.67326974868774 6.76588678359985 6.67557525634766 4.19871139526367 2.20583820343018 4.73455667495728 11.7325716018677 24.6767292022705 9.65953159332275 4.62268543243408 13.549412727356 3.84662413597107 10.8441905975342 4.50253582000732 5.68396902084351 2.1836154460907 1.78138709068298 1.308638215065 1.49781596660614 1.0492844581604 0.934859871864319
0.827895164489746 -0.788061261177063 0.0140503002330661 0.180319294333458 7.97607278823853 1.46325063705444 1.35194265842438 2.40080857276917 2.94430088996887 3.86669516563416 4.53820657730103 5.57493782043457 5.7843074798584 6.19372606277466 8.25314426422119 10.510181427002 6.7177300453186 10.3666105270386 18.6502895355225 1.36142826080322 4.93104839324951 3.22571468353271 2.31392765045166 2.29895901679993 2.93648767471313 3.07591986656189 6.95344543457031 8.69597721099854 18.2026634216309 16.4481067657471 1.71464788913727 8.43711471557617 1.36550438404083 34.1492881774902 23.4262294769287 4.68736124038696 21.369047164917 3.03990721702576 1.10060966014862 6.60819005966187 2.05687761306763 2.46328091621399 1.88268733024597 2.00552296638489 1.67408835887909 1.8690539598465
-1.27034521102905 -1.01099145412445 3.92452120780945 3.59123253822327 2.02352786064148 1.14252173900604 2.0631217956543 3.70503830909729 4.66149520874023 5.06567573547363 5.70075798034668 6.69550657272339 8.05820751190186 9.59270095825195 11.7954301834106 13.0215883255005 16.7257690429688 12.0979595184326 3.97254800796509 4.45507049560547 3.69689202308655 1.89306437969208 2.50033783912659 2.85845756530762 5.3405704498291 4.10117197036743 7.84709930419922 11.8419437408447 13.7550325393677 5.36973571777344 8.35552310943604 5.35925483703613 1.57220947742462 20.2002716064453 42.1093254089355 15.02561378479 22.01051902771 6.19376707077026 3.36104035377502 1.41508388519287 2.17902135848999 2.08689951896667 2.61241364479065 2.78011345863342 2.30329251289368 7.57468461990356
-0.820531129837036 -0.647208392620087 4.8597526550293 0.863303482532501 1.34026169776917 2.45079898834229 3.67956829071045 4.44686031341553 5.27091312408447 4.71317291259766 7.88632392883301 8.83580017089844 9.6250581741333 10.7478199005127 11.3992185592651 14.3356409072876 17.1717414855957 25.1772880554199 8.22765731811523 8.61518096923828 3.44667363166809 4.11076545715332 3.55325818061829 11.8214883804321 8.85988330841064 14.7230710983276 13.3508253097534 14.6058168411255 23.0164031982422 4.97449731826782 8.13046360015869 11.5230731964111 3.50687122344971 3.84968876838684 0.60671466588974 2.44840502738953 6.18912029266357 0.395580232143402 0.712655484676361 2.22367358207703 1.47826433181763 2.42972636222839 2.56570482254028 3.00494146347046 3.739009141922 3.00489711761475
-0.558344721794128 -0.270804792642593 1.83522725105286 0.583922445774078 1.79466569423676 2.852623462677 3.8480441570282 5.60847806930542 6.06132555007935 7.94273042678833 9.25102233886719 9.93846607208252 10.4845209121704 12.3078308105469 14.0926084518433 13.9806756973267 19.9251899719238 31.0836524963379 22.1811962127686 14.9108819961548 17.2788486480713 11.3308925628662 5.31845712661743 16.8750839233398 12.9011220932007 24.999137878418 14.3868961334229 4.18500661849976 2.19097900390625 3.33538770675659 14.0519485473633 19.5087089538574 7.06890392303467 5.36145687103271 5.52470731735229 5.77069902420044 1.45316457748413 9.2355842590332 5.20239305496216 1.00371742248535 1.34490621089935 2.09219598770142 2.66832852363586 3.42403268814087 5.8508472442627 2.48669195175171
1.82074618339539 5.96641302108765 13.2767953872681 8.82995128631592 2.20680046081543 2.09558606147766 3.8212366104126 4.64966630935669 6.46430444717407 9.32581901550293 10.0609941482544 11.308069229126 11.1309671401978 12.0347576141357 15.8664264678955 19.4670886993408 18.953088760376 29.9404163360596 27.2043418884277 11.9961318969727 6.36820650100708 4.76073884963989 4.0313458442688 20.2601566314697 5.19074058532715 12.333812713623 3.14751124382019 4.49974060058594 10.2698287963867 5.62793731689453 10.9432573318481 5.49738025665283 1.41322779655457 3.62823486328125 6.89914798736572 7.01962852478027 4.16113758087158 6.90637159347534 19.9098052978516 1.02551662921906 1.5315477848053 1.96727979183197 6.66641759872437 2.91152667999268 4.15900564193726 4.49456596374512
18.3431854248047 13.3676090240479 1.53945350646973 1.87190878391266 3.73141980171204 2.49588346481323 5.29096794128418 6.65326595306396 9.74643039703369 10.3987674713135 10.9586114883423 11.5887031555176 14.5812816619873 14.2902908325195 16.4349880218506 21.61452293396 29.5637798309326 42.2765083312988 47.0613746643066 7.96570491790771 6.14770460128784 5.65090799331665 13.1154861450195 5.5957932472229 13.7714967727661 3.8083667755127 3.53054332733154 3.45631122589111 6.85691356658936 5.65387344360352 16.4350395202637 1.46542048454285 0.551786720752716 6.59490060806274 7.24131059646606 4.84133815765381 1.59136152267456 9.14433479309082 1.26629722118378 -0.0598832815885544 1.73812019824982 1.60248279571533 11.8910942077637 2.86798143386841 2.91025733947754 4.37550783157349
-0.340205639600754 -0.373021692037582 0.57213306427002 2.12219285964966 2.5592999458313 5.55059146881104 6.22441005706787 7.14643716812134 10.7985801696777 12.0173997879028 12.019211769104 14.1121234893799 14.1027269363403 19.9639282226562 19.5069313049316 25.3468780517578 41.828857421875 40.8379783630371 13.7628040313721 7.97073650360107 6.90957498550415 9.50650215148926 7.78326177597046 5.68245983123779 7.68515396118164 1.19807505607605 13.0266227722168 3.6478226184845 5.27713966369629 4.07994556427002 1.9795526266098 -0.0768499374389648 1.09224915504456 4.53567600250244 5.07375049591064 3.2401864528656 9.62474155426025 10.582127571106 11.0833501815796 3.73878002166748 1.28544116020203 1.38061416149139 1.9458886384964 2.14171266555786 3.29038596153259 4.27811861038208
1.00252962112427 1.01122462749481 1.10621905326843 2.39530658721924 3.18419194221497 6.50107908248901 7.62026214599609 9.38859558105469 11.6601591110229 13.5912275314331 15.3439626693726 14.7525568008423 19.3261222839355 19.1289615631104 30.0932636260986 36.8294334411621 44.9652137756348 10.3637590408325 14.250171661377 15.6801290512085 24.7037353515625 8.20050621032715 7.51700401306152 10.4586935043335 6.24094676971436 8.98028564453125 7.4478235244751 6.74218416213989 5.5169358253479 4.53862810134888 10.8205633163452 2.41271471977234 1.00849080085754 1.75777494907379 1.95594727993011 6.44213914871216 8.02697658538818 10.2098388671875 4.7497410774231 -0.176382392644882 1.4142872095108 4.92903089523315 1.81419396400452 2.52625632286072 3.52975296974182 3.62720942497253
1.00733625888824 1.58379173278809 1.74490678310394 3.00281429290771 6.84989929199219 9.11013126373291 9.19757175445557 13.2206373214722 17.1724891662598 14.5825881958008 17.4868679046631 20.8076095581055 19.8636360168457 29.4255886077881 42.4788703918457 41.0451927185059 12.1728820800781 8.60237693786621 13.374324798584 23.1095676422119 16.0433959960938 6.2800612449646 11.3856811523438 10.5691633224487 13.2515335083008 11.0402603149414 10.1467237472534 6.52413892745972 6.46832084655762 4.09483671188354 5.03954648971558 6.57818508148193 2.76994466781616 2.76753950119019 4.84132385253906 6.23042058944702 1.6784086227417 0.75025463104248 1.34821248054504 0.258497774600983 0.0383235663175583 2.47033262252808 3.2779655456543 4.53697776794434 2.35529017448425 3.6657817363739
2.3998556137085 2.81488060951233 3.47754144668579 5.77056312561035 7.80802869796753 13.7198133468628 15.5088920593262 14.8912868499756 17.3219947814941 23.4348926544189 18.419620513916 23.6078567504883 31.6195983886719 41.6005935668945 40.350399017334 7.13493824005127 11.0501909255981 14.3621044158936 9.36035346984863 13.811821937561 4.92470073699951 8.58266448974609 19.1638946533203 14.5306453704834 11.1485023498535 3.77419519424438 7.61579561233521 3.30100059509277 2.85183334350586 3.51020073890686 5.35233879089355 9.74531364440918 13.3811645507812 4.75236177444458 1.84996521472931 2.053546667099 1.71869242191315 1.86980473995209 2.24155974388123 2.18689322471619 1.74029684066772 3.3197557926178 1.21013939380646 3.57858514785767 2.22429490089417 4.08926343917847
4.76064586639404 5.47980070114136 7.57886266708374 11.6800317764282 12.0665950775146 15.8500509262085 17.2388477325439 21.1709480285645 20.2779769897461 23.4808082580566 35.1095428466797 26.7757148742676 43.9415969848633 41.9944953918457 8.84398174285889 12.5986309051514 9.72463893890381 15.0053911209106 10.7294931411743 24.7466106414795 24.9109916687012 17.3336734771729 15.0697593688965 5.03226518630981 2.60559105873108 1.97477543354034 0.732560694217682 -0.264999717473984 7.24740552902222 14.3639755249023 16.3906955718994 8.38980293273926 10.516845703125 12.4412870407104 1.84511077404022 1.99881911277771 2.37961673736572 2.82414317131042 3.52176094055176 2.12642431259155 10.7115297317505 0.907054126262665 0.940194725990295 6.49800109863281 1.76887214183807 2.56523442268372
8.01475524902344 9.04935550689697 9.55945014953613 12.4905462265015 15.0710248947144 14.0648746490479 20.4510059356689 23.3220272064209 32.1629981994629 30.7351474761963 47.754451751709 37.9437789916992 47.0586738586426 11.0856475830078 12.1693048477173 12.3174018859863 19.6199722290039 16.8635730743408 12.3922672271729 12.9276552200317 5.06689023971558 1.83584880828857 5.21582412719727 3.08453726768494 4.20871925354004 11.3887395858765 5.29779863357544 2.46214628219604 5.21503639221191 14.9459829330444 6.89346504211426 4.44849824905396 7.15119981765747 -0.104162216186523 0.26715674996376 2.3294723033905 2.31386017799377 2.84833073616028 4.06006240844727 2.5436418056488 5.91506624221802 2.9931857585907 1.51957988739014 2.66667199134827 11.1527080535889 2.78430652618408
