slauniainen/Data/DEM/Vihti_dsm1500b_cl_horizonAngle_216.asc
NCOLS 196 
NROWS 178 
XLLCORNER 353680 
YLLCORNER 6699024 
CELLSIZE 16 
NODATA_value -3.4e+38 
[rows 120 to 139 of 178, columns 135 to 179 of 196]
33.0983810424805 37.4707260131836 31.4407577514648 31.0824756622314 24.0882873535156 17.6658020019531 16.6661205291748 14.2081251144409 11.2271795272827 9.10443019866943 9.17702388763428 15.1367568969727 22.8345108032227 14.1155395507812 23.1448669433594 13.1931324005127 18.4465408325195 12.0129632949829 12.7382869720459 11.6816186904907 22.2383155822754 31.4274520874023 18.7592792510986 18.8011093139648 7.96720695495605 16.3568229675293 19.1386642456055 15.8774919509888 4.9069185256958 2.80231380462646 0.662312209606171 6.76811170578003 3.00707721710205 20.3555030822754 1.94698929786682 2.14082312583923 2.66461563110352 10.2361307144165 3.44099044799805 11.578803062439 2.90830111503601 0.887771427631378 10.5208911895752 6.25443267822266 6.42394828796387
41.0400733947754 41.0466194152832 38.2726669311523 25.6059036254883 22.6699104309082 19.5007743835449 17.5187911987305 15.1945610046387 15.947226524353 15.9514007568359 9.09677219390869 8.95326614379883 9.66608619689941 12.5260734558105 25.9458522796631 10.338249206543 14.1627645492554 12.2024993896484 10.3702373504639 20.2134208679199 19.151029586792 27.7470245361328 4.85909414291382 13.1844863891602 14.290397644043 14.0692234039307 15.1906642913818 11.1653900146484 4.49919557571411 0.869222939014435 7.24513530731201 6.08218288421631 1.92823004722595 2.58052587509155 14.4260015487671 2.81269812583923 6.3236870765686 9.15149021148682 2.56739091873169 1.92032539844513 0.918189108371735 -0.0895351693034172 4.21514368057251 0.62480229139328 1.6162520647049
45.0418243408203 42.1732177734375 45.3288497924805 28.9287872314453 23.7057075500488 20.23756980896 19.5835056304932 22.7878818511963 26.7144145965576 24.8091125488281 24.2704620361328 18.0260238647461 13.007830619812 13.0470266342163 14.3567142486572 28.7218418121338 14.9914321899414 18.9689521789551 8.89970588684082 10.8287134170532 5.055992603302 10.0198020935059 18.6561527252197 16.8259525299072 11.1229009628296 13.2557706832886 12.5319566726685 5.31192207336426 5.52149677276611 11.2040758132935 28.3264064788818 3.84391498565674 20.176965713501 2.69231224060059 11.3974609375 5.29643201828003 2.48820638656616 11.9853258132935 5.39274740219116 7.4881591796875 2.44288039207458 -0.0394826456904411 1.06257033348083 0.677553832530975 1.78667318820953
39.9022483825684 43.4621810913086 39.0402908325195 41.2743377685547 31.0163135528564 20.5066032409668 16.1051998138428 12.6492586135864 16.5950965881348 13.7813138961792 15.4053335189819 21.4151439666748 25.8912506103516 17.9674606323242 15.5383262634277 16.9902763366699 17.9400386810303 25.9041290283203 12.3003311157227 7.39027881622314 13.5104541778564 15.7040348052979 12.6201982498169 11.329779624939 4.61545372009277 23.2994651794434 6.99072122573853 8.74369239807129 1.913250207901 2.42491602897644 13.1226873397827 2.59152483940125 18.4371204376221 2.79407644271851 4.35031652450562 6.17770099639893 2.68384909629822 5.50810050964355 3.89306235313416 3.24753761291504 3.51274561882019 3.46475172042847 1.10797798633575 3.27483820915222 6.05815601348877
25.9021949768066 39.9845924377441 25.0820331573486 33.8609046936035 24.2414207458496 20.1095275878906 12.3233766555786 16.8073768615723 20.7541999816895 18.945520401001 17.8379573822021 15.3720874786377 19.8409519195557 16.4913063049316 19.423620223999 20.8086719512939 10.9968137741089 9.29790592193604 6.10215520858765 5.11429500579834 6.67447423934937 8.03480339050293 3.88432240486145 11.4578561782837 11.1031789779663 12.0282726287842 10.2324810028076 5.22017478942871 5.96741819381714 8.72984504699707 15.2228298187256 2.50465607643127 13.2909698486328 4.86502027511597 3.56703948974609 5.73699378967285 6.0124077796936 4.57011651992798 4.29362726211548 2.58066487312317 3.57333922386169 2.99897527694702 2.19091081619263 4.71630239486694 17.2702217102051
11.2411489486694 31.9365844726562 28.3538951873779 26.7330474853516 21.5543117523193 17.9931087493896 10.6810884475708 7.13559198379517 6.62437009811401 16.2209339141846 21.3133125305176 16.7646217346191 23.3150291442871 23.1946125030518 26.1320323944092 12.0501537322998 9.29292774200439 6.63884592056274 9.46617031097412 6.1617259979248 11.6406688690186 6.41384696960449 3.0325665473938 7.64495325088501 28.7640132904053 11.6166973114014 14.0063915252686 13.5333127975464 10.2085466384888 7.4230899810791 14.3171110153198 2.9370493888855 3.18923783302307 7.01084756851196 10.0481634140015 11.6969814300537 8.39034366607666 7.70909309387207 7.16217517852783 6.01508855819702 10.7924098968506 11.5756397247314 6.60725164413452 0.407577514648438 10.904993057251
15.580846786499 21.5715217590332 23.9047679901123 27.9672374725342 20.6081428527832 16.1938304901123 10.21302318573 7.48174667358398 5.68747568130493 6.50962114334106 27.4024810791016 12.6825075149536 21.0973072052002 23.1373844146729 26.7001323699951 10.971773147583 32.8833885192871 5.94132566452026 6.26070165634155 4.28359508514404 3.73991322517395 5.64749622344971 0.0161549225449562 6.46428871154785 15.1590938568115 2.2861864566803 7.83281993865967 11.5621824264526 18.2615394592285 5.79355049133301 7.91987323760986 6.34561252593994 2.68207192420959 3.22712874412537 3.29671168327332 11.2309503555298 4.67903757095337 12.8258123397827 6.57207107543945 5.01449489593506 1.18031442165375 9.23347187042236 17.1479377746582 8.16975498199463 20.0017852783203
25.62282371521 22.5515003204346 33.2157249450684 18.7035827636719 17.4477272033691 26.3875732421875 14.4052143096924 6.41511201858521 4.53694772720337 12.1311626434326 13.7233867645264 9.36076641082764 15.2941303253174 12.001148223877 16.5914058685303 19.7408351898193 26.2133617401123 8.1453971862793 4.2766900062561 1.15390968322754 7.85401248931885 12.1380043029785 0.848346352577209 10.7245807647705 11.6731824874878 7.08159017562866 11.2140951156616 4.61289405822754 9.49233245849609 7.54495096206665 8.21494674682617 5.08580541610718 4.08052635192871 5.91872882843018 9.54969120025635 20.4257068634033 5.42643547058105 10.8825359344482 7.34613704681396 3.15904140472412 6.52072954177856 0.542567789554596 5.12815284729004 3.60050821304321 29.2208614349365
27.8119773864746 30.6525440216064 48.1114196777344 18.5940608978271 14.5174074172974 15.5338954925537 18.908203125 7.08313798904419 3.28690481185913 14.4388914108276 13.1457242965698 2.64600467681885 5.14526987075806 11.7932424545288 8.75579166412354 17.8129711151123 22.6076583862305 11.3078899383545 2.76835870742798 3.31702065467834 4.73658275604248 -0.129497021436691 1.94995558261871 -1.02034473419189 2.01371598243713 8.17532539367676 5.71426773071289 5.11643028259277 16.3215427398682 10.7718372344971 12.9556818008423 5.31697177886963 12.6771783828735 13.2182388305664 6.55605459213257 12.0129718780518 14.8489351272583 10.3882665634155 4.56908941268921 5.71724843978882 1.58662927150726 0.749037504196167 1.00319051742554 0.217334508895874 0.559523344039917
14.9465961456299 11.5562524795532 41.4569129943848 16.698938369751 27.9089031219482 9.15943622589111 8.73153877258301 4.06933164596558 1.85098171234131 2.48682451248169 3.62651872634888 2.52472352981567 3.38475561141968 5.77749061584473 8.86351871490479 19.1474189758301 26.2910442352295 12.5948476791382 8.11167812347412 0.130736812949181 -0.0785864666104317 -1.33491098880768 8.43182563781738 1.86907434463501 0.212804943323135 15.091365814209 17.7805500030518 14.0867099761963 24.4899845123291 5.48046112060547 5.97918367385864 6.29839849472046 3.76736378669739 19.4070911407471 11.6312551498413 17.2776870727539 25.7774772644043 25.2103843688965 17.6628551483154 8.93428230285645 6.78747510910034 0.878424346446991 1.14083051681519 0.598399102687836 0.415346533060074
7.47347545623779 17.5919513702393 39.5257415771484 10.9902477264404 19.7107048034668 13.6988515853882 8.14433765411377 4.67607259750366 6.60125732421875 2.74293351173401 4.25257539749146 17.326509475708 20.726619720459 9.27799797058105 9.03281879425049 13.585054397583 16.7377948760986 11.0094451904297 6.13556051254272 1.07996344566345 0.19347956776619 -1.41379344463348 6.05508708953857 3.27292633056641 -0.553230285644531 2.53986644744873 5.19830179214478 3.75377988815308 17.819429397583 13.4805269241333 17.5314331054688 13.9613590240479 1.38663029670715 2.03621339797974 6.57485437393188 1.44058990478516 0.693801820278168 8.18188953399658 12.1575012207031 6.69617986679077 2.77443051338196 7.14130926132202 4.48239994049072 0.706681311130524 0.870551586151123
3.89230823516846 8.58892059326172 41.9726371765137 11.4945573806763 8.33101081848145 7.94126558303833 7.34139251708984 5.46752309799194 4.36944007873535 3.93662118911743 13.2843971252441 16.034252166748 31.2526626586914 22.9610652923584 17.8495998382568 20.2325897216797 18.6606597900391 15.5846366882324 3.59234237670898 0.501526772975922 13.2999057769775 -0.974357485771179 12.1978006362915 8.30856037139893 4.9169487953186 5.81160163879395 4.10310649871826 5.74512195587158 6.62432765960693 19.9365825653076 9.38747978210449 19.4958553314209 1.70539057254791 1.89444088935852 9.35022354125977 2.0491828918457 1.31669056415558 0.144473969936371 1.2345118522644 10.5987815856934 4.92547225952148 18.1750049591064 13.206995010376 16.1007022857666 12.3908338546753
17.4009056091309 4.83386087417603 12.0202188491821 16.0075759887695 11.2691297531128 8.05592918395996 5.93889236450195 5.20394277572632 7.00889158248901 5.96011304855347 2.37915825843811 5.30504369735718 21.4035129547119 15.1849250793457 13.5340356826782 24.6920471191406 34.6879196166992 21.1360054016113 4.38381814956665 -1.70588541030884 -0.773036479949951 2.46727275848389 2.68821978569031 12.0307741165161 26.5296478271484 4.98085117340088 10.9098329544067 21.1603584289551 5.8033299446106 6.23599290847778 5.57847309112549 3.27123713493347 2.74239778518677 0.929627358913422 0.772816598415375 11.1074390411377 2.46529388427734 2.00657343864441 1.89753234386444 3.03831171989441 0.717763781547546 0.944732427597046 1.10936486721039 0.892560601234436 1.47826409339905
19.0492191314697 19.1622753143311 16.2487125396729 14.7716617584229 9.2588415145874 10.9663963317871 6.55910301208496 4.12084770202637 2.5658221244812 8.79756355285645 2.83898019790649 1.71961808204651 5.00857639312744 8.02670478820801 1.49500632286072 3.82319974899292 31.1342868804932 18.6394290924072 1.07831203937531 5.84824514389038 8.53607845306396 6.2178201675415 7.29537725448608 -0.582695543766022 13.7041797637939 10.8820142745972 5.05918455123901 10.0587816238403 21.7346134185791 7.19114828109741 4.53474044799805 12.0727233886719 3.15505695343018 0.820263981819153 8.35400867462158 2.98704719543457 8.32435321807861 7.74763679504395 4.76503467559814 1.24190258979797 1.12316405773163 4.08895397186279 4.00653171539307 1.80465853214264 1.81964159011841
12.7985057830811 4.53326034545898 11.7330770492554 12.9047746658325 14.1507091522217 19.8918113708496 15.2268371582031 5.59933090209961 2.7220721244812 2.9480185508728 4.50333023071289 6.45753288269043 9.80533885955811 11.8065662384033 12.5439786911011 2.57705044746399 24.9084720611572 21.365047454834 -0.786693334579468 0.708117306232452 4.65441846847534 -0.816675245761871 1.89465057849884 8.41971206665039 20.5941581726074 10.3749322891235 17.7676906585693 14.1800622940063 12.2483720779419 4.83935499191284 2.78432512283325 4.90352201461792 2.70013833045959 1.04580497741699 5.22178316116333 9.53489398956299 16.4827518463135 13.1149044036865 7.13430547714233 4.80698585510254 5.45282745361328 5.54027271270752 2.43117356300354 4.49020862579346 6.46943473815918
20.0201091766357 18.7516536712646 24.1655673980713 11.9170036315918 9.46435546875 5.46812582015991 6.67655038833618 9.1540470123291 4.31312799453735 3.92777609825134 2.40098237991333 2.41821336746216 0.696572601795197 0.622048437595367 6.43067312240601 5.18935441970825 11.9344530105591 29.4370536804199 10.560173034668 -1.25847470760345 8.23980617523193 -0.711404740810394 -0.469088673591614 18.3837413787842 15.8543548583984 15.2992067337036 8.08066177368164 27.959680557251 16.4517631530762 17.4702892303467 13.2350082397461 10.5344228744507 24.6139125823975 21.8313121795654 13.4017572402954 26.1586284637451 27.9598789215088 18.938777923584 7.87358999252319 4.86837530136108 5.59262180328369 3.57572960853577 2.53587555885315 2.32163596153259 2.80043315887451
6.39832305908203 14.7314682006836 8.67197895050049 11.7318992614746 12.0089311599731 8.99326419830322 5.98441457748413 7.56709814071655 4.17521715164185 3.68771481513977 3.33589434623718 1.41966271400452 4.69385862350464 0.868247270584106 13.412880897522 25.0250205993652 7.3714919090271 22.9440956115723 11.7091999053955 -0.76572859287262 3.46711826324463 -0.424471765756607 2.19023251533508 0.384818702936172 3.8205873966217 14.0921802520752 0.233560770750046 13.620267868042 11.9947090148926 24.4626121520996 14.6004438400269 6.40482711791992 19.6431198120117 32.8216323852539 26.7795886993408 38.1728363037109 40.4291954040527 21.6644611358643 10.1865501403809 8.07909297943115 8.6206750869751 3.22428631782532 2.94416046142578 4.65127086639404 12.3576278686523
4.11198997497559 5.92457389831543 23.2738399505615 21.6361198425293 13.9790191650391 12.822491645813 9.37750339508057 4.96860790252686 20.3637866973877 2.12235593795776 2.97232913970947 2.6147723197937 8.3056697845459 0.177448108792305 -1.22244203090668 4.28354454040527 7.43428039550781 -1.22895383834839 -0.730295479297638 -0.533711314201355 0.29425972700119 -0.415300190448761 -0.284991174936295 -0.14183047413826 0.107949428260326 13.6376161575317 0.424045294523239 4.60801410675049 7.85195779800415 22.9951992034912 14.0743980407715 10.3867559432983 2.88136339187622 30.8647232055664 1.26040315628052 0.966893970966339 26.1407604217529 30.4752826690674 17.0746173858643 12.2762279510498 4.23227214813232 3.13304257392883 2.40643763542175 2.15945243835449 6.78316450119019
12.4242563247681 5.21737051010132 17.2154197692871 18.4034748077393 18.7600593566895 10.771466255188 9.00118637084961 4.59379196166992 5.54901504516602 5.15632104873657 2.39516544342041 4.99985790252686 1.75153887271881 5.6646556854248 -2.13669013977051 -0.212371125817299 -0.19508284330368 2.34684562683105 -0.1272162348032 -0.286642909049988 0.162130862474442 0.139380872249603 0.457107126712799 1.92462110519409 0.208951964974403 0.342872709035873 0.636922597885132 3.47817420959473 8.05502033233643 19.9750003814697 12.9740390777588 5.12162923812866 2.33804655075073 0.699653208255768 0.606144845485687 3.79109406471252 14.3342094421387 26.2027130126953 22.3440895080566 14.2371854782104 3.71000075340271 3.66162633895874 2.595858335495 5.2261962890625 13.8878784179688
5.74082279205322 4.390305519104 11.1375293731689 10.7623462677002 20.1730785369873 12.082540512085 10.2322998046875 8.84178447723389 7.06116247177124 3.80140399932861 0.893104195594788 12.81884765625 4.3758339881897 7.76314973831177 1.34557771682739 15.2690525054932 31.4908962249756 2.23299527168274 0.464596003293991 0.407787293195724 0.635810017585754 10.2337770462036 13.1805953979492 4.06017637252808 1.10280585289001 1.05339288711548 0.808580100536346 0.54567152261734 3.04109859466553 10.0435962677002 4.67211198806763 3.81685853004456 0.650169312953949 1.06790947914124 13.0285778045654 8.99412631988525 20.6107444763184 33.9648246765137 23.3762245178223 10.6319055557251 7.57879257202148 3.73313760757446 3.62880659103394 2.17096161842346 7.0156626701355
