slauniainen/Data/DEM/Vihti_dem1500b_cl_horizonAngle_348.asc
NCOLS 196 
NROWS 178 
XLLCORNER 353680 
YLLCORNER 6699024 
CELLSIZE 16 
NODATA_value -3.4e+38 
[rows 40 to 59 of 178, columns 135 to 179 of 196]
-0.621094405651093 -0.58551824092865 -0.549179077148438 -0.495271474123001 -0.430230617523193 -0.307976543903351 0.21920257806778 0.441937893629074 0.54770439863205 0.55278468132019 0.498615920543671 0.353337287902832 0.393020629882812 0.447257220745087 0.593980729579926 0.723152875900269 0.747203171253204 0.716796576976776 0.723077714443207 0.686907649040222 0.590625166893005 0.473704010248184 0.40549573302269 0.383641928434372 0.384759962558746 0.394612669944763 0.392972767353058 0.351995468139648 0.27108559012413 0.158352866768837 0.127360194921494 0.108665086328983 0.207927018404007 0.313814580440521 0.383859783411026 0.503737807273865 0.560948312282562 0.514552235603333 0.469719082117081 0.44236022233963 0.428802371025085 0.434494942426682 0.449648201465607 0.473876655101776 0.516688168048859
-0.717351615428925 -0.689650774002075 -0.66928893327713 -0.618065476417542 -0.523703455924988 -0.46355077624321 0.0622569695115089 0.264069944620132 0.378861576318741 0.434532821178436 0.46831402182579 0.402975171804428 0.308438777923584 0.377670645713806 0.534831881523132 0.645498692989349 0.653640151023865 0.608123481273651 0.590889573097229 0.564881026744843 0.505464732646942 0.424324423074722 0.381145596504211 0.368755698204041 0.373935163021088 0.382065415382385 0.381767243146896 0.340106397867203 0.28105103969574 0.164469838142395 0.0790578350424767 0.10917241871357 0.116131782531738 0.209121987223625 0.341085195541382 0.49108213186264 0.545790314674377 0.527010500431061 0.481950879096985 0.445368051528931 0.431996703147888 0.416954129934311 0.420285582542419 0.435868620872498 0.482076466083527
-0.811573624610901 -0.788458049297333 -0.786517083644867 -0.724113941192627 -0.63156396150589 -0.649160146713257 -0.331520885229111 -0.0167366415262222 0.17945371568203 0.303162902593613 0.312757223844528 0.257768660783768 0.177813455462456 0.251620441675186 0.405539989471436 0.478021830320358 0.487498879432678 0.455752313137054 0.450050055980682 0.447990208864212 0.411723792552948 0.371557116508484 0.345631778240204 0.345455467700958 0.354644954204559 0.353804975748062 0.3542240858078 0.357244908809662 0.321076512336731 0.249955683946609 0.288190573453903 0.093148447573185 0.189072608947754 0.154513716697693 0.272598952054977 0.382049798965454 0.490112036466599 0.536322355270386 0.492311507463455 0.448316097259521 0.424009919166565 0.401326894760132 0.390059769153595 0.396399170160294 0.435429006814957
-0.931299328804016 -0.917762458324432 -0.893270671367645 -0.795893847942352 -0.84698873758316 -0.81327348947525 -0.697592914104462 -0.204542577266693 -0.0394821278750896 0.0540323853492737 0.0988589152693748 0.0801172181963921 0.012715058401227 0.0642385184764862 0.127917587757111 0.225008055567741 0.265654861927032 0.274537175893784 0.32037952542305 0.356763809919357 0.36953341960907 0.359322875738144 0.317700147628784 0.307376563549042 0.326509147882462 0.335456311702728 0.348875969648361 0.349609464406967 0.306837439537048 0.236516192555428 0.142679020762444 0.102848879992962 0.110457681119442 0.241964846849442 0.200880795717239 0.338206619024277 0.465946644544601 0.521550476551056 0.48268261551857 0.441741079092026 0.410867363214493 0.3807333111763 0.368543773889542 0.364046216011047 0.376528382301331
-1.04651439189911 -1.04690635204315 -1.00791656970978 -0.911648035049438 -0.992750287055969 -0.930261313915253 -0.856463253498077 -0.423229306936264 -0.280939221382141 -0.208568245172501 -0.150193601846695 -0.148346930742264 -0.221408635377884 -0.149354577064514 -0.12001445889473 -0.0249335952103138 0.0535448789596558 0.105430297553539 0.176301702857018 0.228027164936066 0.287592858076096 0.277330160140991 0.216774508357048 0.20107227563858 0.253867238759995 0.30159118771553 0.328045815229416 0.333221226930618 0.302050411701202 0.2308459430933 0.130216687917709 0.0506085120141506 0.048419151455164 0.0948575809597969 0.124424993991852 0.234177812933922 0.333710312843323 0.438527137041092 0.403708338737488 0.421977549791336 0.402688384056091 0.373341530561447 0.365227907896042 0.357412219047546 0.360010176897049
-1.1437623500824 -1.14333999156952 -1.10231482982635 -1.04671227931976 -1.06720638275146 -1.03544688224792 -1.01485192775726 -0.673259437084198 -0.513952195644379 -0.441890388727188 -0.36960506439209 -0.308882474899292 -0.331813871860504 -0.371659517288208 -0.311359107494354 -0.203072056174278 -0.107724338769913 -0.0393975451588631 0.0289897862821817 0.0526837892830372 0.0920043289661407 0.0924638360738754 0.0449635796248913 0.0233790073543787 0.0888370648026466 0.187428176403046 0.241472825407982 0.285951375961304 0.28054478764534 0.219749286770821 0.114213667809963 0.0377011895179749 0.0182818416506052 0.00911796372383833 0.0522629432380199 0.131785556674004 0.209157392382622 0.298783630132675 0.34093514084816 0.371705383062363 0.383923470973969 0.357334166765213 0.350522249937057 0.347843080759048 0.341585427522659
-1.24447584152222 -1.21693003177643 -1.19167518615723 -1.16402912139893 -1.1721339225769 -1.15192198753357 -1.139573097229 -1.01158487796783 -0.832585453987122 -0.676413178443909 -0.564903318881989 -0.542569756507874 -0.567320764064789 -0.597696185112 -0.514982521533966 -0.373556673526764 -0.252068400382996 -0.186869099736214 -0.147229194641113 -0.144526615738869 -0.109152279794216 -0.141307562589645 -0.211270049214363 -0.221068918704987 -0.173127010464668 -0.0806606486439705 -0.0159333981573582 0.104186564683914 0.127120181918144 0.115030653774738 0.0402449816465378 0.014532963745296 0.00165724079124629 -0.0164507608860731 -0.0172739569097757 0.0439116582274437 0.109347812831402 0.191629156470299 0.244581401348114 0.29639196395874 0.323791772127151 0.332452684640884 0.337722033262253 0.318631827831268 0.304683238267899
-1.29371798038483 -1.27336764335632 -1.27366256713867 -1.24804770946503 -1.25612699985504 -1.25067472457886 -1.2509241104126 -1.27546036243439 -0.979938268661499 -0.867144346237183 -0.799084007740021 -0.761878490447998 -0.793600916862488 -0.855371356010437 -0.709131121635437 -0.562687873840332 -0.421342968940735 -0.35692310333252 -0.33147269487381 -0.337468802928925 -0.359398990869522 -0.468363434076309 -0.553136885166168 -0.559451878070831 -0.514656484127045 -0.475788146257401 -0.377541601657867 -0.222546026110649 -0.140894964337349 -0.13313664495945 -0.191634222865105 -0.0985805541276932 -0.0255879517644644 -0.0174233242869377 -0.0460503362119198 -0.0322478897869587 0.01056541595608 0.0765712931752205 0.149818822741508 0.198802500963211 0.237092390656471 0.268949061632156 0.274085283279419 0.274470329284668 0.286890029907227
-1.32052206993103 -1.33367037773132 -1.32160305976868 -1.31126654148102 -1.32662868499756 -1.33929896354675 -1.34901082515717 -1.37822449207306 -1.0482679605484 -0.936767041683197 -0.930459380149841 -0.933846354484558 -0.976736783981323 -1.00261378288269 -0.872990489006042 -0.817766070365906 -0.695487439632416 -0.618889510631561 -0.600906372070312 -0.625752091407776 -0.70885157585144 -0.764464497566223 -0.834118187427521 -0.907845914363861 -0.916618168354034 -0.940571546554565 -0.835508227348328 -0.644670069217682 -0.538206338882446 -0.549179911613464 -0.428268164396286 -0.29667928814888 -0.12138968706131 -0.0362115651369095 -0.0865715965628624 -0.1031474173069 -0.0640088245272636 -0.0207901522517204 0.0415939353406429 0.106469169259071 0.176828324794769 0.211309969425201 0.224774166941643 0.252334475517273 0.251882374286652
-1.38288187980652 -1.37698781490326 -1.37009584903717 -1.37274658679962 -1.39313566684723 -1.41257965564728 -1.43536412715912 -1.45160388946533 -1.11717176437378 -1.02406406402588 -1.03682148456573 -1.08291721343994 -1.13186991214752 -1.19797945022583 -1.14518189430237 -1.082559466362 -0.985818028450012 -0.903319418430328 -0.922976315021515 -1.05645847320557 -1.20833885669708 -1.24724173545837 -1.28456711769104 -1.38046896457672 -1.4144469499588 -1.55806529521942 -1.59999048709869 -1.16191458702087 -0.96339339017868 -0.807493805885315 -0.625708103179932 -0.502432465553284 -0.286422282457352 -0.127492383122444 -0.160524070262909 -0.174986526370049 -0.128643482923508 -0.0913094580173492 -0.0729517936706543 -0.0148784639313817 0.107143275439739 0.155772835016251 0.178993970155716 0.204389691352844 0.221618130803108
-1.43046879768372 -1.41879343986511 -1.4187422990799 -1.41848719120026 -1.45158219337463 -1.47569811344147 -1.49795067310333 -1.47583377361298 -1.15378844738007 -1.08020961284637 -1.08837866783142 -1.13005614280701 -1.23358917236328 -1.41582870483398 -1.49818933010101 -1.4470077753067 -1.37913918495178 -1.30866348743439 -1.39230072498322 -1.61052179336548 -1.84521913528442 -2.0207371711731 -2.04086637496948 -2.02479028701782 -2.1236035823822 -2.2042510509491 -1.83348476886749 -1.53173112869263 -1.3183970451355 -1.04800808429718 -0.838188409805298 -0.657801389694214 -0.447141706943512 -0.269242167472839 -0.237836137413979 -0.259805023670197 -0.210593730211258 -0.186976790428162 -0.254573792219162 -0.363653033971786 -0.233239933848381 -0.0652688145637512 0.0942979007959366 0.159828156232834 0.173894271254539
-1.47147059440613 -1.44927179813385 -1.4519020318985 -1.46598446369171 -1.49210321903229 -1.52364444732666 -1.54449284076691 -1.56334364414215 -1.36693263053894 -1.20262813568115 -1.14158344268799 -1.19611048698425 -1.36255550384521 -1.60857033729553 -1.79064118862152 -1.83744871616364 -1.84012722969055 -1.87586498260498 -2.02528405189514 -2.55798864364624 -3.05591058731079 -3.14554834365845 -3.03991794586182 -2.81267929077148 -2.95163035392761 -3.09919285774231 -2.71785449981689 -2.12709975242615 -1.69341838359833 -1.34747505187988 -1.02517008781433 -0.76683121919632 -0.546559512615204 -0.409840852022171 -0.333593100309372 -0.339381843805313 -0.37012392282486 -0.401453107595444 -0.493479400873184 -0.593599379062653 -0.599027872085571 -0.341780424118042 -0.0119188474491239 0.114203497767448 0.133670598268509
-0.421114563941956 -0.895678997039795 -1.47433662414551 -1.49314546585083 -1.51975929737091 -1.55757904052734 -1.58688127994537 -1.6102546453476 -1.52091026306152 -1.21909034252167 -1.14641964435577 -1.20129096508026 -1.41141903400421 -1.77041757106781 -2.00984835624695 -2.1167299747467 -2.19524812698364 -2.38498854637146 -2.73683834075928 -3.56605267524719 -3.69122982025146 -3.64405751228333 -3.5193829536438 -3.39279651641846 -3.36704421043396 -3.39358353614807 -3.30603337287903 -2.79648566246033 -2.12962746620178 -1.48253560066223 -1.1511173248291 -0.900465309619904 -0.658676147460938 -0.541027307510376 -0.450317621231079 -0.476846218109131 -0.636276304721832 -0.7114098072052 -0.736464321613312 -0.811505138874054 -0.720848083496094 -0.51926600933075 -0.160392567515373 0.0608959943056107 0.1030438169837
0.0519913844764233 -0.649987578392029 -1.08666205406189 -1.29741847515106 -1.43510508537292 -1.46007394790649 -1.17454600334167 -0.996710896492004 -1.11644434928894 -1.14608943462372 -1.21277844905853 -0.987670481204987 -0.378496259450912 1.80423986911774 0.035271093249321 -1.55517983436584 -2.41167378425598 -2.66521000862122 -3.21925187110901 -1.56470775604248 -4.02513599395752 -4.03551769256592 -3.96071696281433 -3.78747653961182 -3.70602679252625 -3.66076517105103 -3.53882646560669 -3.16331195831299 -2.45531940460205 -1.66777372360229 -0.626115798950195 -0.825299441814423 -0.795585989952087 -0.681291103363037 -0.575051963329315 -0.649878263473511 -0.81448096036911 -0.95177286863327 -0.99898099899292 -0.986178338527679 -0.81114250421524 -0.61087840795517 -0.254385769367218 0.0255712699145079 0.0586586557328701
0.0954068154096603 -0.469408214092255 -0.963730752468109 -1.33591365814209 -1.1728937625885 -0.670229554176331 -0.794996678829193 -1.01764583587646 -0.687767028808594 -0.147422477602959 -0.554853558540344 -0.670871496200562 1.26369428634644 2.50849056243896 2.73774933815002 0.030380679294467 -1.40042889118195 -2.7935631275177 -3.37009906768799 4.32405185699463 2.81379532814026 -3.44922542572021 -4.19257354736328 -4.09583520889282 -3.94763445854187 -3.28461408615112 -0.0742304548621178 -3.35391807556152 -2.80335450172424 -0.815754652023315 1.27722406387329 -0.702431917190552 -0.991345584392548 -0.861370384693146 -0.735284626483917 -0.845782101154327 -0.978749692440033 -1.07132136821747 -1.13940513134003 -1.12811374664307 -0.933679103851318 -0.723123133182526 0.336015403270721 -0.0886854082345963 0.025963893160224
0.020436929538846 -0.586108386516571 -1.05043363571167 -0.786515176296234 -0.71318519115448 -0.839233636856079 -0.740037143230438 -0.41901096701622 0.0541770458221436 -0.263739049434662 -0.517290830612183 -0.0128953969106078 1.09913623332977 2.16087317466736 1.97775602340698 0.817299664020538 0.77086329460144 -0.311863362789154 5.61118793487549 4.1614727973938 5.91039133071899 3.24580836296082 2.20435261726379 3.50981736183167 5.37453842163086 6.34235382080078 5.55936431884766 2.48183393478394 -0.295721620321274 -1.34630870819092 -1.26069593429565 -1.36847019195557 -1.19714891910553 -1.00595211982727 -0.928144097328186 -1.06376397609711 -1.10766971111298 -1.21923398971558 -1.35099220275879 -1.34994757175446 -1.28133690357208 -1.11579573154449 -0.642995297908783 -0.277313828468323 -0.0397544428706169
-0.0281699001789093 -0.215573415160179 -0.385531038045883 -0.701698541641235 -0.803396165370941 -0.713840782642365 -0.515228271484375 -0.492123514413834 -0.183649495244026 -0.524420917034149 -0.735885083675385 -0.396554440259933 0.492464989423752 1.23697364330292 2.21810173988342 1.83322536945343 0.770658433437347 3.24567198753357 5.22910594940186 7.01370239257812 6.72889471054077 7.23770141601562 7.80447626113892 7.34436416625977 10.2229375839233 11.4471426010132 11.639331817627 11.116602897644 7.4510293006897 0.901630103588104 -1.92377126216888 -1.57317626476288 -1.38426411151886 -1.12451159954071 -1.11901926994324 -1.25838625431061 -1.32793784141541 -1.46647620201111 -1.59917104244232 -1.79357647895813 -1.98797619342804 -1.7867146730423 -1.36161208152771 -0.877430558204651 -0.384484648704529
-0.0569163300096989 0.010395547375083 -0.145919844508171 -0.419680297374725 -0.501896798610687 -0.520446121692657 -0.574734330177307 -0.415896564722061 -0.813184916973114 -0.905710637569427 -0.97895735502243 -1.30357623100281 -0.622437953948975 0.517475187778473 1.20586943626404 1.4280743598938 3.08314609527588 4.10017061233521 6.1244478225708 9.22296047210693 9.93076229095459 10.7202053070068 10.1835327148438 10.4722862243652 9.74065589904785 10.081615447998 10.2234888076782 10.7048864364624 10.1541662216187 6.79358959197998 -0.295397639274597 -1.72272002696991 -1.50169086456299 -1.21979224681854 -1.29665207862854 -1.47801887989044 -1.56378066539764 -1.72807669639587 -1.90838325023651 -2.24638748168945 -2.4675452709198 -2.23102211952209 -1.8685337305069 -1.55572116374969 -1.19118618965149
0.0388501100242138 -0.0161124151200056 -0.186279088258743 -0.410227805376053 -0.585777580738068 -0.523307740688324 -0.560003042221069 -0.524209201335907 -0.869997084140778 -1.01871073246002 -1.0618234872818 -1.59663200378418 -0.85511714220047 -0.120429717004299 0.632722973823547 0.0521279908716679 1.47941792011261 2.04624652862549 6.10009717941284 8.30241012573242 9.00832176208496 11.3222942352295 10.9415168762207 9.9956750869751 10.3010196685791 9.95684909820557 10.2096824645996 10.7087812423706 10.9274387359619 10.7815828323364 5.74705934524536 -0.645142138004303 0.440565824508667 -1.33257174491882 -1.55394768714905 -1.6469749212265 -1.74208450317383 -1.93821108341217 -2.24530673027039 -2.61579871177673 -2.79136729240417 -2.55367851257324 -2.16420888900757 -1.74757552146912 -1.39700388908386
-0.0946808382868767 -0.218797221779823 -0.308318585157394 -0.476620107889175 -0.608314752578735 -0.472433477640152 -0.707831144332886 -0.841018795967102 -0.918123543262482 -1.02271258831024 -1.13267731666565 -0.520022690296173 -0.290635704994202 -0.0265694335103035 0.290515869855881 -0.346094012260437 -0.953501999378204 3.34794950485229 6.55085372924805 4.97463369369507 5.72662830352783 8.81047821044922 8.55840587615967 8.78789806365967 9.70130634307861 8.8070011138916 8.04852962493896 8.52025508880615 9.28021717071533 9.33706665039062 7.3498797416687 1.78098571300507 -0.505639970302582 -1.50467896461487 -1.72213184833527 -1.78563690185547 -1.86671364307404 -2.07569909095764 -2.440181016922 -2.74065113067627 -2.87053561210632 -2.74745535850525 -2.32870030403137 -1.84024381637573 6.63924312591553
