slauniainen/Data/DEM/Vihti_dsm1500b_cl_horizonAngle_318.asc
NCOLS 196 
NROWS 178 
XLLCORNER 353680 
YLLCORNER 6699024 
CELLSIZE 16 
NODATA_value -3.4e+38 
[rows 80 to 99 of 178, columns 135 to 179 of 196]
13.7559976577759 16.0556945800781 24.1782741546631 14.9730348587036 4.40085744857788 20.3971500396729 -0.00955136306583881 -2.79171967506409 -0.24800281226635 4.52433776855469 1.28096747398376 -1.36076724529266 4.44907665252686 5.39870166778564 5.866858959198 0.118246972560883 0.975140452384949 3.26573157310486 6.31208753585815 9.49706077575684 6.00662279129028 7.76316118240356 10.4696626663208 13.3563613891602 16.081205368042 23.3307132720947 22.0186557769775 25.5578269958496 27.537223815918 17.4480991363525 15.6364450454712 13.7297801971436 12.7995615005493 11.2907066345215 4.82096576690674 5.03274297714233 7.53247737884521 10.328031539917 10.7651786804199 14.7868986129761 14.2895631790161 16.1391334533691 15.0197525024414 14.7913055419922 15.1752643585205
15.9275417327881 34.5589447021484 41.1981544494629 17.0306568145752 24.7131614685059 5.14406251907349 1.48006904125214 1.72616291046143 1.10805547237396 6.00240898132324 11.0212726593018 5.60117721557617 -2.80965614318848 -1.15738570690155 -0.0205821339040995 3.69822096824646 13.6807899475098 17.6801013946533 8.07754516601562 6.02054023742676 5.02941036224365 6.44216966629028 29.4361171722412 31.3341197967529 44.3988265991211 42.8475303649902 11.5539789199829 29.6558628082275 19.9150505065918 17.2153854370117 14.8002004623413 13.0473203659058 12.6287641525269 11.7295656204224 10.4931526184082 4.76690292358398 4.90580224990845 7.19114017486572 9.73242092132568 9.70431327819824 13.5500106811523 15.1578140258789 14.0266208648682 13.6417284011841 13.5845422744751
32.1544303894043 33.3051261901855 31.8924140930176 28.2083358764648 26.0355606079102 6.8537073135376 3.76504802703857 1.01615476608276 -0.264203935861588 0.834628224372864 8.77837944030762 9.61585712432861 1.19497084617615 3.04923176765442 10.9632081985474 20.6684818267822 9.96903324127197 12.3183736801147 9.4053430557251 4.66975784301758 12.6666421890259 21.5128879547119 51.1641540527344 40.8307228088379 30.1250972747803 27.7081928253174 27.4398555755615 37.2849922180176 20.1953582763672 17.1769161224365 14.7582664489746 13.2683172225952 12.0135545730591 11.6392488479614 10.8455266952515 9.82901191711426 4.64898443222046 4.76087951660156 6.86873531341553 9.17516899108887 8.80877876281738 11.8083944320679 13.2816944122314 12.5266571044922 12.3044166564941
32.3930358886719 31.4774265289307 27.4532260894775 23.2446765899658 20.4303169250488 11.5865144729614 5.70552349090576 6.55062103271484 3.82665729522705 2.51064109802246 11.9410858154297 11.5453071594238 10.6904525756836 14.2073192596436 16.6441993713379 13.4317874908447 15.4072265625 9.89558696746826 9.18126201629639 11.2436923980713 28.2924346923828 31.5247802734375 43.9841690063477 35.6941986083984 26.9068164825439 22.853494644165 21.8730278015137 17.1383113861084 26.9398899078369 17.4028244018555 13.8239765167236 13.381706237793 12.073805809021 11.1090478897095 10.7721815109253 10.0946779251099 9.22892093658447 4.50668716430664 4.62142133712769 6.55134010314941 8.64597034454346 8.31096458435059 10.6753883361816 12.0796356201172 11.5065851211548
12.7735652923584 31.1095352172852 22.8584060668945 19.9549045562744 18.4805278778076 16.1175327301025 7.75088787078857 4.11564159393311 8.19139766693115 9.69064807891846 18.33056640625 12.921088218689 7.14364910125732 8.88554668426514 10.7643728256226 11.1922597885132 11.1026468276978 11.9943647384644 12.7729969024658 13.384259223938 38.5697975158691 37.1217613220215 36.5378379821777 32.8862113952637 27.4434795379639 22.7241020202637 15.2906847000122 18.4806575775146 19.2584705352783 20.2653484344482 14.2927322387695 12.2980213165283 12.1720199584961 11.0983648300171 10.3351755142212 10.0790033340454 9.46719646453857 8.68223857879639 4.33309412002563 4.43923854827881 6.50227880477905 8.19010925292969 7.9177827835083 9.85585403442383 11.1946649551392
42.0040397644043 40.5802726745605 7.11959886550903 11.8719968795776 15.7894887924194 15.3454666137695 9.89433670043945 6.50123167037964 3.90500831604004 3.58602499961853 9.0045804977417 10.4294948577881 8.75863361358643 9.31259822845459 7.43471622467041 8.31210231781006 8.55736827850342 17.7556266784668 26.1989593505859 26.0122146606445 43.22119140625 32.4867553710938 31.6586322784424 23.408182144165 25.0695018768311 22.1440334320068 19.6920909881592 23.7706832885742 16.2198638916016 15.29469871521 16.5179138183594 12.8506212234497 11.2018671035767 11.2046165466309 10.352165222168 9.75056457519531 9.51148986816406 8.88436031341553 8.16630458831787 4.17288970947266 4.32673740386963 6.21540069580078 7.8039402961731 7.55803823471069 9.20546722412109
39.8690528869629 8.20297431945801 7.631432056427 12.4593315124512 31.5084495544434 14.2203979492188 14.087194442749 8.74199295043945 6.166175365448 8.8524284362793 9.55799102783203 8.7516393661499 8.84570598602295 6.46515321731567 7.74923467636108 4.01578950881958 8.08011722564697 19.5830535888672 26.188325881958 19.7255268096924 37.1293487548828 33.1230163574219 27.0928802490234 24.8896160125732 22.5343780517578 20.9719524383545 19.6715202331543 16.0682983398438 15.3897523880005 14.6583700180054 13.8642539978027 14.09055519104 11.8349304199219 10.459810256958 10.5269317626953 9.80691146850586 9.29203987121582 9.00509834289551 8.37633991241455 7.73373365402222 4.0106897354126 5.80493879318237 7.60101413726807 7.37586355209351 6.55462074279785
12.822826385498 7.77405691146851 8.9176197052002 21.1420288085938 20.05251121521 18.4266300201416 12.9653644561768 12.7185316085815 18.5297431945801 30.8944072723389 13.1539440155029 11.3510589599609 8.73013401031494 8.60141372680664 20.5182075500488 7.67520952224731 48.3249969482422 43.0553932189941 38.5941352844238 18.8684310913086 31.2480487823486 23.730770111084 24.7311420440674 17.9195098876953 21.4300537109375 19.7444534301758 18.6312942504883 16.8069858551025 14.6477680206299 13.7545356750488 13.4972944259644 13.5629482269287 12.1925487518311 11.1533288955688 9.97886753082275 10.0591220855713 9.40261173248291 8.87243747711182 8.52216720581055 7.8862829208374 7.29968023300171 3.95999979972839 5.50888824462891 7.16783809661865 6.9566125869751
30.1525859832764 12.6290607452393 28.5872478485107 9.10727882385254 12.8203096389771 15.2125806808472 10.709716796875 12.3447332382202 12.7887229919434 12.1194791793823 24.0154056549072 22.0349025726318 11.7603397369385 22.4976615905762 23.7307319641113 14.5595378875732 42.2254219055176 31.7106151580811 26.8237819671631 23.3998966217041 19.8579273223877 19.098747253418 18.7168140411377 18.9206981658936 22.9970817565918 18.5267715454102 17.8786754608154 16.8426895141602 15.4299392700195 13.5474853515625 12.9474143981934 12.6385974884033 12.3782367706299 11.5736446380615 10.6900358200073 9.56564617156982 9.61919212341309 8.94708824157715 8.36885166168213 8.01575469970703 7.40354776382446 5.67277383804321 3.74264574050903 5.204505443573 6.75305509567261
31.6662864685059 25.0020618438721 12.2119941711426 23.0090103149414 22.8293170928955 25.6936531066895 30.8030567169189 25.6070461273193 11.9358882904053 12.3511590957642 17.9236698150635 18.511344909668 19.70827293396 25.2317008972168 23.781982421875 18.8658199310303 36.5011177062988 26.461669921875 23.9356632232666 20.3355293273926 18.0290336608887 15.6318998336792 7.54859209060669 10.1042776107788 17.613431930542 18.0752201080322 16.6598320007324 16.3338947296143 15.4020748138428 14.3082389831543 12.6147632598877 12.3135051727295 11.9028062820435 11.4991006851196 10.9336366653442 10.0795602798462 9.0388822555542 9.01291465759277 8.36787796020508 7.76992654800415 7.16990661621094 6.64687252044678 4.66095972061157 3.49848055839539 4.83328151702881
15.7014265060425 19.6884479522705 18.921911239624 9.24546241760254 11.1471939086914 26.2439956665039 21.5254898071289 19.5171051025391 16.8647022247314 11.6438360214233 12.0172939300537 19.7921257019043 28.1391639709473 26.7373428344727 21.7130966186523 10.6317853927612 15.9039735794067 21.4357414245605 19.8685665130615 19.6488971710205 16.3358306884766 9.87911701202393 13.8241682052612 27.535457611084 24.2844562530518 15.7870826721191 16.4784870147705 15.2146167755127 15.0725193023682 14.1878881454468 13.286096572876 11.7953290939331 11.7019824981689 11.0861692428589 10.7024526596069 10.1218461990356 9.32984066009521 8.37493228912354 8.39124488830566 7.62969017028809 7.29157733917236 6.71632623672485 6.21454286575317 3.266770362854 3.0755352973938
10.9024171829224 11.2945432662964 15.6056289672852 16.0548152923584 33.851016998291 34.7109909057617 18.9112091064453 16.9554710388184 15.7028503417969 13.9198217391968 11.3113889694214 11.9514694213867 16.6994037628174 17.8021411895752 17.9951934814453 15.0664100646973 16.9197425842285 17.9729194641113 16.1202201843262 16.150426864624 11.8554954528809 7.10273551940918 27.1556854248047 12.3833980560303 29.1424369812012 24.4944667816162 14.4553346633911 15.1819591522217 14.0389709472656 14.0082359313965 13.2018728256226 12.4853277206421 11.0521802902222 10.9837141036987 10.2975463867188 9.89890956878662 9.2669563293457 8.56025791168213 8.09742069244385 7.57800197601318 7.17703819274902 6.84729623794556 6.27545690536499 3.52007222175598 0.261693447828293
8.2376127243042 10.3781814575195 10.7744102478027 13.7160997390747 14.3316974639893 21.493839263916 22.3446025848389 16.1569080352783 14.6569128036499 13.7018365859985 12.1541872024536 11.4504556655884 12.8271532058716 16.7226753234863 15.9546871185303 15.5052137374878 15.0519037246704 20.6649188995361 12.7997722625732 13.8978900909424 14.8123235702515 15.1551294326782 24.6867446899414 17.0408020019531 11.7951345443726 21.6439399719238 18.3078918457031 13.3283176422119 14.0992698669434 13.0884552001953 13.140851020813 12.3545818328857 11.6429758071899 10.2610139846802 10.2702322006226 9.60639476776123 9.08173370361328 8.40005111694336 7.87651920318604 7.57226705551147 7.12347459793091 6.76526546478271 6.42748928070068 4.47987842559814 2.04769802093506
9.89254474639893 8.16054821014404 10.0346603393555 11.6229162216187 14.1578311920166 12.6221675872803 16.9539489746094 17.5974998474121 14.3927021026611 13.5135803222656 12.303035736084 10.6896619796753 10.9192171096802 11.2404680252075 14.5027275085449 13.5841455459595 13.4182033538818 13.1823883056641 13.5804033279419 12.1369857788086 13.224494934082 11.6741180419922 10.3335809707642 23.7183780670166 13.003306388855 11.1703062057495 17.5465126037598 14.9740962982178 12.4607076644897 13.2693567276001 12.2684650421143 12.2077674865723 11.4031848907471 10.7793083190918 9.94726753234863 9.31175994873047 8.80365562438965 8.27395725250244 7.72683477401733 7.1609845161438 7.1295599937439 6.72526884078979 6.36878204345703 4.53839921951294 3.09623861312866
8.99285984039307 9.30837249755859 7.97529411315918 9.68125820159912 12.1739311218262 13.0034198760986 11.8741540908813 14.4893064498901 14.859094619751 12.6654491424561 12.5202960968018 10.4296264648438 10.1370706558228 10.3690729141235 9.9094877243042 12.6388273239136 11.7327556610107 11.6178331375122 11.6014356613159 11.8041305541992 11.8110809326172 11.5929136276245 17.6178512573242 11.6624002456665 17.2223033905029 10.8203907012939 10.6819047927856 15.1146440505981 13.0930423736572 11.7700157165527 12.3734340667725 11.4147815704346 11.3173580169678 10.5547943115234 10.0310153961182 9.36873435974121 8.73541736602783 8.24466609954834 7.52892637252808 7.33122396469116 6.82614612579346 6.82162475585938 6.37210035324097 5.31076526641846 10.4464693069458
7.56632614135742 8.39895439147949 8.81693458557129 7.69695091247559 9.25867176055908 11.1631650924683 12.0765781402588 11.1446533203125 13.0535697937012 13.0035133361816 11.7882585525513 11.5879926681519 9.89863681793213 9.58968544006348 9.89425277709961 8.99434375762939 11.3295831680298 10.6539077758789 10.5927209854126 10.4647188186646 10.5632734298706 10.7169322967529 10.3536901473999 11.2938575744629 9.58380603790283 13.859335899353 9.77371597290039 13.9051275253296 11.8603286743164 10.9065914154053 10.9481153488159 11.4922981262207 10.6571521759033 10.5559854507446 9.83111095428467 9.39119529724121 8.85190296173096 8.24288082122803 7.83805847167969 7.22219657897949 7.11837100982666 6.5699634552002 6.57338762283325 5.0865306854248 15.7084941864014
9.80376148223877 7.34915018081665 8.13083457946777 8.43820190429688 7.35071611404419 8.80862045288086 10.2115831375122 11.0836896896362 12.0814170837402 12.3241205215454 11.4094038009644 10.788646697998 10.6249799728394 9.41423606872559 9.17863750457764 9.46287822723389 8.43194198608398 10.3708972930908 9.85947608947754 9.7722282409668 9.49190330505371 9.56828308105469 9.76206111907959 9.35265064239502 10.3186645507812 8.80473804473877 11.8303146362305 9.37876319885254 12.5297994613647 10.7061700820923 10.3828496932983 10.2438688278198 10.7243347167969 9.97389888763428 9.87216186523438 9.20561790466309 8.40579795837402 8.42315864562988 7.8668384552002 7.55128955841064 6.95362424850464 6.85158157348633 6.36367750167847 5.06261014938354 25.5494365692139
9.49142074584961 6.61303520202637 7.17523813247681 7.8840913772583 8.06837749481201 7.6379919052124 8.54811382293701 9.22473335266113 10.0673274993896 10.4065313339233 10.7828130722046 10.219614982605 9.87406730651855 9.81465721130371 9.01026821136475 8.76453971862793 9.02742767333984 8.0697717666626 9.56007480621338 9.10199642181396 9.05846214294434 8.68294429779053 8.71208572387695 8.96813869476318 8.57217788696289 9.60054588317871 11.6252403259277 9.31286334991455 9.61368846893311 11.2520036697388 9.63177490234375 9.81539440155029 9.77052974700928 10.0356178283691 9.56489849090576 8.94045543670654 8.62775325775146 8.04453945159912 8.05296039581299 7.53611421585083 7.26041793823242 6.66798400878906 6.61949348449707 6.33209133148193 30.576530456543
8.19922637939453 8.96264743804932 6.47205352783203 7.03536748886108 7.64060592651367 7.68835115432739 7.29605531692505 8.08200359344482 8.8937349319458 9.17653369903564 9.18167209625244 9.818922996521 9.21597576141357 9.0826301574707 9.10038089752197 8.59396553039551 8.34381484985352 8.61901664733887 7.71466779708862 8.81552028656006 8.44077491760254 8.42835998535156 8.17049407958984 8.16055107116699 8.35182762145996 7.98541402816772 8.96344184875488 10.1704902648926 8.82222080230713 9.07166862487793 10.0459880828857 9.12071514129639 9.30263614654541 9.72720718383789 9.13149452209473 9.07185459136963 8.48537731170654 8.19626617431641 7.43471956253052 6.35643434524536 5.59952831268311 5.72556114196777 4.91595935821533 6.3513035774231 6.11005115509033
8.87150859832764 7.88299751281738 8.58679962158203 6.3987250328064 6.85889339447021 7.27189445495605 7.24661302566528 7.4942569732666 7.65024042129517 8.37761497497559 8.55455112457275 8.70085048675537 9.01555156707764 8.48986625671387 8.39870548248291 8.45928478240967 8.19843101501465 7.96954727172852 8.23789310455322 7.38428926467896 8.16695213317871 7.88823270797729 7.96784019470215 7.9936900138855 7.73703575134277 7.798264503479 7.48847961425781 8.32273483276367 8.95674228668213 8.37808418273926 8.62119770050049 9.11505031585693 8.6771993637085 8.84128570556641 9.20666217803955 8.56321716308594 8.35796642303467 7.10344934463501 6.30531549453735 5.82891130447388 5.03593683242798 4.80938863754272 4.48995923995972 3.98714756965637 6.06842470169067
