slauniainen/Data/DEM/Vihti_dem1500b_cl_horizonAngle_306.asc
NCOLS 196 
NROWS 178 
XLLCORNER 353680 
YLLCORNER 6699024 
CELLSIZE 16 
NODATA_value -3.4e+38 
[rows 40 to 59 of 178, columns 90 to 134 of 196]
3.09663033485413 2.8913893699646 2.86923146247864 2.88273334503174 2.87274813652039 2.90276885032654 2.96334481239319 2.98836350440979 2.95698761940002 2.9003963470459 2.75103974342346 2.61020064353943 2.47316861152649 2.41808581352234 2.3714075088501 2.35765624046326 2.36451101303101 2.27715802192688 2.27894401550293 2.18137216567993 2.02077722549438 1.80248832702637 1.6686338186264 1.62485420703888 1.60818421840668 1.57203531265259 1.44809699058533 1.34804701805115 1.20606899261475 1.08271324634552 0.963197290897369 0.774711549282074 0.617268204689026 0.502255439758301 0.490521520376205 0.499576896429062 0.433317244052887 0.383215188980103 0.322706818580627 0.215645492076874 0.184598565101624 0.0668989792466164 -0.0316579453647137 -0.0975966230034828 -0.174880176782608
3.09405446052551 2.89895749092102 2.71476578712463 2.63407969474792 2.64854907989502 2.69848012924194 2.7381603717804 2.80648612976074 2.84476208686829 2.79815483093262 2.77809238433838 2.64381742477417 2.61254692077637 2.47191023826599 2.32182669639587 2.28018593788147 2.27727031707764 2.2801079750061 2.23259902000427 2.04013228416443 1.90863871574402 1.81011784076691 1.66275000572205 1.51908135414124 1.34453296661377 1.23589408397675 1.10804975032806 1.01143658161163 0.871862411499023 0.740675687789917 0.615227520465851 0.474958181381226 0.342129528522491 0.315868109464645 0.815266370773315 0.344656527042389 0.258693069219589 0.215251043438911 0.158834278583527 0.108001545071602 0.0146047929301858 -0.0461521781980991 -0.0784988701343536 -0.123515874147415 -0.192946627736092
3.06128835678101 2.89308094978333 2.74026775360107 2.53030753135681 2.46525526046753 2.49272131919861 2.54393339157104 2.58862924575806 2.6121928691864 2.6315484046936 2.68010401725769 2.66475772857666 2.62995362281799 2.50678825378418 2.37002158164978 2.23172426223755 2.19731426239014 2.17526745796204 2.12023448944092 1.97475898265839 1.76200652122498 1.70160150527954 1.5403778553009 1.43467009067535 1.1130702495575 0.960126161575317 0.873169362545013 0.731825172901154 0.551969707012177 0.404285728931427 0.291525542736053 0.215730577707291 0.186845764517784 0.199654653668404 1.62428176403046 0.194250389933586 0.115471042692661 0.0643953457474709 -0.0112233916297555 -0.044281180948019 -0.123809322714806 -0.157268330454826 -0.140487030148506 -0.175826221704483 -0.206753954291344
2.97878837585449 2.87215185165405 2.73228716850281 2.51003074645996 2.2976450920105 2.31376385688782 2.30839824676514 2.34228324890137 2.37028121948242 2.43461847305298 2.52004170417786 2.56385469436646 2.54064869880676 2.52792930603027 2.4084951877594 2.26988172531128 2.12007093429565 2.06529450416565 1.99003577232361 1.85800564289093 1.60078179836273 1.45723450183868 1.27938365936279 1.14037299156189 0.912652194499969 0.735273718833923 0.595983982086182 0.430806219577789 0.241969004273415 0.15839584171772 0.109481550753117 0.098807193338871 0.0937090590596199 0.27869525551796 1.79754626750946 0.07937952876091 -0.0204588640481234 -0.0963643416762352 -0.161963582038879 -0.256184279918671 -0.295892536640167 -0.300046533346176 -0.235254362225533 0.0794183388352394 -0.251047730445862
2.96954798698425 2.77766036987305 2.69960427284241 2.42776417732239 2.30935764312744 2.23775005340576 2.17674207687378 2.1459047794342 2.19302177429199 2.25930142402649 2.32443332672119 2.35489964485168 2.39353799819946 2.42813062667847 2.41387438774109 2.30051302909851 2.17413663864136 2.01915645599365 1.90181338787079 1.75070810317993 1.45138657093048 1.17074298858643 0.924369215965271 0.742701172828674 0.606877446174622 0.449832290410995 0.282429486513138 0.14595066010952 0.0678898990154266 0.0315091907978058 0.0269617810845375 0.0253020469099283 0.0397716835141182 0.589080393314362 1.61970961093903 -0.0139327961951494 -0.121673822402954 -0.205469012260437 -0.299503922462463 -0.43049743771553 -0.465187102556229 -0.435220539569855 1.03248608112335 1.28883469104767 -0.198258057236671
2.93298172950745 2.59869265556335 2.51410412788391 2.40862536430359 2.38064932823181 2.22576498985291 2.12260389328003 2.09388160705566 2.04792308807373 2.03705072402954 2.09032893180847 2.14348316192627 2.20303821563721 2.27380442619324 2.30931186676025 2.29273509979248 2.13598561286926 1.92349302768707 1.71755743026733 1.45913410186768 1.06473016738892 0.882972359657288 0.623250901699066 0.437030673027039 0.287296861410141 0.136517882347107 0.0451687835156918 -0.0179702769964933 -0.0257488861680031 -0.0317185819149017 -0.0354922637343407 -0.0446825847029686 -0.0226453151553869 0.849738895893097 1.63440239429474 -0.0865474790334702 -0.193949118256569 -0.295113176107407 -0.380186706781387 -0.498428344726562 -0.572827100753784 0.850104987621307 2.12469530105591 1.57041680812836 -0.0680527314543724
2.93758821487427 2.58434081077576 2.44007062911987 2.34165525436401 2.31529808044434 2.16601824760437 2.1087441444397 2.08424544334412 1.99488508701324 1.93582546710968 1.91641473770142 1.97850561141968 2.04277682304382 2.08864426612854 2.15392732620239 2.17627143859863 2.04476451873779 1.80544400215149 1.40461075305939 1.10049331188202 0.798406362533569 0.645510315895081 0.378173410892487 0.15151934325695 0.049194972962141 -0.0143301477655768 -0.0645866394042969 -0.0864071175456047 -0.0868389084935188 -0.0978498458862305 -0.0909232646226883 -0.11229831725359 -0.110822647809982 1.16783845424652 1.99209749698639 -0.131283164024353 -0.249634310603142 -0.356593430042267 -0.460342794656754 -0.564906895160675 -0.707559823989868 -0.400779068470001 2.36102986335754 0.760754227638245 0.149990797042847
2.97633290290833 2.62620973587036 2.47513651847839 2.22439646720886 2.1728150844574 2.11100339889526 2.01540398597717 2.03442072868347 1.97977674007416 1.90309250354767 1.85197710990906 1.83929824829102 1.89135384559631 1.94149172306061 1.975093126297 1.98247051239014 1.89985942840576 1.59757828712463 1.12766766548157 0.825768113136292 0.589183747768402 0.415279060602188 0.143796056509018 -0.00723684625700116 -0.0773806124925613 -0.11183874309063 -0.129249230027199 -0.148061856627464 -0.149114415049553 -0.144712597131729 -0.151536718010902 -0.167934820055962 -0.144996136426926 0.877871036529541 1.66391551494598 0.376690596342087 -0.247786208987236 -0.385618597269058 -0.508906841278076 -0.625988662242889 -0.774060189723969 0.504040658473969 3.62995028495789 2.17363381385803 0.186302319169044
2.94189262390137 2.57231712341309 2.23319172859192 1.91308188438416 1.94314897060394 1.87816619873047 1.99641847610474 2.00149750709534 1.99597549438477 1.90908133983612 1.82884228229523 1.78162240982056 1.75102210044861 1.75958597660065 1.77948462963104 1.76898181438446 1.59558057785034 1.14339375495911 0.870328664779663 0.570104360580444 0.31361111998558 0.126200079917908 -0.0217718929052353 -0.132223710417747 -0.165988877415657 -0.188711240887642 -0.193521961569786 -0.209795549511909 -0.214317724108696 -0.2103251516819 -0.225457027554512 -0.239856094121933 -0.229561865329742 -0.0933959409594536 0.101661540567875 0.353209137916565 -0.223273783922195 -0.374169409275055 -0.51419734954834 -0.643670797348022 -0.770928800106049 1.24941217899323 3.72592234611511 2.88825821876526 0.87006276845932
2.62827897071838 2.26273369789124 1.90084517002106 1.59778940677643 1.50999593734741 1.68435621261597 1.8354914188385 1.92831087112427 1.92026042938232 1.9185848236084 1.84494698047638 1.75332427024841 1.65179073810577 1.62582552433014 1.58458042144775 1.43922483921051 1.10055553913116 0.854163289070129 0.603851199150085 0.294081479310989 0.0674763396382332 -0.0711346939206123 -0.193222150206566 -0.236062943935394 -0.252815961837769 -0.266296148300171 -0.275348216295242 -0.299516946077347 -0.300341725349426 -0.309449017047882 -0.305148601531982 -0.307374328374863 -0.309231400489807 -0.32021626830101 -0.328787565231323 -0.0953875035047531 0.516010105609894 -0.359249472618103 -0.492705494165421 -0.624460756778717 -0.79807448387146 -0.277491539716721 3.0521388053894 2.19511270523071 1.372518658638
2.31413459777832 1.97610688209534 1.66877639293671 1.38758015632629 1.26059901714325 1.35267305374146 1.61209380626678 1.72380781173706 1.82537925243378 1.84096276760101 1.80436730384827 1.73744142055511 1.62230253219604 1.53425097465515 1.37114870548248 0.986490488052368 0.81337982416153 0.551526129245758 0.32405886054039 0.11082062125206 -0.10930472612381 -0.226795494556427 -0.325871348381042 -0.342369139194489 -0.350762724876404 -0.365527838468552 -0.386972665786743 -0.399445116519928 -0.38019135594368 -0.366116464138031 -0.38841786980629 -0.396293640136719 -0.380687952041626 -0.379067629575729 -0.387191146612167 0.0156942959874868 1.16756355762482 0.230452597141266 -0.460053682327271 -0.589319467544556 -0.748892247676849 1.51288151741028 3.1892511844635 1.7965270280838 1.07764399051666
2.034255027771 1.75930058956146 1.44377970695496 1.23791265487671 1.15528786182404 1.17002093791962 1.26227819919586 1.51904022693634 1.65070378780365 1.61529850959778 1.58561539649963 1.61161553859711 1.56190359592438 1.41563451290131 1.03152322769165 0.708718717098236 0.499444931745529 0.291395872831345 0.0692911967635155 -0.112247668206692 -0.295667082071304 -0.392813146114349 -0.42505607008934 -0.446809053421021 -0.459706127643585 -0.46025624871254 -0.383285760879517 -0.208814457058907 -0.136202275753021 -0.199046120047569 -0.454873114824295 -0.454387813806534 -0.40142896771431 -0.169020175933838 -0.2708880007267 0.307376772165298 1.23635244369507 1.23746979236603 -0.215360477566719 -0.0960910841822624 0.188820213079453 2.19995474815369 1.7893625497818 0.94117796421051 0.784239947795868
1.86751067638397 1.64338791370392 1.34159159660339 1.12628281116486 1.02320003509521 1.00436449050903 1.04652047157288 1.1823958158493 1.26260793209076 1.19288337230682 1.15366899967194 1.12150228023529 1.04759550094604 0.86439174413681 0.682913720607758 0.46759507060051 0.254618644714355 0.0344990268349648 -0.18004310131073 -0.355264455080032 -0.486557841300964 -0.52148973941803 -0.551126480102539 -0.553096294403076 -0.547941863536835 -0.385692626237869 -0.307046890258789 -0.253251373767853 -0.248242005705833 -0.369033813476562 -0.505487263202667 -0.497653096914291 -0.295244425535202 0.0840612500905991 0.0461359657347202 0.517854869365692 1.14808344841003 1.36885142326355 0.566734254360199 -0.218461483716965 -0.546470582485199 -0.0808003768324852 -0.557555079460144 0.249367356300354 0.662575304508209
1.82943892478943 1.59552919864655 1.3617308139801 1.11815190315247 0.94504714012146 0.830838322639465 0.774562239646912 0.825669169425964 0.893521845340729 0.896883904933929 0.854062914848328 0.80453884601593 0.726778209209442 0.557219922542572 0.384268015623093 0.205406203866005 -0.00130781845655292 -0.195168942213058 -0.405658036470413 -0.585262417793274 -0.64398854970932 -0.65986293554306 -0.682909965515137 -0.67709869146347 -0.647342920303345 -0.549833297729492 -0.421306967735291 -0.453829944133759 -0.477275162935257 -0.566238045692444 -0.555455565452576 -0.366797983646393 0.176833644509315 0.482827931642532 0.438857436180115 0.773848474025726 1.12773597240448 1.0818065404892 0.755106270313263 0.0703099295496941 -0.164385870099068 -0.448535799980164 -0.686543881893158 -0.164797648787498 0.451951444149017
1.99470865726471 1.79494762420654 1.47783505916595 1.19099032878876 0.943320751190186 0.747386157512665 0.637830793857574 0.666558265686035 0.717218935489655 0.636359333992004 0.552029609680176 0.431754559278488 0.326507717370987 0.193939864635468 0.0354398787021637 -0.121463716030121 -0.298719644546509 -0.41937392950058 -0.619823634624481 -0.786105871200562 -0.820269107818604 -0.823930501937866 -0.829403758049011 -0.820227444171906 -0.751600921154022 -0.219144821166992 -0.317407608032227 -0.489187061786652 -0.506883800029755 -0.611993789672852 -0.469333857297897 -0.0823445990681648 0.347420662641525 0.485381364822388 0.445772528648376 0.844138085842133 1.12344288825989 1.11908876895905 0.934372246265411 0.256855577230453 0.052049245685339 -0.239802062511444 -0.225969567894936 0.111913040280342 0.0290456507354975
2.28624725341797 1.97692620754242 1.64063835144043 1.31260633468628 1.01977062225342 0.778786480426788 0.570303499698639 0.520449995994568 0.541165232658386 0.370784372091293 0.182464525103569 0.0234599877148867 -0.0670037418603897 -0.173941060900688 -0.29766508936882 -0.409831315279007 -0.538676261901855 -0.547420084476471 -0.775925815105438 -0.833888828754425 -0.970724940299988 -0.912952661514282 -0.936422824859619 -0.949085772037506 -0.852772176265717 0.334866881370544 0.0717147663235664 -0.172416806221008 -0.1475590467453 -0.333535134792328 -0.334042191505432 -0.0398435890674591 0.366107672452927 0.561244010925293 0.598890602588654 0.967688262462616 1.21179282665253 1.17420136928558 0.587884426116943 0.28991886973381 0.160275161266327 -0.0879886895418167 -0.26604351401329 -0.427031904459 -0.464556068181992
2.36864519119263 2.15880131721497 1.82013082504272 1.46825587749481 1.12348079681396 0.838675141334534 0.565801680088043 0.379280626773834 0.276011526584625 0.0704844072461128 -0.139934569597244 -0.274585962295532 -0.353020280599594 -0.462386429309845 -0.569401204586029 -0.677892982959747 -0.6789311170578 -0.833117783069611 -0.879559099674225 -0.852770864963531 -0.883848547935486 -0.846807181835175 -1.03600108623505 -1.02547597885132 0.192268565297127 1.40488016605377 0.975010991096497 0.3415866792202 0.238968551158905 -0.0705112740397453 -0.171103358268738 0.0473700053989887 0.389101356267929 0.542289197444916 0.660963833332062 0.917002499103546 1.0616534948349 1.21875405311584 0.528832852840424 0.297283917665482 0.196184173226357 0.00991221331059933 -0.157193675637245 -0.334096223115921 -0.442491888999939
2.49000883102417 2.26192474365234 2.01064229011536 1.62494289875031 1.26951837539673 0.902761697769165 0.529937863349915 0.245090752840042 0.021690858528018 -0.240444734692574 -0.492087960243225 -0.568325877189636 -0.271431684494019 -0.469926416873932 -0.696982204914093 -0.712887406349182 -0.807832300662994 -0.917890667915344 -1.01807880401611 -1.05012047290802 -0.914285957813263 -0.952506959438324 -1.06088531017303 -1.09026980400085 0.979642331600189 1.74187207221985 1.02617132663727 0.613801240921021 0.450079202651978 0.0475166216492653 -0.151560485363007 -0.0447614155709743 0.180089771747589 0.357378125190735 0.574151277542114 0.889719903469086 1.02669656276703 1.13529002666473 0.652968049049377 0.292371988296509 0.170326516032219 -0.00400013849139214 -0.115848049521446 -0.239358812570572 -0.361110329627991
2.49556994438171 2.40928721427917 2.11445379257202 1.80924415588379 1.43110549449921 0.945426166057587 0.442014783620834 0.104955576360226 -0.262990653514862 -0.58744490146637 -0.914167404174805 -0.515930652618408 0.534714579582214 -0.178177639842033 -0.69767439365387 -0.782405257225037 -0.816376507282257 -1.00583040714264 -1.10391199588776 -1.06540274620056 -1.07769894599915 -1.01916885375977 -1.13650476932526 -1.1289097070694 -0.669140100479126 0.993913054466248 0.653985798358917 0.486340433359146 0.602946579456329 0.194403260946274 -0.00894984137266874 -0.137760102748871 -0.0551224537193775 0.0810983404517174 0.338703274726868 0.817593455314636 1.21840596199036 1.26629722118378 0.96288788318634 0.365696221590042 0.20054492354393 0.0293372515588999 -0.0764043927192688 -0.185934752225876 -0.305255621671677
2.48153114318848 2.42649149894714 2.22580718994141 1.81995034217834 1.39946186542511 0.976572036743164 0.56358790397644 -0.0904037803411484 -0.53378027677536 -0.870275974273682 -1.09094214439392 0.416389405727386 4.11059904098511 2.24513220787048 -0.000946911575738341 -0.96482390165329 -1.10660326480865 -1.14716827869415 -1.24030339717865 -1.19280099868774 -1.14977669715881 -1.20170140266418 -1.23943269252777 -1.27202677726746 -1.28729236125946 -1.18111145496368 -0.383420139551163 -0.024536769837141 0.2824766933918 0.424843937158585 0.249592766165733 -0.0790134370326996 -0.0436739958822727 0.172587856650352 0.357665240764618 1.0210657119751 1.70691084861755 1.78242874145508 1.13252365589142 0.450943470001221 0.22968915104866 0.118964828550816 0.00736033264547586 -0.120243951678276 -0.248360499739647
