slauniainen/Data/DEM/Vihti_dem1500b_cl_horizonAngle_330.asc
NCOLS 196 
NROWS 178 
XLLCORNER 353680 
YLLCORNER 6699024 
CELLSIZE 16 
NODATA_value -3.4e+38 
[rows 120 to 139 of 178, columns 45 to 89 of 196]
-0.0720883756875992 0.178343638777733 0.421430915594101 0.620045125484467 1.1108375787735 1.14135122299194 0.65954852104187 0.478409856557846 0.296761631965637 0.178036570549011 0.139637619256973 0.115804702043533 0.00655138539150357 -0.0992334112524986 -0.290413171052933 -0.462661445140839 -0.724152863025665 -0.756640315055847 -0.383172422647476 -0.0929007902741432 -0.253275364637375 -1.28104424476624 -0.398356229066849 0.0970763340592384 -0.23847122490406 -1.08657705783844 -1.46440935134888 -1.57518923282623 -1.6253833770752 1.07593429088593 4.99684619903564 7.51548147201538 4.57587623596191 5.02607870101929 3.24546480178833 2.39148139953613 -0.521577656269073 -1.30030989646912 -1.64561831951141 -1.72194111347198 -1.61722898483276 -0.900417745113373 -0.291876614093781 0.182599425315857 -0.0651456937193871
-0.392705231904984 -0.161010429263115 0.134508326649666 0.485505104064941 0.806537747383118 1.04064846038818 0.768474578857422 0.426938474178314 0.242714256048203 0.168662890791893 0.0608601942658424 0.0534002371132374 -0.0195539090782404 -0.0904952213168144 -0.241406932473183 -0.399830192327499 -0.703868210315704 -1.01008725166321 -0.751211404800415 -0.65804660320282 -0.489029109477997 -0.790218949317932 -0.222144529223442 0.965234756469727 0.256936877965927 -0.342043042182922 -0.723997056484222 -1.06018543243408 2.24715638160706 3.6674280166626 6.17605781555176 7.15277099609375 5.77418804168701 4.13142967224121 4.07144451141357 2.08720469474792 -0.981992959976196 -1.50470042228699 -1.80055236816406 -1.86475276947021 -1.84421300888062 -1.78184068202972 -0.993985891342163 -0.495893359184265 -0.261190205812454
-0.534864723682404 -0.366260886192322 -0.127236172556877 0.190120205283165 0.397408694028854 0.853938102722168 0.885106861591339 0.555827617645264 0.237895861268044 0.094305157661438 0.0129345674067736 -0.0332499369978905 -0.040961530059576 -0.118262022733688 -0.185391500592232 -0.363469660282135 -0.67846667766571 -0.949929296970367 -1.21746182441711 -0.878887891769409 -0.10700611025095 -0.543068885803223 0.976619839668274 1.055251121521 0.372140407562256 -0.238449245691299 -0.467724114656448 0.810992836952209 3.17214035987854 4.13211393356323 4.33840465545654 4.68318462371826 5.55823659896851 5.02561855316162 5.15000104904175 0.82305520772934 -1.30238437652588 -1.65074861049652 -1.90364611148834 -1.98795247077942 -2.00747728347778 -1.99223709106445 -1.89414882659912 -1.26819562911987 -0.531697034835815
-0.585992336273193 -0.544679522514343 -0.343525648117065 -0.0678257644176483 0.24139079451561 0.403010874986649 0.692344605922699 0.730112075805664 0.209862485527992 0.0560756996273994 0.00369656854309142 -0.0724742412567139 -0.126943096518517 -0.136173009872437 -0.219126120209694 -0.321804732084274 -0.584796190261841 -0.82326477766037 -1.032870054245 2.34999799728394 3.79029440879822 2.78518223762512 2.24543976783752 1.54585433006287 0.827225685119629 0.111999973654747 0.46648782491684 2.79303598403931 2.66709184646606 2.638916015625 2.92096781730652 3.96706056594849 4.619797706604 5.04062700271606 3.36600685119629 1.20093524456024 -1.51708328723907 -1.81474959850311 -2.02461361885071 -2.09142708778381 -2.1024694442749 -2.10888600349426 -2.1047101020813 -0.3685182929039 3.59869861602783
-0.63759171962738 -0.689286291599274 -0.529429197311401 -0.332005470991135 -0.0569839552044868 0.130011558532715 0.42688250541687 0.632016360759735 0.36949348449707 0.0258983541280031 -0.0458279959857464 -0.0827248618006706 -0.180917158722878 -0.185007810592651 -0.26554462313652 -0.335057854652405 -0.524179637432098 -0.687126100063324 -0.0512004122138023 2.82912302017212 3.28128695487976 2.40171957015991 2.17616534233093 1.96840417385101 1.4626544713974 1.21212863922119 2.10136580467224 3.11333680152893 1.72828567028046 2.16233587265015 2.5569326877594 2.376788854599 3.60156464576721 4.55036544799805 3.03326392173767 1.25764787197113 -1.70958518981934 -1.93184912204742 -2.1413197517395 -2.22840976715088 -2.22191524505615 -2.20635795593262 -2.19305539131165 1.07636880874634 1.98327589035034
-0.666946232318878 -0.728327572345734 -0.690732717514038 -0.50929182767868 -0.273656457662582 -0.0107053928077221 0.000641514197923243 0.410340756177902 0.443460255861282 -0.013176130130887 -0.0655157417058945 -0.149547383189201 -0.213084191083908 -0.257305681705475 -0.270390868186951 -0.365098059177399 -0.468160718679428 -0.639087378978729 0.090976744890213 1.01544713973999 1.96436047554016 2.2890625 1.84993207454681 1.74347937107086 1.36556279659271 1.56502652168274 2.07727932929993 2.06395435333252 1.49803924560547 1.46283757686615 1.72139716148376 2.12628149986267 3.25101113319397 3.91807818412781 3.58335280418396 1.65277051925659 -0.939425647258759 -1.98732316493988 -2.09632015228271 -2.08406949043274 -2.18647074699402 -2.32916474342346 -2.31909012794495 -1.69773197174072 -1.85107171535492
-0.690795063972473 -0.749005973339081 -0.825393557548523 -0.690141677856445 -0.589162588119507 -0.396637856960297 -0.245962470769882 0.124647304415703 0.321432411670685 0.0676612704992294 -0.18399366736412 -0.186608240008354 -0.227628082036972 -0.314167976379395 -0.317611515522003 -0.3863205909729 -0.475837528705597 -0.587458193302155 -0.542576313018799 0.569301128387451 2.02669048309326 2.24920988082886 1.67492091655731 1.43177425861359 1.17791414260864 1.09617042541504 1.27538919448853 1.50790584087372 1.43559682369232 1.09842944145203 1.60409903526306 1.95160758495331 2.22200155258179 2.92033004760742 3.07049322128296 2.29031157493591 -0.546524167060852 -1.91258764266968 -1.80286264419556 0.22855269908905 0.259696364402771 -0.156635567545891 -0.569612205028534 0.192993000149727 5.38187408447266
-0.726347029209137 -0.778754055500031 -0.858956754207611 -0.857567489147186 -0.898478090763092 -0.777708947658539 -0.536571621894836 -0.391458839178085 0.0707421153783798 0.149171009659767 -0.241051018238068 -0.275484710931778 -0.319537460803986 -0.347345888614655 -0.398160040378571 -0.390061914920807 -0.457891821861267 -0.524017989635468 -0.646980464458466 0.0336306281387806 0.776591002941132 1.60401737689972 1.8825466632843 1.4514217376709 1.16932654380798 0.990999937057495 0.946300148963928 1.03498697280884 0.991399943828583 0.836084067821503 0.831006288528442 1.0353776216507 1.48901855945587 1.79885268211365 2.5359103679657 2.21111989021301 0.607624232769012 0.304194003343582 1.86175465583801 3.40804243087769 3.63982558250427 2.30816411972046 1.52150630950928 6.79678630828857 15.9588012695312
-0.759208083152771 -0.813212156295776 -0.879450738430023 -0.947931706905365 -0.949889659881592 -0.955560684204102 -0.822734355926514 -0.648267209529877 -0.234407380223274 -0.00349076720885932 -0.163712501525879 -0.394962310791016 -0.431183665990829 -0.47875252366066 -0.486902475357056 -0.426946967840195 -0.469145357608795 -0.527673006057739 -0.648962914943695 -0.692313671112061 0.342316687107086 1.41598391532898 1.632040143013 1.23618340492249 0.947079837322235 0.747071087360382 0.611017763614655 0.365453600883484 0.338451057672501 0.276939958333969 0.113652527332306 0.0998841971158981 0.593108892440796 1.29881918430328 1.81162261962891 1.85156917572021 1.66794645786285 3.83243060112 4.81471920013428 4.99771928787231 4.18004322052002 3.06378698348999 3.38061451911926 7.55977630615234 15.5729341506958
-0.774538338184357 -0.841210901737213 -0.896952748298645 -0.987455368041992 -1.07451105117798 -1.1382999420166 -1.08787846565247 -0.897021293640137 -0.714530408382416 -0.281282901763916 -0.0683708935976028 -0.209822848439217 -0.580625474452972 -0.663148462772369 -0.539989411830902 -0.524296462535858 -0.479418098926544 -0.53852778673172 -0.611581027507782 -0.67390251159668 -0.295008212327957 0.409818381071091 1.08025443553925 1.26069796085358 0.947471678256989 0.531768500804901 0.136828228831291 0.0691004022955894 -0.158581703901291 -0.315230160951614 -0.315790176391602 -0.40654468536377 0.163765460252762 0.688938438892365 1.02457988262177 1.94635438919067 2.32919764518738 4.11943006515503 5.07503414154053 4.80002689361572 4.19398260116577 3.64469313621521 6.39281272888184 11.338737487793 19.4358901977539
-0.812990486621857 -0.873301982879639 -0.90116673707962 -0.999916732311249 -1.15649175643921 -1.24998450279236 -1.25364410877228 -1.1562887430191 -0.949053347110748 -0.728629529476166 -0.358181208372116 -0.199467375874519 -0.611263632774353 -0.754094123840332 0.428712427616119 -0.572876811027527 -0.580781400203705 -0.522507131099701 -0.583365857601166 -0.631462752819061 -0.710376858711243 -0.210875242948532 0.140372738242149 0.774690687656403 0.873016834259033 0.46489679813385 -0.0153392869979143 -0.135703548789024 -0.255908191204071 -0.633637368679047 -0.676676571369171 -0.872215032577515 -0.642623007297516 1.08783042430878 2.61340570449829 3.5027163028717 3.9722695350647 4.31178092956543 4.21934509277344 5.49158143997192 6.75592184066772 8.29223823547363 11.9072608947754 15.872410774231 19.341775894165
-0.865346431732178 -0.911496877670288 -0.961244821548462 -0.998780429363251 -1.1644514799118 -1.27953481674194 -1.27486300468445 -1.32794809341431 -1.11600565910339 -0.985116362571716 -0.639060378074646 -0.410847216844559 -0.52929025888443 -0.74240654706955 0.339531689882278 -0.674621045589447 -0.670777380466461 -0.605467677116394 -0.605972528457642 -0.632004618644714 -0.715469241142273 -0.770689129829407 -0.404673963785172 0.544040739536285 0.629867255687714 0.291276782751083 -0.108660563826561 -0.40985107421875 -0.526795387268066 -0.720527470111847 -0.983809292316437 -1.22087705135345 -0.860077261924744 3.58518052101135 3.42168116569519 3.96315622329712 4.85605049133301 5.31201553344727 6.64274215698242 8.47278881072998 9.95116901397705 11.667534828186 15.4396276473999 17.7302207946777 18.2275352478027
-0.893960177898407 -0.944873690605164 -1.00134992599487 -1.07530653476715 -1.15706145763397 -1.19718265533447 -1.38020002841949 -1.49727785587311 -1.33140361309052 -1.13139450550079 -1.0084216594696 -0.664576768875122 -0.56762707233429 -0.806817710399628 -0.83504319190979 -0.804284036159515 -0.716003179550171 -0.713673412799835 -0.648048758506775 -0.647115409374237 -0.695554792881012 -0.768726289272308 -0.783783257007599 -0.278675019741058 0.348231643438339 0.389429271221161 -0.0480377823114395 -0.676662862300873 -0.828506410121918 -0.990140438079834 -1.16696131229401 -1.23706102371216 1.09620201587677 4.52052068710327 4.5644063949585 5.58036184310913 5.77511072158813 5.49355459213257 7.25761365890503 9.44454956054688 10.2514724731445 11.7593250274658 14.2367086410522 14.69810962677 15.014554977417
-0.92799711227417 -0.985803067684174 -1.040078997612 -1.10510659217834 -1.19062197208405 -1.28439283370972 -1.41030704975128 -1.52897560596466 -1.4869647026062 -1.33662927150726 -1.2217755317688 -0.91304624080658 -0.834477245807648 -0.837410032749176 -0.953419804573059 -0.344873130321503 0.563962042331696 -0.76105010509491 -0.689353168010712 -0.680334627628326 -0.728457808494568 -0.775284945964813 -0.813938915729523 -0.584642291069031 0.215207800269127 0.269519239664078 -0.297488480806351 -0.655926704406738 -0.835953295230865 -1.29852092266083 -1.32136845588684 -1.26493763923645 4.27717399597168 5.40529203414917 5.58688735961914 6.57547998428345 5.73834419250488 4.61929988861084 5.09871196746826 6.46910858154297 8.11855506896973 9.37970542907715 10.5864381790161 12.3674602508545 13.4017972946167
-0.938778936862946 -0.997855961322784 -1.04874396324158 -1.11459159851074 -1.17071938514709 -1.27529513835907 -1.45897209644318 -1.55173134803772 -1.32996892929077 -1.33497941493988 -1.33076119422913 -1.21007633209229 -0.966619372367859 -0.348273098468781 0.846811830997467 1.86641383171082 1.42784833908081 -0.30425688624382 0.0449932254850864 -0.714663803577423 -0.755078196525574 -0.759401142597198 -0.801067054271698 -0.83245438337326 -0.412568002939224 0.0237603522837162 -0.113732732832432 -0.589520156383514 -0.702312827110291 -1.25088381767273 -1.37881326675415 1.37068951129913 8.04299163818359 7.14156246185303 7.08452367782593 7.24242305755615 5.04622602462769 4.24668979644775 4.18320322036743 5.43986177444458 7.95435619354248 8.92586612701416 9.34772968292236 10.6890020370483 11.430136680603
-0.986976444721222 -1.03134286403656 -1.08205091953278 -1.11347150802612 -1.16920471191406 -1.26240384578705 -1.42058145999908 -1.57903242111206 -1.48825907707214 -0.849544823169708 -1.46491229534149 -1.35808801651001 -1.02689564228058 0.340777724981308 2.94059872627258 3.28647041320801 2.10369038581848 -0.0252398699522018 0.381461262702942 -0.743458807468414 -0.799617767333984 -0.772201299667358 -0.470264375209808 -0.723597466945648 -0.709081172943115 -0.489870816469193 -0.155339136719704 -0.383158355951309 -0.774187922477722 -0.998643457889557 -0.47244319319725 8.0878849029541 10.7930641174316 7.18240451812744 7.88026523590088 8.15785121917725 4.91580152511597 4.52696180343628 5.94740438461304 6.53611612319946 6.6394739151001 7.40095663070679 8.38063144683838 8.9646463394165 9.53488063812256
-0.96421080827713 -1.05719041824341 -1.08234703540802 -1.12692642211914 -1.19112718105316 -1.25596153736115 -1.37082755565643 -1.55227375030518 -1.5974155664444 -0.557915866374969 -1.47133409976959 -1.34578812122345 -1.23756289482117 -0.299844443798065 3.26866865158081 3.78414916992188 2.52647304534912 0.890809714794159 0.685471773147583 -0.786401510238647 -0.776168525218964 0.0192703939974308 -0.0928552150726318 -0.696361124515533 -0.744145095348358 -0.672215521335602 -0.183140352368355 -0.427904725074768 -0.775784552097321 -0.855303466320038 3.44944834709167 8.87534141540527 9.77192115783691 9.00393199920654 9.44380760192871 6.83258438110352 5.21384382247925 7.83108901977539 5.61490058898926 4.63260412216187 4.88358449935913 5.7528223991394 6.89955854415894 5.99554109573364 5.86060190200806
-1.03642892837524 -1.06854605674744 -1.10000967979431 -1.15526187419891 -1.22082650661469 -1.27545344829559 -1.37195086479187 -1.54565346240997 -1.60788011550903 0.545224666595459 -1.21605682373047 0.225571498274803 0.678763329982758 0.557157397270203 4.26576232910156 4.52284383773804 2.62570524215698 1.71141672134399 -0.114269912242889 -0.451850801706314 -0.659897327423096 -0.35173100233078 -0.53204083442688 -0.71456241607666 -0.812014043331146 -0.842816233634949 -0.602156400680542 -0.529354929924011 -0.723035991191864 1.23991191387177 6.76175403594971 9.21211051940918 10.5358762741089 8.92655372619629 6.93415546417236 6.4491662979126 8.15269374847412 4.19332647323608 2.46125888824463 2.5646436214447 2.82901859283447 3.96916365623474 4.69008541107178 4.57922458648682 4.09888410568237
-1.07675695419312 -1.10276067256927 -1.12876558303833 -1.17373752593994 -1.23439645767212 -1.30620276927948 -1.40804088115692 -1.53923165798187 -1.60503721237183 1.27874302864075 0.328269273042679 1.03268158435822 1.94452714920044 3.3025860786438 4.62602138519287 4.01769781112671 2.67000484466553 1.63873434066772 0.440977871417999 0.189554318785667 -0.252597719430923 -0.158640876412392 -0.289449512958527 -0.620096147060394 -0.802067041397095 -0.848329603672028 -0.72719669342041 -0.444513201713562 -0.629516065120697 4.20862245559692 7.41646385192871 9.36647129058838 8.3592700958252 7.66403579711914 7.20299768447876 7.89154386520386 4.48412799835205 2.01664400100708 1.30750274658203 1.37940561771393 1.6350644826889 1.79539692401886 2.33585524559021 2.80509448051453 2.70480561256409
-1.11680054664612 -1.13847923278809 -1.16231751441956 -1.1759934425354 -1.2306205034256 -1.32737600803375 -1.43312764167786 -1.51648581027985 -1.57723617553711 1.48229193687439 1.18186581134796 1.75821697711945 2.10532546043396 3.45470428466797 4.52408742904663 3.22197890281677 2.65473628044128 1.45653975009918 0.643756628036499 0.0607733726501465 -0.296093553304672 -0.251479774713516 -0.36984845995903 -0.751075744628906 -0.793198108673096 -0.84739738702774 -0.872938275337219 -0.424685120582581 2.09346532821655 7.97930335998535 9.35280704498291 8.73006153106689 7.37147665023804 7.42533731460571 7.23254013061523 4.77203273773193 1.59640038013458 0.0304687544703484 -0.0653348416090012 0.380767077207565 0.668006658554077 1.13439893722534 1.34631311893463 1.10100603103638 1.35340011119843
