slauniainen/Data/DEM/Vihti_dem1500b_cl_horizonAngle_132.asc
NCOLS 196 
NROWS 178 
XLLCORNER 353680 
YLLCORNER 6699024 
CELLSIZE 16 
NODATA_value -3.4e+38 
[rows 20 to 39 of 178, columns 90 to 134 of 196]
0.52047336101532 0.586196303367615 0.628263652324677 0.6361945271492 0.624429523944855 0.6945680975914 0.774860322475433 0.894748032093048 1.01588344573975 1.07361400127411 1.20371556282043 1.27336704730988 1.25117182731628 1.26751530170441 1.26241362094879 1.29698026180267 1.35627496242523 1.41423535346985 1.48182308673859 1.53862607479095 1.57304012775421 1.65505433082581 1.82664847373962 2.04166531562805 2.12750864028931 2.18325877189636 2.2627055644989 2.49112987518311 2.90370035171509 3.81679368019104 4.00403165817261 3.96288251876831 3.80876970291138 3.66744017601013 3.63959407806396 3.64488649368286 3.53617930412292 3.09761095046997 2.47117924690247 2.08104705810547 1.68250453472137 1.39162003993988 1.18459045886993 0.958012342453003 0.740423142910004
0.534574270248413 0.605839431285858 0.667818605899811 0.715127885341644 0.713236570358276 0.681036233901978 0.754139125347137 0.841318309307098 0.977676868438721 1.11142945289612 1.19614350795746 1.36015605926514 1.44525718688965 1.44144558906555 1.46547842025757 1.49180197715759 1.42345952987671 1.43038558959961 1.49441456794739 1.54332613945007 1.58727538585663 1.66162931919098 1.82123196125031 1.98312211036682 2.12154984474182 2.20887994766235 2.39821124076843 2.66650485992432 3.24833703041077 3.84179019927979 4.15014314651489 4.17911195755005 4.10797214508057 3.96841406822205 3.91956877708435 3.86614179611206 3.75731325149536 3.64217591285706 3.15777897834778 2.52013087272644 2.15757155418396 1.73866105079651 1.43692898750305 1.22311651706696 0.987858474254608
0.565140962600708 0.630020678043365 0.698631882667542 0.748734414577484 0.7955242395401 0.790982842445374 0.825483798980713 0.823736071586609 0.93362158536911 1.09167563915253 1.25616347789764 1.36186599731445 1.52548384666443 1.59621095657349 1.54773771762848 1.6221935749054 1.59726047515869 1.53091931343079 1.49512958526611 1.54050302505493 1.59024882316589 1.65664625167847 1.78487062454224 1.92582333087921 2.04938912391663 2.20042896270752 2.42578339576721 2.74872350692749 3.34206938743591 3.7462944984436 4.08220767974854 4.26924705505371 4.30324935913086 4.2256908416748 4.0827579498291 4.03968715667725 3.98263549804688 3.84580683708191 3.71245527267456 3.25985145568848 2.60611152648926 2.23661637306213 1.7979748249054 1.4877701997757 1.26723718643188
0.634220719337463 0.675802946090698 0.724058508872986 0.779596030712128 0.828412413597107 0.874729454517365 0.911229074001312 0.910957753658295 0.916016340255737 1.0531450510025 1.23039948940277 1.40564143657684 1.49952924251556 1.64226078987122 1.6980596780777 1.77215421199799 1.71401071548462 1.67783570289612 1.58266985416412 1.53777062892914 1.58697235584259 1.63863563537598 1.74727857112885 1.88020193576813 2.02098178863525 2.17215132713318 2.39453387260437 2.74430584907532 3.21596550941467 3.65163445472717 3.94748544692993 4.20342206954956 4.39827632904053 4.42749118804932 4.35314416885376 4.19781637191772 4.16065359115601 4.04874610900879 3.95891118049622 3.84273838996887 3.37233519554138 2.6922607421875 2.31562495231628 1.86018896102905 1.54029095172882
0.718079030513763 0.738590836524963 0.769742906093597 0.807882249355316 0.851007759571075 0.907977104187012 0.949692130088806 0.989209651947021 1.03117477893829 1.07451522350311 1.19371771812439 1.34038496017456 1.50484204292297 1.58884429931641 1.73284256458282 1.80374240875244 1.84908771514893 1.77920126914978 1.74982631206512 1.65630650520325 1.58571171760559 1.63428103923798 1.71447896957397 1.83790743350983 1.95350897312164 2.12132430076599 2.3663341999054 2.66724109649658 3.09931969642639 3.49003767967224 3.79163956642151 4.06046056747437 4.32308053970337 4.53131103515625 4.55709314346313 4.48574590682983 4.29063177108765 4.24374580383301 4.19816112518311 4.08901882171631 3.96318960189819 3.4850287437439 2.78504991531372 2.40435242652893 1.92778718471527
0.786766588687897 0.804818391799927 0.826013922691345 0.853970408439636 0.883389830589294 0.934175133705139 0.979721665382385 1.03789663314819 1.12729144096375 1.18655347824097 1.17278218269348 1.24562561511993 1.39348471164703 1.5697934627533 1.64260995388031 1.72202980518341 1.86785185337067 1.92632448673248 1.85785162448883 1.82627737522125 1.73178601264954 1.63113939762115 1.70819127559662 1.79451513290405 1.92252886295319 2.07655358314514 2.27400231361389 2.56354475021362 2.95458102226257 3.27102971076965 3.58665871620178 3.89041137695312 4.17141723632812 4.44983816146851 4.66814994812012 4.68277978897095 4.58368492126465 4.42984867095947 4.38506984710693 4.32654094696045 4.22212934494019 4.09065771102905 3.59931588172913 2.88426947593689 2.49711346626282
0.855246245861053 0.869616508483887 0.885585367679596 0.905909359455109 0.93118417263031 0.971602916717529 1.02216517925262 1.08080351352692 1.13164734840393 1.19190835952759 1.20759391784668 1.19799208641052 1.27921140193939 1.4326913356781 1.61174499988556 1.69037461280823 1.78519320487976 1.94656765460968 1.99602866172791 1.93066024780273 1.89904999732971 1.78594243526459 1.69619047641754 1.77587831020355 1.87977981567383 2.06553816795349 2.26521015167236 2.53080058097839 2.80370855331421 3.09568953514099 3.36409521102905 3.67659878730774 3.99709486961365 4.28995895385742 4.57235717773438 4.79973220825195 4.81301498413086 4.73499393463135 4.56261014938354 4.5095911026001 4.43592166900635 4.32217836380005 4.20486307144165 3.72995233535767 2.9919753074646
0.941821098327637 0.956454813480377 0.963150680065155 0.959834516048431 0.975769758224487 1.01565682888031 1.05530369281769 1.06311762332916 1.10745024681091 1.15436410903931 1.22449123859406 1.24896764755249 1.25448393821716 1.30603790283203 1.47762274742126 1.56044971942902 1.75379371643066 1.84556519985199 2.00920557975769 2.06409740447998 1.9947921037674 1.96553862094879 1.84922087192535 1.76927495002747 1.86153638362885 2.07001638412476 2.27657890319824 2.44844913482666 2.62412905693054 3.02189326286316 3.26829051971436 3.44480514526367 3.77976298332214 4.10351133346558 4.40389108657837 4.70735311508179 4.93921279907227 4.96059417724609 4.87040758132935 4.67318439483643 4.5748176574707 4.48358297348022 4.39262676239014 4.29347085952759 3.8550443649292
0.988824188709259 1.01656591892242 1.02672445774078 1.02997124195099 1.02910482883453 1.05837249755859 1.05829250812531 1.06902527809143 1.09085941314697 1.12747120857239 1.1842874288559 1.26485562324524 1.29778277873993 1.3179624080658 1.34291005134583 1.44694530963898 1.60395789146423 1.80172073841095 1.90208053588867 2.06582164764404 2.12716674804688 2.05901169776917 2.03172183036804 1.93164968490601 1.89235687255859 2.08108353614807 2.24600672721863 2.34443140029907 2.51501107215881 2.8904013633728 3.13171219825745 3.34626150131226 3.53225708007812 3.87705898284912 4.21835422515869 4.52423095703125 4.83840417861938 5.08931589126587 5.10613918304443 4.97597789764404 4.72658252716064 4.71165180206299 4.54455947875977 4.4844913482666 4.43113374710083
1.03029429912567 1.04985725879669 1.08332860469818 1.09261667728424 1.09322702884674 1.08416259288788 1.08244371414185 1.0858815908432 1.0931441783905 1.11024355888367 1.1582190990448 1.21812522411346 1.3031632900238 1.36162889003754 1.36524450778961 1.43880689144135 1.48338878154755 1.63529336452484 1.83945894241333 1.93253839015961 2.12951111793518 2.19697976112366 2.11955785751343 2.08849000930786 2.03191137313843 2.09750509262085 2.19485855102539 2.29445219039917 2.41292190551758 2.64889717102051 2.95305061340332 3.20229411125183 3.42064094543457 3.61981010437012 3.97755551338196 4.32347965240479 4.65031814575195 4.9847412109375 5.23056983947754 5.23250246047974 5.25655508041382 5.11792516708374 4.86720561981201 4.70553922653198 4.7252049446106
1.07862973213196 1.09231984615326 1.12609958648682 1.14828717708588 1.14547097682953 1.1317195892334 1.11283230781555 1.10764575004578 1.10266327857971 1.1103892326355 1.14471578598022 1.19106566905975 1.266242146492 1.36287546157837 1.38925778865814 1.42948997020721 1.4919661283493 1.81440365314484 1.6458728313446 1.85520052909851 1.98367154598236 2.49405097961426 2.20281267166138 2.16238307952881 2.26595330238342 2.30442905426025 2.20192408561707 2.25874066352844 2.37302947044373 2.53609609603882 2.69554328918457 3.01051735877991 3.25699138641357 3.49428796768188 3.69821524620056 4.07599020004272 4.42856168746948 4.79066896438599 5.12458372116089 5.38474798202515 5.46175718307495 5.42672729492188 5.30223035812378 5.06689357757568 5.01137685775757
1.16963195800781 1.15412771701813 1.1629296541214 1.17425763607025 1.19024658203125 1.17947125434875 1.1640772819519 1.13602900505066 1.12155270576477 1.12517130374908 1.1476686000824 1.18228757381439 1.24348890781403 1.3092086315155 1.38528275489807 1.43107151985168 1.51650524139404 1.80129933357239 1.49742949008942 1.66065669059753 1.90061354637146 1.99439203739166 2.15669727325439 2.25344705581665 2.21155071258545 2.35552787780762 2.38765430450439 2.27283811569214 2.36362671852112 2.48068642616272 2.57681202888489 2.7185218334198 3.05349206924438 3.31195545196533 3.55899262428284 3.77181196212769 4.17889308929443 4.55762195587158 4.93151712417603 5.27902030944824 5.46884679794312 5.64652967453003 5.64905643463135 5.53060531616211 5.29463243484497
1.26015448570251 1.22319495677948 1.20558822154999 1.19534862041473 1.20442152023315 1.21476554870605 1.20302200317383 1.18400120735168 1.15408968925476 1.13773691654205 1.15337312221527 1.18444979190826 1.22479641437531 1.26576805114746 1.34366381168365 1.42806613445282 1.51597309112549 1.59605479240417 1.50725734233856 1.58363664150238 1.77474081516266 1.90537595748901 2.00335431098938 2.21457958221436 2.30139350891113 2.43576216697693 2.40710425376892 2.4352388381958 2.37679767608643 2.45079231262207 2.52866005897522 2.59952902793884 2.76073956489563 3.10647320747375 3.37340998649597 3.62583017349243 3.88031244277954 4.30758285522461 4.69548463821411 5.07647275924683 5.35537576675415 5.56439113616943 5.87747621536255 5.89104127883911 5.80260896682739
1.3856508731842 1.38313508033752 1.31224870681763 1.2597234249115 1.21172308921814 1.2203209400177 1.22866404056549 1.22106552124023 1.21343493461609 1.20504534244537 1.20405578613281 1.20149576663971 1.23340141773224 1.23557555675507 1.29732441902161 1.38651275634766 1.60154664516449 1.52731466293335 1.55793070793152 1.60549807548523 1.74619925022125 1.88162076473236 2.14238095283508 2.07099628448486 2.25569200515747 2.36453914642334 2.4853515625 2.42012000083923 2.46726942062378 2.49112319946289 2.52921223640442 2.60554814338684 2.71765685081482 2.82890033721924 3.15469455718994 3.43794465065002 3.72185707092285 3.99669671058655 4.43684339523315 4.84386491775513 5.12373495101929 5.36280345916748 5.78063726425171 6.12282562255859 6.17890119552612
1.61651408672333 1.64347803592682 1.64630115032196 1.42021250724792 1.27240478992462 1.22254002094269 1.38256359100342 1.22540545463562 1.2249321937561 1.24333071708679 1.24006605148315 1.22030854225159 1.21093678474426 1.23742818832397 1.26145088672638 1.32043313980103 1.57514870166779 1.45698595046997 1.53878045082092 1.62187314033508 1.7523205280304 1.94785809516907 2.09643650054932 2.04404449462891 2.21266627311707 2.29279446601868 2.39585971832275 2.52682757377625 2.61538743972778 2.72373843193054 2.67510151863098 2.65704679489136 2.70240259170532 2.79493641853333 2.86409687995911 3.21065020561218 3.54255223274231 3.83006691932678 4.1169638633728 4.52500820159912 4.78009843826294 5.14077615737915 5.56275081634521 6.00188732147217 6.40036487579346
1.85960805416107 1.98480987548828 1.9028867483139 1.51309061050415 1.35970818996429 1.37426137924194 1.28567981719971 1.24590730667114 1.25094413757324 1.26551866531372 1.27704215049744 1.25363719463348 1.23114418983459 1.22457802295685 1.25622248649597 1.29220592975616 1.4723494052887 1.39382541179657 1.4637748003006 1.61943769454956 1.9082465171814 2.1426317691803 1.87894773483276 2.03638005256653 2.26833558082581 2.42093205451965 2.5098397731781 2.62749075889587 2.74462270736694 2.87421607971191 2.91184186935425 2.87309575080872 2.75768899917603 2.7280285358429 2.82126832008362 2.9365541934967 3.31998920440674 3.63112735748291 3.93720126152039 4.22785139083862 4.39627361297607 4.87048578262329 5.33023881912231 5.77043867111206 6.24162340164185
2.07868194580078 2.0893075466156 1.910924077034 1.59768116474152 1.53411221504211 1.62585926055908 1.3691303730011 1.36805391311646 1.28749966621399 1.28786468505859 1.31193506717682 1.30378031730652 1.27730560302734 1.25265109539032 1.24607038497925 1.43744373321533 1.32065272331238 1.32403087615967 1.42782473564148 1.56854021549225 1.84388780593872 2.32717251777649 1.87517106533051 2.04730486869812 2.32755303382874 2.52161502838135 2.68978023529053 2.91732025146484 2.98456454277039 3.01502537727356 3.04788851737976 3.00492238998413 2.92482447624207 2.79311394691467 2.75991034507751 2.87919688224792 3.005202293396 3.4118013381958 3.74251961708069 4.06913185119629 4.16092348098755 4.49235057830811 5.02560663223267 5.51254653930664 6.0034556388855
2.1014621257782 2.15059924125671 1.97306847572327 1.69791531562805 1.646040558815 1.66212201118469 1.53220391273499 1.43514621257782 1.27750980854034 1.28056144714355 1.31480741500854 1.34495568275452 1.33446371555328 1.30758798122406 1.27970516681671 1.40988326072693 1.27814340591431 1.33034086227417 1.52538406848907 1.61953508853912 1.68536031246185 2.03247809410095 1.9287805557251 2.13477301597595 2.40610456466675 2.66693425178528 2.88448095321655 3.11778283119202 3.19625329971313 3.21314835548401 3.13821935653687 3.10462355613708 3.12314510345459 2.97438383102417 2.99317049980164 3.20864462852478 2.91804432868958 3.08959102630615 3.48952484130859 3.84106755256653 3.9323046207428 4.26406478881836 4.62408494949341 5.19276857376099 5.74550867080688
2.398193359375 2.24691438674927 1.92058539390564 1.77377772331238 1.82074248790741 1.97791922092438 2.15559196472168 1.972207903862 1.28522515296936 1.29081106185913 1.32058131694794 1.36263787746429 1.39917004108429 1.38024771213531 1.33892476558685 1.29724180698395 1.26416039466858 1.35291182994843 1.54018127918243 1.6579327583313 1.75628697872162 1.88860595226288 2.02093696594238 2.22897553443909 2.47615766525269 2.73444962501526 2.9941291809082 3.21901035308838 3.33428573608398 3.31751251220703 3.27547740936279 3.18234872817993 3.17524123191833 3.35151958465576 3.80555272102356 4.08085298538208 3.5321741104126 4.82702970504761 3.32260799407959 3.51241374015808 4.56721878051758 4.02176713943481 4.37315845489502 4.78010511398315 5.39630842208862
2.66267108917236 2.62699246406555 2.44346070289612 2.04468202590942 2.13411092758179 2.19342136383057 2.40137505531311 2.45015549659729 1.99261939525604 1.32332110404968 1.3491370677948 1.39440429210663 1.43391263484955 1.45133745670319 1.42351412773132 1.38115262985229 1.56589233875275 1.47831189632416 1.65937435626984 1.78593909740448 1.90674698352814 2.00134706497192 2.12977361679077 2.33175253868103 2.58184027671814 2.78989243507385 3.01521182060242 3.1972758769989 3.29365134239197 3.38657116889954 3.39695525169373 3.32862329483032 3.22562313079834 3.48782420158386 4.22057199478149 4.76256275177002 3.80929279327393 3.58140897750854 3.24789118766785 3.41869735717773 3.71760201454163 3.61872029304504 4.07363224029541 4.49409914016724 4.94471979141235
