slauniainen/Data/DEM/Vihti_dsm1500b_cl_horizonAngle_108.asc
NCOLS 196 
NROWS 178 
XLLCORNER 353680 
YLLCORNER 6699024 
CELLSIZE 16 
NODATA_value -3.4e+38 
[rows 80 to 99 of 178, columns 138 to 183 of 196]
35.6833152770996 2.4902081489563 31.1946830749512 9.04918670654297 10.5042695999146 4.76666784286499 4.01943254470825 8.54070377349854 11.8462152481079 14.0778293609619 12.9686918258667 19.3710079193115 1.56326627731323 -3.57974147796631 -3.55166029930115 -3.47716403007507 -3.88678741455078 -3.45312857627869 -3.261634349823 -2.51889133453369 -2.29795789718628 -1.6173734664917 -0.79662549495697 -0.138205274939537 1.85523104667664 2.09546828269958 2.49697017669678 3.06062912940979 3.1038715839386 3.34553337097168 3.48433685302734 3.727534532547 3.86381840705872 3.97808599472046 3.92601442337036 4.03962802886963 4.0112247467041 4.17449569702148 4.2598934173584 4.43716716766357 4.773118019104 5.08304166793823 5.44396018981934 5.63945960998535 5.80037069320679 6.11051225662231
14.8208513259888 51.1533851623535 9.74497890472412 2.19184255599976 9.90014839172363 3.66589379310608 1.64598369598389 4.03999805450439 15.9395637512207 18.1591033935547 6.63637781143188 -3.15394449234009 -0.0166372042149305 1.11921739578247 9.72400188446045 -2.42634201049805 -2.09822463989258 -3.41835713386536 -3.10293841362 -2.36268949508667 -1.56471192836761 -0.282799154520035 45.4634284973145 -0.251526862382889 1.21226418018341 2.06181788444519 2.32486152648926 2.73644638061523 3.31325674057007 3.45998430252075 3.59315037727356 3.74674272537231 3.86653852462769 3.99211931228638 4.24176740646362 4.36996459960938 4.49448823928833 4.37005138397217 4.41656923294067 4.38088321685791 4.69841003417969 5.05184316635132 5.43351459503174 5.88973951339722 6.25468349456787 6.62351417541504
18.4665260314941 43.6697540283203 29.811616897583 11.9278602600098 -0.466180175542831 2.59011077880859 -1.80384576320648 -0.352774739265442 13.4558954238892 7.19987344741821 7.3716344833374 -1.61899435520172 10.34543800354 -2.48410701751709 10.0053873062134 9.02083396911621 -3.50617909431458 -3.25150990486145 -2.89641404151917 -0.220467314124107 0.0906464233994484 0.187570437788963 0.0447675250470638 5.50685501098633 1.07760095596313 1.48377847671509 2.21602749824524 2.54307198524475 2.95401382446289 3.43932175636292 3.49092268943787 3.83058857917786 3.9853949546814 4.12552261352539 4.21891975402832 4.35966682434082 4.48241758346558 4.73704814910889 4.80778789520264 4.89543104171753 4.8300576210022 5.06935501098633 5.24835872650146 5.87320327758789 6.28905439376831 6.68981790542603
20.5640716552734 33.6446800231934 24.4069747924805 17.0883293151855 15.5913982391357 1.4004453420639 -2.63279318809509 -1.29460418224335 0.918590843677521 8.42964267730713 3.52421569824219 12.101842880249 -1.27429735660553 10.4078283309937 5.08306884765625 -2.09791350364685 -2.3729145526886 -2.06861281394958 -1.19259703159332 0.514683187007904 2.48932337760925 4.49178791046143 0.472462624311447 12.3792600631714 0.327283680438995 1.26135241985321 1.87871634960175 2.75141882896423 2.91004204750061 3.14318180084229 3.63088369369507 3.76727437973022 3.91997766494751 4.03782320022583 4.36656999588013 4.50843095779419 4.63604927062988 4.6655330657959 4.82850646972656 4.92493438720703 5.24555397033691 5.47687435150146 5.77507972717285 5.76829099655151 6.08955383300781 6.4924430847168
17.8086795806885 23.2787666320801 51.5683403015137 10.6343450546265 -0.830697238445282 13.5563611984253 -0.455595284700394 1.62003970146179 9.63224411010742 0.163995429873466 6.09132099151611 5.96061611175537 7.63045310974121 2.51861238479614 -0.860659301280975 4.17790651321411 -1.22637224197388 0.138037502765656 0.574051201343536 1.41747713088989 1.68080568313599 1.87804567813873 21.3912982940674 -0.395935922861099 0.813377559185028 1.38283956050873 2.0985734462738 2.55225920677185 2.92453551292419 3.07939791679382 3.5732855796814 3.99132037162781 4.15251922607422 4.68425512313843 4.70382499694824 4.51837301254272 4.46634721755981 4.88594388961792 5.01830816268921 5.15822649002075 5.17186641693115 5.42410516738892 5.66188716888428 6.19586324691772 6.53284645080566 6.90515327453613
0.130847334861755 17.6351890563965 36.1872787475586 34.072624206543 2.3140766620636 0.521041631698608 -1.34288549423218 -0.974004566669464 2.83781671524048 4.16311025619507 6.68876647949219 3.60177373886108 6.15081357955933 -2.67586159706116 -1.67292177677155 -0.533198356628418 -0.24391707777977 1.51561164855957 1.94597482681274 18.7126522064209 1.51140201091766 2.61914730072021 2.53585267066956 2.89647912979126 3.26858115196228 3.49261689186096 3.89494895935059 2.29343724250793 2.71619391441345 3.27627992630005 3.63444328308105 3.76511597633362 4.41576957702637 4.71910095214844 4.89244604110718 5.02094030380249 5.15839910507202 5.23565435409546 5.02360391616821 4.91305589675903 5.46151494979858 5.63407325744629 5.83401918411255 5.9703164100647 6.33473920822144 6.6711802482605
-1.67641866207123 3.81740522384644 7.32464170455933 39.8541374206543 29.7617588043213 -2.73718428611755 -0.502967655658722 -2.61723923683167 0.991969466209412 7.20821523666382 -0.929529964923859 18.2283515930176 -3.23339557647705 -2.82377099990845 -2.53327322006226 10.1045370101929 -1.39343130588531 5.50028705596924 8.04568576812744 2.3617045879364 3.03700542449951 3.29206943511963 3.64466309547424 3.58184123039246 3.97058939933777 4.41666650772095 4.54166698455811 5.01244640350342 5.01759147644043 5.3198561668396 3.71587800979614 4.2021107673645 4.03186130523682 4.78362274169922 4.94122743606567 5.07208776473999 5.20091390609741 5.36404705047607 6.01823091506958 6.72835493087769 7.52765274047852 7.26327610015869 5.4480242729187 6.1931004524231 6.52062177658081 6.86895179748535
-0.951388299465179 -0.906872391700745 3.01529812812805 5.37753915786743 18.7734413146973 11.2891721725464 22.2350463867188 2.16614818572998 -0.127339109778404 2.14478898048401 -2.47879815101624 13.3783874511719 1.08208608627319 10.8937549591064 13.1628179550171 23.0285587310791 -1.27903974056244 -0.159203752875328 -0.0231266338378191 23.0167770385742 0.208956077694893 2.33563303947449 3.38003706932068 4.33186292648315 4.73510074615479 5.13847732543945 5.6068696975708 5.78964376449585 6.29122066497803 6.53133106231689 7.16752862930298 7.25794744491577 7.70316982269287 4.61831855773926 5.02162647247314 5.13961887359619 5.25443649291992 5.39704465866089 5.6465311050415 6.26401138305664 6.99765920639038 8.92435073852539 10.3948822021484 12.5608396530151 12.7414646148682 16.5468730926514
-1.22865951061249 -0.962851464748383 -0.70943284034729 -0.254986435174942 3.06383395195007 27.8141994476318 -0.114628314971924 14.0594711303711 17.5252342224121 -0.0693533420562744 1.89062941074371 11.8026342391968 -1.10232520103455 7.60060787200928 5.76766967773438 18.3586902618408 23.4867248535156 31.3939628601074 23.2660331726074 2.89555978775024 -0.240947768092155 0.235878080129623 1.29924082756042 2.30715012550354 2.60673260688782 4.17940616607666 5.41211271286011 6.54567289352417 7.14097166061401 7.6897988319397 8.13781356811523 8.90008544921875 9.78194999694824 10.9453353881836 10.8993167877197 11.2152185440063 5.05705070495605 5.43360710144043 5.54640817642212 5.6766791343689 6.10821771621704 8.20166873931885 9.47807693481445 11.3794527053833 16.5577564239502 22.2510852813721
12.2188510894775 -0.388413727283478 -0.0847666040062904 0.417124718427658 0.574655652046204 0.965732276439667 14.994535446167 12.1946201324463 3.08591985702515 5.15136671066284 4.1491117477417 15.6358127593994 5.64700841903687 11.7295732498169 11.5547370910645 14.3565425872803 19.8686218261719 13.3585300445557 54.7094345092773 -1.88853371143341 -1.12088787555695 0.279963761568069 0.594867706298828 0.834933340549469 1.07990574836731 1.4713408946991 2.77405214309692 3.95489764213562 6.22828245162964 7.73252725601196 8.9448938369751 9.66633319854736 10.4222078323364 11.4712753295898 13.026047706604 14.8143272399902 17.1780414581299 16.952127456665 17.4655075073242 5.72106885910034 6.25719976425171 6.79392004013062 7.32427978515625 8.49505138397217 14.1154479980469 19.1092624664307
2.06668615341187 -0.000419698539189994 0.917156219482422 0.607507705688477 0.752630352973938 0.851077735424042 1.04223775863647 1.16486752033234 4.29230785369873 7.57682466506958 18.9165554046631 31.8854351043701 -0.102201998233795 3.66247963905334 15.9975633621216 20.1698436737061 26.9972305297852 41.7868194580078 -1.91066062450409 29.8947887420654 -1.02577924728394 -0.311331182718277 0.924160301685333 1.28375554084778 1.34927785396576 1.68614780902863 1.98685622215271 2.07900905609131 2.4964451789856 4.39566040039062 5.71506309509277 8.81205940246582 10.4155435562134 11.7014770507812 13.338906288147 15.1103076934814 17.5024890899658 21.9863815307617 27.6129379272461 36.1448364257812 35.2502174377441 35.1411552429199 6.96600246429443 8.03514099121094 9.64091396331787 13.094970703125
1.98491716384888 2.04649472236633 1.82293975353241 1.52936208248138 1.49408161640167 1.45183348655701 1.26726794242859 1.44593191146851 1.48735356330872 1.92709898948669 2.22176194190979 23.6926193237305 11.7311344146729 0.825977325439453 4.70910692214966 8.92813587188721 33.5351753234863 31.1241264343262 -2.06015920639038 0.758079409599304 -0.140106454491615 0.12756085395813 0.523109316825867 1.27782440185547 1.80102181434631 2.17475366592407 2.55991435050964 2.64111304283142 3.07854390144348 3.53529500961304 3.06232881546021 3.72943258285522 5.90227890014648 7.2973484992981 12.0709314346313 14.223521232605 16.199520111084 22.3333282470703 28.0204811096191 46.4930076599121 30.0753936767578 4.24876642227173 3.50365948677063 3.50288653373718 6.58863115310669 10.5666637420654
2.71345448493958 2.78570055961609 2.49436640739441 2.39607810974121 2.49240469932556 2.35124754905701 2.19761109352112 2.22693753242493 2.10845065116882 1.76121234893799 1.80335986614227 3.28242182731628 3.8430380821228 3.43919992446899 19.0313301086426 1.57643461227417 11.1177339553833 11.1962671279907 18.6129112243652 0.271429181098938 0.502765834331512 0.772089123725891 0.75518810749054 1.20229494571686 1.4522078037262 1.80086743831635 1.98693597316742 3.27726364135742 3.67868638038635 4.04889059066772 4.10771608352661 4.49880790710449 4.94466495513916 4.03334856033325 4.47534942626953 7.58726787567139 11.3919372558594 20.3097171783447 25.6738872528076 38.106071472168 41.309024810791 10.3702583312988 2.60927748680115 2.86513781547546 5.36456489562988 6.41893339157104
2.95005488395691 3.03005480766296 3.09259009361267 3.17774081230164 3.27348351478577 2.98896598815918 2.98765420913696 3.20612835884094 3.04065680503845 2.78540134429932 2.63541460037231 3.44493794441223 3.53345608711243 1.83207595348358 1.80133211612701 11.1938171386719 1.40775275230408 23.7229385375977 1.34022557735443 1.66585648059845 3.98275828361511 1.86853384971619 2.03429818153381 2.33264541625977 1.55125677585602 2.05303812026978 1.68511343002319 1.90403735637665 2.1878764629364 2.29659986495972 4.61354875564575 5.07726860046387 5.60212564468384 5.57070541381836 5.62807369232178 6.2330379486084 5.9379506111145 7.98846578598022 13.2744274139404 38.6717300415039 34.9397315979004 16.9608592987061 15.0945491790771 2.04719185829163 2.34190440177917 5.05639553070068
3.70576143264771 3.82278037071228 3.83051609992981 3.42889451980591 3.52063465118408 3.59907293319702 3.72133040428162 3.8944354057312 3.62681674957275 3.58031630516052 3.67105770111084 3.38196969032288 3.95022559165955 2.73680114746094 2.45419001579285 2.0463228225708 2.12236499786377 2.29955458641052 2.64853954315186 4.09217929840088 4.961021900177 2.58533811569214 2.5937831401825 2.92189264297485 3.06530046463013 3.7296130657196 4.13872575759888 3.12828230857849 3.44290041923523 1.93108904361725 2.1153244972229 2.39497113227844 2.49929761886597 6.54814577102661 6.9780592918396 7.41839408874512 8.28803730010986 11.2092008590698 15.7494640350342 23.3692016601562 7.01304006576538 22.2680530548096 16.2875442504883 2.5040876865387 18.723705291748 2.81713056564331
3.32755041122437 3.86725783348083 4.1126537322998 4.24072647094727 4.35153532028198 4.34259700775146 3.91832685470581 4.03940916061401 4.16073608398438 4.27170515060425 4.37220478057861 4.03456163406372 3.99081897735596 3.99281144142151 3.61686754226685 3.32962989807129 3.14186787605286 2.83013463020325 2.60070562362671 2.65035247802734 3.55311989784241 3.8035991191864 2.08376455307007 2.17843723297119 3.64423704147339 4.34259748458862 5.20018243789673 5.16037273406982 5.4966926574707 5.58915233612061 4.39408111572266 4.87237596511841 2.12021136283875 2.31511068344116 2.77607989311218 2.85988283157349 10.5015363693237 13.6231412887573 18.6116638183594 33.2897033691406 3.23444151878357 23.5375480651855 3.84798526763916 7.44371461868286 3.25854516029358 3.98496580123901
4.13343143463135 4.31301164627075 4.4921178817749 3.86180949211121 4.3819260597229 4.60563468933105 4.71577405929565 4.82144498825073 4.80853223800659 4.36021852493286 4.47023725509644 4.62171077728271 4.77035427093506 4.87055444717407 4.40891885757446 4.35498523712158 4.47517108917236 4.10356473922729 3.8046019077301 3.51546192169189 3.11655759811401 3.20896053314209 2.67364168167114 2.71966242790222 2.90795731544495 3.17343187332153 3.833829164505 6.07364845275879 6.83034896850586 7.62335681915283 7.31186580657959 7.6579737663269 8.49415016174316 6.75421667098999 7.93038558959961 2.89365315437317 3.13240480422974 3.41524028778076 3.49768424034119 38.9135894775391 3.00298047065735 5.56968641281128 4.12216186523438 18.7416934967041 3.67466235160828 4.21051025390625
4.55510711669922 4.08521223068237 4.26086091995239 4.71949672698975 4.85261297225952 4.97940635681152 4.27166223526001 4.79720020294189 5.02589559555054 5.15743780136108 5.29374122619629 5.28992748260498 4.85159063339233 4.98520469665527 5.12113761901855 5.25821399688721 5.40250205993652 4.91800928115845 4.88947343826294 5.01643371582031 4.55462980270386 4.26306915283203 3.97062158584595 3.54814743995667 3.02529335021973 3.58002924919128 3.96037650108337 4.48688554763794 5.42234373092651 6.39775276184082 9.02499485015869 10.3618984222412 12.2317199707031 11.8573045730591 16.3245162963867 20.6584987640381 16.0685443878174 18.6107444763184 3.49558067321777 3.65176725387573 3.7821159362793 3.85264587402344 4.12784194946289 4.26157808303833 4.68893384933472 5.36931180953979
4.48599052429199 4.86851930618286 5.05493688583374 5.20739984512329 4.60945463180542 4.74029111862183 5.1695613861084 5.2991738319397 5.43983936309814 4.69650077819824 5.26678800582886 5.52140522003174 5.6860556602478 5.85163116455078 5.82779598236084 5.35990142822266 5.52559041976929 5.69951343536377 5.87714624404907 6.05174589157104 5.47814416885376 5.50984716415405 5.71165037155151 5.21230268478394 4.96292734146118 5.09904623031616 4.76353359222412 4.40865993499756 5.13049840927124 5.94895505905151 7.03422546386719 10.1033411026001 13.2929105758667 18.7348594665527 20.9188594818115 28.7023582458496 12.2495126724243 8.84562397003174 13.6797494888306 2.87958931922913 3.67341065406799 3.73296284675598 3.90535259246826 4.04025316238403 4.08684301376343 4.71266508102417
5.49315786361694 5.77704381942749 5.01818799972534 5.16994762420654 5.40755891799927 5.55567264556885 5.71083784103394 5.07438468933105 5.22347784042358 5.65968799591064 5.82181310653687 5.99910879135132 5.21787548065186 5.82430505752563 6.0954327583313 6.28509140014648 6.49284982681274 6.47385740280151 6.00748062133789 6.17602014541626 6.40120267868042 6.63286733627319 6.87355327606201 6.23587894439697 6.32271957397461 6.54114675521851 6.77991104125977 6.21573734283447 6.70495367050171 7.37338161468506 11.5427551269531 9.56389999389648 11.7624530792236 16.0761547088623 20.6666011810303 4.74516248703003 19.9894618988037 1.45374023914337 3.05748105049133 2.27936148643494 2.44034433364868 3.93913388252258 4.01036214828491 3.91096830368042 3.99749898910522 4.15364027023315
