slauniainen/Data/DEM/Vihti_dsm1500b_cl_horizonAngle_168.asc
NCOLS 196 
NROWS 178 
XLLCORNER 353680 
YLLCORNER 6699024 
CELLSIZE 16 
NODATA_value -3.4e+38 
[rows 120 to 139 of 178, columns 92 to 137 of 196]
7.68169069290161 12.6001586914062 5.93071222305298 6.91768836975098 7.06636190414429 8.0267276763916 11.1741218566895 11.0480833053589 11.0589265823364 10.2967767715454 8.95903968811035 7.84749031066895 8.20387840270996 7.4419059753418 7.33547019958496 7.08348560333252 5.26705598831177 6.77268648147583 7.50582551956177 8.42685794830322 10.1953706741333 11.9804773330688 11.58664894104 15.7363805770874 12.3012161254883 16.4764156341553 16.6471672058105 23.0150890350342 16.0532684326172 19.2218456268311 32.5390625 19.3853397369385 24.755069732666 20.8684959411621 27.2858238220215 31.9107112884521 24.9797859191895 16.4760475158691 16.3865165710449 26.3328285217285 36.3804206848145 34.3042297363281 23.8169460296631 17.2361125946045 25.0915012359619 14.9025049209595
3.80852675437927 5.93160963058472 23.3702983856201 7.7705397605896 7.55187797546387 8.97008514404297 11.8955268859863 11.8831548690796 11.7923774719238 10.9395341873169 9.86423969268799 8.66736030578613 8.58922386169434 7.79201078414917 7.7154393196106 7.43242931365967 5.9648265838623 7.01876449584961 7.93249893188477 8.45233726501465 10.2737760543823 14.7145643234253 11.8596696853638 10.7686891555786 11.4504890441895 15.1128778457642 17.76513671875 20.3344593048096 20.8788185119629 24.0200099945068 17.2877616882324 16.1049995422363 19.7864837646484 23.7192630767822 19.7561779022217 22.5650463104248 19.9661426544189 16.9072113037109 20.0641193389893 21.2436676025391 30.4535179138184 43.1899833679199 36.5782737731934 29.9065589904785 39.3673133850098 17.4790210723877
14.5087938308716 6.39296865463257 8.01142883300781 8.95302295684814 8.11888027191162 9.14825344085693 12.9710264205933 12.7787456512451 12.6277561187744 11.6648836135864 10.5197248458862 9.61887454986572 9.27881050109863 8.43408584594727 8.42742156982422 7.93402910232544 7.3334903717041 6.66311073303223 7.63054990768433 9.06083393096924 11.5947294235229 19.0058975219727 13.439061164856 10.704607963562 18.7027626037598 16.9343681335449 15.0363607406616 9.54895114898682 27.3531303405762 21.366117477417 27.1950435638428 16.7295246124268 19.9635562896729 23.3855533599854 12.0561590194702 11.9619188308716 17.4071044921875 7.48964691162109 12.4014205932617 10.7647180557251 18.1290588378906 28.2129936218262 41.5023880004883 38.9159202575684 34.4256896972656 34.2252655029297
4.57861089706421 7.32881212234497 13.4566192626953 9.69772815704346 9.60755062103271 9.9535608291626 13.8195495605469 14.3968801498413 14.1800117492676 13.083667755127 12.7185916900635 10.8807525634766 10.0443906784058 9.31326103210449 9.13380813598633 9.34206676483154 8.86519718170166 6.84993600845337 7.84027767181396 11.0949325561523 14.8333215713501 24.2534084320068 24.9455509185791 11.6035528182983 11.9970855712891 14.1420154571533 10.3589000701904 9.5532169342041 22.0011692047119 20.6816577911377 16.8200550079346 19.7525100708008 10.8241748809814 9.65076065063477 10.4781980514526 8.37621116638184 8.66489410400391 8.58545303344727 20.8345565795898 11.9448232650757 5.99080371856689 11.992377281189 23.8743419647217 44.8451843261719 16.4853935241699 39.256965637207
5.43406438827515 7.65225744247437 9.64170169830322 9.96094989776611 14.336277961731 11.7337732315063 14.6381139755249 15.7136182785034 15.3510608673096 14.9654016494751 13.8976573944092 12.3067283630371 10.5991926193237 10.0333127975464 9.7606258392334 9.94329833984375 9.4645824432373 7.32079124450684 8.32815551757812 12.7888984680176 13.6767129898071 11.9194431304932 17.9091796875 11.7104396820068 13.3428564071655 12.0375938415527 10.9869174957275 12.0443620681763 6.87617874145508 9.79845523834229 22.012451171875 11.2006025314331 11.4879274368286 13.7304239273071 8.68088340759277 7.2826886177063 9.98551368713379 9.30918407440186 4.37552118301392 3.87820386886597 8.0395975112915 20.9207153320312 26.5110397338867 6.01210165023804 18.3820152282715 16.073429107666
6.4262490272522 9.07883453369141 11.0867099761963 10.4438419342041 10.7740249633789 12.0440578460693 15.989709854126 17.0739784240723 16.9149589538574 16.3203277587891 15.3007373809814 13.4431524276733 12.2233533859253 11.3500804901123 10.464542388916 10.6161289215088 10.060640335083 7.8440146446228 8.57156467437744 10.1841564178467 18.5318012237549 20.641544342041 11.0792398452759 12.0720767974854 12.3436145782471 14.1277055740356 11.8756990432739 9.56817722320557 9.59716796875 8.74577236175537 10.8278484344482 11.4632139205933 13.6822185516357 14.0397920608521 10.5093965530396 7.41755771636963 11.4195327758789 8.97129821777344 9.13729476928711 11.7682571411133 11.5090274810791 6.25575256347656 0.84342360496521 3.94145488739014 17.0902805328369 20.3084182739258
4.82527494430542 10.4097080230713 11.1141996383667 12.2518062591553 11.3280344009399 24.2149982452393 25.9006462097168 18.6734828948975 19.035135269165 17.3365497589111 16.9904594421387 14.8070831298828 14.2207088470459 12.1279039382935 11.3827753067017 11.364031791687 10.7896537780762 8.11250114440918 8.2303466796875 13.1836414337158 9.20983123779297 10.4098625183105 12.0955152511597 17.4274005889893 11.8059501647949 13.7994651794434 12.2331619262695 10.8841772079468 10.5210304260254 16.036527633667 15.5419425964355 14.7502069473267 16.41428565979 21.9614372253418 17.9316959381104 7.69588232040405 16.512601852417 13.8701248168945 22.994234085083 16.8274993896484 15.6869096755981 11.1828136444092 10.852518081665 4.63309907913208 13.1550264358521 5.38696908950806
6.19408845901489 12.137806892395 12.457724571228 21.853006362915 13.6493377685547 15.1099328994751 28.5782833099365 19.6631355285645 21.8560733795166 21.5367698669434 20.142936706543 19.5999450683594 16.8697032928467 13.374119758606 13.7601842880249 12.0065288543701 11.889084815979 10.5939817428589 9.47984409332275 15.2862491607666 9.47454929351807 11.0831079483032 13.2415208816528 14.6105918884277 12.8248605728149 14.3616104125977 14.7434854507446 17.8026828765869 21.0108203887939 21.5534191131592 26.0190334320068 35.3720626831055 21.8620853424072 22.2119674682617 32.2413482666016 27.9146575927734 25.4870510101318 24.2181949615479 27.9681415557861 30.8986072540283 24.9447917938232 18.121675491333 13.7301435470581 17.8218364715576 16.6103401184082 9.97011947631836
7.07656145095825 13.5481452941895 23.9479579925537 15.0825233459473 16.2013244628906 12.4234142303467 12.4993257522583 20.2174320220947 22.0664348602295 23.7576026916504 22.1796169281006 22.4708652496338 19.3866367340088 15.7926473617554 15.857629776001 14.201976776123 12.9978857040405 12.3009128570557 11.639443397522 11.8844585418701 10.6952524185181 12.3060321807861 15.7166624069214 14.6138153076172 13.1540412902832 15.0232620239258 19.6244316101074 18.04514503479 21.0532665252686 25.2589416503906 41.0298767089844 17.7535591125488 24.7922439575195 18.8913745880127 23.9262809753418 7.91164541244507 30.7559413909912 34.4608383178711 26.6965446472168 43.9795799255371 11.0443487167358 9.11192989349365 12.8374090194702 25.7725143432617 26.8471031188965 14.7773933410645
8.6938943862915 14.1561574935913 12.045147895813 34.755672454834 16.6995449066162 16.3999881744385 15.0381774902344 24.3988800048828 23.0044956207275 31.0118255615234 26.0468997955322 25.2416477203369 23.4821243286133 19.2132701873779 20.2314224243164 18.2791595458984 14.9974718093872 13.9606399536133 15.6812887191772 13.2045288085938 9.22476768493652 11.309928894043 19.2336502075195 17.7662658691406 13.2286548614502 12.8746929168701 17.2181568145752 19.6367931365967 19.4114475250244 17.8037128448486 19.1787204742432 20.8200912475586 14.8937692642212 31.1559753417969 30.7112426757812 18.0147228240967 21.5611267089844 35.1771354675293 30.142391204834 0.305073261260986 11.1642179489136 12.6725406646729 6.52309942245483 0.203216075897217 0.127521172165871 12.785943031311
10.9825019836426 13.7026786804199 15.6356620788574 13.2139587402344 12.8050594329834 14.6465787887573 19.7998600006104 33.8569679260254 27.6897926330566 42.6227264404297 30.142541885376 29.5870685577393 33.6835556030273 21.6624336242676 20.9683570861816 26.2298545837402 23.4182758331299 16.0278720855713 11.736123085022 21.0771751403809 9.14013195037842 15.0033264160156 14.1879549026489 16.586009979248 17.4412498474121 17.703483581543 17.597448348999 21.5363693237305 20.6778793334961 14.6340465545654 16.4252529144287 28.6485176086426 24.4716014862061 8.60470581054688 4.87741041183472 12.295334815979 12.9105978012085 1.27723157405853 -0.854181468486786 1.05373966693878 -0.730430006980896 18.054027557373 -1.28138399124146 1.13638985157013 8.22209548950195 19.1037445068359
9.81434059143066 19.3052387237549 22.5410861968994 25.0362510681152 29.9653415679932 21.2948989868164 17.7934093475342 16.4778575897217 24.0359230041504 26.1168098449707 46.0134658813477 40.0543518066406 42.5708923339844 31.5143737792969 25.117654800415 47.0396118164062 43.6431312561035 18.4661655426025 18.2190723419189 37.6506767272949 11.5948762893677 19.2973155975342 14.975715637207 20.8372058868408 20.3612384796143 20.3135356903076 21.0125923156738 21.9457912445068 27.729829788208 25.8629684448242 26.1211185455322 15.9041881561279 11.1537303924561 5.86757373809814 7.44584226608276 4.89579200744629 6.81399631500244 6.78999948501587 6.52768182754517 11.7692089080811 3.88983035087585 -1.03583443164825 -0.504300475120544 1.19680690765381 4.2165265083313 35.9146537780762
19.7655372619629 26.5814170837402 27.24560546875 32.7260704040527 41.7995338439941 15.6781196594238 19.5534229278564 18.7723979949951 34.4789123535156 23.7702503204346 32.8415336608887 31.2635917663574 26.1676044464111 41.9612045288086 29.5575523376465 15.8027114868164 13.0695524215698 33.6374359130859 36.5868644714355 8.27338218688965 25.9174995422363 28.4423789978027 14.1527910232544 22.6622714996338 17.4772109985352 20.2350521087646 24.8847332000732 28.7966499328613 17.7065505981445 7.71536064147949 1.40091574192047 -1.52659499645233 0.372150540351868 4.81450653076172 10.5971612930298 13.1247444152832 6.4516749382019 8.98688793182373 5.86725759506226 12.3402786254883 12.1698160171509 9.98356914520264 6.65806293487549 4.31337547302246 -0.131030023097992 3.65877032279968
26.0512218475342 29.9222965240479 37.9775276184082 47.5938186645508 23.809606552124 20.5781745910645 25.2674331665039 19.366907119751 10.9994144439697 23.0649070739746 33.9983825683594 31.2050323486328 34.4930191040039 19.3971366882324 15.7827596664429 18.7654819488525 29.6912670135498 19.3398876190186 15.6121587753296 13.7733116149902 13.8328905105591 9.67862796783447 26.0571022033691 20.2602634429932 28.2634983062744 15.7114906311035 20.0848560333252 12.4784526824951 8.90756130218506 0.122880376875401 1.90917789936066 5.87780380249023 3.21006894111633 12.4371423721313 20.0811462402344 18.8713874816895 10.3883905410767 9.98180961608887 12.7831134796143 28.1089000701904 28.3033046722412 4.47836589813232 6.87242364883423 2.4344265460968 23.5587005615234 2.33372259140015
23.4585227966309 43.7158813476562 35.8141975402832 15.780143737793 30.3907470703125 23.8533897399902 12.6487216949463 20.5260848999023 8.14363479614258 13.8415040969849 7.2930121421814 21.3399829864502 12.693603515625 16.1650905609131 21.6095409393311 12.8440160751343 17.8895683288574 21.6549015045166 26.0538482666016 18.8102684020996 12.2909002304077 14.5179033279419 15.6758050918579 19.5725860595703 14.5536966323853 15.6766939163208 14.4383821487427 15.3812551498413 7.11374473571777 2.87682175636292 -0.775423467159271 15.0783548355103 1.54590857028961 0.117268718779087 -1.65778243541718 -2.11064743995667 -2.19354319572449 -2.29942846298218 18.0637588500977 -0.910003185272217 -1.0585994720459 5.55773496627808 -0.207033276557922 2.62039685249329 2.22162961959839 4.8969554901123
29.4563217163086 18.0727252960205 23.9359893798828 23.8524284362793 16.5365734100342 11.0975770950317 8.10897827148438 7.46611404418945 11.7388792037964 4.7301664352417 6.3204607963562 7.63710927963257 11.7553415298462 12.3148574829102 22.618257522583 27.9407558441162 16.5416851043701 18.0214233398438 34.6919021606445 21.0965805053711 9.45962619781494 18.140962600708 11.160514831543 14.6655492782593 14.3593864440918 11.5544719696045 8.36942577362061 25.9803581237793 16.0346946716309 -0.51325386762619 24.6308193206787 -1.34785187244415 -1.25621199607849 11.1400814056396 -1.52704191207886 -1.8779354095459 -1.60519278049469 -2.11314296722412 9.227783203125 3.0049102306366 0.566130518913269 -0.698601841926575 2.04285931587219 17.2492580413818 9.60530948638916 23.2146110534668
33.0687294006348 15.4940872192383 35.221981048584 38.1484222412109 24.3801136016846 20.6364326477051 18.7245426177979 6.72815132141113 6.52517080307007 6.81922769546509 5.88500785827637 5.04879570007324 4.47704219818115 4.67959356307983 7.49385643005371 11.9045391082764 20.4132328033447 26.6777305603027 32.1865119934082 20.4145011901855 8.19836711883545 8.10699272155762 19.5209064483643 12.5197706222534 11.3056230545044 14.1142578125 9.72635936737061 0.990063190460205 -0.048882469534874 7.58526706695557 5.30552291870117 -1.26084876060486 8.58432579040527 -1.48118650913239 -1.17597222328186 -1.49110543727875 -0.982302963733673 -1.81313943862915 -2.60312843322754 11.1814203262329 6.2861328125 9.10073184967041 2.48952150344849 3.48892426490784 4.77289533615112 3.8602077960968
14.3415555953979 19.5833683013916 3.23238134384155 3.84121489524841 9.96865463256836 25.3902835845947 5.76421785354614 7.70757102966309 19.9696807861328 13.4971647262573 16.0205535888672 22.7088890075684 27.3878765106201 22.9804077148438 15.2024221420288 15.3646068572998 14.4916286468506 20.5529556274414 13.3639268875122 29.3101348876953 16.4895153045654 8.42511940002441 12.3013610839844 15.5003776550293 8.64386749267578 7.78392219543457 9.90227603912354 0.405474811792374 6.59991216659546 11.8552598953247 10.267315864563 4.26107692718506 -1.49465656280518 -1.42991459369659 0.620406568050385 -1.26688289642334 -0.387815624475479 -0.252842336893082 17.4166374206543 -2.04908847808838 -0.0349676460027695 0.632690250873566 3.03981018066406 2.5709764957428 8.08928489685059 17.9219760894775
22.0553913116455 20.004861831665 3.53141832351685 3.92878007888794 3.90037417411804 3.82782506942749 5.85493421554565 10.468355178833 9.99595546722412 14.1726093292236 16.5923328399658 10.5388927459717 6.13018941879272 7.50863122940063 19.3859977722168 20.6391582489014 10.5013303756714 7.73363494873047 12.9524698257446 19.282470703125 6.19219207763672 9.18018627166748 10.0496549606323 18.0365867614746 8.7227897644043 9.66993713378906 4.83332395553589 9.38099193572998 23.0853595733643 13.0391216278076 -0.0556817427277565 -1.17978739738464 -0.508720993995667 6.95790958404541 3.83778762817383 5.56233310699463 -0.278385400772095 8.48175048828125 -1.94395482540131 11.5432024002075 6.77886295318604 2.42218255996704 3.60301733016968 5.62691736221313 8.71631145477295 12.0247936248779
12.3102550506592 3.46916770935059 5.46746301651001 7.8222279548645 13.6783885955811 6.8125958442688 8.20145702362061 8.94148063659668 9.688157081604 11.3040342330933 9.65224933624268 10.2129096984863 10.3618955612183 17.8266887664795 5.87101221084595 4.21614074707031 17.9678344726562 10.6737432479858 5.37650728225708 9.90560436248779 11.9763431549072 17.0056037902832 10.5194664001465 10.4030017852783 22.4471569061279 6.50701665878296 15.6606388092041 9.62181854248047 -2.04260993003845 14.3298282623291 1.87651610374451 3.22341656684875 -1.02498912811279 7.05881023406982 12.1552267074585 13.2743883132935 6.70796203613281 3.90834379196167 3.00737142562866 1.8726989030838 20.1869010925293 4.69275188446045 3.01902794837952 5.88888502120972 3.96478462219238 12.910493850708
