slauniainen/Data/DEM/Vihti_slope_16m.asc
ncols         196
nrows         178
xllcorner     353680
yllcorner     6699024
cellsize      16
NODATA_value  -9999
[rows 90 to 119 of 178, columns 68 to 135 of 196]
-9999 -9999 -9999 -9999 -9999 -9999 -9999 -9999 -9999 -9999 -9999 -9999 7.538887 8.085316 6.260312 3.407822 4.736659 2.854791 1.328456 4.462002 7.860831 5.221974 0.940742 0.2588475 0.2694033 0.2273814 0.2162556 0.3628437 0.5537105 0.6536633 0.4579885 0.2359249 0.5052732 2.627189 17.76726 31.12853 24.7953 16.83132 16.6892 17.77688 19.79666 19.93893 17.7319 15.6234 11.92892 7.095707 3.705852 1.485884 0.1406718 0.3252447 0.8991926 1.882428 3.515047 5.889738 8.105743 5.56936 0.8573875 0.6840535 0.7602249 0.7034382 2.568562 5.915658 6.929817 6.173629 6.411402 7.100952 7.480789 7.635917
-9999 -9999 -9999 -9999 -9999 -9999 -9999 -9999 -9999 -9999 -9999 -9999 2.997458 6.037651 6.168645 2.546651 3.44053 2.184072 0.7628103 3.616928 6.563202 5.774891 2.188128 0.5374274 0.373479 0.2881114 0.2261511 0.2989552 0.4545662 0.5693733 0.5227003 0.1688367 0.2789398 1.468591 14.58385 32.92686 31.36267 16.09157 9.067554 10.17407 12.6096 15.46701 15.83427 14.88557 13.51439 10.44317 6.292578 3.275732 1.639286 0.586439 0.06801015 0.5397671 1.552339 4.648399 10.38627 8.014503 3.250512 3.245903 1.354714 1.631008 5.11726 7.952304 8.984959 7.920866 6.558323 6.970432 7.285829 7.713934
-9999 -9999 -9999 -9999 -9999 -9999 -9999 -9999 -9999 -9999 -9999 -9999 -9999 3.589144 4.679986 1.874478 1.466251 2.108455 3.045013 3.974712 4.920724 4.80076 2.523337 0.6642913 0.3874072 0.2706389 0.2105528 0.2854643 0.3894696 0.504969 0.5515608 0.2943356 0.1073329 0.5358826 9.217128 30.54411 35.65965 22.3554 8.803481 2.896042 6.779191 10.3227 12.89879 12.57454 10.99943 9.902885 7.819604 6.294744 5.987533 4.945977 2.861907 0.9332635 0.6678477 3.685625 10.10295 10.66997 3.425009 3.606723 4.629251 4.668597 7.223232 9.034851 8.758362 7.503604 6.174612 6.419946 7.270689 7.991674
-9999 -9999 -9999 -9999 -9999 -9999 -9999 -9999 -9999 -9999 -9999 -9999 -9999 4.498646 3.108427 0.8659388 0.4524349 2.168294 3.921692 4.693443 4.61917 3.826403 1.880682 0.4244725 0.2904379 0.2694065 0.3019049 0.3838621 0.4455757 0.4836746 0.5331489 0.3931872 0.09121568 0.2223038 4.796334 24.86344 35.86854 27.53071 14.84909 5.166445 2.015122 5.633421 10.1858 12.07392 9.924888 7.459525 5.74529 5.230004 6.874021 7.761628 6.253128 3.147424 0.2723658 2.838854 7.402528 10.33539 8.780626 3.73435 6.673287 9.00524 8.720037 7.594829 6.061839 5.286518 4.825655 4.464023 4.569919 5.682397
-9999 -9999 -9999 -9999 -9999 -9999 -9999 -9999 -9999 -9999 -9999 -9999 -9999 3.181321 2.311729 1.307842 1.627579 2.943819 3.921434 4.270899 3.753366 2.487528 0.947426 0.1786797 0.2242928 0.2322067 0.1986898 0.2673139 0.472585 0.5826454 0.5688574 0.453687 0.1781038 0.1975147 2.327057 18.11083 33.58633 30.19596 18.37423 9.803942 4.888352 0.1206469 6.478396 11.68014 11.75531 7.262266 4.311701 0.8529716 0.4382462 3.613033 5.441284 4.045119 1.133121 2.518206 6.163811 9.244085 11.66872 5.625166 7.186733 11.53547 10.15754 6.89054 4.338058 3.651435 4.340545 5.178528 5.120877 5.080956
-9999 -9999 -9999 -9999 -9999 -9999 -9999 -9999 -9999 -9999 -9999 -9999 -9999 1.790437 2.192804 2.625147 2.842164 3.824935 4.197584 3.229656 1.820481 0.8140705 0.1704438 0.1174453 0.1603624 0.1682795 0.146508 0.09969147 0.2790873 0.5698475 0.713309 0.590613 0.2938364 0.1981833 0.9432714 11.35832 30.12707 32.47306 21.13721 12.31728 9.175395 6.337789 4.448152 8.822247 12.51997 8.570569 5.468254 3.752741 5.679589 7.235361 6.181637 4.468006 3.025825 3.509204 6.803549 9.92048 13.04366 6.576804 7.606972 12.08205 10.51937 6.72551 3.230249 2.384042 3.595706 4.845721 5.282468 6.123698
-9999 -9999 -9999 -9999 -9999 -9999 -9999 -9999 -9999 -9999 -9999 -9999 -9999 1.498871 2.181266 3.169769 4.015533 4.253988 3.541461 1.858018 0.4374698 0.08992903 0.1460477 0.1392117 0.09248701 0.1286355 0.1376059 0.1372171 0.159878 0.3225428 0.6561186 0.753073 0.4463698 0.1629517 0.3387837 5.454771 24.15168 33.89357 25.67132 14.57706 11.50143 11.53047 10.51731 8.987536 11.17896 9.789473 7.81622 6.707433 7.717978 8.854931 8.612556 7.116942 6.026674 6.521577 9.658257 12.55955 14.14415 8.007331 6.508958 11.57968 10.50704 6.720605 2.651666 1.693844 3.573484 5.074794 5.524333 6.31526
-9999 -9999 -9999 -9999 -9999 -9999 -9999 -9999 -9999 -9999 -9999 -9999 3.691495 3.166487 3.058725 3.159052 3.594647 3.198902 1.985955 0.7784115 0.08617667 0.1096547 0.1158509 0.07908578 0.09685687 0.0836437 0.1646518 0.205051 0.1965006 0.1795478 0.3956178 0.6996411 0.6420267 0.3232924 0.1731043 1.58004 14.96272 30.96734 30.00262 20.17533 16.23619 17.05426 18.00078 16.69093 14.32609 12.28877 10.80681 10.07811 10.48771 11.00055 11.32613 11.86718 12.27532 12.87118 14.19475 17.02898 15.39618 9.340926 5.767584 10.78804 10.50994 6.267064 2.269892 1.728949 4.132366 5.727312 5.980286 6.317132
-9999 -9999 -9999 -9999 -9999 -9999 -9999 -9999 -9999 -9999 -9999 -9999 7.24424 6.326258 4.558347 2.750224 1.893738 1.1823 0.5340924 0.1726229 0.05479101 0.04838548 0.008245417 0.09095271 0.08191945 0.1618425 0.1929939 0.221868 0.21501 0.2000924 0.2694971 0.5154064 0.7341383 0.606593 0.2471971 0.3363054 6.844407 22.65855 29.16403 25.88539 22.4675 20.7294 20.5307 20.17555 17.97823 15.39201 13.91701 13.42556 13.29268 13.56606 14.00882 15.63981 17.62454 17.23089 16.99312 20.34078 16.31471 11.55495 11.23357 12.01027 10.30275 5.113756 1.586022 2.546134 5.081068 6.286773 6.316018 6.229501
-9999 -9999 -9999 -9999 -9999 -9999 -9999 -9999 -9999 -9999 -9999 8.189833 9.504966 10.00959 7.296766 3.722685 1.389065 0.2033214 0.01799929 0.02144336 0.04715427 0.01748793 0.04146791 0.03340665 0.1197378 0.155 0.104483 0.1918968 0.2537421 0.2531534 0.2561999 0.3478762 0.6119667 0.7893572 0.4990247 0.1371529 2.58722 12.69615 21.68894 23.60381 20.80016 17.58415 16.41321 16.40073 16.45793 15.97831 15.33565 15.2502 15.55142 15.95568 15.68848 15.52444 14.9437 13.19542 17.73743 21.66455 18.24573 18.87383 19.34433 16.11103 11.17506 6.153896 3.447789 3.764128 5.866025 6.463156 6.532801 6.31899
-9999 -9999 -9999 -9999 -9999 -9999 -9999 -9999 -9999 -9999 -9999 6.036312 8.511507 11.57564 10.44173 5.670305 1.7688 0.07376646 0.02884187 0.02413403 0.05134635 0.04152136 0.01750039 0.1151305 0.2291362 0.2494975 0.2790632 0.2879783 0.2598841 0.2541865 0.2751373 0.2441528 0.3809737 0.7100616 0.735204 0.3106461 0.7617361 5.177125 11.81169 15.70148 14.1024 11.46223 10.95653 11.13843 12.54272 14.24419 14.79688 15.07013 15.03145 13.45989 10.82133 8.393476 6.250312 5.508706 14.58869 21.72943 24.33282 24.33897 20.23993 15.46484 12.00789 9.723955 8.300092 6.510791 6.253073 6.455054 6.598197 6.398436
-9999 -9999 -9999 -9999 -9999 -9999 -9999 -9999 -9999 -9999 -9999 4.631135 5.716454 9.546046 11.70925 7.962857 2.495628 0.1849407 0.05763781 0.03537872 0.04748562 0.06153107 0.08779751 0.2348886 0.3037925 0.2915732 0.3056158 0.3186668 0.2961453 0.2412681 0.2462601 0.1361002 0.1544689 0.4341607 0.7299622 0.6190299 0.1177311 1.385729 5.801473 11.48605 11.95423 9.090657 8.088479 9.379171 11.38579 12.62971 13.06533 12.54266 10.21636 6.319177 3.396187 1.655077 0.6964151 1.134075 6.458728 13.33799 17.37948 17.88241 15.79919 12.22412 12.1679 12.40323 11.46718 9.424888 7.450493 6.713916 6.520946 6.235337
-9999 -9999 -9999 -9999 -9999 -9999 -9999 -9999 -9999 -9999 4.168641 6.658418 5.475344 7.491113 10.93706 9.415545 3.615677 0.4083281 0.05874835 0.02448463 0.01815919 0.09231211 0.1622354 0.2442297 0.2315152 0.1158674 0.0601658 0.1458765 0.2350707 0.2345614 0.2413142 0.1124935 0.05127007 0.1977384 0.5331123 0.7409059 0.5230805 0.2450653 2.380435 7.616141 11.23868 10.85139 9.678544 10.36212 10.66155 10.06869 8.97605 6.92105 4.001408 1.40303 0.3705966 0.1704046 0.1801253 0.2406619 0.5394958 1.456323 3.080609 7.83861 12.9193 13.07446 12.85182 12.43099 11.69775 10.73145 9.49625 7.846782 6.451572 5.633192
-9999 -9999 -9999 -9999 -9999 -9999 -9999 -9999 -9999 -9999 2.434805 7.721467 5.740263 6.652502 9.85956 9.506757 4.403406 0.6899173 0.057669 0.05184311 0.005889252 0.1369486 0.1093145 0.1616464 0.1884749 0.06674812 0.05672554 0.03871961 0.1000797 0.2079905 0.201591 0.1804693 0.06552905 0.06330954 0.2627612 0.5150523 0.6191062 0.503745 0.1552798 2.347159 6.306327 9.190496 9.694677 9.096852 7.545471 5.785889 3.792818 1.822963 0.672112 0.2353976 0.1918973 0.1704801 0.1916149 0.2565956 0.2114858 0.1341725 0.252486 2.346962 6.705415 9.197668 9.600247 10.18293 10.3734 10.1113 9.914776 8.698801 6.662975 5.025556
-9999 -9999 -9999 -9999 -9999 -9999 -9999 -9999 -9999 -9999 -9999 7.359778 6.454434 7.054009 9.365143 8.794778 4.33477 0.8094682 0.1115544 0.06316359 0.03905009 0.1106735 0.113774 0.180546 0.2075225 0.06007528 0.04313906 0.06384755 0.0927854 0.1813651 0.1176811 0.1522809 0.1100856 0.0464603 0.07812617 0.2139376 0.3537673 0.4271439 0.4330421 0.1922426 1.101167 3.016518 4.088565 3.775001 2.696966 1.640573 0.7207032 0.2040856 0.1652857 0.08879223 0.07597975 0.07375966 0.08537469 0.1143683 0.1220025 0.122466 0.1427271 0.211498 0.8407224 1.768933 3.128121 5.683809 7.572357 7.644742 7.715827 7.707295 6.716996 5.039713
-9999 -9999 -9999 -9999 -9999 -9999 -9999 -9999 -9999 -9999 -9999 6.386854 7.351248 7.84402 9.051624 7.684693 3.526145 0.6175264 0.1578558 0.07500857 0.07179224 0.03510356 0.07393561 0.2118627 0.2256806 0.07901637 0.0712809 0.08023445 0.1225334 0.1691582 0.1036942 0.09670755 0.1349431 0.150722 0.1204018 0.1349944 0.208082 0.2630325 0.3097823 0.3852213 0.3554291 0.1446775 0.1511089 0.207101 0.1183199 0.04705247 0.0646927 0.1152293 0.1214741 0.04832353 0.06373811 0.07094898 0.08005375 0.08707231 0.09238021 0.1094753 0.1177921 0.1770227 0.2693772 0.3710814 0.4871321 1.541783 3.601084 4.694493 5.136605 5.635377 5.9274 5.256679
-9999 -9999 -9999 -9999 -9999 -9999 -9999 -9999 -9999 -9999 -9999 5.548169 7.4611 8.266392 8.542655 6.151679 2.307884 0.3339612 0.1168591 0.07567301 0.09980413 0.08711173 0.0723779 0.1465301 0.1792897 0.1971565 0.1297113 0.05629504 0.1312735 0.1403083 0.1005473 0.06730493 0.08695965 0.1591384 0.1642298 0.098988 0.1134179 0.1415276 0.1401785 0.2411759 0.3576724 0.35326 0.2913869 0.2077008 0.1792906 0.168019 0.1232608 0.09434447 0.07891967 0.04833315 0.07148678 0.04972442 0.05103577 0.07538097 0.09088657 0.1077475 0.1222933 0.1609008 0.2024467 0.2727228 0.270453 0.2669852 0.821294 1.625899 2.089967 2.441236 3.209417 3.801819
-9999 -9999 -9999 -9999 -9999 -9999 -9999 -9999 -9999 -9999 -9999 4.865718 7.178835 8.589778 7.861763 4.35253 1.063416 0.1105178 0.1019923 0.05312831 0.05516604 0.08672528 0.07707715 0.06125321 0.08376505 0.1767364 0.1883136 0.1067018 0.07076138 0.1033769 0.1160443 0.08454618 0.04422398 0.05435409 0.1154572 0.1585177 0.1403637 0.106785 0.03003952 0.04037313 0.1284488 0.2273761 0.3309014 0.3493651 0.3307477 0.3071867 0.2490623 0.1678466 0.08527057 0.03790624 0.06987892 0.03709415 0.03928667 0.05959488 0.07634217 0.08638543 0.09486723 0.08654164 0.05985021 0.07730325 0.1018384 0.06949656 0.03145011 0.03290785 0.03075216 0.1264981 0.4865909 1.070295
-9999 -9999 -9999 -9999 -9999 -9999 -9999 -9999 -9999 -9999 1.93728 5.268991 7.474254 8.681521 7.101284 3.060591 0.3469306 0.06252189 0.1393879 0.04273327 0.04046937 0.04128392 0.04514742 0.04679665 0.1065138 0.1552686 0.1360887 0.0898376 0.09288249 0.1205674 0.1464586 0.1608346 0.122275 0.03007822 0.07499915 0.2199307 0.2905134 0.1798417 0.03191052 0.01815127 0.03349144 0.1135317 0.1909631 0.2544511 0.2220059 0.1826222 0.2120607 0.2433026 0.2241422 0.1437962 0.07532649 0.04581893 0.03781212 0.01592168 0.02823955 0.03253633 0.03324645 0.01324461 0.01261109 0.00512507 0.04392834 0.03317156 0.02105871 0.07112645 0.09313368 0.1270044 0.09935991 0.03497452
-9999 -9999 -9999 -9999 -9999 -9999 -9999 -9999 -9999 -9999 2.872125 7.035983 8.501438 8.400955 6.112428 2.305824 0.1397232 0.02745525 0.09814558 0.05768281 0.04959475 0.02649375 0.03688332 0.0860911 0.2348703 0.3493875 0.3684293 0.2737586 0.1550467 0.1067338 0.1120191 0.1413775 0.1844712 0.09604532 0.1087297 0.1114845 0.32776 0.3208545 0.09828109 0.04788542 0.07753266 0.17065 0.1460969 0.1138609 0.09996861 0.08451463 0.1143824 0.1598271 0.2167459 0.2157239 0.1531772 0.1094554 0.09896325 0.1033929 0.09575909 0.09659664 0.09781455 0.07400841 0.05993905 0.07392407 0.07347986 0.08558192 0.1020041 0.1562208 0.1471359 0.06370264 0.02852722 0.0281493
-9999 -9999 -9999 -9999 -9999 -9999 -9999 -9999 -9999 -9999 2.428837 8.605071 9.561079 7.774399 5.008486 1.767625 0.1410346 0.02597061 0.04246244 0.09694538 0.08390279 0.06549072 0.08620835 0.1182813 0.2669371 0.366163 0.2873114 0.2914498 0.2215661 0.09573397 0.03776622 0.0578474 0.1500858 0.1714697 0.07604063 0.0748267 0.1748398 0.3254378 0.1679312 0.05905625 0.06318671 0.1582913 0.04824921 0.06879659 0.0864618 0.129357 0.1615365 0.1756344 0.1952761 0.223806 0.2055573 0.1535311 0.1148778 0.122899 0.1441765 0.147095 0.2376187 0.5195892 0.6283329 0.4554258 0.2768567 0.2597478 0.2477545 0.2522026 0.2009978 0.1852866 0.1626999 0.1518007
-9999 -9999 -9999 -9999 -9999 -9999 -9999 -9999 0.6879008 2.643134 3.85886 8.798115 9.399957 6.599386 4.062332 1.833018 0.5457418 0.1948643 0.1194481 0.1596761 0.1685707 0.1484406 0.1705951 0.1363526 0.1946833 0.3520603 0.1863898 0.1871573 0.1886227 0.1000432 0.07170361 0.0695484 0.1038661 0.163354 0.1278489 0.05566771 0.06780668 0.2475848 0.2574818 0.1170992 0.05932831 0.110271 0.06351025 0.03509419 0.01167805 0.0347907 0.08047868 0.09287282 0.1112631 0.1694038 0.2011784 0.1854116 0.1359192 0.1175279 0.122703 0.1158538 1.335884 2.923407 2.913358 1.645361 0.3105923 0.2502968 0.2145288 0.182152 0.1508289 0.1988401 0.2507014 0.2698679
-9999 -9999 -9999 -9999 -9999 -9999 -9999 0.843706 0.6162668 1.394124 3.304043 7.198287 8.201814 5.625579 3.703232 2.656024 2.078578 1.936022 2.086677 2.103609 1.737996 1.179205 0.7690216 0.4671595 0.214627 0.2015784 0.1334611 0.109295 0.08566038 0.08946963 0.06245599 0.1087561 0.147238 0.1761608 0.1408994 0.1106632 0.1006512 0.1924881 0.3096775 0.2184223 0.1116214 0.04996684 0.0363159 0.006963981 0.007285093 0.03133579 0.07700616 0.09387133 0.02867258 0.07814553 0.1438633 0.1665045 0.1088829 0.08057825 0.06880315 0.2220521 3.235301 4.841169 4.505275 3.5047 0.2866743 0.1249283 0.1344695 0.1232061 0.1172513 0.1232333 0.1460519 0.1885859
-9999 -9999 -9999 -9999 -9999 -9999 -9999 1.368569 1.467741 1.436421 2.750354 5.868001 7.127217 5.272128 3.654698 3.438772 4.240683 5.429124 6.253064 6.252115 5.672005 4.688952 3.742143 3.001517 2.220135 1.105896 0.2568813 0.138864 0.1374049 0.1063948 0.02593173 0.1075996 0.07081185 0.1449942 0.1777591 0.141839 0.07818616 0.08759432 0.2151912 0.2097244 0.2092002 0.1273594 0.03505378 0.01671613 0.01862623 0.02750317 0.06219275 0.07669839 0.05356265 0.0522892 0.04158137 0.1370963 0.09122816 0.06048773 0.02490997 0.9532461 5.052836 4.639019 4.446468 4.637655 0.3739328 0.09678517 0.1086868 0.120372 0.1423153 0.1323745 0.1276845 0.1432682
-9999 -9999 -9999 -9999 -9999 -9999 -9999 4.094535 3.767808 3.472456 4.299704 6.157367 6.735948 5.246868 3.973021 4.102355 5.679517 7.438268 8.161114 8.079463 7.941744 7.478282 6.626035 5.619178 4.629849 3.0876 0.8129972 0.1262004 0.1919432 0.220838 0.1388921 0.06323024 0.02469196 0.05636064 0.1520779 0.1901549 0.1595721 0.1578711 0.1428401 0.04495698 0.1368217 0.2233527 0.1780448 0.08665637 0.05111216 0.06793785 0.08021404 0.03272682 0.03490218 0.06834502 0.03756669 0.07256245 0.08105055 0.07777264 0.2033787 2.592339 6.316464 2.733073 5.360127 4.329126 0.3919376 0.2693384 0.2182965 0.1699834 0.1477343 0.140132 0.1501569 0.1715257
-9999 -9999 -9999 -9999 -9999 -9999 -9999 9.832078 8.38414 6.01209 5.800411 7.118861 6.890232 5.35576 4.632326 5.547185 7.35832 8.011451 7.424106 7.009076 7.001777 7.055191 6.795926 5.761972 5.207365 4.230989 1.153187 0.1741692 0.1906651 0.2487578 0.1097829 0.07066426 0.002213083 0.08470301 0.02382802 0.1078654 0.1739681 0.259392 0.197677 0.06632996 0.0319775 0.1136234 0.2282781 0.2081761 0.08866018 0.06351667 0.07451454 0.08954445 0.1320451 0.1135962 0.05849845 0.05652448 0.1440118 0.4080442 1.522579 5.080757 6.951883 2.382181 6.059456 3.753382 1.205541 0.7394964 0.5480962 0.4180546 0.3121884 0.2424763 0.2181735 0.4647268
-9999 -9999 -9999 -9999 -9999 -9999 -9999 15.15424 13.74183 9.735764 7.133117 7.564245 7.249438 5.512029 5.861646 8.549127 10.11526 9.161673 7.549594 6.811405 6.332154 5.860225 5.599506 5.703679 6.987297 4.881915 0.9392399 0.04118258 0.1203971 0.2020281 0.08370405 0.05951823 0.02372236 0.0342849 0.0640372 0.07713714 0.09746381 0.2135853 0.3246181 0.3009394 0.1060418 0.04468788 0.03330348 0.1625405 0.1022708 0.05471809 0.1072684 0.1763958 0.2128175 0.1840066 0.2548723 1.138189 2.759218 4.496098 6.372268 8.925528 8.642962 6.26519 8.275387 6.464786 4.578954 3.108343 2.150693 1.395911 0.6123511 0.4706614 0.72184 1.383954
-9999 -9999 -9999 -9999 -9999 -9999 -9999 11.59842 12.98914 11.45057 8.785589 7.379513 6.929673 5.508286 8.524483 12.16411 11.78681 9.170639 7.209925 6.454478 6.326966 5.876394 5.066281 6.792377 8.798477 4.838161 0.5236624 0.1071737 0.1328822 0.1328224 0.04382726 0.03981253 0.05677195 0.04281754 0.09723226 0.1138315 0.1141007 0.208586 0.3018408 0.3987972 0.3124062 0.1191398 0.02762338 0.1194614 0.1028323 0.07464652 0.1678856 0.2408914 0.1635207 0.3124547 2.280324 6.150876 9.626628 11.41038 12.08695 12.68529 11.70241 10.62624 11.93181 11.90041 12.79818 12.11449 9.963863 7.808687 4.929888 2.848913 2.356577 2.532611
-9999 -9999 -9999 -9999 -9999 -9999 -9999 4.937216 9.742064 9.878477 9.354699 7.270971 6.078642 4.974699 11.20407 13.59971 11.28623 8.952398 7.02331 5.804583 5.961131 6.791333 6.919917 8.697879 9.582799 4.84008 0.4887961 0.165794 0.163892 0.09748205 0.0812349 0.0684857 0.04867324 0.04403513 0.0983109 0.1858843 0.2014331 0.2269679 0.2247461 0.3333038 0.4075181 0.361465 0.3110403 0.2823024 0.2682639 0.236497 0.2134646 0.2021017 0.1560609 2.157847 7.781936 13.13462 15.44345 15.28973 14.45522 14.95567 15.86883 17.46865 20.25525 22.22115 27.18616 32.74146 34.60928 31.57841 23.89345 13.84319 7.460162 4.453847
-9999 -9999 -9999 -9999 -9999 -9999 6.451428 5.714882 7.481125 7.992495 8.638311 7.16172 5.414369 5.444073 13.31546 13.06913 10.31273 10.8613 9.784104 7.948718 6.713564 7.123027 8.758203 10.94187 10.7241 5.367109 0.5575531 0.08967267 0.1977162 0.1054686 0.0869768 0.08507795 0.0460887 0.04592399 0.1108911 0.2837429 0.2396717 0.1604349 0.1360996 0.2040359 0.3057691 0.3356741 0.3548593 0.3552836 0.3458622 0.3609438 0.3108522 0.2336798 1.617105 7.18849 15.37572 19.44088 19.17233 16.96602 15.34135 16.6785 19.19836 22.16395 26.54888 30.33279 35.73095 40.89082 43.60787 42.5627 36.99581 26.17042 16.53393 10.01882
