slauniainen/Data/DEM/Vihti_dem1500b_cl_horizonAngle_156.asc
NCOLS 196 
NROWS 178 
XLLCORNER 353680 
YLLCORNER 6699024 
CELLSIZE 16 
NODATA_value -3.4e+38 
[rows 140 to 159 of 178, columns 90 to 134 of 196]
5.52428293228149 5.54627370834351 5.62773990631104 6.41848373413086 6.88437366485596 7.39177656173706 7.62804460525513 9.4680233001709 10.1998090744019 11.7054347991943 12.6560029983521 12.7137222290039 12.7089405059814 9.99839401245117 6.9770359992981 5.26254320144653 4.99968004226685 5.16391706466675 4.63356304168701 6.13552141189575 4.69193267822266 4.15121459960938 9.90720844268799 13.5624046325684 14.2498903274536 13.5503673553467 7.18011045455933 3.45085120201111 1.14659953117371 -0.443543612957001 -0.839717328548431 -0.965551495552063 -0.31011489033699 0.880260169506073 -0.28529292345047 -0.478478580713272 -0.272631764411926 -2.13260650634766 -2.15092396736145 -1.95265662670135 -1.87179327011108 -2.04210638999939 -2.25049495697021 -1.83748197555542 -1.13625085353851
5.861900806427 5.91592073440552 6.06416511535645 6.51876592636108 7.44976854324341 7.78296661376953 9.18632984161377 10.818398475647 12.5595397949219 13.9185438156128 15.47438621521 16.348482131958 15.9750452041626 14.4851245880127 9.96473026275635 7.30002546310425 6.74231195449829 5.90059614181519 1.96585965156555 1.3309371471405 1.83053386211395 3.55765843391418 9.19592571258545 13.247031211853 14.5666646957397 16.4608135223389 9.15726566314697 5.05505561828613 1.35715305805206 -0.66828453540802 -0.716487169265747 -0.925883054733276 -1.15944170951843 -0.659657835960388 -0.100758843123913 0.147750318050385 -1.87320339679718 -2.1340012550354 -2.01289200782776 -1.69173693656921 -1.76023077964783 -1.85673248767853 -2.12380719184875 -1.93241238594055 -0.453524529933929
6.1103458404541 6.08866786956787 6.50963115692139 6.7097053527832 7.76462364196777 8.70426464080811 10.1855735778809 11.7222929000854 13.9433898925781 15.9774312973022 18.5600090026855 19.365650177002 20.3510856628418 20.4191875457764 13.5224924087524 9.24871158599854 8.20862770080566 7.20153522491455 2.21250939369202 0.696980059146881 1.36958909034729 3.26096391677856 8.07828617095947 12.6623811721802 15.774094581604 16.6002731323242 11.7661924362183 9.47623729705811 4.23565292358398 0.178376644849777 0.240530535578728 -0.787902593612671 -0.945542752742767 -0.70328289270401 -0.117342486977577 -1.69954252243042 -1.70296657085419 -1.64350163936615 -1.60647559165955 -1.6084920167923 -1.45273971557617 -1.56440997123718 -1.53815603256226 -1.474400639534 -0.256556332111359
6.77670240402222 6.75087833404541 7.15993595123291 7.70804071426392 7.92305088043213 9.63834095001221 10.4802436828613 12.3775291442871 14.5824060440063 18.6420650482178 19.8126411437988 23.6061153411865 25.2907905578613 24.938627243042 20.8440361022949 12.982081413269 8.2357759475708 4.58656740188599 1.77839243412018 0.657888174057007 1.25978207588196 2.74957275390625 6.96549367904663 12.5706558227539 16.1109867095947 19.8200225830078 18.7616214752197 12.5284328460693 3.82615423202515 -0.0469912402331829 1.59072470664978 -0.0286761447787285 -0.840123295783997 -1.07726967334747 -1.29202020168304 -1.58951306343079 -1.2506206035614 -1.29039812088013 -1.4513293504715 -1.45882964134216 -1.22681438922882 -1.01429903507233 -0.187255680561066 0.221527338027954 0.62585312128067
7.89016628265381 8.13757801055908 8.42658042907715 8.88268947601318 9.61444568634033 10.1949653625488 11.4027147293091 13.2084484100342 15.4924421310425 18.6148548126221 24.3648128509521 28.5462493896484 31.5528945922852 34.308162689209 33.4368133544922 19.6475276947021 9.97603225708008 5.46551752090454 1.39829921722412 2.31335663795471 1.55818295478821 3.66801071166992 5.82702112197876 11.3330450057983 15.7058238983154 23.3751678466797 17.4690990447998 11.1426687240601 3.58731341362 -1.0650280714035 0.650998294353485 0.568908751010895 -0.761916935443878 -0.8820760846138 -1.18031251430511 -1.37817573547363 -0.966902434825897 -0.799752354621887 -1.47926032543182 -1.01542270183563 -0.27907931804657 -0.0579876229166985 0.275023758411407 2.16279339790344 2.51304221153259
8.37725257873535 9.77956008911133 10.1824254989624 10.6026020050049 11.4385080337524 11.0129613876343 12.6988697052002 13.538426399231 16.2398071289062 20.6929016113281 26.8585662841797 27.9965381622314 25.1623687744141 20.0761756896973 17.2706050872803 31.2793216705322 20.1911506652832 9.92453289031982 3.37966847419739 1.88344264030457 0.825026631355286 1.54314982891083 5.19248867034912 9.65883159637451 16.9777088165283 21.5451221466064 12.0324211120605 6.83925724029541 3.28050756454468 -0.793480634689331 -0.95185399055481 -0.733349144458771 -0.697945356369019 -0.756658613681793 -0.883006751537323 -1.19468998908997 -0.911519944667816 -0.686795651912689 -1.18014681339264 -1.40366518497467 -1.43067538738251 0.258584529161453 1.40074682235718 2.51577377319336 1.94443643093109
7.17868947982788 11.7621326446533 12.2254133224487 13.2924833297729 14.0410394668579 14.1763162612915 12.6837644577026 14.411826133728 15.0423860549927 17.254674911499 21.6300888061523 17.3678131103516 9.18734073638916 5.75786781311035 5.07257318496704 9.30742835998535 20.7486667633057 12.4880361557007 7.02390241622925 0.594013929367065 0.527825534343719 1.58314061164856 4.6243052482605 8.61368560791016 14.1668071746826 15.3947429656982 9.82910537719727 8.13113689422607 2.34000492095947 -0.657199323177338 -1.00997626781464 -0.671850204467773 -0.574154019355774 -0.550569593906403 -0.54109251499176 -0.810048997402191 -0.693923950195312 -0.378893494606018 0.0112896291539073 -0.890110790729523 -1.84560751914978 -0.577633142471313 0.780170261859894 0.371782809495926 -1.35138928890228
7.81969928741455 12.4330568313599 15.9427251815796 17.5697193145752 17.2100696563721 17.4663867950439 15.4975423812866 17.1388244628906 13.6873559951782 15.2546377182007 15.294285774231 7.07147789001465 5.05443811416626 3.64433813095093 2.96939992904663 1.54868233203888 4.93261623382568 9.13477611541748 7.5393853187561 2.29366278648376 0.367270797491074 1.65434443950653 3.75707936286926 6.95053863525391 11.9771289825439 14.3722486495972 8.16123676300049 7.31172370910645 3.99885392189026 -1.25964486598969 -0.906975924968719 -0.537360548973083 -0.414602547883987 -0.275997221469879 -0.176432535052299 -0.432137817144394 -0.204593122005463 0.364110082387924 0.203126952052116 -0.234137579798698 -1.71312844753265 -1.41799461841583 -0.978608191013336 -0.966817140579224 -1.40318298339844
10.2447242736816 13.3138837814331 20.5044021606445 20.3747024536133 20.749095916748 19.4784030914307 20.8171806335449 15.3028497695923 13.6253824234009 13.9833726882935 13.3524293899536 5.45538139343262 1.52090799808502 3.29234766960144 1.4215897321701 0.0902130603790283 1.09125030040741 3.1130838394165 2.42327117919922 2.23973417282104 0.563008010387421 1.70545208454132 3.07635402679443 5.30726099014282 10.594386100769 13.6139068603516 7.26538038253784 3.48623943328857 0.622233092784882 0.0539858005940914 -1.10202693939209 -0.613662242889404 -0.450967222452164 -0.15211983025074 -0.0795372873544693 -0.257253706455231 -0.809226393699646 -0.588793337345123 -0.277143597602844 -1.49749207496643 -1.58007645606995 -1.4234014749527 -1.29247260093689 -1.26222193241119 -1.17233717441559
13.4905471801758 12.5454187393188 15.745457649231 17.6605281829834 11.3435173034668 9.25040245056152 7.39399528503418 9.71512413024902 11.0631151199341 11.1910858154297 7.57549571990967 5.13477849960327 1.34278786182404 -0.684871435165405 -0.728222846984863 -1.67515921592712 -2.22128224372864 -1.61758458614349 -0.25785157084465 -0.0128134349361062 0.176330670714378 1.8030116558075 2.55912590026855 4.61405611038208 8.40798091888428 10.0182800292969 1.95715832710266 -0.464172005653381 -1.45610308647156 -1.34557139873505 -1.12301015853882 -0.729018986225128 -0.351585000753403 0.0724272876977921 0.0741530954837799 0.0495098531246185 -0.548147320747375 -1.17348730564117 -0.863957703113556 -1.60199952125549 -1.39599239826202 -0.642076909542084 -0.584242522716522 -0.978655159473419 -0.98041558265686
13.599910736084 14.9040307998657 7.41402864456177 3.53915786743164 6.59620475769043 4.43079662322998 4.13250064849854 7.66589307785034 10.7545576095581 8.17084503173828 3.34246635437012 -1.59026861190796 -2.5180344581604 -2.70576167106628 -2.56554079055786 -2.38543653488159 -2.08962488174438 -1.65012443065643 -1.0337210893631 -0.527520895004272 0.159423246979713 1.54636871814728 2.02611184120178 3.62278866767883 5.70756340026855 5.93797302246094 0.226548939943314 -1.25372874736786 -1.49794793128967 -1.31585729122162 -1.06690073013306 -0.842611372470856 0.0450519174337387 3.09954524040222 3.24224066734314 0.149168893694878 -0.168206304311752 -0.0939579829573631 -0.506834924221039 -1.45325028896332 -0.513643801212311 -0.627259492874146 -0.794911205768585 -0.745230913162231 -0.710119307041168
3.44796586036682 5.98668956756592 5.78264045715332 -0.141474589705467 -0.454274445772171 -0.160317838191986 2.36753916740417 7.52831363677979 10.6076898574829 5.04904365539551 2.66260528564453 0.198606267571449 -2.61061978340149 -2.60891318321228 -2.45676207542419 -2.24744415283203 -1.128054022789 0.247773021459579 -0.97341912984848 -0.545738935470581 1.17558372020721 1.92828094959259 2.01967692375183 2.45987105369568 3.89424777030945 4.93735313415527 1.41906297206879 -1.0684472322464 -1.2981219291687 -1.23744773864746 -1.03542053699493 -0.894556820392609 -0.581225097179413 -0.31407243013382 0.0221834741532803 0.298165708780289 0.163563072681427 0.512601494789124 -1.15572094917297 -1.31812918186188 -1.06726503372192 -0.810458302497864 -0.691628396511078 -0.663056135177612 -0.513508379459381
1.05407524108887 0.938799977302551 0.881223559379578 0.397243410348892 -0.243171632289886 0.0648985505104065 1.93183064460754 7.42160415649414 8.76342964172363 3.41681146621704 3.36276459693909 0.702878594398499 -2.02853798866272 -2.50891304016113 -2.32945203781128 -0.948064386844635 3.29120397567749 5.91998720169067 8.15221309661865 1.03971385955811 3.29817485809326 3.45031428337097 2.53027772903442 2.02774906158447 2.90219402313232 4.35584926605225 3.79467296600342 -0.582727611064911 -1.10629022121429 -1.1839691400528 -1.00169384479523 -0.918202519416809 -0.809931516647339 -0.417592942714691 -0.0354955904185772 0.383903682231903 0.307648599147797 -0.139911815524101 -0.79711377620697 -1.19642007350922 -0.941811203956604 -0.723986566066742 -0.54553347826004 -0.460384219884872 -0.382432669401169
1.17753708362579 0.857983410358429 1.16052424907684 1.15307033061981 0.803744375705719 0.675941705703735 2.73356986045837 8.14634227752686 7.78900909423828 3.20314574241638 2.98151898384094 2.09836101531982 -1.26067674160004 -0.303585410118103 -1.94893908500671 -0.584376931190491 1.98646092414856 6.78038215637207 7.89035320281982 4.22116231918335 3.54985404014587 2.02711892127991 1.12913000583649 1.26674902439117 2.41495275497437 4.81493759155273 4.07699394226074 0.606990396976471 -0.961752891540527 -1.06766390800476 -1.0281183719635 -0.90517669916153 -0.8419109582901 -0.557648539543152 0.0513871535658836 0.38403332233429 0.557568669319153 0.221920177340508 -0.617771148681641 -1.03463912010193 -0.773416340351105 -0.54176265001297 -0.385151743888855 -0.329994052648544 -0.279997795820236
2.73428750038147 1.35257041454315 1.58215200901031 1.56896221637726 1.37321472167969 2.59016919136047 3.80847978591919 7.85378980636597 8.52777671813965 2.26208925247192 1.87853670120239 0.588768899440765 0.455564022064209 -1.22629606723785 -0.458733022212982 -0.718826055526733 0.928988218307495 1.82847630977631 1.35654985904694 1.08270192146301 -0.387474000453949 0.262451380491257 1.18361270427704 1.24027788639069 2.42590522766113 3.75877356529236 3.41444969177246 0.724159419536591 -0.708391129970551 -0.955524921417236 -0.953579127788544 -0.864138662815094 -0.865696907043457 -0.754124522209167 -0.0247100852429867 0.349192798137665 0.777201652526855 0.652134299278259 -0.0981745272874832 -0.615335583686829 -0.528648734092712 -0.377680718898773 -0.287230104207993 -0.190749168395996 -0.0885996893048286
3.49198913574219 1.39428544044495 1.57593512535095 1.86192452907562 1.78877055644989 1.22408783435822 2.69277930259705 4.98896455764771 5.20597982406616 0.00595027022063732 -0.475289821624756 -0.643950462341309 -0.265200704336166 -1.08450448513031 -0.82781594991684 -2.11735844612122 -1.99180614948273 -1.64381277561188 -1.14645683765411 2.05244040489197 1.1233948469162 1.29071474075317 1.21832203865051 0.505639433860779 1.32683181762695 2.41633105278015 2.14740800857544 -0.719226896762848 -0.889432728290558 -0.810688972473145 -0.733635783195496 -0.743721723556519 -0.773484706878662 -0.633063614368439 0.028734503313899 0.561535835266113 0.995059490203857 1.16118657588959 0.67074191570282 0.340008169412613 -0.0954287797212601 -0.189181223511696 -0.140677332878113 0.00987683422863483 0.167702287435532
2.3813362121582 1.56188237667084 1.67693114280701 1.98326730728149 2.10676050186157 1.71071672439575 1.13528394699097 1.75991988182068 2.40789103507996 -1.643798828125 -2.13851690292358 -2.38241600990295 -2.42514157295227 -2.37808060646057 -2.21014404296875 -2.0660719871521 -1.96259295940399 -1.59295034408569 -1.17629086971283 1.02381837368011 2.76746010780334 2.5904541015625 0.789547204971313 0.278041154146194 0.707728505134583 1.9607218503952 1.85249066352844 -0.254357099533081 -0.718530356884003 -0.546358644962311 -0.363892644643784 -0.356783002614975 -0.25169637799263 -0.18124994635582 0.40451243519783 1.09325051307678 1.50089180469513 1.8231565952301 1.79082322120667 1.2134895324707 0.615818321704865 0.182445287704468 0.155899584293365 0.27746045589447 0.412336230278015
3.04244828224182 1.92757987976074 1.56384611129761 1.9282842874527 2.37843298912048 2.39770936965942 1.85039436817169 1.31552791595459 1.3819500207901 0.179375007748604 -1.9107780456543 -2.13909602165222 -2.25639343261719 -2.24793696403503 -2.12183809280396 -2.00796556472778 -1.93273675441742 -1.46552968025208 -1.08813178539276 -0.66156679391861 -0.388591438531876 -0.254550397396088 -0.24195222556591 0.10810025036335 0.548194169998169 1.37566530704498 2.71803903579712 0.790407180786133 -0.390782386064529 -0.253575801849365 -0.122903771698475 0.0420010909438133 0.213497146964073 0.382136166095734 0.384263068437576 1.60439240932465 2.22722697257996 2.61740398406982 2.92501306533813 2.70425343513489 1.99130487442017 1.58956325054169 1.77860462665558 1.41404747962952 0.91972827911377
10.8302564620972 3.04738855361938 1.86754643917084 1.96461403369904 2.43104147911072 2.74526929855347 2.51369762420654 1.84207534790039 1.23554027080536 1.12200784683228 -0.969080746173859 -1.80067121982574 -1.93108415603638 -2.0237238407135 -2.02428889274597 -0.0341509431600571 -1.88573920726776 -1.47765362262726 -1.07322072982788 -0.682334661483765 -0.380270779132843 -0.205946758389473 -0.176691025495529 -0.103979580104351 0.217862278223038 1.03518545627594 3.18592286109924 1.79119288921356 -0.219876602292061 -0.0498787239193916 0.0771897807717323 0.368915289640427 0.651295781135559 0.98758190870285 0.817356944084167 2.33851742744446 3.18515157699585 3.44748973846436 3.72298216819763 3.68851161003113 3.2320728302002 4.23448324203491 4.42988061904907 3.79199481010437 3.58296799659729
11.6602449417114 3.80442452430725 2.41251277923584 1.94016659259796 2.62096881866455 3.07455086708069 2.94505882263184 2.78863549232483 2.29168391227722 1.53212857246399 2.10705804824829 -1.35012626647949 -1.66034781932831 -1.81007146835327 -1.94887089729309 -1.97370266914368 -1.81349050998688 -1.43933188915253 -1.03292739391327 -0.621263146400452 -0.329055070877075 -0.197334766387939 -0.144776821136475 -0.134375259280205 0.160891443490982 0.86106264591217 2.03169679641724 0.114203490316868 -0.0920407399535179 0.056456882506609 0.152159839868546 0.561042428016663 0.990417122840881 1.41632473468781 1.69303011894226 2.31069111824036 3.57513332366943 4.11247158050537 4.43561601638794 5.23229694366455 5.74917936325073 6.99851608276367 6.763916015625 6.64778757095337 5.54193496704102
