slauniainen/Data/DEM/Vihti_dem1500b_cl_horizonAngle_240.asc
NCOLS 196 
NROWS 178 
XLLCORNER 353680 
YLLCORNER 6699024 
CELLSIZE 16 
NODATA_value -3.4e+38 
[rows 20 to 39 of 178, columns 90 to 134 of 196]
2.76186156272888 3.17927837371826 2.7399697303772 2.25076532363892 1.86783277988434 1.4631062746048 1.33285009860992 1.10168850421906 1.02390885353088 1.21123099327087 1.62809073925018 2.21570634841919 2.31481218338013 2.14131355285645 2.22755551338196 1.93314266204834 1.69873058795929 1.65374362468719 1.68431746959686 1.74572265148163 1.749342918396 1.7397073507309 1.70500946044922 1.65745401382446 1.60188090801239 1.56251394748688 1.55153715610504 1.51427173614502 1.49935817718506 1.51105487346649 1.51161205768585 1.48853325843811 1.46722447872162 1.44093358516693 1.41314828395844 1.41919708251953 1.41229319572449 1.3786529302597 1.35405290126801 1.28882849216461 1.29830658435822 1.28596937656403 1.30933856964111 1.33866238594055 1.30519688129425
1.70142817497253 2.69658899307251 2.89163398742676 2.29659986495972 1.87384688854218 1.39730632305145 1.18971800804138 1.10318875312805 1.04406106472015 1.13380002975464 1.60797727108002 2.08086061477661 2.38683938980103 2.46756649017334 2.07363271713257 1.84279143810272 1.71188032627106 1.76377320289612 1.83108127117157 1.81946563720703 1.79862749576569 1.81168556213379 1.77748656272888 1.71839010715485 1.69296288490295 1.63283967971802 1.60228586196899 1.57280099391937 1.55285143852234 1.56233465671539 1.57046818733215 1.55731821060181 1.5227632522583 1.5171971321106 1.50490033626556 1.48479807376862 1.47601246833801 1.46067142486572 1.36980152130127 1.35656130313873 1.33936560153961 1.34972083568573 1.3801965713501 1.39053237438202 1.36232972145081
0.710257232189178 1.72446489334106 2.45018768310547 2.30637097358704 1.785724401474 1.51081681251526 1.18674731254578 1.0936518907547 1.13010334968567 1.54790318012238 1.89901053905487 2.24691939353943 2.22327947616577 2.11212182044983 1.96648406982422 1.94469940662384 1.9532573223114 1.96733844280243 1.92759203910828 1.89752388000488 1.87661063671112 1.86691617965698 1.86780905723572 1.80736923217773 1.7626531124115 1.71234679222107 1.67807364463806 1.64607238769531 1.63075959682465 1.62760031223297 1.62270867824554 1.61449456214905 1.61803221702576 1.57837533950806 1.56523489952087 1.56193149089813 1.53789067268372 1.47708404064178 1.4371325969696 1.42094075679779 1.45614051818848 1.42592787742615 1.43541920185089 1.38810837268829 1.39591610431671
0.368679523468018 0.966008722782135 1.55113863945007 1.98769211769104 1.92125964164734 1.48321628570557 1.29042530059814 1.08431947231293 1.17591941356659 1.74189043045044 2.26319932937622 2.12086415290833 2.07104086875916 2.15494346618652 2.18004560470581 2.20849871635437 2.20890808105469 2.08576512336731 1.99281454086304 1.967853307724 1.95424175262451 1.93846762180328 1.91452610492706 1.90489315986633 1.84681928157806 1.78928458690643 1.7400336265564 1.71713650226593 1.73188078403473 1.71368718147278 1.70497059822083 1.68724918365479 1.66961777210236 1.65803217887878 1.6288651227951 1.59863090515137 1.60325598716736 1.49505090713501 1.52911245822906 1.51777350902557 1.51318049430847 1.48100101947784 1.45005095005035 1.43913888931274 1.46450245380402
0.431219458580017 0.480030179023743 0.930243611335754 1.46919918060303 1.68317937850952 1.5467677116394 1.2784788608551 1.16050136089325 1.32650518417358 1.87517428398132 2.13816571235657 2.38126993179321 2.55449748039246 2.54035592079163 2.65498971939087 2.41514992713928 2.31031012535095 2.18510341644287 2.1425404548645 2.07372784614563 2.03570604324341 2.00566649436951 1.94288206100464 1.92296886444092 1.8968026638031 1.8678867816925 1.85539793968201 1.82948637008667 1.814049243927 1.81697154045105 1.78394484519958 1.79806673526764 1.7319096326828 1.70972681045532 1.68867421150208 1.66371715068817 1.59156429767609 1.59263813495636 1.60167872905731 1.58947324752808 1.55997705459595 1.54364848136902 1.55487310886383 1.53109860420227 1.54347610473633
0.416200011968613 0.429987519979477 0.616256833076477 0.930591702461243 1.28048157691956 1.37286281585693 1.40327441692352 1.5016838312149 1.63822364807129 2.07011079788208 2.14860248565674 2.65813040733337 3.14267158508301 3.12949705123901 2.62297749519348 2.58913230895996 2.36028265953064 2.36401224136353 2.21599674224854 2.1946964263916 2.11183333396912 2.01549410820007 1.99625074863434 1.98092198371887 1.97351038455963 1.96123600006104 1.90967535972595 1.93629515171051 1.90741372108459 1.88200211524963 1.89679551124573 1.87297976016998 1.84960305690765 1.80866479873657 1.77092576026917 1.70943462848663 1.6536613702774 1.66206645965576 1.64287257194519 1.63801896572113 1.64884924888611 1.64161145687103 1.66504859924316 1.81095945835114 2.02831196784973
0.560333847999573 0.736363410949707 0.672758936882019 0.785630762577057 0.932515561580658 1.17348694801331 1.54026615619659 1.75455451011658 2.21777868270874 2.09659075737 1.95924293994904 1.99515223503113 2.6579761505127 2.93145608901978 2.77874517440796 2.61540102958679 2.55217981338501 2.52105593681335 2.30353665351868 2.26930999755859 2.17339849472046 2.09331512451172 2.07960772514343 2.07691669464111 2.09727311134338 2.03515958786011 2.09751892089844 1.98136973381042 2.06685876846313 1.99390518665314 1.9795024394989 1.95633256435394 1.93925487995148 1.89438903331757 1.84542548656464 1.78434956073761 1.7286981344223 1.72205805778503 1.69154989719391 1.69830739498138 1.66133964061737 2.66795206069946 3.68502235412598 3.92151951789856 3.22423386573792
0.570553421974182 0.839331269264221 0.853513479232788 0.839293956756592 0.89243471622467 1.08780145645142 1.27148127555847 1.67736840248108 1.97344470024109 2.01628994941711 2.26364827156067 2.09982228279114 2.27196168899536 2.83928894996643 2.77611422538757 2.96173524856567 2.9411768913269 2.64724326133728 2.54253768920898 2.3799843788147 2.3319730758667 2.25239825248718 2.13448643684387 2.1630585193634 2.15257835388184 2.18813872337341 2.28373670578003 2.21920800209045 2.09175038337708 2.16413688659668 2.06209564208984 2.03951191902161 2.02603435516357 1.9684990644455 1.9223153591156 1.92507839202881 1.86644124984741 1.82274687290192 1.80387890338898 1.73679149150848 1.63069796562195 1.74263632297516 3.73795485496521 4.69577169418335 5.42496538162231
0.484240472316742 0.961014807224274 1.06122827529907 0.992508411407471 0.941685557365417 1.01277351379395 0.78549712896347 1.15298676490784 1.64845335483551 1.8051689863205 2.13886976242065 2.34967017173767 2.30507898330688 2.67238569259644 2.50620818138123 2.91720724105835 3.08599400520325 3.14527177810669 2.87672233581543 2.64883852005005 2.42458987236023 2.37263989448547 2.28982543945312 2.37662982940674 2.56453275680542 2.44941377639771 2.36926341056824 2.41334176063538 2.2979896068573 2.2686173915863 2.19268417358398 2.14832162857056 2.12093019485474 2.08260703086853 2.04959297180176 2.03264832496643 1.98936247825623 1.94147574901581 1.90327298641205 1.78302443027496 1.62431740760803 1.5146849155426 1.50737261772156 3.49210166931152 5.12237644195557
0.398868262767792 0.602044880390167 1.07904350757599 1.08721721172333 0.872270286083221 0.798895657062531 0.742681443691254 0.786453187465668 1.11744463443756 1.68151831626892 1.99348318576813 1.98511862754822 2.34170484542847 2.49324107170105 2.26101541519165 2.7402937412262 2.98226404190063 3.31716227531433 3.11381816864014 2.99785017967224 3.16456079483032 2.79656720161438 2.48364186286926 2.96606063842773 2.82068228721619 2.73348069190979 2.76040959358215 2.6715030670166 2.57670903205872 2.48168563842773 2.41887021064758 2.3534882068634 2.29240345954895 2.3000020980835 2.22397184371948 2.16835832595825 2.10927271842957 2.08153939247131 2.00821256637573 1.91859221458435 1.74739742279053 1.59917092323303 1.52153170108795 1.54364717006683 2.99090480804443
0.388274639844894 0.403380125761032 0.715082883834839 1.02026689052582 1.11257815361023 0.826763331890106 0.846521258354187 0.780933022499084 0.681748390197754 1.18831551074982 1.89104771614075 1.79181361198425 2.04515433311462 2.35399031639099 2.15256690979004 2.2961585521698 2.56524610519409 3.00903391838074 2.89627146720886 3.40553021430969 3.38799262046814 2.90137600898743 2.42415118217468 3.34785223007202 3.37356376647949 3.3397274017334 3.20588111877441 2.98898148536682 2.98670673370361 2.83949899673462 2.63439416885376 2.57120060920715 2.41940951347351 2.44512891769409 2.38524198532104 2.29997897148132 2.21824169158936 2.2125186920166 2.12904453277588 2.05601096153259 1.95504629611969 1.7436261177063 1.67437994480133 1.60579562187195 1.58582186698914
0.494764268398285 0.396711438894272 0.362391948699951 0.728178918361664 1.25816905498505 1.24811851978302 1.06653904914856 0.961832106113434 0.826335549354553 0.856179356575012 1.60576450824738 1.9932998418808 1.94171214103699 2.02327466011047 2.23703932762146 2.1010377407074 2.15254759788513 2.3842785358429 2.11239147186279 3.34873795509338 3.56005787849426 2.8781578540802 2.35606908798218 2.65570139884949 3.05703186988831 3.52073073387146 3.91105914115906 3.61965322494507 3.64172291755676 3.27763366699219 3.15445780754089 2.6276683807373 2.63689804077148 2.4928457736969 2.48264217376709 2.39913439750671 2.34788632392883 2.34105587005615 2.26821184158325 2.18276214599609 2.11501908302307 2.00031208992004 1.86914014816284 1.7782233953476 1.70665657520294
0.498396873474121 0.375678211450577 0.304460316896439 0.276021212339401 0.810992836952209 1.43438363075256 1.43428707122803 1.29898846149445 1.05444002151489 0.926887929439545 1.26938772201538 1.92419075965881 2.19626069068909 1.89884388446808 2.23625802993774 2.38177132606506 2.19959783554077 2.12680268287659 1.94505047798157 2.56456184387207 3.17501878738403 2.83863377571106 2.4402129650116 2.27525949478149 2.50403881072998 2.89790916442871 3.62097144126892 3.88477253913879 4.5753960609436 4.50431680679321 3.55193686485291 3.13343691825867 2.70908665657043 2.6265344619751 2.57250070571899 2.53566741943359 2.511549949646 2.49006509780884 2.42868494987488 2.32053112983704 2.24786615371704 2.17040228843689 2.04812431335449 1.92092752456665 1.83575534820557
0.421319335699081 0.441973924636841 0.349590361118317 0.272129327058792 0.345027685165405 1.10400390625 1.4439982175827 1.38295936584473 1.42173779010773 1.30321705341339 1.15726232528687 1.43160343170166 2.06666707992554 2.18930649757385 2.07441329956055 2.42279958724976 2.47520232200623 1.94247436523438 2.13229131698608 2.2252631187439 2.70330476760864 2.79393219947815 2.87044024467468 2.5252583026886 2.65646290779114 2.70079874992371 3.23980331420898 3.31898188591003 3.78521656990051 4.36426782608032 4.43749618530273 3.9078574180603 3.07661461830139 2.90467739105225 2.6566846370697 2.65089559555054 2.65070629119873 2.64452505111694 2.55686950683594 2.50101542472839 2.36655473709106 2.2617974281311 2.14377784729004 2.01648092269897 2.02792191505432
0.515280604362488 0.46971720457077 0.584148049354553 0.484713733196259 0.405791997909546 0.739855110645294 1.07499766349792 1.29939389228821 1.54443538188934 1.62076318264008 1.46214616298676 1.19532656669617 1.40354096889496 1.97833621501923 2.12190246582031 2.11011481285095 2.30735492706299 1.9990690946579 2.13477039337158 2.2819721698761 2.47362112998962 2.56718373298645 2.54285216331482 2.67612528800964 2.667151927948 2.46167540550232 2.9437780380249 3.21724319458008 3.29916906356812 3.45478010177612 3.64358925819397 3.87315726280212 3.58583474159241 3.03886604309082 2.77443885803223 2.67967796325684 2.8188738822937 2.76901197433472 2.6201274394989 2.61544275283813 2.47069239616394 2.32049775123596 2.30002665519714 2.23918795585632 2.19679808616638
0.915821194648743 0.810414850711823 0.6409050822258 0.922938287258148 0.96771651506424 0.899945199489594 0.793346285820007 1.06669354438782 1.36851739883423 1.54769790172577 1.70587718486786 1.30943715572357 1.27286434173584 1.312504529953 1.93488121032715 2.08787989616394 1.81809949874878 1.96617019176483 2.09378361701965 2.09214377403259 2.44605588912964 2.43464970588684 2.10879325866699 2.58901786804199 2.53565073013306 2.17771291732788 2.58237624168396 3.00839829444885 3.53122925758362 3.85363793373108 3.73156833648682 3.59254837036133 3.62463998794556 3.27387475967407 3.00164985656738 2.94849920272827 2.91244792938232 2.79745149612427 2.63483262062073 2.63479065895081 2.5670223236084 2.47686529159546 2.45042252540588 2.38519072532654 2.31435871124268
1.61831176280975 1.28381168842316 0.782084584236145 0.713344514369965 1.36302435398102 1.42358160018921 1.03044450283051 1.17201745510101 1.28904438018799 1.57851719856262 1.90131402015686 1.69877421855927 1.37819838523865 1.2791576385498 1.26789128780365 2.06900143623352 1.74653506278992 1.78320586681366 2.06272149085999 1.75794184207916 1.90890753269196 2.20857739448547 1.94745290279388 2.66481947898865 2.65612554550171 2.39820218086243 2.57449078559875 2.84891486167908 3.45549249649048 3.97400951385498 4.43653631210327 4.14979219436646 3.82549166679382 3.45939970016479 3.25170254707336 2.93758916854858 3.00749778747559 3.47582793235779 2.71577095985413 2.73420858383179 2.74661564826965 2.60855770111084 2.53798818588257 2.44710850715637 2.52923488616943
1.57408690452576 1.48446381092072 1.29597628116608 0.871621131896973 1.13738346099854 1.55624973773956 1.44376659393311 1.2908980846405 1.07661986351013 1.43669080734253 1.76555585861206 1.81532037258148 1.51047801971436 1.47312712669373 1.58150577545166 1.52068829536438 1.74302232265472 1.83572924137115 1.91128098964691 1.85720860958099 1.54767739772797 1.59988248348236 1.50443243980408 2.21939921379089 2.30710411071777 2.33003640174866 2.27832674980164 2.51161670684814 3.26628088951111 3.75108361244202 4.65072202682495 4.41904163360596 4.28822994232178 4.29611587524414 3.83836793899536 3.89043021202087 2.78568172454834 3.83566570281982 2.881272315979 3.181471824646 3.10171747207642 3.15316963195801 2.7919454574585 2.74825954437256 3.04923987388611
1.10470879077911 1.34779036045074 1.43656527996063 1.40490210056305 1.07610809803009 1.26517832279205 1.47062146663666 1.28615772724152 1.0698606967926 1.27758073806763 1.54114389419556 1.66843140125275 1.81537044048309 1.68241703510284 1.67534899711609 1.53787541389465 1.38658976554871 1.57828557491302 1.7517945766449 1.68205511569977 1.6356406211853 1.55146980285645 1.45621192455292 1.57778370380402 1.82492172718048 2.07259011268616 1.80931830406189 1.923708319664 2.55230927467346 3.15355372428894 4.19774675369263 3.6821460723877 3.9521586894989 4.59665489196777 5.08688163757324 3.83332896232605 3.16295647621155 5.05999898910522 5.57055473327637 6.08431196212769 3.66320157051086 3.51216244697571 4.96021223068237 3.54033327102661 3.15906381607056
-0.368672847747803 0.835010647773743 1.36681830883026 1.43516552448273 1.38395369052887 1.38423418998718 1.47932851314545 1.46068370342255 1.39722096920013 1.25892400741577 1.56569314002991 1.84019410610199 1.90338981151581 1.78679192066193 1.59900188446045 1.57826948165894 1.50710308551788 1.5700272321701 2.42153644561768 1.72549021244049 1.59639096260071 1.50137042999268 1.37824535369873 1.28499865531921 1.29042363166809 1.68260884284973 1.49081540107727 1.65416693687439 1.90291571617126 2.44800353050232 3.46636772155762 2.79225540161133 2.81104612350464 3.65203595161438 4.71083498001099 4.27518558502197 2.73135805130005 3.53322100639343 3.20614099502563 5.23002529144287 6.17060899734497 3.07531499862671 4.09749794006348 4.47698545455933 4.37952756881714
