slauniainen/Data/DEM/Vihti_dem1500b_cl_horizonAngle_36.asc
NCOLS 196 
NROWS 178 
XLLCORNER 353680 
YLLCORNER 6699024 
CELLSIZE 16 
NODATA_value -3.4e+38 
[rows 140 to 159 of 178, columns 135 to 179 of 196]
-0.0351986512541771 -4.03857469558716 -1.61727511882782 2.39706230163574 5.15274620056152 12.0534496307373 5.65911531448364 1.14222085475922 0.0629858821630478 0.250053077936172 0.469872534275055 0.25855478644371 1.84306800365448 4.15543222427368 6.11447715759277 6.62878847122192 8.09561061859131 8.47181701660156 8.58807563781738 8.94888401031494 7.15157985687256 7.4769926071167 10.2194719314575 10.9801836013794 11.3583164215088 7.88938522338867 1.91526103019714 0.00544997025281191 0.503345787525177 0.924562513828278 1.22135174274445 1.47677481174469 1.30350148677826 1.52257692813873 2.01003456115723 2.82293677330017 3.45639514923096 4.31297826766968 4.31489419937134 4.19301557540894 4.0621190071106 3.5100564956665 2.9782497882843 2.38454556465149 1.01957750320435
2.10857152938843 -2.90394186973572 -0.916184186935425 1.12054538726807 3.75273418426514 7.0890212059021 8.27995777130127 3.15499567985535 2.71014761924744 3.04299783706665 1.65121304988861 2.11724638938904 3.58582854270935 5.25859022140503 5.30647945404053 6.51257658004761 7.2946891784668 7.35626363754272 7.16120862960815 5.88349390029907 6.12724590301514 6.97862100601196 8.48560428619385 10.0264434814453 10.6726341247559 9.6256160736084 5.90354585647583 1.5683901309967 0.739978671073914 1.01435363292694 1.18356156349182 4.48851537704468 6.2033748626709 2.00345206260681 2.36828517913818 2.82519102096558 3.09353566169739 3.90971350669861 3.84249329566956 3.49223470687866 3.75549173355103 3.28793168067932 1.65436029434204 0.16959036886692 -0.804051101207733
2.68497681617737 -1.77056539058685 -0.791990160942078 0.498085021972656 2.9248468875885 5.73102951049805 9.15803146362305 5.77819108963013 4.21597862243652 3.86471176147461 3.19755506515503 3.83477807044983 4.75479364395142 5.25049686431885 5.50910758972168 6.31539487838745 7.02186107635498 7.65807342529297 7.42388200759888 7.23859214782715 6.79718065261841 6.66750431060791 7.49088764190674 7.60475921630859 7.1885838508606 7.17193174362183 5.31245136260986 2.07534527778625 0.767304539680481 1.02407991886139 1.51322817802429 4.49546146392822 9.32128143310547 7.65145111083984 2.79977703094482 2.75401139259338 3.27348732948303 3.25649499893188 3.50354313850403 3.27150702476501 3.06406569480896 2.49157571792603 0.616595864295959 -0.888338029384613 -1.53042435646057
1.19672214984894 -1.62021338939667 -1.40853035449982 -0.720019221305847 2.04013442993164 5.75138139724731 8.12748432159424 7.74018430709839 4.43182563781738 4.34349489212036 3.45529460906982 4.20135927200317 4.32464027404785 4.3990044593811 5.87767553329468 6.69730854034424 7.30546236038208 10.8610057830811 10.9337301254272 11.0108890533447 8.86277103424072 6.63328647613525 6.08669090270996 5.12630081176758 3.66160416603088 2.59698534011841 1.97593998908997 0.697348117828369 0.677754700183868 0.858555912971497 2.04762887954712 4.56173038482666 7.3611216545105 9.01845169067383 7.52696895599365 3.54699110984802 2.79546284675598 3.06827759742737 2.89529943466187 2.69750905036926 2.20370197296143 2.23652815818787 2.6133189201355 -1.44470930099487 -1.87165200710297
2.89824652671814 -2.08625769615173 -1.94579708576202 -1.36292970180511 0.522202014923096 4.12837362289429 6.17025470733643 8.04819011688232 6.18472290039062 5.62807273864746 4.81639337539673 4.24074411392212 3.99726414680481 5.13312864303589 6.06974363327026 6.82918787002563 7.62433815002441 10.5232667922974 11.425971031189 10.5200777053833 8.52306842803955 7.03934907913208 5.27283382415771 2.82182455062866 -0.00218451675027609 0.159798219799995 0.583614766597748 2.26877903938293 0.673026502132416 0.858491897583008 2.51928877830505 4.69738578796387 6.02083396911621 7.48811149597168 7.73612213134766 4.93147802352905 2.98704051971436 2.61044120788574 2.45760154724121 1.90168392658234 1.05226743221283 3.87991690635681 6.36538696289062 7.54944849014282 -0.258289158344269
6.61499929428101 -1.19374179840088 -2.03219413757324 -1.70090210437775 -0.431377500295639 2.18709397315979 5.39421939849854 7.52633810043335 8.53446769714355 7.87969875335693 5.73722457885742 4.84729242324829 4.24635076522827 5.10565614700317 6.24385261535645 6.97437810897827 8.54349422454834 9.10451126098633 8.58336448669434 8.92427444458008 8.19803524017334 5.91452169418335 5.12770414352417 6.00410175323486 0.0144295580685139 0.218304991722107 0.464396238327026 1.8634877204895 1.57494592666626 1.14007306098938 2.52464962005615 4.27737331390381 4.84526681900024 5.10137557983398 4.60517024993896 3.9682035446167 2.81725144386292 2.31949853897095 2.12755990028381 1.06561124324799 1.16888892650604 3.64741826057434 7.96735715866089 15.1857566833496 12.47083568573
6.77295589447021 3.55311059951782 -1.78749191761017 -1.61346113681793 -0.685922384262085 1.25265765190125 4.09347820281982 5.97986841201782 8.82835483551025 8.99898719787598 7.13075685501099 5.54848766326904 4.62391805648804 5.16550636291504 6.24127721786499 7.20148277282715 7.5646767616272 7.39392566680908 6.65763425827026 7.140296459198 6.50272941589355 6.76722192764282 5.00801944732666 8.57553577423096 6.11133003234863 0.382838040590286 0.518431782722473 1.17478764057159 3.13495707511902 1.84105145931244 2.94935059547424 3.48577761650085 3.80411601066589 3.1133439540863 2.73457074165344 2.58716988563538 2.2443962097168 1.89138185977936 1.43124830722809 0.611747205257416 1.80212187767029 3.86401534080505 6.42228651046753 11.1210269927979 14.4691686630249
6.32201147079468 6.6041145324707 2.00224328041077 -1.21680247783661 -0.775652289390564 0.657451629638672 3.51076602935791 4.83948278427124 6.04834508895874 8.97823524475098 8.35514736175537 7.58520841598511 5.91675853729248 5.74481058120728 6.2447943687439 7.04061031341553 7.29366111755371 7.02268218994141 6.38264751434326 5.91946601867676 5.44914579391479 5.83215856552124 3.83711624145508 6.4377818107605 8.02898406982422 4.61070489883423 0.622869908809662 0.882782280445099 2.51233506202698 2.33185076713562 3.19332408905029 3.15235376358032 2.92254066467285 2.55921578407288 2.38376545906067 2.06166481971741 1.83599436283112 1.27459108829498 0.509433031082153 1.07379424571991 2.2183198928833 4.34457206726074 7.9691014289856 9.56094264984131 10.8212070465088
6.09572887420654 6.44248676300049 4.42267990112305 -1.00687205791473 -0.531550586223602 0.406842947006226 2.713219165802 3.85820341110229 4.63247776031494 5.59296655654907 6.89717435836792 8.38944625854492 8.14707279205322 5.97259569168091 6.45895862579346 6.89939785003662 6.73677015304565 6.50685167312622 6.42434787750244 6.22454833984375 8.66193389892578 8.4983959197998 4.61106014251709 5.13639783859253 8.79847812652588 7.97493600845337 4.13164567947388 1.38123261928558 1.95696794986725 2.78431630134583 2.77900791168213 2.73589158058167 2.75259113311768 2.37705397605896 1.90615010261536 1.7281368970871 1.54967188835144 0.640537858009338 0.459424793720245 1.55824255943298 3.00289487838745 5.01104497909546 6.68597173690796 8.46369934082031 9.81050205230713
5.9092698097229 6.83729362487793 6.95766925811768 1.15309703350067 -0.450432538986206 0.474915146827698 1.9889851808548 3.086270570755 3.58290243148804 3.96521377563477 4.63073873519897 7.13464260101318 7.39814472198486 6.10719633102417 6.51046180725098 6.35456418991089 6.26084184646606 6.09433460235596 5.66278409957886 6.94982671737671 11.1450500488281 10.0900726318359 5.00534582138062 5.67673349380493 6.35892724990845 8.15616035461426 6.09116268157959 2.88263988494873 2.38539481163025 2.64678287506104 2.59847283363342 2.58053207397461 2.21340918540955 2.08042359352112 1.5767103433609 1.38450884819031 0.989916384220123 0.573398292064667 0.736982107162476 1.27265810966492 3.73261070251465 4.76592969894409 5.26685094833374 6.80683040618896 7.94261312484741
5.85815763473511 7.48800325393677 8.55746841430664 4.04154443740845 0.0584038347005844 0.636647582054138 1.6486302614212 2.57829666137695 3.38698482513428 4.24224328994751 4.90417814254761 5.51030731201172 5.78475475311279 6.02996778488159 6.38720321655273 6.31017255783081 5.85779476165771 5.35567903518677 5.55918836593628 7.29055976867676 10.8944292068481 10.1350269317627 6.94124412536621 5.24659585952759 5.65437269210815 4.5817403793335 4.71011209487915 2.80657386779785 2.50404906272888 2.47481536865234 2.4371120929718 2.08100414276123 1.91841804981232 1.60101807117462 1.25294554233551 0.866726934909821 0.30745193362236 0.568550884723663 1.12696945667267 2.06375646591187 3.06681489944458 4.02642250061035 4.80199575424194 5.06351280212402 6.48466682434082
6.18462610244751 6.83180236816406 8.26191902160645 6.28013324737549 0.989405930042267 1.12290513515472 1.75465142726898 2.45311188697815 3.54212021827698 4.33538579940796 4.89773464202881 5.24794816970825 5.56848526000977 5.9066858291626 5.92405891418457 5.76257467269897 5.62853050231934 4.96537399291992 5.78414964675903 7.65348243713379 9.21167087554932 9.96658897399902 8.53924751281738 6.09530591964722 4.18383550643921 3.53427672386169 3.07974696159363 2.34411334991455 2.46041226387024 2.33860111236572 1.98992931842804 1.77049744129181 1.37289547920227 1.12901735305786 0.712601602077484 0.189305052161217 0.413852959871292 0.828056335449219 1.78193795681 2.70219945907593 3.39633750915527 3.36941027641296 4.22970724105835 4.61062622070312 4.97669172286987
5.61590147018433 6.94965267181396 8.98678207397461 8.08341503143311 4.04429197311401 1.25573921203613 1.72165644168854 2.48494863510132 3.41935229301453 4.27094078063965 4.64091825485229 4.9909143447876 5.45553827285767 5.48709106445312 5.34406852722168 5.23867797851562 4.82632684707642 4.68648099899292 6.2173171043396 7.12857007980347 7.21282768249512 7.04626750946045 5.07513856887817 3.6042811870575 3.42493748664856 2.95712375640869 2.25681352615356 2.3083860874176 2.21343088150024 2.15304446220398 1.79686665534973 1.36934173107147 0.986203789710999 0.83411318063736 0.348113834857941 -0.253095805644989 0.574725806713104 1.44017279148102 2.1840283870697 2.94744062423706 3.027019739151 3.64360380172729 3.76139330863953 4.43529939651489 4.13906288146973
5.30250549316406 6.57474374771118 8.00948238372803 5.07751941680908 1.72227370738983 1.2830685377121 1.80350625514984 2.55895757675171 3.29575419425964 4.00579357147217 4.41056776046753 4.95899868011475 5.08250856399536 4.9581618309021 4.86565256118774 4.47714376449585 4.23384523391724 4.7581615447998 5.81682682037354 5.65379810333252 5.24843215942383 4.53736066818237 3.65355587005615 2.31441330909729 1.45979988574982 1.8077038526535 2.1117000579834 2.03168725967407 1.98873341083527 1.66741955280304 1.48725056648254 1.039954662323 0.773996591567993 0.365965902805328 -0.072493888437748 -0.247879400849342 0.204208359122276 1.72937440872192 2.35285544395447 2.37879776954651 3.09429597854614 3.33696842193604 3.70111560821533 3.64234900474548 3.81505846977234
4.90909242630005 5.79022789001465 8.13910102844238 5.38893985748291 3.30289053916931 1.71754550933838 2.12463426589966 2.71423411369324 3.41728043556213 3.85093808174133 4.28371286392212 4.8175253868103 4.92420673370361 4.63499355316162 4.1461386680603 3.92807483673096 4.06989097595215 4.75374555587769 5.13097810745239 4.80489015579224 4.22147607803345 3.59035229682922 1.78115344047546 1.22117078304291 1.46548366546631 1.77102279663086 1.88632595539093 1.85294318199158 1.56005835533142 1.32271790504456 1.02915668487549 0.685832500457764 0.322111427783966 -0.0886990949511528 -0.335699051618576 -0.162225127220154 0.540048956871033 1.17212474346161 1.94317245483398 2.28180980682373 2.48069906234741 2.91697335243225 2.78699374198914 2.9860053062439 2.58699989318848
4.96979665756226 5.77388572692871 9.51492595672607 9.09278011322021 7.05020236968994 6.13235425949097 3.60359716415405 3.08517551422119 3.52376008033752 3.79846453666687 4.31841421127319 4.50804615020752 4.43256855010986 4.38686370849609 3.90480852127075 3.47206354141235 4.04438972473145 4.40217542648315 4.42300510406494 3.82804870605469 3.42191028594971 5.41984367370605 1.38795030117035 1.20962834358215 1.410524725914 1.53570222854614 1.54637682437897 1.60708773136139 1.35158824920654 0.985653638839722 0.669284999370575 0.450331062078476 0.16123104095459 -0.139017030596733 0.34927761554718 0.395489007234573 0.750154197216034 1.21179568767548 1.4016820192337 1.93338716030121 2.12885618209839 1.77368402481079 2.10818862915039 1.79000580310822 1.52317464351654
7.40558242797852 8.2710075378418 9.38028240203857 8.72243022918701 8.46548557281494 8.98774719238281 8.18260478973389 5.68271446228027 4.46841764450073 4.24776124954224 4.31163501739502 4.16648387908936 4.12335252761841 3.73317742347717 3.51172423362732 3.63448262214661 3.99544954299927 3.97348713874817 3.77915334701538 3.20599436759949 2.16252970695496 4.30564403533936 4.51645088195801 1.25200831890106 1.16618657112122 1.14851891994476 1.15178787708282 1.03184604644775 1.01112842559814 0.646367311477661 0.366942405700684 0.101249925792217 -0.190987721085548 -0.444568604230881 0.0834180563688278 0.666590929031372 0.979195296764374 0.929742097854614 1.21884894371033 1.49484038352966 1.65296268463135 1.42479729652405 0.877228915691376 0.848968625068665 0.606740713119507
12.9680795669556 11.6890707015991 13.9265298843384 13.1590557098389 12.0174951553345 11.0654211044312 10.131760597229 8.3102560043335 6.99546480178833 4.63521385192871 3.98859453201294 3.88668036460876 3.48634362220764 3.30574989318848 3.10379576683044 3.6403374671936 3.62528777122498 3.35551714897156 2.70351076126099 2.0717134475708 1.27017831802368 1.11339139938354 3.40625214576721 1.11135828495026 0.915866672992706 0.814864575862885 0.645075500011444 0.575738847255707 0.432346284389496 0.286764591932297 0.0458994098007679 -0.241171553730965 -0.542588174343109 -0.314616709947586 0.201555967330933 0.45331284403801 0.808244943618774 0.883406758308411 0.933633387088776 0.972466588020325 0.901421129703522 0.948701202869415 0.451581805944443 0.016934247687459 -0.219090282917023
14.9291143417358 15.7774610519409 17.6036949157715 17.3077907562256 14.3982038497925 11.2003746032715 8.42457580566406 5.77871751785278 4.17029857635498 4.09542369842529 3.78968596458435 3.31179666519165 3.13527584075928 2.77900981903076 3.18745255470276 3.40421557426453 3.34047794342041 2.51653528213501 1.81634652614594 0.953837513923645 0.968104660511017 1.04233372211456 1.4186292886734 1.36541843414307 0.765589535236359 0.421843439340591 0.162537038326263 0.155955016613007 0.0736886858940125 -0.127493873238564 -0.305759310722351 -0.620759308338165 -0.422668486833572 0.0940777659416199 0.377697169780731 0.683652997016907 0.636030852794647 0.735619962215424 0.741357445716858 0.375876903533936 0.357023000717163 -0.0389357842504978 0.00837535783648491 -0.275775879621506 -0.383273094892502
15.7864723205566 13.9239950180054 13.1784706115723 11.2976150512695 8.76949882507324 6.03308439254761 3.95419549942017 3.95812034606934 3.90042662620544 3.68072080612183 3.59119629859924 3.17346954345703 2.61745190620422 2.92618727684021 3.08098602294922 3.01295804977417 2.69488406181335 2.07702827453613 1.21986830234528 0.931671977043152 0.997385561466217 1.63131237030029 0.962282299995422 1.76076936721802 0.547883212566376 0.144621610641479 -0.152530536055565 -0.289979577064514 -0.29104745388031 -0.474431782960892 -0.790718257427216 -0.552277445793152 0.00552698923274875 0.281090050935745 0.592951834201813 0.488989651203156 0.557086288928986 0.597931504249573 0.504317402839661 0.236959919333458 -0.375861346721649 -0.466615319252014 -0.42551064491272 -0.462767004966736 -0.475581705570221
