slauniainen/Data/DEM/Vihti_dem1500b_cl_horizonAngle_312.asc
NCOLS 196 
NROWS 178 
XLLCORNER 353680 
YLLCORNER 6699024 
CELLSIZE 16 
NODATA_value -3.4e+38 
[rows 0 to 19 of 178, columns 90 to 134 of 196]
1.59710907936096 1.35276865959167 1.1500495672226 1.15419673919678 1.40988326072693 4.3727765083313 3.71833324432373 21.3056812286377 16.088306427002 16.3172397613525 16.1461563110352 14.0813503265381 11.722484588623 10.5437393188477 9.7477502822876 8.95299530029297 8.27730178833008 8.15221214294434 7.53907155990601 6.87135219573975 6.18846654891968 5.5360746383667 4.9585657119751 4.17104768753052 4.1557502746582 4.1205415725708 4.07604312896729 4.03520727157593 4.01817560195923 3.9870982170105 3.92777991294861 3.8366219997406 3.69371938705444 3.39852595329285 4.15098333358765 4.97625494003296 5.2628436088562 5.43908262252808 5.47368764877319 5.33119869232178 5.45740985870361 5.56124782562256 5.64123010635376 5.6340765953064 5.4416561126709
1.53553199768066 1.36611354351044 1.13065564632416 1.11892104148865 2.81482362747192 7.67224788665771 9.06779766082764 21.0031490325928 19.8887233734131 15.8099136352539 15.041316986084 13.3477411270142 11.9332542419434 10.8399877548218 9.60749912261963 8.75903797149658 8.14082336425781 7.50308179855347 7.3242769241333 6.84988451004028 6.28834915161133 5.64497470855713 5.15387296676636 4.67717409133911 4.06698942184448 4.04043674468994 4.00012683868408 3.95548510551453 3.91780376434326 3.89993071556091 3.86977648735046 3.8110773563385 3.5466570854187 3.12295484542847 2.64752721786499 3.78558969497681 4.49858856201172 4.84344387054443 5.03864860534668 5.10989665985107 4.96960353851318 4.84337139129639 5.18091773986816 5.16764545440674 5.11207008361816
3.33806204795837 1.88181340694427 1.18117558956146 1.12070059776306 5.36123132705688 9.90310096740723 10.2054376602173 24.5665836334229 20.9534473419189 17.8599853515625 14.7292461395264 13.856348991394 12.3116178512573 11.2666263580322 9.62300300598145 8.65059280395508 7.96514129638672 7.36787462234497 6.82208824157715 6.62745428085327 6.25975942611694 5.80631971359253 5.2642650604248 4.7917275428772 4.34973430633545 3.94688963890076 3.92489457130432 3.88143110275269 3.8161473274231 3.79578852653503 3.73717474937439 3.56609201431274 3.2058892250061 2.78962588310242 2.43553161621094 2.05453681945801 3.45645689964294 4.16232109069824 4.52237176895142 4.70702123641968 4.54271125793457 4.63058233261108 4.54971551895142 4.65028047561646 4.682053565979
10.2529602050781 5.72067165374756 1.75031697750092 6.89292192459106 9.97987174987793 11.5053968429565 19.6092529296875 28.7067031860352 20.2876586914062 18.167652130127 16.8440113067627 14.0734691619873 13.1240940093994 11.6424856185913 9.9905834197998 8.73599243164062 7.85542964935303 7.17244100570679 6.6414999961853 6.20332098007202 6.04374027252197 5.7547812461853 5.37373876571655 4.88981962203979 4.44642734527588 4.05888748168945 3.91758823394775 3.74716258049011 3.55002570152283 3.42957735061646 3.33987259864807 3.14316034317017 2.82239031791687 2.51802754402161 2.25444626808167 1.90424060821533 1.69212627410889 3.22057414054871 3.88436961174011 3.75702548027039 4.09581756591797 4.26693105697632 4.35521793365479 4.27823495864868 4.36008405685425
14.7442283630371 10.3337898254395 8.69942665100098 11.5734596252441 12.1939067840576 22.1604747772217 29.0190181732178 28.5325107574463 25.9498043060303 20.2063541412354 18.3740043640137 15.5879802703857 14.9672727584839 11.7111320495605 10.3890285491943 8.9920072555542 7.93921136856079 7.09742021560669 6.48403644561768 6.05136060714722 5.68818426132202 5.5354151725769 5.3017406463623 4.98058795928955 4.55719089508057 4.39926385879517 3.99862551689148 3.67497158050537 3.16422963142395 2.96318435668945 2.87685418128967 2.70045685768127 2.52836227416992 2.32477068901062 2.03552961349487 1.73452293872833 1.42127561569214 1.58304917812347 2.38774633407593 2.91490316390991 3.52684330940247 3.86098647117615 4.0037956237793 4.09801816940308 3.93986010551453
15.1509876251221 13.6780529022217 12.5524196624756 13.0362701416016 18.0997352600098 25.90696144104 22.6552600860596 25.736177444458 21.7497463226318 20.6767730712891 18.0634765625 16.0670738220215 15.1977214813232 13.108380317688 10.5070781707764 9.23890590667725 8.055832862854 7.25757884979248 6.49080467224121 5.89587640762329 5.54334354400635 5.24263763427734 5.09796905517578 4.91472864151001 4.64084100723267 4.48009920120239 4.12704467773438 3.75040745735168 3.46037340164185 2.84650039672852 2.46056008338928 2.34599781036377 2.22722363471985 2.08341217041016 1.87856638431549 1.61398935317993 1.28472912311554 1.13883686065674 1.06093335151672 1.4483562707901 2.75757026672363 3.30911159515381 3.62686467170715 3.69523429870605 3.31862759590149
14.9628219604492 15.3968276977539 14.9004802703857 13.9429721832275 15.8387136459351 18.6025943756104 21.9593811035156 20.8797206878662 21.180835723877 18.6298484802246 17.7148685455322 15.7144165039062 14.6524848937988 13.2385263442993 11.6127157211304 9.39794063568115 8.22450828552246 7.28884935379028 6.67361497879028 5.94180536270142 5.4027681350708 5.10682821273804 4.8576283454895 4.72246265411377 4.57784509658813 4.4190993309021 4.20174980163574 3.88485956192017 3.53184366226196 3.26877355575562 2.68846154212952 2.187251329422 1.92073440551758 1.83642673492432 1.64121401309967 1.41220009326935 1.22744333744049 1.06992256641388 1.0051726102829 0.973415374755859 1.37253451347351 2.59728479385376 3.13266038894653 3.24901413917542 2.83549785614014
17.1701507568359 17.0104866027832 15.7446231842041 14.6536960601807 14.2572946548462 15.4390048980713 17.2420272827148 19.4227085113525 18.2940902709961 17.8585720062256 16.0597095489502 15.0857667922974 14.1140871047974 12.7575826644897 11.7262744903564 10.4103851318359 8.48884105682373 7.46653842926025 6.67489433288574 6.14960193634033 5.47690439224243 5.00768232345581 4.73148822784424 4.52462196350098 4.40007066726685 4.24696922302246 4.14398956298828 3.95611619949341 3.66988515853882 3.33527255058289 3.09764814376831 2.54772853851318 2.08257913589478 1.76975119113922 1.45513451099396 1.34383702278137 1.15887999534607 1.03907489776611 0.97152978181839 0.934766292572021 0.917493283748627 1.29862654209137 2.45163726806641 2.87760162353516 2.80229115486145
16.9349460601807 16.4596691131592 15.2685813903809 14.6351776123047 13.5982904434204 13.1383838653564 13.5701704025269 15.1051054000854 16.0402069091797 15.5299577713013 15.250147819519 14.1994276046753 13.1645469665527 12.3534336090088 11.3018388748169 10.5179758071899 9.4506311416626 7.76727151870728 6.83758115768433 6.14900302886963 5.70180225372314 5.12875413894653 4.92204999923706 4.50457286834717 4.25635004043579 4.09801149368286 3.98426032066345 3.90217542648315 3.73667693138123 3.47915697097778 3.16760444641113 2.94857788085938 2.42676210403442 1.98901629447937 1.6868668794632 1.38475060462952 1.10308337211609 1.00969183444977 0.945294857025146 0.874320805072784 0.83443820476532 0.826267957687378 1.23083102703094 2.32075619697571 2.73231601715088
13.9648838043213 14.6285724639893 14.2503204345703 13.6256275177002 13.262243270874 12.7596426010132 11.9531316757202 11.5462198257446 12.8095235824585 13.6784114837646 12.8258504867554 12.8298091888428 12.4890012741089 11.7610502243042 10.924822807312 10.1450071334839 9.56268787384033 8.59914875030518 7.10329151153564 6.29997491836548 5.69971132278442 5.34289693832397 5.12642002105713 4.6173849105835 4.22565793991089 3.99110555648804 3.85588550567627 3.75172519683838 3.68700194358826 3.54362511634827 3.30887866020203 3.00723052024841 2.80947923660278 2.31093454360962 1.89603936672211 1.60807931423187 1.3214191198349 1.10341310501099 0.95309716463089 0.839392781257629 0.751936316490173 0.718326449394226 0.738492727279663 1.16492390632629 2.19764280319214
10.0577831268311 11.9892482757568 12.4064359664917 12.3836507797241 12.0250415802002 11.9915628433228 11.3910474777222 10.8478899002075 9.80374145507812 9.81815528869629 10.7724637985229 11.4029130935669 11.4535055160522 11.114782333374 10.5277252197266 9.82259082794189 9.19227409362793 8.68023872375488 7.86860418319702 6.53998708724976 5.83788537979126 5.58014440536499 5.12532091140747 4.80972480773926 4.3452296257019 3.97375512123108 3.75994944572449 3.6484432220459 3.54726195335388 3.49868011474609 3.36777567863464 3.1530613899231 2.86551570892334 2.67943167686462 2.20396304130554 1.81419968605042 1.5381680727005 1.44276833534241 1.19189167022705 0.908699691295624 0.801217496395111 0.725399851799011 0.648475289344788 0.654366910457611 1.11447763442993
7.54340505599976 9.96127796173096 10.6720132827759 10.9419555664062 10.8909959793091 10.7557020187378 10.8885803222656 10.3612518310547 9.91122627258301 9.02821350097656 8.74430561065674 9.74971866607666 10.2728033065796 10.2578592300415 10.0532703399658 9.53911590576172 8.95468330383301 8.38536071777344 7.89931964874268 7.22971725463867 6.28606700897217 5.87340211868286 5.22499370574951 4.78972911834717 4.52723264694214 4.11200428009033 3.76295447349548 3.55420422554016 3.45753407478333 3.36394882202148 3.32187104225159 3.20729637145996 3.00904846191406 2.73560667037964 2.5645432472229 2.11077857017517 1.94076001644135 1.68664062023163 1.42615163326263 1.11067426204681 0.883973181247711 0.783073723316193 0.711688876152039 0.63347065448761 0.598699510097504
6.49300479888916 8.15950775146484 8.99290466308594 9.38000583648682 9.24999141693115 9.49444961547852 9.67152118682861 9.86588668823242 9.43713760375977 9.0315408706665 8.32013511657715 7.98621416091919 8.84256744384766 9.27519226074219 9.32613563537598 9.15612888336182 8.7366886138916 8.18295669555664 7.69443321228027 7.26093769073486 6.68385744094849 6.07055377960205 5.36445617675781 4.86428594589233 4.5314826965332 4.28142404556274 3.89525413513184 3.56592655181885 3.3668999671936 3.28526663780212 3.19343686103821 3.16388750076294 3.06237983703613 2.87647891044617 2.61075878143311 2.4575617313385 2.39213252067566 1.9527827501297 1.61103582382202 1.34505009651184 1.08682370185852 0.850462853908539 0.75671124458313 0.685553014278412 0.607564985752106
5.77845239639282 6.02749395370483 6.96629810333252 6.95521926879883 7.84384155273438 8.1103572845459 8.34890460968018 8.63307857513428 8.8894157409668 8.59017372131348 8.25473213195801 7.66272115707397 7.26505565643311 8.03384685516357 8.42203140258789 8.52231979370117 8.33432483673096 8.00970077514648 7.53018856048584 7.13227224349976 6.62721872329712 6.18040418624878 5.88029384613037 5.08396434783936 4.66141891479492 4.28052473068237 4.06037282943726 3.70510101318359 3.38836932182312 3.19804549217224 3.12800264358521 3.04287767410278 3.02184104919434 2.9322452545166 2.75654363632202 2.68600463867188 2.43585658073425 2.29507207870483 1.88276958465576 1.54486179351807 1.29139256477356 1.0494202375412 0.815149068832397 0.7365682721138 0.656711876392365
5.46511888504028 5.49984121322632 5.59758853912354 5.71818542480469 6.13601398468018 6.95450401306152 7.26713943481445 7.45115041732788 7.74100160598755 8.04042625427246 7.83646774291992 7.53622817993164 7.04028558731079 6.6432671546936 7.37307357788086 7.69894504547119 7.82799005508423 7.66099405288696 7.43148565292358 6.9279932975769 6.66025304794312 6.31532144546509 5.93950939178467 5.50239753723145 4.87503147125244 4.41701984405518 4.05770015716553 3.85785603523254 3.52651429176331 3.22543358802795 3.04781293869019 2.98843097686768 2.90418028831482 2.89142799377441 2.80681443214417 2.74036836624146 2.58314919471741 2.34973907470703 2.20995998382568 1.8029168844223 1.49267244338989 1.21814131736755 1.01332795619965 0.787777960300446 0.686332046985626
5.51089382171631 5.23594903945923 5.22980070114136 5.15938472747803 5.27114152908325 5.63477659225464 6.30938005447388 6.55296421051025 6.7589054107666 6.99810028076172 7.32807970046997 7.21871519088745 6.94725322723389 6.54062509536743 6.13549184799194 6.79350185394287 7.07719278335571 7.24088621139526 7.06444120407104 6.83925247192383 6.59422302246094 6.25863742828369 5.92649507522583 5.53057384490967 5.13985443115234 4.590256690979 4.19697856903076 3.85515880584717 3.67440891265869 3.367760181427 3.08070135116577 2.90805339813232 2.85952281951904 2.779372215271 2.76571249961853 2.70398855209351 2.63018155097961 2.47728729248047 2.25966858863831 2.12941288948059 1.73622441291809 1.39509868621826 1.18155825138092 0.976407825946808 0.757492482662201
6.03380298614502 5.20961093902588 4.9317421913147 4.90314817428589 4.86555004119873 4.93992280960083 5.19242525100708 5.74702739715576 5.94863796234131 6.18370866775513 6.41351127624512 6.78490972518921 6.71712446212769 6.44844007492065 6.23139810562134 5.99044418334961 6.2956600189209 6.57793235778809 6.71135139465332 6.54522037506104 6.33946132659912 6.2054500579834 5.89423418045044 5.55724048614502 5.14027833938599 4.87069368362427 4.37967014312744 3.98910331726074 3.67059373855591 3.50875806808472 3.22266459465027 2.99561476707458 2.8170485496521 2.74006128311157 2.67508935928345 2.60087203979492 2.59359884262085 2.52514982223511 2.39693117141724 2.17187643051147 2.0487368106842 1.62310516834259 1.35116791725159 1.1374499797821 0.94752448797226
5.94024753570557 5.60934114456177 4.91241121292114 4.67305898666382 4.61202049255371 4.57307958602905 4.61761569976807 4.79227066040039 5.30083417892456 5.4923939704895 5.7596549987793 5.9674768447876 6.3078498840332 6.25801515579224 6.16924667358398 5.91463375091553 5.61469650268555 5.86129140853882 6.08869504928589 6.03997850418091 6.0962929725647 5.94472789764404 5.84383821487427 5.56685256958008 5.27030229568481 4.95174121856689 4.69524145126343 4.17266416549683 3.79392743110657 3.49267792701721 3.34764838218689 3.14870715141296 3.02192807197571 2.76275849342346 2.6059844493866 2.56962180137634 2.49521493911743 2.49767327308655 2.44281625747681 2.30872797966003 2.07346367835999 1.94005227088928 1.58584368228912 1.30939257144928 1.10265290737152
6.20120859146118 5.59010314941406 5.2652907371521 4.63922643661499 4.41001510620117 4.32706546783447 4.29524230957031 4.3459587097168 4.53814172744751 4.98160839080811 5.17021799087524 5.42419624328613 5.58168649673462 5.88433837890625 5.82347011566162 5.7998104095459 5.56722736358643 5.29996728897095 5.0519437789917 5.32355213165283 5.6163010597229 5.74083518981934 5.59906387329102 5.52889680862427 5.29622316360474 5.02568054199219 4.73180818557739 4.48545217514038 3.97578883171082 3.61522388458252 3.33402466773987 3.27003884315491 3.14043521881104 2.89769577980042 2.65137100219727 2.50281929969788 2.47190451622009 2.40480589866638 2.40597248077393 2.35395455360413 2.19393610954285 1.99076128005981 1.88627684116364 1.53027105331421 1.26589953899384
6.01078987121582 5.82700967788696 5.27634286880493 4.95506191253662 4.3829550743103 4.15908193588257 4.08241415023804 4.0843334197998 4.1451587677002 4.29252147674561 4.75576114654541 4.92490577697754 5.14355659484863 5.26979064941406 5.27036666870117 5.54477167129517 5.48883724212646 5.24983930587769 5.01210832595825 4.6305890083313 4.98952722549438 5.26616716384888 5.41021156311035 5.29185247421265 5.22666931152344 5.01816654205322 4.75005292892456 4.49137830734253 4.26991510391235 3.79816150665283 3.48562335968018 3.40839457511902 3.1338312625885 3.00747084617615 2.78383231163025 2.54953813552856 2.40952730178833 2.3827748298645 2.31534886360168 2.28881812095642 2.23573756217957 2.12644219398499 1.92829859256744 1.82520151138306 1.47932612895966
