slauniainen/Data/DEM/Vihti_dsm1500b_cl_horizonAngle_180.asc
NCOLS 196 
NROWS 178 
XLLCORNER 353680 
YLLCORNER 6699024 
CELLSIZE 16 
NODATA_value -3.4e+38 
[rows 20 to 39 of 178, columns 46 to 91 of 196]
-4.06969451904297 -1.82932794094086 -4.56461668014526 -4.16968822479248 -3.68559908866882 -3.61840295791626 -3.6325626373291 -3.28099036216736 -2.33565521240234 0.814808487892151 -2.36600828170776 9.28678607940674 3.14661264419556 11.7296123504639 -2.41579222679138 -3.34430980682373 -3.01980686187744 5.25133848190308 -0.472687542438507 12.094033241272 -1.84113323688507 -1.72535419464111 -1.74477434158325 -1.54336667060852 -0.850558042526245 9.15493297576904 -0.669665277004242 25.9736595153809 6.47535848617554 1.79231822490692 1.81724417209625 1.81693196296692 1.77675914764404 1.70790803432465 1.13772904872894 1.17641842365265 1.50493848323822 1.21588039398193 1.34721553325653 1.04915535449982 1.36738002300262 1.32160127162933 1.3258980512619 1.83406162261963 2.21705341339111 2.91154813766479
-3.96259117126465 -4.47530603408813 -4.16565990447998 -3.90540599822998 -3.5804455280304 -3.45822024345398 -3.08849096298218 -2.29386210441589 -1.18585383892059 -2.23596906661987 -0.0303957052528858 17.473934173584 11.6027402877808 -1.91828322410583 -2.24776387214661 -3.19831538200378 -2.66360449790955 -2.45150542259216 -1.99675726890564 -1.8091197013855 6.00454092025757 -0.867308855056763 -1.30722999572754 6.06906127929688 8.76663780212402 4.12859296798706 2.25142312049866 -0.47539359331131 38.697998046875 2.06104230880737 2.02289628982544 1.97155332565308 1.92297649383545 1.86444222927094 1.24068462848663 1.34342062473297 1.65356731414795 1.32699596881866 1.49216938018799 1.1803765296936 1.47238504886627 1.41886675357819 1.39719140529633 1.91012644767761 2.2779905796051 3.04630947113037
-3.39644980430603 -4.16178417205811 -3.64956212043762 -3.37675595283508 -2.33663368225098 -0.203097105026245 0.838244795799255 1.84691798686981 1.62816691398621 1.71784043312073 2.0998797416687 32.7417221069336 -1.85354173183441 -1.19224977493286 -1.70752918720245 -2.78319430351257 -2.10098338127136 -1.94913947582245 -1.70479357242584 -1.21328711509705 -1.1778724193573 -0.398186951875687 -1.08480453491211 7.24221277236938 -0.769616782665253 -0.75749009847641 -0.622828543186188 0.853818833827972 -0.36592048406601 2.36748623847961 2.28618359565735 2.19106030464172 2.14992332458496 2.05748438835144 1.33756518363953 1.44337737560272 1.82070791721344 1.47402393817902 1.62182903289795 1.27488660812378 1.57551169395447 1.52495837211609 1.50380611419678 2.03640723228455 2.3715934753418 3.19266748428345
-2.88600277900696 -3.41268348693848 -3.04252028465271 -2.80632591247559 -0.54580694437027 3.49099946022034 0.577995479106903 3.59528231620789 4.15908527374268 -1.60473096370697 5.26338052749634 -2.17802786827087 12.9698905944824 -1.14702618122101 -1.2502384185791 -1.5054577589035 -1.53246879577637 -1.56748557090759 -1.42082023620605 -0.801193356513977 -0.64774477481842 14.1472826004028 -0.663384675979614 -0.749636590480804 -0.414243578910828 3.58564424514771 0.297527432441711 2.72703814506531 2.94577407836914 2.76892447471619 2.67071390151978 2.47896957397461 2.32461309432983 2.16026473045349 1.41270470619202 1.60206186771393 1.9600203037262 1.5719598531723 1.72314178943634 1.36270344257355 1.68603456020355 1.63319849967957 1.61087000370026 2.22444081306458 2.51609683036804 3.39434552192688
-2.74889254570007 -2.94437861442566 -2.94064974784851 -0.779976725578308 2.74401092529297 17.5238800048828 4.83050632476807 6.69577312469482 5.41919279098511 6.90498447418213 20.9051055908203 8.56846332550049 -1.3319605588913 3.31902575492859 0.855513215065002 5.66693592071533 9.335862159729 -0.65873783826828 -0.490319550037384 19.5739974975586 -0.522459924221039 1.01528334617615 -0.594245672225952 -0.520396769046783 -0.0486311689019203 -0.0776486918330193 4.63254308700562 3.44683575630188 3.54048752784729 3.24340033531189 3.04543590545654 2.71070981025696 2.47080612182617 2.33418774604797 1.54338800907135 1.7230144739151 2.07146668434143 1.65371191501617 1.82412028312683 1.47058951854706 1.79823672771454 1.74900460243225 1.7389851808548 2.4425151348114 2.70215940475464 3.63276195526123
-2.52871370315552 -1.75759565830231 1.69863569736481 7.70709705352783 5.206298828125 9.55129718780518 17.4917964935303 9.14273357391357 6.54364395141602 1.46480822563171 -1.70403432846069 8.94920825958252 25.9201622009277 5.55830860137939 3.72628831863403 13.3443641662598 17.513744354248 0.427515476942062 -0.434795439243317 -0.76471221446991 -0.226041108369827 -0.26470872759819 -0.340851008892059 0.0525801777839661 1.63589382171631 1.92493677139282 6.70890045166016 4.37293291091919 4.1938271522522 3.74990320205688 3.45371031761169 2.98539042472839 2.70750784873962 2.50776267051697 1.65804493427277 1.84941911697388 2.20750880241394 1.75265204906464 1.94698929786682 1.60301661491394 1.9302544593811 1.87832677364349 1.85906314849854 2.66317629814148 2.89286589622498 3.91765975952148
-1.49038803577423 8.24601078033447 13.0979385375977 4.0912766456604 16.2177867889404 29.4407386779785 8.78887367248535 14.2416334152222 7.96643161773682 16.7066879272461 3.98603200912476 3.68638181686401 -1.033074259758 7.18953084945679 6.23285627365112 -1.31518042087555 -1.1391886472702 -0.649408280849457 -0.224636107683182 -0.0776974558830261 1.33565008640289 0.0551856979727745 0.111634448170662 1.11314916610718 1.16130292415619 6.29334878921509 9.58041477203369 5.4339861869812 4.92656517028809 4.36116170883179 3.91933155059814 3.35009574890137 2.95136761665344 2.71281242370605 1.79505217075348 1.97893095016479 2.37308263778687 1.88239443302155 2.09388446807861 1.73993313312531 2.07851600646973 2.01169157028198 1.99927651882172 2.86922764778137 3.07927012443542 4.25012397766113
5.68039798736572 20.027774810791 3.31562924385071 9.55524826049805 7.53458976745605 9.89862632751465 23.5643901824951 11.9995861053467 7.99575567245483 -1.37200796604156 6.6970911026001 -1.54324913024902 11.3646211624146 -0.753984570503235 28.8460578918457 2.4052197933197 0.154092162847519 1.21345031261444 5.25624990463257 6.01322031021118 2.95620584487915 0.780229151248932 0.42599955201149 5.18087816238403 5.89208984375 9.10213851928711 14.0584287643433 6.74350070953369 5.82191276550293 4.96269512176514 4.36250829696655 3.7750678062439 3.25787878036499 2.96376752853394 1.99579393863678 2.13328790664673 2.54285097122192 2.05776643753052 2.26592922210693 1.88293063640594 2.21909022331238 2.14408230781555 2.14950084686279 3.0613648891449 3.27335023880005 4.59007835388184
-1.73847532272339 -2.32756114006042 15.7784261703491 10.5332231521606 15.5162982940674 -0.553441226482391 2.09325337409973 11.1968698501587 23.0337619781494 10.3623924255371 -0.885285973548889 -1.47916638851166 -0.960244596004486 -0.667665719985962 -0.750818073749542 -0.174796253442764 2.62946486473083 3.6128261089325 17.0376529693604 5.6513090133667 14.0014886856079 4.55560398101807 6.11586952209473 21.4309577941895 16.2041778564453 14.8166799545288 23.983003616333 8.07943534851074 6.67864465713501 5.5476016998291 4.88783264160156 4.21240091323853 3.57000637054443 3.23828911781311 2.20900630950928 2.33897542953491 2.73983287811279 2.23728466033936 2.47718358039856 2.0320611000061 2.35573887825012 2.26584529876709 2.30157375335693 3.27096486091614 3.4802348613739 4.94073438644409
-1.23533487319946 -1.66814374923706 23.1490249633789 17.0852527618408 -0.231924638152122 7.04498434066772 2.22912263870239 18.6979942321777 16.5317687988281 15.0222721099854 -1.45079171657562 -0.502524554729462 8.7812671661377 -0.433560848236084 0.0971426665782928 3.62188100814819 5.60591125488281 15.8555812835693 8.698166847229 1.39211690425873 3.31427049636841 23.4209461212158 37.2575225830078 41.4154357910156 20.8879795074463 15.8751621246338 18.4422149658203 10.1675710678101 7.87706899642944 6.42543458938599 5.52716445922852 4.70226049423218 3.8793511390686 3.51674699783325 2.43310546875 2.56145000457764 2.97893810272217 2.41511058807373 2.65754365921021 2.1753830909729 2.47887492179871 2.38752889633179 2.48281741142273 3.49672961235046 3.69166588783264 5.30436944961548
0.984585464000702 -1.67458701133728 -0.321723103523254 -3.16573262214661 -3.06620907783508 -3.23652672767639 -3.01994848251343 0.762870669364929 -2.61830878257751 -1.32428979873657 -1.2319301366806 0.329930454492569 16.3839282989502 -0.289773136377335 9.55070304870605 16.8147201538086 7.32222270965576 3.44806385040283 0.779199481010437 18.4146156311035 26.0701675415039 43.0232620239258 2.0479519367218 4.12758255004883 6.07145214080811 7.98180913925171 3.74585294723511 11.8535356521606 9.52703475952148 7.63494396209717 6.3589243888855 5.31071186065674 4.20951080322266 3.82310938835144 2.67378997802734 2.78455209732056 3.20614433288574 2.60033440589905 2.8361394405365 2.32637929916382 2.64042592048645 2.51383399963379 2.67438507080078 3.77999997138977 3.95123791694641 5.75391340255737
1.05845236778259 -1.6421674489975 4.6491494178772 5.54928016662598 -2.9706392288208 -3.02234172821045 0.730774223804474 -3.1864869594574 5.1546459197998 -1.2648891210556 -0.42699983716011 0.790497243404388 29.5045108795166 0.045084398239851 0.237506628036499 -0.169652000069618 19.6578464508057 11.7774982452393 20.3701953887939 36.1839485168457 14.0843868255615 0.662023603916168 45.2568664550781 6.21045589447021 10.325177192688 21.7123546600342 38.9067153930664 18.5266571044922 11.8943338394165 9.20497417449951 7.54160737991333 6.08858919143677 4.60417032241821 4.15815353393555 2.93916654586792 3.05667471885681 3.45188164710999 2.76812100410461 3.03281307220459 2.47651195526123 2.80814123153687 2.66594862937927 2.86564612388611 4.09655618667603 4.299241065979 6.33485555648804
-1.22096073627472 -1.56695938110352 -2.80687499046326 -2.04657936096191 -2.87256956100464 11.440465927124 -2.89129233360291 -2.64536905288696 10.7708377838135 13.860897064209 0.591215670108795 3.91948223114014 -0.810171246528625 0.180380642414093 2.3814103603363 3.97151827812195 3.59680557250977 23.405574798584 37.683032989502 7.02352285385132 2.41366529464722 1.90705287456512 1.44521915912628 50.7171630859375 47.1298980712891 2.00807547569275 8.92023849487305 19.7204551696777 15.1528053283691 11.4061880111694 9.04276657104492 7.15448141098022 5.08782243728638 4.57715559005737 3.22724080085754 3.34276485443115 3.76194477081299 2.98003315925598 3.23035335540771 2.63287615776062 2.97107696533203 2.83048224449158 3.10103368759155 4.4299750328064 4.67084884643555 7.03003740310669
-0.35280653834343 -1.45765233039856 -2.71527767181396 -3.12917876243591 -2.48029541969299 -2.94399976730347 -2.81957387924194 -2.12702441215515 -2.06492209434509 -1.1641526222229 4.4716477394104 1.29696798324585 1.91122472286224 6.52154636383057 6.36055135726929 7.58518218994141 23.3378238677979 42.4876823425293 2.62501978874207 1.81621086597443 4.60195922851562 12.2683448791504 42.4173164367676 0.316196650266647 1.01115918159485 45.6985702514648 10.4409484863281 30.8571872711182 20.3514442443848 14.3751964569092 11.1685924530029 8.57328319549561 5.71082639694214 5.13299989700317 3.60262250900269 3.67205119132996 4.11223745346069 3.22836637496948 3.44730854034424 2.80436611175537 3.14693737030029 3.00249814987183 3.38380193710327 4.82576560974121 5.05834007263184 7.88439273834229
0.360322594642639 -0.739934861660004 -1.39581859111786 -2.39797258377075 -2.36051630973816 -2.50216102600098 -1.98480379581451 -1.83967661857605 -1.50384557247162 -0.793543636798859 2.65619206428528 16.336877822876 -0.0905784592032433 21.988302230835 14.9677133560181 12.0716390609741 44.3295783996582 1.32937431335449 3.64972758293152 2.18048238754272 38.2469520568848 48.3491172790527 10.2769041061401 3.93464207649231 0.930079698562622 2.37588334083557 52.0981025695801 2.29076600074768 29.4917697906494 19.1743412017822 14.0463628768921 10.6550140380859 6.51822137832642 5.82652044296265 4.09613370895386 4.08825302124023 4.53362703323364 3.52423763275146 3.70224785804749 2.99099969863892 3.35282182693481 3.18059706687927 3.68196558952332 5.30111408233643 5.51024723052979 8.89009284973145
0.767298221588135 -0.409920245409012 -0.937458038330078 -1.31742465496063 -1.44274532794952 -1.29383027553558 -1.27081573009491 -1.27106642723083 -0.323405265808105 -0.30848091840744 -0.321429282426834 12.4730892181396 11.7122716903687 3.76603078842163 34.0932884216309 25.7535076141357 0.982633292675018 8.21112728118896 35.2844467163086 47.5421752929688 7.85254907608032 0.679720818996429 1.21302211284637 1.92380595207214 2.14632368087769 5.0442099571228 -0.252655774354935 46.8757781982422 37.1435394287109 27.8804225921631 18.5900096893311 13.4401988983154 7.63519525527954 6.72739315032959 4.76906681060791 4.64725589752197 5.04122638702393 3.88745045661926 4.02265739440918 3.18978548049927 3.54205322265625 3.34869647026062 3.96900677680969 5.81178379058838 6.04403734207153 10.1617441177368
1.1770133972168 0.237823203206062 -0.584811151027679 -0.444916188716888 -0.537409245967865 -0.572980523109436 1.71579539775848 2.41476511955261 2.9378068447113 11.3693523406982 6.44930267333984 -0.440617591142654 43.7530632019043 41.2635154724121 5.39902019500732 13.9441814422607 47.9820251464844 46.6283111572266 24.262544631958 2.78456282615662 8.45963668823242 20.5962238311768 9.18546390533447 8.03711700439453 10.4458103179932 12.0688314437866 4.56812381744385 5.24118137359619 -0.030757823958993 47.6176490783691 27.6012840270996 18.1180210113525 8.9667501449585 8.15595054626465 5.66483783721924 5.38574314117432 5.70000314712524 4.30805778503418 4.42029047012329 3.44158744812012 3.73155117034912 3.4745500087738 4.23439455032349 6.31831169128418 6.61758136749268 11.8352146148682
2.23031997680664 4.80406665802002 1.59849095344543 11.8831491470337 -0.0436312407255173 -0.538398742675781 5.60220289230347 0.701876103878021 18.3245487213135 49.277400970459 47.48486328125 36.9994850158691 0.305409610271454 0.71881502866745 13.4086561203003 50.4996490478516 5.62403011322021 9.02389335632324 2.93989682197571 17.2892227172852 10.3992729187012 1.87433552742004 13.6616802215576 9.6969747543335 19.9304847717285 17.9911403656006 0.0893426239490509 -0.0444482490420341 11.3162269592285 0.501191973686218 47.7941780090332 27.197696685791 10.966121673584 9.88320159912109 7.21773386001587 6.36470222473145 6.54371309280396 4.86710166931152 4.90689325332642 3.76475501060486 3.97594022750854 3.60986375808716 4.47009611129761 6.8721022605896 7.19595050811768 14.1821889877319
7.3787636756897 6.71045589447021 13.9237766265869 46.4779624938965 47.976936340332 38.2004013061523 34.5048065185547 39.6309394836426 36.1766700744629 -0.094674177467823 -0.184405043721199 4.03959274291992 13.2730731964111 49.0946044921875 0.622212827205658 -0.0183323286473751 6.21589517593384 1.78232145309448 13.0392589569092 4.02155542373657 3.20935797691345 1.92724394798279 16.0497589111328 20.5697689056396 5.92179012298584 0.0232003480195999 1.68905758857727 2.54842519760132 0.0804213285446167 1.54569292068481 1.58258211612701 47.2134246826172 14.756085395813 12.1237888336182 9.07670307159424 7.90343189239502 7.64434671401978 5.65168190002441 5.5572943687439 4.19189882278442 4.33418989181519 3.84337043762207 4.85229730606079 7.59850120544434 7.98757410049438 17.8169860839844
9.77026271820068 9.01205444335938 23.6361427307129 -0.252312809228897 -0.268348187208176 0.599276721477509 7.42255973815918 0.595631122589111 7.99005746841431 1.08913373947144 10.0675668716431 50.3640670776367 0.560369491577148 2.91626739501953 1.20136761665344 0.0545494481921196 0.198924466967583 6.40417146682739 1.73033928871155 1.36033987998962 0.255736261606216 0.735668420791626 3.8633246421814 5.25680017471313 0.151349037885666 0.0547885745763779 2.2800624370575 3.17579507827759 1.3768185377121 6.61412477493286 5.94965553283691 2.90930509567261 22.5067920684814 15.3859395980835 11.5410041809082 9.89480590820312 9.28938388824463 6.67959833145142 6.4391713142395 4.75335216522217 4.83995389938354 4.22725534439087 5.57930898666382 8.75609588623047 9.07504558563232 24.7558307647705
