slauniainen/Data/DEM/Vihti_dsm1500b_cl_horizonAngle_156.asc
NCOLS 196 
NROWS 178 
XLLCORNER 353680 
YLLCORNER 6699024 
CELLSIZE 16 
NODATA_value -3.4e+38 
[rows 100 to 119 of 178, columns 46 to 91 of 196]
24.1660118103027 13.4749441146851 5.19320869445801 0.328751742839813 1.1841287612915 10.4671678543091 9.93805408477783 2.98036742210388 5.66186046600342 15.1990041732788 5.4163990020752 5.63529634475708 5.28775978088379 5.75724697113037 5.95194864273071 5.00410938262939 5.96119737625122 5.31952381134033 6.12312078475952 7.40580177307129 7.93590354919434 7.7759108543396 8.60562229156494 10.5021171569824 11.1472578048706 9.85170555114746 9.95645427703857 11.4040069580078 15.7497291564941 26.1680679321289 5.80619192123413 22.2941493988037 1.26455545425415 5.5892767906189 2.37706160545349 1.84056627750397 2.27352738380432 8.44367790222168 3.91224813461304 5.11654615402222 7.07604217529297 4.47805881500244 14.0075950622559 4.40328359603882 4.47000694274902 13.1873531341553
9.00597190856934 6.90950727462769 6.16629600524902 0.983994364738464 0.312909811735153 12.1767616271973 40.195369720459 11.6311874389648 13.0209531784058 17.853178024292 11.4738636016846 5.78172731399536 6.07218790054321 5.61617136001587 6.33381938934326 5.19500923156738 6.36462640762329 5.55126142501831 5.68563604354858 6.69221830368042 8.28552532196045 8.09346866607666 9.12105560302734 11.466251373291 11.4028606414795 12.9316244125366 11.0576333999634 11.870662689209 12.8723955154419 26.8822994232178 3.32392764091492 0.961670994758606 1.38964629173279 2.33083605766296 2.98109292984009 4.03367471694946 3.86081457138062 3.41214966773987 3.73687338829041 4.27136087417603 4.79389572143555 26.3110485076904 3.73090100288391 4.93585824966431 4.1102933883667 9.12243747711182
0.877048134803772 4.2291431427002 20.6423320770264 14.5982637405396 0.866538465023041 17.8625450134277 31.0213584899902 12.8405866622925 7.40919923782349 19.9942378997803 24.5670013427734 5.97869491577148 6.28898811340332 5.97241497039795 6.74064016342163 6.89310169219971 5.41002750396729 7.16071367263794 6.09083366394043 6.99444007873535 8.44644737243652 8.94118213653564 9.95397090911865 11.3724250793457 13.2822313308716 14.3726196289062 12.2806186676025 12.2336711883545 14.1701574325562 9.50664520263672 4.05434608459473 2.82629036903381 2.48171520233154 14.1531400680542 5.25315475463867 5.16299724578857 5.98299264907837 18.1338844299316 4.09992933273315 4.93651485443115 8.23321342468262 3.78728795051575 5.89398241043091 5.00440502166748 5.49604415893555 8.63156700134277
2.46741366386414 1.07870733737946 0.452195197343826 0.466868072748184 2.99794888496399 0.327531158924103 0.0974111557006836 13.4463529586792 15.7192726135254 18.9494667053223 32.1372489929199 18.3797130584717 6.53683519363403 7.0340690612793 6.33457851409912 7.47075986862183 5.97085428237915 7.74283456802368 6.43561601638794 6.66267395019531 7.79942846298218 9.64766407012939 10.1793441772461 11.3925590515137 14.7012100219727 14.4619417190552 17.2184677124023 14.462963104248 14.545090675354 16.176794052124 8.10136222839355 4.03929805755615 3.53258609771729 3.60280156135559 5.35492181777954 5.98933792114258 6.32106828689575 12.9748620986938 15.4817295074463 5.2396674156189 14.8678283691406 4.96344089508057 6.55129384994507 5.2912745475769 5.82872486114502 4.22738981246948
3.12404012680054 2.08833336830139 1.17944657802582 0.946567475795746 7.7949800491333 5.46988964080811 9.38322353363037 15.7349548339844 18.0772686004639 11.3346529006958 35.1915550231934 54.7993392944336 6.9029974937439 7.46310424804688 7.00978231430054 8.02745342254639 8.19633483886719 8.39942264556885 7.48554468154907 7.19502210617065 8.31961536407471 9.53050994873047 12.7830076217651 12.4601850509644 14.2786960601807 17.5226402282715 19.7535381317139 16.3909072875977 15.407506942749 18.2597923278809 16.3157424926758 11.0207262039185 3.56105852127075 27.2381076812744 6.19307899475098 6.47034406661987 7.02112770080566 8.84354686737061 4.36089468002319 7.48413324356079 7.70972681045532 16.0577697753906 7.24585914611816 6.00466442108154 6.39348602294922 5.29526710510254
3.81706261634827 2.96825408935547 1.68787682056427 1.71851873397827 1.3524010181427 1.31602096557617 1.20579743385315 3.85114574432373 20.2298126220703 21.8417987823486 30.8791179656982 10.530553817749 45.8016014099121 7.43759298324585 8.17236042022705 8.69073390960693 8.82793521881104 6.62043523788452 9.91341781616211 7.54809665679932 7.6573600769043 9.33461952209473 16.2343063354492 12.5529470443726 14.8309803009033 20.033239364624 19.1361045837402 24.7980136871338 20.5029258728027 18.4845142364502 22.7437782287598 21.0225830078125 11.9125175476074 3.65173411369324 8.48950004577637 8.41382312774658 8.22791194915771 10.2519416809082 5.79457426071167 9.16381072998047 10.2587203979492 5.22881650924683 28.6134662628174 8.10744762420654 6.73100519180298 7.44506168365479
4.02714824676514 4.02830028533936 2.58120226860046 1.78711915016174 1.74950516223907 8.96086120605469 1.71825349330902 4.02841567993164 26.3386821746826 26.8965225219727 8.56090068817139 1.17595970630646 3.32671666145325 7.8036675453186 8.73306179046631 8.18943786621094 10.2451839447021 8.04313087463379 10.5525951385498 8.42601108551025 8.10408401489258 9.97329998016357 10.661057472229 31.0365600585938 16.717098236084 18.5899276733398 25.1352272033691 32.133918762207 26.7268447875977 23.0058460235596 30.2800426483154 29.5255641937256 35.0975341796875 21.6883068084717 10.8260450363159 11.0834302902222 15.463207244873 12.8636016845703 11.4932165145874 10.7156810760498 15.2794227600098 8.25636100769043 6.18136787414551 9.17905712127686 8.46436882019043 8.48560619354248
4.2354154586792 4.37178230285645 2.98945641517639 24.2790412902832 2.61787986755371 2.60246896743774 2.52539944648743 4.23601245880127 3.49175548553467 42.6119232177734 47.262866973877 1.44651091098785 8.80292701721191 7.54330444335938 9.40340423583984 9.30570507049561 11.2331218719482 10.6460981369019 6.90124225616455 12.1280870437622 8.49111461639404 12.2063894271851 11.8675403594971 9.16944408416748 16.2106018066406 20.4395046234131 32.0887870788574 31.5886249542236 52.6225509643555 46.1201858520508 43.012077331543 52.4778709411621 26.5658569335938 16.9254245758057 18.2622299194336 17.9633464813232 22.8048820495605 35.3166427612305 14.9315385818481 12.4986276626587 16.4154491424561 18.1229972839355 14.4410018920898 26.3188419342041 11.6703214645386 10.6122903823853
4.45414209365845 4.64087438583374 4.637291431427 3.35683012008667 2.78159427642822 3.90590262413025 4.38551235198975 3.04757404327393 4.39337301254272 1.44328486919403 1.34855043888092 11.7564105987549 13.0881614685059 10.3212385177612 9.15462589263916 10.9481353759766 10.448802947998 13.1832866668701 9.17832946777344 13.7990703582764 9.52591323852539 8.52033710479736 13.366286277771 12.0925273895264 17.9034118652344 27.1439571380615 31.2859401702881 53.46142578125 3.29174971580505 8.34361743927002 17.0800037384033 6.29162311553955 3.87512159347534 20.8728179931641 25.6724758148193 25.3433647155762 25.507776260376 18.6995754241943 15.6239261627197 16.9104499816895 14.4551725387573 44.3018646240234 43.7383422851562 12.6173162460327 20.895414352417 16.3966941833496
4.8334059715271 4.90083646774292 4.91399574279785 4.33439540863037 4.19920873641968 4.11875295639038 4.59223318099976 3.74663805961609 4.81582021713257 3.80226922035217 2.27589654922485 15.2337102890015 16.2737407684326 11.340991973877 9.79236221313477 12.1148824691772 12.6023349761963 15.4568214416504 13.687572479248 8.05074691772461 18.9224033355713 11.7726783752441 12.3685636520386 16.9643001556396 23.7200412750244 27.6077442169189 47.4007682800293 3.39659023284912 4.25214338302612 13.8258447647095 6.45337200164795 4.31134605407715 5.14691066741943 6.18554496765137 53.0831069946289 51.6288032531738 51.1034774780273 6.57696485519409 14.1596670150757 9.09670734405518 13.4607152938843 4.32284641265869 4.39891004562378 32.537166595459 31.7696781158447 19.3508224487305
5.09953308105469 5.17217493057251 5.32262229919434 5.07608938217163 4.2894549369812 4.09958267211914 4.36466836929321 4.86168813705444 3.69281196594238 5.16163444519043 4.54224443435669 8.99527740478516 22.7002811431885 24.3721160888672 15.0230665206909 11.5781879425049 14.7979173660278 14.510890007019 20.7778835296631 15.2402153015137 24.968620300293 11.3330125808716 16.7923984527588 23.3381958007812 26.3270168304443 43.5640640258789 7.31624889373779 3.74666094779968 3.07580089569092 3.39915180206299 3.216961145401 3.24050807952881 19.1436443328857 7.87085103988647 4.45850276947021 5.19330215454102 5.73785972595215 12.8468189239502 9.08355617523193 7.76265144348145 6.04190397262573 6.64504146575928 12.8269891738892 4.03087854385376 4.27013206481934 11.8224906921387
5.85484552383423 5.65265130996704 5.6816143989563 5.67904949188232 5.16398048400879 4.41657972335815 4.56377458572388 5.08993053436279 4.14925384521484 5.67816829681396 5.1605019569397 9.49639129638672 30.8354167938232 32.8851203918457 17.952241897583 12.9284906387329 17.1477336883545 19.916711807251 28.2881336212158 22.5785903930664 15.0070810317993 46.8064308166504 18.0121650695801 32.5854454040527 24.3092575073242 9.79155921936035 7.67237520217896 4.9238920211792 9.2229118347168 9.50842475891113 8.29744243621826 3.47191119194031 3.36700129508972 3.50513505935669 4.50366258621216 20.4818592071533 6.23590040206909 5.67975521087646 9.23727607727051 7.91931009292603 9.9200611114502 9.90122890472412 5.84342956542969 5.3327202796936 5.32181739807129 7.8299412727356
6.34219932556152 6.04003047943115 6.04470920562744 6.13513612747192 5.83948802947998 4.56882190704346 4.56080722808838 4.84930753707886 5.39064645767212 3.91950130462646 6.17530584335327 5.68612766265869 18.7466335296631 54.061595916748 55.5319061279297 24.3819332122803 17.4455318450928 26.8769493103027 27.158332824707 50.1969528198242 41.2604789733887 5.45194530487061 27.4674167633057 12.7907962799072 7.88690519332886 12.1801948547363 10.1652412414551 14.1115493774414 10.5160722732544 25.3035869598389 9.26634407043457 3.804114818573 5.17136192321777 5.22731113433838 4.77760457992554 5.52180576324463 6.84793996810913 21.3411140441895 14.7983474731445 9.98116588592529 17.3733081817627 16.6278171539307 19.5244693756104 10.9302968978882 18.1598472595215 12.6235933303833
7.04475355148315 7.06371974945068 6.72901916503906 6.68790674209595 6.66445684432983 5.9269323348999 4.78416156768799 5.07727766036987 5.64221239089966 4.58490467071533 6.76077747344971 6.48618173599243 20.3045215606689 2.54521059989929 1.64154386520386 43.6444892883301 24.2145195007324 31.9971160888672 48.8914642333984 4.00944852828979 23.9747943878174 7.63619184494019 13.7026338577271 8.13894462585449 12.5105066299438 15.3078155517578 12.6551208496094 9.47835254669189 34.6987266540527 14.8628730773926 6.61677360534668 4.10418128967285 5.49295997619629 5.73939037322998 7.90392541885376 8.91574478149414 9.18961143493652 6.60274314880371 23.8904666900635 20.5920810699463 8.2160816192627 25.0502967834473 20.3433380126953 8.21370029449463 4.10043716430664 5.17603635787964
7.66139507293701 7.70908212661743 7.30910778045654 7.23071765899658 7.21091794967651 6.8449592590332 4.96264505386353 5.31110048294067 5.91464138031006 4.80278968811035 4.1110692024231 7.45317125320435 5.79622411727905 4.77416276931763 2.01749205589294 14.0152082443237 55.4013137817383 45.3552169799805 14.4144105911255 5.02686500549316 2.80941915512085 8.93716049194336 12.0036163330078 29.8074855804443 13.2925729751587 16.8102226257324 24.3800888061523 12.4385986328125 9.70642185211182 4.87344312667847 11.5989952087402 4.60794973373413 4.65307521820068 5.50928831100464 9.05769348144531 10.2371702194214 20.1979999542236 11.1584701538086 8.19803714752197 6.18146944046021 7.905113697052 4.08810710906982 4.89785861968994 5.88372135162354 5.09547805786133 6.83819103240967
8.14772796630859 8.60706043243408 8.62987995147705 8.24851417541504 8.13823509216309 8.0598840713501 6.90650844573975 5.38484811782837 5.67269611358643 6.3140287399292 4.17064523696899 8.17917442321777 8.28201770782471 3.24161648750305 3.08377885818481 2.78119134902954 3.00610566139221 13.4032945632935 3.80934357643127 6.96330165863037 5.5523829460144 13.0232648849487 9.63419055938721 23.549732208252 18.0693664550781 6.99694538116455 12.9798202514648 18.8812675476074 18.0015449523926 12.7390613555908 11.7947750091553 20.6407260894775 19.4632740020752 23.5766315460205 9.53250026702881 27.2047748565674 9.58244228363037 15.9424152374268 10.0097303390503 7.8430233001709 10.9834661483765 11.8384771347046 4.08591604232788 14.7812471389771 13.6990547180176 4.1573748588562
8.38104438781738 9.42534637451172 9.45988464355469 9.00299644470215 8.85143661499023 8.75107669830322 8.17569637298584 5.68298244476318 5.96572494506836 6.6411828994751 5.3451247215271 8.96373748779297 9.40847206115723 6.59211921691895 4.11159324645996 3.50546312332153 3.51545333862305 11.3425626754761 25.822338104248 6.12043523788452 10.6720390319824 14.0428915023804 23.538890838623 17.4598121643066 4.6849160194397 5.49651956558228 17.0346374511719 26.3249702453613 13.1626300811768 15.3355093002319 9.65573883056641 1.67692017555237 7.61634349822998 5.19661808013916 7.55739641189575 7.56771564483643 12.2824020385742 25.6260738372803 15.0702724456787 10.4545192718506 7.04262161254883 15.7675228118896 6.83184051513672 4.45455265045166 4.34910011291504 5.94312715530396
8.77638149261475 10.2968053817749 10.3332509994507 9.84114456176758 9.6891622543335 9.54997825622559 8.87811660766602 8.19144248962402 6.16686010360718 6.41051626205444 7.12852334976196 4.88615846633911 10.0992889404297 10.9756631851196 4.54833555221558 3.89765357971191 4.81483888626099 12.2939338684082 3.26294803619385 6.15816736221313 24.6806621551514 23.3757457733154 28.476095199585 30.3311214447021 20.9440937042236 6.77632856369019 2.9584801197052 -0.0891060531139374 15.3585557937622 2.51969766616821 10.3043241500854 12.8566112518311 5.60104608535767 5.8300895690918 25.4270076751709 9.78420257568359 11.7180614471436 10.7956962585449 28.2838096618652 19.1851406097412 15.7256956100464 3.73727464675903 10.1213264465332 5.47764205932617 15.0936193466187 4.77925777435303
8.51959228515625 10.8150434494019 11.8889245986938 11.9388914108276 11.3777189254761 11.1756505966187 11.0337924957275 8.89155673980713 6.57426118850708 6.76854181289673 7.53217840194702 5.91787052154541 11.1466951370239 12.7544822692871 7.9384241104126 6.93180561065674 6.2727575302124 4.72616338729858 13.0798692703247 7.07083892822266 31.760669708252 31.3731956481934 24.7993583679199 50.8410453796387 2.4000837802887 5.93081331253052 10.8643493652344 2.70811319351196 -0.0899383723735809 0.298374056816101 0.645733237266541 0.943293154239655 10.6292037963867 5.26509046554565 5.8046760559082 8.86217880249023 19.7762641906738 14.3933429718018 5.99915552139282 7.60453128814697 5.04457807540894 7.37890911102295 4.74718952178955 10.3749809265137 6.61147499084473 4.75302124023438
9.8827075958252 11.3425216674805 13.3337659835815 13.3872518539429 12.751353263855 12.5627565383911 12.3686857223511 11.1433219909668 7.37750482559204 7.22220182418823 7.30508804321289 8.05443096160889 5.05547142028809 13.0962133407593 16.7175998687744 4.7055549621582 14.9416208267212 16.1222972869873 3.18594455718994 5.8283805847168 53.6715278625488 54.4107437133789 53.8355598449707 3.05031609535217 3.67158055305481 3.83204507827759 3.99818706512451 2.47499489784241 0.450009822845459 0.956935465335846 0.93739515542984 1.34841525554657 2.08498740196228 6.20440864562988 7.29653406143188 8.8457498550415 11.9018449783325 6.47161769866943 8.609787940979 13.4332151412964 11.5593566894531 7.51136159896851 13.1069774627686 4.14549541473389 4.2337965965271 11.9881572723389
