slauniainen/Data/DEM/Vihti_dsm1500b_cl_horizonAngle_234.asc
NCOLS 196 
NROWS 178 
XLLCORNER 353680 
YLLCORNER 6699024 
CELLSIZE 16 
NODATA_value -3.4e+38 
[rows 140 to 159 of 178, columns 45 to 89 of 196]
5.85860538482666 3.50568723678589 25.0606250762939 17.3739852905273 2.3386595249176 2.20006608963013 0.551759362220764 0.709226131439209 11.9651002883911 0.701793372631073 11.0338954925537 8.42198848724365 13.7254590988159 19.7613048553467 9.62240409851074 3.02583789825439 21.4547691345215 12.8767824172974 27.6924571990967 36.6603012084961 13.3054265975952 14.6396207809448 7.86516427993774 9.47645092010498 20.7724056243896 5.60320091247559 3.53003239631653 7.06970500946045 7.04944038391113 7.74086809158325 5.70825862884521 7.19363594055176 9.12145137786865 8.96219253540039 9.26746654510498 14.6992788314819 12.1845531463623 4.58155059814453 4.3052659034729 5.29652881622314 4.18838596343994 18.3689651489258 20.3172035217285 18.1742744445801 12.3176069259644
15.0258731842041 3.62997961044312 20.5412998199463 6.68002796173096 12.6653413772583 2.10455012321472 1.90449774265289 12.7803707122803 3.63627099990845 2.74859309196472 1.25399804115295 13.5033206939697 4.10951995849609 10.0524492263794 11.7720823287964 1.15185451507568 0.827635943889618 0.6595259308815 1.54907155036926 31.6445617675781 23.9940338134766 10.5896873474121 11.2321138381958 6.39298343658447 17.8467063903809 11.8599195480347 8.32015895843506 7.54037666320801 8.61102771759033 28.027925491333 19.3986473083496 9.26744842529297 10.3143005371094 9.50888061523438 18.823184967041 19.0580177307129 14.7467927932739 13.1444158554077 11.3857765197754 7.5430588722229 7.24207878112793 22.6826992034912 14.5205278396606 9.87809562683105 8.22730922698975
12.1620206832886 11.0655670166016 9.0318603515625 4.20704364776611 16.5392742156982 9.48242473602295 1.31716167926788 10.7724838256836 5.01831150054932 2.91738319396973 0.371795564889908 1.11814069747925 15.8785648345947 6.32707357406616 6.54571342468262 10.6990623474121 1.06637418270111 2.40657377243042 0.824624061584473 9.89106273651123 31.5523433685303 15.0239162445068 9.29173851013184 7.40806579589844 11.5564088821411 10.2473545074463 10.7046995162964 9.39161396026611 6.39193439483643 18.3061618804932 10.4972639083862 17.2836608886719 39.348747253418 27.4382934570312 24.0674896240234 16.1929035186768 18.3302993774414 16.0220603942871 14.1055240631104 4.79510164260864 5.97030735015869 6.26108026504517 17.141170501709 7.62143325805664 7.78427934646606
8.20717239379883 6.65956258773804 6.77731275558472 5.9548077583313 15.9297924041748 2.7806453704834 10.3395166397095 7.05437135696411 9.00055122375488 1.17624986171722 1.37926125526428 -0.220528021454811 10.0367240905762 5.31111288070679 0.728187561035156 0.488367974758148 1.31355321407318 6.16549921035767 12.4944248199463 2.98764562606812 10.5975246429443 10.6646251678467 18.1825275421143 13.775074005127 11.3424997329712 12.7537794113159 11.3449964523315 10.7838764190674 9.72397804260254 11.9484710693359 9.91153812408447 5.66911458969116 46.6411628723145 42.7220268249512 30.9805927276611 23.2691707611084 20.7234916687012 16.3295955657959 17.1150817871094 14.2745952606201 12.9348735809326 6.87659549713135 8.67557716369629 9.70236968994141 6.75452661514282
12.5217247009277 13.8083648681641 14.1289415359497 4.17693424224854 17.5788745880127 10.6279411315918 7.70628833770752 10.1168651580811 9.85401821136475 1.93445539474487 4.9312596321106 0.786087453365326 6.61051940917969 3.19391250610352 0.527704238891602 1.79933083057404 2.28439927101135 4.60453987121582 15.5837230682373 21.2411060333252 6.77350568771362 14.3989562988281 17.2231845855713 24.0085754394531 18.5839614868164 15.8083229064941 15.8980331420898 13.1367921829224 14.4681768417358 11.7624540328979 13.7889575958252 5.01758193969727 7.77254915237427 47.700496673584 45.4535522460938 24.9459857940674 18.2751903533936 25.9361438751221 20.1491432189941 17.0716037750244 14.1913776397705 10.6791620254517 8.65101146697998 7.73330640792847 6.44470882415771
13.0606889724731 16.5350284576416 7.4090633392334 8.97989273071289 3.24656653404236 10.2485694885254 5.89451742172241 9.50039005279541 23.2489852905273 2.10908102989197 5.47266149520874 10.3115158081055 10.5412912368774 15.6875629425049 5.69953584671021 6.71633815765381 2.39631104469299 2.49195575714111 3.21712160110474 4.93518829345703 27.0874614715576 20.9478492736816 14.5325994491577 19.9670543670654 21.7637519836426 19.0072822570801 14.8850765228271 16.1439399719238 25.1396217346191 21.8598823547363 29.0093097686768 6.19801044464111 5.88894367218018 21.1382751464844 19.7444763183594 48.9065055847168 26.2754611968994 31.2664947509766 23.8014106750488 20.2706279754639 18.0184688568115 14.3053398132324 7.11181259155273 7.81062364578247 15.4250106811523
21.705150604248 7.62269401550293 3.97279644012451 10.4878759384155 9.20749473571777 23.9342174530029 22.2193641662598 4.48867797851562 15.0256156921387 7.09528636932373 1.39218163490295 0.971926629543304 1.59669291973114 0.360118985176086 2.57468223571777 3.26945638656616 3.22064995765686 9.50476264953613 13.6115694046021 4.24795484542847 13.3419332504272 9.40350818634033 16.0637893676758 25.2472858428955 26.9949016571045 26.0555152893066 20.18337059021 10.3574743270874 10.8204193115234 21.8916511535645 14.3382692337036 30.2816848754883 4.48916530609131 6.39820909500122 7.74343538284302 12.4408149719238 48.4264335632324 35.7377471923828 25.6446685791016 22.433536529541 18.1896743774414 9.08849906921387 9.62259387969971 8.0029182434082 9.50296401977539
14.7925844192505 8.83565425872803 8.01329040527344 3.44971776008606 4.7787127494812 16.1329078674316 5.78745317459106 1.18042719364166 5.5073299407959 3.07914757728577 2.98828768730164 4.2625093460083 20.7281436920166 18.764440536499 6.18891382217407 2.78105974197388 4.69039916992188 3.76553344726562 5.03023529052734 5.97483777999878 8.3860445022583 8.40159320831299 11.1167583465576 17.9142074584961 26.264030456543 14.7448415756226 12.4578142166138 10.8899898529053 6.8835072517395 7.94939613342285 8.28386211395264 9.79052639007568 27.6101551055908 10.5696048736572 9.29404163360596 9.53114986419678 30.1586666107178 44.978515625 39.2434310913086 39.6266670227051 27.5206699371338 11.5622758865356 10.6539106369019 13.0894813537598 11.3302803039551
5.74937391281128 0.728941380977631 0.496282666921616 7.28747034072876 3.81531977653503 19.4135341644287 2.08087754249573 21.4231796264648 13.8953456878662 5.36902141571045 17.5839519500732 2.66030883789062 5.64681673049927 6.63801717758179 9.61512660980225 5.50008773803711 4.27119016647339 5.49193239212036 9.58067607879639 5.98031044006348 5.04618835449219 5.31324005126953 16.888729095459 6.24051475524902 17.4929656982422 15.1711235046387 13.230396270752 11.0693531036377 9.79876804351807 9.09348964691162 6.86990213394165 13.0273675918579 5.20563507080078 42.6286163330078 22.0628662109375 26.5298843383789 22.0144596099854 18.7247581481934 11.9232454299927 31.7604064941406 43.9845657348633 12.5365362167358 13.3386859893799 14.1012582778931 14.4687395095825
0.870764195919037 1.7838214635849 -2.0145058631897 0.358581691980362 1.26267182826996 0.751976430416107 3.71091794967651 8.67057323455811 9.40708446502686 4.50591278076172 4.6918740272522 9.41258144378662 8.33491706848145 14.6505470275879 10.8506946563721 6.45911073684692 7.95173025131226 5.76925086975098 7.61553955078125 10.3518686294556 6.62724828720093 4.71444320678711 7.39585399627686 8.10008335113525 16.2690544128418 14.4942407608032 18.1290512084961 14.539083480835 15.4896001815796 10.2396831512451 6.61312913894653 7.62405252456665 4.61241054534912 4.74397230148315 15.541522026062 39.6829681396484 14.467381477356 15.4114265441895 16.4117050170898 12.9649486541748 39.2971801757812 14.2149925231934 16.4881458282471 17.7612075805664 21.5032634735107
4.80554485321045 3.00155735015869 7.23167324066162 3.38905715942383 7.13895082473755 12.1766405105591 6.36292743682861 14.0153169631958 15.8531970977783 10.2905435562134 18.2178535461426 18.2909603118896 32.1434516906738 14.4993276596069 20.1350231170654 11.2749586105347 8.04768753051758 15.0627593994141 9.8295202255249 9.26965045928955 12.5197191238403 7.59844493865967 9.45261001586914 4.71707820892334 22.4018173217773 18.2884521484375 15.5047645568848 17.9280414581299 15.2087755203247 11.4084119796753 8.56800270080566 7.670654296875 6.44447898864746 1.98007929325104 30.1449584960938 25.8151340484619 25.3996868133545 32.3802032470703 38.6177635192871 19.2836799621582 18.0100555419922 43.8247756958008 44.1662673950195 27.9349880218506 22.0079460144043
8.77553844451904 2.46957397460938 12.845440864563 -0.367874950170517 10.3320360183716 7.92246961593628 4.75647783279419 23.2240161895752 13.7311887741089 9.95409679412842 23.134428024292 5.64335489273071 11.9678516387939 10.1942367553711 10.078971862793 16.1002426147461 6.88867568969727 14.4439792633057 14.3809766769409 5.16682195663452 6.14012336730957 6.12401866912842 7.604248046875 3.79407119750977 25.3018188476562 29.8910503387451 28.4770736694336 18.3311939239502 13.3367214202881 12.2076320648193 13.5575389862061 21.841365814209 29.5058574676514 3.26532292366028 4.69550371170044 24.9686470031738 4.70075273513794 13.6619596481323 48.95654296875 30.7471408843994 20.102970123291 24.1816558837891 47.7890853881836 46.3924102783203 24.4553203582764
4.48797464370728 5.82395648956299 12.1989784240723 5.98400020599365 15.1830825805664 9.28858661651611 5.33777284622192 25.2320899963379 7.90739774703979 3.06897616386414 3.83670949935913 13.52476978302 9.79570770263672 9.09482288360596 11.667839050293 9.29916858673096 4.93348789215088 4.00314617156982 7.60388374328613 11.9657735824585 8.62523937225342 4.98484992980957 4.56173467636108 3.60405206680298 6.93628787994385 8.22269344329834 12.2786769866943 16.0698204040527 15.2033395767212 11.1149377822876 8.45720195770264 4.03208684921265 22.519962310791 8.95226001739502 3.83452296257019 9.63293838500977 8.42510795593262 4.11725187301636 21.6745357513428 50.9895057678223 16.1416854858398 15.4855871200562 11.0940265655518 45.8032875061035 42.4194831848145
-0.189391165971756 1.70197534561157 13.5651807785034 3.61611247062683 7.91964197158813 26.7589282989502 7.60237312316895 11.8678359985352 3.22153210639954 6.89567899703979 8.81800270080566 13.780309677124 17.5765609741211 7.09299659729004 8.73975086212158 4.69240427017212 4.48949670791626 5.01339197158813 12.7130165100098 16.4710693359375 9.34355735778809 13.632529258728 12.3951168060303 3.1620409488678 9.26142311096191 26.9760627746582 17.9410972595215 18.0527534484863 12.0627174377441 7.62515687942505 10.272686958313 4.79005289077759 6.83070659637451 24.8721828460693 11.1439380645752 2.45403814315796 8.09360694885254 11.5641555786133 9.12100887298584 12.2215452194214 29.0872669219971 9.13935947418213 12.076226234436 10.9424629211426 41.851188659668
2.56847214698792 -2.25635194778442 1.56110191345215 17.8985195159912 11.7549066543579 1.85866904258728 7.07845449447632 5.46818399429321 6.08810758590698 2.77490401268005 3.17228055000305 9.18154811859131 9.38745403289795 3.62172532081604 5.22036218643188 13.1135034561157 7.80225610733032 2.54569745063782 3.56600832939148 4.38963747024536 4.31512784957886 3.65366077423096 3.94316840171814 10.9554214477539 11.3669605255127 23.8771915435791 23.123571395874 18.8341331481934 18.2699775695801 7.80995416641235 10.4402647018433 7.78393840789795 3.10012173652649 8.2056303024292 11.9565849304199 3.43190431594849 0.19110332429409 1.57375061511993 5.06120443344116 16.4640445709229 26.6884346008301 34.7302894592285 14.0708999633789 12.6387424468994 17.9340324401855
6.14408731460571 9.84235954284668 5.54419469833374 -1.45528769493103 2.67130613327026 3.43471574783325 10.4828052520752 6.60842609405518 2.86597967147827 3.52373504638672 -0.26457890868187 10.2225284576416 6.11450815200806 10.0273857116699 8.83249092102051 13.8184099197388 5.35673999786377 6.41247510910034 7.11417245864868 4.44005727767944 4.70828199386597 6.98548603057861 3.15219712257385 3.40044474601746 3.98787689208984 15.8235092163086 15.870325088501 18.0377712249756 14.3376388549805 12.5579786300659 8.83085536956787 12.1066026687622 9.49973201751709 11.6499357223511 10.6729297637939 6.87617015838623 6.430344581604 3.97825837135315 13.3877439498901 9.39258003234863 11.1685762405396 12.5978212356567 21.8058471679688 18.0279140472412 28.9071559906006
12.0217189788818 8.96181297302246 6.36268901824951 1.5778956413269 9.42569351196289 4.13240957260132 16.0966110229492 4.47920703887939 3.09334993362427 10.0102214813232 5.82701539993286 8.48793029785156 4.83428287506104 6.4074330329895 3.63853049278259 12.916672706604 7.44273662567139 16.4144077301025 11.0876636505127 5.95674228668213 8.72455787658691 11.9875249862671 5.6932578086853 9.09810638427734 2.28977346420288 16.485933303833 12.2996692657471 23.4097118377686 16.5236644744873 11.3657388687134 12.7316408157349 10.5944633483887 8.39962291717529 9.77331733703613 11.6884069442749 6.89978361129761 8.70028400421143 4.44405174255371 23.4072856903076 20.7568359375 25.0719585418701 11.2697639465332 43.2861518859863 15.9601945877075 34.0748977661133
8.19842529296875 9.03472423553467 6.12968444824219 11.8877601623535 12.7233724594116 4.53986883163452 14.5131883621216 5.35976552963257 -2.98161125183105 4.30560970306396 0.169324398040771 16.5623550415039 9.69452667236328 5.10898351669312 3.85579943656921 2.73878121376038 9.85344696044922 7.91978597640991 8.22874450683594 5.66075277328491 7.82358646392822 5.48859119415283 -1.29190576076508 0.540871918201447 6.19356060028076 12.5208339691162 2.75652170181274 20.22509765625 9.69209098815918 1.02515494823456 11.8963508605957 13.6656398773193 24.8554172515869 12.522912979126 13.6262588500977 5.43816184997559 4.67472314834595 10.1974678039551 13.3401985168457 8.58964538574219 14.4424171447754 16.81760597229 17.2030735015869 48.5527229309082 35.6919288635254
-0.865585446357727 8.2398738861084 -0.929531455039978 -3.68542814254761 -3.24072217941284 -3.50429058074951 3.04665803909302 -1.80445683002472 -3.92926335334778 -0.143483489751816 -3.23852396011353 15.0737113952637 13.6697521209717 6.49901580810547 10.8568162918091 1.98060917854309 -1.1170357465744 -1.55768191814423 -1.72923195362091 -2.39762020111084 2.97704863548279 14.6256170272827 13.8991832733154 -0.661655306816101 1.71746408939362 14.4171810150146 9.05865478515625 12.6964263916016 17.9645175933838 25.161563873291 21.839937210083 16.8299674987793 16.8253479003906 20.0339107513428 16.0503330230713 28.8436088562012 10.1927185058594 7.62779903411865 21.4642677307129 20.0744552612305 9.91512393951416 12.3504667282104 19.3425636291504 21.2928714752197 45.8384284973145
-3.54235482215881 6.52050447463989 4.66659021377563 2.78513956069946 -3.55227422714233 -3.08733296394348 -3.52548265457153 -3.6066746711731 4.51877021789551 7.70331811904907 0.883045434951782 -2.55319833755493 -3.24741101264954 -3.24393796920776 -2.62626075744629 0.176467105746269 2.75965261459351 9.75099086761475 -0.315429419279099 -1.23983752727509 -1.66073405742645 -1.60428583621979 3.11182475090027 3.28743934631348 -1.52353870868683 3.51112771034241 13.4955682754517 -0.346620798110962 -1.05613768100739 -0.30579537153244 -0.785737693309784 -0.0304004456847906 10.4286403656006 9.00112152099609 -1.41224074363708 4.14193058013916 12.2761392593384 0.776351571083069 5.42401933670044 15.1188507080078 15.5494079589844 11.9883756637573 14.9919843673706 31.9165019989014 49.505916595459
