slauniainen/Data/DEM/Vihti_dem1500b_cl_horizonAngle_228.asc
NCOLS 196 
NROWS 178 
XLLCORNER 353680 
YLLCORNER 6699024 
CELLSIZE 16 
NODATA_value -3.4e+38 
[rows 100 to 119 of 178, columns 0 to 44 of 196]
1.42301261425018 1.08679664134979 0.601638734340668 0.180758893489838 -0.305186748504639 -0.594744741916656 5.15876817703247 10.276463508606 10.2070751190186 7.76458072662354 5.60775375366211 4.86306428909302 3.97498273849487 3.25428628921509 2.97235059738159 2.55985617637634 2.32281994819641 2.12570643424988 1.96258115768433 2.01950716972351 1.65694975852966 1.26347827911377 1.41289186477661 1.43335831165314 1.32274317741394 1.35131740570068 0.98798805475235 0.806313872337341 0.718747973442078 0.593306601047516 0.480745702981949 0.360124260187149 0.177099600434303 -0.0111179202795029 -0.0993516519665718 -0.226944625377655 -0.384620606899261 -0.576485633850098 -0.727714598178864 -0.931993961334229 10.9294376373291 8.36085414886475 7.18760538101196 5.98771667480469 3.67326474189758
1.17292666435242 0.835537493228912 0.467079281806946 0.163354769349098 -0.290784358978271 -0.599285364151001 -0.422986090183258 5.23125171661377 9.84402751922607 9.00446891784668 6.75913953781128 5.11470413208008 4.10645914077759 3.35062718391418 2.81726694107056 2.51344585418701 2.14008092880249 1.9200028181076 2.1284716129303 2.02888917922974 2.11211156845093 1.55917191505432 1.57371973991394 1.46707427501678 1.50023639202118 1.10193979740143 0.898902654647827 0.79088431596756 0.653238713741302 0.551037907600403 0.427386462688446 0.261817067861557 0.0865108817815781 -0.0544667169451714 -0.195342868566513 -0.32431036233902 -0.477892875671387 -0.622550249099731 -0.880896985530853 -1.25995123386383 7.12491941452026 10.9317283630371 7.99185037612915 4.79190921783447 3.72610807418823
0.898844420909882 0.579187333583832 0.34408175945282 0.146436557173729 -0.221017718315125 -0.407753199338913 -0.382798463106155 0.376699417829514 6.12397384643555 9.51231479644775 7.12164783477783 5.62117147445679 4.55688762664795 3.45633697509766 2.76247239112854 2.48665618896484 1.96229195594788 1.70707297325134 1.78956508636475 2.27350473403931 2.09188318252563 1.88301980495453 1.61818337440491 1.66239380836487 1.23727285861969 1.02087914943695 0.891284883022308 0.722782254219055 0.610884130001068 0.514736354351044 0.334265023469925 0.162152618169785 0.0432147532701492 -0.0982582569122314 -0.255588829517365 -0.424796640872955 -0.529227793216705 -0.671848893165588 -0.943668127059937 -1.41447257995605 -0.211606338620186 11.4609899520874 5.81631803512573 4.62727355957031 2.65567898750305
0.625823259353638 0.430526822805405 0.254308819770813 0.104206897318363 -0.170580163598061 -0.280827969312668 -0.32133349776268 -0.345492303371429 2.24667429924011 7.82167530059814 9.06606388092041 6.64468240737915 4.59185934066772 3.50520873069763 2.99540829658508 2.31220650672913 1.89955031871796 1.46179175376892 1.58718323707581 2.23489832878113 2.50577425956726 2.57593679428101 1.84522175788879 1.39254748821259 1.17227613925934 1.02739429473877 0.843037128448486 0.694963872432709 0.574842929840088 0.435644119977951 0.251509547233582 0.125315681099892 -0.0255563482642174 -0.153704211115837 -0.309295237064362 -0.456970632076263 -0.608933687210083 -0.716245472431183 -0.949606359004974 -1.4057103395462 -1.58274829387665 5.66672897338867 7.95613050460815 2.78426194190979 1.92962288856506
0.489806294441223 0.363257676362991 0.223055630922318 0.0915920734405518 -0.140428230166435 -0.219235107302666 -0.273597687482834 -0.298830538988113 -0.29557392001152 4.9524941444397 8.92113399505615 7.07947254180908 5.20041036605835 4.20843648910522 3.30257248878479 2.49105501174927 1.91395854949951 1.65777468681335 1.73011744022369 1.73832607269287 2.09494113922119 2.51153945922852 2.36468434333801 1.35956406593323 1.18830156326294 0.990232765674591 0.83416485786438 0.659447193145752 0.488670527935028 0.336435765028 0.236105591058731 0.0570169389247894 -0.0888558402657509 -0.229483023285866 -0.330624967813492 -0.476817309856415 -0.645560443401337 -0.783472299575806 -0.909159779548645 -1.24887573719025 -1.5604784488678 -1.50821077823639 3.28223443031311 2.52123808860779 1.42831170558929
0.396616160869598 0.279947310686111 0.152195796370506 0.36814159154892 1.31404912471771 0.420000165700912 -0.216551274061203 -0.257620751857758 -0.320850163698196 2.12873196601868 6.55138969421387 8.72289848327637 6.15944290161133 4.52729797363281 3.76674151420593 2.61595058441162 2.04536604881287 1.95323479175568 1.7958128452301 1.92366325855255 1.52205729484558 1.69932436943054 2.05129957199097 1.40058314800262 1.14382648468018 0.993439555168152 0.799603998661041 0.573318600654602 0.389229446649551 0.292601108551025 0.151981443166733 -0.0309586469084024 -0.184258356690407 -0.269900411367416 -0.381598949432373 -0.507300853729248 -0.652019381523132 -0.862449049949646 -0.957124888896942 -1.20740580558777 -1.39896726608276 -1.45332455635071 -0.772633254528046 1.34829235076904 2.52028369903564
0.297588497400284 0.221997067332268 0.135396540164948 0.036119170486927 -0.166432812809944 0.643893897533417 -0.165704667568207 -0.253118902444839 -0.339694052934647 0.0483353585004807 3.70307755470276 6.96373224258423 7.82773303985596 5.5262451171875 3.6959240436554 2.64107298851013 2.37082958221436 2.17620635032654 2.14406585693359 1.5642637014389 1.41495215892792 1.42338013648987 1.67445373535156 1.34733390808105 1.14006805419922 0.946797549724579 0.707082629203796 0.495236158370972 0.352460354566574 0.196117475628853 0.0425540618598461 -0.118426762521267 -0.233012720942497 -0.33349683880806 -0.436177939176559 -0.536062836647034 -0.702868163585663 -0.879223346710205 -1.03204119205475 -1.21225357055664 -1.32499802112579 -1.38018441200256 -1.39363193511963 -1.07284438610077 1.5040203332901
0.229197636246681 0.184761598706245 0.158603429794312 0.0952390655875206 -0.155125886201859 -0.119319692254066 -0.0780491381883621 -0.204475805163383 -0.326516211032867 -0.387468993663788 0.854508638381958 3.97772002220154 7.04946756362915 6.0711030960083 3.85376763343811 2.68652820587158 2.57977533340454 2.57849264144897 1.86385130882263 1.57213032245636 1.45958173274994 1.38591718673706 1.50076603889465 1.19906878471375 1.08497333526611 0.843979299068451 0.635176777839661 0.481566101312637 0.267720192670822 0.095859557390213 -0.0550142079591751 -0.163155481219292 -0.300764173269272 -0.395178765058517 -0.483510941267014 -0.619652628898621 -0.728748738765717 -0.864471197128296 -0.980274438858032 -1.12551426887512 -1.27941262722015 -1.32797634601593 -1.33197605609894 -1.32152342796326 -0.459147185087204
0.222697019577026 0.183948442339897 0.232927814126015 0.203633263707161 -0.0750566497445107 0.0401442348957062 0.0194039177149534 -0.119561061263084 -0.253820836544037 -0.278664112091064 0.0935410931706429 1.54964768886566 4.17784881591797 5.22858858108521 3.31585311889648 2.88724637031555 2.93359160423279 2.21792912483215 1.93266713619232 1.72637915611267 1.49319767951965 1.54382884502411 1.3442302942276 1.01420068740845 0.911237835884094 0.707243263721466 0.585587322711945 0.394992977380753 0.222678944468498 0.0592508316040039 -0.0705251842737198 -0.207095056772232 -0.345282852649689 -0.441197276115417 -0.576822400093079 -0.66485333442688 -0.752033412456512 -0.821946620941162 -0.922196209430695 -1.03858733177185 -1.17374849319458 -1.185267329216 -1.21211385726929 -1.23533391952515 -1.2192462682724
0.243415296077728 0.256307393312454 0.23201097548008 0.196178048849106 0.560369074344635 0.644840359687805 0.633743166923523 0.552437126636505 0.40453827381134 0.578762531280518 0.608287990093231 1.31381189823151 2.23018980026245 3.14242100715637 2.94829940795898 3.19433331489563 2.42234253883362 2.31049275398254 2.15200877189636 1.92796409130096 1.77845430374146 1.52242374420166 1.10944592952728 0.890689134597778 0.76863968372345 0.620862245559692 0.467079520225525 0.291272401809692 0.179677903652191 0.0429274924099445 -0.111547313630581 -0.242497608065605 -0.360086858272552 -0.530216097831726 -0.620621383190155 -0.699902415275574 -0.742389976978302 -0.795092165470123 -0.87332409620285 -0.96855765581131 -1.06795275211334 -1.11325240135193 -1.13931369781494 -1.16364645957947 -1.18003511428833
0.352875679731369 0.26524817943573 0.199295341968536 0.824281394481659 0.910785138607025 1.12670922279358 1.27335262298584 1.31055116653442 1.37890243530273 1.54484272003174 2.10460305213928 2.25964069366455 2.66081142425537 2.9931845664978 3.33804440498352 2.59588718414307 2.90961527824402 2.5123975276947 2.19170880317688 2.03465533256531 1.75804460048676 1.22290098667145 0.918390333652496 0.780924558639526 0.594314277172089 0.480098843574524 0.392732679843903 0.250731647014618 0.122462332248688 -0.028745386749506 -0.144334137439728 -0.279244959354401 -0.460069566965103 -0.570725500583649 -0.654661238193512 -0.6943199634552 -0.739398777484894 -0.784585237503052 -0.832261562347412 -0.904199957847595 -0.997908473014832 -1.04982936382294 -1.07892942428589 -1.10063362121582 -1.09091103076935
0.380903631448746 0.231517165899277 0.117033906280994 0.928143322467804 1.84473204612732 1.97136557102203 2.18228483200073 2.51339364051819 2.65283632278442 3.15246772766113 3.03191518783569 3.14895415306091 3.14717221260071 3.43056488037109 2.66799092292786 2.59228587150574 2.45172452926636 2.38146162033081 2.26196455955505 1.90226364135742 1.42063057422638 1.08132660388947 0.823647916316986 0.668436765670776 0.527928471565247 0.386383533477783 0.27464035153389 0.195321977138519 0.0497921481728554 -0.0573232062160969 -0.174061715602875 -0.350326597690582 -0.498639404773712 -0.611997008323669 -0.652724623680115 -0.694489896297455 -0.736372709274292 -0.780104041099548 -0.817564308643341 -0.868792951107025 -0.937041580677032 -1.00320243835449 -1.03062927722931 -1.01465797424316 -0.999107122421265
0.384850829839706 0.157732471823692 0.0419630743563175 0.28103643655777 2.42052412033081 3.76596236228943 3.56285786628723 3.69407415390015 4.76964855194092 4.19324064254761 4.06880140304565 4.13102197647095 3.93967127799988 2.7995867729187 2.69344520568848 2.56069874763489 2.46844625473022 2.33323001861572 2.14417433738708 1.71033799648285 1.25280022621155 0.947880685329437 0.785560846328735 0.600426614284515 0.450515568256378 0.306961685419083 0.164387851953506 0.104423239827156 0.0247515439987183 -0.104767195880413 -0.283943980932236 -0.400942236185074 -0.567505538463593 -0.612578213214874 -0.654488980770111 -0.691389203071594 -0.736437797546387 -0.783030092716217 -0.819496154785156 -0.858409106731415 -0.910138368606567 -0.921610176563263 -0.918269038200378 -0.931031227111816 -0.911969304084778
0.360930323600769 0.107451342046261 0.0626886934041977 0.0149972485378385 0.920881390571594 3.50557446479797 5.97791385650635 6.71011114120483 5.55891275405884 5.51242113113403 5.13090229034424 3.57242703437805 3.32259392738342 3.03360795974731 2.75519061088562 2.6071195602417 2.49263191223145 2.27933311462402 2.04308295249939 1.50050067901611 1.09491467475891 0.922435402870178 0.693700134754181 0.493827760219574 0.358686864376068 0.192516148090363 0.103108897805214 -0.0154564250260592 -0.0512584708631039 -0.207991883158684 -0.341573387384415 -0.52045351266861 -0.569712162017822 -0.619632601737976 -0.656376659870148 -0.695666074752808 -0.736269354820251 -0.785886108875275 -0.824738442897797 -0.849995255470276 -0.832046389579773 -0.820379436016083 -0.835391104221344 -0.819201231002808 -0.819501519203186
0.491688370704651 0.161798104643822 0.0435976907610893 -0.0708332732319832 -0.14960090816021 3.53400063514709 9.46316909790039 7.58725452423096 7.7879786491394 6.59470653533936 4.53085947036743 3.89415168762207 3.3879177570343 3.23161721229553 2.95353055000305 2.71034598350525 2.40229654312134 2.19811534881592 1.88187539577484 1.37437188625336 1.10425055027008 0.801943957805634 0.570082008838654 0.407740473747253 0.22881031036377 0.118984326720238 -0.000151583575643599 -0.167671695351601 -0.169318184256554 -0.162778869271278 -0.266870349645615 -0.437368631362915 -0.582887589931488 -0.624245166778564 -0.667766630649567 -0.699859201908112 -0.743477761745453 -0.789190590381622 -0.817189037799835 -0.797659039497375 -0.776899874210358 -0.774586796760559 -0.768226623535156 -0.758750855922699 -0.711686015129089
0.71380877494812 0.212959244847298 0.0103803733363748 -0.111484088003635 -0.225895538926125 -0.256966888904572 7.57075834274292 11.9036722183228 9.05828380584717 6.08511924743652 4.75320959091187 4.04392337799072 3.77854943275452 3.29179644584656 3.13425946235657 2.66439390182495 2.36877417564392 2.23685836791992 1.73604667186737 1.4038211107254 0.931255102157593 0.684300065040588 0.477776497602463 0.263226181268692 0.154718816280365 0.0269465707242489 -0.165507972240448 -0.242795869708061 -0.153979271650314 -0.226252108812332 -0.16381724178791 -0.293823152780533 -0.500038146972656 -0.605185866355896 -0.679324746131897 -0.698363542556763 -0.711438775062561 -0.747466385364532 -0.73311048746109 -0.723921418190002 -0.743364870548248 -0.725999057292938 -0.720016777515411 -0.67329466342926 -0.633596420288086
0.789925634860992 0.267645329236984 0.0220691245049238 -0.101616367697716 -0.168972909450531 -0.352937310934067 -0.419647067785263 11.9763355255127 9.54281902313232 6.36738586425781 4.88860273361206 4.7083625793457 3.9752471446991 3.25397825241089 3.11545729637146 2.70915412902832 2.36567234992981 2.1340115070343 1.69594216346741 1.24562525749207 0.905702114105225 0.624166667461395 0.349967479705811 0.191582769155502 0.052785899490118 -0.139096453785896 -0.234353750944138 -0.180237978696823 -0.211374506354332 0.113941498100758 -0.0247762221843004 -0.0489438958466053 -0.303580760955811 -0.492129653692245 -0.611082255840302 -0.596162915229797 -0.631307780742645 -0.643521845340729 -0.655547559261322 -0.613035976886749 -0.561402559280396 -0.637490510940552 -0.519861400127411 -0.496313780546188 -0.433976471424103
0.734664261341095 0.395711004734039 0.127887606620789 -0.00778948562219739 -0.126440867781639 -0.406976401805878 -0.514375984668732 2.93201494216919 7.69341278076172 7.3310661315918 6.08534812927246 4.76169300079346 3.82369995117188 3.27798366546631 2.8114218711853 2.55536317825317 2.30227398872375 2.16259288787842 1.56881392002106 1.27299737930298 0.866772055625916 0.518461287021637 0.307966262102127 0.0952766165137291 -0.122231423854828 -0.268742650747299 0.00437568360939622 -0.145343869924545 -0.204342603683472 0.252957314252853 -0.091667115688324 -0.133139356970787 0.163020342588425 0.650374472141266 0.170564234256744 0.61583685874939 0.359429210424423 -0.603980362415314 -0.683693528175354 -0.675109326839447 -0.601639211177826 -0.346650391817093 -0.2282974421978 -0.486297756433487 -0.308786988258362
0.70513379573822 0.491565644741058 0.162985980510712 -0.0113029750064015 -0.30824089050293 -0.186134949326515 -0.0960910841822624 0.461832314729691 4.76918172836304 8.2556848526001 6.12567853927612 4.88937950134277 3.86545538902283 3.06290721893311 2.60725355148315 2.42050337791443 2.39863014221191 2.18126034736633 1.62441945075989 1.23281478881836 0.681130826473236 0.553058445453644 0.24211710691452 -0.0584354177117348 -0.256314367055893 -0.453302443027496 -0.0759127587080002 -0.175731927156448 -0.179151311516762 -0.109301805496216 0.0836595371365547 -0.126747325062752 -0.184046611189842 -0.181204870343208 -0.258747011423111 -0.43436473608017 -0.514213085174561 -0.626114308834076 -0.643213748931885 -0.677902102470398 -0.63566929101944 -0.601769506931305 -0.468921810388565 -0.423873364925385 -0.271135836839676
0.694050252437592 0.484098523855209 0.118766695261002 -0.143209159374237 -0.385254740715027 -0.783215820789337 -0.717282235622406 -0.827176332473755 1.47198259830475 6.44837665557861 6.99670743942261 4.94902849197388 3.53371500968933 3.09813261032104 2.74558448791504 2.42542958259583 2.23613333702087 2.20813488960266 1.58977258205414 1.24449515342712 0.817155539989471 0.485034376382828 0.108533315360546 -0.159553483128548 -0.434059828519821 -0.46531480550766 -0.275540381669998 -0.0614623948931694 -0.0712279826402664 -0.139456540346146 -0.108326219022274 -0.130304351449013 -0.166026785969734 -0.195226699113846 -0.285050749778748 -0.380868196487427 -0.484340906143188 -0.572306513786316 -0.627204596996307 -0.527207672595978 -0.552607595920563 -0.571893036365509 -0.329428374767303 -0.200517550110817 -0.137075513601303
