slauniainen/Data/DEM/Vihti_dem1500b_cl_horizonAngle_60.asc
NCOLS 196 
NROWS 178 
XLLCORNER 353680 
YLLCORNER 6699024 
CELLSIZE 16 
NODATA_value -3.4e+38 
[rows 140 to 159 of 178, columns 90 to 134 of 196]
3.95365118980408 5.53638935089111 6.07922649383545 6.73538780212402 7.68050146102905 9.75010871887207 9.1498966217041 8.2902307510376 4.88307476043701 4.44099140167236 3.77988862991333 3.53332686424255 4.35514450073242 3.7053234577179 3.8325822353363 3.88804697990417 4.38649320602417 4.96751356124878 5.46451902389526 5.85685396194458 7.17624044418335 8.89203643798828 16.1461181640625 22.511869430542 31.7641658782959 32.3872985839844 16.5416641235352 7.63239622116089 4.44232559204102 4.3844051361084 4.52060794830322 4.43770742416382 4.81073999404907 5.56869173049927 5.956467628479 6.75288486480713 7.19718027114868 6.0617561340332 6.81890106201172 7.84928035736084 8.86648654937744 6.00564956665039 4.39073419570923 3.48295927047729 2.59417510032654
4.53767442703247 5.14244890213013 5.61731290817261 5.46347999572754 6.33105754852295 6.7260160446167 7.87367820739746 8.10212421417236 4.73383140563965 3.79423761367798 3.356778383255 3.53329014778137 3.59796118736267 3.73343324661255 4.17627954483032 4.88836717605591 5.30622911453247 5.28026723861694 5.67088937759399 5.79328441619873 7.23914957046509 9.26011180877686 14.8112926483154 21.7110252380371 28.8735122680664 34.6579360961914 24.2336025238037 13.3991193771362 4.20592308044434 3.95860981941223 4.42653131484985 4.08440446853638 4.27738094329834 4.62758207321167 5.06959915161133 5.56142234802246 5.96585321426392 5.72713613510132 7.09820318222046 7.75949287414551 9.4694185256958 7.812744140625 4.76838541030884 2.85186338424683 2.06280827522278
3.99557852745056 3.90096187591553 4.21530437469482 4.70225763320923 4.35509300231934 4.95548820495605 4.09269428253174 4.46030902862549 3.64291596412659 3.42778849601746 3.42625665664673 3.52948045730591 3.56563591957092 4.4343056678772 4.94831800460815 5.07444190979004 6.29347229003906 5.65179443359375 5.97041606903076 6.0518045425415 6.91474294662476 9.59427452087402 14.1207838058472 21.4944076538086 24.130521774292 30.9520435333252 25.8472747802734 19.8919010162354 7.84512853622437 3.64360237121582 4.23655939102173 4.24005603790283 3.80336904525757 4.10182094573975 4.65655755996704 4.7812614440918 5.60011434555054 6.02688264846802 6.61783599853516 6.51215171813965 6.75352430343628 8.02123737335205 6.86521625518799 3.57075762748718 2.31134748458862
3.54345655441284 3.21341228485107 3.22025108337402 3.30124831199646 3.28198957443237 3.13601756095886 3.2169463634491 3.34996557235718 3.36453032493591 3.38221073150635 3.34733033180237 3.55728030204773 3.99799609184265 4.34713268280029 4.67159271240234 4.9742283821106 5.1756443977356 5.5178074836731 5.63995599746704 6.14621496200562 7.11348676681519 9.86712646484375 13.8911781311035 19.1998043060303 21.9113368988037 25.5087108612061 24.0851898193359 20.0677032470703 7.40693664550781 3.13206315040588 3.52131342887878 5.05140161514282 3.62854242324829 3.81154012680054 4.03855562210083 4.45363140106201 5.33071613311768 5.66368722915649 5.29947519302368 5.80210828781128 5.49562311172485 6.40028429031372 8.86160182952881 7.81088590621948 5.60165929794312
3.18484497070312 2.92981767654419 2.73456263542175 3.00547862052917 3.06199908256531 3.13371634483337 3.26375269889832 3.3233003616333 3.27051091194153 3.29255342483521 3.60967588424683 3.81746101379395 3.70111894607544 3.70538449287415 3.74780225753784 4.659508228302 4.91156482696533 5.06011009216309 5.50725793838501 6.4081974029541 7.30806159973145 9.51674842834473 13.4432048797607 17.1576995849609 19.7144336700439 22.0515823364258 22.1290531158447 16.5842514038086 7.70962429046631 2.86258888244629 2.933109998703 3.46918058395386 3.40561723709106 3.3994505405426 3.87510704994202 4.23149299621582 4.56033325195312 5.05815696716309 4.63125896453857 4.23429775238037 5.30177402496338 5.21143531799316 5.36270570755005 6.37675142288208 7.35586500167847
2.4782612323761 2.87645888328552 2.92919087409973 3.01233625411987 3.1384744644165 3.16586470603943 3.1948766708374 3.22790861129761 3.49799656867981 3.69207954406738 3.52097702026367 3.19520711898804 2.51032662391663 2.48091387748718 2.61442089080811 3.82557940483093 4.46129608154297 4.8379955291748 5.58756256103516 6.42165374755859 7.37396860122681 9.03765106201172 12.204571723938 15.203875541687 18.7138633728027 20.0930137634277 15.8365983963013 10.2812080383301 7.46642923355103 2.74555087089539 2.61969590187073 2.98216485977173 3.18651843070984 3.27604174613953 3.87462830543518 4.12320423126221 4.08877754211426 3.95603156089783 4.18079900741577 3.81422328948975 3.47117161750793 4.22343397140503 5.2382926940918 6.05093097686768 7.4912223815918
2.78587532043457 2.87680816650391 3.01649045944214 3.04992818832397 3.11110520362854 3.06172895431519 3.3847451210022 3.61692404747009 3.35421133041382 3.32144904136658 8.69910335540771 2.20799779891968 1.86126232147217 2.01653861999512 2.28893542289734 2.62797951698303 3.79529643058777 4.42138195037842 5.36167144775391 6.21278619766235 7.31749391555786 8.58726978302002 11.9784536361694 14.1191358566284 19.4358692169189 18.1669502258301 11.0377988815308 9.02440929412842 5.91126251220703 2.56973648071289 2.67104029655457 2.88061857223511 2.99756836891174 3.29260420799255 3.95710206031799 4.32066583633423 3.84843373298645 3.85674381256104 4.56909036636353 4.53280782699585 3.3376772403717 3.49177217483521 5.33781003952026 5.91900110244751 6.35354471206665
2.78307366371155 2.92193293571472 2.99519991874695 3.00411534309387 2.95457601547241 3.22524642944336 5.66618728637695 7.74236011505127 6.7026948928833 11.3912200927734 11.6917314529419 2.86602830886841 1.80624878406525 1.95425474643707 2.2296085357666 2.41220641136169 2.86447501182556 3.76225900650024 4.75768709182739 5.81221389770508 7.10225343704224 8.83399200439453 11.3955841064453 14.3790817260742 20.9570159912109 15.6557416915894 9.13150501251221 7.58746528625488 3.71046495437622 2.38349223136902 2.66563272476196 2.81803727149963 2.83993721008301 3.36697793006897 3.65578699111938 4.87440586090088 3.6531777381897 3.5322687625885 3.95789194107056 4.71143913269043 4.24187421798706 4.51315784454346 5.15799045562744 5.69262504577637 5.7465386390686
2.83249497413635 2.90103769302368 2.87324547767639 2.98866534233093 3.08633971214294 3.24475932121277 5.99852848052979 9.5054235458374 10.6811828613281 14.6655931472778 11.4739627838135 3.51829600334167 1.79284620285034 1.94540524482727 2.06094312667847 2.22351622581482 2.58942484855652 3.21186304092407 4.03420686721802 5.48692989349365 7.17248678207397 8.87117958068848 11.0319843292236 13.7036590576172 20.8403377532959 19.7249698638916 9.80026531219482 4.52439737319946 2.09760355949402 2.07857775688171 2.34039831161499 2.42317295074463 2.4266312122345 3.07290267944336 3.50481247901917 4.7853832244873 3.2404477596283 3.31810116767883 3.15224862098694 3.94035053253174 4.5952320098877 4.87292814254761 4.87798261642456 4.96707773208618 5.29656791687012
2.79533362388611 3.10785222053528 2.94197726249695 2.66523599624634 2.62437272071838 4.75706243515015 6.75398397445679 9.99251365661621 9.68014430999756 13.2262649536133 10.5421743392944 4.10256242752075 1.85899543762207 1.78580033779144 1.92329835891724 2.0604259967804 2.3853554725647 2.89143133163452 3.85577797889709 5.31163835525513 7.08816051483154 8.76080799102783 11.652247428894 13.9826059341431 19.997974395752 18.9892272949219 9.47474002838135 6.034996509552 1.69673609733582 1.68538999557495 2.0662534236908 2.24922513961792 2.3774995803833 2.74429702758789 3.45556235313416 6.01631116867065 4.13256359100342 3.69188261032104 3.71029043197632 4.04668855667114 4.8812141418457 7.14202833175659 6.48516988754272 4.19125175476074 4.61127090454102
2.91791749000549 7.62445020675659 5.53731536865234 2.34709763526917 3.10017347335815 6.02599573135376 7.0230917930603 9.12644290924072 9.52576923370361 11.5319089889526 7.78603458404541 2.12321281433105 1.71273982524872 1.72118449211121 1.79480171203613 1.93152153491974 2.3758339881897 2.7816960811615 3.85093975067139 5.28562784194946 6.90055227279663 8.86047267913818 11.274995803833 14.5445041656494 20.6978416442871 20.5435314178467 11.4406232833862 7.330894947052 1.49262511730194 1.59517335891724 1.91664433479309 2.206707239151 2.31498336791992 2.55426716804504 3.05283737182617 5.2002968788147 6.29237174987793 5.23288011550903 3.981689453125 3.83941650390625 4.66042041778564 6.38188028335571 7.471595287323 5.24701833724976 4.60344982147217
3.44870853424072 8.93487453460693 12.5029525756836 4.13430881500244 4.49487686157227 6.10867071151733 7.7997875213623 10.1991281509399 10.4576797485352 10.2043361663818 9.90610027313232 6.33105754852295 2.63930583000183 1.73834490776062 1.8116180896759 2.00159811973572 2.36807823181152 2.86329126358032 3.96523451805115 5.30142545700073 6.91509866714478 9.63011741638184 11.8986291885376 14.412709236145 18.5838775634766 19.6044178009033 14.6609058380127 10.6673603057861 3.74818873405457 1.64097166061401 1.89672744274139 2.03719520568848 2.14371514320374 2.14434266090393 3.18016338348389 4.55482578277588 5.2058277130127 5.60516119003296 4.12691307067871 3.76279973983765 3.99345064163208 4.68987417221069 4.4412407875061 3.43598556518555 4.11864900588989
5.99518823623657 7.8560676574707 10.9720153808594 9.7125186920166 5.68822336196899 7.50760793685913 9.65341663360596 14.9877548217773 9.83433055877686 5.76300811767578 6.21459817886353 6.2394585609436 1.76250636577606 1.71601736545563 1.87892544269562 2.08512687683105 2.3847770690918 2.96599173545837 4.18706798553467 5.55221748352051 7.34844923019409 9.49245071411133 10.9779758453369 13.7906446456909 16.0726184844971 17.7785987854004 14.8062362670898 10.3876647949219 5.43320751190186 1.72057235240936 1.8588205575943 1.99782133102417 2.45076370239258 2.50771331787109 3.14674282073975 3.93240237236023 5.25181770324707 4.89512157440186 4.02327299118042 3.39771604537964 3.45642447471619 5.28425025939941 8.25265789031982 5.1412148475647 2.46814179420471
8.3905782699585 7.13027906417847 9.06641387939453 14.0294942855835 10.3569345474243 9.97162246704102 14.3954296112061 20.5806522369385 11.788480758667 4.42722129821777 3.84941077232361 3.27436852455139 1.5421187877655 1.58678770065308 1.8994619846344 2.02645635604858 2.17648959159851 2.48231720924377 3.48274540901184 5.83741855621338 7.06491136550903 8.81097888946533 10.3539810180664 11.8686590194702 14.1051340103149 16.0805950164795 12.7257995605469 7.40807676315308 5.53089094161987 2.53724145889282 2.17759013175964 2.39453458786011 2.54340624809265 2.57547569274902 3.09796166419983 3.64294242858887 6.01906776428223 5.64587640762329 4.00466394424438 3.18758344650269 4.27026128768921 5.55247926712036 7.54671478271484 6.0321307182312 2.64192771911621
7.35008859634399 7.91985273361206 7.47462368011475 8.50418663024902 9.63814258575439 12.617862701416 16.6605033874512 23.2314853668213 18.7657356262207 3.5143096446991 2.08037257194519 1.4116415977478 1.45853018760681 1.46872174739838 1.85155248641968 1.97175288200378 1.9937436580658 2.10962319374084 3.01214456558228 5.49053144454956 6.63585090637207 8.08381271362305 8.96561050415039 10.2733526229858 12.1808938980103 15.4930944442749 13.4624109268188 5.13653898239136 4.5470142364502 4.04543685913086 2.3516833782196 2.46718621253967 2.49710297584534 2.55750250816345 3.03811645507812 3.25834560394287 6.52195453643799 9.73290061950684 6.15695524215698 4.5525426864624 4.77343368530273 5.63169527053833 6.78369998931885 7.73403835296631 4.22497367858887
6.28823947906494 6.97340059280396 8.19080257415771 9.64184665679932 10.7354288101196 12.8030881881714 15.2564096450806 21.9311237335205 21.3703441619873 5.03710031509399 1.69761610031128 1.27964341640472 1.34226930141449 1.4540239572525 1.71645140647888 1.88306546211243 1.86822617053986 2.01343154907227 2.94932818412781 5.15873146057129 6.5241904258728 7.17302989959717 7.59322357177734 9.11065483093262 11.1180753707886 14.6921539306641 14.3134908676147 5.54331207275391 2.33253383636475 3.76669335365295 4.33440017700195 4.855149269104 3.09069418907166 2.55973958969116 2.97619247436523 3.16228795051575 5.20291376113892 9.92523956298828 5.6139817237854 4.37556600570679 5.71648263931274 6.36527252197266 5.42830610275269 7.07805490493774 4.39273118972778
6.41848850250244 7.24211740493774 8.34507656097412 10.1906270980835 11.4852886199951 13.8970136642456 14.5198841094971 20.2783699035645 23.1433048248291 10.8221321105957 3.879878282547 1.25687539577484 1.22293543815613 1.38205337524414 1.66282153129578 2.86263561248779 1.87252283096313 2.10660290718079 3.05620002746582 4.20193815231323 5.58215665817261 6.07431602478027 6.74007177352905 8.54235458374023 10.4858484268188 13.1780767440796 14.7270088195801 9.19075393676758 2.33613419532776 2.98365020751953 4.99741744995117 9.76673316955566 8.38970851898193 6.31391954421997 2.97343993186951 3.52875876426697 4.78831768035889 9.79746341705322 8.66533279418945 7.74779033660889 6.53288412094116 8.57723617553711 7.76178789138794 9.85215663909912 7.56294679641724
5.89455270767212 6.93945407867432 8.57823848724365 10.2622089385986 11.7224922180176 14.555682182312 15.8986520767212 18.15065574646 21.8408966064453 17.2074756622314 7.88632154464722 1.97237384319305 1.24745285511017 1.35600483417511 1.55516600608826 2.86253929138184 2.05550932884216 2.24357867240906 2.88986492156982 3.62537741661072 4.48232936859131 5.18636846542358 6.25133466720581 7.67030906677246 9.66832542419434 11.5128698348999 13.3828229904175 12.180136680603 2.74813842773438 4.07205963134766 4.69524049758911 7.9795970916748 9.01818752288818 10.1137590408325 3.42640709877014 4.69263410568237 5.48939418792725 7.4869213104248 8.9155912399292 11.2043437957764 9.78288745880127 9.96338081359863 13.9690732955933 16.9043464660645 13.4393491744995
5.92193412780762 7.06323289871216 8.5368070602417 10.04820728302 11.5631170272827 13.4231786727905 15.5834674835205 16.3919048309326 18.7194595336914 19.8549785614014 14.6076440811157 4.49947834014893 1.16850852966309 1.26587891578674 1.46144688129425 1.95662844181061 1.93924415111542 2.21277332305908 2.5886492729187 3.4295871257782 4.0402135848999 5.01897668838501 6.16863250732422 7.18255186080933 8.9902925491333 10.8678407669067 11.7415285110474 10.7788496017456 2.50676703453064 2.67311763763428 2.92581748962402 6.13323640823364 8.8529634475708 12.1776266098022 3.70253276824951 4.65841770172119 7.13540935516357 6.84929704666138 6.90284824371338 9.05818939208984 11.7422113418579 12.5125093460083 15.8682374954224 17.1488971710205 16.0152721405029
4.8285493850708 6.81555032730103 8.29331302642822 9.4716682434082 10.9685096740723 12.5881443023682 14.5792188644409 16.4559879302979 16.0000514984131 16.5465488433838 16.5164241790771 9.21793651580811 1.22956192493439 1.30682694911957 1.39877331256866 1.51031506061554 1.87304854393005 2.42287588119507 2.8428909778595 3.66736888885498 4.35629272460938 5.24636840820312 6.02695417404175 6.93512964248657 7.5436897277832 9.24871253967285 10.5749530792236 8.80769157409668 2.44896221160889 2.58342909812927 2.67927932739258 4.82104063034058 5.78952360153198 12.3741064071655 5.84881114959717 4.89529275894165 5.69087314605713 5.87254476547241 5.84811496734619 7.42700958251953 9.09315299987793 10.3794984817505 10.7221269607544 9.98370361328125 13.2014007568359
