slauniainen/Data/DEM/Vihti_dem1500b_cl_svf.asc
NCOLS 196 
NROWS 178 
XLLCORNER 353680 
YLLCORNER 6699024 
CELLSIZE 16 
NODATA_value -3.4e+38 
[rows 100 to 119 of 178, columns 88 to 131 of 196]
0.997175812721252 0.997292757034302 0.997391819953918 0.997359931468964 0.9973184466362 0.997046947479248 0.996662437915802 0.996283173561096 0.995657444000244 0.995178461074829 0.994365692138672 0.993664443492889 0.992166996002197 0.989583253860474 0.987773180007935 0.984533905982971 0.980312287807465 0.980533301830292 0.973370492458344 0.967574238777161 0.975996732711792 0.981252908706665 0.981156945228577 0.982453286647797 0.980952978134155 0.977041840553284 0.974576234817505 0.972329795360565 0.968943536281586 0.970520615577698 0.975326240062714 0.977233290672302 0.976074159145355 0.973964929580688 0.957391679286957 0.951551139354706 0.941205441951752 0.942593514919281 0.956131517887115 0.971397221088409 0.98050731420517 0.985019981861115 0.987673461437225 0.991068124771118
0.997181236743927 0.99731856584549 0.997312605381012 0.997424721717834 0.99729061126709 0.99707418680191 0.996777951717377 0.996234714984894 0.99594920873642 0.995397925376892 0.99490624666214 0.994098842144012 0.993334531784058 0.991564691066742 0.989688873291016 0.988396286964417 0.986167848110199 0.983836650848389 0.98251861333847 0.980106353759766 0.980919063091278 0.985817551612854 0.986804664134979 0.985281646251678 0.981936693191528 0.978875935077667 0.977390468120575 0.9770827293396 0.97824889421463 0.982253551483154 0.983444571495056 0.983126878738403 0.980985462665558 0.979497790336609 0.97812956571579 0.961900353431702 0.951429665088654 0.950868427753448 0.9679034948349 0.979152858257294 0.978762030601501 0.978292644023895 0.980605602264404 0.98492306470871
0.997020959854126 0.997151851654053 0.997230052947998 0.997299492359161 0.997178554534912 0.996984243392944 0.996770739555359 0.996504604816437 0.996202230453491 0.995808243751526 0.995409727096558 0.994667768478394 0.993828356266022 0.993208110332489 0.991849362850189 0.990544378757477 0.989304959774017 0.987481594085693 0.986928462982178 0.984409391880035 0.981900930404663 0.982961714267731 0.984774112701416 0.982768714427948 0.981891930103302 0.982744157314301 0.983511984348297 0.985300958156586 0.985947906970978 0.98582249879837 0.985942125320435 0.986248672008514 0.985864222049713 0.984759330749512 0.982455790042877 0.979890286922455 0.976658880710602 0.971987307071686 0.973688185214996 0.976228296756744 0.97413581609726 0.976043879985809 0.978575229644775 0.981018543243408
0.996641635894775 0.996913492679596 0.996924757957458 0.997108042240143 0.997077763080597 0.996830582618713 0.996777832508087 0.996605932712555 0.996561050415039 0.996234953403473 0.995981335639954 0.995436608791351 0.99463677406311 0.993905961513519 0.99333930015564 0.992597937583923 0.991423428058624 0.990117609500885 0.989166975021362 0.988995611667633 0.986678004264832 0.984291255474091 0.983709394931793 0.983986675739288 0.985730767250061 0.987367451190948 0.987886369228363 0.988566279411316 0.988484144210815 0.988713622093201 0.988713562488556 0.988642454147339 0.98849630355835 0.988202810287476 0.986992359161377 0.985607445240021 0.983416020870209 0.98329496383667 0.982521891593933 0.978328764438629 0.97859650850296 0.979353845119476 0.980140924453735 0.980692803859711
0.996589481830597 0.996777474880219 0.996797561645508 0.996997237205505 0.996939778327942 0.996888041496277 0.996822953224182 0.996851980686188 0.996816217899323 0.996650040149689 0.996217429637909 0.995826303958893 0.995267152786255 0.994693517684937 0.994305670261383 0.993748664855957 0.993035912513733 0.992146134376526 0.991277277469635 0.990762293338776 0.990388751029968 0.990251839160919 0.9895960688591 0.989206790924072 0.989197194576263 0.989604532718658 0.989321768283844 0.989723682403564 0.990313172340393 0.990646123886108 0.990720748901367 0.990180671215057 0.989933669567108 0.98994642496109 0.989421963691711 0.989011406898499 0.987559616565704 0.987248480319977 0.986633539199829 0.986733853816986 0.98652720451355 0.984706461429596 0.984016299247742 0.984266459941864
0.996534407138824 0.99658203125 0.996699869632721 0.996896326541901 0.996939599514008 0.99688720703125 0.996999204158783 0.996979773044586 0.996889233589172 0.996741116046906 0.996453642845154 0.995925724506378 0.995655417442322 0.995203495025635 0.994690775871277 0.99443793296814 0.994019865989685 0.993350744247437 0.992910504341125 0.992361903190613 0.991904854774475 0.991147577762604 0.990885496139526 0.990777373313904 0.991120219230652 0.991171419620514 0.991188228130341 0.991175591945648 0.991491436958313 0.991890251636505 0.991764724254608 0.991408348083496 0.990948259830475 0.990841090679169 0.990710616111755 0.990583598613739 0.990137457847595 0.989490866661072 0.988623082637787 0.988560676574707 0.989223182201385 0.988920152187347 0.987947285175323 0.98760724067688
0.996331036090851 0.996572256088257 0.99665766954422 0.996906101703644 0.996948063373566 0.996947228908539 0.996979534626007 0.996917843818665 0.996801674365997 0.996540248394012 0.996253609657288 0.996073663234711 0.99573028087616 0.995526313781738 0.99514240026474 0.995007276535034 0.99460768699646 0.994140982627869 0.99393105506897 0.993500351905823 0.993655860424042 0.993061721324921 0.992424249649048 0.992157995700836 0.992486596107483 0.992282927036285 0.992405533790588 0.992071151733398 0.992218017578125 0.99232143163681 0.992619931697845 0.99242103099823 0.991810619831085 0.991477608680725 0.991355419158936 0.991375744342804 0.991165995597839 0.991085290908813 0.990536093711853 0.990093886852264 0.990207135677338 0.990461051464081 0.990471541881561 0.990100741386414
0.996140122413635 0.996439039707184 0.996658980846405 0.996855080127716 0.996937811374664 0.996942520141602 0.996849596500397 0.996709108352661 0.99669075012207 0.996371209621429 0.99612832069397 0.995977103710175 0.995794832706451 0.995683073997498 0.995481908321381 0.995312392711639 0.995003342628479 0.994785845279694 0.99466335773468 0.99444180727005 0.994412779808044 0.994253933429718 0.993744194507599 0.993091523647308 0.993115961551666 0.993132054805756 0.992979168891907 0.993004262447357 0.992560505867004 0.992490649223328 0.992813885211945 0.993084192276001 0.992284655570984 0.991966843605042 0.991726994514465 0.991940498352051 0.991783738136292 0.991090059280396 0.991224765777588 0.99075049161911 0.990970611572266 0.991618394851685 0.991224586963654 0.991162717342377
0.996075212955475 0.996206402778625 0.996455252170563 0.996757745742798 0.996841549873352 0.9967080950737 0.996697962284088 0.996573150157928 0.996496856212616 0.996384918689728 0.996147811412811 0.995911836624146 0.995794355869293 0.995671927928925 0.995598316192627 0.995500028133392 0.995240747928619 0.995103538036346 0.995013952255249 0.99496054649353 0.995051503181458 0.99486631155014 0.994518637657166 0.99388861656189 0.99351704120636 0.993597209453583 0.993451952934265 0.99335378408432 0.993013799190521 0.992734730243683 0.992835700511932 0.992856919765472 0.99269425868988 0.992204368114471 0.992016851902008 0.992066323757172 0.991748452186584 0.991068243980408 0.991004824638367 0.990992784500122 0.991173803806305 0.991914093494415 0.9914430975914 0.991103172302246
0.995965003967285 0.996027648448944 0.996226131916046 0.996589422225952 0.996556401252747 0.996442079544067 0.996536433696747 0.996447563171387 0.996333181858063 0.996270358562469 0.996173799037933 0.995960354804993 0.995771884918213 0.99574887752533 0.995755076408386 0.995609998703003 0.995396435260773 0.995118618011475 0.995110630989075 0.995058715343475 0.995244562625885 0.99519956111908 0.99492359161377 0.994187116622925 0.993813395500183 0.993767380714417 0.993743240833282 0.993617832660675 0.993268013000488 0.993018686771393 0.992849409580231 0.992469727993011 0.992232859134674 0.992414355278015 0.992196083068848 0.992224454879761 0.991403162479401 0.990577697753906 0.990068674087524 0.990335702896118 0.990735948085785 0.991188526153564 0.99116176366806 0.990553975105286
0.995616018772125 0.995786309242249 0.995930850505829 0.996225714683533 0.996185839176178 0.996265113353729 0.996238708496094 0.996364951133728 0.996287643909454 0.99616014957428 0.996161997318268 0.996053576469421 0.995885133743286 0.995796740055084 0.995693802833557 0.995602607727051 0.995537400245667 0.995104134082794 0.995036959648132 0.994961678981781 0.99505078792572 0.995144128799438 0.995097637176514 0.994458854198456 0.994245231151581 0.994090378284454 0.993929922580719 0.993693470954895 0.993478357791901 0.993010699748993 0.992672264575958 0.991946756839752 0.991537392139435 0.991560816764832 0.991948664188385 0.99190890789032 0.990982949733734 0.989976465702057 0.989622831344604 0.989697098731995 0.990046262741089 0.990254759788513 0.990290403366089 0.989659249782562
0.995223701000214 0.995395720005035 0.995618999004364 0.995877146720886 0.995906949043274 0.995933771133423 0.996027648448944 0.996087968349457 0.996180593967438 0.996248364448547 0.996144890785217 0.996144652366638 0.99596893787384 0.99582439661026 0.995624244213104 0.995551764965057 0.995478630065918 0.995102047920227 0.995119154453278 0.995057582855225 0.994942247867584 0.994723677635193 0.994764685630798 0.994636356830597 0.994605839252472 0.994339227676392 0.994155645370483 0.993684828281403 0.993295669555664 0.99289333820343 0.992332816123962 0.99160623550415 0.990805625915527 0.990669190883636 0.990814566612244 0.991002023220062 0.990772247314453 0.990054786205292 0.989463090896606 0.988414406776428 0.988804280757904 0.988626718521118 0.987939119338989 0.988361120223999
0.995254993438721 0.995326042175293 0.995388686656952 0.995582640171051 0.99569171667099 0.995901882648468 0.995983839035034 0.996130108833313 0.996228992938995 0.996235132217407 0.996157467365265 0.996091425418854 0.995951473712921 0.995761632919312 0.995537459850311 0.995524525642395 0.995489180088043 0.995307683944702 0.995060086250305 0.994854867458344 0.994786143302917 0.994458973407745 0.994321405887604 0.994197309017181 0.994330048561096 0.994378328323364 0.994110643863678 0.993509471416473 0.992881298065186 0.992608845233917 0.992067277431488 0.991005122661591 0.989939332008362 0.989649772644043 0.989189445972443 0.988728582859039 0.98882782459259 0.989823997020721 0.988072872161865 0.984407246112823 0.986016750335693 0.98603230714798 0.985685646533966 0.98613166809082
0.993355512619019 0.994365394115448 0.995101451873779 0.995491087436676 0.995917499065399 0.996025204658508 0.995880722999573 0.996021568775177 0.996284365653992 0.996048331260681 0.996047735214233 0.996019184589386 0.995897114276886 0.995650887489319 0.995484948158264 0.995442986488342 0.995485901832581 0.995271325111389 0.994991421699524 0.994844555854797 0.994672417640686 0.99412989616394 0.993930876255035 0.993989169597626 0.993930578231812 0.993802487850189 0.993457973003387 0.992828786373138 0.9922154545784 0.991907179355621 0.991566240787506 0.990224719047546 0.989302635192871 0.988614201545715 0.987221717834473 0.986655175685883 0.985598921775818 0.988661289215088 0.984572529792786 0.979556977748871 0.9820796251297 0.982352256774902 0.982019603252411 0.983547568321228
0.991698026657104 0.992148160934448 0.993224024772644 0.994439542293549 0.995199501514435 0.995247066020966 0.995513081550598 0.995517075061798 0.996025085449219 0.996031522750854 0.995939195156097 0.995853960514069 0.995762705802917 0.995574772357941 0.995566010475159 0.995489239692688 0.995338559150696 0.995006799697876 0.994728207588196 0.994693636894226 0.994484722614288 0.993931889533997 0.99371063709259 0.99356472492218 0.99357807636261 0.993500471115112 0.993112921714783 0.992155015468597 0.990972816944122 0.99059134721756 0.990099608898163 0.988491714000702 0.987853348255157 0.986769020557404 0.984921157360077 0.985470116138458 0.984361231327057 0.986634612083435 0.977745890617371 0.974895000457764 0.977275550365448 0.977217018604279 0.977271914482117 0.977292001247406
0.993734121322632 0.993405759334564 0.993417263031006 0.99440735578537 0.993921220302582 0.99340808391571 0.994620323181152 0.995098829269409 0.995635628700256 0.995780527591705 0.995643198490143 0.995556950569153 0.995605647563934 0.995526373386383 0.995499968528748 0.995427072048187 0.995297133922577 0.994944036006927 0.994639992713928 0.99437153339386 0.994148075580597 0.993831992149353 0.9934983253479 0.993254661560059 0.99323308467865 0.992953360080719 0.992375910282135 0.991489410400391 0.990307748317719 0.9890416264534 0.988057136535645 0.985680937767029 0.985110998153687 0.983767449855804 0.98396635055542 0.983770430088043 0.984098136425018 0.98300039768219 0.971655309200287 0.97126442193985 0.972117781639099 0.969458818435669 0.969987034797668 0.969832599163055
0.994571030139923 0.994862973690033 0.994843661785126 0.993834257125854 0.990194201469421 0.990251123905182 0.993392646312714 0.994671225547791 0.994957029819489 0.995021522045135 0.995180785655975 0.995287239551544 0.995391309261322 0.995465278625488 0.995456397533417 0.995229125022888 0.995120227336884 0.994952440261841 0.994700491428375 0.99427056312561 0.993705332279205 0.99335515499115 0.993216037750244 0.992864966392517 0.992456555366516 0.992169320583344 0.9918013215065 0.991139829158783 0.98933744430542 0.987649500370026 0.985928893089294 0.984519183635712 0.984589993953705 0.983008146286011 0.983598232269287 0.983063340187073 0.983734428882599 0.981409549713135 0.969096481800079 0.967427849769592 0.9656862616539 0.962819218635559 0.959909617900848 0.96049827337265
0.994648814201355 0.994348347187042 0.994499623775482 0.991191506385803 0.986517786979675 0.989863514900208 0.992519974708557 0.993858754634857 0.994264841079712 0.994324326515198 0.994752645492554 0.995041310787201 0.995270371437073 0.995222866535187 0.995176374912262 0.995114147663116 0.995053827762604 0.994919538497925 0.994604527950287 0.994096338748932 0.993594944477081 0.993107914924622 0.992846786975861 0.992339670658112 0.991990923881531 0.991314291954041 0.990551650524139 0.989957571029663 0.987571358680725 0.985880672931671 0.985408067703247 0.983991205692291 0.981930315494537 0.980512261390686 0.979296267032623 0.978974759578705 0.981720745563507 0.97616845369339 0.96190881729126 0.958392739295959 0.9580939412117 0.94903689622879 0.949102163314819 0.948684930801392
0.994803965091705 0.99340695142746 0.992374360561371 0.988170444965363 0.985145568847656 0.989483833312988 0.992158889770508 0.99320775270462 0.993426978588104 0.993993937969208 0.994479894638062 0.99491685628891 0.995079398155212 0.99482250213623 0.99486118555069 0.994877874851227 0.994900703430176 0.994726955890656 0.994383633136749 0.994082033634186 0.993458688259125 0.993079364299774 0.992738366127014 0.992370188236237 0.992066919803619 0.990855991840363 0.989400863647461 0.987647831439972 0.985431969165802 0.982782900333405 0.982068836688995 0.97666347026825 0.974204778671265 0.974748849868774 0.975879192352295 0.975407063961029 0.974373400211334 0.965762376785278 0.94704270362854 0.93917977809906 0.927526235580444 0.896105647087097 0.880444526672363 0.897244393825531
0.993278741836548 0.993403315544128 0.990258395671844 0.984721958637238 0.983025908470154 0.988633155822754 0.990682244300842 0.991752147674561 0.992759704589844 0.993490040302277 0.994269788265228 0.994546115398407 0.99462503194809 0.994352877140045 0.994348704814911 0.994520485401154 0.994473993778229 0.994211852550507 0.993951141834259 0.993519246578217 0.992963552474976 0.992372095584869 0.992095947265625 0.991499423980713 0.991141974925995 0.990585446357727 0.988574504852295 0.984733819961548 0.980527281761169 0.978618681430817 0.970292448997498 0.962241351604462 0.964975237846375 0.972307741641998 0.971910059452057 0.971324443817139 0.967431247234344 0.958520889282227 0.938895463943481 0.913466572761536 0.89204341173172 0.86937689781189 0.850535333156586 0.85328871011734
