slauniainen/Data/DEM/Vihti_dsm1500b_cl_horizonAngle_300.asc
NCOLS 196 
NROWS 178 
XLLCORNER 353680 
YLLCORNER 6699024 
CELLSIZE 16 
NODATA_value -3.4e+38 
[rows 140 to 159 of 178, columns 45 to 89 of 196]
4.111656665802 6.06155681610107 12.3504447937012 13.9944276809692 0.558583557605743 -0.742530584335327 -2.03308367729187 -1.88003838062286 20.461389541626 -1.42620694637299 13.7969036102295 1.08268964290619 9.23302364349365 13.2370491027832 11.346492767334 7.4837818145752 27.3936500549316 15.2820835113525 14.8820724487305 18.2729988098145 8.38968658447266 13.0094270706177 11.1100454330444 24.1596202850342 29.3428592681885 9.98016929626465 2.72753477096558 3.11131358146667 3.2890100479126 5.28737020492554 2.00261116027832 29.2104511260986 42.7231559753418 29.3825130462646 17.2310676574707 10.3941307067871 14.1975994110107 -0.21773599088192 -0.733713626861572 19.6808547973633 4.48919153213501 17.7749271392822 19.6703357696533 5.77985382080078 4.26335859298706
5.03505229949951 2.51866507530212 28.0079097747803 11.0382766723633 5.54907608032227 -0.442186325788498 -1.33604741096497 16.1654033660889 11.6548271179199 11.9258241653442 2.65919065475464 8.4934778213501 -1.0548779964447 5.50369358062744 3.6071629524231 -0.642267465591431 1.99707591533661 2.11635231971741 4.16779947280884 12.2438859939575 9.71844577789307 10.7940368652344 6.86729383468628 6.99332141876221 6.33364057540894 12.2703428268433 14.3749761581421 22.4132881164551 17.1490669250488 3.86609697341919 3.16584539413452 21.7825775146484 17.1834144592285 18.3751602172852 18.6304492950439 15.5980052947998 9.12014484405518 3.26583623886108 29.8446636199951 11.0018730163574 3.00808930397034 27.4558601379395 13.0637798309326 6.78864717483521 2.96213579177856
6.1995964050293 7.29235649108887 15.6691637039185 1.93567943572998 7.91510772705078 7.4906792640686 -1.39452874660492 23.6322994232178 10.3203067779541 9.59184074401855 0.427031695842743 1.62274706363678 8.24971389770508 3.26081418991089 7.77393388748169 2.12985587120056 1.02054297924042 2.77341175079346 -0.970294296741486 16.6749076843262 19.6570491790771 6.74369192123413 4.54717493057251 4.08588647842407 21.2026290893555 13.6481494903564 5.35766839981079 7.0582480430603 2.13037467002869 11.2101545333862 8.35017585754395 2.8693962097168 2.92871356010437 9.42600917816162 7.42348527908325 7.74717664718628 9.93978691101074 7.02839660644531 2.29087972640991 -0.686032950878143 -0.598517239093781 0.210579946637154 4.87668228149414 3.9710009098053 2.94565296173096
15.6177825927734 7.98738670349121 4.78191709518433 1.85928237438202 13.8145771026611 0.404844582080841 2.62392377853394 20.7808017730713 18.4785289764404 -1.01483952999115 -1.45012509822845 -0.271616846323013 9.87787055969238 5.20841932296753 1.7111611366272 1.84286987781525 1.0829918384552 4.41549110412598 6.22901582717896 3.80746459960938 11.3847846984863 4.08756637573242 9.03087139129639 16.201229095459 16.7475643157959 10.716700553894 6.06976413726807 5.31612777709961 2.96711730957031 25.9773750305176 8.1578950881958 0.729545116424561 5.69657135009766 2.46363973617554 1.89755308628082 3.60088181495667 4.11807250976562 6.10519313812256 5.715247631073 4.39205121994019 32.4876327514648 -0.750744879245758 -0.708375751972198 6.24526214599609 -0.0985312461853027
15.8689937591553 14.4230098724365 18.3250026702881 2.20805335044861 2.95562362670898 0.168409243226051 3.13030600547791 5.7508020401001 5.66630077362061 0.716676950454712 11.0712223052979 -0.887874186038971 24.4823246002197 10.7361736297607 2.86643290519714 1.61184704303741 1.22392761707306 -0.147831901907921 1.10328805446625 5.40955448150635 1.86431229114532 17.6887264251709 20.6922740936279 12.3707704544067 6.65557861328125 5.19512033462524 5.6410698890686 4.76386690139771 6.87082624435425 2.86451172828674 4.73199605941772 -0.646331608295441 -0.0626745522022247 22.6496849060059 2.15905261039734 0.843673408031464 1.33679449558258 2.31635308265686 5.01002025604248 4.57952642440796 3.85585927963257 -0.206439033150673 9.63826370239258 5.03032302856445 7.59761905670166
5.05278921127319 8.32689571380615 4.65859127044678 0.650920569896698 -0.784673392772675 0.372885257005692 -0.125615999102592 9.17146778106689 10.1723766326904 -0.80756813287735 11.5435905456543 7.78072261810303 19.1654167175293 12.5854034423828 2.88899421691895 2.24249148368835 0.326038539409637 -0.679260432720184 -0.0720016062259674 5.25709295272827 9.54892444610596 18.9922142028809 3.24679970741272 4.81783437728882 6.56903553009033 4.8125171661377 3.81349539756775 3.00586557388306 3.05414724349976 3.67567896842957 3.98680734634399 -0.858593344688416 -0.991190314292908 0.356615722179413 1.53056335449219 11.4066772460938 0.212154269218445 12.6501970291138 7.16708707809448 1.72681391239166 3.81368541717529 3.82625651359558 0.85385000705719 1.79849946498871 12.4117937088013
12.1759052276611 0.83984386920929 -1.33103370666504 0.634239912033081 -0.347663104534149 21.4351177215576 19.6845073699951 -0.496638894081116 2.03740525245667 0.0895722284913063 -0.531693994998932 0.999353408813477 0.476449280977249 -0.629811465740204 -1.09385216236115 -0.897520542144775 -0.589616000652313 7.12021350860596 14.9316635131836 1.21119070053101 5.38893032073975 -0.790593862533569 -0.736554384231567 1.07624971866608 9.50164318084717 5.0363245010376 1.78743612766266 0.864207983016968 0.0421640239655972 -0.221753180027008 -0.117271557450294 2.66343855857849 -1.45250272750854 3.90853810310364 -1.12451410293579 -0.412410140037537 24.597110748291 24.4161319732666 15.7325983047485 4.61012744903564 3.50413465499878 0.211618423461914 0.519132435321808 0.09651879966259 6.14811372756958
3.63784027099609 -0.971965253353119 -1.09491729736328 -1.59012365341187 -0.748580813407898 6.74170827865601 -0.357164472341537 -1.03657281398773 1.7028421163559 2.18881106376648 0.984876155853271 19.0829753875732 13.0845003128052 22.2465991973877 17.4050426483154 -1.50561499595642 0.977253615856171 0.606238484382629 -0.639867544174194 -0.432386755943298 -1.30206024646759 -1.39158034324646 -1.40057671070099 0.523604333400726 0.497466742992401 -0.784615814685822 -0.651826024055481 -0.779328525066376 -1.6723450422287 -1.06983435153961 -1.19438886642456 -1.3293285369873 6.84272623062134 3.50579762458801 4.82334995269775 -1.27557158470154 17.8513641357422 29.1071395874023 12.6522645950317 9.69977283477783 7.77091598510742 -0.157336518168449 0.0276468489319086 5.87284517288208 12.9125022888184
-1.54185092449188 -2.26840376853943 -2.26229047775269 -1.50360500812531 -0.512640655040741 16.054931640625 -0.260490536689758 20.9941711425781 25.7717342376709 16.2546844482422 22.352632522583 -0.941462159156799 -0.406065315008163 2.9963493347168 2.82334017753601 -0.908562839031219 3.18203496932983 0.0594354793429375 -1.52219617366791 -1.71745586395264 -1.89632189273834 -1.95764780044556 -1.5904815196991 -1.77000725269318 2.59907269477844 -1.63063502311707 -1.15411329269409 -1.22575175762177 -1.64074122905731 2.62929677963257 -1.71549105644226 -1.32200372219086 -2.02398443222046 13.6478271484375 0.681102514266968 2.13481497764587 4.25166702270508 10.6247100830078 4.66816234588623 15.9075374603271 8.5068359375 -0.331917971372604 0.738354325294495 9.46508026123047 7.2614803314209
-1.61641132831573 -1.55914056301117 -2.23090386390686 11.1585025787354 2.44605207443237 4.1797399520874 5.47827386856079 23.5980548858643 17.7723445892334 4.36510944366455 3.52940630912781 4.85711622238159 14.1006650924683 14.4018821716309 -0.840236663818359 -1.37152993679047 -1.24236416816711 -1.87694716453552 -1.63594222068787 -1.64362621307373 -2.25982785224915 -2.34640431404114 -0.522668182849884 -1.6988160610199 -2.26123332977295 2.13308143615723 7.78068876266479 1.19461178779602 8.86322784423828 0.985700845718384 -2.03033828735352 -0.757673561573029 -2.31793427467346 -2.35922026634216 -2.44818568229675 29.0933227539062 1.75472223758698 14.1177473068237 14.2350845336914 2.67755222320557 26.37571144104 1.59533035755157 1.40455067157745 8.61334800720215 20.0496368408203
4.8410472869873 11.5448455810547 9.14553451538086 13.1537971496582 7.81371879577637 17.2890357971191 15.9038705825806 14.7429637908936 16.3060283660889 7.8130316734314 4.13669586181641 3.63847517967224 2.86741542816162 -0.156409040093422 -0.989776790142059 -1.55429899692535 -1.74385666847229 -1.67896270751953 -1.87851810455322 -2.09212970733643 -2.14894437789917 -2.128253698349 -1.57159864902496 -2.74162936210632 -0.844602286815643 5.46152257919312 3.41922950744629 5.3767261505127 -0.0312313809990883 -1.16197490692139 -1.65428137779236 -1.27668082714081 -2.25349378585815 -3.01601672172546 20.6399116516113 32.3278427124023 30.6988334655762 13.3558397293091 19.0218601226807 5.88695526123047 6.14003133773804 29.569450378418 37.1276817321777 24.4250316619873 13.4991540908813
18.1687850952148 3.01722407341003 9.90511989593506 0.482966899871826 14.2126426696777 13.1481170654297 4.89131116867065 9.36091232299805 5.01540613174438 -0.371863752603531 -0.589603066444397 -2.08108878135681 -1.82564127445221 -2.13667368888855 -2.06866335868835 -1.95243000984192 -2.62874317169189 -2.4153516292572 -2.19312453269958 -2.46479868888855 -2.39073753356934 -2.579097032547 -2.45419049263 -3.07890462875366 8.62994766235352 11.0063705444336 3.79493832588196 1.60795521736145 2.38184833526611 0.472856938838959 -1.78404414653778 5.77569770812988 2.92150783538818 -2.84847021102905 24.990406036377 25.1636734008789 1.28135144710541 6.09176969528198 20.8131198883057 4.18848896026611 2.30965232849121 2.13876581192017 23.5228729248047 15.8255109786987 8.72571754455566
6.60447311401367 5.93233633041382 14.9510326385498 5.94317770004272 13.3944244384766 8.11145305633545 0.514557898044586 2.15043377876282 -1.16929864883423 -2.84563875198364 -2.56978631019592 -2.35331511497498 -2.41979098320007 -2.38200926780701 -2.6906361579895 -2.83944535255432 -3.04969573020935 -3.0490608215332 -2.95981860160828 -2.30663585662842 -0.473467200994492 -2.60845065116882 -2.78841257095337 -2.98711633682251 -2.90135264396667 -0.91858434677124 2.96275496482849 5.77171468734741 1.68731284141541 -1.92589366436005 -2.5086088180542 -2.93776702880859 -1.95116937160492 -1.94875657558441 7.46719646453857 17.7043495178223 6.8690710067749 4.93105125427246 0.633381485939026 24.8351650238037 2.74037861824036 -0.481227666139603 1.1001980304718 27.051326751709 12.3993110656738
2.5555477142334 3.22949314117432 4.26297664642334 2.00405192375183 2.78689742088318 1.86429691314697 -2.38718795776367 -2.08855605125427 -3.08209228515625 -2.67683577537537 -3.3320484161377 -3.10100674629211 -2.95387196540833 -3.17065525054932 -3.08550786972046 -3.1535177230835 -3.1602885723114 -3.28188586235046 -3.0580677986145 1.32899820804596 -2.86575365066528 -2.57876873016357 -2.65220904350281 -3.17400217056274 6.20883941650391 19.8751239776611 14.4465408325195 14.2272415161133 -0.0228107459843159 -0.844858407974243 -1.90961229801178 -2.74459218978882 18.9841499328613 18.5185050964355 0.903444886207581 -2.50354743003845 2.00580239295959 -2.67586874961853 0.66046941280365 3.01063442230225 25.4703922271729 7.93763780593872 8.20575714111328 7.05419063568115 29.9481983184814
3.99384522438049 0.514275729656219 2.8823254108429 0.990270376205444 -1.86488389968872 -3.19169116020203 -2.75114464759827 -2.53129720687866 -3.00534796714783 -3.83403968811035 -3.93498373031616 -3.94462823867798 -3.61318707466125 -3.71948838233948 -3.5300407409668 2.80371499061584 4.23053407669067 -3.57582378387451 -3.45378684997559 -3.36540389060974 -3.37020206451416 -3.3807315826416 -3.14303135871887 -3.02996969223022 -1.48015856742859 8.66838264465332 6.13890552520752 6.72688293457031 8.6595401763916 1.36276662349701 9.56197357177734 5.84360456466675 -2.66917419433594 9.28352451324463 11.4482145309448 -1.06734526157379 -3.08029437065125 -2.82422971725464 15.1632299423218 29.3271160125732 23.7934494018555 28.1059551239014 8.66748523712158 7.83373641967773 12.3785781860352
10.3202114105225 8.42577648162842 -0.958622813224792 -3.21234226226807 -3.38867354393005 -3.64141845703125 -0.590539932250977 -2.89456391334534 -3.97412824630737 -4.27740526199341 -4.6581826210022 -1.52370011806488 -3.97034239768982 -0.839248180389404 -1.7327253818512 2.26097416877747 -3.44940900802612 -3.32951331138611 6.30435419082642 -3.45623207092285 -2.18022322654724 2.07826995849609 -3.45973634719849 -3.53685283660889 -3.30909776687622 -3.06528782844543 3.87557291984558 6.90996980667114 5.45494890213013 4.05095100402832 7.845534324646 3.64608764648438 1.60988891124725 13.4157800674438 11.8004941940308 0.38331264257431 12.483226776123 21.1593494415283 22.1363906860352 10.0667810440063 8.96975135803223 13.2989130020142 10.8760986328125 9.34073638916016 17.23166847229
4.21601295471191 -1.28328108787537 -1.86952424049377 -3.06260704994202 2.76483726501465 -3.56904864311218 -1.62008953094482 -4.28152561187744 -5.0081262588501 -4.93955087661743 -4.50078344345093 -1.30820059776306 -1.38931977748871 -4.50822639465332 -4.0793776512146 -2.62368154525757 -3.98975563049316 1.72229504585266 -1.65485024452209 -3.3690972328186 -1.09586596488953 0.566794216632843 -3.52174091339111 -3.51585721969604 -3.81575179100037 11.8820991516113 9.30964660644531 12.6114549636841 8.0557689666748 4.48984050750732 1.22577559947968 1.38780975341797 -0.274931758642197 0.531821608543396 1.43084025382996 0.805648863315582 -0.296131432056427 -2.2809522151947 8.50326347351074 14.9859437942505 18.9454917907715 6.28057384490967 25.5818614959717 7.82124042510986 32.4495162963867
-4.08231639862061 -4.32229614257812 -4.3549485206604 -4.48740339279175 -4.46096229553223 -4.45906829833984 -4.36378192901611 -4.88453388214111 -5.60237407684326 -5.45841979980469 -5.351243019104 -3.73668527603149 -3.35151124000549 -1.58584940433502 -3.84640026092529 -4.58817911148071 -4.16015958786011 -4.15778636932373 -3.76921653747559 -3.91602468490601 -3.76216268539429 -3.56738781929016 -3.87244009971619 -3.65370774269104 -0.906658709049225 17.9369983673096 7.36004972457886 11.9831743240356 6.72824954986572 0.885009706020355 4.74464416503906 6.22010374069214 11.1179637908936 3.18877363204956 6.98435211181641 -2.27080273628235 -2.84800744056702 -3.04761457443237 1.2234445810318 -0.458972275257111 1.58298742771149 5.44910860061646 6.52187585830688 32.4222526550293 25.6965160369873
-4.59269380569458 -4.76403141021729 -5.0542893409729 -5.24076223373413 -5.22101449966431 -5.51283311843872 -4.77036237716675 -5.08310413360596 -5.71880197525024 -1.68623578548431 -5.97572708129883 8.13115310668945 1.1175389289856 -4.6064977645874 -4.53128862380981 -4.80704355239868 -4.30113506317139 -4.27326011657715 -4.27221775054932 -4.34730672836304 -2.21465373039246 10.6865978240967 8.81490898132324 2.04994702339172 6.89959955215454 10.953987121582 6.8006763458252 19.890209197998 10.5644588470459 4.85790300369263 9.13633155822754 1.05157685279846 0.623314380645752 0.99722945690155 0.340772479772568 -1.17347228527069 -3.46821212768555 -2.90334939956665 2.65294671058655 2.76789236068726 -2.98783707618713 -0.873610556125641 0.339177370071411 6.84231424331665 32.6083297729492
-5.00898885726929 -0.358936607837677 6.21465110778809 21.2548732757568 -0.329901665449142 -3.52284240722656 2.03827404975891 -1.785480260849 -5.14482641220093 0.681415438652039 -4.4042501449585 -1.27931451797485 0.157419070601463 -5.45242691040039 -2.78537440299988 0.071405716240406 8.87073040008545 13.6536560058594 2.98253178596497 0.483744025230408 3.72778630256653 2.15665626525879 1.88034307956696 1.65783309936523 2.57611799240112 8.53329658508301 14.5141839981079 2.79482960700989 -0.61205792427063 1.28252816200256 0.710188031196594 -0.216991081833839 -0.686344861984253 -1.11095488071442 -3.86482548713684 -2.73362517356873 -2.47322487831116 -3.65990686416626 -3.45840454101562 -3.08667755126953 -1.23053443431854 -2.19966459274292 3.69959807395935 10.8041982650757 38.6247749328613
