slauniainen/Data/DEM/Vihti_dsm1500b_cl_horizonAngle_246.asc
NCOLS 196 
NROWS 178 
XLLCORNER 353680 
YLLCORNER 6699024 
CELLSIZE 16 
NODATA_value -3.4e+38 
[rows 140 to 159 of 178, columns 45 to 89 of 196]
6.55817079544067 4.72854900360107 30.8090190887451 17.3739852905273 0.27806368470192 0.439044594764709 -1.0448305606842 -1.26434206962585 36.7167510986328 0.0545792877674103 34.8057708740234 1.68084847927094 18.6114597320557 10.6971607208252 9.62240409851074 2.73861646652222 26.3124217987061 10.9813413619995 17.5935859680176 26.7999153137207 13.3054265975952 13.9953775405884 11.5258235931396 9.78489589691162 10.8312864303589 5.31774425506592 2.97952103614807 29.7959861755371 6.53606033325195 6.33515024185181 3.58802580833435 12.7760639190674 27.9431476593018 9.88615322113037 6.4720721244812 6.11303758621216 5.15940141677856 2.45577001571655 2.22573375701904 10.8101606369019 1.84775745868683 35.9956398010254 20.3172035217285 12.9350595474243 8.98385906219482
13.3154716491699 3.62997961044312 39.2539558410645 8.28496551513672 5.1343560218811 -0.0651956871151924 0.432108998298645 11.2235174179077 3.63627099990845 10.2350025177002 0.584169864654541 15.0155048370361 4.10951995849609 18.5494422912598 7.85254573822021 2.59920382499695 6.31108427047729 1.25325334072113 4.39831447601318 35.2892646789551 23.9940338134766 16.9239845275879 6.38262414932251 6.24643135070801 25.6716213226318 11.8599195480347 8.48960018157959 6.98921537399292 6.91362142562866 5.61850070953369 19.3986473083496 14.0857181549072 7.85002040863037 6.60245132446289 7.31962108612061 15.7586002349854 11.14333152771 11.2917470932007 9.6598072052002 3.76945066452026 3.86741304397583 25.5467796325684 9.52337551116943 9.87809562683105 5.09257459640503
16.5187492370605 11.0655670166016 9.80959701538086 2.53227496147156 28.821268081665 9.48242473602295 0.808837711811066 36.5445251464844 3.86815452575684 2.53001403808594 0.731390357017517 5.70048952102661 16.4756450653076 6.32707357406616 12.6637086868286 4.49149465560913 1.3789210319519 4.75204038619995 0.790281414985657 30.429895401001 20.5624885559082 15.0239162445068 9.75607109069824 7.08099842071533 27.6221904754639 10.3799562454224 6.96337652206421 7.59975814819336 3.70912528038025 36.6379814147949 10.3829383850098 8.71531963348389 12.7244787216187 27.4382934570312 19.9056396484375 15.6992511749268 16.0985469818115 11.5027647018433 12.0748596191406 3.19361710548401 5.54646825790405 5.09085941314697 16.4378681182861 5.56286573410034 3.82480096817017
21.9761409759521 5.2395544052124 7.45257902145386 5.21475553512573 12.2691535949707 2.58530974388123 16.6021480560303 4.62273406982422 11.8915519714355 1.32934963703156 1.21942543983459 0.657018542289734 19.4319839477539 5.31111288070679 1.52344977855682 2.38456845283508 1.38368952274323 4.88739490509033 7.31023120880127 1.70833790302277 19.6026172637939 8.02880477905273 25.0848579406738 16.0305099487305 8.46377849578857 10.2182340621948 7.56770038604736 7.30701541900635 6.82837629318237 22.4527378082275 7.8990330696106 3.72274279594421 45.9115600585938 34.1359367370605 30.9805927276611 20.5371265411377 18.7108516693115 16.3521137237549 15.1682147979736 13.1039552688599 11.98082447052 4.15405416488647 3.99699783325195 19.1513118743896 4.52951908111572
12.5217247009277 11.9568452835083 14.1289415359497 4.34565734863281 14.5307693481445 3.5291805267334 7.70628833770752 8.41028118133545 9.85401821136475 1.34966456890106 13.458927154541 1.39349102973938 28.43479347229 2.61201643943787 1.52739143371582 0.901735484600067 0.748879075050354 1.42830097675323 8.11842727661133 16.1758270263672 6.77350568771362 33.7073745727539 12.610499382019 13.503701210022 16.9042854309082 13.3981895446777 12.6999855041504 11.755913734436 11.7065496444702 9.62776660919189 9.56274604797363 2.45334029197693 11.858268737793 49.9203491210938 35.6963310241699 22.2245006561279 19.0130786895752 19.3077850341797 19.055046081543 15.8139886856079 12.7420053482056 6.36181306838989 6.11395740509033 6.01335191726685 9.85833644866943
8.43678188323975 18.56028175354 7.70186805725098 3.92296171188354 2.14736485481262 17.2640972137451 3.65933203697205 18.4084091186523 9.84732818603516 2.49110770225525 9.73395156860352 4.62940979003906 9.4263277053833 6.90675115585327 0.822479844093323 3.4374692440033 0.764445841312408 0.0891320109367371 5.64875507354736 19.7282466888428 17.3830871582031 19.7755966186523 7.99358940124512 14.316596031189 20.0313568115234 15.413477897644 14.9637651443481 12.4117784500122 11.2232570648193 11.7384042739868 17.6290683746338 3.49638104438782 3.05768704414368 9.63569641113281 19.7444763183594 47.6710166931152 22.3625144958496 33.4074821472168 22.6801319122314 19.2459297180176 15.9798946380615 14.1887426376343 9.6044807434082 9.01566123962402 12.3798904418945
26.0334339141846 7.83599615097046 2.71178197860718 15.9147701263428 2.78112363815308 26.5715312957764 21.3137722015381 3.77840638160706 10.2818269729614 7.09528636932373 1.89867269992828 6.1680760383606 0.580621898174286 -0.181848451495171 0.433509141206741 1.34417223930359 0.149655386805534 16.4256439208984 7.86758279800415 0.356132119894028 14.7119998931885 3.84540176391602 7.41616249084473 16.3941955566406 26.1998119354248 19.6176433563232 11.7904014587402 10.5363321304321 7.71005725860596 6.27361679077148 14.3382692337036 25.2145862579346 2.22142171859741 25.3436450958252 3.85936665534973 12.50221824646 52.9684524536133 35.7377471923828 26.7933406829834 20.6636199951172 19.5833835601807 12.8193693161011 11.9663572311401 9.41160869598389 17.9027557373047
9.33527755737305 5.62180089950562 3.21059989929199 2.67825078964233 5.80587816238403 16.4222583770752 5.78745317459106 2.48760509490967 13.220796585083 4.77838373184204 3.02017045021057 16.2478675842285 3.75173258781433 16.4123249053955 6.49067068099976 -0.692468106746674 11.64182472229 0.360398203134537 -0.385783165693283 2.26403427124023 2.04996490478516 2.36404013633728 5.10684490203857 20.7994537353516 12.9210138320923 14.7448415756226 10.9855070114136 7.00142908096313 3.52353429794312 13.1684713363647 5.98589420318604 5.88204860687256 34.6603050231934 3.31955790519714 9.29404163360596 7.37135028839111 35.9148979187012 38.2907829284668 33.3933715820312 27.4963703155518 27.5206699371338 10.6330070495605 9.93879795074463 16.7247009277344 9.7297191619873
3.73187923431396 3.44147396087646 2.43018651008606 5.95602178573608 3.81531977653503 27.5339584350586 2.08087754249573 33.6306610107422 13.8953456878662 9.29647445678711 12.2949666976929 0.970166146755219 10.1026544570923 6.21891641616821 2.55909776687622 0.650007724761963 1.10325503349304 3.10019993782043 2.61104440689087 1.33640313148499 1.23832595348358 1.36089277267456 11.3416004180908 6.24051475524902 19.9846954345703 9.7310209274292 11.0081253051758 9.98195362091064 6.90292024612427 7.12006521224976 5.08314990997314 11.0779447555542 3.6124153137207 47.8675575256348 12.0413055419922 15.1190643310547 22.0144596099854 21.1428642272949 16.6356353759766 48.5207099914551 22.0613384246826 11.4339656829834 11.1995496749878 14.7946758270264 11.2735776901245
4.54461765289307 2.89257860183716 -0.302778780460358 19.569278717041 1.05076110363007 4.59832954406738 6.33970642089844 26.9083366394043 8.86887359619141 2.94393157958984 1.53124487400055 8.9585657119751 3.71902561187744 10.5415601730347 4.958411693573 3.98457503318787 5.54494428634644 1.41270768642426 8.09055423736572 4.03914260864258 2.68940353393555 2.263103723526 12.1826648712158 5.29655838012695 5.14338874816895 14.4942407608032 22.3610382080078 13.0172309875488 12.5491933822632 9.56341171264648 6.23547983169556 6.49138307571411 3.03183937072754 2.26204872131348 1.91357946395874 55.6280288696289 19.774076461792 27.3029708862305 17.1132011413574 7.89471912384033 52.6840476989746 11.305419921875 13.5183382034302 14.4804430007935 29.5105056762695
9.8878059387207 7.61419105529785 3.66745972633362 3.38905715942383 1.96995866298676 16.981351852417 9.43859767913818 4.59074783325195 15.8531970977783 6.58962774276733 5.32908916473389 11.0084476470947 11.3097696304321 14.4993276596069 9.41110897064209 6.76308250427246 3.59260249137878 4.393639087677 6.08653545379639 4.69179153442383 5.47452926635742 7.59844493865967 3.96797466278076 2.37503409385681 21.3987846374512 18.2884521484375 13.1259336471558 15.5259628295898 14.1958360671997 11.7770175933838 7.29713869094849 5.45465040206909 4.1266450881958 1.41381692886353 45.7876434326172 25.8151340484619 25.5882701873779 14.4260110855103 30.7805366516113 19.2836799621582 14.104642868042 48.1519088745117 32.1575241088867 27.9349880218506 20.9839096069336
13.5185861587524 -0.0193975884467363 23.6090717315674 1.25780391693115 29.2033710479736 5.27223205566406 1.34771573543549 20.9916076660156 10.2646932601929 -0.192620277404785 6.71195268630981 4.1640248298645 12.38001537323 2.63217711448669 6.06382989883423 7.09232521057129 4.10696506500244 4.60217332839966 8.06796455383301 4.0984034538269 6.36355972290039 3.25347495079041 2.76985239982605 3.15190482139587 22.0830764770508 21.6774520874023 22.324634552002 18.3311939239502 14.6331415176392 9.15257453918457 9.43523788452148 9.67100238800049 9.99852561950684 2.45331311225891 24.3498706817627 21.3710136413574 4.70075273513794 11.4346494674683 50.9368286132812 24.4160766601562 18.7168521881104 16.818883895874 49.7671966552734 37.2644233703613 24.4553203582764
-0.813693702220917 4.22329425811768 14.7375450134277 4.74396657943726 4.70088624954224 9.28858661651611 2.3201014995575 3.39796948432922 7.90739774703979 1.56607854366302 1.83141160011292 3.40353417396545 4.39256048202515 5.88117790222168 5.71037244796753 4.80237722396851 3.44905757904053 2.69632577896118 4.1559476852417 8.55843353271484 5.81869459152222 4.4317684173584 3.54374504089355 2.31551384925842 4.34073638916016 8.59121131896973 22.4670143127441 14.8649120330811 13.9418535232544 8.96318340301514 7.10837936401367 3.38503551483154 36.7101707458496 8.95226001739502 4.47536706924438 27.8540458679199 3.6930730342865 4.11725187301636 9.86001777648926 51.4144172668457 16.1416854858398 15.972110748291 14.8094606399536 52.4823951721191 33.9325294494629
3.36604285240173 5.79886054992676 1.43242406845093 3.61611247062683 15.7143287658691 3.35890221595764 -0.844588816165924 9.53046226501465 1.43554937839508 5.66893291473389 -0.019309664145112 3.76079797744751 9.72121715545654 5.62065744400024 4.76446294784546 3.24808573722839 3.07876324653625 2.47119402885437 3.34436964988708 11.3848419189453 7.40533018112183 5.43591642379761 7.34217357635498 1.94779169559479 14.0360069274902 23.4268779754639 17.9410972595215 16.3316688537598 10.5494136810303 7.78510284423828 13.2078008651733 6.18555545806885 18.1194362640381 14.7064685821533 11.1439380645752 3.14672303199768 6.16406297683716 1.69531905651093 9.12100887298584 15.9389219284058 51.8261833190918 9.52713775634766 8.25446319580078 12.4038848876953 50.8465309143066
4.6053409576416 -2.29430413246155 18.7584266662598 -0.321845859289169 -2.59431219100952 1.85866904258728 3.40238523483276 4.91716194152832 1.93400967121124 -0.451759696006775 -0.187784105539322 0.393046438694 9.38745403289795 2.81214737892151 3.32786059379578 12.8722171783447 6.99333667755127 1.5315967798233 3.22838044166565 3.31575989723206 2.29820442199707 1.97164106369019 2.48253035545349 3.53858613967896 5.56385469436646 20.6788215637207 18.9797668457031 17.7850151062012 18.2699775695801 10.0075778961182 14.566125869751 8.11612415313721 4.6337251663208 23.3373031616211 11.6052093505859 2.64381766319275 0.592319369316101 9.10468482971191 27.129487991333 25.681396484375 13.3970632553101 29.8194446563721 15.2429189682007 11.506516456604 17.5961475372314
9.91712093353271 4.93808746337891 -2.5566565990448 -3.13901615142822 1.93068253993988 0.1680558770895 5.8002233505249 4.17396402359009 0.943800985813141 0.455390930175781 -1.25789737701416 14.3526306152344 3.54984283447266 5.82520294189453 4.55008411407471 8.91650199890137 4.84673118591309 3.92336344718933 6.76510429382324 2.36189460754395 4.69024467468262 4.55539417266846 2.10067749023438 1.54338824748993 2.08832263946533 9.37807464599609 15.870325088501 23.1243152618408 14.3376388549805 10.2861709594727 10.8397722244263 8.49088478088379 7.23370265960693 7.97964096069336 10.6729297637939 3.88871645927429 5.29513311386108 3.71631097793579 10.6569442749023 4.04844951629639 16.7655429840088 19.4307270050049 11.2547616958618 18.0279140472412 29.2777786254883
-1.34220993518829 -2.55522227287292 4.69603204727173 0.358105957508087 5.74292182922363 0.24884557723999 6.84791088104248 3.17732453346252 -0.359257578849792 1.95666038990021 4.06917476654053 2.84659361839294 4.83428287506104 2.46523022651672 5.21114921569824 7.28759813308716 3.88737010955811 13.926589012146 7.30709552764893 5.29568862915039 3.87228894233704 6.78897380828857 4.13184022903442 2.99823069572449 2.28977346420288 28.0671291351318 12.2996692657471 16.6408195495605 16.5236644744873 13.4913396835327 6.50234889984131 10.5944633483887 6.05281591415405 10.5691261291504 8.90137672424316 5.78502368927002 5.56152486801147 3.56929326057434 19.7916603088379 20.1056251525879 15.8203945159912 8.6193265914917 51.0209465026855 15.1090021133423 48.2258911132812
8.19842529296875 3.79331541061401 0.253729104995728 1.45075178146362 4.18791341781616 3.27800607681274 3.11511540412903 5.35976552963257 -1.75405931472778 0.84504622220993 0.169324398040771 8.63318061828613 9.69452667236328 7.42802715301514 1.55625307559967 2.69111037254333 2.41462850570679 6.51150989532471 5.32660436630249 2.09290885925293 2.7165834903717 5.48859119415283 0.140669390559196 6.75325202941895 4.89693689346313 18.9373760223389 5.91487646102905 31.5310707092285 9.69209098815918 4.72444534301758 28.2358531951904 8.84887599945068 13.8083028793335 9.56323528289795 12.5554485321045 4.63705158233643 2.80965495109558 2.23596048355103 15.7772722244263 9.31191539764404 11.5103101730347 11.3802099227905 15.9274301528931 52.5551109313965 31.4797286987305
-3.50064086914062 -3.72884511947632 -0.929531455039978 -3.47197127342224 0.903963387012482 -4.16598320007324 9.43790340423584 -2.18155789375305 -4.26761293411255 2.86764860153198 -4.3232364654541 25.2116470336914 5.68125772476196 5.08135747909546 3.50214457511902 1.98060917854309 3.34722518920898 0.22720368206501 -1.96529614925385 -2.41667008399963 9.85426330566406 16.0392360687256 8.69649124145508 -0.611624598503113 12.4051399230957 11.7077150344849 9.05865478515625 22.7410259246826 7.37208414077759 12.2109384536743 15.7450065612793 9.65455436706543 13.8095283508301 15.3731117248535 9.82419872283936 5.01213979721069 10.1927185058594 10.9639329910278 7.52630424499512 14.9875583648682 9.91512393951416 11.3244171142578 11.7683448791504 20.8065032958984 53.9297866821289
-3.9339394569397 18.6706790924072 4.66659021377563 8.81194019317627 -3.99933099746704 -4.20957946777344 -2.32645988464355 -4.17704200744629 -3.73199057579041 1.91985726356506 0.0576455146074295 -2.15973591804504 2.1605007648468 -4.38840913772583 10.1714477539062 5.34604787826538 1.43527436256409 10.2762880325317 -0.297428756952286 -1.78065478801727 -0.459268480539322 -0.454618781805038 9.252685546875 3.28743934631348 -0.838724255561829 15.210075378418 24.5979099273682 0.721099615097046 -0.722102165222168 3.6412308216095 -1.14745676517487 6.95380687713623 5.65993976593018 6.14218854904175 -1.66434359550476 16.5048942565918 7.92324686050415 0.776351571083069 4.67742967605591 10.4117345809937 13.3245859146118 7.83718633651733 16.6212501525879 25.0700302124023 50.5054740905762
