slauniainen/Data/DEM/Vihti_dsm1500b_cl_horizonAngle_198.asc
NCOLS 196 
NROWS 178 
XLLCORNER 353680 
YLLCORNER 6699024 
CELLSIZE 16 
NODATA_value -3.4e+38 
[rows 60 to 79 of 178, columns 0 to 45 of 196]
8.53914451599121 38.0810356140137 23.7501811981201 1.18416440486908 1.77782225608826 1.49895370006561 1.39365255832672 12.7627010345459 12.6351289749146 10.828540802002 7.70123052597046 3.54049158096313 3.77358222007751 1.68300712108612 1.9595912694931 2.72932982444763 3.98664546012878 2.95244812965393 3.58290672302246 2.63139128684998 1.21066725254059 -0.0359139293432236 0.800885617733002 0.511772453784943 0.126998484134674 -1.38436722755432 16.1498336791992 34.9786567687988 30.1907863616943 8.14838123321533 10.4036912918091 1.96146821975708 2.96175074577332 7.66114330291748 3.3468496799469 2.97235417366028 2.31740975379944 2.13293218612671 0.83919095993042 2.05961775779724 1.31835174560547 -0.267057985067368 -0.865707814693451 26.2094440460205 -2.11896657943726 -2.45606660842896
-0.929127633571625 11.8100996017456 1.3312371969223 1.91067886352539 1.8240270614624 1.85391879081726 2.12605381011963 16.4205570220947 17.7856903076172 13.7510576248169 8.76547431945801 1.46784973144531 1.10851609706879 1.58754432201385 3.17133378982544 3.6778666973114 4.6922779083252 3.00338006019592 1.710129737854 1.63363063335419 2.11422657966614 1.1896345615387 0.930953443050385 0.781533122062683 0.288043320178986 -0.0359548814594746 48.076847076416 27.83251953125 38.2287178039551 12.5197277069092 5.46186494827271 4.86621475219727 3.88156700134277 11.4354276657104 2.57037162780762 3.35567927360535 2.58627271652222 2.4507360458374 2.63025593757629 1.4893411397934 1.6372138261795 -0.0775517225265503 2.18891263008118 -0.0994072481989861 -1.95468056201935 -1.77345824241638
0.0494712106883526 -0.862651884555817 1.67642855644226 2.67734146118164 3.35659408569336 3.92987251281738 2.22436237335205 35.900146484375 13.0022993087769 18.731164932251 1.56514012813568 1.39687621593475 1.58776271343231 3.55057525634766 5.62797784805298 3.93059897422791 6.18571281433105 4.01759004592896 2.83550357818604 1.24623012542725 1.43392419815063 1.22152137756348 1.0532740354538 0.754885256290436 0.30642631649971 43.8743591308594 -1.82784914970398 53.0088081359863 28.2767353057861 14.9909610748291 4.17327976226807 0.608069121837616 21.8764152526855 4.00774097442627 3.85799431800842 2.78859877586365 2.91547536849976 2.76500082015991 3.01983547210693 2.09532475471497 0.20481850206852 0.887276887893677 2.67847537994385 -0.037276741117239 -1.05771911144257 -1.09637558460236
5.40257883071899 1.71349132061005 1.19165217876434 1.8369072675705 0.960152745246887 0.805639445781708 41.7258605957031 3.38543128967285 38.0472412109375 17.4745445251465 1.57713758945465 1.22256970405579 1.05387496948242 1.38506758213043 2.72589182853699 11.1979818344116 5.93382692337036 4.30316066741943 1.7595454454422 1.24639654159546 1.44296097755432 1.26494944095612 1.13429284095764 0.675562083721161 0.472805887460709 -1.3527147769928 -1.3175802230835 -2.13376379013062 8.90836143493652 18.9882335662842 0.496859550476074 1.477215051651 0.985205352306366 4.31298923492432 4.31602764129639 3.27842617034912 3.06638503074646 1.83641314506531 3.39667201042175 2.41600322723389 0.38321590423584 1.6511470079422 3.06763887405396 2.38182520866394 -0.361392349004745 0.0169661790132523
6.15805673599243 1.71320939064026 1.31150996685028 1.90549993515015 0.857978582382202 1.41999244689941 -1.63599908351898 36.0700378417969 -0.310667842626572 19.9931774139404 1.67479920387268 1.25971972942352 1.49726247787476 2.56509733200073 4.56737422943115 2.20894932746887 5.77825927734375 4.19940996170044 2.46556639671326 1.51055669784546 1.36106824874878 1.35567188262939 1.28687465190887 0.827251017093658 0.633510589599609 -0.401795208454132 -0.929080545902252 -1.59464704990387 32.8925666809082 0.122196599841118 -0.350414007902145 5.8848729133606 4.53221225738525 3.3089439868927 4.87869501113892 3.74662923812866 3.38534331321716 3.86149525642395 2.50508069992065 2.74785256385803 0.566991865634918 2.99749040603638 3.41774988174438 2.76051068305969 0.210497230291367 0.203468725085258
7.25042390823364 0.954839169979095 2.12448835372925 0.415192037820816 1.03612232208252 1.2729104757309 -0.535555183887482 1.31170809268951 6.44067668914795 1.81799972057343 1.66154897212982 1.2988783121109 1.55580687522888 0.829149305820465 1.31762063503265 1.39920103549957 1.76903855800629 2.68723726272583 1.69070494174957 1.93260359764099 1.46502006053925 1.5074245929718 1.32303059101105 0.851289629936218 3.22388505935669 -0.332882732152939 -0.554590165615082 -0.631533741950989 -1.00501275062561 0.269492030143738 -0.345886468887329 8.10031223297119 5.18115329742432 5.51031303405762 4.31872367858887 4.09822797775269 3.71890211105347 4.25753927230835 3.15007400512695 0.806841254234314 1.81429362297058 3.89470171928406 3.28918194770813 0.514716625213623 0.394223093986511 1.29610371589661
2.09877038002014 1.55227625370026 2.28458404541016 0.424968034029007 0.855182468891144 1.00192761421204 2.29408574104309 -0.782890141010284 -0.466985911130905 1.88951683044434 1.93157052993774 1.47476983070374 1.64335536956787 1.31162142753601 1.61014711856842 1.60039472579956 1.81782686710358 1.68753159046173 1.34293806552887 1.65399527549744 1.56085383892059 1.49485349655151 1.10393762588501 0.962787449359894 0.301816999912262 0.666419863700867 -0.285810261964798 -0.452234715223312 0.063730388879776 0.395126283168793 -0.271137744188309 11.9367446899414 5.85156393051147 6.513427734375 5.08157682418823 4.02308893203735 2.64526224136353 4.67363214492798 3.45192980766296 0.940480530261993 2.63268995285034 4.28178262710571 3.67324066162109 1.26484680175781 1.51848793029785 1.98295509815216
2.30630397796631 1.84965395927429 2.51106858253479 1.01777791976929 0.0766204968094826 0.0452202819287777 0.69736260175705 0.555300891399384 2.28653001785278 2.2986798286438 2.62616920471191 2.67394828796387 1.38080656528473 1.66865110397339 1.98029375076294 2.04700922966003 1.72532689571381 1.81202173233032 1.56477451324463 1.51949763298035 1.65038585662842 1.60094583034515 1.16483402252197 1.04755830764771 0.741884052753448 2.08765387535095 -0.0149542521685362 -0.441815137863159 0.50631046295166 -0.220177054405212 25.0579147338867 6.43122673034668 4.70739555358887 7.65081739425659 6.02057456970215 4.52615308761597 5.22469329833984 3.40362191200256 3.79242610931396 1.29032444953918 4.21418476104736 4.70301866531372 4.0095067024231 1.64752435684204 2.12487483024597 2.24702095985413
1.62119650840759 3.15165948867798 0.743324100971222 1.14620792865753 0.145370647311211 0.762556314468384 0.677582502365112 0.87115079164505 3.32375717163086 3.6863899230957 3.14486408233643 3.00808000564575 3.2162458896637 2.53608560562134 1.78062784671783 2.12358570098877 2.03567051887512 1.59832286834717 1.75266826152802 1.6496114730835 1.81712508201599 1.56353318691254 1.10827219486237 0.665703773498535 0.803940534591675 4.52481365203857 0.732556819915771 0.524180114269257 0.636871755123138 -0.120146565139294 -0.268962681293488 7.98446226119995 9.53918743133545 7.22761154174805 5.44924783706665 4.70222282409668 5.73103094100952 4.22615814208984 1.477703332901 2.80038022994995 5.24689817428589 4.69658660888672 1.48869585990906 1.74605405330658 2.24146151542664 2.36277675628662
2.48685789108276 3.67573738098145 0.916460454463959 1.3222644329071 0.184108689427376 0.823706269264221 0.736341297626495 0.819375276565552 1.89340925216675 4.12374925613403 4.14647102355957 3.13216137886047 1.9124391078949 1.77116572856903 1.92626547813416 2.32467460632324 2.22264838218689 1.72938859462738 1.96743965148926 1.89200484752655 1.81647384166718 1.36901843547821 1.25897037982941 0.730004489421844 10.6821489334106 0.881098508834839 0.646528959274292 0.704946041107178 0.758786261081696 -0.0226103719323874 8.50063133239746 9.77953433990479 12.9817533493042 9.70200252532959 6.96929597854614 3.46718764305115 6.31883668899536 4.65912103652954 1.52474427223206 3.83562254905701 5.85004234313965 5.29239320755005 1.68683707714081 1.83696389198303 2.33980011940002 2.47242546081543
3.77814817428589 4.21339511871338 1.86180067062378 0.460852444171906 0.302683532238007 0.893861949443817 1.00538504123688 1.75667130947113 1.91045260429382 3.05369687080383 5.29132080078125 2.45362687110901 1.77876615524292 2.07808399200439 2.5724413394928 2.26419711112976 2.42618989944458 2.0754919052124 1.9254162311554 2.03437256813049 1.95769941806793 1.49676406383514 1.33993864059448 0.969643473625183 0.45222795009613 0.980535209178925 -0.247560426592827 0.84595137834549 0.0542504787445068 6.35468482971191 13.2757873535156 9.30089664459229 18.8588714599609 14.1603116989136 10.0062847137451 7.45514822006226 4.83327150344849 5.69292497634888 4.97853851318359 5.87196254730225 6.26945924758911 5.58490180969238 1.88024270534515 2.40082597732544 2.5452733039856 2.45427417755127
5.68901062011719 1.8266294002533 2.24608397483826 0.675959706306458 0.998992443084717 0.966152846813202 1.07283055782318 2.19982266426086 1.86599171161652 1.30998933315277 1.72863233089447 1.11988043785095 2.03441691398621 2.36201190948486 2.78459358215332 2.5754189491272 2.03835940361023 2.22997713088989 2.06441736221313 2.13620114326477 1.93727838993073 1.39594995975494 0.861152172088623 1.12077796459198 1.05984818935394 1.01557946205139 0.778474986553192 0.911099553108215 0.0909962505102158 8.64848899841309 17.4591732025146 38.1210784912109 30.6815605163574 22.664529800415 10.4461431503296 8.97985553741455 6.6627721786499 3.89354181289673 3.82927989959717 6.72172164916992 6.20949840545654 1.8445930480957 1.94142663478851 2.45796418190002 2.60889935493469 2.3720805644989
6.77250862121582 2.19357585906982 2.57615208625793 0.760459959506989 1.19923341274261 1.0469788312912 1.12577557563782 2.32989931106567 1.65007555484772 0.438128292560577 1.78075313568115 1.75878536701202 2.35531449317932 2.53181529045105 2.92850613594055 2.78845763206482 2.16986608505249 2.35658526420593 2.20080304145813 2.11337614059448 1.63559985160828 1.42568910121918 0.99846613407135 1.21925044059753 1.14399921894073 0.862420797348022 0.920600712299347 0.967067241668701 0.127878561615944 35.7070007324219 26.7936096191406 -1.37726032733917 3.42460227012634 4.21600437164307 3.99051809310913 10.32177734375 6.69455862045288 1.72632741928101 4.88868570327759 7.27691459655762 6.82013988494873 1.77904081344604 1.9970862865448 2.51720571517944 2.67753267288208 2.29387044906616
7.95280456542969 3.88119268417358 1.21572816371918 0.869414985179901 1.32992768287659 1.12959837913513 2.21244859695435 2.47151684761047 1.8100665807724 2.28693866729736 1.23283541202545 2.2016749382019 2.55523419380188 3.09553384780884 2.69433617591858 2.983234167099 2.56634402275085 2.28845238685608 2.31634140014648 2.33562970161438 1.68174993991852 1.56944394111633 1.25304329395294 1.08257377147675 1.22412836551666 -0.0998947769403458 1.06761813163757 0.191603869199753 29.3051986694336 17.4664058685303 12.7789535522461 2.05052280426025 11.000524520874 6.45021963119507 12.7553720474243 6.99055862426758 7.60677480697632 1.74836683273315 7.51215314865112 8.04684448242188 7.10024309158325 1.98530149459839 2.61527442932129 2.74846625328064 2.65423846244812 2.32616758346558
3.48151874542236 4.61874532699585 1.34391689300537 1.2619172334671 1.44347631931305 1.66670906543732 2.82592821121216 2.48177409172058 2.00808095932007 2.52145195007324 1.50328588485718 2.34104824066162 2.6734926700592 3.22749400138855 3.12494468688965 2.58390736579895 2.68687105178833 2.52166962623596 2.95192074775696 2.19012832641602 1.57286310195923 1.09844386577606 1.32082748413086 1.28398895263672 1.25473856925964 1.04277873039246 1.25909566879272 4.24546766281128 7.27598810195923 -0.874198436737061 -1.25532495975494 31.81760597229 18.227518081665 13.0881586074829 15.3582334518433 9.57392597198486 1.8028290271759 5.94900798797607 9.1698112487793 8.85947227478027 1.94047117233276 2.03168845176697 2.66032958030701 2.83194351196289 2.55734658241272 2.38336420059204
3.93214774131775 5.40016508102417 1.66216742992401 1.40519571304321 1.53055965900421 1.83794593811035 3.03433036804199 2.36347699165344 1.01544618606567 2.7847728729248 2.1748149394989 2.67649960517883 2.85281705856323 3.30415368080139 3.25973868370056 2.65122699737549 2.84988808631897 2.7012722492218 3.74009466171265 1.83832681179047 1.7423837184906 1.18286836147308 1.39958274364471 1.39217925071716 1.14452922344208 2.2436351776123 4.3480110168457 2.28306579589844 -0.217828810214996 -0.351717114448547 8.2785120010376 7.27953910827637 11.2595853805542 5.34919929504395 20.7143859863281 11.9664793014526 2.06201863288879 8.07949352264404 10.4988927841187 10.3374691009521 2.01608824729919 2.07913112640381 2.69781827926636 2.92137813568115 2.47816896438599 2.33652472496033
6.89642143249512 2.68317532539368 1.83468627929688 1.86340224742889 1.72222399711609 2.06887722015381 3.26419878005981 2.57339525222778 0.941785216331482 3.04901695251465 2.84895944595337 3.11429715156555 3.54447245597839 3.01561617851257 3.44259643554688 2.944983959198 2.79012751579285 2.82406139373779 4.63571548461914 2.0558226108551 1.90256559848785 1.4380350112915 1.26107597351074 1.51848566532135 1.14192545413971 2.16471314430237 0.705891668796539 0.926752388477325 0.86034768819809 11.2428684234619 -1.01040625572205 -1.43765926361084 20.8572120666504 29.5185108184814 13.793872833252 16.0538272857666 2.32935523986816 12.5568208694458 12.9811782836914 10.7613611221313 2.25122737884521 2.75369572639465 2.94654560089111 2.88319540023804 2.5022599697113 2.38579225540161
8.13656711578369 2.18979501724243 1.82547438144684 1.88107883930206 2.39222121238708 3.34867548942566 3.57308959960938 2.80388522148132 3.56502318382263 2.89183211326599 3.10079669952393 3.36876153945923 3.80669140815735 3.6181788444519 2.95895671844482 3.10814809799194 2.9067862033844 6.06529998779297 2.71567153930664 2.02957510948181 1.34418845176697 1.5285028219223 1.53190243244171 1.57776391506195 1.82958173751831 1.32840538024902 0.259983777999878 0.94243597984314 0.87011730670929 -0.394114822149277 -0.711182475090027 -0.968109309673309 11.1069765090942 -0.0538167580962181 30.5198535919189 2.05092215538025 19.2911338806152 15.7525911331177 16.4524745941162 2.53617525100708 2.52050113677979 2.83188366889954 3.01893758773804 2.77292084693909 2.60756349563599 4.96460247039795
11.0145654678345 2.59001851081848 2.07665729522705 2.034184217453 2.56117963790894 3.90568017959595 3.50412106513977 3.0251898765564 3.93327379226685 3.055016040802 3.53470039367676 3.61056423187256 4.11308526992798 3.85305094718933 3.02705097198486 3.22365164756775 3.04405403137207 9.2040319442749 2.37931990623474 2.12438416481018 1.42149877548218 1.60580945014954 1.63229870796204 2.64321374893188 1.41175103187561 1.37353444099426 0.278606355190277 0.97542816400528 0.887626588344574 -0.626868188381195 -0.492793351411819 39.6441497802734 0.538765013217926 0.454501241445541 0.906139612197876 2.33307695388794 9.07565116882324 21.0322818756104 21.9992542266846 2.92646980285645 3.72770309448242 2.96448159217834 3.09867286682129 2.67089891433716 2.55885434150696 5.14333486557007
3.18430280685425 2.90047979354858 2.3134913444519 2.25678205490112 2.77617621421814 4.13960695266724 3.32118916511536 1.7566055059433 4.26261615753174 3.62448620796204 3.88455128669739 4.40425586700439 3.74173498153687 4.06255483627319 3.34838700294495 3.12931084632874 3.26163697242737 13.8045988082886 2.4487452507019 2.21500563621521 1.64621782302856 1.42020189762115 1.68976080417633 2.69487619400024 1.50330102443695 0.349566757678986 1.08953654766083 1.00647330284119 -0.239468812942505 -0.288982838392258 -0.476506024599075 -1.57822406291962 1.06713831424713 1.43240368366241 1.74289464950562 1.75919604301453 18.9419040679932 39.2979431152344 22.3280124664307 2.9327335357666 2.8128809928894 3.07072830200195 3.03181886672974 2.6761314868927 2.57554912567139 5.37705516815186
