slauniainen/Data/DEM/Vihti_dsm1500b_cl_horizonAngle_294.asc
NCOLS 196 
NROWS 178 
XLLCORNER 353680 
YLLCORNER 6699024 
CELLSIZE 16 
NODATA_value -3.4e+38 
[rows 100 to 119 of 178, columns 45 to 89 of 196]
-2.24800753593445 34.3666648864746 3.11505675315857 -1.31635427474976 -2.21844983100891 9.29606151580811 23.4543323516846 41.5190277099609 3.63393759727478 1.59545147418976 44.5335464477539 7.9954719543457 7.33758020401001 5.46768140792847 4.2831597328186 2.27157807350159 2.19852757453918 1.97322416305542 1.75646102428436 2.29153537750244 3.08651041984558 2.27545523643494 1.92261743545532 1.38704574108124 1.27514517307281 1.11608934402466 1.0936803817749 0.88203752040863 0.794287264347076 0.59264725446701 0.100243963301182 -1.6074310541153 -2.38239169120789 -0.476804494857788 33.4794082641602 16.3717632293701 11.1415863037109 18.7604084014893 33.0804443359375 14.3603515625 18.7473773956299 13.7301149368286 9.54788494110107 13.2430858612061 12.4798498153687
7.34590911865234 -1.96037268638611 6.31917858123779 4.46718692779541 -2.12353849411011 3.50146126747131 19.4339256286621 43.9436302185059 22.651252746582 15.3764934539795 20.2987384796143 23.4294929504395 17.1972351074219 6.48680591583252 6.06061315536499 4.60190439224243 3.73504734039307 2.06800007820129 2.03569316864014 1.88303530216217 3.341632604599 2.87636923789978 1.91909646987915 1.53108823299408 1.2762303352356 1.09495365619659 0.894800186157227 0.625431656837463 0.487947016954422 0.281347274780273 -0.0411386899650097 -1.64284908771515 -2.8796660900116 21.9437313079834 29.3495388031006 22.2790489196777 26.6891345977783 18.7928161621094 20.6478862762451 17.5406799316406 12.1687917709351 9.07471084594727 12.4767446517944 6.52554559707642 23.3315658569336
-2.20615983009338 8.34782886505127 13.8152494430542 3.0262622833252 3.40287065505981 3.41302490234375 9.67742252349854 11.9115333557129 39.6955795288086 17.0074501037598 13.5873994827271 9.54150199890137 10.2635803222656 11.8695669174194 10.3044376373291 5.51895904541016 5.25374841690063 4.01822185516357 3.36494374275208 1.95986843109131 3.20906949043274 3.1250011920929 2.17779278755188 1.558469414711 1.24589288234711 1.02272295951843 0.768783926963806 0.656046390533447 0.422176450490952 0.100857622921467 -0.71117228269577 -1.38249635696411 -1.86180222034454 -2.06148624420166 39.4236450195312 34.3353576660156 27.1135330200195 21.6109294891357 20.2924556732178 13.1745977401733 13.0522842407227 12.7103157043457 8.47728824615479 28.3476696014404 8.91058349609375
7.87882089614868 6.01626062393188 12.7025213241577 0.846517205238342 1.65076041221619 22.1537017822266 1.43398928642273 0.303853839635849 54.7344360351562 20.0636749267578 14.8195848464966 10.678653717041 9.43847751617432 7.34431600570679 7.06935977935791 8.15582942962646 7.30384969711304 4.83499765396118 4.70738792419434 3.68279075622559 3.20091843605042 3.16899394989014 1.92337727546692 1.87201881408691 1.69861304759979 0.844674348831177 0.732151746749878 0.587851047515869 0.282917410135269 -0.0154561921954155 -0.17390838265419 -1.15167605876923 -1.40269374847412 -1.57535433769226 9.77932262420654 34.549919128418 24.1627349853516 21.7580852508545 19.9154205322266 12.8959474563599 11.9749069213867 17.7527275085449 9.32806873321533 21.2691860198975 13.2298574447632
6.51970672607422 33.1952514648438 4.49368286132812 0.663752019405365 5.04020023345947 9.73433589935303 10.1142196655273 7.73268556594849 44.7742156982422 31.3485107421875 23.4289264678955 10.7359552383423 9.67564392089844 8.35747909545898 7.65692472457886 6.79194688796997 5.56408452987671 6.3084454536438 5.95951175689697 5.66591215133667 4.36084413528442 4.25002288818359 3.30598115921021 2.80031180381775 1.65241134166718 1.59587705135345 1.43645000457764 0.346140712499619 0.10704680532217 -0.157236665487289 -0.282343715429306 -0.466748505830765 -0.736521661281586 -1.638143658638 24.9675121307373 24.8115425109863 19.7276039123535 18.6975841522217 19.3542156219482 12.300609588623 24.2087707519531 10.9417362213135 9.395432472229 19.0585289001465 9.24553298950195
37.4982833862305 11.717737197876 13.0175457000732 4.22044038772583 3.01405739784241 1.69413077831268 4.87175846099854 3.74803042411804 48.8419723510742 21.8693523406982 13.7774658203125 15.4938669204712 0.224659115076065 54.1400604248047 7.3336181640625 6.7188868522644 6.29490423202515 5.73880624771118 4.94804000854492 4.27993249893188 5.06304836273193 4.78110694885254 3.8499481678009 3.69734048843384 2.83539986610413 2.43065786361694 1.34743189811707 1.18888795375824 1.0118168592453 0.927502274513245 -0.406746983528137 -0.47893038392067 -0.575176596641541 -0.727867782115936 -1.68908929824829 45.8396339416504 18.9118347167969 14.6860980987549 14.5313091278076 9.96296405792236 15.9312582015991 13.8333921432495 9.19533538818359 31.2324714660645 9.04191589355469
26.4267463684082 19.6493225097656 14.2003984451294 5.72402381896973 1.70531952381134 2.41927242279053 31.9619750976562 11.1226568222046 36.8725776672363 24.188835144043 14.3231134414673 8.0244083404541 -1.75427055358887 28.4130306243896 44.724235534668 23.1808128356934 5.98743677139282 5.75643301010132 5.48059844970703 4.86524772644043 4.27856683731079 3.5115065574646 4.04352283477783 3.83864808082581 3.37947821617126 3.21110773086548 2.26689577102661 1.88271248340607 0.942341804504395 0.857631266117096 0.673699915409088 0.559785723686218 -0.505291759967804 -0.575290858745575 -0.670149385929108 13.7991380691528 28.3314819335938 23.0547351837158 14.8129711151123 9.79986190795898 8.30414009094238 10.8332710266113 6.94859552383423 8.49333667755127 27.438850402832
10.4141273498535 13.3097620010376 9.97004985809326 5.66258335113525 26.5347919464111 4.4965238571167 11.0177745819092 18.5474662780762 21.1137866973877 15.8956136703491 9.87312412261963 9.58801746368408 0.0574145503342152 51.9086990356445 33.4084320068359 25.500280380249 17.4005222320557 14.3256778717041 4.90659523010254 4.53760051727295 4.47813987731934 4.13501119613647 3.65562582015991 3.54691028594971 1.5516220331192 24.9219913482666 2.69435882568359 2.60242319107056 1.86050665378571 1.54960036277771 1.46682345867157 0.616005480289459 0.56376451253891 -0.751456081867218 12.2996692657471 33.994010925293 10.5300807952881 10.3182048797607 18.749382019043 12.6475343704224 7.45048046112061 6.368492603302 6.20291709899902 5.76624155044556 14.0447416305542
2.60735535621643 5.85040616989136 8.18971252441406 8.71942329406738 5.08112382888794 4.52938461303711 28.3013801574707 13.0399923324585 17.427453994751 13.656005859375 1.30047166347504 -0.260811984539032 47.6439819335938 6.87466526031494 29.7413215637207 23.6483707427979 18.5453262329102 15.7835426330566 11.0034599304199 9.18508625030518 4.02891826629639 4.19359874725342 3.57762861251831 9.46292781829834 3.32263231277466 2.83887267112732 9.76935195922852 6.7453145980835 2.37741541862488 -0.163814663887024 14.029709815979 5.28049039840698 -0.975398063659668 1.60468292236328 22.4767780303955 45.2844085693359 20.749828338623 17.6771049499512 -0.332925468683243 14.9912567138672 7.77687358856201 6.30342483520508 29.6366100311279 7.57100677490234 3.58645582199097
1.50403118133545 1.70342564582825 1.98103809356689 1.93705606460571 4.16666030883789 6.18081426620483 12.5721817016602 13.9934873580933 9.65270614624023 5.96874046325684 7.88737535476685 1.62069177627563 39.8483963012695 28.003942489624 21.3520431518555 6.4719500541687 17.2560596466064 14.6743860244751 12.3229198455811 10.518536567688 7.89107751846313 7.35155439376831 7.05495548248291 3.50701308250427 3.39288306236267 3.21475052833557 2.77400016784668 2.45110011100769 -0.594532549381256 1.41677868366241 11.4158163070679 0.897885799407959 -0.423508405685425 7.15173244476318 2.58876371383667 55.0048408508301 28.1835556030273 22.8397655487061 2.67158961296082 20.563081741333 -0.944806456565857 -1.01209723949432 2.77957487106323 2.51921272277832 25.9599781036377
4.52752208709717 3.78879475593567 1.82013833522797 1.53420627117157 1.4934116601944 1.47972583770752 3.83315420150757 5.20229959487915 6.27658748626709 6.7977991104126 4.99420309066772 4.01835632324219 6.05004358291626 22.7911472320557 16.8352508544922 16.6338844299316 14.153733253479 4.79906988143921 11.4991312026978 10.0578870773315 8.950927734375 8.16841602325439 7.8188157081604 6.15330266952515 5.60782241821289 3.00731110572815 2.96539855003357 0.400809198617935 -0.483405411243439 -0.60436475276947 1.72815835475922 1.00500297546387 -0.773916184902191 16.5662269592285 1.59611535072327 11.6250972747803 12.3595924377441 8.93723583221436 8.68704795837402 12.1451377868652 1.74646389484406 -0.705028474330902 11.041316986084 6.45915794372559 -1.43785858154297
0.233042821288109 3.0941481590271 3.30217695236206 3.04741430282593 1.20039057731628 1.18377947807312 1.09416842460632 1.01796197891235 3.2975914478302 4.44456148147583 4.58132600784302 4.28277921676636 3.83069777488708 3.55221557617188 3.35819363594055 12.3651285171509 10.2962865829468 11.2083873748779 10.0680074691772 4.03319358825684 8.51795959472656 7.7307825088501 7.19553422927856 6.20555019378662 7.92054224014282 3.05199337005615 1.0412962436676 0.0445784777402878 -0.139289155602455 18.0213890075684 8.39766311645508 8.02756977081299 0.586666703224182 -0.84094774723053 2.81193661689758 15.9626388549805 28.0497550964355 10.3244342803955 5.43950080871582 16.3029460906982 4.49745750427246 4.38063049316406 1.5647896528244 2.06570053100586 -0.579026639461517
1.01573359966278 0.974956214427948 0.194091692566872 2.53250861167908 2.6440954208374 2.40412330627441 2.17550873756409 0.857129156589508 0.820800244808197 0.798269927501678 2.81318140029907 3.7606053352356 3.77312421798706 3.45095157623291 3.45579791069031 3.27957892417908 2.99464440345764 8.18601417541504 7.33509969711304 8.61141967773438 7.81209850311279 7.12784576416016 0.729377388954163 47.0512886047363 3.23997044563293 1.99034285545349 4.41664743423462 0.701832413673401 0.563521981239319 1.57325303554535 17.904634475708 2.44432544708252 0.237975835800171 10.3392953872681 4.0450382232666 8.21481609344482 11.2637596130371 14.9459133148193 11.2065601348877 9.23687171936035 4.49025392532349 4.38491153717041 11.4399538040161 5.12920093536377 1.63810515403748
-0.130228400230408 0.0639012306928635 0.0568391121923923 0.270197689533234 0.512741982936859 0.539726674556732 1.89780795574188 1.92271411418915 1.75106966495514 0.639306843280792 0.587148368358612 0.571413099765778 0.444768100976944 2.15445947647095 -0.727812707424164 -0.774928510189056 55.5637092590332 2.9787323474884 2.79008817672729 6.33527660369873 0.646987915039062 17.6611766815186 15.0135145187378 6.36322498321533 5.47337436676025 3.3149995803833 1.7374609708786 1.2375590801239 0.348626345396042 25.9503650665283 0.0703041329979897 -0.323117643594742 4.62845945358276 6.25649547576904 3.74183130264282 19.3907604217529 11.8813152313232 10.7133722305298 6.62841176986694 24.4746685028076 5.62546253204346 2.85269284248352 15.9836006164551 2.84436297416687 2.6378755569458
-0.00136049825232476 -0.170395374298096 -0.0548047795891762 -0.0626580268144608 0.0395411886274815 0.229255229234695 0.279348909854889 0.240410268306732 1.53350937366486 1.53564953804016 1.39815413951874 0.452459841966629 0.351960480213165 0.296018987894058 -1.97155106067657 -1.26620280742645 17.6511707305908 43.5953712463379 24.7743606567383 0.367630630731583 0.295198619365692 -0.0679143965244293 32.88427734375 8.17516231536865 36.2181587219238 2.17480278015137 0.593784987926483 1.11337196826935 0.140171468257904 -0.30334660410881 0.522727191448212 14.1500053405762 -0.0508822910487652 3.44255065917969 2.08406543731689 19.9804821014404 10.2610034942627 9.42460155487061 6.64440965652466 4.95057010650635 3.61051607131958 2.80656909942627 1.78819596767426 1.62611269950867 13.1324138641357
3.19634795188904 2.95820713043213 -0.157089188694954 -0.231802687048912 -0.106921464204788 0.0249679181724787 0.0131915975362062 0.014380837790668 0.0228618048131466 0.0566207133233547 1.24303603172302 1.23144233226776 1.08745777606964 0.197346717119217 -1.97629010677338 -2.40598964691162 -2.58643984794617 -1.54800164699554 23.7395324707031 0.842645347118378 11.3722810745239 0.212659046053886 35.6803550720215 14.3651571273804 13.6656675338745 2.46611523628235 0.252689629793167 -0.369264662265778 14.5741128921509 -0.149535313248634 -0.359077662229538 11.5658130645752 4.34353256225586 20.2061977386475 9.46886730194092 6.50473880767822 16.0054035186768 4.54155540466309 13.9764671325684 2.39183831214905 1.1754184961319 2.67157292366028 3.31904935836792 1.7475870847702 14.1650218963623
4.06707191467285 2.75330233573914 2.71064519882202 2.52781462669373 -0.341003268957138 -0.343692183494568 -0.279202312231064 -0.199044600129128 -0.199365317821503 -0.164161950349808 -0.116933323442936 -0.0726519897580147 0.963923871517181 0.888446867465973 0.686438739299774 -2.06875824928284 -2.48620295524597 -2.24401211738586 8.02545070648193 9.91476345062256 2.49121952056885 23.349702835083 31.144079208374 25.3885765075684 3.9260630607605 0.409702718257904 0.269404381513596 0.293996095657349 0.00270797568373382 -0.742285847663879 -0.758238852024078 12.5117206573486 -0.593861281871796 21.3724212646484 1.67510521411896 11.8953714370728 1.12630331516266 11.354229927063 10.9969530105591 3.29441595077515 0.791257441043854 0.506080031394958 0.437228322029114 8.33015727996826 1.50346767902374
5.42171859741211 4.29093408584595 3.41233515739441 2.31276392936707 2.28476285934448 2.13927984237671 1.99965238571167 -0.402059316635132 -0.44203245639801 -0.413461536169052 -0.338560491800308 -0.285748302936554 -0.256346672773361 -0.30283796787262 -0.419869512319565 -1.1351066827774 -2.2042121887207 6.51973104476929 -2.28448033332825 -2.98905491828918 7.64725112915039 46.937068939209 23.1438846588135 17.6962661743164 12.5569400787354 0.817491471767426 -0.0321750305593014 -0.557105243206024 -1.11781346797943 0.60989373922348 -0.793804407119751 18.0563011169434 4.05801582336426 11.5218782424927 8.11658382415771 19.9322910308838 6.05930614471436 2.43505644798279 0.0288105458021164 11.9836769104004 0.994158208370209 0.295281082391739 -0.37409108877182 17.9686222076416 0.891367733478546
5.29748106002808 4.88783359527588 4.57857465744019 3.61717677116394 2.9291787147522 2.77217078208923 1.85763430595398 1.82816541194916 1.72769677639008 -0.612900972366333 -0.545391321182251 -0.489693582057953 -0.490671306848526 -0.570724844932556 -0.676628708839417 -0.62352579832077 -2.0218358039856 0.609352827072144 -2.39985036849976 -2.86103057861328 -2.28263735771179 46.8015747070312 25.1276893615723 19.0034809112549 12.8971586227417 -1.01079666614532 15.0057182312012 0.869003891944885 -0.604433119297028 -1.47231328487396 9.49178504943848 10.6585636138916 4.31493854522705 18.4700622558594 4.23140239715576 2.92401385307312 11.3897686004639 12.7929086685181 0.391020923852921 -0.423797458410263 6.34186792373657 -0.372801929712296 6.85994148254395 4.12403202056885 5.94887065887451
5.01364660263062 4.77973413467407 4.47475671768188 4.17485284805298 3.94746565818787 3.74355340003967 2.93082857131958 2.39029097557068 1.59405040740967 1.56100416183472 1.47896587848663 -0.678242623806 -0.712705075740814 -0.779286563396454 -0.851669728755951 -0.853872358798981 -1.89602851867676 27.9213275909424 14.5763292312622 -3.14950633049011 7.28365468978882 48.9222373962402 25.7383861541748 19.458532333374 0.284486055374146 0.793964147567749 4.85035181045532 2.33811902999878 -0.930022060871124 -0.706969499588013 8.83428001403809 13.9885911941528 11.6940412521362 6.47796964645386 11.8255138397217 9.18269157409668 4.01095390319824 2.58643245697021 0.0709495022892952 -0.164835855364799 8.32728481292725 0.439099341630936 2.89622735977173 6.64945650100708 1.7483149766922
