slauniainen/Data/DEM/Vihti_dsm1500b_cl_horizonAngle_30.asc
NCOLS 196 
NROWS 178 
XLLCORNER 353680 
YLLCORNER 6699024 
CELLSIZE 16 
NODATA_value -3.4e+38 
[rows 120 to 139 of 178, columns 92 to 137 of 196]
2.66529059410095 3.96116280555725 12.0939083099365 4.5450496673584 4.44669008255005 4.57775831222534 5.71375703811646 5.21059370040894 5.10986566543579 4.39536333084106 4.46446514129639 4.4583568572998 4.62561845779419 4.62996006011963 4.63276338577271 4.50963449478149 4.39600849151611 4.5591402053833 4.73584604263306 5.51675701141357 5.8539080619812 11.2364940643311 3.99407076835632 14.7003974914551 2.2703845500946 2.19355702400208 1.95727443695068 2.07825207710266 1.60126662254333 2.05156326293945 13.8750867843628 1.54377365112305 1.63981521129608 1.70585513114929 1.70479202270508 1.84359669685364 1.58476531505585 1.05829656124115 0.685819447040558 0.906403779983521 1.83721935749054 2.09961652755737 1.74043095111847 1.85388815402985 11.327428817749 6.99751710891724
2.59529066085815 3.1649763584137 18.6551971435547 13.108154296875 4.33354425430298 4.57524871826172 5.10284996032715 4.96199893951416 4.43759298324585 4.25030279159546 7.5107684135437 4.50758028030396 4.40134048461914 4.49863624572754 4.37727212905884 4.26588296890259 4.21401357650757 4.50233125686646 5.43574953079224 5.33308362960815 5.6615161895752 14.6916275024414 7.97922563552856 5.47746276855469 2.02131652832031 9.75107860565186 3.00044918060303 1.33109450340271 1.42558073997498 1.46620273590088 1.40217912197113 1.17442584037781 1.24528753757477 1.28621089458466 1.21868646144867 1.07296431064606 0.882693469524384 0.564323544502258 0.294571578502655 0.295389920473099 0.773602068424225 1.46860504150391 1.13456964492798 1.48047375679016 4.27728796005249 5.34361410140991
3.13528442382812 3.78135967254639 4.06197118759155 19.2717838287354 3.85351133346558 4.21043014526367 4.74179887771606 4.5082688331604 4.04038953781128 4.27987813949585 4.73664379119873 7.71102428436279 4.05194997787476 4.26790380477905 4.23132801055908 4.09224414825439 4.23447608947754 4.73121881484985 5.26993131637573 5.55515003204346 5.48996877670288 15.0739002227783 19.1358127593994 6.59381818771362 6.45413160324097 14.6162185668945 7.19449901580811 0.821417570114136 0.849752008914948 0.820150256156921 4.24329948425293 1.14333963394165 1.16135370731354 0.859777629375458 0.446489185094833 0.123849116265774 -0.00411537475883961 0.0865383967757225 -0.20548965036869 -0.192871928215027 -0.257835060358047 -0.0799185633659363 -0.365338236093521 -0.617275238037109 -0.17478221654892 18.7438850402832
2.51077651977539 3.75315928459167 5.27234029769897 19.4727230072021 4.15377759933472 3.65577387809753 4.42830085754395 3.59589123725891 3.75312304496765 4.14005374908447 4.33688831329346 4.91849136352539 4.71552228927612 4.70583200454712 7.28662633895874 4.56457090377808 4.34923028945923 5.02340507507324 5.10365724563599 5.38441181182861 6.75570869445801 17.5630474090576 27.7000064849854 4.63504028320312 1.31525409221649 16.54762840271 9.82423496246338 0.55252993106842 0.131945833563805 0.182615324854851 0.290066987276077 2.8734347820282 0.236999318003654 -0.13240347802639 -0.330804795026779 -0.355494439601898 -0.616346836090088 2.76496458053589 -0.262391418218613 -0.788573980331421 -1.02474224567413 -1.47994196414948 -2.05082392692566 -1.41291522979736 -0.92107629776001 1.39378464221954
2.66087770462036 3.57547903060913 3.99837207794189 11.2400817871094 15.7631578445435 3.72647094726562 3.94469141960144 3.54620337486267 3.71486330032349 4.1216835975647 3.79870128631592 3.42371726036072 3.39671540260315 3.4616014957428 4.71338653564453 4.15054941177368 4.8037896156311 4.88272285461426 5.13994932174683 5.48983287811279 6.28370475769043 7.70450115203857 10.3984394073486 16.7341384887695 5.49470233917236 14.5554962158203 13.3103017807007 12.3746223449707 -0.484678655862808 -0.509260952472687 -0.265284925699234 3.0416841506958 13.5610589981079 12.1753597259521 0.732347190380096 -0.759137690067291 -0.813692986965179 1.16954183578491 -1.25168406963348 -1.56358909606934 -1.82081007957458 -2.31947064399719 -2.86959290504456 -2.58760643005371 -1.31978940963745 0.175133466720581
2.58238387107849 3.7522885799408 4.0994291305542 4.87545347213745 3.6752188205719 3.28144788742065 3.27833127975464 3.16998624801636 3.61077237129211 3.99225950241089 3.43484401702881 3.17828130722046 3.06983423233032 3.35395336151123 3.9675669670105 4.06796312332153 4.67594385147095 4.91368055343628 4.92178201675415 4.5601601600647 10.7145099639893 14.0979595184326 1.97182393074036 10.1600952148438 9.88086128234863 22.2688236236572 14.3755702972412 19.5058727264404 10.8314619064331 -0.841061532497406 -0.962013959884644 0.121634170413017 8.80171966552734 11.1571598052979 4.94798803329468 -1.38444209098816 -1.03585004806519 9.84830856323242 8.46429538726807 11.0928134918213 -1.4515084028244 -3.21048784255981 -3.61491584777832 -2.66971659660339 -0.74054479598999 -0.64692234992981
2.30240774154663 3.64443063735962 3.51268482208252 7.50356578826904 3.15425729751587 2.77081370353699 3.10219311714172 3.29412627220154 3.61535477638245 3.06830477714539 2.8762514591217 2.98599004745483 3.22467470169067 3.75241446495056 3.87802457809448 4.48872518539429 4.41682577133179 4.61486053466797 4.40215682983398 7.48216390609741 4.12137985229492 12.0401945114136 8.62624073028564 23.8577404022217 6.84869480133057 15.8270444869995 18.4892520904541 17.4374160766602 11.3046617507935 24.8256511688232 9.46632480621338 7.16286754608154 9.90113639831543 26.6372089385986 28.6328506469727 -1.76477587223053 12.805251121521 11.5902509689331 21.6862716674805 13.0610380172729 11.4639720916748 10.4264583587646 -2.91537189483643 -2.88520884513855 -1.13940846920013 -1.13202083110809
2.46705174446106 3.60749840736389 3.7526330947876 11.4803743362427 3.1541907787323 1.98422694206238 2.31910181045532 3.00652837753296 3.21196436882019 2.8352210521698 2.74907326698303 2.80576300621033 3.1756865978241 3.73484110832214 3.81790995597839 4.23834037780762 4.42376852035522 4.43955278396606 3.81157660484314 20.088550567627 10.2444524765015 8.54129886627197 9.15188312530518 25.3169231414795 7.23076915740967 14.2687101364136 20.7058334350586 33.0421485900879 21.699670791626 17.6465682983398 19.8773822784424 19.9566440582275 9.1378059387207 8.59542751312256 32.5267639160156 2.42012667655945 15.5485334396362 14.7785358428955 10.8651437759399 13.5715084075928 4.86321306228638 4.91055917739868 -3.63314175605774 -1.78120267391205 -1.9142028093338 -1.32178843021393
2.46755170822144 3.47329568862915 3.40549993515015 2.76171565055847 8.0024242401123 1.48616218566895 1.33378052711487 2.40187883377075 2.15625262260437 2.29693961143494 2.51739478111267 3.05073308944702 3.60217809677124 3.6310863494873 4.20104455947876 4.26595258712769 4.30793952941895 4.10623693466187 4.70694541931152 23.6544399261475 11.5659742355347 7.827965259552 13.1223297119141 22.2436199188232 10.5348978042603 10.7588376998901 15.8593196868896 15.6831321716309 10.1564493179321 4.5940318107605 10.2717037200928 1.41877233982086 5.60122871398926 4.32429695129395 6.9138035774231 -3.28329992294312 9.13701152801514 8.32781028747559 2.06242179870605 8.28873538970947 -2.03367376327515 -4.08814668655396 -2.5845091342926 -2.41968178749084 -2.48766541481018 8.05932331085205
2.26313161849976 3.17092990875244 2.34230971336365 2.78447103500366 7.56130456924438 12.6835193634033 1.50534451007843 1.85754144191742 1.50796866416931 2.00447225570679 2.52325630187988 2.86701488494873 3.52912282943726 3.89843130111694 4.10770750045776 4.29708242416382 4.31776666641235 4.00019407272339 8.70227432250977 22.5001907348633 5.57320928573608 5.36155223846436 18.2102165222168 20.8932323455811 10.6943950653076 9.71574020385742 8.48413562774658 8.85731029510498 3.33983016014099 -1.75932288169861 -0.101363010704517 1.37494802474976 0.138931438326836 4.68788385391235 9.13358974456787 0.538550019264221 0.60575544834137 -2.31526780128479 -4.04374074935913 -4.52560901641846 -1.98439884185791 -3.755291223526 -2.81852221488953 -2.97265815734863 -3.41546201705933 7.28567600250244
2.79584240913391 6.20346832275391 2.32037734985352 1.00942420959473 1.22067224979401 1.28906488418579 1.54900729656219 1.00357413291931 0.826453030109406 1.7032824754715 2.35485744476318 3.07964181900024 3.17839241027832 3.69313764572144 3.75271081924438 3.92013764381409 3.73243927955627 3.63229632377625 8.42398357391357 24.8426246643066 4.89207696914673 9.35410785675049 10.9064378738403 14.387996673584 21.3944511413574 9.63335037231445 5.34725761413574 9.23494052886963 11.3301343917847 -0.642733097076416 -1.52673411369324 3.11332702636719 0.482311010360718 -3.3959436416626 -4.29431533813477 -2.30822896957397 -2.84607768058777 -5.01952457427979 -4.90317630767822 -3.66193222999573 -3.47867465019226 -2.8837833404541 -3.3412401676178 -3.35259556770325 -3.1586925983429 6.41227293014526
2.47644472122192 17.5437316894531 26.2239952087402 30.674633026123 33.3402328491211 1.30408072471619 0.735602796077728 -0.112993493676186 0.43601730465889 0.775322556495667 2.54592990875244 2.62427067756653 2.940993309021 3.07265186309814 3.30466747283936 3.73278617858887 3.6321120262146 4.26713085174561 7.71265268325806 28.9625186920166 6.69693422317505 15.9737462997437 11.7746534347534 9.59446620941162 15.3214664459229 17.9887142181396 5.93903732299805 5.55603885650635 16.5034065246582 5.49373960494995 -0.843030333518982 -2.87631678581238 0.232309862971306 6.29502105712891 -2.59863924980164 -3.90898776054382 6.26274394989014 3.86677861213684 8.96905899047852 20.0306167602539 15.4373435974121 -4.002121925354 -3.47931981086731 -3.60693407058716 -3.95604228973389 13.2707424163818
11.478175163269 19.3752593994141 21.8579864501953 14.5350713729858 26.2046279907227 0.701989829540253 6.31258392333984 -0.0929345563054085 0.241278633475304 0.255948156118393 1.21323549747467 1.59131765365601 1.61533832550049 2.62549233436584 2.70815086364746 1.62907755374908 1.61709940433502 6.02289533615112 11.5821704864502 3.89645171165466 9.19696807861328 16.5502548217773 6.82380723953247 13.7458600997925 5.95164203643799 6.10946655273438 6.09581661224365 2.6163341999054 -1.09685075283051 -2.46677660942078 -1.08041656017303 -4.21587514877319 -1.62468755245209 6.36731052398682 10.6601514816284 7.54417037963867 3.1309494972229 -0.0574940070509911 6.24331331253052 7.82349824905396 27.2238006591797 11.0250577926636 -0.270330876111984 0.776285767555237 -4.10415363311768 -3.56481766700745
12.0016927719116 13.6039571762085 15.8055181503296 5.87709522247314 7.72007513046265 1.70297229290009 0.492793619632721 -0.464739263057709 -0.361875474452972 0.0583575405180454 0.406533718109131 0.953386425971985 1.18456137180328 1.3583015203476 1.62137615680695 1.0904848575592 1.73262679576874 3.07683324813843 4.55710411071777 5.25548934936523 6.00050926208496 5.89818477630615 11.6962509155273 13.1492853164673 9.90757369995117 2.78647971153259 -0.449431151151657 -1.04456961154938 3.89502763748169 4.26044845581055 12.5730218887329 14.3421850204468 4.22677326202393 6.43773078918457 6.57131576538086 3.87029767036438 -0.260711282491684 -3.98912143707275 2.77953624725342 6.98307609558105 20.4713230133057 0.636713802814484 -3.07569479942322 0.707433879375458 -1.6235603094101 -3.66858148574829
4.93240070343018 8.61572551727295 2.5532488822937 0.169806435704231 0.524684846401215 -0.197068557143211 -0.68995600938797 6.00315427780151 -0.865095317363739 -0.499646157026291 -0.266820281744003 0.183435752987862 0.25361505150795 0.856628000736237 0.88665109872818 0.610811829566956 0.885462164878845 1.64195799827576 8.81806564331055 10.6184053421021 11.9142427444458 6.83730030059814 8.17750644683838 9.73403358459473 2.74981904029846 10.9241724014282 11.6493129730225 7.26991367340088 3.03715324401855 3.87134766578674 7.18991756439209 10.9857778549194 2.78619718551636 2.44879674911499 -1.52785074710846 -1.5860869884491 -2.3156406879425 -5.04962205886841 0.607656180858612 3.70438480377197 -0.472983181476593 -2.81638956069946 -4.76658344268799 0.418937981128693 -4.05820274353027 -3.48729395866394
5.45002746582031 0.557749271392822 7.38660621643066 0.0901538878679276 -0.673956871032715 -0.885710656642914 -0.955651462078094 -0.877968788146973 6.89262104034424 -0.992769420146942 -0.349565029144287 -0.392145842313766 0.0493429861962795 0.198810949921608 0.241257816553116 0.407343626022339 0.474433988332748 0.928671360015869 4.57033109664917 5.3906455039978 5.27049875259399 12.2014474868774 6.80591249465942 17.9427623748779 6.03481721878052 9.29775047302246 7.63999271392822 10.9752626419067 3.46302151679993 5.69131660461426 22.9570121765137 2.66670250892639 3.9418797492981 17.8349590301514 12.1605062484741 0.963892459869385 21.4454460144043 -3.39445614814758 -2.36614370346069 4.65925693511963 -1.39676356315613 -2.96704530715942 -4.75857973098755 7.38159990310669 -1.5203024148941 0.0995563492178917
14.1467838287354 0.670780062675476 4.73087644577026 6.74011135101318 0.52576470375061 0.448818147182465 13.6523752212524 -1.10674941539764 8.42834377288818 -0.449060440063477 -0.535880625247955 -0.427141040563583 -0.481377720832825 -0.536226391792297 -0.605983972549438 -0.315233826637268 0.166003718972206 0.681574881076813 2.51918840408325 4.56400632858276 5.64548492431641 6.78950262069702 22.8124980926514 11.0157108306885 6.40645027160645 12.1914148330688 8.41181373596191 -2.19206547737122 -0.886647760868073 15.4585752487183 16.1666736602783 6.88303184509277 7.44657468795776 6.58396005630493 17.9803295135498 8.68127536773682 20.7658042907715 7.81623315811157 -0.760868310928345 4.11619663238525 4.5741810798645 8.96884346008301 -3.33145260810852 -3.25787758827209 -4.07940483093262 -3.81237697601318
-0.0532903037965298 0.0988955870270729 -0.64552241563797 -1.40891206264496 -1.38930785655975 -1.28745996952057 5.47678709030151 8.42247295379639 26.7027645111084 31.4610080718994 28.1564426422119 24.2302074432373 11.694806098938 5.96065235137939 -0.330792278051376 -0.371776938438416 -0.442548722028732 0.0852683261036873 0.940164744853973 4.19361686706543 10.6852960586548 5.34199237823486 17.9882183074951 18.3959083557129 9.05683994293213 3.94569826126099 20.9604721069336 7.14127159118652 3.94742631912231 11.2141246795654 12.5802545547485 7.95304393768311 6.38525867462158 7.91134548187256 17.6096649169922 10.0311145782471 15.9366245269775 32.9263496398926 7.64293813705444 -2.63266229629517 0.0765495076775551 0.686359524726868 -4.53326034545898 -4.73289680480957 -4.22531414031982 0.520052671432495
0.0245205331593752 13.8973083496094 12.1782245635986 3.03835129737854 -1.52005004882812 -1.60853183269501 0.887772798538208 8.53571128845215 8.84574127197266 15.9195423126221 12.1303615570068 5.56775188446045 -0.828353226184845 -0.936088025569916 -0.506459414958954 -0.681767225265503 -1.05414617061615 -0.494962692260742 0.698914527893066 2.89226770401001 5.75410509109497 11.6702480316162 20.602819442749 28.373649597168 17.7006778717041 9.13676452636719 15.7638502120972 9.06305408477783 5.08730459213257 7.58998250961304 4.83799600601196 7.81204271316528 17.2294273376465 16.5936756134033 20.0241527557373 12.971321105957 11.367636680603 26.8010158538818 2.98496317863464 22.7543849945068 4.04946994781494 2.09937572479248 -2.75183510780334 -3.64716577529907 -4.52758312225342 -1.63740360736847
-0.445102691650391 -0.362678170204163 16.4966869354248 33.184455871582 33.7637138366699 12.4338989257812 7.61143445968628 4.55625438690186 5.9665207862854 5.72848176956177 0.244408026337624 -0.82505601644516 -0.956674873828888 -0.846595466136932 -0.933853089809418 -1.25454831123352 -1.20931017398834 -0.279456228017807 0.219802811741829 3.01810169219971 6.42740488052368 21.2573013305664 14.9540386199951 18.1542854309082 22.3832740783691 11.1849718093872 14.7744979858398 2.73291563987732 1.03546261787415 3.489666223526 5.71219444274902 10.7738227844238 11.3156929016113 16.4150905609131 15.5951595306396 11.0290699005127 14.5152263641357 21.9440898895264 17.1142292022705 9.86673259735107 5.87401056289673 5.95982646942139 -2.10657978057861 -4.08652496337891 -3.84800720214844 0.340328484773636
