slauniainen/Data/DEM/Vihti_dem1500b_cl_horizonAngle_258.asc
NCOLS 196 
NROWS 178 
XLLCORNER 353680 
YLLCORNER 6699024 
CELLSIZE 16 
NODATA_value -3.4e+38 
[rows 80 to 99 of 178, columns 0 to 44 of 196]
3.19641327857971 3.11297750473022 2.97798633575439 2.70079469680786 2.47810578346252 2.39300942420959 2.3127064704895 2.20839262008667 1.97587728500366 1.75286018848419 1.67191803455353 1.58932614326477 1.53101003170013 1.49392294883728 1.44816255569458 1.43787682056427 4.36410522460938 3.42827773094177 2.69812798500061 2.19562149047852 1.79114532470703 1.49076676368713 1.82966363430023 5.56518316268921 2.59602975845337 1.19868886470795 0.892537593841553 0.724097013473511 0.637453734874725 0.543795585632324 0.444717854261398 0.31952890753746 0.215354412794113 0.147139385342598 0.106801003217697 0.348922729492188 0.698079109191895 2.46228265762329 2.43276858329773 2.89633464813232 2.77947354316711 2.5706992149353 4.35495090484619 3.15802145004272 2.62171745300293
2.76321291923523 2.74278736114502 2.64840340614319 2.42583918571472 2.14957642555237 2.07921504974365 1.98376369476318 1.93179750442505 1.8384815454483 1.72294926643372 1.64775097370148 1.57827877998352 1.51285946369171 1.48003017902374 1.38746726512909 1.3676575422287 5.48980093002319 3.51817345619202 1.79676306247711 1.64650666713715 1.44317674636841 1.27540063858032 1.24456608295441 3.0822606086731 3.99351143836975 1.16804361343384 0.884331822395325 0.731729865074158 0.642688095569611 0.538838684558868 0.443017691373825 0.287348449230194 0.170375928282738 0.102300308644772 0.0556153021752834 0.0315619222819805 0.0803502947092056 2.01823711395264 2.76934099197388 2.5793776512146 2.99321746826172 3.15537238121033 3.44990611076355 3.18153357505798 2.87131237983704
2.22642850875854 4.18675994873047 2.86510062217712 2.48078608512878 2.08292365074158 2.03689050674438 1.95588505268097 1.89993739128113 1.83268296718597 1.68149173259735 1.60185503959656 1.54438817501068 1.47988677024841 1.44025111198425 1.2912335395813 2.12820911407471 2.08852505683899 1.97710108757019 1.74447548389435 1.57294261455536 1.47004556655884 1.44504857063293 1.29970288276672 1.28298366069794 4.49306392669678 1.21069729328156 0.880983531475067 0.691849172115326 0.609377503395081 0.518026292324066 0.414957851171494 0.264455407857895 0.163285672664642 0.0825711861252785 0.0074423193000257 -0.0362513549625874 0.366120487451553 0.957039058208466 1.81180024147034 2.64036059379578 3.28485918045044 3.40260291099548 2.66149425506592 4.33832693099976 3.95305347442627
2.11482930183411 2.11153197288513 4.04902601242065 2.90973925590515 2.44109272956848 2.11444520950317 1.89930009841919 1.83418011665344 1.77337515354156 1.47645735740662 1.4267874956131 1.3613828420639 1.31571114063263 1.26841270923615 1.23771858215332 1.95864033699036 1.82003593444824 2.81642556190491 2.12081551551819 1.5314884185791 1.49093723297119 1.73514342308044 1.49372434616089 1.25785624980927 2.67855477333069 1.19807410240173 0.783356189727783 0.652882814407349 0.566712081432343 0.488806247711182 0.377247989177704 0.268452852964401 0.149744689464569 0.0526936426758766 -0.0205258894711733 -0.0603259056806564 -0.0366234704852104 0.527098119258881 0.81011575460434 1.97516357898712 3.09061026573181 3.72077918052673 2.84835886955261 5.12785387039185 3.66678619384766
1.95887553691864 2.35713362693787 2.63189554214478 2.79993534088135 2.82741618156433 2.37320733070374 1.66522347927094 1.58968663215637 1.55877673625946 1.49921500682831 1.19344091415405 1.06118321418762 0.951653897762299 0.894981205463409 0.845761656761169 1.61938893795013 2.338054895401 2.64393210411072 2.12408947944641 1.37878370285034 1.33048808574677 1.39906370639801 1.36468684673309 1.27934348583221 1.5896190404892 1.39784860610962 0.771189868450165 0.591722130775452 0.523606300354004 0.459072053432465 0.35645517706871 0.240192905068398 0.161404475569725 0.0655011683702469 -0.00297107174992561 -0.0394884906709194 -0.0509631559252739 0.416675180196762 0.340098440647125 1.78988325595856 2.27630090713501 2.90377044677734 2.81114482879639 4.57317018508911 3.65810894966125
1.6067773103714 1.80601394176483 2.50029635429382 3.00734066963196 2.60273551940918 2.46560454368591 1.75610780715942 1.63301908969879 1.40125501155853 1.17872762680054 1.123459815979 1.06742334365845 2.43195724487305 1.26479339599609 0.741840481758118 1.36986124515533 1.62035810947418 2.75490808486938 2.29413342475891 1.65218591690063 1.56648850440979 1.39475357532501 1.32531344890594 1.381711602211 1.33516275882721 1.92817187309265 0.812014579772949 0.590113699436188 0.493731379508972 0.433803170919418 0.361582696437836 0.274181336164474 0.207894504070282 0.100075259804726 0.0266982801258564 -0.0151564758270979 -0.031574048101902 0.244505628943443 0.157613053917885 1.26342117786407 1.55433356761932 2.55838990211487 2.57907104492188 3.29991769790649 2.77896499633789
1.57249927520752 1.5005499124527 2.89295196533203 3.38206434249878 2.48216605186462 2.45783638954163 1.89944469928741 1.64341068267822 1.42738115787506 1.18585360050201 1.1797571182251 1.56717848777771 2.86033129692078 2.25530362129211 1.2351781129837 0.838342368602753 0.727943897247314 1.1046599149704 4.14045095443726 2.82347083091736 1.51366460323334 1.30940723419189 1.21005117893219 1.16651785373688 1.0808584690094 2.30828332901001 0.845196187496185 0.679779469966888 0.576680958271027 0.495022773742676 0.416031956672668 0.329750299453735 0.304193705320358 0.185218423604965 0.102545492351055 0.0483343489468098 0.0225776359438896 0.0412094779312611 0.112807258963585 0.572542011737823 1.07237839698792 1.81892383098602 3.08354091644287 3.1982569694519 2.70236492156982
1.10544943809509 1.09153306484222 2.52993679046631 2.91522932052612 2.01819610595703 3.38470530509949 1.74248588085175 1.28755152225494 1.23303532600403 1.08370995521545 1.07529580593109 2.74798464775085 2.59489154815674 1.59856653213501 0.918142318725586 0.667317569255829 1.35275447368622 1.7882319688797 2.55755829811096 1.98257231712341 1.44004702568054 1.24187278747559 1.10377025604248 1.02338099479675 1.01189124584198 1.75939524173737 0.908463716506958 0.805915653705597 0.693907558917999 0.591795682907104 0.505722165107727 0.423853069543839 0.363227427005768 0.275922864675522 0.170203134417534 0.0883835330605507 0.057659637182951 0.0400685742497444 0.0486582554876804 0.20035594701767 0.800691902637482 1.38116550445557 2.6175684928894 2.62731528282166 2.68929195404053
1.25827074050903 1.25715398788452 1.48119258880615 2.23490595817566 1.73830282688141 2.16865539550781 1.31145405769348 1.14516997337341 1.11757564544678 0.992061853408813 1.46477007865906 1.46158242225647 2.24714040756226 1.84294831752777 1.10027515888214 0.982703268527985 1.79273557662964 2.71449732780457 1.51910829544067 1.25522887706757 1.1152378320694 1.43285250663757 1.09189522266388 1.05628204345703 1.05095183849335 1.05127453804016 1.0211021900177 0.884767055511475 0.813939273357391 0.695184111595154 0.589154601097107 0.494574815034866 0.40546789765358 0.303180605173111 0.18798828125 0.0854485332965851 0.0459346510469913 0.0275816638022661 -0.0218862071633339 0.121071755886078 0.523929178714752 1.04975092411041 1.94294917583466 2.43424797058105 3.03330492973328
1.17077338695526 1.16094839572906 1.79163014888763 1.32138001918793 1.03459417819977 1.67106449604034 1.15949165821075 0.97117030620575 0.901206910610199 0.791760325431824 1.90152287483215 2.06590580940247 2.72289323806763 2.49394273757935 1.94115579128265 1.90270793437958 1.77059710025787 1.54711329936981 1.40586745738983 1.32487559318542 1.10133051872253 2.66555094718933 1.66475880146027 1.09117293357849 1.14754569530487 1.14178490638733 1.11038792133331 0.953938961029053 0.828827679157257 0.71841025352478 0.606100082397461 0.500486552715302 0.413573324680328 0.285854399204254 0.174924656748772 0.0640227422118187 0.0165747590363026 -0.00622221687808633 -0.0604769550263882 -0.0378255806863308 0.171491876244545 0.749748051166534 1.62150466442108 1.93307030200958 2.27162265777588
1.07901287078857 1.28446137905121 1.49171769618988 0.948167085647583 0.832527339458466 1.24777388572693 0.970838963985443 0.818725228309631 0.726784288883209 0.761891782283783 2.25400114059448 3.11620283126831 3.43809151649475 3.20463871955872 3.09046411514282 2.86538505554199 2.41125226020813 1.81080436706543 1.49514210224152 1.71796059608459 1.45016288757324 1.4333518743515 1.31097829341888 1.24585103988647 1.1053307056427 1.55075716972351 1.08871614933014 0.948010861873627 0.805592179298401 0.689866125583649 0.580373167991638 0.477030903100967 0.387997061014175 0.279863446950912 0.166130915284157 0.0567459650337696 -0.00640850840136409 -0.0324257127940655 -0.0675664022564888 -0.0589306801557541 0.0267470180988312 0.526565432548523 1.24741888046265 1.52173614501953 1.70515859127045
0.865196704864502 0.864733934402466 1.41595137119293 0.893078982830048 1.43820548057556 1.15651571750641 1.21814453601837 1.03510510921478 0.956031978130341 1.06696569919586 1.11044645309448 4.04144144058228 4.26761102676392 3.6159496307373 3.37566184997559 3.08757162094116 2.65845608711243 2.09764409065247 1.57469284534454 1.56394279003143 1.49189734458923 1.39612174034119 1.33056354522705 1.25675559043884 1.15512335300446 1.10108149051666 0.955141663551331 0.899769425392151 0.793433368206024 0.675068199634552 0.566154718399048 0.457293331623077 0.364102274179459 0.284982025623322 0.225127637386322 0.12583689391613 0.0402519255876541 -0.00451920880004764 -0.0376980230212212 0.00994241703301668 0.0733410716056824 0.0728559419512749 0.958732485771179 0.978507041931152 1.14150142669678
0.777497351169586 0.510329782962799 2.08560562133789 2.45048809051514 2.17508816719055 1.99922549724579 1.73820292949677 1.69594609737396 1.48160123825073 1.31900501251221 1.29225039482117 3.75924634933472 4.99300384521484 4.10517168045044 3.37120008468628 3.06765627861023 2.71669411659241 1.99651253223419 1.68309533596039 1.50140976905823 1.50263857841492 1.3911988735199 1.31438946723938 1.24280226230621 1.23542475700378 1.09260559082031 0.950210094451904 0.821093201637268 0.767772078514099 0.710248470306396 0.601840138435364 0.492689728736877 0.396117269992828 0.317027598619461 0.333237648010254 0.339589536190033 0.248644202947617 0.175193071365356 0.116455644369125 0.0880511254072189 0.293081849813461 0.313092440366745 0.407331973314285 0.333097755908966 0.858053505420685
0.669273436069489 0.300967484712601 0.720560610294342 4.99581050872803 3.07049202919006 2.73299241065979 2.45684432983398 2.22456884384155 1.88091862201691 1.65665113925934 1.4191300868988 2.12483978271484 4.88630771636963 4.41394519805908 3.2530779838562 2.99397659301758 2.63424777984619 2.19843721389771 1.64873325824738 1.51427173614502 1.43681979179382 1.35748648643494 1.27507221698761 1.32204902172089 1.1653003692627 1.06925010681152 0.987360179424286 0.91796338558197 0.797930061817169 0.78078705072403 0.815159499645233 0.697354912757874 0.592302262783051 0.501986086368561 0.426615208387375 0.620079338550568 0.583115041255951 0.49084398150444 0.41266405582428 0.355179905891418 0.321481764316559 0.323555707931519 0.313632130622864 0.301644712686539 0.300011843442917
0.414940506219864 0.235274866223335 0.125412568449974 3.69291973114014 3.31317186355591 2.54347968101501 2.40789294242859 2.06202864646912 1.86781072616577 1.72841536998749 1.57396149635315 1.51476049423218 3.7472767829895 4.02519798278809 3.44338631629944 2.77085423469543 2.36708855628967 2.10279536247253 1.70871841907501 1.64477372169495 1.64179015159607 1.48088538646698 1.36343991756439 1.27180016040802 1.12364685535431 1.16549050807953 1.25477004051208 1.19338607788086 1.08895432949066 0.954053699970245 1.09866523742676 1.06359875202179 0.945281803607941 0.836329638957977 0.740467607975006 0.660782814025879 0.60163289308548 0.525955200195312 0.444447696208954 0.375364005565643 0.331276327371597 0.217993527650833 0.181376546621323 0.17258220911026 0.165484994649887
0.303591251373291 0.159175515174866 0.146857485175133 1.94712436199188 3.28235387802124 2.58732557296753 1.96261155605316 1.92396223545074 2.40893959999084 1.91889071464539 1.70539855957031 1.64500868320465 2.18777942657471 3.39370322227478 3.30933928489685 2.74308514595032 2.24982213973999 1.91737699508667 1.78262627124786 3.44654417037964 1.82482874393463 1.72634780406952 2.10845613479614 1.5965564250946 1.46562731266022 1.37168979644775 1.6267055273056 1.63295567035675 1.51693606376648 1.36376523971558 1.20773196220398 1.06430196762085 0.93913996219635 0.836607217788696 0.73604279756546 0.654756724834442 0.482967764139175 0.391185283660889 0.321981340646744 0.257417947053909 0.210210338234901 0.183537542819977 0.0709055736660957 0.0439037531614304 0.152258217334747
0.360864490270615 0.252129048109055 0.269842714071274 1.16516530513763 2.48664808273315 3.48027110099792 2.32569909095764 2.53965759277344 2.30105495452881 2.13190102577209 2.00785231590271 2.00700235366821 1.8572850227356 2.5172164440155 2.49726939201355 2.53536295890808 2.52829456329346 2.50180411338806 2.44995427131653 3.15477323532104 2.1672694683075 2.33248376846313 2.35155701637268 2.1729896068573 2.01069307327271 1.8729190826416 1.75222015380859 1.64573848247528 1.52195501327515 1.37637400627136 1.21267950534821 0.970810413360596 0.807861685752869 0.673520147800446 0.576829612255096 0.494395405054092 0.42789950966835 0.250388622283936 0.203790858387947 0.153875529766083 0.108677312731743 0.0829672962427139 0.0379865914583206 -0.0434570051729679 0.0652009546756744
0.465615421533585 0.365136384963989 0.326713442802429 0.325542330741882 2.35957479476929 3.97027850151062 2.82503795623779 2.47295188903809 2.73247480392456 2.69340491294861 2.17864298820496 2.35587286949158 2.81118941307068 2.8784339427948 2.73747491836548 2.72244215011597 3.16543936729431 3.35210418701172 3.33300852775574 3.24078440666199 2.89342069625854 2.58133149147034 2.39410471916199 2.22546076774597 2.05436491966248 1.89691650867462 1.76943922042847 1.53776240348816 1.3626366853714 1.22539091110229 1.07052552700043 0.941905379295349 0.675044476985931 0.542220950126648 0.433905899524689 0.341573387384415 0.273779541254044 0.209957480430603 0.114150635898113 0.0857522338628769 0.0394139923155308 -0.0155287515372038 -0.0625570192933083 -0.139144226908684 0.244792491197586
0.502939879894257 0.424746721982956 0.309330582618713 0.269397526979446 1.86225068569183 3.1705846786499 3.43233370780945 5.22424840927124 5.70174217224121 4.56850671768188 4.0697135925293 3.64246988296509 3.96948862075806 4.16933536529541 3.90873527526855 3.73100543022156 3.56995320320129 3.36430859565735 3.20770668983459 3.17090344429016 2.80339002609253 2.61354470252991 2.35364508628845 2.09998822212219 1.91612076759338 1.7571793794632 1.61100423336029 1.48126363754272 1.22278726100922 1.07070755958557 0.930252909660339 0.796871840953827 0.662598371505737 0.442763417959213 0.338538289070129 0.236885771155357 0.144205570220947 0.0861402675509453 -0.0164286475628614 -0.0508417598903179 -0.0901721492409706 0.00364590343087912 0.0929790958762169 -0.0451910607516766 -0.121404998004436
0.457129269838333 0.393853843212128 0.289781510829926 0.187946781516075 0.123035103082657 0.772584199905396 5.67651605606079 7.89145231246948 8.84124279022217 7.18239402770996 6.216468334198 5.56971788406372 4.98332405090332 4.3557300567627 4.00802516937256 3.74875974655151 3.53857684135437 3.33975219726562 3.06286811828613 2.97126221656799 2.68601036071777 2.48796153068542 2.31329846382141 1.99332880973816 1.78179144859314 1.60461926460266 1.44903361797333 1.326655626297 1.1940530538559 0.951146304607391 0.816107749938965 0.690815985202789 0.562987148761749 0.377948611974716 0.260946452617645 0.140905126929283 0.0383436046540737 -0.0470143854618073 -0.133399799466133 -0.214775636792183 0.305552452802658 1.25409853458405 3.20388102531433 2.32543301582336 1.6505674123764
