slauniainen/Data/DEM/Vihti_dsm1500b_cl_horizonAngle_150.asc
NCOLS 196 
NROWS 178 
XLLCORNER 353680 
YLLCORNER 6699024 
CELLSIZE 16 
NODATA_value -3.4e+38 
[rows 60 to 79 of 178, columns 46 to 91 of 196]
-1.49296927452087 -0.331633985042572 2.42124009132385 0.556494176387787 2.61363482475281 2.83096218109131 3.59819269180298 7.04148483276367 5.22817087173462 5.14939451217651 5.63793420791626 6.01125764846802 3.15977215766907 2.60855269432068 13.5036277770996 3.23894309997559 2.12488508224487 2.40359902381897 3.97486877441406 1.6006166934967 4.38381719589233 14.2921333312988 14.3471717834473 16.5244979858398 3.17370557785034 7.94351434707642 2.48240447044373 0.680474042892456 3.54189872741699 2.08657240867615 2.25903129577637 0.736858189105988 1.77863490581512 2.55445218086243 7.81993055343628 2.09987783432007 0.306886523962021 2.50825715065002 5.08176612854004 2.31643056869507 6.69148254394531 6.79183959960938 9.07418537139893 3.94925308227539 6.26409101486206 13.0672883987427
-1.62103831768036 2.54593515396118 1.42456424236298 4.46939516067505 2.15311336517334 1.9043949842453 3.75165581703186 11.1883277893066 4.17470026016235 7.07520341873169 7.66016149520874 5.93911600112915 6.18360042572021 8.4070520401001 8.5260591506958 3.42594623565674 7.77158975601196 2.99926114082336 2.92490029335022 2.78973960876465 1.89679253101349 7.45336198806763 8.93977069854736 9.64636611938477 3.08079099655151 7.83662891387939 -0.208131983876228 2.00383758544922 3.15398216247559 3.26362180709839 3.92066812515259 2.76662111282349 2.54801368713379 2.67774319648743 2.63931941986084 2.75851678848267 4.21739435195923 3.92376303672791 5.26483392715454 5.23255205154419 3.04992294311523 4.62564134597778 14.3185787200928 9.56600570678711 4.78330564498901 12.8002872467041
-0.475791543722153 11.7983131408691 -0.954156816005707 2.23772978782654 0.168895542621613 2.21042227745056 2.40577292442322 6.72310447692871 4.00718784332275 5.69392395019531 7.01507377624512 8.74401569366455 8.2062349319458 6.48046684265137 20.5671577453613 10.4369821548462 7.72419738769531 1.61171638965607 6.12231779098511 5.24626970291138 7.07148742675781 2.1298565864563 -0.0122182136401534 -0.44743886590004 4.08008813858032 1.89909672737122 -0.331619381904602 4.0194149017334 2.13763546943665 3.1783275604248 8.91534423828125 7.65469169616699 6.17310428619385 4.99167919158936 6.55372285842896 7.39136171340942 8.7668342590332 7.52422142028809 5.08649492263794 5.88097429275513 2.57705879211426 6.76700830459595 18.6212043762207 5.14312744140625 3.23515439033508 5.51209449768066
0.892023086547852 4.82311630249023 -0.102867476642132 2.83214712142944 -0.910549819469452 1.32767820358276 3.95960855484009 6.36889028549194 3.64937949180603 5.55003881454468 7.11296892166138 11.6127281188965 9.0225248336792 11.0611839294434 19.8683605194092 10.9565277099609 1.94069802761078 0.443589866161346 3.27364373207092 -0.130617514252663 6.16659069061279 0.760022401809692 -0.58250904083252 0.576652109622955 -0.444106012582779 -0.284431219100952 0.000674389884807169 0.00375385116785765 3.6104621887207 3.66652703285217 13.7579202651978 9.18264198303223 9.75352096557617 8.39346218109131 6.82864379882812 5.2402400970459 5.07494306564331 11.2011995315552 12.2964735031128 11.2994260787964 8.05724811553955 10.2335567474365 3.93506932258606 3.13890600204468 3.50764322280884 4.94454765319824
0.221705079078674 4.04336595535278 22.4063949584961 14.008731842041 -0.075757160782814 0.438295423984528 4.43348836898804 6.47455453872681 9.37030982971191 10.4022588729858 12.2319955825806 12.5920906066895 19.2835292816162 20.3538722991943 9.76811981201172 3.58257293701172 0.127945944666862 1.66034293174744 4.62228393554688 5.8532977104187 9.35697937011719 -0.335866719484329 2.94890809059143 0.499686002731323 2.36843347549438 -0.557046175003052 5.59320592880249 1.02132105827332 9.21103000640869 7.57322454452515 6.22639656066895 7.58119249343872 14.7514638900757 14.2778549194336 9.86827373504639 8.87063980102539 11.9335384368896 17.9745426177979 11.8694801330566 5.96300458908081 6.44790744781494 2.29488039016724 2.61864233016968 2.89077377319336 3.33155250549316 4.12750673294067
0.364600151777267 2.23796391487122 16.3680000305176 1.75427305698395 0.355766415596008 0.72733211517334 3.80402612686157 7.61291456222534 17.3172988891602 17.9829730987549 16.001012802124 9.44766616821289 18.3459072113037 18.057804107666 0.573972880840302 3.96703433990479 0.734230697154999 4.73799180984497 4.80295085906982 19.5121536254883 2.79130506515503 -0.62495881319046 0.742536127567291 -0.0362503454089165 -0.19095042347908 -0.340843379497528 -0.0715864896774292 5.63088035583496 9.60162162780762 2.51416182518005 2.47650766372681 8.7805118560791 7.64810371398926 3.0498366355896 9.96378612518311 6.71942901611328 9.21556854248047 8.17940998077393 0.138746425509453 0.883269488811493 2.60858488082886 1.37980711460114 5.39203882217407 5.82216787338257 3.72618865966797 4.90877199172974
0.564408421516418 0.647133886814117 7.93116426467896 38.4424667358398 7.7823748588562 2.81106901168823 0.999067604541779 6.2281494140625 7.07604217529297 2.36811637878418 5.32818078994751 9.42835426330566 14.5265293121338 1.69401633739471 1.3536821603775 1.00912320613861 0.682865798473358 26.8289966583252 11.8586730957031 3.69353985786438 6.91623830795288 7.21791744232178 -0.171475395560265 -0.993273556232452 1.3043475151062 -0.143252551555634 -0.109717018902302 1.36078345775604 -0.422273278236389 5.68573808670044 0.0420374684035778 -0.506706774234772 -0.629594087600708 -0.230488643050194 -0.142816722393036 -0.127702459692955 -0.0903822854161263 0.125909209251404 -0.0202691368758678 0.448529988527298 0.0791333988308907 22.0619029998779 7.72993850708008 6.60807037353516 5.51562595367432 4.84262323379517
1.24154031276703 0.75365149974823 5.68585062026978 38.9038696289062 0.891326367855072 4.13682413101196 2.12311220169067 5.64195442199707 7.44646978378296 5.43763303756714 4.61190271377563 8.4798526763916 1.20855891704559 1.029221534729 1.25067448616028 1.28589701652527 11.9709577560425 2.88122749328613 0.582426249980927 2.15122818946838 12.9642705917358 5.11249494552612 0.900664150714874 -0.212921962141991 2.92703795433044 4.9493932723999 -0.0022287629544735 5.78428936004639 2.79548072814941 -0.0654049292206764 -0.171739339828491 -0.549935460090637 0.053697757422924 -0.167112469673157 -0.0881297439336777 -0.0621906816959381 -0.0528392121195793 0.0967316925525665 1.40275549888611 0.558266878128052 5.23159217834473 22.6891288757324 5.15120220184326 12.4224395751953 12.1514148712158 4.8645133972168
1.33889555931091 0.874425113201141 0.905895590782166 22.7496433258057 1.06658256053925 1.25070786476135 0.795565962791443 1.05956637859344 8.287428855896 3.03277230262756 4.09958696365356 8.54133605957031 1.92660677433014 3.63395547866821 1.99091863632202 2.37241172790527 9.80700397491455 1.70577621459961 11.7133464813232 8.26891899108887 4.06948518753052 -0.0151179023087025 4.43419742584229 5.94866991043091 0.172336414456367 -0.495760172605515 -0.108037404716015 4.35943174362183 0.220464259386063 3.44647097587585 1.04924952983856 0.671327292919159 0.336478054523468 1.27011001110077 2.92841339111328 3.84492325782776 4.31607580184937 3.75829124450684 10.4654865264893 5.86356687545776 14.4934492111206 11.0823926925659 1.31548058986664 3.24981927871704 6.69507455825806 12.6855688095093
0.92222785949707 1.44578719139099 2.26265001296997 17.1481227874756 1.84634411334991 1.12048697471619 1.18711042404175 3.36433053016663 1.10179543495178 0.658335626125336 0.688926339149475 0.343442618846893 0.442482829093933 2.19690275192261 1.34945964813232 2.74983191490173 5.20884370803833 0.902722656726837 4.09886312484741 0.73552268743515 0.964881300926208 17.0454540252686 6.6662802696228 3.92290377616882 0.49085396528244 2.92946004867554 -0.44048947095871 1.3408819437027 -0.317358672618866 7.07019376754761 3.1455774307251 1.16961705684662 2.76910829544067 2.1707546710968 2.78564476966858 3.00354504585266 8.03393840789795 4.60751676559448 2.15701389312744 19.9875354766846 31.9960498809814 17.8869152069092 11.5185098648071 2.20622682571411 4.19089984893799 3.64098834991455
1.52600729465485 2.11692571640015 2.35847926139832 2.5589394569397 2.10877346992493 2.20713138580322 28.3188648223877 6.496178150177 1.3233470916748 1.26774525642395 1.25841164588928 0.829726278781891 0.919143736362457 2.74387645721436 2.37976312637329 4.50389289855957 5.43288326263428 17.0134658813477 16.088996887207 19.721658706665 0.880570232868195 -0.0952152386307716 0.670484185218811 2.15990734100342 -0.218725517392159 0.83000785112381 -0.35128191113472 7.53042364120483 0.207012295722961 0.816542983055115 1.04679262638092 11.0160465240479 5.35868978500366 4.52726602554321 3.52342653274536 9.1779842376709 8.59960746765137 8.96788692474365 18.7413635253906 35.7166519165039 10.8967247009277 1.42251753807068 15.2817850112915 2.55038452148438 7.44683742523193 11.6475095748901
2.07402086257935 1.97996306419373 2.20977783203125 2.435471534729 2.66425037384033 2.75084972381592 26.4564971923828 1.24044585227966 1.4079338312149 1.53001534938812 1.40305423736572 1.61314415931702 1.08441114425659 1.49493432044983 3.64082407951355 3.62126469612122 6.91723012924194 25.1142463684082 23.4816207885742 16.3056373596191 4.20241594314575 5.26577425003052 2.41268301010132 -0.177936568856239 0.0622904375195503 5.57947587966919 0.187552466988564 9.97552490234375 5.15967655181885 1.31202638149261 9.8528470993042 10.3915281295776 1.08114957809448 4.33989667892456 3.25377464294434 6.57850360870361 11.3610181808472 19.0379734039307 17.8508987426758 9.29333972930908 0.398599177598953 16.6195449829102 3.54331994056702 0.612332403659821 2.92662906646729 4.18354463577271
2.01379370689392 2.14427590370178 2.24981379508972 2.55554294586182 2.6839611530304 2.74317765235901 25.1775188446045 1.84760284423828 1.826580286026 2.25388431549072 1.99015355110168 1.98567342758179 1.9284360408783 2.45094275474548 4.15786647796631 4.07465028762817 15.3614730834961 9.77909183502197 8.41522407531738 15.5643844604492 2.51643228530884 4.32267332077026 0.123290315270424 0.126855105161667 0.865467369556427 3.99421834945679 10.3625221252441 0.71469908952713 0.987638473510742 2.49635124206543 4.20741939544678 -0.557536900043488 -0.174048870801926 5.62016344070435 8.13714408874512 12.5562057495117 5.88370561599731 11.2113552093506 20.470588684082 1.46013557910919 11.3563423156738 8.39363765716553 1.92732238769531 3.56351280212402 4.07448053359985 3.44291281700134
2.03557252883911 2.24816036224365 2.22525072097778 2.54201483726501 2.80172634124756 2.78454351425171 2.89545869827271 2.00076389312744 1.95864629745483 2.33723950386047 2.66319561004639 2.92850279808044 2.88439464569092 2.54892826080322 3.192955493927 4.80998992919922 4.18126726150513 22.2529468536377 20.4181880950928 2.09719085693359 0.0852539092302322 9.21677684783936 0.0662939921021461 0.470624297857285 3.51694369316101 2.47034502029419 7.02832651138306 6.89256381988525 4.6906943321228 6.57078790664673 0.149619087576866 0.598403334617615 0.0230047255754471 6.34312772750854 9.75064468383789 12.4946241378784 3.6892101764679 9.03988742828369 0.99578070640564 1.1979820728302 5.62641668319702 0.951861560344696 2.2278470993042 4.46123170852661 6.16303873062134 4.34387254714966
2.13318109512329 2.61884951591492 2.77823710441589 2.46532464027405 2.71319985389709 2.88781261444092 2.91654777526855 3.01132702827454 2.95189166069031 2.88441395759583 3.08987903594971 3.10005617141724 3.03083181381226 2.84486317634583 3.0638222694397 4.92007350921631 4.30309772491455 34.8951950073242 16.5665130615234 1.42371320724487 6.03053760528564 0.383298933506012 0.194265738129616 0.644528031349182 0.907975912094116 3.31131100654602 0.769640326499939 12.9176225662231 -0.24657042324543 3.9198842048645 0.0784530341625214 0.853033900260925 7.2569637298584 2.13873910903931 9.9167537689209 17.9061679840088 5.11524724960327 6.92817163467407 5.76877546310425 6.34954929351807 2.55379366874695 3.36432480812073 3.0838418006897 8.13645553588867 7.56717967987061 11.0457468032837
2.5345778465271 2.54755592346191 2.71245241165161 2.87935185432434 3.12904191017151 3.15771222114563 2.96839761734009 3.10906910896301 3.06303572654724 3.04227137565613 2.98481106758118 3.20032906532288 3.10837936401367 3.06420612335205 2.70265769958496 3.40829610824585 5.15072202682495 4.51325750350952 2.72137451171875 2.73196148872375 1.21486449241638 0.861363649368286 10.5567741394043 1.09099674224854 0.829536855220795 1.57997250556946 1.00284564495087 24.7103252410889 0.0376716516911983 -0.0271485559642315 0.181220695376396 1.98012173175812 4.5160927772522 17.1704769134521 14.8780069351196 26.7605056762695 4.58292961120605 7.14409160614014 7.56163692474365 5.9470009803772 1.86130285263062 1.74563360214233 1.93232476711273 8.17622470855713 11.4244623184204 19.9586544036865
2.57849025726318 2.63965582847595 2.98903918266296 3.43363189697266 3.41015672683716 3.47778964042664 3.2413854598999 3.10852646827698 3.17566204071045 3.12726736068726 3.16202616691589 3.27729463577271 3.27630567550659 3.22176337242126 3.17306733131409 2.78972959518433 3.91527628898621 5.35140371322632 4.515944480896 3.30050349235535 14.2398147583008 1.49403715133667 0.598189949989319 1.01134538650513 2.38410592079163 1.80813920497894 7.42911434173584 7.96333789825439 -0.0717790052294731 0.152245000004768 -0.174533262848854 1.6208428144455 12.20046043396 13.8074340820312 2.39636254310608 1.43331527709961 1.76859998703003 7.86408519744873 9.61458683013916 10.3570108413696 7.86771249771118 9.38889026641846 15.7988481521606 12.1177988052368 9.02880096435547 8.25233554840088
3.04843878746033 2.72312068939209 2.69435787200928 3.05685186386108 3.73246264457703 3.52842617034912 3.57977890968323 3.28369736671448 3.20453834533691 3.2876513004303 3.24425530433655 3.16597819328308 3.39426183700562 3.40564846992493 3.26277565956116 3.12910795211792 3.44711542129517 5.53668832778931 4.82144498825073 4.82291126251221 4.85526418685913 1.85064315795898 1.87831389904022 13.6365947723389 9.24827861785889 1.70999801158905 12.8680944442749 5.1075291633606 1.23036527633667 1.27538359165192 1.14051866531372 0.984448552131653 25.7110805511475 21.1757946014404 2.7597451210022 1.50068795681 4.90943098068237 9.3537654876709 12.1280374526978 11.9979677200317 8.56587982177734 6.26852321624756 11.9395170211792 6.46565198898315 14.4609346389771 8.58832740783691
2.8117208480835 3.11795973777771 2.9171838760376 3.11384654045105 3.58331155776978 3.838951587677 3.64408898353577 3.41050028800964 3.36975026130676 3.36940789222717 3.36456060409546 3.37509369850159 3.29291963577271 3.53128457069397 3.43953013420105 3.37869930267334 2.98924231529236 3.7951762676239 5.73493671417236 4.85212326049805 5.18118572235107 3.63359975814819 2.99782276153564 1.41360783576965 1.32756888866425 1.16780996322632 2.37355136871338 0.884143233299255 0.79716819524765 2.49502420425415 2.50850367546082 2.1767885684967 2.41196298599243 0.434128880500793 0.460588485002518 -0.0126303331926465 4.13303756713867 9.15509700775146 14.8841180801392 16.3512516021729 18.4448852539062 19.176441192627 18.7425422668457 16.6844577789307 17.3971347808838 1.46372652053833
3.04776263237 3.18037056922913 2.98995018005371 3.00909566879272 3.20644640922546 3.91322541236877 3.70722389221191 3.77328848838806 3.52244019508362 3.3892707824707 3.52579164505005 3.48132538795471 3.38057160377502 3.63111758232117 3.6313328742981 3.49530124664307 3.28802680969238 3.68904685974121 5.95817565917969 5.20208501815796 5.26439332962036 5.4044771194458 4.24107074737549 3.31711483001709 1.55316483974457 1.54300427436829 8.12509155273438 2.60837650299072 1.48989069461823 3.48262405395508 2.84520030021667 3.50191926956177 1.80552327632904 2.58009839057922 1.92768824100494 6.05619859695435 4.37277460098267 14.268217086792 14.0456247329712 24.6146926879883 12.172926902771 17.2678966522217 11.1162004470825 1.45732426643372 0.887484431266785 4.05917882919312
