slauniainen/Data/DEM/Vihti_dsm1500b_cl_horizonAngle_42.asc
NCOLS 196 
NROWS 178 
XLLCORNER 353680 
YLLCORNER 6699024 
CELLSIZE 16 
NODATA_value -3.4e+38 
[rows 80 to 99 of 178, columns 138 to 183 of 196]
25.8735752105713 4.31410884857178 26.1973323822021 11.6918687820435 15.0669136047363 10.0605907440186 7.96631908416748 9.75603199005127 12.6845636367798 16.0754795074463 9.32584953308105 10.11403465271 1.0970710515976 -1.71177184581757 -1.15837383270264 -2.48091602325439 -2.0369074344635 -2.30660891532898 -2.21004390716553 0.636686980724335 0.333622306585312 -0.348826080560684 2.36867713928223 2.62479138374329 7.59410333633423 9.35521984100342 12.0052585601807 11.9190225601196 14.5589199066162 13.8457403182983 13.4686594009399 13.1595668792725 13.0500783920288 8.37284755706787 8.36479663848877 9.72537422180176 6.25936603546143 4.04849338531494 2.94672775268555 2.49580883979797 3.71024560928345 3.21246433258057 3.72645044326782 3.73739695549011 3.85227227210999 4.03464365005493
33.0347518920898 29.829568862915 9.38284587860107 10.866304397583 15.3156366348267 11.8276071548462 8.20465850830078 10.5256814956665 13.0613222122192 6.79914808273315 6.03035020828247 7.2095775604248 12.3081674575806 11.6979188919067 10.5577392578125 -2.09544038772583 -2.44203329086304 -2.40590167045593 -2.24714422225952 6.08037137985229 18.3485317230225 28.9755554199219 22.0800895690918 1.81694185733795 8.23104286193848 10.1669139862061 10.0555715560913 11.5005598068237 13.704062461853 13.0443696975708 12.6418542861938 12.3865633010864 8.83471298217773 7.48932600021362 8.79426002502441 5.87069416046143 4.19155931472778 4.4974627494812 2.52680063247681 3.27114415168762 2.96681451797485 3.05110216140747 3.21918106079102 3.58075165748596 3.78555583953857 3.94156789779663
22.3738555908203 46.3630561828613 26.3434982299805 9.84952640533447 7.57887649536133 7.71385335922241 8.72850513458252 11.1101446151733 17.316535949707 20.5320281982422 20.1766242980957 11.9086332321167 14.591423034668 7.45135831832886 14.4912567138672 5.92279195785522 -1.97150158882141 1.3098611831665 -0.792430698871613 21.1704616546631 15.247127532959 10.2445945739746 35.6571311950684 7.26623439788818 7.549485206604 8.94932651519775 10.12926197052 11.6609268188477 11.0861377716064 10.7893867492676 10.5578336715698 7.52899694442749 6.64688110351562 7.98267936706543 5.47469282150269 3.53018999099731 4.1018271446228 4.9029335975647 3.85646486282349 2.3214795589447 2.75505948066711 2.92906498908997 3.15562438964844 3.5834972858429 3.73801279067993 3.77791094779968
28.3327598571777 35.6976509094238 33.1473121643066 25.7144145965576 14.4908475875854 7.59393930435181 8.6837682723999 11.4098405838013 19.9931907653809 24.0985813140869 23.4600143432617 16.1287250518799 14.9303359985352 14.019383430481 13.2675609588623 15.9156894683838 4.44818830490112 6.25924301147461 2.15796136856079 6.81805562973022 7.43925952911377 20.0952281951904 6.45973014831543 7.40228939056396 6.72112512588501 9.00106620788574 10.0438623428345 9.58108806610107 9.3126745223999 9.10968494415283 6.45680665969849 5.92140007019043 7.16621255874634 5.05540084838867 3.27105975151062 3.40324592590332 3.90006971359253 4.3353123664856 4.95483350753784 3.01395630836487 2.63823914527893 2.7997624874115 2.9511342048645 3.54079937934875 3.58338332176208 3.36574196815491
22.1729545593262 30.0725746154785 39.6868057250977 11.7092332839966 12.4408702850342 19.7252502441406 9.76105403900146 15.4865703582764 17.5233726501465 15.4095497131348 14.9824876785278 17.8599624633789 13.3404512405396 13.8840446472168 15.75182056427 14.7722434997559 2.70532083511353 14.6720037460327 3.72048568725586 4.74650430679321 14.5606021881104 6.18475770950317 6.71043062210083 5.60708332061768 8.09130764007568 8.84869766235352 8.39941596984863 8.16914844512939 7.96025800704956 5.58970594406128 5.30688571929932 6.36079788208008 4.54854774475098 2.99550724029541 2.86202120780945 2.97165131568909 3.35638117790222 3.87020063400269 3.65645146369934 3.90813636779785 2.35676050186157 2.42343521118164 2.63943004608154 2.62065649032593 2.72533488273621 3.32737970352173
10.7337636947632 23.8107471466064 42.6357040405273 28.1995506286621 8.61886024475098 8.97196197509766 10.7680692672729 12.9037218093872 12.6681156158447 12.0192308425903 13.9114103317261 12.5141181945801 13.32785987854 13.958119392395 18.813533782959 28.0606708526611 6.16648054122925 9.51937007904053 3.76499772071838 11.7084589004517 4.83632707595825 6.10447645187378 16.0762596130371 7.37189483642578 7.82819509506226 7.53860092163086 7.39543342590332 7.19878959655762 5.08168697357178 4.83144617080688 5.72147178649902 4.0705361366272 2.62422227859497 2.56991839408875 2.42078614234924 3.07578277587891 2.92826414108276 2.77431225776672 2.80568361282349 2.61487102508545 2.17801189422607 1.89971971511841 2.09624886512756 2.44740700721741 2.70113825798035 3.39991879463196
7.55756044387817 24.4843063354492 28.6540203094482 46.293285369873 25.8500576019287 9.61820602416992 11.3669586181641 11.642201423645 12.3292398452759 11.6551494598389 10.2908782958984 12.0403327941895 10.3780755996704 12.0493259429932 16.1274662017822 19.0089740753174 5.66284418106079 13.240761756897 10.0429086685181 17.4205284118652 5.89213752746582 9.72890758514404 6.83244848251343 7.13203907012939 6.8040943145752 6.69718408584595 6.63834285736084 4.88466882705688 4.61107206344604 5.3435697555542 3.78764319419861 2.36625361442566 2.2668890953064 2.21861696243286 2.90224957466125 2.35967493057251 2.23635697364807 2.16355323791504 1.59505426883698 1.49158763885498 1.67442107200623 1.60554134845734 2.32500338554382 2.53835511207581 3.20138573646545 3.90894460678101
8.59517002105713 10.0523061752319 27.4512252807617 32.6176338195801 44.4172744750977 33.5811614990234 27.319164276123 11.9913730621338 11.2966051101685 14.2561550140381 11.6178016662598 27.8375225067139 11.0535507202148 37.0349578857422 25.571174621582 31.7281665802002 4.94370126724243 5.54145956039429 10.248101234436 5.70137405395508 4.66767835617065 6.37979555130005 6.61106538772583 6.34221124649048 6.22094917297363 6.11508321762085 5.4136209487915 4.49876594543457 5.2152042388916 3.72824764251709 2.35767483711243 2.21358847618103 1.96006882190704 2.74934387207031 2.57533311843872 2.13743424415588 1.77988862991333 1.40881896018982 0.961703658103943 1.61547672748566 1.54542338848114 2.22989964485168 2.40909790992737 3.00387620925903 3.68338203430176 4.10739278793335
7.18415307998657 8.77205085754395 12.0052404403687 20.5499362945557 28.4778823852539 31.3203220367432 27.6781787872314 31.3231143951416 23.2633228302002 13.1212873458862 22.3445796966553 24.7561798095703 12.4448757171631 17.3499450683594 18.9590396881104 19.9902610778809 5.40628099441528 8.87184619903564 5.51669359207153 18.0278816223145 5.67670488357544 6.14278078079224 5.96797513961792 5.80216121673584 5.73692035675049 5.15323114395142 4.70658779144287 5.0113000869751 3.89761781692505 4.00501012802124 3.78773641586304 3.40306615829468 2.16719794273376 2.83650493621826 2.24545001983643 1.96594667434692 1.48655891418457 0.885015487670898 1.56444454193115 1.48610460758209 2.13739705085754 2.29164457321167 2.81477308273315 3.41844987869263 3.82208967208862 4.04410457611084
22.5091514587402 10.6580600738525 16.5672454833984 19.7718734741211 20.927433013916 26.1948719024658 28.0155639648438 23.904764175415 27.1904010772705 20.9654407501221 19.9475326538086 30.5181465148926 12.8434972763062 16.0768756866455 13.7389545440674 5.55897665023804 8.48042678833008 5.62107086181641 11.0267868041992 2.12969088554382 3.11186218261719 6.03720808029175 5.68927574157715 5.44933557510376 4.88879060745239 4.46274757385254 4.33578491210938 5.0188946723938 3.81438684463501 3.48639488220215 3.29616546630859 3.341392993927 2.81346726417542 2.17710280418396 1.86247575283051 1.59783208370209 1.2081800699234 1.53547596931458 1.44747149944305 2.05179119110107 2.19497060775757 2.66025257110596 3.18123555183411 3.50507497787476 3.65934562683105 4.08197641372681
8.41331768035889 8.07584285736084 15.2436065673828 15.6209487915039 17.6999683380127 19.689208984375 21.035623550415 26.3893814086914 26.1700038909912 29.9981498718262 26.104793548584 19.0909881591797 7.48873329162598 7.02759456634521 7.23008394241333 8.2465763092041 6.45633125305176 9.82055187225342 26.4119739532471 33.175838470459 3.71936774253845 3.89148712158203 5.00587177276611 5.24557542800903 4.190185546875 4.09595394134521 4.7115478515625 3.55208778381348 2.48591685295105 2.59370279312134 2.46391224861145 2.75260877609253 2.13481640815735 1.84045588970184 1.51701354980469 1.12191355228424 1.5046294927597 1.41788506507874 2.00260996818542 2.12346625328064 2.5568528175354 2.99228096008301 3.23014712333679 3.32908248901367 3.66630363464355 7.2521653175354
34.4438247680664 13.7403221130371 13.2624177932739 13.6331539154053 14.620418548584 15.6038341522217 18.4788570404053 18.6335296630859 18.7724056243896 19.3878765106201 18.3785781860352 37.2829132080078 10.529806137085 4.38278532028198 8.08069324493408 7.64096832275391 9.17807674407959 21.4781513214111 3.03593444824219 26.0245838165283 15.3750524520874 4.59393787384033 4.75269460678101 3.86776185035706 3.81613731384277 4.43429851531982 3.38622069358826 2.33693385124207 2.26565837860107 2.07956337928772 2.64638185501099 2.00746774673462 1.82243883609772 1.49895834922791 1.05199408531189 0.718806326389313 1.38297915458679 1.95533096790314 2.08625411987305 2.52206754684448 1.67503118515015 1.22424983978271 1.29045569896698 1.42664921283722 3.22876477241516 4.18930053710938
13.9512968063354 13.2864036560059 13.2346792221069 12.8317308425903 13.1577548980713 14.4923686981201 14.4581174850464 17.440975189209 15.7473974227905 14.8647336959839 22.097095489502 19.6038227081299 24.8177471160889 8.01542472839355 7.45451688766479 6.12508010864258 28.80078125 39.9554862976074 15.014461517334 3.76034379005432 4.41840744018555 4.29387807846069 3.47614359855652 3.47066807746887 4.08187961578369 3.15376472473145 2.21718955039978 2.16359734535217 1.96840131282806 2.52089810371399 1.91712379455566 1.71457648277283 1.89929735660553 1.57458889484406 0.563294470310211 1.3241206407547 1.8967057466507 2.0345606803894 2.47819972038269 36.7699203491211 31.0564956665039 1.19560587406158 1.16036534309387 1.15069568157196 3.06065225601196 9.19754409790039
12.2092418670654 12.2345237731934 12.1638088226318 12.5073986053467 12.866174697876 13.0208301544189 14.6524133682251 14.3432016372681 13.3621196746826 15.8680839538574 11.3555459976196 14.9717922210693 7.70607280731201 7.01142501831055 16.3266315460205 19.7112140655518 25.0132694244385 18.637393951416 14.8247289657593 4.27816724777222 6.39188957214355 3.30033898353577 3.12069702148438 3.66353917121887 2.85342407226562 2.00530648231506 2.01357507705688 1.85565829277039 2.39861679077148 1.83569514751434 1.59183299541473 1.46088004112244 2.39102816581726 3.3687219619751 0.53890472650528 1.79332542419434 1.85096108913422 2.40411734580994 20.9317493438721 30.0658893585205 31.4268054962158 13.7315940856934 1.11473643779755 0.960932493209839 1.43479073047638 6.52470922470093
11.2451782226562 11.1736278533936 11.4905300140381 11.9455881118774 11.860559463501 13.1249208450317 12.1982460021973 11.9672040939331 12.2768907546997 9.82221794128418 10.791877746582 7.42948865890503 6.76397848129272 9.98078346252441 16.5307426452637 20.5331573486328 13.4934301376343 20.7399883270264 16.1565475463867 9.26891994476318 9.19316387176514 4.8789701461792 3.47107219696045 2.57471394538879 1.71235597133636 1.76731836795807 1.7273758649826 2.28598189353943 1.75838494300842 1.47652983665466 1.36332249641418 1.53197419643402 2.88145780563354 5.12149477005005 4.05625915527344 1.29638421535492 1.803102850914 14.3869018554688 21.5013427734375 30.7091293334961 37.4294281005859 41.7980804443359 38.4923362731934 25.7586078643799 2.43623495101929 2.01930069923401
10.358097076416 10.6320152282715 11.0450744628906 11.1010084152222 12.20055103302 11.1614265441895 11.06396484375 10.0477142333984 8.8043041229248 8.42437267303467 6.96734619140625 6.45419645309448 8.85441493988037 12.0839576721191 16.4164524078369 12.8638257980347 13.3861789703369 10.6359529495239 7.51820611953735 7.99953699111938 8.4113655090332 7.5588173866272 3.18409943580627 1.60492944717407 1.47984135150909 1.45847165584564 2.12507605552673 1.67682433128357 1.38303887844086 1.29125559329987 1.29919362068176 2.09641075134277 3.21446537971497 3.86521029472351 5.6436185836792 4.36179971694946 11.3963623046875 16.9256916046143 22.2446823120117 28.862964630127 23.1159133911133 35.9983139038086 29.0903949737549 23.6242065429688 30.3137683868408 4.30585193634033
10.0748624801636 10.060959815979 10.4074478149414 11.1986265182495 10.4866580963135 10.3797168731689 8.48259544372559 9.47083282470703 7.04054403305054 6.60039806365967 5.8964204788208 6.95808267593384 9.67881393432617 14.176739692688 11.5142364501953 10.9524145126343 8.81157493591309 6.30868577957153 6.92962551116943 6.78531885147095 6.7982006072998 6.98373651504517 5.07665586471558 2.29322671890259 1.37767577171326 1.88598728179932 1.53480517864227 1.24689126014709 1.20088279247284 1.11584758758545 1.69505858421326 2.29530334472656 2.81455373764038 3.78883743286133 4.11200904846191 10.0307970046997 14.3310422897339 17.7498817443848 20.9651470184326 27.0340118408203 18.1574554443359 25.2735557556152 21.6406326293945 27.0747833251953 7.16542959213257 10.1517305374146
9.2345609664917 9.81755638122559 10.2160997390747 9.81821632385254 9.62578964233398 7.83932733535767 8.23139095306396 6.27218627929688 6.56143188476562 6.45079565048218 5.70563507080078 6.24480104446411 12.4130411148071 13.147120475769 9.75220394134521 7.91426658630371 5.64440870285034 5.99796581268311 5.78962802886963 6.00070095062256 5.80199146270752 5.7966423034668 6.16928195953369 4.91459321975708 1.87965953350067 1.73591077327728 1.47584342956543 0.987903356552124 0.981106758117676 1.44013500213623 1.83983504772186 2.19604849815369 2.70671319961548 3.07525491714478 3.23096442222595 9.43004703521729 14.9785747528076 16.8115615844727 19.4128818511963 31.2014808654785 20.2238254547119 16.9563884735107 20.8255634307861 18.500804901123 9.12253761291504 7.75348997116089
9.04142284393311 9.41099548339844 9.94821643829346 9.13017082214355 8.41612529754639 7.21516132354736 5.74631595611572 5.6559362411499 6.08692693710327 5.05347204208374 5.69445991516113 11.0187511444092 11.2747535705566 8.59922790527344 8.60280323028564 5.59422922134399 5.37526512145996 4.96468687057495 5.24225997924805 5.09035396575928 4.81610870361328 4.96522617340088 4.62182760238647 4.22482013702393 2.95249652862549 1.43279623985291 0.933741748332977 0.821299016475677 0.706372976303101 1.50504159927368 1.86468863487244 2.17251396179199 2.44887852668762 2.36438536643982 8.14193439483643 10.8774881362915 9.10191345214844 9.63036823272705 13.1882219314575 11.0496835708618 13.238317489624 16.303186416626 10.7372426986694 7.36846828460693 8.41769313812256 8.61594009399414
8.62562656402588 9.26003551483154 8.84190940856934 8.02553939819336 6.87627649307251 5.27498340606689 4.98631477355957 5.76169204711914 4.88826131820679 5.23468208312988 9.91536045074463 9.8446569442749 7.63848066329956 7.36511373519897 5.3205418586731 4.64953136444092 4.83629465103149 4.67818927764893 4.37233972549438 4.20808219909668 4.14716577529907 3.92375946044922 3.58655166625977 3.36982893943787 3.74581289291382 3.06165504455566 0.860771417617798 0.707084596157074 0.702688157558441 1.16684544086456 1.77206671237946 2.00842905044556 1.50421142578125 6.55999374389648 8.10241222381592 7.19146633148193 7.78439903259277 6.25470638275146 8.55549430847168 7.09080410003662 4.19164037704468 7.49041938781738 6.18211317062378 7.47278881072998 6.55255126953125 8.39645004272461
