slauniainen/Data/DEM/Vihti_dsm1500b_cl_horizonAngle_150.asc
NCOLS 196 
NROWS 178 
XLLCORNER 353680 
YLLCORNER 6699024 
CELLSIZE 16 
NODATA_value -3.4e+38 
[rows 140 to 159 of 178, columns 92 to 137 of 196]
6.09805202484131 7.03925371170044 8.53739547729492 10.0718784332275 10.8494710922241 10.4620532989502 10.8861236572266 13.3332710266113 15.7653322219849 13.4228525161743 13.1754999160767 10.2046346664429 2.8768138885498 0.882995247840881 13.3716888427734 14.1277475357056 3.86303234100342 8.66688060760498 5.03275918960571 6.95188140869141 14.2260665893555 15.5798711776733 23.4570121765137 14.0230207443237 10.230658531189 21.5943431854248 5.66587209701538 -1.36776375770569 15.8104934692383 -1.75390875339508 2.86037564277649 1.46416854858398 0.515423655509949 24.1211719512939 15.4759140014648 -0.575703203678131 -0.350785106420517 5.03756856918335 4.94051551818848 25.5696239471436 -0.23461826145649 4.98221254348755 6.18347644805908 4.87809419631958 4.65703105926514 -0.633880734443665
7.62669944763184 9.81992721557617 10.2435340881348 10.2226371765137 14.7760019302368 14.7507438659668 13.4473695755005 16.4297161102295 15.5458898544312 21.1117038726807 23.9556903839111 15.0966186523438 7.96097230911255 7.40616798400879 30.8359985351562 16.2129573822021 0.991604089736938 2.99777603149414 3.72872805595398 6.24900245666504 12.385347366333 15.3019905090332 19.8941707611084 33.7218742370605 17.5329971313477 20.1824932098389 2.22011041641235 1.26163899898529 3.87917971611023 -1.81092047691345 0.187846556305885 15.0133104324341 10.9286937713623 2.71964478492737 -1.65832757949829 -0.361074388027191 2.43045926094055 0.390647381544113 11.175181388855 6.6096773147583 0.0194037444889545 16.1087169647217 22.5931186676025 24.0710220336914 27.06862449646 12.0599784851074
7.02654314041138 8.31177520751953 10.9113245010376 12.880145072937 15.2673950195312 15.8983659744263 17.4060764312744 21.555326461792 26.9786243438721 26.2165374755859 27.9559535980225 29.2926445007324 16.9149112701416 13.0197906494141 10.7411203384399 0.587697386741638 1.57832849025726 2.8795530796051 3.85135126113892 5.54257822036743 10.3422536849976 15.1666765213013 21.4227180480957 28.8804988861084 14.6338405609131 21.885498046875 7.40481328964233 3.58048319816589 -1.0156341791153 5.726393699646 21.4989051818848 -1.38264036178589 -1.15710365772247 -0.570726811885834 8.0648717880249 2.98914933204651 4.94729804992676 0.107720442116261 12.7375183105469 12.6204423904419 14.5077857971191 3.0864622592926 5.41248750686646 1.7540191411972 3.51472115516663 1.82712006568909
9.20895957946777 9.87033176422119 11.873631477356 20.4978675842285 13.667911529541 19.0609512329102 19.3916397094727 23.709400177002 31.9593677520752 37.1919479370117 35.3779296875 31.6305294036865 27.2723236083984 17.3361701965332 17.3369159698486 17.6995277404785 5.21874570846558 5.17041635513306 3.77910614013672 6.44330310821533 7.09690284729004 16.4812755584717 20.6374073028564 25.1465473175049 21.2544136047363 33.9636077880859 13.9063339233398 13.874077796936 -0.0583199597895145 27.4322643280029 6.67443227767944 0.0832480490207672 4.7819299697876 1.35227584838867 15.2618608474731 10.4857110977173 5.11878108978271 7.06817817687988 3.04010915756226 0.250602126121521 3.17257523536682 1.54276788234711 16.1453399658203 10.3050909042358 3.34409928321838 2.23251223564148
13.1488246917725 15.2287759780884 20.3307399749756 26.5442428588867 12.4757289886475 22.4283962249756 26.1341133117676 35.578254699707 33.8575210571289 34.9046783447266 22.9269313812256 30.0060520172119 18.3387641906738 25.9879245758057 20.4332828521729 16.2700080871582 9.50733852386475 11.3754825592041 7.82589673995972 5.1953239440918 8.15139293670654 15.6343879699707 15.3046617507935 45.6976356506348 22.2592887878418 28.6756610870361 0.389070808887482 0.40429875254631 -1.5201975107193 12.7612552642822 -1.55506312847137 5.70144081115723 -1.67258179187775 0.143959864974022 0.564002156257629 -0.283431142568588 2.27895212173462 9.20362281799316 2.14933705329895 5.1752552986145 12.0622301101685 21.0487594604492 6.33226442337036 11.6550769805908 -2.6553909778595 9.05414867401123
20.2276821136475 19.2546577453613 30.0632820129395 19.75048828125 13.1648893356323 24.1889915466309 26.8343105316162 26.3409557342529 23.2339668273926 31.7644138336182 22.7910118103027 17.2448577880859 3.77800750732422 16.5592708587646 23.7681331634521 26.3402557373047 22.6217346191406 12.6427993774414 11.6907234191895 9.1601619720459 6.43096828460693 12.5934867858887 26.3580493927002 41.1650085449219 16.3332328796387 17.5064716339111 2.86958837509155 4.77669286727905 -1.29468142986298 -1.2739040851593 0.202165797352791 1.35755515098572 -1.23929262161255 -0.539145946502686 3.06535267829895 20.4854030609131 2.75732135772705 3.87497210502625 -1.48402297496796 10.0561723709106 4.90860605239868 10.5635261535645 -1.52511417865753 18.6557445526123 -2.66672253608704 10.8370904922485
22.837028503418 23.2775573730469 17.6659450531006 22.0583686828613 26.4514102935791 22.7628917694092 17.7104225158691 28.8840389251709 28.6993923187256 11.5431241989136 9.29819774627686 3.78355860710144 -1.81237959861755 -0.374949365854263 -1.01331257820129 27.169958114624 30.939847946167 13.2893495559692 4.27483034133911 2.76033425331116 8.397536277771 12.8053979873657 32.7036514282227 24.3206939697266 14.8685092926025 14.5980157852173 1.53061461448669 -1.18121886253357 -0.89873880147934 2.41427969932556 2.50338506698608 3.17338418960571 3.63526940345764 0.298495918512344 3.38523578643799 0.198939621448517 0.471500486135483 18.7653522491455 -0.110656633973122 8.957444190979 1.87992417812347 25.9176845550537 0.936502277851105 0.113176479935646 -2.70257091522217 -0.859528481960297
29.9110698699951 28.7504577636719 32.8719749450684 28.0845584869385 19.0016784667969 15.0695629119873 20.5054607391357 26.0039501190186 23.6310806274414 21.0372867584229 3.88318204879761 -1.69325304031372 -0.993600368499756 7.53535175323486 5.03684091567993 0.982220649719238 2.65478301048279 2.49116230010986 1.80782949924469 3.38974642753601 4.74808502197266 6.28071308135986 22.8414402008057 11.9419574737549 18.9232959747314 21.7268409729004 -0.914533376693726 5.8478741645813 1.15555441379547 -0.548970758914948 2.93566203117371 5.51387977600098 6.04461479187012 5.15899658203125 6.89457845687866 11.881519317627 9.6442346572876 1.43728005886078 -1.24588668346405 2.96701836585999 9.8737211227417 6.00332593917847 -2.28699827194214 3.16444516181946 -1.24050462245941 -1.89255607128143
26.9120540618896 24.9613971710205 26.7921390533447 16.2235202789307 7.91763734817505 30.3848876953125 17.4938583374023 24.490966796875 7.00068807601929 -1.90552663803101 -0.400486975908279 3.65859699249268 6.03373718261719 9.53322982788086 8.47701835632324 5.28297805786133 -1.13225960731506 0.382199615240097 -0.16082800924778 2.53790307044983 7.61061477661133 8.24544429779053 26.4665622711182 22.2674388885498 24.6974773406982 -0.931364059448242 -1.18135261535645 -0.770164608955383 -0.939176857471466 -0.627849578857422 0.457789182662964 2.63614702224731 -0.981375575065613 15.5477018356323 7.08279609680176 7.49529600143433 3.56177687644958 2.34332489967346 2.22176027297974 0.294210225343704 -1.07035100460052 3.80856657028198 1.20803511142731 0.700194299221039 -1.90990710258484 -1.62323200702667
13.6559467315674 15.5589866638184 4.484619140625 6.38923835754395 7.77826309204102 10.8221626281738 12.6967134475708 16.6302947998047 4.44022178649902 8.87551307678223 10.3058500289917 7.47081279754639 10.2324829101562 -2.21894311904907 -1.82846391201019 -1.98118102550507 -0.924485564231873 -0.578071892261505 6.44209337234497 5.27691316604614 7.1279125213623 11.0509595870972 28.0732727050781 11.7171325683594 18.8692760467529 -0.800781846046448 -0.763819754123688 -0.125729113817215 -0.568105161190033 -0.723875045776367 -0.28295761346817 -0.800487697124481 3.54587388038635 9.78222274780273 2.71298480033875 -1.12404596805573 -1.56015253067017 5.81033897399902 10.6677045822144 4.07264375686646 6.90894365310669 2.16231083869934 -1.81660902500153 -1.51479375362396 -1.96070003509521 -1.81862390041351
13.0906438827515 2.95142340660095 1.32738983631134 5.52090167999268 7.37706756591797 9.29497814178467 11.9858808517456 8.635817527771 2.5034339427948 7.03437614440918 -0.636445045471191 -2.49570560455322 0.533199846744537 -2.57654666900635 -1.71194684505463 -1.39934825897217 -1.34822618961334 -0.282084375619888 -0.364952981472015 1.01461982727051 6.5118236541748 7.27169942855835 8.33157825469971 17.6360111236572 15.3777112960815 -0.11340443789959 -0.499547570943832 -0.400658875703812 -0.0580920279026031 1.81979203224182 6.31780910491943 12.4119186401367 18.2751941680908 -0.843858063220978 -1.53109991550446 -0.782404959201813 0.537712395191193 0.75232321023941 8.23917770385742 4.85511827468872 0.456108540296555 5.76036071777344 -1.22910273075104 -1.66338574886322 1.66020095348358 -1.39972162246704
0.551310539245605 2.66948652267456 2.86985063552856 3.51232194900513 7.52216863632202 29.1324806213379 13.7774515151978 22.8530006408691 14.5168390274048 13.2343873977661 -0.400623828172684 -2.48810124397278 -0.678125739097595 -2.54555296897888 -1.96173357963562 -0.882534146308899 2.12388062477112 1.22390532493591 0.815373957157135 1.86868262290955 1.35574197769165 13.7004232406616 4.37218904495239 14.6173801422119 2.21897602081299 8.34611797332764 -0.711819171905518 -0.406311959028244 0.0390887446701527 1.20643627643585 1.16469871997833 1.54625248908997 -0.931381821632385 -0.868117809295654 -0.738059163093567 -0.838497042655945 4.22999620437622 5.98156213760376 2.27828049659729 -1.05414199829102 -0.856673657894135 -0.764175295829773 -0.592774331569672 -1.31790256500244 -1.44131648540497 -1.15545260906219
9.74935436248779 0.9518101811409 0.0425047129392624 6.9114556312561 12.6582813262939 34.8734130859375 10.3335466384888 11.1260595321655 7.34320592880249 6.28274059295654 -0.923701167106628 -2.66415572166443 -2.04268050193787 1.28618836402893 7.13383674621582 5.9486722946167 3.50651359558105 4.22820138931274 1.92491364479065 2.19519805908203 2.36289858818054 10.162712097168 3.60578370094299 14.3116703033447 14.5160493850708 13.9187984466553 -0.918686866760254 -0.267594873905182 0.137777954339981 2.38978052139282 7.00108098983765 1.76777529716492 -0.359729439020157 -0.62936943769455 10.7760791778564 5.82179594039917 3.03052234649658 2.42410707473755 -0.490695714950562 -0.21551439166069 -0.604971587657928 1.71865475177765 -1.02795362472534 -0.531736314296722 -1.39435124397278 -0.659460604190826
1.25809121131897 1.79471969604492 13.9436120986938 16.5289173126221 10.7512197494507 15.3187417984009 18.0269680023193 14.3388557434082 6.55232954025269 -3.8575234413147 4.92029047012329 -3.64651107788086 -2.33730983734131 7.49174880981445 4.18989133834839 2.31722974777222 -0.296833455562592 6.94096755981445 -0.367731213569641 0.938190162181854 2.82742142677307 20.5967712402344 7.94085168838501 10.0080976486206 12.9030208587646 0.126573160290718 -1.02454936504364 -0.374297827482224 3.45668005943298 1.81861090660095 0.0932068079710007 -0.0492747277021408 -0.257842659950256 -0.471208333969116 0.305915683507919 -0.521744847297668 0.237033143639565 -0.317139536142349 -0.71191531419754 -0.306567579507828 0.0712056234478951 -0.485022395849228 -0.590270519256592 -0.368568390607834 -0.551796793937683 -0.738330781459808
19.2228107452393 35.8913803100586 37.6726875305176 13.9973573684692 10.9205179214478 16.5467529296875 21.7060565948486 1.70381569862366 -1.16341483592987 1.13981878757477 -2.38347792625427 -2.12049508094788 2.789874792099 2.37599849700928 1.04685616493225 -2.09207582473755 -1.76181244850159 4.35669946670532 0.0878694653511047 3.85573315620422 0.749400496482849 13.6239862442017 2.64642739295959 7.94579744338989 21.6845874786377 -0.556957066059113 -0.448802977800369 -0.255271911621094 3.874924659729 6.28274822235107 0.418163239955902 3.50868082046509 0.0621732585132122 3.84058928489685 0.266696810722351 0.47970324754715 -0.58173930644989 0.504785656929016 -0.0534154810011387 13.5404195785522 1.8679461479187 8.49551582336426 -0.412706434726715 -0.200580760836601 0.125761523842812 -0.133137419819832
12.747239112854 20.6558475494385 1.98627078533173 3.31209278106689 13.9844484329224 4.23500871658325 19.5643749237061 9.5259895324707 9.17623901367188 2.6502902507782 -2.02074837684631 -2.02022838592529 -0.831599712371826 -1.41177535057068 4.21532440185547 -2.20794749259949 -2.14109182357788 4.6069393157959 0.992288589477539 9.58208847045898 2.0246913433075 6.33448505401611 6.16993093490601 8.04842948913574 3.98651576042175 0.470310717821121 -0.501767992973328 -0.166638433933258 0.688935518264771 -0.0195822231471539 0.381511181592941 0.429912477731705 0.577496588230133 0.616089046001434 -0.113572143018246 1.70165967941284 1.62833034992218 2.04175496101379 9.29032611846924 6.24959516525269 1.7730211019516 0.242165789008141 -0.358598589897156 -0.0895809084177017 -0.118869580328465 0.691713750362396
19.0908241271973 17.4772567749023 1.03440654277802 4.10439252853394 3.53861546516418 15.1045513153076 24.3643836975098 19.575532913208 8.79963970184326 -3.32828712463379 -2.76373600959778 -1.60922574996948 -1.62103223800659 -1.62987995147705 -2.19183731079102 -1.92805230617523 -1.45327138900757 4.85849809646606 -0.853600025177002 2.53975749015808 0.241833418607712 3.25354886054993 3.52417373657227 13.5440607070923 2.33228707313538 -0.449311912059784 -1.15413880348206 0.704979777336121 0.239004269242287 0.80230700969696 0.92554771900177 0.942589581012726 0.950604975223541 1.44723927974701 2.06649231910706 3.67380380630493 3.90449380874634 3.00109767913818 7.78678417205811 0.142849892377853 0.0565152205526829 -0.169776633381844 0.508419275283813 0.240319311618805 1.0549863576889 1.21188843250275
1.51058924198151 -0.28881847858429 2.29403734207153 10.1152067184448 15.1935434341431 4.92984819412231 4.43586015701294 0.25944709777832 -3.97946643829346 -3.07555317878723 -2.71819019317627 -2.38169360160828 1.91851723194122 -1.48252642154694 -1.37059879302979 -1.70212161540985 -1.78008484840393 -1.4467521905899 1.13853228092194 5.57731485366821 4.39109468460083 2.66962742805481 2.1217520236969 0.655241549015045 5.39213371276855 3.98561215400696 -0.0992231890559196 0.415073066949844 0.68495112657547 0.711846649646759 0.840676844120026 2.32689094543457 2.31406497955322 4.00470733642578 3.22529578208923 3.8052237033844 4.2625880241394 5.34535264968872 2.92602396011353 1.5634982585907 0.684007227420807 0.655634343624115 1.67049860954285 1.35954833030701 1.39391624927521 1.13455438613892
10.1603393554688 10.5150909423828 2.81285715103149 3.83709502220154 23.6207256317139 4.84123182296753 14.3374452590942 7.17954540252686 8.58668804168701 -2.78932881355286 -2.41742706298828 -2.26088690757751 3.98359346389771 -1.54307913780212 -1.28870749473572 4.31071662902832 2.24505066871643 1.09599161148071 3.28541803359985 3.9717960357666 6.7595591545105 8.75546646118164 3.87625026702881 3.0342743396759 0.657849788665771 -0.145382076501846 0.532965123653412 11.4331893920898 0.999699413776398 1.04772555828094 2.60620808601379 2.97903347015381 3.1454336643219 3.10733890533447 4.69047546386719 5.23645877838135 4.30934429168701 5.71836566925049 5.64596748352051 5.71048307418823 5.46106004714966 2.00461673736572 5.50531148910522 3.70708227157593 4.034019947052 4.02089786529541
11.7280588150024 1.29085087776184 3.263991355896 5.623939037323 25.965784072876 6.82625198364258 2.67305254936218 -3.04667377471924 11.249683380127 -3.04424858093262 -2.5615611076355 -2.51978516578674 0.263686746358871 -1.53779828548431 -1.4972003698349 1.28446400165558 4.68678617477417 7.35854959487915 2.94686341285706 4.95870542526245 5.65714025497437 8.08303737640381 13.3863363265991 9.36871147155762 5.85559415817261 11.6276636123657 0.328833371400833 2.86285161972046 0.456514060497284 1.73706471920013 2.10410380363464 4.30221319198608 3.25099968910217 5.10328006744385 5.24610948562622 6.18615627288818 5.37440204620361 8.22167110443115 11.1776275634766 11.9519090652466 10.5854434967041 13.7732286453247 11.3734073638916 8.41473770141602 9.07608604431152 9.08037281036377
