slauniainen/Data/DEM/Vihti_dsm1500b_cl_horizonAngle_246.asc
NCOLS 196 
NROWS 178 
XLLCORNER 353680 
YLLCORNER 6699024 
CELLSIZE 16 
NODATA_value -3.4e+38 
[rows 60 to 79 of 178, columns 0 to 44 of 196]
-0.472641587257385 30.7942008972168 18.250659942627 18.6205291748047 13.1496744155884 11.8399925231934 9.66822242736816 3.14651799201965 2.66623067855835 1.06342875957489 0.28618985414505 1.30056667327881 1.3006500005722 4.95074415206909 4.7061448097229 4.23665428161621 4.07095146179199 3.4189338684082 3.02867937088013 2.2896990776062 1.98161578178406 0.314675539731979 39.6551856994629 1.23340046405792 1.09159076213837 0.790925621986389 11.664831161499 18.8254642486572 16.2793254852295 13.0616312026978 22.8985691070557 19.5542526245117 14.3375444412231 17.1675758361816 15.3570499420166 10.4960241317749 9.44274806976318 8.44928359985352 3.99139976501465 4.709312915802 4.31204414367676 1.97249853610992 -1.37373900413513 35.9552574157715 -2.15221333503723
-1.02260088920593 -1.08424842357635 36.6008644104004 22.9349784851074 16.4392471313477 4.12559652328491 3.70829844474792 1.36094605922699 0.525543749332428 1.63161385059357 1.61745953559875 7.37029123306274 6.02442836761475 5.38496446609497 5.593505859375 4.80781173706055 3.76835489273071 3.16957902908325 2.59201145172119 2.60648131370544 2.46146821975708 2.13791728019714 1.84315073490143 1.67640209197998 1.37229835987091 0.955076396465302 2.20440697669983 17.385368347168 37.0527420043945 29.8648700714111 20.1086921691895 24.1308460235596 20.8252792358398 13.960747718811 12.4954423904419 6.1821403503418 7.21332025527954 6.53410816192627 5.92174005508423 2.91871690750122 1.71994972229004 0.236027464270592 0.105326279997826 -1.09995472431183 -1.78303718566895
0.572837054729462 -1.47988998889923 42.8800888061523 5.2219705581665 1.7192245721817 1.10561108589172 0.79613208770752 2.04037737846375 2.08955907821655 16.6718311309814 10.7990083694458 7.66229391098022 7.9644718170166 6.48939657211304 4.95771789550781 4.30381202697754 4.37816953659058 3.85730528831482 3.06709504127502 2.29597330093384 2.29805707931519 2.27392601966858 2.06687021255493 1.67395114898682 1.60714972019196 0.966635882854462 -0.615207612514496 51.4354553222656 30.461706161499 39.1469306945801 31.2020435333252 18.3873653411865 16.712158203125 8.13625526428223 12.3355474472046 8.97705554962158 4.36614036560059 4.05593299865723 2.55329775810242 0.991567194461823 0.672601044178009 0.57520866394043 0.40508958697319 -1.05415368080139 10.5851211547852
9.28478717803955 7.62910938262939 1.91808986663818 0.75454169511795 0.834749102592468 2.43318510055542 2.57993364334106 -0.0245170071721077 34.7624092102051 14.2177715301514 16.7394695281982 11.6909427642822 7.36818981170654 5.62968397140503 5.07928657531738 4.80672407150269 2.31973242759705 4.29056787490845 2.42234802246094 2.57134819030762 2.60593891143799 2.54110836982727 2.30628681182861 1.95446038246155 1.87099206447601 -0.513319313526154 -0.605744600296021 -1.62907493114471 56.30810546875 30.3872966766357 24.5726299285889 10.2919158935547 8.56499481201172 24.6063346862793 5.63551425933838 3.45999622344971 3.25498199462891 1.73395252227783 1.32193958759308 1.02788472175598 0.884121358394623 2.77294015884399 2.45216298103333 0.149863883852959 -0.28598541021347
2.43369960784912 1.47920501232147 3.53656244277954 3.57706308364868 3.15931272506714 2.87253212928772 -0.0568732060492039 40.9559173583984 1.11979722976685 35.7667350769043 16.9299774169922 11.36256980896 8.55551433563232 6.69305849075317 2.65265083312988 2.43720698356628 5.7502269744873 3.75897431373596 2.76660299301147 2.8910448551178 2.86249136924744 2.63496232032776 2.38632321357727 2.07496213912964 1.38912665843964 0.654180943965912 -0.119863331317902 -1.07504868507385 49.9239349365234 15.0856409072876 22.3871459960938 17.6459636688232 6.91778230667114 4.03699779510498 2.83768510818481 2.37113332748413 2.10213208198547 1.67142450809479 4.38908720016479 3.92725706100464 3.47360706329346 0.434491276741028 0.256004691123962 0.154167249798775 0.0453973934054375
5.25891065597534 5.25005912780762 4.27363538742065 1.72233152389526 2.00358867645264 2.1913685798645 0.681349456310272 6.028883934021 1.60914170742035 35.746955871582 19.8936901092529 13.3267955780029 3.01977896690369 2.84897422790527 2.68946099281311 2.68540453910828 2.79846668243408 2.97707438468933 3.09761118888855 3.16240167617798 3.04853820800781 2.71740794181824 2.48550295829773 2.13090205192566 1.83352029323578 0.354262143373489 2.94798564910889 0.0243320763111115 -0.611898720264435 41.5019187927246 9.11536979675293 5.74803638458252 4.45857810974121 2.96584391593933 3.06568384170532 2.41177606582642 5.96854019165039 5.30958843231201 1.20210194587708 1.02733302116394 0.647634625434875 0.452680647373199 0.320343643426895 0.244446814060211 0.153528168797493
6.94030427932739 2.04048609733582 2.25236082077026 2.46417999267578 2.9753143787384 2.90046715736389 3.37838697433472 1.70789325237274 1.60949206352234 40.0028915405273 3.42768621444702 3.27971625328064 3.33766102790833 3.27020406723022 3.14184594154358 3.16695499420166 3.02208161354065 3.004714012146 4.09167623519897 4.29143810272217 3.86260151863098 3.2168083190918 3.38919758796692 2.14934158325195 1.0685099363327 10.8114233016968 0.00712840678170323 0.322389721870422 19.5944919586182 10.8414754867554 1.75414097309113 3.00919318199158 4.04715013504028 3.21502017974854 8.21993541717529 7.31911706924438 2.06247854232788 1.62294232845306 1.26703691482544 0.916256368160248 0.776066660881042 0.500275433063507 0.378403306007385 0.335610330104828 3.1818368434906
2.71031928062439 2.82456612586975 3.36372423171997 3.47683811187744 4.573570728302 3.83827447891235 3.31002068519592 3.0888397693634 9.63576507568359 3.62412858009338 3.70673322677612 3.72715759277344 3.71828317642212 3.52576422691345 3.38175511360168 3.31125640869141 3.20971369743347 2.80423665046692 2.73774480819702 5.75324296951294 4.86410713195801 2.64654445648193 2.23244857788086 2.20253825187683 2.14805746078491 2.01151084899902 0.500799000263214 23.8317947387695 1.0556937456131 1.03141033649445 1.15108513832092 1.19740915298462 13.9123830795288 10.7598342895508 2.89958739280701 2.65854477882385 2.06957960128784 1.45460164546967 1.21499621868134 0.97092604637146 0.851983845233917 0.726936817169189 4.15178108215332 3.8137321472168 3.6991069316864
5.43871212005615 3.99759006500244 8.0164623260498 6.15445756912231 3.83867597579956 4.14059257507324 3.95020818710327 3.81477189064026 3.94112062454224 4.02494144439697 4.08396434783936 3.91908669471741 3.79297804832458 3.60543036460876 3.42931032180786 3.05567622184753 3.0031111240387 2.62597608566284 2.67001414299011 3.44194364547729 6.11986970901489 2.26193642616272 2.48049879074097 2.3377001285553 1.13332486152649 3.637535572052 1.35447466373444 1.18915593624115 2.63275456428528 2.10277462005615 0.0347719714045525 29.0275096893311 0.886692643165588 2.06780219078064 2.60137367248535 2.62641572952271 1.70141959190369 1.37344765663147 1.084268450737 5.71365118026733 5.2870306968689 4.88092279434204 4.51289033889771 4.23077058792114 3.15819811820984
18.4198150634766 12.6373596191406 4.39895915985107 4.67733287811279 4.43552875518799 4.37619209289551 4.24987745285034 4.26279258728027 4.27135896682739 4.15901851654053 4.12294769287109 3.95643377304077 3.43254566192627 3.2379412651062 3.20497345924377 2.79605460166931 2.8977518081665 2.88322257995605 2.7388219833374 3.55237150192261 2.42814707756042 2.42359852790833 2.74166083335876 1.7187922000885 2.91115546226501 3.35591340065002 6.68242645263672 4.9223837852478 1.45384097099304 1.09788572788239 0.791441082954407 0.349001944065094 0.603056132793427 1.01581585407257 1.94756102561951 1.91429483890533 1.17758440971375 7.29064464569092 6.68853712081909 5.38851165771484 5.52165222167969 5.16245365142822 3.89986109733582 3.14300942420959 3.47373199462891
5.12597465515137 5.41618728637695 5.11944770812988 5.00522184371948 4.9900016784668 4.7592077255249 4.72996711730957 4.51266765594482 4.34549474716187 4.1525821685791 3.72546124458313 3.58128714561462 2.97635936737061 3.1207492351532 3.98467516899109 3.1106436252594 2.91457223892212 2.50729465484619 2.49359393119812 3.67391490936279 2.4486882686615 2.33483624458313 1.86332011222839 1.30981743335724 0.993093430995941 16.3327922821045 1.5623174905777 1.20878541469574 1.17419350147247 0.842774391174316 0.512714266777039 0.390737503767014 0.66879540681839 0.370587229728699 1.0578488111496 10.6529836654663 9.29152584075928 7.72748136520386 6.76516151428223 6.17219924926758 4.62548112869263 3.77429533004761 4.08722162246704 3.80028104782104 3.98011016845703
7.03001880645752 5.75418090820312 5.6686315536499 5.57092380523682 5.27078294754028 5.03493881225586 4.86395454406738 4.65881395339966 4.06205654144287 3.72379207611084 3.13755321502686 3.31414222717285 3.32180500030518 3.20071148872375 3.14838147163391 2.67449235916138 2.6333122253418 2.44397020339966 2.3528618812561 2.32549500465393 3.14062285423279 2.12689018249512 1.46574628353119 4.88861274719238 2.49154806137085 1.51500701904297 1.25651156902313 0.978236734867096 0.790853977203369 0.706749796867371 0.590079724788666 0.409569412469864 0.84304404258728 19.9525871276855 16.2193241119385 12.453423500061 9.71372127532959 6.13606357574463 4.35171318054199 5.14743041992188 4.79196357727051 4.57043838500977 4.75394439697266 4.36961984634399 2.43551683425903
6.54241228103638 6.32154607772827 5.94406986236572 5.72067451477051 5.44396686553955 5.17234039306641 4.57566595077515 4.32184934616089 3.60304832458496 3.54820847511292 3.33064556121826 6.06691074371338 4.13827657699585 2.89274287223816 2.83383774757385 2.61979269981384 2.50834012031555 2.42093467712402 2.16245174407959 2.59454393386841 2.62689280509949 1.88201308250427 5.4273829460144 3.17679476737976 1.88612103462219 1.55166852474213 1.29175698757172 0.672606408596039 0.666239321231842 0.5097576379776 0.468096882104874 -0.883569240570068 11.6449384689331 10.6527194976807 15.5354700088501 11.1533470153809 5.2919282913208 6.29877042770386 5.69935941696167 5.83722925186157 5.46950149536133 5.12514686584473 3.00622248649597 3.11715292930603 5.09599208831787
6.78427934646606 6.5287389755249 6.15071487426758 5.46317005157471 5.09050273895264 4.80272436141968 4.09343528747559 4.1209602355957 3.89668369293213 3.54126477241516 2.94624137878418 2.91740274429321 2.99762749671936 3.68394112586975 2.64178419113159 2.61068606376648 2.36160087585449 2.25244450569153 1.94413471221924 2.7148654460907 1.63864123821259 3.11379218101501 4.66876935958862 2.64863610267639 2.10146856307983 2.07784628868103 0.793938040733337 0.754716694355011 1.02993619441986 -0.767954230308533 11.2399501800537 15.3865375518799 13.0242328643799 8.90865516662598 14.0034379959106 9.29326629638672 7.58574295043945 7.27955627441406 6.60578060150146 3.54415512084961 3.85580682754517 6.57725858688354 6.25165796279907 5.66331100463867 4.44710302352905
6.9346399307251 6.30776071548462 5.71845006942749 4.86719179153442 4.89068984985352 4.66779088973999 4.43923759460449 4.02362585067749 3.38084554672241 3.20808839797974 2.86606454849243 2.70904922485352 2.67146921157837 3.53152370452881 2.53765344619751 2.95914673805237 2.16899299621582 2.11052083969116 1.73413157463074 1.69012522697449 1.1122522354126 5.00825500488281 2.7470850944519 2.16958165168762 1.81933856010437 2.46520042419434 2.18188691139221 1.82944524288177 -0.389696657657623 -1.05346190929413 15.9910411834717 32.239013671875 10.2827548980713 16.2385883331299 11.9630947113037 10.4046945571899 8.81071281433105 4.59083318710327 4.61099481582642 8.2930326461792 7.52963972091675 4.85549783706665 5.55278015136719 5.12102460861206 4.69016599655151
6.43004083633423 5.68956708908081 5.88282537460327 5.2333664894104 4.78032875061035 4.53316259384155 3.82774543762207 3.66649389266968 3.28574633598328 3.01634931564331 2.83318257331848 2.48821663856506 2.48984313011169 2.12285232543945 4.22188234329224 4.13810014724731 2.60532188415527 1.84264743328094 1.39517390727997 1.32127285003662 4.20670604705811 2.88581204414368 2.33969140052795 2.25571966171265 3.03850865364075 3.81676387786865 1.27869737148285 0.870742857456207 -0.205566629767418 -0.626767694950104 17.5307750701904 -0.802850127220154 30.5951099395752 13.7345123291016 13.7669982910156 7.65501403808594 6.15808391571045 11.6395311355591 9.96166229248047 6.41295528411865 6.87290811538696 6.22765731811523 4.69693183898926 4.47386264801025 4.74404144287109
13.024245262146 9.01250648498535 8.58295631408691 6.61651182174683 4.27603578567505 4.12605714797974 3.72893023490906 3.44122433662415 3.26141738891602 2.80003190040588 2.73319005966187 2.31719040870667 2.24240827560425 1.88173282146454 4.5299768447876 3.00811696052551 1.64869403839111 2.34486627578735 2.29407620429993 2.48128962516785 2.1733341217041 1.91307103633881 1.8206022977829 3.17851066589355 5.07075691223145 1.95597350597382 0.932598114013672 2.76503682136536 2.46821260452271 0.357032269239426 -0.514889657497406 -0.166704684495926 35.6843452453613 2.65581083297729 14.1864280700684 20.5884170532227 15.3932495117188 8.15767860412598 9.46946239471436 8.17394924163818 6.4018440246582 5.59628486633301 6.02062320709229 5.63903093338013 6.90947723388672
16.9184722900391 11.8617715835571 4.84163904190063 4.3140869140625 4.004723072052 3.86739015579224 3.70357418060303 3.21576237678528 3.05980253219604 2.59754037857056 2.50029158592224 2.02619647979736 1.95243406295776 1.51172053813934 2.27973794937134 2.82293939590454 2.42531943321228 1.96118950843811 4.06927824020386 2.05410027503967 1.79805147647858 1.66417324542999 2.00762128829956 4.24011468887329 4.47391986846924 3.67061877250671 3.1926121711731 0.573198437690735 0.430282443761826 1.17528569698334 1.05095815658569 0.198787569999695 0.117019414901733 -0.351367861032486 38.1681442260742 13.7229986190796 16.1887855529785 12.2780456542969 10.8895578384399 8.27724075317383 8.2689380645752 7.20365619659424 8.8704252243042 9.22924613952637 8.46528911590576
8.48177146911621 5.54731178283691 4.72893857955933 4.84743976593018 3.92618322372437 3.55883574485779 3.41907691955566 2.90471696853638 2.79109191894531 2.26468300819397 2.14678478240967 1.22117590904236 1.61091601848602 2.5484185218811 2.5348174571991 2.07355403900146 2.01858806610107 4.70437526702881 2.3544762134552 1.73907256126404 2.07885718345642 2.04901385307312 5.29950761795044 5.32515335083008 1.54436588287354 0.924559772014618 1.41397380828857 1.9330769777298 1.78781843185425 0.616299748420715 7.84242916107178 1.06162571907043 0.993333101272583 7.6680064201355 4.11593151092529 30.3802967071533 1.2430819272995 19.6394424438477 14.0467777252197 10.7405519485474 12.3404455184937 12.767201423645 10.9933166503906 9.57577705383301 8.6793270111084
6.84390640258789 10.3586835861206 7.22248363494873 3.90456008911133 3.30694437026978 3.17889928817749 3.06766986846924 2.51453852653503 2.41617822647095 1.86648118495941 1.76906442642212 2.75247144699097 2.67692232131958 2.13712668418884 2.13318872451782 1.85425937175751 3.26143980026245 4.00779867172241 2.37712073326111 2.13691091537476 7.29393196105957 6.17493391036987 2.17132902145386 5.41460227966309 1.65878093242645 2.28706502914429 2.14240741729736 1.16038513183594 1.47981870174408 1.37737548351288 1.22198641300201 0.167941749095917 39.1057167053223 1.65698409080505 1.72923946380615 1.69389736652374 0.893064737319946 25.3837833404541 21.3076152801514 22.1713581085205 16.1207752227783 12.6900644302368 11.2643699645996 3.11515545845032 2.93314337730408
