slauniainen/Data/DEM/Vihti_dsm1500b_cl_horizonAngle_12.asc
NCOLS 196 
NROWS 178 
XLLCORNER 353680 
YLLCORNER 6699024 
CELLSIZE 16 
NODATA_value -3.4e+38 
[rows 0 to 19 of 178, columns 138 to 183 of 196]
4.72048854827881 16.3859157562256 11.7324123382568 6.06097793579102 10.5728340148926 3.68836355209351 4.44732713699341 4.42012929916382 4.46876096725464 4.62094974517822 4.52422571182251 4.52192831039429 4.53110599517822 4.50112104415894 3.42207479476929 3.4255793094635 2.20743680000305 3.62088775634766 6.45330286026001 7.31564950942993 16.881420135498 26.4235000610352 37.120849609375 10.1729354858398 5.49729013442993 8.47725772857666 21.2050380706787 4.67511034011841 15.3563623428345 15.6642084121704 2.14199185371399 18.4649696350098 7.97881317138672 7.46532869338989 6.57882356643677 5.73275279998779 4.72231912612915 5.93330478668213 15.2144985198975 -0.839159667491913 4.91894245147705 28.3513565063477 6.9525728225708 2.68601489067078 3.89077615737915 5.74769449234009
2.02309846878052 12.9401111602783 8.45769596099854 4.73752689361572 5.57835054397583 3.29898881912231 4.00008773803711 4.02278184890747 4.13133716583252 4.33905172348022 4.26687622070312 4.23211288452148 4.23206567764282 4.22059297561646 3.1631064414978 3.13381314277649 1.95213758945465 2.88009548187256 5.24889087677002 5.38385725021362 17.5251541137695 13.4296226501465 21.4895439147949 6.75771903991699 5.27795171737671 10.4632701873779 13.4531831741333 38.6782989501953 12.0713949203491 8.38206481933594 0.796047389507294 5.94469451904297 7.3574161529541 6.53863286972046 6.02030038833618 5.1694712638855 5.4538516998291 4.08919239044189 9.62314033508301 -0.16593761742115 5.69027042388916 18.054708480835 5.34435510635376 2.6002025604248 3.71216011047363 5.38209009170532
23.2726535797119 9.75103759765625 6.1225848197937 2.91506195068359 3.27003979682922 3.0105197429657 3.61706471443176 3.64920973777771 3.76834797859192 4.02204513549805 3.72447681427002 4.0065975189209 4.07825708389282 4.06823539733887 3.03701782226562 3.01087498664856 2.07154607772827 3.56175994873047 1.77171814441681 4.15648794174194 13.5865793228149 14.4777202606201 6.21737337112427 4.56091165542603 4.91402053833008 13.5554914474487 13.2288522720337 22.4650039672852 11.542929649353 3.42317461967468 21.4187984466553 1.99870884418488 6.40818548202515 5.6527156829834 5.24473094940186 4.80615043640137 5.09311485290527 4.78479433059692 0.584740221500397 31.5506534576416 19.6339225769043 7.69814538955688 3.10726809501648 2.56175184249878 3.58394980430603 5.06531286239624
17.4765377044678 7.50034046173096 4.83498525619507 2.57306170463562 2.74079418182373 2.90079212188721 3.44549775123596 3.43182897567749 3.64410161972046 3.69124722480774 3.54191780090332 3.85502600669861 3.96838307380676 3.23709726333618 2.9774751663208 2.95841884613037 1.99820423126221 3.24892807006836 1.67822015285492 3.36886358261108 11.0155277252197 11.1778163909912 4.24382591247559 4.47088670730591 4.69134140014648 10.9298276901245 14.7728700637817 7.17384433746338 6.14255380630493 3.41317391395569 16.2799015045166 9.10673332214355 6.01659631729126 5.25988101959229 4.84033918380737 4.51741170883179 4.86371231079102 5.02958106994629 39.6447410583496 22.5393829345703 11.6936473846436 6.56470918655396 2.16119933128357 2.51077079772949 3.49807333946228 4.80746269226074
3.04519748687744 5.97477531433105 2.91860961914062 3.35968446731567 3.13396310806274 2.96672892570496 3.37311816215515 3.31454634666443 3.5107901096344 3.55780363082886 3.43532848358154 3.80245018005371 3.88281631469727 2.92379522323608 2.87765049934387 1.76605021953583 2.31781625747681 3.1551947593689 2.52454090118408 8.35192203521729 9.23648738861084 8.93373394012451 4.06535053253174 4.05122947692871 5.49933004379272 9.03416728973389 2.05247926712036 4.58750104904175 2.75539755821228 6.23857355117798 5.13557386398315 3.96372842788696 5.75100040435791 5.05682945251465 4.37315559387207 3.83447480201721 4.56351566314697 5.3399338722229 24.7518577575684 8.88084888458252 8.04789352416992 5.85985136032104 2.35805034637451 3.31813597679138 3.31097197532654 5.94550371170044
1.8346403837204 4.08282613754272 5.41420984268188 7.18322134017944 8.81761455535889 7.36222124099731 5.06026649475098 3.58225345611572 3.51106238365173 3.669602394104 3.59926867485046 3.72491240501404 3.81215453147888 2.88540291786194 2.85094094276428 2.28130626678467 2.41773509979248 3.07127690315247 2.39441728591919 7.51139354705811 7.98766899108887 7.51279640197754 3.86753129959106 3.66494941711426 4.94475030899048 7.64779996871948 12.1631765365601 3.91543245315552 2.60436153411865 15.6061086654663 9.78904151916504 5.11370325088501 5.49220085144043 4.88321733474731 4.29331302642822 4.56346845626831 3.83820557594299 17.4563007354736 13.8787136077881 7.84968423843384 7.6576132774353 3.64085531234741 2.34814429283142 3.26254963874817 4.35749912261963 5.75984954833984
0.992073833942413 5.25115966796875 5.3863525390625 6.93571138381958 8.68931198120117 10.5317945480347 10.5255756378174 9.40085697174072 8.24915504455566 5.63367366790771 3.59361028671265 3.71227264404297 3.74351000785828 2.85463261604309 2.99535250663757 2.7438006401062 2.75374245643616 1.00772142410278 2.31558012962341 6.85283803939819 5.13638257980347 6.4617657661438 3.69044399261475 3.35099530220032 4.95457363128662 6.6558313369751 19.7955455780029 8.65165710449219 19.8906288146973 8.02058219909668 4.23280954360962 1.76273000240326 4.8460545539856 4.66362619400024 4.15319967269897 4.48563575744629 4.52023124694824 14.5684404373169 12.0442304611206 7.12717533111572 7.25642585754395 4.33327436447144 2.86116242408752 3.21621465682983 4.23574686050415 5.57911157608032
11.8077802658081 5.30643558502197 5.29348707199097 6.96073579788208 7.84566688537598 8.32621765136719 9.28157234191895 8.94419479370117 7.93643379211426 6.13977527618408 4.2856650352478 3.68522119522095 3.0327250957489 2.83976888656616 2.85813736915588 4.42061233520508 3.44650864601135 17.1044445037842 2.13410258293152 6.28537464141846 5.57890176773071 3.46904349327087 3.16534948348999 3.27865958213806 5.87196254730225 25.404842376709 10.337025642395 17.8566417694092 2.45846343040466 4.78921318054199 1.64124178886414 7.53573322296143 4.36391639709473 4.10889673233032 3.95240116119385 4.27369165420532 4.49358367919922 12.3111562728882 10.493724822998 6.40902709960938 5.08692836761475 3.69522547721863 3.2305166721344 3.1966450214386 4.13577795028687 5.43579626083374
22.5608711242676 2.2468249797821 4.49246740341187 5.74689817428589 6.48613834381104 7.09435939788818 7.37612056732178 6.68472194671631 6.20601177215576 5.19569063186646 4.30136775970459 3.68083047866821 2.80141472816467 2.79924178123474 3.94747924804688 2.70627164840698 2.69067358970642 9.13976669311523 5.73389053344727 5.65222692489624 5.07230854034424 3.36594462394714 3.04567933082581 3.79045128822327 5.25549125671387 22.2580699920654 4.61803293228149 5.9790997505188 14.2758941650391 4.77939224243164 0.980220675468445 3.99506807327271 4.15284109115601 3.89035248756409 3.77794718742371 4.05470085144043 4.20982456207275 10.4337787628174 9.12973880767822 5.82816457748413 4.75547075271606 2.49353361129761 3.05197381973267 3.19696688652039 5.18462514877319 5.59802341461182
12.7770748138428 12.2718172073364 3.80571794509888 4.78981399536133 3.09656882286072 5.66878271102905 5.96209239959717 5.54484033584595 4.51306009292603 3.87859344482422 3.75807666778564 4.45743751525879 6.13202381134033 4.12046051025391 2.82009124755859 2.06306219100952 6.24942874908447 1.95671951770782 5.41659259796143 5.25609731674194 4.69484663009644 3.24940347671509 2.80263543128967 3.4757936000824 4.72294473648071 6.75639200210571 3.84722566604614 2.11706447601318 1.9265124797821 8.04953670501709 0.555202543735504 1.10343170166016 4.00085210800171 3.59052801132202 3.36020112037659 3.91438603401184 5.56905698776245 8.99450874328613 4.69530153274536 5.32380723953247 2.69728875160217 2.34450721740723 3.12256813049316 3.92142510414124 5.05741596221924 5.43463611602783
10.8179206848145 6.1671347618103 3.24836111068726 4.06083488464355 4.16371202468872 3.09302878379822 3.33428406715393 3.17300152778625 3.19097852706909 3.57098364830017 3.64197254180908 4.03578042984009 4.02669334411621 3.10848021507263 2.30421710014343 2.02688646316528 5.15034437179565 1.91348159313202 5.13661623001099 3.67802596092224 4.35764741897583 3.15039896965027 2.70667552947998 3.39236521720886 4.32755136489868 3.90038681030273 2.32982325553894 1.93121612071991 4.55726718902588 3.92774057388306 26.1247234344482 6.19580888748169 1.6502251625061 2.72945737838745 3.7880175113678 3.31149816513062 8.32783031463623 7.38947343826294 4.77319192886353 5.00699949264526 2.42694902420044 2.33517169952393 3.08408570289612 3.81843400001526 4.9115948677063 5.2525315284729
5.32651996612549 2.7768247127533 3.34506464004517 3.5950813293457 9.23934841156006 2.91402912139893 3.08278894424438 14.147144317627 18.5890846252441 3.50926423072815 3.61433339118958 3.60972166061401 2.79133486747742 2.7702362537384 2.05508875846863 2.41114258766174 4.22271108627319 1.81100928783417 4.83421802520752 3.96296644210815 3.02609014511108 2.77284955978394 2.41648101806641 4.01586484909058 2.28503274917603 1.94816553592682 3.72501516342163 1.71982729434967 21.2126369476318 14.9524192810059 24.048656463623 0.551208078861237 19.4833011627197 5.3623571395874 3.67316150665283 3.76635766029358 7.79395341873169 7.1074070930481 4.84910154342651 4.02592325210571 2.54373407363892 2.3152813911438 3.025954246521 3.70992875099182 4.75835847854614 5.07226371765137
3.18684911727905 2.48778605461121 3.02888607978821 6.97505283355713 3.03994631767273 13.4200429916382 3.05998134613037 7.62015771865845 9.65742778778076 3.42984986305237 3.539226770401 2.93825316429138 2.73016619682312 2.71007180213928 1.82951533794403 2.27798008918762 3.54623627662659 1.70436120033264 4.54171371459961 3.68711423873901 2.9102668762207 2.67902612686157 2.4052677154541 3.69736838340759 4.89838886260986 22.720983505249 25.9683437347412 40.2070808410645 19.9978828430176 15.9103927612305 24.8221015930176 42.3386726379395 5.08967208862305 8.53602123260498 3.54463076591492 3.69594717025757 7.17573928833008 6.65289258956909 4.6854510307312 3.95467567443848 2.19414281845093 2.29013752937317 2.96621370315552 3.58933973312378 4.60412979125977 4.90992641448975
2.47751379013062 2.24828362464905 2.73108124732971 2.17194271087646 3.11724615097046 3.72358131408691 3.00128531455994 6.64920043945312 3.00397849082947 3.40660429000854 3.44315266609192 2.66180229187012 2.64066410064697 1.72790062427521 1.75188708305359 2.16429281234741 3.04642415046692 4.24017143249512 3.93858098983765 3.42133688926697 2.81232738494873 2.59582281112671 2.76248288154602 3.47078394889832 21.4371147155762 27.6461086273193 15.5914115905762 30.7696876525879 14.0388698577881 20.7636280059814 16.6408157348633 31.5506134033203 27.803108215332 7.19590950012207 3.41559791564941 3.53027582168579 6.59441757202148 3.94135642051697 4.40245389938354 3.74783539772034 2.23402500152588 2.88010215759277 2.81313705444336 4.43301439285278 4.73210573196411 4.83667802810669
2.07104706764221 2.49527192115784 2.49153900146484 18.6962375640869 6.04679441452026 2.77850914001465 6.66665840148926 4.66249322891235 3.26851582527161 3.33693838119507 2.80032920837402 2.60668873786926 2.58582329750061 1.69204819202423 1.68150556087494 2.60903906822205 1.50382399559021 4.01204252243042 3.71404075622559 3.19819521903992 2.72192430496216 2.28453469276428 2.58857774734497 15.6367282867432 23.9115390777588 23.0492687225342 32.8966369628906 15.9210042953491 13.3869304656982 15.3153324127197 22.1995182037354 12.2172737121582 19.7493724822998 3.10619330406189 3.28682279586792 6.00650501251221 5.6563925743103 3.69882464408875 4.16597080230713 2.2820827960968 2.18756675720215 2.81167674064636 3.34763216972351 4.30559349060059 4.59790086746216 4.69031763076782
1.85558199882507 2.36371111869812 2.36247897148132 15.080753326416 3.86763095855713 6.47414779663086 12.014778137207 3.73308038711548 3.19953274726868 2.79391884803772 2.37775468826294 2.26733875274658 1.40137803554535 1.30029439926147 1.61799144744873 2.33669900894165 1.42479765415192 3.80326676368713 2.62011981010437 3.01444959640503 2.63246774673462 1.91168534755707 2.44828200340271 14.8312253952026 18.5137405395508 20.5351085662842 20.7936668395996 15.3391942977905 15.1614856719971 14.8016328811646 17.8322925567627 12.7421741485596 5.44458913803101 3.11608791351318 2.74810862541199 5.57727289199829 5.27540349960327 3.85524678230286 3.93367719650269 1.97503852844238 2.02029299736023 2.74957060813904 3.24847412109375 4.17814254760742 4.46402978897095 4.56993579864502
1.7019270658493 2.23986196517944 9.74391746520996 5.76359605789185 2.21074485778809 13.3809661865234 6.11822605133057 3.15432333946228 2.63512587547302 2.61534428596497 1.83424258232117 2.21929526329041 1.23965227603912 1.54565846920013 1.86465644836426 2.12019801139832 1.35616898536682 3.63089156150818 2.8109724521637 2.54253339767456 2.35565066337585 1.78200364112854 2.85801196098328 11.4620532989502 15.1459007263184 17.319221496582 17.1726264953613 12.9522867202759 10.3720026016235 12.8170919418335 14.6014013290405 9.89843845367432 3.3228657245636 2.98507452011108 3.01404857635498 5.19824123382568 4.93994283676147 3.66172122955322 3.20217442512512 1.93261802196503 1.97762024402618 2.68856310844421 3.15669655799866 4.06365442276001 4.34528732299805 16.2079391479492
-0.00513700488954782 1.71136832237244 7.23361110687256 2.13210868835449 2.22356247901917 6.84273862838745 2.95179915428162 2.69156765937805 2.29464602470398 1.97088515758514 1.27477049827576 1.60574269294739 1.12230360507965 1.48728597164154 1.78132712841034 1.92142879962921 1.28317761421204 3.45240116119385 2.66211271286011 2.46462154388428 2.26755619049072 1.81037604808807 2.7084743976593 9.33405590057373 12.8007354736328 14.2557916641235 14.5304975509644 11.2078227996826 11.0618686676025 9.20618915557861 12.3459939956665 8.04425811767578 2.85430431365967 2.87178158760071 2.91954302787781 4.87594223022461 4.65357303619385 3.48105978965759 3.05656409263611 1.86932277679443 1.93726992607117 2.63303780555725 3.06050372123718 3.95681977272034 4.26049184799194 12.5821714401245
21.7864952087402 0.966953217983246 3.17480301856995 0.870197951793671 1.6402063369751 3.749915599823 2.22680592536926 2.47416949272156 1.2254410982132 1.28943336009979 1.07810866832733 1.5484025478363 1.04934167861938 1.43945777416229 1.74043023586273 1.2358250617981 3.27351474761963 2.95190405845642 2.52251148223877 2.38724088668823 2.17642903327942 2.11887717247009 2.57084369659424 7.83737659454346 11.0562467575073 12.3231191635132 12.5684204101562 8.14563941955566 9.91876983642578 8.48718643188477 10.6669883728027 6.75752592086792 2.42659258842468 2.76430940628052 2.79910278320312 4.58554744720459 2.97642230987549 3.31453657150269 2.9199116230011 1.89873719215393 2.57265686988831 2.5136399269104 3.81856966018677 4.08708667755127 4.18044853210449 5.06134605407715
8.0411548614502 -0.119905479252338 5.55380249023438 9.10012149810791 13.1772003173828 3.12143659591675 1.98673820495605 1.25311923027039 1.09930741786957 1.24719214439392 1.35909783840179 1.48445570468903 1.01642382144928 1.37826037406921 1.6298052072525 1.15875864028931 3.1280722618103 2.80262541770935 2.39099931716919 2.28817105293274 1.85454738140106 2.02554535865784 6.11120462417603 9.50497627258301 10.6206684112549 10.8309097290039 8.64730739593506 6.91201114654541 8.98342323303223 9.17904663085938 5.56243515014648 5.79483985900879 2.64465045928955 2.33109998703003 4.27233123779297 4.11244297027588 2.6901957988739 3.16365027427673 1.78018260002136 1.86021423339844 2.52310991287231 2.88962340354919 3.72025847434998 4.02818822860718 4.13082599639893 17.2329387664795
