slauniainen/Data/DEM/Vihti_dem1500b_cl_horizonAngle_180.asc
NCOLS 196 
NROWS 178 
XLLCORNER 353680 
YLLCORNER 6699024 
CELLSIZE 16 
NODATA_value -3.4e+38 
[rows 40 to 59 of 178, columns 45 to 89 of 196]
1.26979398727417 0.705363094806671 0.214493691921234 0.0361504778265953 0.00690152682363987 0.209403559565544 0.718816936016083 0.889760076999664 0.985463619232178 0.920283377170563 0.697054743766785 0.79554295539856 0.643472373485565 0.286291837692261 0.0627079382538795 0.0643344148993492 0.826395571231842 0.341587364673615 -0.129050567746162 -0.0292864833027124 0.176478654146194 0.457054078578949 0.598818361759186 0.592907190322876 0.515478670597076 0.44874832034111 0.331987589597702 0.172153815627098 0.109355747699738 0.254212111234665 0.487955123186111 1.55740487575531 1.73295974731445 1.1060117483139 0.371005237102509 0.119528137147427 -0.024079343304038 -0.0969913229346275 -0.123060055077076 -0.0650870278477669 -0.0173722226172686 -0.00719872862100601 -0.0323410890996456 -0.12999638915062 -0.280458986759186
1.47013366222382 0.902511119842529 0.530360400676727 0.682582259178162 0.789978802204132 1.07382047176361 1.28238606452942 1.29569482803345 1.30805099010468 1.15032589435577 0.725405871868134 0.126732587814331 0.0830381289124489 0.0733965188264847 0.0645888447761536 0.0824440494179726 0.000115492286568042 -0.0746868327260017 -0.121720619499683 -0.0126221897080541 0.20679272711277 0.500040292739868 0.653985917568207 0.647235751152039 0.568628311157227 0.503322720527649 0.390110790729523 0.224790021777153 0.769360899925232 0.586843013763428 0.764867424964905 0.940364301204681 0.927608907222748 1.81459784507751 1.16099369525909 0.34816974401474 0.0991250723600388 -0.0403667017817497 -0.0327073000371456 0.00337149761617184 0.3826624751091 0.0812265872955322 0.00111317553091794 -0.120700493454933 -0.394532799720764
1.63068306446075 1.03632569313049 0.951852977275848 1.19193172454834 1.5037477016449 1.59540998935699 1.80835664272308 1.74832713603973 1.57663345336914 1.17658054828644 0.745400249958038 0.205816626548767 0.10036064684391 0.0938986241817474 0.0720584541559219 0.089850090444088 0.0126989474520087 -0.0257491618394852 -0.0474632978439331 0.0725253522396088 0.28465262055397 0.585828900337219 0.739619135856628 0.72543078660965 0.634927809238434 0.556983530521393 0.420674473047256 0.229956746101379 0.241213530302048 0.404849320650101 0.965656340122223 0.519230425357819 0.553993046283722 0.760483264923096 1.35564875602722 0.941989421844482 0.302267223596573 0.0554160699248314 0.0448836348950863 0.120366647839546 0.144118145108223 0.141003891825676 0.0401647016406059 -0.120249338448048 -0.375887244939804
1.7786123752594 1.13804411888123 1.45552337169647 2.16216230392456 2.23026847839355 2.45941233634949 2.84673881530762 2.58659625053406 2.39199638366699 2.00131225585938 1.26161205768585 0.57814222574234 0.258903384208679 0.167069375514984 0.215794712305069 0.263236373662949 0.298900038003922 0.188867703080177 0.0845349133014679 0.672729074954987 0.312362790107727 0.608499586582184 0.75774610042572 0.758033752441406 0.661132514476776 0.566267251968384 0.426781117916107 0.476613253355026 0.225179255008698 0.455513924360275 0.474434584379196 0.228250056505203 0.418491899967194 0.57823783159256 0.761780738830566 1.14410948753357 0.723856806755066 0.209489107131958 0.116118870675564 0.182943522930145 0.227269425988197 0.172305092215538 0.088694728910923 -0.10450305044651 -0.387841582298279
1.94146955013275 1.25850677490234 2.59399175643921 3.38190793991089 3.86638689041138 4.99257040023804 5.34382724761963 4.48776912689209 4.10116291046143 3.32838606834412 1.72422504425049 0.900957465171814 0.239219158887863 0.583674132823944 0.460945874452591 0.31535005569458 0.343199253082275 0.126945689320564 0.121146887540817 0.103121556341648 0.322002559900284 0.635925769805908 0.783650994300842 0.766398429870605 0.686688959598541 0.596292674541473 0.444298535585403 0.232449889183044 0.299289345741272 0.766984403133392 0.529106080532074 0.257810592651367 0.634239137172699 0.361028850078583 0.523725748062134 1.00609278678894 1.03985726833344 0.555348694324493 0.21430504322052 0.219721168279648 0.280152946710587 0.227111026644707 0.125674113631248 -0.0556073151528835 -0.299953579902649
3.01626348495483 2.75316381454468 4.21575498580933 3.90149617195129 2.97155237197876 1.93758678436279 1.07206428050995 0.766779541969299 0.121661707758904 0.131189778447151 0.677386581897736 1.56170475482941 0.562106549739838 0.576161682605743 0.530226111412048 0.353894919157028 0.0965909287333488 0.085001640021801 0.39454647898674 0.114396773278713 0.326215863227844 0.652003586292267 0.818308472633362 0.79584938287735 0.697803497314453 0.605361640453339 0.69951319694519 0.235052362084389 0.38781675696373 0.782294929027557 0.176075652241707 0.457845151424408 0.664602220058441 0.364530891180038 0.524750828742981 0.552388668060303 1.23457050323486 1.1001740694046 0.44186007976532 0.256997376680374 0.304588824510574 0.270045578479767 0.150594040751457 -0.037278275936842 -0.224213615059853
2.05303692817688 1.30859220027924 0.919455766677856 0.306344717741013 0.393194168806076 0.201489746570587 0.244751513004303 0.133499726653099 0.129863530397415 0.133537247776985 0.134284690022469 0.134666487574577 0.713048577308655 0.677673399448395 0.521661758422852 0.45488104224205 0.209487795829773 0.238782033324242 0.171823501586914 0.379903227090836 0.349185079336166 0.669413805007935 0.828607141971588 0.825903415679932 0.731045067310333 0.612485110759735 0.452463299036026 0.239497542381287 0.65402364730835 0.256144046783447 0.176513388752937 0.867818474769592 0.171054750680923 0.366612523794174 0.528911769390106 0.552898168563843 0.593604147434235 1.25035452842712 0.920363962650299 0.304763376712799 0.34608057141304 0.29914802312851 0.200031444430351 -0.00779005838558078 -0.206585302948952
2.36848592758179 1.68538880348206 0.356258064508438 0.264641493558884 0.225656360387802 0.193866476416588 0.181831225752831 0.201100572943687 0.219197139143944 0.204375252127647 0.184166550636292 0.175726264715195 0.166482046246529 0.187139540910721 0.32270935177803 0.444253921508789 0.346245408058167 0.590162098407745 0.241944491863251 0.257798671722412 0.355614125728607 0.704712629318237 0.861196637153625 0.841017365455627 0.750643193721771 0.643575608730316 0.455469399690628 0.241715058684349 0.913897395133972 0.129549577832222 0.377653896808624 0.479167580604553 0.122732236981392 0.374089747667313 0.532591938972473 0.558792650699615 0.531651198863983 0.678533911705017 1.21198654174805 0.907703995704651 0.393282949924469 0.351778566837311 0.25535175204277 0.0575641952455044 -0.170881718397141
2.6454963684082 1.79302215576172 0.356841385364532 0.322045266628265 0.28364759683609 0.253495723009109 0.250481784343719 0.272196382284164 0.292953550815582 0.290360778570175 0.260193258523941 0.244480922818184 0.237437814474106 0.240134090185165 0.238368153572083 0.244857877492905 0.264773160219193 0.277979820966721 0.44922599196434 0.302982032299042 0.360092431306839 0.708063840866089 0.895989060401917 0.878827154636383 0.768023550510406 0.647668242454529 0.478980034589767 0.490989804267883 0.137614384293556 0.137198373675346 0.768896520137787 0.134951800107956 0.123044118285179 0.384723842144012 0.539372980594635 0.563064277172089 0.535330295562744 0.380327612161636 0.771764695644379 0.922733426094055 0.585647821426392 0.400495111942291 0.304101943969727 0.10241587460041 -0.13198509812355
2.87793374061584 1.38405704498291 0.389647871255875 0.369862675666809 0.355913370847702 0.319551020860672 0.313508361577988 0.329713702201843 0.343535214662552 0.358260840177536 0.343053638935089 0.321497708559036 0.309827744960785 0.304327696561813 0.302394658327103 0.303903937339783 0.303397357463837 0.303529888391495 0.295300751924515 0.303952753543854 0.381478279829025 0.735446989536285 0.917345285415649 0.910309314727783 0.806001365184784 0.667101740837097 0.489895671606064 0.586761057376862 0.0588915795087814 0.196007445454597 0.581707239151001 0.134957864880562 0.258953481912613 0.387662291526794 0.544262886047363 0.566974341869354 0.538846671581268 0.381119579076767 0.317843317985535 0.398166298866272 0.716831922531128 0.441289782524109 0.347115069627762 0.136382356286049 -0.0924584418535233
3.02208876609802 1.49992346763611 0.432015806436539 0.434935182332993 0.492335230112076 0.398942857980728 0.378949642181396 0.382410794496536 0.381690889596939 0.396015614271164 0.408847898244858 0.396568119525909 0.382761299610138 0.381464511156082 0.371061265468597 0.357729852199554 0.35402250289917 0.340417563915253 0.318252742290497 0.313610017299652 0.383519232273102 0.76809561252594 0.955186665058136 0.932032585144043 0.830526113510132 0.699370920658112 0.520947515964508 0.246688514947891 0.065376341342926 0.558869361877441 0.180579468607903 0.138386398553848 0.50669801235199 0.390174031257629 0.555632770061493 0.579672694206238 0.543756484985352 0.385608434677124 0.321503490209579 0.309553235769272 0.420154064893723 0.502115309238434 0.393031567335129 0.17999355494976 -0.0603821016848087
3.47479295730591 1.78443229198456 0.471881866455078 0.492587506771088 0.487032771110535 0.475936412811279 0.460370719432831 0.446361839771271 0.427354693412781 0.429148733615875 0.446469962596893 0.468678861856461 0.455749154090881 0.440714627504349 0.425856202840805 0.413308799266815 0.41842246055603 0.390395373106003 0.361185491085052 0.340909034013748 0.445484727621078 0.818404734134674 0.991911888122559 0.975330770015717 0.855130851268768 0.728367745876312 0.550559878349304 0.258500993251801 0.0803835317492485 0.506158471107483 0.181983858346939 0.217791587114334 0.544076502323151 0.432288408279419 0.569233477115631 0.592589974403381 0.551697671413422 0.38879805803299 0.323731273412704 0.313489228487015 0.421213239431381 0.442041426897049 0.421182870864868 0.247851148247719 -0.0118652042001486
4.46624946594238 2.55832839012146 0.525569796562195 0.547943532466888 0.561094284057617 0.548797607421875 0.534353494644165 0.505521416664124 0.479574173688889 0.473314076662064 0.492287278175354 0.514327645301819 0.516446530818939 0.50477659702301 0.482150852680206 0.478526741266251 1.00303375720978 0.422128856182098 0.393478691577911 0.362733125686646 0.539690434932709 0.92270302772522 1.08495569229126 1.02720022201538 0.902112126350403 0.773138582706451 0.562824904918671 0.269542217254639 0.166000455617905 0.142739355564117 0.18999020755291 0.316453099250793 0.490600496530533 0.663224756717682 0.61463063955307 0.605432033538818 0.568276643753052 0.397130221128464 0.32925745844841 0.316432774066925 0.428027391433716 0.444318026304245 0.404195845127106 0.285008192062378 0.047840341925621
5.5970253944397 3.2462956905365 1.12697446346283 0.922060787677765 0.664537370204926 0.638944983482361 0.58989942073822 0.570104658603668 0.552417874336243 0.549749135971069 0.55117666721344 0.544125914573669 0.538111805915833 0.553179025650024 0.536970555782318 0.621481835842133 0.523819923400879 0.445311814546585 0.421468257904053 0.375364601612091 0.554093480110168 0.991078674793243 1.19257938861847 1.15383565425873 0.993647158145905 0.83092337846756 0.599188029766083 0.310603529214859 0.242688834667206 0.163222536444664 0.213682934641838 0.365928381681442 0.62217789888382 0.794316947460175 0.782990872859955 0.67795330286026 0.583818435668945 0.402895718812943 0.335504949092865 0.318694710731506 0.43830806016922 0.453901141881943 0.40960305929184 0.292071729898453 0.104336805641651
7.12007999420166 4.24032783508301 1.30422806739807 2.21912455558777 3.65231084823608 1.64454460144043 1.00135743618011 0.754640340805054 0.574710071086884 0.579066693782806 0.582499742507935 0.574434220790863 0.569860219955444 0.625304579734802 0.62102597951889 1.45982825756073 0.487185060977936 0.45639231801033 0.441990226507187 0.415975034236908 0.60137265920639 1.03027963638306 1.24537467956543 1.24666309356689 1.14136552810669 0.970805525779724 0.708914935588837 0.361272543668747 0.138697326183319 0.171957343816757 0.268576771020889 0.465863287448883 0.763409554958344 0.928569793701172 0.834222495555878 0.731446802616119 0.604680359363556 0.414497524499893 0.34120699763298 0.325344681739807 0.442543894052505 0.46570748090744 0.416132122278214 0.295865297317505 0.14021235704422
9.7440128326416 6.27978944778442 2.37544822692871 0.99632853269577 1.72511219978333 2.46745038032532 3.31832504272461 1.67245674133301 0.94976007938385 0.677219986915588 0.601476728916168 0.587153017520905 0.667895913124084 0.834213554859161 0.973699986934662 0.750827014446259 0.517634332180023 0.498644113540649 0.465016692876816 0.427781909704208 0.652200281620026 1.08792912960052 1.30997955799103 1.30334484577179 1.22968459129333 1.05658602714539 0.812723636627197 0.45727351307869 0.215907946228981 0.233479857444763 0.341891080141068 0.595645129680634 0.92477411031723 1.03232073783875 0.856443405151367 0.751987993717194 0.619729399681091 0.422497510910034 0.350699603557587 0.332459688186646 0.459829568862915 0.477103501558304 0.427975475788116 0.303843587636948 0.144641682505608
11.049430847168 8.74627494812012 3.9521152973175 1.30529654026031 0.769866228103638 1.58436381816864 2.04556441307068 2.70334815979004 3.22595500946045 1.71990764141083 1.04872667789459 0.808274686336517 1.09819746017456 1.14043629169464 1.14350867271423 0.578543543815613 0.555463016033173 0.532995462417603 0.495102554559708 0.438338458538055 0.677478313446045 1.16533446311951 1.39467346668243 1.38357365131378 1.30707705020905 1.13313317298889 0.868539273738861 0.497215211391449 0.306306928396225 0.364030510187149 0.419821262359619 0.693894982337952 1.05039739608765 1.11747515201569 0.875030398368835 0.771991729736328 0.633830904960632 0.433580487966537 0.359719932079315 0.343563258647919 0.473647207021713 0.490648508071899 0.437108010053635 0.308360755443573 0.1453787535429
3.12234544754028 3.79879832267761 1.45230615139008 0.722417831420898 0.681867182254791 0.684860229492188 1.06729853153229 1.77660465240479 2.07073521614075 2.99123811721802 3.26368641853333 1.81465232372284 1.75885391235352 1.39554822444916 0.712220907211304 0.597873568534851 0.598521053791046 0.55793035030365 0.513906538486481 0.467656433582306 0.72823965549469 1.22269380092621 1.45332169532776 1.48066103458405 1.40358424186707 1.18795084953308 0.915072739124298 0.544463813304901 0.392632067203522 0.454062640666962 0.56181126832962 0.745372116565704 1.08678078651428 1.14943969249725 0.900686204433441 0.796551167964935 0.654493749141693 0.453363656997681 0.364642947912216 0.349688827991486 0.483504831790924 0.503832817077637 0.448183059692383 0.314133852720261 0.152023658156395
2.96523785591125 1.5659636259079 1.181236743927 0.75143951177597 0.689495265483856 0.692352414131165 0.625469028949738 0.821629106998444 1.64196491241455 2.07212686538696 2.33697748184204 3.31976819038391 3.89336514472961 1.93684995174408 1.07891941070557 0.716732919216156 0.742010772228241 0.728325307369232 0.543930053710938 0.498447060585022 0.836306393146515 1.3207221031189 1.54820621013641 1.58524823188782 1.51313972473145 1.26214706897736 0.947679996490479 0.584226429462433 0.526214361190796 0.559378802776337 0.676512181758881 0.774403095245361 1.12124514579773 1.18801605701447 0.928164720535278 0.81817215681076 0.681724369525909 0.469724088907242 0.379823595285416 0.361072182655334 0.499233216047287 0.523506164550781 0.464898407459259 0.325578451156616 0.156240195035934
3.46627974510193 1.1353839635849 1.37063944339752 0.793668150901794 0.714740037918091 0.697076201438904 0.639384806156158 0.636992394924164 0.648711681365967 1.15525186061859 1.39043545722961 2.05602860450745 2.51799345016479 3.41797375679016 3.00734066963196 1.55413794517517 1.22149443626404 1.10042214393616 0.818440020084381 0.605439126491547 0.936038851737976 1.43014395236969 1.69284605979919 1.74796807765961 1.60773718357086 1.36013233661652 1.04139351844788 0.612134695053101 0.606616139411926 0.635605275630951 0.724958598613739 0.787044107913971 1.14453935623169 1.20709645748138 0.951944828033447 0.841015934944153 0.700163006782532 0.483651578426361 0.393054336309433 0.375193387269974 0.515433132648468 0.540664732456207 0.47897806763649 0.340558677911758 0.164810761809349
