slauniainen/Data/DEM/Vihti_dem1500b_cl_horizonAngle_36.asc
NCOLS 196 
NROWS 178 
XLLCORNER 353680 
YLLCORNER 6699024 
CELLSIZE 16 
NODATA_value -3.4e+38 
[rows 20 to 39 of 178, columns 45 to 89 of 196]
6.8135290145874 0.797134399414062 -1.35044062137604 -0.588851630687714 1.23409974575043 -1.23364007472992 -0.577071368694305 -0.933907866477966 0.504031002521515 0.565864741802216 -0.566014766693115 2.14114880561829 2.29368448257446 3.27679991722107 3.71364426612854 2.18897724151611 1.26490390300751 1.83737790584564 3.46814608573914 5.00525760650635 6.15972328186035 6.22454786300659 3.57442474365234 1.79646599292755 2.60392308235168 2.23779034614563 3.61722493171692 4.34381675720215 4.31477642059326 4.15798997879028 3.91561222076416 4.12738561630249 3.80929565429688 3.73011708259583 3.90516448020935 4.00589752197266 3.8334367275238 3.58863043785095 3.34548234939575 2.35092616081238 1.14409124851227 0.801283061504364 1.03943121433258 1.26690232753754 1.51319301128387
9.56851863861084 10.0309076309204 5.97484683990479 6.27264833450317 6.56492280960083 4.84314393997192 5.63902711868286 5.4037127494812 6.82102060317993 7.11955690383911 5.03343868255615 3.56145048141479 2.12496995925903 4.36876249313354 2.33165669441223 0.469233483076096 0.0822507664561272 1.39927673339844 3.06421804428101 4.40496253967285 5.18627595901489 6.29227733612061 7.57981777191162 8.16426563262939 3.38437676429749 2.74339175224304 3.6963050365448 4.33821630477905 4.28802442550659 4.19637966156006 3.90738821029663 3.97857689857483 3.56779050827026 3.69648599624634 3.80802226066589 3.70376682281494 3.46624732017517 3.20316386222839 2.28469204902649 1.36035978794098 1.25840198993683 1.03911006450653 1.24604415893555 1.38797008991241 1.49919497966766
11.8902292251587 12.4281797409058 10.5735130310059 8.36534976959229 8.80374050140381 8.72922229766846 10.8551635742188 10.7735900878906 10.0549468994141 8.25211906433105 4.50071907043457 2.26665163040161 2.77306818962097 8.46018314361572 6.9310188293457 1.67806327342987 0.896284639835358 1.76984131336212 2.05513262748718 3.31648969650269 3.93579602241516 6.27397632598877 10.8262634277344 5.42204666137695 4.53526449203491 3.08159875869751 3.41216611862183 3.82904696464539 3.70849108695984 3.74544048309326 3.80639481544495 3.53210401535034 3.52632904052734 3.69112586975098 3.67201375961304 3.30784034729004 3.05939340591431 2.2350754737854 1.8592586517334 1.64332056045532 1.10937285423279 1.27647602558136 1.37876129150391 1.45445621013641 1.55167853832245
8.3007984161377 11.1786098480225 10.6710176467896 9.18573665618896 8.40417861938477 10.7184085845947 11.1967763900757 10.9056529998779 9.37739276885986 7.04650783538818 4.76397895812988 4.71103620529175 6.23476219177246 11.6841430664062 9.32269287109375 5.22701740264893 5.2510027885437 4.39228963851929 2.54158091545105 2.24073266983032 2.95166850090027 6.91669368743896 6.84131669998169 5.90899753570557 4.6901969909668 3.4567506313324 3.65689492225647 3.60543656349182 3.59625101089478 3.67516016960144 3.4357442855835 3.44635200500488 3.55239319801331 3.58112573623657 3.4479672908783 3.15333557128906 2.79889440536499 1.57556676864624 1.25819408893585 0.890715420246124 0.986257314682007 1.35929214954376 1.43500995635986 1.52445232868195 1.57581877708435
5.93782663345337 8.75518321990967 11.8850812911987 10.9992580413818 9.90966510772705 10.2696027755737 9.15713405609131 7.7859148979187 6.73067140579224 5.64846181869507 5.8536376953125 7.59341382980347 10.3471946716309 15.3360347747803 14.3095188140869 11.0896148681641 12.1880559921265 14.17116355896 13.9064903259277 11.735692024231 9.40515041351318 5.04968500137329 5.62261533737183 5.18332529067993 4.74933910369873 4.67900085449219 4.00268077850342 4.15724897384644 3.65738439559937 3.39511466026306 3.37688302993774 3.45678305625916 3.45236444473267 3.28975605964661 3.07988834381104 2.88925170898438 2.10582160949707 1.11465358734131 0.710904240608215 0.710868716239929 1.09042513370514 1.3912810087204 1.46281003952026 1.50863885879517 1.5902738571167
5.77894735336304 8.65355110168457 13.281644821167 14.4417419433594 10.6755247116089 8.20502471923828 5.96729135513306 4.07515478134155 3.46884083747864 4.04107236862183 4.66467380523682 7.15511608123779 10.7080602645874 14.894944190979 15.9159288406372 14.1162338256836 13.5271196365356 14.8733530044556 14.8500556945801 13.6505451202393 9.04564571380615 5.71325540542603 5.271559715271 5.47492265701294 4.51487159729004 4.73562669754028 4.75081348419189 4.00586652755737 3.66235399246216 3.33511137962341 3.38016104698181 3.43890762329102 3.330735206604 2.97597670555115 2.75077342987061 2.00391149520874 1.1899391412735 0.822405576705933 0.626348733901978 0.761386573314667 1.2238552570343 1.32688224315643 1.28262770175934 1.25384199619293 1.42563223838806
6.81250238418579 8.49128246307373 10.9489059448242 10.5476770401001 7.61753416061401 6.35696649551392 4.51312398910522 2.7273530960083 2.49470901489258 3.1710205078125 5.47348928451538 7.89500665664673 10.3158483505249 12.2780771255493 10.9781875610352 10.1645107269287 11.6600875854492 12.3633546829224 12.0301389694214 10.6556959152222 9.62767696380615 8.29548072814941 6.93769836425781 6.14422130584717 4.38239717483521 4.01225566864014 4.02319192886353 4.22577953338623 3.45977449417114 3.34975147247314 3.4032998085022 3.36959862709045 3.19043707847595 2.87386274337769 2.52125930786133 1.4228128194809 0.844066679477692 0.836324036121368 0.667242646217346 0.71949303150177 1.0782288312912 1.18435430526733 0.866556286811829 0.829228937625885 0.971113741397858
5.80356693267822 7.36357688903809 7.56429719924927 6.93818378448486 6.11086368560791 4.43805980682373 2.38427329063416 1.47579181194305 2.44980263710022 3.39537620544434 5.76782369613647 7.59927845001221 8.6599645614624 8.85729503631592 8.49528408050537 8.70851707458496 10.0576238632202 11.4419994354248 13.0492849349976 12.264741897583 10.8970823287964 9.52420711517334 7.59083890914917 6.13323593139648 4.44709205627441 3.59535193443298 3.95679759979248 3.97515892982483 3.52497243881226 3.37771940231323 3.32201623916626 3.13868427276611 2.8823401927948 2.66050219535828 1.9381514787674 1.05359470844269 0.67871218919754 0.836161315441132 0.896346688270569 0.719327867031097 0.829590916633606 0.857165932655334 0.631289541721344 0.497748583555222 0.521222054958344
5.35994720458984 6.42873287200928 6.02381992340088 5.29896783828735 3.978022813797 2.02298450469971 0.640115261077881 0.827981650829315 2.3021605014801 3.72190070152283 5.32137775421143 6.52160263061523 6.78132438659668 7.22672510147095 7.72269821166992 7.79970407485962 8.24431228637695 9.16134357452393 10.3950386047363 9.7522439956665 9.20559692382812 8.29284286499023 6.89887237548828 6.73899221420288 5.18710613250732 3.65153193473816 3.59386920928955 3.28663301467896 3.32365894317627 3.28164625167847 3.08312582969666 2.81702733039856 2.60344076156616 1.91865658760071 1.45584726333618 1.1676629781723 0.700409948825836 0.763354957103729 0.913686096668243 0.697684347629547 0.73054438829422 0.55842798948288 0.345881223678589 0.0854541212320328 0.0607381463050842
5.66342973709106 5.39340877532959 5.23574209213257 4.35748195648193 2.63476514816284 0.546004414558411 -0.255573630332947 0.457243144512177 1.46387982368469 3.55315256118774 4.41941738128662 4.73786163330078 5.16438674926758 6.3628716468811 7.34094476699829 7.76926469802856 8.1215648651123 7.73789978027344 7.25489377975464 6.78431987762451 6.55699396133423 6.47452163696289 6.94595146179199 5.4744987487793 4.09906959533691 3.58501172065735 4.02347469329834 3.50548768043518 3.32038402557373 3.40705108642578 2.82060861587524 2.5481870174408 1.87345921993256 1.30200004577637 1.24574375152588 1.15544199943542 0.741707980632782 0.58715033531189 0.662643611431122 0.578756988048553 0.560962677001953 0.383879333734512 0.214819625020027 0.174304500222206 -0.240928903222084
5.72993564605713 5.46719360351562 4.73517513275146 3.23599195480347 4.04228448867798 3.50505471229553 1.49035203456879 0.897200047969818 1.31143987178802 2.24091005325317 2.79601669311523 3.43061900138855 4.24667644500732 5.49984455108643 5.95753860473633 5.81525230407715 5.20383214950562 6.4224419593811 7.09100675582886 5.89823579788208 5.67520713806152 4.58608627319336 3.87175822257996 4.39610481262207 4.08115768432617 3.86863422393799 4.22238302230835 4.87693738937378 4.30504846572876 3.87914752960205 3.14555096626282 2.36483383178711 1.3890141248703 1.02712213993073 1.05798232555389 0.949262261390686 0.632505118846893 0.439833700656891 0.448534816503525 0.40053454041481 0.341162204742432 0.243328258395195 0.138670340180397 0.255516976118088 0.0682432502508163
5.10084581375122 4.78773498535156 7.50585412979126 7.63215112686157 9.28547859191895 6.51425361633301 5.54302501678467 1.08959746360779 1.22117590904236 1.82512092590332 2.54505658149719 3.17344093322754 3.92814564704895 4.39260292053223 4.30251312255859 4.00251436233521 3.5597128868103 4.27274799346924 5.7635350227356 5.17995023727417 4.29624223709106 3.87779068946838 4.2250018119812 3.49000525474548 3.25499796867371 3.24476456642151 3.30285787582397 3.74283003807068 4.64941692352295 4.23298597335815 3.68444514274597 2.50218796730042 1.26214683055878 0.939187109470367 0.794448554515839 0.75600278377533 0.569580554962158 0.383784621953964 0.248872771859169 0.210599735379219 0.176949724555016 0.244894281029701 0.107776738703251 0.165000408887863 0.348118543624878
5.13452625274658 8.19228172302246 12.0413656234741 8.46040916442871 7.36433982849121 5.86495494842529 4.10511875152588 1.21158695220947 1.24933433532715 1.84405910968781 2.92421174049377 3.5420286655426 3.90669989585876 4.21617603302002 4.39600086212158 3.84721398353577 3.20903205871582 3.36205387115479 4.19509410858154 3.69168376922607 3.88461303710938 3.55022263526917 3.36773228645325 3.36734008789062 3.13996076583862 3.19551849365234 3.20272755622864 3.28537368774414 4.01046991348267 4.07630729675293 3.73341512680054 2.96374869346619 1.9004842042923 0.999988496303558 0.677593886852264 0.583808839321136 0.556109726428986 0.360858559608459 0.175151199102402 0.0271718557924032 -0.009224615059793 0.182985454797745 0.187632128596306 0.0513180270791054 0.184268355369568
7.90204429626465 12.4048185348511 15.698637008667 13.7769784927368 11.9886198043823 10.0469608306885 8.02498722076416 4.05804681777954 4.74921894073486 4.04437685012817 3.27827906608582 3.87891316413879 5.22441625595093 7.08416652679443 7.39803075790405 6.55732583999634 3.3700122833252 3.42708659172058 3.20601654052734 3.36231422424316 3.14746856689453 3.23633909225464 3.2402970790863 3.03967261314392 3.08419013023376 3.12689447402954 3.08568000793457 3.02411818504333 3.42260813713074 3.79976725578308 3.26045608520508 3.24515676498413 2.4225971698761 1.50465738773346 1.04019725322723 0.493348568677902 0.481050312519073 0.241186276078224 0.105816550552845 -0.0648015588521957 -0.0781837180256844 0.0215806644409895 0.162978321313858 0.14744858443737 -0.0465291030704975
9.39596366882324 14.1919918060303 18.6828212738037 19.8438682556152 19.2207565307617 19.348949432373 20.6562328338623 15.9619407653809 14.1287355422974 8.5379810333252 6.09940147399902 6.10282611846924 5.69484901428223 6.54150390625 7.80509233474731 8.08051109313965 5.48144817352295 3.13114523887634 3.48391437530518 3.12865447998047 3.12726426124573 3.11675524711609 2.93589425086975 2.97553825378418 2.99828720092773 2.99507284164429 2.90945720672607 2.72051095962524 3.1509952545166 3.8775417804718 2.72811675071716 2.74719381332397 3.04782366752625 1.93460142612457 1.4754866361618 0.892914950847626 0.442284435033798 0.380930036306381 -0.0121187530457973 -0.129878252744675 -0.145666003227234 -0.0410934016108513 0.049669124186039 0.0570963770151138 -0.0512524768710136
10.8464593887329 14.3973999023438 17.4848117828369 18.8483562469482 20.1783313751221 21.179536819458 23.57932472229 19.7686309814453 15.1801900863647 15.3492136001587 10.996973991394 7.29378843307495 5.99588966369629 5.37609958648682 6.00094747543335 5.37510824203491 3.71154975891113 4.3012228012085 3.21129155158997 3.00247526168823 3.06106972694397 2.84773898124695 2.8484091758728 2.86215305328369 2.86060929298401 2.77446913719177 2.60582232475281 2.47960758209229 2.62795329093933 3.70806980133057 2.73675680160522 2.1596839427948 2.51944494247437 2.90503883361816 1.89463698863983 1.46447253227234 0.675717234611511 0.54884660243988 0.264577269554138 -0.194231688976288 -0.218575149774551 -0.133256167173386 -0.145091727375984 -0.198416203260422 -0.166488021612167
11.8734760284424 14.1082172393799 16.2560234069824 17.7851238250732 19.2974090576172 19.9788436889648 18.7532024383545 18.4660987854004 18.1708431243896 17.9511547088623 14.1917762756348 8.12782573699951 7.25155973434448 6.86780786514282 4.45650386810303 4.79653882980347 5.87067985534668 3.07351994514465 2.88294458389282 2.93080902099609 2.88656663894653 2.71591687202454 2.73507213592529 2.7625367641449 2.72742891311646 2.5080406665802 2.34419274330139 1.86471712589264 2.35278582572937 3.8147406578064 3.92655730247498 2.48575949668884 2.25170159339905 3.18101787567139 3.37622046470642 1.87246382236481 1.19000518321991 0.86258202791214 0.391294032335281 -0.20615853369236 -0.246644571423531 -0.275616854429245 -0.348534047603607 -0.460711151361465 -0.496176242828369
11.7771348953247 13.4441785812378 15.2668190002441 16.6332530975342 17.4337368011475 15.8458967208862 14.6316165924072 15.5728626251221 13.5834054946899 13.2479152679443 12.5161542892456 9.26126384735107 7.48022031784058 5.82744741439819 6.49806118011475 5.45289897918701 2.94716310501099 2.78374123573303 2.80784678459167 2.75130105018616 2.60394382476807 2.63518881797791 2.65851426124573 2.64157342910767 2.56466293334961 2.37983298301697 2.1517128944397 1.53940808773041 1.92122960090637 2.66483664512634 4.38317632675171 3.74982380867004 2.56849551200867 2.8783438205719 3.98978400230408 3.6059627532959 1.61161351203918 1.40988326072693 0.659337162971497 0.239791870117188 0.025143276900053 -0.383796364068985 -0.600111186504364 -0.728862047195435 -0.742560386657715
11.7425317764282 13.0831727981567 14.3646860122681 15.1508903503418 13.9880857467651 12.8659172058105 11.9326047897339 10.9852476119995 9.51570987701416 8.83906555175781 9.49298572540283 7.675133228302 6.78500032424927 7.10477685928345 4.42634201049805 2.9611759185791 2.67925429344177 2.67255640029907 2.70182347297668 2.51732540130615 2.54724097251892 2.56691932678223 2.54736161231995 2.46802949905396 2.2991943359375 2.17147064208984 1.70026528835297 1.31989789009094 1.54952418804169 2.03941679000854 2.99166917800903 3.79886317253113 3.1043221950531 2.80758476257324 3.25992608070374 4.10311985015869 2.93741965293884 1.76603829860687 1.35330283641815 0.848279774188995 0.953337788581848 0.639180719852448 -0.152762204408646 -0.869824349880219 -0.959186434745789
11.5011682510376 12.6217107772827 13.7746295928955 14.5030937194824 12.9257526397705 11.7226285934448 11.2425479888916 10.5960187911987 10.7455024719238 9.2526798248291 8.83311462402344 7.53103971481323 5.31928968429565 3.04525589942932 2.86745500564575 2.72254133224487 2.61705279350281 2.6234827041626 2.5739893913269 2.4311192035675 2.48942446708679 2.46785378456116 2.39256525039673 2.22381520271301 2.09981393814087 1.63479924201965 1.12691175937653 1.22109937667847 1.40627360343933 1.59466230869293 2.08612036705017 2.78724575042725 3.01618146896362 2.99152803421021 2.79630255699158 3.05794501304626 3.63968348503113 2.43586444854736 1.79538404941559 1.58073723316193 1.59324610233307 1.73358428478241 1.38888680934906 0.321353405714035 -0.99577933549881
