slauniainen/Data/DEM/Vihti_dem1500b_cl_horizonAngle_6.asc
NCOLS 196 
NROWS 178 
XLLCORNER 353680 
YLLCORNER 6699024 
CELLSIZE 16 
NODATA_value -3.4e+38 
[rows 20 to 39 of 178, columns 135 to 179 of 196]
1.76644921302795 1.60710299015045 1.1035840511322 1.03511762619019 1.2962099313736 1.61003661155701 1.698899269104 1.80073833465576 1.79154789447784 1.69499862194061 1.47974050045013 1.18302989006042 1.03618037700653 0.989602625370026 0.972617745399475 0.931045055389404 0.90732616186142 0.82011866569519 0.739996612071991 0.699658155441284 0.693048477172852 0.729506313800812 0.699586808681488 0.950802445411682 0.990572392940521 1.06080329418182 1.12849199771881 1.43315768241882 1.78522968292236 2.14785051345825 2.41172671318054 2.63190269470215 2.79130983352661 2.81921029090881 2.60564398765564 2.31388258934021 2.13128423690796 1.85290479660034 1.62296390533447 1.8931131362915 1.83900356292725 1.6986711025238 1.53271043300629 1.0353776216507 0.833584308624268
1.48139929771423 1.19506812095642 0.878219544887543 0.981407046318054 1.22386515140533 1.50758421421051 1.6169410943985 1.69346296787262 1.68358373641968 1.59033942222595 1.37265574932098 1.09476685523987 0.948311865329742 0.862252712249756 0.860970556735992 0.860617101192474 0.846356809139252 0.762586951255798 0.661708891391754 0.649454832077026 0.655236780643463 0.670334815979004 0.68217134475708 0.912628650665283 1.01116502285004 0.94137704372406 1.09394776821136 1.38943076133728 1.73159348964691 2.0977795124054 2.40770506858826 2.70396757125854 2.67917394638062 2.7378351688385 2.52762866020203 2.2397928237915 2.0667781829834 1.79626798629761 1.5717316865921 1.78671681880951 1.73124814033508 1.60737705230713 1.45573711395264 0.961816608905792 0.81826776266098
1.40987396240234 1.14781904220581 0.829236626625061 0.915547847747803 1.16809344291687 1.42223393917084 1.52296543121338 1.57912516593933 1.58666062355042 1.50175404548645 1.28006219863892 1.00669968128204 0.864009618759155 0.79616105556488 0.791207253932953 0.789439260959625 0.787818014621735 0.707337141036987 0.567486822605133 0.613012611865997 0.618743479251862 0.609549343585968 0.672677040100098 0.877966344356537 0.966693878173828 0.916776120662689 1.06562721729279 1.35017824172974 1.68120324611664 2.03778529167175 2.34274554252625 2.63059425354004 2.65248322486877 2.55272340774536 2.45081090927124 2.17326283454895 2.0018892288208 1.73963701725006 1.52315711975098 1.70266509056091 1.64754807949066 1.52879226207733 1.39115571975708 0.900175988674164 0.810085356235504
1.35032141208649 1.07956194877625 0.788357198238373 0.854579865932465 1.11524283885956 1.36578512191772 1.45318078994751 1.48349213600159 1.47430598735809 1.41030180454254 1.19749391078949 0.93164849281311 0.780151009559631 0.719179809093475 0.727997422218323 0.732999920845032 0.743057489395142 0.673802733421326 0.5343918800354 0.580140113830566 0.572846293449402 0.593959629535675 0.643122911453247 0.826642751693726 0.919541895389557 0.892956256866455 1.03511035442352 1.31576371192932 1.64088428020477 1.98128652572632 2.27754998207092 2.55796384811401 2.57766079902649 2.3735888004303 2.22006773948669 2.08541631698608 1.94096159934998 1.686274766922 1.47671246528625 1.61970043182373 1.56584274768829 1.4504576921463 1.1388453245163 0.817962348461151 0.756561040878296
1.27704286575317 1.04058837890625 0.757837533950806 0.800676822662354 1.06051301956177 1.29664087295532 1.37579548358917 1.41692423820496 1.40238630771637 1.31894767284393 1.11688685417175 0.919765174388885 1.00976622104645 1.41062712669373 0.674013614654541 0.690547525882721 0.701777458190918 0.637416958808899 0.487584710121155 0.551467478275299 0.525612115859985 0.583463251590729 0.607948243618011 0.799552738666534 0.889673352241516 0.866344451904297 1.00792968273163 1.28317391872406 1.59615707397461 1.93050074577332 2.21402406692505 2.48163771629333 2.50714254379272 2.30659341812134 2.04297018051147 1.87664318084717 1.71261465549469 1.61781489849091 1.43157541751862 1.54294562339783 1.47937071323395 1.36644542217255 1.00203204154968 0.788724482059479 0.706346750259399
1.20720314979553 0.993924617767334 0.730020940303802 0.785851895809174 1.02851450443268 1.2568633556366 1.33053433895111 1.35712778568268 1.33431112766266 1.25762701034546 1.07375955581665 0.824482500553131 0.663816034793854 0.611637890338898 0.666607975959778 0.659993648529053 0.667670488357544 0.600235402584076 0.453662753105164 0.525202333927155 0.505641996860504 0.550813257694244 0.576306164264679 0.761078596115112 0.847938656806946 0.839677155017853 0.976976275444031 1.24658489227295 1.55262672901154 1.87686800956726 2.15715503692627 2.42254257202148 2.43749237060547 2.24026894569397 1.98075234889984 1.81506562232971 1.58686769008636 1.37919795513153 1.31481432914734 1.4637188911438 1.40613806247711 1.20766806602478 0.929483950138092 0.782766222953796 0.641611874103546
1.14983403682709 0.947883129119873 0.693953037261963 0.894455254077911 1.10276210308075 1.20428395271301 1.25883388519287 1.30095136165619 1.2814953327179 1.20247864723206 1.04010164737701 0.803888976573944 0.657450437545776 0.59514719247818 0.646469175815582 0.61822646856308 0.612438321113586 0.526525378227234 1.02334034442902 0.506062507629395 1.87913060188293 0.539101302623749 0.54543673992157 0.717299401760101 0.804373204708099 0.835856139659882 1.01180744171143 1.23875093460083 1.50951385498047 1.82020151615143 2.09711623191833 2.35157608985901 2.37097978591919 2.18095350265503 1.93270397186279 1.76429891586304 1.53175139427185 1.33316457271576 1.39417743682861 1.34647119045258 1.24641358852386 1.13009870052338 0.891451060771942 0.769529163837433 0.569083988666534
1.08543801307678 0.901639997959137 0.716052949428558 0.937831699848175 1.1424880027771 1.22060894966125 1.20887339115143 1.24973201751709 1.23384475708008 1.16007459163666 0.992120504379272 0.783019781112671 0.644185543060303 0.598671615123749 0.619829416275024 0.583915650844574 0.52510678768158 1.15034973621368 0.488433212041855 0.486868888139725 0.503556430339813 0.774154841899872 0.927786409854889 0.713570475578308 0.769141376018524 0.84293133020401 1.1088525056839 1.31533360481262 1.62508511543274 1.84603762626648 2.03705668449402 2.29052209854126 2.29929447174072 2.11881160736084 1.87728476524353 1.71323776245117 1.48771071434021 1.2896773815155 1.32666599750519 1.27863037586212 1.18536043167114 1.08834445476532 0.85562264919281 0.721588015556335 0.552595615386963
0.953206479549408 0.846382975578308 0.690696120262146 0.882674098014832 1.09788966178894 1.17057931423187 1.18577182292938 1.17990839481354 1.11994206905365 1.02016663551331 0.836772978305817 0.699550092220306 0.621626317501068 0.712229073047638 0.573468208312988 0.981948435306549 0.870864033699036 0.406712174415588 0.472148388624191 0.486476629972458 0.505087733268738 0.494956493377686 0.516973078250885 0.690901935100555 1.19480931758881 0.880345404148102 1.15282344818115 1.3151547908783 1.64562284946442 1.91557574272156 1.98508059978485 2.230299949646 2.23789882659912 2.05094814300537 1.81958818435669 1.6602623462677 1.43312931060791 1.23362827301025 1.24994277954102 1.20905435085297 1.1384129524231 1.05668210983276 0.848916709423065 0.61702287197113 0.494921237230301
0.721155524253845 0.587406396865845 0.657475829124451 0.85125869512558 1.02956283092499 1.11316394805908 1.12426698207855 1.12401807308197 1.0712559223175 0.917894661426544 0.737265884876251 0.618356108665466 0.571977555751801 0.580489099025726 0.56954824924469 0.556509733200073 0.493814706802368 0.401517242193222 0.727867782115936 0.483764082193375 0.54014265537262 0.489143162965775 0.549520075321198 0.663552403450012 0.742400050163269 0.858388602733612 1.10308647155762 1.40743052959442 1.67423367500305 1.87881934642792 2.06215906143188 2.17326021194458 2.18048286437988 2.00129079818726 1.7651629447937 1.60610485076904 1.41804599761963 1.22942578792572 1.31145405769348 1.18391990661621 1.10282063484192 1.05663704872131 0.694010198116302 1.13907086849213 0.577595889568329
0.3519366979599 0.356439739465714 0.556524336338043 0.824801206588745 1.017693400383 1.07073509693146 1.06905293464661 1.06366109848022 1.01505243778229 0.879194140434265 0.710196673870087 0.610682427883148 0.55558580160141 0.562029957771301 0.564395248889923 0.916942894458771 0.865346491336823 0.638172805309296 0.481325775384903 0.478467136621475 0.516402959823608 0.717992901802063 0.655162334442139 0.684569954872131 0.740153312683105 0.851705253124237 1.08350503444672 1.34314668178558 1.65887022018433 1.88855755329132 2.10945463180542 2.09246230125427 2.12612271308899 1.94641160964966 1.72777712345123 1.58555006980896 1.35723543167114 1.17935991287231 1.18094992637634 1.17040061950684 1.11278474330902 1.0114221572876 0.692644119262695 0.641307473182678 0.545456111431122
0.258149474859238 0.218184098601341 0.427168518304825 0.737933099269867 0.975444853305817 1.03827130794525 1.04724013805389 1.04246163368225 0.982943832874298 0.841532349586487 0.701467096805573 0.595238029956818 0.545833885669708 0.546041965484619 0.559628903865814 0.590483069419861 0.582335531711578 0.577752947807312 0.506486296653748 0.486297786235809 0.496611446142197 0.682003140449524 0.694746434688568 0.709145784378052 0.731143832206726 0.844957768917084 1.06897234916687 1.3223032951355 1.59270763397217 1.86347937583923 2.06847763061523 2.06786060333252 1.97981476783752 1.89136922359467 1.703458070755 1.53252756595612 1.3396270275116 1.17618560791016 1.17604780197144 1.13796949386597 1.06516206264496 1.00285017490387 0.686135172843933 0.565305829048157 0.474395871162415
0.254645317792892 0.155935108661652 0.333640664815903 0.634035468101501 0.901045799255371 1.00537073612213 1.01811099052429 1.00196576118469 0.944132089614868 0.81055349111557 0.673179447650909 0.570722162723541 0.532003104686737 0.530785918235779 0.544723153114319 0.539395332336426 0.486129373311996 0.401659935712814 0.467499434947968 0.469631254673004 0.490444213151932 0.500888466835022 0.638355672359467 0.693135619163513 0.72166907787323 0.825926601886749 1.04252052307129 1.29944133758545 1.56369614601135 1.79097723960876 2.04864883422852 2.02442908287048 1.84411215782166 1.71485960483551 1.63012850284576 1.502769947052 1.32607853412628 1.1647185087204 1.15401422977448 1.12138545513153 1.05499517917633 0.983477056026459 0.67656409740448 0.555600643157959 0.462535619735718
0.24479016661644 0.133034810423851 0.263180941343307 0.547760844230652 0.83135974407196 0.949570298194885 0.982750535011292 0.977608799934387 0.922834753990173 0.790498912334442 0.64089697599411 0.557423233985901 0.512126386165619 0.513842105865479 0.524603843688965 0.523827612400055 0.468530684709549 0.390085905790329 0.452648758888245 0.457501709461212 0.477872997522354 0.48219621181488 0.616628527641296 0.673629641532898 0.696280062198639 0.806974470615387 1.02174592018127 1.2784811258316 1.53471410274506 1.75200188159943 1.98092901706696 2.00391244888306 1.808021068573 1.60676968097687 1.46987843513489 1.31961095333099 1.26289343833923 1.12989163398743 1.1173187494278 1.0926628112793 1.02609801292419 0.838477313518524 0.641340315341949 0.539151430130005 0.446344673633575
0.197847455739975 0.0993816256523132 0.220814064145088 0.49793729186058 0.767180562019348 0.898558437824249 0.932652115821838 0.942115426063538 0.890194177627563 0.759648203849792 0.625147104263306 0.537870407104492 0.497459679841995 0.498232007026672 0.509736359119415 0.506962835788727 0.455522119998932 0.390417277812958 0.442758232355118 0.444813400506973 0.46296015381813 0.475456714630127 0.608887255191803 0.66345340013504 0.65135395526886 0.739651024341583 0.943359613418579 1.20392501354218 1.50227439403534 1.72118759155273 1.93353521823883 1.9595137834549 1.76918339729309 1.58171761035919 1.43496823310852 1.24795293807983 1.09036958217621 1.03839731216431 1.07033705711365 1.04376518726349 0.989076614379883 0.754891097545624 0.602396190166473 0.528054058551788 0.438505232334137
0.140106648206711 0.0484061166644096 0.182469889521599 0.444084614515305 0.707154989242554 0.837552964687347 0.884242236614227 0.879542768001556 0.858179569244385 0.736671805381775 0.603617191314697 0.517554700374603 0.483382642269135 0.482001841068268 0.496345847845078 0.492278069257736 0.443158775568008 0.432928502559662 0.430838048458099 0.435347318649292 0.448106706142426 0.433496952056885 0.582346379756927 0.644315302371979 0.584383070468903 0.671527147293091 0.794606983661652 1.09308409690857 1.42658364772797 1.63364589214325 1.79378640651703 1.89960145950317 1.75559604167938 1.5537965297699 1.39367914199829 1.206294298172 1.04667985439301 0.948912501335144 1.03309214115143 1.00144863128662 0.892525434494019 0.695625424385071 0.567475259304047 0.489298105239868 0.427892774343491
0.0828201547265053 -0.0138833802193403 0.255996078252792 0.489937156438828 0.62674880027771 0.767171144485474 0.815915703773499 0.838485300540924 0.829426109790802 0.71561586856842 0.579753398895264 0.496474087238312 0.467365026473999 0.477227956056595 0.477487295866013 0.457726806402206 0.412750780582428 0.422681897878647 0.424818813800812 0.433754593133926 0.427923411130905 0.412016063928604 0.556603908538818 0.623871743679047 0.562623918056488 0.598574697971344 0.678641140460968 0.844070553779602 1.24296271800995 1.46153032779694 1.63991069793701 1.77188384532928 1.69530236721039 1.50019931793213 1.37179350852966 1.18552577495575 1.02418649196625 0.991794943809509 0.957322120666504 0.909785985946655 0.864124476909637 0.66237473487854 0.533159554004669 0.448333859443665 0.382232487201691
0.023110207170248 -0.0121043901890516 0.220590099692345 0.451718419790268 0.584424078464508 0.669276297092438 0.727512300014496 0.779550433158875 0.785501778125763 0.686028480529785 0.558601140975952 0.481533527374268 0.452244460582733 0.463253766298294 0.461867958307266 0.415879309177399 0.358376801013947 0.413171023130417 0.413287401199341 0.429909110069275 0.418840616941452 0.895351231098175 0.541501045227051 0.59897518157959 0.550593852996826 0.51955646276474 0.612357199192047 0.747556567192078 0.982326984405518 1.1657383441925 1.38110291957855 1.53284180164337 1.54095792770386 1.44711887836456 1.3481627702713 1.163498878479 1.01006293296814 0.970068752765656 0.937530875205994 0.885578751564026 0.840148627758026 0.614515483379364 0.512836694717407 0.410943984985352 0.326899826526642
-0.0418516993522644 -0.0691072046756744 0.150671318173409 0.361157476902008 0.474885016679764 0.549677610397339 0.610220968723297 0.645371913909912 0.635118544101715 0.547032415866852 0.489842236042023 0.450837701559067 0.424715369939804 0.449930220842361 0.450366169214249 0.404417932033539 0.349964827299118 0.401893228292465 0.401844888925552 0.41424947977066 0.411640286445618 0.501616775989532 0.537487328052521 0.585103631019592 0.536918342113495 0.491563677787781 0.520820796489716 0.596253871917725 0.719193756580353 0.847169280052185 1.02062284946442 1.16196393966675 1.22548389434814 1.21215999126434 1.1882541179657 1.1209888458252 0.99914813041687 0.947438538074493 0.915928304195404 0.87354439496994 0.819178879261017 0.549611330032349 0.457930862903595 0.368816375732422 0.270717769861221
-0.230405330657959 -0.137631431221962 0.0730855315923691 0.268014043569565 0.381221890449524 0.45270311832428 0.514727175235748 0.567378878593445 0.527309000492096 0.444826036691666 0.411884307861328 0.405359238386154 0.403073310852051 0.422975033521652 0.426253080368042 0.390718996524811 0.323858946561813 0.382263004779816 0.383102685213089 0.400784432888031 0.409145295619965 0.52412223815918 0.548469126224518 0.574629724025726 0.525516152381897 0.479119837284088 0.476740300655365 0.516482174396515 0.576628625392914 0.636399269104004 0.735031604766846 0.861380755901337 0.961609363555908 0.983137428760529 0.959429383277893 0.958740830421448 0.935322523117065 0.927192807197571 0.898500382900238 0.851289391517639 0.804169118404388 0.537530839443207 0.429786086082458 0.347990155220032 0.248709335923195
