slauniainen/Data/DEM/Vihti_dsm1500b_cl_horizonAngle_42.asc
NCOLS 196 
NROWS 178 
XLLCORNER 353680 
YLLCORNER 6699024 
CELLSIZE 16 
NODATA_value -3.4e+38 
[rows 60 to 79 of 178, columns 0 to 45 of 196]
3.09062218666077 3.702068567276 3.82898449897766 3.53517150878906 3.29523301124573 3.45704054832458 3.7641294002533 4.39333152770996 4.6160774230957 4.48561954498291 4.46541213989258 4.65653657913208 4.27565050125122 4.02565574645996 8.07281684875488 9.26208782196045 25.8689632415771 18.4131393432617 27.1350364685059 43.9999847412109 49.6092987060547 5.74127244949341 17.0206985473633 4.55194759368896 3.10058617591858 2.87823677062988 3.19182968139648 3.82639145851135 3.95525741577148 3.37096738815308 3.47872233390808 3.97826361656189 4.66014385223389 7.1800365447998 3.17259836196899 3.79419898986816 17.2582721710205 22.5777130126953 3.99924421310425 7.34671878814697 6.56344223022461 24.2386054992676 10.710075378418 42.9500274658203 4.75662469863892 -1.24794602394104
2.59428715705872 2.64045643806458 3.39660811424255 3.19521570205688 3.10440039634705 3.49146890640259 3.67198944091797 4.28839635848999 3.98127365112305 4.3610053062439 4.22087001800537 4.11357355117798 3.84827136993408 3.83748722076416 7.47279834747314 13.70472240448 13.0117835998535 18.8054790496826 25.8462524414062 30.2519474029541 40.2833786010742 15.3331642150879 5.91849708557129 6.87851715087891 8.19320011138916 2.88109731674194 3.05507802963257 3.29011011123657 3.00241756439209 3.23687601089478 3.29465675354004 3.76123023033142 5.94381809234619 2.69555163383484 3.15715765953064 9.78754711151123 13.1727247238159 4.40801858901978 5.18410205841064 7.31133699417114 18.6167049407959 35.2145919799805 27.7133674621582 28.9654884338379 16.9715480804443 -0.390258759260178
12.6841993331909 1.97937405109406 2.86365151405334 2.84148788452148 3.15619492530823 3.42917418479919 4.15556144714355 3.75621461868286 4.25348997116089 4.12092351913452 3.92767715454102 3.75096917152405 3.69307398796082 5.92486906051636 8.72030258178711 10.3486909866333 14.5789737701416 18.6718063354492 21.5635395050049 22.3708534240723 11.9639015197754 8.56483459472656 6.50408887863159 7.31156253814697 11.0709047317505 6.28153991699219 1.07541692256927 2.25667500495911 2.74631214141846 2.56989216804504 2.78988695144653 4.46329832077026 2.14510846138 2.75523281097412 6.79699754714966 9.40906524658203 3.83974933624268 4.90783166885376 6.78851175308228 15.8201923370361 21.3089408874512 21.4761829376221 29.3615608215332 20.6848888397217 23.5228424072266 23.720287322998
33.8322906494141 2.77703404426575 2.74074935913086 2.5642569065094 2.67895197868347 3.98745703697205 3.49341344833374 2.40105509757996 3.81091213226318 3.57818913459778 3.67040324211121 3.61309289932251 5.06521606445312 6.05136346817017 6.90439510345459 11.4087543487549 13.9574966430664 16.8172874450684 15.3843259811401 10.1799192428589 5.02791261672974 6.16480731964111 6.91038751602173 8.8492431640625 8.39799976348877 12.2796382904053 0.747680842876434 0.331964671611786 2.00631237030029 2.06677007675171 3.74953651428223 1.85058903694153 1.47738766670227 4.7963171005249 7.098219871521 3.58455801010132 4.51053380966187 6.16341876983643 12.4047002792358 15.6232967376709 17.1905403137207 21.7382907867432 31.2170391082764 23.5177688598633 21.2910938262939 18.057279586792
2.688321352005 2.4922776222229 2.4721462726593 2.42152333259583 2.73737907409668 2.9737434387207 2.0227165222168 3.19541692733765 2.14436006546021 3.43627166748047 3.55945611000061 4.74434995651245 5.08137226104736 3.97710466384888 7.13359546661377 9.72707271575928 13.0786027908325 11.8854541778564 10.4320726394653 8.74145984649658 5.16831350326538 6.04594135284424 7.45705604553223 7.09842109680176 42.2945861816406 28.479154586792 31.5895309448242 0.467863589525223 1.82055139541626 2.82408881187439 1.68511426448822 13.2258453369141 3.39500331878662 5.40401411056519 3.26926016807556 4.12212944030762 5.53841829299927 5.21234703063965 12.915509223938 14.4638233184814 17.2838001251221 19.1212520599365 17.5968284606934 18.1160202026367 13.3277730941772 13.8331508636475
2.45911145210266 2.43483328819275 2.26573276519775 2.61938500404358 2.821772813797 31.3919296264648 1.83991324901581 2.50648760795593 2.48980665206909 3.50082874298096 4.50576877593994 4.3993067741394 4.64015674591064 6.39999389648438 7.75312757492065 8.5451774597168 11.1649932861328 9.15970039367676 7.46615648269653 4.19665145874023 5.32438230514526 6.33073806762695 6.41268157958984 26.9197521209717 27.4828987121582 22.0843105316162 28.4873161315918 1.11371564865112 0.891291499137878 1.57473921775818 5.18798112869263 2.10041117668152 3.31309294700623 5.05417251586914 3.73143315315247 4.98200798034668 4.74038791656494 11.3587646484375 11.0641489028931 14.383563041687 15.4813575744629 13.9976787567139 14.5944366455078 11.0466232299805 10.7273740768433 14.873007774353
2.40955996513367 2.26552128791809 2.21141123771667 2.52759504318237 16.9458885192871 29.7055587768555 26.3597869873047 1.90839648246765 2.36418604850769 4.19428491592407 4.16754674911499 4.37405776977539 6.16579675674438 7.46258068084717 8.26458263397217 9.83981895446777 7.8877420425415 5.94621086120605 2.99697327613831 3.96887516975403 5.1044282913208 5.01006126403809 19.2897758483887 20.2544384002686 22.5325813293457 27.8378353118896 9.68668174743652 16.6513690948486 1.37645709514618 4.0031681060791 1.83664762973785 2.46435499191284 4.05974340438843 3.32513785362244 4.39769220352173 4.25476264953613 10.0887479782104 9.68735122680664 11.4862356185913 13.2199649810791 14.3174467086792 12.207911491394 9.44094562530518 9.30482578277588 11.9738435745239 14.7796535491943
2.21644234657288 2.19188284873962 2.49687552452087 11.7380743026733 16.0743503570557 13.5897388458252 25.798828125 25.1800842285156 3.81555414199829 3.86261606216431 4.06622457504272 5.82982730865479 7.02392435073853 7.46646547317505 8.96916103363037 7.27131319046021 5.64671039581299 2.69824194908142 2.75342845916748 3.96743369102478 4.87764072418213 14.6338424682617 15.5300912857056 18.8366641998291 19.8980159759521 23.3875484466553 12.0054016113281 10.5835628509521 3.69741249084473 1.82141315937042 2.10982489585876 3.22693204879761 2.94284009933472 3.85938382148743 3.74621605873108 8.97861385345459 8.55956935882568 10.029670715332 11.3158178329468 12.3312187194824 10.8015012741089 11.3591899871826 8.86370182037354 10.1848335266113 11.8818511962891 11.5631446838379
2.54643821716309 2.49266266822815 9.45569133758545 11.4469194412231 9.58154010772705 14.023756980896 15.9048261642456 3.3710412979126 3.41718482971191 3.59452366828918 5.34001922607422 6.48187685012817 6.86178731918335 8.08184814453125 6.3525538444519 5.19352912902832 3.68920660018921 4.93454647064209 3.4471378326416 3.98610758781433 12.1082010269165 13.2041549682617 15.4097785949707 15.4000968933105 12.1652317047119 19.0804042816162 6.7615704536438 3.60557436943054 3.37242794036865 2.54823136329651 1.02061450481415 2.74338984489441 3.4534809589386 3.30231380462646 7.96347618103027 7.576416015625 8.80875110626221 9.82280826568604 10.7365617752075 9.25000858306885 9.815673828125 7.78592872619629 7.79435873031616 9.9998607635498 9.78393840789795 10.7427864074707
2.84441518783569 8.21881103515625 9.3493480682373 7.75687646865845 9.96631050109863 11.3604602813721 3.18752884864807 3.08400297164917 2.94708633422852 4.71011400222778 5.86648941040039 6.22683382034302 7.29702949523926 5.72178030014038 4.88798952102661 2.91285252571106 3.30473375320435 3.93023943901062 3.74404740333557 3.87061905860901 11.4628210067749 12.0390729904175 14.5897159576416 8.7979564666748 11.0267839431763 5.14510631561279 2.76923370361328 3.75424003601074 3.16140222549438 23.1211433410645 2.38362097740173 3.27515006065369 3.0586256980896 7.18428325653076 6.71353912353516 7.78577947616577 8.58837985992432 9.43794345855713 8.03025054931641 8.60252094268799 6.96826314926147 7.00639009475708 8.43296813964844 9.36561298370361 9.15203666687012 12.0583915710449
3.26992034912109 8.10827541351318 6.77272987365723 8.31747150421143 9.11217021942139 3.11880898475647 3.0053927898407 2.82128119468689 4.26044702529907 5.09158277511597 5.52566719055176 6.76214265823364 5.27207565307617 4.59931945800781 3.25644111633301 3.3781840801239 3.30810499191284 3.42956161499023 3.38590908050537 10.0829467773438 10.3685426712036 12.5181617736816 11.8168697357178 8.93201637268066 2.15137791633606 2.39174175262451 3.37764477729797 2.43201732635498 13.009973526001 2.37138533592224 3.17423558235168 2.91265463829041 6.67026329040527 6.09905099868774 6.95725059509277 7.72575378417969 8.55755615234375 7.30396747589111 7.7664155960083 6.14251184463501 6.11411190032959 7.414719581604 7.90579080581665 7.73747253417969 9.70097255706787 10.46875
7.03120899200439 7.63281297683716 7.21667957305908 7.96406745910645 2.22569727897644 3.04537224769592 2.77270555496216 4.18405151367188 4.85442781448364 4.84649085998535 5.87625741958618 4.99081802368164 4.42253732681274 2.69310283660889 2.93721723556519 3.09401941299438 3.22314858436584 3.16998624801636 8.86717319488525 8.9401159286499 10.8970584869385 10.0892868041992 6.83665370941162 11.3616027832031 2.54266595840454 3.0810329914093 2.0973846912384 9.03081607818604 2.30000162124634 2.62018179893494 3.12214946746826 6.24281787872314 5.70869398117065 6.43876457214355 7.05755710601807 7.78125143051147 6.53887033462524 6.69516849517822 5.14936351776123 5.24253082275391 6.23932790756226 6.85447549819946 6.79310131072998 7.42207336425781 8.83000469207764 9.52320384979248
6.98178815841675 5.98004913330078 6.62914609909058 7.27226591110229 3.01694655418396 2.86199760437012 4.00719499588013 4.77152872085571 4.82802152633667 5.62772941589355 4.42548370361328 4.04305982589722 2.35212922096252 2.65316462516785 3.00430035591125 3.12738418579102 3.03761196136475 8.03310108184814 7.86381149291992 9.55898571014404 8.78112316131592 5.68664455413818 7.34874725341797 3.41140747070312 2.79694247245789 1.98837924003601 6.97839784622192 2.21821045875549 2.53151822090149 3.02600812911987 5.88210535049438 2.90407657623291 3.98164463043213 4.83898639678955 6.36403560638428 5.66983318328857 5.8041353225708 4.49401998519897 4.5720477104187 5.42437601089478 5.84246826171875 5.82005929946899 6.65072154998779 7.46331930160522 8.08588314056396 10.3616142272949
5.50584888458252 6.29598379135132 6.62854385375977 2.98878622055054 3.39047622680664 3.2269275188446 4.54901504516602 4.76946830749512 5.56430768966675 5.88127136230469 4.15743923187256 2.0185923576355 2.29777669906616 2.81381821632385 2.89646053314209 2.89932823181152 7.5481481552124 7.11897563934326 8.50418376922607 7.69692850112915 4.98574590682983 6.21545076370239 2.85893893241882 2.54484391212463 1.88940513134003 5.81605768203735 2.18528747558594 2.47798991203308 2.97452521324158 2.48177862167358 12.1188821792603 8.03146553039551 5.15473413467407 5.53998422622681 5.01508569717407 5.27362012863159 4.02389192581177 4.06853532791138 4.78749990463257 5.09706735610962 5.10289335250854 5.73826456069946 6.55095481872559 6.97411823272705 6.78464031219482 9.64474391937256
5.62071752548218 6.26208162307739 2.97147297859192 2.7789454460144 3.5626847743988 4.08797454833984 4.65112590789795 5.43126964569092 4.86794233322144 4.48548269271851 3.74349427223206 2.05281043052673 2.448317527771 2.65554666519165 2.6743745803833 6.975182056427 6.71255731582642 8.0048770904541 7.01030874252319 4.41558742523193 5.33843374252319 2.33736371994019 2.26226353645325 1.81223559379578 2.3768515586853 5.73096561431885 3.46960139274597 4.03287506103516 8.46166038513184 2.76640820503235 3.07488012313843 7.48399829864502 5.49870872497559 4.34734106063843 4.65587425231934 3.62687706947327 3.67293405532837 4.27768564224243 4.48967170715332 4.49398326873779 5.10197925567627 5.55726432800293 6.1539740562439 5.97979497909546 7.96775960922241 8.76485061645508
5.52032518386841 3.72950029373169 4.28984355926514 2.82384777069092 3.78594517707825 4.42182111740112 4.55772638320923 5.35668849945068 4.42376804351807 3.73194789886475 1.99913704395294 2.26385188102722 2.37932085990906 2.28531193733215 6.28933811187744 6.22650241851807 7.40121507644653 6.5049147605896 4.14347124099731 4.76705551147461 1.98118913173676 2.01365280151367 1.70006322860718 1.84828007221222 4.94871044158936 2.60768485069275 2.8564567565918 22.5338916778564 15.6942949295044 2.75557470321655 3.96408915519714 3.43206143379211 4.31748914718628 3.56289577484131 3.22063398361206 3.28612661361694 3.82482981681824 4.00426435470581 3.99346828460693 4.5480055809021 4.87255096435547 5.34982061386108 5.21950769424438 6.98202133178711 7.38258647918701 6.8207106590271
2.84069561958313 2.97210574150085 2.77487754821777 3.71935629844666 4.26129531860352 4.45407342910767 5.16821718215942 4.36633014678955 3.71243977546692 3.56331014633179 3.73265528678894 2.42200207710266 2.20794892311096 5.67202186584473 5.58682870864868 6.77721929550171 5.96047067642212 3.83106756210327 4.51462745666504 2.2249174118042 1.88265216350555 1.52958941459656 1.73330235481262 4.22285175323486 2.39361763000488 2.67487192153931 11.5187196731567 25.5010013580322 26.8847255706787 13.7158641815186 8.260666847229 2.96932983398438 6.91989469528198 2.35805702209473 2.92723727226257 3.39180731773376 3.52222418785095 3.56333422660828 4.08359956741333 4.32310914993286 4.72871923446655 4.6360445022583 5.94396495819092 6.46330833435059 5.9364972114563 7.47135066986084
2.59789609909058 2.49082732200623 3.57384920120239 4.06653022766113 4.26776647567749 5.0299825668335 4.2751932144165 3.67630839347839 3.4834451675415 3.32735729217529 2.4186897277832 2.53297066688538 5.43348169326782 5.17104291915894 6.23747777938843 5.50719118118286 3.49293303489685 4.12931489944458 2.06668829917908 1.82015454769135 1.49119114875793 1.66166818141937 3.60159778594971 2.2168436050415 2.60605931282043 8.10450839996338 14.3975839614868 14.5421371459961 7.89749240875244 11.661600112915 22.4508876800537 2.57906126976013 2.63971519470215 0.618348062038422 3.00846862792969 3.09909081459045 3.10481929779053 3.61010098457336 3.83652520179749 4.17388725280762 4.10406494140625 5.21052980422974 5.48372268676758 5.33992576599121 6.55134963989258 6.37452363967896
2.35098934173584 3.42670702934265 3.94483137130737 4.04844093322754 4.76382112503052 4.0913143157959 3.55692362785339 3.15034031867981 2.90494585037231 2.40832614898682 2.32130026817322 4.72862815856934 5.39367485046387 5.79666566848755 5.03633451461792 3.2156035900116 3.77475380897522 1.80962979793549 1.71958291530609 1.44066345691681 1.61075842380524 3.15874004364014 2.0343964099884 2.50642681121826 6.78749132156372 11.204888343811 10.1902418136597 5.6588454246521 10.6735811233521 12.5921201705933 14.9593629837036 15.4018650054932 28.7385444641113 1.26393818855286 1.31719410419464 2.82236003875732 2.27822089195251 3.33441734313965 3.64703249931335 3.61569595336914 4.54376792907715 4.76601123809814 4.66711330413818 5.57515382766724 5.67549848556519 5.93819236755371
3.20945954322815 3.73905205726624 3.88216328620911 4.54630899429321 3.91511964797974 3.41520190238953 2.56628966331482 2.55304670333862 2.35234069824219 2.31026935577393 2.16989302635193 5.10092210769653 4.78157186508179 5.64180850982666 2.94406247138977 3.47313284873962 1.4404958486557 1.44720816612244 1.68535041809082 1.54457867145538 2.80592250823975 1.74350607395172 2.24086380004883 5.48230409622192 9.25386047363281 8.01525020599365 4.64349937438965 7.86977434158325 11.6865968704224 9.16929817199707 9.04923534393311 0.472013384103775 19.8945751190186 21.285270690918 2.57010650634766 9.88152885437012 1.76881670951843 3.12392425537109 3.13698697090149 3.91300678253174 3.93399953842163 3.96758413314819 4.89731121063232 4.9021577835083 5.30285930633545 5.65270137786865
