slauniainen/Data/DEM/Vihti_dsm1500b_cl_horizonAngle_234.asc
NCOLS 196 
NROWS 178 
XLLCORNER 353680 
YLLCORNER 6699024 
CELLSIZE 16 
NODATA_value -3.4e+38 
[rows 60 to 79 of 178, columns 90 to 134 of 196]
6.85993957519531 13.8623380661011 17.572681427002 32.8890686035156 9.21945285797119 7.5422215461731 6.08877801895142 -2.80708241462708 -3.62547206878662 -3.52718997001648 21.604700088501 6.3951153755188 10.0554447174072 29.5481815338135 24.3046321868896 15.8307056427002 20.8877124786377 13.7588729858398 12.8010911941528 11.2005348205566 5.55497694015503 4.56359624862671 19.7305965423584 28.5297355651855 46.0251388549805 40.5470809936523 45.5151290893555 43.3470420837402 38.5827178955078 22.5655422210693 16.4347801208496 14.8010816574097 16.3154621124268 17.2828788757324 13.4823427200317 13.9415292739868 17.0385990142822 7.06899356842041 6.21165132522583 24.2514171600342 15.9998321533203 8.70809650421143 10.339638710022 7.92635774612427 7.33471536636353
0.934482097625732 16.4528636932373 4.44206619262695 32.6451988220215 32.676082611084 11.4081106185913 -0.942347586154938 -2.14037275314331 -3.25497722625732 -3.27412891387939 -3.03844380378723 -1.8731974363327 7.76585054397583 30.0611515045166 42.4784469604492 31.6683349609375 18.4110164642334 15.4264154434204 7.57510900497437 6.88495588302612 5.71916913986206 1.91694641113281 3.68967986106873 -0.586142599582672 1.24099707603455 19.9906158447266 21.9283790588379 24.6412296295166 46.9048347473145 38.1112365722656 27.9253902435303 21.2199459075928 20.2356491088867 16.4452877044678 28.4851303100586 21.8138046264648 11.4477052688599 7.53943061828613 7.72618246078491 9.9946813583374 13.6061544418335 12.1288614273071 8.56968307495117 8.08109378814697 7.59938383102417
-0.624000430107117 3.81125330924988 3.92249822616577 -0.414994150400162 5.00537014007568 -0.181008771061897 -1.19956409931183 -2.43570041656494 -2.76800417900085 7.59204912185669 8.1269416809082 -3.11400318145752 11.4594888687134 8.99188137054443 23.0994529724121 27.0884590148926 21.6961231231689 9.94192028045654 7.77979564666748 5.89951515197754 5.28383588790894 1.78979122638702 0.806660413742065 0.00215839152224362 -1.8676084280014 1.09708261489868 11.8934841156006 18.1703796386719 23.2663841247559 26.1112079620361 35.04296875 18.8525409698486 26.7219467163086 24.2292976379395 31.4496078491211 13.5969467163086 16.4165573120117 11.4923677444458 10.7961006164551 16.5182418823242 10.6779403686523 9.52182579040527 8.8218240737915 8.42422103881836 10.1927461624146
2.74407339096069 -1.10750532150269 1.8906135559082 5.02361822128296 -0.0922987014055252 -0.165725648403168 7.22124099731445 0.46962496638298 -2.57965397834778 5.79212379455566 -2.2565758228302 -3.29348945617676 -2.80870532989502 -2.22880625724792 35.0823936462402 31.3516941070557 13.4606838226318 12.2909259796143 7.68704128265381 5.73782014846802 6.01086044311523 2.6585259437561 0.419328778982162 0.451434314250946 -1.67616128921509 -1.48898959159851 -2.23315978050232 9.37835311889648 13.9985847473145 19.5414447784424 16.9025764465332 10.7393074035645 7.72774791717529 16.4870433807373 32.7574615478516 23.0242443084717 12.6212005615234 10.4265384674072 22.0629329681396 14.0436134338379 11.6304731369019 10.4197587966919 9.73726558685303 13.1567440032959 11.7899684906006
-0.398733049631119 2.44226288795471 4.13885593414307 8.16648197174072 1.05402982234955 -0.86060243844986 6.51068353652954 -2.12195229530334 -1.30216956138611 -1.78280341625214 -1.92803311347961 -1.88770413398743 -2.07389116287231 -2.71549487113953 15.7608442306519 26.1169853210449 18.520191192627 10.6003656387329 7.62784099578857 6.99273777008057 5.86511516571045 2.40162420272827 0.914452493190765 0.207481071352959 -0.667797267436981 -1.62078630924225 23.5460510253906 30.9803657531738 26.0869102478027 17.4931659698486 29.1317729949951 26.5570049285889 20.0063667297363 9.7249584197998 15.2283325195312 13.9073114395142 43.4494247436523 22.9576034545898 20.5356712341309 14.4250402450562 12.8131637573242 22.073148727417 17.4516181945801 15.8419246673584 12.9341049194336
-0.834586143493652 2.23704147338867 1.56804490089417 1.29103660583496 1.57922029495239 -1.63448667526245 -1.115483045578 -0.491542994976044 -0.900786578655243 -1.1063688993454 -1.07629895210266 -1.50797438621521 -2.32006931304932 -1.54420232772827 2.45014071464539 22.0508613586426 15.7843914031982 8.71046161651611 7.36381196975708 6.73740243911743 14.1230869293213 1.17766773700714 1.18964183330536 -0.50740909576416 -0.968933582305908 -1.15948760509491 -1.37206184864044 23.3146896362305 23.2992515563965 21.8732967376709 18.3684387207031 29.1128253936768 25.3105487823486 17.3206386566162 15.5737638473511 4.33210611343384 11.9022645950317 24.6932411193848 18.2035045623779 16.6041564941406 21.1874408721924 33.9633598327637 23.550365447998 17.502082824707 17.9009761810303
4.33873748779297 6.84382247924805 4.7673978805542 9.98847961425781 0.583451509475708 -0.247517362236977 1.47591423988342 -0.813623547554016 -0.457960784435272 -0.338819921016693 -1.07120478153229 0.605678081512451 8.14890289306641 5.87492179870605 3.74171566963196 9.70241737365723 9.77805137634277 16.1111507415771 34.8565521240234 37.6791572570801 29.4342136383057 1.72841930389404 0.196549490094185 0.236223593354225 0.753121316432953 0.130385637283325 -0.208277761936188 16.1883411407471 10.1523637771606 23.2236938476562 10.5687313079834 28.9858150482178 21.5317115783691 14.7178831100464 16.2907581329346 8.78662776947021 19.8849086761475 32.8088912963867 23.0653877258301 4.53902912139893 6.27813863754272 22.1328144073486 21.4982204437256 23.410982131958 22.578145980835
13.3268194198608 6.34906053543091 10.9253206253052 10.7981643676758 2.39509391784668 10.6758604049683 3.36041831970215 1.89904594421387 12.5017137527466 5.47048044204712 8.74121761322021 13.3527002334595 10.3941297531128 11.718243598938 10.5507555007935 11.29514503479 7.05263423919678 3.15179395675659 2.23012542724609 3.6107165813446 17.5221405029297 1.46181201934814 2.0401759147644 2.08569717407227 2.5849769115448 -0.656303584575653 -1.67841410636902 1.14556550979614 24.5642890930176 14.1066741943359 16.6093139648438 23.0335254669189 23.7580413818359 18.8530006408691 12.4935531616211 8.52756881713867 11.7558994293213 16.4495429992676 20.3368263244629 19.8667945861816 27.4803981781006 37.5635566711426 38.9880828857422 29.6050148010254 28.5398864746094
5.21992111206055 10.5607252120972 18.8387660980225 11.1437358856201 0.224901050329208 -0.126941233873367 7.90079164505005 -0.745672941207886 24.2277870178223 25.9217319488525 19.6451740264893 14.8821849822998 16.3140068054199 11.2750463485718 12.1530408859253 10.6627473831177 7.99008512496948 6.815185546875 7.73237276077271 6.23189878463745 12.5109033584595 6.94662380218506 8.44220542907715 3.07020902633667 1.14338934421539 -1.74076867103577 -1.69123518466949 3.24685907363892 4.731201171875 24.363655090332 26.4866428375244 13.7723293304443 23.6890029907227 40.6838226318359 9.69819736480713 5.99783325195312 13.8796520233154 7.40624523162842 26.1005477905273 23.8917655944824 18.5659103393555 31.1300277709961 41.5581207275391 45.8052444458008 33.4744300842285
5.64695358276367 0.459146201610565 6.61518478393555 18.9493141174316 11.1719589233398 2.54092001914978 0.185059234499931 -1.04364454746246 26.8691291809082 34.9469947814941 25.5737152099609 22.8238830566406 23.4490928649902 16.4401454925537 13.1152687072754 12.4664602279663 9.34323501586914 11.1912202835083 12.6372566223145 11.8739891052246 10.8256778717041 13.0913219451904 7.02359056472778 0.81766140460968 -1.18879973888397 -3.12072014808655 -2.28854060173035 3.0031156539917 -3.14469504356384 10.2657060623169 33.9167404174805 25.4213466644287 2.28444218635559 2.62297749519348 9.74338722229004 23.6879234313965 0.284943491220474 -1.997349858284 0.669732749462128 2.10992860794067 1.45761954784393 5.26682567596436 23.3104190826416 50.7105560302734 44.4007339477539
20.2304592132568 12.9694604873657 0.463990837335587 25.2072887420654 12.6710014343262 5.76383686065674 -0.358679920434952 -2.38736200332642 16.6845035552979 31.0903358459473 40.8781852722168 31.3527698516846 26.2237453460693 22.4024658203125 15.4358749389648 11.5073041915894 17.6104335784912 18.0373859405518 20.6650733947754 18.3873558044434 15.9106044769287 12.3834056854248 5.4760217666626 1.59509706497192 -0.446952015161514 -1.04312670230865 -1.0164133310318 -3.10677003860474 -2.91385626792908 -3.53883743286133 14.6814432144165 11.5890550613403 0.564131677150726 -0.455298483371735 0.18557208776474 6.45505285263062 1.46927011013031 10.8126935958862 4.03102540969849 15.4454669952393 15.7248468399048 6.43556308746338 7.07033395767212 40.242618560791 47.1801261901855
3.34080791473389 1.872074842453 -0.260289251804352 7.98314952850342 16.29958152771 9.04452800750732 -1.71582055091858 -2.45644116401672 -2.75355648994446 -2.86526226997375 31.4951629638672 16.3246192932129 11.5610208511353 14.5671815872192 19.8820133209229 15.6346321105957 27.7317638397217 20.8987255096436 24.9056186676025 20.597131729126 14.3000926971436 12.9782409667969 5.43476915359497 3.27813529968262 0.578607141971588 -0.284512370824814 -0.550124764442444 -1.30665743350983 -2.98521280288696 13.7978343963623 18.554817199707 4.25209426879883 9.17973709106445 0.451398402452469 27.7624568939209 -2.57396841049194 -1.43797159194946 0.606804668903351 7.71873378753662 5.92560529708862 14.5917053222656 9.56645774841309 5.56010389328003 15.3931655883789 51.4557228088379
4.98439073562622 0.694090306758881 0.639281690120697 0.274239718914032 25.1325359344482 7.79276561737061 -1.41252112388611 -2.10977005958557 -2.47404766082764 -2.7933452129364 15.1767520904541 26.0168380737305 22.8927154541016 26.8654727935791 17.0323467254639 4.35231161117554 28.7874603271484 30.1755084991455 29.2329807281494 21.3171424865723 18.1019859313965 30.02223777771 22.2823429107666 3.8721911907196 2.79811334609985 -0.330096304416656 -0.715676546096802 -1.10164856910706 -1.66094696521759 8.11851787567139 14.2352027893066 6.34745979309082 3.47181916236877 -2.11963272094727 22.489953994751 0.217307224869728 9.38802433013916 -2.30109524726868 6.86522388458252 12.1850690841675 15.4433059692383 21.8425617218018 25.1994476318359 21.029390335083 51.1527099609375
4.2259373664856 1.42053163051605 0.414254903793335 -0.0458886846899986 5.92433643341064 7.32850456237793 -0.103964291512966 -2.2495858669281 -2.5834424495697 -2.86615061759949 -0.238468557596207 20.7122802734375 3.40717625617981 -3.12777519226074 13.7927694320679 11.1084318161011 14.3907432556152 20.1333084106445 10.2966709136963 15.9038915634155 5.00706672668457 7.42468929290771 4.04160785675049 4.96973466873169 2.35699367523193 0.367306739091873 7.83177328109741 3.71750974655151 7.33704423904419 -1.46440839767456 1.07623755931854 2.26516342163086 2.33481955528259 -2.90329170227051 -1.77371764183044 -2.35472130775452 -1.0470222234726 -2.28134417533875 -2.34641170501709 11.9805564880371 6.7221097946167 3.35229539871216 7.08112573623657 8.20375633239746 39.4176902770996
9.06461429595947 1.39979004859924 0.504612803459167 0.788770079612732 0.858247697353363 17.0949935913086 -0.286142379045486 -1.09318947792053 -2.34800291061401 -2.80746293067932 -2.96783709526062 -2.72974157333374 -2.53015947341919 -3.36167526245117 -3.72075414657593 12.4221563339233 21.0416107177734 26.2339706420898 19.9481086730957 16.570629119873 10.8949298858643 2.82260632514954 6.83033514022827 25.7164077758789 0.483160436153412 7.62968063354492 -0.644315004348755 7.80196237564087 -1.46446442604065 -2.09593820571899 0.803906202316284 -1.76484644412994 -1.11554443836212 7.06155586242676 19.09938621521 7.84528779983521 2.33575105667114 7.92514181137085 -2.61739492416382 -2.70697045326233 1.42881941795349 1.53449726104736 1.65772473812103 15.7002286911011 42.1246871948242
2.02480578422546 11.6476078033447 5.56850481033325 9.68006420135498 2.46071887016296 7.3518328666687 4.56488418579102 -1.12483370304108 -1.09083032608032 -2.4276168346405 -2.27103734016418 -2.38118577003479 -2.69602704048157 -3.04356217384338 -3.56258988380432 8.10230350494385 -1.15713059902191 -0.764695048332214 1.97910797595978 12.6216220855713 13.9285469055176 6.08969736099243 0.191097840666771 17.8769302368164 -0.645177960395813 -0.569094300270081 -0.97689563035965 3.67561483383179 0.474158734083176 -0.754594087600708 -0.88689261674881 -1.7208389043808 -1.48729062080383 -0.677933037281036 6.08516979217529 8.42304706573486 -2.02148962020874 -1.16859173774719 -2.55833625793457 -2.60091590881348 2.12318348884583 15.377028465271 14.6641101837158 14.4125204086304 35.3832702636719
1.37703132629395 3.21495032310486 1.647096991539 1.27383983135223 8.75909423828125 27.9576377868652 29.3186702728271 16.0991191864014 -0.30350598692894 -1.49238753318787 -1.90434312820435 -2.20677614212036 -2.17918038368225 -3.14068531990051 14.1562051773071 6.984534740448 -0.847415506839752 -1.510213971138 3.50665068626404 6.35900974273682 9.45551490783691 7.31771659851074 2.21003532409668 0.393783062696457 27.1539630889893 26.013500213623 15.4329824447632 12.9031639099121 3.90452814102173 2.70376110076904 0.111484840512276 2.5294771194458 0.0830073654651642 -2.22667527198792 -1.84448516368866 8.37349319458008 -1.81566405296326 -2.1475682258606 -2.47041654586792 3.28616046905518 -1.26988780498505 -2.22504496574402 -2.716153383255 6.11147403717041 13.7055444717407
4.35335969924927 3.24962854385376 11.0059423446655 0.166554555296898 3.06140661239624 2.40571761131287 20.4123420715332 17.5567188262939 9.34335994720459 -1.43087160587311 -1.79592263698578 -1.90150225162506 -2.75800085067749 -2.89511299133301 -2.44583439826965 -1.08102560043335 -1.32193863391876 0.346524178981781 -0.0754120498895645 0.19598962366581 4.06608533859253 9.58836650848389 5.10323762893677 -0.233312457799911 -0.839288115501404 8.58544445037842 2.98443007469177 1.18489909172058 21.1496887207031 11.7999610900879 4.85768127441406 4.71944522857666 1.2239443063736 -1.49016559123993 -1.87338769435883 -1.80753982067108 -2.11712217330933 0.030697038397193 -2.23265695571899 0.0784299746155739 1.45451998710632 -2.13890480995178 -1.83857798576355 9.42449474334717 15.4933528900146
12.6823110580444 0.0584991350769997 -0.469406366348267 -0.369981080293655 0.982510924339294 5.29100179672241 19.8078231811523 18.9875392913818 13.8557395935059 3.65965723991394 -1.43672442436218 -1.5650634765625 -1.39555096626282 -1.54206526279449 -0.831136286258698 0.888777017593384 0.81370609998703 0.770585060119629 0.95870578289032 0.938746690750122 0.63426262140274 3.55166745185852 0.00128906744066626 -0.721826732158661 20.496768951416 13.7760705947876 1.74756443500519 -1.4673672914505 16.5188884735107 17.9907970428467 9.64131641387939 2.39254117012024 6.76666355133057 1.11593782901764 -1.28606534004211 -1.83636677265167 -1.01280152797699 -1.97668468952179 -2.56086015701294 -2.35145139694214 2.05831670761108 0.592137098312378 -1.92208850383759 -0.077170193195343 9.87620735168457
0.611909031867981 -0.453481167554855 -0.345554709434509 3.7303409576416 2.86790990829468 0.913378000259399 1.68525969982147 29.1567115783691 18.0798645019531 2.67733311653137 0.76589834690094 -0.773197114467621 -1.01507997512817 -0.213882133364677 1.24605631828308 1.42388677597046 1.2798467874527 1.26740312576294 0.794513583183289 0.413141816854477 1.36136043071747 2.40841341018677 0.928825080394745 -0.839475870132446 3.50763368606567 10.0162048339844 0.83402156829834 0.393507242202759 0.849577009677887 5.89976167678833 2.88253593444824 11.3525323867798 5.31986522674561 1.87160360813141 2.1212899684906 3.77829217910767 -1.49811291694641 -1.56177365779877 -1.80662226676941 -1.75619399547577 -1.81711721420288 1.50483524799347 2.51663732528687 1.54276061058044 8.50245475769043
