slauniainen/Data/DEM/Vihti_dem1500b_cl_horizonAngle_66.asc
NCOLS 196 
NROWS 178 
XLLCORNER 353680 
YLLCORNER 6699024 
CELLSIZE 16 
NODATA_value -3.4e+38 
[rows 0 to 19 of 178, columns 90 to 134 of 196]
9.64249992370605 10.2871961593628 1.96274733543396 -2.50526189804077 -2.98843955993652 -2.94581079483032 -2.77005529403687 -2.0738685131073 -1.61577951908112 -1.20090758800507 -0.820610880851746 -0.583186686038971 -0.401910811662674 -0.293294668197632 -0.237044408917427 -0.152590483427048 -0.0870636850595474 0.0717330947518349 0.11749628931284 0.185813948512077 0.263875663280487 0.0580004453659058 0.116850137710571 0.194827139377594 0.285809189081192 0.342370450496674 0.394823908805847 0.451492726802826 0.492468506097794 0.534116387367249 0.58026260137558 0.627688825130463 0.649026989936829 0.713529646396637 0.780161440372467 0.844737589359283 0.890905976295471 1.05140221118927 1.2802746295929 1.49492609500885 1.52879762649536 1.78550505638123 2.02553582191467 2.07378602027893 2.12454748153687
8.370192527771 9.62768173217773 3.01460146903992 -1.69634175300598 -3.07101058959961 -2.86563086509705 -2.6665358543396 -2.11106753349304 -1.50030517578125 -1.13814532756805 -0.778595566749573 -0.526194989681244 -0.352659821510315 -0.240434840321541 -0.190965071320534 -0.139656245708466 -0.0672722831368446 0.173669159412384 0.257799059152603 0.475027173757553 0.415876269340515 0.0704736039042473 0.137525707483292 0.200277209281921 0.252223193645477 0.310714185237885 0.359724432229996 0.425849616527557 0.483414947986603 0.535551428794861 0.594016671180725 0.679756700992584 0.745235562324524 0.787820637226105 0.868526816368103 1.02455580234528 1.21596145629883 1.41504037380219 1.44460701942444 1.68989753723145 1.91863429546356 1.95996081829071 2.09837341308594 2.17479419708252 2.22543239593506
8.70116806030273 12.6851367950439 2.73668622970581 -3.02127170562744 -2.94613528251648 -2.77353096008301 -2.55947637557983 -1.88047754764557 -1.45487415790558 -1.07828056812286 -0.751351535320282 -0.446933805942535 -0.301226437091827 -0.210431113839149 -0.160332649946213 -0.094514399766922 -0.0491813942790031 0.263813823461533 0.373462736606598 0.369534760713577 0.145640790462494 0.0947268605232239 0.148499995470047 0.201894551515579 0.250135987997055 0.284252017736435 0.324279814958572 0.393800228834152 0.473082035779953 0.533580005168915 0.599966824054718 0.73186993598938 0.829464197158813 0.983834743499756 1.47035348415375 1.34200751781464 1.37605953216553 1.59799361228943 1.82106173038483 1.86035096645355 1.98656237125397 2.05881476402283 2.10507750511169 2.25300097465515 2.3005633354187
8.67701530456543 11.7050409317017 5.90579414367676 0.397781997919083 -2.7154598236084 -2.58034181594849 -2.1542809009552 -1.61484324932098 -1.3923716545105 -1.07212209701538 -0.658305168151855 -0.403746604919434 -0.254759907722473 -0.188549503684044 -0.128002569079399 -0.0636484175920486 0.0674526542425156 0.0831907019019127 0.0339696854352951 0.0599139295518398 0.0725879818201065 0.105211555957794 0.150760129094124 0.1991096585989 0.241971120238304 0.272121161222458 0.301275253295898 0.349693685770035 0.430294692516327 0.525242805480957 0.615771770477295 0.7601118683815 0.840938210487366 1.83284318447113 1.22708439826965 1.52518391609192 1.72851014137268 1.76624178886414 1.88306570053101 1.95395803451538 1.99513506889343 2.13962244987488 2.18204426765442 2.30635738372803 2.34679746627808
5.54122543334961 10.8396062850952 10.905252456665 5.95015668869019 -2.38773989677429 -2.00774717330933 -1.63226687908173 -1.22474682331085 -0.884272873401642 -0.765466034412384 -0.502861499786377 -0.342896103858948 -0.20097516477108 -0.141371518373489 -0.0806332677602768 -0.0418258346617222 -0.00771569041535258 0.0193802826106548 0.0521495305001736 0.0614479072391987 0.0735117197036743 0.104822762310505 0.145578816533089 0.199616715312004 0.233371526002884 0.256600111722946 0.295981287956238 0.336630821228027 0.391141831874847 0.486933350563049 0.626320064067841 0.770528495311737 0.876270830631256 1.88330614566803 1.22782528400421 1.54633951187134 1.79209566116333 1.86058497428894 1.88757812976837 2.0260534286499 2.07306361198425 2.19741916656494 2.23852586746216 3.02344250679016 8.05290699005127
4.61947631835938 5.90026664733887 11.0686807632446 4.65981149673462 -1.75782871246338 -1.54773187637329 -1.29377233982086 -0.93521648645401 -0.788160860538483 -0.611012279987335 -0.419082373380661 -0.28808730840683 -0.186027586460114 -0.130405947566032 -0.0578622445464134 -0.0149208251386881 0.00866107456386089 0.0327295586466789 0.0576587207615376 0.0728808343410492 0.0933358520269394 0.139608293771744 0.169966474175453 0.200162425637245 0.227194473147392 0.257850736379623 0.293415546417236 0.337397933006287 0.377511024475098 0.458794265985489 0.590265393257141 0.808166325092316 1.10101270675659 2.09237217903137 1.29289436340332 1.57087230682373 1.7570686340332 1.92759251594543 1.96967685222626 2.08192753791809 2.13244891166687 2.10467958450317 3.53127074241638 13.0766315460205 6.65069913864136
3.41214847564697 2.23851084709167 3.66413235664368 2.60208201408386 -0.174432784318924 -1.16029095649719 -0.99170333147049 -0.738695681095123 -0.594360947608948 -0.453125983476639 -0.362381994724274 -0.246154814958572 -0.182884693145752 -0.132128208875656 -0.0695641189813614 -0.0182369500398636 0.00724985543638468 0.0508357100188732 0.0694899260997772 0.0988699421286583 0.137457713484764 0.165319845080376 0.187408700585365 0.214428588747978 0.241357445716858 0.266086786985397 0.309193909168243 0.345802664756775 0.388502031564713 0.47729104757309 0.575443267822266 0.767965316772461 1.09720802307129 1.00103163719177 1.76118314266205 1.52060127258301 1.76159834861755 1.97101998329163 2.01355242729187 1.99847781658173 2.14525699615479 4.95044040679932 7.03309535980225 15.0798273086548 4.25105094909668
-0.483967214822769 0.158601179718971 -0.214755490422249 0.780524551868439 0.191342622041702 -0.835706293582916 -0.707917928695679 -0.543627977371216 -0.431723773479462 -0.383509784936905 -0.300802201032639 -0.244706004858017 -0.164109632372856 -0.116500198841095 -0.0688256621360779 -0.0230421721935272 0.0153634855523705 0.0662441402673721 0.0784522369503975 0.103178948163986 0.120703510940075 0.187155604362488 0.229312181472778 0.246926784515381 0.267930716276169 0.290307849645615 0.333608597517014 0.377427339553833 0.409130215644836 0.461866974830627 0.547707498073578 0.620839774608612 0.833008646965027 1.21733129024506 2.36478400230408 1.44748616218567 1.66832482814789 1.82755029201508 1.93214333057404 2.82163500785828 4.12893438339233 6.56099939346313 9.15154933929443 10.9403448104858 5.37014245986938
-1.54547953605652 -1.30316865444183 -1.10714972019196 -0.939431726932526 -0.768638908863068 -0.640235424041748 -0.54333484172821 -0.443318039178848 -0.398024529218674 -0.327332556247711 -0.243908435106277 -0.185769110918045 -0.14177268743515 -0.0861212760210037 -0.0546919368207455 -0.0126163493841887 0.0417293906211853 0.0649903416633606 0.0760905891656876 0.0822505056858063 0.114307276904583 0.234361529350281 0.254949659109116 0.265802621841431 0.302765071392059 0.339542120695114 0.350903332233429 0.421865105628967 0.430849611759186 0.462075591087341 0.512068092823029 0.598976135253906 0.785794138908386 1.1492315530777 0.967334032058716 2.08621954917908 1.48653721809387 1.94703853130341 2.88430595397949 3.78732395172119 4.59847450256348 5.5819263458252 5.97414207458496 7.86613321304321 5.17224884033203
-1.36921453475952 -1.16689217090607 -1.00369715690613 -0.849117457866669 -0.696566641330719 -0.583535552024841 -0.492419689893723 -0.428823262453079 -0.338373094797134 -0.273999512195587 -0.211263716220856 -0.149890065193176 -0.0905193164944649 -0.0513070672750473 -0.032249178737402 -0.0112030971795321 0.0496177934110165 0.065757617354393 0.0789002105593681 0.110085427761078 0.134502708911896 0.222032964229584 0.286836683750153 0.323056519031525 0.331153571605682 0.401062339544296 0.408975899219513 0.419198870658875 0.473567306995392 0.484804302453995 0.488175481557846 0.536226451396942 0.834415316581726 1.09935319423676 1.61223471164703 2.23000264167786 2.4039523601532 2.81462860107422 3.21689987182617 3.66741180419922 3.69795298576355 3.97833561897278 3.08510446548462 2.40577936172485 2.34390616416931
-1.36967802047729 -1.11372768878937 -0.952575743198395 -0.79969847202301 -0.676285862922668 -0.554875612258911 -0.476734101772308 -0.387102216482162 -0.313997268676758 -0.247652843594551 -0.183395966887474 -0.114333137869835 -0.0670547038316727 -0.0437900424003601 -0.0216727256774902 -0.00347797572612762 0.054125901311636 0.0809231474995613 0.10471335798502 0.115289427340031 0.16472627222538 0.175594463944435 0.305103540420532 0.38145837187767 0.389237463474274 0.396102905273438 0.451135069131851 0.461362391710281 0.458252042531967 0.4740851521492 0.747521460056305 0.990943074226379 1.3314653635025 1.84239673614502 2.0866322517395 2.49065351486206 2.71955895423889 2.95172262191772 2.82182955741882 2.57970547676086 1.95899701118469 1.99770414829254 1.99484348297119 1.99126875400543 2.09708714485168
-1.25623309612274 -1.05954957008362 -0.90921425819397 -0.784024059772491 -0.649482250213623 -0.542914390563965 -0.428798288106918 -0.352213233709335 -0.282063126564026 -0.230817511677742 -0.177282944321632 -0.121327966451645 -0.0723004192113876 -0.0419600307941437 -0.0168930236250162 0.0136030418798327 0.0533447489142418 0.0546617247164249 0.088452436029911 0.12042661011219 0.148199275135994 0.453091651201248 0.209196463227272 0.351693689823151 0.427158921957016 0.43927988409996 0.436516731977463 0.44544517993927 0.68274712562561 0.903785884380341 1.13200187683105 1.56865930557251 1.72952878475189 2.05824494361877 2.21517539024353 2.25479817390442 2.07892298698425 2.16486287117004 2.65990781784058 1.6828773021698 1.73297190666199 1.65605247020721 1.76072323322296 1.6630038022995 1.37655103206635
-1.10394144058228 -1.01190149784088 -0.906816959381104 -0.784472644329071 -0.664082288742065 -0.569397449493408 -0.464417219161987 -0.36896800994873 -0.294709742069244 -0.24544495344162 -0.187617912888527 -0.134442955255508 -0.0961437970399857 -0.0569491051137447 -0.0215004906058311 0.0396614521741867 0.0487211830914021 0.464374393224716 0.0485302470624447 0.070094533264637 0.771696388721466 1.80489492416382 0.0557868033647537 0.223163738846779 0.388245731592178 0.422842562198639 0.636548340320587 0.82825243473053 0.988487303256989 1.37177276611328 1.49642050266266 1.75176358222961 1.86329984664917 1.89320015907288 1.74569630622864 1.50347077846527 1.57590532302856 1.60571467876434 1.59863924980164 1.48189103603363 1.49350190162659 1.42582893371582 1.16412162780762 1.06637001037598 0.954907774925232
-1.05043017864227 -0.98028689622879 -0.888871669769287 -0.776336431503296 -0.714838802814484 -0.647457182407379 -0.545104324817657 -0.449815303087234 -0.357997596263885 -0.285774916410446 -0.223248735070229 -0.166926443576813 -0.126724883913994 -0.091198205947876 -0.0528100728988647 -0.0112474085763097 0.0023509671445936 0.0073135825805366 0.107575349509716 1.67488622665405 0.537205934524536 0.1419707685709 0.246354416012764 0.471015185117722 0.740132212638855 0.835917174816132 1.16344916820526 1.27204620838165 1.32878911495209 1.52783250808716 1.61238396167755 1.64227688312531 1.52003443241119 1.37087166309357 1.41124284267426 1.3825945854187 1.30392456054688 1.35361742973328 1.41508281230927 1.31984460353851 1.06867122650146 0.909395217895508 0.819854974746704 0.807333469390869 0.801166772842407
-1.01344454288483 -0.954678356647491 -0.863284170627594 -0.812905967235565 -0.76235044002533 -0.697170674800873 -0.626675665378571 -0.542684853076935 -0.444803386926651 -0.362695217132568 -0.292626619338989 -0.226102188229561 -0.17663300037384 -0.129390314221382 -0.0825014412403107 -0.0541083700954914 -0.0268992874771357 0.179948940873146 1.15893864631653 0.607194721698761 0.224210381507874 0.40653395652771 0.575035691261292 0.652118742465973 1.00756323337555 1.14163720607758 1.29605424404144 1.35777533054352 1.42215216159821 1.44401669502258 1.33942782878876 1.24377727508545 1.28342580795288 1.27501308917999 1.20548808574677 1.22660064697266 1.15655982494354 0.972010612487793 0.916678190231323 0.878166794776917 1.7408344745636 0.703174352645874 0.74474048614502 0.759569048881531 0.763943374156952
-0.98311573266983 -0.918451189994812 -0.869394838809967 -0.826414883136749 -0.782021164894104 -0.728774011135101 -0.670501232147217 -0.610969007015228 -0.535245180130005 -0.45225515961647 -0.370310753583908 -0.293079048395157 -0.228072300553322 -0.173912525177002 -0.0948153585195541 -0.0182570815086365 0.0210071392357349 0.179033145308495 0.56130063533783 0.374653965234756 0.526234328746796 0.617420792579651 0.95223194360733 0.853555262088776 0.945612609386444 1.13922333717346 1.23533225059509 1.14613056182861 1.11086809635162 1.13816690444946 1.17531836032867 1.16455829143524 1.1085387468338 1.12721300125122 1.05897355079651 0.883137464523315 0.776784837245941 0.694245874881744 0.696497440338135 0.911560654640198 1.63574087619781 0.616056799888611 0.673891246318817 0.703296363353729 0.715484023094177
-0.940883934497833 -0.900978326797485 -0.858969986438751 -0.814549446105957 -0.773515701293945 -0.740298867225647 -0.700010120868683 -0.665254950523376 -0.610638380050659 -0.53478729724884 -0.445560902357101 -0.355891555547714 -0.272886693477631 -0.172217085957527 -0.0201232526451349 0.11853464692831 0.171152323484421 0.346873819828033 0.49522653222084 0.565289080142975 0.738392770290375 0.818706691265106 0.91453343629837 2.01479887962341 0.860019326210022 0.851180136203766 0.977530181407928 1.03828799724579 1.08033001422882 1.07621598243713 1.02191257476807 1.03161537647247 0.977891743183136 0.819582581520081 0.714450716972351 0.652763605117798 0.614747643470764 0.591291487216949 0.72224372625351 0.921802997589111 2.35677909851074 0.55882716178894 0.617593765258789 0.662146151065826 0.678049385547638
-0.926102519035339 -0.883512020111084 -0.841572403907776 -0.797897815704346 -0.767067730426788 -0.737973690032959 -0.715171456336975 -0.68595415353775 -0.646307766437531 -0.586270034313202 -0.4996577501297 -0.38127464056015 -0.22127990424633 -0.0696888044476509 0.125424563884735 0.327467352151871 0.390965670347214 0.616295874118805 0.707725763320923 0.75380927324295 0.840130805969238 0.866552412509918 1.15935027599335 0.821466743946075 0.830255389213562 0.851876318454742 0.886719763278961 0.880518674850464 0.893736064434052 0.934395372867584 0.890085160732269 0.752827227115631 0.661918461322784 0.602523922920227 0.572893679141998 0.557329535484314 0.500587999820709 0.506330966949463 0.894119799137115 1.15619921684265 0.925888121128082 0.548753380775452 0.600831508636475 0.618455231189728 0.644485175609589
-0.904494345188141 -0.859393298625946 -0.823875725269318 -0.787110924720764 -0.755201935768127 -0.733358919620514 -0.712539196014404 -0.672697126865387 -0.611534118652344 -0.546439409255981 -0.417613625526428 -0.268606126308441 -0.088147446513176 0.113324485719204 0.230347871780396 0.426348358392715 0.529318690299988 0.651622831821442 0.723917424678802 0.765150368213654 0.806038975715637 0.772894561290741 0.778343975543976 0.805642783641815 0.807571709156036 0.769334375858307 0.765046238899231 0.749429643154144 0.63310569524765 0.574378788471222 0.58546507358551 0.542984843254089 0.524825930595398 0.51448118686676 0.466857880353928 0.463345438241959 0.529694557189941 0.627685606479645 0.628888785839081 1.64072287082672 0.487748950719833 0.552027881145477 0.596862316131592 0.596761107444763 0.630176842212677
-0.889201641082764 -0.838741898536682 -0.80076003074646 -0.752103924751282 -0.610747039318085 -0.716419041156769 -0.681643128395081 -0.603516757488251 -0.493488341569901 -0.378807544708252 -0.228681221604347 -0.045193687081337 0.046783085912466 0.234997823834419 0.337971866130829 0.425874292850494 0.511132597923279 0.582264959812164 0.64847332239151 0.676556885242462 0.689787745475769 0.714124619960785 0.734612762928009 0.697909832000732 0.682713866233826 0.646846354007721 0.52379310131073 0.457223206758499 0.437724977731705 0.42877072095871 0.437604188919067 0.40488389134407 0.397205829620361 0.41242304444313 0.404889106750488 0.42736890912056 0.413140058517456 0.576128363609314 1.22905421257019 0.388353854417801 0.463472008705139 0.555519461631775 0.612744271755219 0.621541976928711 0.629119873046875
