slauniainen/Data/DEM/Vihti_dsm1500b_cl_horizonAngle_48.asc
NCOLS 196 
NROWS 178 
XLLCORNER 353680 
YLLCORNER 6699024 
CELLSIZE 16 
NODATA_value -3.4e+38 
[rows 20 to 39 of 178, columns 0 to 45 of 196]
7.92908954620361 7.79933500289917 9.28623867034912 10.1618957519531 11.8337268829346 11.7465391159058 12.7971515655518 14.9852685928345 17.4066944122314 24.9410991668701 15.7969722747803 21.1318283081055 31.3441715240479 39.0296058654785 27.8730945587158 12.8467702865601 14.5398874282837 4.32850122451782 8.51346778869629 12.0518207550049 12.0528554916382 12.5845899581909 2.83101963996887 4.1069598197937 7.5899224281311 7.84829568862915 9.75658798217773 14.78014087677 7.68362474441528 9.31304550170898 0.312099397182465 1.71771478652954 3.41492247581482 3.10004782676697 1.9502991437912 3.12623238563538 -0.111447460949421 3.44415879249573 -0.492698013782501 7.42678070068359 -0.378249883651733 13.2093019485474 2.05619049072266 1.81733977794647 8.79764366149902 10.2791061401367
8.14459705352783 8.17095375061035 9.33807277679443 10.0759801864624 11.0528764724731 11.8863716125488 12.5964221954346 15.3352746963501 19.1382579803467 39.9710884094238 17.5593090057373 22.4052295684814 33.1101989746094 44.4469032287598 41.8035011291504 18.0866107940674 18.820779800415 6.18136548995972 8.64890384674072 9.11549091339111 8.19514560699463 1.52584254741669 1.14351999759674 2.65717840194702 1.91213941574097 4.60614204406738 8.33057975769043 24.8086566925049 25.7773971557617 25.5543632507324 16.2209739685059 0.892479240894318 2.13418841362 2.13808846473694 15.2733640670776 7.5755934715271 15.2212362289429 20.1116886138916 1.61222732067108 7.91922855377197 2.84307456016541 1.18759906291962 9.90127086639404 4.33288478851318 7.44947576522827 8.58088493347168
9.49829578399658 7.71195268630981 9.54818344116211 10.5215492248535 11.2778816223145 11.8115205764771 13.8168783187866 16.851146697998 23.2290172576904 37.343807220459 16.1404056549072 20.2009315490723 28.9604473114014 35.4446563720703 31.1441764831543 11.6908531188965 21.0533504486084 12.9426765441895 7.93880891799927 2.91064929962158 1.7618887424469 5.7751202583313 1.55121779441833 10.4686870574951 2.0251476764679 3.44088864326477 7.62941455841064 14.8083429336548 15.7930812835693 13.5885715484619 22.5340919494629 1.5318591594696 1.79849791526794 6.5108208656311 8.2503604888916 4.22051048278809 9.91056632995605 10.4717054367065 5.04216623306274 2.95084142684937 4.36571598052979 3.74360656738281 9.05644130706787 5.9172797203064 6.79884910583496 18.9122714996338
6.24438858032227 7.67108821868896 9.96992206573486 10.7350473403931 11.1649208068848 12.5263910293579 15.1131172180176 17.4974517822266 21.3566188812256 40.622673034668 18.6959590911865 21.990083694458 22.099027633667 28.3659629821777 49.7217788696289 37.0443344116211 21.1250495910645 15.8457775115967 21.1246871948242 18.1254081726074 4.36052656173706 1.38310945034027 3.36920309066772 2.54184937477112 1.61796045303345 2.74326968193054 7.8306360244751 12.4691610336304 22.0113430023193 18.5393829345703 27.4383010864258 25.8212108612061 5.9015007019043 6.0827169418335 9.96522521972656 25.2815742492676 31.5014019012451 9.34930515289307 1.48095405101776 12.798321723938 10.7733087539673 7.22097110748291 6.94188499450684 12.0646133422852 12.855094909668 12.4673366546631
7.45074415206909 7.9965558052063 10.1867160797119 10.582257270813 11.3771629333496 13.7683601379395 15.6790819168091 16.1651039123535 23.6869163513184 35.1178169250488 16.8312854766846 19.2590160369873 16.2225131988525 28.0528297424316 29.7848968505859 20.453426361084 19.3896636962891 20.3374309539795 12.279990196228 12.7339744567871 20.6914196014404 6.2309513092041 5.90024900436401 0.238007739186287 2.7198166847229 3.76305174827576 13.4411182403564 11.8367385864258 17.4193058013916 10.182201385498 15.4474849700928 12.7803907394409 5.95950937271118 15.0552654266357 9.78271198272705 24.633279800415 19.2502059936523 25.7174224853516 2.85793232917786 5.31926298141479 4.84944248199463 4.90253639221191 5.97436428070068 5.44706630706787 8.86131572723389 7.48044157028198
7.77309131622314 9.62630558013916 10.039192199707 10.4462261199951 12.5456638336182 14.295280456543 14.6587285995483 17.7190284729004 19.924295425415 39.9232749938965 19.1560287475586 35.4984893798828 22.7381210327148 18.8570537567139 22.2424449920654 36.3792037963867 42.9583473205566 30.6912364959717 23.3818435668945 18.0154800415039 7.54492616653442 14.0118770599365 20.000581741333 0.748637557029724 2.73165607452393 8.73771953582764 9.83649158477783 15.6664361953735 15.2572145462036 14.2100667953491 14.6893148422241 18.807445526123 11.6964845657349 21.1700210571289 20.5527057647705 28.0702114105225 31.5405387878418 37.207088470459 23.4871253967285 8.51325607299805 3.52946805953979 4.7019248008728 4.76472663879395 3.56602668762207 4.25228786468506 6.69111776351929
8.33188533782959 9.46067047119141 9.76028347015381 11.43053150177 12.9820442199707 13.4701128005981 15.6042642593384 17.4869918823242 23.1350612640381 28.0906867980957 32.3229370117188 26.0093269348145 18.9747886657715 19.197811126709 18.6539211273193 28.2420635223389 21.0899715423584 18.8159694671631 19.8687610626221 19.6001434326172 11.9845733642578 16.5029163360596 10.0746717453003 8.10313129425049 4.69903087615967 6.61975049972534 12.1121892929077 20.5295639038086 9.95779228210449 12.0660381317139 14.4746131896973 14.3225889205933 12.5170745849609 15.7049255371094 23.0543231964111 19.78879737854 25.7141246795654 16.7426280975342 24.1418342590332 16.6601867675781 17.1699237823486 4.5592622756958 16.0066146850586 3.70616412162781 17.4804840087891 7.37398958206177
8.4423770904541 9.23659992218018 10.4756660461426 11.8381538391113 12.3477869033813 14.0890073776245 15.6576871871948 16.8929672241211 18.1799831390381 23.5342750549316 29.2747402191162 18.5697002410889 15.3368473052979 19.1745166778564 20.7846374511719 18.3386001586914 29.6820831298828 20.6522407531738 30.841890335083 12.197247505188 10.7421827316284 17.0710487365723 8.18490219116211 4.19867372512817 5.03531932830811 9.60011005401611 11.71311378479 20.014554977417 6.05501985549927 11.3607025146484 10.7587776184082 10.0228233337402 14.471996307373 16.2216033935547 17.6196975708008 20.7677555084229 14.7321243286133 16.3537826538086 16.5839862823486 12.569896697998 4.51542043685913 9.53813362121582 7.22705507278442 3.51883411407471 4.37548589706421 4.133620262146
8.66059303283691 9.58950519561768 10.8167839050293 11.2999057769775 12.5725259780884 14.2986602783203 15.185019493103 16.2298679351807 19.683723449707 19.7883243560791 33.9535636901855 35.718921661377 17.8942584991455 16.9880809783936 16.5844764709473 16.1434707641602 18.1257076263428 23.2344589233398 21.544527053833 23.8265113830566 11.1103429794312 18.2327690124512 26.9866008758545 9.47210597991943 5.63253021240234 9.89733505249023 11.4346828460693 30.7673530578613 11.0521411895752 6.9839072227478 13.78564453125 9.23543834686279 15.5609893798828 17.1292781829834 16.0755004882812 17.4216499328613 21.8936653137207 7.274827003479 11.3390207290649 30.5600872039795 11.2857046127319 12.841236114502 3.4570152759552 3.75485587120056 3.39292693138123 4.73090982437134
8.99629974365234 9.88291263580322 10.3517990112305 11.3391523361206 12.8375720977783 13.8116111755371 14.8131456375122 17.3644714355469 17.2853221893311 19.3548603057861 32.0928115844727 36.0682563781738 21.8557300567627 24.7849254608154 14.4079504013062 11.9279870986938 13.6158933639526 11.9209747314453 21.8788375854492 36.1791038513184 9.39847183227539 3.60579442977905 5.91802310943604 18.3678798675537 8.01417636871338 8.45823192596436 14.7666244506836 9.38109683990479 12.4775772094727 7.31485843658447 15.0053625106812 12.7732458114624 14.6559934616089 17.5151081085205 13.7412128448486 15.8920459747314 36.2206954956055 16.818826675415 19.1548728942871 20.15478515625 18.2449989318848 13.6440086364746 4.21801424026489 3.23261904716492 3.66696429252625 2.69007110595703
9.09159469604492 9.54810619354248 10.41650390625 11.6604747772217 12.4479684829712 13.6194686889648 15.6045503616333 15.6812877655029 16.8463821411133 23.0795936584473 27.0625152587891 38.824520111084 33.4379730224609 21.468240737915 27.5141048431396 17.8862972259521 24.3618335723877 11.2038812637329 27.4130020141602 29.602933883667 19.3885383605957 3.92098784446716 3.88193321228027 5.27479076385498 6.64423561096191 7.42092990875244 19.4496898651123 7.4223165512085 10.5263700485229 6.76890897750854 10.6264581680298 12.645149230957 11.7378616333008 13.1821193695068 15.1733379364014 21.8710708618164 11.1719179153442 13.8482522964478 15.965708732605 11.8898420333862 6.5983419418335 3.54415798187256 2.55466794967651 2.30604147911072 2.17872047424316 2.56855702400208
9.16343688964844 9.70144653320312 10.6703262329102 11.4947900772095 12.4384737014771 14.1113748550415 14.3404569625854 15.2542667388916 17.8832015991211 19.1001148223877 22.4439277648926 25.4836292266846 43.5223503112793 26.4311580657959 22.4034061431885 17.5366325378418 25.0694541931152 13.0015382766724 16.5281829833984 26.4633083343506 39.2146377563477 19.875581741333 16.3228797912598 5.36379432678223 6.66837549209595 12.9721078872681 7.01322937011719 15.0382862091064 14.8933115005493 8.42757511138916 10.4200305938721 9.53570747375488 10.5487537384033 12.5356588363647 19.4417629241943 21.298282623291 20.2076435089111 22.1887035369873 9.46018600463867 19.5175895690918 4.47153043746948 8.29153537750244 15.6083040237427 4.3701376914978 3.43220496177673 5.01382064819336
8.97749328613281 10.1522331237793 10.7468509674072 11.5081672668457 12.7074775695801 13.2190532684326 13.9130687713623 15.0010786056519 16.7263813018799 17.3216133117676 19.791051864624 29.7571659088135 36.7332611083984 38.3596076965332 21.9118061065674 21.0170211791992 35.0225105285645 12.8635225296021 16.4157276153564 21.813159942627 20.9611663818359 11.8177556991577 7.25305938720703 5.80226278305054 7.8212251663208 19.8419170379639 7.09346532821655 6.36967468261719 8.24035358428955 9.96902656555176 9.03136348724365 9.92539405822754 11.3854503631592 16.9199695587158 10.9746246337891 14.8165407180786 11.8556118011475 21.0652046203613 16.3633899688721 26.9511184692383 24.89573097229 8.73276615142822 6.8748517036438 3.17456984519958 5.8030571937561 13.8269023895264
9.36460971832275 10.0923957824707 10.6513643264771 11.6179628372192 12.14967918396 12.8977146148682 13.8144464492798 15.4144535064697 15.5733327865601 17.0327568054199 21.3755760192871 23.8839569091797 28.6076641082764 39.5540962219238 26.6690998077393 18.586404800415 30.1053161621094 22.2226409912109 21.982421875 19.9632339477539 16.4589157104492 20.232400894165 17.1644020080566 7.44736289978027 10.6843109130859 22.1526985168457 20.6313438415527 8.06612968444824 8.37798500061035 8.52512359619141 13.1450500488281 13.1201028823853 12.8255653381348 25.4616050720215 10.5253810882568 8.56908893585205 7.53106546401978 14.9411115646362 16.3549709320068 16.6894264221191 19.0430278778076 13.5011949539185 11.7230834960938 7.88289070129395 10.4439086914062 20.9459991455078
9.31421756744385 10.1344003677368 10.751335144043 11.2727298736572 11.9174365997314 12.8887338638306 14.2853975296021 14.1999483108521 15.9412250518799 17.9840717315674 19.7690486907959 20.9896793365479 25.6931018829346 35.9133453369141 39.4068603515625 24.3256320953369 33.1246490478516 19.4507617950439 18.2542533874512 14.8105344772339 11.7800636291504 12.1436128616333 6.58930110931396 8.26392650604248 8.62244701385498 15.5547828674316 26.5109920501709 26.2665519714355 8.41088485717773 9.44766998291016 13.0693864822388 11.8319854736328 11.7095327377319 17.7800636291504 24.3613090515137 12.0441226959229 11.2187204360962 11.2629461288452 10.4615468978882 14.9589500427246 9.28470420837402 10.836766242981 5.75157117843628 8.28817462921143 9.77537727355957 11.9830026626587
9.51824855804443 9.88219261169434 10.597541809082 11.1370601654053 11.9459638595581 13.4237594604492 13.0586681365967 14.0086832046509 15.4481449127197 16.0268077850342 17.2736644744873 20.1469478607178 22.6443634033203 30.1236743927002 22.5168991088867 18.2723865509033 27.0825328826904 17.4825668334961 15.5681705474854 24.7465648651123 11.9573135375977 8.92621326446533 7.71138381958008 7.50879240036011 11.1906661987305 12.1335582733154 14.89976978302 17.8997993469238 9.16217517852783 11.9096975326538 13.7533349990845 20.5861167907715 18.0247173309326 34.5711669921875 39.9279670715332 9.39012813568115 10.2904863357544 8.89304161071777 9.89239978790283 19.7340660095215 9.20714473724365 7.01817083358765 7.58588123321533 10.5334548950195 11.4797658920288 15.5029678344727
9.3940486907959 9.97742557525635 10.683201789856 12.0427236557007 12.5592412948608 12.2025680541992 12.9763956069946 13.5561990737915 14.043776512146 15.1503829956055 17.3821411132812 18.5703754425049 21.5180149078369 23.2654190063477 35.2950668334961 22.720365524292 16.5669937133789 18.3574180603027 22.4389801025391 23.8138008117676 20.7696132659912 8.54506492614746 15.3651418685913 9.88145351409912 11.9045076370239 12.8061857223511 12.5055561065674 24.4319515228271 24.2772598266602 25.5586128234863 18.4019584655762 14.1316041946411 23.2625370025635 28.9245338439941 43.0961761474609 43.0303764343262 25.7842597961426 18.8533248901367 8.67156028747559 8.53153991699219 18.5804195404053 7.25823259353638 9.73292827606201 9.07643413543701 13.1567487716675 16.5654430389404
9.47488403320312 10.075795173645 11.3212490081787 11.0831737518311 11.84130859375 12.1638212203979 12.4300498962402 12.8704643249512 13.5020265579224 15.2515096664429 15.9851055145264 17.005880355835 18.6602783203125 19.8412094116211 19.1321029663086 27.7675495147705 23.785457611084 14.4448947906494 19.1435470581055 17.9898681640625 24.6087512969971 14.3570957183838 23.1371784210205 11.6999597549438 12.3666858673096 8.14552879333496 16.5639591217041 14.3857269287109 14.836630821228 15.4692277908325 17.4244079589844 18.813081741333 21.7759914398193 28.7511444091797 30.7002010345459 35.7915420532227 17.5425128936768 22.110143661499 15.1340007781982 5.41589975357056 6.83325481414795 17.7924957275391 26.4452457427979 17.5305652618408 30.716329574585 23.6577339172363
9.53765201568604 10.694540977478 10.443169593811 11.0838718414307 11.4595260620117 11.3042116165161 11.9868154525757 12.1817455291748 13.5986738204956 14.0243272781372 14.6074476242065 15.3268737792969 16.1315631866455 15.9204187393188 16.2158470153809 18.7237529754639 22.745943069458 19.4086666107178 24.4994373321533 21.6349334716797 21.8572101593018 20.1191349029541 22.2637710571289 18.471851348877 11.9720506668091 12.5219507217407 11.7213411331177 11.6501264572144 12.1398458480835 13.7667303085327 15.3916673660278 16.9103698730469 20.7671089172363 23.0110702514648 24.0409812927246 29.8017482757568 14.4500799179077 13.9816703796387 27.5145416259766 23.0474414825439 9.50065803527832 15.5654916763306 20.2034816741943 22.2968711853027 21.011926651001 26.1044826507568
10.1476793289185 9.89086055755615 10.458911895752 10.7704772949219 10.9724178314209 11.2440452575684 11.393946647644 12.2809286117554 12.637903213501 12.8165273666382 13.961802482605 14.5640935897827 14.3634252548218 13.654167175293 15.013087272644 19.4860401153564 17.5585174560547 20.946460723877 21.2281017303467 20.6235542297363 15.1792850494385 17.4971389770508 14.2527408599854 25.289400100708 9.25320911407471 11.2637376785278 10.1230039596558 10.7889719009399 11.9684228897095 12.2320594787598 13.672625541687 15.8389883041382 17.7347621917725 18.7679290771484 17.3429946899414 27.0127925872803 10.6635398864746 25.022668838501 26.5522518157959 31.934232711792 28.2850189208984 16.7546539306641 16.4919300079346 16.2078056335449 17.9296092987061 19.0520420074463
