slauniainen/Data/DEM/Vihti_dem1500b_cl_horizonAngle_24.asc
NCOLS 196 
NROWS 178 
XLLCORNER 353680 
YLLCORNER 6699024 
CELLSIZE 16 
NODATA_value -3.4e+38 
[rows 120 to 139 of 178, columns 0 to 44 of 196]
6.0915641784668 9.09185028076172 4.61483860015869 4.8848237991333 8.11921405792236 5.57548046112061 1.55079817771912 1.04839897155762 -0.285030752420425 -0.11651736497879 0.0988810360431671 0.289961516857147 0.410157978534698 0.493307411670685 0.567675292491913 0.648956179618835 0.705611050128937 1.14910328388214 1.25342845916748 2.12842893600464 1.31267237663269 1.28438341617584 1.05670070648193 0.847191989421844 0.659257113933563 0.628094375133514 0.681593060493469 0.785235464572906 0.990951836109161 1.13172328472137 1.42320322990417 2.19403672218323 2.41791558265686 2.35912346839905 2.14059472084045 1.94491362571716 1.88621246814728 1.69139385223389 1.39185106754303 1.22299075126648 1.06363654136658 0.971754014492035 0.829099178314209 0.651412546634674 0.601769924163818
5.42912435531616 11.3113374710083 14.9587821960449 8.8154935836792 5.71833610534668 3.45888924598694 2.81049752235413 1.94608736038208 1.19368970394135 -0.120413511991501 0.0618738792836666 0.260034143924713 0.403748631477356 0.529215335845947 0.584465086460114 0.658118784427643 0.721006691455841 1.08243548870087 1.32923448085785 1.60259592533112 1.24339294433594 1.27868640422821 1.09096074104309 1.06771767139435 0.650721371173859 0.63726133108139 0.680825531482697 0.797572553157806 0.920275092124939 1.26378273963928 1.83767127990723 2.05852317810059 2.25375270843506 2.00506591796875 1.95001149177551 1.78686285018921 1.6655832529068 1.51434695720673 1.21853733062744 1.05201041698456 0.960422158241272 0.78590053319931 0.659620106220245 0.566858112812042 0.485408127307892
5.67839813232422 9.46527194976807 12.4121513366699 13.8954782485962 7.2186107635498 6.2044792175293 5.09915065765381 3.85016393661499 2.868656873703 1.4781893491745 0.0229474380612373 0.196018218994141 0.358518570661545 0.50417822599411 0.596497654914856 0.653447687625885 0.72613513469696 1.04129660129547 1.64829540252686 1.27551734447479 1.22806310653687 1.21150577068329 0.925662994384766 0.895351111888885 0.736461162567139 0.637672007083893 0.681930422782898 0.86217474937439 0.986979961395264 1.2440699338913 1.96059453487396 1.90972709655762 2.11205863952637 1.86749732494354 1.69369852542877 1.66383671760559 1.50497174263 1.22858548164368 1.08427703380585 0.943248271942139 0.852980315685272 0.699215888977051 0.551049828529358 0.497609585523605 0.403254240751266
6.13092613220215 7.30738735198975 10.2500410079956 13.0273914337158 9.97623062133789 7.02270460128784 5.38017129898071 4.09727573394775 3.05836915969849 1.52682781219482 0.0086840009316802 0.131196618080139 0.329140335321426 0.491095125675201 0.602821052074432 0.670007348060608 0.722677528858185 0.987850069999695 1.45664203166962 1.420241355896 1.16472101211548 1.22195982933044 0.876493752002716 0.808877527713776 0.856878876686096 0.670053362846375 0.731054604053497 0.797905683517456 1.09511148929596 1.6161390542984 1.83092319965363 2.01247596740723 1.94894778728485 1.76158511638641 1.56057417392731 1.44431936740875 1.34455144405365 1.07588052749634 0.922070026397705 0.876601457595825 0.764261603355408 0.600879073143005 0.508954226970673 0.424036771059036 0.334457695484161
5.16754961013794 6.68028974533081 8.03951454162598 10.360466003418 11.4172372817993 7.60276556015015 5.93808746337891 4.60509395599365 3.73204231262207 2.49043846130371 1.27988743782043 0.119873903691769 0.291301339864731 0.453013837337494 0.584729850292206 0.677112221717834 0.723084151744843 1.11544108390808 1.26042306423187 1.33439087867737 1.08152556419373 1.29702889919281 0.818045437335968 0.72484964132309 0.825142800807953 0.66989141702652 0.808726668357849 0.895912885665894 1.09393525123596 1.7281299829483 1.68661367893219 1.89793527126312 1.69248116016388 1.61003541946411 1.42520415782928 1.29075527191162 1.07239544391632 0.948401272296906 0.845478653907776 0.801421999931335 0.66887366771698 0.531991958618164 0.461685985326767 0.379270136356354 0.290320336818695
5.09899377822876 6.64911079406738 7.0820426940918 7.81265354156494 9.29753112792969 9.33113670349121 6.47354459762573 5.45813989639282 4.2607102394104 3.29362750053406 2.26975417137146 1.08383536338806 0.246129542589188 0.393410295248032 0.545298397541046 0.662794053554535 0.720138728618622 1.00130569934845 1.24629640579224 1.42257964611053 1.11021256446838 1.31284332275391 1.09200501441956 0.735047101974487 0.665724813938141 0.717306852340698 0.779964447021484 1.02339720726013 1.485799908638 1.65845263004303 1.8041832447052 1.74540066719055 1.60867094993591 1.42656683921814 1.34593939781189 1.17954158782959 0.946169972419739 0.827115416526794 0.787687063217163 0.723786413669586 0.574496030807495 0.473964661359787 0.416934609413147 0.326944589614868 0.293247848749161
4.64724588394165 5.88027095794678 5.99331283569336 6.58394622802734 7.16316938400269 8.90137195587158 7.87002944946289 5.59550809860229 5.25115966796875 4.15503168106079 3.06415820121765 1.66086888313293 0.345958530902863 0.352831274271011 0.509083211421967 0.637909293174744 0.715434849262238 0.861624598503113 1.30905151367188 1.6926097869873 1.21130430698395 1.35018026828766 1.39798104763031 0.705074489116669 0.703342795372009 0.794993817806244 0.876302421092987 1.05256533622742 1.6202689409256 1.54853570461273 1.73984479904175 1.53754019737244 1.47577083110809 1.35171020030975 1.19555509090424 1.07188999652863 0.824737071990967 0.732392370700836 0.700301349163055 0.601093173027039 0.508105635643005 0.425293207168579 0.341932654380798 0.276261657476425 0.308775722980499
5.00296926498413 5.06512403488159 5.39293718338013 5.68632984161377 6.17039060592651 7.26834392547607 8.68530178070068 10.5823574066162 7.54479551315308 4.67765760421753 3.8861038684845 2.26901769638062 1.24552094936371 0.520978808403015 0.487846553325653 0.614644706249237 0.700815916061401 0.840441524982452 1.31358826160431 1.56321954727173 1.26561629772186 1.12320482730865 1.61090731620789 0.888999223709106 0.712809085845947 0.755577862262726 0.989066958427429 1.4222697019577 1.56371569633484 1.68335664272308 1.60736882686615 1.45897662639618 1.29032003879547 1.27902841567993 1.13622891902924 0.869174301624298 0.718171775341034 0.671675980091095 0.630606830120087 0.513189375400543 0.454020291566849 0.374593019485474 0.292585074901581 0.261328369379044 0.390394628047943
4.55432558059692 4.60643625259399 4.75996923446655 5.02628564834595 5.28167152404785 5.97310590744019 7.11043739318848 7.8966498374939 9.28557014465332 10.0583362579346 5.87714147567749 4.15836095809937 2.83904647827148 1.38825106620789 0.481185764074326 0.596011579036713 0.687899649143219 0.887244343757629 1.27197277545929 1.31954753398895 1.30340659618378 1.20622992515564 1.51685440540314 1.49111008644104 0.701052248477936 0.742137134075165 0.996954381465912 1.53033018112183 1.45922529697418 1.59266889095306 1.39190995693207 1.32445597648621 1.21533012390137 1.10474860668182 1.01458990573883 0.777385413646698 0.664539933204651 0.611277222633362 0.51207560300827 0.440880805253983 0.403190046548843 0.328112423419952 0.254788011312485 0.244521588087082 0.507418751716614
4.15486478805542 4.19348049163818 4.29124975204468 4.40033149719238 4.67600297927856 4.96697998046875 5.52965927124023 5.93749475479126 6.54512786865234 6.88635444641113 8.51329517364502 7.87160158157349 5.96397542953491 3.2451274394989 1.38975286483765 0.592303872108459 0.692224621772766 1.02903497219086 1.08492708206177 1.37192261219025 1.33315742015839 1.29471778869629 1.45936989784241 1.82561385631561 0.992508411407471 0.812649667263031 0.97191858291626 1.45740818977356 1.56466257572174 1.45737195014954 1.30966973304749 1.12787342071533 1.11324679851532 1.01140153408051 0.791377067565918 0.673647522926331 0.621208012104034 0.564370453357697 0.448550671339035 0.392337948083878 0.36110982298851 0.285281509160995 0.319038689136505 0.383763313293457 0.57744961977005
3.74023151397705 3.68160462379456 3.89559149742126 3.99752259254456 4.12367248535156 4.32851600646973 4.59617328643799 4.61648082733154 4.87695980072021 5.13346195220947 5.84063339233398 6.22740316390991 7.85448360443115 8.20244312286377 5.65790271759033 2.71350240707397 1.72455263137817 0.976714909076691 1.07619118690491 1.33321857452393 1.50354588031769 1.4633321762085 1.32308280467987 1.69019269943237 1.37414503097534 0.919655442237854 1.29001200199127 1.3901914358139 1.48082256317139 1.27362203598022 1.19042122364044 1.07158219814301 0.966090679168701 0.875545859336853 0.675813317298889 0.613451421260834 0.566810309886932 0.467140763998032 0.395205080509186 0.349852234125137 0.286459445953369 0.244270861148834 0.481545120477676 0.50321888923645 0.845226407051086
3.47603726387024 3.4057285785675 3.56312370300293 3.65499901771545 3.66677451133728 3.81718826293945 3.74804925918579 3.89848399162292 4.06944561004639 4.44202423095703 4.77190780639648 4.93634700775146 4.76792860031128 4.16350221633911 3.62360334396362 4.83765983581543 2.92512106895447 1.0080451965332 1.16358208656311 1.27998399734497 1.78182446956635 1.63294351100922 1.4584938287735 1.61688947677612 1.69690072536469 0.948093771934509 1.39133489131927 1.30264961719513 1.41511237621307 1.21118903160095 1.03570771217346 1.00928211212158 0.906910240650177 0.696901500225067 0.590347111225128 0.562947690486908 0.524803042411804 0.425528049468994 0.351756453514099 0.296047419309616 0.235233455896378 0.245542526245117 0.432608187198639 0.656284868717194 0.812865734100342
3.04330658912659 3.17418599128723 3.26164412498474 3.29575061798096 3.32807183265686 3.25504279136658 3.308269739151 3.3049623966217 3.37970948219299 3.77358436584473 3.88617515563965 3.55144286155701 3.72267174720764 3.2697069644928 2.51641273498535 1.68049550056458 0.893480837345123 1.14244091510773 1.25301480293274 1.52839255332947 2.07836532592773 1.82812225818634 1.60309076309204 1.51045656204224 1.81020998954773 1.27276825904846 1.35383474826813 1.42126214504242 1.31191456317902 1.16798865795135 0.992510199546814 0.89065033197403 0.805576145648956 0.631863296031952 0.551056504249573 0.510573148727417 0.468591630458832 0.360184133052826 0.294199645519257 0.246859267354012 0.201066613197327 0.215581014752388 0.470487922430038 0.83574914932251 0.776440858840942
2.87278938293457 2.94242525100708 3.01970791816711 2.96980953216553 3.03797245025635 2.88012361526489 2.81209683418274 2.90869331359863 3.04892921447754 3.04127597808838 3.24427318572998 3.0119161605835 2.69928336143494 2.10415720939636 1.82001531124115 1.3409982919693 0.904095947742462 1.20296907424927 1.64540207386017 2.52486491203308 2.67666220664978 2.19417929649353 1.83089292049408 1.54099881649017 1.61974012851715 1.49014544487 1.28618538379669 1.38131308555603 1.16501533985138 1.05649292469025 0.92977374792099 0.836326897144318 0.654689252376556 0.569479048252106 0.512117862701416 0.44250100851059 0.355554789304733 0.271536111831665 0.246403887867928 0.218543708324432 0.17322264611721 0.189909115433693 0.430671513080597 0.786674320697784 0.838845014572144
2.7009916305542 2.7447202205658 2.72232508659363 2.74645614624023 2.69719624519348 2.64333701133728 2.55524015426636 2.53933668136597 2.67869234085083 2.6789608001709 2.49246549606323 2.46041464805603 2.30353951454163 1.77033042907715 1.2280033826828 0.860334455966949 0.94273829460144 1.73073935508728 2.57406783103943 2.71944093704224 3.6245288848877 3.0312077999115 2.29698419570923 1.76859271526337 1.66889631748199 1.55670595169067 1.40671765804291 1.28461849689484 1.10900402069092 0.910428762435913 0.875277757644653 0.784906625747681 0.612959086894989 0.526600658893585 0.465968728065491 0.392219811677933 0.278974711894989 0.218476042151451 0.20843143761158 0.170059189200401 0.18004322052002 0.297261953353882 0.477172315120697 0.718979120254517 0.810783207416534
2.51552295684814 2.58648419380188 2.54012751579285 2.51486396789551 2.38096475601196 2.33674716949463 2.33238506317139 2.299565076828 2.27500653266907 2.30271816253662 2.20196437835693 1.97011065483093 1.64627492427826 1.32581698894501 0.926630198955536 0.895045280456543 1.3275238275528 1.58646857738495 1.94434714317322 2.63690423965454 4.07313442230225 4.18514776229858 3.22594618797302 2.71282744407654 1.86080873012543 1.52632904052734 1.40327441692352 1.15494298934937 1.01633369922638 0.878382503986359 0.772557556629181 0.700067400932312 0.551998555660248 0.480365186929703 0.404756039381027 0.309508800506592 0.211483269929886 0.173248872160912 0.144257396459579 0.131772264838219 0.148407325148582 0.369790732860565 0.684083819389343 0.661175072193146 0.728287279605865
2.34261703491211 2.33158373832703 2.3600161075592 2.2401864528656 2.18534636497498 2.09973454475403 2.04028391838074 2.09157204627991 2.05654263496399 1.86717677116394 1.78090667724609 1.74808096885681 1.47959899902344 1.07762384414673 1.09056746959686 0.934533953666687 1.11133778095245 1.46855044364929 1.94087398052216 2.59273910522461 3.57343292236328 4.81635713577271 4.29754781723022 3.39347195625305 2.42165470123291 2.22621655464172 1.71918523311615 1.32387053966522 0.903978228569031 0.836238384246826 0.745033442974091 0.596739232540131 0.523274719715118 0.459571540355682 0.370095938444138 0.248437941074371 0.161417543888092 0.117063850164413 0.0884692519903183 0.102775104343891 0.219960436224937 0.404441595077515 0.626717805862427 0.68867039680481 0.612169146537781
2.16240358352661 2.15034198760986 2.12481570243835 2.03082942962646 1.93738520145416 1.92876482009888 1.86641776561737 1.87882387638092 1.8748722076416 1.68422055244446 1.48864412307739 1.29205107688904 1.14775240421295 0.973966598510742 0.877993047237396 0.95873886346817 1.13216495513916 1.49252033233643 1.88746070861816 2.45014190673828 3.2491295337677 4.25108480453491 4.54217910766602 3.79267811775208 3.04700422286987 2.37454462051392 2.26374220848083 1.60237956047058 0.934152364730835 0.750637054443359 0.685314118862152 0.542439937591553 0.476093769073486 0.402811884880066 0.293816894292831 0.184028565883636 0.092002160847187 0.0499769076704979 0.033967100083828 0.060818936675787 0.259626388549805 0.573048710823059 0.558708488941193 0.626501560211182 0.560875415802002
1.94257366657257 1.9246701002121 1.79750645160675 1.8008850812912 1.76588368415833 1.6971343755722 1.74431788921356 1.68532109260559 1.61885273456573 1.5376091003418 1.35893273353577 1.17100274562836 0.931188106536865 0.775460243225098 0.852205455303192 1.01428425312042 1.18477940559387 1.52655959129333 1.83274412155151 2.37808585166931 2.96048402786255 3.63835000991821 4.64390516281128 4.00986671447754 2.89887928962708 2.55193018913269 2.50335359573364 1.85244190692902 1.1102706193924 0.722328007221222 0.558085381984711 0.474029392004013 0.406679153442383 0.341902703046799 0.217564076185226 0.117383904755116 0.0385600551962852 -0.019606614485383 -0.0123809305950999 0.111970141530037 0.297638237476349 0.512799739837646 0.553586959838867 0.522594034671783 0.505311906337738
1.83359694480896 1.72875714302063 1.62984335422516 1.5206356048584 1.54168224334717 1.54094648361206 1.55740594863892 1.571448802948 1.40018427371979 1.25055527687073 1.23423063755035 1.07007825374603 0.857903122901917 0.783106327056885 0.882994890213013 1.04647028446198 1.19272434711456 1.51080906391144 1.83731925487518 2.27052092552185 2.76748061180115 3.45068669319153 4.43119382858276 4.2458963394165 3.32948589324951 2.77122497558594 2.6307168006897 2.43463158607483 1.45449185371399 0.65673553943634 0.489796459674835 0.413161844015121 0.346515506505966 0.275097101926804 0.143979758024216 0.0281637832522392 -0.0238651651889086 -0.0726232603192329 -0.0610716566443443 0.136850968003273 0.442315369844437 0.449520617723465 0.4922856092453 0.45588755607605 0.365666270256042
