slauniainen/Data/DEM/Vihti_dem1500b_cl_horizonAngle_48.asc
NCOLS 196 
NROWS 178 
XLLCORNER 353680 
YLLCORNER 6699024 
CELLSIZE 16 
NODATA_value -3.4e+38 
[rows 60 to 79 of 178, columns 45 to 89 of 196]
-0.104804888367653 0.13586288690567 0.36765918135643 1.65432131290436 1.13121354579926 0.386416226625443 0.373815596103668 0.373554646968842 0.381726622581482 0.381342947483063 0.390468925237656 0.405780553817749 0.430460333824158 0.465424567461014 0.504104733467102 1.29805195331573 1.70504724979401 0.605371952056885 0.641320765018463 0.692354321479797 0.730677425861359 0.785640358924866 0.837447881698608 0.926640093326569 0.966828584671021 1.08234596252441 1.1819155216217 1.24631118774414 1.33079659938812 1.53128623962402 1.60343825817108 1.59728527069092 1.59885907173157 1.61596786975861 1.8283566236496 2.0023627281189 2.15715169906616 2.3374388217926 2.56255435943604 2.78043413162231 3.05268216133118 3.42767643928528 3.82399463653564 4.5095386505127 5.18152046203613
-0.102599874138832 0.13779079914093 0.346435844898224 0.856049001216888 1.5918755531311 0.529809713363647 0.364454329013824 0.358117073774338 0.360775083303452 0.359112650156021 0.369424670934677 0.371812224388123 0.388049453496933 0.399128556251526 0.431136012077332 0.482880622148514 0.561067521572113 0.860863089561462 1.08980989456177 0.704540312290192 0.7769535779953 0.810608983039856 0.880630731582642 0.940923273563385 1.06993198394775 1.13550138473511 1.18722057342529 1.2825483083725 1.45127439498901 1.52528023719788 1.55271232128143 1.5523339509964 1.62897622585297 1.73091757297516 1.86860370635986 2.00471568107605 2.16158413887024 2.33813405036926 2.50385975837708 2.71743297576904 3.00995898246765 3.37210130691528 3.9102509021759 4.33723592758179 5.10883235931396
-0.0412009470164776 0.140536189079285 0.386871874332428 1.12048137187958 1.9078654050827 0.627417087554932 0.351047992706299 0.347923815250397 0.350119203329086 0.356395304203033 0.355772435665131 0.360194176435471 0.361018419265747 0.383435368537903 0.416287481784821 0.457694888114929 0.512985825538635 0.559694290161133 0.658444941043854 0.781152546405792 1.35365998744965 0.860273420810699 1.04289138317108 1.03766357898712 1.1080414056778 1.18049085140228 1.22911071777344 1.36963963508606 1.48205375671387 1.48090302944183 1.48459410667419 1.62230515480042 1.73435354232788 1.82570314407349 1.87155556678772 2.02819585800171 2.16638612747192 2.32075381278992 2.52187657356262 2.72182846069336 3.02976202964783 3.45793414115906 3.77850914001465 4.40752983093262 5.12828350067139
0.0533808507025242 0.149827748537064 0.334721624851227 1.14746379852295 2.22961282730103 1.1785444021225 0.409211248159409 0.339158207178116 0.34571099281311 0.349313378334045 0.347151547670364 0.351736783981323 0.373705834150314 0.39706426858902 0.436972707509995 0.478941380977631 0.514997005462646 0.582575380802155 0.637374579906464 0.729185521602631 0.812402784824371 0.932339191436768 1.81139302253723 1.34138977527618 1.15377557277679 1.1956342458725 1.35268270969391 1.42445170879364 1.43200469017029 1.44940519332886 1.56266438961029 1.65982615947723 1.74219572544098 1.85651588439941 1.91152048110962 2.0372109413147 2.15822386741638 2.33295059204102 2.47269344329834 2.76438927650452 3.12425231933594 3.41364288330078 3.93448042869568 4.4625506401062 5.07292890548706
0.259979516267776 0.191994160413742 0.26825937628746 1.00166392326355 2.17376780509949 1.63812637329102 0.621332406997681 0.341782122850418 0.341317415237427 0.342788189649582 0.342004001140594 0.362557649612427 0.38430118560791 0.414532452821732 0.461465805768967 0.495899260044098 0.561426401138306 0.60833328962326 0.685256540775299 0.77523934841156 0.90715217590332 0.93354195356369 1.03918302059174 1.38576865196228 1.99745798110962 1.31534194946289 1.39360880851746 1.41791367530823 1.40740776062012 1.50807046890259 1.61452305316925 1.66511595249176 1.77897930145264 1.86804103851318 1.93735706806183 2.02902507781982 2.19351410865784 2.31463646888733 2.54864597320557 2.85503697395325 3.10414266586304 3.56103157997131 3.99567484855652 4.42966270446777 5.62054872512817
1.04018759727478 0.229038923978806 0.259880751371384 0.348178833723068 1.77284169197083 2.23578548431396 0.825778305530548 0.342999279499054 0.335381358861923 0.340768039226532 0.356813997030258 0.379920095205307 0.413694322109222 0.455426931381226 0.489832818508148 0.548549950122833 0.593837559223175 0.668580412864685 0.758501648902893 0.88071209192276 0.953933954238892 1.02854931354523 1.05323433876038 1.12332105636597 1.30700409412384 2.22569727897644 1.40578901767731 1.37971317768097 1.49999713897705 1.57599437236786 1.62227535247803 1.70171451568604 1.77799570560455 1.8484605550766 1.9860782623291 2.07337641716003 2.17985486984253 2.39539289474487 2.66333246231079 2.89617681503296 3.26624655723572 3.65113282203674 4.05201816558838 5.03043603897095 5.97153902053833
2.29095077514648 0.954708993434906 0.302355289459229 0.467305570840836 1.51485538482666 2.45282435417175 1.0758763551712 0.489166378974915 0.34211066365242 0.353429466485977 0.373889952898026 0.40286061167717 0.446204125881195 0.479087829589844 0.538657784461975 0.576694190502167 0.646954774856567 0.723040103912354 0.863066732883453 0.908089518547058 0.951889336109161 1.02567398548126 1.11730945110321 1.19527900218964 1.29951739311218 1.35983157157898 2.11239147186279 2.39340019226074 2.07729768753052 1.96311175823212 1.68370294570923 1.73721408843994 1.78908121585846 1.91439771652222 1.99401235580444 2.12062835693359 2.26667809486389 2.50405216217041 2.72935581207275 3.06167817115784 3.40570402145386 3.75693249702454 4.7043719291687 5.50443744659424 7.14004755020142
2.98481678962708 1.87399804592133 0.475827783346176 0.936084449291229 1.66267931461334 2.41238617897034 1.22850954532623 0.431648701429367 0.542790710926056 0.432257205247879 0.53252375125885 0.437928408384323 0.473339229822159 0.530561804771423 0.564180076122284 0.63225644826889 0.695582449436188 0.830565750598907 0.895857393741608 0.903122425079346 0.894465327262878 0.983802437782288 1.15696513652802 1.21827626228333 1.25861036777496 1.27827107906342 1.42521774768829 1.93336641788483 3.25281119346619 3.83783888816833 2.28123927116394 1.94548463821411 1.906982421875 1.97890031337738 2.13178205490112 2.29234075546265 2.45278525352478 2.66951775550842 2.97031784057617 3.24351239204407 3.50036859512329 4.22714614868164 4.98701810836792 6.37822246551514 7.36968755722046
2.45241951942444 1.95547044277191 0.89200234413147 1.28097319602966 1.90669310092926 2.47057437896729 1.55445444583893 0.933290421962738 0.88913905620575 0.793194174766541 0.911697685718536 0.545301914215088 0.530485153198242 0.564134776592255 0.623644113540649 0.680172145366669 0.797442495822906 0.872408151626587 1.35054171085358 0.881767213344574 0.873186409473419 0.95217102766037 1.03689479827881 1.09316289424896 1.21227312088013 1.31925392150879 1.44777798652649 1.5670622587204 1.88837015628815 2.23091506958008 3.30969166755676 3.37648987770081 2.86166262626648 3.19308376312256 2.40794110298157 2.4795835018158 2.61519765853882 2.90000343322754 3.11825489997864 3.3176703453064 3.90166449546814 4.55310678482056 5.75588417053223 6.65282773971558 7.83396100997925
1.94993245601654 1.91077935695648 1.27379751205444 1.63271188735962 2.25947237014771 3.02224040031433 3.08973097801208 2.93187999725342 1.67518723011017 1.24391865730286 1.16082692146301 0.978676676750183 0.902629852294922 0.628653287887573 0.672528266906738 0.777008175849915 0.84239786863327 1.0025475025177 2.40019822120667 1.42355263233185 0.863122045993805 0.833499193191528 0.839422702789307 0.972463667392731 1.18171489238739 1.32698535919189 1.46509337425232 1.56773900985718 1.68462324142456 1.74542713165283 1.87825763225555 1.96135675907135 2.12796378135681 2.2740306854248 2.34270119667053 2.56469893455505 2.70867037773132 2.91451501846313 3.08444833755493 3.56657695770264 4.16031646728516 5.22663164138794 6.05709600448608 7.05996608734131 7.66818714141846
1.11287271976471 1.084681391716 1.26832568645477 1.55499172210693 2.04384708404541 2.07572531700134 2.08477854728699 2.92642712593079 2.97759175300598 1.58848774433136 1.00852477550507 0.784569978713989 0.6507608294487 0.662798404693604 0.764041304588318 0.826846301555634 0.890541613101959 1.74218273162842 3.36483287811279 2.61731934547424 0.81976842880249 0.667144477367401 0.694045841693878 0.884334981441498 0.993298411369324 1.18969202041626 1.42409420013428 1.55507040023804 1.63223242759705 1.77682888507843 1.83218657970428 1.98617362976074 2.13624095916748 2.28459143638611 2.45174384117126 2.58309531211853 2.69915843009949 2.85881590843201 3.28003573417664 3.83046388626099 4.7909107208252 5.56465768814087 6.42648410797119 6.98719882965088 7.60643720626831
0.928325116634369 1.05288803577423 1.15604364871979 1.41941606998444 1.66433930397034 1.65986764431 1.72606647014618 1.78437829017639 1.41918921470642 1.00085282325745 0.779570579528809 0.725899636745453 0.757335543632507 0.757432579994202 0.816209197044373 0.878568649291992 1.34495210647583 2.49380993843079 4.38138103485107 5.99536943435669 4.54447031021118 0.658128201961517 0.679481267929077 0.724553346633911 0.866169393062592 1.02871549129486 1.24246418476105 1.45506143569946 1.63694214820862 1.71890807151794 1.84799253940582 1.98561704158783 2.14277744293213 2.33096146583557 2.4449520111084 2.55479645729065 2.87525606155396 3.15296649932861 3.58160614967346 4.4297342300415 5.13663625717163 5.90317392349243 6.41658639907837 6.92638683319092 6.97966289520264
0.910696268081665 1.05950939655304 1.16270005702972 1.23028600215912 1.30276334285736 1.25830900669098 1.24791896343231 1.25585186481476 1.39045071601868 1.14587068557739 0.955713331699371 0.939972877502441 1.07514250278473 0.922358870506287 0.94009393453598 1.21983218193054 1.90471029281616 2.54502439498901 3.70508313179016 4.11047124862671 7.1981782913208 1.54071927070618 0.668412923812866 0.664561092853546 0.739705443382263 0.903051137924194 1.09915590286255 1.32552897930145 1.56094181537628 1.71283459663391 1.87744164466858 1.99823212623596 2.17327499389648 2.3111674785614 2.44247651100159 2.71636414527893 3.11950635910034 3.6501476764679 4.07930755615234 4.80107545852661 5.491051197052 5.96111583709717 6.38896942138672 6.4376015663147 6.74333143234253
0.882865309715271 0.914824604988098 1.00579977035522 1.0458596944809 1.08321106433868 1.05890500545502 1.0345059633255 1.0447598695755 1.09430944919586 1.06294703483582 1.00163972377777 0.949021220207214 0.815784215927124 0.934047400951385 1.32672214508057 1.5585663318634 2.3019061088562 3.16189312934875 3.87522459030151 5.56612920761108 7.61556386947632 1.31106603145599 0.652421236038208 0.637679517269135 0.694379150867462 0.818370938301086 1.02953469753265 1.24717402458191 1.50849771499634 1.72687327861786 1.87876212596893 2.05644941329956 2.16124415397644 2.29571843147278 2.56047296524048 2.97410273551941 3.63475513458252 4.21726846694946 4.51685047149658 5.04501914978027 5.50158452987671 5.88240718841553 5.94231986999512 6.21378993988037 6.22540426254272
0.791067540645599 0.831564545631409 0.847908735275269 0.867750287055969 0.873977363109589 0.907342433929443 0.876928687095642 1.07254183292389 1.17004776000977 0.817759454250336 0.7238489985466 0.796428501605988 0.851889073848724 1.21536695957184 1.74238383769989 1.99397814273834 2.42883324623108 2.91414833068848 4.34297657012939 5.9757833480835 6.88393449783325 0.660505831241608 0.565399646759033 0.590915262699127 0.705967843532562 0.816457986831665 0.951118886470795 1.17568230628967 1.52187955379486 1.75991463661194 1.91564857959747 2.03472447395325 2.16845607757568 2.39349031448364 2.8119421005249 3.44168782234192 3.98604822158813 4.49881887435913 4.91002988815308 5.11127281188965 5.42604780197144 5.48727226257324 5.70280122756958 5.69716739654541 5.94786500930786
0.72794896364212 0.766050338745117 0.805558621883392 0.823930263519287 0.823999643325806 1.05102181434631 0.980482459068298 1.00184893608093 1.58658623695374 0.63879919052124 0.699974954128265 0.799552619457245 1.0645307302475 1.50248837471008 1.94285655021667 2.49487686157227 2.69945526123047 3.6127815246582 4.61372184753418 5.95152759552002 6.32781314849854 2.16145062446594 0.534547448158264 0.578071415424347 0.706530451774597 0.818385481834412 0.950673699378967 1.18984615802765 1.55467784404755 1.79026186466217 1.90465950965881 2.03031325340271 2.28062200546265 2.62486147880554 3.23369932174683 3.7607753276825 4.23185300827026 4.60783720016479 4.8619909286499 5.04248762130737 5.09659671783447 5.26156711578369 5.26934862136841 5.47154760360718 5.57458114624023
0.6611487865448 0.754148364067078 0.804643273353577 0.809034943580627 0.773974061012268 0.778261661529541 0.745925962924957 0.739233195781708 1.45445263385773 0.611453235149384 0.686176419258118 0.972560107707977 1.33153510093689 1.66546654701233 2.15110111236572 2.74974250793457 3.16482210159302 3.92492532730103 5.06131172180176 6.96271371841431 7.87983894348145 5.68837404251099 1.42425727844238 0.645557761192322 0.715693354606628 0.850498735904694 1.0146746635437 1.23154962062836 1.56978142261505 1.78807103633881 1.91863036155701 2.13132905960083 2.49657511711121 3.05272507667542 3.54761838912964 3.98583507537842 4.33824253082275 4.55401134490967 4.61655426025391 4.72157096862793 4.89095449447632 4.88973045349121 5.05403852462769 5.12439632415771 5.28857517242432
0.7071293592453 0.72252494096756 0.69938725233078 0.642832934856415 0.612610042095184 0.596114099025726 0.546442449092865 0.523889005184174 1.1532860994339 0.798283636569977 0.89005982875824 1.19231629371643 1.47460615634918 1.89897298812866 2.39979982376099 2.94992661476135 3.31177234649658 4.12549829483032 5.74297571182251 7.75704145431519 8.51168918609619 7.79766941070557 3.57029581069946 0.712374150753021 0.776448547840118 0.899338364601135 1.04839169979095 1.2938996553421 1.58620643615723 1.80200374126434 2.01980805397034 2.35452771186829 2.89415168762207 3.38584637641907 3.75998187065125 4.08648252487183 4.2912654876709 4.33082342147827 4.42231798171997 4.42394399642944 4.53020238876343 4.69656562805176 4.73306608200073 4.89209127426147 7.01203107833862
0.588743805885315 0.592026710510254 0.560631036758423 0.536452651023865 0.528660118579865 0.495736986398697 0.450825572013855 0.506998896598816 0.681219398975372 0.942155301570892 1.08685958385468 1.3233163356781 1.71300804615021 2.11744451522827 2.55238199234009 3.11102271080017 3.47051501274109 4.49552345275879 5.85139179229736 6.95813083648682 7.37378358840942 6.94340229034424 5.04745292663574 3.18356990814209 1.9336462020874 1.04031693935394 1.17056286334991 1.35285341739655 1.60082364082336 1.87471723556519 2.21591019630432 2.73500108718872 3.19803643226624 3.56494331359863 3.89209175109863 4.03909683227539 4.08088493347168 4.15915060043335 4.15340852737427 4.24692153930664 4.25008010864258 4.39845657348633 4.53288221359253 6.17279243469238 7.29650115966797
0.546156227588654 0.526164174079895 0.502505600452423 0.478633314371109 0.449053525924683 0.404809296131134 0.474304914474487 0.617419600486755 0.853747129440308 1.18765902519226 1.24943649768829 1.59655022621155 1.92006492614746 2.24799418449402 2.73990368843079 3.45618867874146 3.78578114509583 4.53286075592041 5.28162384033203 6.21569919586182 6.56173801422119 5.95186710357666 3.89843511581421 2.27173018455505 1.93796861171722 1.39695715904236 1.29158973693848 1.42743062973022 1.63601303100586 1.98531293869019 2.48343825340271 2.9553005695343 3.32773756980896 3.66723775863647 3.83071064949036 3.87391138076782 3.9166533946991 3.9208836555481 3.98656558990479 3.99308347702026 4.10297584533691 4.05131101608276 5.48753976821899 6.42207908630371 7.25783681869507
