slauniainen/Data/DEM/Vihti_slope_16m.asc
ncols         196
nrows         178
xllcorner     353680
yllcorner     6699024
cellsize      16
NODATA_value  -9999
[rows 120 to 149 of 178, columns 68 to 135 of 196]
-9999 -9999 -9999 -9999 -9999 5.062544 7.010404 6.783577 5.544677 5.809116 7.2046 6.687986 4.452665 7.806308 14.79931 12.46693 8.781485 11.41529 13.01435 12.55756 10.84084 9.33093 10.02827 12.4101 12.36051 6.797465 1.085278 0.05232966 0.1774176 0.1165301 0.06215819 0.08991256 0.05634131 0.05729084 0.1131854 0.3518918 0.2197771 0.09454512 0.09859265 0.1333561 0.1803196 0.1650318 0.156983 0.1883612 0.1618551 0.1510521 0.1805695 1.475348 6.227616 13.72949 22.04534 24.17726 21.03894 17.71879 15.94699 17.65233 19.87132 22.55044 27.0462 30.60014 31.63121 30.41204 30.20718 37.05775 40.10035 32.52712 21.86403 14.7943
0.7725316 -9999 -9999 -9999 2.871753 4.492293 5.30062 5.147659 4.174452 4.319386 5.670546 5.089985 3.926974 9.872345 14.53453 11.03021 6.815093 8.871308 12.1159 14.26425 14.37645 13.09398 12.61724 13.74544 13.30601 8.405884 2.136271 0.04719792 0.1066148 0.1423877 0.07825478 0.06940927 0.06311976 0.06377161 0.08746309 0.3524684 0.2339122 0.01015258 0.02356596 0.06452551 0.1562075 0.1528635 0.06558643 0.1125246 0.1145208 0.02783396 0.3755984 4.65534 11.9268 18.70326 26.95568 25.71797 17.85698 14.83075 14.22027 17.84576 21.54002 24.11772 25.33713 25.23817 23.72161 21.75097 20.50327 30.0048 41.06148 41.34811 32.97482 21.18742
1.158173 -9999 -9999 -9999 2.317581 3.0401 3.192372 2.963872 2.080369 3.517276 4.545498 2.190844 4.981367 10.80018 13.36677 9.594883 5.611625 5.765921 7.589179 10.33309 12.96468 13.80229 14.65332 15.44306 13.72402 9.342755 3.005595 0.05048463 0.06547823 0.1794269 0.0847818 0.02702771 0.07154929 0.0622103 0.04592153 0.2862221 0.2588414 0.07878673 0.0257064 0.04057501 0.1382182 0.1765946 0.1250006 0.1287342 0.1730138 0.1334175 1.210775 8.732768 15.8391 21.87041 29.70056 24.33556 15.61907 14.34531 12.81587 17.59779 22.37398 22.53453 21.01483 19.99661 20.57904 20.29591 17.83787 20.32483 32.55316 41.91301 43.77118 34.57312
1.923697 1.887514 1.554584 2.127005 2.320549 1.543226 1.615144 2.045377 1.297374 3.198853 3.327444 1.408697 7.132753 11.81617 12.6008 9.117294 5.586053 4.723229 4.684496 6.053166 10.47855 13.6551 17.19424 18.15177 14.5506 9.78784 3.409071 0.0552986 0.07366894 0.2132111 0.06396376 0.02365239 0.0647027 0.07155727 0.01350348 0.2271568 0.2317118 0.09975486 0.09218587 0.05057716 0.08246473 0.1087485 0.08028358 0.09432681 0.1783222 0.2401877 1.945193 12.15723 18.60272 22.88264 28.55584 21.12804 13.50715 16.54128 14.15359 15.60137 19.04445 17.18469 16.30015 16.67525 16.65837 15.24176 11.46225 11.2147 18.59 29.18847 41.10115 43.47359
1.389405 1.979794 2.112611 2.092071 1.413351 0.4458401 0.7965759 1.681635 1.582271 2.852325 2.232576 2.849113 9.617943 12.35843 10.31962 7.058548 3.844445 3.751904 4.028631 5.054553 8.980426 13.42667 20.40252 21.93837 15.64411 9.814933 3.351724 0.1276049 0.1316264 0.1539695 0.02601174 0.05741925 0.0709523 0.1120986 0.04816836 0.188602 0.1877577 0.09214344 0.1353162 0.1363323 0.0521405 0.0759244 0.04849197 0.1151957 0.1307757 0.172775 2.562522 13.9047 20.31363 21.96313 26.20744 21.41292 9.048506 12.21229 14.03038 13.24023 14.06476 13.77988 13.1996 15.18001 11.50846 7.594652 5.772822 5.779981 9.66595 15.49715 28.49513 41.72845
0.6704547 0.8717151 1.123124 1.104335 0.6721274 0.4234222 0.6444451 1.279244 1.613397 2.023349 0.9509082 3.648502 10.88863 11.51816 7.050211 5.64632 4.238897 2.77795 1.821234 2.828987 5.946358 10.50794 21.94244 24.66557 16.48576 9.394706 2.71183 0.192309 0.09488075 0.09111948 0.04594548 0.07996485 0.09631269 0.1544129 0.1050186 0.1518583 0.1451436 0.02935549 0.03243825 0.1049241 0.0446653 0.08250199 0.1148415 0.07985055 0.1401275 0.2229268 4.049779 13.96494 19.92339 21.55702 24.62711 22.33607 12.17789 4.158731 7.837564 9.607776 9.517168 9.334846 11.66938 18.62692 15.32427 2.869163 0.6294285 2.367095 4.125163 7.860336 17.50441 34.35923
0.5725712 0.3064941 0.3624526 0.2106962 0.1026581 0.2447513 0.2825448 0.5225438 0.3105296 0.9744465 0.6391844 3.495742 9.945583 10.85317 7.077207 6.426882 7.038844 6.917301 5.088372 2.6724 7.260193 14.0917 22.94271 24.15368 16.32235 8.428153 1.826804 0.203386 0.05258097 0.07013202 0.04868983 0.07894897 0.0375899 0.09130055 0.1094343 0.105487 0.1142187 0.08153182 0.1253452 0.149735 0.1272564 0.1651784 0.1987891 0.1386621 0.1382237 1.907228 7.607656 14.77202 18.51276 20.87939 23.65373 21.54777 13.7259 4.572303 1.690513 4.85824 6.014799 6.025112 8.493995 18.42812 17.30494 2.996196 2.641872 2.003297 1.765757 5.986966 15.51113 28.61499
0.1617968 0.1115982 0.4359067 1.151095 1.713734 1.949256 2.164825 2.623633 2.858644 2.845216 2.060015 2.954315 6.744252 9.309922 8.982183 8.394723 8.311068 8.463172 7.376409 5.688626 11.58206 17.67768 21.26171 20.4193 14.83081 7.583804 1.494163 0.1783313 0.02905297 0.05691705 0.06246483 0.06800082 0.02345076 0.0328913 0.08281432 0.1200991 0.147783 0.1945021 0.2034959 0.1800766 0.1865393 0.2253736 0.1837155 0.2642143 0.6324854 4.955592 11.42467 16.3771 19.9633 21.99945 22.54566 19.73296 12.60213 4.936751 2.352477 5.281802 5.978052 5.807709 9.586058 17.87136 15.78352 3.452299 3.70352 6.082124 7.068134 9.140676 17.60599 26.29175
0.3994278 0.7314572 1.712318 2.771664 3.136768 3.461215 3.665531 3.703788 3.697074 4.006116 3.004928 1.593154 3.201055 6.851442 8.801983 8.398472 7.954911 8.894896 9.006429 8.607706 13.60362 18.49916 18.42883 16.19725 12.72196 6.944823 1.537541 0.2105312 0.03474618 0.03693493 0.05337364 0.04791634 0.05260674 0.05452052 0.04572616 0.0587201 0.1096275 0.1633235 0.1184419 0.06166729 0.07942588 0.08227575 0.1632759 0.2919698 1.283689 7.107562 12.66665 16.30071 20.93714 21.3389 19.13606 16.42104 11.18574 5.656158 4.666644 7.874143 9.677483 11.05927 16.33838 20.56921 15.07074 8.099819 9.146033 11.46605 12.35619 12.70518 19.24643 25.91322
1.010336 1.445296 2.592051 2.958958 2.802807 3.623011 4.508478 4.680537 4.408305 4.459423 3.472509 1.591057 3.34288 5.61065 7.679539 8.378137 9.127568 11.18261 12.80738 14.30982 16.82177 18.74052 16.39348 13.14466 10.73907 6.04153 1.285225 0.2298613 0.04517725 0.04260071 0.1341207 0.254377 0.2515764 0.1383931 0.008314153 0.03697031 0.107243 0.1587206 0.1580759 0.1502933 0.166617 0.2113164 0.2270491 0.1433011 1.514767 7.730373 13.21085 16.4399 21.01498 20.0789 16.73434 14.84801 12.04292 9.5012 10.96618 14.73387 17.136 19.64533 22.38557 21.0648 14.99744 11.77679 11.57462 11.30482 11.0212 11.49014 18.45142 24.90561
1.537624 1.917378 2.550958 2.734643 2.962156 4.048481 4.953019 5.631225 5.203277 5.183431 5.320426 4.052561 4.076775 5.226044 7.86961 10.13561 11.58286 13.2916 15.40392 17.41094 17.90251 16.88603 14.26856 11.25857 8.839483 4.527532 0.7804244 0.1994824 0.1868983 1.554646 4.247887 6.897947 7.827295 6.105199 2.719262 0.3947076 0.08952347 0.07304721 0.09120759 0.117076 0.1054639 0.09448534 0.06572171 0.1087012 1.566953 7.180173 13.35233 16.69488 20.59372 20.74347 18.36214 16.97384 16.7689 17.16212 18.76974 20.4756 20.44323 19.53299 17.30026 14.35304 11.47228 11.00979 10.83336 8.660769 6.528512 7.05548 15.47212 22.84649
1.545483 1.592311 2.162002 3.537878 4.271131 4.922712 5.364776 5.257654 5.02874 6.59987 7.033577 5.895029 5.400012 5.249489 7.152975 9.748135 11.28237 12.42894 13.9933 14.96922 14.44332 13.17811 11.58391 9.181812 6.007894 2.308384 0.5593631 1.324016 3.310468 7.30377 12.15755 16.05427 19.50527 20.67357 16.41048 8.24871 3.678937 1.55003 0.5900734 0.4479585 0.2800246 0.1427083 0.1535667 0.6970151 2.672198 7.208377 13.60069 18.18731 21.72184 22.53163 21.95663 21.61532 22.82108 22.58324 20.25377 18.61542 16.0244 12.43455 10.0842 11.07717 11.00683 9.249977 8.139962 6.02611 4.32957 4.668869 12.07358 20.14318
1.307993 1.281304 2.524198 4.62144 4.411292 4.668565 5.503233 4.564835 4.802632 7.795413 8.161972 7.571948 6.823513 5.367289 4.837978 5.811446 7.451239 8.876672 9.556965 9.402311 8.909533 8.892768 8.474329 6.07616 2.537903 1.392636 3.569028 5.965306 9.978803 14.70169 17.50031 20.41909 24.92783 28.93481 30.46914 23.89376 16.46501 11.2369 7.471004 5.999615 4.33217 1.997682 1.218692 2.046681 4.08732 8.369229 15.01047 21.86053 26.70246 28.72239 28.84719 26.80231 23.72806 18.86497 12.86611 10.44187 8.221548 6.625255 7.885804 10.89005 10.6564 6.923889 4.661736 3.649305 3.648227 3.915711 8.823959 15.59591
-9999 1.321579 2.913247 4.688931 3.560767 4.505148 5.551599 2.777471 5.365829 8.48158 8.411956 8.731834 7.569451 5.321313 3.78988 3.594831 5.029402 6.802766 7.275394 6.969747 7.216692 7.185616 5.113745 1.486282 3.50018 6.455842 9.224151 12.3297 15.72194 18.05237 18.71922 21.56228 24.29434 25.14628 31.9775 33.85529 32.07307 26.22803 17.42381 12.40207 9.773438 5.852486 3.062713 3.57694 5.208806 10.80912 18.94766 28.5002 33.21282 32.23615 28.87724 22.96984 16.48624 11.44295 7.923464 5.689292 4.666183 4.820384 6.803198 9.38702 9.338272 4.618995 0.8377464 3.678853 3.996382 3.747525 7.363079 12.16119
-9999 -9999 2.457461 4.186667 3.708535 4.67455 5.144118 1.554375 7.60648 9.060555 8.231744 9.009619 7.640018 5.323183 4.518522 4.749879 5.813364 6.101174 6.002574 6.100057 5.242524 2.240481 2.504563 5.824616 7.963385 10.47443 14.13305 17.86887 19.1508 18.50034 18.63764 19.59986 19.52856 14.53431 21.04348 26.62158 30.78304 31.93271 25.54464 18.0745 14.0387 9.880977 4.562722 4.683944 7.085906 14.77775 24.17799 32.86998 33.1529 26.67471 21.90553 14.71107 9.106031 6.134691 5.516625 5.736907 5.365101 6.093392 7.532051 9.2168 10.2178 7.207264 4.038405 5.387205 5.22909 5.030711 7.981385 12.03687
-9999 -9999 2.016483 3.913969 4.92196 4.592198 2.673575 5.080898 9.465712 9.335124 8.56321 8.606466 6.902515 6.102382 6.170223 5.39197 4.789281 3.901424 3.145636 1.243241 2.78847 6.679227 8.302172 8.409038 9.261138 12.73134 17.53199 20.2729 19.6903 18.52488 18.62756 16.14195 13.73733 8.357616 7.374413 10.54513 15.72469 23.87572 25.52062 22.56628 18.81966 14.47773 8.168724 5.524401 9.273267 18.05255 27.37589 32.80676 29.22395 20.94883 18.84662 12.89237 5.532234 1.54172 4.337798 6.643226 6.583112 6.773736 7.715285 8.963715 10.44623 8.483544 4.974916 5.74638 5.851872 5.186419 6.699309 11.87217
-9999 -9999 -9999 4.00398 5.651068 3.609432 2.373126 7.095016 9.679366 9.319897 7.985674 7.012505 6.65315 6.603817 3.694979 4.283598 6.119244 6.103984 5.707994 4.211588 8.497252 10.00002 9.856443 10.17031 13.22215 17.84807 20.67418 20.12677 17.47112 16.21759 15.23812 10.97458 7.537857 5.75943 0.7329644 4.479069 7.216241 11.80579 16.17821 19.67806 20.95046 21.42199 20.81683 13.78452 10.64076 18.6326 28.39887 32.12665 26.71921 18.89645 16.80984 11.56025 2.15895 1.768592 2.26651 5.051806 6.067034 6.405868 6.856992 7.84168 9.646605 8.904102 5.73676 5.159115 5.227647 3.636588 3.67481 11.69257
-9999 -9999 -9999 3.871885 5.548222 2.384364 4.915348 8.293262 9.400161 7.811763 6.195799 6.402168 5.756585 3.106647 8.547008 11.2113 11.32926 11.11017 11.67291 11.78956 12.54542 11.45599 11.46384 13.29113 16.75471 19.54009 19.33008 16.48171 12.82352 10.68186 8.103402 3.750705 1.53054 4.50812 4.941267 6.56382 7.764224 7.454515 8.324964 12.67522 18.15699 23.61257 27.13371 24.17186 10.64042 16.94823 28.79341 32.3256 25.07008 17.56737 13.52618 9.195124 1.4771 2.682205 0.4554545 2.94674 4.193449 5.89451 6.568758 7.247337 8.637476 8.767694 6.911471 4.101495 3.298349 1.614856 1.58709 10.11135
-9999 -9999 -9999 -9999 4.702869 4.313116 7.253633 8.77717 8.163695 6.343999 5.853254 4.800686 3.694355 13.57178 16.9019 15.07299 13.33055 13.2271 14.6193 14.81605 14.18227 12.61546 12.03568 13.36862 14.39413 13.51886 11.17566 8.360074 5.659815 3.265082 1.567041 3.101975 5.058421 6.849293 8.170911 7.807946 6.147367 4.153673 4.062159 8.855118 14.20217 17.10326 20.35072 26.25708 15.71746 13.24519 28.13288 33.53714 25.74329 17.53722 11.20937 6.817451 2.035979 2.390339 0.8816723 1.648434 3.003049 5.461472 6.926731 7.135424 7.462888 7.8512 7.589061 4.788245 2.307247 1.545867 1.877474 6.828578
-9999 -9999 -9999 -9999 2.693616 5.08029 7.454005 7.670218 6.074684 4.19199 4.21053 3.828481 9.784739 15.61689 13.31245 13.68459 14.20388 13.23407 11.7996 9.986161 9.825511 9.851329 9.475931 9.304098 8.375116 6.371105 6.873477 8.633455 8.99143 8.205473 7.153369 7.193117 7.266233 7.506566 7.693431 6.435029 3.566324 0.886777 3.673255 7.740195 9.936028 10.8698 13.08326 24.51396 21.14408 8.906282 24.62396 34.55296 28.73844 18.05757 10.30533 4.86342 2.070095 1.283774 2.235604 0.8694726 2.345787 4.220947 6.698939 7.071833 6.66008 7.31496 8.101416 6.821537 4.98273 4.569086 4.96544 5.452136
-9999 -9999 -9999 -9999 1.710892 3.152671 4.361305 4.972466 3.851348 3.07603 5.797663 6.15903 8.843838 12.89182 6.237206 5.571323 8.861796 9.537138 9.207393 8.201472 7.416421 6.703665 5.323109 4.412185 3.798063 3.025007 4.315441 6.843283 8.605104 9.07311 8.300146 7.424138 6.155485 4.788417 3.587593 2.92877 2.294236 1.762012 4.17908 6.546927 6.816456 7.0397 8.134297 20.5512 21.42976 7.66917 18.21485 33.13715 32.68199 19.95349 9.845258 2.91786 2.388293 1.373793 2.266484 2.446819 1.075795 2.113262 5.10808 5.78689 5.998007 7.286434 8.607885 8.358443 6.952555 6.235389 5.908546 5.293431
-9999 -9999 -9999 1.435107 2.012614 2.180074 2.533121 4.264782 5.143048 4.301329 4.364117 5.058297 6.333762 11.45098 6.543406 1.248276 3.315701 5.584736 6.740613 6.633377 5.652871 4.509412 3.315236 2.58443 1.732232 1.667147 2.230306 3.508738 5.170735 6.336279 6.094851 4.711951 2.8611 1.306285 1.01173 1.465981 1.870856 2.910172 4.972936 7.392992 6.75493 3.499899 6.743036 16.99227 18.72147 6.919965 12.67281 28.41139 33.48803 23.48204 12.53797 2.980926 2.544973 3.583462 1.721561 2.982665 1.135408 1.082377 3.563839 5.281318 5.785638 6.356241 7.634957 8.463478 7.771379 6.067734 4.75302 4.552944
-9999 -9999 -9999 -9999 0.82235 1.628 2.275084 3.680415 5.58373 5.507367 4.48487 4.840145 6.972888 9.887367 5.521816 1.460079 2.164656 4.333475 5.581754 4.527079 2.907554 1.898197 2.117392 1.819657 0.9123815 0.4296502 1.260184 1.706086 2.301631 2.942194 2.93519 2.525228 2.585217 3.365814 4.388029 4.84952 5.15783 5.712616 6.803253 8.063804 5.997448 0.4746999 6.739879 14.32751 16.27966 5.9288 10.24574 22.92085 30.27245 25.25884 16.02462 3.492153 1.634235 3.680547 2.843775 2.299872 1.315561 1.520367 3.721921 5.328156 5.353096 5.300485 6.047503 7.352332 8.504704 7.975161 5.866836 3.282255
-9999 -9999 -9999 -9999 4.010415 5.13209 6.67433 8.569209 9.846656 9.586307 7.16563 5.767949 7.215967 6.306792 3.123076 2.267946 2.88601 2.538115 4.645592 3.968408 2.233075 0.2786115 1.642634 1.334417 1.046545 0.7424531 0.7941447 1.17214 1.544598 2.310415 3.84973 5.306261 6.49602 8.377265 10.82773 12.74951 12.57947 10.2271 8.613197 7.332274 3.631823 0.9626616 5.699601 11.97813 14.55018 5.537539 9.309823 19.60034 26.76183 25.25188 17.62247 4.262704 1.691035 1.564271 2.823667 1.687285 2.40662 3.660244 4.195965 4.202889 4.525759 4.483165 5.193711 6.111022 7.207205 7.816088 6.970537 3.790892
-9999 -9999 -9999 -9999 9.097571 9.781556 10.85087 13.01026 14.255 14.28825 11.87056 7.733094 4.317216 2.35776 1.947842 2.797833 2.982634 1.422669 2.977254 3.396141 2.384149 1.031893 0.8304367 1.645671 1.430035 0.7589494 0.869264 1.658778 2.855031 4.809629 6.895596 8.646526 11.93116 17.79049 23.41657 26.26355 24.34629 17.53128 9.529858 5.418382 2.342826 2.176961 4.749907 10.72603 13.26347 5.269372 9.461542 20.73665 27.13941 23.88688 15.89734 4.948829 1.833645 1.087812 1.814887 3.011195 4.961822 5.004601 3.525886 3.29736 3.932311 3.310938 3.088645 3.600698 4.170385 4.978177 6.199194 6.784946
-9999 -9999 -9999 -9999 10.77572 11.42 12.16255 13.02315 12.91838 15.08462 16.02727 14.00059 8.603698 3.317752 1.756757 1.934255 2.278713 2.797742 3.640754 3.24796 1.959872 1.103971 0.3565542 0.3929313 0.5566748 0.9024861 2.091238 3.857554 5.734884 8.50892 11.87215 14.64383 20.41144 27.50121 29.43524 27.79728 27.01983 26.12387 17.55877 8.971991 4.265818 2.995637 4.586565 10.04008 11.2336 4.763511 12.16115 25.07036 27.10307 19.10288 12.00688 4.862818 2.217309 2.697817 3.142811 5.842773 7.186566 5.540503 3.598146 3.315232 4.053336 3.702092 1.974373 1.246277 1.552231 3.786703 6.034568 7.360696
-9999 -9999 -9999 -9999 11.63081 13.43878 14.57119 14.01331 12.35508 13.41331 15.57828 17.10983 16.27764 10.88447 4.308667 0.9113475 0.694203 1.067631 2.382916 2.178919 1.209086 0.8245595 0.4132462 0.2960612 1.138672 2.633868 4.671642 6.258222 7.542413 11.59256 15.89449 18.61633 25.02118 27.6464 20.92468 14.06767 15.25154 22.58429 22.87347 15.94927 8.367301 4.506858 5.997458 9.305545 7.80988 4.957059 15.07174 26.64056 22.74065 13.865 9.573112 3.080128 4.016232 4.79431 5.522091 7.432817 6.955738 5.162298 4.079794 3.336179 3.604403 4.201787 3.078892 1.297289 1.692163 4.043332 -9999 -9999
-9999 -9999 -9999 -9999 14.80878 15.56223 15.83703 16.18315 16.23821 15.89227 14.77464 14.15536 16.24787 16.59103 11.81486 5.528999 1.897972 0.9869238 2.224558 2.034703 0.6815478 0.4863579 0.2053986 1.461252 3.952266 7.504253 10.13636 10.7648 11.01083 14.18083 16.76457 17.98533 22.99472 20.80654 10.53758 5.160405 5.560472 11.47127 18.73952 18.77517 12.74586 7.919967 7.807445 7.582526 4.493673 5.057233 14.96415 25.21875 20.15841 12.51722 7.912555 0.4738031 4.258345 3.676607 4.714993 6.369965 4.789623 3.7728 3.670991 2.480953 2.58712 3.103372 3.330582 -9999 -9999 -9999 -9999 -9999
-9999 -9999 -9999 -9999 16.42867 14.88632 13.91287 14.47314 16.61086 19.01091 19.77151 16.6297 15.22646 16.96078 16.61518 11.30507 5.758843 2.642167 2.494339 2.841164 1.299502 0.7621027 1.777364 5.65862 11.65061 16.31042 17.76279 17.70985 16.93633 16.53829 16.85526 17.13729 20.02096 15.76575 6.467655 3.068337 4.270537 6.881008 13.60197 17.48834 14.79084 11.0453 9.055459 6.065786 2.494936 4.271321 13.22827 24.08924 21.15427 12.34238 5.401464 2.344252 4.335759 3.179752 4.498065 5.802358 3.586397 3.521376 4.396064 2.80927 2.497869 -9999 -9999 -9999 -9999 -9999 -9999 -9999
-9999 -9999 -9999 -9999 14.692 13.54996 12.45029 11.46883 12.13416 14.1743 19.59305 19.38881 15.86653 16.87103 18.88078 15.87871 10.45852 6.180095 4.184164 4.033932 2.539927 3.785784 6.919022 11.60445 18.18891 19.74483 17.38865 15.41465 14.09312 13.54833 14.47611 15.49507 18.00377 12.95128 4.784959 1.361772 4.871766 7.09208 11.79933 15.65088 14.81886 12.20617 9.413786 5.199358 2.15895 4.230535 12.39625 23.33889 21.29211 11.51409 3.708193 4.097326 5.230426 4.104381 4.325844 5.421938 3.704626 3.258487 -9999 -9999 -9999 -9999 -9999 -9999 -9999 -9999 -9999 -9999
