slauniainen/Data/DEM/Vihti_dsm1500b_cl_horizonAngle_210.asc
NCOLS 196 
NROWS 178 
XLLCORNER 353680 
YLLCORNER 6699024 
CELLSIZE 16 
NODATA_value -3.4e+38 
[rows 100 to 119 of 178, columns 0 to 44 of 196]
1.75591278076172 1.40156102180481 1.2979097366333 -0.784568190574646 -1.07798969745636 2.57903504371643 -1.21033465862274 14.6201457977295 42.2789840698242 29.9483604431152 22.4260540008545 18.7660903930664 12.7484188079834 10.3699855804443 4.41801881790161 7.15409231185913 13.4657487869263 7.36764240264893 10.074122428894 8.50023078918457 3.14853358268738 1.65017557144165 4.61686849594116 4.43147230148315 1.3861722946167 1.37607288360596 1.58943974971771 1.57625114917755 1.35664582252502 3.21196246147156 4.08892726898193 4.47354173660278 4.46951532363892 5.24049186706543 4.18318605422974 5.0314040184021 6.52376985549927 6.53357267379761 -0.609624564647675 -0.271507203578949 14.5416774749756 44.7432556152344 22.2733707427979 31.8672904968262 40.491756439209
1.50914263725281 1.41071486473083 1.00151145458221 -0.54133266210556 -1.22340404987335 -1.25636792182922 -0.888650178909302 6.98354434967041 41.0815734863281 42.1559906005859 24.8462696075439 22.8110485076904 13.0753889083862 11.9447822570801 7.01337051391602 20.4138851165771 12.8471851348877 1.67974257469177 12.1555442810059 3.09357142448425 3.68403673171997 5.53545379638672 5.32439184188843 1.45768284797668 1.35891151428223 1.40456736087799 1.65314722061157 1.42335724830627 2.20828437805176 3.35198545455933 5.00209522247314 4.58003807067871 6.2380256652832 4.52357387542725 4.52785921096802 5.32830476760864 6.87117624282837 7.06646347045898 0.16129407286644 -1.30103206634521 5.37356567382812 45.5553321838379 8.43051147460938 -0.0827177166938782 -0.10484479367733
1.53825950622559 1.11716294288635 0.97624933719635 1.06920492649078 -0.725999355316162 -0.815504312515259 -0.894504010677338 5.92618846893311 10.8277015686035 44.8274421691895 33.6791000366211 20.1649703979492 15.5030488967896 7.76505041122437 10.5620098114014 30.5485954284668 10.8607444763184 17.9424304962158 12.5650815963745 4.18546676635742 6.6480884552002 6.66245698928833 1.65459251403809 1.486407995224 1.48710179328918 1.74535024166107 1.5005304813385 1.47191548347473 3.7417778968811 5.69061517715454 5.2269401550293 5.50585746765137 6.84611368179321 5.52979707717896 6.41934156417847 8.1560230255127 8.3847188949585 6.95956087112427 0.0300448648631573 -1.05380523204803 1.81349861621857 17.1611785888672 33.3733215332031 3.56559085845947 0.924220085144043
1.56593346595764 1.1148761510849 1.00893306732178 5.18147325515747 0.415917724370956 -0.747000634670258 -0.841232120990753 5.51010704040527 6.52411985397339 46.8148765563965 46.3390617370605 20.5894508361816 18.9342002868652 10.6360845565796 1.71410655975342 30.6129817962646 1.31170427799225 26.7160739898682 3.8984591960907 4.94584655761719 7.50463581085205 7.6829628944397 1.56782829761505 1.57648742198944 1.80235600471497 1.77847301959991 1.52622139453888 4.24900341033936 5.44343614578247 6.16459655761719 6.12096548080444 8.28620910644531 5.48490810394287 5.98445224761963 8.71001243591309 8.96891403198242 9.15438938140869 7.04875564575195 0.0578773804008961 -0.988820850849152 0.021361019462347 14.7214508056641 7.95613050460815 3.38624787330627 3.13805508613586
1.21251022815704 1.11141180992126 1.23699343204498 12.4580011367798 8.15405082702637 -0.0426291041076183 -0.33502209186554 6.35598182678223 -1.39400613307953 4.11226463317871 40.8296585083008 28.895809173584 11.7246856689453 21.2517147064209 -0.184555888175964 27.8759078979492 0.312044650316238 28.4173755645752 6.55190515518188 8.97417545318604 9.18324851989746 2.51153945922852 2.36468434333801 1.62570178508759 1.89319121837616 1.63630151748657 3.08000254631042 4.58854866027832 7.05272483825684 6.69206619262695 10.3558683395386 7.89322900772095 7.25528478622437 8.59434604644775 11.0292234420776 11.2956600189209 9.09546184539795 6.97665214538574 0.745499908924103 0.0413525365293026 -0.395114332437515 3.27568745613098 3.70082759857178 3.40176939964294 3.35630798339844
1.20280909538269 1.32142794132233 10.7971210479736 11.3583908081055 4.74571228027344 5.79845571517944 -1.42725038528442 -1.15988790988922 8.57139301300049 14.7115612030029 39.8689460754395 40.5674247741699 21.1118602752686 32.2423248291016 0.000163557662745006 1.78690814971924 0.0749357864260674 10.1104173660278 10.3380899429321 10.7865343093872 10.9483022689819 1.69932436943054 2.05129957199097 1.97430145740509 1.93568825721741 1.70174694061279 5.42976045608521 6.80876779556274 7.92359066009521 7.76025581359863 11.828013420105 8.95614051818848 10.5338439941406 13.5470294952393 14.0107698440552 11.3149356842041 8.87076759338379 7.47044801712036 6.21198844909668 4.21320152282715 4.20817184448242 3.73217630386353 3.5282142162323 3.35717964172363 1.17403280735016
1.21753752231598 1.36689150333405 0.308775275945663 0.844633996486664 18.8660278320312 0.643893897533417 -0.708893835544586 -1.3494246006012 -1.04399418830872 -0.717512190341949 0.163246378302574 20.0640144348145 4.53326559066772 2.09083032608032 15.1473445892334 0.358609676361084 0.96494472026825 1.41550874710083 17.4330825805664 16.7496471405029 1.59886837005615 1.56991302967072 1.73537409305573 2.07632565498352 1.77952992916107 3.9952073097229 5.98967409133911 9.78652381896973 8.27869319915771 15.4617519378662 8.17320251464844 10.2248735427856 12.0263643264771 16.7169971466064 16.0864753723145 13.0202875137329 10.1944236755371 7.91534757614136 5.76236200332642 5.57445192337036 4.64744472503662 4.41449165344238 4.37405443191528 3.66821765899658 1.86412525177002
1.42842447757721 0.471015989780426 1.28472137451172 -0.0408655144274235 0.219054535031319 0.564441204071045 -0.380447953939438 -0.375772893428802 0.432897686958313 -0.706919431686401 18.195369720459 3.47343349456787 34.9221801757812 0.688598334789276 2.85151743888855 1.75982177257538 1.13051521778107 1.65923452377319 27.4695148468018 26.1758995056152 1.64662170410156 1.7354998588562 2.19261074066162 1.88799834251404 1.83902561664581 7.25658226013184 11.4221849441528 11.42138671875 11.746187210083 18.619213104248 13.6118564605713 15.981032371521 26.1517200469971 25.5883674621582 17.2524681091309 13.9530935287476 10.344126701355 7.79515409469604 6.25027227401733 6.39086961746216 5.08271217346191 8.56673908233643 8.96961498260498 4.00656604766846 4.05148458480835
1.51895070075989 1.39369130134583 1.25324547290802 1.26196455955505 1.26533961296082 1.00414562225342 1.0177001953125 1.06378018856049 1.1255042552948 0.718032479286194 0.116366535425186 -0.274647116661072 4.17784881591797 5.22858858108521 3.31585311889648 1.13202786445618 2.09768414497375 0.486386179924011 0.747068822383881 1.7656307220459 1.79752933979034 2.16748714447021 2.19556379318237 1.90795755386353 8.7355785369873 10.9371118545532 15.1073522567749 12.7149181365967 29.5113754272461 13.6748085021973 16.8922843933105 19.6739196777344 37.9268989562988 37.1056671142578 21.0826473236084 17.2093410491943 11.9674596786499 8.12428379058838 8.50000476837158 6.89236736297607 3.86366248130798 3.38545846939087 4.72442197799683 4.1813645362854 4.37477016448975
1.60041356086731 1.4466358423233 1.35963940620422 1.3521922826767 1.3753354549408 1.07507956027985 1.23446834087372 1.65947592258453 2.02986216545105 1.97608172893524 1.8713630437851 2.36161637306213 2.05976939201355 3.14242100715637 2.64807724952698 2.10670018196106 2.19865775108337 1.89286673069 2.13226127624512 1.854172706604 1.9519190788269 2.31871318817139 1.99463033676147 6.38974142074585 10.029673576355 16.926643371582 18.2580623626709 23.1259441375732 42.104907989502 27.101863861084 30.8714027404785 13.3590087890625 15.8002433776855 33.4771041870117 27.3179016113281 15.9499864578247 11.0842761993408 10.9652328491211 8.94102382659912 7.60159635543823 6.01741313934326 5.51002264022827 4.91152763366699 4.96895027160645 4.60256385803223
1.72430896759033 1.48610270023346 1.40934348106384 1.42403483390808 1.17408955097198 1.29716634750366 1.96615564823151 2.35637378692627 2.92627692222595 2.48993682861328 2.62619185447693 1.85377109050751 1.87365126609802 2.13163542747498 2.72596287727356 2.25456404685974 2.90961527824402 2.5123975276947 2.00142502784729 2.06676697731018 2.38015747070312 2.30620813369751 2.00463366508484 13.0839195251465 16.2002582550049 28.1650543212891 24.5382194519043 3.32739877700806 33.0378761291504 38.9512100219727 43.5261154174805 10.472469329834 28.6572589874268 45.4200668334961 39.3369216918945 19.5541152954102 11.7491140365601 12.6499633789062 9.61389064788818 7.86580181121826 6.90967226028442 6.17557382583618 5.77230262756348 5.27308177947998 4.97735166549683
1.8416086435318 1.59836804866791 1.45111334323883 1.20792126655579 1.84473204612732 2.41425752639771 3.20806336402893 4.27747011184692 3.80951189994812 3.59541058540344 2.22472476959229 2.09070992469788 2.06269264221191 2.01404356956482 2.26074767112732 1.92582142353058 1.97199952602386 2.27783584594727 2.02109336853027 2.09691643714905 2.44798398017883 2.12724900245667 9.33577919006348 15.8840036392212 31.4878368377686 40.3679428100586 9.54057216644287 18.9151649475098 3.66067910194397 1.16017532348633 -1.22561430931091 -0.972502529621124 10.3838338851929 9.25425148010254 35.1029205322266 18.2382183074951 16.8049983978271 12.9731588363647 10.3292064666748 8.78744029998779 7.46277236938477 6.57608985900879 6.36380577087402 5.71763753890991 4.14213895797729
1.98443377017975 1.61224436759949 1.52122962474823 1.10003018379211 2.42052412033081 3.97518920898438 4.29491758346558 5.34971284866333 4.94996547698975 4.57130527496338 2.88438272476196 2.44625306129456 2.25138401985168 2.1512393951416 2.32492637634277 1.98552620410919 2.30048370361328 2.07303047180176 2.20335578918457 2.52005910873413 2.48294615745544 2.16522812843323 25.0017204284668 30.3422985076904 6.25689697265625 10.9829597473145 1.74520623683929 8.34105777740479 3.94506669044495 2.04490971565247 -0.547221422195435 -2.19106984138489 8.15968418121338 18.355188369751 43.1649436950684 22.4075660705566 20.6325302124023 13.7652635574341 10.8693161010742 9.13847732543945 8.31525802612305 7.53815269470215 6.67536354064941 6.28720140457153 4.81113910675049
2.10187029838562 2.26057767868042 1.25329864025116 1.14449954032898 1.28135585784912 4.27669858932495 7.71963787078857 6.19310474395752 6.13843488693237 3.84855318069458 3.30402708053589 2.70952177047729 2.53513193130493 2.40202856063843 1.90918922424316 2.33307647705078 2.11131644248962 2.08346557617188 2.28195285797119 2.64797353744507 2.29199266433716 18.7910118103027 36.3045387268066 4.56851053237915 5.6057014465332 5.02037715911865 9.4720630645752 5.27438735961914 9.93634605407715 1.97323262691498 7.59870004653931 -1.65711355209351 0.144502431154251 4.25466346740723 41.0841598510742 33.1507606506348 21.1282348632812 16.9785766601562 12.4984397888184 10.5528049468994 8.97189044952393 8.3724536895752 7.41377353668213 5.30396270751953 5.31298398971558
2.44093537330627 4.69783639907837 1.27721405029297 1.27663707733154 1.20295214653015 3.53400063514709 9.46316909790039 8.92562770843506 7.32470273971558 4.83950757980347 3.48540043830872 3.29264402389526 2.51973986625671 2.53263258934021 2.11467576026917 2.41615128517151 2.17678236961365 2.34477615356445 2.86003923416138 2.4780969619751 3.04377675056458 0.00726476823911071 -0.817524969577789 6.48007583618164 2.48751831054688 7.26477956771851 15.7135677337646 3.72924757003784 3.89541578292847 2.46843004226685 2.84931635856628 9.9161901473999 0.642047643661499 9.45134162902832 13.6199064254761 44.7872543334961 27.109468460083 16.5207691192627 14.0085344314575 10.9866704940796 9.9962100982666 8.62348079681396 8.15764808654785 6.23586416244507 5.72711515426636
1.65668702125549 1.63080012798309 1.53063333034515 1.31960952281952 1.26431488990784 1.69699835777283 7.57075834274292 11.9036722183228 6.77653074264526 4.99987363815308 3.87819075584412 3.50304102897644 2.7038037776947 2.08342790603638 2.52184057235718 2.26425242424011 2.40305542945862 2.91422200202942 2.94097638130188 2.58202314376831 0.999006927013397 8.51021003723145 -1.63156676292419 1.88257598876953 -0.232953161001205 0.503232061862946 2.31470727920532 9.53509330749512 3.79701590538025 2.71280550956726 4.61271095275879 6.50702571868896 0.950605869293213 6.71183776855469 0.744446456432343 45.4680404663086 39.0825004577637 20.3058338165283 17.3606796264648 12.7197484970093 10.6663656234741 9.73575878143311 6.83186817169189 6.87240314483643 5.89979028701782
3.20720148086548 2.06178593635559 1.69089365005493 1.28548085689545 2.02328991889954 1.19673788547516 0.940414786338806 11.9763355255127 9.54281902313232 5.1790657043457 4.83939456939697 3.33964538574219 2.83025503158569 2.32914876937866 2.64804005622864 2.35418081283569 2.53013515472412 3.14853692054749 2.75776386260986 2.30681419372559 1.48788249492645 -0.627903163433075 -2.19782495498657 -2.27133131027222 -2.24215841293335 -0.0896840617060661 -0.867023348808289 5.4426383972168 1.93475186824799 0.6203453540802 0.792249143123627 4.75120115280151 2.5756311416626 9.65968322753906 0.580397546291351 12.6887722015381 35.6532020568848 27.5014209747314 16.7844848632812 14.207932472229 11.9186172485352 8.20103740692139 8.26370811462402 7.33664989471436 6.56648588180542
2.75410151481628 2.63514232635498 1.83740162849426 1.85141181945801 2.25594210624695 1.05887913703918 -0.0370910577476025 2.93201494216919 7.69341278076172 7.3310661315918 4.96465587615967 3.86378526687622 2.58063220977783 2.75705862045288 2.4917995929718 2.5907576084137 3.10108017921448 3.25040125846863 2.83914041519165 2.30210852622986 -0.219744712114334 -0.705374479293823 -2.17566657066345 -0.153338223695755 -2.24858403205872 3.14272546768188 -0.24237248301506 1.11169469356537 -0.288305878639221 1.38940358161926 -0.466135948896408 -0.34390515089035 3.80133748054504 1.71904790401459 0.495593219995499 17.7502861022949 45.0183906555176 39.4728164672852 20.3878631591797 17.3032531738281 13.6152038574219 10.0431632995605 8.69876766204834 7.6968207359314 7.12099027633667
3.4609751701355 2.97436857223511 1.8147040605545 2.70358324050903 1.70895195007324 1.16723918914795 0.658099770545959 0.85068017244339 4.76918172836304 8.2556848526001 5.80258941650391 3.91906070709229 2.72207236289978 2.86994123458862 2.54893851280212 2.69683957099915 3.38414192199707 3.1055760383606 2.85864758491516 2.13979411125183 0.750104367733002 -1.66853547096252 -2.00024271011353 -2.07934498786926 -2.26388430595398 2.17379093170166 1.51506507396698 6.88098478317261 4.00127840042114 6.37171602249146 0.580885887145996 3.94721651077271 3.69851231575012 1.11448347568512 0.753239512443542 5.11398410797119 8.44807434082031 34.8903465270996 27.1309585571289 17.698881149292 12.1181840896606 11.4048233032227 9.32932949066162 8.36985111236572 5.86572265625
3.68840670585632 2.93023920059204 2.47976922988892 2.78092885017395 1.26836967468262 0.61861389875412 0.823941946029663 1.3499116897583 1.47198259830475 6.44837665557861 6.99670743942261 4.08067035675049 2.98602294921875 2.63487863540649 2.80587887763977 3.32974147796631 3.50942492485046 3.22995638847351 2.58917903900146 2.34323668479919 -0.125312760472298 -1.61011219024658 -2.00115513801575 -2.01692032814026 1.0139582157135 1.65348744392395 1.44609785079956 -1.07419240474701 1.69432067871094 5.8281307220459 0.416275769472122 6.25076341629028 3.03370475769043 2.65809416770935 -0.440727800130844 5.51715850830078 19.5969390869141 43.9988327026367 38.9512901306152 21.5627784729004 14.9343748092651 11.9390811920166 10.6143054962158 6.88966989517212 6.76468086242676
