slauniainen/Data/DEM/Vihti_dsm1500b_cl_horizonAngle_96.asc
NCOLS 196 
NROWS 178 
XLLCORNER 353680 
YLLCORNER 6699024 
CELLSIZE 16 
NODATA_value -3.4e+38 
[rows 60 to 79 of 178, columns 46 to 91 of 196]
-0.363562881946564 -0.0463660918176174 1.71649205684662 0.363692879676819 0.517999410629272 1.20115196704865 2.07244396209717 4.79069232940674 7.8983302116394 2.36032462120056 3.4953088760376 8.87951469421387 6.52325868606567 3.93695878982544 21.5540771484375 2.23343825340271 2.01456522941589 2.10906648635864 2.20136070251465 2.22400259971619 2.43384218215942 6.4578218460083 9.33479881286621 17.3622150421143 3.5186824798584 6.09944105148315 10.5171852111816 3.51960277557373 9.96109008789062 3.88342452049255 5.92834234237671 4.05912113189697 4.05785846710205 4.48440742492676 16.939525604248 6.72635078430176 4.50029754638672 5.50202131271362 15.8994750976562 6.99314498901367 8.60690212249756 12.2931699752808 22.7797336578369 8.28371906280518 11.7886304855347 14.0998468399048
-0.417213976383209 0.431370854377747 0.456801116466522 0.568236470222473 0.613508343696594 0.701636970043182 2.02767372131348 6.50845003128052 2.6403660774231 4.59073257446289 7.6593222618103 3.6196448802948 6.53669118881226 12.8037424087524 12.5302143096924 1.92821753025055 4.17078733444214 4.4657769203186 1.97993087768555 1.96097993850708 2.06303596496582 2.30536222457886 2.77096438407898 12.4567308425903 2.83682894706726 9.34264850616455 2.88681125640869 3.17701125144958 5.94461631774902 3.6782386302948 3.89741945266724 3.93296885490417 4.70590162277222 4.96078491210938 5.28596162796021 5.52284240722656 5.8251953125 6.27263593673706 7.21694421768188 8.36171722412109 7.29816055297852 6.92578220367432 20.4011726379395 7.61935091018677 7.86328077316284 13.708794593811
17.5429973602295 20.2746105194092 -0.039730004966259 0.348945796489716 0.626916587352753 0.77851390838623 1.59972822666168 9.54517459869385 2.51648354530334 3.47056221961975 4.02471113204956 5.17168283462524 6.16530561447144 6.68971967697144 21.4318695068359 9.15796852111816 1.53073811531067 1.55213856697083 1.78653204441071 3.1910285949707 9.2548360824585 2.10145926475525 2.64825296401978 2.66214299201965 2.86793756484985 4.16485643386841 2.90639281272888 7.72407150268555 3.12573575973511 3.32634496688843 3.79324865341187 3.85433959960938 4.6999626159668 3.86805391311646 4.65551900863647 4.88415718078613 5.13821840286255 5.70882129669189 5.3279709815979 5.66183757781982 5.91876554489136 7.72242641448975 15.5302104949951 13.9977540969849 8.16099548339844 10.0638122558594
26.2305717468262 30.7089004516602 2.9282751083374 7.40741014480591 0.423842191696167 1.3092120885849 2.14050602912903 9.55346393585205 3.25332832336426 4.39840078353882 4.92816925048828 7.40280151367188 5.0407452583313 9.67156791687012 25.2762680053711 6.13357543945312 7.15664625167847 0.578137218952179 5.90612602233887 1.29280650615692 2.13690567016602 2.29672074317932 2.38523721694946 4.95860004425049 2.5517315864563 2.61220860481262 2.74652624130249 3.10161662101746 3.24425315856934 3.33886981010437 3.95563101768494 3.87253379821777 3.94940257072449 5.51126718521118 4.14993572235107 4.16520690917969 4.15249538421631 4.39501571655273 6.21877241134644 7.26411724090576 7.30932950973511 14.8837738037109 5.75799226760864 5.51891231536865 6.9914116859436 6.18460559844971
14.9668121337891 23.1307201385498 19.3373470306396 20.8635101318359 0.406545460224152 0.538962364196777 1.32082808017731 3.50866222381592 3.90882611274719 5.16940498352051 5.06699562072754 5.84341335296631 9.98031044006348 14.878963470459 12.3106498718262 13.220100402832 0.50664222240448 0.78304249048233 7.60940647125244 7.61004114151001 3.7144021987915 2.17648530006409 2.43746542930603 2.62222838401794 2.79352760314941 2.80502843856812 13.3909616470337 2.91140913963318 3.16277146339417 3.19357538223267 4.29617071151733 3.23901534080505 4.31068229675293 9.60244846343994 3.88218712806702 3.88727927207947 5.37795639038086 5.53744697570801 4.88562393188477 4.50452899932861 4.5396409034729 9.28754997253418 6.14960622787476 4.62594604492188 4.89318990707397 5.82020998001099
18.1983013153076 26.822904586792 47.3194541931152 5.16953992843628 1.61855351924896 2.1734025478363 3.52411675453186 5.45488834381104 8.29629135131836 9.89399433135986 15.0185785293579 3.07224822044373 6.07952690124512 13.9448976516724 0.863367557525635 2.61271023750305 0.594770789146423 3.61227035522461 6.1322546005249 18.7920303344727 21.427059173584 1.45989418029785 1.71646618843079 2.35341858863831 2.45796585083008 2.55251049995422 2.74399399757385 4.83452129364014 18.3228416442871 2.96268367767334 3.0472583770752 3.16559219360352 3.24007081985474 3.26499891281128 4.46431064605713 3.66266322135925 8.33582782745361 13.8459720611572 3.58601093292236 3.82634305953979 19.9947109222412 4.07862186431885 18.3856983184814 31.5682315826416 4.97217893600464 16.2028102874756
12.0261840820312 16.2284297943115 24.6475658416748 41.0691604614258 10.5239086151123 3.02435564994812 3.09127044677734 4.37997102737427 8.92079257965088 4.32593631744385 5.838463306427 7.96162033081055 15.8417539596558 1.29942858219147 1.40056252479553 15.2678928375244 1.69114863872528 19.3445739746094 7.1808614730835 7.97121858596802 1.12931168079376 11.7192535400391 2.43217825889587 1.77098977565765 2.11993336677551 3.70528984069824 6.20070314407349 16.1844520568848 3.03270411491394 8.7558536529541 3.43650460243225 7.3522515296936 2.65062594413757 2.75720739364624 2.95031261444092 3.10912775993347 3.30402207374573 3.62711763381958 3.70297050476074 5.19437265396118 3.94600391387939 15.0857391357422 7.08552598953247 5.99268054962158 6.19756126403809 6.38713455200195
16.3128833770752 21.4815711975098 31.1922225952148 51.0071868896484 1.20554614067078 1.80899214744568 1.88877558708191 3.05932521820068 3.39262318611145 5.74730396270752 7.21259260177612 14.5206384658813 7.26913547515869 1.70981025695801 1.81282460689545 7.10035705566406 12.3921813964844 16.8863830566406 2.26605701446533 2.44408369064331 2.10473394393921 13.2479276657104 2.24102830886841 2.38738965988159 2.57547855377197 3.06109285354614 5.36316347122192 8.69836521148682 11.9467802047729 15.3426523208618 2.40787482261658 2.44619488716125 7.3405613899231 2.48795485496521 2.6002368927002 2.72749638557434 2.81742215156555 3.32952618598938 7.28478670120239 3.69669961929321 5.57907581329346 16.9437217712402 5.05628490447998 5.83894348144531 8.98440933227539 6.43443059921265
15.8409242630005 20.7349319458008 29.9860591888428 49.3740310668945 4.28491401672363 13.6321477890015 2.47563982009888 3.68832159042358 1.91786849498749 1.94309735298157 4.11476373672485 4.03000736236572 2.0407018661499 2.15257143974304 3.90959024429321 10.0161743164062 20.6242389678955 4.26932001113892 8.22667980194092 9.86490917205811 15.7303133010864 2.20048093795776 3.14869356155396 5.97478818893433 11.590931892395 3.18211841583252 3.84490132331848 8.15707492828369 4.17672204971313 4.50305223464966 6.93093967437744 3.83820271492004 4.18101215362549 4.60579013824463 6.09141397476196 6.32396697998047 7.13744354248047 5.59708213806152 7.00642681121826 10.9926223754883 14.7390012741089 25.2515468597412 4.21934127807617 6.633469581604 6.97545766830444 10.7316179275513
8.67423248291016 16.4944591522217 21.6677589416504 31.8691139221191 29.7738246917725 5.46343564987183 8.63135719299316 12.6082258224487 15.5996055603027 1.7607409954071 3.90602278709412 10.3690967559814 2.2523410320282 9.22070789337158 2.49174118041992 11.5112743377686 27.5533905029297 8.25013828277588 16.9574394226074 2.37109780311584 2.43374633789062 6.66040802001953 2.98800373077393 3.04676747322083 3.43120431900024 8.50340843200684 3.33977818489075 6.80086374282837 4.17426586151123 4.6168360710144 6.56550884246826 4.89305734634399 5.94016551971436 6.47496128082275 6.59963989257812 7.02133131027222 11.9182720184326 8.08614063262939 8.00459480285645 9.65574550628662 16.9768085479736 21.1633243560791 10.2100028991699 10.5041999816895 13.3063335418701 13.4796123504639
9.02833366394043 10.5007724761963 12.480749130249 23.7947826385498 10.9760856628418 12.9026765823364 31.9287109375 12.7371196746826 1.7258243560791 1.79402279853821 7.94800186157227 2.50369882583618 2.7198326587677 2.921217918396 4.17941522598267 8.31377029418945 12.9003610610962 22.9238739013672 25.1513023376465 33.5188522338867 2.8826961517334 2.9599027633667 3.00809764862061 3.42219734191895 3.52461385726929 4.05470514297485 3.65807127952576 13.9965763092041 5.43488836288452 12.0224990844727 4.29420757293701 5.69439506530762 6.2792444229126 6.46367073059082 6.71199417114258 13.9121103286743 7.71760225296021 9.45129776000977 17.4183826446533 24.0917472839355 34.0163536071777 8.71268463134766 10.6859064102173 11.6511754989624 14.2692670822144 16.4164524078369
5.71927976608276 6.63290596008301 7.94910192489624 15.8339433670044 20.6326637268066 29.4939117431641 48.2965545654297 1.59663414955139 1.44828164577484 3.04489994049072 2.30241847038269 3.36993813514709 6.49275875091553 3.44805073738098 7.80227756500244 16.8157749176025 11.700080871582 20.0017547607422 25.6283168792725 20.5942974090576 4.07870101928711 7.71049928665161 2.9022753238678 3.01977920532227 3.26469087600708 25.7593669891357 4.14029932022095 5.00871133804321 7.2832407951355 5.11249017715454 5.15736150741577 5.52996349334717 5.80071830749512 6.42340230941772 7.18156433105469 7.49388694763184 10.2615346908569 17.2457370758057 20.8196830749512 33.5962905883789 7.05989503860474 17.5543441772461 27.0355033874512 8.79327201843262 11.823751449585 13.199610710144
5.46591091156006 6.33858680725098 7.5355920791626 10.1595706939697 13.3230867385864 19.4956512451172 35.163028717041 3.43348264694214 3.72364664077759 9.8944845199585 4.45283126831055 5.59759044647217 6.42173385620117 9.91266822814941 11.1415767669678 16.34206199646 24.166576385498 21.7274398803711 13.144552230835 15.5915155410767 3.77484440803528 2.8134777545929 3.69833946228027 2.49631834030151 5.1978759765625 11.4463720321655 21.8833179473877 4.11771011352539 4.51421403884888 8.8798189163208 17.0389633178711 4.62053918838501 4.97636127471924 7.25562906265259 7.24953365325928 8.82150459289551 22.4317493438721 7.41884565353394 23.8586616516113 8.0863676071167 9.24374198913574 12.2211008071899 9.45526599884033 11.5716791152954 12.7904319763184 14.0790405273438
3.60120344161987 3.7789101600647 3.97628092765808 9.65132713317871 12.6981964111328 18.5420188903809 33.8753662109375 3.28390169143677 3.5294713973999 5.23483180999756 6.15546894073486 8.31858730316162 9.45727634429932 10.8920555114746 13.0155324935913 15.3129777908325 19.9304161071777 27.9841957092285 24.2033748626709 20.4404277801514 2.12222647666931 14.7149085998535 2.14763784408569 2.7945876121521 3.95715498924255 4.76672744750977 11.2156295776367 3.98619985580444 4.31885433197021 6.65811681747437 4.57212734222412 4.61725330352783 4.73818492889404 6.35626983642578 8.96299743652344 31.4395313262939 7.84928369522095 31.9491577148438 6.46396446228027 7.62516260147095 14.6754293441772 8.54110145568848 9.34640216827393 11.6137933731079 13.1385841369629 13.511568069458
3.44870615005493 3.61686086654663 3.79771113395691 3.99481868743896 4.34768629074097 4.65613842010498 5.08363485336304 5.51933622360229 5.96519184112549 6.58102655410767 7.35066223144531 8.40464496612549 9.72354316711426 11.5229434967041 12.3640117645264 16.1750640869141 20.5917224884033 32.8349456787109 25.8245410919189 7.94558572769165 16.9261245727539 2.37412548065186 1.05458843708038 3.94732689857483 2.94307208061218 7.23135566711426 7.87729024887085 23.6331043243408 3.46870422363281 4.0814790725708 4.13389587402344 4.5650053024292 19.8134002685547 4.93604755401611 6.40845775604248 6.93532180786133 6.9372730255127 9.78006839752197 7.3893928527832 9.08936786651611 7.33301305770874 7.80409526824951 8.58656787872314 10.9798021316528 11.9951333999634 13.127293586731
2.39258742332458 2.5226457118988 2.66555333137512 2.82135009765625 3.00300931930542 3.89353036880493 4.18059539794922 4.53901815414429 5.37787199020386 5.75381088256836 6.22671222686768 6.77077960968018 7.43160915374756 8.49935531616211 14.5285320281982 18.9437294006348 27.0523204803467 44.636157989502 5.08781719207764 5.35518598556519 11.9122486114502 0.846830070018768 4.57124853134155 3.22654676437378 1.7335467338562 2.04746031761169 4.01400899887085 20.6155204772949 6.33390665054321 2.0590238571167 2.46287727355957 5.15001630783081 3.55175447463989 5.86432647705078 6.03088331222534 13.7192687988281 6.21723079681396 6.67473030090332 10.0124921798706 20.1555690765381 6.68855476379395 6.87751626968384 7.00272369384766 9.23810768127441 10.4057579040527 11.3251924514771
2.01144099235535 2.26829719543457 2.41571259498596 2.51719117164612 2.61174654960632 2.7204442024231 2.86226558685303 3.66977524757385 3.81542778015137 4.09458446502686 4.45865821838379 4.88633108139038 5.39757204055786 6.03755950927734 6.85000705718994 12.7550325393677 16.6954326629639 23.4200897216797 37.9007377624512 7.6031928062439 27.5636901855469 16.3783187866211 0.991711974143982 1.33884036540985 4.92193651199341 7.18143463134766 16.0173625946045 31.9556293487549 1.4900575876236 10.5186748504639 1.76314890384674 10.9877462387085 16.823299407959 17.8564777374268 6.09769058227539 13.3616018295288 3.41327977180481 4.62265348434448 4.64132642745972 5.38483667373657 6.28600311279297 7.76253652572632 11.4245834350586 17.3823070526123 8.85590362548828 11.886528968811
1.73026716709137 1.97510933876038 2.04457592964172 2.1321485042572 2.23339033126831 2.34156966209412 2.4738781452179 2.64346098899841 2.74819803237915 3.19454073905945 3.55288910865784 3.81720519065857 4.12122297286987 4.50089836120605 4.92712497711182 5.46339750289917 6.13099384307861 11.5729932785034 14.2924928665161 17.8887176513672 27.6694030761719 1.45026123523712 1.45519602298737 9.55505847930908 2.65562200546265 4.08109998703003 9.55059432983398 2.77705836296082 3.27643156051636 5.16385889053345 6.49481248855591 11.0713691711426 22.4799518585205 24.1240882873535 2.57165217399597 2.93345427513123 3.42030429840088 5.63368034362793 6.12568759918213 6.70763826370239 7.51665067672729 8.75258731842041 15.7264604568481 5.040771484375 7.5021858215332 6.46179866790771
1.90822792053223 1.95239591598511 2.00269460678101 2.06342387199402 2.12097573280334 2.17716121673584 2.18614268302917 2.32207989692688 2.43225717544556 2.50039649009705 3.09123015403748 3.33087277412415 3.60970568656921 3.92792201042175 4.27252769470215 4.68488502502441 5.17012977600098 5.70233154296875 6.29848718643188 8.72971630096436 9.50387287139893 11.5459756851196 20.2033596038818 5.21411991119385 3.17755746841431 2.14364099502563 14.3324184417725 2.93975901603699 3.03790330886841 7.9310188293457 10.3370084762573 18.5562610626221 33.8519592285156 13.8570365905762 2.93601989746094 3.06669187545776 3.4239501953125 4.38937902450562 8.84303760528564 5.98087215423584 7.2833890914917 14.5433206558228 12.1875381469727 14.8363227844238 25.9351596832275 3.49158382415771
1.46106970310211 1.56521320343018 1.60053658485413 1.67692065238953 1.75621545314789 1.794757604599 2.25730156898499 2.33822655677795 2.4077296257019 2.45737385749817 2.54199814796448 2.62473011016846 3.06920194625854 3.31579804420471 3.53695917129517 3.7429141998291 4.02756357192993 4.3959493637085 4.7710223197937 5.67325592041016 7.55897045135498 8.32802581787109 11.2998971939087 22.1158809661865 2.34539008140564 2.35028910636902 5.87449216842651 4.44936656951904 3.47835087776184 5.95132970809937 6.72072839736938 8.46671104431152 13.0876312255859 25.3003349304199 8.40865612030029 26.7443046569824 5.42681980133057 7.22040510177612 8.55857181549072 20.6963729858398 3.85845494270325 11.3440532684326 20.8559284210205 3.63467478752136 3.63672542572021 3.63773727416992
