slauniainen/Data/DEM/Vihti_dem1500b_cl_horizonAngle_294.asc
NCOLS 196 
NROWS 178 
XLLCORNER 353680 
YLLCORNER 6699024 
CELLSIZE 16 
NODATA_value -3.4e+38 
[rows 120 to 139 of 178, columns 90 to 134 of 196]
5.56898546218872 10.3620300292969 13.0844469070435 11.4370384216309 6.97708368301392 4.80344867706299 3.64422035217285 3.06579327583313 2.54308581352234 2.06285667419434 1.83345127105713 1.5328676700592 1.30338490009308 1.24851930141449 1.0882021188736 1.05641555786133 1.02430629730225 1.00652635097504 0.981658518314362 1.01508021354675 0.990712344646454 1.07034516334534 1.08615493774414 1.1709588766098 1.14203870296478 1.12226927280426 1.20848941802979 1.01784670352936 0.535803735256195 0.0490403659641743 -0.317602306604385 -0.389599502086639 5.84369802474976 -0.543414711952209 -0.892744719982147 -1.41493129730225 -1.82110941410065 -1.97871124744415 -2.26620721817017 -2.69070672988892 -2.91348648071289 15.6339731216431 34.7055244445801 26.7521533966064 16.1873149871826
9.41497707366943 11.3833932876587 13.5441083908081 12.4024295806885 8.23176097869873 5.89416885375977 4.08915853500366 3.42227745056152 2.83233523368835 2.44646191596985 2.17138195037842 1.81659829616547 1.52601826190948 1.33570873737335 1.17361879348755 1.13918912410736 1.10447382926941 0.981219708919525 0.95435643196106 0.946794152259827 0.923125267028809 0.955807447433472 0.936129450798035 1.01178002357483 0.989146769046783 0.999507546424866 0.910995185375214 0.602477073669434 0.314579874277115 -0.37021404504776 -0.680722832679749 1.08193731307983 6.26310682296753 -0.917097449302673 -1.27897036075592 -1.72461175918579 -2.39731574058533 -2.71863842010498 -2.38168025016785 -3.06272220611572 -3.2366418838501 -1.3443169593811 27.7346324920654 38.5297737121582 26.1604232788086
10.9458751678467 16.3895301818848 14.5174150466919 12.621166229248 9.53569412231445 6.80197858810425 4.89802932739258 4.18524980545044 3.35215830802917 2.91558313369751 2.44114851951599 2.02979826927185 1.80362582206726 1.49580144882202 1.26558983325958 1.21935057640076 1.18476569652557 1.05978286266327 1.02931082248688 0.923487722873688 0.900956153869629 0.888203561306 0.867635726928711 0.905014157295227 0.884097695350647 0.811223983764648 0.539430856704712 0.2248365432024 -0.232152849435806 -0.948804676532745 -0.896247863769531 6.06796455383301 2.31952095031738 -1.19828474521637 -1.68616890907288 -2.21507000923157 -2.75633454322815 -3.15223670005798 -3.26615333557129 -3.43784165382385 -3.72654128074646 -2.33239507675171 15.4604740142822 23.4127998352051 38.6364517211914
13.4013681411743 18.3819389343262 15.514048576355 13.6926727294922 10.6061744689941 7.77036094665527 5.62315082550049 4.83082389831543 3.82713174819946 3.49363207817078 2.98072695732117 2.42748045921326 2.02691221237183 1.73102700710297 1.50735819339752 1.25132155418396 1.09345316886902 1.12998187541962 1.10169267654419 0.991867482662201 0.968564808368683 0.865752100944519 0.844958543777466 0.840451121330261 0.823139369487762 0.698330342769623 0.232601404190063 -0.12583239376545 -0.813507437705994 -1.32127141952515 -1.43573391437531 9.29425811767578 5.66227197647095 -1.50285160541534 -2.02283143997192 -2.58094620704651 -3.02624535560608 -3.52104187011719 -3.7144889831543 -3.83255863189697 -3.96513605117798 -1.08554232120514 9.52904891967773 10.9060106277466 20.9203243255615
11.5902347564697 24.9471054077148 18.7683067321777 14.8099727630615 11.3187646865845 9.38314151763916 6.75265789031982 5.54644536972046 4.36183309555054 3.94791555404663 3.433349609375 2.90040493011475 2.48154449462891 2.07113599777222 1.73621165752411 1.48723435401917 1.31563293933868 1.1545557975769 1.04933595657349 1.06383955478668 1.03672206401825 0.933331608772278 0.908971071243286 0.811765611171722 0.801133811473846 0.661913812160492 0.0538197383284569 -0.412148863077164 -0.881905853748322 -1.56076872348785 -1.79190313816071 0.870864033699036 8.60530376434326 -0.731871008872986 -2.16096234321594 -2.70574569702148 -3.22292566299438 -3.64289784431458 -4.02004051208496 -2.14359664916992 -2.32928586006165 -2.14438796043396 6.28621387481689 4.68077850341797 17.4032192230225
13.1419906616211 31.7408618927002 20.0840682983398 18.5414524078369 12.5144710540771 10.1191968917847 8.10424518585205 6.68831443786621 5.62740755081177 4.80185270309448 3.91513442993164 3.26995086669922 2.85366702079773 2.4716203212738 2.09363770484924 1.78816092014313 1.58897244930267 1.46766316890717 1.25226783752441 1.10991418361664 0.951109349727631 0.991290926933289 0.969769835472107 0.884064972400665 0.858752310276031 0.673831045627594 0.0835986137390137 -0.428697466850281 -0.978208839893341 -1.49319899082184 -1.89884102344513 -1.98969483375549 1.43881833553314 -1.23446130752563 -2.41089844703674 -2.72423386573792 -3.08797383308411 -3.42427659034729 -4.01818323135376 -4.1565203666687 -0.214548900723457 -0.602946817874908 3.93397855758667 5.91233777999878 6.94993591308594
15.1320056915283 29.7327690124512 24.4922199249268 21.7205600738525 14.4385194778442 12.1484661102295 8.96377849578857 7.46382856369019 6.84303569793701 5.75657892227173 4.72179079055786 3.97067379951477 3.25093960762024 2.79470348358154 2.41672039031982 2.13837337493896 1.82098424434662 1.7315376996994 1.5013165473938 1.31538951396942 1.12866604328156 0.994142651557922 0.882175385951996 0.942395687103271 0.877909362316132 0.596145331859589 0.125745922327042 -0.322622120380402 -0.899697661399841 -1.50406134128571 -1.86090040206909 -2.05714130401611 -0.499711275100708 -1.91943502426147 -2.62051606178284 -2.87970066070557 -3.12664699554443 -3.36550378799438 -3.98283791542053 -4.16475009918213 3.54337644577026 2.63004159927368 2.52488327026367 3.95142292976379 10.1104154586792
17.0152893066406 22.2322177886963 23.0329360961914 20.3532238006592 16.2923698425293 13.6874370574951 10.1611318588257 8.66717052459717 7.48696041107178 6.36568975448608 5.67023420333862 4.76800632476807 3.97700476646423 3.39090037345886 2.76690053939819 2.42372393608093 2.08995819091797 1.9374486207962 1.79618847370148 1.54785168170929 1.33863532543182 1.18604815006256 1.03702735900879 0.882689237594604 0.621076226234436 0.281984865665436 -0.0327582061290741 -0.461723506450653 -0.973838329315186 -1.49840414524078 -1.86569726467133 -2.04087424278259 -1.07825028896332 -1.42467987537384 -2.664142370224 -2.96264171600342 -3.18997144699097 -3.42010426521301 -3.94300627708435 -4.12707471847534 2.96809196472168 2.0336492061615 1.09084868431091 1.00308835506439 5.77260732650757
17.4937133789062 18.4706039428711 17.8679962158203 17.7823371887207 15.4171619415283 12.9613542556763 11.463737487793 9.76641178131104 7.92554330825806 7.21769666671753 6.20525074005127 5.27558946609497 4.8364577293396 4.0654673576355 3.45592641830444 2.93653988838196 2.4848325252533 2.2444326877594 2.02796745300293 1.75175428390503 1.604168176651 1.41563200950623 1.24180161952972 0.978582680225372 0.394500821828842 0.0489447861909866 -0.336757212877274 -0.888585031032562 -1.21575784683228 -1.58780562877655 -1.83805012702942 -1.99414372444153 -2.1715042591095 -2.42385673522949 -2.76709175109863 -3.05444860458374 -3.29447436332703 -3.65374398231506 -4.02340078353882 -4.16549491882324 -3.70044255256653 -4.08505773544312 0.935980498790741 -1.48220276832581 7.6339316368103
19.2096481323242 17.5769691467285 15.9955015182495 15.1255311965942 13.8164443969727 12.5312347412109 11.0916996002197 9.79808235168457 8.90427017211914 8.16448593139648 6.93320322036743 5.98850536346436 5.3001127243042 4.5965051651001 4.22033309936523 3.53920865058899 3.20684933662415 2.91610765457153 2.48205137252808 2.02645635604858 1.83912813663483 1.60229992866516 1.48546135425568 1.18868291378021 0.596905469894409 0.0681796818971634 -0.391036063432693 -0.989983320236206 -1.33518004417419 -1.64002692699432 -1.82881116867065 -2.01657772064209 -2.24674129486084 -2.63168168067932 -3.03928995132446 -3.37686729431152 -3.67514777183533 -4.11741495132446 -4.33855438232422 -1.05948746204376 -3.049556016922 -4.58362722396851 -1.7777373790741 0.779877483844757 7.70463943481445
17.9480304718018 15.8121757507324 15.6292943954468 14.4735021591187 12.5919914245605 11.1704320907593 10.5021629333496 9.55338287353516 8.73904705047607 7.83645677566528 7.2282919883728 6.76704025268555 5.75753784179688 5.11765956878662 4.6237998008728 4.06981086730957 3.8864164352417 3.56680774688721 2.99498581886292 2.64015126228333 2.24806928634644 1.85501444339752 1.67790603637695 1.37412810325623 0.85815817117691 0.243816912174225 -0.341638505458832 -0.884388744831085 -1.32054841518402 -1.71083319187164 -2.00310683250427 -2.25887036323547 -2.59810352325439 -3.08003187179565 -3.45849895477295 -3.84549045562744 -4.18731784820557 -4.3667106628418 -4.55746078491211 -4.11392402648926 -2.38320755958557 -3.9749550819397 -1.19336199760437 1.05806720256805 5.76411533355713
13.7536010742188 13.739239692688 14.2389335632324 12.4863443374634 11.8531284332275 10.4782619476318 9.54903507232666 8.58639240264893 7.27871799468994 6.61620569229126 5.93946313858032 5.55076456069946 11.4679269790649 5.75982713699341 4.9070873260498 4.45838785171509 4.22364377975464 3.91369438171387 3.50542259216309 3.21827363967896 2.70405602455139 2.40658092498779 2.02244138717651 1.56759679317474 1.07374453544617 0.385861128568649 -0.289012223482132 -0.920180857181549 -1.37234365940094 -1.87405323982239 -2.25958609580994 -2.77066206932068 -3.10367941856384 -3.52367997169495 -3.88375186920166 -4.08720445632935 -4.27533769607544 -4.45835018157959 -4.71076107025146 -4.83478260040283 -2.75486731529236 -1.27176356315613 1.77058613300323 2.27666902542114 5.30967283248901
9.9493932723999 10.8616504669189 10.6398296356201 10.5795755386353 10.0205774307251 9.27096080780029 8.3671989440918 7.04557704925537 5.76426792144775 4.58746194839478 3.77604174613953 3.25501441955566 18.048755645752 16.7130756378174 5.81917381286621 4.93495845794678 4.34692907333374 4.08260869979858 3.79732441902161 3.51339864730835 3.18718886375427 2.91304636001587 2.35136938095093 1.92230188846588 1.31962335109711 0.500061571598053 -0.408343315124512 -1.14930331707001 -1.65028011798859 -2.17747950553894 -2.65481781959534 -3.17168688774109 -3.50963950157166 -3.76484513282776 -4.06737899780273 -3.0274064540863 -4.33959436416626 -4.51637554168701 -4.79702138900757 -4.93002080917358 -2.01131987571716 1.31935930252075 3.23769283294678 4.14776182174683 3.52424287796021
7.51871252059937 7.66329669952393 8.08309173583984 7.69145727157593 7.17732334136963 7.01741170883179 5.8156361579895 4.45602941513062 3.84321570396423 2.87908601760864 1.53941893577576 0.832899510860443 11.2986783981323 22.5810165405273 11.7053623199463 11.3410224914551 7.55940103530884 3.86085677146912 4.66108894348145 6.52697467803955 3.37968277931213 3.09127140045166 2.72995829582214 2.30625772476196 1.57763087749481 0.749413013458252 -0.507854580879211 -1.63917803764343 -2.31794333457947 -2.72256588935852 -3.00901556015015 -3.20426535606384 -3.52321934700012 -3.80199694633484 -4.03264808654785 -4.08791160583496 -4.31625699996948 -4.43755722045898 -4.68156766891479 -4.81163644790649 -0.943846762180328 3.43613147735596 4.19904279708862 3.11801218986511 3.21695899963379
5.37510824203491 5.15546989440918 4.83557081222534 4.62283420562744 4.31191921234131 3.35141921043396 2.71030497550964 2.42033410072327 1.52185666561127 1.17871105670929 0.0534095056355 -0.814795553684235 5.06549835205078 10.458890914917 3.98009395599365 27.6125602722168 17.7509746551514 7.79071855545044 6.83424234390259 9.58770942687988 3.63924407958984 3.12162446975708 2.83601379394531 2.37712645530701 1.51824593544006 0.576594471931458 -1.09582626819611 -1.88004720211029 -2.42652487754822 -2.84068465232849 -3.04070353507996 -3.21188712120056 -3.46307563781738 -3.71213674545288 -3.83405447006226 -3.11722040176392 -4.10408973693848 -4.24646520614624 -4.43426084518433 -4.54939126968384 -2.46755933761597 3.42006993293762 4.82355165481567 4.56060361862183 4.62617063522339
3.32133269309998 2.77996206283569 2.55207943916321 2.07443618774414 1.65644443035126 0.656659543514252 0.237452521920204 0.277161568403244 -0.22013621032238 -0.639212191104889 -0.832798421382904 -1.35117149353027 0.0460354648530483 5.17903280258179 4.14800643920898 11.7742938995361 21.3371086120605 16.9907627105713 14.9187517166138 11.7043933868408 9.2150936126709 3.27970027923584 2.8710355758667 2.24422740936279 1.28105437755585 0.291323244571686 -1.02246308326721 -1.70938372612 -2.23805832862854 -2.76963424682617 -3.03069233894348 -2.76953172683716 0.146821424365044 -2.81378960609436 -2.26211357116699 -2.04819488525391 -2.4580295085907 -3.25443959236145 -3.70829510688782 -4.28510475158691 -2.57486653327942 3.83025479316711 5.37073612213135 5.49739217758179 4.71272373199463
2.87027502059937 2.58538866043091 1.9804140329361 1.3846253156662 0.3779656291008 -0.0736361294984818 -0.411899358034134 -0.568609893321991 -0.777530014514923 -1.11715805530548 -1.00715792179108 -1.34153711795807 -1.3773500919342 3.13740873336792 4.91610050201416 8.78182125091553 12.6014566421509 14.6039609909058 18.325553894043 14.6849813461304 10.9357490539551 6.10008382797241 2.7060534954071 2.13891673088074 1.0490095615387 -0.15065124630928 -1.16104757785797 -1.57905781269073 -1.9419412612915 -2.54728388786316 -2.90600800514221 3.15682983398438 1.95868134498596 0.612023711204529 -1.39511168003082 -2.27216553688049 -2.44016265869141 -2.6429455280304 -3.19577074050903 -3.9717743396759 -3.67129349708557 1.98127615451813 5.31470441818237 5.53356313705444 4.66649341583252
2.48169636726379 2.02724575996399 1.33083379268646 0.457447648048401 -0.422543674707413 -0.742937207221985 -0.822923362255096 -0.908979654312134 -0.981014907360077 -1.14374279975891 -0.160864189267159 -1.13786447048187 -1.29198169708252 3.03792285919189 7.02627038955688 7.46407651901245 8.27993869781494 8.52688312530518 10.8835515975952 7.23671531677246 5.15042495727539 19.7766761779785 9.21722412109375 2.0244460105896 1.105388879776 -0.263586193323135 -1.28413677215576 -1.71061372756958 -1.97016847133636 -2.4591646194458 -2.78711342811584 3.58640360832214 2.33081603050232 0.762536287307739 -0.897971272468567 -1.37100064754486 -2.04255270957947 -2.60191130638123 -2.74199342727661 -3.10428285598755 -2.90449142456055 0.93726110458374 4.10090494155884 4.50714302062988 3.83657240867615
2.01233625411987 1.29177641868591 0.777181088924408 -0.140440553426743 -0.817021071910858 -1.08399128913879 -1.20757579803467 -1.24320578575134 -0.718061149120331 0.608656227588654 1.73941516876221 1.66835308074951 1.19964098930359 2.71395516395569 6.74578237533569 7.39343452453613 6.38003396987915 5.74249267578125 4.91082143783569 3.43479537963867 4.85236215591431 10.1747989654541 30.5476226806641 4.70923948287964 1.83940756320953 -0.311232715845108 -1.28146481513977 -1.85717844963074 -2.13076448440552 -2.46329617500305 -2.67717790603638 1.88603532314301 2.50821781158447 0.756800651550293 0.263435065746307 -0.141956761479378 -1.51224732398987 -1.81675243377686 -2.35879325866699 -2.71525144577026 -1.8740086555481 -0.796673953533173 1.09798979759216 2.36753106117249 2.61833500862122
1.4601457118988 0.903355062007904 0.465509951114655 -0.105624191462994 -0.361244142055511 -0.678450584411621 -1.1062844991684 -1.13961851596832 -0.227636337280273 2.58167052268982 3.96764421463013 4.54870510101318 4.62721490859985 4.09220170974731 4.92286014556885 4.26131582260132 4.61542177200317 2.76320505142212 2.32031345367432 1.95148897171021 1.65753269195557 7.6669135093689 34.3725204467773 10.020806312561 3.4584527015686 -0.253816068172455 -1.40344166755676 -1.95956099033356 -2.31963634490967 -2.48955869674683 -2.55482292175293 -0.991699039936066 3.61617469787598 1.57562780380249 1.00730621814728 0.951809048652649 -0.104490049183369 -0.856522679328918 -1.7834724187851 -1.64298474788666 -1.10711336135864 -1.73754477500916 -0.826614797115326 1.5671204328537 2.34995460510254
