slauniainen/Data/DEM/Vihti_dem_16m.asc
ncols         196
nrows         178
xllcorner     353680
yllcorner     6699024
cellsize      16
NODATA_value  -9999
[rows 120 to 149 of 178, columns 68 to 135 of 196]
-9999 -9999 -9999 -9999 -9999 62.79716 63.17545 63.60972 63.0969 61.81419 59.66748 57.73459 56.02266 55.91139 58.81073 63.34978 64.54088 63.49792 61.8077 60.07328 58.68584 57.45641 55.89634 52.97075 49.25201 46.01508 45.58138 45.63136 45.60015 45.53031 45.56489 45.5227 45.51291 45.49986 45.48466 45.57125 45.68786 45.67337 45.6762 45.65689 45.62678 45.60361 45.58231 45.56108 45.51745 45.53519 45.55533 45.48584 45.64066 47.5977 51.87423 57.82426 61.14552 62.17169 60.53414 62.15225 65.09557 68.27827 70.35328 71.21389 74.98859 80.51627 83.48097 79.00346 67.92226 59.85684 55.21225 51.86847
60.90675 -9999 -9999 -9999 61.09449 61.23648 61.34683 61.5973 61.59234 61.12914 60.17976 58.05686 56.90994 58.00039 61.34698 65.4071 66.39101 66.42654 65.85897 64.18185 62.54309 60.0388 57.38572 54.16438 50.31009 46.79155 45.65106 45.63119 45.63055 45.58495 45.55528 45.53296 45.52277 45.51138 45.48797 45.56017 45.70925 45.69486 45.69869 45.68183 45.67641 45.59639 45.58569 45.57034 45.53098 45.52267 45.51413 45.57087 47.52958 51.08569 55.83823 64.32083 67.20077 66.8986 65.14261 66.65971 69.94334 73.37733 78.70648 81.07716 81.74264 85.43124 87.74709 88.12257 79.71004 66.96948 59.11023 55.5122
60.68716 -9999 -9999 -9999 60.43128 60.14159 60.21247 60.46124 60.87614 60.46809 59.1393 58.14041 58.18891 59.95898 63.25698 66.64816 67.84909 68.37202 68.47689 68.08706 66.24208 62.9514 59.857 55.15112 51.00805 47.42542 45.66503 45.61905 45.62898 45.60963 45.54344 45.56525 45.52531 45.52369 45.5068 45.54547 45.64516 45.68744 45.66965 45.68908 45.69655 45.61811 45.60226 45.59881 45.58591 45.51984 45.51958 46.11397 50.12597 54.43739 60.96453 70.68069 71.22981 69.52895 68.88087 70.53472 75.54352 80.20725 84.05302 87.02587 88.15546 90.39461 94.1909 94.84259 90.41728 83.48922 70.69991 60.09623
60.17194 60.45502 60.71555 60.60069 59.67861 59.42788 59.5875 59.94938 60.50659 60.30008 58.73376 58.42119 59.30336 61.6707 65.09106 68.00992 69.09456 69.49542 69.85681 70.01661 68.2326 64.819 61.00686 55.68997 51.24855 47.52977 45.67661 45.62831 45.68091 45.59809 45.52967 45.55055 45.55331 45.52414 45.51052 45.53044 45.64369 45.65361 45.69581 45.72012 45.68972 45.67311 45.64734 45.62641 45.62158 45.5578 45.53431 46.729 52.54253 56.74152 66.3624 74.20305 76.60683 73.98837 72.402 74.10778 79.55552 84.62628 87.5673 92.01566 94.07173 95.59811 97.33852 97.64169 94.95587 91.87302 85.75671 71.01789
59.55297 59.77364 60.00278 59.8853 59.36995 59.35176 59.42266 59.6018 60.20548 59.98217 58.65706 58.68145 60.21058 63.91478 66.74133 69.58099 70.68169 70.80531 71.04895 70.95867 69.59148 67.44904 64.16756 56.72461 51.28764 47.62928 45.70506 45.61891 45.61089 45.55297 45.5416 45.56366 45.55767 45.53289 45.51202 45.52855 45.61089 45.64074 45.63925 45.6618 45.68808 45.64352 45.63661 45.64686 45.66183 45.66642 45.57673 46.93928 53.96486 59.48716 66.04986 75.14237 79.47163 79.22842 76.80713 77.25316 80.26841 85.28526 89.62643 93.47155 98.17769 98.77657 99.42739 100.0265 98.26398 96.95394 91.93886 84.23166
59.36361 59.40739 59.47753 59.41787 59.31134 59.27386 59.26722 59.32058 59.61545 59.3722 58.73094 58.88458 60.90324 65.51762 67.52808 69.02284 70.4044 71.54559 72.17741 72.21495 71.62934 70.32276 66.58708 56.68951 51.08628 47.19751 45.69437 45.62917 45.60003 45.56783 45.56322 45.56263 45.59203 45.57265 45.52814 45.55175 45.61722 45.61828 45.61994 45.62978 45.68514 45.66613 45.66092 45.71426 45.68499 45.59397 45.64742 47.50981 53.44583 59.48406 66.64292 73.65623 79.69913 81.37747 80.97559 81.32037 82.3866 84.26366 87.0126 90.35947 98.13397 99.89931 99.95922 100.1276 99.0273 97.37038 95.42001 88.71674
59.33114 59.31133 59.31883 59.20626 59.19695 59.15494 59.05933 59.11867 59.13983 59.01092 58.88826 59.16252 60.92574 65.09129 67.01455 68.24031 69.43828 70.51952 71.60745 72.40237 72.13873 69.49764 65.17092 56.03255 50.28839 46.43128 45.74428 45.61964 45.59844 45.59725 45.56225 45.57917 45.6233 45.601 45.5712 45.55984 45.61084 45.63763 45.64255 45.66566 45.69689 45.68699 45.6935 45.7132 45.64839 45.62122 46.09089 49.0387 53.63369 58.92847 65.68992 73.5341 78.55415 81.60796 81.74751 82.57647 84.41408 85.26325 86.80576 89.50534 97.6563 99.98975 98.99899 98.26403 98.38159 97.6563 94.80327 88.86175
59.29455 59.2153 59.24734 59.27312 59.42286 59.36245 59.42102 59.53767 59.79308 59.44402 59.12417 59.44211 60.60239 63.27974 65.32767 66.36514 66.89281 68.12853 70.10353 71.22711 69.7055 65.66803 61.19014 54.87381 49.96017 46.40128 45.67352 45.60291 45.60967 45.59297 45.58544 45.59411 45.59005 45.60211 45.59988 45.59891 45.60769 45.629 45.69922 45.70244 45.72725 45.75909 45.79958 45.77306 45.63178 45.87413 47.97102 51.62958 56.13059 61.23542 67.18128 73.83606 78.94028 81.19442 81.49556 82.49776 84.44713 85.80475 87.37522 90.22188 97.19397 99.52084 98.69125 98.71935 99.02634 98.74619 97.1287 89.98567
59.34234 59.34528 59.48625 59.72825 60.32519 60.16444 60.26373 60.4957 60.86961 60.56181 59.86556 60.25851 60.75681 61.5293 62.69464 64.00101 65.11166 66.8235 68.60458 69.49405 68.22414 63.39933 58.42934 53.71759 49.65652 46.54844 45.73673 45.61963 45.61192 45.61308 45.60106 45.62522 45.61728 45.6128 45.62145 45.63006 45.66828 45.70492 45.75927 45.75816 45.77664 45.80845 45.83364 45.72049 45.64339 46.61628 49.95472 53.77641 58.82742 65.69444 70.6438 75.60903 79.141 81.28489 81.89292 82.95663 85.05492 86.69722 88.66709 93.29868 98.21886 100.0524 101.0872 102.2299 101.9685 102.3825 100.238 93.44797
59.48853 59.52508 59.92233 60.80784 61.08931 61.347 61.52122 61.4935 61.84462 61.65355 60.81631 60.26339 59.92486 59.83645 60.70301 62.15036 63.36084 64.26928 65.84961 66.09503 64.95673 60.23983 55.75848 52.19638 49.19375 46.41584 45.74298 45.64148 45.60949 45.60859 45.63409 45.59933 45.6321 45.62955 45.62431 45.62197 45.62247 45.66891 45.7009 45.74072 45.74083 45.7513 45.71842 45.67072 45.66525 46.5694 50.23242 54.18991 60.02124 66.998 71.34883 75.927 79.2999 82.23403 83.21616 85.18716 88.04533 90.57474 93.66075 99.45044 102.3401 102.636 103.4884 105.5699 106.0665 105.8487 103.6841 97.1732
59.82447 60.02722 60.43364 61.21241 61.49411 62.12138 62.96135 63.10715 63.30633 62.94216 61.22389 59.7835 58.87836 58.3536 58.83181 60.05519 60.56137 60.87341 61.60914 61.07827 59.66122 57.0142 53.36792 50.62777 48.20641 45.98347 45.72987 45.64342 45.60958 45.61764 45.64906 45.7803 45.80267 45.64161 45.61494 45.62326 45.63353 45.66277 45.67881 45.68161 45.69372 45.68653 45.68836 45.68948 45.70163 46.37767 49.61475 54.01656 58.93294 65.65363 71.24512 76.32089 80.60025 84.4734 87.04895 90.31459 93.0741 96.74789 100.4651 102.7537 105.2624 106.4132 107.0791 108.1909 108.5242 108.2287 106.6136 99.9888
60.30128 60.51634 60.82097 61.432 62.50306 63.1313 64.11072 64.91439 64.90427 63.68541 61.52444 59.87098 58.21586 56.95599 56.50994 56.53641 56.82081 57.08381 56.88134 55.96833 54.65631 53.17477 50.90424 48.60008 46.799 45.87648 45.69758 45.68795 45.63145 45.91178 47.70937 49.71442 50.49922 49.36608 46.12017 45.74076 45.66385 45.66177 45.6572 45.66658 45.6939 45.68731 45.68623 45.67839 45.8685 46.83766 49.59989 54.30805 59.55436 66.29795 72.06699 78.39914 83.26939 89.87267 93.13676 95.95566 98.75614 100.369 102.082 104.1409 107.33 108.9497 109.7196 110.0748 109.5802 108.9441 107.4571 102.4422
60.78397 60.73142 61.05909 61.81486 63.53608 64.23064 65.49809 66.09122 66.2665 64.4713 61.89644 59.71803 57.66017 55.92738 54.91272 54.27556 54.10375 54.09087 53.42569 52.53175 51.69359 50.62165 49.05736 47.34877 46.21873 46.04813 45.99159 46.13363 47.17544 48.74828 51.7113 54.53764 57.28276 59.11022 53.89645 49.09224 47.46161 46.19558 45.88553 46.04828 45.75348 45.78836 45.74214 45.82261 46.47405 47.87575 50.57981 55.8192 62.59239 69.51567 75.88264 82.49792 88.3802 94.72908 98.08239 99.41464 101.6108 102.457 103.6817 105.8333 109.4562 111.315 111.8769 111.5084 110.6033 109.443 108.4576 105.2732
-9999 61.11247 61.38427 62.77028 63.96503 64.41162 66.60553 67.49516 67.07614 64.5742 62.33027 59.68303 57.10976 55.38636 54.21727 53.45203 52.58952 51.94305 51.54116 50.89581 50.16 49.04605 47.43728 46.43166 46.36595 46.58281 47.82836 48.47939 50.38086 53.53856 56.5067 59.03334 65.07059 67.75714 64.56041 57.90647 54.59147 51.38244 49.25912 49.36891 48.06441 46.23381 46.3191 46.56147 47.24927 48.64222 52.43483 57.8063 66.86347 76.32892 85.10441 90.09277 93.58847 95.59673 98.568 100.4254 101.8016 102.9451 104.6195 106.8254 110.0416 112.2598 112.5234 111.5627 110.388 109.5595 108.6646 105.48
-9999 -9999 61.77331 62.76856 64.12914 64.62222 66.64961 68.10894 66.95374 63.87875 61.73914 59.51808 56.8075 55.11172 53.93219 53.12008 52.01772 50.05703 49.32319 49.09475 48.10306 46.98692 46.79375 47.4 48.45475 49.30178 50.81883 52.69783 55.11728 57.678 60.95874 63.89109 69.2805 73.87014 72.45189 69.49834 68.38509 60.01603 54.89409 52.705 50.78742 48.08475 47.07247 47.70714 48.368 50.0913 55.5583 63.18186 75.86544 82.13715 88.52773 93.00191 95.19617 96.96133 98.60134 100.0091 101.2828 102.3738 104.3687 106.3945 108.8748 111.0758 111.7653 110.8091 109.5043 108.7089 107.493 104.7978
-9999 -9999 61.88325 62.52764 63.96061 65.43913 66.55296 66.90054 64.89346 62.64017 61.0273 58.60727 56.27441 54.86136 53.32019 51.57495 50.52756 49.38384 48.20864 47.54861 47.33756 47.82134 49.15298 49.81983 50.44223 51.9002 54.46442 58.34556 61.20095 62.25266 65.14945 68.68155 70.73488 75.31241 75.29955 73.84934 72.68897 69.35389 63.10381 58.21494 53.95206 50.63734 48.04158 48.63444 50.19827 52.46548 59.44492 67.53833 78.04501 84.42326 90.06669 95.00798 96.69136 97.46536 97.42436 98.71975 100.0146 101.2886 102.8186 104.4941 106.6875 109.5579 110.4837 109.4125 108.4018 107.3658 106.638 103.3799
-9999 -9999 -9999 62.69014 64.25414 65.93587 66.49617 65.18905 63.36716 60.99645 59.05475 57.26358 55.89606 54.41888 51.74928 51.09561 50.22103 49.66125 49.24216 47.5737 49.81295 51.02847 51.45636 51.93787 52.79694 54.8995 58.97297 63.02678 66.34502 67.3722 69.6855 72.47836 72.75964 75.43594 76.17175 75.29475 73.91853 71.4468 67.86995 63.70108 58.40167 54.20863 51.11716 49.40723 51.66416 55.30775 62.32083 72.24025 81.48261 86.67802 90.76189 96.50491 97.68977 96.80733 96.26015 97.08318 98.69759 100.1393 101.6506 103.3121 105.278 107.8776 108.9831 108.4296 107.1555 105.9464 105.9246 104.2478
-9999 -9999 -9999 62.69425 64.45142 65.8595 65.44612 63.81333 61.5193 59.15876 57.89252 56.86274 55.21817 52.65447 52.87778 54.32822 53.50241 52.61653 50.09934 49.47225 50.95752 53.87369 54.34189 55.05902 56.81477 60.71117 64.16892 67.99423 70.19624 71.5294 72.50884 73.90925 73.95417 74.42683 75.38417 74.53503 72.56303 70.60742 68.71201 66.33257 63.25622 61.748 61.58764 55.83464 53.23827 56.69139 63.0933 74.45727 83.27117 89.20117 92.83697 95.95483 97.87682 96.874 96.23354 97.01636 97.81289 99.17787 100.5383 101.9714 103.7418 105.83 107.0932 107.2923 106.418 105.6094 105.6852 105.0233
-9999 -9999 -9999 -9999 64.14429 65.55461 64.19442 62.50072 60.08099 58.4237 57.32497 55.34931 53.72633 55.01378 57.62719 57.77872 56.29672 55.44175 55.07116 55.10199 55.50472 56.89392 57.70361 58.97586 61.11377 64.37033 67.81101 70.3952 72.20845 73.52344 73.72397 73.55399 73.06811 72.86719 73.20497 72.73089 71.15234 69.89256 68.87758 68.09909 67.89161 68.74702 67.38873 64.51714 55.0745 57.41964 62.85091 75.05002 83.87955 89.99775 94.06733 95.98287 97.65955 97.13268 96.43181 97.20847 97.36078 97.90325 99.52489 100.8698 102.4847 103.81 104.9124 106.3275 106.4075 105.8131 105.7109 105.1543
-9999 -9999 -9999 -9999 62.95944 63.31716 62.38287 60.46762 59.02609 57.72578 55.95005 55.11398 56.09039 60.87622 63.60514 62.52495 60.4627 59.24933 59.07484 57.86773 59.00786 60.07617 60.86414 62.09044 63.99619 65.49539 66.99408 68.81025 70.39645 71.63497 72.35059 71.91028 71.24249 70.70767 70.17245 70.30755 70.12341 70.06509 69.60767 71.22558 71.82277 72.01987 71.76865 69.61477 58.67061 58.44827 62.27453 73.86003 84.87913 90.79794 94.81522 96.65707 97.5793 97.85626 96.84509 96.40498 96.61871 96.61408 97.88551 99.5115 101.1474 101.896 103.1761 104.8953 105.4286 105.3487 104.9393 104.0568
-9999 -9999 -9999 -9999 62.96986 62.11913 61.22311 59.54425 58.41617 57.52917 58.28112 56.70848 57.65592 61.26578 65.22898 64.98679 64.23169 62.81602 61.7932 60.46017 60.58601 62.1039 62.86562 63.45945 64.58775 65.39545 65.75874 66.5083 67.99043 69.05355 69.97716 69.48512 69.21274 68.77528 68.58428 68.79705 69.2777 69.91035 70.60581 72.30508 73.82323 74.6312 74.26713 72.40883 63.16409 60.34167 62.72736 70.52637 84.18926 91.86279 95.50076 96.76953 97.01278 97.84348 97.78011 96.40608 96.09594 96.04622 96.65412 98.78619 99.42922 100.0567 101.3655 103.0481 103.6113 103.5621 103.0316 102.5071
-9999 -9999 -9999 62.78445 62.39917 61.79164 61.25209 60.6993 59.10191 59.01899 59.50488 58.97752 58.45049 61.67033 64.65652 65.3467 65.4877 64.40673 63.65908 62.81427 62.64476 63.37689 63.69028 63.86422 64.3473 64.87875 65.23441 65.54716 65.92433 66.75594 67.61136 67.71211 67.86944 68.03941 68.32431 68.65088 69.07984 69.60838 70.80251 72.45891 75.10034 76.35114 75.5803 72.4983 65.95861 62.30713 64.46082 68.54586 81.67767 90.11052 95.41904 96.64567 96.09186 97.22017 97.69351 96.65192 95.84869 95.87653 96.57799 97.71902 97.71162 98.28223 99.27399 100.5066 101.6746 101.9044 101.6921 101.3525
-9999 -9999 -9999 -9999 62.01889 61.79745 61.39834 61.12903 61.12815 60.08995 60.06702 60.32116 59.47538 62.0767 65.19347 65.62054 65.58212 65.81631 65.07477 64.25422 63.94856 64.00204 64.51315 64.92772 64.75874 64.67663 64.80515 64.9752 65.35733 65.84631 66.2715 66.85316 67.69792 68.1643 68.69917 69.18006 69.55779 70.15923 71.15464 73.01044 75.53833 76.72288 75.97729 72.65525 67.81408 63.68492 66.02045 68.65421 79.14896 87.23164 93.52794 96.21683 95.544 96.01595 97.05862 96.4677 95.82055 95.91779 95.74744 95.57861 96.35508 97.02609 97.82706 98.48597 99.18012 100.2801 100.4392 100.5078
-9999 -9999 -9999 -9999 62.51069 62.48434 62.27238 62.36873 62.64245 62.12506 61.83169 61.24723 62.27317 64.34625 64.87009 65.51589 66.24842 67.37373 66.23312 65.01608 64.45953 63.97137 64.37694 65.1083 64.88599 64.59575 64.54922 64.79711 65.11658 65.5136 66.18044 67.38403 68.53186 69.6115 70.56195 71.3795 71.64589 72.55351 73.3228 75.03214 76.15649 76.32836 75.42528 73.19394 68.9565 65.19299 66.9065 70.16017 77.53517 85.26194 93.27525 96.26664 95.61117 95.05852 95.88117 96.27129 95.78778 95.38142 94.34292 94.35891 95.1555 95.81264 96.35405 96.64194 96.75227 97.33525 98.2885 99.78922
-9999 -9999 -9999 -9999 64.24306 64.58416 65.09408 65.92281 66.98734 65.72778 63.71347 62.87614 63.64645 64.35687 64.42635 65.43516 66.33573 67.32341 66.97987 65.69044 64.72437 64.14391 63.95158 64.18504 64.29278 64.31384 64.41625 64.77794 65.1562 65.87837 67.21522 68.81828 70.31622 72.26019 74.38164 76.54887 77.45119 75.47764 75.51958 76.3157 76.65327 76.31392 75.5311 73.87545 69.76358 66.6148 67.8875 70.76958 78.72655 86.5365 93.20342 96.17763 96.0555 95.01588 95.30363 95.92905 95.20417 94.18067 93.2732 93.41689 94.34682 94.98242 94.92667 95.1775 95.21119 95.79088 96.86816 98.73897
-9999 -9999 -9999 -9999 67.66154 67.89156 68.27602 69.18464 71.61631 69.88111 68.06466 65.67183 64.20592 64.43128 64.87823 65.45805 65.92142 66.22953 65.94688 65.34264 64.65647 64.24453 64.01006 63.97503 64.05655 64.19272 64.53401 64.99036 65.98138 67.28143 68.88956 70.80531 73.40494 78.01283 84.20678 87.46667 88.016 81.18994 78.33391 77.8466 77.04382 76.96028 75.96633 74.90115 70.31313 68.17341 69.0362 73.44889 83.05484 89.68795 93.21216 95.66797 96.2373 95.17475 95.04061 94.66824 93.38814 92.68088 92.68324 92.85753 93.46036 94.21928 94.84873 94.50519 94.50025 94.94649 96.59883 98.67931
-9999 -9999 -9999 -9999 70.11011 70.95378 72.03203 72.67944 74.14544 73.91322 72.53514 70.95016 68.20239 65.39398 65.15935 65.35283 65.47661 65.57525 65.08762 64.45359 64.38779 64.21908 63.99116 63.92715 64.02859 64.36913 64.93347 66.2313 67.61465 69.10323 72.54537 75.9365 78.73269 86.51894 91.72298 93.31429 92.99044 90.91019 84.21796 80.64611 77.9887 77.48643 76.03586 74.04842 70.50347 69.80798 70.43056 77.94791 86.2333 89.98581 93.32516 95.44637 95.05878 94.16391 93.84045 92.82753 91.23315 90.97367 91.60265 91.93494 92.411 93.05488 94.3483 94.37284 94.61789 95.3225 -9999 -9999
-9999 -9999 -9999 -9999 73.74393 75.42436 76.78088 77.25813 77.74876 77.38622 76.32697 75.09425 73.30355 69.71514 66.68328 65.70903 65.57059 65.66658 65.27891 64.33386 64.22611 64.10022 63.98188 64.04034 64.37267 64.99426 66.50533 67.75452 68.99567 71.07231 75.79768 79.31072 84.31928 91.52317 94.31078 94.92763 94.41068 93.53242 90.27939 84.18972 79.96003 77.65231 75.69203 73.22723 71.57025 71.3438 72.53055 79.95914 87.57442 90.68066 93.97897 95.26284 93.97795 92.91742 92.41843 90.9268 89.77042 89.67298 90.80197 91.28772 91.87294 92.48344 93.34261 -9999 -9999 -9999 -9999 -9999
-9999 -9999 -9999 -9999 78.34131 79.50372 80.78526 82.05334 83.22066 83.54916 79.76175 77.95798 75.96277 74.49374 70.59208 67.60736 66.20947 65.71797 65.72124 64.8873 64.16151 64.07516 64.05688 64.38766 65.44661 67.78983 70.26105 71.92797 72.9286 74.53792 78.22701 82.16019 87.04878 92.91958 95.72592 95.94669 95.24064 93.965 91.66025 86.76247 82.07766 78.29317 75.53675 73.06964 72.28689 72.53794 73.95515 79.4615 87.79903 92.43179 95.09748 94.78114 93.58035 92.6964 92.27235 90.26322 89.01111 88.90771 90.46272 91.03802 91.6348 -9999 -9999 -9999 -9999 -9999 -9999 -9999
-9999 -9999 -9999 -9999 83.15 83.41283 84.21441 84.95599 86.85258 88.98959 87.42894 82.95912 80.36717 77.96194 74.50267 70.41743 67.95724 66.56636 66.11311 65.06644 64.45983 64.50359 64.61832 65.8473 69.72871 73.73214 76.32262 77.58708 79.01192 78.91588 82.10532 84.51083 89.06779 94.10295 95.96136 96.8671 95.6377 93.99019 91.96502 87.63266 82.75477 78.91894 75.69398 73.44522 72.81844 73.20958 74.77866 80.12028 89.12666 92.70527 95.27125 94.79622 93.09296 92.09961 91.21233 89.85314 88.30235 88.07797 -9999 -9999 -9999 -9999 -9999 -9999 -9999 -9999 -9999 -9999
