slauniainen/Data/DEM/Vihti_dem1500b_cl_horizonAngle_102.asc
NCOLS 196 
NROWS 178 
XLLCORNER 353680 
YLLCORNER 6699024 
CELLSIZE 16 
NODATA_value -3.4e+38 
[rows 60 to 79 of 178, columns 0 to 44 of 196]
1.95090579986572 1.99587249755859 2.11210966110229 2.02062582969666 2.07452130317688 2.31403303146362 2.7274181842804 3.36786603927612 2.36163473129272 2.8661208152771 1.9680027961731 2.37931966781616 2.49292302131653 2.58334612846375 2.86689376831055 3.7763032913208 4.24343776702881 4.52061367034912 5.37429904937744 6.72464370727539 11.4466314315796 9.70953559875488 4.40244293212891 5.52595138549805 5.44250440597534 -1.36856746673584 -1.14059519767761 -0.691446125507355 -0.472891569137573 -0.323192715644836 -0.17840039730072 -0.0894386470317841 0.377255111932755 0.929739117622375 1.1271984577179 1.63791120052338 2.20935845375061 2.23526048660278 1.80000245571136 1.88129007816315 3.38972163200378 5.65222787857056 6.39898061752319 -0.737946629524231 -0.709341943264008
2.35408902168274 2.41529870033264 2.48008370399475 2.64878082275391 2.27613687515259 2.48082494735718 2.75455760955811 2.94301819801331 2.87841868400574 3.05744290351868 4.00902223587036 2.1021671295166 1.61402440071106 1.96955490112305 2.53656888008118 3.04542517662048 3.24079370498657 3.37493109703064 3.37123775482178 4.01295948028564 7.97985172271729 11.7535943984985 4.16103792190552 5.93329286575317 8.28391170501709 -1.16222500801086 -1.13675606250763 -0.726390361785889 -0.427907735109329 -0.315218031406403 -0.245078101754189 -0.200590714812279 -0.040362861007452 0.474327117204666 0.63280713558197 0.744006037712097 1.17618083953857 1.70586562156677 1.87989795207977 1.89043164253235 2.7526593208313 4.36244821548462 5.30434989929199 2.40193057060242 -0.64582484960556
2.40339159965515 2.50807762145996 2.54608631134033 2.67287373542786 2.76271414756775 3.00456809997559 3.12765049934387 3.21517944335938 2.87271070480347 3.80310940742493 2.62070083618164 2.60453319549561 1.80173218250275 2.0016086101532 2.32250571250916 2.86869335174561 3.08238315582275 4.96983432769775 3.02172613143921 1.81580674648285 4.69735336303711 7.62549066543579 3.13834857940674 3.16880059242249 6.29375171661377 7.85898780822754 -1.00413489341736 -0.859637022018433 -0.451129347085953 -0.274767071008682 -0.158071756362915 -0.0508788898587227 -0.0296972300857306 0.0630716159939766 0.22390604019165 0.313309133052826 0.746828019618988 1.24257850646973 1.53689515590668 1.68093252182007 2.13508462905884 3.30412483215332 3.87524604797363 3.96847033500671 -0.548856675624847
2.01999282836914 2.21874284744263 2.10239791870117 2.38577079772949 2.66004991531372 2.83575892448425 3.125981092453 3.57652449607849 3.50729489326477 3.52196788787842 3.62801575660706 4.23244285583496 4.49764156341553 2.71819090843201 0.966261804103851 2.05933332443237 3.11139488220215 4.72411680221558 0.642809927463531 0.937878787517548 1.46335709095001 2.25295090675354 1.52453446388245 2.14232802391052 2.8815131187439 5.52679061889648 5.74438524246216 -0.759019672870636 -0.567644417285919 -0.277521729469299 -0.1174076795578 0.0097538735717535 0.12964791059494 0.140689790248871 0.217725932598114 0.263550072908401 0.414691656827927 0.882663011550903 1.32314121723175 1.57420825958252 1.30447041988373 2.38808274269104 3.14163064956665 2.83232855796814 -0.369057327508926
1.84903180599213 1.76686751842499 1.7679431438446 1.80621016025543 2.08494329452515 2.36165308952332 2.81105589866638 3.71026873588562 3.87457919120789 3.86861705780029 4.50398874282837 5.05305290222168 4.86078262329102 5.41274070739746 6.06149435043335 -0.940366148948669 0.470903605222702 1.37930870056152 0.145892530679703 -0.424713879823685 0.446357488632202 -0.150673627853394 1.0319504737854 1.55169904232025 -0.284936994314194 2.10851740837097 3.96273326873779 -0.385141611099243 -0.384150356054306 -0.208916574716568 -0.0171186625957489 0.11089850217104 0.223246708512306 0.265594452619553 0.349910318851471 0.423856407403946 0.48599448800087 0.620685279369354 0.938097298145294 1.28167605400085 1.06621968746185 1.56764936447144 2.14157772064209 2.29797267913818 0.120320431888103
2.31890726089478 2.70781874656677 1.79847872257233 1.69055771827698 1.83885717391968 1.92079961299896 2.37744188308716 2.87464356422424 3.16495728492737 3.16051816940308 3.75386691093445 4.62919092178345 5.97125864028931 6.75241708755493 3.71197819709778 -1.00231885910034 -0.945843100547791 -0.8614182472229 -0.712048709392548 -0.466075211763382 -0.204228639602661 -0.067210741341114 0.821062326431274 1.51983857154846 -0.0801767259836197 0.843617677688599 1.77259230613708 0.412631928920746 -0.0944034606218338 -0.0534260794520378 0.0124720986932516 0.16514889895916 0.290666043758392 0.366227835416794 0.464961409568787 0.549982309341431 0.611518323421478 0.641914069652557 0.60047322511673 0.8235684633255 0.740132749080658 1.14871120452881 1.69508612155914 1.91501808166504 0.404818564653397
2.47204518318176 3.18540143966675 1.6890412569046 1.84549701213837 1.87455952167511 1.94256091117859 2.1686155796051 2.46178913116455 2.75385022163391 2.99472999572754 3.24909496307373 4.09845113754272 5.12670183181763 3.04542851448059 4.00207567214966 3.27792882919312 0.6779465675354 -0.933459222316742 -0.739556312561035 -0.469031125307083 -0.233755886554718 -0.0755463540554047 0.00432987930253148 0.0686072036623955 0.0775313749909401 0.125606000423431 1.10986256599426 0.373810946941376 0.113604553043842 0.130112186074257 0.178577855229378 0.262756019830704 0.379638731479645 0.415224075317383 0.503520667552948 0.595655024051666 0.653899252414703 0.688713371753693 0.700222253799438 0.728661715984344 0.751744568347931 0.837724447250366 1.11653316020966 1.20145905017853 0.66374272108078
3.63960361480713 2.20412063598633 2.49815559387207 1.86867797374725 1.85439145565033 1.89497649669647 1.66491842269897 2.34835290908813 2.73904323577881 3.1740620136261 3.55384469032288 4.14533615112305 4.21254825592041 2.59139490127563 2.38592123985291 1.6746883392334 2.04784274101257 -0.0247799251228571 -0.819566071033478 -0.552473247051239 -0.30137374997139 -0.112601958215237 -0.0157406087964773 0.0778462141752243 0.133868724107742 0.182658314704895 0.208507388830185 0.234151244163513 0.261097282171249 0.263094186782837 0.288785755634308 0.367747694253922 0.426734089851379 0.484496980905533 0.581768691539764 0.679864764213562 0.741790175437927 0.780850112438202 0.744446754455566 0.790464460849762 0.840472757816315 0.873968958854675 0.888204455375671 0.881826996803284 0.902736186981201
2.31723570823669 2.68374109268188 2.81340026855469 2.13531637191772 1.95528841018677 1.87430000305176 1.94336009025574 2.11902141571045 2.568110704422 3.25443053245544 3.94935727119446 3.7683253288269 3.95014405250549 3.81438398361206 -0.139554142951965 -0.841408491134644 -0.312116056680679 1.17163753509521 -0.713896930217743 -0.540436208248138 -0.273663341999054 -0.150310099124908 -0.0481916218996048 0.050026673823595 0.122816622257233 0.208464622497559 0.244751453399658 0.25702777504921 0.453446805477142 0.320219725370407 0.329432845115662 0.373793721199036 0.471407055854797 0.544304668903351 0.637255847454071 0.736496150493622 0.795870900154114 0.820051193237305 0.851993680000305 0.926582992076874 0.993463516235352 1.04764485359192 1.07091701030731 1.01933264732361 1.06063663959503
2.86879944801331 3.20900130271912 3.15834140777588 2.7442638874054 2.40099191665649 2.61723256111145 2.69757199287415 2.24688124656677 2.04001474380493 2.64808440208435 3.37098336219788 4.29228019714355 3.27097105979919 -0.848105728626251 -0.799857914447784 -0.740055918693542 -0.697706341743469 -0.64054149389267 -0.592599213123322 -0.450237512588501 -0.284686416387558 -0.121626444160938 0.458172976970673 -0.00541779352352023 0.111230403184891 0.19018591940403 0.214144662022591 0.233277872204781 0.305645048618317 0.365488559007645 0.367179483175278 0.372572273015976 0.469001442193985 0.511505782604218 0.584096431732178 0.659981191158295 0.71722948551178 0.859598398208618 0.955495774745941 1.05084145069122 1.15816724300385 1.21428775787354 1.2053097486496 1.23061764240265 1.27642667293549
3.51465559005737 3.54947280883789 3.11075377464294 3.28033876419067 3.33029890060425 3.55795359611511 3.89203071594238 3.65519499778748 2.79460763931274 0.0229016225785017 2.2534282207489 4.19574117660522 -0.829221487045288 -0.766842544078827 -0.430136740207672 0.448911815881729 -0.115703247487545 -0.596273720264435 -0.543023884296417 -0.431096196174622 -0.298586577177048 -0.143987253308296 -0.0490520261228085 -0.00020744078210555 0.148882836103439 0.175731465220451 0.194334983825684 0.2138651907444 0.36851093173027 0.653142690658569 0.629909336566925 0.295839667320251 0.393466532230377 0.478234648704529 0.522210717201233 0.626523792743683 0.714857220649719 0.936282575130463 1.00941348075867 1.03672516345978 1.05928218364716 1.667884349823 1.23878800868988 1.28853487968445 1.35408449172974
3.57956600189209 3.92270731925964 3.10701107978821 3.85141491889954 3.33630919456482 3.50969099998474 3.67880368232727 5.19460678100586 6.02019691467285 1.98890316486359 -0.871423959732056 -0.797056078910828 -0.70759528875351 0.0220615100115538 1.45285224914551 -0.615775287151337 -0.577689230442047 -0.529623091220856 -0.49451470375061 -0.428367704153061 -0.32444903254509 -0.221119895577431 -0.128196537494659 0.00768808415159583 0.12638720870018 0.149637773633003 0.162507697939873 0.169157654047012 0.416442960500717 0.655683219432831 0.252834588289261 0.259100943803787 0.324539601802826 0.409515768289566 0.525479197502136 0.739921748638153 2.2850296497345 1.38030540943146 0.747533798217773 0.813483238220215 0.881129443645477 0.985410034656525 1.18503296375275 1.20551693439484 1.27340388298035
3.96493554115295 4.62868165969849 2.74981784820557 3.1801381111145 3.33768463134766 3.05636668205261 3.07652616500854 4.77760982513428 4.6241626739502 4.37161540985107 -0.841926038265228 -0.673431873321533 -0.533566951751709 -0.271115511655807 -0.474494576454163 -0.325065702199936 0.216925770044327 -0.493936419487 -0.47005370259285 -0.35428449511528 0.357091337442398 -0.296911060810089 0.195575788617134 0.561240971088409 0.747762084007263 0.515777230262756 0.401166915893555 0.244017064571381 0.364658862352371 0.861194670200348 0.199631810188293 0.232998490333557 1.35308706760406 1.96818614006042 4.80673408508301 2.39921689033508 0.374187707901001 0.431308805942535 0.544048070907593 0.613486707210541 0.691762328147888 0.763718783855438 1.01868236064911 1.083540558815 1.15387678146362
3.40418720245361 4.46171426773071 3.71852111816406 3.13592433929443 4.14719104766846 2.90969753265381 2.41406679153442 3.5867030620575 2.7864990234375 2.78185176849365 -0.545488357543945 -0.575503170490265 -0.467425137758255 -0.363536864519119 -0.346134424209595 0.334101736545563 2.48836612701416 -0.35078951716423 -0.351320564746857 -0.185596004128456 -0.123270884156227 0.119021758437157 0.602498352527618 0.87483149766922 1.0438015460968 1.30155503749847 1.75574958324432 2.386310338974 3.06046581268311 4.12321805953979 3.78224039077759 4.79430913925171 1.31317222118378 2.53987574577332 0.506390690803528 0.838181972503662 0.228124246001244 0.305706828832626 0.42661052942276 0.49672144651413 0.571879327297211 0.634597659111023 0.832022249698639 0.898807346820831 0.96844482421875
3.03414273262024 5.37371253967285 4.61441802978516 1.94686043262482 2.44102501869202 2.74199485778809 2.76702404022217 2.71228933334351 2.9585280418396 2.41934394836426 -0.321999043226242 -0.446219891309738 -0.378033250570297 -0.237769812345505 -0.141501098871231 -0.0409816727042198 -0.0295558664947748 0.324614942073822 0.387101918458939 -0.0400647670030594 0.0403811372816563 0.449474066495895 0.701288342475891 1.12863552570343 1.59211599826813 2.38215899467468 3.47288227081299 5.09885311126709 6.97593307495117 8.23208236694336 1.10653066635132 0.677195370197296 0.0385839603841305 0.0963393151760101 0.124192982912064 0.15984334051609 0.203705310821533 0.238080456852913 0.306141287088394 0.372046560049057 0.442493110895157 0.506100237369537 0.677786827087402 0.795962989330292 0.830086529254913
2.16412281990051 3.82239437103271 3.51500248908997 2.7412383556366 1.81444764137268 2.38087558746338 2.35988163948059 2.93291425704956 2.6154351234436 2.9034161567688 0.0199031699448824 -0.334162712097168 -0.245219573378563 -0.242668703198433 -0.0861423760652542 0.114850096404552 0.180566817522049 0.897270083427429 1.64036798477173 0.0868372097611427 0.390481531620026 0.654656708240509 0.880713582038879 1.26789903640747 1.97335922718048 3.10161137580872 3.75772309303284 3.72093558311462 5.17824697494507 4.45210123062134 0.45228573679924 0.499424457550049 0.00014599938003812 0.0278616342693567 0.0745519399642944 0.10516832023859 0.16245599091053 0.211936771869659 0.25467723608017 0.305585384368896 0.387077748775482 0.435130745172501 0.480427980422974 0.764389395713806 0.684054017066956
2.32059621810913 2.47364044189453 2.88119292259216 2.52832794189453 1.63087499141693 2.59375333786011 1.86583960056305 2.52555346488953 2.66195249557495 0.00853773672133684 0.452538430690765 0.667429566383362 0.411839663982391 -0.133462533354759 0.0619696117937565 0.188204720616341 0.287616848945618 0.348398447036743 0.336135685443878 0.502259731292725 0.68948096036911 0.852186441421509 1.05471169948578 1.5369393825531 2.98648381233215 3.23619484901428 2.22948741912842 2.37226057052612 3.65792274475098 4.11329889297485 1.17783677577972 0.750034868717194 0.228714495897293 -0.0293451547622681 0.0153883919119835 0.0443843118846416 0.0990793630480766 0.174699485301971 0.225369721651077 0.272944688796997 0.35291975736618 0.414222449064255 0.451515913009644 0.646736800670624 0.539088606834412
1.31975638866425 1.87902140617371 2.82047271728516 0.884486317634583 1.04201972484589 1.68392157554626 2.03681230545044 2.16775512695312 0.74555504322052 1.02813363075256 0.661126136779785 0.894354283809662 0.0249833520501852 0.0856240838766098 0.171468958258629 0.318235576152802 0.352025508880615 0.390244692564011 0.642058074474335 0.806818544864655 0.90723729133606 1.03401112556458 1.26722288131714 1.82750403881073 3.89055037498474 2.11264085769653 2.17127871513367 2.35592913627625 2.83511519432068 3.39506459236145 1.72819662094116 1.69223356246948 0.812615096569061 -0.0204171985387802 -0.0225860755890608 -0.0143719762563705 0.0257227662950754 0.111217245459557 0.174660548567772 0.26403284072876 0.354034870862961 0.411766707897186 0.449178069829941 0.509003698825836 0.551439464092255
0.920036375522614 1.59677839279175 1.96093261241913 0.696116745471954 0.839875519275665 1.00726711750031 0.845836997032166 1.06381630897522 1.41420388221741 2.05269956588745 0.116666831076145 0.144561111927032 0.156087681651115 0.169047459959984 0.270011723041534 0.361753404140472 0.372178673744202 0.647590041160583 0.820865333080292 0.896294116973877 1.02466380596161 1.14691030979156 1.40364730358124 2.403648853302 2.04308128356934 1.95986020565033 2.0175895690918 2.11088418960571 2.76491856575012 3.56278133392334 2.45175623893738 1.2618100643158 1.03049612045288 0.164777964353561 0.0172757506370544 -0.00317164254374802 0.00563671765848994 0.0919102802872658 0.175850123167038 0.323455452919006 0.405727356672287 0.456844985485077 0.473793357610703 0.485187530517578 0.56186431646347
0.47088423371315 0.695374727249146 0.933549582958221 0.764696717262268 0.779645264148712 0.576256334781647 0.592913091182709 0.966434717178345 1.09686267375946 1.18022632598877 0.182546436786652 0.18863719701767 0.198010683059692 0.212367102503777 0.309692293405533 0.327458471059799 0.512123703956604 0.756948709487915 0.858517467975616 0.937344074249268 1.01790523529053 1.13623738288879 1.40418410301208 2.95494484901428 1.97064447402954 2.05236458778381 2.18607020378113 2.28906798362732 2.57519245147705 3.46919226646423 2.25929307937622 2.12792277336121 1.96589922904968 0.658373951911926 0.0743320882320404 0.0471027679741383 0.00430783675983548 0.0870920568704605 0.206420972943306 0.344805538654327 0.372357398271561 0.439380943775177 0.486481070518494 0.533813655376434 0.599766969680786
