slauniainen/Data/DEM/Vihti_dsm1500b_cl_horizonAngle_138.asc
NCOLS 196 
NROWS 178 
XLLCORNER 353680 
YLLCORNER 6699024 
CELLSIZE 16 
NODATA_value -3.4e+38 
[rows 40 to 59 of 178, columns 46 to 91 of 196]
10.3479232788086 34.6638259887695 18.9176406860352 0.264120668172836 10.6207809448242 12.3684997558594 1.65854179859161 0.507909893989563 0.0937006920576096 36.1439895629883 0.246673598885536 0.0921594277024269 0.0791375711560249 0.089559905230999 7.96891307830811 2.32866907119751 0.116173580288887 -0.0849485471844673 -0.108630329370499 0.184273242950439 0.385670751333237 1.69830691814423 1.94263684749603 2.0843141078949 2.10889363288879 2.16006135940552 2.51984524726868 2.73950123786926 4.11170721054077 4.32780599594116 9.73430252075195 2.12863993644714 7.45670175552368 5.07106399536133 5.81104183197021 5.84974336624146 5.77260637283325 6.08392906188965 7.23804092407227 9.40754318237305 9.4970588684082 10.7417650222778 7.31900405883789 13.2312145233154 32.5200042724609 27.6312217712402
23.5053558349609 14.3650207519531 2.72965407371521 24.4751739501953 8.64839172363281 2.45967578887939 -0.164216637611389 37.6521987915039 10.3982887268066 0.316918700933456 7.27762794494629 0.182348355650902 0.198936134576797 0.111917115747929 0.155311912298203 0.0989682078361511 0.367437750101089 1.67660784721375 1.30149662494659 0.11425344645977 0.384388536214828 0.693603277206421 1.69848847389221 2.170490026474 2.21502017974854 2.1686851978302 3.74422788619995 2.61930656433105 2.86313629150391 2.18922924995422 2.3616361618042 1.98209500312805 2.98368144035339 8.14901351928711 5.32214879989624 6.11335420608521 6.17602634429932 6.09427213668823 7.49429798126221 8.50203800201416 12.1978769302368 12.1713056564331 8.25433158874512 11.4443016052246 16.7708568572998 7.21330213546753
23.0159206390381 41.6473426818848 16.0423622131348 18.8927516937256 0.547534942626953 36.3867416381836 0.095622830092907 1.56664192676544 3.37829375267029 4.64226770401001 2.1280083656311 0.294699043035507 0.653976619243622 0.603805124759674 0.583430111408234 0.519693195819855 0.490245878696442 0.541791677474976 0.307447552680969 0.0262161698192358 0.864522397518158 1.27185928821564 3.68691349029541 2.4694299697876 2.95342969894409 17.9334125518799 3.37142109870911 2.38941049575806 2.64108777046204 3.03312921524048 2.35237169265747 2.70489096641541 3.53059601783752 3.53478121757507 7.15066576004028 5.59539413452148 6.45183420181274 6.53402042388916 6.46905374526978 9.7448558807373 9.06198024749756 17.2184219360352 17.1077308654785 12.6570625305176 8.55448627471924 19.5946388244629
19.4904518127441 40.6094970703125 0.126611709594727 38.8261070251465 0.260960340499878 0.391214936971664 1.53501212596893 2.03892707824707 2.36722898483276 3.53725290298462 1.61760902404785 2.45298051834106 0.503071069717407 3.27155661582947 2.22116208076477 1.49220502376556 1.42988908290863 0.679940819740295 0.921296834945679 0.848483979701996 0.853006839752197 1.07586216926575 1.12273848056793 3.09124135971069 4.22499656677246 4.52693700790405 2.40797424316406 2.34900784492493 2.44891047477722 6.21605825424194 10.3909378051758 8.98013401031494 2.49352669715881 2.19573998451233 4.86565113067627 7.95982027053833 5.88821744918823 6.80734920501709 6.92711734771729 6.75712966918945 14.0944652557373 13.7947263717651 30.7073040008545 21.5203475952148 10.0103940963745 7.06985998153687
39.0315170288086 35.6515960693359 0.572528183460236 0.228678628802299 2.43932795524597 1.53228783607483 0.631241679191589 2.29136443138123 4.85541582107544 7.16045236587524 0.112253047525883 0.0939166471362114 0.391094177961349 0.527738451957703 3.43495774269104 1.50977849960327 5.31244659423828 2.34710669517517 1.1356372833252 1.32723879814148 1.10260677337646 4.28321981430054 6.4769811630249 12.0715351104736 3.53050827980042 3.47772622108459 3.23558115959167 10.8420152664185 8.1035270690918 15.3917837142944 17.6213703155518 3.08309102058411 2.51913905143738 2.61166787147522 3.67178559303284 6.34680128097534 7.87409734725952 6.73590993881226 7.21372699737549 7.20353126525879 6.42575883865356 25.920093536377 11.1967964172363 6.119056224823 11.4458885192871 3.48294830322266
0.941033184528351 0.638990938663483 10.8378601074219 1.0548187494278 0.248346552252769 0.253488957881927 3.31216406822205 1.70768094062805 5.50504064559937 0.238917276263237 0.072507880628109 0.0804442018270493 0.103655338287354 4.54309225082397 4.09076452255249 3.34451770782471 1.71822440624237 1.83050346374512 2.77439546585083 3.12633633613586 8.36436939239502 2.24922037124634 6.97186756134033 6.67384719848633 2.90925908088684 3.62010312080383 5.50164222717285 4.96823835372925 2.65825057029724 2.62985587120056 2.62143731117249 2.89050006866455 3.18225145339966 2.57658338546753 3.13319444656372 2.6309871673584 2.26065254211426 6.07665014266968 7.54084634780884 7.70058345794678 7.70442914962769 6.83325338363647 8.6884765625 19.6342945098877 22.9182510375977 39.7290344238281
0.812128245830536 0.671799957752228 3.16327428817749 0.0606792755424976 1.08373177051544 1.43600571155548 1.17813384532928 1.12229537963867 2.05345392227173 0.382706582546234 0.633289277553558 0.367946416139603 1.76420223712921 1.47044587135315 1.5349954366684 6.68743276596069 2.31370043754578 1.86480283737183 4.0041298866272 4.14976739883423 1.65926861763 1.67151212692261 8.17365169525146 5.90432262420654 0.914663791656494 4.10349750518799 6.49097156524658 10.767391204834 8.36987400054932 5.01659870147705 4.31844329833984 2.43434953689575 2.9178831577301 3.39615917205811 6.63927745819092 3.18464994430542 5.14553594589233 4.05399084091187 6.90478992462158 8.05924892425537 8.25069808959961 8.27470207214355 7.31159496307373 18.803108215332 34.5218315124512 35.5635414123535
7.09021186828613 0.921996772289276 0.963525593280792 0.67299473285675 0.346877902746201 7.65757846832275 1.73997819423676 1.59961557388306 1.34769606590271 2.2991156578064 1.1831465959549 0.716575980186462 0.765400111675262 2.79376077651978 11.2108001708984 11.4853610992432 5.90405464172363 1.46709096431732 2.48171591758728 6.21971035003662 1.49346554279327 2.15634799003601 13.9623594284058 1.5903080701828 1.20229017734528 1.38469123840332 5.24897480010986 6.69322824478149 19.3620758056641 12.6401519775391 2.94056177139282 2.72711634635925 2.97627663612366 3.46170926094055 9.66879272460938 3.14363050460815 3.63758230209351 2.71969318389893 2.99150896072388 7.37779235839844 8.66200637817383 9.66069602966309 8.98395252227783 7.85937738418579 2.08093595504761 13.0635175704956
9.64873027801514 0.911615550518036 3.8039026260376 1.02985620498657 1.97436416149139 9.09181690216064 1.84640824794769 2.45944833755493 1.95145881175995 1.8608558177948 2.43830609321594 1.5100085735321 1.15566325187683 2.32800054550171 15.2126779556274 0.864602327346802 0.572794437408447 10.624960899353 1.51344454288483 2.39379692077637 5.32929992675781 1.88164710998535 11.0919952392578 1.06832468509674 1.54022812843323 3.79477214813232 1.33452439308167 7.07659769058228 12.7030630111694 2.37995910644531 2.70179867744446 4.79242563247681 11.5073184967041 3.12605738639832 3.94656825065613 3.92766189575195 3.58149266242981 4.79130363464355 3.22294640541077 5.03743314743042 7.92887592315674 10.8998003005981 11.1817007064819 9.68562698364258 8.4162654876709 5.74721431732178
0.686101078987122 0.390822529792786 1.41672742366791 0.820748746395111 4.56271553039551 2.86685848236084 1.96488654613495 1.95441925525665 2.97213268280029 4.89000082015991 2.98213982582092 8.66854763031006 4.36920213699341 1.22286200523376 3.86248803138733 0.416860103607178 0.339158743619919 0.656514883041382 0.562870442867279 3.94504261016846 6.2277135848999 9.63045787811279 2.939120054245 1.60098707675934 7.94393110275269 1.75175166130066 1.80502033233643 1.41549491882324 13.467661857605 2.17092442512512 3.32529258728027 6.08593559265137 14.5085248947144 3.58710098266602 3.6208667755127 4.36896705627441 5.30481386184692 3.76355385780334 3.11756825447083 12.8593549728394 3.48856472969055 8.56467723846436 13.2220010757446 15.4903631210327 10.4356384277344 8.68005752563477
0.883505403995514 0.834636449813843 2.8005678653717 1.31705236434937 8.86532497406006 5.71191692352295 2.87065887451172 2.72454071044922 4.24522256851196 5.74340486526489 10.2856407165527 3.78693222999573 2.45666861534119 1.53688132762909 1.37934863567352 3.35363006591797 1.08344316482544 1.12434089183807 1.07344150543213 8.80251216888428 9.01380634307861 12.6826696395874 18.4862747192383 5.89596939086914 3.64835715293884 1.13214433193207 2.8886251449585 1.66587471961975 6.28159141540527 0.883586823940277 10.4087762832642 12.3903141021729 13.6120176315308 3.14402842521667 3.28305339813232 3.76055455207825 6.83174467086792 3.53415870666504 4.80300521850586 3.32369256019592 3.00965213775635 3.78274369239807 11.0917072296143 16.743106842041 26.9224624633789 11.2267274856567
1.16183686256409 1.83906853199005 2.08736610412598 2.8340208530426 3.78381061553955 6.38981533050537 4.79568290710449 5.14018392562866 3.05427932739258 7.24840784072876 4.22509336471558 1.66079616546631 3.85573363304138 3.10505986213684 1.75106108188629 1.74785339832306 1.67194592952728 1.62322402000427 3.98323583602905 2.39158463478088 12.4072179794312 1.12957692146301 0.705837190151215 0.459559202194214 1.35639083385468 2.2527163028717 1.92638671398163 1.79620325565338 1.85417330265045 0.954374194145203 13.7909870147705 2.51689195632935 4.65308427810669 3.13533902168274 3.25374889373779 3.43016147613525 4.38361120223999 4.46374225616455 4.45793533325195 6.6259913444519 8.83820152282715 3.28833031654358 5.71996307373047 13.3305435180664 23.2460861206055 9.07613182067871
0.970610499382019 0.73902302980423 4.14011907577515 7.52643728256226 3.00894546508789 1.47518420219421 9.34235191345215 6.34950160980225 3.67759084701538 4.2099084854126 3.23957991600037 3.26490426063538 3.00181078910828 5.18755483627319 1.87131309509277 1.66234242916107 1.56575679779053 1.93312954902649 2.20790815353394 8.10377883911133 3.07288670539856 0.463143676519394 1.45346927642822 2.44409370422363 3.61039996147156 3.43654370307922 1.79895043373108 1.28681123256683 6.9221396446228 1.92498624324799 2.8357834815979 1.3745448589325 2.36632299423218 3.10384821891785 3.30360245704651 3.63806462287903 6.73843288421631 4.40258836746216 4.82109069824219 4.84826517105103 10.2541484832764 16.3574619293213 3.8057336807251 11.217978477478 16.7575778961182 39.0881729125977
0.874098539352417 1.05600595474243 1.11309540271759 7.03282737731934 4.83815288543701 3.33808517456055 1.68119788169861 0.97661954164505 1.0673463344574 6.05544900894165 4.21489906311035 4.60406541824341 2.81579947471619 3.06207370758057 7.38613605499268 2.60845279693604 1.81379628181458 1.7070050239563 1.97438180446625 2.77641677856445 1.81508505344391 5.81910181045532 3.50391721725464 2.96989130973816 3.15966558456421 2.05431032180786 3.02220845222473 2.52430176734924 4.1182279586792 1.36368584632874 2.9196789264679 1.46959173679352 3.94396781921387 2.75055503845215 3.37061166763306 3.99278473854065 4.27588129043579 4.36077785491943 4.74083137512207 5.16328477859497 13.3667621612549 14.6962041854858 3.26541638374329 4.27113580703735 14.0223236083984 23.3188457489014
1.6949737071991 5.95900106430054 1.37740111351013 6.41878700256348 0.534077405929565 0.571461796760559 0.551699817180634 2.52086210250854 1.88022255897522 5.75140857696533 6.72584438323975 4.88211679458618 6.03020048141479 3.29124760627747 7.12811374664307 17.9103031158447 3.79651474952698 2.64097094535828 2.89417481422424 2.0506329536438 2.11746072769165 1.92887806892395 3.1570999622345 5.62957763671875 2.90830492973328 3.53528571128845 2.33099269866943 4.25383329391479 2.09485673904419 2.05833005905151 2.41652154922485 3.3362729549408 1.61757779121399 1.86987125873566 2.83699750900269 3.71111106872559 4.01387023925781 5.04968690872192 4.89650869369507 6.57683134078979 7.87644720077515 8.05803108215332 3.99228239059448 6.69604587554932 9.53329467773438 21.7240142822266
7.08719682693481 1.43770051002502 2.02836060523987 1.620112657547 10.2570514678955 0.732724368572235 0.855078518390656 0.678495228290558 1.22265410423279 4.46326589584351 4.01420116424561 5.48037672042847 10.34583568573 9.77729320526123 4.22330284118652 7.8135142326355 0.684422969818115 2.62392973899841 2.94989466667175 2.19813966751099 2.42778635025024 2.57796430587769 5.4032130241394 5.71868419647217 3.70399713516235 3.56953954696655 3.85737133026123 3.39352464675903 5.52256345748901 2.35281014442444 3.16877675056458 4.45829582214355 2.71154117584229 1.74383842945099 2.04914903640747 3.37228798866272 4.11102485656738 6.49393749237061 5.08364295959473 5.13157320022583 5.03739929199219 9.0669527053833 4.64870309829712 4.29608726501465 8.80848217010498 17.133939743042
0.910630106925964 8.47681617736816 5.1125545501709 1.23761928081512 2.3497531414032 1.23405992984772 1.66033601760864 1.04400253295898 0.844038724899292 8.43874073028564 1.54324436187744 4.83251571655273 4.06192588806152 6.38691520690918 11.9184093475342 4.96300935745239 1.78307640552521 2.78334546089172 3.11138892173767 3.95058631896973 6.90966176986694 3.94901967048645 3.57402896881104 3.48070669174194 2.75815439224243 4.8225998878479 4.26522445678711 5.62544775009155 4.99896478652954 16.2995624542236 5.51667594909668 3.4792001247406 5.07922840118408 5.21944999694824 5.12316226959229 7.47243070602417 9.72559642791748 6.31796598434448 5.01056814193726 5.57668352127075 5.7553186416626 7.91791248321533 17.1143398284912 3.82528257369995 6.4533371925354 21.9385108947754
-0.0857624486088753 3.0456428527832 0.352051287889481 1.5654376745224 5.88445806503296 3.93601751327515 5.75115203857422 0.916584610939026 5.09135293960571 4.69256687164307 1.61585605144501 1.33183705806732 1.17232263088226 5.46253728866577 1.53936231136322 0.520401000976562 3.01482796669006 1.85780167579651 4.15704727172852 4.47260904312134 4.51575088500977 3.690584897995 4.54668283462524 2.53150463104248 6.1037220954895 4.20432424545288 6.28333425521851 5.57265281677246 9.48664569854736 2.63405060768127 2.59538507461548 2.66383671760559 10.2445421218872 5.53267192840576 2.46560454368591 2.79215335845947 2.20831680297852 3.76611661911011 4.70893478393555 5.5896167755127 5.89131736755371 8.59707927703857 9.84994792938232 5.19506216049194 5.47770214080811 8.21458625793457
2.67814159393311 0.256855010986328 1.05872046947479 0.747130572795868 7.87713766098022 3.23244094848633 5.65680408477783 2.1121392250061 1.2923778295517 1.37055635452271 1.46188771724701 1.89308738708496 1.47265672683716 0.123637773096561 0.561325669288635 1.73488092422485 1.08577048778534 5.70080947875977 10.5769567489624 5.20647001266479 4.83535623550415 5.13830947875977 3.72304725646973 6.86833477020264 6.16523742675781 9.36281776428223 7.37719392776489 12.0439491271973 7.49545335769653 2.52204656600952 2.69621586799622 2.74304461479187 3.08143281936646 4.00294160842896 6.89779233932495 2.54046988487244 1.84874868392944 4.77799510955811 4.81793308258057 5.48588562011719 6.01309823989868 8.8488245010376 11.7147045135498 5.14643907546997 5.89726686477661 6.54092741012573
-1.34923183917999 -0.20441198348999 1.60705018043518 1.46254289150238 7.92403888702393 3.21053171157837 4.28357744216919 4.38236427307129 2.46622729301453 1.87687814235687 2.09501671791077 3.35957551002502 2.81038761138916 1.90315210819244 0.486070841550827 1.85113537311554 2.00817441940308 2.55341482162476 1.59387922286987 4.56365013122559 5.3984169960022 4.90870332717896 5.8035626411438 10.8995037078857 10.9979887008667 7.10233211517334 13.9679336547852 2.00634765625 2.21335983276367 2.55090951919556 3.27196335792542 2.77834606170654 2.88716316223145 4.7004566192627 7.37096357345581 17.1388931274414 3.19492483139038 2.94161701202393 7.62365293502808 5.3879280090332 9.23537349700928 6.84570264816284 11.6964492797852 5.03710126876831 5.79211759567261 5.94849920272827
