slauniainen/Data/DEM/Vihti_dem1500b_cl_horizonAngle_312.asc
NCOLS 196 
NROWS 178 
XLLCORNER 353680 
YLLCORNER 6699024 
CELLSIZE 16 
NODATA_value -3.4e+38 
[rows 140 to 159 of 178, columns 0 to 44 of 196]
1.1007491350174 1.03581488132477 0.929924309253693 0.810678124427795 0.644429564476013 0.527646422386169 0.479408949613571 0.467503011226654 0.514209449291229 0.517730295658112 0.349026829004288 0.20541051030159 0.161747753620148 0.168526872992516 0.235491633415222 0.282828211784363 0.297166854143143 0.299527406692505 0.315707892179489 0.326945096254349 0.32709401845932 0.378664940595627 0.681488633155823 0.579106271266937 0.407022684812546 0.462245881557465 0.392344027757645 0.468510955572128 0.340842008590698 0.189355686306953 0.0953607633709908 0.169944271445274 0.100574322044849 -0.07955052703619 -0.418879061937332 -0.472431182861328 -0.488477617502213 -0.529928207397461 -0.599133849143982 -0.628722131252289 -0.646941363811493 -0.665287137031555 -0.651740789413452 -0.644577324390411 -0.65415632724762
1.16907107830048 1.06126081943512 0.928376734256744 0.805768728256226 0.652029931545258 0.528517842292786 0.517009794712067 0.471023052930832 0.458087921142578 0.499255925416946 0.26162052154541 0.177586048841476 0.139759317040443 0.126337990164757 0.167777761816978 0.23123599588871 0.274249851703644 0.289216816425323 0.292589783668518 0.30809286236763 0.30983430147171 0.272585213184357 0.181258082389832 0.251315116882324 0.161390200257301 0.247972518205643 0.285005807876587 0.213737219572067 0.32503217458725 0.222268417477608 0.0696377605199814 -0.0354645028710365 -0.0917948111891747 -0.0425291173160076 -0.2889024913311 -0.583764255046844 -0.587548553943634 -0.642704963684082 -0.697035014629364 -0.762997806072235 -0.801053404808044 -0.822740912437439 -0.787640631198883 -0.757722854614258 -0.752028226852417
1.2670487165451 1.11555993556976 0.937225043773651 0.773637056350708 0.628897249698639 0.516160845756531 0.526368021965027 0.562339425086975 0.758407592773438 0.453431755304337 0.248881191015244 0.169353365898132 0.127275004982948 0.192490726709366 0.13995398581028 0.163467347621918 0.224395051598549 0.266514986753464 0.275589495897293 0.274867951869965 0.296497970819473 0.253049492835999 0.153452262282372 -0.0495938584208488 -0.135520771145821 -0.0163184497505426 0.0786156803369522 0.103971548378468 0.0758176147937775 0.1976627856493 0.0944483503699303 -0.0313200317323208 -0.20185898244381 -0.289845764636993 -0.28186371922493 -0.510734260082245 -0.722201824188232 -0.770821571350098 -0.825113654136658 -0.868405938148499 -0.90355521440506 -0.915188312530518 -0.910861194133759 -0.875241816043854 -0.850639820098877
1.39072549343109 1.21448290348053 1.00841331481934 0.781762599945068 0.614823639392853 0.50462019443512 0.808684706687927 1.10633087158203 0.807274699211121 0.429494768381119 0.257345944643021 0.166138172149658 0.170003995299339 0.0929888188838959 0.083876870572567 0.11156914383173 0.157927095890045 0.208297312259674 0.237319365143776 0.239252433180809 0.250882238149643 0.210502877831459 0.0762733146548271 -0.152967482805252 -0.267553091049194 -0.310702264308929 -0.190182283520699 -0.0951814278960228 -0.0436295159161091 -0.0557874254882336 -0.0816085636615753 -0.0558568015694618 -0.267508238554001 -0.430915206670761 -0.515919327735901 -0.49835416674614 -0.60663902759552 -0.842813491821289 -0.926054537296295 -0.985093235969543 -1.00621366500854 -1.01633858680725 -1.02501511573792 -1.00323402881622 -0.970087885856628
1.49120604991913 1.35299277305603 1.0925760269165 0.864757180213928 0.63212126493454 0.759267091751099 1.27378058433533 0.912605464458466 0.625881433486938 0.433374404907227 0.275292456150055 0.138771027326584 0.0979837775230408 0.0876343473792076 0.0565165579319 0.0625258535146713 0.0759962052106857 0.100729569792747 0.120724774897099 0.130485877394676 0.120742924511433 0.0731499865651131 -0.064880944788456 -0.180194899439812 -0.274653345346451 -0.358556032180786 -0.467161655426025 -0.388627588748932 -0.259671717882156 -0.185875460505486 -0.214930161833763 -0.281401187181473 -0.267249703407288 -0.451742649078369 -0.599384546279907 -0.646426856517792 -0.584122955799103 -0.740902125835419 -0.988941729068756 -1.06857526302338 -1.08972358703613 -1.09296190738678 -1.09751653671265 -1.1020735502243 -1.09520471096039
1.50580286979675 1.37268769741058 1.17808699607849 0.91708379983902 0.702556669712067 1.3361668586731 1.12284219264984 0.761444866657257 0.587264478206635 0.427442282438278 0.328046649694443 0.266375690698624 0.186965629458427 0.0942268297076225 0.0676871091127396 0.0395638048648834 0.0351682379841805 0.0265876054763794 0.0229040123522282 0.0193624384701252 -0.00556051870808005 -0.0395855642855167 -0.115195102989674 -0.20940887928009 -0.297344505786896 -0.377043187618256 -0.474824696779251 -0.59502124786377 -0.584674417972565 -0.412089407444 -0.407324880361557 -0.449573993682861 -0.488687604665756 -0.461687803268433 -0.609592437744141 -0.736559092998505 -0.767541527748108 -0.734553575515747 -0.8706995844841 -1.06324815750122 -1.10888576507568 -1.15855610370636 -1.17763781547546 -1.1889613866806 -1.2070072889328
1.55301892757416 1.36549627780914 1.20753014087677 0.935176074504852 1.13800144195557 1.17293477058411 0.825000882148743 0.644370377063751 0.523428618907928 0.432177513837814 0.364621073007584 0.316492915153503 0.239362418651581 0.153585731983185 0.0858623906970024 0.0591512396931648 0.0334060080349445 0.0285285301506519 0.0184705574065447 0.00232451572082937 -0.0169974807649851 -0.06385837495327 -0.163858279585838 -0.247135639190674 -0.328715115785599 -0.410492867231369 -0.493664145469666 -0.607728004455566 -0.746279418468475 -0.714002788066864 -0.621523976325989 -0.642470479011536 -0.615660548210144 -0.652775049209595 -0.615966141223907 -0.787586867809296 -0.861355662345886 -0.897588670253754 -0.846516191959381 -0.950909316539764 -1.10788345336914 -1.16242587566376 -1.2237960100174 -1.25223219394684 -1.28054463863373
1.45862877368927 1.29579472541809 1.10955202579498 0.907765984535217 1.07413828372955 0.749903976917267 0.620250701904297 0.557693719863892 0.47696989774704 0.4127137362957 0.371676385402679 0.32195320725441 0.264576554298401 0.180609479546547 0.108610592782497 0.0746228620409966 0.0510083474218845 0.0286359097808599 0.0183473601937294 0.00103728519752622 -0.0349973700940609 -0.110923334956169 -0.212275236845016 -0.295637875795364 -0.38653889298439 -0.467257559299469 -0.543317914009094 -0.658045947551727 -0.76421320438385 -0.852831423282623 -0.833375871181488 -0.822359979152679 -0.801520884037018 -0.779176115989685 -0.844487726688385 -0.800365209579468 -0.931657373905182 -0.993852317333221 -1.00468122959137 -0.932898283004761 -1.007768034935 -1.13684177398682 -1.24310970306396 -1.30573105812073 -1.3433176279068
1.31867897510529 1.14840614795685 0.976372480392456 0.83958512544632 0.709051489830017 0.573697686195374 0.527798056602478 0.543408632278442 0.42727518081665 0.388314187526703 0.350715756416321 0.314621865749359 0.261187970638275 0.209519147872925 0.1394884288311 0.0845613703131676 0.0666957646608353 0.0398455448448658 0.0135785331949592 -0.013321528211236 -0.0798584297299385 -0.183838084340096 -0.27316215634346 -0.360703349113464 -0.451575696468353 -0.522334694862366 -0.615446031093597 -0.713474690914154 -0.801618158817291 -0.882397592067719 -0.962052702903748 -1.00891053676605 -1.0462738275528 -0.938214600086212 -0.96235066652298 -1.01449394226074 -0.979420840740204 -1.06160974502563 -1.08179974555969 -1.09504342079163 -0.989629089832306 -1.03779947757721 -1.27568197250366 -1.37732493877411 -1.39977788925171
1.17521572113037 1.01070582866669 0.877928674221039 0.769971430301666 0.637755692005157 0.525019347667694 0.486744523048401 0.510766685009003 0.35633447766304 0.333598554134369 0.317072480916977 0.292451471090317 0.256788015365601 0.2142264097929 0.155671000480652 0.100815780460835 0.0717013105750084 0.0504273511469364 0.0163030065596104 -0.0429686568677425 -0.155352547764778 -0.246690034866333 -0.321668267250061 -0.413190603256226 -0.493609696626663 -0.620306849479675 -0.697977364063263 -0.746089339256287 -0.838584125041962 -0.907837688922882 -0.989719390869141 -1.08957731723785 -1.18952143192291 -1.23192524909973 -1.0992739200592 -1.15312695503235 -1.18885409832001 -1.06476020812988 -1.11515724658966 -1.1602201461792 -1.13942396640778 -1.01878333091736 -1.2420243024826 -1.42512190341949 -1.05317509174347
1.02473199367523 0.86571729183197 0.740308582782745 0.642409145832062 0.584091603755951 0.52987140417099 0.473958611488342 0.457807838916779 0.277269810438156 0.266520857810974 0.250040292739868 0.235235393047333 0.232086643576622 0.190176725387573 0.152766823768616 0.104869112372398 0.0656160935759544 0.0541190952062607 0.0179390013217926 -0.0855676308274269 -0.201198697090149 -0.296454936265945 -0.360740512609482 -0.443093419075012 -0.57185834646225 -0.683954536914825 -0.777482688426971 -0.816683888435364 -0.85860151052475 -0.931124567985535 -1.00509405136108 -1.10526859760284 -1.21179687976837 -1.31207752227783 -1.3901195526123 -1.26485598087311 -1.28618574142456 -1.27268981933594 -1.12517666816711 -1.22638428211212 -1.23550415039062 -1.22616672515869 -1.30573451519012 -1.41199135780334 -0.655387043952942
0.910696148872375 0.750543534755707 0.606642186641693 0.607910752296448 0.597297191619873 0.563836574554443 0.507791042327881 0.37804901599884 0.212499171495438 0.208285510540009 0.210996717214584 0.198246985673904 0.175822585821152 0.157286182045937 0.130108162760735 0.0940820500254631 0.054894495755434 0.0340757295489311 -0.0212466865777969 -0.135244458913803 -0.239183008670807 -0.329442977905273 -0.385258585214615 -0.488458007574081 -0.611519753932953 -0.719599425792694 -0.828455209732056 -0.892448127269745 -0.904735922813416 -0.951707720756531 -1.02203619480133 -1.12603437900543 -1.23408639431 -1.34734547138214 -1.45470345020294 -1.50683903694153 -1.37227213382721 -1.37348186969757 -1.32165932655334 -1.24390780925751 -1.26435673236847 -1.22969710826874 -1.34061896800995 -0.513863444328308 -0.770479619503021
0.814407050609589 0.656927883625031 0.563772141933441 0.578260779380798 0.585748851299286 0.573047757148743 0.533734738826752 0.286354243755341 0.212515532970428 0.191944256424904 0.18849840760231 0.162654474377632 0.120305649936199 0.0918053984642029 0.0926815569400787 0.0606397837400436 0.0415539592504501 -0.0138454027473927 -0.0830087065696716 -0.187676340341568 -0.282586365938187 -0.354143857955933 -0.445861428976059 -0.522192656993866 -0.639910042285919 -0.755121052265167 -0.877207577228546 -0.932561874389648 -0.968125998973846 -0.991370558738708 -1.04762828350067 -1.14151239395142 -1.25902926921844 -1.37629747390747 -1.46436560153961 -1.58631241321564 -1.62531721591949 -1.45140254497528 -1.43740522861481 -1.40803968906403 -0.505924105644226 -0.886676490306854 -1.4009838104248 -0.85685533285141 -0.918418884277344
0.825447618961334 0.634156286716461 0.530296266078949 0.544237434864044 0.555325388908386 0.56112802028656 0.54742020368576 0.220951810479164 0.196189016103745 0.17988146841526 0.164337560534477 0.143472149968147 0.110897839069366 0.063811719417572 0.025042500346899 0.000763142539653927 -0.0612861178815365 -0.10642746835947 -0.145477145910263 -0.210786893963814 -0.302880674600601 -0.406380861997604 -0.489744633436203 -0.583641886711121 -0.687165796756744 -0.797533810138702 -0.904823422431946 -0.971514463424683 -1.00752556324005 -1.04306960105896 -1.08416366577148 -1.15876221656799 -1.26801240444183 -1.38163423538208 -1.48023796081543 -1.57300996780396 -1.72971343994141 -1.72421979904175 -1.5481288433075 -1.49767136573792 -0.973549067974091 -1.46941614151001 -1.49122285842896 -0.291593819856644 -0.575542449951172
1.10314989089966 0.798715591430664 0.613067090511322 0.510775148868561 0.524147212505341 0.53232204914093 0.53689581155777 0.211185917258263 0.195372313261032 0.160509794950485 0.133153036236763 0.101165197789669 0.0453416481614113 -0.00748876808211207 -0.0587191432714462 -0.116638503968716 -0.18442876636982 -0.185521632432938 -0.206227347254753 -0.266989380121231 -0.373516172170639 -0.456878364086151 -0.545276463031769 -0.647457718849182 -0.740763902664185 -0.828391015529633 -0.919998109340668 -0.98780357837677 -1.04758536815643 -1.09106194972992 -1.12386071681976 -1.17901611328125 -1.26663959026337 -1.38449347019196 -1.49879336357117 -1.5900547504425 -1.71586382389069 -1.91348421573639 -1.82889008522034 -1.62723028659821 -1.2809249162674 -1.53210926055908 -1.05311715602875 0.599765539169312 -0.963467597961426
1.45663845539093 1.06832647323608 0.771566689014435 0.592589318752289 0.492611110210419 0.502366662025452 0.510320484638214 0.190645456314087 0.156482890248299 0.113850928843021 0.0848309248685837 -0.0256757233291864 -0.191122278571129 -0.33063143491745 -0.375927120447159 -0.373949736356735 -0.3545902967453 -0.329030096530914 -0.329787701368332 -0.377062767744064 -0.464211642742157 -0.539972186088562 -0.61247855424881 -0.691912174224854 -0.795142889022827 -0.881346166133881 -0.946137487888336 -1.01613235473633 -1.11604225635529 -1.14805889129639 -1.16320562362671 -1.20191311836243 -1.29222846031189 -1.40797257423401 -1.53558897972107 -1.61618292331696 -1.73092377185822 -1.90611279010773 -2.02464032173157 -1.8310364484787 -1.73527348041534 -1.70709991455078 -1.68868350982666 -1.68859732151031 -1.78199803829193
1.83995580673218 1.40708601474762 1.03357183933258 0.746905028820038 0.571250796318054 0.470569044351578 0.475529223680496 0.162429288029671 0.0821449980139732 -0.0106572387740016 -0.181466102600098 -0.395917803049088 -0.454969018697739 -0.53197318315506 -0.651117980480194 -0.56279581785202 -0.488120287656784 -0.441690713167191 -0.449942827224731 -0.499427288770676 -0.592476010322571 -0.672538101673126 -0.714599072933197 -0.766089498996735 -0.848564624786377 -0.936842858791351 -1.0001448392868 -1.06994938850403 -1.14544582366943 -1.19110238552094 -1.20187628269196 -1.23898267745972 -1.33402502536774 -1.4447945356369 -1.55194902420044 -1.67662060260773 -1.77271914482117 -1.89076161384583 -2.01520800590515 -2.06567645072937 -1.89568364620209 -1.85369002819061 -1.83809590339661 -1.86277139186859 -1.93778681755066
2.23328804969788 1.78210401535034 1.3623982667923 1.00181496143341 0.719678580760956 0.544704139232635 0.438799411058426 0.115866787731647 0.0203776247799397 -0.124856598675251 -0.373529493808746 -0.492472797632217 -0.564720869064331 -0.615112006664276 -0.774642646312714 -0.712734282016754 -0.604384541511536 -0.548067033290863 -0.537705779075623 -0.597545742988586 -0.763413727283478 -0.861102640628815 -0.879919230937958 -0.867814719676971 -0.926737904548645 -1.00319314002991 -1.06333434581757 -1.11829829216003 -1.17093074321747 -1.20962166786194 -1.23359668254852 -1.26816689968109 -1.360271692276 -1.46319806575775 -1.55239117145538 -1.68836033344269 -1.8513857126236 -1.92719841003418 -2.02566075325012 -2.10073828697205 -2.11632013320923 -2.01826333999634 -2.01446962356567 -2.0401496887207 -2.14728856086731
2.35003733634949 2.16565632820129 1.72787582874298 1.31865251064301 0.91199117898941 0.573845386505127 0.418036788702011 0.115365050733089 -0.0345802344381809 -0.12006288766861 -0.402502834796906 -0.561921119689941 -0.561212539672852 -0.689662635326385 -0.786127269268036 -0.813822448253632 0.307531297206879 -0.629722893238068 -0.623782098293304 -0.666835784912109 -0.867481768131256 -1.08219408988953 -1.09014916419983 -1.00640082359314 -1.01084780693054 -1.07041323184967 -1.10765242576599 -1.1412501335144 -1.19822216033936 -1.2379070520401 -1.2653466463089 -1.30053293704987 -1.39733350276947 -1.49168050289154 -1.57852625846863 -1.67676043510437 -1.8157993555069 -1.96315109729767 -2.06239604949951 -2.19692397117615 -2.2939887046814 -2.25609016418457 -2.19640707969666 -2.29142117500305 -2.51094675064087
2.43007063865662 2.274906873703 1.96628570556641 1.60658860206604 1.0407041311264 0.54379802942276 0.376413524150848 0.063001424074173 -0.150718688964844 -0.304417997598648 -0.598753929138184 -0.75456291437149 -0.643626093864441 -0.736580789089203 -0.797517538070679 -0.823683440685272 1.58365213871002 -0.500462174415588 -0.726911246776581 -0.752074003219604 -0.877841711044312 -1.10279488563538 -1.22748625278473 -1.17689669132233 -1.12423181533813 -1.14210665225983 -1.15116655826569 -1.16549181938171 -1.22625076770782 -1.2719475030899 -1.30156660079956 -1.34358048439026 -1.4296966791153 -1.52407693862915 -1.61526930332184 -1.70812880992889 -1.83021688461304 -1.98884630203247 -2.13963222503662 -2.3035991191864 -2.43213748931885 -2.53486514091492 -2.63832783699036 -2.95887684822083 -3.12093544006348
