slauniainen/Data/DEM/Vihti_dsm1500b_cl_horizonAngle_264.asc
NCOLS 196 
NROWS 178 
XLLCORNER 353680 
YLLCORNER 6699024 
CELLSIZE 16 
NODATA_value -3.4e+38 
[rows 40 to 59 of 178, columns 0 to 45 of 196]
2.23293852806091 2.11204719543457 2.04846811294556 2.74501347541809 1.12046921253204 1.09217131137848 1.05921018123627 1.03111362457275 1.09307789802551 1.67969822883606 1.63367211818695 1.58936679363251 1.54709625244141 1.82740354537964 1.73322188854218 2.42864179611206 2.27496433258057 2.11485171318054 1.92619371414185 1.66267645359039 1.35465466976166 1.16175627708435 1.02136814594269 0.835723280906677 0.232142627239227 -0.315999537706375 -0.0780503675341606 -0.910434484481812 17.9037971496582 10.8336048126221 8.2003116607666 6.84496259689331 3.07265782356262 3.2491090297699 2.83991861343384 2.47682785987854 3.1010844707489 3.89222288131714 3.18764853477478 2.5535671710968 2.25764632225037 2.02898097038269 2.68928861618042 2.46990370750427 2.40916347503662 2.35720276832581
2.2862069606781 2.22308421134949 2.18172430992126 6.15668344497681 5.39196109771729 7.31464767456055 6.09938526153564 5.22480583190918 4.57247829437256 4.06749391555786 3.65324687957764 3.31996464729309 3.05290222167969 2.82817125320435 2.63531970977783 1.82083427906036 0.879540681838989 2.20408034324646 2.01914286613464 1.83141255378723 1.58721649646759 1.37391865253448 1.17869448661804 0.986943185329437 0.807566106319427 0.528223752975464 -0.576878607273102 -0.638555467128754 -0.678111553192139 4.11702251434326 4.7485785484314 4.23313188552856 6.0253119468689 5.04505157470703 4.71661853790283 4.62575769424438 5.50977563858032 4.37888669967651 4.05575895309448 3.74282932281494 3.46018362045288 3.1897087097168 1.81000792980194 1.68809986114502 1.50237643718719 1.33056199550629
-0.0987089946866035 11.390923500061 27.1073188781738 14.4771709442139 9.6229829788208 6.69848108291626 2.12361454963684 6.76637315750122 5.6253399848938 4.81176376342773 4.20798683166504 3.73316264152527 3.36440229415894 3.06496834754944 2.82544040679932 2.61634159088135 2.41704320907593 1.25417065620422 1.20960330963135 0.1731016933918 0.129772663116455 0.0892694294452667 0.0476655028760433 0.46098467707634 0.368176907300949 0.254233300685883 0.15698017179966 -0.571046769618988 21.7588214874268 10.2232227325439 7.92559623718262 6.95577144622803 2.92392659187317 4.40314912796021 6.71854734420776 4.47276639938354 3.67630577087402 3.01200985908508 2.59794139862061 2.29333996772766 2.09262871742249 1.88403880596161 1.72842013835907 1.62833762168884 1.53352427482605 1.35671353340149
13.3387613296509 7.19130945205688 1.40941798686981 33.9190559387207 17.930850982666 11.9463205337524 8.85840034484863 1.71434855461121 1.64774370193481 1.58691740036011 0.870613217353821 0.847237348556519 0.284217864274979 0.277216464281082 0.860225856304169 0.83549028635025 0.807961344718933 0.775380194187164 0.742866396903992 0.697058200836182 0.65537303686142 0.621839582920074 0.58480429649353 0.169633060693741 0.0943221226334572 0.0113984337076545 -0.0577576495707035 -0.157154500484467 -0.454392075538635 -0.573518335819244 -0.583712816238403 2.51267623901367 2.33208155632019 6.00093078613281 5.77341175079346 4.67904186248779 3.81843686103821 3.53727674484253 3.0267505645752 2.67024207115173 2.35887956619263 2.08474278450012 1.90772080421448 1.77746915817261 1.63666355609894 1.52112758159637
2.28181290626526 2.24298095703125 1.47671484947205 1.47286832332611 1.46959257125854 1.43776178359985 1.24015092849731 1.17503154277802 1.11812663078308 1.06886506080627 1.02639281749725 0.963509857654572 0.919958889484406 0.88777482509613 0.39506521821022 0.384191393852234 0.371070444583893 0.356511473655701 0.352625221014023 0.322553336620331 0.298793405294418 0.28242552280426 1.41608321666718 1.36451256275177 1.28892707824707 1.19497120380402 1.10357213020325 0.140431478619576 -0.512766480445862 -0.781149625778198 -0.849857091903687 -0.171737760305405 -0.0834375321865082 5.68889236450195 7.0147385597229 5.46648740768433 4.42361688613892 3.87679886817932 3.32102012634277 2.93007278442383 2.56641054153442 2.28352451324463 2.10218381881714 1.9514342546463 1.79750287532806 1.67989921569824
1.49808430671692 1.34368562698364 1.31642401218414 1.2894002199173 1.20244359970093 1.43938791751862 1.40806066989899 1.36771845817566 1.33080577850342 1.30129778385162 0.902129173278809 0.828007161617279 0.458772331476212 1.90285086631775 1.84341275691986 1.78650403022766 1.7309592962265 1.68065226078033 1.63247549533844 1.58142507076263 1.52587163448334 1.47928154468536 0.796032249927521 0.767068028450012 0.725750803947449 0.671734571456909 0.593884110450745 0.0510291419923306 -0.393240630626678 -0.669491291046143 -0.734013855457306 -0.841412603855133 -0.32537305355072 3.91472601890564 7.95556163787842 6.49397087097168 4.95114660263062 4.02638053894043 3.53000164031982 3.04392719268799 2.63037061691284 2.32140517234802 2.14000678062439 1.9596803188324 -1.70803046226501 52.2891998291016
1.54931247234344 1.51770853996277 1.49341309070587 2.65594363212585 2.57035708427429 2.49551820755005 2.40691375732422 2.31738042831421 2.23428392410278 2.15928411483765 2.0923547744751 2.03026986122131 1.97929847240448 1.11096227169037 1.07682847976685 1.0393146276474 1.00004827976227 0.959419190883636 0.92225706577301 0.893584430217743 0.864153146743774 0.835032880306244 0.386658847332001 1.56114768981934 1.5127409696579 1.45642554759979 1.36598610877991 1.24049699306488 -0.128177464008331 -0.244044721126556 -0.574366867542267 -0.644244611263275 -0.724920153617859 1.25679910182953 6.58105278015137 6.03060626983643 5.52495908737183 4.44710111618042 2.98195600509644 6.20952892303467 5.28439712524414 4.59223985671997 4.0563759803772 3.64355278015137 3.1410129070282 -1.51830768585205
2.96229386329651 2.829021692276 2.70641231536865 1.73217940330505 1.85649847984314 1.82876348495483 1.79800462722778 1.76481819152832 1.73020887374878 1.31491541862488 1.20536959171295 1.18452429771423 1.12835681438446 0.610682547092438 2.04983639717102 2.00030708312988 1.942538022995 1.88104343414307 1.82367825508118 1.76635301113129 1.72139823436737 1.67104816436768 1.62734746932983 0.391353219747543 0.636191666126251 0.605777382850647 0.552544176578522 0.459977805614471 0.300676077604294 -0.331676006317139 -0.375475823879242 -0.43981397151947 -0.530466198921204 1.61786019802094 -0.986144125461578 12.394642829895 10.245020866394 9.45738887786865 7.75201559066772 8.59107685089111 7.28678941726685 6.32021236419678 5.58225631713867 5.0241436958313 -0.28607839345932 0.396010786294937
2.02153635025024 1.96098673343658 2.18262553215027 2.68280601501465 2.6936240196228 2.61383509635925 2.55509495735168 2.51437163352966 2.42975950241089 2.367591381073 2.30198550224304 2.24178624153137 2.18064451217651 2.11404490470886 0.892566502094269 0.890778422355652 0.862691581249237 0.824524700641632 0.794077336788177 0.759660005569458 0.731048345565796 0.699289977550507 0.678538501262665 0.667663812637329 0.473853766918182 0.399839758872986 0.321769237518311 0.0973539128899574 -0.114906914532185 -0.0899083912372589 -0.788809835910797 16.0118579864502 4.93277740478516 1.65116631984711 0.274891883134842 28.2835006713867 16.5877590179443 12.6677141189575 10.7924470901489 4.11044836044312 3.77595067024231 3.60627460479736 3.40501761436462 3.25081753730774 -0.384822160005569 3.13837575912476
3.2973256111145 3.10269093513489 2.9069972038269 2.78326153755188 2.70194530487061 2.65023469924927 2.6207275390625 2.49666547775269 2.47415828704834 2.45095658302307 2.41891312599182 1.98379850387573 1.75725603103638 1.50300681591034 1.33293390274048 1.20222365856171 1.08512532711029 0.967041254043579 0.855702459812164 0.791926324367523 0.838453948497772 0.973769545555115 0.930007755756378 0.853334188461304 3.70888113975525 3.45429921150208 2.96618628501892 2.73378157615662 2.50151968002319 0.476196795701981 32.9602546691895 15.5343465805054 9.2105073928833 6.21477746963501 4.60186576843262 4.18520450592041 3.99887084960938 3.97657608985901 5.02445459365845 4.68545341491699 3.89165115356445 3.21295833587646 2.78206610679626 2.52350759506226 -0.667177677154541 1.91661727428436
3.05361461639404 2.96437478065491 2.77710843086243 2.66423201560974 3.41826391220093 3.31690335273743 3.25511193275452 3.21929717063904 3.19431018829346 2.1524498462677 2.09603571891785 2.81731343269348 2.91784572601318 2.5131983757019 11.37535572052 9.62095260620117 8.32375717163086 7.31506013870239 6.48507785797119 5.81020069122314 5.25317049026489 4.78615427017212 4.38880825042725 4.04038858413696 0.937529742717743 0.812848627567291 -0.488026320934296 44.4746360778809 25.1781101226807 16.0216732025146 11.2808504104614 4.96545457839966 3.85968375205994 3.13614964485168 2.69217967987061 2.4273796081543 2.36135149002075 2.80860328674316 4.49898338317871 4.76622819900513 3.8672890663147 3.52201890945435 3.11497783660889 2.72982740402222 -1.28700113296509 -1.36509037017822
3.89070868492126 3.7725043296814 3.64170098304749 3.47737717628479 2.31257796287537 2.23280572891235 2.13291907310486 2.09560465812683 3.42149925231934 1.07803928852081 42.2650146484375 25.2793731689453 18.0206432342529 13.9333419799805 2.62105178833008 2.28411626815796 2.06928539276123 1.88233172893524 1.704509973526 1.54719650745392 1.40510630607605 1.2624751329422 1.12352740764618 0.938738167285919 0.757668673992157 -0.53444492816925 36.9192771911621 20.3729190826416 13.5209989547729 9.37367057800293 0.770890593528748 0.677979826927185 0.603271186351776 -0.102072738111019 -0.170150429010391 -0.194332286715508 1.57373046875 2.84233069419861 3.68464851379395 4.31390523910522 3.63006162643433 3.57886576652527 3.28837847709656 3.01217436790466 -0.594980239868164 -1.16620802879333
2.70622181892395 2.61460161209106 2.5643584728241 2.42891931533813 2.33965349197388 2.25111532211304 2.16554045677185 1.81311333179474 2.92441248893738 2.13444328308105 2.32303953170776 2.49691486358643 2.54790592193604 2.68606328964233 2.79109501838684 2.843829870224 2.70969343185425 2.38515448570251 2.05547618865967 1.7988452911377 1.54157614707947 1.27244317531586 1.17945969104767 1.17004454135895 1.13866937160492 1.0866938829422 1.05922996997833 2.00538396835327 1.41918468475342 1.04360353946686 0.938880026340485 0.838915526866913 0.753460764884949 -0.066544882953167 -0.15286523103714 -0.205127373337746 1.56769716739655 3.00172805786133 4.18743944168091 3.99544191360474 5.36965656280518 4.90967226028442 11.0150012969971 9.52393245697021 8.32424449920654 7.41111183166504
2.71424126625061 2.62869215011597 2.28752279281616 2.18121409416199 2.08069753646851 1.98387861251831 1.88582849502563 1.79433929920197 1.7636387348175 1.69439029693604 1.61231863498688 2.13417053222656 2.28246569633484 2.19938063621521 2.54061150550842 2.78417277336121 2.94694924354553 2.92655944824219 2.54326939582825 1.58852326869965 1.4083536863327 1.72261452674866 1.09144878387451 11.0265588760376 5.02486133575439 3.1760048866272 3.13767266273499 2.47873687744141 3.20314264297485 2.23916721343994 1.5223286151886 0.979243159294128 0.493624061346054 0.0808059573173523 4.09466075897217 3.09880638122559 10.8788805007935 1.40851616859436 36.5874710083008 22.1969203948975 15.8255167007446 12.5893907546997 10.0095462799072 13.9059467315674 11.9411563873291 0.581487476825714
2.81316709518433 2.56902027130127 2.36092948913574 2.29149699211121 2.19973039627075 2.11702489852905 2.02725696563721 1.94013202190399 1.56942164897919 1.51247322559357 1.4916216135025 1.55713188648224 1.55431985855103 1.4891494512558 1.814124584198 2.17861676216125 2.61641001701355 1.96908950805664 1.53454303741455 2.63745713233948 0.609159886837006 0.714615285396576 13.638973236084 0.612665832042694 16.531379699707 12.9401798248291 10.9989395141602 10.3039894104004 12.4476804733276 10.1813879013062 8.51383495330811 7.24160814285278 6.0729718208313 5.08967399597168 4.31372165679932 3.61617970466614 3.96091842651367 2.50179719924927 2.0155885219574 45.031566619873 27.5071468353271 19.9227771759033 16.0688667297363 4.99448251724243 4.87635612487793 1.96840167045593
3.26779365539551 2.97965550422668 2.74793601036072 2.78581118583679 2.67591214179993 2.56248259544373 2.49075770378113 2.40091896057129 1.97633731365204 1.89215660095215 1.4161810874939 1.40292727947235 1.64196491241455 1.17041325569153 0.99153858423233 1.25580942630768 1.31408905982971 1.32538032531738 1.83970737457275 -0.883493006229401 46.4533958435059 25.7032413482666 8.20134830474854 3.02201676368713 47.073902130127 28.3517837524414 19.443977355957 15.6398496627808 17.4930744171143 14.6621437072754 12.4990501403809 10.8202199935913 9.34922027587891 8.10393047332764 6.53893899917603 6.27726459503174 5.89348936080933 6.0645112991333 6.36169147491455 6.51121997833252 6.29259443283081 6.05646705627441 5.89155673980713 5.81389141082764 2.33583807945251 4.74158620834351
3.0591893196106 2.9562668800354 2.85486245155334 2.41897010803223 2.41911339759827 2.31622648239136 2.24400091171265 2.15918564796448 2.07438969612122 1.68860411643982 1.61770570278168 1.48888838291168 1.63928973674774 1.37358927726746 1.3107818365097 1.26454961299896 1.23598372936249 1.17963147163391 1.12933075428009 -0.776471674442291 4.92266607284546 -0.867239534854889 -1.02310848236084 -1.23320245742798 17.9835948944092 48.8358764648438 30.2393245697021 21.5422897338867 20.3466243743896 19.617057800293 16.5352478027344 14.1908836364746 12.2697677612305 10.6475849151611 9.28437519073486 8.35679531097412 7.68181371688843 6.88101959228516 6.30133676528931 5.94071292877197 5.76486349105835 5.55211496353149 5.37594127655029 5.25484895706177 5.13260984420776 1.85840046405792
2.77079391479492 3.2020435333252 2.90610408782959 3.62595152854919 3.51693058013916 3.39161157608032 3.29745745658875 3.1963951587677 2.37666416168213 1.83666849136353 1.66239285469055 1.63718390464783 0.911999940872192 0.905426383018494 0.855078458786011 0.820488929748535 0.760164439678192 0.729941248893738 0.666389405727386 -0.524157345294952 -1.34044873714447 10.5814256668091 -1.72754693031311 -1.79110324382782 4.16525602340698 57.3936653137207 39.4349021911621 29.3917903900146 23.3585186004639 16.7778587341309 14.2307033538818 12.5008573532104 10.9764881134033 9.68567752838135 8.67895030975342 8.03694725036621 7.41474628448486 6.57281112670898 5.85885095596313 5.74730253219604 5.53848075866699 5.29621267318726 5.10870885848999 4.94323587417603 0.18818324804306 16.1021327972412
3.95887184143066 3.84847068786621 3.72971439361572 2.81295108795166 2.67254161834717 2.91712212562561 2.88885521888733 2.79996919631958 2.71940493583679 2.6175696849823 2.51643228530884 1.88522124290466 1.76578152179718 0.703480124473572 0.69506448507309 1.3933253288269 1.22386336326599 1.06788265705109 0.88452160358429 -0.984749674797058 -1.69283437728882 -0.274158954620361 4.95298147201538 -1.58077716827393 13.1974964141846 48.5623893737793 32.6472587585449 25.0552673339844 20.1737899780273 13.4405479431152 12.0892190933228 10.9824104309082 9.91170501708984 9.00308418273926 8.34535980224609 7.88730096817017 6.62948322296143 4.9736647605896 4.39426422119141 4.28165912628174 4.12006759643555 3.86868906021118 3.58213210105896 0.355101257562637 -0.118862219154835 -1.9538733959198
3.56321835517883 3.45043921470642 3.33879637718201 3.22269415855408 3.11832547187805 6.11903858184814 4.63168287277222 3.96349763870239 3.20470952987671 2.69518995285034 2.30404663085938 2.24823474884033 1.72591483592987 1.6111067533493 1.68418228626251 1.74445056915283 1.84845495223999 -0.0841834396123886 32.6890983581543 15.886022567749 -1.48325514793396 -2.2076404094696 17.6184520721436 43.2857208251953 21.8325042724609 17.0912227630615 16.5202331542969 14.3696842193604 11.6590137481689 10.0831670761108 9.69989013671875 8.31065845489502 7.67924547195435 7.10032224655151 6.64426517486572 6.25472164154053 4.91659307479858 2.56779384613037 1.55176198482513 24.3726081848145 12.955979347229 8.24665546417236 4.95356273651123 -0.584227979183197 -1.42481029033661 -1.50203943252563
