slauniainen/Data/DEM/Vihti_dsm1500b_cl_horizonAngle_180.asc
NCOLS 196 
NROWS 178 
XLLCORNER 353680 
YLLCORNER 6699024 
CELLSIZE 16 
NODATA_value -3.4e+38 
[rows 20 to 39 of 178, columns 92 to 137 of 196]
3.40832042694092 3.63547658920288 3.3043851852417 4.30010271072388 2.36650419235229 3.88229179382324 3.8601713180542 3.83328723907471 3.31273293495178 3.82958960533142 3.65818572044373 3.5844087600708 2.68947505950928 2.5084114074707 3.28060173988342 2.99547147750854 3.37613749504089 3.28716635704041 3.44101762771606 3.68183445930481 3.94317126274109 4.53128671646118 5.05440807342529 4.90041923522949 5.09138631820679 4.47273302078247 4.15754318237305 4.10328435897827 3.64836621284485 3.41515111923218 3.72948479652405 3.13798117637634 2.21632695198059 3.55618786811829 3.03524589538574 9.75779438018799 11.9005708694458 5.20983362197876 4.45063352584839 3.84158611297607 4.10794544219971 8.69762516021729 6.40115785598755 7.68430995941162 4.38468027114868 1.66057085990906
3.56043791770935 3.82950496673584 3.49659442901611 4.50906562805176 2.45223999023438 4.06414842605591 3.97883582115173 3.95227289199829 3.41678333282471 3.95145392417908 3.78553223609924 3.71927762031555 2.75685405731201 2.58555769920349 3.37214636802673 3.05547285079956 3.46252608299255 3.35867071151733 3.52296376228333 3.77269768714905 4.04310178756714 4.61986494064331 5.1710319519043 5.01113986968994 5.19406461715698 4.56663608551025 4.24382734298706 4.20108366012573 3.72309327125549 3.48355102539062 3.80750298500061 3.21029663085938 3.39442014694214 3.63154482841492 3.0977783203125 18.9403285980225 13.0232906341553 6.7693338394165 5.43939971923828 11.9416275024414 8.85296058654785 10.5571041107178 13.891152381897 14.0763416290283 8.86178112030029 1.79484832286835
3.71303868293762 4.02419471740723 3.69363760948181 4.75511932373047 2.54543590545654 4.2692084312439 4.10688638687134 4.10199451446533 3.54368662834167 4.07742118835449 3.9003574848175 3.81232404708862 2.82441210746765 2.65636777877808 3.4733202457428 3.12781381607056 3.54767322540283 3.43039083480835 3.60135006904602 3.86201071739197 4.1546425819397 4.73243284225464 5.28255605697632 5.12655591964722 5.31207942962646 4.67392778396606 4.37122869491577 4.30838775634766 3.79790568351746 3.55280923843384 3.89239478111267 3.64533424377441 3.45942831039429 3.70760202407837 3.51737546920776 3.5901255607605 4.80029392242432 23.5606269836426 9.26156234741211 4.0101900100708 2.96259522438049 3.49990797042847 3.61111307144165 1.70291197299957 1.70172488689423 14.3321104049683
3.86351084709167 4.21308517456055 3.88871026039124 5.00564575195312 2.64062857627869 4.4835729598999 4.24155426025391 4.23930692672729 3.67322325706482 4.1996169090271 4.00230073928833 3.89929819107056 2.88302135467529 2.71504044532776 3.55752325057983 3.17710089683533 3.61992359161377 3.50847578048706 3.68052172660828 3.95044279098511 4.26091051101685 4.84717988967896 5.4138650894165 5.24391412734985 5.42096757888794 4.77993297576904 4.45786428451538 4.41371870040894 3.87464022636414 3.63568592071533 3.97146272659302 3.7142813205719 3.52206134796143 3.77135300636292 5.1330680847168 3.60841083526611 14.0617561340332 12.4416131973267 17.7214679718018 5.26592397689819 3.90958738327026 4.34197092056274 7.03900241851807 3.45224785804749 2.23512887954712 1.79627299308777
4.04363870620728 4.41199541091919 4.07229042053223 5.24393606185913 2.73386120796204 4.70573472976685 4.3748984336853 4.39153861999512 3.78816294670105 4.30412006378174 4.08729934692383 3.98153567314148 2.93212699890137 2.76259136199951 3.62733101844788 3.22385239601135 3.71921253204346 3.5890576839447 3.76731944084167 4.04016065597534 4.35246419906616 4.94139575958252 5.52979040145874 5.36598443984985 5.53861808776855 4.89430713653564 4.54126834869385 4.52100896835327 3.95085430145264 3.71126937866211 4.05874586105347 3.78223776817322 3.58296275138855 3.94612312316895 4.167236328125 4.11237764358521 3.6357524394989 5.24981737136841 3.81050372123718 5.37125635147095 4.44332408905029 27.81982421875 10.3394861221313 4.60331249237061 2.96918630599976 2.11948585510254
4.25102233886719 4.63713598251343 4.26944971084595 5.48952150344849 2.81519365310669 4.96716785430908 4.52416610717773 4.52569007873535 3.85397124290466 4.37076568603516 4.14870977401733 4.04668378829956 3.08018803596497 3.43122816085815 3.6927695274353 3.27684473991394 3.80902409553528 3.68178367614746 3.85843992233276 4.1287260055542 4.44732236862183 5.03149127960205 5.64407634735107 5.48058843612671 5.64401197433472 5.00390481948853 4.62742900848389 4.62070894241333 4.02406978607178 3.77978014945984 4.14241456985474 3.85155701637268 3.65046000480652 4.09796237945557 4.29573822021484 4.5109658241272 4.61446475982666 7.53813171386719 5.65131711959839 5.79410743713379 4.80596399307251 3.94120383262634 20.9886512756348 11.9054069519043 4.67493963241577 2.97599482536316
4.49194812774658 4.89825487136841 4.48750495910645 5.7543773651123 2.9031240940094 5.22354173660278 4.63804531097412 4.60314750671387 3.90238738059998 4.41904354095459 4.19433927536011 4.08900690078735 3.40064668655396 3.81059908866882 3.76028633117676 3.32148122787476 3.89244151115417 3.76437950134277 3.94913196563721 4.22185945510864 4.55492210388184 5.13197040557861 5.76139545440674 5.59219694137573 5.7739462852478 5.09893465042114 4.7097430229187 4.73233509063721 4.09329414367676 3.84968423843384 4.2256326675415 4.09586381912231 3.86560463905334 4.26768398284912 4.3752384185791 4.79167604446411 5.02079582214355 7.8839430809021 5.84810447692871 6.0688042640686 5.19376420974731 4.63105058670044 2.95419096946716 14.2378530502319 9.65416717529297 3.26412868499756
4.75079298019409 5.18606758117676 4.73258829116821 6.05856227874756 2.98766136169434 5.39917421340942 4.7177529335022 4.68770694732666 3.96869587898254 4.49238538742065 4.24850559234619 4.14375305175781 4.06912183761597 3.8502721786499 3.82020235061646 3.35491180419922 3.97410225868225 3.83709406852722 4.03062009811401 4.32936382293701 4.66357421875 5.24586296081543 5.87932443618774 5.71962833404541 5.89252519607544 5.22792148590088 4.77511405944824 4.84992218017578 4.16721630096436 3.92219161987305 4.30970239639282 4.1557183265686 3.92451000213623 4.3398265838623 4.45722818374634 4.86537313461304 5.25005483627319 8.22516441345215 5.97204685211182 6.17725276947021 5.25201225280762 5.14870834350586 4.63522338867188 3.47119736671448 3.06476831436157 3.33701205253601
5.01874256134033 5.50814390182495 5.0195140838623 6.38658666610718 3.04087996482849 5.60619592666626 4.80939340591431 4.77177143096924 4.03067636489868 4.57209348678589 4.31149673461914 4.20020627975464 4.10376977920532 3.88021564483643 3.86591219902039 3.38340187072754 4.0490198135376 3.90663313865662 4.10801315307617 4.42113494873047 4.78164339065552 5.34947776794434 6.00631856918335 5.83765697479248 6.01217031478882 5.34265756607056 4.875901222229 4.96326017379761 4.24565935134888 3.99995231628418 4.39076375961304 4.2164101600647 4.29954719543457 4.40258073806763 4.79482555389404 4.94989109039307 5.3308892250061 8.62531185150146 6.14869165420532 6.31127262115479 5.26766729354858 5.50500869750977 5.01073598861694 4.5498161315918 3.42475056648254 3.41183567047119
5.29464721679688 5.86518812179565 5.33029842376709 6.71246671676636 3.13748717308044 5.85711669921875 4.90692329406738 4.87238454818726 4.09252595901489 4.64502096176147 4.3797755241394 4.2639856338501 4.14072179794312 3.90809559822083 3.89622688293457 3.40001273155212 4.10135555267334 3.95836043357849 4.19168472290039 4.5153980255127 4.88439989089966 5.43700742721558 6.11854982376099 5.94849443435669 6.12324905395508 5.44816303253174 4.97048377990723 5.06556081771851 4.32201194763184 4.07839632034302 4.4714412689209 4.44159746170044 4.44274854660034 4.47081279754639 4.86737966537476 5.03610610961914 5.41364622116089 9.14490032196045 6.49441051483154 6.69074726104736 5.83955335617065 5.54133033752441 4.8194432258606 4.69932746887207 3.91725492477417 3.83512592315674
5.59790277481079 6.24534177780151 5.66592025756836 7.10940599441528 3.2487416267395 6.15714073181152 5.01778793334961 4.97650289535522 4.17370271682739 4.72384262084961 4.45661020278931 4.33172464370728 4.18017196655273 3.93292450904846 3.92837882041931 3.40882062911987 4.13374662399292 3.99548196792603 4.25118112564087 4.59421873092651 4.93911361694336 5.52673959732056 6.22395515441895 6.0545392036438 6.22348022460938 5.54358530044556 5.04151916503906 5.1848406791687 4.37862873077393 4.14588117599487 4.5460352897644 4.49461221694946 4.53092098236084 4.69511795043945 4.93240261077881 5.12015104293823 5.51241827011108 9.76268005371094 6.93920803070068 7.22106504440308 5.96530389785767 5.6198034286499 4.84303712844849 4.14606380462646 3.89057946205139 3.87468814849854
5.9270715713501 6.6424765586853 6.02515077590942 7.55118989944458 3.37166333198547 6.50209379196167 5.1507453918457 5.10281372070312 4.25387144088745 4.82677793502808 4.53645753860474 4.39877414703369 4.22586488723755 3.96923851966858 3.97610187530518 3.41973733901978 4.15507555007935 4.03534936904907 4.3006739616394 4.64361524581909 5.01522064208984 5.59377908706665 6.31452417373657 6.14396095275879 6.31987571716309 5.62479114532471 5.11069107055664 5.28045272827148 4.44551849365234 4.16747903823853 4.62039375305176 4.53704833984375 4.57967042922974 4.74059057235718 5.00342082977295 5.19306993484497 5.61452960968018 10.4872484207153 7.44869995117188 7.94335269927979 6.10903549194336 5.75872182846069 4.94576025009155 4.28635215759277 3.90177249908447 3.89218306541443
6.30275201797485 7.1289234161377 6.40338277816772 8.02414131164551 3.52454328536987 6.88899803161621 5.29984378814697 5.24083852767944 4.34161043167114 4.92573547363281 4.62508201599121 4.46754741668701 4.27566719055176 4.01584959030151 4.04689025878906 3.44498109817505 4.20763444900513 4.06626224517822 4.33776235580444 4.71156167984009 5.12778520584106 5.68440103530884 6.40703678131104 6.21761178970337 6.39153909683228 5.68869066238403 5.16495656967163 5.36966896057129 4.49707174301147 4.24226379394531 4.67012548446655 4.59378910064697 4.62666177749634 4.79563522338867 5.0739483833313 5.27933120727539 5.70425510406494 11.3154754638672 8.00233459472656 8.82536220550537 6.25323104858398 5.90304136276245 5.07037353515625 4.38266181945801 3.97417020797729 3.92828965187073
6.85268831253052 7.75264930725098 6.83706712722778 8.54215049743652 3.67332410812378 7.29244756698608 5.44280576705933 5.39445400238037 4.43745851516724 5.01825094223022 4.7071852684021 4.54799365997314 4.32006931304932 4.06119537353516 4.12175798416138 3.46509003639221 4.30086326599121 4.11986207962036 4.3970890045166 4.79749965667725 5.26768112182617 5.78894186019897 6.52229070663452 6.30970048904419 6.46357774734497 5.72678756713867 5.17594432830811 5.40762948989868 4.53517580032349 4.31623411178589 4.77746772766113 4.65326404571533 4.67792224884033 4.85237693786621 5.13775014877319 5.36131715774536 5.7993540763855 12.2822179794312 8.69989490509033 9.82391357421875 6.3921480178833 6.03612852096558 5.18892669677734 4.47912359237671 4.04919195175171 3.97786664962769
7.73784494400024 8.5000638961792 7.38926792144775 9.15065002441406 3.85102653503418 7.73092412948608 5.58943510055542 5.5531530380249 4.54796695709229 5.12290954589844 4.78175163269043 4.63081407546997 4.37153625488281 4.0995945930481 4.18919134140015 3.49400162696838 4.39272689819336 4.20455837249756 4.47482538223267 4.89775896072388 5.36396789550781 5.88219451904297 6.63827085494995 6.40821409225464 6.54964685440063 5.79947519302368 5.20692729949951 5.44426679611206 4.54534673690796 4.34780597686768 4.8673300743103 4.69578504562378 4.73008298873901 4.90733098983765 5.22143840789795 5.43934154510498 5.89724111557007 13.4819097518921 9.52273559570312 11.0610427856445 6.52138042449951 6.1624493598938 5.29069328308105 4.55508327484131 4.11935997009277 4.04720783233643
8.73662948608398 9.38018608093262 8.06518363952637 9.93217372894287 4.04970121383667 8.25203514099121 5.744215965271 5.70211553573608 4.66003513336182 5.24812078475952 4.88345241546631 4.71602153778076 4.4291467666626 4.14782953262329 4.2585883140564 3.52618551254272 4.49196767807007 4.2933292388916 4.58027935028076 5.00400733947754 5.46314573287964 5.98218584060669 6.76483106613159 6.52035427093506 6.6494026184082 5.88447237014771 5.27135324478149 5.54219198226929 4.58383131027222 4.38070821762085 4.92151260375977 4.75341987609863 4.77686023712158 4.99736070632935 5.2983570098877 5.5247688293457 5.9870138168335 14.8328533172607 10.4530830383301 12.6201887130737 6.64885091781616 6.29000997543335 5.37704277038574 4.62488126754761 4.18067026138306 4.12101125717163
10.0675783157349 10.4109182357788 8.8843994140625 10.8601331710815 4.32077646255493 8.90737056732178 5.91229724884033 5.86355447769165 4.77550506591797 5.39027309417725 5.01258754730225 4.82570362091064 4.4868311882019 4.20848083496094 4.34213638305664 3.56102895736694 4.61639356613159 4.39676952362061 4.68525648117065 5.12270021438599 5.59128475189209 6.10032415390015 6.91006088256836 6.65377998352051 6.76760244369507 5.97459983825684 5.32526063919067 5.6317834854126 4.63606977462769 4.43115329742432 4.97777652740479 4.79779148101807 4.8438606262207 5.04096364974976 5.37609195709229 5.62422895431519 6.09798240661621 16.5527896881104 11.5551328659058 14.5616455078125 6.76218557357788 6.40062999725342 5.48858118057251 4.69560670852661 4.23765087127686 4.26013708114624
12.0991172790527 11.7827711105347 9.83228015899658 11.9400281906128 4.6404390335083 9.69024562835693 6.08852863311768 6.0363826751709 4.89266204833984 5.5326075553894 5.15293407440186 4.96660947799683 4.55730199813843 4.26095342636108 4.44453859329224 3.60626101493835 4.77245092391968 4.54165506362915 4.81100273132324 5.25182390213013 5.73599100112915 6.22333097457886 7.05185985565186 6.79150009155273 6.89043807983398 6.07146978378296 5.38304281234741 5.70522451400757 4.66418218612671 4.52545642852783 5.03284931182861 4.84239339828491 4.91244268417358 5.15101003646851 5.41159725189209 5.72220039367676 6.1854248046875 18.7311344146729 12.9954423904419 17.3555603027344 6.86517715454102 6.51341772079468 5.57968807220459 4.76511812210083 4.29812955856323 4.48419523239136
15.2699642181396 13.709979057312 11.1237506866455 13.2699060440063 5.02872800827026 10.6675634384155 6.28957748413086 6.23862886428833 5.02505207061768 5.68342304229736 5.30494356155396 5.1228346824646 4.64739465713501 4.32023334503174 4.55265855789185 3.67048144340515 4.94096422195435 4.70305633544922 4.98800420761108 5.4301815032959 5.93697786331177 6.36924171447754 7.21559619903564 6.95301055908203 7.03109216690063 6.18320512771606 5.44312047958374 5.78035879135132 4.68355846405029 4.45499706268311 5.05614805221558 4.86664295196533 4.97632360458374 5.18897247314453 5.48755979537964 6.77448225021362 7.8890528678894 21.7089653015137 14.9155540466309 21.8764190673828 6.96648931503296 6.62196779251099 5.6620717048645 4.83081960678101 4.53929710388184 4.76354074478149
21.1578750610352 16.4768562316895 13.3527364730835 15.0810403823853 5.57988691329956 11.8988180160522 6.52584791183472 6.47293853759766 5.18300914764404 5.85720157623291 5.45996475219727 5.28730726242065 4.74763011932373 4.41598463058472 4.71922445297241 3.73568868637085 5.15899991989136 4.88933324813843 5.19910717010498 5.6741738319397 6.20169067382812 6.54794979095459 7.41781330108643 7.14922094345093 7.20217704772949 6.33434343338013 5.523024559021 5.89496850967407 4.727942943573 4.47499656677246 5.08574295043945 4.88508605957031 4.98675870895386 5.22912120819092 5.49895620346069 5.76086950302124 6.24928903579712 25.4208946228027 17.5018730163574 28.4062843322754 7.04479646682739 6.70924806594849 5.73522043228149 4.89349174499512 4.92717313766479 5.35666465759277
