slauniainen/Data/DEM/Vihti_dsm1500b_cl_horizonAngle_72.asc
NCOLS 196 
NROWS 178 
XLLCORNER 353680 
YLLCORNER 6699024 
CELLSIZE 16 
NODATA_value -3.4e+38 
[rows 20 to 39 of 178, columns 135 to 179 of 196]
6.30144882202148 6.3719596862793 6.11257839202881 23.0368957519531 4.61686897277832 1.55415201187134 1.71879923343658 2.69127488136292 2.56401610374451 1.53128397464752 1.60436761379242 1.67104995250702 1.14230513572693 0.889585256576538 0.931213438510895 0.946536600589752 0.188655272126198 0.20017397403717 0.273661345243454 0.381925165653229 0.462872803211212 1.77274250984192 0.711073100566864 0.746131718158722 1.08477890491486 1.98008978366852 2.40836763381958 2.52447438240051 2.70141458511353 3.22067618370056 3.53789973258972 3.61569619178772 3.70823645591736 3.85420823097229 4.59305858612061 4.73191261291504 4.84447717666626 5.47806787490845 5.93979167938232 6.32407855987549 6.49244976043701 6.66661643981934 7.117262840271 7.32234144210815 7.93332099914551
5.02790880203247 4.67081069946289 4.76860094070435 12.7964153289795 7.32738399505615 1.46386826038361 1.35362124443054 1.41133093833923 1.46032428741455 0.690837562084198 0.729694902896881 0.716146171092987 0.762845516204834 0.137274488806725 0.112945109605789 0.160386085510254 0.141564503312111 0.16208028793335 0.619794487953186 0.641206562519073 0.702353298664093 0.970979809761047 0.980882287025452 1.99432909488678 2.06588816642761 2.34251070022583 3.00022959709167 3.29390835762024 3.36341953277588 3.45780229568481 3.5742449760437 4.25813674926758 4.38366603851318 4.48217678070068 5.04789400100708 5.47441339492798 5.82787752151489 5.96827507019043 6.11445808410645 6.45053052902222 6.63650274276733 6.83498287200928 6.91749334335327 7.58195829391479 7.87276268005371
1.79345202445984 1.65457391738892 6.24733018875122 8.31098651885986 0.847124874591827 0.721894085407257 0.583446085453033 0.613532781600952 0.592942595481873 0.146046310663223 0.110250748693943 0.0850900039076805 0.0732633024454117 0.0750473216176033 0.0850585028529167 0.553225040435791 0.567568898200989 0.582417190074921 0.889947772026062 0.917624235153198 1.79475474357605 1.80830085277557 1.89812195301056 1.06847953796387 1.85276699066162 2.92115902900696 3.2101047039032 3.32991242408752 3.96579813957214 4.08551597595215 4.17224645614624 4.68028831481934 5.07576417922974 5.40126657485962 5.52186346054077 5.64901876449585 5.90416955947876 6.05893802642822 6.22322511672974 6.29992771148682 6.74117612838745 6.98127889633179 7.23698282241821 6.94697999954224 7.42137575149536
1.80257713794708 6.91213083267212 0.680718779563904 7.17323684692383 0.539655148983002 0.500145852565765 0.163186445832253 0.0858928561210632 0.0641557052731514 0.135797560214996 0.130989134311676 0.0623294487595558 0.491276770830154 0.502772927284241 0.523085713386536 0.799950182437897 0.8277188539505 1.62443566322327 1.67408883571625 1.71468615531921 0.998873353004456 4.45072460174561 0.895218193531036 1.59558498859406 2.29999256134033 3.0760452747345 3.3640444278717 3.86303377151489 4.36091661453247 4.72885417938232 5.03361749649048 5.13981103897095 5.24878406524658 5.438636302948 5.57027149200439 5.70900726318359 5.78093671798706 6.04833889007568 6.24502325057983 6.44685840606689 6.34785747528076 6.74165630340576 6.91933155059814 7.09862995147705 7.26406955718994
3.32594609260559 0.299828916788101 5.87949323654175 -0.293213546276093 0.0805165320634842 0.0686433687806129 0.0460641458630562 0.0694629922509193 0.0956498831510544 0.452598124742508 0.459724247455597 0.494338482618332 0.753932535648346 1.47832584381104 1.46360516548157 1.50805926322937 1.55687725543976 0.922476708889008 1.24892973899841 1.58133554458618 1.76672255992889 12.0658140182495 1.61019456386566 2.00322890281677 2.65889048576355 3.19720149040222 3.74809813499451 4.24550724029541 4.61544942855835 4.90142869949341 5.03874492645264 5.14837026596069 5.27329730987549 5.33945941925049 5.48200130462646 5.64074230194092 5.81156587600708 5.82884645462036 6.17674255371094 6.33453369140625 6.49525833129883 6.35518455505371 5.9037823677063 6.11814451217651 6.48559379577637
10.2819004058838 2.97361946105957 0.21199443936348 -0.180436372756958 0.189259439706802 0.143074989318848 0.42970472574234 0.437411487102509 0.440952956676483 0.672909319400787 0.689370334148407 1.34095859527588 1.35970258712769 1.39477264881134 0.839725255966187 0.852672278881073 0.881573259830475 1.07612442970276 2.93329906463623 3.85024499893188 5.06105422973633 5.15461874008179 4.47118043899536 11.1284637451172 2.93712306022644 3.59904527664185 7.07384586334229 4.46403217315674 4.56455087661743 4.84818029403687 4.91041660308838 4.96433544158936 9.95594596862793 4.98195123672485 5.37706184387207 5.68127202987671 5.82804107666016 5.96747398376465 5.83426761627197 5.33115339279175 5.49263954162598 5.71879959106445 5.90560865402222 6.56209278106689 6.79093408584595
0.448098748922348 0.365529775619507 0.0405658259987831 0.0685297474265099 0.0878342762589455 0.479345142841339 0.62736576795578 0.648972988128662 1.25301122665405 1.27747118473053 1.31533181667328 0.762811958789825 0.771372556686401 0.784463047981262 0.987907409667969 1.68070709705353 1.97588920593262 2.24066472053528 2.38934946060181 1.93370354175568 3.00329685211182 3.52183246612549 4.75990056991577 3.18641901016235 3.58860969543457 4.5655083656311 5.96490526199341 4.49652338027954 4.46698236465454 4.66411781311035 4.81248140335083 4.91994333267212 17.2561054229736 4.893479347229 5.1264271736145 4.96448850631714 4.66525983810425 4.97219228744507 5.16474390029907 5.31349039077759 5.88038444519043 6.04777240753174 6.24557542800903 6.6562819480896 6.85100507736206
-0.472961962223053 -0.378537774085999 0.0666866153478622 0.109472006559372 0.138175517320633 1.17344331741333 1.1899836063385 1.22457993030548 0.71292781829834 0.726177871227264 0.744246661663055 0.90569943189621 1.49922370910645 1.5362776517868 1.58718538284302 1.56939685344696 1.605628490448 1.73411071300507 1.81991279125214 2.10729479789734 2.63435673713684 3.02978301048279 3.64863610267639 3.71882772445679 3.78633832931519 4.25856447219849 4.35624504089355 21.334379196167 4.1877703666687 4.62689161300659 4.8719277381897 9.69298267364502 4.64667749404907 4.09148216247559 4.17672824859619 4.18493413925171 4.36773777008057 5.33978509902954 5.4902515411377 5.64834022521973 5.93737697601318 6.1169261932373 6.34123229980469 6.44712781906128 7.32709312438965
17.8875560760498 -0.390974283218384 0.34989258646965 0.0757878050208092 1.13931262493134 0.665463626384735 0.677453577518463 0.693816304206848 0.842172563076019 1.39850854873657 1.42832827568054 1.45734715461731 1.37379956245422 1.51993048191071 1.59495735168457 1.71643233299255 1.9893125295639 2.10486316680908 2.21640682220459 2.59367895126343 2.91382765769958 3.53354525566101 3.96504020690918 4.05808925628662 5.5784740447998 7.21589851379395 10.0846939086914 6.00712966918945 12.0924921035767 4.27456331253052 4.00761032104492 12.4315748214722 5.01826763153076 3.75986623764038 27.57080078125 3.91214609146118 5.13521814346313 5.37836933135986 5.53339529037476 5.69712400436401 5.73488903045654 6.47354984283447 7.09099960327148 7.3292236328125 8.07738208770752
-0.0987563729286194 -0.012014202773571 0.23577955365181 0.320892602205276 0.631126046180725 0.774507999420166 1.29202246665955 1.32399821281433 1.35811245441437 1.27526545524597 1.31446278095245 1.25024592876434 1.4950864315033 1.57456982135773 1.66599154472351 1.92449069023132 2.05272388458252 2.16664719581604 2.53300738334656 2.46176218986511 3.05156183242798 3.86143517494202 3.57871198654175 4.11115741729736 3.8175094127655 4.39488840103149 5.72811317443848 8.59482383728027 16.5542163848877 3.44206809997559 5.08296537399292 6.82227325439453 10.6109313964844 31.4267807006836 3.74647092819214 4.98358106613159 5.219153881073 5.22841262817383 5.8488392829895 6.33336544036865 6.56995296478271 7.17424392700195 7.41630411148071 7.72376823425293 7.65694999694824
-0.198317646980286 -0.0412585623562336 0.49919581413269 0.623261630535126 0.75922018289566 1.25929808616638 1.16692519187927 1.19379866123199 1.14151692390442 1.37773668766022 1.4214072227478 1.45999896526337 1.36356556415558 1.63255715370178 1.85139417648315 1.93500149250031 2.06197333335876 2.31036996841431 2.3841187953949 2.9403772354126 3.22028470039368 3.5071325302124 3.57822322845459 3.65539264678955 3.51513671875 4.95554733276367 6.34722900390625 8.73490047454834 5.5202112197876 9.77903175354004 7.88747310638428 11.7963352203369 16.6439895629883 4.53327465057373 4.67285013198853 5.29182243347168 5.73273849487305 5.96120452880859 6.41903114318848 6.64970874786377 6.86994600296021 6.83401393890381 7.0800929069519 7.11597776412964 7.37455224990845
-0.0139536270871758 0.144478559494019 0.319849789142609 0.404450356960297 1.1235625743866 1.06690204143524 1.27698922157288 1.30591750144958 1.33313429355621 1.18812394142151 1.23841273784637 1.31720459461212 1.80596470832825 1.84454011917114 1.88588225841522 1.84150683879852 1.87749469280243 2.18870401382446 2.87205028533936 2.93762373924255 3.42843794822693 3.02170014381409 3.10605812072754 3.42920136451721 3.90145683288574 3.8949875831604 19.0823554992676 3.60558009147644 5.88664531707764 8.26151466369629 18.8869686126709 3.90605878829956 4.35969352722168 5.15265703201294 5.4796199798584 5.81412887573242 5.99617767333984 6.19298791885376 6.20425224304199 6.38645362854004 6.43593311309814 6.60934400558472 7.0161509513855 7.50760173797607 7.96266508102417
-0.079056441783905 0.034530907869339 0.181924700737 0.346249133348465 1.01263427734375 1.24640274047852 1.05090093612671 1.00504660606384 1.152228474617 1.05098223686218 1.19746351242065 1.76030135154724 1.54881680011749 1.58107531070709 1.79482996463776 1.71409165859222 1.74991095066071 2.32900881767273 2.45002698898315 2.43491339683533 2.59841299057007 3.079909324646 3.32261347770691 4.98016738891602 6.4813232421875 8.97976398468018 18.6849231719971 3.65880513191223 3.65659046173096 4.13189315795898 8.17275428771973 4.95138645172119 9.39435291290283 5.02864170074463 5.62959003448486 5.63417482376099 5.81335020065308 5.92686700820923 6.0631890296936 6.47464942932129 6.73567152023315 7.22021007537842 7.4394268989563 7.73356008529663 7.97947835922241
-0.0402060151100159 -0.027052154764533 0.0515875555574894 0.464439809322357 0.885021507740021 0.551773190498352 0.982836902141571 0.905616462230682 1.10017454624176 1.19071841239929 1.24550461769104 1.51082468032837 1.43555796146393 1.52757108211517 1.66978633403778 1.75526738166809 1.7919579744339 2.00495743751526 1.87302124500275 2.44794011116028 3.00226235389709 3.30891513824463 3.82275819778442 4.91419363021851 6.35133457183838 8.83531379699707 14.9569606781006 4.04627180099487 4.19771480560303 4.58745956420898 25.5580883026123 4.13905906677246 4.58388948440552 4.82041072845459 5.44468832015991 5.54671669006348 5.98230266571045 6.12977361679077 6.61326122283936 6.79500913619995 7.00975704193115 7.21186304092407 7.43095731735229 7.61350440979004 7.87654495239258
-0.11228945851326 -0.0679595917463303 -0.157286450266838 0.0685572922229767 0.267534494400024 0.896162986755371 0.96946918964386 1.03406035900116 1.15615236759186 0.92665433883667 1.01595020294189 1.28869092464447 1.63512217998505 1.67051017284393 1.70646905899048 1.9701361656189 2.06164121627808 2.16242909431458 2.71385025978088 2.87365531921387 3.04585599899292 3.27282357215881 3.83405661582947 4.91175317764282 6.33664751052856 8.69568634033203 12.3185529708862 6.416907787323 10.6348924636841 10.7633686065674 9.50493621826172 34.7182083129883 4.31372213363647 4.91254091262817 5.33728933334351 6.06371164321899 6.22166585922241 6.39359617233276 6.6278190612793 6.79290628433228 6.96197175979614 7.19768714904785 7.51191711425781 7.95267963409424 8.1794376373291
-0.304538667201996 -0.0600978694856167 0.420757800340652 0.554700791835785 0.712578535079956 0.635912835597992 0.759088039398193 0.793793022632599 0.86929726600647 1.01334393024445 1.2877893447876 1.59241116046906 1.71387541294098 1.78368782997131 2.19095730781555 2.29009675979614 2.40306258201599 2.52711725234985 2.22110033035278 2.45186233520508 2.89073705673218 3.44097471237183 3.81624412536621 4.26124620437622 5.41223764419556 6.18174743652344 7.26708459854126 6.59882640838623 8.21830081939697 16.362340927124 7.59045934677124 4.77573347091675 7.34701013565063 14.0506010055542 5.58015394210815 5.78249263763428 6.19532680511475 6.41474199295044 6.62526416778564 6.8796238899231 7.25131034851074 7.44570684432983 7.81468629837036 8.05591106414795 8.29668617248535
0.196441188454628 0.249517127871513 0.254873514175415 0.357987910509109 0.476732224225998 0.609836280345917 0.777974128723145 0.851219892501831 1.14911234378815 1.48105871677399 1.55704534053802 1.89301931858063 1.9765065908432 2.06188607215881 1.66163980960846 2.02782368659973 1.98095405101776 2.04670166969299 2.1967179775238 2.41116237640381 3.36360502243042 3.691481590271 4.13281106948853 4.62706756591797 4.26561546325684 5.44540929794312 6.24891233444214 7.29028511047363 9.84657382965088 10.2614736557007 5.24461364746094 9.15279197692871 5.40870094299316 5.46691274642944 5.6936993598938 6.42211866378784 6.09226512908936 6.67566537857056 6.84935522079468 7.13224411010742 7.32429504394531 7.51744508743286 7.54741621017456 7.75927877426147 7.99257040023804
0.0622114837169647 0.0548627078533173 0.150586023926735 0.330111593008041 0.472409635782242 0.583610951900482 1.17448854446411 1.27874481678009 1.61252450942993 1.69528865814209 1.78765213489532 1.25080490112305 1.33380508422852 1.59279847145081 1.5255823135376 1.92704844474792 1.99354016780853 1.85612344741821 2.94895219802856 3.16030693054199 3.3698456287384 3.48043775558472 3.76290535926819 4.1682391166687 4.63606452941895 4.43034029006958 4.63959884643555 4.73419332504272 5.10864067077637 5.18478965759277 6.32757902145386 7.43742656707764 5.71009922027588 5.93174839019775 6.18328046798706 6.34012126922607 6.5644154548645 6.73859453201294 6.90249300003052 6.95367670059204 7.12370109558105 7.29443264007568 7.83742666244507 8.04355430603027 8.26552200317383
0.000928283610846847 0.11705169826746 0.195640310645103 0.755145072937012 0.846830308437347 1.13993287086487 1.26313424110413 1.4031320810318 0.892534852027893 1.00255751609802 1.11670482158661 1.2182252407074 1.28014934062958 1.42386221885681 1.4684134721756 2.40143275260925 2.54537558555603 2.69781875610352 2.18697786331177 2.94729471206665 3.15407204627991 3.39158034324646 3.40885043144226 3.59923052787781 4.31292295455933 4.51849794387817 4.14705514907837 4.95107984542847 4.94529676437378 5.11371278762817 5.44484090805054 5.76369667053223 5.91864252090454 6.09045696258545 6.22569608688354 6.36682844161987 6.45098400115967 6.6014609336853 6.7497763633728 7.23560905456543 7.40172386169434 7.5834002494812 7.30754995346069 7.37680435180664 7.49136877059937
0.455943197011948 0.500704050064087 0.73710960149765 0.822270035743713 0.921629905700684 0.328473001718521 0.450609147548676 0.710619866847992 0.837768495082855 0.932353556156158 1.06767570972443 1.89286327362061 1.97723436355591 2.09451079368591 2.21206450462341 1.63486063480377 2.40758037567139 2.5269820690155 2.68495726585388 2.10546517372131 2.04902029037476 3.06180477142334 3.50720191001892 3.30246233940125 3.75221681594849 3.63784170150757 3.69397473335266 4.74821138381958 4.84345436096191 5.30643129348755 5.6806263923645 5.79950714111328 5.92111301422119 6.00834989547729 6.13221979141235 6.26572513580322 6.71388244628906 6.86326503753662 7.0192232131958 6.76145219802856 6.77765083312988 6.8790807723999 6.8961877822876 6.76551008224487 6.93713188171387
