slauniainen/Data/DEM/Vihti_distance_to_downstream.asc
ncols         196
nrows         178
xllcorner     353680
yllcorner     6699024
cellsize      16
NODATA_value  -9999
[rows 31 to 61 of 178, columns 0 to 69 of 196]
-9999 -9999 -9999 -9999 -9999 0 -9999 -9999 -9999 -9999 -9999 -9999 -9999 -9999 -9999 -9999 -9999 -9999 -9999 -9999 -9999 302.3919 369.1371 338.2741 331.6467 325.0193 331.6467 338.2741 415.529 408.9016 402.2741 395.6467 379.6467 373.0193 379.6467 386.2741 402.2741 327.7645 334.3919 327.7645 270.3919 263.7645 257.1371 250.5097 243.8822 237.2548 253.2548 259.8823 266.5097 250.5097 266.5096 263.7645 279.7645 135.7645 129.1371 129.1371 151.7645 145.1371 151.7645 145.1371 151.7645 209.1371 193.1371 177.1371 161.1371 145.1371 138.5097 177.1371 161.1371 177.1371
-9999 -9999 -9999 -9999 -9999 0 -9999 -9999 -9999 -9999 -9999 -9999 -9999 -9999 -9999 -9999 -9999 -9999 -9999 -9999 279.7645 286.3919 353.1371 322.2741 315.6467 309.0193 315.6467 286.3919 399.529 392.9016 386.2741 379.6467 363.6467 357.0193 363.6467 370.2741 376.9016 311.7645 318.3919 311.7645 254.3919 247.7645 241.1371 234.5097 227.8822 221.2548 237.2548 243.8822 227.8822 234.5097 241.1371 247.7645 147.8822 141.2548 113.1371 106.5097 106.5097 129.1371 122.5097 129.1371 122.5097 129.1371 122.5097 106.5097 99.88225 138.5097 122.5097 138.5097 145.1371 161.1371
-9999 -9999 -9999 -9999 -9999 0 -9999 -9999 -9999 -9999 -9999 -9999 -9999 -9999 -9999 -9999 -9999 -9999 -9999 257.1371 263.7645 270.3919 337.1371 293.0193 299.6467 293.0193 299.6467 270.3919 402.2741 376.9016 370.2741 363.6467 347.6467 341.0193 347.6467 354.2741 325.0193 295.7645 302.3919 295.7645 289.1371 231.7645 225.1371 218.5097 211.8822 205.2548 221.2548 205.2548 211.8822 218.5097 225.1371 150.6274 128 125.2548 118.6274 90.50967 83.88226 83.88226 106.5097 99.88226 106.5097 99.88226 106.5097 99.88225 83.88225 122.5097 106.5097 122.5097 138.5097 177.1371
-9999 -9999 -9999 -9999 -9999 0 -9999 -9999 -9999 -9999 -9999 -9999 -9999 -9999 -9999 -9999 -9999 -9999 234.5096 241.1371 247.7645 254.3919 307.8822 314.5096 270.3919 277.0193 283.6467 254.3919 386.2741 360.9016 354.2741 347.6467 331.6467 325.0193 331.6467 325.0193 309.0193 279.7645 286.3919 279.7645 273.1371 266.5097 209.1371 202.5097 195.8822 189.2548 205.2548 189.2548 195.8822 202.5097 141.2548 134.6274 112 109.2548 102.6274 86.62742 67.88225 61.25484 61.25484 83.88226 77.25484 83.88225 77.25484 83.88225 67.88225 83.88225 99.88225 138.5097 145.1371 193.1371
-9999 -9999 -9999 -9999 -9999 0 -9999 -9999 -9999 -9999 -9999 -9999 -9999 -9999 -9999 -9999 -9999 211.8822 218.5097 225.1371 231.7645 238.3919 291.8822 298.5096 254.3919 261.0193 267.6467 238.3919 370.2741 344.9016 338.2741 331.6467 315.6467 309.0193 302.3919 286.3919 293.0193 273.1371 257.1371 263.7645 257.1371 250.5097 193.1371 186.5097 179.8822 173.2548 189.2548 173.2548 179.8822 186.5097 125.2548 118.6274 96 102.6274 86.62742 70.62742 61.25484 45.25483 38.62742 38.62742 61.25484 54.62742 61.25483 45.25483 61.25483 77.25484 93.25484 154.5097 161.1371 209.1371
-9999 -9999 -9999 -9999 0 0 -9999 -9999 -9999 -9999 -9999 -9999 -9999 -9999 -9999 -9999 189.2548 195.8822 202.5097 209.1371 215.7645 259.8823 275.8822 282.5096 238.3919 245.0193 251.6467 222.3919 354.2741 328.9016 322.2741 315.6467 299.6467 293.0193 286.3919 270.3919 277.0193 257.1371 241.1371 234.5097 241.1371 234.5097 186.5097 170.5097 163.8822 157.2548 173.2548 157.2548 163.8822 170.5097 109.2548 102.6274 80 86.62742 70.62742 54.62742 38.62742 38.62742 22.62742 16 16 38.62742 22.62742 38.62742 77.25484 93.25484 109.2548 170.5097 177.1371 225.1371
-9999 -9999 -9999 -9999 0 -9999 -9999 -9999 -9999 -9999 -9999 -9999 -9999 -9999 -9999 166.6274 173.2548 179.8822 186.5097 193.1371 209.1371 243.8822 259.8822 266.5096 222.3919 229.0193 235.6467 206.3919 338.2741 312.9016 296.9016 299.6467 283.6467 277.0193 270.3919 254.3919 247.7645 241.1371 225.1371 218.5097 211.8823 218.5097 170.5097 154.5097 147.8822 141.2548 157.2548 141.2548 147.8822 154.5097 93.25484 86.62742 64 70.62742 54.62742 38.62742 22.62742 16 16 0 0 0 16 54.62742 93.25484 109.2548 115.8823 131.8822 193.1371 241.1371
-9999 -9999 -9999 -9999 0 -9999 -9999 -9999 -9999 -9999 -9999 -9999 -9999 -9999 134.6274 150.6274 157.2548 163.8822 170.5097 186.5097 193.1371 227.8822 243.8822 250.5096 206.3919 213.0193 219.6467 190.3919 322.2741 306.2741 290.2741 274.2741 277.0193 261.0193 254.3919 238.3919 231.7645 225.1371 209.1371 202.5097 195.8823 202.5097 154.5097 138.5097 131.8822 125.2548 141.2548 125.2548 131.8822 138.5097 77.25484 70.62742 48 54.62742 32 32 16 0 0 0 16 32 32 38.62742 77.25484 115.8823 131.8822 138.5097 209.1371 306.2741
-9999 -9999 -9999 0 0 -9999 -9999 -9999 -9999 -9999 -9999 -9999 86.62742 125.2548 118.6274 134.6274 141.2548 147.8822 163.8822 170.5097 186.5097 211.8822 227.8822 234.5096 190.3919 197.0193 167.7645 183.7645 306.2741 290.2741 283.6467 267.6467 251.6467 254.3919 238.3919 222.3919 215.7645 209.1371 193.1371 186.5097 179.8823 186.5097 138.5097 122.5097 115.8822 109.2548 125.2548 109.2548 115.8822 64 70.62742 54.62742 32 38.62742 16 16 0 0 16 32 48 48 64 54.62742 61.25484 99.88226 138.5097 48 48 48
-9999 -9999 -9999 0 -9999 -9999 -9999 -9999 -9999 -9999 64 70.62742 70.62742 109.2548 102.6274 118.6274 125.2548 131.8822 147.8822 163.8822 179.8822 195.8822 211.8822 218.5096 174.3919 145.1371 161.1371 145.1371 299.6467 283.6467 267.6467 261.0193 245.0193 229.0193 213.0193 206.3919 199.7645 193.1371 177.1371 170.5097 163.8823 170.5097 122.5097 106.5097 99.88225 93.25484 109.2548 93.25484 99.88225 48 54.62742 38.62742 16 22.62742 0 0 0 16 32 48 64 70.62742 70.62742 86.62742 32 32 32 32 32 32
-9999 -9999 -9999 0 -9999 -9999 -9999 -9999 -9999 61.25484 48 54.62742 54.62742 93.25484 86.62742 102.6274 109.2548 125.2548 141.2548 157.2548 173.2548 189.2548 195.8822 151.7645 122.5097 129.1371 122.5097 129.1371 135.7645 277.0193 261.0193 245.0193 229.0193 213.0193 206.3919 190.3919 183.7645 177.1371 161.1371 154.5097 147.8823 154.5097 106.5097 90.50967 83.88225 77.25484 93.25484 77.25484 83.88225 32 16 22.62742 0 0 0 16 32 22.62742 38.62742 48 32 48 93.25484 16 16 16 16 16 16 16
0 0 0 0 -9999 -9999 -9999 38.62742 38.62742 38.62742 32 38.62742 38.62742 54.62742 70.62742 86.62742 102.6274 118.6274 134.6274 150.6274 166.6274 173.2548 129.1371 99.88226 106.5097 99.88226 106.5097 113.1371 113.1371 129.1371 267.6467 251.6467 222.3919 206.3919 190.3919 183.7645 167.7645 151.7645 145.1371 138.5097 131.8823 125.2548 118.6274 48 67.88225 61.25483 77.25484 61.25483 67.88225 16 0 0 0 16 32 48 64 93.25484 16 16 16 16 16 0 0 0 0 0 0 0
-9999 0 0 0 -9999 -9999 16 16 16 16 16 22.62742 22.62742 38.62742 54.62742 70.62742 86.62742 102.6274 118.6274 134.6274 150.6274 106.5097 77.25484 83.88225 77.25484 83.88226 90.50967 90.50967 106.5097 122.5097 138.5097 231.7645 215.7645 199.7645 183.7645 167.7645 151.7645 135.7645 129.1371 122.5097 115.8823 109.2548 102.6274 32 38.62742 45.25483 61.25483 45.25483 0 0 0 16 32 48 64 54.62742 70.62742 0 0 0 0 0 0 0 16 32 48 77.25484 0 16
-9999 -9999 -9999 0 0 0 0 0 0 0 0 0 16 22.62742 38.62742 38.62742 93.25484 109.2548 125.2548 141.2548 83.88225 99.88226 61.25483 54.62742 61.25484 67.88225 67.88225 83.88226 99.88226 115.8823 122.5097 138.5097 222.3919 193.1371 177.1371 161.1371 145.1371 129.1371 113.1371 106.5097 99.88226 93.25484 86.62742 16 22.62742 22.62742 22.62742 0 0 16 0 0 0 0 0 0 0 0 61.25484 77.25484 93.25484 109.2548 22.62742 22.62742 32 38.62742 54.62742 0 0 22.62742
-9999 -9999 -9999 22.62742 16 16 16 16 16 16 16 0 0 16 16 32 38.62742 54.62742 45.25483 61.25483 77.25484 38.62742 45.25483 38.62742 45.25483 45.25483 61.25484 77.25484 93.25484 99.88226 115.8823 67.88225 215.7645 186.5097 170.5097 154.5097 138.5097 122.5097 106.5097 90.50967 93.25484 77.25484 70.62742 0 0 0 0 0 0 0 0 16 16 16 16 16 22.62742 38.62742 54.62742 70.62742 109.2548 125.2548 131.8822 170.5097 186.5097 202.5097 231.7645 0 16 0
-9999 -9999 45.25483 38.62742 32 32 32 38.62742 38.62742 38.62742 22.62742 16 0 0 0 16 32 22.62742 22.62742 22.62742 16 22.62742 16 22.62742 22.62742 38.62742 54.62742 70.62742 77.25484 93.25484 45.25483 38.62742 38.62742 22.62742 16 161.1371 145.1371 129.1371 113.1371 83.88225 67.88225 70.62742 54.62742 0 0 16 67.88225 16 16 16 22.62742 22.62742 38.62742 199.7645 38.62742 45.25483 38.62742 45.25483 70.62742 86.62742 93.25484 131.8822 147.8822 163.8822 193.1371 209.1371 0 0 22.62742 0
-9999 -9999 61.25483 54.62742 48 48 48 54.62742 54.62742 54.62742 38.62742 22.62742 16 16 0 0 0 0 0 0 0 0 0 0 16 22.62742 38.62742 54.62742 70.62742 22.62742 16 16 16 16 0 0 0 0 106.5097 90.50967 61.25483 45.25483 38.62742 0 22.62742 45.25483 61.25483 77.25484 38.62742 32 38.62742 206.3919 199.7645 183.7645 177.1371 227.8822 221.2548 93.25484 86.62742 102.6274 109.2548 115.8823 154.5097 170.5097 186.5097 215.7645 0 16 0 0
-9999 -9999 77.25484 70.62742 64 64 64 70.62742 70.62742 70.62742 54.62742 38.62742 32 38.62742 22.62742 16 16 22.62742 22.62742 22.62742 16 16 16 0 0 0 16 32 77.25484 16 0 0 0 0 0 16 16 0 0 0 67.88225 38.62742 22.62742 0 22.62742 38.62742 90.50967 106.5097 99.88226 115.8823 122.5097 199.7645 183.7645 167.7645 161.1371 154.5097 205.2548 189.2548 205.2548 211.8822 227.8822 131.8823 170.5097 177.1371 193.1371 0 0 22.62742 0 16
-9999 -9999 -9999 86.62742 80 80 80 86.62742 86.62742 86.62742 61.25484 54.62742 48 54.62742 38.62742 32 38.62742 38.62742 54.62742 70.62742 86.62742 131.8822 147.8822 16 16 0 0 0 0 0 0 16 16 16 22.62742 38.62742 22.62742 32 16 0 0 45.25483 16 0 16 67.88225 106.5097 113.1371 129.1371 99.88226 131.8822 161.1371 154.5097 161.1371 145.1371 138.5097 189.2548 173.2548 189.2548 205.2548 211.8822 163.8823 170.5097 177.1371 199.7645 0 16 0 0 16
-9999 -9999 -9999 -9999 109.2548 96 96 102.6274 102.6274 102.6274 77.25484 70.62742 64 70.62742 54.62742 48 54.62742 61.25484 77.25484 93.25484 109.2548 125.2548 141.2548 157.2548 173.2548 16 0 0 16 32 16 22.62742 38.62742 38.62742 61.25484 45.25483 54.62742 38.62742 32 16 0 0 0 0 45.25483 61.25483 77.25484 61.25484 77.25484 83.88226 77.25484 109.2548 138.5097 122.5097 115.8823 122.5097 150.6274 157.2548 173.2548 189.2548 154.5097 147.8823 154.5097 22.62742 0 0 186.5097 0 16 22.62742
-9999 -9999 -9999 -9999 -9999 112 112 118.6274 118.6274 118.6274 93.25484 86.62742 80 86.62742 70.62742 64 70.62742 77.25484 83.88226 99.88226 115.8823 131.8823 147.8823 173.2548 179.8822 195.8822 16 16 32 48 64 80 96 112 128 77.25484 61.25484 54.62742 38.62742 32 38.62742 22.62742 0 0 0 22.62742 38.62742 22.62742 38.62742 54.62742 61.25484 54.62742 86.62742 115.8823 99.88226 115.8823 134.6274 150.6274 166.6274 131.8822 147.8823 131.8823 147.8823 22.62742 0 163.8822 0 0 54.62742 70.62742
-9999 -9999 -9999 -9999 -9999 -9999 134.6274 141.2548 141.2548 115.8823 109.2548 102.6274 96 102.6274 86.62742 80 86.62742 93.25484 99.88226 115.8823 131.8823 147.8823 163.8823 170.5097 195.8822 211.8822 32 48 64 80 96 112 128 144 134.6274 83.88226 77.25484 61.25484 54.62742 61.25484 54.62742 38.62742 22.62742 16 0 0 0 16 16 32 32 38.62742 70.62742 77.25484 83.88226 99.88226 118.6274 102.6274 96 115.8823 109.2548 115.8823 131.8823 0 0 147.8822 0 32 38.62742 54.62742
-9999 -9999 -9999 -9999 -9999 -9999 -9999 163.8822 138.5097 131.8822 125.2548 118.6274 112 118.6274 102.6274 96 102.6274 109.2548 115.8823 131.8823 147.8823 154.5097 170.5097 186.5097 211.8822 218.5097 48 64 70.62742 86.62742 102.6274 118.6274 134.6274 150.6274 166.6274 99.88226 83.88226 77.25484 83.88226 77.25484 61.25484 54.62742 38.62742 22.62742 70.62742 54.62742 0 0 0 16 16 38.62742 54.62742 61.25484 61.25484 77.25484 102.6274 86.62742 80 86.62742 93.25484 109.2548 138.5097 0 125.2548 0 0 16 32 16
-9999 -9999 -9999 -9999 -9999 -9999 -9999 -9999 154.5097 147.8822 141.2548 134.6274 141.2548 134.6274 118.6274 112 118.6274 125.2548 131.8823 138.5097 154.5097 170.5097 186.5097 202.5097 227.8822 234.5097 64 80 86.62742 93.25484 109.2548 125.2548 141.2548 157.2548 173.2548 189.2548 99.88226 106.5097 99.88226 83.88226 77.25484 61.25484 109.2548 93.25484 77.25484 48 32 16 0 0 0 22.62742 38.62742 38.62742 45.25483 61.25484 86.62742 80 64 70.62742 77.25484 93.25484 0 0 109.2548 0 16 141.2548 38.62742 0
-9999 -9999 -9999 -9999 -9999 -9999 -9999 -9999 -9999 163.8822 157.2548 163.8822 157.2548 150.6274 134.6274 128 134.6274 141.2548 161.1371 154.5097 170.5097 186.5097 202.5097 218.5097 243.8822 250.5097 80 96 102.6274 109.2548 115.8823 131.8822 147.8822 163.8822 -9999 -9999 -9999 122.5097 106.5097 99.88226 83.88226 131.8822 115.8823 109.2548 70.62742 54.62742 38.62742 22.62742 16 16 0 0 0 22.62742 38.62742 38.62742 80 64 48 54.62742 93.25484 99.88226 0 86.62742 93.25484 0 118.6274 125.2548 131.8822 0
-9999 -9999 -9999 -9999 -9999 -9999 -9999 -9999 -9999 -9999 186.5097 179.8822 173.2548 166.6274 150.6274 144 150.6274 157.2548 177.1371 170.5097 186.5097 202.5097 218.5097 234.5097 259.8823 266.5096 96 112 118.6274 125.2548 131.8822 138.5097 154.5097 -9999 -9999 -9999 -9999 -9999 -9999 106.5097 154.5097 138.5097 131.8822 93.25484 86.62742 70.62742 54.62742 38.62742 54.62742 22.62742 16 16 0 0 0 22.62742 54.62742 38.62742 32 38.62742 54.62742 0 0 70.62742 0 0 102.6274 109.2548 0 0
-9999 -9999 -9999 -9999 -9999 -9999 -9999 -9999 -9999 -9999 -9999 195.8822 189.2548 182.6274 166.6274 160 166.6274 173.2548 193.1371 199.7645 202.5097 218.5097 225.1371 282.5097 275.8823 282.5096 112 128 134.6274 141.2548 147.8822 -9999 -9999 -9999 -9999 -9999 -9999 -9999 -9999 -9999 -9999 -9999 115.8823 109.2548 102.6274 77.25484 70.62742 54.62742 61.25484 38.62742 38.62742 32 16 16 0 0 0 22.62742 16 54.62742 61.25484 0 48 54.62742 0 80 86.62742 93.25484 0 109.2548
-9999 -9999 -9999 -9999 -9999 -9999 -9999 -9999 -9999 -9999 -9999 211.8822 205.2548 198.6274 205.2548 176 182.6274 189.2548 195.8822 215.7645 222.3919 234.5097 241.1371 298.5097 305.1371 298.5096 128 157.2548 150.6274 157.2548 -9999 -9999 -9999 -9999 -9999 -9999 -9999 -9999 -9999 -9999 -9999 -9999 -9999 -9999 -9999 93.25484 86.62742 70.62742 77.25484 -9999 54.62742 38.62742 38.62742 32 16 16 0 0 0 16 0 0 32 0 0 64 70.62742 0 0 93.25484
-9999 -9999 -9999 -9999 -9999 -9999 -9999 -9999 -9999 -9999 -9999 -9999 -9999 227.8822 221.2548 227.8822 198.6274 205.2548 211.8822 218.5097 234.5097 250.5097 257.1371 -9999 -9999 -9999 -9999 -9999 -9999 -9999 -9999 -9999 -9999 -9999 -9999 -9999 -9999 -9999 -9999 -9999 -9999 -9999 -9999 -9999 -9999 -9999 -9999 -9999 -9999 -9999 -9999 61.25484 54.62742 38.62742 32 32 16 16 0 0 0 16 16 0 54.62742 48 54.62742 0 70.62742 77.25484
-9999 -9999 -9999 -9999 -9999 -9999 -9999 -9999 -9999 -9999 -9999 -9999 -9999 -9999 250.5097 243.8822 214.6274 221.2548 227.8822 243.8822 241.1371 257.1371 -9999 -9999 -9999 -9999 -9999 -9999 -9999 -9999 -9999 -9999 -9999 -9999 -9999 -9999 -9999 -9999 -9999 -9999 -9999 -9999 -9999 -9999 -9999 -9999 -9999 -9999 -9999 -9999 -9999 -9999 -9999 -9999 54.62742 38.62742 38.62742 32 16 16 0 0 0 0 38.62742 32 0 0 54.62742 0
-9999 -9999 -9999 -9999 -9999 -9999 -9999 -9999 -9999 -9999 -9999 -9999 -9999 -9999 -9999 -9999 -9999 237.2548 243.8822 250.5096 266.5096 -9999 -9999 -9999 -9999 -9999 -9999 -9999 -9999 -9999 -9999 -9999 -9999 -9999 -9999 -9999 -9999 -9999 -9999 -9999 -9999 -9999 -9999 -9999 -9999 -9999 -9999 -9999 -9999 -9999 -9999 -9999 -9999 -9999 -9999 -9999 -9999 38.62742 38.62742 32 16 16 0 0 16 16 0 32 38.62742 0
