slauniainen/Data/DEM/Vihti_dsm1500b_cl_horizonAngle_204.asc
NCOLS 196 
NROWS 178 
XLLCORNER 353680 
YLLCORNER 6699024 
CELLSIZE 16 
NODATA_value -3.4e+38 
[rows 140 to 159 of 178, columns 0 to 45 of 196]
14.5002641677856 9.11207103729248 1.66977226734161 1.4317661523819 1.75026655197144 5.61763095855713 2.08078408241272 2.11748456954956 22.9621906280518 2.34547638893127 2.24130654335022 2.12510013580322 2.29370951652527 2.03538751602173 2.52175641059875 2.45632839202881 1.81739020347595 2.46931171417236 3.0556652545929 3.42071175575256 3.39984345436096 3.42923331260681 3.55155944824219 3.37913823127747 3.25898718833923 3.14022207260132 2.80566310882568 2.57406306266785 0.398599356412888 19.1232242584229 3.86281538009644 16.8435535430908 5.89376974105835 -0.589575052261353 11.310694694519 -0.816907227039337 -0.882991969585419 7.25586271286011 3.84867119789124 1.09877812862396 2.00276207923889 8.60160446166992 23.7746620178223 12.9450531005859 6.39477396011353 5.28515243530273
1.29894912242889 3.20028042793274 2.1307110786438 5.15714454650879 6.07957792282104 1.71920084953308 2.28044676780701 1.87240171432495 2.26496028900146 2.3054530620575 2.18550539016724 2.32536697387695 2.33507061004639 2.68084144592285 2.61251163482666 2.25405478477478 2.6198034286499 3.33459758758545 3.44889855384827 3.72828197479248 3.77417182922363 3.94975543022156 4.02358293533325 3.54320406913757 3.61643218994141 3.32506084442139 3.44553542137146 3.11402320861816 9.52002429962158 -0.676970839500427 9.27048492431641 -0.772263884544373 -0.458827257156372 8.62542629241943 -0.49783056974411 4.92241668701172 11.3095541000366 5.86726427078247 3.87875032424927 3.75239849090576 9.46302795410156 1.94030261039734 3.2745258808136 9.50909614562988 8.1351375579834 9.83978271484375
1.61623239517212 1.73812592029572 1.79326236248016 1.86274003982544 1.61975312232971 4.57688760757446 2.50801658630371 2.82889676094055 3.12383580207825 2.35628938674927 2.23205065727234 2.40372443199158 2.1413516998291 2.81634545326233 2.73668384552002 2.01945328712463 2.72965621948242 3.55145001411438 3.67169976234436 3.96892976760864 4.06701803207397 4.20492553710938 4.28293180465698 3.86159300804138 3.81876564025879 3.51985359191895 3.88028502464294 3.53869438171387 0.515957057476044 -0.289012432098389 0.0295146107673645 -0.195192232728004 18.3573875427246 6.55482816696167 -0.694608747959137 3.54515361785889 5.39092779159546 11.97580909729 7.48986721038818 23.8439865112305 8.90869522094727 6.67665195465088 3.87833690643311 6.50311374664307 5.18869638442993 6.52330160140991
8.87474346160889 2.07013940811157 6.36762094497681 2.03634881973267 13.3681116104126 2.85395908355713 3.21431446075439 3.74122357368469 3.39137077331543 2.30344486236572 2.45161747932434 2.45928835868835 2.51568984985352 2.95037603378296 2.86787414550781 2.90441131591797 3.9082977771759 4.04727602005005 4.37273406982422 4.45591974258423 4.6897497177124 4.84439182281494 4.35176944732666 4.25953483581543 4.11373853683472 3.72599625587463 4.36924266815186 3.79640412330627 5.14673709869385 -0.160705491900444 -0.226773470640182 5.35364532470703 -0.243951618671417 -0.182357370853424 -0.650327026844025 -0.772689163684845 5.61172103881836 4.61771583557129 4.07839345932007 4.93378877639771 4.61357069015503 8.20002841949463 5.47548961639404 9.30624961853027 4.41616725921631 9.07776069641113
2.11439561843872 2.16813921928406 2.17241954803467 4.45433616638184 2.13573575019836 3.60778951644897 3.5186460018158 3.81980299949646 3.67599868774414 2.99534392356873 2.53625965118408 2.25462293624878 3.17429327964783 3.08517336845398 2.63108944892883 3.03754496574402 4.19700956344604 4.34344148635864 4.69238948822021 4.8989315032959 5.01253795623779 5.14276838302612 4.60325622558594 4.56495761871338 4.35419082641602 5.72769403457642 4.96228694915771 4.89870309829712 6.20562744140625 0.54699832201004 8.48089504241943 0.780533075332642 8.31578826904297 11.8796634674072 3.06968569755554 0.271151036024094 -1.13822841644287 2.66514873504639 4.12395524978638 7.59953784942627 11.0751924514771 19.5655078887939 19.4152565002441 22.8555774688721 17.9995346069336 12.6677732467651
18.2715167999268 2.18859767913818 2.51397776603699 2.6554069519043 3.70711708068848 3.87728476524353 3.93224763870239 3.64893078804016 3.75009346008301 3.05379390716553 2.59612011909485 2.64767813682556 3.35034012794495 3.25465369224548 2.73583722114563 4.69706439971924 4.86168909072876 5.25036096572876 5.35070514678955 5.62572526931763 5.7840576171875 5.17554473876953 5.12987756729126 4.98794317245483 4.5583324432373 6.39355802536011 5.88420581817627 10.4970474243164 15.5932130813599 1.95213711261749 0.0393258556723595 0.400330007076263 0.18481881916523 -0.485599488019943 0.579969048500061 1.15374708175659 2.69910931587219 14.0599002838135 17.4655685424805 11.2877769470215 12.9850664138794 8.87678241729736 9.21112823486328 5.40938472747803 24.2382564544678 10.9464550018311
2.64972710609436 2.98955917358398 2.46502709388733 3.41721534729004 3.7308452129364 3.71247339248657 4.01438856124878 3.86083006858826 3.49361968040466 2.9306333065033 2.77578830718994 3.64120554924011 3.54011464118958 2.98521065711975 3.41694235801697 5.13070154190063 5.29469919204712 5.73056840896606 5.82724952697754 6.11862897872925 6.27570343017578 5.51475763320923 5.40782785415649 5.23557758331299 8.31942939758301 9.20732021331787 8.42156219482422 16.8957080841064 21.2192535400391 18.3555870056152 1.19063889980316 0.366607695817947 -0.127028778195381 15.3614320755005 7.10191869735718 2.23938250541687 3.24546933174133 2.73532152175903 9.76977920532227 33.5283279418945 31.9785957336426 10.3763360977173 11.6166133880615 11.6860494613647 8.22314453125 21.7293910980225
3.38392305374146 3.51728248596191 3.64542055130005 3.99893260002136 4.27674245834351 4.13838005065918 3.83125996589661 3.94060254096985 3.31137371063232 3.08165955543518 2.89882254600525 3.87577962875366 3.76230406761169 3.02422952651978 3.95157837867737 5.61960172653198 5.81789255142212 6.28996992111206 6.85607051849365 6.68982458114624 6.80800199508667 6.19241714477539 6.02811336517334 5.51571130752563 9.48212242126465 11.8211078643799 32.1471328735352 34.1126518249512 23.3472385406494 34.0452194213867 18.3511924743652 1.0623117685318 0.189398497343063 -0.49463951587677 8.35305500030518 13.7524118423462 23.6989822387695 19.4952335357666 2.61605024337769 4.15574550628662 3.72414898872375 17.0036716461182 12.6407175064087 7.84781646728516 11.8085680007935 20.4646263122559
3.62132239341736 3.97266483306885 3.69782066345215 4.42829990386963 3.91867566108704 4.230393409729 4.06240272521973 3.67048931121826 3.37579655647278 3.14258813858032 4.26245069503784 4.14397859573364 3.44580745697021 3.91479659080505 6.60337352752686 6.81226062774658 7.35895919799805 7.48688268661499 7.86144161224365 8.03653240203857 6.97103261947632 6.43316841125488 6.70669412612915 13.6217737197876 25.600191116333 23.8780746459961 3.36619162559509 1.43590891361237 1.60728716850281 1.93139493465424 18.1096229553223 1.81626498699188 0.44465908408165 0.0545273050665855 4.61283826828003 13.4899806976318 6.92748022079468 -0.581707239151001 9.79622077941895 4.59197187423706 3.99804353713989 0.548987865447998 12.6474113464355 17.0373935699463 2.61051321029663 6.37156867980957
4.51035404205322 4.42803239822388 4.39796686172485 4.53991508483887 4.36766767501831 4.03193712234497 4.15099906921387 3.47515821456909 3.23310589790344 3.38435101509094 4.57483148574829 4.44620990753174 3.18976640701294 4.15864324569702 7.46544361114502 7.70269203186035 8.30344200134277 9.56193923950195 8.81523418426514 8.86112117767334 7.38857221603394 7.03708934783936 8.74853992462158 26.0305423736572 4.27726554870605 5.31545162200928 4.45262718200684 6.19986486434937 5.70267534255981 4.7760591506958 1.26335036754608 3.0028190612793 21.2158393859863 14.6805200576782 -0.364569455385208 -0.855234384536743 1.77155518531799 -0.594509422779083 10.4405279159546 12.6718330383301 3.47170948982239 0.869542002677917 16.9180335998535 0.594027698040009 6.22768878936768 0.617237389087677
4.62555694580078 4.28760290145874 4.70923185348511 4.42823362350464 4.4686279296875 4.28476858139038 3.86303615570068 3.54294347763062 3.29582118988037 5.10200214385986 4.94638442993164 4.04479026794434 4.56765413284302 9.26616382598877 9.55073165893555 10.2951059341431 10.4623346328735 11.4058389663696 11.1984434127808 9.5183048248291 8.02118396759033 10.7633829116821 37.0147895812988 4.60986185073853 5.44035339355469 14.7223739624023 15.0695161819458 4.5041446685791 7.29905605316162 4.87985944747925 4.01503801345825 22.9406604766846 0.0688778683543205 0.144906252622604 -0.262377560138702 2.40125417709351 -0.424712300300598 20.8235530853271 -0.589303731918335 -0.521806120872498 2.28890252113342 1.07938981056213 -0.460319608449936 8.18809413909912 1.25257110595703 1.57747554779053
4.72462511062622 4.67906045913696 4.83595991134644 4.2468433380127 4.57263422012329 4.38304996490479 3.64981198310852 3.38806438446045 4.02456998825073 5.55446004867554 5.39032411575317 3.81806135177612 4.86639213562012 11.0035400390625 12.585693359375 12.2441940307617 15.8412065505981 14.1481294631958 12.9800252914429 10.7745714187622 11.4402770996094 24.9361000061035 2.60627579689026 7.02198362350464 9.50752639770508 17.6073894500732 5.36758947372437 14.1452560424805 6.99358701705933 9.85872936248779 5.78934097290039 1.35704338550568 3.48314666748047 32.2445259094238 13.791729927063 -0.146239191293716 9.02043724060059 -0.373844236135483 2.04138708114624 0.12031401693821 0.436348289251328 11.632438659668 17.0503845214844 1.5235161781311 1.58417689800262 15.5836620330811
4.58661031723022 5.02994441986084 4.69963932037354 4.73345947265625 4.34861898422241 4.480788230896 3.72094082832336 3.47975420951843 4.37149333953857 6.05432415008545 5.8845739364624 5.42971277236938 15.1984386444092 15.6255645751953 17.0932102203369 17.1040554046631 21.4676208496094 18.7559509277344 15.5405941009521 11.8672256469727 29.9201011657715 5.59518527984619 14.0588293075562 10.1401653289795 8.43854427337646 4.50148677825928 5.01941585540771 5.43941879272461 13.7980508804321 13.015474319458 6.38909339904785 4.52906656265259 25.5614166259766 0.138573110103607 20.0977630615234 7.02168464660645 0.176670402288437 6.1500358581543 7.52649402618408 0.327210992574692 19.2162837982178 0.199076309800148 0.430869996547699 5.53570079803467 10.9066009521484 5.5408353805542
4.99992847442627 5.17484903335571 4.51795196533203 4.85172414779663 4.64015102386475 4.16970872879028 3.57566380500793 3.81983184814453 7.06755113601685 6.80966377258301 6.03511905670166 7.36502027511597 20.5434246063232 33.5004005432129 27.1164474487305 39.8229560852051 35.5947799682617 23.27854347229 20.4014625549316 32.5315170288086 5.82440328598022 13.8853445053101 17.6014003753662 13.2259073257446 8.71666622161865 7.06091547012329 6.04862213134766 5.89612913131714 16.1619548797607 10.1040859222412 12.0873327255249 7.33179187774658 1.37050557136536 10.9806718826294 0.417110532522202 5.73839139938354 5.41442918777466 0.149317920207977 0.439581453800201 0.861225962638855 0.449670553207397 0.64116096496582 18.1550483703613 4.64552354812622 1.77509999275208 9.9341983795166
5.40020370483398 5.01129341125488 5.03663396835327 4.61047220230103 4.75825881958008 3.93537569046021 4.51376342773438 5.63925361633301 7.98514652252197 7.60133409500122 8.37295532226562 39.1430702209473 39.2162742614746 15.1292362213135 23.1358089447021 8.13219261169434 15.1873111724854 38.7269973754883 33.0658569335938 7.89155721664429 6.59932947158813 8.31084251403809 11.5465860366821 12.1356725692749 13.9681510925293 13.9691572189331 8.81687068939209 6.31395292282104 3.33570170402527 16.2167739868164 16.3575572967529 12.0665874481201 6.61538648605347 9.03874015808105 0.764453887939453 31.3809509277344 0.447613775730133 0.613507986068726 0.731268465518951 1.0294988155365 0.70373797416687 10.9198560714722 0.396601289510727 5.92979907989502 2.34169721603394 13.3202877044678
5.57059001922607 4.82868766784668 5.17218351364136 4.94195938110352 4.43277311325073 4.03032350540161 5.11879587173462 9.94935417175293 9.44043254852295 16.8881912231445 19.904655456543 1.45849645137787 3.03615975379944 3.11661624908447 1.47602069377899 1.84487628936768 0.343807309865952 5.10935544967651 10.7510957717896 11.6345548629761 12.1040735244751 11.661018371582 16.8935718536377 18.322868347168 11.3253612518311 10.9121875762939 12.1365518569946 17.1100120544434 6.49622964859009 21.7470245361328 10.0663909912109 16.6355857849121 1.1642929315567 15.2875671386719 15.5975675582886 0.720776379108429 0.972978293895721 1.0706262588501 1.08123600482941 14.845498085022 18.7395191192627 9.09057235717773 11.6257085800171 2.56690168380737 18.5470886230469 18.2514743804932
5.74215078353882 5.38066625595093 4.91457366943359 5.07507801055908 4.18072175979614 6.41845989227295 7.96248769760132 11.7893381118774 10.8583288192749 8.46323299407959 16.5340747833252 9.30921077728271 11.2030258178711 15.6135520935059 2.79932332038879 2.36991739273071 5.81002044677734 11.7427816390991 14.0759696960449 15.1080665588379 14.1773347854614 7.20323896408081 13.933819770813 10.8862838745117 21.9911956787109 21.8074016571045 13.8214864730835 3.89601278305054 7.89704561233521 5.04400110244751 20.844612121582 19.5746803283691 19.6376476287842 18.2320823669434 1.01106441020966 8.66174793243408 1.12883234024048 6.77637338638306 16.1780014038086 1.50394487380981 1.49994301795959 2.25978851318359 3.10756158828735 4.28662538528442 28.1037178039551 35.0231475830078
5.17725038528442 5.53338050842285 5.27897214889526 4.72807836532593 4.46232414245605 7.69651985168457 16.6468353271484 15.7736282348633 17.6970367431641 5.65935277938843 5.11576843261719 16.9180164337158 13.2248277664185 2.95182633399963 5.32501888275146 9.98675918579102 5.56901550292969 5.80467462539673 3.52238249778748 7.13136768341064 7.78981733322144 27.9064483642578 27.1745147705078 10.6451301574707 10.2619638442993 6.24609279632568 5.88974523544312 10.7224159240723 9.41986560821533 13.411828994751 3.68925213813782 24.6330604553223 5.00487422943115 14.5781078338623 10.3782405853271 5.19767808914185 22.3865127563477 1.39399182796478 4.14675903320312 1.77591753005981 7.36171388626099 1.30769038200378 9.88949108123779 51.146354675293 27.8722057342529 18.6423377990723
5.76616907119751 5.25598669052124 5.61895370483398 5.43363809585571 10.8674573898315 13.3816585540771 22.7019386291504 21.3443412780762 5.28473901748657 5.42398500442505 3.12631845474243 8.62520122528076 2.53630232810974 7.11813259124756 11.710431098938 1.55909752845764 7.17187738418579 4.04476833343506 9.48516654968262 2.27146553993225 3.42057085037231 0.0895488932728767 7.37286233901978 10.0037050247192 9.31624031066895 9.60960578918457 7.16559791564941 16.0542984008789 39.7831344604492 11.2851572036743 1.34805798530579 1.66451859474182 0.85168182849884 2.63322758674622 2.4142005443573 9.08486557006836 1.42212152481079 4.31675243377686 2.86259150505066 1.80198180675507 17.365795135498 32.896915435791 18.5648593902588 0.0202633459120989 10.5803880691528 19.1250457763672
5.92391633987427 5.65138673782349 6.68212270736694 6.43410444259644 14.8237800598145 42.8883781433105 41.0936393737793 11.6422309875488 15.2021760940552 9.95284938812256 5.97069644927979 -0.297199428081512 6.40410709381104 2.25003504753113 2.68059372901917 2.61152696609497 6.10217189788818 17.507884979248 7.3051438331604 8.03094959259033 2.46112036705017 0.18010401725769 0.124328017234802 2.39851665496826 3.25497770309448 10.8120279312134 31.5386352539062 36.4150161743164 2.64518356323242 8.75362873077393 10.5150585174561 0.839221298694611 3.85417890548706 4.60517168045044 1.28596615791321 1.83110415935516 1.5512136220932 6.2481803894043 1.99301588535309 34.5334625244141 9.58115196228027 1.13657879829407 1.00497090816498 0.667098939418793 0.54740983247757 -0.185435265302658
