slauniainen/Data/DEM/Vihti_dsm1500b_cl_horizonAngle_288.asc
NCOLS 196 
NROWS 178 
XLLCORNER 353680 
YLLCORNER 6699024 
CELLSIZE 16 
NODATA_value -3.4e+38 
[rows 140 to 159 of 178, columns 135 to 179 of 196]
5.96661138534546 5.20984125137329 4.91363906860352 38.0926513671875 25.923957824707 19.4800109863281 8.44976615905762 9.25468730926514 6.63587999343872 5.17821931838989 3.06360340118408 16.9187088012695 4.23077487945557 14.8906764984131 6.16650247573853 16.4835033416748 44.9710006713867 12.172887802124 8.4418249130249 11.3874206542969 6.26289176940918 6.96364688873291 20.0725898742676 7.16433668136597 6.77354288101196 8.73939990997314 8.04355812072754 4.40752601623535 15.4218139648438 25.469913482666 14.80517578125 11.1324682235718 8.05079078674316 5.61067867279053 4.64927434921265 17.4641819000244 8.55259418487549 20.3359413146973 31.8824367523193 16.8363800048828 13.7469635009766 5.89797258377075 3.81709742546082 3.38102960586548 3.30107975006104
13.7264127731323 14.8632860183716 19.77610206604 11.708477973938 19.6858539581299 18.647123336792 13.662543296814 7.63156080245972 6.88433265686035 6.6147084236145 6.2844500541687 5.79098701477051 21.8563709259033 13.1306943893433 13.7898893356323 11.5348138809204 46.264575958252 15.8987216949463 9.92418193817139 8.01372814178467 6.62641763687134 3.23495221138 22.7433815002441 21.9848670959473 9.88934230804443 9.24103546142578 9.32464981079102 8.00637531280518 5.66158103942871 17.2734088897705 15.4016981124878 12.4214534759521 8.91220569610596 5.71425580978394 5.47844314575195 3.56682634353638 3.68092370033264 29.2127933502197 43.7457618713379 17.9462699890137 13.8849506378174 7.85869741439819 2.9092001914978 23.8463153839111 2.76617550849915
1.99992620944977 5.16867542266846 1.73590862751007 34.5768890380859 16.1902961730957 20.591682434082 13.4327983856201 8.54983520507812 7.2690863609314 6.08246803283691 23.1730346679688 8.29972743988037 5.07857656478882 16.4965763092041 7.84972190856934 11.0779209136963 46.4606513977051 19.4578323364258 10.231427192688 6.4233775138855 4.35926818847656 3.73339033126831 16.9660263061523 16.3892555236816 16.4832000732422 15.2364797592163 10.188024520874 6.90414428710938 5.32673120498657 10.1426954269409 22.7465476989746 12.3390874862671 6.75127840042114 6.14615535736084 13.4017353057861 4.84071016311646 5.07906198501587 22.4277458190918 35.4925384521484 26.1383171081543 20.6601696014404 13.3964920043945 3.42044258117676 2.35487365722656 1.96475327014923
1.00451898574829 -0.074868269264698 4.02324628829956 27.0555477142334 32.0885009765625 25.2427463531494 15.8862895965576 13.3933486938477 8.60832023620605 12.8162822723389 5.13163471221924 4.83520984649658 4.3148341178894 15.5808334350586 13.2747325897217 10.9897241592407 27.4178371429443 16.1496257781982 13.3839063644409 8.4039421081543 7.02470397949219 6.34889793395996 9.90093803405762 44.1292304992676 24.3944435119629 21.8280029296875 17.0624618530273 6.3812575340271 13.7647638320923 19.6842060089111 9.08389472961426 9.20422744750977 5.80912923812866 4.92553186416626 4.71149492263794 4.4582257270813 6.2252779006958 6.51170778274536 43.2449340820312 20.0846405029297 16.7694625854492 15.8084936141968 2.14678263664246 2.01651525497437 1.87588012218475
4.46906614303589 -0.00514794839546084 13.5268812179565 0.389527767896652 19.4000148773193 47.9461517333984 15.8922252655029 13.3026294708252 8.3711404800415 30.1602993011475 5.39304161071777 4.97773551940918 7.65940046310425 10.9198484420776 10.5433177947998 18.6639842987061 16.7599315643311 31.3968257904053 9.32378578186035 13.3152465820312 5.41336965560913 7.20236396789551 41.5685729980469 5.56785345077515 4.86909151077271 5.50375652313232 13.216609954834 7.19847393035889 5.264732837677 40.2364082336426 22.6257877349854 18.0878086090088 23.8608741760254 5.97323608398438 6.184157371521 6.94154977798462 4.66318273544312 4.28493881225586 6.97315645217896 38.2947769165039 16.5588150024414 12.5591859817505 2.66187381744385 2.20240187644958 1.69283080101013
14.1020050048828 0.0493233613669872 6.42549896240234 25.0193634033203 14.3883838653564 38.01611328125 20.4806690216064 20.4891815185547 9.27215766906738 7.23573207855225 14.5088806152344 7.37224817276001 7.39952993392944 15.1429576873779 6.52451133728027 8.67934799194336 7.39065647125244 8.17258930206299 5.87374353408813 47.5360641479492 22.4717350006104 7.44069337844849 4.87334108352661 8.52725505828857 5.65843057632446 4.73872375488281 4.70373106002808 9.35964870452881 14.860767364502 6.0416955947876 8.68289661407471 4.11718320846558 18.1943473815918 4.74812269210815 45.9958267211914 4.3670711517334 4.21969604492188 4.33792209625244 3.27002620697021 15.9325361251831 46.8326301574707 13.6282997131348 3.15402293205261 2.2030565738678 1.92213416099548
0.116055361926556 -1.00287055969238 23.0739917755127 -0.459222704172134 48.8521614074707 29.4660778045654 14.958288192749 13.8199996948242 11.8547029495239 11.5286884307861 10.7530117034912 13.5697259902954 10.9107418060303 9.88974475860596 10.1423120498657 11.6134881973267 11.1750116348267 8.20880699157715 5.9716477394104 4.94247722625732 20.6928958892822 5.01582908630371 3.90795660018921 17.5235137939453 3.83969473838806 4.00010347366333 11.2793197631836 10.383056640625 12.5587244033813 10.3195190429688 6.40707731246948 4.34086513519287 3.89914011955261 13.6448526382446 3.94561409950256 43.6341361999512 4.5944676399231 4.30097198486328 3.57950234413147 3.15613460540771 9.7536449432373 8.93003368377686 3.23342156410217 2.70239329338074 1.90285623073578
13.0428924560547 -0.710367321968079 7.54325675964355 11.3100109100342 23.348072052002 27.003023147583 26.937650680542 18.682336807251 11.8022003173828 11.3809938430786 11.6074504852295 10.5660037994385 10.368763923645 10.0400075912476 18.3014297485352 9.56785869598389 8.49503517150879 7.34612321853638 7.00151586532593 14.7262964248657 5.13498783111572 16.6313285827637 8.24667167663574 4.26738262176514 5.53330898284912 3.55720138549805 8.49286365509033 6.72155904769897 19.2191104888916 9.06369209289551 7.20739459991455 4.23183345794678 4.07523059844971 6.61504936218262 7.8288459777832 43.0689010620117 6.60705327987671 3.77670860290527 14.2754325866699 2.91233038902283 13.3591117858887 6.44795179367065 4.16868782043457 2.96682548522949 2.52442646026611
-0.314457684755325 3.92628216743469 10.5318946838379 6.71667337417603 17.5706748962402 19.2062110900879 16.2980632781982 29.547212600708 17.7615756988525 15.8021183013916 15.4291505813599 16.588960647583 17.9712600708008 19.9275436401367 23.6762847900391 17.2095680236816 9.89919853210449 26.9677219390869 20.5040397644043 7.5682201385498 6.55477714538574 14.4709215164185 4.21409606933594 14.8316659927368 3.58264994621277 3.71084451675415 3.52649021148682 7.08984422683716 4.05915212631226 13.5557880401611 6.52568817138672 11.7891073226929 10.2425222396851 3.70846462249756 3.71743273735046 3.5392529964447 49.6868476867676 10.2346038818359 3.74869632720947 11.1504535675049 2.7729799747467 3.52846169471741 19.5129165649414 2.75197315216064 2.66597247123718
0.643048942089081 -0.0467979796230793 -0.454022288322449 13.9409914016724 4.36966466903687 44.2197914123535 22.5238914489746 18.7750110626221 13.5044612884521 20.3062801361084 25.4234943389893 23.3250961303711 22.5912761688232 16.8911094665527 14.0644664764404 17.013277053833 16.8641109466553 16.9977874755859 20.884765625 14.9433584213257 7.52541780471802 5.5544171333313 5.4090051651001 4.78262424468994 4.16529989242554 3.97957158088684 3.562180519104 13.2293329238892 8.35518360137939 8.06684398651123 6.89065217971802 3.89655661582947 3.36931037902832 15.4489049911499 3.96467781066895 3.30174994468689 20.3942718505859 44.2152442932129 9.8364782333374 5.45642518997192 2.67501425743103 10.1502876281738 5.40668487548828 4.87045955657959 2.64863705635071
0.0512608923017979 8.38932418823242 4.54778957366943 13.7349491119385 13.1102361679077 31.5365715026855 24.425968170166 20.3935661315918 19.8839588165283 26.0366039276123 25.1609382629395 21.8422183990479 14.493914604187 39.6244583129883 17.7062664031982 15.6268577575684 14.5051860809326 11.7766828536987 11.30162525177 11.236065864563 10.1692600250244 6.68108749389648 6.61139917373657 5.25924682617188 4.58206415176392 4.36050367355347 19.8328342437744 12.1830005645752 12.2529850006104 6.39720678329468 3.4842848777771 5.33439111709595 3.08960676193237 3.08243656158447 12.2481489181519 3.31283402442932 3.18253755569458 2.94537496566772 12.1368446350098 21.0430679321289 2.74671292304993 2.52439737319946 19.2665271759033 3.19272994995117 7.00913238525391
0.672612965106964 0.123419977724552 2.72650671005249 28.7617893218994 13.0267095565796 31.6001796722412 12.4441709518433 27.1687202453613 17.76003074646 18.6579818725586 31.9440879821777 19.2727718353271 27.4872035980225 19.742115020752 21.9230995178223 15.938138961792 13.4912710189819 13.462366104126 12.6882228851318 11.9645872116089 9.71914768218994 7.21978139877319 6.2051796913147 5.8159761428833 5.4460768699646 4.92033100128174 12.545636177063 7.50509643554688 9.80893325805664 4.63062810897827 3.39734673500061 3.03429436683655 2.54997539520264 17.4967479705811 12.8299970626831 5.60236978530884 3.47252750396729 2.82274746894836 3.04408168792725 7.29371404647827 15.9699068069458 4.70012998580933 4.89729499816895 7.50608348846436 10.5128011703491
3.83336639404297 2.56134009361267 23.5917453765869 21.5976753234863 29.8292388916016 25.4183349609375 26.7175731658936 15.6125860214233 14.2587070465088 20.2425785064697 21.4992256164551 18.707878112793 31.6559104919434 18.3357715606689 16.8361396789551 13.9639129638672 13.1163206100464 12.4691429138184 11.7357892990112 11.0783224105835 11.08860206604 8.00398731231689 6.3525390625 6.00505638122559 4.44598340988159 4.37879800796509 31.7772426605225 4.02703619003296 10.9131021499634 3.56841444969177 7.38814353942871 6.45359325408936 3.08167004585266 2.92550754547119 2.44570970535278 4.61201286315918 15.7885208129883 3.79003119468689 2.83735203742981 2.65071225166321 6.25463533401489 14.9773979187012 3.75844168663025 9.41213989257812 8.444655418396
4.81366300582886 15.9916620254517 14.2376098632812 28.7980690002441 20.9930801391602 15.473503112793 12.5129566192627 25.6120586395264 13.1348714828491 34.4877319335938 23.0931587219238 35.8760871887207 23.7811298370361 18.8404979705811 15.2453737258911 15.1975154876709 14.1096296310425 13.1500015258789 11.2939872741699 10.6144990921021 10.1818399429321 9.5685920715332 5.40635824203491 5.15072202682495 7.59595680236816 14.9372749328613 4.84989833831787 6.3037428855896 3.58060050010681 3.45320200920105 3.33587121963501 3.69761300086975 3.17238092422485 3.78157162666321 2.4102668762207 2.19910836219788 27.863826751709 6.93524312973022 3.58821034431458 2.22196817398071 10.4386358261108 2.10554528236389 1.96849477291107 23.9476585388184 4.14627504348755
2.22230195999146 11.9155960083008 21.5409774780273 12.9736471176147 7.5651478767395 14.5921812057495 19.6108665466309 10.3855895996094 36.2341003417969 20.5832672119141 24.1629486083984 30.4605140686035 21.9087314605713 18.3465785980225 15.826602935791 13.9888429641724 12.820629119873 12.05846118927 12.0496082305908 11.2995147705078 10.6004333496094 5.68055057525635 4.66134834289551 3.90535354614258 18.9833812713623 5.11448049545288 4.68619060516357 5.11751365661621 3.93107604980469 19.3713474273682 3.11744928359985 5.25808429718018 2.92372131347656 2.8228075504303 2.34147715568542 5.39503812789917 17.909969329834 11.2373790740967 5.58223247528076 9.05650329589844 2.97915768623352 3.70549178123474 2.15788984298706 8.57007122039795 10.4570226669312
3.22746920585632 11.1587953567505 16.943208694458 14.7897024154663 11.6985836029053 11.6210317611694 20.5600910186768 16.2082557678223 28.2505722045898 28.6285934448242 22.8857173919678 23.1354312896729 17.3663921356201 17.4509029388428 15.0760974884033 13.1286478042603 11.8781337738037 11.3761739730835 10.8411569595337 10.5469198226929 6.28007411956787 6.06319189071655 4.85726261138916 7.566819190979 3.85149383544922 4.88791608810425 12.6778450012207 3.61047649383545 4.23800086975098 4.01509475708008 3.73486256599426 3.49830460548401 3.34224438667297 16.0303630828857 2.77955079078674 2.57960200309753 6.42116832733154 5.51694631576538 5.23070621490479 3.18672633171082 13.6357707977295 2.14352655410767 7.6960916519165 16.7259750366211 8.95532417297363
7.28117036819458 26.8951950073242 21.2581653594971 9.99903774261475 17.6837387084961 11.4788618087769 16.0168857574463 28.0925102233887 27.562183380127 24.7402038574219 24.2154541015625 19.4131736755371 18.8913288116455 16.2549629211426 14.1597566604614 12.116584777832 12.0340480804443 11.294605255127 10.5477113723755 6.52963781356812 5.11655235290527 5.12138938903809 4.43494319915771 4.29939842224121 3.11568140983582 13.5242261886597 5.49971914291382 8.22372245788574 3.51052904129028 3.20272660255432 2.93828320503235 3.43169903755188 3.27052593231201 3.17524313926697 4.82301664352417 3.01929402351379 3.634526014328 6.14832353591919 2.6411554813385 2.38506746292114 2.14435291290283 10.6092662811279 1.95200264453888 14.6508007049561 16.6558170318604
24.1848812103271 20.1048393249512 17.7133464813232 28.4765186309814 18.208625793457 24.9261951446533 25.3738956451416 25.367712020874 29.4190139770508 22.2641410827637 18.4368343353271 16.0473194122314 15.5724649429321 14.1077880859375 12.876802444458 12.17409324646 10.9373064041138 9.95239543914795 5.98176002502441 5.98484468460083 5.43555974960327 4.56005525588989 4.14418458938599 2.48358917236328 6.32143211364746 15.6897993087769 6.5770001411438 4.22208690643311 2.99550461769104 2.87271595001221 17.0400905609131 2.64536833763123 2.48737525939941 4.38871097564697 9.52062511444092 5.12434053421021 3.01718306541443 2.82521796226501 5.79810905456543 2.24052667617798 3.59555816650391 11.4185171127319 8.4786958694458 5.48722219467163 13.7258853912354
28.9344711303711 20.529224395752 24.198070526123 25.3766136169434 26.7201538085938 21.4723796844482 23.8288345336914 24.3580932617188 20.9117965698242 17.9726676940918 16.4557685852051 14.1332893371582 12.3769979476929 11.8587265014648 11.0158100128174 11.4538679122925 10.5153903961182 5.60095596313477 5.51279735565186 5.07174587249756 4.41497230529785 3.57844281196594 9.74587059020996 3.74656176567078 2.85409474372864 2.47970724105835 1.99394392967224 7.37026929855347 2.37027931213379 6.77455234527588 2.33084297180176 30.5999622344971 6.23684978485107 7.67667150497437 2.55355024337769 2.35561776161194 15.049262046814 2.99127101898193 2.80259656906128 4.26355504989624 4.06891107559204 6.01001644134521 4.92899465560913 21.1318206787109 4.08946371078491
32.6465148925781 24.378963470459 21.1486339569092 20.3477897644043 17.5411548614502 16.6550769805908 17.0162200927734 16.5598220825195 15.1654510498047 13.7076711654663 12.8432350158691 13.5085897445679 12.1481494903564 10.9825611114502 10.1037263870239 9.4176607131958 5.08465576171875 5.03065633773804 4.71231889724731 4.68064165115356 3.98388910293579 3.11760139465332 4.60382080078125 2.037034034729 1.66134440898895 1.66560363769531 1.47416162490845 4.29121828079224 33.3224678039551 4.47589921951294 7.230393409729 8.10573196411133 10.4286670684814 3.12277913093567 2.10897970199585 2.15449500083923 2.00200605392456 12.3749799728394 10.9845657348633 2.69931936264038 2.78865885734558 6.33709096908569 2.76048636436462 9.49063205718994 3.97989225387573
