slauniainen/Data/DEM/Vihti_dsm1500b_cl_horizonAngle_246.asc
NCOLS 196 
NROWS 178 
XLLCORNER 353680 
YLLCORNER 6699024 
CELLSIZE 16 
NODATA_value -3.4e+38 
[rows 0 to 19 of 178, columns 90 to 134 of 196]
4.12153434753418 8.11563968658447 1.22149968147278 0.902475714683533 19.1942977905273 5.8099799156189 4.23841333389282 22.6595134735107 58.1923751831055 38.4948501586914 33.4611740112305 27.2568264007568 24.4941158294678 16.4609527587891 10.6825771331787 43.8793830871582 18.4369049072266 11.9891147613525 8.66042232513428 6.36136293411255 10.4315090179443 8.644700050354 6.31274175643921 5.68821954727173 5.26077795028687 4.81873512268066 4.43231821060181 2.87287640571594 2.06540036201477 2.18612551689148 2.07504820823669 1.54080450534821 1.47106730937958 1.40480089187622 1.3111914396286 1.25902843475342 1.07922196388245 3.70371651649475 10.2870979309082 6.27830600738525 3.82173752784729 1.69148635864258 1.29454469680786 1.18049085140228 1.08552062511444
8.44480514526367 8.82170486450195 1.38932287693024 5.91398668289185 2.7193865776062 20.5738067626953 10.2152757644653 14.5135259628296 56.8954467773438 39.5801658630371 34.1247329711914 21.3783664703369 19.2289867401123 8.50009918212891 44.2001266479492 10.1990270614624 25.1612663269043 12.7095651626587 20.4308300018311 14.8297510147095 9.62401294708252 7.98891401290894 6.9706826210022 6.21557998657227 3.7725465297699 3.45435643196106 2.46527290344238 2.51840949058533 2.3756046295166 1.74860751628876 1.65867304801941 1.42292392253876 1.38627755641937 1.33468556404114 1.28525352478027 0.774850964546204 0.715976238250732 18.9685516357422 6.40281772613525 2.37598657608032 1.72152614593506 1.51209044456482 1.12116360664368 1.02574145793915 0.938472032546997
2.21050691604614 19.6738872528076 5.67373752593994 9.70090866088867 2.40232110023499 9.92885398864746 4.74756097793579 21.0606994628906 57.8334350585938 27.6147003173828 23.3811473846436 17.3709125518799 16.2425117492676 7.05316734313965 32.9372596740723 6.35795497894287 3.85755848884583 31.0403385162354 19.0300750732422 13.6882810592651 10.4628658294678 8.73866558074951 4.87574005126953 3.50729966163635 2.58085560798645 2.98673248291016 2.78026986122131 2.01761817932129 1.897740483284 1.51669418811798 1.45138597488403 1.39088869094849 1.35897433757782 1.31862318515778 1.25770545005798 0.722900986671448 19.5970287322998 3.93358969688416 2.56178760528564 2.13910555839539 1.48347473144531 1.31555211544037 0.978649377822876 0.905148565769196 -0.569894909858704
22.6811199188232 9.98619747161865 8.33815860748291 3.30674409866333 11.9332847595215 2.11646127700806 26.4397506713867 50.4266777038574 29.6745300292969 19.5068988800049 19.6875972747803 11.874116897583 8.40882968902588 14.2663125991821 5.61596775054932 4.08076906204224 3.22114706039429 24.5137634277344 17.3320808410645 14.7038373947144 6.95890808105469 4.96245431900024 4.03602313995361 3.66880536079407 3.35838222503662 2.48520612716675 2.27420139312744 2.22986245155334 1.55707204341888 1.47494196891785 1.43583226203918 1.3780882358551 1.33901464939117 1.30379498004913 0.926796317100525 12.4056425094604 4.98622179031372 3.58143544197083 2.17959070205688 1.84133982658386 1.02469432353973 0.979659557342529 1.31720292568207 -0.474647283554077 -0.563518226146698
28.415132522583 17.8672828674316 26.9190139770508 3.99201154708862 2.34719705581665 2.53228998184204 57.905647277832 33.1136322021484 28.8066177368164 13.95823097229 13.8524160385132 8.28696918487549 6.25643873214722 4.28699827194214 4.26969528198242 3.53011393547058 2.93495535850525 24.0968151092529 20.8560276031494 8.3491907119751 5.36469650268555 4.73935651779175 3.4074432849884 2.93401408195496 2.68675184249878 2.34149980545044 1.64592576026917 1.57473623752594 1.5276620388031 1.46703827381134 1.4243870973587 1.38918006420135 1.33511221408844 1.28557753562927 0.944524526596069 10.9740200042725 4.32007837295532 3.12458729743958 1.0666184425354 1.02244544029236 1.45546340942383 1.39981770515442 1.54639959335327 -0.248259395360947 -0.825933456420898
25.5660629272461 34.2362403869629 15.3648977279663 10.3595685958862 3.81100487709045 2.83220553398132 54.4156074523926 23.3893756866455 19.0491275787354 8.86844158172607 8.94269561767578 5.0421314239502 19.8042964935303 6.89693450927734 3.60484862327576 2.83476090431213 10.4914274215698 17.941499710083 7.98474740982056 6.66068601608276 4.80533599853516 3.79202818870544 2.66197848320007 2.46405363082886 2.02103137969971 1.68112981319427 1.63207101821899 1.5664519071579 1.51786041259766 1.47843861579895 1.42457365989685 1.38332259654999 1.3468451499939 1.2693680524826 0.959724128246307 9.50155735015869 1.12191319465637 1.68183326721191 1.61345100402832 1.53824555873871 1.71952676773071 1.63382065296173 0.48128542304039 -0.373194694519043 -0.71201229095459
38.8138198852539 8.4719123840332 9.15311717987061 21.9062938690186 9.42365837097168 4.47017431259155 42.6513137817383 11.444465637207 8.70271873474121 8.64405727386475 10.1224431991577 6.07437372207642 11.450457572937 3.07315468788147 5.72403144836426 6.78350162506104 12.0261306762695 11.2530279159546 8.1208438873291 5.33166694641113 2.79317378997803 2.59946179389954 2.18953108787537 1.84112548828125 1.76122891902924 1.68152678012848 1.62402713298798 1.5785825252533 1.52188944816589 1.47458159923553 1.4361115694046 1.35683822631836 1.32420134544373 1.27020812034607 1.33762669563293 1.86048221588135 1.79932010173798 2.61491131782532 1.90113484859467 1.80101907253265 1.58840727806091 3.7900230884552 3.14488935470581 0.161749511957169 -0.941651582717896
4.20855855941772 19.4671478271484 18.1040325164795 13.3978729248047 21.4029769897461 12.8074932098389 11.3779268264771 7.87066030502319 5.87999486923218 20.9129734039307 6.54524040222168 3.4201352596283 17.108606338501 2.92517137527466 2.50922608375549 10.0934629440308 10.6120777130127 14.6331691741943 3.50317311286926 2.66039776802063 2.29808950424194 2.14068746566772 1.95043706893921 1.85379958152771 1.74691593647003 1.69431459903717 1.63239645957947 1.57790744304657 1.53352534770966 1.44579780101776 1.40871584415436 1.81253778934479 1.65706956386566 2.34051561355591 2.19144439697266 1.87139141559601 6.07799243927002 1.28988969326019 2.86592602729797 7.33325672149658 5.32047748565674 1.65294599533081 11.3818159103394 4.76654195785522 -0.222107008099556
27.788158416748 31.726354598999 11.5291090011597 14.9149761199951 33.6079635620117 12.8317565917969 9.84829902648926 4.29413890838623 35.4606323242188 3.82272267341614 3.82130718231201 3.07351970672607 6.34104204177856 3.13563108444214 2.59628295898438 22.8253746032715 5.72876310348511 2.79736709594727 2.4553108215332 2.30426383018494 2.18757557868958 2.0386483669281 1.92646932601929 1.838538646698 1.75781762599945 1.69788312911987 1.64691126346588 1.55082213878632 1.5037567615509 2.41796660423279 2.14918875694275 2.76917028427124 2.57628536224365 2.74187994003296 2.57529640197754 1.65975832939148 0.838478147983551 0.64498096704483 16.1433849334717 1.85104477405548 21.8989181518555 15.9332237243652 1.96366786956787 0.281090974807739 1.91110730171204
3.28634452819824 46.8603782653809 22.5355930328369 18.5182857513428 12.936336517334 11.8435468673706 5.12660551071167 4.36261749267578 4.17700338363647 3.98066663742065 3.75612664222717 3.66446661949158 3.49640703201294 2.85615634918213 15.5310525894165 2.85940933227539 3.37475419044495 2.64454221725464 2.49911332130432 2.33654022216797 2.1844642162323 2.06997394561768 1.96704244613647 1.8667505979538 1.78544616699219 1.70232450962067 1.62396204471588 3.62479853630066 3.72200965881348 3.38448905944824 3.10170888900757 3.23380732536316 3.01237273216248 2.02503776550293 1.40497803688049 2.30487179756165 2.11634421348572 2.21143198013306 -0.258074253797531 40.4285926818848 3.65140175819397 4.06183242797852 2.89547562599182 3.31225872039795 0.257023423910141
3.22140955924988 39.7207374572754 20.2756290435791 16.6090202331543 6.24322366714478 5.8057074546814 4.86964321136475 4.70087194442749 4.23255395889282 4.01815986633301 3.81122279167175 3.72897052764893 3.65964531898499 3.45495700836182 3.24435663223267 3.01432776451111 2.87782287597656 2.71184277534485 2.52509689331055 2.3835813999176 2.27258372306824 2.13671827316284 2.02294754981995 1.91906547546387 1.81655764579773 7.16442394256592 5.12876796722412 4.38062381744385 4.36526870727539 3.9689793586731 3.62306237220764 1.25426769256592 3.10819029808044 2.81980681419373 2.57918095588684 2.71326112747192 2.51926755905151 1.53594529628754 0.676261246204376 0.638244390487671 8.4386682510376 6.39420175552368 4.58794355392456 0.778197824954987 1.50022411346436
3.21994280815125 35.8726196289062 7.04662847518921 5.82068824768066 6.44863510131836 5.41723728179932 5.27746391296387 4.66601610183716 4.58667230606079 4.40274286270142 4.12841653823853 4.01024150848389 3.87131190299988 3.61234569549561 3.4316828250885 3.18272686004639 2.9749071598053 2.75099897384644 2.61269688606262 2.46308922767639 2.32796382904053 2.21064043045044 2.04843735694885 1.6608989238739 15.734580039978 7.61934995651245 5.81486129760742 5.12410831451416 4.03300666809082 1.37792503833771 4.13104629516602 3.63675856590271 3.65285801887512 3.32007741928101 3.03757119178772 1.82981848716736 1.28675162792206 0.943212866783142 0.913902223110199 0.503439784049988 14.3526744842529 0.809134602546692 2.93913626670837 12.3889188766479 8.84552097320557
3.67085218429565 4.35615968704224 4.76829051971436 5.71832418441772 5.58207035064697 4.6802978515625 5.342200756073 5.88211727142334 5.2863941192627 4.73013877868652 4.60307931900024 4.28520202636719 4.05441284179688 3.91219425201416 3.63813591003418 3.44655060768127 3.18240261077881 2.9387686252594 2.644700050354 2.52379488945007 2.37650465965271 1.31768989562988 16.0260887145996 5.14107847213745 16.6177616119385 9.61206531524658 6.83607339859009 1.62786412239075 6.18774795532227 5.14777803421021 4.86201477050781 4.28013467788696 2.40129208564758 2.19506978988647 1.54109787940979 1.11680841445923 1.04241716861725 0.963148534297943 0.907229125499725 0.870809972286224 0.683653831481934 0.1879792958498 25.8468246459961 8.05027294158936 5.68207502365112
3.78044891357422 3.88602113723755 4.15015363693237 5.07376623153687 3.89508700370789 3.52266478538513 4.67537784576416 5.17670249938965 5.61163949966431 5.32408046722412 4.73422527313232 4.68245983123779 4.34497404098511 4.02591562271118 3.91532778739929 3.59636449813843 3.28352165222168 3.00049567222595 2.81353616714478 2.55989933013916 1.08107721805573 27.276704788208 15.4114999771118 5.47410869598389 20.7442493438721 2.93424415588379 12.2527074813843 8.74481296539307 7.279869556427 6.0415186882019 3.10534524917603 2.2038049697876 1.55405235290527 1.44686949253082 1.32600057125092 1.1630687713623 1.05022597312927 0.942033648490906 0.918756484985352 0.897739231586456 0.688575327396393 0.400646388530731 15.06236743927 8.10302639007568 0.133974149823189
3.97222399711609 3.93220829963684 4.31643152236938 3.52909326553345 3.35639905929565 3.37631988525391 3.30355286598206 3.95222401618958 4.71555519104004 5.25233268737793 5.13301753997803 4.75639533996582 4.56970882415771 4.33103084564209 4.00095367431641 3.77358293533325 3.42124247550964 3.0488121509552 2.82214665412903 2.34086537361145 0.498412817716599 31.627067565918 2.72929763793945 3.30499053001404 1.04714608192444 25.8251209259033 14.3141260147095 10.235725402832 4.39260196685791 3.10481929779053 2.07215070724487 1.92744922637939 1.77718889713287 1.56807565689087 1.05177414417267 1.00784921646118 0.978828489780426 0.976572155952454 0.949233591556549 0.923039615154266 0.918278276920319 0.40047213435173 0.308837354183197 21.1846160888672 0.0930572971701622
4.03063821792603 3.60231375694275 3.42362999916077 3.39529371261597 2.95907831192017 2.95609951019287 2.59925866127014 2.8004949092865 3.5198609828949 4.39436769485474 4.99608850479126 5.09448432922363 4.68269014358521 4.4331431388855 4.14106559753418 3.79332208633423 3.43570852279663 3.11808466911316 2.5488965511322 2.21197891235352 5.25977897644043 5.02193450927734 4.17462873458862 1.72758078575134 1.0488942861557 28.3811302185059 7.43175983428955 5.27860116958618 3.10630869865417 2.88768553733826 2.66763257980347 2.2044849395752 1.13322031497955 1.08932662010193 1.05255401134491 1.04595923423767 1.01838564872742 0.990412950515747 0.992145299911499 0.970966637134552 0.941113710403442 0.846258759498596 2.12373471260071 1.40594744682312 0.968909323215485
3.52371454238892 3.49178600311279 3.03848743438721 3.01914668083191 2.62636256217957 2.54163527488708 2.2568507194519 1.8548721075058 2.51098561286926 3.42488861083984 4.18436861038208 4.87256050109863 4.80255079269409 4.32521533966064 3.99355888366699 3.75252032279968 3.51988768577576 3.08712291717529 1.81454694271088 11.6067800521851 7.08562850952148 1.92737197875977 1.74632799625397 1.36782467365265 6.90323734283447 10.8033103942871 4.05378198623657 5.59850311279297 5.28205347061157 3.77335619926453 1.21179831027985 1.18027520179749 1.17189025878906 1.14602708816528 1.10311591625214 1.07728350162506 1.0591881275177 1.03488779067993 1.02196431159973 1.01505088806152 0.993878543376923 0.844809830188751 0.973254799842834 0.855820178985596 5.44378566741943
3.1261579990387 3.10670709609985 2.69652533531189 2.54137778282166 2.30254745483398 1.87036240100861 1.85713827610016 1.84208583831787 1.73728609085083 2.62835144996643 3.67848587036133 4.11377429962158 4.14544725418091 4.04621267318726 3.93206334114075 3.74208784103394 3.35351061820984 1.45484828948975 17.2415046691895 4.64205503463745 2.07293081283569 4.42751407623291 3.15244817733765 2.08287954330444 1.51032376289368 1.57085752487183 1.70167529582977 10.5741262435913 1.28567898273468 1.26957058906555 1.25859212875366 1.23997735977173 1.20397329330444 1.18917286396027 1.16543626785278 1.13503563404083 1.09744238853455 1.09278035163879 1.07850420475006 1.04996454715729 0.961825966835022 0.890654027462006 0.982167541980743 9.91049861907959 4.30627250671387
2.74834823608398 2.60986232757568 2.36574244499207 2.1992712020874 1.92779982089996 1.88386249542236 1.62776041030884 1.80444777011871 1.80744481086731 1.87945806980133 2.84482431411743 3.34125137329102 3.00615549087524 3.0910050868988 3.2590491771698 3.22404265403748 3.16064381599426 2.85705900192261 2.42562222480774 1.77487456798553 9.59367275238037 2.19385647773743 1.97494053840637 5.14896249771118 4.5251989364624 1.94994807243347 1.86464738845825 1.90531897544861 1.87813770771027 1.30386745929718 1.28589653968811 1.27623438835144 1.26042091846466 1.23179137706757 1.21995222568512 1.19959735870361 1.16086709499359 1.13072741031647 1.11918008327484 1.0901894569397 0.629484236240387 1.64688169956207 0.48403137922287 16.8519897460938 5.80273675918579
3.44535994529724 2.99306678771973 2.62530255317688 2.16706967353821 2.04813885688782 1.85787582397461 1.839390873909 1.6782054901123 1.67918229103088 2.06330013275146 2.29879093170166 2.73659086227417 2.62173986434937 3.01416563987732 3.04286766052246 3.09543180465698 2.12650918960571 2.33311796188354 2.32050251960754 2.26618432998657 1.80793333053589 1.62492871284485 13.257396697998 2.03178310394287 1.93323194980621 1.96095669269562 1.92034685611725 1.83096241950989 1.91598010063171 1.88675153255463 1.34505367279053 1.32638382911682 1.30261635780334 1.28510844707489 1.25202977657318 1.24802112579346 1.21844971179962 1.17870843410492 1.1585499048233 0.497347891330719 6.48360157012939 0.571689069271088 2.85161304473877 13.5534505844116 4.62917137145996
