slauniainen/Data/DEM/Vihti_dem1500b_cl_horizonAngle_90.asc
NCOLS 196 
NROWS 178 
XLLCORNER 353680 
YLLCORNER 6699024 
CELLSIZE 16 
NODATA_value -3.4e+38 
[rows 100 to 119 of 178, columns 0 to 44 of 196]
4.48560380935669 5.66880083084106 7.19383096694946 7.80625915527344 0.842156291007996 0.0993425920605659 0.311862528324127 0.673041939735413 0.959980487823486 1.1413516998291 1.24543488025665 1.37517988681793 1.44794976711273 1.51675248146057 1.58537018299103 1.70026171207428 1.82033121585846 1.97247076034546 2.14187717437744 2.33258056640625 2.4874267578125 2.56068992614746 2.68242740631104 2.79603266716003 2.90070557594299 2.9797830581665 3.1004536151886 3.23065280914307 3.37600803375244 3.54674458503723 3.7258198261261 3.95567893981934 4.15224027633667 4.3307843208313 4.58283710479736 5.09168672561646 5.79705429077148 5.52237176895142 6.82621622085571 0.268664062023163 0.407128870487213 0.981094896793365 1.43994688987732 1.94228053092957 2.07331371307373
3.91774988174438 4.34090280532837 5.78433084487915 6.92617702484131 4.26387548446655 0.400870114564896 0.530317187309265 0.807013750076294 1.18892252445221 1.48109793663025 1.64406740665436 1.749178647995 1.86348497867584 1.93930125236511 2.01816058158875 2.11368608474731 2.22487831115723 2.40211033821106 2.59955406188965 2.81347513198853 3.06618785858154 3.18592882156372 3.32486963272095 3.47124838829041 3.60115790367126 3.74535298347473 3.89284205436707 4.05644989013672 4.26716566085815 4.54495000839233 4.85949420928955 5.25504398345947 5.67878818511963 6.17248249053955 6.77266931533813 7.50336217880249 8.59145069122314 11.0313301086426 13.5571098327637 0.131469696760178 0.308485746383667 0.51999831199646 1.03873980045319 2.05256319046021 1.56564962863922
2.77438354492188 2.99443960189819 3.53468990325928 4.62789487838745 4.73965120315552 0.656813621520996 0.664836525917053 0.822908639907837 1.13326787948608 1.51946783065796 1.75859105587006 1.91240298748016 2.01297616958618 2.08435559272766 2.1805522441864 2.26652407646179 2.34800601005554 2.50521159172058 2.7111873626709 2.95171928405762 3.20556688308716 3.43834042549133 3.5416738986969 3.69379281997681 3.84405612945557 3.98550748825073 4.12634515762329 4.28431558609009 4.52786159515381 4.91232538223267 5.26028490066528 5.68737268447876 6.2368540763855 6.9246940612793 7.51079273223877 8.32303428649902 9.89745140075684 12.7125873565674 16.2887573242188 0.167629182338715 0.224570080637932 0.526128709316254 0.684038281440735 0.615018904209137 1.63571357727051
1.69465208053589 1.92406475543976 1.9855649471283 3.06008529663086 4.25575160980225 1.37089884281158 0.861710846424103 0.907208442687988 1.10972166061401 1.46409094333649 1.80089235305786 1.97768211364746 2.05850958824158 2.15982151031494 2.27421569824219 2.36109495162964 2.40468454360962 2.51768469810486 2.69655227661133 2.93602204322815 3.18076920509338 3.45037817955017 3.56344294548035 3.70196294784546 3.83040356636047 3.94402599334717 4.06827831268311 4.19937658309937 4.46035432815552 4.84056329727173 5.14363527297974 5.50625944137573 5.94381904602051 6.47388792037964 7.16196393966675 7.9486608505249 9.20437049865723 11.6734189987183 16.0675926208496 5.77401351928711 0.198161691427231 0.498569071292877 0.85726135969162 0.667630553245544 0.689608097076416
1.1327508687973 1.31814420223236 1.5053414106369 2.00312900543213 2.87541556358337 2.71460652351379 0.848711490631104 0.89263927936554 0.980804324150085 1.23329269886017 1.61087715625763 1.88315987586975 1.98514080047607 2.11794424057007 2.25770306587219 2.31391739845276 2.35454773902893 2.40717697143555 2.52886152267456 2.7245020866394 2.95308303833008 3.21799731254578 3.47948622703552 3.57358741760254 3.6560173034668 3.76325440406799 3.86444640159607 4.00124740600586 4.26773023605347 4.59303426742554 4.96680688858032 5.21308565139771 5.49201726913452 5.95514345169067 6.55418157577515 7.14903163909912 7.81201171875 8.77343845367432 10.9377899169922 11.2785520553589 0.125862210988998 0.196657359600067 0.403025358915329 0.455169439315796 0.49067884683609
0.753202199935913 0.763331592082977 0.770164966583252 1.16094136238098 2.04239249229431 2.75166463851929 0.776279628276825 0.88751208782196 0.791982412338257 0.954292774200439 1.27361738681793 1.60655927658081 1.78331816196442 1.90695714950562 2.0252103805542 2.08081650733948 2.14873123168945 2.15656709671021 2.20143413543701 2.32011675834656 2.50186944007874 2.71647000312805 2.99851369857788 3.15585565567017 3.17832517623901 3.25706100463867 3.34160923957825 3.46237444877625 3.64446520805359 3.92742013931274 4.17382431030273 4.22854852676392 4.46377658843994 4.85406303405762 5.29505205154419 5.77072477340698 6.16815614700317 6.4850902557373 7.85162830352783 7.66382789611816 2.62878751754761 0.0997140184044838 0.281281739473343 0.496356785297394 0.826151013374329
0.665354132652283 0.676987171173096 0.734778761863708 0.679598212242126 0.695690333843231 1.65614628791809 1.17055881023407 1.07764947414398 0.772684156894684 0.847177803516388 1.03805840015411 1.35132002830505 1.65913307666779 1.81313955783844 1.90393257141113 1.98055517673492 2.06488919258118 2.09023809432983 2.10122871398926 2.16145849227905 2.29802989959717 2.50625801086426 2.79099702835083 2.99201464653015 2.93999147415161 3.03057146072388 3.13503885269165 3.2467143535614 3.39922881126404 3.55716514587402 3.6554548740387 3.80224514007568 3.9863269329071 4.31847286224365 4.69601202011108 5.20833110809326 5.82764148712158 6.27017259597778 7.91780042648315 4.85518312454224 2.57875752449036 0.884491920471191 0.898676216602325 1.09621739387512 1.57342147827148
0.597594201564789 0.610091805458069 0.636022090911865 0.651003658771515 0.665195465087891 0.728730142116547 1.15993547439575 0.943682849407196 0.815622091293335 0.899939119815826 1.00015199184418 1.16318166255951 1.47588324546814 1.71600890159607 1.81880152225494 1.93611371517181 2.02573299407959 2.08060646057129 2.10502576828003 2.13860130310059 2.2424750328064 2.44986295700073 2.87594699859619 2.78057241439819 2.85825490951538 2.97779750823975 3.09649419784546 3.23634147644043 3.27089953422546 3.32081651687622 3.46788430213928 3.64150381088257 3.78841257095337 4.09066104888916 4.44844436645508 4.92031478881836 5.49656820297241 5.97541618347168 6.3786153793335 6.47427415847778 1.59769976139069 1.17831015586853 1.26060259342194 1.39681208133698 1.78668761253357
0.540566086769104 0.505087792873383 0.535571873188019 0.588148713111877 0.639911651611328 0.685203552246094 0.899700999259949 1.15388643741608 0.719723701477051 0.840168118476868 0.976127326488495 1.0788642168045 1.24801814556122 1.48339700698853 1.63092851638794 1.79785537719727 1.88584315776825 1.96554803848267 2.01427364349365 2.0664222240448 2.13628149032593 2.37148141860962 2.47868704795837 2.50668835639954 2.57351136207581 2.68381333351135 2.85859298706055 2.92504978179932 2.97618770599365 3.07054543495178 3.16351532936096 3.2802267074585 3.35138702392578 3.55021739006042 3.83904218673706 4.24046516418457 4.73212814331055 5.25534963607788 5.60869169235229 5.92385292053223 1.30472385883331 1.39292359352112 1.45662462711334 1.51843070983887 1.69830083847046
1.07610630989075 0.451707363128662 0.485204696655273 0.53654819726944 0.601516723632812 0.669336438179016 1.22139430046082 1.39032626152039 1.03493428230286 0.775671124458313 0.890910983085632 0.971330285072327 1.09463381767273 1.23480892181396 1.42163968086243 1.58374464511871 1.67327451705933 1.82615947723389 1.93712723255157 2.01958322525024 2.10150265693665 2.86872506141663 2.12968397140503 2.21019601821899 2.28361201286316 2.35210680961609 2.45266103744507 2.48394536972046 2.64639377593994 2.70920896530151 2.75857853889465 2.80600047111511 2.87426066398621 2.93000054359436 3.12313532829285 3.33892345428467 3.62420201301575 3.99671506881714 4.31012916564941 4.28089714050293 1.53429472446442 1.23479664325714 1.27961254119873 1.3437123298645 1.4103729724884
1.85437703132629 0.478507906198502 0.493869841098785 0.543907403945923 0.608383417129517 0.66257119178772 0.828940451145172 1.41037452220917 1.49204528331757 0.699000298976898 0.777049124240875 0.858173191547394 0.953784644603729 1.1284042596817 1.30024218559265 1.43550145626068 1.64345383644104 1.75826704502106 1.8146585226059 2.27705788612366 4.11113786697388 1.96783661842346 1.86054956912994 1.98155951499939 2.02795362472534 2.09764695167542 2.1943473815918 2.28453230857849 2.35237646102905 2.40195798873901 2.46437835693359 2.47194385528564 2.47878265380859 2.52050805091858 2.60935997962952 2.70483660697937 2.83658003807068 3.06479835510254 3.53324508666992 3.99871802330017 1.81065392494202 1.01294815540314 1.14341306686401 1.32114791870117 1.54574751853943
3.441725730896 0.713403701782227 0.467794239521027 0.525228440761566 0.591192066669464 0.64169043302536 0.677073121070862 0.718155026435852 1.04407012462616 0.721462786197662 0.805392205715179 0.901436746120453 0.971364736557007 1.052286028862 1.18535006046295 1.32022702693939 1.4377965927124 1.59273743629456 1.78511595726013 2.35156965255737 2.03932952880859 1.69772839546204 1.70789968967438 1.7794189453125 1.85699057579041 1.92885661125183 1.97278499603271 2.05112290382385 2.10409784317017 2.20435261726379 2.44343852996826 2.8851306438446 2.28406143188477 2.13913774490356 2.14034628868103 2.21098160743713 2.14161324501038 2.16965794563293 2.40016460418701 2.74069309234619 2.26723098754883 1.3767694234848 1.2741938829422 1.0769430398941 1.21152234077454
5.34310960769653 0.960330307483673 0.44575223326683 0.477479219436646 0.534946322441101 0.598836839199066 0.641450583934784 0.67946195602417 0.722017765045166 0.745031595230103 0.786099374294281 0.886684238910675 0.939794600009918 1.01113891601562 1.12388825416565 1.23500227928162 1.35952866077423 1.45741820335388 1.96998560428619 2.90887999534607 1.66773426532745 1.55739331245422 1.62267780303955 1.66361224651337 1.73086631298065 1.78991973400116 1.87712597846985 1.94953536987305 2.08960127830505 2.16860342025757 2.27002692222595 2.49020671844482 2.55147767066956 2.21402335166931 2.10265827178955 2.32489442825317 2.15527367591858 1.69719481468201 1.74670302867889 1.85444521903992 1.83465814590454 1.53896999359131 1.53994607925415 1.25436866283417 0.954290151596069
6.62200450897217 2.3091287612915 1.09127759933472 0.409749418497086 0.423070996999741 0.465333104133606 0.570832967758179 0.62758457660675 0.675512611865997 0.725970327854156 0.77994579076767 0.854189276695251 0.936986148357391 0.995819270610809 1.07623517513275 1.17409026622772 1.27999472618103 1.42205512523651 2.93952226638794 2.38416218757629 1.47222745418549 1.54477906227112 1.5700261592865 1.59095942974091 1.66611838340759 1.72107458114624 1.81363880634308 1.89085078239441 2.0150294303894 2.16125106811523 2.22709941864014 2.34364628791809 2.62521600723267 2.19206261634827 2.0797483921051 2.13848805427551 2.29093527793884 1.59520184993744 1.39591002464294 1.34558212757111 1.35003066062927 1.42815625667572 1.34187316894531 1.34927296638489 0.975966095924377
13.0045862197876 3.82379508018494 2.29832720756531 2.26590800285339 0.32184362411499 0.342841178178787 0.455711990594864 0.581596970558167 0.64720630645752 0.703506350517273 0.773598372936249 0.855241298675537 0.934605538845062 1.00189125537872 1.06272387504578 1.14538753032684 1.26092612743378 1.44285595417023 2.64603137969971 1.49587905406952 1.65491795539856 1.49751377105713 1.50053286552429 1.55031943321228 1.59474849700928 1.64531111717224 1.71587359905243 1.79167795181274 1.91189932823181 2.13894510269165 2.29871582984924 2.31582522392273 2.42729377746582 2.50240969657898 1.93078255653381 2.07452797889709 2.16296696662903 1.65198338031769 1.33854186534882 1.22061145305634 1.28508949279785 1.445152759552 1.08999395370483 1.08925664424896 1.12915730476379
17.7390537261963 5.56345081329346 5.17421579360962 6.44704341888428 3.87190771102905 0.150188535451889 0.321381747722626 0.50018846988678 0.608033180236816 0.674991548061371 0.754272758960724 0.84777706861496 0.93228679895401 1.00603342056274 1.06286799907684 1.15083611011505 1.28216993808746 2.0413031578064 2.38594174385071 3.09465551376343 1.41162288188934 1.41671752929688 1.44190454483032 1.4623030424118 1.51626217365265 1.57625353336334 1.6139167547226 1.70078706741333 1.81015503406525 1.9026882648468 2.17710566520691 2.27290487289429 2.23961138725281 2.27821040153503 1.88083171844482 2.08907055854797 1.94451832771301 1.43570578098297 1.35254716873169 1.4515962600708 1.35454499721527 1.35949563980103 1.37008249759674 1.38323295116425 1.40257108211517
16.8795013427734 8.4724063873291 6.45233058929443 6.51686191558838 7.71541166305542 0.0805066600441933 0.128488719463348 0.415150821208954 0.580166935920715 0.675202667713165 0.752241373062134 0.849207580089569 0.955694019794464 1.03695249557495 1.09736883640289 1.17831635475159 1.31610333919525 2.03103446960449 1.92348480224609 2.09587812423706 1.5543327331543 1.55720412731171 1.55774891376495 1.56261134147644 1.58211839199066 1.59922087192535 1.61286556720734 1.63232934474945 1.65136313438416 1.83065700531006 2.01810741424561 2.63368129730225 2.27034068107605 2.10785579681396 1.71517181396484 1.74789035320282 1.77570390701294 1.64925694465637 1.65670347213745 1.66713118553162 1.68076777458191 1.70160400867462 1.73333847522736 1.76085495948792 1.79805481433868
11.1771183013916 11.1989545822144 7.90490818023682 6.27005815505981 7.94951868057251 5.53071546554565 0.0457642935216427 0.285466998815536 0.5136678814888 0.660194873809814 0.762722551822662 0.862951517105103 0.970494508743286 1.06464087963104 1.12769448757172 1.20577728748322 1.3561806678772 2.21823811531067 1.63854587078094 2.01146984100342 1.87308549880981 1.75345861911774 1.54260814189911 1.54404401779175 1.55721926689148 1.56668508052826 1.58911883831024 1.78854644298553 1.80112898349762 1.83021187782288 1.83957362174988 1.851447224617 2.05156445503235 2.35374474525452 2.47266340255737 3.14007806777954 3.9224488735199 1.98113977909088 1.85456049442291 1.8679586648941 1.89343273639679 1.9231641292572 1.95201432704926 1.96952068805695 2.00215530395508
11.5447263717651 15.2133293151855 7.52516746520996 8.25522899627686 3.61560320854187 0.304200112819672 0.194942727684975 0.283249139785767 0.433104515075684 0.625619292259216 0.773957252502441 0.903346121311188 1.00722622871399 1.09757828712463 1.18677878379822 1.24405264854431 1.37890565395355 2.12616753578186 2.16622042655945 3.54055953025818 1.62109315395355 2.15580558776855 1.80010485649109 1.63671004772186 1.63674414157867 1.6464319229126 1.67032444477081 1.83032274246216 1.84448385238647 1.86477375030518 1.88524198532104 1.89806938171387 1.90681147575378 1.92114734649658 1.99441528320312 1.92326354980469 2.07048964500427 1.92388367652893 1.93092167377472 1.94487535953522 1.96464908123016 1.98881471157074 2.01907873153687 2.04337763786316 2.07941699028015
12.0374813079834 14.2576284408569 8.49686050415039 10.5651702880859 0.431536853313446 0.201601073145866 0.270285427570343 0.297436386346817 0.37749445438385 0.576502561569214 0.772043347358704 0.926651775836945 1.03713464736938 1.13544619083405 1.23608815670013 1.30650293827057 1.39281153678894 1.8298351764679 1.88320159912109 2.4409704208374 1.9983549118042 2.28974866867065 2.06407761573792 2.03923416137695 1.60379374027252 1.60763907432556 1.62175714969635 1.71759295463562 1.74113416671753 1.7497615814209 1.7673511505127 1.77804839611053 1.78524708747864 1.79483461380005 1.79628872871399 1.80092537403107 1.80371856689453 1.80867397785187 1.81141185760498 1.82205152511597 1.83534324169159 1.85089206695557 1.87074053287506 1.89134430885315 1.920818567276
