slauniainen/Data/DEM/Vihti_dsm1500b_cl_horizonAngle_240.asc
NCOLS 196 
NROWS 178 
XLLCORNER 353680 
YLLCORNER 6699024 
CELLSIZE 16 
NODATA_value -3.4e+38 
[rows 80 to 99 of 178, columns 45 to 89 of 196]
3.31824636459351 2.66478157043457 2.36464405059814 2.20462799072266 2.09512615203857 1.91108739376068 1.79721617698669 1.71741485595703 1.63479733467102 1.5763396024704 1.46325087547302 1.35635209083557 1.29233598709106 1.23032093048096 1.15554070472717 1.09405624866486 1.00264179706573 0.945161759853363 0.910255968570709 0.843518078327179 0.77139413356781 0.614172339439392 0.409816324710846 1.7835009098053 2.00906181335449 1.76911008358002 2.69773173332214 1.8999650478363 2.0017421245575 3.10194182395935 3.00147366523743 4.6354546546936 5.07310962677002 4.85079526901245 4.71762609481812 4.35878992080688 3.16848826408386 2.08533430099487 1.61753821372986 1.51073229312897 1.24818170070648 0.930199861526489 0.997145891189575 2.52276515960693 5.20737218856812
3.02558159828186 2.87150478363037 2.54288554191589 2.37831234931946 2.20692420005798 2.03393411636353 1.95523977279663 1.82366347312927 1.71792769432068 1.60286605358124 1.4964907169342 1.45509910583496 1.3763724565506 1.27083027362823 1.2162811756134 1.15195429325104 1.08296811580658 1.02107310295105 0.966511070728302 0.934611201286316 0.866840898990631 2.46176934242249 2.48302221298218 2.28274130821228 2.56518220901489 2.88658380508423 2.74248313903809 3.01346182823181 3.24898862838745 2.87554597854614 2.54038333892822 2.46789932250977 3.31557393074036 5.08315086364746 5.0341739654541 4.67937707901001 2.4271240234375 3.01096057891846 2.38711404800415 1.79305016994476 1.13550651073456 5.95131826400757 1.91509020328522 2.20067477226257 1.51079857349396
3.05794978141785 3.04791855812073 2.69766306877136 2.5652961730957 2.43238353729248 2.22866988182068 2.0447473526001 1.8739823102951 1.75906240940094 1.64616596698761 1.57082295417786 1.49093949794769 1.46098804473877 1.39241182804108 1.31247782707214 1.26359117031097 1.17397570610046 1.08971726894379 1.04412925243378 0.992397129535675 2.93781971931458 2.80801916122437 3.12637853622437 3.36091184616089 3.1961841583252 3.36022710800171 3.6206431388855 3.4814624786377 2.89281678199768 2.60355687141418 2.48402047157288 5.47538185119629 5.16493940353394 5.28212833404541 4.58367013931274 4.23207855224609 3.08636116981506 3.51282429695129 2.50410580635071 1.63716983795166 1.11975204944611 1.50247812271118 7.34793901443481 1.80892217159271 5.3231315612793
3.27471089363098 3.1618549823761 2.89475131034851 2.72581768035889 2.47283005714417 2.24897885322571 2.05829668045044 1.92235028743744 1.82592988014221 1.75786685943604 1.68404734134674 1.61918103694916 1.52009999752045 1.47240602970123 1.41168797016144 1.35621130466461 1.30168426036835 1.168536901474 3.29619002342224 3.16074299812317 3.55149674415588 3.82067346572876 3.66794276237488 3.88435530662537 4.14679145812988 3.9138514995575 3.35116577148438 3.13914918899536 3.54880285263062 9.45396995544434 7.01236486434937 6.06705379486084 5.59835290908813 4.81040096282959 4.2967677116394 4.73321962356567 4.42560338973999 4.60443544387817 4.02758646011353 1.6111923456192 1.54623162746429 2.14397764205933 1.83344924449921 4.75872135162354 12.2978658676147
4.95393228530884 3.59321594238281 3.16824078559875 2.87249398231506 2.55137276649475 2.32178783416748 2.17130494117737 2.06272459030151 1.97378885746002 1.83706700801849 1.75373196601868 1.69343221187592 1.61775743961334 1.53303456306458 1.49086689949036 1.40778958797455 3.65006685256958 3.59711146354675 3.12199831008911 4.26519107818604 4.07761001586914 4.33294820785522 4.67888116836548 4.47818565368652 3.7146418094635 3.51836490631104 10.6377029418945 26.0514106750488 16.7246379852295 10.8818140029907 8.15305709838867 5.89046621322632 5.00461435317993 5.36386156082153 5.17090797424316 5.54367399215698 5.15174865722656 2.95965576171875 3.98703551292419 3.3935227394104 2.65170526504517 1.47091519832611 1.63711190223694 1.31682360172272 1.63638556003571
5.09044647216797 3.86590957641602 2.92604398727417 2.83131837844849 2.72380089759827 2.42295360565186 2.26999807357788 2.16658806800842 2.01816844940186 1.92423641681671 1.82438564300537 1.77009630203247 1.72660160064697 1.62716937065125 4.19592666625977 4.00652122497559 3.83364081382751 4.35251808166504 4.60890960693359 4.50342893600464 4.66348934173584 4.95189046859741 4.1329984664917 3.95356750488281 18.4121494293213 8.51818752288818 2.34847283363342 28.3497543334961 22.4574279785156 16.6576232910156 9.53872108459473 3.10432958602905 5.77893733978271 5.77794981002808 6.28178453445435 3.36109256744385 4.99515390396118 4.54444122314453 3.00939536094666 3.9773952960968 3.263756275177 3.94646239280701 2.15269994735718 2.05409097671509 0.888883888721466
3.42138290405273 3.82656168937683 3.07042074203491 2.85037183761597 2.79174423217773 2.83257293701172 2.34546685218811 2.21281456947327 2.1110668182373 2.06763100624084 1.96947622299194 1.87255525588989 1.76293289661407 4.61639213562012 4.30905818939209 4.92563533782959 5.15064668655396 5.09446668624878 5.34790420532227 5.71432781219482 5.39015960693359 4.37958908081055 3.90053725242615 2.66816425323486 3.00933241844177 9.5800313949585 2.12497973442078 3.80364871025085 5.66969728469849 7.94665479660034 8.16526031494141 12.3246631622314 7.83006620407104 6.75788450241089 6.9477105140686 6.07999610900879 3.41016411781311 3.14045572280884 5.29152059555054 6.50315380096436 5.17000150680542 2.36987376213074 2.02277088165283 1.98617660999298 0.0798033028841019
3.31640148162842 3.72060322761536 4.41796636581421 3.20095944404602 2.7009801864624 2.58518648147583 3.12603974342346 2.82550024986267 2.43263459205627 2.2214822769165 2.15917277336121 5.52330207824707 5.16840600967407 5.67777061462402 5.8290114402771 5.81109476089478 6.03176927566528 6.49542093276978 6.12879228591919 5.0303168296814 4.75493860244751 4.27928304672241 4.42489624023438 4.16620016098022 3.49834442138672 2.66077899932861 2.7126898765564 3.37754225730896 13.4942054748535 9.50468063354492 7.42444562911987 10.1474494934082 14.7976570129395 8.54485607147217 5.72050380706787 5.06511688232422 8.7728099822998 11.4722146987915 8.82327079772949 3.93565201759338 2.83793497085571 2.35751962661743 2.6497700214386 5.01130867004395 1.42670691013336
3.69167876243591 2.64270257949829 3.31241631507874 3.1801233291626 2.89932775497437 2.62465953826904 2.48216962814331 2.41173982620239 2.38094687461853 6.49473810195923 6.03738880157471 4.7828426361084 6.64230871200562 6.34768199920654 6.89005613327026 7.42980670928955 7.01539421081543 5.76281261444092 5.37499523162842 4.84797334671021 4.98842287063599 4.76250791549683 4.31854915618896 4.17988872528076 3.55947780609131 3.7110378742218 21.7461071014404 20.9119071960449 23.373851776123 13.142466545105 6.70176935195923 5.02456188201904 8.9180326461792 3.28621554374695 15.6046571731567 24.2364101409912 17.1749248504639 6.741286277771 4.55846977233887 3.40565037727356 4.1498236656189 6.59355640411377 5.56697463989258 1.73774135112762 2.33295130729675
3.21300649642944 3.19445109367371 3.59814071655273 4.00450038909912 4.2992377281189 3.2247359752655 2.97722673416138 2.57915425300598 7.26160907745361 5.87785959243774 6.95104312896729 6.98805952072144 7.28295993804932 7.34697723388672 7.96314716339111 6.5452299118042 6.14698123931885 5.51627159118652 5.09008836746216 5.39916229248047 5.07681226730347 5.10392665863037 4.79979753494263 4.77066946029663 4.37057113647461 2.15656638145447 4.00975131988525 2.21852326393127 3.05456614494324 27.3330974578857 18.1441421508789 3.40655565261841 24.3150749206543 3.8044605255127 1.64962196350098 8.30857563018799 6.70304012298584 5.89973497390747 15.0784111022949 18.5397071838379 10.1148080825806 4.17477512359619 3.76137948036194 2.25617861747742 2.39703512191772
2.71255683898926 2.95218825340271 3.36233973503113 3.66789937019348 5.9486083984375 5.20825147628784 9.52410507202148 8.4186840057373 8.37611675262451 8.09099102020264 8.62934398651123 8.37208461761475 9.0935754776001 8.4983024597168 6.99424600601196 6.34427070617676 5.82507610321045 6.149329662323 5.75834846496582 5.79286956787109 5.4550518989563 5.53514623641968 5.19735193252563 4.66254329681396 4.41330146789551 4.23036241531372 4.17076969146729 4.03077459335327 2.16897630691528 3.5267071723938 14.7333726882935 1.87306928634644 16.5009422302246 3.19853067398071 3.24953556060791 4.31727933883667 7.16804647445679 0.750285089015961 2.2389657497406 12.9640779495239 6.34958505630493 5.08092451095581 4.45004987716675 2.48581171035767 2.39897274971008
2.5309944152832 2.53784871101379 2.27317690849304 1.93017280101776 13.3061962127686 11.8313798904419 8.06897640228271 9.7069787979126 9.16023921966553 9.96457386016846 10.8425817489624 9.97840690612793 8.0673885345459 7.35457134246826 6.71118831634521 6.42886781692505 6.53317070007324 6.52381229400635 6.10466861724854 6.1898078918457 5.86772441864014 5.29077625274658 4.90807008743286 4.65462875366211 4.55455160140991 4.38804960250854 4.16470384597778 4.47656393051147 4.33360481262207 2.60288333892822 10.1064367294312 1.95625603199005 7.0917444229126 12.5240898132324 4.72303056716919 0.849466145038605 3.02072143554688 6.42607736587524 2.81380748748779 15.3375730514526 7.90579748153687 2.72668552398682 5.63609647750854 5.71330261230469 4.54766225814819
2.19823789596558 2.05210018157959 29.0834693908691 19.7643566131592 10.9790496826172 14.0945148468018 11.4791326522827 12.8249063491821 11.3904466629028 12.4398498535156 10.0242176055908 8.68443584442139 7.8010458946228 7.09333896636963 7.39704036712646 6.90011692047119 6.88652801513672 6.9423999786377 6.52491855621338 5.90230846405029 5.47876119613647 5.19687080383301 4.8566746711731 4.71153688430786 3.98431992530823 4.41107368469238 4.74188089370728 3.68984770774841 3.56255054473877 2.27719330787659 7.77476978302002 14.273663520813 1.22295320034027 3.73229694366455 4.83045387268066 3.03598070144653 3.2790892124176 3.08445334434509 2.51480007171631 9.38576221466064 9.12806034088135 7.44571542739868 6.38246870040894 9.76805400848389 9.48525333404541
1.65447580814362 4.1461763381958 23.348030090332 29.4747409820557 20.4145736694336 19.4434585571289 15.9990949630737 16.2288780212402 14.2823505401611 11.5625286102295 9.70326709747314 8.81819438934326 8.89009857177734 8.10560607910156 7.91537952423096 7.3549952507019 7.39172220230103 6.68157005310059 6.1255955696106 5.75482940673828 5.25169086456299 5.21799898147583 4.97631025314331 4.71504735946655 5.08966732025146 5.03055191040039 3.86819887161255 3.91079664230347 29.7318248748779 6.09515857696533 5.2419638633728 13.7125511169434 7.78422975540161 3.12546420097351 5.74430370330811 6.21507883071899 3.02084589004517 12.6955671310425 15.3490877151489 19.885555267334 13.296046257019 11.8771533966064 11.0540161132812 9.90499877929688 9.50598049163818
24.116870880127 20.0164585113525 11.1568384170532 39.5848426818848 28.1653518676758 24.5496253967285 20.302490234375 16.0856418609619 12.4534521102905 11.4062204360962 10.0911684036255 10.0847244262695 9.60906410217285 8.76625442504883 8.62250137329102 7.99411058425903 7.21103477478027 6.54518175125122 5.7922306060791 5.89211940765381 5.47011518478394 5.17077159881592 5.6466269493103 5.40401697158813 4.06578588485718 3.91754984855652 4.15048599243164 0.961767792701721 26.1303195953369 8.29262256622314 1.41346716880798 4.70376777648926 4.84488582611084 3.70261788368225 3.26165819168091 4.34674787521362 2.68357920646667 1.37346935272217 5.52700424194336 20.0055503845215 13.9962158203125 12.0723752975464 11.3628425598145 10.0559930801392 6.60677051544189
10.834451675415 11.402738571167 11.3092422485352 47.5492324829102 40.8288459777832 29.1077117919922 19.1035060882568 17.1834564208984 13.8867359161377 12.9722299575806 11.5028848648071 10.8489360809326 10.4550981521606 9.57521057128906 8.6492748260498 7.70312643051147 7.11273288726807 7.20460891723633 6.5679612159729 5.72972536087036 6.17001390457153 5.91441535949707 4.41203880310059 4.28698778152466 4.39963626861572 4.29189920425415 2.1267352104187 1.0900741815567 11.0830726623535 6.79807186126709 4.97360706329346 5.79182624816895 6.56232833862305 17.1543884277344 9.65604686737061 7.30401039123535 17.084228515625 8.80002117156982 13.7656335830688 16.3400917053223 13.8987522125244 12.1056604385376 12.0654745101929 8.36891078948975 8.60344791412354
2.77695989608765 0.751695871353149 2.23421740531921 6.24656200408936 39.5251045227051 37.0864486694336 25.7196846008301 19.8889961242676 16.1595325469971 13.991982460022 12.339599609375 11.7440853118896 10.711145401001 9.31435394287109 8.52268886566162 7.38300752639771 8.27275085449219 5.51137399673462 6.30344009399414 6.79765462875366 4.78386783599854 4.61474895477295 4.81206321716309 4.69915390014648 3.32057976722717 3.25990080833435 2.19748473167419 4.98617792129517 5.60964488983154 14.4940004348755 25.2171745300293 6.61621522903442 10.2471218109131 16.6654682159424 39.3051910400391 26.458122253418 28.9478416442871 23.8908004760742 19.0394706726074 16.7047882080078 14.3275136947632 31.2003536224365 11.9355411529541 14.1257638931274 7.3279242515564
5.84295701980591 3.64804887771606 2.02206778526306 2.85818862915039 3.30844521522522 41.267822265625 35.3872718811035 24.2542858123779 17.7419662475586 15.4665565490723 13.8904247283936 12.2088928222656 10.4346971511841 9.63180446624756 10.9740867614746 9.63651847839355 7.35092115402222 7.99351406097412 7.49522256851196 5.21365880966187 5.35648393630981 5.14878273010254 3.57842326164246 3.52918481826782 2.99470400810242 6.70337581634521 6.40051603317261 6.52232074737549 5.04653406143188 3.67998170852661 5.29220867156982 1.94653749465942 7.80072641372681 2.05099844932556 54.2528457641602 41.2334175109863 28.7261600494385 24.4259719848633 19.7412376403809 28.3629207611084 18.8646850585938 11.9698638916016 14.0218191146851 6.8260326385498 7.09808969497681
12.436731338501 10.8816738128662 4.84907484054565 9.47883415222168 5.05846548080444 16.6054229736328 37.2605934143066 25.9924049377441 21.5620918273926 17.7169895172119 13.7809610366821 14.3268489837646 16.4284553527832 13.4750308990479 8.72992038726807 9.54176998138428 8.797119140625 5.90448522567749 5.58934307098389 5.81261968612671 3.93019890785217 3.82189702987671 3.18854165077209 2.71681213378906 7.27910709381104 7.38144111633301 7.02738475799561 6.26442909240723 5.93514490127563 5.2212085723877 18.1766262054443 11.2340154647827 0.338130235671997 -0.711720287799835 51.5067977905273 44.3576240539551 33.672233581543 24.2587757110596 14.1582136154175 6.18521404266357 6.31291437149048 8.74838066101074 5.24528312683105 5.01203107833862 4.66250133514404
3.40397334098816 27.0503273010254 16.9172840118408 0.802019059658051 0.519873082637787 18.7008457183838 43.3978309631348 33.3175010681152 23.0556793212891 32.9756355285645 36.1454086303711 24.4315013885498 8.9130744934082 9.74339962005615 10.7542715072632 6.94575452804565 6.43003082275391 6.56880521774292 6.24068641662598 4.15516662597656 3.43978047370911 2.57232713699341 8.43473815917969 7.9537615776062 8.00920295715332 7.04757452011108 6.71509838104248 5.90770578384399 4.44897794723511 2.63672065734863 1.93535923957825 1.7373880147934 -0.335277616977692 -0.969888150691986 16.825174331665 37.1564712524414 41.0615768432617 19.1881885528564 8.40604972839355 15.4161767959595 7.59939861297607 6.51969814300537 5.59459638595581 7.78808355331421 4.09456205368042
