slauniainen/Data/DEM/Vihti_dem1500b_cl_horizonAngle_342.asc
NCOLS 196 
NROWS 178 
XLLCORNER 353680 
YLLCORNER 6699024 
CELLSIZE 16 
NODATA_value -3.4e+38 
[rows 120 to 139 of 178, columns 90 to 134 of 196]
-0.505769848823547 -0.158365979790688 2.93739485740662 3.6244010925293 1.66577935218811 0.555713415145874 0.469269126653671 0.427417665719986 0.265619277954102 0.218885645270348 0.0942343547940254 -0.00589014450088143 0.0139829125255346 -0.0473859347403049 -0.0803387239575386 -0.0413909405469894 -0.0865446180105209 -0.0671407282352448 -0.0689473450183868 -0.0919961631298065 0.0391892492771149 0.37289559841156 1.17119967937469 2.66963958740234 3.47147917747498 3.98532104492188 4.13037204742432 4.09552145004272 3.37473821640015 2.49675273895264 1.59179449081421 1.30055832862854 1.3115097284317 1.00993192195892 0.453432083129883 -0.0119211226701736 -0.320082247257233 -0.421991020441055 -0.68669205904007 -0.981658279895782 -0.69913649559021 0.198158040642738 1.35289621353149 2.156986951828 2.42268061637878
-0.612630546092987 0.579697787761688 2.3419771194458 2.56636142730713 1.85197007656097 0.483991682529449 0.499087810516357 0.443073838949203 0.301800191402435 0.234661966562271 0.200452238321304 -0.0115381609648466 0.00728816445916891 0.0396833941340446 -0.0766073539853096 -0.0769488662481308 -0.0590567141771317 -0.0788746327161789 -0.0612865388393402 0.0258590951561928 -0.0121030947193503 0.183228895068169 0.653795599937439 2.30522298812866 3.19461894035339 3.71223068237305 3.65705156326294 3.49511742591858 2.81988883018494 1.60930645465851 0.930684268474579 0.903110563755035 0.994199752807617 0.814381241798401 0.347496420145035 -0.246693670749664 -0.803003489971161 -1.15731155872345 -1.23907363414764 -1.45651662349701 -1.5012024641037 -0.947660565376282 0.12490439414978 1.39787042140961 2.15582060813904
-0.866401255130768 1.19327199459076 3.14004921913147 2.9226861000061 1.71544718742371 0.478351324796677 0.484701901674271 0.427435785531998 0.345894426107407 0.236302748322487 0.205879271030426 -0.0160788483917713 -0.0111185740679502 0.052633423358202 0.22950679063797 0.0265694335103035 0.10398268699646 -0.0206243433058262 -0.0635102465748787 0.0138860000297427 0.00216262391768396 0.0685034915804863 0.36432608962059 1.68816125392914 2.85669827461243 3.34688782691956 3.14552593231201 2.75373983383179 2.10585951805115 0.783306062221527 0.61743551492691 0.506645858287811 0.547532975673676 0.387528866529465 -0.126830577850342 -0.758234560489655 -1.20208477973938 -1.62601363658905 -1.78980100154877 -1.94292104244232 -2.0925452709198 -1.52860951423645 -0.849111378192902 -0.120390258729458 1.03707361221313
-0.964562058448792 2.71365642547607 4.6593017578125 4.44365501403809 1.78496158123016 1.03043162822723 0.465376645326614 0.426822006702423 0.388628751039505 0.244838133454323 0.198273524641991 0.0860073044896126 0.00137454899959266 0.0538218766450882 0.00527290580794215 0.12114005535841 -0.00152116757817566 -0.0343209579586983 0.0244520753622055 0.00528437737375498 -0.0495177507400513 0.0160774122923613 0.270293653011322 1.04452729225159 2.39212512969971 2.97275853157043 2.74182820320129 2.39618444442749 1.40377569198608 0.344077587127686 -0.0571832768619061 -0.154537558555603 -0.0545566380023956 -0.206834152340889 -0.67065840959549 -1.18881952762604 -1.54754054546356 -2.05551671981812 -2.28698563575745 -2.39568686485291 -2.41480398178101 -1.9154965877533 -1.25088477134705 -0.906410872936249 -0.314214468002319
-1.28290367126465 5.00365447998047 6.16334676742554 5.3949818611145 2.75297665596008 1.18098330497742 0.442084133625031 0.461704194545746 0.407258331775665 0.275859713554382 0.214458674192429 0.184151381254196 0.0186877567321062 0.00677554775029421 0.117451772093773 0.0775833949446678 0.202527925372124 0.208838939666748 0.00587396277114749 0.105963431298733 0.0384266376495361 -0.056061428040266 0.0891606211662292 0.569756805896759 2.05905890464783 2.69490623474121 2.36885452270508 1.90535342693329 1.37006163597107 0.35393151640892 -0.266928315162659 -0.524315536022186 -0.715109407901764 -0.758722901344299 -0.987693190574646 -1.42175793647766 -1.84775912761688 -2.22056460380554 -2.66098237037659 -2.71147704124451 -2.66277647018433 -2.52306485176086 -1.7394073009491 -1.36084055900574 -0.833417117595673
-1.49112582206726 6.88081455230713 7.33235549926758 6.46008825302124 2.93675518035889 1.09644198417664 0.431419223546982 0.447940617799759 0.394264400005341 0.315259844064713 0.215793132781982 0.18591882288456 -0.00504119601100683 -0.0249534398317337 -0.0226762276142836 0.0804322585463524 0.0764343366026878 0.114665061235428 0.0560204908251762 0.0377787128090858 0.0195247046649456 -0.0735785663127899 0.0571285896003246 0.263051092624664 1.49744284152985 2.32539224624634 2.24036717414856 1.85155522823334 1.14633345603943 5.30663871765137 -0.284151881933212 -0.593393623828888 -1.09136056900024 -1.31532037258148 -1.47140991687775 3.65339922904968 9.27810573577881 11.0068960189819 0.156547546386719 -2.86511659622192 -1.9037743806839 -0.362049847841263 -1.76441812515259 -1.36537826061249 -1.10471630096436
5.05807065963745 12.8101282119751 10.1983003616333 7.73005151748657 3.0332989692688 1.11541295051575 0.761353194713593 0.433436959981918 0.394636899232864 0.351572930812836 0.219667598605156 0.179306268692017 0.0760572776198387 -0.0210612136870623 0.0228538122028112 0.00685982778668404 0.0443536415696144 0.0341393053531647 0.0263032056391239 0.00830269977450371 -0.0113642746582627 0.00379758514463902 0.131057441234589 0.251812040805817 0.889117121696472 1.79290115833282 1.95656943321228 1.98875308036804 3.40866327285767 0.505611538887024 4.09315776824951 -0.587170958518982 -0.939178228378296 -1.30027258396149 -1.71260023117065 -1.9523024559021 0.740651786327362 3.05571293830872 1.71001732349396 -0.323884129524231 3.4344437122345 6.64348888397217 2.63240528106689 0.973074972629547 3.44008922576904
14.3197822570801 18.1282348632812 10.6523504257202 7.46041917800903 3.54279327392578 1.37904357910156 0.864958941936493 0.406935811042786 0.420166283845901 0.368366181850433 0.252341270446777 0.195545688271523 0.165579289197922 -0.0286219995468855 0.0112834721803665 0.0308997724205256 0.00568052520975471 -0.00429171230643988 -0.00619223713874817 -0.0437443554401398 -0.0676622986793518 -0.0789835676550865 0.132090881466866 0.0665901079773903 0.269882708787918 1.21898353099823 1.54772889614105 1.45597100257874 0.966279625892639 0.4094298183918 -0.0692195072770119 1.48056471347809 0.902166128158569 0.281865984201431 -0.118353351950645 -1.93835091590881 -2.0383608341217 -0.674262344837189 1.65514993667603 1.67868053913116 1.93392169475555 1.98481202125549 1.76308143138885 0.450170814990997 0.387030482292175
17.1904182434082 17.7514457702637 10.104905128479 6.05620908737183 3.66022229194641 1.63857674598694 0.805684804916382 0.395146727561951 0.408467441797256 0.356505781412125 0.286249220371246 0.198699399828911 0.168691977858543 -0.0317182764410973 -0.0386405251920223 -0.0434467196464539 -0.0246033202856779 -0.0294647682458162 -0.0383441708981991 -0.0554280951619148 -0.0737949460744858 0.188253000378609 0.111796513199806 -0.156445518136024 -0.24323733150959 0.488985806703568 1.01822638511658 0.852725446224213 0.603288352489471 0.146549537777901 -0.0874933004379272 -0.323966085910797 -0.45634064078331 -1.18730962276459 -1.55795669555664 -1.91448020935059 -2.26490616798401 -2.6633996963501 -3.02992248535156 -1.62777900695801 -1.34492719173431 -2.43256020545959 -1.68617367744446 -1.90362226963043 -1.49417746067047
15.4816846847534 14.3825569152832 9.85870838165283 6.82261657714844 3.68196845054626 1.95596027374268 0.817363798618317 0.597014844417572 0.395737171173096 0.361050993204117 0.319919049739838 0.203471481800079 0.164922416210175 0.0671539977192879 0.164047032594681 0.128953754901886 0.209016516804695 0.0624552257359028 0.128243416547775 0.20464526116848 0.412604600191116 0.20636473596096 0.172655060887337 0.167871907353401 -0.396222472190857 0.0220384560525417 0.566934585571289 0.51066130399704 0.44248965382576 0.111707948148251 -0.100730642676353 -0.471116572618484 -0.689987003803253 -1.1854110956192 -1.70769643783569 -2.15070533752441 -2.58791732788086 -3.19324779510498 -3.36638879776001 -3.30457043647766 -3.1141197681427 -3.00531005859375 -2.84506630897522 -2.28904390335083 -1.75610327720642
15.6627759933472 12.8754281997681 12.0421361923218 7.08291912078857 3.9424262046814 2.24728441238403 1.08425390720367 0.679119050502777 0.370748519897461 0.370873779058456 0.321864247322083 0.230146735906601 0.181540906429291 0.152775675058365 -0.00555928749963641 0.0219932086765766 0.0791072025895119 0.211666598916054 0.168691530823708 0.231938302516937 0.192320078611374 0.230868011713028 0.080888032913208 0.6865513920784 2.21077704429626 0.620744287967682 3.89118957519531 4.80288171768188 0.44123387336731 0.0578168705105782 -0.286077201366425 -0.585576236248016 -0.937409639358521 -1.48278272151947 -2.12846565246582 -2.66555714607239 -3.14968204498291 -3.45102429389954 -3.59587550163269 -3.6056272983551 -3.44075989723206 -3.18937158584595 -3.06851649284363 -2.89401054382324 -2.28592967987061
14.6245279312134 13.633056640625 12.0365705490112 6.72248840332031 4.18060255050659 2.32928991317749 1.28741002082825 0.571910083293915 0.186963051557541 0.0275481175631285 -0.0852705240249634 -0.0374214164912701 0.147149905562401 0.148438632488251 -0.0324008464813232 0.00737388292327523 0.0773859992623329 0.104962162673473 0.0749770253896713 0.101160757243633 0.138401508331299 0.175806298851967 -0.0739522948861122 -0.185615479946136 0.0532071590423584 -0.67281174659729 -0.069021187722683 0.266213834285736 0.212471693754196 -0.141470819711685 -0.549209356307983 -1.06824254989624 -1.47473084926605 -1.86955225467682 -2.47087025642395 -2.7702910900116 -3.10496878623962 -3.44731187820435 -3.72113656997681 -3.76577973365784 -3.70885038375854 -3.5185022354126 -3.2093460559845 -2.56013488769531 -2.57406187057495
13.4763050079346 12.3460731506348 10.6079082489014 7.55025434494019 4.48924398422241 2.45545792579651 0.95893794298172 0.0130148651078343 -0.150360405445099 -0.374619454145432 -0.609739542007446 -0.793073117733002 -0.434183955192566 -0.136781021952629 -0.192812561988831 -0.0913250520825386 -0.0613207034766674 -0.082595206797123 0.00406520860269666 -0.0101779298856854 0.0575887784361839 0.00958156678825617 -0.152775958180428 -0.271555662155151 -0.463182359933853 -0.836563646793365 -0.734735608100891 -0.288772940635681 -0.266565799713135 -0.539998471736908 -0.971869289875031 -1.47891139984131 -1.81480228900909 -2.04709148406982 -2.52338409423828 -2.82987451553345 -3.12482213973999 -3.44663834571838 -3.82307958602905 -3.87878727912903 -3.87304091453552 -3.74503874778748 -3.46497702598572 -1.47110390663147 -0.366578072309494
13.5635099411011 11.2009344100952 9.93990898132324 8.32515811920166 3.70872044563293 2.04031491279602 0.335411757230759 -0.395121961832047 -0.588701546192169 -0.738291919231415 -1.21347188949585 -1.43137764930725 -1.21326637268066 -0.852609634399414 -0.755753397941589 -0.51706725358963 -0.355818331241608 -0.360134214162827 -0.25896942615509 -0.113277733325958 -0.120103277266026 -0.147378370165825 -0.224571824073792 -0.33807760477066 -0.608500301837921 -0.998279273509979 -1.47033822536469 -1.08540487289429 -1.09162271022797 -1.16022074222565 -1.38379788398743 -1.58066523075104 -1.73843252658844 -2.02972793579102 -0.683205127716064 -1.74733078479767 -3.13399863243103 -3.45315051078796 -2.09538698196411 -3.37939620018005 -2.31384754180908 -0.194441080093384 0.770945250988007 0.0331480093300343 0.447605162858963
11.9572906494141 10.2575531005859 8.75086975097656 6.62148141860962 3.11390042304993 0.915349662303925 -0.429390281438828 -0.730976045131683 -0.973228752613068 -1.10615479946136 -1.51477921009064 -1.84694957733154 -1.77719223499298 -1.73043203353882 -1.79685008525848 -1.16662728786469 -0.778258681297302 -0.609088599681854 -0.460766315460205 -0.254580318927765 -0.182969301939011 -0.242076471447945 -0.302328705787659 -0.44539400935173 -0.851794242858887 -1.40865361690521 -2.3196108341217 -1.94336020946503 -1.60370361804962 -1.54573380947113 -1.52916526794434 -1.61705577373505 -0.119391530752182 1.49042081832886 1.85716080665588 2.04493689537048 0.898041665554047 1.54267609119415 4.17091655731201 4.23219442367554 2.71272540092468 2.69664216041565 3.20614194869995 3.04312634468079 4.18801021575928
9.29834079742432 8.36475563049316 7.15539646148682 5.02462530136108 2.96596717834473 -0.231207802891731 -0.902055203914642 -1.0642546415329 -1.27805459499359 -1.45587599277496 -1.59314513206482 -1.92950892448425 -1.96167647838593 -1.99090588092804 -2.10446047782898 -1.86844956874847 -1.3946373462677 -1.02166426181793 -0.695977389812469 -0.445849865674973 -0.250144839286804 -0.302162826061249 -0.431514471769333 -0.615571856498718 -1.14519226551056 -1.74494993686676 -2.52844762802124 -2.44177389144897 -1.86217558383942 -1.73104977607727 -1.62575829029083 -1.62299227714539 4.2071681022644 4.60719776153564 4.53191804885864 3.88016176223755 5.53359794616699 6.77356624603271 7.78444290161133 5.41935443878174 4.57959079742432 4.9885573387146 5.04895734786987 4.82848882675171 4.66832590103149
7.51658487319946 6.89533758163452 5.74236154556274 4.70803356170654 2.32821202278137 -0.763501703739166 -1.17498767375946 -1.37209379673004 -1.62294030189514 -1.78650772571564 -1.72484040260315 -0.442368894815445 -2.01289749145508 -2.0622251033783 -2.12451529502869 -2.01909518241882 -1.74767863750458 -1.43080484867096 -1.02709877490997 -0.708629608154297 -0.476807236671448 -0.356965631246567 -0.535738408565521 -0.822447240352631 -1.35830068588257 -2.10305500030518 -2.79089593887329 -2.93717217445374 -2.12956309318542 -1.9004590511322 -1.66962838172913 2.35508799552917 4.16170358657837 5.8402099609375 4.70558261871338 4.10856962203979 4.17521047592163 4.22504806518555 5.03440427780151 5.99514770507812 5.35796451568604 5.32659959793091 5.83089351654053 5.67918157577515 4.4499945640564
5.77196359634399 5.29100608825684 4.67785739898682 2.71901607513428 0.684552788734436 -1.22097623348236 -1.39288341999054 -1.63933825492859 -1.80637383460999 -1.89840459823608 -1.85036528110504 3.60885453224182 2.81804704666138 2.71850442886353 4.84248828887939 3.32977819442749 1.02783250808716 -1.6192352771759 -1.38738667964935 -1.27447140216827 -1.26526522636414 -0.837035596370697 -0.648207664489746 -0.920125663280487 -1.412428855896 -2.26985144615173 -2.93043899536133 -3.28322434425354 -2.63892865180969 1.96907830238342 -0.669792473316193 -0.238754704594612 1.97193717956543 1.79426050186157 3.16489219665527 3.43871784210205 3.97672247886658 4.78985977172852 5.4843053817749 7.29278612136841 6.73649311065674 5.09743595123291 4.96008348464966 4.46289205551147 3.41998887062073
4.03738117218018 3.79550647735596 3.11810517311096 1.56676137447357 -0.0871921852231026 -1.49979257583618 -1.65302872657776 -1.82178294658661 -1.85877919197083 1.27195477485657 3.1697404384613 5.56745624542236 7.75595855712891 6.43341970443726 6.60450744628906 6.42044401168823 4.10746908187866 -0.366956830024719 -1.73212242126465 -1.79724109172821 -1.69907629489899 -1.48849308490753 -0.78186959028244 -0.968288004398346 0.867927730083466 -2.12166118621826 -2.17753553390503 -2.85017967224121 -3.0722291469574 -0.100430995225906 0.77799266576767 0.892089664936066 1.170241355896 1.20954942703247 2.29887843132019 4.5547776222229 3.62417483329773 3.93860125541687 4.49241256713867 7.19553852081299 7.76159143447876 4.71216535568237 4.06009435653687 3.81766295433044 3.10709404945374
2.82619786262512 2.71288847923279 2.1427640914917 1.47723793983459 2.92288637161255 5.65723943710327 6.46123218536377 6.73142719268799 4.9060115814209 5.86554336547852 6.50935077667236 7.68674325942993 10.7321262359619 8.61248874664307 7.02956295013428 4.35526371002197 2.08172392845154 -1.97763991355896 -2.02188658714294 -2.03791999816895 -2.01883625984192 -1.86320888996124 -1.0501252412796 -1.04293751716614 2.06312274932861 4.2534966468811 -3.05082559585571 -2.86309742927551 -2.67625117301941 -2.4128532409668 0.287384629249573 0.0329280830919743 0.538698792457581 2.87487053871155 2.65542316436768 4.60654592514038 5.85015964508057 4.85241603851318 4.77775907516479 6.82156991958618 6.19342184066772 5.11504745483398 4.20615911483765 3.62616348266602 3.08209753036499
