slauniainen/Data/DEM/Vihti_dem1500b_cl_horizonAngle_84.asc
NCOLS 196 
NROWS 178 
XLLCORNER 353680 
YLLCORNER 6699024 
CELLSIZE 16 
NODATA_value -3.4e+38 
[rows 80 to 99 of 178, columns 90 to 134 of 196]
6.53235912322998 6.61103248596191 7.09774303436279 7.97780227661133 9.25313568115234 10.7284660339355 12.6229648590088 13.2362289428711 13.4007997512817 14.7128944396973 10.2864027023315 6.73668098449707 6.23072528839111 5.35497522354126 4.83236074447632 4.60939884185791 4.65492010116577 4.72824335098267 4.96054983139038 5.18411684036255 5.45689535140991 5.9489483833313 6.25231647491455 6.71535205841064 7.25228881835938 7.56115293502808 7.86783504486084 7.56253862380981 7.94922351837158 8.74913215637207 9.75898551940918 9.93969535827637 12.296046257019 15.6808090209961 9.21880722045898 3.73240947723389 1.12518012523651 1.12388384342194 1.16420769691467 1.1878844499588 1.46320354938507 1.72721338272095 2.06014657020569 2.65972280502319 3.45048236846924
5.18754863739014 5.44446563720703 5.54419088363647 5.94910526275635 6.85382080078125 8.11285209655762 9.56674289703369 10.1697015762329 9.14506816864014 7.88637113571167 6.72769546508789 6.10402727127075 5.95693206787109 5.48729753494263 5.16459941864014 4.98660612106323 5.08810329437256 5.20285797119141 5.44971227645874 5.70211601257324 5.89803695678711 6.07884836196899 6.18411016464233 6.65902090072632 8.19911575317383 9.69781017303467 10.2894439697266 6.59322214126587 6.9644193649292 7.50072336196899 8.21617603302002 8.23185253143311 9.2471284866333 11.405722618103 6.59504556655884 1.43943250179291 1.46369218826294 1.50737845897675 1.6406911611557 1.76516199111938 1.87132000923157 1.99405586719513 2.17290639877319 2.62277340888977 3.20316338539124
4.32821321487427 4.44302940368652 4.56703853607178 4.64755201339722 4.70301485061646 5.43520832061768 6.49336051940918 9.03463172912598 10.7877244949341 4.85068798065186 4.93532085418701 5.07483577728271 5.21267461776733 5.15826988220215 5.11644124984741 5.14980125427246 5.2896580696106 5.42534065246582 5.66088533401489 5.90957880020142 6.09885931015015 6.12782764434814 6.59368276596069 7.35377311706543 8.82253646850586 10.6369285583496 11.6416645050049 6.50302648544312 6.56870412826538 5.39500427246094 5.51704025268555 5.07905960083008 4.8526873588562 6.37484455108643 1.97530007362366 1.71812796592712 1.80056059360504 1.90502047538757 2.06390237808228 2.3789529800415 2.89618110656738 3.34593462944031 2.2481517791748 2.63533210754395 3.07871437072754
4.11572694778442 4.22591924667358 4.34338712692261 4.37653255462646 4.44426298141479 4.58162832260132 4.75613403320312 5.05822420120239 9.05940437316895 5.23149013519287 4.86622476577759 5.0940523147583 5.20672655105591 5.95886754989624 7.43667125701904 4.9991397857666 5.05004215240479 5.21338319778442 5.42406177520752 5.80078315734863 6.18045139312744 6.52438020706177 7.05484580993652 7.67527866363525 9.42406368255615 13.2453861236572 14.8873691558838 16.1020469665527 20.2135543823242 6.02000761032104 2.48953866958618 1.27727079391479 1.40375554561615 1.59333777427673 1.73369562625885 1.79938530921936 1.86558127403259 2.1633722782135 2.28284692764282 2.41856098175049 3.29596924781799 5.83783054351807 2.42548942565918 2.53309512138367 2.87659382820129
3.88736581802368 3.99853873252869 4.10513687133789 4.07591152191162 4.1168646812439 4.27085065841675 4.45054864883423 4.58008670806885 4.7252311706543 4.84648752212524 4.92391729354858 5.0239896774292 5.0377345085144 5.38365602493286 6.38936138153076 6.90288734436035 6.60504961013794 6.88353061676025 7.31304168701172 7.80300617218018 8.26622772216797 8.78464698791504 9.51494884490967 10.4192247390747 11.6213655471802 15.2282476425171 17.3705463409424 20.1810188293457 26.8271217346191 11.1017665863037 4.22483062744141 0.489270389080048 0.659365653991699 1.09483683109283 1.50175929069519 1.64747869968414 1.66473174095154 1.86610817909241 2.10218787193298 2.51100182533264 2.68380236625671 4.67760324478149 2.21120810508728 2.31019926071167 2.51477074623108
3.63297319412231 3.73501563072205 3.75653886795044 3.72290992736816 3.83872079849243 3.98850440979004 4.90380334854126 5.15348052978516 5.33878087997437 5.53555488586426 5.71015882492065 5.90488481521606 6.15782499313354 6.46494817733765 7.22171640396118 6.95473480224609 7.66014003753662 8.00636291503906 8.29818344116211 8.93215465545654 9.41261005401611 9.9926700592041 10.7658796310425 11.7591066360474 13.3036098480225 14.5001125335693 15.5839176177979 16.5912132263184 23.5273456573486 16.4222393035889 2.69045400619507 0.646381676197052 0.0409435145556927 0.456515461206436 0.997114300727844 1.29527926445007 1.41304314136505 1.56742298603058 1.80469870567322 1.88552737236023 2.24443984031677 4.55974578857422 1.68018186092377 1.65946900844574 1.89347684383392
3.90626835823059 4.02705955505371 4.16136407852173 4.31366729736328 4.48620796203613 4.67647695541382 5.21155595779419 5.72127103805542 5.93614912033081 6.16976261138916 6.3872389793396 6.66784477233887 8.43907833099365 11.0451412200928 9.99002456665039 6.63693761825562 7.05155086517334 7.48801374435425 7.78408336639404 8.45517349243164 9.17347145080566 9.91930770874023 10.7093095779419 11.5990419387817 12.9033231735229 14.5487537384033 15.2566938400269 10.3783855438232 10.2494220733643 13.4466543197632 4.55498123168945 4.67972040176392 0.0624506510794163 0.0849194154143333 0.435161918401718 0.81674462556839 1.03464365005493 1.26991021633148 1.4400247335434 1.31177234649658 1.76745641231537 2.94490385055542 2.47928547859192 1.00390255451202 1.76215207576752
4.32606792449951 4.470703125 4.62000179290771 4.78188705444336 4.97296619415283 5.18279600143433 5.41299533843994 5.71336841583252 5.95258617401123 6.18706130981445 6.43935203552246 8.36430644989014 11.6852159500122 14.4285459518433 9.09736728668213 6.26270008087158 6.21428966522217 6.17111253738403 5.43909454345703 6.03323793411255 6.66221141815186 7.28350400924683 7.7751317024231 8.28551578521729 9.00598239898682 9.99859809875488 9.99350833892822 8.78384780883789 7.34252882003784 5.02871084213257 5.76720714569092 6.58412647247314 5.85810852050781 0.0946473702788353 0.116694115102291 0.400046288967133 0.62846428155899 0.783546328544617 0.936922073364258 1.12616562843323 1.48486435413361 1.6531845331192 2.19805073738098 1.11279845237732 0.489829450845718
4.32706069946289 4.47257232666016 4.62320184707642 4.78694915771484 4.97389698028564 5.18175935745239 5.40595006942749 5.53640937805176 5.57910585403442 5.91788339614868 8.58035278320312 11.2979488372803 16.0637321472168 15.8847618103027 11.8462915420532 6.47094297409058 3.95722627639771 4.22206115722656 4.39226531982422 3.94193148612976 4.34744882583618 4.80291891098022 5.18837356567383 5.48482894897461 5.11502313613892 5.22534847259521 5.63390350341797 6.19874477386475 6.66842746734619 5.87442827224731 5.53901100158691 5.3061785697937 4.88404273986816 0.451957911252975 0.00719297770410776 0.0710168331861496 0.20691967010498 0.286087334156036 0.440822333097458 0.96543300151825 1.23617124557495 1.44844675064087 1.23605298995972 1.53991878032684 0.0855339542031288
3.6379497051239 3.75116324424744 3.86845397949219 4.03756046295166 4.36208820343018 4.77430582046509 5.29709243774414 5.92867517471313 6.75611877441406 9.82846546173096 15.5132236480713 20.1709327697754 29.1501235961914 23.393367767334 5.7153148651123 6.0311803817749 1.57612979412079 1.76960933208466 2.46421432495117 2.81813192367554 2.84195590019226 3.37551665306091 3.62853956222534 3.91875052452087 3.7801787853241 3.70062732696533 4.10175704956055 4.75449371337891 5.51829814910889 5.2441782951355 5.05117845535278 5.38133573532104 4.93825674057007 3.07551836967468 0.171273320913315 -0.238140001893044 0.629035174846649 -0.245491206645966 -0.165272071957588 -0.14634957909584 0.136383324861526 0.63366711139679 0.840471684932709 0.98293799161911 0.591667473316193
4.50357055664062 4.8788890838623 5.29317951202393 5.68127632141113 6.22954273223877 6.90870094299316 7.79188966751099 8.94177627563477 10.4626493453979 12.4486036300659 18.7072277069092 24.1860733032227 32.1973037719727 34.059757232666 13.4107522964478 5.24750232696533 -0.079729825258255 -0.0444819033145905 0.00717210909351707 0.86081075668335 1.20368051528931 1.47579514980316 2.16482591629028 2.50597596168518 2.60831952095032 2.67115354537964 2.9894757270813 3.43981695175171 4.02163553237915 4.59859943389893 5.75986003875732 7.27542066574097 8.02179431915283 2.8513514995575 0.759622812271118 1.01288437843323 2.01426672935486 1.12858378887177 -0.714855551719666 -0.533348262310028 -0.254100888967514 0.423293828964233 0.87455826997757 1.28353178501129 1.0202534198761
5.44309663772583 6.4004111289978 6.87683582305908 7.42516756057739 8.07798385620117 8.87308502197266 9.87645053863525 11.1122102737427 12.6974792480469 14.9367322921753 18.7111911773682 24.1903591156006 33.4157485961914 39.36767578125 22.5192165374756 8.86529636383057 -0.645498216152191 -0.628695964813232 -0.579181313514709 -0.408973336219788 -0.152087077498436 0.184796586632729 0.773912787437439 1.49460530281067 1.98925125598907 2.28980493545532 2.69042038917542 3.13463163375854 3.75812697410583 6.54140567779541 8.54108905792236 11.8080196380615 15.8683195114136 -0.244823485612869 -0.491474688053131 0.155372768640518 0.739695727825165 -0.207172393798828 -0.705956518650055 -0.553422451019287 -0.320075422525406 0.0563022866845131 0.426672488451004 0.770186007022858 1.29892027378082
5.85073089599609 7.05733156204224 7.68372249603271 8.26443576812744 8.94522285461426 9.82807922363281 10.9128894805908 12.259072303772 13.9858713150024 16.2137107849121 19.1344528198242 23.3061275482178 30.3274326324463 42.2194595336914 28.5372886657715 14.5879955291748 2.89440989494324 -1.03508651256561 -0.955181181430817 -0.870921313762665 -0.781045138835907 -0.301381587982178 0.239804923534393 1.02570104598999 1.88285636901855 2.5982506275177 3.38339352607727 4.16443920135498 5.10417938232422 5.56036233901978 7.57579469680786 10.3836603164673 15.0458555221558 8.3080415725708 -0.803071022033691 -0.745707333087921 -0.69165563583374 -0.552020788192749 -0.418436527252197 -0.183847665786743 0.0587790943682194 0.300750970840454 0.533977925777435 0.690831065177917 0.741429686546326
6.62778806686401 7.09728717803955 7.91194677352905 8.50993061065674 9.2050952911377 10.0370464324951 11.0355005264282 12.2425737380981 13.7490844726562 15.8070888519287 18.6988792419434 21.2508506774902 27.3050441741943 36.7912559509277 33.2101516723633 17.9101276397705 8.50768375396729 0.746087670326233 0.769115090370178 -1.15057647228241 -1.01643002033234 -0.591589748859406 0.156406119465828 0.874123275279999 1.51452171802521 2.07402205467224 2.11752247810364 2.93505358695984 4.24038696289062 5.79608917236328 5.90890502929688 7.84780120849609 9.04427051544189 10.272066116333 8.95105361938477 -0.918525040149689 -0.899776518344879 -0.619607448577881 -0.325836807489395 -0.0508761890232563 0.150812566280365 0.360698580741882 0.584784686565399 0.832873582839966 0.991515278816223
6.86365365982056 7.31900262832642 7.51603698730469 8.05853080749512 8.6812572479248 9.45011138916016 10.3978214263916 11.5740394592285 13.0077791213989 14.8179636001587 17.1443347930908 20.1906833648682 23.9546203613281 32.4662132263184 35.503303527832 20.9597644805908 13.5313129425049 4.51074028015137 4.27640056610107 -1.30558681488037 -1.06635534763336 -0.894585967063904 0.190197244286537 0.92714536190033 1.46070623397827 2.31774806976318 1.71583926677704 1.93325757980347 3.25075268745422 4.82145977020264 6.43237829208374 9.09670162200928 10.8377017974854 12.0096216201782 14.5073137283325 -1.22484028339386 -1.18722605705261 -0.816423356533051 -0.439079463481903 -0.146185919642448 -0.00160614703781903 0.144939869642258 0.272229462862015 0.462777733802795 0.696361243724823
6.61515998840332 7.01586246490479 7.46632719039917 7.79092311859131 8.39896774291992 9.08962249755859 9.88362979888916 10.8811845779419 12.1103420257568 13.6232938766479 15.7743606567383 18.6244621276855 21.5373554229736 29.5774154663086 38.1008605957031 22.9146118164062 14.0467596054077 6.87626934051514 8.25450706481934 -1.33846294879913 -1.0603574514389 -0.968620359897614 0.289515644311905 1.09414529800415 1.8154125213623 2.40979647636414 2.84659004211426 3.46667981147766 4.37600326538086 5.73044490814209 7.51812839508057 9.35504722595215 11.3789863586426 12.9946775436401 14.9167108535767 -1.35468780994415 -1.41979146003723 -1.06438517570496 -0.698308944702148 -0.399886757135391 -0.274835795164108 -0.206858158111572 -0.133078888058662 0.0404000468552113 0.236804857850075
6.3964638710022 6.78100633621216 7.22245502471924 7.52291584014893 7.84575939178467 8.49188995361328 9.26094722747803 10.1593284606934 11.2853288650513 12.7282590866089 14.553563117981 17.2178268432617 19.7373390197754 25.200122833252 36.0771522521973 29.0598659515381 15.1398468017578 5.53864574432373 5.72059631347656 0.842142641544342 1.32285451889038 -0.755839824676514 -0.0591952092945576 0.973283648490906 1.87094449996948 2.65854239463806 3.41090059280396 4.40613174438477 5.21289539337158 6.14751577377319 7.8998556137085 9.90319538116455 11.4126749038696 13.2857685089111 14.6607685089111 -1.00961601734161 -1.48327898979187 -1.19278430938721 -0.872791111469269 -0.586450159549713 -0.460661858320236 -0.444456279277802 -0.285731375217438 -0.133054405450821 -0.00592597806826234
6.06987810134888 6.40018939971924 6.77734994888306 7.19628381729126 7.66974592208862 7.8283429145813 8.53604698181152 9.38530349731445 10.3964900970459 11.7011404037476 13.3902416229248 15.5369625091553 18.3175792694092 21.1242370605469 29.7202625274658 35.4096412658691 17.7252368927002 6.97109460830688 1.33128297328949 1.81115877628326 1.97134327888489 -0.0177002046257257 0.383164495229721 1.05682420730591 2.03257346153259 2.88098216056824 3.83415389060974 5.05730676651001 6.36981582641602 7.30447673797607 8.52486610412598 9.8071813583374 14.6032762527466 15.66419506073 12.1756372451782 3.05208945274353 -1.43398916721344 -1.26330363750458 -0.984842121601105 -0.727700233459473 -0.623800218105316 -0.529497146606445 0.0108166942372918 0.249845668673515 0.369361400604248
5.50912666320801 5.8461651802063 6.23402643203735 6.58583068847656 6.94246244430542 6.97676038742065 7.48468589782715 8.22304821014404 9.13058948516846 10.2516069412231 11.7155542373657 13.6466493606567 16.1942310333252 17.4049263000488 20.1724700927734 28.8614120483398 20.6229877471924 8.08653163909912 2.06376385688782 1.46867263317108 2.43516159057617 1.4184490442276 1.23995590209961 1.62912487983704 2.30860328674316 3.2020058631897 4.28661966323853 5.47074890136719 7.05345392227173 8.30264854431152 10.6279134750366 12.9944229125977 18.9171009063721 18.8101654052734 11.6751022338867 2.43027997016907 -1.25647497177124 -1.15983057022095 -0.925377666950226 -0.765956163406372 -0.682999134063721 -0.515791177749634 -0.105953253805637 0.308352291584015 0.466563612222672
4.94526863098145 5.23378276824951 5.55563259124756 5.90889978408813 5.93149614334106 6.04716157913208 6.18505334854126 6.32128763198853 6.95055818557739 7.71142625808716 8.74455165863037 10.2271432876587 12.2619457244873 13.7736110687256 13.6563863754272 16.1390247344971 13.6357040405273 10.9648094177246 4.81625413894653 2.66855669021606 2.46423363685608 2.63990116119385 2.21269583702087 2.38196921348572 2.93975210189819 3.88258695602417 5.08206939697266 6.36124706268311 8.36844825744629 10.1995191574097 12.9715547561646 16.4527130126953 23.8331146240234 17.4854373931885 7.34271144866943 -1.02833724021912 -0.900343894958496 -0.838329672813416 -0.744941294193268 2.09115791320801 -0.70551735162735 -0.585232019424438 -0.292310357093811 0.102715708315372 0.325840950012207
