slauniainen/Data/DEM/Vihti_dem1500b_cl_horizonAngle_96.asc
NCOLS 196 
NROWS 178 
XLLCORNER 353680 
YLLCORNER 6699024 
CELLSIZE 16 
NODATA_value -3.4e+38 
[rows 60 to 79 of 178, columns 135 to 179 of 196]
3.42051601409912 3.51218557357788 3.58305144309998 3.65922021865845 3.81786465644836 4.03257989883423 4.71903944015503 5.04632902145386 5.24003505706787 5.51624155044556 5.73279619216919 6.24359655380249 6.73342323303223 7.1884880065918 7.90115547180176 8.6951789855957 9.81052398681641 12.1153984069824 16.5323276519775 11.1181020736694 3.45009660720825 3.62565779685974 6.99935722351074 -2.56060361862183 -1.25304079055786 -0.280054956674576 0.251575410366058 0.734349370002747 0.967157781124115 1.51675474643707 2.72264313697815 4.01335144042969 5.81226634979248 8.09281158447266 8.32770538330078 9.32087230682373 12.0636568069458 15.4053602218628 6.9885368347168 2.12005639076233 2.07502031326294 2.12377119064331 2.354248046875 3.05904674530029 3.97961926460266
3.27917814254761 3.33905982971191 3.37077331542969 3.30193138122559 3.43828988075256 3.58231234550476 3.98018264770508 4.25923156738281 4.3887734413147 4.5570387840271 4.65243816375732 4.7137622833252 4.90415191650391 5.20842742919922 5.23303318023682 5.61007833480835 7.73447227478027 9.50894165039062 11.2941198348999 11.747218132019 6.25676250457764 0.0708973258733749 0.685308516025543 -2.22011995315552 -0.83919882774353 -0.108060456812382 0.490826487541199 0.875977635383606 1.3897625207901 1.70583069324493 2.00456643104553 2.71068716049194 3.74933481216431 5.44204425811768 6.29905891418457 6.80013751983643 7.89318132400513 9.90751361846924 4.6333909034729 2.37964916229248 2.46117496490479 2.57677936553955 2.76720976829529 3.32151317596436 4.13404130935669
3.42354774475098 3.53446888923645 3.51244831085205 3.55268311500549 3.88120985031128 4.22976160049438 4.59194850921631 5.0275444984436 5.54411745071411 5.61831188201904 5.67877960205078 7.20322942733765 5.82847547531128 4.60676336288452 3.90254664421082 4.09359931945801 5.37157344818115 6.10283231735229 6.91470718383789 7.16802597045898 6.19890356063843 1.72983431816101 -0.39820322394371 -2.03632688522339 -0.800800561904907 -0.133106425404549 0.147401049733162 0.45924910902977 0.865062296390533 1.36235189437866 1.65997922420502 2.14880871772766 2.55856561660767 3.40000915527344 4.00364589691162 4.40983486175537 4.47654104232788 4.69654607772827 2.63309049606323 2.63478207588196 2.70544075965881 2.86378335952759 3.14783978462219 3.6199939250946 4.28573894500732
3.77518653869629 3.76678085327148 3.97252607345581 4.28394079208374 4.63338994979858 5.05689287185669 5.51533222198486 6.26586818695068 6.9185643196106 6.78338575363159 8.24093341827393 8.99458312988281 5.16320705413818 3.46073865890503 3.57910084724426 3.80439591407776 3.88672304153442 3.93604278564453 4.38163805007935 4.09533214569092 3.92555212974548 3.93634366989136 2.35330152511597 3.13820767402649 5.54623794555664 9.45452499389648 -0.681180357933044 -0.474965870380402 0.0365263521671295 0.571067631244659 1.00875294208527 1.49038314819336 1.70594882965088 2.39720892906189 2.76071405410767 3.18457078933716 3.70553016662598 2.33963561058044 2.35339069366455 2.44653987884521 2.55958580970764 2.70567226409912 2.97858428955078 3.35561394691467 3.88284015655518
4.16215085983276 4.3636999130249 4.59186315536499 4.84846925735474 5.15755128860474 5.59690761566162 6.37313604354858 6.83843278884888 7.56307172775269 8.88472652435303 10.8732900619507 6.8026065826416 5.58380222320557 3.4201328754425 3.55974340438843 3.92540407180786 3.96072244644165 4.05392789840698 4.42702674865723 4.82529497146606 5.15584087371826 4.67573022842407 4.25266790390015 4.75901126861572 6.29780721664429 7.98817157745361 -1.24390006065369 -0.937425971031189 -0.575982689857483 0.0222472567111254 0.525282502174377 0.902001857757568 1.08123934268951 1.29010558128357 1.46422851085663 1.59979069232941 1.68873536586761 1.69171977043152 1.71616077423096 2.05541205406189 2.31415390968323 2.50560641288757 2.70425701141357 3.03878569602966 3.47710800170898
4.75946378707886 4.9646053314209 5.22428369522095 5.46168565750122 5.67124271392822 5.98789024353027 6.58865451812744 7.23507308959961 8.5308198928833 9.88236427307129 9.29729080200195 5.43847036361694 7.21129655838013 5.30793905258179 4.60075569152832 3.50786542892456 3.32182049751282 4.01761293411255 3.50723338127136 4.00995016098022 4.77615547180176 5.18187808990479 5.27332019805908 6.42558288574219 8.29926681518555 0.62327116727829 -1.63473784923553 -1.32560968399048 -0.609470248222351 0.976194202899933 1.70043623447418 3.83744883537292 5.74737358093262 0.348365157842636 0.813603699207306 1.05262577533722 1.12936103343964 1.15951955318451 1.37526607513428 1.6556613445282 1.88440668582916 2.14321637153625 2.39114832878113 2.68063068389893 2.98721623420715
5.6574444770813 5.98385095596313 6.34182119369507 6.42537641525269 6.33586978912354 6.63440084457397 7.00042200088501 7.5467963218689 9.01579761505127 9.52285766601562 7.54317617416382 6.82985210418701 6.94482088088989 7.46561431884766 5.78183078765869 5.09327983856201 5.24282884597778 7.52851057052612 3.46093082427979 0.0076512829400599 1.37234592437744 4.05567932128906 5.23288106918335 5.49918079376221 7.72269535064697 -1.92341899871826 -1.82397925853729 -1.50913119316101 0.131550401449203 2.56788516044617 5.46982192993164 3.57663369178772 5.81849765777588 -0.308818161487579 0.149615466594696 0.39670518040657 0.490645527839661 0.531686961650848 0.739699125289917 2.39190769195557 1.16571927070618 1.37254464626312 1.75680780410767 1.99834752082825 2.24003148078918
6.37761735916138 6.75764083862305 7.16815185546875 7.29064512252808 7.22389984130859 7.5969443321228 7.85259103775024 8.17466735839844 8.32404518127441 8.37293720245361 8.37173080444336 8.94443893432617 9.71061134338379 10.3314666748047 7.09722661972046 5.09914302825928 4.52697658538818 4.22288751602173 4.3492603302002 -0.0165836997330189 -1.95820868015289 -1.80425870418549 0.462585002183914 3.78012442588806 -1.02488350868225 -1.7471137046814 -1.63292443752289 -1.36048865318298 0.95367044210434 4.22416496276855 5.80100250244141 -1.13728415966034 1.2558159828186 -0.658465087413788 -0.569396734237671 -0.491463422775269 -0.320334523916245 -0.181204602122307 0.260381758213043 2.66640973091125 2.39348959922791 0.555923342704773 0.958813905715942 1.38585817813873 1.62048232555389
6.79876613616943 7.21284437179565 7.64652109146118 7.90099048614502 8.11119937896729 8.54169082641602 9.01136016845703 9.50630187988281 8.72415542602539 9.03718185424805 9.69236755371094 10.5705623626709 11.6248989105225 12.4861869812012 9.09455680847168 8.74939823150635 9.99232959747314 1.85170233249664 -0.530335366725922 -0.705522894859314 -2.54227590560913 -2.46829032897949 -1.89239895343781 -0.991535425186157 -0.531877458095551 -0.782854855060577 -0.187474370002747 0.171512365341187 0.182420074939728 0.840654015541077 1.99442887306213 -1.42288196086884 -0.502097129821777 1.27887713909149 5.28174495697021 -0.986237347126007 -0.856234312057495 -0.666289746761322 -0.274516493082047 0.767230272293091 2.21619200706482 -0.0281079113483429 0.00716529600322247 0.416481584310532 0.900163292884827
6.82005786895752 7.21869277954102 7.64372968673706 8.06333351135254 8.58718395233154 9.9976692199707 11.5436372756958 8.83694648742676 8.89797115325928 9.50225830078125 10.3993654251099 11.4422979354858 12.0995321273804 12.2827053070068 12.0140256881714 10.199914932251 10.4909620285034 2.48861145973206 -0.806974470615387 -3.18169546127319 -3.04003977775574 -2.59336423873901 -1.14528751373291 0.0511492416262627 1.24596071243286 1.1433402299881 2.53893494606018 4.80825328826904 -0.0270202271640301 -1.72622525691986 -1.38362646102905 -0.825847327709198 0.0944204479455948 2.12237071990967 4.00963401794434 4.80035877227783 -1.0178861618042 -0.835629343986511 -0.594790458679199 2.04301309585571 5.44234180450439 -0.464893192052841 -0.388871341943741 -0.0710284113883972 0.394363224506378
6.64095544815063 7.0290699005127 7.43001699447632 7.95067930221558 8.54117584228516 9.38482189178467 9.9340763092041 8.7371301651001 8.79703235626221 9.33152675628662 10.0943412780762 10.765115737915 11.1627149581909 11.7121381759644 11.8578052520752 12.0124835968018 10.407600402832 4.55252456665039 -1.97939324378967 -3.51154065132141 -3.13370108604431 -2.45189905166626 -1.84236907958984 -1.18358600139618 1.38970506191254 2.72018766403198 4.10862398147583 5.05414009094238 3.51545166969299 -1.99326753616333 -1.75459051132202 -0.420779049396515 1.76061677932739 3.51082444190979 5.41796016693115 8.33329200744629 -1.08368241786957 -1.00215303897858 -0.883935570716858 0.454990327358246 1.72623133659363 -0.309031456708908 -0.268606156110764 0.00819994788616896 0.372867792844772
6.49524259567261 6.79604339599609 7.41555070877075 8.67706966400146 9.4457483291626 10.5952596664429 11.7005424499512 8.30496311187744 8.37665843963623 8.8208122253418 9.44062042236328 9.76334667205811 10.6754264831543 11.6627349853516 9.93122673034668 10.5804567337036 8.56301879882812 4.24773645401001 -3.52680540084839 -3.37986445426941 -2.9710111618042 -2.35667157173157 -1.88492023944855 -1.33117365837097 -0.0487880297005177 1.09893369674683 3.07370662689209 5.17534732818604 -0.731664717197418 -1.09962117671967 -0.970196843147278 0.351066470146179 2.15464162826538 3.1738440990448 4.53646564483643 6.69636869430542 2.06073522567749 -1.1011608839035 -0.835124254226685 -0.493156373500824 -0.336251229047775 -0.213497653603554 -0.108980104327202 0.0915935635566711 0.386867940425873
6.35517930984497 6.71588659286499 7.49163484573364 8.81679439544678 9.74082469940186 10.3894033432007 11.7334156036377 9.51095199584961 7.57909774780273 7.89351987838745 8.73893165588379 8.64285945892334 9.42574119567871 10.0808353424072 9.4522647857666 6.31819915771484 3.60346627235413 1.44982159137726 -3.62991404533386 -3.45210456848145 -3.03918981552124 -2.5860321521759 -2.15224123001099 -1.21202433109283 -0.72888970375061 -0.368506282567978 -0.158583432435989 0.27010440826416 0.292605251073837 0.565403580665588 1.01087319850922 1.84364259243011 3.26420998573303 4.03313636779785 4.78092432022095 6.10067796707153 7.63454866409302 0.715384185314178 -0.698595643043518 -0.394876778125763 -0.166032582521439 0.00493465084582567 0.149464026093483 0.305752485990524 0.475927472114563
6.15588045120239 6.67472267150879 7.41896486282349 8.36550045013428 8.38080883026123 9.10542488098145 9.97711849212646 9.95729541778564 7.65463304519653 7.51241683959961 7.41185712814331 7.72041463851929 8.25731658935547 8.80780982971191 8.19132232666016 2.61559200286865 0.283245623111725 0.977933466434479 -3.60758328437805 -3.47041082382202 -3.2446653842926 -2.96671390533447 -2.31408357620239 -1.56958532333374 -1.11767792701721 -0.801100015640259 -0.734788596630096 -0.260288059711456 0.401055961847305 0.916977882385254 1.66573059558868 2.52309823036194 3.25942468643188 5.51860952377319 6.46827268600464 7.841064453125 9.48360443115234 -0.819730758666992 -0.614805996417999 -0.192704409360886 0.00233408925123513 0.200801953673363 0.399752259254456 0.567514777183533 0.72176992893219
5.76403617858887 6.78918695449829 8.7252025604248 13.8935470581055 7.21295213699341 7.71740579605103 8.17477989196777 8.2710599899292 8.56679916381836 8.36386394500732 7.60931921005249 7.81285619735718 8.48272323608398 6.50921583175659 4.51693058013916 0.572705924510956 -0.0698044970631599 0.01016332115978 -1.36698055267334 -3.50915551185608 -3.36237406730652 -3.16821622848511 -2.74959444999695 -2.04650473594666 -1.54747533798218 -1.17087841033936 -0.719735682010651 -0.20025135576725 0.669011890888214 1.0153923034668 1.59364640712738 3.4405689239502 5.01349449157715 6.56594038009644 7.83576917648315 5.08149147033691 1.46164381504059 -0.606518566608429 -0.31269434094429 0.00225027464330196 0.202716365456581 0.468148469924927 0.702753067016602 0.863754212856293 1.05493783950806
5.2906813621521 6.57879686355591 11.1716623306274 14.6505651473999 6.27854156494141 6.67674589157104 7.65288019180298 8.40077781677246 8.34673404693604 8.26890182495117 8.84557151794434 9.17802143096924 8.26312255859375 4.32565450668335 2.63072323799133 0.665640294551849 -0.78890073299408 -0.1021658629179 0.583797037601471 -1.18462312221527 -3.5312922000885 -3.37328743934631 -2.90233874320984 -2.44252896308899 -2.18198275566101 -1.9105623960495 -1.66845118999481 -1.17031645774841 -0.722607970237732 0.0258727539330721 1.21936666965485 2.90342307090759 5.15730810165405 7.455810546875 7.39372682571411 3.22767066955566 -0.64009964466095 -0.380448639392853 -0.0785902068018913 0.214214980602264 0.486722201108932 0.816666662693024 1.05132353305817 1.23889875411987 1.42398715019226
4.78548622131348 6.02196216583252 10.569580078125 9.17349529266357 5.92278480529785 6.45158052444458 7.05551862716675 8.67848587036133 10.8376359939575 7.04054260253906 7.57282495498657 7.78943109512329 5.82079601287842 4.49083757400513 1.7599139213562 -1.15816032886505 -0.864554345607758 -0.118489950895309 -1.5199887752533 -2.19502258300781 -3.50033044815063 -3.26673078536987 -2.84935855865479 -2.46842050552368 -2.14209318161011 -1.80597376823425 -1.570392370224 -1.390101313591 -1.20818424224854 -0.814192533493042 0.072734646499157 1.01246333122253 1.09991693496704 1.46467447280884 1.97385382652283 0.556533634662628 -0.230162620544434 -0.0871022716164589 0.135331258177757 0.407463669776917 0.66543060541153 1.08504927158356 1.32495617866516 1.50954246520996 1.70413017272949
4.12397003173828 5.53241586685181 7.48366355895996 6.67701864242554 6.16981363296509 7.33205509185791 9.0570068359375 11.1619720458984 8.51564693450928 6.26882982254028 5.25062656402588 5.3211030960083 5.27115297317505 4.05480289459229 1.1233948469162 -0.973563432693481 -1.23949956893921 -0.778484344482422 -1.80276608467102 -3.55891108512878 -3.37375974655151 -3.13516354560852 -2.81406927108765 -2.48897695541382 -2.14620971679688 -1.76513504981995 -1.5070378780365 -1.31771099567413 -1.14805150032043 -1.00430464744568 -0.90801328420639 -0.293039888143539 0.454023897647858 1.54292178153992 2.52738738059998 0.490982949733734 0.0135851735249162 0.187676459550858 0.329385608434677 0.52546226978302 0.77346658706665 1.17579281330109 1.59959697723389 2.01087164878845 2.21668672561646
3.77691245079041 5.00657415390015 6.03239727020264 6.42402172088623 7.69549036026001 9.43836116790771 11.3378963470459 11.8664531707764 6.09027814865112 4.17880439758301 4.98589086532593 5.55700969696045 5.85170078277588 4.76647233963013 2.20020580291748 0.0913332104682922 -0.401075810194016 0.886105418205261 -3.64188408851624 -3.48029088973999 -3.31049394607544 -3.05994296073914 -2.7318172454834 -2.40607857704163 -2.02027440071106 -1.66565263271332 -1.41013288497925 -1.16898322105408 -1.02063322067261 -0.884499251842499 -0.762606739997864 -0.706954419612885 -0.518492698669434 -0.28967547416687 0.219302639365196 0.704853594303131 0.310209155082703 0.425769805908203 0.53262460231781 0.686157941818237 0.88173633813858 1.09844541549683 1.92940747737885 2.20056581497192 2.39383840560913
3.47096157073975 4.32933330535889 4.99657154083252 6.84336614608765 8.27993202209473 11.1130123138428 16.1646213531494 9.07979869842529 3.52482032775879 4.65085697174072 6.10337257385254 6.9308614730835 7.34156894683838 6.77119541168213 2.71526074409485 0.425895422697067 -0.70407509803772 -1.23924016952515 -3.31617379188538 -3.42937660217285 -3.26238918304443 -2.97674560546875 -2.58624362945557 -2.20927357673645 -1.83866965770721 -1.52702867984772 -1.22486805915833 -1.00384318828583 -0.864034473896027 -0.765977561473846 -0.639667332172394 -0.542322278022766 -0.420428812503815 -0.179244235157967 0.0728113502264023 0.295092344284058 0.478584676980972 0.6340212225914 0.754384875297546 1.23933577537537 1.05116498470306 1.25027132034302 1.81725692749023 2.16128420829773 2.34307670593262
