slauniainen/Data/DEM/Vihti_dem1500b_cl_horizonAngle_192.asc
NCOLS 196 
NROWS 178 
XLLCORNER 353680 
YLLCORNER 6699024 
CELLSIZE 16 
NODATA_value -3.4e+38 
[rows 100 to 119 of 178, columns 135 to 179 of 196]
6.8163685798645 7.11302471160889 7.08014059066772 7.08795833587646 7.14756011962891 7.04874992370605 6.90345668792725 6.46816921234131 5.98612594604492 5.50769567489624 4.90971088409424 4.55531024932861 4.54158878326416 4.93562078475952 4.94672107696533 5.01265096664429 5.00854110717773 5.03972005844116 5.07546377182007 5.04675912857056 4.96957159042358 4.86580657958984 4.69809055328369 4.62269258499146 4.6508264541626 5.10047817230225 5.53742074966431 5.81404447555542 6.15904092788696 6.18347549438477 6.03753757476807 6.29805278778076 7.46612930297852 8.93946266174316 9.32924461364746 9.90885257720947 10.1534938812256 10.4258260726929 10.4902095794678 11.0751123428345 12.077094078064 11.9629278182983 12.1061582565308 12.2079515457153 11.9981460571289
7.1853199005127 7.5279483795166 7.46222639083862 7.44175338745117 7.40463638305664 7.2943115234375 7.02385187149048 6.67510366439819 6.18022298812866 5.68133163452148 4.89019966125488 4.51229190826416 4.67869853973389 5.08011865615845 5.09653759002686 5.17317962646484 5.25011682510376 5.28857183456421 5.17313480377197 5.20500612258911 5.13700532913208 5.02251291275024 4.84791135787964 4.77835607528687 4.97299242019653 5.70565366744995 6.03657579421997 6.28598785400391 6.46816158294678 6.54297590255737 6.413978099823 7.31906986236572 8.15582752227783 9.95158386230469 10.8355703353882 10.8263473510742 11.0228595733643 11.2404413223267 11.426815032959 12.0495615005493 13.1321001052856 13.0578746795654 13.2045564651489 13.4418601989746 13.1421451568604
7.75676488876343 7.92866802215576 7.87377643585205 7.82069206237793 7.6838436126709 7.55700206756592 7.05979919433594 6.7084789276123 6.32345199584961 5.86522054672241 5.0532021522522 4.65813589096069 5.07750034332275 5.33246517181396 5.31411218643188 5.38424634933472 5.43031978607178 5.45260047912598 5.40956974029541 5.3431921005249 5.27957963943481 5.18115186691284 4.993980884552 5.01112365722656 5.43001556396484 6.06677770614624 6.38471460342407 6.55923414230347 6.7288384437561 6.80948543548584 6.79315805435181 7.77587890625 8.89858531951904 10.6791944503784 11.5655784606934 11.7712202072144 12.1992244720459 12.349027633667 12.4612407684326 13.2037057876587 14.3848686218262 14.3274879455566 14.4989175796509 14.9534330368042 15.4795846939087
8.30137825012207 8.16573429107666 8.14059066772461 7.95517206192017 7.99787950515747 7.83424758911133 7.18415927886963 6.6480565071106 6.2387752532959 5.70123815536499 5.09829902648926 4.88683080673218 5.28441381454468 5.5586109161377 5.56497669219971 5.54948806762695 5.60644817352295 5.63802909851074 5.57565450668335 5.50640153884888 5.37480211257935 5.25626277923584 5.13970565795898 5.2539644241333 5.73180150985718 6.30259227752686 6.62939834594727 7.07652378082275 7.22787952423096 7.08942270278931 7.50130367279053 8.32048225402832 9.99519443511963 11.8473863601685 12.7587060928345 12.8099088668823 13.2073392868042 13.3527774810791 13.9058074951172 14.7905292510986 15.8357353210449 16.2590713500977 17.0748424530029 16.7571506500244 17.6382865905762
8.93227386474609 8.68185234069824 8.58597469329834 8.24041175842285 8.30856418609619 8.13503170013428 7.43742704391479 6.88448810577393 6.31066989898682 5.60618257522583 5.09901475906372 5.07775497436523 5.52415132522583 5.78015995025635 5.76425075531006 5.74177885055542 5.78919267654419 5.8223557472229 5.75449848175049 5.66931915283203 5.53099918365479 5.32823085784912 5.24838733673096 5.40524911880493 5.9029688835144 6.50030422210693 6.94162082672119 7.40446329116821 7.52994823455811 7.36282348632812 8.37615585327148 11.6466073989868 13.7373962402344 14.0299482345581 14.1976318359375 14.3061990737915 15.1231470108032 15.4728565216064 16.5783100128174 18.0318012237549 17.8613109588623 18.2153472900391 19.085298538208 18.5210037231445 24.2302131652832
9.66596794128418 9.29878234863281 9.12784290313721 8.60776138305664 8.45429515838623 8.25460815429688 7.70548629760742 7.14152479171753 6.53952598571777 5.62977838516235 5.19399929046631 5.56471300125122 5.79014110565186 6.01641845703125 5.98887920379639 5.9461236000061 5.99225807189941 6.01200294494629 5.93534564971924 5.85351181030273 5.69482707977295 5.46785020828247 5.38832330703735 5.77293252944946 6.62128686904907 7.01001691818237 7.33432006835938 7.62816715240479 7.79537057876587 7.68745899200439 9.30726432800293 13.1462173461914 15.4911794662476 16.2309722900391 16.2028865814209 16.5130290985107 17.2800273895264 17.6202602386475 18.7946071624756 20.4984035491943 20.0771560668945 20.5181102752686 21.1743946075439 21.9614315032959 21.5385265350342
10.5071239471436 10.0148000717163 9.76691818237305 9.02368831634521 8.80854415893555 8.3545036315918 7.99160051345825 7.40636539459229 6.76407146453857 5.83322191238403 5.37531423568726 6.08135890960693 6.36236190795898 6.21184539794922 6.22221994400024 6.24882173538208 6.27564144134521 6.13896036148071 6.11795806884766 6.0285964012146 5.83903837203979 5.57691383361816 5.71169328689575 6.15239191055298 6.87255668640137 7.2114725112915 7.46994161605835 7.80469703674316 8.02241516113281 8.77723789215088 10.362114906311 14.8358888626099 17.2437114715576 17.9125175476074 18.1508388519287 18.7424583435059 19.7854557037354 19.9705295562744 21.1876373291016 23.5209884643555 24.9799842834473 23.769287109375 21.8967094421387 22.5197067260742 21.248556137085
11.0989208221436 10.7427310943604 10.4554281234741 9.60167789459229 9.215087890625 8.41068363189697 7.97205448150635 7.54881954193115 7.00438737869263 6.05104446411133 5.56175851821899 6.35093021392822 6.65213012695312 6.57667922973633 6.42598104476929 6.43311262130737 6.44781017303467 6.33342933654785 6.24539232254028 6.09570169448853 5.94607353210449 5.73946619033813 5.86079216003418 6.35526704788208 7.00343418121338 7.31277942657471 7.76031398773193 7.92915916442871 8.73329067230225 10.2540454864502 11.296088218689 16.7625026702881 20.2348232269287 20.920015335083 20.2230205535889 20.9813499450684 22.0923595428467 24.2627048492432 25.8872356414795 30.1146602630615 32.5680885314941 27.5656147003174 22.6424407958984 22.6227207183838 18.8915233612061
11.5075521469116 11.2345924377441 10.5678911209106 10.1734886169434 9.63909816741943 8.68667888641357 8.01438617706299 7.39976787567139 6.79068517684937 6.05265712738037 5.84083271026611 6.62548542022705 6.93642330169678 6.83216333389282 6.68285226821899 6.6412296295166 6.5916919708252 6.43616008758545 6.33372068405151 6.13353824615479 5.90630722045898 5.81142234802246 5.93932199478149 6.4456582069397 7.1196436882019 7.42453241348267 8.07400608062744 8.26880836486816 10.5103034973145 14.0305156707764 20.2718696594238 24.5834560394287 25.1970958709717 29.7711524963379 30.9599857330322 28.2398147583008 28.5174922943115 29.333309173584 26.4203853607178 24.7179889678955 24.44850730896 25.5507869720459 24.8751678466797 20.2559585571289 17.5183506011963
12.2486085891724 11.9287605285645 10.8984680175781 10.171407699585 9.77881526947021 9.03636074066162 8.33138751983643 7.55200529098511 6.59769010543823 5.9116530418396 6.01746654510498 6.89444208145142 7.17921447753906 7.04792547225952 6.86945486068726 6.82684087753296 6.74415063858032 6.56320142745972 6.41517210006714 6.18783712387085 5.88807821273804 5.85021018981934 5.97974109649658 6.59136629104614 7.34779977798462 7.77967357635498 8.21302318572998 8.31842231750488 11.6507587432861 16.6874237060547 30.3940601348877 36.5339088439941 30.0604763031006 23.416446685791 26.1047325134277 33.0025367736816 32.4934272766113 28.2848968505859 27.5315418243408 22.1266345977783 23.5487461090088 24.4028472900391 20.9467315673828 14.1816129684448 14.2404842376709
13.1142921447754 12.7209548950195 11.5833702087402 10.64768409729 9.92608451843262 9.39448547363281 8.63045215606689 7.78295135498047 6.66255378723145 6.14145994186401 6.9931378364563 7.07427406311035 7.36091566085815 7.21071004867554 7.05405569076538 7.02471542358398 6.84272623062134 6.69779253005981 6.53096008300781 6.25968885421753 5.94776582717896 5.92230176925659 6.40693616867065 7.49755716323853 7.92071628570557 8.19344043731689 8.39655590057373 8.33897113800049 10.0938386917114 13.8185520172119 23.9928569793701 27.4673767089844 28.6161003112793 20.9650535583496 20.6092720031738 22.6988220214844 21.5005168914795 21.2562217712402 25.2758502960205 23.1336441040039 16.3515529632568 12.2971029281616 13.1392955780029 10.1233367919922 3.67775130271912
14.0884990692139 13.592134475708 12.3270282745361 11.1917390823364 9.96461963653564 9.38247013092041 8.74975204467773 8.02917098999023 6.8181619644165 6.24718856811523 7.42895126342773 7.7055721282959 7.34449863433838 7.32894897460938 7.15796756744385 7.15371179580688 6.9865837097168 6.81109046936035 6.56344366073608 6.35465860366821 6.15777683258057 6.32431983947754 6.81278944015503 7.73080015182495 8.15279674530029 8.58684730529785 9.89768409729004 9.41973686218262 10.0310983657837 10.6325607299805 7.94012069702148 11.8464879989624 17.784423828125 21.5550117492676 17.0018062591553 13.3394985198975 13.0332050323486 11.1031866073608 9.95350456237793 12.9471864700317 12.8750791549683 9.89086246490479 8.64322662353516 5.65751028060913 -0.16203898191452
14.9663772583008 14.5967597961426 13.2280511856079 11.7874660491943 10.4521312713623 9.47996234893799 8.53993320465088 7.69216299057007 6.76364231109619 6.45905542373657 7.5887565612793 7.88778114318848 7.6362190246582 7.43622398376465 7.28624057769775 7.26424932479858 7.13375186920166 6.95191240310669 6.6134467124939 6.29652452468872 6.31298160552979 6.4845814704895 7.09433507919312 7.8870906829834 8.20676422119141 9.16815662384033 11.0357322692871 11.9399194717407 13.2014999389648 11.8204202651978 9.39638996124268 5.46936273574829 7.21957874298096 13.3513832092285 14.5849761962891 13.442364692688 12.4744148254395 10.1573553085327 6.26532030105591 8.49178314208984 8.60038948059082 6.82297039031982 2.62420725822449 -0.517741560935974 -0.954841911792755
16.0782260894775 14.7024040222168 14.1783237457275 12.3529939651489 10.9196186065674 9.81648445129395 8.75156116485596 7.41864490509033 6.66422367095947 6.59263372421265 7.77178859710693 8.04859828948975 7.8424243927002 7.63423633575439 7.58623790740967 7.43225479125977 7.27032852172852 7.08386468887329 6.7264575958252 6.3608283996582 6.46311950683594 6.64535284042358 7.29996109008789 8.16643714904785 8.4390754699707 9.1394624710083 8.90970230102539 11.2998600006104 14.6348876953125 14.7907810211182 11.770824432373 7.43473720550537 4.62775897979736 7.05861663818359 5.92809629440308 6.69383573532104 7.63889646530151 6.51358509063721 3.63427019119263 2.17352509498596 1.70084571838379 2.12793636322021 -0.782936811447144 -0.983266294002533 -0.823177576065063
17.522518157959 15.9012031555176 13.9948034286499 12.4754476547241 11.2868232727051 10.1882791519165 9.03048610687256 7.57582569122314 6.80650520324707 6.74979066848755 8.08765411376953 8.41000747680664 8.07506656646729 7.87580585479736 7.82910919189453 7.67867183685303 7.46401643753052 7.21546649932861 6.8694314956665 6.54397916793823 6.64978885650635 6.86936378479004 7.87342977523804 8.80977344512939 9.12939929962158 9.30080986022949 8.93049430847168 8.41324901580811 11.0090408325195 19.754415512085 13.8386964797974 8.89724731445312 5.19060325622559 1.46350049972534 0.0825086310505867 -0.151575207710266 -0.419311493635178 -0.0128680765628815 -0.913019120693207 -1.11117625236511 -1.21435379981995 -1.18226850032806 -0.989676952362061 -0.820669710636139 -0.515410304069519
19.37327003479 17.4624252319336 14.754111289978 12.5664834976196 11.7190227508545 10.6051158905029 9.37044906616211 7.78065156936646 6.97764110565186 8.54988765716553 8.44486904144287 8.80268478393555 8.4442663192749 8.1872091293335 8.17830944061279 7.99547529220581 7.74560785293579 7.42158174514771 7.05581712722778 6.76639413833618 7.06763696670532 7.77837753295898 9.20983123779297 9.53707981109619 9.54506301879883 9.74810600280762 9.26379013061523 7.64629316329956 12.5147924423218 12.5544033050537 13.7944364547729 8.8265380859375 3.68400907516479 -0.773221552371979 -0.697738528251648 -0.687924563884735 -0.65739893913269 -0.641468524932861 -0.741509258747101 -0.884186863899231 -0.941937923431396 -0.824594557285309 -0.615344405174255 -0.450953364372253 0.0259681846946478
21.2620143890381 19.2302589416504 16.0842666625977 13.3247003555298 11.6805772781372 10.7198152542114 9.67815685272217 8.03285312652588 7.23276567459106 9.18582153320312 9.5868034362793 8.9394063949585 8.89257526397705 8.62497425079346 8.49343395233154 8.32898998260498 8.06503200531006 7.63068723678589 7.28381109237671 7.49661731719971 7.68307256698608 8.40562152862549 9.65844821929932 9.97582530975342 11.4541149139404 10.7285680770874 9.81530284881592 8.26512241363525 13.8820123672485 8.61379718780518 7.69637584686279 7.48675203323364 0.741607844829559 -0.757122099399567 -0.622640371322632 -0.531752169132233 -0.505164980888367 -0.424445003271103 -0.476103127002716 -0.466661930084229 -0.485056757926941 -0.422710537910461 -0.286010503768921 -0.149402409791946 1.288006067276
22.1568355560303 20.3209323883057 17.6152496337891 14.1786451339722 12.1402025222778 10.6376619338989 9.20479965209961 7.92269802093506 7.54370307922363 9.80549144744873 10.2012758255005 9.67891216278076 9.36148357391357 9.03665542602539 8.83213710784912 8.6242094039917 8.39082431793213 7.90347099304199 7.61127614974976 7.87291622161865 8.05518054962158 8.79795932769775 10.1070737838745 11.3340978622437 12.5706272125244 11.7314882278442 10.5331792831421 9.62409687042236 4.04859638214111 4.15435218811035 5.56412744522095 2.06335473060608 -0.855211913585663 -0.715691804885864 -0.527293086051941 -0.345046907663345 -0.137801855802536 -0.135784029960632 -0.102904066443443 -0.0691533461213112 -0.100838616490364 -0.0800215974450111 -0.0234857499599457 0.967573404312134 2.14160513877869
25.475757598877 20.8013134002686 17.4138088226318 14.7404317855835 12.8552236557007 11.220175743103 9.08324432373047 8.0347957611084 8.84485530853271 10.5681467056274 10.9625425338745 10.2769088745117 9.9307689666748 9.53847026824951 9.10651111602783 8.71794605255127 8.41088485717773 8.0852518081665 7.85582876205444 8.24266719818115 9.00225639343262 10.329737663269 11.7101144790649 12.4560565948486 13.9687767028809 12.7052946090698 10.8431119918823 8.69127464294434 6.03861045837402 4.19591808319092 0.761002242565155 -1.06900811195374 -0.923429489135742 -0.643974542617798 -0.342890501022339 -0.032446376979351 0.229735150933266 0.228649958968163 0.187092065811157 0.177689731121063 0.0940308198332787 0.0940117537975311 0.481178849935532 1.81814241409302 1.59427380561829
29.4933948516846 23.9128875732422 17.5455493927002 15.239218711853 13.5191555023193 11.8524913787842 9.55689239501953 9.50742340087891 12.1907157897949 11.4850292205811 11.931263923645 11.037202835083 10.5636177062988 10.0623950958252 9.4176778793335 8.95170116424561 8.52226257324219 8.25706005096436 8.40537643432617 9.00122165679932 10.1149215698242 12.2531967163086 12.8575162887573 13.3910827636719 15.5597400665283 14.2595663070679 11.7881174087524 9.71241569519043 7.04268646240234 1.51381862163544 -0.489686578512192 -0.941425621509552 -0.777405440807343 -0.389421790838242 -0.0291358921676874 0.267066150903702 0.474318116903305 0.448993980884552 0.35162752866745 0.242725595831871 0.167489618062973 1.48591589927673 2.71224856376648 3.00258612632751 3.05776977539062
