slauniainen/Data/DEM/Vihti_dem1500b_cl_horizonAngle_126.asc
NCOLS 196 
NROWS 178 
XLLCORNER 353680 
YLLCORNER 6699024 
CELLSIZE 16 
NODATA_value -3.4e+38 
[rows 120 to 139 of 178, columns 0 to 44 of 196]
2.77538347244263 8.49155426025391 4.17252635955811 2.5393214225769 1.23965811729431 1.12878525257111 1.04242348670959 1.01641619205475 1.06950986385345 1.19120037555695 1.3545595407486 1.52676272392273 1.64207589626312 1.74762427806854 1.84477770328522 1.88261532783508 2.03287672996521 2.12107181549072 2.21455717086792 2.20748686790466 2.2492151260376 2.23879861831665 2.22511744499207 2.20583248138428 2.19839835166931 2.19884395599365 2.21277403831482 2.26729321479797 2.35987973213196 2.44286108016968 2.47402286529541 2.53040552139282 2.55151653289795 2.62940764427185 2.69327735900879 2.70549869537354 2.76855516433716 2.79800868034363 2.8947958946228 2.8703088760376 2.64142680168152 2.5427987575531 2.37174892425537 2.22583174705505 2.14199829101562
2.1382908821106 3.88594102859497 7.73319482803345 2.24186873435974 1.43451106548309 1.3236848115921 1.20572507381439 1.13371443748474 1.15341210365295 1.27791273593903 1.41865229606628 1.57333147525787 1.71089839935303 1.80698645114899 1.86437129974365 1.94040584564209 1.97596752643585 2.06500554084778 2.19162440299988 2.27271461486816 2.2617769241333 2.23086023330688 2.26367735862732 2.42881393432617 2.22550988197327 2.21087026596069 2.21213293075562 2.24284029006958 2.29712080955505 2.42254018783569 2.59017992019653 2.7121114730835 2.76701855659485 2.91372680664062 2.82725977897644 2.81360030174255 2.84845972061157 2.86665821075439 2.98432278633118 3.11229300498962 2.96356701850891 2.98513507843018 2.70135402679443 2.51480746269226 2.48051381111145
2.02767562866211 2.1169912815094 5.69229602813721 5.40942859649658 1.6690080165863 1.53710210323334 1.43617713451385 1.3404655456543 1.28991138935089 1.3819739818573 1.52111637592316 1.64850926399231 1.82405972480774 1.94645941257477 2.00859308242798 2.059410572052 2.11518335342407 2.19300675392151 2.24018335342407 2.24719476699829 2.40704345703125 2.41668462753296 2.28788256645203 2.353684425354 2.35098361968994 2.38508796691895 2.39626383781433 2.47948336601257 2.5866813659668 2.71667146682739 2.87558317184448 3.00096130371094 3.14101624488831 3.17408323287964 3.07099723815918 3.07269477844238 3.11055684089661 3.08297157287598 3.12405562400818 3.24580669403076 3.2752947807312 3.12533020973206 3.10593295097351 2.84686136245728 2.88847804069519
2.06027364730835 2.17143321037292 2.19034099578857 5.94014263153076 3.15352177619934 1.76913738250732 1.64812767505646 1.54728710651398 1.47992205619812 1.51878142356873 1.63527238368988 1.76922965049744 1.93718981742859 2.09555196762085 2.17781949043274 2.22008895874023 2.28775691986084 2.37546062469482 2.44271373748779 2.47820734977722 2.5267186164856 2.7127788066864 2.65622210502625 2.73595666885376 2.7310779094696 2.7598032951355 2.78401613235474 2.82588291168213 2.89130973815918 2.97279477119446 3.09730434417725 3.20898532867432 3.34305453300476 3.30766749382019 3.27709937095642 3.23426222801208 3.25948810577393 3.27140998840332 3.25273609161377 3.31022620201111 3.30004787445068 3.32753658294678 3.25702738761902 3.26101613044739 3.12899088859558
2.09204244613647 2.17962336540222 2.2384147644043 2.25800156593323 5.67727613449097 2.30965232849121 1.85232710838318 1.73913323879242 1.68548309803009 1.70426774024963 1.80500566959381 1.91018033027649 2.05142903327942 2.20884561538696 2.30473852157593 2.39401245117188 2.48361754417419 2.63463473320007 2.7523090839386 2.77486205101013 2.77955174446106 2.94538283348083 2.98475050926208 3.04502201080322 3.0583279132843 3.07514476776123 3.08541870117188 3.13185954093933 3.18101906776428 3.21418261528015 3.25800800323486 3.38028764724731 3.4209246635437 3.40642690658569 3.3481330871582 3.32409048080444 3.30322408676147 3.34079456329346 3.34801626205444 3.32079291343689 3.36269950866699 3.3555371761322 3.3856954574585 3.42820382118225 3.42843747138977
2.0869026184082 2.19055724143982 2.24419617652893 2.31327652931213 3.1757824420929 4.32155466079712 2.05718755722046 1.94864594936371 1.87695550918579 1.91727030277252 1.98723268508911 2.07245373725891 2.19337439537048 2.35974383354187 2.52188658714294 2.65442252159119 2.79991507530212 3.00782513618469 3.14172887802124 3.12932991981506 3.13649559020996 3.19635391235352 3.26320242881775 3.29202342033386 3.3229079246521 3.32776522636414 3.32390856742859 3.34319305419922 3.41660737991333 3.42818188667297 3.44973254203796 3.4998824596405 3.49160599708557 3.49168252944946 3.45456004142761 3.40188908576965 3.43851828575134 3.50437045097351 3.4462685585022 3.41169881820679 3.37200808525085 3.41276907920837 3.50532817840576 3.64731359481812 3.59747505187988
2.10616183280945 2.16998338699341 2.25703072547913 2.31482791900635 2.38893938064575 2.40937185287476 2.2778217792511 2.13700127601624 2.07050728797913 2.12852334976196 2.2071373462677 2.30891680717468 2.47010612487793 2.62740182876587 2.77552437782288 2.93175673484802 3.17387127876282 3.43624114990234 3.62918949127197 3.56410002708435 3.50551390647888 3.49115896224976 3.4964611530304 3.48287987709045 3.50432825088501 3.50743436813354 3.50326299667358 3.51669979095459 3.56446695327759 3.59066867828369 3.62350749969482 3.58453035354614 3.58279824256897 3.56236791610718 3.54569888114929 3.58194351196289 3.67052221298218 3.7304859161377 3.75330376625061 3.50597524642944 3.47322416305542 3.46896648406982 3.60844755172729 3.75683784484863 3.9234619140625
2.09385180473328 2.1698477268219 2.23544216156006 2.32741522789001 2.40076017379761 2.43785405158997 2.50092506408691 2.43652987480164 2.35717010498047 2.41150164604187 2.58619332313538 2.68776059150696 2.80369019508362 2.92485046386719 3.03571367263794 3.21964383125305 3.49690246582031 3.76056528091431 3.91408085823059 3.85811614990234 3.77015805244446 3.71794009208679 3.6830883026123 3.63494610786438 3.63143944740295 3.62595367431641 3.64469027519226 3.69719052314758 3.70025420188904 3.71456527709961 3.72313523292542 3.69727468490601 3.66100168228149 3.65920925140381 3.67194557189941 3.72808361053467 3.75587701797485 3.79101514816284 3.84532022476196 3.81918382644653 3.5673885345459 3.54623866081238 3.63512754440308 3.74538898468018 4.02372217178345
2.06429147720337 2.16652226448059 2.24838614463806 2.3320837020874 2.41397142410278 2.48616600036621 2.53689646720886 2.61983966827393 2.77254962921143 2.95846962928772 3.01482009887695 3.05174946784973 3.14831781387329 3.24657225608826 3.3510844707489 3.56058406829834 3.90687251091003 4.07238721847534 4.14283418655396 4.10048389434814 4.02112245559692 3.96280980110168 3.89526844024658 3.82736730575562 3.76649165153503 3.7574987411499 3.77109098434448 3.80472850799561 3.80066204071045 3.81732249259949 3.79154062271118 3.79249906539917 3.77410221099854 3.73070287704468 3.71871972084045 3.73947477340698 3.78476023674011 3.83798933029175 3.86685466766357 3.91826868057251 3.89051795005798 3.74047613143921 3.66122126579285 3.73507785797119 4.06468391418457
2.05730366706848 2.15140604972839 2.27209663391113 2.38605213165283 2.47549867630005 2.5740966796875 2.68895435333252 2.9008526802063 3.10901546478271 3.42298746109009 3.56244659423828 3.54415202140808 3.57772421836853 3.72928237915039 3.86201977729797 3.94551229476929 4.08278179168701 4.24554109573364 4.259596824646 4.24364376068115 4.18083143234253 4.12255907058716 4.07709217071533 4.02280139923096 3.92876267433167 3.8845489025116 3.88932967185974 3.88818120956421 3.90946650505066 3.92608094215393 3.88208508491516 3.85724711418152 3.85749173164368 3.85086631774902 3.87879681587219 3.81832790374756 3.80905795097351 3.86119723320007 3.91222476959229 3.94757008552551 3.99773240089417 4.00957345962524 4.01400661468506 3.76881194114685 4.03544569015503
2.08454465866089 2.22959208488464 2.3509304523468 2.46021246910095 2.55646753311157 2.71572494506836 2.96602559089661 3.19688415527344 3.4554762840271 3.70349597930908 3.81286835670471 3.92740917205811 4.00933647155762 4.06940603256226 4.09979009628296 4.13619041442871 4.21740627288818 4.30264472961426 4.34777879714966 4.35191965103149 4.3129734992981 4.2436671257019 4.18902206420898 4.14397478103638 4.06212472915649 3.99217009544373 3.97264719009399 3.97355961799622 3.96719551086426 3.96388697624207 3.99736452102661 3.95889234542847 3.93942523002625 3.96118974685669 3.95966720581055 3.94508910179138 3.90057849884033 3.89251470565796 3.94455361366272 3.99137282371521 4.03783559799194 4.08154058456421 4.13991355895996 4.10858297348022 3.93405628204346
2.15063643455505 2.31815457344055 2.45607280731201 2.58478283882141 2.774329662323 3.22605228424072 3.48035097122192 3.63097214698792 3.74207782745361 3.90538954734802 4.03737115859985 4.11227369308472 4.13598585128784 4.14555692672729 4.2202582359314 4.30429792404175 4.35487222671509 4.40451669692993 4.40226221084595 4.4479193687439 4.44244623184204 4.38704967498779 4.372727394104 4.30415630340576 4.22820472717285 4.13292455673218 4.07686424255371 4.03802824020386 4.03492212295532 4.03136682510376 4.04320287704468 4.07661294937134 4.04753971099854 4.07948303222656 4.03687429428101 4.04841184616089 4.05711221694946 4.08233499526978 4.03261709213257 4.02049922943115 4.06596326828003 4.13712167739868 4.18825149536133 4.23646306991577 4.23525810241699
2.2433032989502 2.4023642539978 2.55929970741272 2.80870318412781 3.14435935020447 3.47189569473267 3.67783856391907 3.83546090126038 3.97413086891174 4.06323623657227 4.11093854904175 4.16503095626831 4.24118995666504 4.25886058807373 4.28084182739258 4.35569667816162 4.43402290344238 4.49353170394897 4.51253080368042 4.51754474639893 4.5672664642334 4.5724983215332 4.52794218063354 4.47053241729736 4.40288877487183 4.32308387756348 4.2817234992981 4.20731019973755 4.14791965484619 4.12120151519775 4.12923336029053 4.14119625091553 4.17155790328979 4.20580196380615 4.15485143661499 4.1451849937439 4.18148994445801 4.1863431930542 4.16264772415161 4.11666250228882 4.12843418121338 4.16961860656738 4.24391984939575 4.31110191345215 4.31919717788696
2.31565928459167 2.47872161865234 2.71612000465393 3.06719827651978 3.31637191772461 3.52630496025085 3.73133063316345 3.86695051193237 3.9525043964386 4.0944356918335 4.18595933914185 4.22765398025513 4.28723239898682 4.3655047416687 4.39030504226685 4.42272329330444 4.49398469924927 4.58321809768677 4.6476469039917 4.71136331558228 4.70611000061035 4.64829063415527 4.6576189994812 4.60919189453125 4.54746389389038 4.55034971237183 4.47256422042847 4.38944435119629 4.32290935516357 4.2605299949646 4.21271467208862 4.23471546173096 4.24836826324463 4.26084613800049 4.28667163848877 4.25018739700317 4.28811836242676 4.25344467163086 4.27027988433838 4.2794394493103 4.2265100479126 4.3339319229126 4.33145904541016 4.35366249084473 4.39531087875366
2.36353969573975 2.56302261352539 2.8549268245697 3.16876149177551 3.37907576560974 3.50770139694214 3.63751530647278 3.84545230865479 3.98283243179321 4.07475709915161 4.22144079208374 4.31280326843262 4.35179090499878 4.40834951400757 4.49600982666016 4.57610273361206 4.61280012130737 4.67650604248047 4.77576780319214 4.83894968032837 4.874107837677 4.81552076339722 4.74534845352173 4.74751806259155 4.74541521072388 4.71644735336304 4.64914035797119 4.57403993606567 4.50083303451538 4.46112155914307 4.40097332000732 4.3630542755127 4.3547191619873 4.35976362228394 4.35749435424805 4.37284994125366 4.39965724945068 4.37007904052734 4.36430215835571 4.39456796646118 4.43272590637207 4.48062467575073 4.42473459243774 4.45086431503296 4.45080280303955
2.40484666824341 2.63893270492554 2.96315145492554 3.16644024848938 3.28576064109802 3.48300409317017 3.61512088775635 3.7504723072052 3.96339988708496 4.10664653778076 4.20631790161133 4.35654211044312 4.44710636138916 4.50405788421631 4.54143238067627 4.64253759384155 4.75250482559204 4.81403303146362 4.84525966644287 4.95219421386719 5.02977418899536 5.03407001495361 4.95874261856079 4.89820384979248 4.83928632736206 4.84828424453735 4.81435441970825 4.7377290725708 4.64652252197266 4.59272050857544 4.56370782852173 4.51662349700928 4.478759765625 4.45132875442505 4.44865942001343 4.44372177124023 4.45394372940063 4.4936089515686 4.48443126678467 4.52573251724243 4.57321357727051 4.60283231735229 4.60226011276245 4.53643274307251 4.56783819198608
2.39589834213257 2.62331008911133 2.82772350311279 3.05539917945862 3.26476860046387 3.38460493087769 3.59132361412048 3.72570061683655 3.86843013763428 4.0910792350769 4.24079132080078 4.32072687149048 4.42646026611328 4.56976222991943 4.66477298736572 4.72341537475586 4.82145738601685 4.93773794174194 5.04056739807129 5.0866551399231 5.12832307815552 5.19163179397583 5.1503267288208 5.06881523132324 5.00243043899536 4.9611930847168 4.96621656417847 4.89830827713013 4.85295104980469 4.84407234191895 4.8048415184021 4.76820945739746 4.72631788253784 4.65393161773682 4.54316806793213 4.52809762954712 4.51444339752197 4.54077482223511 4.60722827911377 4.63116264343262 4.6982216835022 4.6997332572937 4.72301959991455 4.71866178512573 4.64762592315674
2.29371500015259 2.47110509872437 2.69661378860474 2.91226625442505 3.15123724937439 3.36824774742126 3.49067401885986 3.70600914955139 3.8442554473877 3.95534515380859 4.07928228378296 4.31380748748779 4.4664044380188 4.58177852630615 4.74296045303345 4.84531259536743 4.93406343460083 4.99674415588379 5.11560726165771 5.23176145553589 5.27774000167847 5.29835844039917 5.30502510070801 5.24204349517822 5.16650867462158 5.12093162536621 5.07159900665283 5.05249929428101 5.05781173706055 5.01899909973145 5.00955772399902 4.97199296951294 4.92126989364624 4.87382507324219 4.77709484100342 4.6931848526001 4.61753034591675 4.64072227478027 4.68269491195679 4.75165271759033 4.81597948074341 4.82048082351685 4.81325197219849 4.84334421157837 4.88020133972168
2.149582862854 2.35000658035278 2.53521013259888 2.76868987083435 2.99396848678589 3.25349926948547 3.47893834114075 3.60505628585815 3.67196011543274 3.90426993370056 4.05472135543823 4.22454166412354 4.46494817733765 4.62237691879272 4.71020460128784 4.85347843170166 5.02399253845215 5.13373231887817 5.19217824935913 5.32530975341797 5.42456245422363 5.44912433624268 5.46933317184448 5.39920091629028 5.34180164337158 5.31040334701538 5.27070283889771 5.19861030578613 5.13852405548096 5.1744704246521 5.17767524719238 5.13724088668823 5.06063604354858 5.00111198425293 4.93992519378662 4.83172130584717 4.7386908531189 4.70484733581543 4.75107002258301 4.80502080917358 4.88200902938843 4.95603179931641 4.95283889770508 4.99818849563599 5.04517221450806
2.03032493591309 2.20686030387878 2.41920137405396 2.60461521148682 2.84525513648987 3.08287882804871 3.29358434677124 3.43006563186646 3.66704154014587 3.7990505695343 4.04673862457275 4.19956493377686 4.32155084609985 4.47234630584717 4.72828006744385 4.89955568313599 5.04680633544922 5.22307920455933 5.33395385742188 5.39451456069946 5.52885770797729 5.63857841491699 5.7249960899353 5.60731029510498 5.48946094512939 5.46769714355469 5.42322587966919 5.37837362289429 5.29547595977783 5.26119709014893 5.31729793548584 5.28159523010254 5.29838562011719 5.33632278442383 5.21173334121704 5.04455518722534 4.99190425872803 4.91931390762329 4.85600280761719 4.89552307128906 4.95995998382568 5.03091669082642 5.08812284469604 5.11517333984375 5.18227195739746
