slauniainen/Data/DEM/Vihti_dem1500b_cl_horizonAngle_270.asc
NCOLS 196 
NROWS 178 
XLLCORNER 353680 
YLLCORNER 6699024 
CELLSIZE 16 
NODATA_value -3.4e+38 
[rows 0 to 19 of 178, columns 0 to 44 of 196]
11.293555259704601 9.07100772857666 8.18419361114502 8.95067977905273 7.81488084793091 8.58298683166504 16.3210849761963 15.3404550552368 7.27695846557617 4.66796112060547 3.75113439559937 6.47536659240723 17.3362770080566 9.38885688781738 5.16018199920654 3.15469694137573 1.53384828567505 0.0787786990404129 -0.865309655666351 -1.42775237560272 -1.92742955684662 -2.1005551815033 -2.18709993362427 -2.36158323287964 -2.4469051361084 2.27459597587585 5.35428142547607 4.15456962585449 3.26106762886047 1.96026408672333 1.73538446426392 1.53439998626709 0.953157186508179 0.482294082641602 0.387842267751694 0.292779088020325 0.639525055885315 0.212844520807266 0.0997382253408432 -0.0242225807160139 2.5216338634491 5.10577774047852 6.63602209091187 7.64410305023193 7.91257381439209
8.95230674743652 7.9181489944458 7.3285346031189 7.5061149597168 7.60808420181274 8.10672283172607 12.1159076690674 20.0905017852783 8.46459770202637 5.09850597381592 4.0438494682312 8.91200637817383 16.2818603515625 7.45026397705078 4.02430725097656 3.04585528373718 1.57027018070221 0.163125291466713 -0.822873175144196 -1.47597074508667 -2.01954340934753 -2.2529981136322 -2.41377830505371 -2.47035312652588 -2.47379946708679 1.22875392436981 6.51504135131836 6.08871126174927 4.4574556350708 2.38577818870544 2.2786111831665 2.92525720596313 1.88400793075562 1.27168500423431 0.841645538806915 0.640247702598572 0.555101692676544 0.526529729366302 0.355768263339996 0.251726359128952 4.13406372070312 5.45679950714111 10.8765830993652 10.845911026001 11.3122596740723
7.39996910095215 7.28734302520752 6.84575653076172 6.63430595397949 8.96595573425293 8.37722587585449 10.4457597732544 20.5126781463623 11.8877439498901 5.68639612197876 4.60212135314941 10.4691028594971 10.615406036377 4.60127305984497 3.90619921684265 2.71248769760132 1.52262616157532 0.122425422072411 -0.873445212841034 -1.58505928516388 -1.97837328910828 -2.25331616401672 -2.33533191680908 -2.43902182579041 -2.50125765800476 3.29267430305481 8.47010803222656 8.27779769897461 5.71444702148438 3.86923575401306 3.2255871295929 3.47217297554016 2.84244298934937 2.25996279716492 1.76941251754761 1.40586495399475 1.1956832408905 1.16295003890991 1.06145191192627 0.984459400177002 4.52732944488525 8.859055519104 13.5001640319824 14.0674295425415 13.6276922225952
7.44708061218262 6.75479459762573 6.16023349761963 5.88265609741211 7.31278467178345 10.7454977035522 9.53867435455322 17.1536273956299 12.5998373031616 6.41194677352905 4.82883834838867 8.5800085067749 6.8964786529541 4.36098957061768 3.71137166023254 2.41450834274292 1.17327749729156 -0.0291668567806482 -0.963201344013214 -1.46872627735138 -1.91144526004791 -2.20811867713928 -2.28586030006409 -2.54655075073242 -2.71010994911194 8.49608612060547 11.4517621994019 10.6796340942383 8.22413444519043 6.52649736404419 5.60977649688721 5.06211376190186 4.22446727752686 3.48993563652039 2.93272638320923 2.58101296424866 2.22538089752197 2.12087845802307 3.23273611068726 4.35941934585571 7.18276453018188 9.12681293487549 12.6028099060059 14.963231086731 11.2833347320557
7.78227949142456 6.10583734512329 5.11028242111206 5.08153676986694 10.6910314559937 10.4009866714478 9.19412040710449 13.610595703125 11.2166395187378 7.99661111831665 5.33829212188721 4.91862821578979 4.74054574966431 4.18859624862671 3.52933263778687 2.09459280967712 0.768380284309387 -0.242603302001953 -0.915970861911774 -1.46279919147491 -1.99447965621948 -2.33767414093018 -2.37176775932312 -2.6339898109436 -2.7837188243866 6.54640436172485 12.2799663543701 11.3536939620972 9.19956016540527 7.53479385375977 6.27637481689453 5.52282524108887 4.68581962585449 3.94792795181274 3.30488443374634 2.84300446510315 2.57300209999084 3.26849293708801 8.33053684234619 7.93106746673584 7.65679693222046 10.3483352661133 10.3675556182861 9.60346031188965 7.5732216835022
7.73195934295654 5.94867849349976 4.54619884490967 8.28843307495117 11.3021593093872 9.8878002166748 8.15219593048096 7.9227614402771 10.8479661941528 7.56666326522827 5.69240093231201 5.62914896011353 4.74927282333374 3.94893002510071 3.42761540412903 2.06517100334167 0.769590616226196 -0.22152391076088 -0.859354376792908 -1.4469929933548 -2.10627865791321 -2.39919638633728 -2.64346647262573 -2.84873366355896 -2.8830451965332 5.92855596542358 11.2469129562378 11.1535177230835 10.0189666748047 8.29267311096191 7.02233600616455 6.01127529144287 5.27998733520508 4.63797521591187 4.07826471328735 3.41123700141907 3.38245010375977 7.45430612564087 7.11065101623535 6.95112037658691 9.75483989715576 9.51881790161133 8.24755859375 6.78397655487061 5.94784069061279
8.99397850036621 7.97398376464844 6.35398769378662 5.46842765808105 4.95327043533325 14.2205514907837 11.3708944320679 8.90824699401855 8.68842124938965 7.57757902145386 6.25853300094604 5.28493165969849 4.33233165740967 3.82845520973206 3.40742373466492 2.45627498626709 0.893595695495605 -0.281972885131836 -0.915003657341003 -1.35937118530273 -1.99785542488098 -2.60761833190918 -2.91304636001587 -3.12000560760498 1.29467415809631 8.97640514373779 11.4266176223755 10.2996139526367 9.32523536682129 8.43167495727539 7.56547784805298 6.60818672180176 5.87192010879517 5.40255737304688 5.145348072052 4.89349126815796 4.83633947372437 4.55850315093994 4.54629564285278 5.48528003692627 9.0393009185791 9.70613861083984 7.05157518386841 5.34209394454956 4.51667976379395
10.8808298110962 9.69919013977051 8.42393207550049 7.21234750747681 5.89176273345947 9.49173736572266 9.67904758453369 7.71757555007935 7.0268087387085 5.88756608963013 5.40199041366577 4.8548002243042 4.24218320846558 3.81948685646057 3.39819240570068 2.84580540657043 1.53926479816437 -0.0451825819909573 -0.87590354681015 -1.26316893100739 -1.96793365478516 -2.73938846588135 -3.11285376548767 -3.27618622779846 5.81836271286011 8.78102111816406 10.2532052993774 9.87691593170166 8.87743186950684 8.29371929168701 7.47300052642822 6.4547119140625 5.90999603271484 5.50400161743164 5.25200939178467 6.1226110458374 7.7596869468689 5.69375276565552 5.17218399047852 6.71164846420288 5.98043346405029 5.69261693954468 5.00997829437256 4.75790405273438 4.5316801071167
11.4378519058228 10.2727241516113 8.76591205596924 7.25149154663086 6.7116641998291 7.16439533233643 6.83760261535645 6.57120895385742 6.09677267074585 5.66422843933105 5.18235206604004 4.62004518508911 4.20346832275391 3.79155969619751 3.43070197105408 3.00272750854492 2.24020409584045 0.534262120723724 -0.652604341506958 -1.22835838794708 -1.85185599327087 -2.51302289962769 -3.11159706115723 -3.31215500831604 3.52995872497559 7.79605531692505 9.13320541381836 10.8270139694214 9.49100685119629 8.82266998291016 7.84424734115601 6.72146129608154 5.89360475540161 5.48019933700562 5.22710371017456 10.8207416534424 11.6872072219849 8.91101551055908 7.59711265563965 6.74415588378906 6.18658542633057 5.40981531143188 5.00434017181396 4.74049472808838 4.50345277786255
13.5689735412598 11.0012969970703 8.57278251647949 7.53966522216797 7.20855903625488 7.00514221191406 6.86680459976196 6.48987674713135 5.99444007873535 5.56135177612305 4.93955278396606 4.42456245422363 3.99432802200317 3.65827465057373 3.35250997543335 2.9109365940094 2.34807157516479 1.12133824825287 -0.437638133764267 -1.11491549015045 -1.68211114406586 -2.29184937477112 -2.89334559440613 -3.29410433769226 1.21662902832031 5.80489635467529 7.82697439193726 10.9837808609009 10.5802583694458 9.82379341125488 8.68021488189697 7.0814471244812 5.99926710128784 5.25980472564697 5.14425563812256 14.3107652664185 13.472469329834 10.366400718689 8.43521118164062 7.26537179946899 5.8640923500061 5.12741613388062 4.97535419464111 4.7173113822937 4.47964334487915
12.3180704116821 10.0694160461426 8.23495483398438 7.29488086700439 6.90772342681885 6.85383462905884 6.55472850799561 6.06007432937622 5.48789644241333 4.99027442932129 4.64337491989136 4.17204284667969 3.77163124084473 3.4188449382782 3.08507823944092 2.65608263015747 2.08452892303467 1.03429543972015 -0.0999903455376625 -0.820028603076935 -1.32915890216827 -1.91602861881256 -2.3913848400116 -2.83837080001831 -2.92096042633057 3.69973516464233 6.47852277755737 10.1320209503174 9.889404296875 9.68843269348145 8.62335872650146 6.95408153533936 5.8257212638855 5.1451849937439 6.14654111862183 13.7054786682129 12.4746751785278 9.67392826080322 7.9114818572998 6.38069438934326 4.74271106719971 4.57529449462891 6.95569658279419 4.5036039352417 4.26563453674316
11.6986780166626 9.69076824188232 7.7859206199646 6.81577682495117 6.41221809387207 6.85891246795654 5.96906852722168 5.42627143859863 5.22362995147705 4.83515310287476 4.34320592880249 3.94338226318359 3.60275745391846 3.1820650100708 2.80235528945923 2.36719679832458 1.76126277446747 0.947780907154083 0.141484797000885 -0.58903694152832 -0.987352252006531 -1.46649813652039 -1.85839509963989 -2.19516491889954 -2.50944995880127 0.918090105056763 3.75036430358887 6.27185297012329 7.62947607040405 8.60249900817871 7.54061126708984 5.90673160552979 4.92380666732788 4.82129049301147 6.31593179702759 9.76590538024902 10.8591136932373 8.21997737884521 6.49751758575439 5.40703439712524 4.62726449966431 4.17670679092407 4.13580513000488 3.96255970001221 3.7460789680481
11.7209615707397 9.24567794799805 7.54081869125366 6.46167516708374 6.19694900512695 6.61568307876587 5.77319526672363 5.70944690704346 5.40780830383301 5.02067375183105 4.71580600738525 4.10971307754517 3.83108043670654 3.34215116500854 2.90156030654907 2.26548457145691 1.58380842208862 0.978585958480835 0.456185758113861 -0.290824234485626 -0.737617015838623 -1.15412616729736 -1.49650919437408 -1.76464152336121 -1.92212903499603 -1.99366557598114 -0.231378227472305 1.98504185676575 6.59404802322388 7.46910619735718 6.28489112854004 5.10669279098511 4.10630798339844 6.69698858261108 9.29627990722656 8.58040904998779 7.80913305282593 6.86097955703735 5.76665735244751 4.9824333190918 4.35359287261963 3.9433286190033 3.70385956764221 3.51431012153625 3.28990650177002
11.6834802627563 8.31291961669922 7.57538223266602 7.09550333023071 6.83618879318237 6.83328819274902 6.21505308151245 6.13184404373169 5.81146907806396 5.4721417427063 5.20210933685303 4.68248081207275 4.20593929290771 3.6736421585083 3.04385685920715 1.85618698596954 1.06167125701904 0.957073450088501 0.634720087051392 0.163239195942879 -0.349490970373154 -0.842748403549194 -1.26037216186523 -1.55191349983215 -1.6244775056839 -1.6551810503006 -1.69299304485321 1.3800595998764 4.99728775024414 7.37663793563843 6.28995227813721 5.01257038116455 4.87928009033203 7.12528514862061 7.06865310668945 6.56906366348267 6.01356983184814 5.60495901107788 4.86411190032959 4.46785163879395 4.13214254379272 3.83488059043884 3.58135628700256 3.34208536148071 3.06415510177612
10.388861656189 9.15010929107666 8.35704898834229 7.83866262435913 7.66319513320923 7.49299812316895 6.56503343582153 6.47990322113037 6.18826246261597 5.84170484542847 5.52988815307617 5.107581615448 4.4534068107605 3.82294750213623 2.69963955879211 1.26584768295288 0.411939471960068 0.24162232875824 2.39736247062683 0.180252343416214 -0.109700903296471 -0.427596271038055 -0.902263402938843 -1.27429902553558 -1.47487366199493 -1.56330144405365 -1.72855520248413 -0.315934032201767 4.10685729980469 5.20840549468994 4.96266222000122 4.25875854492188 3.41885042190552 6.05132246017456 9.14622783660889 9.70024490356445 8.15727233886719 7.86331081390381 6.9345850944519 5.95490026473999 5.19055604934692 4.56007146835327 4.09896898269653 3.68603992462158 3.33266806602478
10.4795188903809 9.44428634643555 8.63814926147461 8.17573833465576 7.98925542831421 7.64706468582153 6.874427318573 6.52881622314453 6.21046781539917 5.86797666549683 5.63954877853394 5.28455066680908 4.49422836303711 3.77107095718384 2.24988436698914 0.519533216953278 -0.139903858304024 -0.361096799373627 0.831694722175598 1.21886825561523 0.719672858715057 -0.376489192247391 -0.632470071315765 -1.17903578281403 -1.57580494880676 -1.65960264205933 -1.79264307022095 -1.79743123054504 0.909732043743134 3.18504738807678 4.78261566162109 4.98712015151978 3.40162110328674 2.66884684562683 5.80089426040649 7.97857904434204 6.84682035446167 4.37953996658325 3.40499877929688 7.20285272598267 5.89475345611572 5.69971323013306 4.73633432388306 3.92020273208618 3.38648247718811
11.2102680206299 10.0236177444458 9.11433792114258 8.70781517028809 8.46452808380127 7.79732799530029 7.04695510864258 6.57619714736938 6.23482894897461 5.95520210266113 6.43400001525879 5.33076667785645 4.50509071350098 3.64179587364197 1.56032848358154 -0.15157862007618 -0.684065043926239 -1.00338673591614 -1.08911192417145 -1.09387803077698 5.65945816040039 4.94018220901489 3.19738531112671 -0.40320673584938 -1.58873021602631 -1.86990094184875 -1.95489180088043 -1.3953230381012 0.936636030673981 0.426346212625504 4.23184108734131 5.52848243713379 3.15978956222534 2.01172924041748 4.29693937301636 8.25437355041504 4.75145435333252 1.61962449550629 1.38391268253326 3.83308339118958 4.00306797027588 7.17437314987183 6.66286849975586 3.97108745574951 2.40093970298767
11.2319393157959 9.89546489715576 9.05277633666992 8.64717674255371 8.32179355621338 7.15899705886841 6.56243085861206 6.21192979812622 6.08159685134888 5.991623878479 5.59917497634888 4.9757981300354 4.14832305908203 3.09867739677429 0.745347678661346 -0.858250617980957 -1.24801349639893 -1.57391345500946 -1.73818325996399 -1.20253777503967 -0.969193339347839 8.8193883895874 8.15675067901611 5.64440631866455 0.952853322029114 -1.88546073436737 -2.03599262237549 -2.11610293388367 0.701316118240356 -0.71411395072937 4.00586843490601 5.40462398529053 3.63179397583008 1.84259355068207 1.76779115200043 8.62589550018311 3.82118391990662 1.34320771694183 1.05501449108124 2.58881831169128 4.45876789093018 4.03015947341919 3.09547734260559 0.99842381477356 0.581194579601288
11.1508722305298 9.75185394287109 8.83559226989746 8.23334217071533 7.68291330337524 6.62905740737915 6.4439377784729 6.30649852752686 5.91285705566406 5.46266937255859 4.99788856506348 4.41809558868408 3.60763573646545 2.35431337356567 -0.281710147857666 -1.39060616493225 -1.72453987598419 -1.85619103908539 -1.98619151115417 -2.04907488822937 -2.19108748435974 1.11637604236603 10.4309892654419 8.88281917572021 6.87175416946411 1.73786616325378 -0.795679569244385 -1.71205282211304 -2.23027896881104 -0.499028325080872 5.38011741638184 3.10382199287415 2.72120308876038 1.47709035873413 1.04966628551483 6.00138998031616 5.32845687866211 1.01579201221466 0.523730397224426 1.53134620189667 3.61968493461609 4.09024953842163 1.62047183513641 0.195131897926331 -0.0562862046062946
10.7460298538208 9.4201135635376 8.54959774017334 7.94730758666992 7.43249273300171 6.95243120193481 6.42472076416016 5.93121290206909 5.39819765090942 5.01199960708618 4.57068204879761 4.01262617111206 3.15948843955994 1.68219029903412 -0.4597387611866 -1.50402510166168 -1.94004094600677 -2.09433937072754 -2.19300556182861 -2.24372720718384 -2.39574575424194 -2.4728946685791 4.69757699966431 8.8791389465332 9.01212024688721 7.32718181610107 3.34383273124695 1.51798665523529 -0.59779942035675 -1.25904858112335 2.40355324745178 1.34000265598297 1.27510416507721 0.827945709228516 0.696519315242767 1.53956377506256 4.92095470428467 1.72400665283203 0.176312431693077 0.137876659631729 2.32374882698059 4.28569221496582 0.690207302570343 -0.266174465417862 -0.450382500886917
