slauniainen/Data/DEM/Vihti_dsm1500b_cl_horizonAngle_168.asc
NCOLS 196 
NROWS 178 
XLLCORNER 353680 
YLLCORNER 6699024 
CELLSIZE 16 
NODATA_value -3.4e+38 
[rows 80 to 99 of 178, columns 92 to 137 of 196]
-0.196688756346703 -0.439891189336777 4.36541700363159 7.31611728668213 3.03019833564758 21.4708003997803 13.0975799560547 19.6489791870117 11.6491441726685 29.0364933013916 8.32007598876953 8.04031848907471 8.66977500915527 9.6403865814209 20.9744281768799 18.8510932922363 14.3312664031982 17.8517608642578 8.87649631500244 2.41150569915771 15.5131855010986 2.02668333053589 2.36568927764893 14.6549196243286 14.6081981658936 23.8643856048584 25.7325897216797 25.2410449981689 28.977445602417 26.1320495605469 18.7089347839355 2.58989286422729 1.72559952735901 1.39845418930054 0.597295641899109 -0.820780754089355 -2.02834010124207 -2.16481018066406 -1.99655377864838 -1.53628706932068 -1.03263509273529 -0.772021353244781 -0.161190167069435 -0.50286465883255 0.0832298472523689 2.21568417549133
3.44145131111145 0.568869233131409 0.735024631023407 3.27315592765808 9.39287185668945 32.230785369873 17.451810836792 26.5144023895264 8.27689933776855 3.26726531982422 9.67373657226562 10.3279781341553 10.3556604385376 10.2070732116699 8.5070161819458 8.07529449462891 7.80315351486206 6.77846670150757 6.42129421234131 2.59199476242065 1.95156693458557 2.37958025932312 2.8091607093811 16.8193855285645 26.1559371948242 43.8112983703613 26.5227279663086 31.2302265167236 38.8305244445801 24.7298908233643 36.7471466064453 3.7428092956543 2.73642563819885 2.59319496154785 1.06087136268616 -0.429218351840973 -0.954883933067322 -1.42810869216919 -1.7768394947052 -1.39708256721497 -0.427004605531693 -0.317525893449783 0.3912233710289 0.493289351463318 9.14582061767578 9.75640773773193
11.1290445327759 4.25149202346802 0.301013767719269 4.25487279891968 2.90444898605347 0.539373695850372 31.3885974884033 6.94969892501831 32.4679336547852 5.12517786026001 12.0282344818115 10.526349067688 12.2709884643555 12.1574077606201 10.4349908828735 10.6760501861572 8.02161502838135 15.8952016830444 11.2007732391357 2.66802525520325 2.09566760063171 2.67972302436829 2.96216297149658 2.73426151275635 13.3144435882568 2.18691873550415 27.3067378997803 28.2839813232422 20.5106372833252 42.0209617614746 11.907187461853 18.936393737793 3.37162685394287 2.63014626502991 7.55568265914917 0.59116518497467 -0.24094183743 -0.651355266571045 -1.33383810520172 -1.11231124401093 -0.673053681850433 0.127594754099846 0.586672842502594 9.80369663238525 16.438404083252 15.4200096130371
8.02653694152832 6.59246158599854 9.90036010742188 5.74880170822144 5.64896059036255 3.33418035507202 7.70757484436035 19.7226676940918 1.37569868564606 27.8549671173096 11.4916658401489 9.82118606567383 12.8160572052002 18.5080299377441 15.4846954345703 10.1358127593994 12.8679990768433 6.73502922058105 3.16125655174255 4.76597929000854 2.86369347572327 3.81554555892944 3.29524636268616 3.02829766273499 40.5305061340332 2.51863098144531 2.32209873199463 5.47912406921387 9.88111019134521 11.9053926467896 8.05625247955322 29.0399780273438 6.65276670455933 3.03175640106201 3.73646306991577 21.3855876922607 0.260624825954437 -0.0681033730506897 0.154645353555679 -0.252307325601578 0.0492067523300648 1.11648762226105 1.18712162971497 21.6982555389404 20.6545486450195 36.3775749206543
13.7604207992554 6.96163511276245 0.379869908094406 1.800577044487 -0.456537693738937 -0.327432334423065 0.166151121258736 -0.866285681724548 7.19222021102905 5.1037073135376 29.367712020874 14.0626430511475 15.5801134109497 13.7224378585815 16.7243556976318 19.2605266571045 14.6466035842896 14.0338563919067 12.8392639160156 8.80384635925293 4.41868591308594 7.76068353652954 4.85624217987061 3.90718078613281 3.09704065322876 2.68237805366516 2.67772626876831 2.34814739227295 2.0539083480835 1.8342649936676 2.33588409423828 5.21498966217041 15.4966173171997 3.06232833862305 5.82482528686523 1.16421055793762 9.59692668914795 0.24214169383049 0.411400198936462 0.194509461522102 0.586698293685913 1.46244215965271 1.37857472896576 1.29428207874298 31.8414325714111 55.9484825134277
1.97837817668915 0.781371474266052 0.64107882976532 1.77727365493774 1.91547107696533 5.55238151550293 0.953356683254242 4.19598817825317 2.27205538749695 12.1595840454102 11.6629791259766 16.5445594787598 31.4080085754395 28.4256839752197 22.9615364074707 17.5039310455322 21.3448085784912 35.4026184082031 19.3711776733398 23.8536777496338 10.9663305282593 13.7911357879639 5.48786401748657 4.0251727104187 7.07009935379028 5.09056091308594 3.04591035842896 3.06517124176025 2.16983556747437 2.58548998832703 2.78087973594666 31.6985263824463 3.88888192176819 16.8386383056641 2.55075716972351 2.01264810562134 1.05566096305847 1.97461521625519 1.24416649341583 2.09528183937073 1.20886862277985 13.9963188171387 1.78949332237244 21.3908634185791 51.246395111084 1.07825291156769
0.669225811958313 2.39747738838196 7.84682130813599 7.60718774795532 0.47456431388855 8.59217834472656 4.55159711837769 6.8048210144043 9.95113277435303 1.27412390708923 12.5774927139282 26.0778999328613 13.4703788757324 21.7018451690674 30.8758087158203 18.7596073150635 30.6086082458496 26.7520141601562 28.3913860321045 40.9665565490723 10.4417018890381 14.7619552612305 19.3701915740967 10.2912044525146 17.7598934173584 7.53571510314941 6.9741792678833 3.95196580886841 3.36941766738892 3.20461344718933 2.94926500320435 2.97671747207642 5.44181966781616 5.27199506759644 5.52756834030151 2.39487433433533 6.48875761032104 5.23255348205566 2.02879858016968 2.33825898170471 2.18040418624878 1.18018484115601 1.90342235565186 38.7443618774414 1.50649917125702 1.40318143367767
1.43764019012451 4.60466623306274 4.85570096969604 18.5640754699707 3.93774461746216 0.46342921257019 4.94332218170166 13.7999114990234 14.1859502792358 0.55182933807373 12.4715442657471 21.377254486084 19.7286949157715 20.9690437316895 29.5959529876709 27.4052982330322 22.6248016357422 14.9451150894165 37.6360168457031 9.79790019989014 17.7771625518799 24.8584651947021 31.7627334594727 9.63199329376221 18.4271640777588 19.3157348632812 7.30264854431152 8.27062606811523 5.18187093734741 4.48741769790649 3.67896127700806 21.9200801849365 9.29752922058105 8.89801788330078 9.0379695892334 4.63800859451294 24.2335433959961 8.81725215911865 2.46264314651489 2.53809833526611 2.82930874824524 2.24208617210388 2.06442403793335 2.23871493339539 1.73342597484589 1.76551282405853
3.84065175056458 6.94820737838745 1.78677785396576 1.968376994133 13.3216724395752 0.869456350803375 1.03526389598846 1.61584556102753 -0.0896840468049049 1.13434207439423 13.9019317626953 17.6042575836182 11.3975210189819 17.6843338012695 12.6198244094849 25.3182888031006 26.7961292266846 32.2281112670898 17.7200965881348 30.7662372589111 28.0158576965332 4.03893375396729 4.06975126266479 6.50730466842651 4.95089101791382 32.1248931884766 12.3215885162354 9.85377502441406 10.7743816375732 4.59467840194702 6.03499174118042 3.90493178367615 11.352198600769 9.8460693359375 17.2290706634521 6.31913948059082 2.30592584609985 21.9026756286621 3.8288197517395 2.6368191242218 2.96571063995361 3.28788828849792 2.69690227508545 3.01531744003296 2.66788077354431 2.63647699356079
2.96129894256592 5.17362117767334 2.0588390827179 1.68106615543365 1.10313773155212 3.28727173805237 2.64431715011597 1.93687093257904 -0.0629328489303589 3.28042721748352 7.35895872116089 3.19965028762817 14.3915414810181 9.25885200500488 12.6371622085571 15.8890810012817 28.1256408691406 36.852653503418 26.1810531616211 26.0365772247314 24.8506526947021 12.8653287887573 4.35693693161011 6.9715576171875 4.30491971969604 3.71798753738403 11.9030199050903 29.1958789825439 12.9154491424561 4.63840341567993 8.952073097229 11.7048845291138 18.1241283416748 11.6796207427979 23.5347537994385 16.5858383178711 14.6798572540283 25.5633335113525 16.1848659515381 3.07446146011353 2.83082723617554 3.48607277870178 3.60321927070618 3.7219831943512 3.72729659080505 3.21242666244507
3.09241437911987 2.47548508644104 2.38625931739807 7.03000593185425 2.31506681442261 1.41605877876282 4.29463577270508 2.3809552192688 2.26731944084167 8.01761722564697 1.24200201034546 5.88309049606323 0.193940594792366 4.89916944503784 6.48492956161499 9.85414886474609 14.5249547958374 5.81317377090454 31.798999786377 43.0708808898926 18.3839797973633 25.2921123504639 13.2831411361694 8.11318588256836 4.31714057922363 4.6127986907959 3.92822623252869 5.36676359176636 4.46003580093384 5.67852640151978 10.8411512374878 13.4797859191895 10.039475440979 26.6282424926758 20.0253925323486 34.6914825439453 26.5717906951904 1.63948726654053 30.6775302886963 3.16750073432922 4.03756713867188 3.50957822799683 3.78774738311768 4.27980136871338 4.03295373916626 4.0533652305603
5.47560977935791 2.53852486610413 2.52021861076355 2.44541001319885 2.08615493774414 1.54120767116547 2.02457213401794 11.8428401947021 5.93388700485229 0.627545833587646 6.69096708297729 3.76499724388123 3.89932537078857 6.06714296340942 5.90462207794189 13.6293153762817 24.3685665130615 22.1930465698242 2.95023012161255 5.87751722335815 2.85846924781799 3.85951328277588 4.64904022216797 5.54350852966309 11.2718639373779 4.60385656356812 4.05794239044189 4.16871738433838 4.74161767959595 5.7850456237793 11.9408521652222 17.3621196746826 10.5707836151123 15.4611787796021 7.36404037475586 6.04101800918579 2.81281614303589 2.17981600761414 1.97576832771301 4.347243309021 5.05795526504517 3.93397498130798 4.04135179519653 4.58406972885132 4.35205125808716 4.28260660171509
3.68206787109375 3.25738263130188 3.02960610389709 2.94707751274109 2.41457748413086 2.05773878097534 2.46974635124207 8.38337230682373 2.38705682754517 4.48308515548706 7.86368227005005 0.300249963998795 5.25464868545532 2.16864967346191 3.40399694442749 1.87029361724854 4.33574342727661 1.72776365280151 8.19968318939209 15.2118453979492 2.98786211013794 4.07893657684326 5.80687236785889 10.4920072555542 20.8934555053711 4.63965320587158 5.21309041976929 4.69747352600098 5.11506652832031 7.18295526504517 14.1881313323975 22.9901466369629 8.4412317276001 3.60327434539795 5.01495742797852 5.56873369216919 40.4697761535645 10.1191396713257 20.8895053863525 8.61749839782715 6.17260551452637 5.10516834259033 4.29849672317505 4.89450836181641 4.68482732772827 4.59494829177856
3.70197224617004 3.61687088012695 3.18889474868774 2.96786570549011 2.67580628395081 2.77505421638489 1.92617750167847 1.79328656196594 13.8465852737427 8.8868465423584 3.30481362342834 2.32453989982605 0.234923988580704 3.14271140098572 7.22124576568604 4.58956956863403 6.22321510314941 6.51192903518677 18.0376529693604 3.24356961250305 5.25614643096924 19.2699546813965 6.04449033737183 15.1457529067993 7.72686290740967 11.0278539657593 4.91750574111938 4.90072202682495 8.26309776306152 15.400749206543 18.0443687438965 10.5339136123657 28.4772777557373 3.99874782562256 5.86781978607178 7.03893518447876 2.94608569145203 37.6684341430664 9.04044437408447 12.8364753723145 7.54610204696655 6.28594779968262 4.92424821853638 5.24820137023926 5.03181457519531 4.97075986862183
19.8440113067627 4.01532077789307 4.30816221237183 3.7132740020752 3.30782079696655 2.83862209320068 2.71303915977478 1.88054227828979 15.8997611999512 1.94510674476624 1.61299061775208 0.750898659229279 0.525028049945831 4.33885669708252 0.854252815246582 0.869100749492645 1.02146816253662 5.71563005447388 1.86601138114929 15.5059633255005 25.3273143768311 28.3614463806152 9.87502479553223 4.71636772155762 12.1032037734985 5.69932889938354 5.21452617645264 9.68912506103516 14.0205965042114 30.810188293457 18.42018699646 11.1318140029907 3.66392183303833 16.8238697052002 3.13830709457397 3.55485773086548 3.75403714179993 3.5137722492218 41.7343559265137 24.7995300292969 8.64793300628662 8.78603363037109 7.67638874053955 4.81203699111938 5.61205101013184 5.44959306716919
3.83022332191467 4.06149911880493 6.00013542175293 3.9379677772522 3.39384627342224 3.30605912208557 3.21285223960876 2.342045545578 2.10731410980225 12.8882989883423 2.17439007759094 2.58947134017944 0.727206170558929 0.736593663692474 1.13262248039246 1.0216076374054 3.64631366729736 1.74733138084412 10.3828506469727 2.08512878417969 33.0430641174316 4.20359182357788 18.8630409240723 9.36414337158203 11.3329610824585 20.4384365081787 20.4736309051514 28.5954685211182 17.953784942627 5.12596416473389 24.9945793151855 15.4328746795654 7.9567699432373 3.72987461090088 10.6349277496338 4.44527673721313 5.27360153198242 3.56240344047546 2.26036143302917 15.1359548568726 10.2438306808472 9.90370559692383 8.54366874694824 6.5948634147644 5.73824691772461 5.65618467330933
6.00380086898804 5.1220850944519 7.10772180557251 4.20244646072388 3.8614194393158 3.54905462265015 3.7949013710022 2.74616241455078 2.40208268165588 2.21959948539734 3.85388588905334 11.2336378097534 1.06718111038208 0.691200911998749 1.02003800868988 1.125852227211 1.43304264545441 1.48656439781189 2.05455589294434 6.83930349349976 2.25133275985718 8.55683135986328 6.10279178619385 8.58925914764404 4.93689966201782 35.0216407775879 10.5518264770508 5.18190908432007 17.2885608673096 33.9815902709961 12.9330015182495 4.45455598831177 14.062479019165 3.33421206474304 32.0292015075684 4.17905950546265 10.7812471389771 3.59391474723816 7.04947280883789 44.5212593078613 19.1519241333008 11.7470903396606 10.2717771530151 7.83221483230591 6.41756677627563 5.82812738418579
7.49941349029541 6.66869115829468 8.00212478637695 4.46136379241943 4.15514659881592 3.76376724243164 3.63478970527649 3.36487889289856 2.77391242980957 2.38460421562195 5.83909320831299 1.38147282600403 3.43926501274109 1.29760110378265 5.36988353729248 1.24703705310822 1.50540924072266 1.87079381942749 2.25349473953247 2.38626456260681 2.89547038078308 3.10272407531738 12.7895984649658 20.148998260498 14.1964426040649 4.21213006973267 4.88186740875244 5.34238195419312 5.23652267456055 5.12274932861328 5.1516637802124 4.51033115386963 3.72054696083069 3.4757707118988 3.81641435623169 4.39980411529541 4.31342458724976 3.78049445152283 3.07111191749573 2.33281946182251 34.7343673706055 22.8954105377197 12.9059705734253 9.64058208465576 7.66473245620728 6.01235103607178
11.2745628356934 7.03184843063354 9.47990608215332 4.97998094558716 6.24552917480469 6.22344446182251 3.75878763198853 3.40664553642273 4.1838116645813 2.42121243476868 5.61590957641602 1.67748892307281 23.5233936309814 1.77839922904968 1.3498911857605 1.78267621994019 2.6628954410553 2.84789276123047 3.09502792358398 2.94970846176147 3.15577435493469 3.74290370941162 3.84673380851746 10.1989812850952 16.274169921875 4.89067554473877 5.22192001342773 5.62574195861816 5.61960601806641 5.41402244567871 5.74363231658936 4.98319244384766 3.9868061542511 3.54700875282288 4.26245737075806 4.53779220581055 4.99648380279541 4.81540727615356 3.30344152450562 2.79731178283691 24.553316116333 41.0558662414551 17.3792591094971 12.2874641418457 9.39233303070068 6.92099046707153
7.49039220809937 14.5748672485352 16.7567501068115 14.502911567688 5.16340494155884 3.77580738067627 3.82867193222046 3.46778130531311 3.00304889678955 2.75238347053528 2.2289571762085 20.5951251983643 1.86820137500763 11.7631330490112 2.74022030830383 2.48969912528992 3.48494625091553 3.56315851211548 3.64449691772461 3.75718832015991 4.07507753372192 4.03230047225952 6.27881765365601 4.23399305343628 4.78302431106567 5.05614948272705 5.80414772033691 6.61164903640747 9.10937786102295 9.24927139282227 6.39410877227783 5.5914568901062 4.15646839141846 4.40551376342773 4.95820045471191 5.20469045639038 5.12148141860962 4.45048332214355 4.16005229949951 12.1559915542603 2.53724479675293 3.02258253097534 32.2413597106934 29.5791797637939 12.0956611633301 8.36770057678223
