slauniainen/Data/DEM/Vihti_dem1500b_cl_horizonAngle_6.asc
NCOLS 196 
NROWS 178 
XLLCORNER 353680 
YLLCORNER 6699024 
CELLSIZE 16 
NODATA_value -3.4e+38 
[rows 80 to 99 of 178, columns 135 to 179 of 196]
1.43567848205566 2.19755959510803 1.11653995513916 3.58044362068176 4.69758605957031 4.2998104095459 4.07875108718872 7.59815263748169 7.56416654586792 8.64466953277588 8.01809692382812 8.15861129760742 8.01300716400146 5.68024921417236 4.30590486526489 3.35557317733765 2.70254397392273 3.87341713905334 5.96931314468384 3.42739295959473 4.62622547149658 5.24815225601196 4.45293855667114 5.78792762756348 6.20076656341553 3.57119083404541 3.21587824821472 4.33697271347046 5.03477811813354 4.7621111869812 4.2802038192749 4.1566104888916 4.11647891998291 5.72071027755737 7.66797161102295 8.71204376220703 8.33383941650391 7.92612886428833 7.0056586265564 5.91436529159546 5.48142242431641 4.35051774978638 3.37093949317932 2.53333616256714 2.03380227088928
5.45097875595093 4.64720630645752 4.51215219497681 4.26861619949341 6.07855415344238 5.73714971542358 5.52455759048462 7.9349799156189 10.9800682067871 7.73401594161987 8.68528079986572 9.9721097946167 7.98704624176025 8.22876453399658 8.30986022949219 8.53181266784668 8.68685626983643 10.4574642181396 8.09427165985107 10.4158992767334 9.4845609664917 7.56856966018677 5.97742033004761 6.45834589004517 4.98154830932617 3.33684039115906 3.19099593162537 4.21779632568359 4.91305589675903 4.67491865158081 4.24772167205811 4.1374454498291 4.09445333480835 5.34479284286499 7.01556348800659 7.9596266746521 7.81298112869263 7.52934408187866 6.21017980575562 5.61637306213379 5.06396675109863 4.31636047363281 3.34418678283691 2.6814169883728 1.98079824447632
4.19578218460083 3.59068965911865 3.98701333999634 4.75327491760254 5.14579582214355 5.29224157333374 6.19574403762817 6.8747878074646 8.09200859069824 7.40366077423096 8.43380832672119 13.9861936569214 16.7865409851074 15.8851280212402 17.8252143859863 15.3696517944336 13.9336776733398 11.6756000518799 14.4580364227295 13.0455732345581 13.3577461242676 10.7481870651245 12.5577354431152 8.71205711364746 4.27159833908081 2.41661739349365 3.09671401977539 4.09567165374756 4.78393077850342 4.57156276702881 4.22245264053345 4.08035087585449 4.01174259185791 5.02602672576904 6.44442844390869 7.29750061035156 7.29338502883911 7.13664197921753 5.91326236724854 5.3270902633667 4.89516305923462 4.96038436889648 3.94794154167175 2.82364797592163 2.14442873001099
3.55812764167786 2.67904090881348 3.11010551452637 4.39601039886475 4.89273691177368 5.83933782577515 7.15240907669067 9.50242137908936 7.63336801528931 7.4171314239502 10.0577402114868 12.591347694397 17.0266380310059 20.7126293182373 19.7180595397949 19.0111293792725 16.2257709503174 14.4150667190552 16.4102725982666 19.0932903289795 16.04518699646 15.5750741958618 11.5393495559692 7.06916427612305 4.6293740272522 4.91940879821777 3.38699221611023 4.05077600479126 4.67220497131348 4.46688890457153 3.93602728843689 3.94325232505798 3.71152544021606 4.63369226455688 5.8841986656189 6.67326736450195 6.81131362915039 6.73829126358032 5.69547367095947 5.15631198883057 4.81808614730835 5.49984359741211 5.86389398574829 4.0277943611145 2.83311891555786
4.4080376625061 2.28470230102539 2.60778450965881 4.04381847381592 4.60359573364258 5.68608379364014 8.43401908874512 9.01910781860352 10.0022659301758 12.5273551940918 10.7141914367676 11.4430809020996 14.2705106735229 17.2436084747314 18.480396270752 18.7028369903564 15.8917503356934 14.207727432251 14.9843044281006 17.4132690429688 16.3779125213623 14.050217628479 10.5282115936279 6.71890640258789 7.58056974411011 8.5401496887207 5.45694875717163 4.02044916152954 4.62371158599854 4.35109663009644 3.80152940750122 3.53974294662476 3.51777005195618 4.24025774002075 5.37852096557617 6.11464309692383 6.35098314285278 6.35326766967773 5.40424823760986 4.95591354370117 4.70371866226196 4.83098220825195 5.57638072967529 5.26916170120239 3.60596990585327
3.84461545944214 1.52265393733978 2.04971241950989 3.43297266960144 4.20339155197144 5.42456197738647 7.87931060791016 8.32328128814697 7.44262266159058 9.58153343200684 9.73042488098145 11.0492515563965 13.2882413864136 14.764497756958 16.0074806213379 16.0594005584717 15.0585994720459 13.5309000015259 13.9380912780762 14.649320602417 13.6113357543945 12.0611248016357 9.56191539764404 6.56067562103271 6.36330842971802 6.8711256980896 5.14557838439941 4.19583415985107 4.20415925979614 4.33449983596802 3.76352596282959 3.45089650154114 3.40013813972473 3.96507835388184 4.99099493026733 5.65579462051392 5.95554161071777 5.98332405090332 5.13994264602661 4.74116802215576 4.54325723648071 4.30380439758301 4.86732578277588 4.62986946105957 3.56782984733582
2.92724633216858 0.958996951580048 1.70387816429138 3.07734513282776 3.80820679664612 4.93706846237183 7.3412938117981 9.286940574646 10.6674184799194 10.5145225524902 9.63316249847412 11.2343244552612 13.293384552002 14.575403213501 14.9369773864746 14.1626043319702 13.8424949645996 13.2407331466675 13.1925535202026 13.3526449203491 12.0827283859253 10.6763296127319 7.91452407836914 5.61664485931396 5.88603544235229 6.19081592559814 4.9552640914917 4.58541345596313 4.0190372467041 4.05897569656372 4.50327348709106 4.46248817443848 3.75981760025024 3.90355134010315 4.78113317489624 5.33939695358276 5.66582012176514 5.69689035415649 4.93736457824707 4.5360369682312 4.19977807998657 3.82899022102356 4.01110172271729 3.74855184555054 2.92930841445923
2.8764169216156 3.0408923625946 3.0692253112793 2.96666789054871 3.44634771347046 4.41240501403809 6.93946266174316 8.9488410949707 12.7934989929199 11.7531623840332 10.0914421081543 11.1134328842163 13.0739374160767 14.0543479919434 14.2648315429688 13.2021417617798 12.2620859146118 12.5901699066162 12.1136255264282 11.2174425125122 9.59926795959473 8.08291339874268 6.4775447845459 5.38558053970337 5.81938695907593 5.97103595733643 6.01364421844482 5.95451641082764 4.83770036697388 4.43234491348267 5.26121044158936 6.23554277420044 6.02257442474365 5.47912120819092 5.22929573059082 5.24525880813599 5.49061489105225 5.49224662780762 4.56657361984253 4.22388410568237 3.94635772705078 3.38717150688171 2.9066309928894 2.803462266922 2.30014801025391
5.38220262527466 9.48878765106201 7.2301459312439 2.98711037635803 3.37327241897583 4.01678705215454 6.74504423141479 8.59350395202637 11.1513023376465 11.4075078964233 10.4985303878784 11.0437288284302 12.6903867721558 13.9171056747437 13.6489124298096 13.1452465057373 12.1718521118164 11.6480674743652 11.1596946716309 10.4303483963013 9.08529186248779 7.45318555831909 5.47805833816528 4.91363573074341 5.49340105056763 5.43948554992676 5.63487100601196 5.5245304107666 5.3386812210083 5.03192377090454 5.23447036743164 6.43823528289795 6.99709606170654 7.38553142547607 6.7184796333313 5.36874341964722 5.32269811630249 4.84801626205444 4.24897861480713 3.93843817710876 3.72104358673096 3.15489673614502 2.53733897209167 1.95540189743042 1.40817379951477
7.03795003890991 8.44754123687744 8.16516971588135 5.32085943222046 5.75308036804199 7.73357343673706 6.4513840675354 8.11637783050537 9.99159717559814 10.386531829834 10.6972961425781 12.2419681549072 12.4509725570679 13.5553693771362 13.4154109954834 12.8316659927368 12.1180124282837 11.4085474014282 10.8032760620117 10.1129035949707 8.84376335144043 6.99237871170044 4.80956125259399 3.92118668556213 4.69780111312866 4.77844095230103 5.01854419708252 5.12064409255981 4.87995386123657 4.77394723892212 4.78511190414429 5.71625471115112 6.61758375167847 6.6335015296936 6.0011739730835 5.2371883392334 5.10275268554688 4.36785125732422 3.96462154388428 3.75929522514343 3.55248737335205 3.01169610023499 2.37201499938965 1.79004192352295 1.19690322875977
7.39623880386353 7.95116233825684 7.98328161239624 9.70193099975586 5.79191637039185 6.69044017791748 6.20937871932983 7.5074987411499 8.71621894836426 9.59964942932129 9.64486980438232 10.8056974411011 12.0022745132446 12.8470296859741 13.0644359588623 12.7408847808838 11.6573104858398 11.0763826370239 10.6164321899414 9.87173748016357 8.55510330200195 6.63517904281616 4.53015565872192 3.50727415084839 3.93351221084595 4.11083889007568 4.56051635742188 4.65640735626221 4.58751392364502 4.29610776901245 4.32157611846924 4.96015739440918 5.58444166183472 5.44530344009399 4.98782014846802 5.06566381454468 4.87249231338501 4.17559432983398 3.78235077857971 3.58303713798523 3.39408946037292 2.85920691490173 2.21874237060547 1.57395708560944 0.877583503723145
7.64290904998779 8.44137287139893 9.06615829467773 10.4167051315308 12.1828422546387 7.62397432327271 6.39466333389282 7.28543138504028 8.10357761383057 8.56395435333252 9.35544681549072 10.3719310760498 11.3563203811646 12.1310472488403 12.4818449020386 12.2681198120117 11.3495769500732 10.8000545501709 10.3507032394409 9.61879062652588 8.4071216583252 6.44392728805542 6.59439849853516 5.48515796661377 3.70091247558594 3.63521265983582 3.83479237556458 4.23690843582153 4.08478260040283 4.09314441680908 3.98498916625977 4.24342012405396 4.51211833953857 4.55576515197754 4.7580361366272 4.8366174697876 4.62838649749756 3.94766521453857 3.59037065505981 3.40535402297974 3.23958802223206 2.72246313095093 2.10152554512024 1.39939153194427 0.322614341974258
7.50029325485229 8.39660549163818 8.99507617950439 9.96852588653564 10.7523136138916 9.6609935760498 8.85849571228027 7.25120496749878 7.71993541717529 8.14072036743164 8.91623401641846 9.85901546478271 10.7571249008179 11.4451627731323 11.7106847763062 11.5161848068237 10.847583770752 10.4991636276245 10.0644578933716 9.3607177734375 8.32514572143555 10.2376747131348 10.6247749328613 8.79656410217285 3.86257934570312 3.33085012435913 3.71060252189636 4.11145973205566 3.99097681045532 3.73577737808228 3.96013569831848 4.00268936157227 3.88113474845886 4.33633518218994 4.51281929016113 4.6227822303772 4.39168310165405 3.67432069778442 3.36532139778137 3.23688912391663 3.0878438949585 2.60170602798462 2.00696110725403 1.2163006067276 -0.394316703081131
8.29520130157471 8.3460636138916 8.82570266723633 9.70454597473145 10.2671947479248 9.60801601409912 9.473557472229 8.72968673706055 7.57675886154175 8.02198123931885 8.71735954284668 9.31016159057617 10.1349086761475 10.7848014831543 10.9721403121948 10.7797555923462 10.2116441726685 9.9678373336792 9.73624038696289 9.14277172088623 8.21794605255127 10.2742357254028 12.5417261123657 10.3389492034912 5.07468748092651 3.13443517684937 3.54414391517639 3.97267627716064 3.89860272407532 3.67424440383911 3.7061448097229 3.60707020759583 3.70634078979492 4.12148666381836 4.30016422271729 4.43238115310669 4.22247314453125 3.49176979064941 3.13870882987976 3.04431581497192 2.95535945892334 2.49105143547058 1.91618943214417 1.13611805438995 7.29458713531494
6.75188589096069 7.37831687927246 8.54469966888428 9.09680843353271 9.74684238433838 9.30274105072021 9.26264476776123 8.69410419464111 7.57990980148315 7.85372543334961 8.43378734588623 9.09117984771729 9.57328414916992 10.1181964874268 10.3390436172485 10.2244567871094 9.70526123046875 9.49287128448486 9.34056568145752 8.86564350128174 8.01167869567871 8.89897155761719 10.4765434265137 9.69504261016846 8.08625030517578 4.57861328125 3.61668133735657 3.58699035644531 3.79723906517029 3.59442067146301 3.44081735610962 3.36462306976318 3.57790541648865 3.94077944755554 4.10916042327881 4.2693338394165 4.13186740875244 3.72972989082336 3.07124519348145 2.89277172088623 2.8026921749115 2.40937352180481 1.87008583545685 3.71945977210999 11.1381454467773
5.59692096710205 6.31953859329224 7.48298788070679 8.22209072113037 8.11245346069336 8.6798038482666 8.66527938842773 8.22754192352295 7.55752038955688 7.76082611083984 8.17439746856689 8.85977554321289 9.38784980773926 9.58853530883789 9.81121253967285 9.88505268096924 9.361496925354 9.13639831542969 8.89985275268555 8.49481105804443 7.7751293182373 9.05733680725098 9.25514316558838 8.7932653427124 8.36406230926514 6.90934944152832 4.01610422134399 3.39443111419678 3.37812471389771 3.39877128601074 3.33596205711365 3.2688889503479 3.48464465141296 3.78847765922546 3.94663691520691 4.11091661453247 4.02172803878784 3.82289743423462 5.31162261962891 4.46092700958252 3.09426045417786 2.24657869338989 2.54748320579529 4.71461915969849 10.5890169143677
5.10698986053467 5.68048810958862 6.48911762237549 7.15796422958374 7.03451061248779 7.23448085784912 7.45227146148682 7.24915504455566 7.36391878128052 7.56819725036621 7.86494541168213 8.45706558227539 8.95902061462402 9.16165065765381 9.28972339630127 9.16376209259033 8.92625331878662 8.73069000244141 8.28445816040039 7.81538724899292 7.37117528915405 8.58694267272949 8.32530117034912 7.84916162490845 7.51686096191406 6.79615497589111 5.36558818817139 3.47367000579834 3.30191993713379 3.27530288696289 3.2277512550354 3.18241000175476 3.38453912734985 3.64117503166199 3.79123640060425 3.97026085853577 3.90697121620178 3.44695234298706 4.9611029624939 4.97897243499756 3.5563178062439 3.19911479949951 3.71988153457642 4.55449247360229 8.94431304931641
4.77058410644531 5.25308799743652 5.74388790130615 6.30279684066772 6.45017719268799 6.36984062194824 6.86708641052246 6.94984102249146 7.05171012878418 7.24623250961304 7.52481508255005 8.04597282409668 8.51909160614014 8.71992778778076 8.80722045898438 8.70872020721436 8.51764678955078 8.41543388366699 7.98781299591064 7.29491806030273 6.72644472122192 7.73842191696167 7.63104057312012 6.69806289672852 6.89017105102539 6.9078950881958 7.16291570663452 5.56537246704102 3.27013540267944 3.13275098800659 3.07753968238831 3.07695627212524 3.29357981681824 3.50523662567139 3.80991625785828 3.76109170913696 3.46351456642151 3.19613885879517 4.19526147842407 4.25797033309937 3.65605211257935 3.59927558898926 3.26957535743713 7.60787916183472 8.55021667480469
4.50677680969238 4.90981101989746 5.23730945587158 5.66552114486694 6.00771522521973 6.04236650466919 6.56848430633545 6.64099597930908 6.73631000518799 6.93114471435547 7.17658472061157 7.64954423904419 8.09041118621826 8.29430294036865 8.36157512664795 8.26059913635254 8.072190284729 8.0183744430542 7.63866376876831 7.01100015640259 6.30608415603638 7.0524206161499 6.99906349182129 6.39639043807983 5.96128129959106 6.26823234558105 5.88010835647583 4.82319402694702 3.22679018974304 3.01823353767395 2.92994427680969 2.92138481140137 3.29068541526794 3.52259969711304 3.71686267852783 3.67317986488342 3.31885457038879 3.11964082717896 3.43950724601746 3.59804749488831 3.20519280433655 3.10095715522766 3.80107426643372 6.66947841644287 9.03212642669678
4.37096786499023 4.69518852233887 4.95502519607544 5.26369047164917 5.54066944122314 5.7965521812439 6.28017616271973 6.35582256317139 6.44587993621826 6.63311004638672 6.86908578872681 7.2880916595459 7.70618963241577 7.89085626602173 7.95869255065918 7.8512749671936 7.6750373840332 7.62302875518799 7.27148771286011 6.6931357383728 6.04722309112549 6.45840644836426 6.3550763130188 5.77986192703247 5.61940479278564 5.2031455039978 5.0009651184082 4.23920011520386 3.45910692214966 3.00146102905273 2.84950494766235 2.79522848129272 3.14868593215942 3.40997648239136 3.61647915840149 3.53647780418396 3.18616056442261 3.00256395339966 2.88199615478516 2.78450226783752 2.44856381416321 2.57742547988892 3.33517670631409 5.98251533508301 7.68096208572388
