slauniainen/Data/DEM/Vihti_dem1500b_cl_horizonAngle_354.asc
NCOLS 196 
NROWS 178 
XLLCORNER 353680 
YLLCORNER 6699024 
CELLSIZE 16 
NODATA_value -3.4e+38 
[rows 100 to 119 of 178, columns 90 to 134 of 196]
0.599465191364288 0.0429345592856407 0.00369328004308045 -0.00202745432034135 0.0118617741391063 0.131519451737404 0.254918962717056 0.421643763780594 0.626879394054413 1.43860113620758 2.48843336105347 3.05209708213806 3.46059370040894 4.13102674484253 4.24035501480103 11.8634214401245 19.2753467559814 22.3775501251221 19.6108131408691 18.0200443267822 18.2869243621826 18.1977405548096 16.8826656341553 15.8414268493652 14.8407907485962 13.2091779708862 15.0658683776855 16.7410278320312 14.6684770584106 15.7659673690796 15.6288967132568 14.7186231613159 13.0370979309082 10.8233375549316 20.8087310791016 25.1700019836426 23.4799118041992 18.3334197998047 10.8852119445801 7.10633325576782 6.03255844116211 4.9289083480835 5.05513477325439 5.47755002975464 5.84031963348389
0.601062715053558 0.00921732559800148 -0.00367057742550969 -0.009306775406003 -0.0247855540364981 0.0680252611637115 0.19887886941433 0.361640304327011 0.540674448013306 1.38342428207397 2.39246678352356 2.9269700050354 3.31286430358887 3.63459324836731 4.08061647415161 7.51353597640991 15.7785930633545 17.7117805480957 16.8206634521484 15.7139225006104 15.7820243835449 15.9810256958008 15.6178913116455 15.1480779647827 14.4823188781738 13.4160003662109 13.5447673797607 13.2646226882935 11.7243547439575 11.8684387207031 12.0611000061035 11.3908958435059 10.6876678466797 25.3020935058594 28.870475769043 26.8222141265869 19.5004196166992 14.8709163665771 13.2413473129272 10.7933530807495 11.0779161453247 9.03170680999756 5.36210823059082 5.24293994903564 5.72950792312622
0.558786034584045 0.00301888305693865 -0.00678690522909164 -0.0139319365844131 -0.0271784905344248 0.0100750802084804 0.114792473614216 0.282903134822845 0.476002514362335 1.33395719528198 2.31156015396118 2.81926488876343 3.1805853843689 3.4813187122345 3.91514706611633 6.86100053787231 10.2050561904907 14.8784255981445 14.6529884338379 13.905611038208 13.7011251449585 14.1463050842285 15.2322406768799 14.8275318145752 14.293869972229 13.075005531311 12.2833480834961 11.2478981018066 10.0866365432739 9.68628311157227 9.592453956604 9.47586822509766 8.9287109375 14.4611358642578 18.7913551330566 20.7560729980469 16.9344387054443 13.3448429107666 13.1142587661743 13.2931756973267 11.6066722869873 10.2715368270874 8.44623851776123 6.0439600944519 5.66796588897705
0.506583571434021 -0.00100465363357216 0.017867773771286 0.154771715402603 0.0776045620441437 0.102807894349098 0.0628784745931625 0.206442311406136 0.404268473386765 1.28637290000916 2.23660326004028 2.72090983390808 3.06690335273743 3.33760237693787 3.73972654342651 6.25153732299805 8.7249059677124 11.1904163360596 13.3474225997925 13.6650228500366 13.4200019836426 13.7387456893921 14.3776159286499 13.7632856369019 13.0617074966431 11.9055595397949 10.4664630889893 9.50508689880371 8.58476638793945 8.38850593566895 8.31151676177979 8.02053737640381 7.56365394592285 10.042254447937 14.3329582214355 16.0094585418701 15.3678102493286 17.3441429138184 13.6587257385254 11.8613052368164 10.9367322921753 11.0848760604858 11.2991905212402 8.95373249053955 5.78347873687744
0.488543510437012 0.0104638496413827 -0.00792798399925232 -0.0161105915904045 0.136931374669075 0.0612189620733261 0.0179863013327122 0.148372143507004 0.343620002269745 1.24224817752838 2.16192388534546 2.63721632957458 2.96389770507812 3.21591353416443 3.59314227104187 5.74423122406006 7.97093105316162 9.80780792236328 11.6713848114014 12.6012878417969 12.9068756103516 12.9156856536865 13.1235027313232 12.322772026062 11.2789974212646 10.0638122558594 9.02031135559082 8.21208763122559 7.63819980621338 7.37794017791748 7.29944276809692 6.92481994628906 6.68363523483276 7.38779878616333 9.15146350860596 11.3361291885376 12.7991409301758 13.1555852890015 12.2242670059204 10.8398323059082 10.3501005172729 10.0581331253052 10.3040437698364 9.05948448181152 7.10981702804565
0.53321772813797 0.0562534183263779 -0.00726732145994902 0.117533728480339 0.0186600759625435 0.0015527296345681 0.0813611596822739 0.104194596409798 0.292390704154968 1.20482289791107 2.09220862388611 2.55460405349731 2.86866688728333 3.10601925849915 3.46456003189087 5.3133692741394 7.34777355194092 8.74890041351318 10.3932580947876 11.086968421936 11.5713548660278 11.6216382980347 11.7451133728027 10.8710165023804 9.92906665802002 8.74775123596191 7.93112087249756 7.24768972396851 6.95750856399536 6.57561826705933 6.51367855072021 6.17271995544434 6.36026859283447 6.48856735229492 7.22910261154175 9.56375694274902 11.0967960357666 11.4126644134521 10.5992498397827 9.16908931732178 9.08194065093994 9.04387760162354 8.88627338409424 8.30705642700195 6.96539449691772
0.65239691734314 0.119598977267742 0.204221785068512 0.0938398838043213 -0.00827818922698498 -0.0265796799212694 0.035489659756422 0.0454401634633541 0.213117897510529 1.00228488445282 2.02547788619995 2.46828365325928 2.77547478675842 3.00204038619995 3.34589576721191 4.61179256439209 6.81711101531982 7.98349666595459 9.3389196395874 9.88532447814941 10.4661560058594 10.4858636856079 10.5990543365479 9.69626426696777 8.85464096069336 7.79541110992432 7.07624673843384 6.54146289825439 6.38837003707886 5.99159860610962 5.8776798248291 5.57435750961304 6.06566047668457 6.18734312057495 6.53347492218018 8.35253524780273 9.79060745239258 10.0843820571899 9.37768268585205 7.95404148101807 7.43546485900879 7.94516324996948 8.02553558349609 7.67624425888062 6.81825160980225
0.622906565666199 0.293658524751663 0.14199934899807 0.265105068683624 0.172065615653992 0.20927606523037 0.112629674375057 0.0110348854213953 0.117864690721035 0.619042277336121 1.72314524650574 2.38388013839722 2.68467807769775 2.91110968589783 3.24225831031799 3.4647331237793 6.12673330307007 7.41516590118408 8.49661922454834 8.96439170837402 9.58098125457764 9.53205299377441 9.64937591552734 8.77302551269531 7.97435140609741 7.02733612060547 6.37786674499512 5.96129131317139 5.90227508544922 5.49543857574463 5.35062456130981 5.08233547210693 5.79733180999756 5.91648149490356 5.95844554901123 7.46186637878418 8.75211334228516 9.00984382629395 8.38766670227051 7.10818290710449 6.50419092178345 6.85507011413574 6.93766450881958 6.48784589767456 5.83892011642456
0.579682230949402 0.274442076683044 0.104979887604713 0.0918454751372337 0.171614825725555 0.113176085054874 0.0320506580173969 0.0134058184921741 0.0528869330883026 0.303796678781509 1.10727751255035 2.08498430252075 2.57709288597107 2.81631350517273 3.13703918457031 3.34867334365845 5.25893831253052 6.79703950881958 7.81912755966187 8.23395824432373 8.84679126739502 8.71618747711182 8.83201885223389 8.02723503112793 7.24187326431274 6.36835193634033 5.80482196807861 5.49156475067139 5.48497915267944 5.08434629440308 4.91573762893677 4.82680797576904 5.55048608779907 5.66442489624023 5.69362878799438 6.7350001335144 7.88971662521362 8.13073062896729 7.57115602493286 6.40725326538086 5.79951429367065 6.01702213287354 6.07313680648804 5.57022905349731 5.40926074981689
0.54432088136673 0.351152002811432 0.0389867126941681 0.00871190614998341 0.0189287308603525 0.0180590189993382 -0.00309485453180969 0.00519194174557924 0.00545574584975839 0.197069063782692 1.06394731998444 1.85260617733002 2.25454521179199 2.67720508575439 3.03326678276062 3.24027705192566 4.5524206161499 6.25512075424194 7.26417779922485 7.63696527481079 8.2130765914917 8.05189514160156 8.16189670562744 7.42859220504761 6.63449764251709 5.82844209671021 5.33815050125122 5.07991218566895 5.08622074127197 5.08137893676758 4.58981513977051 4.30741691589355 4.63888692855835 5.2994818687439 5.40841817855835 6.13399314880371 7.18678665161133 7.40609693527222 6.89767456054688 5.84056806564331 5.22793292999268 5.43383598327637 5.40506982803345 5.04994773864746 5.25240278244019
0.51274162530899 0.357220977544785 -0.0299307815730572 -0.0476173162460327 -0.0675030052661896 -0.0506393648684025 -0.0163488928228617 -0.00469137681648135 -0.0309983380138874 0.129772365093231 1.03379333019257 1.79632258415222 2.19723558425903 2.44991946220398 2.80634236335754 2.94173002243042 3.90120625495911 5.60304307937622 6.69890213012695 7.06326580047607 7.44975471496582 7.62155675888062 7.58212280273438 7.2717170715332 6.14052391052246 5.52424144744873 5.07074069976807 4.80363464355469 4.76244640350342 4.76723384857178 4.36910772323608 4.10910367965698 4.45597743988037 5.08410739898682 5.18805313110352 5.64227342605591 6.60158157348633 6.80729818344116 6.31721305847168 5.34813022613525 4.80681657791138 4.92458724975586 4.90365982055664 4.86908769607544 4.98529148101807
0.47886711359024 0.336152583360672 0.0368147157132626 0.0465135797858238 -0.0386042222380638 -0.0681993886828423 -0.0290423408150673 0.0128270946443081 0.00534120807424188 0.113268189132214 1.00470924377441 1.74676465988159 2.13422656059265 2.38722205162048 2.57611417770386 2.85382652282715 3.70454859733582 5.00603055953979 5.86791610717773 6.37125873565674 6.65178108215332 7.16087007522583 6.94861793518066 7.03152322769165 6.38879537582397 5.56059837341309 4.97870111465454 4.5840163230896 4.47804641723633 4.47429084777832 4.09381198883057 3.89238882064819 4.29034185409546 4.88815355300903 4.98947906494141 5.18684005737305 5.99815464019775 6.30128145217896 6.03080654144287 5.22557020187378 4.65624618530273 4.70293664932251 4.72908973693848 4.74484539031982 4.74297857284546
0.456390887498856 0.319693595170975 -0.0319133438169956 0.227649003267288 0.308462023735046 0.518834292888641 0.0859100520610809 -0.0170910228043795 -0.044525220990181 0.0939310193061829 0.977080225944519 1.69985067844391 2.07652401924133 2.32160496711731 2.50742435455322 2.77169990539551 3.51126432418823 4.75742435455322 5.49285459518433 6.02040481567383 6.27038860321045 6.74870729446411 6.53651666641235 6.60759353637695 6.00236797332764 5.26925325393677 4.6737494468689 4.30048084259033 4.21997547149658 4.22630310058594 3.85158562660217 3.64818215370178 4.13419389724731 4.704421043396 4.8045334815979 4.58967638015747 5.13728332519531 5.77794122695923 5.83166933059692 5.25132608413696 4.42584180831909 4.50233507156372 4.59445142745972 4.60703754425049 4.60938835144043
0.466515719890594 0.28383332490921 -0.0470894612371922 0.0143251828849316 0.141821756958961 0.123974569141865 -0.0323781780898571 -0.0194676611572504 0.119063682854176 0.0432407557964325 0.947064101696014 1.65384876728058 2.02209281921387 2.26087498664856 2.44279456138611 2.69155693054199 3.35011386871338 4.52124500274658 5.22595453262329 5.71114444732666 5.94294691085815 6.38009691238403 6.18132066726685 6.22592067718506 5.65817546844482 4.9450306892395 4.40252828598022 4.04777669906616 3.99447059631348 4.00125360488892 3.63503170013428 3.43276262283325 3.99478626251221 4.53938674926758 4.60051441192627 4.31715440750122 3.91409850120544 5.33088731765747 5.47458505630493 4.99488067626953 4.29882049560547 4.37281942367554 4.46607494354248 4.47797155380249 4.48422336578369
0.281662732362747 0.0934203416109085 -0.210474178195 -0.128197386860847 0.0717397183179855 0.0423744842410088 -0.0341339409351349 -0.0199280865490437 0.0130661521106958 -0.0347690023481846 0.93018513917923 1.6112859249115 1.96674382686615 2.20344853401184 2.37899971008301 2.62475323677063 3.20669913291931 4.30978012084961 4.97985363006592 5.4181489944458 5.64938402175903 6.05085754394531 5.85938692092896 5.88642168045044 5.34392642974854 4.65712642669678 4.16800308227539 3.83108353614807 3.80308437347412 3.8022608757019 3.44486141204834 3.24020171165466 3.86238479614258 4.3832745552063 4.33146095275879 4.0827465057373 3.77675604820251 5.04551601409912 5.15064716339111 4.68199825286865 4.17835283279419 4.25043106079102 4.34141397476196 4.35566997528076 4.36387014389038
0.0249681081622839 -0.0924742147326469 -0.343939363956451 -0.232957750558853 0.0245306231081486 0.0192747935652733 -0.0596153363585472 -0.0433670841157436 -0.0497166477143764 -0.0617346689105034 0.772381842136383 1.57206702232361 1.92085993289948 2.1446270942688 2.31267809867859 2.55637001991272 2.78140735626221 4.13036060333252 4.76650142669678 5.15306043624878 5.36730766296387 5.74905157089233 5.56822633743286 5.57725286483765 5.06329441070557 4.41546964645386 3.94967412948608 3.63100433349609 3.62590861320496 3.62172150611877 3.27167654037476 3.07549071311951 3.73507642745972 4.20774078369141 4.04044818878174 3.90589475631714 3.73825287818909 4.78149604797363 4.84383249282837 4.38669109344482 4.05793952941895 4.13206624984741 4.22665452957153 4.23953628540039 4.24924421310425
-0.217801839113235 -0.283342599868774 -0.286363899707794 1.6497722864151 -0.0614090859889984 -0.015991073101759 -0.0483161248266697 -0.0371698848903179 0.0213101897388697 0.0225942637771368 0.471233695745468 1.33723068237305 1.85823965072632 2.09161925315857 2.25912070274353 2.48925065994263 2.66943120956421 3.69992470741272 4.50478935241699 4.92121315002441 5.11996555328369 5.46430921554565 5.30716133117676 5.30261993408203 4.81211566925049 4.19079351425171 3.74116539955139 3.44014358520508 3.4579758644104 3.45775413513184 3.11928868293762 2.90447950363159 3.57164931297302 3.91328835487366 3.75400066375732 3.68338251113892 3.50967168807983 4.38599252700806 4.50790548324585 4.10104417800903 3.9318060874939 4.00979518890381 4.10674285888672 4.12216997146606 4.1416015625
-0.350116193294525 -0.371007710695267 0.685841202735901 1.28478229045868 0.0653102397918701 0.220436438918114 0.428736627101898 0.154662430286407 0.0371972061693668 0.0308041498064995 0.154365614056587 0.864772856235504 1.62274062633514 2.00580024719238 2.1943838596344 2.42432355880737 2.59916067123413 3.15430212020874 4.11191606521606 4.71507835388184 4.90880107879639 5.22675943374634 5.06707048416138 5.05225706100464 4.58558797836304 3.98433327674866 3.55601978302002 3.27136278152466 3.3059356212616 3.25744795799255 2.7732994556427 2.42208504676819 3.16199684143066 3.47354984283447 3.34058427810669 3.31611776351929 3.15256595611572 3.81199955940247 3.90298199653625 3.68717694282532 3.72745370864868 3.87126851081848 3.99616003036499 4.00923919677734 4.01666879653931
-0.44476592540741 -0.371845453977585 0.278922230005264 0.745864629745483 0.0290214717388153 0.00905683077871799 0.192672073841095 0.0587600953876972 0.0124992458149791 -0.018965158611536 0.0506498552858829 0.845093011856079 1.47071468830109 1.78712403774261 2.08739686012268 2.36064839363098 2.51149559020996 2.70620322227478 3.76816844940186 4.39442920684814 4.63641500473022 4.99743843078613 4.86429977416992 4.82053089141846 4.37757587432861 3.79938936233521 3.38539004325867 3.12627840042114 2.98990726470947 2.73338174819946 2.37566065788269 1.9751091003418 2.58161187171936 2.97275018692017 2.87046670913696 2.83430552482605 2.8276379108429 2.9928081035614 2.78867888450623 2.9734787940979 3.27564930915833 3.3988926410675 3.72829055786133 3.79387259483337 3.84326481819153
-0.639442145824432 -0.392630994319916 0.0500516146421432 0.590845108032227 0.132129058241844 -0.0318827964365482 0.0751047134399414 0.0173076987266541 -0.0346367172896862 -0.00734928343445063 -0.0189701449126005 0.827003180980682 1.43882215023041 1.74767994880676 1.93928945064545 2.18058013916016 2.2977192401886 2.59353041648865 3.47659134864807 4.03014278411865 4.30036497116089 4.5201301574707 4.75784969329834 4.61051368713379 4.53678607940674 3.82263231277466 3.43645334243774 3.11551213264465 2.56463384628296 2.07638478279114 1.65808379650116 1.52614200115204 1.73253560066223 2.0529580116272 2.18440461158752 2.04859399795532 2.06685209274292 1.83720636367798 1.56960487365723 1.50772762298584 1.56563079357147 1.95347511768341 2.70750260353088 3.28119301795959 3.46189856529236
