slauniainen/Data/DEM/Vihti_dem1500b_cl_horizonAngle_186.asc
NCOLS 196 
NROWS 178 
XLLCORNER 353680 
YLLCORNER 6699024 
CELLSIZE 16 
NODATA_value -3.4e+38 
[rows 40 to 59 of 178, columns 90 to 134 of 196]
0.752001643180847 3.4491982460022 3.52586245536804 3.18292760848999 3.63661503791809 2.82090544700623 2.79278206825256 2.90914249420166 2.60640001296997 2.5096333026886 3.31694030761719 3.79756498336792 3.64753293991089 3.48765182495117 3.0982813835144 2.73829102516174 2.64024639129639 2.7894172668457 2.95374369621277 3.05687022209167 3.00029826164246 2.8084409236908 2.70653891563416 2.58290839195251 2.91915535926819 3.2381739616394 3.97214388847351 4.38865804672241 4.4544243812561 4.59925317764282 4.41605806350708 4.07866907119751 4.25439310073853 3.44922947883606 3.29168963432312 3.94572997093201 4.2487006187439 4.96666193008423 5.7299485206604 6.2945818901062 7.07197618484497 6.36097192764282 5.58547878265381 5.03489351272583 4.8610954284668
0.281783998012543 1.20073199272156 3.16098356246948 3.69264769554138 4.37099075317383 3.06899833679199 2.86853051185608 3.0938196182251 2.74280071258545 2.60335159301758 3.40784311294556 3.90150666236877 3.73957514762878 3.59094142913818 3.18387937545776 2.77377414703369 2.71860790252686 2.89291572570801 3.02385520935059 3.10469079017639 3.04906010627747 2.85010075569153 2.75007176399231 2.64957094192505 2.99314951896667 3.30401682853699 4.05789995193481 4.54915475845337 4.68737077713013 4.63690710067749 4.39489698410034 4.23444938659668 3.55693459510803 3.31160354614258 3.43882966041565 4.27672672271729 4.18161725997925 4.88687038421631 6.01591396331787 7.20737981796265 6.95074796676636 7.00309133529663 5.70570230484009 4.82545804977417 4.75226640701294
-0.0522372722625732 1.20582389831543 0.715657293796539 3.54747247695923 5.96154308319092 3.37163019180298 3.28438949584961 2.92720603942871 2.8234281539917 2.71983742713928 3.5104558467865 4.01709699630737 3.83382558822632 3.68061494827271 3.27002859115601 2.83741426467896 2.96102666854858 3.0776162147522 3.17105770111084 3.09022498130798 2.93912053108215 2.87418842315674 2.778968334198 2.70126295089722 3.06317377090454 3.37986516952515 4.16973304748535 4.69197177886963 4.81022644042969 4.50970888137817 4.09930562973022 3.83735513687134 3.53785800933838 3.24337911605835 3.50101399421692 4.21961355209351 4.61128282546997 5.47258329391479 5.49494409561157 8.1243953704834 8.26474094390869 7.30265140533447 5.57387542724609 4.70516204833984 4.73079538345337
-0.109930090606213 1.92476737499237 0.75006902217865 2.80300235748291 2.39646244049072 3.60633730888367 3.44674825668335 2.80631041526794 2.67697691917419 2.80189180374146 3.59912371635437 4.15237331390381 3.95741724967957 3.78716325759888 3.34690070152283 2.89308071136475 3.00140595436096 3.12902641296387 3.22557830810547 3.12626719474792 2.91015958786011 2.87143659591675 2.81007504463196 2.75177812576294 3.12782001495361 3.48472476005554 4.32732152938843 4.80858373641968 4.90897083282471 4.58437204360962 4.13860034942627 3.72399139404297 3.48628234863281 3.25987339019775 3.58617234230042 3.48921275138855 3.64851498603821 4.18904256820679 4.62956380844116 7.49535942077637 7.393874168396 5.70750379562378 4.76807546615601 4.8553729057312 4.86828422546387
-0.0612253099679947 3.21813869476318 1.50356674194336 0.29863366484642 0.716545104980469 2.71089220046997 3.68583202362061 2.87377572059631 2.74961113929749 3.08076238632202 3.68211317062378 4.27600574493408 4.08493423461914 3.87172341346741 3.39703130722046 3.03194284439087 3.35437512397766 3.32768273353577 3.33241581916809 3.15922522544861 2.91899585723877 2.79860067367554 2.719722032547 2.82873773574829 3.19396018981934 3.57528495788574 4.41201162338257 4.93703508377075 5.06175851821899 4.6998462677002 4.21164417266846 3.56748962402344 3.36012196540833 3.22808194160461 3.37255907058716 2.74769854545593 2.68160796165466 3.15029764175415 3.45491480827332 3.53490877151489 4.94020938873291 4.18046903610229 4.97844362258911 5.08305025100708 4.88805675506592
-0.0392151400446892 -0.265692204236984 0.449755311012268 0.972739458084106 1.75568318367004 3.14773225784302 4.54926681518555 3.27163815498352 2.89244771003723 3.53496074676514 4.05077314376831 4.39337682723999 4.18516826629639 3.96858167648315 3.42867064476013 2.91987800598145 3.41932129859924 3.60447335243225 3.62965798377991 3.21549677848816 2.99206590652466 2.80544567108154 2.82727289199829 3.52071833610535 3.57251071929932 3.58483910560608 4.51785945892334 5.08734226226807 5.2320613861084 4.83723545074463 4.30316019058228 3.5834686756134 3.32135057449341 3.11442804336548 3.5211763381958 2.71978950500488 2.65861988067627 3.15906405448914 3.46539354324341 3.57319712638855 5.56377553939819 6.06995010375977 4.5073037147522 4.64354276657104 4.9281005859375
-0.00959610193967819 -0.263334006071091 0.67776221036911 1.71975529193878 2.88818287849426 0.416839092969894 1.54002797603607 3.04037475585938 2.79564332962036 3.72896552085876 4.42932748794556 4.20363759994507 4.27509021759033 4.0662055015564 3.48197340965271 2.91957116127014 3.00676369667053 3.39984250068665 3.61314034461975 3.2106761932373 3.04877495765686 2.92743039131165 3.42182588577271 2.83074831962585 3.20285391807556 3.63061141967773 4.64141130447388 5.24706315994263 5.40970802307129 4.99054861068726 4.42902231216431 3.65571737289429 3.34606647491455 3.04568028450012 4.19725608825684 2.73505806922913 2.66475367546082 3.1732976436615 3.48754930496216 3.62136507034302 3.66673278808594 4.29363870620728 4.53113269805908 4.6602029800415 4.78822755813599
-0.0045025423169136 -0.222601100802422 1.82307231426239 2.54023027420044 2.18541979789734 0.90398246049881 0.448184460401535 0.833663523197174 2.54685831069946 3.85557198524475 4.58198738098145 4.35602188110352 4.15590000152588 3.8741991519928 3.55051112174988 2.94744062423706 3.01083040237427 3.13725304603577 3.25768876075745 3.18746852874756 3.5724835395813 3.40576386451721 2.57641363143921 3.01540040969849 3.4341242313385 3.75017976760864 4.7690954208374 5.41475629806519 5.60878372192383 5.19162940979004 4.60683536529541 3.81334376335144 3.28654432296753 3.05935621261597 4.96194362640381 3.2607045173645 2.72521901130676 3.22674703598022 3.55078840255737 3.67930841445923 3.71911382675171 4.13985586166382 4.59392786026001 4.72630548477173 4.84932374954224
0.0223761517554522 0.0270338859409094 0.505803346633911 -0.045120220631361 0.597756445407867 0.5312460064888 1.2187362909317 1.33403635025024 2.75557446479797 4.01025915145874 4.82166004180908 4.51501178741455 4.27626609802246 3.65753865242004 3.47282195091248 2.97778749465942 3.02532315254211 3.14457702636719 3.27359342575073 3.63714098930359 3.20928716659546 2.84715437889099 2.79809355735779 3.33067464828491 3.80904650688171 4.58379888534546 5.15748167037964 5.61826515197754 5.83973121643066 5.41585874557495 4.81562280654907 3.97627925872803 3.40003252029419 3.06486105918884 2.81225752830505 3.73789119720459 2.84772706031799 3.33180832862854 3.6526825428009 3.79187965393066 3.9042284488678 4.25765371322632 4.68310260772705 4.79972982406616 4.92510318756104
0.0559223182499409 -0.209074884653091 -0.423325687646866 -0.596857130527496 -0.141562208533287 0.708500385284424 2.00959396362305 1.8575291633606 2.92954301834106 4.31487321853638 5.11115121841431 4.74523067474365 4.45822238922119 3.74695944786072 3.10462379455566 2.8313307762146 3.04088115692139 3.17055630683899 3.29618263244629 3.18759298324585 2.92083382606506 2.82315897941589 2.79958081245422 3.40217113494873 3.91501474380493 5.10743474960327 5.83081150054932 5.96060276031494 6.07508707046509 5.63679981231689 5.01832342147827 4.1269097328186 3.51928353309631 3.1424400806427 2.82052755355835 2.79136943817139 2.93249440193176 3.47116494178772 3.79485964775085 3.9499568939209 4.02306604385376 4.38569307327271 4.78504800796509 4.88343143463135 5.01347160339355
0.119395069777966 -0.13963982462883 -0.440200090408325 -0.638169169425964 -0.691236257553101 0.675870537757874 2.12612199783325 1.47911763191223 3.04099369049072 4.62296581268311 5.51521635055542 5.04957151412964 4.71089601516724 3.8905611038208 3.09518027305603 2.82816076278687 3.1110622882843 3.20194602012634 3.33296942710876 3.24634408950806 2.96886086463928 2.85059332847595 2.8333728313446 3.47821140289307 4.03733587265015 5.30723810195923 6.08984422683716 6.31902027130127 6.09560966491699 5.6472749710083 5.05195283889771 4.27501916885376 3.64257884025574 3.24275588989258 2.90708231925964 2.82946372032166 3.05074238777161 3.64244055747986 3.99213576316833 4.28524875640869 4.38519334793091 4.6367359161377 4.94134283065796 5.00072526931763 5.11375761032104
0.164345443248749 -0.0585694052278996 -0.419390648603439 -0.692646503448486 -0.680207073688507 0.184423580765724 0.937185704708099 1.51634407043457 3.32400345802307 5.01364803314209 6.00578784942627 5.51659202575684 5.02355623245239 4.1014347076416 3.22118830680847 2.91813278198242 3.13501143455505 3.28336834907532 3.410893201828 3.3236882686615 3.02503108978271 2.89732909202576 2.94821262359619 3.64073061943054 4.2514705657959 5.62264585494995 6.45624399185181 6.66972017288208 6.22520017623901 5.54590940475464 4.87880897521973 4.32615804672241 3.76670360565186 3.3688805103302 3.03060436248779 2.90411257743835 3.24563217163086 3.8101761341095 4.19411897659302 4.78874254226685 5.0595703125 5.17490005493164 5.19353675842285 5.15935802459717 5.24392557144165
0.218555077910423 0.0225007459521294 -0.357175529003143 -0.67318469285965 -0.566163301467896 0.733365178108215 1.21353399753571 1.6836758852005 3.69968962669373 5.57129144668579 6.6180853843689 6.07967901229858 5.52916574478149 4.37010145187378 3.37996602058411 3.23222517967224 3.388188123703 3.50382947921753 3.39989924430847 3.18374514579773 3.09035348892212 2.95069265365601 3.14168524742126 3.84146785736084 4.51474380493164 6.01034927368164 6.90088510513306 7.08771228790283 6.58206224441528 5.83123445510864 4.79818725585938 4.33981132507324 3.87336444854736 3.45135116577148 3.16030097007751 3.00706791877747 3.33920454978943 3.93727374076843 4.41231250762939 5.04360008239746 5.35931634902954 5.465660572052 5.45878744125366 5.39540481567383 5.45788526535034
0.287864804267883 0.0862116664648056 -0.259218662977219 -0.622938573360443 -0.774679660797119 0.787129759788513 1.35586726665497 2.03643727302551 4.18378019332886 6.36296939849854 7.45503711700439 6.77664375305176 6.09916114807129 4.75413513183594 3.61952042579651 3.33892297744751 3.48841524124146 3.62697100639343 3.49230265617371 3.53832793235779 3.43482494354248 3.57123160362244 3.73789119720459 4.07770490646362 4.74329280853271 6.40715265274048 7.39745330810547 7.57995128631592 6.99493217468262 6.15781402587891 4.90856647491455 4.2597017288208 3.94671845436096 3.48271322250366 3.21538829803467 3.17984223365784 3.73187923431396 4.13288307189941 4.67339134216309 5.29190444946289 5.62990379333496 5.7437915802002 5.74389553070068 5.76468801498413 5.67801761627197
0.365943491458893 0.159756124019623 -0.196743011474609 -0.544457614421844 -0.735637009143829 -0.879313230514526 1.30024480819702 3.0345344543457 6.20518827438354 7.54902744293213 8.56087112426758 7.78759288787842 6.79500722885132 5.237473487854 3.9000940322876 3.4314136505127 3.58022999763489 3.75954985618591 3.94152426719666 3.55283403396606 3.53548359870911 2.63018488883972 3.0438187122345 4.40586519241333 4.98371410369873 6.85803270339966 7.96297264099121 8.17949962615967 7.54810619354248 6.63953256607056 5.22482872009277 4.35373497009277 3.89848327636719 3.5262713432312 3.31616830825806 3.29204654693604 4.13480854034424 4.72661828994751 5.08275508880615 5.55063915252686 5.9176197052002 6.06485748291016 6.07971525192261 6.08077716827393 5.99805974960327
0.446447223424911 0.260853171348572 -0.107413321733475 -0.477743417024612 -0.669820427894592 -0.762074410915375 0.805635988712311 5.06830406188965 8.458176612854 10.1314582824707 9.59014225006104 8.79012966156006 7.86264419555664 5.79803371429443 4.20730495452881 3.54121828079224 3.69386649131775 3.80264925956726 3.55646634101868 3.13178014755249 2.99571657180786 2.65381479263306 3.18142151832581 3.88244366645813 5.14521789550781 7.38657379150391 8.69890117645264 8.98314380645752 8.29759788513184 7.27491998672485 5.62021636962891 4.62680530548096 4.14820098876953 3.68421602249146 3.40294122695923 3.40754866600037 4.28733491897583 4.91351461410522 5.23499250411987 5.78247833251953 6.21143960952759 6.37635183334351 6.41489744186401 6.39604330062866 6.35735702514648
0.492814689874649 0.33384844660759 -0.00696012564003468 -0.406967610120773 -0.62069171667099 -0.611633837223053 1.25268244743347 6.49664354324341 9.93672657012939 11.8894472122192 10.6749868392944 9.14665412902832 8.55296516418457 6.4996657371521 4.60256481170654 3.63536620140076 3.80627512931824 3.86224913597107 3.57978439331055 3.19532155990601 3.03253936767578 3.06338858604431 3.72934222221375 4.08527851104736 5.64493751525879 8.12813377380371 9.65095710754395 10.0301389694214 9.298583984375 8.14785671234131 6.18274354934692 4.99762964248657 4.46646595001221 3.88721704483032 3.53050899505615 3.52129745483398 4.42676544189453 5.10956287384033 5.43100547790527 6.02957773208618 6.51463460922241 6.71404933929443 6.75017595291138 6.69177055358887 6.70508718490601
0.514424562454224 0.404278725385666 0.072996199131012 -0.337560832500458 -0.564631581306458 -0.805232346057892 3.80948805809021 8.29972839355469 12.3513145446777 14.2534198760986 14.2514305114746 10.3753538131714 7.9479079246521 7.17859268188477 5.1081714630127 3.74614000320435 3.90669250488281 3.95401668548584 3.69869136810303 3.24773597717285 3.08240151405334 3.20514750480652 4.34346437454224 5.46327352523804 7.24061870574951 9.0512113571167 10.8784608840942 11.3954849243164 10.568546295166 9.27298164367676 6.90315771102905 5.51717948913574 4.8903112411499 4.17907094955444 3.72573494911194 3.60065579414368 4.56841468811035 5.27842473983765 5.66232633590698 6.32615852355957 6.83388757705688 7.04125308990479 7.10364723205566 7.01907587051392 7.09262323379517
0.479384183883667 0.404279142618179 0.123421497642994 -0.275961220264435 -0.495116889476776 -0.741175055503845 -1.0278514623642 10.3695907592773 11.521710395813 12.5570583343506 10.7136373519897 12.2786493301392 8.45430469512939 6.50722932815552 5.4526515007019 4.75442552566528 4.01271867752075 4.07696151733398 3.81550335884094 3.36139416694641 3.14610767364502 3.79238224029541 5.08814239501953 6.60397624969482 9.70789051055908 12.2820949554443 12.825493812561 13.0015726089478 12.2531757354736 10.8166265487671 7.8912181854248 6.19380331039429 5.53323316574097 4.5631308555603 3.93511438369751 3.7683265209198 4.73701810836792 5.47942924499512 5.91072607040405 6.67644643783569 7.28791618347168 7.42611217498779 7.48876953125 7.57519769668579 7.53085374832153
0.501467287540436 0.362266927957535 0.123008109629154 -0.207629591226578 -0.420497596263885 -0.668643116950989 -0.932538866996765 -1.45261359214783 5.40489482879639 8.15290927886963 8.61897850036621 11.1977052688599 10.3763446807861 6.43108606338501 4.80930280685425 3.80223774909973 4.03174018859863 4.12276983261108 3.86786031723022 3.40266871452332 3.19757008552551 4.16656827926636 5.6527214050293 7.42102336883545 10.4618587493896 13.6334247589111 15.2092266082764 14.3560485839844 12.7736549377441 11.559422492981 9.08044910430908 7.1582350730896 6.27367448806763 5.22361516952515 4.27729320526123 4.09758186340332 4.94554328918457 5.74274444580078 6.99741983413696 7.43335962295532 7.86057662963867 7.86541271209717 7.93260192871094 8.14229202270508 7.8347053527832
