slauniainen/Data/DEM/Vihti_aspect_cl.asc
NCOLS 196 
NROWS 178 
XLLCORNER 353680 
YLLCORNER 6699024 
CELLSIZE 16 
NODATA_value -3.4e+38 
[rows 0 to 19 of 178, columns 92 to 137 of 196]
265.08349609375 186.993072509766 92.0225524902344 93.6567153930664 92.8479995727539 93.6345901489258 99.654655456543 103.185119628906 103.429779052734 104.987525939941 108.419273376465 116.93586730957 115.328552246094 107.951171875 113.199150085449 138.793350219727 161.471282958984 165.136596679688 178.858032226562 172.408935546875 145.946960449219 136.670684814453 132.846160888672 123.392181396484 96.4888229370117 87.1833267211914 116.185882568359 125.749221801758 126.049621582031 154.120056152344 199.211639404297 277.573913574219 300.678314208984 307.844909667969 312.406372070312 316.143188476562 24.8737640380859 98.276985168457 113.866523742676 100.526924133301 102.682189941406 110.253601074219 315.161041259766 323.207397460938 327.746337890625 309.270629882812
240.08561706543 182.469573974609 122.471580505371 114.009231567383 103.16674041748 99.2857437133789 100.018577575684 99.1402816772461 98.8980712890625 104.052223205566 110.675971984863 118.690521240234 123.46842956543 115.435729980469 114.69384765625 134.519470214844 161.454284667969 171.508850097656 181.024841308594 170.475082397461 153.370559692383 150.207672119141 152.322937011719 154.582275390625 137.263702392578 111.642181396484 106.530853271484 104.385055541992 119.893821716309 69.7751388549805 316.610717773438 314.373474121094 309.667999267578 309.819885253906 311.393859863281 321.297546386719 107.975639343262 107.680404663086 99.6364288330078 98.8236770629883 62.8056221008301 352.921905517578 337.322021484375 336.472778320312 325.916809082031 313.494384765625
219.485198974609 182.008483886719 146.269592285156 128.667037963867 116.513328552246 110.844314575195 103.620697021484 96.9220199584961 99.5038223266602 105.105751037598 111.158721923828 115.403686523438 119.457748413086 119.784172058105 117.749542236328 119.420356750488 145.285705566406 166.091583251953 171.753967285156 164.323974609375 151.478973388672 153.565582275391 163.701446533203 171.42643737793 168.509887695312 150.848083496094 133.693267822266 117.165626525879 111.786506652832 313.259460449219 306.877502441406 309.130981445312 312.244445800781 318.347015380859 328.363739013672 116.142761230469 101.230667114258 88.4502716064453 90.2184829711914 107.303817749023 315.880432128906 326.861297607422 336.111145019531 343.177917480469 339.960083007812 328.588928222656
200.480728149414 185.753036499023 161.705383300781 143.136749267578 131.550491333008 129.230010986328 131.668869018555 119.402328491211 111.000648498535 109.993301391602 113.597984313965 120.954025268555 119.657875061035 117.88883972168 114.754127502441 106.510696411133 111.402786254883 138.225006103516 150.235366821289 154.942001342773 153.294189453125 155.532562255859 160.063568115234 163.520126342773 174.346313476562 165.656219482422 150.500717163086 148.349624633789 246.003555297852 287.911682128906 297.950805664062 294.420959472656 307.547729492188 11.013313293457 116.253684997559 107.817749023438 32.5973358154297 49.9372520446777 82.1495590209961 315.973754882812 299.181793212891 309.058959960938 321.243774414062 338.722381591797 349.158294677734 348.044586181641
184.156890869141 185.104644775391 165.768371582031 147.650360107422 137.391372680664 135.185470581055 142.563262939453 133.292556762695 119.567436218262 113.038276672363 111.756912231445 117.596244812012 118.550750732422 119.664047241211 115.691757202148 113.276786804199 118.512351989746 126.704940795898 123.671997070312 132.573394775391 148.183837890625 135.763473510742 128.126724243164 145.548370361328 195.135833740234 149.918502807617 106.926200866699 153.434951782227 273.93310546875 273.018859863281 273.835723876953 273.480651855469 280.387969970703 67.2754974365234 40.6145324707031 24.5406188964844 18.8456649780273 89.1905517578125 72.4790649414062 311.828857421875 309.008483886719 310.166687011719 319.631469726562 336.7109375 351.913238525391 359.221893310547
162.983276367188 175.417984008789 164.95556640625 150.155242919922 137.10173034668 130.865905761719 133.812362670898 127.608375549316 118.229354858398 110.27205657959 103.305160522461 97.354133605957 96.6882858276367 101.61393737793 110.202827453613 114.380393981934 121.979461669922 128.140975952148 113.193969726562 116.94164276123 135.941009521484 115.705627441406 101.820838928223 98.2356185913086 291.933898925781 36.5288543701172 64.0797271728516 347.747833251953 299.68994140625 257.008392333984 241.42057800293 248.909790039062 241.792846679688 123.126449584961 25.9005661010742 25.7303009033203 21.1411895751953 66.3333587646484 40.3881034851074 281.122253417969 295.287780761719 296.534881591797 307.070556640625 329.312469482422 353.5478515625 29.274471282959
147.854644775391 159.596984863281 160.231506347656 153.891372680664 142.327178955078 136.910736083984 139.617630004883 133.066070556641 120.554977416992 107.951622009277 99.2020492553711 91.2954483032227 85.0439376831055 83.6410598754883 94.1809616088867 105.558906555176 120.947319030762 131.344146728516 113.978401184082 103.730537414551 76.0334243774414 72.5918807983398 81.5535659790039 0.804100036621094 333.685394287109 20.121467590332 11.2280349731445 359.948455810547 313.602813720703 182.628952026367 201.404052734375 225.94953918457 239.971069335938 246.808517456055 68.1351623535156 3.52265167236328 20.7344207763672 47.9697380065918 53.2926635742188 263.708557128906 268.923828125 268.298583984375 263.644592285156 222.017105102539 166.900299072266 149.341491699219
140.782363891602 146.738540649414 150.958374023438 151.10041809082 145.088455200195 138.497680664062 135.599349975586 129.093048095703 121.873474121094 113.50422668457 106.792953491211 103.347511291504 95.2009887695312 92.0856857299805 99.7175674438477 106.745986938477 117.641143798828 123.706344604492 121.652252197266 102.883651733398 111.265953063965 135.089385986328 139.985900878906 218.802001953125 227.073303222656 314.428009033203 4.9127197265625 124.220191955566 161.543075561523 161.993392944336 158.018280029297 202.691024780273 237.991195678711 233.155029296875 217.565734863281 322.496429443359 90.2708969116211 78.0190200805664 61.6652069091797 348.959381103516 246.722229003906 240.548721313477 220.654037475586 185.211791992188 169.058135986328 162.02311706543
130.255233764648 131.095565795898 133.134735107422 135.345489501953 134.010650634766 128.152450561523 123.26985168457 120.417793273926 121.15168762207 122.964920043945 120.986938476562 119.691162109375 110.885681152344 100.862007141113 102.281890869141 103.374588012695 88.6822052001953 97.3544311523438 105.232055664062 63.14453125 83.8797454833984 103.303001403809 145.899887084961 275.039978027344 321.124206542969 227.792709350586 155.829559326172 113.812591552734 134.589202880859 149.783813476562 110.671607971191 153.77033996582 230.152694702148 226.432266235352 217.342468261719 202.718383789062 193.146881103516 41.6499977111816 37.5849533081055 25.978889465332 242.488143920898 227.946640014648 206.739593505859 183.665496826172 171.1591796875 163.906066894531
114.996154785156 113.342948913574 111.913604736328 112.189163208008 112.871444702148 114.528503417969 116.712509155273 114.512786865234 112.148895263672 114.654876708984 118.866897583008 122.906555175781 120.248832702637 103.642776489258 92.4909057617188 76.3870620727539 60.2598876953125 58.5868759155273 52.3336601257324 41.5909729003906 68.4811630249023 36.3355903625488 349.430511474609 353.849182128906 104.152938842773 165.390808105469 169.062896728516 121.711502075195 58.9760437011719 46.2437744140625 32.2910575866699 2.51545715332031 308.125 228.406814575195 214.870147705078 220.178649902344 245.064010620117 329.402191162109 15.5926132202148 28.0862083435059 6.51302337646484 236.165634155273 208.441223144531 187.762725830078 177.639663696289 165.567840576172
104.003555297852 101.09358215332 98.576171875 98.8808746337891 103.609252929688 108.555122375488 108.495040893555 104.010429382324 99.0405426025391 97.5376052856445 100.102920532227 106.333000183105 110.167358398438 97.5969848632812 76.5447616577148 31.2795791625977 22.475341796875 34.0162582397461 39.2450408935547 337.344055175781 352.845458984375 19.0952529907227 37.6034202575684 128.811386108398 141.428802490234 165.333953857422 159.823822021484 186.641235351562 304.649475097656 43.8157424926758 12.2065505981445 352.550628662109 61.947395324707 239.494262695312 246.402648925781 243.732727050781 250.076782226562 273.978515625 52.1585464477539 70.0227661132812 69.7876358032227 149.45198059082 201.585693359375 188.876434326172 192.382171630859 196.642440795898
98.5263519287109 91.8536148071289 87.2739791870117 83.6038131713867 85.3022689819336 88.8077163696289 89.2372131347656 87.1948165893555 85.2128295898438 81.799690246582 77.4032745361328 78.5544815063477 86.3559646606445 83.3473968505859 58.4611701965332 10.5481796264648 13.0151519775391 30.5989685058594 8.32253265380859 335.822845458984 356.695251464844 34.8537673950195 65.7672882080078 130.877731323242 122.516998291016 171.479339599609 62.0674057006836 302.441650390625 286.362243652344 24.644775390625 19.3628616333008 346.208099365234 350.839965820312 348.063995361328 317.814697265625 277.516632080078 251.214767456055 239.393859863281 141.021545410156 122.844650268555 74.5999145507812 27.7760810852051 9.793212890625 8.23680877685547 248.128555297852 258.679595947266
98.2656555175781 87.3464050292969 72.4129867553711 62.3337020874023 60.8009948730469 60.4622421264648 61.1450042724609 64.023078918457 67.1077651977539 64.5347747802734 58.6458129882812 56.5212707519531 56.4182929992676 45.8310089111328 25.9540100097656 12.6494140625 16.172248840332 4.89110565185547 346.873443603516 336.039794921875 3.95259094238281 56.570930480957 72.5319137573242 84.1834411621094 87.3471374511719 181.555389404297 284.609802246094 335.76904296875 291.711608886719 181.526458740234 111.100082397461 295.702728271484 304.21875 328.192504882812 322.100616455078 310.421997070312 247.311599731445 231.036773681641 212.427658081055 290.462097167969 18.0990829467773 359.953979492188 2.76008605957031 25.344596862793 8.39905548095703 267.700347900391
99.5482864379883 81.0077896118164 59.252010345459 53.7814636230469 51.4503059387207 48.5536155700684 46.8196868896484 47.4847259521484 48.9896354675293 47.7531929016113 46.7857208251953 49.3260955810547 47.9284820556641 35.2682876586914 20.7409210205078 28.3890647888184 8.02896881103516 328.981994628906 332.932037353516 336.372253417969 21.4906463623047 66.7961578369141 69.1824951171875 48.4903869628906 87.3569717407227 15.1442947387695 281.005554199219 303.003784179688 103.425674438477 175.02278137207 178.848266601562 233.339874267578 259.115295410156 260.119934082031 220.171966552734 198.400817871094 233.970123291016 233.837219238281 237.069839477539 255.227844238281 37.5317459106445 327.570281982422 322.218383789062 48.4655647277832 36.7150001525879 28.3119163513184
96.8060455322266 74.0696792602539 62.5951232910156 59.4657592773438 52.1671142578125 47.2090797424316 44.4565505981445 42.8126907348633 43.2353973388672 44.1665802001953 45.5473556518555 49.0608406066895 48.6610984802246 41.1071929931641 32.5665512084961 31.1854934692383 351.162292480469 321.098205566406 325.082977294922 30.6416664123535 347.383636474609 41.9109535217285 44.9153861999512 38.9759521484375 44.1845741271973 11.0024261474609 304.469055175781 201.537109375 119.788543701172 43.5020751953125 101.03865814209 280.499664306641 271.068084716797 251.219589233398 231.872589111328 241.366470336914 243.269180297852 232.849975585938 259.692749023438 268.944793701172 62.0013122558594 326.316314697266 249.597396850586 111.162017822266 21.0641784667969 39.1645240783691
99.7681503295898 90.9320526123047 82.4376220703125 69.2474136352539 55.8743209838867 48.3630638122559 45.4289321899414 44.6206970214844 46.1567573547363 47.9340476989746 48.0516738891602 47.726318359375 46.4181251525879 43.9813995361328 40.7050170898438 25.1721038818359 343.636291503906 319.751586914062 55.4419021606445 105.048057556152 275.071655273438 337.987457275391 31.268928527832 45.0995407104492 46.3668212890625 32.4360237121582 40.6900405883789 112.857559204102 212.575012207031 135.298522949219 125.92308807373 272.950653076172 274.784912109375 265.19677734375 283.41015625 9.51422119140625 213.555023193359 245.618576049805 270.746887207031 281.773773193359 50.0418815612793 326.218627929688 31.361988067627 9.55728149414062 356.479797363281 83.5780029296875
109.084075927734 108.731315612793 100.846893310547 82.7922286987305 64.109016418457 53.3876304626465 50.4190826416016 50.3415794372559 51.4018821716309 50.6314086914062 47.64892578125 45.1742362976074 44.2839050292969 44.2208976745605 43.6790161132812 33.7608451843262 10.3526611328125 64.8128356933594 128.910354614258 125.916442871094 250.030487060547 245.880264282227 118.250587463379 70.9612503051758 57.298210144043 36.0651397705078 25.2465744018555 21.1922988891602 17.4712371826172 45.5052909851074 28.4703941345215 282.607574462891 273.150909423828 260.215148925781 250.358810424805 163.420867919922 156.096618652344 280.188598632812 274.811462402344 271.112152099609 95.8416061401367 167.519195556641 182.579772949219 272.373413085938 79.6256408691406 41.5805053710938
112.262725830078 110.018569946289 106.462097167969 94.3225936889648 79.6669769287109 71.9802551269531 66.8061065673828 62.4485702514648 59.0072822570801 53.4377517700195 47.6442337036133 45.1957244873047 45.3559074401855 46.524974822998 46.9115715026855 43.2394676208496 39.8999366760254 50.8923721313477 51.1129875183105 29.539192199707 215.42936706543 206.677642822266 179.895050048828 120.781784057617 73.6476058959961 44.596923828125 24.3709487915039 22.5667114257812 27.4439010620117 27.584228515625 8.48759460449219 326.177581787109 293.666076660156 262.231872558594 234.836929321289 181.642074584961 227.273391723633 283.801086425781 279.908752441406 247.928482055664 176.256958007812 234.1259765625 3.21482849121094 225.259658813477 40.6979904174805 342.846069335938
116.681495666504 113.243003845215 112.664344787598 109.058059692383 100.826538085938 95.7837905883789 90.9514694213867 83.1452331542969 74.2067108154297 64.6557312011719 57.7497749328613 56.185489654541 56.8923149108887 55.1701774597168 50.3619194030762 46.7246513366699 40.4361190795898 31.6163330078125 22.8287048339844 20.4629211425781 36.3692054748535 61.6144523620605 85.4090270996094 68.1827392578125 54.6241493225098 46.4467544555664 32.3529281616211 35.0306129455566 42.8347320556641 27.8789863586426 8.80997467041016 8.13091278076172 9.29868316650391 316.592529296875 223.935150146484 257.497619628906 309.661682128906 298.435119628906 289.560974121094 211.848754882812 213.601684570312 242.95637512207 327.391662597656 54.0362129211426 243.269958496094 237.43212890625
119.619529724121 123.674896240234 123.673133850098 123.106422424316 114.65950012207 105.006950378418 99.3550033569336 95.700553894043 92.4827728271484 90.2575836181641 89.4702911376953 89.8691940307617 86.2478485107422 71.0390319824219 55.323558807373 50.9261474609375 44.9596099853516 34.5018997192383 27.9046859741211 32.4821472167969 35.3414840698242 14.3126449584961 11.1427993774414 16.6528625488281 34.663013458252 45.503246307373 40.7813758850098 46.6661109924316 51.9350814819336 31.3922462463379 4.51995849609375 16.5859069824219 32.0713005065918 45.3120231628418 123.133819580078 274.818481445312 294.860168457031 303.436645507812 317.698974609375 133.102615356445 226.764343261719 239.350158691406 225.307769775391 111.587600708008 316.108337402344 327.652801513672
