slauniainen/Data/DEM/Vihti_dem1500b_cl_horizonAngle_108.asc
NCOLS 196 
NROWS 178 
XLLCORNER 353680 
YLLCORNER 6699024 
CELLSIZE 16 
NODATA_value -3.4e+38 
[rows 0 to 19 of 178, columns 135 to 179 of 196]
3.78324604034424 4.33359336853027 5.07126712799072 5.26875591278076 6.47366523742676 7.85173940658569 6.14045286178589 3.78789734840393 2.77555227279663 1.6206191778183 1.58657729625702 2.03889632225037 2.93581676483154 3.8649365901947 3.99159216880798 3.42048835754395 2.55539917945862 1.4439115524292 0.642405211925507 1.36424684524536 1.92669188976288 2.34847497940063 2.60633707046509 2.69828796386719 2.8059995174408 2.89941024780273 3.12128305435181 2.83996176719666 2.89659953117371 2.94729614257812 3.15215539932251 3.2791805267334 3.36698937416077 3.54786276817322 3.78036832809448 3.87650179862976 3.9531192779541 3.98888850212097 4.16015481948853 4.00436115264893 4.03609800338745 4.08587694168091 4.0479941368103 4.02885866165161 4.28522348403931
3.88886618614197 4.4893856048584 5.40578079223633 6.65951108932495 8.04587745666504 8.18556785583496 5.87968111038208 3.03731203079224 1.83572638034821 0.829277813434601 0.525521159172058 1.24883353710175 2.12783122062683 2.53385233879089 2.26822662353516 1.54453253746033 0.570724427700043 0.251183867454529 0.666114568710327 1.31453800201416 1.88120293617249 2.25709319114685 2.43894600868225 2.65517687797546 2.76556372642517 2.81068229675293 2.83988070487976 3.01101875305176 2.94772124290466 2.96108508110046 2.99099731445312 3.07928204536438 3.20490384101868 3.46386051177979 3.61752319335938 3.70435643196106 3.86844205856323 4.06018447875977 4.21465444564819 4.02106475830078 4.04104614257812 4.09471035003662 4.17935752868652 4.30980491638184 4.60785531997681
3.46215200424194 4.34178447723389 5.37345743179321 6.5338397026062 6.7063889503479 7.34076261520386 4.9779691696167 1.33507394790649 0.137534067034721 -0.55596524477005 -0.494088888168335 -0.344986140727997 -0.210295975208282 0.245040893554688 0.578060269355774 0.634061574935913 0.394191324710846 0.25112396478653 0.65841543674469 1.23702609539032 1.7230087518692 2.09392976760864 2.33299541473389 2.50214290618896 2.62775540351868 2.68053960800171 2.83633136749268 2.91046547889709 2.92917060852051 2.93579125404358 3.02538156509399 3.12442445755005 3.1839485168457 3.23617506027222 3.34584188461304 3.48760318756104 3.72458624839783 3.82830119132996 3.85900545120239 5.15878963470459 5.68889236450195 4.02104520797729 4.17366647720337 4.4211950302124 4.79737710952759
5.84134721755981 5.15113687515259 5.0344090461731 5.60206890106201 5.4332447052002 5.27902221679688 4.97627449035645 1.73878729343414 0.0848991870880127 -0.57041472196579 -0.580751836299896 -0.466217547655106 -0.316318362951279 -0.160280525684357 -0.065601758658886 0.00774999288842082 0.100597746670246 0.24832709133625 0.622912645339966 1.09776389598846 1.52120673656464 1.86456167697906 2.21220064163208 2.37177610397339 2.50531530380249 2.56916999816895 2.7014422416687 2.82613754272461 2.96501994132996 3.10812950134277 3.32913041114807 3.48138952255249 3.36034917831421 3.30130696296692 3.38007521629333 3.44064950942993 3.47900700569153 3.52511715888977 3.6683886051178 3.90139532089233 3.97885823249817 4.00443983078003 4.2204155921936 4.58583211898804 4.85381269454956
5.46164083480835 2.806884765625 -0.214255422353745 1.27244627475739 1.38968455791473 2.50516366958618 5.20094060897827 3.1746973991394 0.995126783847809 -0.222922593355179 -0.564091742038727 -0.515571296215057 -0.367791742086411 -0.172613710165024 -0.0624869018793106 0.0114480219781399 0.0714360550045967 0.214273020625114 0.57241427898407 1.03454315662384 1.41601812839508 1.73097991943359 2.05215358734131 2.3144166469574 2.46872138977051 2.6569447517395 2.83307075500488 2.93436551094055 3.17297768592834 3.44387149810791 3.62185835838318 3.73464417457581 3.73450613021851 3.63512825965881 3.70616912841797 3.5890097618103 3.53763222694397 3.60801601409912 3.63800311088562 3.69444680213928 3.83053183555603 3.93159151077271 4.23703575134277 4.43494462966919 4.64851331710815
2.19177627563477 -0.469650685787201 -0.447926700115204 -0.404253840446472 -0.264637738466263 0.716012418270111 3.54394793510437 4.65258026123047 3.32104778289795 1.26340746879578 -0.488812416791916 -0.453982383012772 -0.309338092803955 -0.163287937641144 -0.0963203012943268 -0.0182354990392923 0.0753051415085793 0.198797702789307 0.524255931377411 0.981118977069855 1.45483362674713 1.87356281280518 2.2577953338623 2.50208187103271 2.62928652763367 2.78995108604431 2.91318202018738 3.04349684715271 3.29242134094238 3.63879609107971 3.80792164802551 3.91173386573792 3.94338226318359 3.90405678749084 3.97850871086121 3.99964332580566 3.90665912628174 3.96368360519409 3.79263520240784 3.81872272491455 4.04613018035889 4.13100433349609 4.16632795333862 4.26065731048584 4.55696964263916
0.439199894666672 -0.493735551834106 -0.445334404706955 -0.301238268613815 -0.150616645812988 -0.0908883213996887 1.3899439573288 2.63414478302002 3.32746028900146 2.42163491249084 -0.26438108086586 -0.276121199131012 -0.206335932016373 -0.144227728247643 -0.0885621309280396 0.0302866268903017 0.174627289175987 0.326203763484955 0.570314228534698 1.04038155078888 1.59984087944031 2.15448975563049 2.45864105224609 2.58039116859436 2.74127697944641 3.06830239295959 3.19916224479675 3.21964573860168 3.40256333351135 3.66961264610291 3.85122299194336 4.01284074783325 4.07552289962769 4.07002544403076 4.14441013336182 4.21412801742554 4.20207405090332 4.28947734832764 4.28277444839478 4.17447662353516 4.24566030502319 4.24586057662964 4.34571409225464 4.51787757873535 4.67352342605591
-0.335212826728821 -0.250485211610794 -0.190658167004585 -0.105965353548527 -0.0362521223723888 -0.0107580069452524 0.332244008779526 0.79270213842392 1.36792254447937 1.95497000217438 0.616045653820038 0.00168022653087974 1.21073031425476 1.45386242866516 -0.0636829063296318 0.0590474903583527 0.241282805800438 0.418626070022583 0.684722244739532 1.10936391353607 1.5922384262085 2.04254364967346 2.34459662437439 2.64756894111633 2.98131823539734 3.17164206504822 3.28142642974854 3.38832139968872 3.54499554634094 3.71077799797058 3.88154339790344 4.06998348236084 4.14109230041504 4.17268991470337 4.24691820144653 4.34257030487061 4.38541650772095 4.48524236679077 4.53242540359497 4.51134920120239 4.60307741165161 4.61484479904175 4.56657838821411 4.71225786209106 4.68349838256836
0.600829720497131 -0.0416601710021496 -0.0151478974148631 0.0109148770570755 0.240639805793762 0.0193860698491335 0.0949395447969437 0.229930251836777 0.358238756656647 0.775739133358002 0.46795317530632 0.537342548370361 1.15785992145538 2.34524178504944 0.396841317415237 0.0922254398465157 0.294410467147827 0.524647831916809 0.750507473945618 1.03426015377045 1.37560749053955 1.79467391967773 2.27402544021606 2.67979001998901 2.94440031051636 3.07366228103638 3.25150871276855 3.38523507118225 3.69117140769958 3.79760193824768 3.97869777679443 4.16682720184326 4.23650169372559 4.2401270866394 4.30025053024292 4.39535188674927 4.49801445007324 4.602210521698 4.68383264541626 4.70748376846313 4.80007886886597 4.86462068557739 4.90366888046265 5.07064962387085 5.13150501251221
0.0376655347645283 0.0720174759626389 0.0323701463639736 0.0499596744775772 0.0674146264791489 0.168882772326469 0.0783955156803131 0.22570925951004 0.0417187884449959 0.293955087661743 0.128994733095169 0.0517455004155636 0.46332260966301 1.09744989871979 0.0793884918093681 0.212345838546753 0.371738433837891 0.571224451065063 0.80885648727417 1.01661455631256 1.25352334976196 1.51618456840515 2.00947093963623 2.37421846389771 2.77794742584229 3.02386379241943 3.1372332572937 3.42149686813354 3.77875685691833 3.91113257408142 4.09985303878784 4.27041053771973 4.31711149215698 4.34780502319336 4.41177082061768 4.50569486618042 4.57439708709717 4.68245553970337 4.77307415008545 4.82963562011719 4.8978123664856 5.00709199905396 5.11578369140625 5.3079400062561 5.44216346740723
0.12592601776123 0.130777418613434 0.075112484395504 0.188280314207077 0.0693967565894127 0.0904563441872597 0.293108195066452 0.0370392501354218 0.26440840959549 0.0331795886158943 0.28301340341568 0.0653922855854034 0.0740247368812561 0.108249798417091 0.415104299783707 0.2663454413414 0.400794595479965 0.591340839862823 0.810226440429688 1.00622153282166 1.20942831039429 1.42845320701599 1.7425422668457 2.13570666313171 2.45449042320251 2.70014762878418 2.956707239151 3.52770042419434 3.96334147453308 4.08913278579712 4.15298748016357 4.26936769485474 4.38641309738159 4.46414566040039 4.54703044891357 4.62499618530273 4.70089197158813 4.81345129013062 4.92040824890137 4.9500150680542 5.02356481552124 5.12174510955811 5.26726484298706 5.46841335296631 5.65093231201172
0.087194912135601 0.0998736172914505 0.337147921323776 0.0403694361448288 0.289556562900543 0.0457281321287155 0.349209576845169 0.163514286279678 0.034793883562088 0.0447458252310753 0.0836783275008202 0.0834259837865829 0.123635962605476 0.145401552319527 0.209427431225777 0.288925319910049 0.391411304473877 0.536398947238922 0.74195259809494 0.949861466884613 1.15313971042633 1.36018681526184 1.59783518314362 1.88212203979492 2.1962411403656 2.49716067314148 2.81779527664185 3.59568428993225 3.92509174346924 4.05750131607056 4.20995283126831 4.29191112518311 4.39286947250366 4.49447011947632 4.5883936882019 4.72870111465454 4.83851099014282 4.95951271057129 5.05043888092041 5.13138580322266 5.24190807342529 5.33347129821777 5.40780448913574 5.58762311935425 5.7733678817749
0.0723672583699226 0.153760850429535 0.0898751616477966 0.138254642486572 0.193218097090721 0.273792892694473 0.0446443110704422 0.0552324168384075 0.0561708882451057 0.058210514485836 0.082369327545166 0.126589685678482 0.136896073818207 0.172096490859985 0.220773056149483 0.310324996709824 0.44937202334404 0.583977222442627 0.676860451698303 0.87745863199234 1.10805153846741 1.34656691551208 1.53402709960938 1.73826789855957 1.96685779094696 2.21674180030823 2.47536110877991 3.28093600273132 3.68103241920471 4.02801275253296 4.17607688903809 4.27840995788574 4.396888256073 4.54180431365967 4.64201974868774 4.75352811813354 4.86011838912964 4.97091197967529 5.15040588378906 5.27767372131348 5.40752077102661 5.48469400405884 5.59795665740967 5.75414419174194 5.88895750045776
0.0345012322068214 0.0498033240437508 0.089623361825943 0.132185369729996 0.165110379457474 0.365328192710876 0.0450575686991215 0.0483495108783245 0.0488411486148834 0.0503923110663891 0.0928789600729942 0.133618965744972 0.144067957997322 0.191213965415955 0.244054034352303 0.333167046308517 0.499699592590332 0.663698971271515 0.771411299705505 0.864166498184204 1.05607962608337 1.30620944499969 1.4749561548233 1.67042517662048 1.88814961910248 2.11851215362549 2.29919838905334 2.66940855979919 3.4328453540802 3.77081513404846 4.00072574615479 4.14175462722778 4.37133741378784 4.5062460899353 4.60871887207031 4.76101160049438 4.91678810119629 5.02835130691528 5.15404844284058 5.2729344367981 5.40084409713745 5.59477663040161 5.73605394363403 5.8898663520813 5.98424243927002
0.0687029808759689 0.0854456052184105 0.0445370338857174 0.19695071876049 0.156747072935104 0.314335823059082 0.0451734848320484 0.0529039762914181 0.0551573485136032 0.0629424676299095 0.12065813690424 0.14700648188591 0.160139963030815 0.200119838118553 0.313178569078445 0.383886307477951 0.463813304901123 0.617555558681488 0.758548378944397 0.912179529666901 1.07576179504395 1.26703631877899 1.45901560783386 1.67290234565735 1.84436523914337 2.05218100547791 2.24265646934509 2.40548253059387 2.75732660293579 3.5228488445282 3.7451639175415 3.89033675193787 4.0720100402832 4.30832099914551 4.44433498382568 4.72325229644775 4.8663158416748 4.98287916183472 5.17093658447266 5.34264659881592 5.48467397689819 5.62710571289062 5.72828578948975 5.8703875541687 6.10627555847168
0.209166780114174 0.0344566628336906 0.040489736944437 0.215894818305969 0.443639248609543 0.0430236682295799 0.0455003641545773 0.180630579590797 0.0453724563121796 0.06211032345891 0.10878699272871 0.145510762929916 0.161498442292213 0.253696769475937 0.398938328027725 0.519504845142365 0.585600137710571 0.65530389547348 0.760738134384155 0.890885055065155 1.07198596000671 1.26366198062897 1.47407257556915 1.61527717113495 1.78755116462708 2.00116586685181 2.19880175590515 2.37162733078003 2.53082704544067 2.82882523536682 3.15028691291809 3.34745121002197 3.79150438308716 4.01754379272461 4.1746187210083 4.39552783966064 4.65084171295166 4.79609394073486 5.12701797485352 5.27936744689941 5.41766881942749 5.65609264373779 5.83671569824219 5.98769903182983 6.1536808013916
0.0327278897166252 0.127875611186028 0.224113926291466 0.290039598941803 0.37976661324501 0.157913580536842 0.0392934530973434 0.146425276994705 0.0569155812263489 0.0838465094566345 0.163937777280807 0.197107017040253 0.165659487247467 0.321148037910461 0.457915455102921 0.586134016513824 0.721902251243591 0.837204575538635 0.942887783050537 1.08417928218842 1.24210238456726 1.4145655632019 1.64128339290619 1.80357420444489 1.9283401966095 2.06791257858276 2.23165369033813 2.39482617378235 2.54786562919617 2.71094846725464 2.90084338188171 3.04022812843323 3.22235012054443 3.41150546073914 3.59504652023315 4.09624338150024 4.33839893341064 4.50867414474487 4.77125835418701 5.04712677001953 5.20630645751953 5.60333395004272 5.76737260818481 5.91857767105103 6.19783544540405
0.123940415680408 0.0817735865712166 0.21069672703743 0.0330098383128643 0.432083249092102 0.0286127142608166 0.0545796789228916 0.0566600561141968 0.0558285675942898 0.067675806581974 0.124060958623886 0.169043585658073 0.223755568265915 0.402135968208313 0.569968700408936 0.656802952289581 0.781664311885834 0.908681392669678 1.02931439876556 1.17665708065033 1.35616827011108 1.56782281398773 1.7962087392807 1.92574286460876 2.04370737075806 2.17504954338074 2.30116868019104 2.4243106842041 2.58781123161316 2.76913356781006 2.96242785453796 3.08970189094543 3.14894032478333 3.27760648727417 3.43028521537781 3.65384697914124 3.7313928604126 3.87960767745972 4.44911289215088 4.71394681930542 4.89625358581543 5.21976566314697 5.51429033279419 5.67667007446289 6.14689111709595
0.051459763199091 0.196244224905968 0.0776265487074852 0.420691102743149 0.0477854236960411 0.0333041399717331 0.221980035305023 0.0399778410792351 0.107606910169125 0.110224731266499 0.170704334974289 0.106885008513927 0.231626510620117 0.528038620948792 0.682121515274048 0.804236650466919 0.881672561168671 0.995488941669464 1.13356995582581 1.26542007923126 1.45526957511902 1.66286182403564 1.85515630245209 1.99885499477386 2.18718552589417 2.30099654197693 2.40559411048889 2.48968434333801 2.66564321517944 2.92668437957764 3.17914009094238 3.18725228309631 3.19973111152649 3.23991632461548 3.33979344367981 3.48300719261169 3.55852389335632 3.6806378364563 3.92439270019531 4.01083993911743 4.21133327484131 4.86584711074829 5.1474871635437 5.32673358917236 5.71997404098511
0.0919061005115509 0.115675203502178 0.168350011110306 0.0576087906956673 0.237088173627853 0.337612330913544 0.0443202070891857 0.0468524433672428 0.0859817191958427 0.0944564640522003 0.159931063652039 0.211383268237114 0.261357635259628 0.697217285633087 0.875660002231598 1.020827293396 1.09634232521057 1.15689790248871 1.28121030330658 1.33143436908722 1.49618279933929 1.75557935237885 1.94481146335602 2.13099956512451 2.30123400688171 2.47005152702332 2.60252332687378 2.68982648849487 2.86484026908875 3.15545034408569 3.28536820411682 3.26470065116882 3.33337140083313 3.40419507026672 3.41122198104858 3.43070483207703 3.48138570785522 3.58251905441284 3.73645544052124 3.82059812545776 4.01769113540649 4.23091411590576 4.32897996902466 4.58314418792725 5.32622241973877
