slauniainen/Data/DEM/Vihti_dsm1500b_cl_horizonAngle_270.asc
NCOLS 196 
NROWS 178 
XLLCORNER 353680 
YLLCORNER 6699024 
CELLSIZE 16 
NODATA_value -3.4e+38 
[rows 0 to 19 of 178, columns 0 to 44 of 196]
20.809846878051800 43.7444877624512 28.1302757263184 22.2406558990479 19.1551570892334 15.8324975967407 10.3368291854858 24.208028793335 8.47159576416016 4.78166198730469 4.46193695068359 4.12432718276978 33.5109329223633 22.555513381958 9.07120227813721 3.68511581420898 2.11464786529541 0.716141581535339 0.0843642950057983 -0.846076190471649 -1.05427730083466 -1.09593236446381 -1.20652902126312 -1.58237564563751 -1.26043093204498 -2.06323289871216 10.6181507110596 13.1052417755127 10.4292020797729 6.77444839477539 17.9083709716797 10.207444190979 4.89607048034668 1.91361391544342 0.97375762462616 0.524184346199036 0.14403223991394 31.2125434875488 13.3805103302002 6.9140477180481 6.08723640441895 5.96206903457642 8.39573669433594 4.27065944671631 4.23903322219849
14.9442329406738 32.0955467224121 12.3655595779419 9.67530536651611 48.5823211669922 32.5381393432617 9.44350051879883 54.0371437072754 8.88020515441895 5.80822515487671 3.53440594673157 17.0565643310547 37.4909782409668 10.2466726303101 11.8404664993286 2.42142868041992 1.94591844081879 0.794010579586029 -0.285779446363449 -1.0944732427597 -1.30251836776733 -1.75654017925262 -2.03379583358765 -2.26870489120483 8.4263277053833 -0.334150910377502 7.22098779678345 30.6632041931152 12.5347547531128 5.85812091827393 5.76959896087646 15.1015529632568 4.23020362854004 2.52360582351685 1.39523506164551 0.724608361721039 6.74899530410767 6.32103538513184 1.46087574958801 0.437703192234039 6.61834907531738 19.0614700317383 4.83385848999023 36.5397682189941 29.5711822509766
52.2040100097656 35.2079811096191 26.5652408599854 8.12150192260742 12.0804967880249 49.7320289611816 7.42274332046509 58.7683067321777 40.298267364502 6.10172414779663 46.609130859375 7.97211885452271 13.6945648193359 5.83987331390381 4.70232534408569 3.17471361160278 2.52402687072754 1.2135922908783 -0.0596523657441139 -0.796442329883575 -1.51056945323944 -1.73274600505829 -2.31601619720459 -2.36443066596985 -2.81106519699097 27.4758453369141 24.0834255218506 15.1275234222412 10.9856986999512 7.58225440979004 7.18978977203369 14.274621963501 5.64645338058472 7.92591619491577 2.44887042045593 19.5342750549316 9.34263038635254 5.56840181350708 10.7159376144409 3.20621299743652 6.30173444747925 14.3520107269287 5.94926691055298 44.6564292907715 25.3463115692139
34.6630821228027 26.0215015411377 20.9378986358643 17.838436126709 6.65305852890015 50.8263816833496 5.5615291595459 35.0847816467285 46.2505035400391 26.7156829833984 5.15688610076904 49.4704818725586 4.32288885116577 19.8644466400146 3.08165740966797 1.69924294948578 1.28065776824951 0.090199276804924 -0.584108650684357 -1.21308195590973 -1.56361496448517 -2.15979719161987 -0.870689213275909 -2.59887337684631 -2.77413082122803 25.0857582092285 19.020528793335 10.0707025527954 8.92440319061279 11.6616287231445 11.61838722229 14.6803894042969 6.70801115036011 4.75654029846191 22.4615726470947 3.23042130470276 9.67381477355957 6.71784639358521 12.3517637252808 8.22135162353516 7.99281740188599 6.52457475662231 31.946756362915 24.6039791107178 25.7671737670898
35.7314796447754 25.8996315002441 20.2534523010254 17.3524169921875 4.35928201675415 55.8110237121582 38.4941444396973 9.95236206054688 55.6051177978516 35.4020538330078 5.85520792007446 49.259162902832 30.964506149292 18.3771533966064 4.47384357452393 2.40256190299988 1.22750449180603 0.132371559739113 -0.616841793060303 -1.56868016719818 -2.07341027259827 -2.38664960861206 -0.413825780153275 -3.11956810951233 -3.14920043945312 18.4438571929932 18.9149990081787 14.7769832611084 14.0446891784668 11.5173406600952 11.0563049316406 15.6122674942017 8.001051902771 7.88294267654419 6.92720937728882 5.11055326461792 4.56443643569946 12.0439224243164 4.15803623199463 6.47251844406128 17.3375453948975 21.2486896514893 20.0028076171875 33.2066307067871 18.8403739929199
52.4944381713867 33.2736511230469 23.3131008148193 19.7797946929932 6.72218465805054 14.3059911727905 49.8385734558105 11.5447072982788 48.7835159301758 30.6260070800781 19.3173084259033 15.9240922927856 10.7339181900024 9.85466575622559 5.74006986618042 3.35069704055786 1.73815953731537 0.641067028045654 -0.159108728170395 -1.08438003063202 -1.86783361434937 -1.98363792896271 -2.62465906143188 -3.26990151405334 -3.32935190200806 16.2431488037109 25.6459579467773 15.4546747207642 15.0775108337402 11.4405307769775 18.0889530181885 12.8181390762329 9.9823112487793 8.56268310546875 7.09255313873291 5.35291004180908 6.61998271942139 21.1609840393066 7.99042177200317 8.74163627624512 24.9699077606201 19.5540332794189 32.2411994934082 18.3849754333496 15.3652267456055
5.94365406036377 17.8994789123535 13.2094621658325 44.4248733520508 5.3085036277771 8.72234153747559 54.3174667358398 12.2860174179077 49.3832244873047 31.3815460205078 22.0115356445312 16.7292518615723 7.02591753005981 10.743371963501 5.83070039749146 3.05029082298279 0.520966529846191 0.127521723508835 -0.173528522253036 -1.07738840579987 -1.48001027107239 -2.25365734100342 -2.42720890045166 -2.93866586685181 -0.853633999824524 6.8688850402832 19.3981285095215 12.5357208251953 10.4835395812988 15.2068490982056 10.2891883850098 9.83800411224365 8.04822635650635 11.4970407485962 10.1747589111328 7.84348058700562 6.25528144836426 5.24212121963501 4.85117673873901 11.7790746688843 31.3450775146484 15.5128202438354 36.9967155456543 20.6534423828125 14.6617240905762
18.7239036560059 51.076099395752 32.9241065979004 23.6513671875 17.9097003936768 12.5142374038696 35.0614395141602 9.34178161621094 42.9300498962402 25.4610328674316 17.469690322876 12.7339944839478 6.12264776229858 6.03261804580688 4.68668603897095 13.6000709533691 1.82580053806305 -0.6985142827034 -0.789422571659088 -1.18513333797455 -1.64726614952087 -2.30134010314941 -2.86754965782166 -2.94860005378723 -3.01881861686707 7.0245213508606 17.9853591918945 9.70304298400879 9.45910549163818 10.5955991744995 20.0231304168701 10.1604776382446 9.26904678344727 8.23093032836914 12.2051439285278 9.18996810913086 8.71440029144287 7.73011827468872 6.44248676300049 5.84687423706055 5.83158540725708 41.8533935546875 28.4983367919922 19.8811264038086 15.1714639663696
20.5782108306885 51.4625587463379 33.0545959472656 23.3319263458252 19.0828380584717 13.0227031707764 31.0319080352783 19.034273147583 13.1962575912476 11.9218053817749 6.03356552124023 5.68564414978027 44.646125793457 6.23998689651489 5.52848339080811 4.30380964279175 3.3940577507019 1.25132787227631 -0.44855335354805 -0.650300920009613 -1.04916632175446 -2.11462450027466 -2.47231602668762 -3.01007056236267 -3.07895803451538 18.2971305847168 11.2460479736328 12.2022571563721 16.9938659667969 12.3414392471313 15.3360557556152 8.88041400909424 9.9733715057373 14.0440807342529 9.39024257659912 14.2321157455444 14.7408466339111 8.87084770202637 9.6135368347168 7.31247138977051 38.1005401611328 21.718204498291 13.2708206176758 10.0233850479126 8.04415321350098
17.2287845611572 20.8946952819824 44.621898651123 26.8441867828369 20.2958736419678 16.7446937561035 15.9865293502808 14.552453994751 13.1504173278809 11.9816961288452 9.4862756729126 11.5382452011108 7.93098020553589 7.00875854492188 5.35871934890747 4.83277034759521 4.05231904983521 3.11778283119202 -0.663696765899658 -0.971908032894135 -1.13258218765259 -2.05742883682251 -2.81568574905396 -3.35992050170898 18.7773838043213 5.29618310928345 7.47522449493408 15.0607833862305 18.8801803588867 10.1710987091064 17.8718852996826 8.61932468414307 6.7066855430603 6.2994065284729 5.74115991592407 17.6196880340576 27.3748645782471 19.7655906677246 15.3686695098877 7.40627574920654 6.92503118515015 6.11669206619263 15.5936193466187 23.6711921691895 15.0022754669189
24.364616394043 30.5298957824707 19.8332347869873 16.9794750213623 12.5649967193604 34.5109329223633 22.5343551635742 15.794584274292 12.2316331863403 11.0066699981689 7.58029651641846 9.39957332611084 5.78311634063721 4.98550653457642 4.83395957946777 5.1436595916748 4.31868076324463 2.82261514663696 0.134569048881531 0.0342551991343498 -1.22332060337067 -1.76754438877106 -2.64792943000793 -2.91236019134521 -3.03829884529114 8.30158424377441 -0.444939643144608 27.0194797515869 18.9364471435547 11.0742406845093 19.6432723999023 15.4808588027954 8.30325222015381 5.86683559417725 14.4502172470093 10.1433544158936 24.7538089752197 17.1585826873779 16.1411113739014 12.2913570404053 5.68395614624023 7.73927927017212 24.3823986053467 23.1741676330566 15.9167575836182
25.0346603393555 47.871639251709 28.9473152160645 21.7508735656738 14.3950958251953 12.7262182235718 25.4650726318359 13.3358764648438 11.859956741333 9.0469217300415 15.6553239822388 8.66602611541748 7.94010877609253 4.16128063201904 21.6675796508789 5.48186874389648 2.88100075721741 1.75830042362213 1.00354313850403 0.537886619567871 -0.314097285270691 -1.06646740436554 -1.36768066883087 -2.51293706893921 2.26881313323975 -0.017359608784318 -2.55457067489624 2.71400666236877 19.7457084655762 14.4797887802124 27.6719951629639 10.9809293746948 9.44733428955078 8.69900321960449 8.00938129425049 14.2176790237427 12.8900852203369 26.5960960388184 12.7562580108643 11.8019027709961 11.4889631271362 6.53695631027222 6.43119955062866 5.24110794067383 5.12543392181396
39.0374450683594 33.5659370422363 24.0342998504639 18.9662685394287 14.1076908111572 23.4960956573486 7.76976156234741 46.3083534240723 27.9467716217041 19.0014343261719 14.2932777404785 10.0790758132935 8.13800048828125 6.99976205825806 3.54435229301453 1.48537933826447 0.814320981502533 0.708437561988831 0.520865619182587 -0.935321152210236 -1.16490530967712 -1.38901233673096 -1.39890837669373 -2.06973600387573 13.5844440460205 -2.08307695388794 -2.58801770210266 6.96470928192139 8.70432090759277 7.03198909759521 20.991792678833 18.9257850646973 8.05866050720215 12.6078157424927 9.40032005310059 7.42049932479858 8.7219705581665 19.9814338684082 26.6095504760742 11.3127288818359 15.3118171691895 6.70047283172607 5.90794134140015 4.74474954605103 3.77245879173279
49.5118942260742 30.5306549072266 23.1591415405273 19.2067642211914 12.6622829437256 30.1850433349609 11.0661039352417 23.527946472168 12.5910835266113 10.3937654495239 9.63225650787354 8.55269527435303 7.60703229904175 6.6789231300354 3.07361340522766 1.38387727737427 0.910212993621826 0.656976819038391 21.3253383636475 -0.00857360567897558 -0.0474607534706593 -1.23603487014771 7.93957376480103 0.806564748287201 -1.85798013210297 8.31112289428711 8.69402694702148 4.01535844802856 9.22659111022949 9.0037670135498 2.38333749771118 14.3153514862061 11.8307409286499 10.7385473251343 5.95079040527344 11.5146379470825 6.90271472930908 13.729344367981 5.24543762207031 20.3197689056396 4.50300168991089 3.96167707443237 8.5520601272583 3.44552326202393 3.1006932258606
16.170337677002 30.40797996521 16.4910125732422 13.0866746902466 9.86921501159668 35.6491584777832 9.37415599822998 25.5712070465088 14.1570901870728 9.51487064361572 8.90493011474609 8.32085609436035 4.30082988739014 3.51494765281677 2.68410444259644 0.837841689586639 -0.0475678294897079 3.6863055229187 11.2061185836792 14.2654867172241 2.22804379463196 -0.372984439134598 -1.11481833457947 3.64173698425293 -1.44329726696014 -1.62464225292206 -1.91736030578613 5.39761638641357 4.75284099578857 4.07433700561523 21.2440433502197 9.60612487792969 12.1888933181763 7.71319532394409 17.2757816314697 6.93640756607056 4.77135705947876 26.1585254669189 7.74065542221069 14.8968362808228 5.84450244903564 4.79335165023804 4.65548753738403 4.26634693145752 21.5583248138428
15.6572189331055 18.8978061676025 12.1878204345703 11.9672698974609 9.78516578674316 38.1818656921387 9.74118423461914 7.99728298187256 35.7090301513672 19.7691993713379 13.94788646698 5.3406400680542 3.88477158546448 3.69888138771057 1.82712352275848 0.107991255819798 -0.341473042964935 -0.629175066947937 9.69074153900146 -0.793385028839111 30.7797470092773 1.60206770896912 10.5459642410278 -0.437178254127502 -1.51626515388489 -1.52901649475098 -1.65233743190765 -1.75484549999237 3.76915097236633 10.2398710250854 5.22981595993042 12.6674118041992 3.79337167739868 3.26897859573364 13.4465351104736 11.4270009994507 8.60985851287842 2.74977445602417 15.237455368042 10.0658931732178 7.66764354705811 2.81697750091553 30.465705871582 23.9163856506348 13.4324932098389
21.4669799804688 13.163067817688 10.7103633880615 12.2961483001709 28.5813541412354 15.0865802764893 10.195595741272 8.37143802642822 7.80620050430298 6.94024848937988 5.93816614151001 4.08796691894531 3.47944259643555 2.76529693603516 0.994772970676422 -0.316678553819656 -0.556024551391602 -0.760326683521271 -0.833658277988434 -0.148444265127182 8.48025321960449 4.22856950759888 3.19738531112671 -0.90810090303421 -1.57319819927216 6.02575731277466 -1.6051744222641 -1.73095762729645 -1.8293309211731 0.274085193872452 11.9417476654053 6.82963943481445 6.0056939125061 8.87443923950195 4.46732521057129 16.7686595916748 14.8084487915039 2.11148524284363 9.78577327728271 3.27587008476257 13.426944732666 1.90453720092773 15.7886266708374 9.24588775634766 1.00352787971497
30.4438972473145 8.49974060058594 25.7404937744141 21.186580657959 20.2570648193359 9.13088130950928 8.07986736297607 6.43934106826782 6.08159685134888 25.9840545654297 5.59917497634888 4.21417427062988 3.37214970588684 2.39974999427795 1.0223001241684 0.0126137109473348 -0.852544844150543 -1.11149942874908 -1.52001249790192 0.587758123874664 -1.44379305839539 12.9611825942993 9.20653820037842 6.82394886016846 2.47332286834717 -1.76691830158234 12.4482202529907 3.51771354675293 -1.7802312374115 7.14366292953491 -1.56492340564728 6.82070255279541 3.62300753593445 1.7164865732193 12.0317716598511 16.1297702789307 6.94571447372437 2.63231801986694 1.53559076786041 4.37256622314453 7.99645042419434 1.14230585098267 0.2538241147995 6.88766002655029 1.00889492034912
29.7662372589111 20.2410087585449 14.5381412506104 12.3841524124146 11.3304042816162 9.23812103271484 10.3807697296143 7.46458148956299 18.3650646209717 8.99295330047607 4.6587119102478 3.92299628257751 2.86804413795471 2.1006190776825 0.507772743701935 -0.613412618637085 -0.939500570297241 -1.65793132781982 -1.90533041954041 -1.49472367763519 -1.97031879425049 -2.21248555183411 6.22597455978394 21.0434188842773 9.64653873443604 13.5538921356201 2.18688416481018 7.42661619186401 -0.285709530115128 10.136812210083 8.64890193939209 5.7056770324707 4.50458908081055 0.151069223880768 8.58498287200928 7.47300624847412 4.76371765136719 1.27036821842194 3.74315524101257 0.951116621494293 23.3648090362549 0.649056732654572 1.07994902133942 -0.185370326042175 7.83382272720337
8.26870918273926 39.1899108886719 18.2546730041504 17.3393096923828 13.9541883468628 11.7417268753052 9.96607685089111 8.55972766876221 7.7203803062439 7.18328666687012 4.71833610534668 4.57824850082397 3.69040775299072 1.47531247138977 -0.329477727413177 -1.05801486968994 5.87255096435547 -1.8631500005722 -0.502918481826782 -2.00687146186829 -2.463458776474 -2.61385083198547 -2.70606136322021 26.849573135376 26.7612171173096 19.0473289489746 11.4470977783203 6.86342239379883 2.75323271751404 2.1843900680542 2.40355324745178 8.80004024505615 1.91169893741608 19.4700412750244 8.88794231414795 2.18834781646729 2.0687108039856 1.77507781982422 3.8522036075592 0.917722463607788 0.677638530731201 4.99719047546387 1.48396110534668 1.22341239452362 3.41232752799988
