slauniainen/Data/DEM/Vihti_dsm1500b_cl_horizonAngle_270.asc
NCOLS 196 
NROWS 178 
XLLCORNER 353680 
YLLCORNER 6699024 
CELLSIZE 16 
NODATA_value -3.4e+38 
[rows 140 to 159 of 178, columns 45 to 89 of 196]
2.83342552185059 2.26689171791077 30.8090190887451 17.6062660217285 -0.167858242988586 0.188793942332268 -1.52237045764923 -1.63646566867828 36.7167510986328 0.932693302631378 34.8057708740234 7.83106184005737 18.6114597320557 10.9781398773193 6.09689569473267 2.40413880348206 26.3124217987061 10.553448677063 17.5935859680176 21.1700801849365 6.31337261199951 13.9953775405884 6.29796504974365 5.63476276397705 10.8312864303589 3.31431818008423 2.03150343894958 29.7959861755371 18.5088214874268 13.5956315994263 2.85116004943848 12.7760639190674 27.9431476593018 13.5888919830322 11.4267568588257 8.52259254455566 3.38514232635498 0.557640850543976 0.255751878023148 10.8101606369019 -0.0016506704268977 35.9956398010254 28.4740905761719 18.1444129943848 12.0072803497314
13.3154716491699 4.26857709884644 39.2539558410645 14.0671472549438 6.3489727973938 -0.239714682102203 -0.500040650367737 11.2235174179077 0.56556636095047 10.2350025177002 -1.09086894989014 15.0155048370361 2.5561785697937 18.5494422912598 10.6279067993164 1.43143057823181 6.31108427047729 1.09411835670471 4.39831447601318 35.2892646789551 22.5749492645264 14.9034337997437 9.17890071868896 4.79958200454712 25.6716213226318 13.8989562988281 9.41307353973389 6.98647928237915 6.80775928497314 5.99997329711914 5.42820835113525 4.7975640296936 5.65002918243408 4.42073678970337 4.27080154418945 4.13865804672241 3.31710362434387 2.61827492713928 2.37627649307251 0.622476577758789 0.301061302423477 25.5467796325684 7.46405935287476 5.42914342880249 2.53175759315491
16.5187492370605 12.1089754104614 10.1771945953369 3.06204771995544 28.821268081665 14.1375436782837 -1.23798155784607 36.5445251464844 14.82994556427 7.23954296112061 -1.38621175289154 5.70048952102661 16.4756450653076 4.59725189208984 12.6637086868286 5.87640333175659 2.11425065994263 4.75204038619995 0.846380531787872 30.429895401001 25.6997985839844 13.0301961898804 9.0601167678833 6.94379901885986 27.6221904754639 14.5103330612183 9.4972562789917 6.44274568557739 2.64176058769226 36.6379814147949 18.919828414917 14.2262849807739 11.6602811813354 9.39060020446777 7.69799709320068 3.74042510986328 13.694260597229 3.22107529640198 2.74698567390442 0.0973925590515137 3.81104111671448 2.16073536872864 16.4378681182861 2.19444561004639 1.05991244316101
21.9761409759521 9.14529800415039 8.58269691467285 4.2369384765625 12.2691535949707 0.412692695856094 16.6021480560303 6.30398035049438 11.8915519714355 -0.747900128364563 -0.709000289440155 -1.06589686870575 19.4319839477539 8.82068157196045 3.55895948410034 3.26560378074646 2.8841507434845 4.88739490509033 7.31023120880127 1.56812989711761 19.6026172637939 8.87637233734131 25.0848579406738 17.8038215637207 11.8240261077881 8.889967918396 6.03945589065552 4.76214933395386 4.08717775344849 22.4527378082275 3.57804322242737 0.722543954849243 45.9115600585938 27.7145690917969 19.9205360412598 13.079626083374 10.1319465637207 8.1640682220459 6.68464946746826 5.53061389923096 4.47456026077271 -0.0185035280883312 2.20852088928223 19.1513118743896 2.22752547264099
3.85842704772949 9.81835556030273 12.1491718292236 1.5043249130249 14.5307693481445 0.865289330482483 2.13050103187561 8.41028118133545 8.07968235015869 -0.316130429506302 13.458927154541 -0.490924894809723 28.43479347229 9.13181781768799 2.44584202766418 1.77413380146027 0.941347599029541 0.475848346948624 8.11842727661133 14.2620992660522 2.15184044837952 33.7073745727539 21.8133392333984 14.157509803772 11.3980512619019 9.37510204315186 7.82844257354736 6.56747770309448 5.64557790756226 4.06886577606201 8.07938671112061 -0.697442591190338 11.858268737793 49.9203491210938 31.8139686584473 13.4520835876465 11.3997526168823 19.0680904388428 10.4476709365845 8.77209281921387 7.42410135269165 2.22177195549011 3.1817843914032 1.74905776977539 9.85833644866943
9.14866828918457 18.56028175354 5.54601860046387 0.753484487533569 -0.631350636482239 17.2640972137451 5.65639400482178 18.4084091186523 14.1900453567505 0.824049770832062 9.73395156860352 5.37667512893677 6.49994087219238 4.42966747283936 -0.217540204524994 -0.233345538377762 -0.772475838661194 -1.111771941185 5.64875507354736 19.7282466888428 18.5637245178223 14.0780124664307 5.61237049102783 11.5332832336426 16.7747707366943 9.75912284851074 6.6910285949707 5.42961025238037 5.18727922439575 3.81211519241333 8.14997482299805 -0.395664423704147 -1.0292295217514 9.63569641113281 14.3486824035645 47.6710166931152 12.2631721496582 33.4074821472168 17.3103446960449 11.735818862915 9.94368171691895 8.93278884887695 3.23322629928589 3.19503855705261 12.3798904418945
26.0334339141846 6.41258001327515 -0.810197412967682 15.9147701263428 2.81514310836792 26.5715312957764 20.4269199371338 1.59809398651123 10.2818269729614 2.29399156570435 0.330266714096069 6.1680760383606 0.159628480672836 -0.707570374011993 -0.802456021308899 1.34417223930359 -0.949597895145416 16.4256439208984 10.1318302154541 0.526083707809448 14.7119998931885 2.21822166442871 3.25350427627563 14.0707921981812 23.4303741455078 13.3307476043701 6.13470029830933 2.05947732925415 1.17727267742157 0.637739598751068 0.596884310245514 25.2145862579346 -1.52373731136322 25.3436450958252 7.93987083435059 12.50221824646 52.9684524536133 33.8258476257324 23.8789348602295 18.2675590515137 14.7264890670776 6.78220367431641 6.40451145172119 4.2650146484375 17.9027557373047
9.33527755737305 3.39527153968811 1.97303867340088 0.622454345226288 5.80587816238403 16.4222583770752 4.07986688613892 1.03379738330841 13.220796585083 8.07286167144775 5.76054716110229 16.2478675842285 6.81322622299194 7.03769969940186 2.99457192420959 -0.338484942913055 11.64182472229 2.70642161369324 0.848632633686066 0.491221308708191 -0.384498357772827 -0.625687599182129 -0.517943739891052 20.7994537353516 12.28928565979 6.20798873901367 5.02466201782227 2.34800100326538 -0.812486588954926 13.1684713363647 6.18215608596802 2.83335852622986 34.6603050231934 -0.93195915222168 5.82657718658447 4.15278434753418 35.9148979187012 38.2907829284668 27.6943454742432 21.5950241088867 17.5085124969482 6.55115032196045 5.99899530410767 16.7247009277344 5.79068374633789
3.10670828819275 1.40947163105011 0.789002239704132 5.95602178573608 2.07885670661926 27.5339584350586 2.98148393630981 33.6306610107422 18.3523292541504 11.8218851089478 12.2949666976929 1.04296636581421 10.1026544570923 8.17023086547852 6.06898832321167 0.362784594297409 0.118697591125965 -0.0951357334852219 -0.230146586894989 -0.735553383827209 -0.983113765716553 -1.12262535095215 11.3416004180908 0.450406193733215 19.9846954345703 8.570631980896 6.70965814590454 4.18010091781616 1.80071794986725 1.45211601257324 0.0465727746486664 11.0779447555542 -1.27473759651184 47.8675575256348 7.9892406463623 5.93078851699829 11.2032632827759 17.6850681304932 9.6427173614502 48.5207099914551 30.1530933380127 7.20817184448242 6.55790901184082 14.7946758270264 8.90187931060791
0.979200780391693 2.89257860183716 -0.29636549949646 19.569278717041 4.91653299331665 4.81049776077271 6.33970642089844 26.9083366394043 16.8685321807861 5.68945741653442 3.26473259925842 8.9585657119751 3.98353052139282 10.5415601730347 1.56801223754883 -0.256257116794586 5.54494428634644 -0.955591201782227 8.09055423736572 3.12826180458069 -1.22573292255402 -1.62007832527161 12.1826648712158 4.64432382583618 3.09991383552551 9.38782978057861 22.3610382080078 8.15864658355713 9.35953617095947 3.04841303825378 0.666458606719971 6.43086767196655 -1.45113861560822 -1.67084121704102 -1.77236759662628 55.6280288696289 20.3944816589355 27.3029708862305 20.1954898834229 11.4488925933838 52.6840476989746 10.1970405578613 13.5183382034302 13.1112928390503 29.5105056762695
9.8878059387207 8.75447082519531 6.0457239151001 4.59786081314087 3.75056719779968 16.981351852417 9.88661766052246 8.13569259643555 15.747483253479 5.04241561889648 3.20854806900024 2.85542464256287 2.58815312385559 1.31637847423553 1.05665028095245 0.191668659448624 -0.601347029209137 1.25114643573761 -0.836623847484589 -0.939971387386322 -1.15796792507172 -0.901811003684998 -1.27702224254608 -1.63804364204407 21.3987846374512 15.3211269378662 10.3207731246948 13.6140432357788 8.5673999786377 6.70600414276123 3.4757091999054 2.31507158279419 0.373786956071854 -2.11571407318115 45.7876434326172 32.787425994873 29.8402843475342 20.211633682251 23.515438079834 14.578182220459 12.5482873916626 48.1519088745117 30.2209758758545 18.0395755767822 12.4553050994873
13.5185861587524 2.5105938911438 23.6090717315674 1.45862662792206 29.2033710479736 14.2376403808594 4.82037591934204 20.9916076660156 5.19393062591553 0.804847896099091 0.63829642534256 -0.886899471282959 12.38001537323 0.161358699202538 -0.212733000516891 1.53736329078674 -1.61738002300262 -0.377703994512558 -1.5435688495636 -2.01020002365112 6.36355972290039 -0.634061574935913 -0.0605209171772003 -2.10650086402893 22.0830764770508 17.3796920776367 13.6990833282471 9.99582195281982 8.97641754150391 7.04228353500366 5.86658477783203 5.42171764373779 3.72959470748901 -1.27247142791748 24.3498706817627 22.8767738342285 7.01646709442139 11.4346494674683 50.9368286132812 17.297176361084 10.5008087158203 8.79488754272461 49.7671966552734 33.5073051452637 15.9321203231812
4.44253587722778 4.00869846343994 14.7375450134277 3.79980635643005 3.54887104034424 2.97712516784668 0.995577931404114 3.39796948432922 -0.359984874725342 -1.8193051815033 1.32041883468628 3.40353417396545 -1.63979196548462 -0.792650282382965 -2.02214956283569 -2.29752373695374 -2.71311545372009 -2.61337804794312 4.1559476852417 8.40298748016357 2.83447599411011 -0.741545021533966 -1.02321422100067 -2.72443747520447 4.34073638916016 8.59121131896973 22.4670143127441 18.7513999938965 14.0459575653076 6.44888639450073 3.72135090827942 0.352325409650803 36.7101707458496 14.3469181060791 3.37422704696655 27.8540458679199 2.51090002059937 1.63011837005615 9.86001777648926 51.4144172668457 6.24993991851807 14.4631900787354 13.3463840484619 52.4823951721191 34.0661773681641
1.90631783008575 5.79886054992676 3.26773047447205 0.577925026416779 15.7143287658691 6.16014671325684 -2.29251289367676 9.53046226501465 -2.45802354812622 5.66893291473389 -2.84979701042175 -2.91785025596619 2.07443237304688 -3.16204380989075 -3.21568536758423 -3.3009238243103 2.32595801353455 -1.13721919059753 2.10735368728638 7.47510099411011 0.773461937904358 0.295004189014435 -0.392687112092972 -2.23003911972046 14.0360069274902 23.4268779754639 12.9066734313965 12.5449285507202 6.25165700912476 4.29991626739502 13.2078008651733 2.18066930770874 18.1194362640381 16.4279327392578 7.11655521392822 0.740641295909882 6.16406297683716 -0.295310944318771 3.98288345336914 15.9389219284058 51.8261833190918 15.7193622589111 13.6259851455688 13.2984228134155 50.8465309143066
5.74196624755859 -0.587867438793182 18.7584266662598 6.44530582427979 -3.24573588371277 -4.04010009765625 3.40238523483276 2.18238615989685 -0.17903234064579 -4.33813524246216 -4.71611738204956 -3.71374106407166 8.03087520599365 -2.09757781028748 3.32786059379578 12.8722171783447 4.95406627655029 -2.56039929389954 1.83984100818634 3.31575989723206 -0.766598343849182 -0.899900436401367 2.48253035545349 2.82131767272949 0.701022922992706 20.6788215637207 14.5871820449829 11.9303674697876 14.3502616882324 5.32523965835571 14.566125869751 7.13825082778931 1.97047209739685 23.3373031616211 17.6616134643555 0.553569197654724 -1.05868589878082 9.10468482971191 27.129487991333 26.4099864959717 20.268928527832 29.7133350372314 14.1298513412476 12.6074304580688 17.5961475372314
9.91712093353271 5.91897392272949 -3.85852670669556 -4.40071868896484 1.93068253993988 -1.24866688251495 5.8002233505249 0.0886721760034561 -4.04604482650757 -4.53937244415283 -4.72197961807251 14.3526306152344 3.41086554527283 4.38185548782349 1.6117616891861 7.46694660186768 0.541540443897247 0.0835624262690544 6.0684666633606 -1.1124621629715 4.69024467468262 4.18167543411255 -1.35414743423462 -1.54285550117493 2.04649758338928 9.37807464599609 13.2191162109375 23.1243152618408 15.0570201873779 9.80362415313721 8.61946201324463 6.9808611869812 5.97698068618774 5.46552801132202 7.39757394790649 3.22422671318054 3.1491539478302 2.07481360435486 10.6569442749023 1.84908401966095 16.7655429840088 19.4307270050049 12.4263496398926 11.6260004043579 29.2777786254883
1.78025209903717 -3.96621656417847 -4.18237972259521 -4.58630561828613 5.74292182922363 -4.77595520019531 6.84791088104248 -4.77710056304932 -5.06798076629639 -2.40880608558655 -3.79362463951111 -1.89805972576141 -1.25662434101105 -2.06261968612671 0.170322552323341 7.28759813308716 -0.793132841587067 13.926589012146 3.3789279460907 0.00472831213846803 -0.760372638702393 2.81514167785645 -1.17243409156799 -1.751580119133 -2.25347232818604 28.0671291351318 16.7573070526123 16.7184944152832 13.389874458313 11.8325510025024 7.49535417556763 7.23087024688721 5.7475266456604 10.5691261291504 8.87617588043213 4.21231603622437 3.51141285896301 2.45868015289307 19.7916603088379 15.8066320419312 12.1103229522705 3.62610006332397 51.0209465026855 14.238091468811 48.2258911132812
-4.23495769500732 -4.37131929397583 -4.63212871551514 -4.7444052696228 -4.81877851486206 -4.97084474563599 0.53865110874176 -4.20082569122314 -5.22544813156128 0.84504622220993 -2.43693423271179 8.63318061828613 3.24070191383362 2.73904848098755 -0.821138799190521 -1.03273189067841 0.922520399093628 0.735904216766357 0.71490341424942 -1.11711466312408 -1.20061898231506 1.17687273025513 -1.89069795608521 6.75325202941895 5.82662868499756 18.9373760223389 5.40181636810303 31.5310707092285 13.3443431854248 4.5682487487793 28.2358531951904 13.3239393234253 13.064510345459 5.91056299209595 11.0422620773315 2.68365859985352 2.28577899932861 1.5094667673111 15.7772722244263 6.68536233901978 11.5103101730347 5.84680986404419 11.8964204788208 52.5551109313965 28.2259178161621
-0.435451686382294 -2.99908065795898 -4.94156074523926 -5.04778385162354 0.903963387012482 -5.12351751327515 9.43790340423584 0.16551961004734 -3.59659790992737 2.86764860153198 -5.12662506103516 25.2116470336914 8.87716579437256 3.1909031867981 2.04732847213745 -0.583370864391327 3.34722518920898 1.78854048252106 0.0761829763650894 -0.860256254673004 9.85426330566406 16.0392360687256 8.23482608795166 0.836224913597107 12.4051399230957 12.0568809509277 7.97211456298828 22.7410259246826 9.21646213531494 7.31314468383789 6.00318336486816 3.93094992637634 6.94678068161011 10.5990571975708 3.79795861244202 2.26651406288147 0.527426481246948 10.9639329910278 8.86853504180908 6.74190711975098 3.2722442150116 11.3244171142578 9.7175760269165 19.4564151763916 53.9297866821289
-4.91639709472656 18.6706790924072 10.170524597168 9.71886825561523 -2.8624541759491 -3.77055788040161 -2.32645988464355 -4.00564861297607 -3.73199057579041 -2.10829782485962 -4.46724557876587 -4.69175910949707 2.1605007648468 -2.76683330535889 10.1714477539062 7.77260684967041 5.67366695404053 10.2762880325317 2.44462251663208 0.890465676784515 0.697672069072723 0.553647458553314 9.252685546875 6.12054491043091 0.721983790397644 15.210075378418 24.5979099273682 4.24141645431519 0.65374481678009 3.6412308216095 0.611896097660065 6.95380687713623 6.30768060684204 3.84103631973267 -0.688729345798492 16.5048942565918 12.2838897705078 3.01574945449829 4.67742967605591 10.4117345809937 9.40452194213867 4.5561351776123 16.6212501525879 25.0700302124023 50.5054740905762
