slauniainen/Data/DEM/Vihti_dsm1500b_cl_horizonAngle_162.asc
NCOLS 196 
NROWS 178 
XLLCORNER 353680 
YLLCORNER 6699024 
CELLSIZE 16 
NODATA_value -3.4e+38 
[rows 0 to 19 of 178, columns 46 to 91 of 196]
3.72353219985962 4.72227096557617 6.30516242980957 8.02662658691406 8.91594791412354 16.795877456665 12.7535362243652 7.22731924057007 12.8832149505615 10.789852142334 2.78099298477173 6.91134452819824 17.3524265289307 29.9397106170654 -0.690115094184875 3.00928854942322 28.969877243042 23.1840343475342 0.276061803102493 19.7195606231689 1.05908346176147 3.87500500679016 3.58946228027344 5.58019113540649 4.22000455856323 2.42784547805786 5.13618850708008 13.2692394256592 6.85528421401978 2.18613815307617 7.80886840820312 7.0286226272583 5.66000938415527 -0.608258605003357 -1.49215340614319 -0.529182553291321 5.54104614257812 9.24201393127441 8.16346645355225 35.3470916748047 30.8910160064697 15.1482610702515 5.98430490493774 2.79397535324097 -1.58124077320099 3.95954823493958
11.3026371002197 13.3680763244629 13.6733570098877 26.8780422210693 22.7905864715576 44.4363861083984 16.3361282348633 13.4920148849487 12.6118383407593 6.8251953125 13.0148286819458 10.3619823455811 4.79700374603271 0.741859138011932 1.44506537914276 4.69072198867798 0.476994812488556 19.608549118042 0.894120693206787 -0.026423143222928 1.23769235610962 3.35684156417847 8.35483837127686 6.3596396446228 5.58559942245483 10.4598474502563 8.13283634185791 3.20018720626831 8.74171924591064 -0.560162842273712 3.29506516456604 9.26458168029785 23.2899990081787 7.74239110946655 -1.44916820526123 -1.3832973241806 4.06897401809692 11.7753429412842 11.6648149490356 2.16041660308838 12.3144407272339 8.63754081726074 16.121509552002 3.91134858131409 10.8121852874756 -2.08273243904114
13.4210557937622 13.551383972168 17.8565406799316 27.5395603179932 45.8417510986328 15.4471969604492 14.5556936264038 21.8718662261963 13.3362674713135 4.50265693664551 3.19160342216492 4.08993053436279 9.62105369567871 0.329309850931168 -0.100505448877811 0.356242030858994 0.585232555866241 9.57593154907227 1.49689245223999 4.36046266555786 2.61811065673828 6.61090183258057 9.51005935668945 9.7492504119873 15.7657651901245 5.96139287948608 7.60244989395142 23.2186717987061 0.520498037338257 18.6830711364746 -2.32771301269531 0.142914578318596 -1.83465421199799 0.111851036548615 1.71396005153656 6.61493396759033 17.9893589019775 -0.947954058647156 17.9740943908691 9.17629146575928 6.91697025299072 10.7994413375854 -1.47285437583923 7.80742597579956 -3.0517909526825 1.62476682662964
15.5837001800537 17.3178844451904 21.318265914917 29.6682548522949 12.0577507019043 14.3596973419189 24.4413356781006 6.62603187561035 3.86606669425964 4.3659610748291 5.02694511413574 7.17984342575073 3.93014979362488 -0.50573056936264 0.0189189128577709 9.69511127471924 13.3037328720093 37.9225654602051 1.93315148353577 2.31162452697754 3.08977437019348 31.4079475402832 8.29350185394287 22.1734676361084 12.5799150466919 29.110782623291 7.3892388343811 2.24250268936157 4.16742038726807 -3.15806221961975 -2.10793280601501 -2.40107917785645 -1.61739659309387 -1.36625850200653 11.5601139068604 18.7111225128174 3.74296760559082 8.80640697479248 -3.25489521026611 -3.15614175796509 -2.58997178077698 19.1261959075928 8.04405975341797 -3.19913625717163 -2.6927695274353 -2.59383153915405
16.3021640777588 22.1319789886475 27.133150100708 40.8155059814453 6.19975662231445 9.04941844940186 3.91037034988403 2.46838140487671 3.33704042434692 4.99521112442017 22.0670604705811 19.2570304870605 4.77429723739624 19.7791538238525 10.1773080825806 1.02940094470978 1.01578009128571 2.56165719032288 5.28236722946167 6.92567110061646 13.5617780685425 3.74395275115967 8.84190273284912 19.7425136566162 17.529764175415 5.26271772384644 6.58611345291138 17.8599910736084 5.58063077926636 3.31301212310791 -1.43643724918365 3.28010106086731 0.202284201979637 18.2245483398438 32.4190101623535 4.74367523193359 3.04008603096008 -1.70191085338593 -2.87151765823364 -2.8018114566803 -2.17553853988647 -3.22664189338684 -3.22167205810547 -2.99943137168884 -2.33987045288086 -1.94074416160583
20.867504119873 26.2809066772461 28.2823696136475 20.3253955841064 6.00636720657349 8.18652629852295 6.37182712554932 4.37567138671875 0.762305557727814 1.37782609462738 -1.77926051616669 -2.0031054019928 -2.60901665687561 -2.21190762519836 -0.74874073266983 2.59236764907837 13.4306507110596 3.84584021568298 5.70026159286499 8.64172554016113 3.35472369194031 4.42339611053467 19.3583908081055 13.4188680648804 15.8479194641113 16.9594821929932 15.5625953674316 2.31132388114929 4.11391067504883 6.2951078414917 -0.858694434165955 9.55746650695801 7.55016708374023 30.4737854003906 5.28749322891235 1.18762838840485 -0.195823490619659 -2.7956976890564 -1.47328341007233 -0.105294078588486 -2.84964275360107 -2.87462425231934 -2.85445165634155 -2.29351115226746 -1.71621453762054 12.5341033935547
24.6247386932373 32.9901542663574 49.9987297058105 9.41600894927979 9.82361888885498 10.1511135101318 6.2118763923645 0.721081554889679 10.0205316543579 -3.18771243095398 -1.51576924324036 -1.71225905418396 -2.46662473678589 -1.17903184890747 11.3183279037476 19.3363456726074 9.50924587249756 28.632999420166 9.29941844940186 7.0201621055603 8.60001468658447 9.52034664154053 11.8439865112305 19.1784248352051 22.6252899169922 16.0359001159668 16.097599029541 3.31604146957397 6.10202169418335 6.49447727203369 6.27860021591187 6.92160129547119 20.7155838012695 -0.382690757513046 -0.64086502790451 6.79900789260864 2.46345782279968 -2.0519003868103 -0.967806935310364 -2.48307991027832 -2.26412010192871 -2.27889585494995 -2.35110330581665 -1.93057978153229 10.2013597488403 -1.11891305446625
21.902717590332 48.0056304931641 14.5721244812012 13.9318199157715 12.2196407318115 3.50497055053711 16.1792182922363 22.1582984924316 -3.86999368667603 -3.65440034866333 0.88309919834137 1.32671451568604 2.87497901916504 13.7031888961792 11.5192022323608 10.1073541641235 6.69222736358643 7.04625701904297 40.5309906005859 9.32223892211914 14.4489049911499 15.1729612350464 20.1268997192383 17.7602481842041 11.4129734039307 1.27133214473724 3.81185722351074 20.8312397003174 8.21396636962891 10.0307893753052 22.7105121612549 9.30102634429932 0.837159335613251 20.0259227752686 -1.49025344848633 -1.96682739257812 -2.09018230438232 -1.05627989768982 -0.931793570518494 -1.5243124961853 -1.75745224952698 4.79140043258667 -1.67481017112732 37.4200668334961 -1.14021372795105 -0.731136798858643
50.2090759277344 5.15525341033936 2.38583326339722 14.7684288024902 18.3812084197998 13.1535911560059 -3.6254665851593 -3.27596998214722 -1.81758093833923 4.0897331237793 4.64387893676758 2.37043404579163 8.932204246521 2.71993279457092 0.857703864574432 2.32330131530762 9.08616161346436 12.2037086486816 12.7633457183838 41.3313865661621 52.9424133300781 5.54716491699219 22.7714233398438 8.59127044677734 -2.59731936454773 6.6296763420105 -2.75154876708984 0.610808849334717 10.7633972167969 7.55135488510132 11.9175500869751 3.93418669700623 10.2827949523926 0.878801584243774 -1.0361841917038 -1.83306467533112 -1.63198924064636 -0.402381330728531 10.3013772964478 0.325105547904968 -1.05637860298157 -0.85768061876297 3.67057371139526 -1.67276322841644 -1.0325471162796 -0.278184294700623
4.43030977249146 13.6304655075073 9.59418487548828 1.28183090686798 -1.62834572792053 1.58386862277985 -0.611309945583344 2.89561986923218 3.3661208152771 -0.588189780712128 5.60637664794922 3.48677921295166 6.70475006103516 -2.29908204078674 -0.921356201171875 6.97596120834351 12.234450340271 8.14448547363281 16.9077262878418 31.4814891815186 15.813364982605 58.8756294250488 3.46481871604919 -3.30397748947144 -3.52011895179749 -3.55511736869812 -2.77939891815186 -0.410083025693893 2.27889466285706 3.20627593994141 1.43534708023071 0.195304408669472 -0.157345309853554 -2.27064299583435 -0.787769675254822 -1.39134812355042 -0.831112504005432 -0.330340266227722 -0.242596283555031 1.29239201545715 -0.266166597604752 -0.62914913892746 -1.25632154941559 -0.745376288890839 -0.88683295249939 0.413220286369324
19.3712062835693 11.5324335098267 11.5566244125366 2.66416335105896 -0.385945022106171 7.78828859329224 22.576623916626 -2.58702349662781 -3.12886714935303 -3.33823680877686 -3.37322020530701 -1.25256609916687 -1.07037961483002 -0.748648703098297 0.25783234834671 3.21100258827209 27.3323154449463 12.1629724502563 18.5256175994873 9.89643096923828 10.1869945526123 0.190541282296181 44.1303749084473 2.31593990325928 0.358574777841568 -2.99315333366394 4.69243717193604 -0.993693232536316 -1.56739926338196 13.2258682250977 14.4218578338623 18.4874229431152 -1.7101001739502 -0.810136437416077 -0.733875930309296 -0.418952882289886 8.94923496246338 24.1858577728271 1.08439254760742 4.57380819320679 -0.178668335080147 -0.0347936637699604 -0.562194406986237 -0.574979364871979 -0.531716287136078 0.484430819749832
6.73276281356812 4.67011976242065 2.77447938919067 0.586141169071198 19.1686897277832 -0.109540320932865 -3.719398021698 -3.49382448196411 2.53632164001465 1.48588848114014 6.06423807144165 2.97781920433044 -0.165395691990852 0.122070774435997 2.27580142021179 10.1990756988525 10.0757007598877 17.4054183959961 9.29298305511475 5.80371904373169 3.70303797721863 3.67200493812561 15.6608209609985 42.1735916137695 -1.55166876316071 6.4339861869812 -2.03406047821045 1.51201701164246 13.093692779541 -2.34708166122437 -0.935068249702454 -3.00299263000488 6.20365571975708 -0.716712594032288 19.7664623260498 0.177845239639282 5.6034893989563 -0.0405596047639847 1.69878304004669 0.0149752488359809 1.51964318752289 0.276956051588058 0.287019193172455 -0.382757782936096 -0.315328299999237 0.566575407981873
10.6873359680176 7.51257705688477 12.9414157867432 2.20383405685425 -1.03926146030426 7.88801050186157 8.06181812286377 22.3838500976562 18.3993301391602 28.8566474914551 5.30725002288818 9.19969367980957 4.84068727493286 4.338210105896 3.732745885849 21.4209747314453 19.8215274810791 12.2483434677124 12.2847757339478 8.70502185821533 2.50756883621216 2.50670719146729 5.39418792724609 12.5981473922729 45.4976615905762 -2.87849545478821 -2.84111976623535 -2.23041582107544 -2.20594906806946 -1.32513725757599 -2.71890735626221 -3.13130617141724 -2.32315802574158 -0.642564117908478 -0.698654890060425 0.288356125354767 -0.246945485472679 1.25203323364258 14.5853519439697 0.95295923948288 2.02419090270996 0.411786198616028 0.415353000164032 0.47484502196312 0.55083817243576 0.787141859531403
13.3816576004028 20.0121116638184 6.05174255371094 11.3335103988647 3.8693699836731 -0.986884832382202 4.29694652557373 -3.96088886260986 9.00935935974121 3.23378014564514 14.3626670837402 -2.36613965034485 0.329651981592178 3.40863227844238 7.66779375076294 14.3038778305054 12.5029916763306 24.1996250152588 34.2481117248535 5.66390895843506 3.0043408870697 -1.4122953414917 4.78091192245483 11.3708238601685 17.9828872680664 37.9500885009766 -2.57858109474182 -2.04502964019775 -2.12621688842773 -2.02620363235474 -1.98124194145203 -2.35793685913086 -0.721893966197968 -0.168411374092102 0.236437290906906 1.45001363754272 0.822130680084229 16.5926685333252 1.49934005737305 2.48332452774048 2.18253660202026 0.605174422264099 0.59495609998703 0.591051995754242 0.636265814304352 1.88161134719849
14.1158018112183 22.4116172790527 11.9539852142334 6.07051467895508 14.8666734695435 15.6441679000854 4.85748958587646 4.85267114639282 6.68458080291748 14.1175107955933 13.2902364730835 -3.54257369041443 -0.678405284881592 24.0127429962158 18.3052005767822 20.9729537963867 24.7922706604004 -3.04486465454102 -1.73728597164154 5.56374549865723 0.851089954376221 0.842642545700073 -3.42906618118286 -3.45609092712402 -3.3959949016571 13.3433294296265 29.6153869628906 -2.04306626319885 -1.5159147977829 -1.74906253814697 -0.817831099033356 -0.782930076122284 -0.959623038768768 0.0148328989744186 18.5477676391602 26.1992378234863 2.07730889320374 1.96136605739594 2.55063414573669 2.63932085037231 1.62208461761475 2.38344025611877 0.871475577354431 0.727211833000183 0.778636693954468 0.836982607841492
19.1985530853271 17.5093307495117 13.1782674789429 8.47112083435059 2.09218978881836 0.243498891592026 -1.12674117088318 14.127984046936 -3.71855688095093 -3.55304169654846 -3.55252408981323 10.2211437225342 0.65522438287735 6.77420616149902 26.0417823791504 9.76367664337158 -0.0670451074838638 5.18408346176147 -3.1907114982605 12.8855676651001 10.6345243453979 6.6794548034668 -3.16041207313538 -3.10179376602173 -2.90742349624634 -2.80769610404968 -1.99837636947632 -1.72675704956055 9.59265518188477 -0.559553146362305 -0.712137877941132 -0.183817878365517 -0.718694150447845 28.6966819763184 0.312238693237305 0.447926104068756 2.25767636299133 2.68255186080933 2.67540812492371 2.74912762641907 2.19292092323303 2.48971247673035 1.45074152946472 1.23883104324341 1.39723289012909 0.953027546405792
21.5674934387207 16.5876407623291 28.8669700622559 10.414457321167 7.47948026657104 2.83793830871582 0.904194951057434 -3.19246125221252 -3.22928667068481 -3.2517352104187 -1.3587943315506 -3.09511756896973 -1.3502277135849 4.38392400741577 8.80337429046631 4.51913642883301 -3.12364101409912 -3.09237551689148 1.45716071128845 -2.75293040275574 -2.28512811660767 -3.40000057220459 -1.3748334646225 -2.72128319740295 -2.89164257049561 -2.518315076828 -1.48528516292572 -0.63825249671936 -1.45212161540985 6.30277109146118 -0.115497134625912 1.49439871311188 -0.560810744762421 -0.180149182677269 0.597396194934845 1.54224240779877 2.35500144958496 2.42736887931824 2.78355884552002 2.73118543624878 2.91456961631775 2.59317541122437 1.95883107185364 1.55140507221222 1.34505438804626 1.51580119132996
6.58785772323608 14.6400184631348 23.968864440918 25.8296928405762 18.2617568969727 6.48505020141602 5.97814989089966 23.046329498291 19.4373111724854 5.04802417755127 -3.20961236953735 -2.59851980209351 0.825078070163727 8.47434902191162 10.674503326416 6.18242359161377 5.30602693557739 -2.99707007408142 -2.99767160415649 -2.74973845481873 -3.36879539489746 8.44252777099609 12.857442855835 13.8683137893677 -2.11764550209045 -2.01743960380554 -1.28837299346924 -0.284513294696808 0.678863525390625 -0.0137676913291216 16.2396125793457 0.173685908317566 0.442824184894562 -0.188425093889236 1.48023533821106 1.50019335746765 1.86610770225525 2.48298001289368 2.84157776832581 2.7835431098938 3.01022815704346 2.55102682113647 2.79737830162048 1.70618140697479 1.3888726234436 1.56796932220459
6.9070200920105 -1.53805506229401 -4.07190179824829 -3.87835931777954 -0.815059781074524 1.61185836791992 4.09827899932861 0.27296507358551 6.1794285774231 -1.00711417198181 -2.46497249603271 -2.54712581634521 1.87183701992035 15.0252532958984 23.2037982940674 15.9827852249146 -3.17588233947754 17.246675491333 -2.92123103141785 21.7932453155518 -3.20043349266052 -3.39360070228577 -3.131756067276 -2.34977316856384 -1.82686078548431 -1.1772552728653 2.11859798431396 3.56483030319214 0.598892867565155 5.27207660675049 0.169601365923882 0.464216589927673 0.847293257713318 0.935382068157196 1.02238798141479 1.55557215213776 1.65296423435211 2.55298519134521 2.93536376953125 2.92095375061035 3.12719464302063 2.71344685554504 2.89355659484863 2.64146304130554 1.72930574417114 1.62602388858795
-4.29634761810303 -3.8820698261261 14.748215675354 4.18701028823853 1.28043639659882 6.57189655303955 9.99100971221924 -1.21615922451019 -3.32808899879456 -2.95655965805054 12.7432670593262 3.4117329120636 4.13052034378052 0.336906045675278 19.5826892852783 25.470817565918 18.49587059021 -2.96996021270752 -2.67913341522217 -2.39175915718079 16.1876850128174 8.78059959411621 -2.14992427825928 -1.86346983909607 -1.28240466117859 6.00373029708862 25.6011486053467 7.2766284942627 11.6029968261719 0.117086723446846 0.207188114523888 1.01848828792572 0.884070158004761 0.967844426631927 1.07003438472748 1.63011860847473 1.7341982126236 2.68808197975159 2.70374441146851 3.07748746871948 3.00231552124023 3.33465266227722 2.95589661598206 2.6931300163269 1.78183889389038 1.55757522583008
