slauniainen/Data/DEM/Vihti_dsm1500b_cl_horizonAngle_198.asc
NCOLS 196 
NROWS 178 
XLLCORNER 353680 
YLLCORNER 6699024 
CELLSIZE 16 
NODATA_value -3.4e+38 
[rows 100 to 119 of 178, columns 138 to 183 of 196]
19.428466796875 12.4950389862061 12.1134452819824 9.06117725372314 9.3786096572876 8.87097358703613 8.54708671569824 7.79396820068359 7.04932928085327 6.43054533004761 5.93885660171509 6.43335819244385 6.23777198791504 6.27062463760376 7.41666126251221 7.08142995834351 6.85688781738281 6.97815275192261 6.90301942825317 6.56627798080444 6.50608539581299 6.32893991470337 6.41320133209229 6.30874443054199 7.11582326889038 7.61528015136719 9.00994396209717 10.2856941223145 12.0180912017822 11.0688095092773 11.8853445053101 13.0886812210083 10.9873027801514 12.2700500488281 13.1093530654907 11.019190788269 10.9108819961548 11.0338659286499 12.7514476776123 13.6833667755127 11.785927772522 14.542272567749 14.0737400054932 46.8997917175293 48.3736991882324 22.0878086090088
27.0432929992676 15.2048053741455 9.24266624450684 9.40725135803223 9.73679542541504 9.14462375640869 8.47251415252686 7.83197927474976 7.2717456817627 6.6140193939209 7.05141544342041 6.73312902450562 6.63992881774902 6.77103185653687 7.67581987380981 7.31222629547119 7.08134841918945 7.22603034973145 7.1380729675293 6.7933235168457 6.69875335693359 6.69092702865601 6.50088310241699 7.14537477493286 7.88204145431519 7.93658065795898 14.2577781677246 16.3981342315674 12.3895807266235 15.1435070037842 16.3521709442139 14.6368570327759 14.7762832641602 15.889045715332 17.6638317108154 13.0159206390381 16.7690277099609 11.86803150177 13.4850873947144 14.6880006790161 15.3680429458618 19.1809997558594 18.1524810791016 13.5781803131104 14.2405700683594 27.4178600311279
24.5049362182617 19.7506618499756 9.88624382019043 10.2456302642822 9.51992797851562 9.27894687652588 8.76278114318848 8.10505771636963 7.71665668487549 6.94613075256348 7.60719394683838 7.28039360046387 7.33211851119995 7.51952743530273 7.91870450973511 7.56011438369751 7.56534767150879 7.46402263641357 7.37960147857666 7.02035903930664 6.88803243637085 6.90541982650757 6.77924394607544 7.53854990005493 8.16508293151855 8.34293174743652 18.2399559020996 20.8873672485352 14.990571975708 19.1452159881592 20.3230037689209 15.7394800186157 32.9650993347168 21.1220397949219 20.3926677703857 21.2119789123535 12.1145105361938 16.6369705200195 16.1584491729736 16.2550849914551 17.7860164642334 14.6335563659668 17.014347076416 17.5510959625244 22.2248306274414 25.0387840270996
27.9867362976074 27.3798484802246 10.8604135513306 10.6852197647095 10.5272350311279 9.51071071624756 8.69149971008301 7.83573484420776 8.58715629577637 7.65497827529907 8.24259567260742 7.84508419036865 7.85004663467407 8.28457546234131 7.90351724624634 7.64115619659424 7.82299184799194 7.70992517471313 7.34362030029297 7.14489126205444 6.98959255218506 7.089271068573 7.06233072280884 8.11695289611816 8.68077182769775 35.3324928283691 25.0078277587891 28.4400367736816 20.3128662109375 26.3515911102295 27.863697052002 17.5411434173584 16.6777515411377 21.7333393096924 13.8181676864624 13.5977926254272 17.776403427124 18.540153503418 17.6836776733398 20.7992172241211 42.8880462646484 34.6873741149902 36.2336578369141 24.1500339508057 43.8694648742676 37.0555992126465
48.0599708557129 19.1205940246582 15.3861417770386 13.7000427246094 11.0575523376465 10.0646867752075 8.90887832641602 10.1089754104614 8.36476230621338 9.26032829284668 8.57260799407959 8.42438983917236 8.47017478942871 8.6680793762207 8.17291831970215 7.90417623519897 8.08617210388184 7.97189044952393 7.59208250045776 7.35553359985352 7.35009813308716 7.43478202819824 8.04101085662842 8.8808479309082 10.4345045089722 19.3110427856445 50.2635307312012 39.4848327636719 48.030460357666 49.8750686645508 25.1113967895508 22.3763961791992 12.4149703979492 11.3813238143921 14.5247011184692 17.2749004364014 30.2875156402588 31.4518566131592 34.006893157959 22.0706214904785 21.0686817169189 16.1267776489258 21.1169242858887 30.8650455474854 29.5294132232666 36.6547164916992
8.51954936981201 30.5646648406982 17.8422756195068 17.7007236480713 14.4307651519775 11.6651792526245 10.2080202102661 11.6069679260254 9.66018390655518 10.1525344848633 9.44970798492432 9.4628734588623 9.6824836730957 8.87631797790527 8.45307445526123 8.49894428253174 8.37519264221191 8.23202705383301 7.81532859802246 7.48231935501099 7.5109601020813 7.64309930801392 8.44814300537109 9.12732887268066 11.8912239074707 7.53116703033447 7.01462841033936 15.7184000015259 10.0215291976929 10.3605861663818 36.356201171875 29.8238048553467 21.0763778686523 20.9814109802246 19.4396953582764 30.1603927612305 20.2910690307617 20.6055107116699 19.8835926055908 25.3705654144287 14.7468023300171 16.1544132232666 14.9204568862915 22.2102222442627 19.2550945281982 28.367826461792
10.1754770278931 10.2136840820312 26.5056667327881 24.3733825683594 20.0686073303223 15.0301303863525 11.7355031967163 13.5567932128906 11.0741739273071 11.2102508544922 10.3403444290161 10.3387479782104 10.579174041748 9.36436367034912 8.57880687713623 8.80767154693604 8.67376327514648 8.23326015472412 7.92572927474976 7.58411645889282 7.73326635360718 7.83637714385986 8.93955230712891 9.62089061737061 14.1618747711182 8.37055492401123 7.27728796005249 13.1763200759888 16.4131889343262 22.7371292114258 28.281135559082 24.2346858978271 21.9340572357178 25.7050342559814 26.1235389709473 20.3742446899414 21.9113998413086 21.5816650390625 21.4818077087402 21.34446144104 22.7218894958496 21.8680458068848 15.1638402938843 8.82334613800049 17.9331188201904 33.7779235839844
17.566291809082 18.613842010498 26.0048809051514 38.3126373291016 23.2236042022705 20.74582862854 17.5766181945801 13.1116466522217 13.1135950088501 12.0139207839966 11.8575096130371 11.3477973937988 11.5392017364502 10.0922813415527 8.83456516265869 9.0899019241333 8.92627239227295 8.44933605194092 8.13040161132812 7.93465614318848 7.89906167984009 8.76935005187988 9.63945579528809 15.1532506942749 17.2111988067627 26.8020801544189 10.4589128494263 27.4348449707031 36.6102447509766 16.3214130401611 19.2346229553223 22.9669418334961 26.3686504364014 25.9150238037109 22.4417972564697 21.0147476196289 23.8704261779785 31.5391979217529 28.1255474090576 21.273473739624 21.7013263702393 11.4671640396118 25.0531711578369 25.2230834960938 29.8839721679688 15.5812492370605
10.1073684692383 10.0393533706665 10.5413637161255 9.87458038330078 39.6294288635254 23.0727443695068 22.1518287658691 16.5516624450684 14.8859367370605 13.8669319152832 13.4072685241699 13.3879718780518 10.5907468795776 10.8519439697266 9.46900367736816 9.31536197662354 9.09619045257568 8.58242225646973 8.01818752288818 8.06413841247559 8.48305606842041 9.05625247955322 9.8492956161499 30.2270278930664 23.5283164978027 9.79274940490723 36.1766014099121 19.7176380157471 12.4635915756226 19.5883617401123 27.2840938568115 30.1634616851807 32.2502861022949 31.2176685333252 29.6047420501709 24.8387107849121 25.3061447143555 26.7773990631104 28.1162166595459 16.0376033782959 19.3566226959229 32.8988647460938 -0.270960867404938 -0.475635349750519 -0.597780644893646 11.2830533981323
10.564811706543 10.9469661712646 10.1247434616089 9.78861999511719 9.01241397857666 22.1399326324463 28.9018859863281 20.8045978546143 17.6633358001709 14.8971366882324 15.2127504348755 14.9193115234375 12.4873008728027 10.4529047012329 9.75395965576172 9.54507160186768 9.08031177520752 8.67961692810059 8.1920919418335 8.50959491729736 8.68955230712891 9.54386329650879 12.8435363769531 10.7847995758057 12.0205698013306 10.1982021331787 33.5155181884766 7.82766389846802 29.7750549316406 24.4065742492676 22.1993637084961 25.8152542114258 32.4959373474121 27.9530601501465 27.726619720459 27.5315418243408 23.8559093475342 24.1478576660156 24.3799266815186 40.2077598571777 5.59657192230225 0.982423424720764 18.1040344238281 9.05131244659424 22.7920322418213 0.26156809926033
12.3505887985229 13.1131992340088 10.5550422668457 10.6411952972412 8.88177013397217 50.8177909851074 27.9933738708496 27.2817344665527 21.5792331695557 19.0172786712646 16.584623336792 16.796480178833 13.7891616821289 9.93969631195068 10.061393737793 9.82783794403076 9.31258678436279 8.88347434997559 8.49465370178223 8.70096874237061 8.98780632019043 10.1430578231812 41.7206726074219 9.19700908660889 10.1339426040649 11.412654876709 5.51656723022461 28.5938873291016 25.7500381469727 28.0612869262695 18.4630851745605 13.4176959991455 13.6974935531616 17.0361595153809 14.5273065567017 26.1479110717773 19.2008304595947 33.7586669921875 23.8924942016602 5.79447650909424 12.1912269592285 5.51767158508301 0.110957145690918 0.555645942687988 -0.185552701354027 7.21075439453125
13.5806550979614 14.5897836685181 27.790319442749 9.5908088684082 18.2917175292969 7.27979898452759 47.6188697814941 29.3688220977783 27.6165885925293 22.8328018188477 20.791633605957 14.2973785400391 15.3461856842041 10.1490392684937 10.3880500793457 10.1362733840942 9.51491641998291 9.10921287536621 8.66912651062012 9.55040550231934 9.89920902252197 13.2127246856689 8.48764133453369 14.248779296875 11.459321975708 17.4035778045654 13.6120767593384 9.1550407409668 9.42558860778809 16.8051052093506 22.1718788146973 19.2652950286865 19.4924812316895 22.1206951141357 39.6077537536621 20.8938751220703 26.215518951416 -1.17672884464264 16.9938659667969 23.960693359375 8.99679470062256 13.5456657409668 8.07140922546387 3.86809945106506 0.864346146583557 27.8252716064453
19.1154174804688 38.9955749511719 10.8563098907471 18.8527240753174 8.68792343139648 7.53061294555664 9.95080375671387 48.2750625610352 27.3639583587646 29.1356887817383 25.0822372436523 18.964038848877 14.4065589904785 10.9855108261108 10.7637147903442 10.3206520080566 9.66359806060791 9.28929138183594 9.69864559173584 9.96292686462402 11.0230875015259 34.8915138244629 39.2709541320801 10.2117605209351 26.5173988342285 38.9389114379883 14.7442817687988 9.58215713500977 6.05772972106934 3.10630559921265 7.24394750595093 14.9198532104492 7.21047401428223 -0.478861093521118 -1.32267427444458 -0.69344037771225 0.99007773399353 28.5900630950928 10.3232164382935 18.1120471954346 8.52174186706543 0.374898970127106 5.89910411834717 9.60838508605957 0.789981782436371 9.46214294433594
25.458423614502 11.8374042510986 11.7139625549316 9.87651920318604 8.40596771240234 11.8603210449219 16.1781101226807 10.5051984786987 49.9493789672852 31.6418380737305 32.1568260192871 22.9426212310791 13.5010118484497 11.3600292205811 11.134765625 10.5921125411987 9.97378921508789 9.67595958709717 10.114764213562 10.6967287063599 11.7270250320435 26.5564002990723 9.39066123962402 11.4473810195923 12.7324237823486 16.2979068756104 17.7916164398193 10.4297018051147 8.61653614044189 21.6060276031494 20.1820735931396 0.0228795558214188 2.92884421348572 0.881736755371094 5.60937833786011 33.5648765563965 4.88150835037231 -0.782208025455475 -0.499859690666199 -0.215671971440315 3.13995838165283 0.780664145946503 2.82179951667786 10.5988245010376 4.29720544815063 3.51334762573242
15.1439847946167 13.0310916900635 11.7748708724976 13.622368812561 18.3469352722168 17.6997375488281 5.4090838432312 17.8447322845459 11.6973543167114 53.4855918884277 26.3245449066162 29.6693706512451 11.6467657089233 11.8119945526123 11.551362991333 10.846022605896 10.3707799911499 10.1384143829346 11.5446681976318 11.6045341491699 37.5833015441895 8.33697605133057 12.1634197235107 12.8807668685913 31.4000339508057 28.4709281921387 32.1236305236816 32.6228942871094 8.36430358886719 3.45516061782837 6.80314540863037 0.472529917955399 21.9792251586914 1.32398927211761 12.8216514587402 -0.618217825889587 8.76145362854004 -0.00804022513329983 0.499895542860031 0.0923451855778694 4.30010747909546 0.236312374472618 24.5411987304688 4.46776723861694 7.16614389419556 6.38207149505615
14.2898597717285 13.3336162567139 12.1324701309204 10.8968067169189 7.7383975982666 6.0337290763855 5.44463777542114 5.30796527862549 5.95654582977295 6.58593416213989 50.907398223877 28.5878639221191 12.7566528320312 12.4571847915649 13.5895490646362 11.2065563201904 11.2272577285767 13.1045331954956 12.667332649231 14.516019821167 10.2755422592163 15.5378589630127 12.8250789642334 14.1096544265747 9.59284114837646 5.17341232299805 12.1776094436646 2.99986481666565 10.9718446731567 27.7841567993164 0.531107008457184 18.1751022338867 0.341155380010605 28.9776668548584 35.0666160583496 29.0324802398682 19.4555988311768 8.13665771484375 0.208636522293091 0.880552053451538 4.01327419281006 4.48656225204468 0.105107679963112 7.46655988693237 8.98907852172852 13.3634729385376
15.5021858215332 13.5676555633545 11.4213304519653 8.91357517242432 7.18504619598389 6.26412439346313 5.82039165496826 7.0602879524231 8.13215446472168 16.6914539337158 8.49477863311768 26.859733581543 14.6882047653198 13.1181001663208 17.5097103118896 12.2537355422974 11.9943828582764 15.8142375946045 13.9786224365234 27.6273975372314 12.6592502593994 12.5443830490112 18.823860168457 44.7789421081543 27.9934978485107 32.1449203491211 11.7352705001831 18.2055644989014 13.0298643112183 0.504062116146088 7.07068157196045 -0.755139887332916 3.09073543548584 -0.565813899040222 -0.452291488647461 -0.130952686071396 0.19687308371067 0.29016774892807 0.879899322986603 1.09984230995178 0.736630380153656 5.70630836486816 2.27546501159668 6.43041372299194 31.7767372131348 14.6680192947388
17.210241317749 13.9742774963379 12.4653415679932 9.38651943206787 7.19467258453369 12.1466808319092 11.2370567321777 7.39726495742798 6.11349296569824 9.42457485198975 9.16661643981934 27.7244777679443 16.5805034637451 33.7168426513672 16.3912582397461 15.5855569839478 15.0196733474731 22.43434715271 29.2550373077393 14.2100658416748 16.7548179626465 15.1171989440918 37.2166938781738 11.9199981689453 5.68972873687744 1.48784220218658 0.991990685462952 8.73623466491699 9.44690704345703 16.9162883758545 1.33709621429443 -0.269948869943619 -0.424698621034622 0.0557264387607574 0.497029960155487 0.735547184944153 1.09431302547455 1.82182240486145 4.74064493179321 4.20790719985962 9.98408699035645 9.56389904022217 7.00774908065796 19.8810214996338 2.91533017158508 7.03095436096191
19.176570892334 16.1044101715088 12.4984302520752 9.66631031036377 7.24116563796997 6.06276082992554 7.41809558868408 9.07409954071045 7.50949859619141 10.6955547332764 9.99069213867188 13.1304063796997 23.4134311676025 11.4053649902344 29.0100173950195 23.6949291229248 39.0109939575195 15.4646043777466 16.7597694396973 18.2331466674805 24.229944229126 45.9246292114258 13.7469367980957 19.7339267730713 12.8349390029907 7.85889673233032 16.9414577484131 4.71727323532104 10.9813919067383 0.616382718086243 2.14568877220154 -0.064700074493885 11.8407754898071 11.1352014541626 2.247554063797 2.12151217460632 6.75441598892212 6.02926349639893 7.24004745483398 9.30887603759766 26.531286239624 5.05981492996216 0.83686763048172 14.1949663162231 16.9001770019531 8.55811977386475
19.070671081543 16.6720142364502 11.6974267959595 9.09654712677002 8.44908714294434 12.6584053039551 24.945728302002 9.92640399932861 11.5702743530273 12.0260038375854 11.9455575942993 13.606086730957 13.8482313156128 14.9434576034546 11.7646646499634 12.9786443710327 10.7926959991455 15.3912000656128 17.1619892120361 32.5425262451172 43.7241554260254 18.2375507354736 19.2718620300293 15.4470930099487 15.8384504318237 19.8516540527344 1.5844441652298 19.60400390625 0.539397954940796 1.16029238700867 2.30328226089478 24.1483669281006 26.5149822235107 3.56952524185181 2.56857419013977 2.66906213760376 2.7785313129425 18.2305107116699 21.0204315185547 0.819512486457825 0.367882519960403 4.71596384048462 33.652042388916 1.03403306007385 0.430474311113358 24.4015197753906
