slauniainen/Data/DEM/Vihti_dem_16m.asc
ncols         196
nrows         178
xllcorner     353680
yllcorner     6699024
cellsize      16
NODATA_value  -9999
[rows 60 to 89 of 178, columns 68 to 135 of 196]
43.10894 43.36659 43.5691 43.57867 43.72778 43.79817 43.77406 43.98409 44.28698 44.64842 44.92173 45.10631 45.20741 45.28064 45.36767 45.31455 45.30642 45.26398 45.19349 45.18559 45.1396 44.95872 44.9313 44.93553 45.08908 46.85527 49.88039 53.28731 55.78236 62.84377 69.53912 71.93983 70.64017 68.99119 65.54633 62.71383 61.38348 61.16595 61.2342 61.37077 61.87663 62.30824 -9999 -9999 -9999 -9999 -9999 -9999 -9999 -9999 -9999 -9999 -9999 -9999 -9999 -9999 -9999 -9999 -9999 -9999 -9999 -9999 -9999 -9999 -9999 -9999 -9999 -9999
43.20033 43.24522 43.47966 43.70367 43.636 43.70875 43.90859 43.97462 44.32694 44.72042 45.003 45.13133 45.18317 45.315 45.32497 45.35949 45.32972 45.24994 45.20169 45.14819 45.10275 44.95347 44.81947 44.8845 44.98748 46.02944 49.32288 51.51689 54.61726 59.03198 66.65328 71.60114 71.8905 70.82956 67.74094 64.52747 62.53069 61.88017 61.75694 61.47939 61.81455 62.41541 63.23072 64.69245 66.47167 68.04652 69.24399 -9999 -9999 -9999 -9999 -9999 -9999 -9999 -9999 -9999 -9999 -9999 -9999 -9999 -9999 -9999 -9999 -9999 -9999 -9999 -9999 -9999
43.10383 43.25978 43.2912 43.55288 43.71798 43.63198 43.90211 44.15673 44.42047 44.80409 44.98955 45.10498 45.17416 45.25171 45.20491 45.14769 45.14719 45.16067 45.13186 45.05792 45.03194 44.87822 44.6668 44.77286 44.72544 45.43609 47.97853 50.5308 53.50392 56.7353 62.01869 67.52689 70.73384 70.72677 69.32364 66.34924 63.76011 62.66081 62.2021 61.81644 62.15603 62.71822 63.83489 66.13083 68.26839 70.13416 73.13848 -9999 -9999 -9999 -9999 -9999 -9999 -9999 -9999 -9999 -9999 -9999 -9999 -9999 -9999 -9999 -9999 -9999 -9999 -9999 -9999 -9999
42.72994 43.05788 43.34605 43.30525 43.50315 43.70486 43.82195 44.15883 44.59262 44.799 44.97336 45.04267 45.08647 45.09289 45.08703 45.11659 45.06902 45.02447 44.93827 44.89044 44.84286 44.65623 44.51483 44.57695 44.612 44.77127 47.11013 49.71606 52.58181 55.34144 58.74284 64.19881 68.01989 69.61058 69.61993 67.55978 65.06232 63.3577 62.531 62.2173 62.50652 63.06392 64.41547 66.50053 68.79301 71.065 75.87135 78.57728 -9999 -9999 -9999 -9999 -9999 -9999 -9999 -9999 -9999 -9999 -9999 -9999 -9999 -9999 -9999 -9999 -9999 -9999 -9999 -9999
42.5105 42.55689 43.06711 43.19739 43.25695 43.56602 43.9101 44.24306 44.63086 44.73283 44.86533 44.9241 44.931 44.91094 44.92255 44.96044 44.91162 44.87926 44.74564 44.65891 44.57544 44.29936 44.29298 44.41622 44.49239 44.78085 46.49519 49.24884 51.82691 54.32794 57.08233 61.01017 65.54245 67.93786 68.71367 67.65475 65.85278 63.69255 62.80106 62.50797 62.899 63.37503 64.38924 66.26814 68.59595 71.54028 76.44967 80.22442 -9999 -9999 -9999 -9999 -9999 -9999 -9999 -9999 -9999 -9999 -9999 -9999 -9999 -9999 -9999 -9999 -9999 -9999 -9999 -9999
43.06025 42.61744 42.31797 42.80299 43.22997 43.37288 43.88084 44.27941 44.55144 44.69953 44.7825 44.82325 44.77961 44.72881 44.71269 44.65783 44.60142 44.56738 44.38102 44.10287 43.8452 43.75027 43.98131 44.17872 44.328 44.57117 46.39737 49.00925 51.5272 53.6437 56.01027 59.18974 62.58258 65.41847 66.83035 67.239 65.78593 64.13908 63.19115 62.81699 63.16842 63.67222 64.60844 66.38269 68.45725 71.18159 76.21407 80.3777 -9999 -9999 -9999 -9999 -9999 -9999 -9999 -9999 -9999 -9999 -9999 -9999 -9999 -9999 -9999 -9999 -9999 -9999 -9999 -9999
43.07391 42.95351 42.66633 42.39536 42.42712 43.06011 43.50383 44.00864 44.27295 44.43008 44.49456 44.52098 44.52884 44.45469 44.3947 44.28384 44.21019 43.9617 43.61623 42.96173 42.97459 43.16339 43.41783 43.79422 44.20358 44.37156 45.5647 47.74142 50.82476 53.17455 55.21694 57.8755 60.66066 63.08689 64.80528 66.10322 65.80452 64.3797 63.61055 63.18061 63.36397 63.85025 64.96177 66.57417 68.30766 70.62825 76.35948 80.10265 -9999 -9999 -9999 -9999 -9999 -9999 -9999 -9999 -9999 -9999 -9999 -9999 -9999 -9999 -9999 -9999 -9999 -9999 -9999 -9999
43.22056 43.09041 43.02398 42.78125 42.3532 42.21784 42.49072 43.37156 43.66147 43.78955 43.83061 43.89177 43.78281 43.67992 43.52589 43.45358 43.35631 43.20164 42.90642 42.75774 42.93225 43.10606 43.24292 43.37261 43.58433 43.9107 44.58588 45.6835 49.55159 52.79397 54.83766 57.12841 59.4625 61.48639 63.31351 64.48033 65.34846 64.28577 63.71645 63.62358 63.82556 64.12947 64.93735 66.55044 68.22158 71.25416 75.88046 79.58286 -9999 -9999 -9999 -9999 -9999 -9999 -9999 -9999 -9999 -9999 -9999 -9999 -9999 -9999 -9999 -9999 -9999 -9999 -9999 -9999
43.91767 43.33184 43.09925 43.08094 42.81819 42.51658 42.50998 42.35294 42.45455 42.69953 42.62944 42.8313 43.04792 42.78345 42.65647 42.69586 42.65245 42.59411 42.59962 42.77133 42.91795 43.03088 43.19031 43.28738 43.42636 43.72344 44.64912 46.28022 49.29545 52.75475 55.05025 57.11319 59.18197 60.84603 62.21586 63.18098 64.18194 64.42139 63.61458 63.60715 63.61622 63.88136 64.56892 65.92594 68.1507 70.90513 75.79195 78.93073 79.60638 -9999 -9999 -9999 -9999 -9999 -9999 -9999 -9999 -9999 -9999 -9999 -9999 -9999 -9999 -9999 -9999 -9999 -9999 -9999
45.27394 44.50809 43.56086 43.08731 42.9795 42.63342 42.64155 42.50117 42.39472 42.23622 42.36914 42.93825 42.90477 42.69949 42.55408 42.53114 42.58223 42.59552 42.71083 42.78584 42.88005 42.9575 43.01762 43.14645 43.2807 43.65855 44.26155 46.73558 51.08642 57.73261 58.31108 59.41116 60.35772 61.15228 62.00744 62.73833 63.4643 64.10669 63.77317 63.64175 63.66323 63.68981 64.06414 65.12431 67.47755 70.35453 74.25278 77.70187 79.3917 -9999 -9999 -9999 -9999 -9999 -9999 -9999 -9999 -9999 -9999 -9999 -9999 -9999 -9999 -9999 -9999 -9999 -9999 -9999
47.04311 46.29205 45.05976 43.61105 43.04523 42.87483 42.56306 42.60014 42.40761 42.4003 42.40569 42.60984 42.77056 42.96619 42.62938 42.59383 42.58864 42.63908 42.64906 42.74784 42.78859 42.85498 42.93209 43.03131 43.12741 43.44444 43.95192 46.52178 54.06447 63.4753 64.52387 63.5862 63.74492 63.53236 63.12017 63.50553 64.21699 64.98384 64.6868 63.94644 63.75192 63.76226 63.91345 64.57024 66.25377 68.86923 72.10493 76.4265 78.99754 80.1916 -9999 -9999 -9999 -9999 -9999 -9999 -9999 -9999 -9999 -9999 -9999 -9999 -9999 -9999 -9999 -9999 -9999 -9999
48.80841 47.85544 46.64545 45.15206 43.77277 43.02444 42.81861 42.6635 42.6314 42.51561 42.45649 42.62815 42.81755 42.71614 42.52211 42.40802 42.54026 42.57962 42.6085 42.64808 42.70612 42.77102 42.81355 42.88969 42.99561 43.17152 43.53209 45.95359 56.04014 64.50575 67.33073 67.43033 67.18106 66.86589 66.13302 66.26486 66.8657 67.26917 67.01486 66.0495 64.76997 64.13755 64.08036 64.39053 65.42496 67.82277 70.32323 75.03778 78.13614 79.85997 79.347 -9999 -9999 -9999 -9999 -9999 -9999 -9999 -9999 -9999 -9999 -9999 -9999 -9999 -9999 -9999 -9999 -9999
49.62759 49.0618 47.74876 46.43602 45.08876 43.51531 43.0043 42.66181 42.75774 42.66133 42.56506 42.56661 42.67739 43.00242 43.06348 42.66858 42.35089 42.32731 42.3823 42.43652 42.50201 42.60967 42.65501 42.76548 42.84481 43.04863 43.34167 45.06055 56.40884 64.47623 67.89562 69.54453 69.99606 69.51203 69.04892 68.94868 69.20161 70.01053 70.22203 68.56153 66.79588 65.23836 64.56802 64.50128 65.04153 66.90382 69.73911 73.80688 77.11011 79.21708 79.27341 76.38661 -9999 -9999 -9999 -9999 -9999 -9999 -9999 -9999 -9999 -9999 -9999 -9999 -9999 -9999 -9999 -9999
49.79956 49.69911 48.66666 47.25797 45.75375 44.02637 43.113 42.9152 42.68291 42.72234 42.64965 42.59512 42.69497 42.86049 42.94209 42.77541 42.55359 42.4977 42.43666 42.42685 42.37528 42.31478 42.34328 42.36544 42.59201 42.8568 43.23166 44.45256 54.54963 64.01955 68.13956 70.33394 71.75639 71.9854 71.81108 71.83347 72.76539 75.85511 75.11806 71.28967 68.76822 66.76467 65.27694 64.71356 65.00478 66.19251 69.11905 72.36155 76.01466 77.89024 77.95377 76.11813 73.99525 -9999 -9999 -9999 -9999 -9999 -9999 -9999 -9999 -9999 -9999 -9999 -9999 -9999 -9999 -9999
50.46923 49.7755 49.17955 48.07111 46.43417 44.16037 43.16161 42.98633 42.82159 42.70155 42.75031 42.61489 42.6531 42.74845 42.77464 42.71744 42.57539 42.5657 42.52544 42.46583 42.48687 42.47461 42.48811 42.38863 42.50151 42.57969 42.76264 43.9217 51.00938 61.21766 67.36817 70.16222 72.14113 73.81147 74.52767 75.52019 76.69789 78.30582 78.22659 74.55126 70.71689 67.99841 66.04501 65.20356 65.10308 65.92622 68.62297 71.32702 74.26044 75.15422 74.24986 74.32033 73.50677 73.32664 73.21692 -9999 -9999 -9999 -9999 -9999 -9999 -9999 -9999 -9999 -9999 -9999 -9999 -9999
50.78756 49.96681 49.191 48.1655 46.58028 44.25361 43.27256 43.04856 42.93984 42.65539 42.84025 42.6983 42.69659 42.69803 42.70411 42.66605 42.63394 42.61083 42.5836 42.53466 42.49601 42.51608 42.5323 42.45542 42.49876 42.61297 42.88064 43.83698 47.29478 55.54301 64.59217 69.17175 71.38416 73.53177 76.18343 78.06261 79.08995 80.04859 79.402 77.03123 75.53131 71.10191 67.83469 66.11339 65.62405 65.6468 67.45809 69.61692 71.05458 71.19425 71.25678 72.02427 72.76925 73.07631 73.46217 74.95178 -9999 -9999 -9999 -9999 -9999 -9999 -9999 -9999 -9999 -9999 -9999 -9999
50.32745 49.9045 49.15458 47.81799 46.57965 44.48531 43.266 43.06702 42.93784 42.77028 42.71431 42.73544 42.68988 42.70798 42.70839 42.59924 42.63828 42.64145 42.64144 42.57655 42.55314 42.51109 42.51976 42.50484 42.47264 42.65303 42.91436 43.57838 46.08762 50.3693 58.52409 65.90352 70.16177 73.42408 75.21292 77.04189 78.52956 79.1537 78.8623 78.31322 77.44783 74.54637 70.10957 68.06911 65.74519 65.32716 66.13389 67.85744 69.02335 69.31333 69.95514 70.78381 71.69803 72.21189 73.2455 76.27169 79.36455 81.56287 -9999 -9999 -9999 -9999 92.08746 93.95828 -9999 -9999 -9999 -9999
49.65711 49.56644 49.05973 47.98449 46.37566 44.36767 43.32525 43.02389 42.91037 42.70406 42.55466 42.73116 42.79638 42.68703 42.70884 42.67999 42.66256 42.65861 42.63983 42.62881 42.55019 42.55556 42.56934 42.5764 42.50397 42.70073 42.98814 43.29523 44.53173 47.93292 53.53448 60.64084 67.07875 71.36513 71.93848 73.53677 75.23311 75.55447 76.24022 76.13377 75.66805 73.8635 70.163 68.12772 65.48172 64.43983 64.60017 66.46047 67.99702 68.57337 69.15653 70.43608 71.34325 72.38754 73.44942 76.64581 82.1935 85.59319 87.54236 -9999 90.64008 90.78587 90.40841 91.46246 -9999 -9999 -9999 -9999
48.30788 48.2958 48.05589 47.44414 45.95678 44.44477 43.49011 43.13384 42.82328 42.70789 42.7178 42.64989 42.79676 42.78711 42.71309 42.74484 42.67356 42.6628 42.68602 42.6869 42.63769 42.72826 42.72341 42.70473 42.89376 42.89831 43.06994 43.35234 43.77636 46.0225 50.28363 56.79928 62.06908 66.17274 67.88869 68.81656 70.01942 71.25848 71.67925 71.67934 71.36802 70.67149 68.87678 67.06341 64.77636 63.76195 63.84605 65.33279 66.85156 68.41028 68.83534 69.80206 71.07236 72.23384 73.68027 76.18877 81.65195 86.16223 87.73995 88.47801 88.91685 88.88205 88.01852 86.96198 86.02645 82.1082 76.77785 -9999
-9999 -9999 46.89234 46.4805 45.77626 44.9225 44.2675 43.83664 43.46631 43.19266 42.89845 42.77452 42.7378 42.80542 42.76809 42.7564 42.7217 42.69284 42.73758 42.79556 42.81967 42.81538 43.01012 43.31317 43.44145 43.34364 43.14784 43.32622 43.50824 44.76545 48.00922 53.09984 58.57478 61.75965 63.18356 64.84364 65.0915 65.72145 66.88466 67.33421 67.20244 67.18401 66.44862 65.1423 64.04295 62.90464 62.83319 63.80127 65.64449 67.646 68.65014 69.58253 70.61839 71.87437 73.31584 75.76971 81.19844 84.4055 85.73634 86.02233 86.58826 86.23174 85.11775 83.56001 82.31145 79.91728 75.61629 73.73039
-9999 -9999 -9999 -9999 45.69819 45.50673 45.62341 45.78133 44.95516 44.00523 43.18345 42.90086 42.80133 42.79069 42.8061 42.79836 42.81069 42.78249 42.8595 42.91861 43.02931 43.36564 43.53341 43.61731 43.71892 43.68139 43.32775 43.31997 43.48906 43.9937 46.72003 50.14261 54.34398 57.24775 58.42705 59.55513 60.28678 60.52798 61.55467 62.45681 62.58919 62.89184 63.094 62.5098 61.95122 61.72017 61.91597 63.06142 65.06855 67.27958 68.60735 69.42738 70.37358 71.48819 72.92499 75.40819 79.8998 82.49663 83.54039 83.27725 83.01567 83.19989 81.98392 80.98086 79.77489 77.59897 74.98491 73.32939
-9999 -9999 -9999 -9999 -9999 -9999 -9999 46.78981 46.01397 45.10373 43.88308 43.12319 42.93619 42.81008 42.90367 42.95773 43.12074 43.24864 43.16373 43.42625 43.53719 43.63783 43.7395 43.80761 43.83184 43.80555 43.64917 43.37419 43.4975 43.79225 46.42161 48.9858 50.94261 52.83002 53.94395 54.75177 55.51791 56.34525 57.1883 58.01958 58.27684 58.64483 59.39281 59.95116 59.89238 60.11486 60.67058 62.11813 64.68208 67.58673 68.67645 69.6824 70.71664 71.73761 73.01543 74.99748 78.22531 80.07517 80.31028 80.04052 79.19099 78.91342 78.80772 78.67219 78.3203 76.76929 75.00595 71.80258
-9999 -9999 -9999 -9999 -9999 -9999 -9999 -9999 46.41459 45.65575 44.49375 43.40267 43.05906 42.94653 42.99384 43.28806 43.8681 44.12253 44.21203 44.01694 43.74755 43.82794 43.87677 43.94398 43.98603 43.94938 43.85444 43.56983 43.54424 43.78 45.81952 48.86813 49.61719 50.03902 50.57663 51.0878 52.27611 53.51317 54.19524 54.97577 55.349 55.79213 56.62592 57.54586 58.15622 58.97659 59.78611 61.22625 63.93978 67.23624 69.04148 70.88389 72.19501 73.05913 73.96195 74.89113 76.6787 77.23053 77.14961 76.56226 75.63937 75.00692 75.38214 76.06563 77.00105 75.771 74.50064 70.98183
-9999 -9999 -9999 -9999 -9999 -9999 -9999 -9999 46.50365 45.89897 44.71197 43.6327 43.2895 43.22278 43.17811 43.58947 44.32436 44.33052 44.8798 45.06145 44.67889 43.97881 44.03417 44.08846 44.13353 44.1008 44.01537 43.8398 43.68516 43.94912 44.18159 46.73275 48.19773 47.99933 48.27588 48.60392 49.85558 51.94403 53.06263 53.63558 54.1035 54.5484 55.19423 56.13103 57.13966 58.04669 59.07933 60.52867 62.83275 66.35567 69.70208 75.59323 77.28055 77.9762 77.33578 76.28635 75.70187 75.72051 75.77187 74.09469 72.72698 71.72075 71.85953 72.06648 73.70238 73.8604 73.01292 70.3447
-9999 -9999 -9999 -9999 -9999 -9999 -9999 -9999 46.36208 45.84983 44.56662 43.83167 43.555 43.35361 43.4665 43.87666 44.99398 46.19031 47.05722 47.02515 46.5115 44.59361 44.19601 44.20813 44.22769 44.24538 44.20792 44.05058 43.76778 43.98125 44.14703 44.56872 45.36764 46.0548 46.74109 46.91356 47.85372 49.50005 51.43708 52.33433 52.91325 53.55805 54.54384 55.65897 56.63023 57.69714 58.81467 60.40567 62.81278 66.0663 69.73628 77.82797 80.96756 82.1495 80.90045 77.66989 74.99809 74.3893 74.72945 73.66038 70.99584 69.43517 68.99644 69.18731 70.49645 70.60924 70.27094 69.11131
-9999 -9999 -9999 -9999 -9999 -9999 -9999 -9999 -9999 45.68391 44.85047 44.00556 43.66764 43.68891 43.7888 44.25489 45.27897 46.38041 47.37917 48.01966 47.64695 44.98508 44.28795 44.31749 44.34595 44.39906 44.31067 44.15356 43.90075 43.96592 44.25053 44.56963 45.12341 45.6653 46.04475 46.80812 48.4068 50.43423 50.76348 51.62508 52.86694 53.19142 54.31126 55.43933 56.43984 57.56837 58.53683 59.86825 63.18388 66.78356 69.35175 76.31783 81.03364 81.78551 81.96602 78.70933 74.73427 72.83089 72.36167 71.71 69.70116 68.07744 67.52454 67.5027 68.77872 69.24805 68.58894 68.19424
-9999 -9999 -9999 -9999 -9999 -9999 -9999 -9999 -9999 45.76788 45.48689 44.78001 44.1882 43.99811 44.13744 44.75422 45.64349 46.56709 47.50436 48.06934 47.707 45.10525 44.3412 44.43997 44.49864 44.49414 44.42484 44.32514 44.13585 43.95916 44.2165 44.48133 44.96731 45.31281 45.67319 46.85314 49.97631 52.79467 53.2547 53.61342 54.69627 54.76313 55.06644 55.69664 56.63786 57.8119 58.73748 59.86042 62.6602 67.02431 68.92058 70.88128 74.70679 75.9464 77.25614 77.09056 74.35983 71.67335 70.36734 69.06447 68.05364 67.24358 66.95503 66.92033 67.74342 68.4362 67.97932 67.89024
-9999 -9999 -9999 -9999 -9999 -9999 -9999 -9999 -9999 -9999 46.43431 46.13003 45.0698 44.49236 44.57055 45.17141 46.17202 47.17691 47.87758 48.14509 47.28042 44.90758 44.47545 44.49508 44.55772 44.60664 44.52989 44.42551 44.29783 44.0767 44.18008 44.44431 44.73719 45.05248 45.28214 47.78381 51.90041 54.46244 55.42133 55.78645 56.36189 56.0285 55.92487 56.18884 57.09355 58.23108 59.28173 60.32333 61.83041 64.64977 66.57781 67.39052 68.1742 69.53372 71.38049 73.02211 72.87502 70.7578 69.19922 68.28291 67.46394 66.73977 66.441 66.63164 66.94109 67.55521 67.866 67.12901
-9999 -9999 -9999 -9999 -9999 -9999 -9999 -9999 -9999 -9999 -9999 47.07536 46.09189 45.22064 45.09827 45.70488 46.98292 48.2772 48.793 48.48694 46.61187 44.58009 44.53312 44.54585 44.59847 44.63405 44.58911 44.49894 44.41192 44.27455 44.16395 44.37426 44.58164 44.80827 45.07797 49.68516 54.23828 57.59435 59.4091 59.38194 58.49302 57.67545 57.16256 57.07162 57.74053 58.74394 60.08775 61.225 61.86133 62.51941 63.48373 64.4809 65.75575 67.30737 68.79339 70.16058 70.2868 69.80461 68.83103 68.33175 67.36589 66.49117 66.0137 66.05092 65.953 65.97273 66.40286 65.62158
-9999 -9999 -9999 -9999 -9999 -9999 -9999 -9999 -9999 -9999 -9999 48.17834 47.73145 46.845 45.99163 46.36661 47.87278 49.07884 49.39675 48.90344 46.56986 44.576 44.56061 44.58455 44.63664 44.68392 44.71253 44.64883 44.50055 44.36328 44.19144 44.2745 44.51891 44.65067 46.43814 55.36197 62.28359 63.79578 65.48625 65.05135 62.60226 60.95638 59.8045 58.79676 58.95356 59.66417 60.7602 61.81736 62.04733 62.06588 62.27861 62.79861 63.57622 64.89748 66.40466 67.78711 68.64678 68.69461 68.38594 68.56161 67.95174 66.8035 65.42738 64.60708 64.48664 64.18628 64.03019 63.64627
