slauniainen/Data/DEM/Vihti_dem1500b_cl_horizonAngle_150.asc
NCOLS 196 
NROWS 178 
XLLCORNER 353680 
YLLCORNER 6699024 
CELLSIZE 16 
NODATA_value -3.4e+38 
[rows 100 to 119 of 178, columns 90 to 134 of 196]
1.45503187179565 1.7633216381073 2.747633934021 3.38013243675232 3.77909970283508 3.9155900478363 4.06192207336426 4.13811349868774 4.40522146224976 4.50981903076172 4.57065963745117 4.70290565490723 4.86889314651489 5.05398941040039 5.2230224609375 5.33530521392822 5.37034702301025 5.19512367248535 5.03478479385376 5.18704032897949 5.37396430969238 5.41980934143066 5.47982215881348 5.48681020736694 5.65955877304077 5.90862321853638 6.31309509277344 6.64402055740356 6.84943675994873 6.60567140579224 6.25917053222656 5.43085718154907 4.31806802749634 3.66968584060669 3.53955841064453 3.46912026405334 3.49286103248596 3.38421988487244 3.32153534889221 3.3474109172821 3.20756340026855 3.03432869911194 3.01179170608521 3.12995624542236 3.32733130455017
1.62829411029816 1.76898193359375 2.55066275596619 3.15703272819519 3.67331504821777 3.96116828918457 4.0708270072937 4.18601942062378 4.35024881362915 4.55300331115723 4.66461992263794 4.73896360397339 4.87452363967896 5.04793548583984 5.31908750534058 5.43555545806885 5.62809419631958 5.43880224227905 5.25824975967407 5.32821846008301 5.64930391311646 5.80244064331055 5.92683362960815 6.05817270278931 6.20449495315552 6.64226484298706 7.00412511825562 7.26070213317871 7.37576580047607 7.30391311645508 6.97173929214478 6.29823970794678 5.25227212905884 4.44851112365723 4.43753957748413 4.39529514312744 4.03822946548462 3.80554246902466 3.80833339691162 3.76437163352966 3.63138794898987 3.4838285446167 3.34206700325012 3.37756705284119 3.47672915458679
2.05491161346436 1.8795337677002 2.42620944976807 3.00440263748169 3.60447525978088 3.95063185691833 4.08359098434448 4.18856430053711 4.35473966598511 4.64951181411743 4.75509738922119 4.83269786834717 4.91010808944702 5.06051540374756 5.35909271240234 5.54114770889282 5.67001342773438 5.81788778305054 5.64389610290527 5.65366077423096 5.88294649124146 6.17094373703003 6.42934131622314 6.58644437789917 6.70692777633667 7.27991199493408 7.45009660720825 7.55069732666016 7.66762971878052 7.71082448959351 7.31949186325073 6.85940599441528 5.95933532714844 4.69831371307373 4.67790174484253 4.7576322555542 4.43517923355103 4.20318174362183 4.2972731590271 4.26178312301636 4.13546133041382 3.96084928512573 3.77310633659363 3.70126581192017 3.71268272399902
2.28179931640625 1.92156684398651 2.51621985435486 3.10345029830933 3.60070943832397 3.82474136352539 4.07375526428223 4.24577379226685 4.40540885925293 4.59599494934082 4.81536722183228 4.92274236679077 5.01237392425537 5.16592073440552 5.33776903152466 5.64266204833984 5.79075574874878 6.02363777160645 6.07694339752197 6.05997896194458 6.17142105102539 6.61204147338867 6.88072395324707 6.99002265930176 7.12376832962036 7.38705825805664 7.79898357391357 7.88783121109009 7.98267269134521 8.06764030456543 8.04909896850586 7.61376190185547 6.878577709198 5.74994277954102 4.87207746505737 4.85141658782959 4.957688331604 4.84625053405762 4.81783246994019 4.73413944244385 4.61343812942505 4.41152906417847 4.31283760070801 4.18371677398682 4.05608415603638
2.35564279556274 2.16211271286011 2.83996748924255 3.33425760269165 3.60423612594604 3.78690552711487 4.01685857772827 4.3043360710144 4.41946315765381 4.59504652023315 4.76132869720459 4.99261045455933 5.13147068023682 5.20931911468506 5.36687898635864 5.68119049072266 5.88215923309326 6.03504943847656 6.26979351043701 6.35913610458374 6.54576063156128 6.87528896331787 7.12103366851807 7.3173975944519 7.37963581085205 7.39240503311157 8.09276103973389 8.18065738677979 8.27943801879883 8.45012378692627 8.4954662322998 8.56932353973389 7.81259822845459 6.62207126617432 4.9932713508606 4.98178386688232 5.09106969833374 5.08501052856445 5.14395236968994 5.1436014175415 5.01328897476196 4.91432332992554 4.86879205703735 4.77145671844482 4.64578199386597
2.57918000221252 2.46325159072876 3.07875752449036 3.35909819602966 3.60939574241638 3.77629542350769 4.01164102554321 4.29645586013794 4.4875226020813 4.65576457977295 4.76158618927002 5.11197376251221 5.22980499267578 5.33119249343872 5.49891471862793 5.67421054840088 6.02408885955811 6.17766189575195 6.43284177780151 6.53116655349731 6.66474866867065 6.91037130355835 7.31247568130493 7.52315616607666 7.58243846893311 7.66947841644287 8.08781337738037 8.58978271484375 8.68461418151855 8.78291130065918 9.0007152557373 9.04622268676758 8.59031677246094 8.06157970428467 7.01226758956909 5.19061088562012 5.18129014968872 5.31101989746094 5.29456424713135 5.34521150588989 5.4043231010437 5.34443235397339 5.27408742904663 5.2490348815918 5.11255168914795
2.69595575332642 2.61379265785217 3.18383073806763 3.41276216506958 3.65661239624023 3.77454280853271 3.97129893302917 4.21697568893433 4.54896116256714 4.66449642181396 4.82116174697876 5.04858636856079 5.30949735641479 5.46325159072876 5.54800367355347 5.73384237289429 6.07273387908936 6.28663682937622 6.44952821731567 6.71717929840088 6.81947660446167 7.01777219772339 7.37439727783203 7.64213228225708 7.85680389404297 7.93371152877808 8.0244722366333 8.58481884002686 9.14931964874268 9.24770545959473 9.39191150665283 9.47625637054443 9.59918594360352 8.92840576171875 8.07526397705078 6.75791788101196 5.33640909194946 5.46805429458618 5.47920799255371 5.55089855194092 5.60654163360596 5.6977105140686 5.71998310089111 5.65456676483154 5.5742301940918
2.76151466369629 2.72563076019287 3.20238256454468 3.54982995986938 3.74417734146118 3.78804326057434 3.95633220672607 4.11260461807251 4.54039669036865 4.71208429336548 4.86317873001099 5.0502724647522 5.43817377090454 5.57042264938354 5.69935464859009 5.88633155822754 6.07536602020264 6.34027624130249 6.58416509628296 6.74554347991943 7.02119016647339 7.13175058364868 7.32446908950806 7.69843244552612 7.99240350723267 8.2218017578125 8.287184715271 8.71663951873779 9.54396629333496 9.64510536193848 9.76037883758545 10.0770387649536 10.1329050064087 9.62268161773682 9.03550720214844 7.87042236328125 5.55984020233154 5.55911254882812 5.7180004119873 5.74460506439209 5.81817722320557 5.90979719161987 5.93778800964355 5.87635660171509 5.85768890380859
2.92078685760498 2.86162662506104 3.3027822971344 3.56857323646545 3.76080679893494 3.85461664199829 3.94066739082336 4.10337734222412 4.36688470840454 4.70145225524902 4.93459749221802 5.11768817901611 5.37933874130249 5.66701030731201 5.85015439987183 5.94765472412109 6.15617895126343 6.35822772979736 6.78847169876099 6.95455312728882 7.23176670074463 7.33473873138428 7.49366617202759 7.76373529434204 8.23013401031494 8.4627742767334 8.58606719970703 8.68997859954834 9.53584003448486 10.239164352417 10.3516054153442 10.5671625137329 10.7655448913574 10.9029712677002 10.0048055648804 9.05259323120117 7.57839059829712 5.73476552963257 5.81050395965576 5.98586463928223 5.99981594085693 6.11219644546509 6.2691502571106 6.20135354995728 6.16848468780518
2.95487117767334 3.02815365791321 3.2242705821991 3.53815531730652 3.71567440032959 3.92417335510254 3.95593643188477 4.10211610794067 4.34112739562988 4.63360691070557 4.99714183807373 5.18366527557373 5.38080072402954 5.81436395645142 5.95272636413574 6.11983156204224 6.2283730506897 6.46861171722412 6.84736728668213 7.12588119506836 7.30103206634521 7.59316253662109 7.71103954315186 7.92118453979492 8.29807090759277 8.63957977294922 8.88683032989502 9.02472877502441 9.79524612426758 10.7267398834229 10.8410005569458 11.0651979446411 11.4383068084717 11.5036535263062 10.9425926208496 10.2677164077759 8.94413661956787 5.96892881393433 6.00624418258667 6.17410802841187 6.22678852081299 6.30683660507202 6.48459100723267 6.67517375946045 6.43465662002563
3.4210901260376 3.09945678710938 3.0948543548584 3.4485604763031 3.72451233863831 3.92975282669067 4.04422092437744 4.1104621887207 4.33242225646973 4.600013256073 4.98642301559448 5.25516796112061 5.45511388778687 5.75273132324219 6.07675266265869 6.2282886505127 6.41647291183472 6.64032602310181 6.90834903717041 7.36393356323242 7.53875160217285 7.84584665298462 7.96524047851562 8.13436126708984 8.43023300170898 8.92554664611816 9.17805480957031 9.35071468353271 9.83972072601318 10.8576984405518 11.6076812744141 11.7360792160034 12.0519275665283 12.4316072463989 12.5880031585693 12.0904502868652 10.2735548019409 8.60493278503418 6.24528980255127 6.26739406585693 6.47961044311523 6.50923347473145 6.62227725982666 6.96490526199341 6.95637464523315
3.56940722465515 3.25881958007812 3.21801686286926 3.3707275390625 3.69648623466492 3.87320446968079 4.05534887313843 4.17571258544922 4.33334541320801 4.55369567871094 4.93646335601807 5.32437229156494 5.54057550430298 5.75903224945068 6.01487922668457 6.37662601470947 6.60373687744141 6.74739933013916 7.0257773399353 7.43278121948242 7.77245378494263 7.96670150756836 8.28441905975342 8.40505504608154 8.65410327911377 8.99336528778076 9.43546104431152 9.68722629547119 10.2977819442749 11.1676168441772 12.2349538803101 12.3948049545288 12.7700958251953 13.195839881897 13.7251005172729 13.8530750274658 12.5890979766846 10.7861127853394 7.21929693222046 6.48996162414551 6.68847751617432 6.77606678009033 6.85975217819214 7.19317579269409 7.46248388290405
3.84970259666443 3.69767832756042 3.29679846763611 3.24299144744873 3.54485774040222 3.82250452041626 4.03107309341431 4.25932502746582 4.33843040466309 4.53244018554688 4.76762390136719 5.31270408630371 5.62063789367676 5.83087396621704 6.01599740982056 6.56199884414673 6.71643257141113 6.96790838241577 7.21109437942505 7.55285882949829 8.05720615386963 8.25687980651855 8.58703994750977 8.75101184844971 8.91501903533936 9.21626281738281 9.75274848937988 10.0300788879395 10.3116760253906 11.2843503952026 12.2416248321533 13.3943862915039 13.6836156845093 14.0937404632568 14.6966190338135 14.3600225448608 13.9356803894043 13.0533113479614 11.3912754058838 7.30154466629028 6.78888988494873 7.0555944442749 7.10820913314819 7.44414758682251 7.81863784790039
4.53648471832275 4.05032825469971 3.51744532585144 3.42618560791016 3.38026928901672 3.74350357055664 4.05014324188232 4.27325391769409 4.40514993667603 4.51326322555542 4.75317239761353 5.28084325790405 5.69418334960938 5.87487649917603 6.09411954879761 6.48377466201782 6.92391729354858 7.16389131546021 7.37528657913208 7.68528270721436 8.13092517852783 8.55047130584717 8.76475429534912 9.11320018768311 9.68439388275146 9.60813522338867 9.91230010986328 10.3454990386963 10.7489728927612 11.900092124939 12.7711610794067 14.0653619766235 14.788592338562 15.0972309112549 15.5178165435791 15.6790752410889 15.7658061981201 15.216197013855 13.0778121948242 10.9741296768188 7.07104110717773 7.30929565429688 7.44589519500732 7.56112194061279 8.08497905731201
4.3299617767334 3.97290730476379 3.83314156532288 3.48517489433289 3.47135019302368 3.6550030708313 4.01936674118042 4.25711965560913 4.49902820587158 4.55222654342651 4.76042413711548 5.07812786102295 5.67644071578979 5.95376634597778 6.24499940872192 6.49161672592163 7.13127851486206 7.31154203414917 7.60688591003418 7.88064622879028 8.15506744384766 8.62812232971191 9.10703372955322 9.3335599899292 10.3814382553101 10.7599515914917 10.2023897171021 10.6357011795044 11.1165084838867 12.0911207199097 13.4330415725708 14.4784278869629 15.8457012176514 16.4997539520264 16.6116733551025 16.7820949554443 17.2698135375977 19.4478187561035 17.3808937072754 13.7693901062012 8.83917331695557 7.42172384262085 7.75044393539429 7.92291259765625 8.50056076049805
3.99638867378235 3.94737195968628 3.81881928443909 3.69326281547546 3.67185664176941 3.63043808937073 3.94461607933044 4.27475738525391 4.50898933410645 4.65479040145874 4.77159547805786 5.06919145584106 5.46334266662598 5.93644952774048 6.32715463638306 6.61543893814087 7.05637884140015 7.58471155166626 7.83278560638428 8.0730619430542 8.35678291320801 8.90364551544189 9.49771022796631 9.7321138381958 10.836254119873 11.7187776565552 11.6381120681763 11.5256004333496 11.5977468490601 12.7777242660522 14.5953302383423 15.6451616287231 17.1978855133057 17.8267478942871 17.6017055511475 17.7793216705322 20.019323348999 22.1001091003418 21.6411666870117 17.6749153137207 13.2321786880493 7.76722192764282 7.87053871154785 8.26083374023438 8.45278167724609
3.95453596115112 4.12471723556519 4.16899919509888 4.34386253356934 3.95451092720032 3.83984088897705 3.85170412063599 4.24266767501831 4.4499888420105 4.67161273956299 4.83563756942749 5.07363796234131 5.43848133087158 5.95275068283081 6.41584444046021 6.77939796447754 7.04529666900635 7.80178689956665 8.04975318908691 8.31124496459961 8.68171977996826 9.04134941101074 9.583571434021 10.188868522644 11.176100730896 12.7413311004639 13.6095285415649 13.5416212081909 13.0095710754395 13.2441263198853 14.8495750427246 16.8938732147217 17.9694805145264 19.258918762207 19.466194152832 19.6237277984619 21.7837429046631 25.4258136749268 27.6498413085938 24.931568145752 19.3863277435303 13.1509113311768 8.25041580200195 8.58938407897949 8.8577127456665
3.80776953697205 4.22447109222412 4.69438028335571 4.87500810623169 4.70186996459961 4.13783740997314 3.94037866592407 4.06496715545654 4.39967107772827 4.68028163909912 4.94470024108887 5.08408975601196 5.43023014068604 5.75935840606689 6.40456485748291 6.87497520446777 7.2231707572937 7.70384693145752 8.27707767486572 8.58836555480957 8.97668361663818 9.32917213439941 10.0154399871826 10.679425239563 10.9383192062378 12.9852867126465 15.1441860198975 16.2021808624268 16.9711208343506 16.5292625427246 15.972053527832 16.5371055603027 18.7492237091064 20.1500663757324 20.7019882202148 21.9984245300293 23.6643695831299 28.8944396972656 31.4828472137451 32.5827102661133 28.5239582061768 20.3107376098633 13.2690677642822 8.75975799560547 9.22912693023682
3.51516485214233 4.38968658447266 4.97901582717896 5.17658948898315 4.91384792327881 4.48998069763184 4.17070245742798 4.0693621635437 4.35083103179932 4.70436191558838 4.96046304702759 5.15167570114136 5.43120813369751 5.70111179351807 6.46140480041504 6.95898389816284 7.39928770065308 7.6914210319519 8.17718029022217 8.92969799041748 9.23339176177979 9.77518749237061 10.1807994842529 10.8388185501099 11.554783821106 12.6442937850952 17.1026630401611 19.453763961792 20.31618309021 19.8563423156738 17.8765563964844 16.4230403900146 19.0488700866699 20.4671020507812 22.167854309082 23.7297477722168 25.8940486907959 31.7304630279541 36.8856430053711 40.6588516235352 38.1224594116211 26.251428604126 18.8013763427734 12.8084726333618 9.43384456634521
3.96373915672302 4.28824043273926 5.23609447479248 5.71221733093262 5.49424028396606 5.26354932785034 4.62922096252441 4.30120468139648 4.24625062942505 4.66991758346558 4.98721075057983 5.26940631866455 5.44253969192505 5.67450332641602 6.20842933654785 6.93860006332397 7.50791454315186 7.84977293014526 8.16471481323242 9.1737699508667 9.62946510314941 10.0746917724609 10.5671377182007 11.4116621017456 12.1658411026001 12.5173559188843 17.6698226928711 23.4344863891602 24.2030906677246 22.8906536102295 18.3595371246338 14.0262498855591 18.4094085693359 21.3791885375977 22.5144729614258 24.7771587371826 27.8198661804199 31.4687080383301 36.6251068115234 32.9515380859375 27.2136154174805 20.5205326080322 20.7008800506592 14.8201198577881 9.32136344909668
