slauniainen/Data/DEM/Vihti_dsm1500b_cl_svf.asc
NCOLS 196 
NROWS 178 
XLLCORNER 353680 
YLLCORNER 6699024 
CELLSIZE 16 
NODATA_value -3.4e+38 
[rows 120 to 139 of 178, columns 88 to 131 of 196]
0.990272581577301 0.979161202907562 0.987540602684021 0.988515734672546 0.969419538974762 0.93132871389389 0.956164360046387 0.943312704563141 0.980400800704956 0.950231969356537 0.953746318817139 0.976972103118896 0.979119598865509 0.978714048862457 0.976743757724762 0.981304049491882 0.985591173171997 0.986114203929901 0.985394239425659 0.984530448913574 0.980764925479889 0.97435188293457 0.974070310592651 0.974728763103485 0.975156128406525 0.965679883956909 0.965197920799255 0.94943231344223 0.968088388442993 0.969198882579803 0.959643959999084 0.959373533725739 0.971595168113708 0.95717865228653 0.85798054933548 0.967099070549011 0.966144621372223 0.962027966976166 0.94353985786438 0.920293092727661 0.91153621673584 0.911765098571777 0.90128767490387 0.884986877441406
0.99072653055191 0.988069534301758 0.983312427997589 0.935516774654388 0.967798948287964 0.925359904766083 0.840684294700623 0.92028546333313 0.974185049533844 0.947952032089233 0.948458969593048 0.974253594875336 0.977454721927643 0.977628707885742 0.975091695785522 0.97413581609726 0.979082465171814 0.980503261089325 0.982004582881927 0.981891512870789 0.977600574493408 0.971080303192139 0.970198094844818 0.973759710788727 0.970661401748657 0.961017429828644 0.942549467086792 0.95282644033432 0.981037139892578 0.970089673995972 0.944585084915161 0.968921661376953 0.973860919475555 0.947048127651215 0.962472498416901 0.965244650840759 0.959274530410767 0.951159656047821 0.95151823759079 0.951601982116699 0.960578143596649 0.971953749656677 0.976849913597107 0.933323383331299
0.990908443927765 0.987426996231079 0.974138915538788 0.975708961486816 0.928395092487335 0.919587969779968 0.943236827850342 0.882630050182343 0.959858596324921 0.949470639228821 0.936468482017517 0.973406851291656 0.9772589802742 0.97917377948761 0.977965950965881 0.973847389221191 0.973063170909882 0.972582638263702 0.971944689750671 0.972350358963013 0.969396650791168 0.970575630664825 0.96901923418045 0.970189988613129 0.968999803066254 0.953445434570312 0.917243659496307 0.943094909191132 0.964504301548004 0.937855660915375 0.939672350883484 0.967008650302887 0.965238034725189 0.952555000782013 0.931931138038635 0.959136128425598 0.94757080078125 0.952994227409363 0.969212055206299 0.976355910301208 0.979670405387878 0.983695507049561 0.98654705286026 0.970905303955078
0.985111236572266 0.976124167442322 0.947172820568085 0.953805267810822 0.95079380273819 0.913817226886749 0.909154295921326 0.922194480895996 0.938775539398193 0.951673328876495 0.94242250919342 0.972062706947327 0.97724586725235 0.977560698986053 0.977201700210571 0.976963698863983 0.974794328212738 0.974647283554077 0.97186291217804 0.967652142047882 0.969106554985046 0.969834625720978 0.967807173728943 0.969829618930817 0.967235743999481 0.92614072561264 0.898417711257935 0.940017104148865 0.980225503444672 0.953333616256714 0.945519983768463 0.956286251544952 0.966931223869324 0.948650479316711 0.955601990222931 0.948302447795868 0.964319586753845 0.97980672121048 0.987249553203583 0.991031229496002 0.994771301746368 0.986520111560822 0.984964489936829 0.990699172019958
0.987034320831299 0.972391128540039 0.961657643318176 0.951500773429871 0.932242512702942 0.920834243297577 0.956289052963257 0.950193345546722 0.92190009355545 0.963320910930634 0.949493944644928 0.9708531498909 0.973317503929138 0.973300755023956 0.973904311656952 0.975868165493011 0.975890457630157 0.975505113601685 0.974263072013855 0.973633229732513 0.972197473049164 0.969776451587677 0.968213438987732 0.96537572145462 0.958859741687775 0.940094649791718 0.933870851993561 0.960125803947449 0.966760396957397 0.962274253368378 0.947059571743011 0.939636588096619 0.98509955406189 0.977998018264771 0.953229248523712 0.978399336338043 0.985073387622833 0.951133072376251 0.984099507331848 0.997106373310089 0.994984328746796 0.978897333145142 0.995663344860077 0.987341284751892
0.993999481201172 0.983199059963226 0.963874518871307 0.944900155067444 0.909680724143982 0.903082549571991 0.944225311279297 0.960775256156921 0.966034591197968 0.973166882991791 0.950973391532898 0.968007028102875 0.972313642501831 0.969017922878265 0.972210109233856 0.973048746585846 0.972422122955322 0.971295714378357 0.972364842891693 0.97299337387085 0.972395420074463 0.970557391643524 0.967949450016022 0.964978396892548 0.943850755691528 0.920889973640442 0.972784101963043 0.969192683696747 0.966023147106171 0.937770247459412 0.940249562263489 0.961345553398132 0.954419672489166 0.965648949146271 0.98622453212738 0.985820770263672 0.978009700775146 0.970868945121765 0.952988624572754 0.99081152677536 0.986239314079285 0.972964406013489 0.937292575836182 0.908896684646606
0.99605929851532 0.97475802898407 0.954858720302582 0.942413210868835 0.896521866321564 0.906191885471344 0.957715809345245 0.927371621131897 0.966053426265717 0.93957644701004 0.949807167053223 0.96324211359024 0.965832948684692 0.968033611774445 0.966148495674133 0.966650247573853 0.966058433055878 0.968327760696411 0.970647394657135 0.971986711025238 0.972644686698914 0.969926357269287 0.967102110385895 0.94684886932373 0.940709471702576 0.96688449382782 0.96573144197464 0.900518894195557 0.951973259449005 0.963300704956055 0.960796415805817 0.939516246318817 0.933469891548157 0.869310855865479 0.920708239078522 0.941715240478516 0.97076553106308 0.902012228965759 0.868221640586853 0.958932995796204 0.924608647823334 0.92651355266571 0.835314273834229 0.898770332336426
0.982033967971802 0.953248143196106 0.945472717285156 0.953213393688202 0.895865321159363 0.894732534885406 0.946146428585052 0.926041424274445 0.924785494804382 0.95418381690979 0.932653665542603 0.942852079868317 0.957177996635437 0.963917434215546 0.961341202259064 0.960112631320953 0.961342632770538 0.964144885540009 0.96499091386795 0.967652499675751 0.966789960861206 0.964404344558716 0.959511458873749 0.929490804672241 0.932157814502716 0.966028869152069 0.956852078437805 0.925179541110992 0.93554824590683 0.977466583251953 0.958356440067291 0.893486440181732 0.912340939044952 0.93190461397171 0.905981957912445 0.866713583469391 0.962575376033783 0.960760653018951 0.845693111419678 0.945428133010864 0.888558864593506 0.897847771644592 0.886793315410614 0.894582390785217
0.963477373123169 0.945557653903961 0.956101894378662 0.950670421123505 0.909446895122528 0.905642747879028 0.926799297332764 0.962565302848816 0.929116487503052 0.962249279022217 0.969631135463715 0.930928885936737 0.950415551662445 0.94759327173233 0.951366126537323 0.952003240585327 0.951923847198486 0.954419493675232 0.954964101314545 0.953068852424622 0.955607295036316 0.956295073032379 0.952135026454926 0.920929431915283 0.928191781044006 0.964427530765533 0.943173289299011 0.922566056251526 0.932981252670288 0.980703055858612 0.946268618106842 0.953055381774902 0.938941419124603 0.939027547836304 0.826877593994141 0.939869403839111 0.954641699790955 0.973837435245514 0.951505422592163 0.975696206092834 0.862664520740509 0.890880346298218 0.923418402671814 0.858585953712463
0.955626904964447 0.965064167976379 0.968033075332642 0.95542585849762 0.921923279762268 0.928402721881866 0.964811265468597 0.883420646190643 0.954923152923584 0.945070087909698 0.979641199111938 0.958374500274658 0.947243750095367 0.922975122928619 0.931789040565491 0.944788694381714 0.945061385631561 0.949336111545563 0.953027129173279 0.953540146350861 0.952930808067322 0.952427268028259 0.948532223701477 0.899919271469116 0.937382102012634 0.968535304069519 0.920017838478088 0.912147998809814 0.938931345939636 0.976027250289917 0.973691523075104 0.960928559303284 0.957957029342651 0.960733771324158 0.958512187004089 0.970220386981964 0.980921685695648 0.944843649864197 0.960987448692322 0.963011026382446 0.943590521812439 0.931402146816254 0.923745155334473 0.95177686214447
0.965238094329834 0.964289844036102 0.971463024616241 0.940716207027435 0.89250236749649 0.935519576072693 0.927490293979645 0.953388333320618 0.950652241706848 0.969797015190125 0.963001906871796 0.943732917308807 0.927850246429443 0.880038261413574 0.911712884902954 0.928597211837769 0.936732411384583 0.940791666507721 0.946830868721008 0.946618735790253 0.949035942554474 0.955843210220337 0.947983205318451 0.898141920566559 0.946350634098053 0.899988412857056 0.94243848323822 0.950307071208954 0.945907711982727 0.947092473506927 0.981091022491455 0.973389983177185 0.954222857952118 0.972717046737671 0.985536694526672 0.966839969158173 0.958580315113068 0.964692175388336 0.969529747962952 0.980172216892242 0.968622207641602 0.981351435184479 0.995679020881653 0.975480794906616
0.957531154155731 0.964173018932343 0.946569919586182 0.890245079994202 0.865988314151764 0.854199707508087 0.884287774562836 0.797042310237885 0.716724395751953 0.910906255245209 0.958619296550751 0.969799816608429 0.945120990276337 0.867860615253448 0.813378751277924 0.878746628761292 0.898104846477509 0.925934910774231 0.931431174278259 0.864834547042847 0.88897693157196 0.931774020195007 0.935281336307526 0.868600189685822 0.94747006893158 0.924391090869904 0.935720026493073 0.9588702917099 0.940956830978394 0.952225565910339 0.9591064453125 0.964155077934265 0.93722003698349 0.956176519393921 0.956427574157715 0.967177450656891 0.983498513698578 0.995394647121429 0.994448482990265 0.998229086399078 0.996982455253601 0.983366310596466 0.932312846183777 0.901006460189819
0.914172470569611 0.891241192817688 0.854109227657318 0.795213878154755 0.83073753118515 0.837647616863251 0.88699334859848 0.901236593723297 0.767458021640778 0.897409617900848 0.972914159297943 0.961080729961395 0.944846153259277 0.911421060562134 0.86594957113266 0.879526615142822 0.90213143825531 0.868072211742401 0.900497198104858 0.915170550346375 0.896551489830017 0.831396341323853 0.841022193431854 0.951249897480011 0.871480107307434 0.905616044998169 0.957499861717224 0.919868946075439 0.945193469524384 0.953223586082458 0.942695379257202 0.93379819393158 0.943122863769531 0.959053456783295 0.980388402938843 0.994403719902039 0.996450364589691 0.986983835697174 0.983730137348175 0.98110443353653 0.996808528900146 0.978369176387787 0.941482484340668 0.965790271759033
0.878709852695465 0.770789861679077 0.870503604412079 0.814772546291351 0.850818693637848 0.894512116909027 0.805171191692352 0.8253253698349 0.898069679737091 0.93931257724762 0.953751802444458 0.9441819190979 0.9455406665802 0.942778289318085 0.908934473991394 0.916576206684113 0.920573770999908 0.91035270690918 0.931585311889648 0.951978385448456 0.842506408691406 0.919341266155243 0.954838216304779 0.939025044441223 0.946817338466644 0.956550657749176 0.876386821269989 0.931896209716797 0.921232998371124 0.95099413394928 0.946288883686066 0.950143933296204 0.973131835460663 0.992355167865753 0.9944127202034 0.966876685619354 0.991481721401215 0.975420296192169 0.973110318183899 0.982949078083038 0.993613362312317 0.975301802158356 0.945993185043335 0.926569223403931
0.872831881046295 0.890055298805237 0.906619012355804 0.900077223777771 0.888964772224426 0.83552485704422 0.815746963024139 0.866533935070038 0.917696058750153 0.942883789539337 0.957377016544342 0.958941400051117 0.97037398815155 0.978440761566162 0.938886225223541 0.939607203006744 0.94184398651123 0.928506135940552 0.932242929935455 0.955967783927917 0.917426347732544 0.914742350578308 0.88427209854126 0.923156917095184 0.944656848907471 0.944173514842987 0.94457596540451 0.91136771440506 0.938492000102997 0.9544557929039 0.9575275182724 0.973195731639862 0.988630473613739 0.98951131105423 0.984326243400574 0.950797617435455 0.994722306728363 0.992833375930786 0.986128807067871 0.994928956031799 0.995696783065796 0.988191485404968 0.929297268390656 0.981927692890167
0.921107590198517 0.93000990152359 0.936482310295105 0.851940631866455 0.855885207653046 0.894278407096863 0.925224661827087 0.957078814506531 0.977719604969025 0.979176700115204 0.977190375328064 0.979893684387207 0.976392924785614 0.996237754821777 0.989467680454254 0.979046285152435 0.964306175708771 0.93732213973999 0.930682420730591 0.927895605564117 0.94438499212265 0.907768845558167 0.880687594413757 0.925984919071198 0.947944402694702 0.944181978702545 0.940502464771271 0.924290359020233 0.947570562362671 0.963805317878723 0.959891021251678 0.962023615837097 0.98554664850235 0.963820099830627 0.722237288951874 0.97623884677887 0.998071014881134 0.964500606060028 0.988238036632538 0.981907546520233 0.925062775611877 0.989693939685822 0.990215599536896 0.986763894557953
0.933321058750153 0.940849602222443 0.933748364448547 0.925123631954193 0.882869184017181 0.924877047538757 0.926132202148438 0.928932547569275 0.966318547725677 0.981662929058075 0.949772477149963 0.99016273021698 0.964687585830688 0.932994961738586 0.91781610250473 0.935555696487427 0.952714085578918 0.962841510772705 0.970414876937866 0.958634436130524 0.93828409910202 0.916525781154633 0.90989625453949 0.936605274677277 0.952675879001617 0.962020218372345 0.898803532123566 0.922087371349335 0.954473733901978 0.964761137962341 0.951518714427948 0.966551065444946 0.973631799221039 0.861397266387939 0.96106368303299 0.980471611022949 0.976224839687347 0.997525930404663 0.987965404987335 0.984574675559998 0.951452910900116 0.963975310325623 0.974035084247589 0.962342798709869
0.907510161399841 0.913514196872711 0.913890957832336 0.881560087203979 0.936184108257294 0.922547280788422 0.932433903217316 0.961544096469879 0.966680347919464 0.968786954879761 0.985942959785461 0.988820910453796 0.864923655986786 0.870932459831238 0.881056249141693 0.854022860527039 0.879136860370636 0.910376191139221 0.95311313867569 0.980297684669495 0.958200037479401 0.94442230463028 0.92483788728714 0.887134790420532 0.933800578117371 0.957371771335602 0.950483322143555 0.928521454334259 0.943091511726379 0.972496867179871 0.974513709545135 0.982677578926086 0.9645676612854 0.910832524299622 0.961353123188019 0.984754264354706 0.991292834281921 0.975416302680969 0.95880913734436 0.988134324550629 0.96707409620285 0.926123380661011 0.896097838878632 0.982334971427917
0.904157280921936 0.87536883354187 0.888971865177155 0.918687701225281 0.947592914104462 0.959974050521851 0.982113540172577 0.946085333824158 0.943616032600403 0.980501770973206 0.972958445549011 0.979698479175568 0.965946614742279 0.928282976150513 0.938774287700653 0.953363001346588 0.9776890873909 0.970651030540466 0.953549206256866 0.971146404743195 0.97816002368927 0.978294670581818 0.957352519035339 0.903389275074005 0.922471642494202 0.937633872032166 0.937547862529755 0.890328109264374 0.931090474128723 0.971211135387421 0.981003284454346 0.979540467262268 0.953532040119171 0.957812905311584 0.987921297550201 0.99654895067215 0.971898019313812 0.935804307460785 0.955759227275848 0.971686720848083 0.978552997112274 0.887952029705048 0.990351796150208 0.860654830932617
0.891866445541382 0.937740981578827 0.934860646724701 0.944178402423859 0.972157120704651 0.995730459690094 0.948044776916504 0.891706883907318 0.891627073287964 0.940605700016022 0.948388338088989 0.983111023902893 0.981171727180481 0.985556662082672 0.988731622695923 0.985894739627838 0.979596555233002 0.973916947841644 0.990244746208191 0.9891437292099 0.975301086902618 0.98606950044632 0.986082792282104 0.891405463218689 0.840161740779877 0.862169682979584 0.914755284786224 0.919470369815826 0.915497720241547 0.978549778461456 0.950480401515961 0.986941456794739 0.991907119750977 0.975799322128296 0.99168872833252 0.98379111289978 0.976761221885681 0.92304515838623 0.955028533935547 0.969019591808319 0.979865312576294 0.979499816894531 0.953238248825073 0.981528401374817
