slauniainen/Data/DEM/Vihti_dem1500b_cl_horizonAngle_258.asc
NCOLS 196 
NROWS 178 
XLLCORNER 353680 
YLLCORNER 6699024 
CELLSIZE 16 
NODATA_value -3.4e+38 
[rows 40 to 59 of 178, columns 0 to 44 of 196]
0.730568110942841 0.729025483131409 1.2134884595871 2.74501347541809 0.834783017635345 0.804004549980164 0.833025515079498 0.869703114032745 0.848310530185699 0.819375157356262 0.554776847362518 0.266130268573761 0.278205096721649 0.318377166986465 0.370456635951996 0.377735316753387 0.367234498262405 0.372356534004211 0.401070415973663 0.342975169420242 0.239397317171097 0.09757961332798 0.0216532126069069 -0.0482522733509541 -0.122421845793724 -0.243590727448463 -0.544572770595551 -0.986610293388367 3.10892963409424 3.41489744186401 3.12692856788635 3.57329177856445 3.48578548431396 3.2491090297699 2.83991861343384 2.47682785987854 3.1010844707489 3.89222288131714 3.18764853477478 2.21380209922791 1.97068750858307 1.61350166797638 1.26190459728241 1.10436367988586 1.41158270835876
0.901647448539734 0.951188385486603 1.08469569683075 2.29708623886108 0.970526456832886 0.936689794063568 1.02281999588013 1.09695053100586 1.07197225093842 1.04279458522797 0.831861913204193 0.557702243328094 0.432791531085968 0.499878853559494 0.513421237468719 0.503722667694092 0.489532440900803 0.473080426454544 0.494348347187042 0.458352386951447 0.361519932746887 0.210787937045097 0.145975887775421 0.102378375828266 0.0541010163724422 -0.0669498667120934 -0.344953238964081 -0.768045127391815 -1.02124774456024 4.11702251434326 4.7485785484314 4.23313188552856 3.2192075252533 2.44840478897095 2.65775418281555 6.42780828475952 4.7267689704895 2.87021136283875 2.53447365760803 2.21754145622253 1.96582090854645 1.76157259941101 1.48840308189392 1.33855736255646 1.39819061756134
1.19124746322632 1.26551556587219 1.32653784751892 1.3018354177475 1.21935391426086 1.20571315288544 1.29361498355865 1.28405857086182 1.25030899047852 1.13832902908325 0.950420081615448 0.702614426612854 0.543615758419037 0.587875068187714 0.578120768070221 0.566975712776184 0.549987614154816 0.534246683120728 0.522302448749542 0.491298526525497 0.385710924863815 0.325408339500427 0.275739014148712 0.223275303840637 0.141063064336777 0.0301553532481194 -0.162880033254623 -0.502848267555237 -0.802625715732574 -0.943948984146118 3.2598602771759 4.02434158325195 2.75588274002075 4.40314912796021 6.71854734420776 4.47276639938354 3.48566341400146 3.01200985908508 2.59794139862061 2.27730059623718 2.23402953147888 1.9742614030838 1.78514337539673 1.66569173336029 1.6296626329422
1.35555386543274 1.48224914073944 2.91555619239807 1.74068558216095 1.43425607681274 1.54703688621521 1.59265196323395 1.54977905750275 1.44885122776031 1.24272763729095 0.988536536693573 0.739100515842438 0.617386817932129 0.620069026947021 0.604995608329773 0.590835809707642 0.586074590682983 0.587885320186615 0.565673470497131 0.530412614345551 0.477912575006485 0.385356783866882 0.376592189073563 0.331630617380142 0.237070918083191 0.1035011485219 -0.0252654142677784 -0.262926071882248 -0.52308976650238 -0.73848831653595 -0.850391268730164 2.51267623901367 2.33208155632019 6.00093078613281 5.77341175079346 5.08632564544678 4.2015962600708 3.53727674484253 3.0267505645752 2.67024207115173 2.45672678947449 2.18223524093628 2.00171828269958 1.86704194545746 1.58660936355591
1.65776455402374 1.74024760723114 1.72702383995056 1.71784150600433 1.70946407318115 1.83124375343323 1.86157119274139 1.81157052516937 1.67403793334961 1.37058246135712 1.05331444740295 0.784576058387756 0.678345024585724 0.659972667694092 0.642502069473267 0.627854764461517 0.611541390419006 0.59524017572403 0.574549436569214 0.541681587696075 0.493147730827332 0.438409328460693 0.4247727394104 0.397310614585876 0.322891920804977 0.211046770215034 0.102587357163429 -0.0161445494741201 -0.200551435351372 -0.427764445543289 -0.67923891544342 -0.171737760305405 -0.0834375321865082 5.68889236450195 7.0147385597229 5.57698059082031 4.74875020980835 3.87679886817932 3.32102012634277 2.93007278442383 2.37227129936218 2.19467043876648 2.01159286499023 1.86049354076385 1.70510900020599
1.94299137592316 1.99265360832214 1.96385288238525 1.93518722057343 1.90588772296906 1.96423542499542 1.98820614814758 1.93790376186371 1.81879246234894 1.52282154560089 1.1518886089325 0.865014016628265 0.712936222553253 0.674051284790039 0.653488516807556 0.633245646953583 0.612484931945801 0.594628989696503 0.583204329013824 0.581208407878876 0.589619576931 0.567875504493713 0.499173611402512 0.448873728513718 0.38209667801857 0.336394160985947 0.235257282853127 0.121393539011478 0.0255338363349438 -0.103930048644543 -0.376924455165863 -0.577302098274231 -0.32537305355072 3.91472601890564 7.95556163787842 6.49397087097168 5.11833095550537 4.2294807434082 3.53000164031982 3.04392719268799 2.63037061691284 1.88900279998779 1.76139187812805 1.62538778781891 1.51170802116394
2.13247895240784 2.1657407283783 2.12810182571411 2.09096837043762 2.05532622337341 2.07721543312073 2.05020236968994 2.00491166114807 1.88066685199738 1.67525565624237 1.3166161775589 0.939830005168915 0.76589173078537 0.699934303760529 0.705738425254822 0.725606143474579 0.698525905609131 0.669636607170105 0.643279135227203 0.636170268058777 0.643764138221741 0.660556137561798 0.641270399093628 0.603764057159424 0.477079808712006 0.398200243711472 0.331751644611359 0.215529516339302 0.0949157029390335 -0.0513247698545456 -0.148689121007919 -0.355952054262161 -0.410585105419159 1.25679910182953 6.58105278015137 6.03060626983643 4.99545097351074 3.55608224868774 2.98195600509644 2.60003685951233 2.30031108856201 1.05698347091675 1.43688571453094 1.77057993412018 1.42768752574921
2.26679158210754 2.23474192619324 2.18241620063782 2.13861680030823 2.09891581535339 2.09323740005493 2.058837890625 1.98370397090912 1.85249292850494 1.69868123531342 1.41496789455414 1.04091370105743 1.03386545181274 0.977195262908936 0.885545015335083 0.829026699066162 0.869521200656891 0.92971807718277 0.863764345645905 0.768215477466583 0.755190253257751 0.81325101852417 0.855981171131134 0.834833562374115 0.776492893695831 0.696678638458252 0.568481802940369 0.358714491128922 0.108512662351131 0.0143203400075436 -0.0471182204782963 -0.129140168428421 -0.237918704748154 1.61786019802094 9.0305871963501 5.28334331512451 3.46007323265076 3.4580512046814 4.03016757965088 3.22426176071167 2.69167685508728 2.30748605728149 2.18074750900269 2.14190173149109 1.65029656887054
2.31122994422913 2.24742984771729 2.17579627037048 2.11156582832336 2.06773447990417 2.02117967605591 2.00170969963074 1.96658623218536 2.03047513961792 1.82922446727753 1.49416041374207 1.28950023651123 1.27164649963379 1.40092885494232 1.34607517719269 1.21290111541748 1.08628630638123 1.11836898326874 1.28832805156708 1.21639800071716 1.10032796859741 0.98695957660675 1.0432755947113 1.05533003807068 1.02715253829956 0.888375878334045 0.77934855222702 0.432006657123566 0.191594243049622 0.173868894577026 2.15921592712402 1.78054189682007 1.00581276416779 0.265403300523758 0.112069077789783 0.0971736013889313 3.3015923500061 4.49093246459961 5.03994798660278 4.35598945617676 3.43700575828552 2.82012224197388 2.41776919364929 2.34703016281128 1.92501628398895
2.28412461280823 2.21123814582825 2.13208866119385 2.04826998710632 1.98313701152802 1.9332240819931 1.89265978336334 1.88540244102478 2.43978071212769 2.72142434120178 2.51455879211426 2.07103848457336 1.75725603103638 1.68654608726501 1.9936386346817 1.96642565727234 1.76096558570862 1.57011163234711 1.39847433567047 1.5243684053421 1.36732995510101 1.24840402603149 1.14904129505157 1.17925643920898 1.13808035850525 0.990680396556854 0.665623188018799 0.516584515571594 0.407124578952789 0.424447506666183 0.420586973428726 0.218481168150902 0.0402837432920933 -0.0802271440625191 -0.080164797604084 0.784726023674011 2.28613448143005 3.7345449924469 5.02445459365845 4.84506416320801 4.37693071365356 3.29225540161133 2.78206610679626 2.58978366851807 2.42812538146973
2.2607409954071 2.15756916999817 2.07447671890259 1.98586630821228 1.90298271179199 1.83695864677429 1.75520193576813 1.75226926803589 2.17380261421204 3.6153085231781 4.02366399765015 3.39458990097046 2.91784572601318 2.5131983757019 2.1975724697113 2.34547710418701 2.11945056915283 1.91850221157074 1.72132396697998 1.56856870651245 1.50889587402344 1.42545425891876 1.31222653388977 1.17923307418823 1.15908682346344 1.04576480388641 1.06944239139557 1.10724067687988 0.734948515892029 0.478509515523911 0.286153882741928 0.217499077320099 0.0833126083016396 -0.00256041879765689 -0.0382746271789074 0.0127861136570573 1.68680143356323 2.80860328674316 4.49898338317871 4.76622819900513 4.26956653594971 3.66620945930481 3.11497783660889 2.84375739097595 2.68545269966125
2.21553945541382 2.07880043983459 1.99120569229126 1.86849987506866 1.7970381975174 1.72855639457703 1.67375075817108 1.64677941799164 3.42149925231934 2.91191148757935 3.89782691001892 3.62028241157532 3.76433491706848 3.32843804359436 2.70215797424316 2.28411626815796 2.29734206199646 2.24453091621399 2.11608171463013 1.87148225307465 1.68236911296844 1.69347274303436 1.51293396949768 1.21804535388947 1.09401726722717 1.09080827236176 1.01205062866211 0.97837108373642 0.86042982339859 0.636877119541168 0.411075919866562 0.237305417656898 0.184869259595871 0.0811460763216019 0.0038537229411304 -0.0277471505105495 1.57373046875 2.84233069419861 3.68464851379395 4.31390523910522 4.20740938186646 3.6978907585144 3.28837847709656 3.17007398605347 3.03137111663818
2.13137316703796 2.09486317634583 2.02000594139099 1.89362740516663 1.81434369087219 1.80224895477295 1.76281940937042 1.68152236938477 2.92441248893738 2.13444328308105 2.32303953170776 2.93892955780029 3.54909515380859 3.82800054550171 3.51794743537903 3.18865370750427 2.97813057899475 2.60083866119385 2.44911408424377 2.22613310813904 1.94152009487152 1.58982944488525 1.40475213527679 1.36331868171692 1.26575231552124 1.12220358848572 1.06314253807068 1.06730914115906 0.931233704090118 0.721390545368195 0.505075395107269 0.30913445353508 0.164531782269478 0.0332623831927776 -0.0594178549945354 -0.116740301251411 1.56769716739655 3.00172805786133 4.18743944168091 4.4675235748291 4.41936779022217 3.99059557914734 3.70330882072449 3.36841201782227 3.12968826293945
2.21324229240417 2.19080114364624 2.12085223197937 2.0236189365387 1.93142652511597 1.85799443721771 1.79113006591797 1.74699485301971 1.71782028675079 1.50480532646179 1.2383177280426 2.13417053222656 2.85140132904053 3.21121883392334 3.29443001747131 3.5052216053009 3.85833978652954 3.80911636352539 2.97555017471313 1.91741621494293 1.49986171722412 1.77640247344971 1.81029903888702 1.59699296951294 1.33421730995178 1.22163033485413 1.21450817584991 1.14312613010406 0.954813718795776 0.777234315872192 0.607757329940796 0.676392316818237 0.666356027126312 0.503165125846863 0.997683107852936 0.719425201416016 1.70046353340149 2.44436573982239 4.56403541564941 4.39054012298584 4.59366416931152 4.4004602432251 4.19638967514038 3.9975152015686 3.60208654403687
2.25521731376648 2.20063638687134 2.18381881713867 2.10148191452026 2.01203751564026 1.93173277378082 1.8439621925354 1.66229104995728 1.58260273933411 1.41388607025146 1.14241909980774 1.55713188648224 2.0170271396637 2.38785839080811 2.45124173164368 2.54981279373169 3.22863721847534 2.88265419006348 2.24756979942322 2.74000024795532 2.82499003410339 2.07030439376831 2.24764728546143 2.35168600082397 2.78023195266724 3.21718287467957 3.06667280197144 2.14557909965515 1.9664306640625 1.93513143062592 2.7894971370697 2.41582751274109 1.7822265625 1.26739060878754 1.44362652301788 1.73625552654266 1.82487368583679 1.67766797542572 3.07382917404175 5.41843366622925 4.45509338378906 5.27522373199463 4.94626617431641 4.80498266220093 4.87967014312744
2.33643865585327 2.24354124069214 2.05431318283081 1.97834312915802 1.8843446969986 1.78589510917664 1.7297078371048 1.52981424331665 1.37167322635651 1.27411890029907 1.01353120803833 1.40292727947235 1.64196491241455 1.79842066764832 1.69510531425476 1.36341965198517 1.46905493736267 2.015465259552 2.61061143875122 2.06202554702759 1.9260995388031 1.46608912944794 1.96817326545715 2.73988389968872 4.72436809539795 7.6098256111145 6.89696264266968 5.21650123596191 4.21495866775513 3.38925623893738 3.40994668006897 3.98972344398499 3.25978374481201 2.61211323738098 2.05055117607117 2.15883708000183 2.24241876602173 2.00085067749023 1.8656929731369 6.43696737289429 4.67963886260986 4.81304121017456 4.42388868331909 4.4750714302063 5.21652412414551
2.20011639595032 2.11585354804993 1.9012885093689 1.7649519443512 1.65865647792816 1.57262897491455 1.51672029495239 1.42157769203186 1.12681043148041 0.982264876365662 0.7636678814888 0.781789600849152 1.63928973674774 1.02747130393982 0.721384227275848 0.803752362728119 0.867041110992432 0.977365911006927 0.964889585971832 0.398141473531723 0.305427521467209 0.278670847415924 0.0577940344810486 1.13523375988007 9.20773315429688 7.06989002227783 9.42108821868896 7.50429153442383 6.33292675018311 5.30872964859009 4.47735595703125 4.46111059188843 4.19921398162842 3.44187378883362 2.77869248390198 2.69237518310547 3.34964108467102 2.88863182067871 2.59793472290039 5.58023023605347 4.22978973388672 3.48033308982849 3.18847632408142 3.33675575256348 3.97649359703064
2.13521814346313 1.87070417404175 1.76572453975677 1.54682469367981 1.43881857395172 1.29224491119385 1.23884069919586 1.10743796825409 0.880273520946503 0.720154702663422 0.574865460395813 0.551541984081268 0.551656723022461 0.593755602836609 0.499606996774673 0.473899692296982 0.420833259820938 0.421027719974518 0.363519012928009 0.208648443222046 0.0651162192225456 -0.0533783882856369 -0.22423130273819 -0.36967870593071 7.35483121871948 10.3163537979126 8.98772621154785 9.72391033172607 8.00139331817627 6.64000654220581 5.62308311462402 4.96469259262085 5.71869421005249 4.86510372161865 4.23684740066528 3.93836855888367 3.47178840637207 3.54425811767578 3.07649755477905 3.79465007781982 3.04282188415527 2.8972156047821 2.58507680892944 2.53999328613281 2.45298767089844
1.87756812572479 1.54881238937378 1.4085009098053 1.27594244480133 1.17556822299957 1.00954568386078 0.926259815692902 0.784160137176514 0.725008130073547 0.629843950271606 0.535241484642029 0.522103428840637 0.525393545627594 0.484139531850815 0.482035905122757 0.427042365074158 0.377446740865707 0.26579749584198 0.159659445285797 0.00635908776894212 -0.226536884903908 -0.300940692424774 -0.364372700452805 -0.450283974409103 0.1863132417202 10.7041816711426 9.58201217651367 12.5924558639526 11.8332014083862 9.59284114837646 7.92300510406494 6.75430917739868 5.65485095977783 6.01204490661621 5.41069269180298 5.0715012550354 4.65053224563599 3.54171776771545 2.95828700065613 2.91674208641052 2.79908895492554 2.5567741394043 2.26696586608887 2.00656366348267 3.01626348495483
1.5550354719162 1.35849988460541 1.22185790538788 1.17542231082916 1.07987761497498 0.985023379325867 0.826188564300537 0.817166447639465 0.70858234167099 0.634122490882874 0.531765162944794 0.503292858600616 0.392060965299606 0.328883111476898 0.267367452383041 0.227390110492706 0.204575955867767 0.166952565312386 0.143128499388695 0.0296533685177565 -0.130289673805237 -0.46691507101059 -0.589964210987091 -0.638504922389984 -0.811526238918304 6.33715867996216 15.3269052505493 14.3696842193604 14.3589649200439 11.7022275924683 9.69989013671875 8.30928421020508 7.33069753646851 5.96943521499634 5.83456802368164 5.34249639511108 4.78479623794556 3.99593043327332 3.15961599349976 2.96956515312195 2.79567575454712 2.52233076095581 2.06072974205017 1.3123300075531 3.57340884208679
