slauniainen/Data/DEM/Vihti_dsm1500b_cl_horizonAngle_30.asc
NCOLS 196 
NROWS 178 
XLLCORNER 353680 
YLLCORNER 6699024 
CELLSIZE 16 
NODATA_value -3.4e+38 
[rows 0 to 19 of 178, columns 92 to 137 of 196]
-4.44993686676025 -4.59293031692505 -3.69632649421692 4.24385261535645 -3.97126722335815 -3.47508764266968 16.468505859375 0.424504816532135 2.50046014785767 4.48537063598633 5.35620403289795 7.11093473434448 5.4895453453064 9.33062934875488 10.8344058990479 11.3766098022461 11.1034736633301 10.9920749664307 11.2546520233154 11.1483249664307 11.2323589324951 8.54731750488281 7.05911874771118 6.4407525062561 4.43634223937988 3.23395013809204 4.60571336746216 1.82042694091797 1.6475590467453 1.3912638425827 1.53779137134552 1.76230502128601 2.3939220905304 7.07011795043945 9.52127647399902 6.60516691207886 3.22200584411621 3.1255214214325 3.49407076835632 3.15832209587097 3.66140007972717 4.18154859542847 4.13038492202759 4.21797943115234 3.85763931274414 9.02677536010742
7.75458431243896 -2.10406470298767 -4.12607908248901 9.20716762542725 0.791196346282959 -3.24047303199768 -1.23902177810669 1.78444862365723 3.41997790336609 4.79113483428955 5.70218706130981 4.53884696960449 8.46069622039795 8.22165203094482 10.1336841583252 10.8457221984863 10.5870962142944 10.4796342849731 10.71364402771 10.2949228286743 8.37784385681152 6.82452201843262 6.39984464645386 3.99569606781006 3.04354429244995 3.82221555709839 1.5418564081192 1.7567503452301 1.59363961219788 1.17770576477051 1.35599529743195 1.17759048938751 1.92096734046936 2.09974908828735 2.12326908111572 2.58910632133484 3.16136741638184 3.04701805114746 3.42384433746338 3.42407488822937 3.73738360404968 4.08383893966675 4.07270908355713 4.01194858551025 2.37477707862854 2.35204148292542
9.94944286346436 9.28322124481201 1.33379471302032 2.71877789497375 -3.66930937767029 -3.22039031982422 0.1756741553545 1.82925224304199 3.78071451187134 5.18008613586426 31.9495830535889 7.89594507217407 15.7158184051514 7.7482738494873 7.37241506576538 9.03875255584717 9.71474647521973 9.93052959442139 9.75046062469482 9.82471179962158 7.45447635650635 5.787024974823 4.80486154556274 2.70742273330688 3.27732729911804 1.50733399391174 1.66135501861572 1.5141533613205 1.27492022514343 1.06402575969696 1.17282462120056 1.46057879924774 13.7750282287598 1.3797128200531 5.63491868972778 3.06863570213318 2.94948649406433 3.3170428276062 2.86110472679138 3.49622416496277 3.93704414367676 3.83714723587036 2.3548800945282 34.8878135681152 2.24900031089783 4.57524442672729
9.40229892730713 6.69356536865234 8.12350082397461 5.24269247055054 9.70863723754883 -0.92088520526886 1.204474568367 2.64443302154541 4.1333122253418 5.95862436294556 12.9725971221924 6.95061206817627 7.14411926269531 11.0577526092529 7.26894044876099 8.41312217712402 8.88281154632568 9.493896484375 9.08695411682129 7.4185528755188 5.54236268997192 5.03706502914429 3.45959901809692 2.52936315536499 3.00976538658142 1.44265532493591 1.6089278459549 1.46972787380219 1.03159129619598 1.10950875282288 1.12076902389526 1.25959503650665 5.48471212387085 8.76307773590088 2.44753623008728 2.83175587654114 3.21225929260254 2.5753858089447 3.24994230270386 3.80158233642578 3.75713706016541 2.29970765113831 2.26376271247864 1.77551293373108 2.12678527832031 4.13223791122437
34.7110443115234 15.5190544128418 6.59769535064697 5.61414194107056 32.5851936340332 5.52337884902954 6.24193048477173 3.45644617080688 4.63111114501953 13.3276824951172 6.05659866333008 5.77345085144043 6.54125118255615 7.55279731750488 6.38434839248657 7.5625433921814 8.8428373336792 8.6028299331665 8.67232418060303 6.56922101974487 4.99739360809326 4.22938346862793 2.36940836906433 2.65885949134827 1.39206290245056 1.52988386154175 1.40287899971008 1.17547512054443 0.984766781330109 1.08486068248749 1.11963951587677 9.5151948928833 4.05974864959717 3.73433804512024 2.22021484375 2.81082463264465 3.14541387557983 3.14833235740662 3.44012260437012 3.71927714347839 38.594310760498 8.85276222229004 1.70962572097778 3.29975056648254 2.29238533973694 2.98142337799072
30.6398029327393 40.4972457885742 32.9812507629395 4.99168348312378 6.64779901504517 9.43349838256836 5.96600198745728 3.87807559967041 5.40749979019165 5.48363065719604 14.011134147644 13.1414651870728 6.49759006500244 7.3729567527771 7.12807130813599 7.91621971130371 8.48642635345459 8.07705020904541 6.62262535095215 4.87397336959839 4.42873907089233 3.04115986824036 2.21673655509949 2.47501420974731 1.35599732398987 1.48331248760223 1.12173795700073 0.741828441619873 0.907957017421722 1.02386784553528 2.7298002243042 8.83963394165039 2.23808693885803 1.78631520271301 2.53098726272583 3.05997347831726 2.45317077636719 3.18555617332458 3.59881210327148 3.55609440803528 23.2329273223877 14.1374940872192 2.44483494758606 2.05155158042908 2.39327669143677 1.46637511253357
19.5248184204102 31.7234477996826 27.7654781341553 13.103364944458 5.15983390808105 4.21035003662109 3.48365879058838 4.34007263183594 15.9198150634766 5.51475238800049 8.2979564666748 6.32194519042969 7.21273994445801 12.1379919052124 7.40438842773438 7.95666313171387 7.68814849853516 7.742835521698 5.86080455780029 4.39338397979736 3.77276158332825 2.11133074760437 2.23203825950623 1.30713176727295 1.4158855676651 1.30515313148499 0.650691032409668 0.849321246147156 0.801220715045929 0.933286428451538 3.95274043083191 7.91449642181396 1.75535309314728 1.67770278453827 1.78117847442627 2.22224068641663 2.99233770370483 3.26897263526917 3.52088832855225 17.4194049835205 35.1969451904297 26.8575000762939 1.61012184619904 6.61715936660767 21.696231842041 8.1495361328125
20.6870670318604 23.3357467651367 33.2714347839355 5.93600940704346 5.92500591278076 2.90634560585022 3.22256255149841 5.03964471817017 4.59144735336304 5.22042560577393 10.3824949264526 6.81865358352661 5.9050121307373 6.25092601776123 6.87225103378296 7.20884084701538 7.26850509643555 5.49843454360962 4.34703207015991 3.94921875 2.71061873435974 2.0301399230957 1.26164960861206 1.35428333282471 1.25181806087494 1.04350960254669 0.642412841320038 0.828608870506287 0.747038722038269 2.2187967300415 3.79348659515381 5.16978883743286 1.82942807674408 1.52702569961548 1.7471137046814 2.21230220794678 3.0288290977478 3.40079212188721 3.34223794937134 14.3930377960205 23.953893661499 34.3148460388184 11.6309776306152 12.7212524414062 13.5228500366211 9.04176425933838
17.4701595306396 20.0215835571289 25.9457035064697 7.12103080749512 10.4502849578857 2.4461874961853 4.09536647796631 16.2611293792725 16.3186206817627 5.68971300125122 7.00810194015503 13.9750185012817 5.99363231658936 7.35645246505737 7.21821880340576 6.84306240081787 5.64360857009888 4.18476581573486 3.91882085800171 2.54096817970276 1.85355186462402 1.92378461360931 1.23530423641205 1.31847238540649 1.22127914428711 0.615332841873169 0.798639118671417 0.645732343196869 0.708357632160187 2.54566049575806 3.30936789512634 1.69463849067688 5.82348203659058 1.73594176769257 1.60278820991516 2.09538817405701 3.30040693283081 3.27335810661316 10.9236392974854 15.4411945343018 19.0698280334473 24.3535671234131 12.6309795379639 11.9761486053467 7.10233592987061 11.1720972061157
19.8760662078857 21.4731063842773 6.99542140960693 5.59128427505493 24.1616592407227 8.55680084228516 5.05094337463379 11.2301349639893 11.1677398681641 6.93816900253296 7.53517293930054 7.65186452865601 10.1499128341675 6.71618270874023 6.54033994674683 6.59495639801025 4.9913272857666 3.67429828643799 3.21247458457947 1.79678845405579 1.77052521705627 1.19403970241547 1.26501154899597 1.17441964149475 0.974713861942291 0.772413969039917 0.624878644943237 0.632901012897491 2.17092728614807 2.74374794960022 2.58544445037842 0.817190289497375 3.66731691360474 6.17485952377319 12.7197332382202 2.91317963600159 2.12619066238403 3.12423801422119 9.46301651000977 13.0111227035522 21.432897567749 19.80224609375 7.25701856613159 9.82637119293213 8.84531116485596 6.08258485794067
17.8123016357422 13.4107532501221 4.11533880233765 3.9765305519104 16.120361328125 4.44275093078613 6.52956819534302 6.41221570968628 6.11960506439209 6.2378625869751 9.97184944152832 11.2437524795532 6.40173435211182 6.57862234115601 6.22504138946533 5.15962648391724 3.69888043403625 3.35781717300415 2.30677318572998 1.68076109886169 1.68737757205963 1.16925311088562 1.23082792758942 1.14373219013214 0.592883408069611 0.757480323314667 0.614579319953918 1.70325303077698 2.34082698822021 2.09185266494751 0.684393405914307 2.25130820274353 0.881703913211823 3.9286777973175 8.27116870880127 33.2415657043457 2.62415528297424 6.83071708679199 9.54747676849365 11.9520292282104 17.493724822998 15.9406309127808 16.4365539550781 11.7799968719482 16.0494327545166 7.65745687484741
14.1873598098755 3.41423869132996 1.98250699043274 9.08767032623291 4.08996248245239 4.34654951095581 5.41398191452026 5.23567342758179 5.54526805877686 6.16467189788818 6.98160696029663 6.06308364868164 6.23728466033936 5.94553995132446 6.01646089553833 4.53744220733643 3.2967050075531 2.92134261131287 1.63989448547363 1.56582176685333 1.12007915973663 0.733768999576569 1.1037859916687 0.919621527194977 0.733287870883942 0.596201539039612 0.593317568302155 1.84170269966125 2.14525580406189 1.70225775241852 0.649749040603638 1.82192587852478 2.421466588974 5.15569639205933 1.1084178686142 22.4759330749512 7.42381191253662 5.33724308013916 9.4697093963623 13.5886268615723 10.6739273071289 10.2082481384277 10.5534343719482 8.354736328125 10.3595533370972 4.91663217544556
8.24234485626221 2.64844679832458 2.3980541229248 7.03287792205811 4.00879716873169 4.35929393768311 4.90584945678711 5.16158771514893 5.67257070541382 5.96134614944458 5.86341619491577 5.85666131973267 6.04338359832764 5.69752597808838 4.71744012832642 3.38096857070923 3.02116894721985 2.06566548347473 1.50725948810577 0.659272909164429 8.93719291687012 0.693889975547791 0.885679006576538 0.564657688140869 0.716998398303986 0.585287868976593 1.48311972618103 1.89724111557007 1.71413469314575 0.606946527957916 1.3836817741394 0.619762659072876 1.90430498123169 4.04952239990234 14.3886671066284 4.30924510955811 11.1765336990356 8.18442916870117 7.95563125610352 7.83544301986694 7.33197689056396 8.36873817443848 6.1184139251709 7.26860618591309 3.06815600395203 2.80208277702332
2.00503945350647 2.18000435829163 4.19704008102417 3.07384943962097 3.79732489585876 4.49882841110229 4.61432456970215 5.2773494720459 5.55455112457275 5.4848198890686 5.49571466445923 5.67174768447876 5.41635465621948 5.49393844604492 4.13871669769287 2.97013926506042 2.66271829605103 1.46357035636902 0.166276931762695 0.996420919895172 9.34023571014404 0.507046520709991 0.540796458721161 0.694271504878998 0.568416893482208 0.56687867641449 1.60440337657928 1.76167821884155 0.578906118869781 0.580926716327667 1.20871806144714 1.496248960495 3.1661524772644 0.673276364803314 11.6422204971313 5.62782001495361 7.18258333206177 7.60418081283569 14.7957553863525 4.49198770523071 6.88357067108154 5.51498079299927 2.35979795455933 3.92994403839111 1.618239402771 2.5423686504364
1.89886128902435 2.34759497642517 3.34465169906616 3.463951587677 3.71527457237244 4.26104927062988 4.47165012359619 5.10534906387329 5.05890893936157 5.09446907043457 5.29783248901367 5.06507158279419 5.16598892211914 3.90422940254211 3.021244764328 2.74815058708191 1.87411940097809 19.428596496582 0.226258590817451 3.45407557487488 12.493968963623 0.735016405582428 0.0604396723210812 0.453785061836243 0.486145108938217 1.34163355827332 1.59162497520447 1.46893763542175 0.532909095287323 1.00986421108246 0.513806879520416 1.29671382904053 2.7504575252533 9.0313777923584 2.25725102424622 5.26027345657349 6.71353769302368 8.62871837615967 13.5270471572876 3.60707426071167 4.41663122177124 20.0529308319092 0.600419044494629 -0.146361470222473 1.66927802562714 2.37228679656982
1.96872329711914 2.4509916305542 2.73176693916321 3.34157276153564 3.92741441726685 4.0232310295105 4.58012247085571 4.8386869430542 4.81229543685913 4.89869976043701 5.08387279510498 4.8087100982666 4.02911996841431 2.88424038887024 2.67799615859985 1.74909555912018 1.20784521102905 22.3347587585449 0.508843719959259 3.69029974937439 7.97759914398193 15.879810333252 -0.0471491515636444 0.293263226747513 0.445245891809464 1.4470226764679 1.36892914772034 0.434342831373215 0.860557377338409 0.451042950153351 1.08334422111511 2.30294823646545 0.387907356023788 7.8720703125 4.73726987838745 4.96220731735229 6.26364803314209 8.1464729309082 13.498007774353 13.9603748321533 3.78721141815186 21.3535022735596 25.3899230957031 0.186799213290215 0.39955148100853 1.50978219509125
2.17638921737671 2.60318899154663 3.16761589050293 3.34505462646484 3.80173349380493 3.87779998779297 4.42610168457031 4.38779449462891 4.45143747329712 4.69328880310059 4.52384901046753 4.60406923294067 3.4670832157135 2.47856402397156 2.25637102127075 1.22110331058502 4.81858158111572 15.2260789871216 2.14305901527405 4.96775913238525 0.703870415687561 6.33161306381226 0.0604011118412018 0.160897150635719 0.962269604206085 1.35028088092804 1.30702590942383 0.357477784156799 0.792226076126099 0.922991156578064 1.97045814990997 0.336143761873245 6.57134294509888 4.32892990112305 4.36903715133667 5.63204288482666 7.04871368408203 6.56838989257812 8.73790550231934 8.41205215454102 7.52544164657593 13.1328458786011 18.5274791717529 17.1297569274902 0.386466205120087 -0.310400038957596
2.30329561233521 3.03154850006104 3.19887685775757 3.62016463279724 3.63940644264221 4.10868215560913 4.26635885238647 4.2059588432312 4.31132507324219 4.48603010177612 4.23823690414429 3.54392504692078 2.4967348575592 2.23715949058533 1.51217198371887 0.449335008859634 8.41987037658691 0.36215403676033 2.28460073471069 3.99292707443237 13.8079586029053 12.6802806854248 -0.0135911693796515 0.559505701065063 0.733543276786804 1.17359125614166 0.315582901239395 0.65635472536087 0.148217514157295 0.838246285915375 1.80206978321075 5.63768911361694 1.28049623966217 4.09563589096069 5.14986324310303 5.22157001495361 6.56976222991943 5.50751924514771 5.88555479049683 2.88214063644409 5.42011404037476 10.0119380950928 7.60373878479004 17.4314880371094 16.5352745056152 1.11601710319519
2.45393800735474 2.97879433631897 3.47491931915283 3.48825073242188 3.57235813140869 4.05323314666748 3.97160387039185 3.97677516937256 4.16508197784424 4.00403022766113 4.04752826690674 2.9990086555481 2.09733128547668 1.91683948040009 12.0797443389893 4.54082679748535 7.42710590362549 0.656265795230865 3.0241813659668 0.321593850851059 8.81484603881836 5.48308134078979 6.73683452606201 6.25454330444336 1.04687964916229 0.496088117361069 0.285864263772964 0.545052111148834 0.684772670269012 1.55479288101196 0.233039066195488 5.15262651443481 3.77930092811584 3.82796216011047 4.8798360824585 5.92882299423218 4.41241121292114 4.55669116973877 1.84920632839203 2.28599524497986 2.70612931251526 8.06886577606201 6.33257913589478 12.9761219024658 19.344030380249 5.64662027359009
2.86611008644104 3.02261424064636 3.41449952125549 3.4262809753418 3.84242939949036 3.96942281723022 3.88414120674133 3.95275712013245 4.05417823791504 3.78971791267395 3.13389348983765 2.15694808959961 1.90304589271545 1.25077593326569 6.75632286071777 5.18386840820312 4.93581199645996 1.40544700622559 2.00868582725525 1.73377895355225 6.3519811630249 4.45614671707153 3.97856950759888 3.64521265029907 0.959421515464783 0.227740421891212 0.43624871969223 0.0382399745285511 0.609797656536102 1.42537927627563 4.50837802886963 0.95660662651062 3.58953404426575 4.50057077407837 5.40737676620483 4.59019327163696 3.53719520568848 2.92756581306458 2.26572227478027 2.33912944793701 3.99967741966248 5.71812534332275 6.16172361373901 11.410662651062 14.4590091705322 13.0121154785156
