slauniainen/Data/DEM/Vihti_dem1500b_cl_horizonAngle_102.asc
NCOLS 196 
NROWS 178 
XLLCORNER 353680 
YLLCORNER 6699024 
CELLSIZE 16 
NODATA_value -3.4e+38 
[rows 0 to 19 of 178, columns 0 to 44 of 196]
4.883569717407230 5.39499998092651 5.86263179779053 6.55735111236572 7.13914346694946 7.9326810836792 9.27497863769531 17.3826007843018 20.896448135376 9.76095294952393 9.9990234375 11.5533180236816 15.0391263961792 17.8472938537598 20.7096767425537 26.3424873352051 26.8698787689209 20.4241695404053 14.0791254043579 13.6656045913696 6.90776395797729 5.74214029312134 7.04567337036133 4.83014583587646 -0.441528677940369 -0.300071686506271 0.197585016489029 0.558192074298859 2.26324844360352 0.744160056114197 1.39449024200439 3.19798445701599 3.28161859512329 0.560057699680328 0.657854914665222 0.293308705091476 1.23171675205231 1.56477606296539 1.75912237167358 -0.856662154197693 -0.730761349201202 -0.443033307790756 -0.00777958612889051 0.568006157875061 1.25626730918884
5.26717233657837 5.75073862075806 5.96663093566895 6.61701774597168 7.33573198318481 8.15416717529297 9.28993606567383 15.0539388656616 21.9959030151367 10.5653553009033 10.5871915817261 12.4234886169434 15.8713293075562 17.9389247894287 20.4249439239502 25.4057521820068 26.0344123840332 20.5947666168213 15.4636459350586 14.2340412139893 8.26098251342773 8.47270011901855 4.67193126678467 2.61163878440857 -0.512126922607422 -0.486713320016861 -0.0101481303572655 1.33717656135559 3.84499645233154 0.478300392627716 0.860170841217041 2.07495093345642 3.01487398147583 2.98433113098145 1.37377953529358 0.381583362817764 0.840244293212891 1.86360168457031 1.20472240447998 -0.69494354724884 -0.468848496675491 -0.118649490177631 0.697804987430573 1.63714528083801 2.75012421607971
5.42344427108765 5.96297788619995 6.3624963760376 6.93630266189575 7.74019908905029 8.56105709075928 9.62020492553711 11.1432161331177 21.9437294006348 11.2637300491333 11.7104158401489 13.7860078811646 16.5008239746094 17.8916454315186 20.1269569396973 22.9400806427002 25.9545307159424 20.8206176757812 16.8609104156494 15.7436466217041 12.2510871887207 9.04228496551514 6.46387577056885 4.98430013656616 -0.793385624885559 -0.705402255058289 -0.421861112117767 0.585600018501282 1.6993989944458 0.560892581939697 0.746890425682068 1.70236909389496 2.52759170532227 2.64858031272888 2.2310049533844 1.11719536781311 -0.255870848894119 0.258397966623306 0.0936827883124352 -0.472213119268417 -0.187657758593559 0.46795791387558 1.61640644073486 2.97299480438232 4.73671531677246
5.58208417892456 6.0270881652832 6.60755395889282 7.13982915878296 7.86796236038208 8.85597324371338 9.80850124359131 11.3632564544678 13.3426027297974 12.5722341537476 12.6719284057617 14.4314889907837 16.6338081359863 18.2089900970459 20.5160102844238 22.0933589935303 22.7969455718994 20.6026420593262 18.0436058044434 16.9119930267334 12.6915597915649 8.98909950256348 12.5230331420898 9.18869781494141 -1.25311326980591 -0.997150897979736 -0.612812638282776 -0.200465381145477 0.470160067081451 0.489014178514481 0.777923703193665 2.03861999511719 2.40737152099609 2.09448671340942 1.31721580028534 1.69186508655548 -0.417469829320908 -0.450431048870087 -0.202424049377441 0.0701188668608665 0.579205513000488 1.31617152690887 2.64155459403992 4.39099168777466 5.51880788803101
5.70340490341187 5.99337768554688 6.50492668151855 7.05422973632812 7.95341110229492 8.91074085235596 10.0054121017456 11.5067625045776 12.8595991134644 13.6064805984497 13.8100309371948 14.9409065246582 16.6680297851562 18.5830230712891 22.5099849700928 23.1065616607666 20.1983470916748 18.774845123291 19.5469131469727 19.7941913604736 14.4005861282349 8.12087631225586 12.4210357666016 8.57383823394775 -1.47177267074585 -1.29257166385651 -0.887477695941925 -0.451792448759079 -0.164795741438866 0.046114269644022 0.235522091388702 1.59572052955627 2.24126195907593 2.50055527687073 1.78622591495514 0.401936382055283 -0.342787981033325 -0.0822601765394211 0.460904836654663 1.02135515213013 1.63121581077576 2.60395693778992 3.69707679748535 4.84530401229858 5.47839784622192
5.49572372436523 5.75771522521973 6.55442476272583 7.26992082595825 8.21103000640869 9.09111976623535 10.0586614608765 11.1333560943604 12.6062078475952 13.6679239273071 14.3951559066772 16.2343044281006 17.4778289794922 18.5592727661133 23.6879062652588 24.7843456268311 21.029016494751 18.3943767547607 21.5332298278809 23.7449188232422 13.3703098297119 11.5421686172485 10.5483779907227 4.21934175491333 -1.86987435817719 -1.72616028785706 -1.23526036739349 -0.713423848152161 -0.32309502363205 -0.212119832634926 -0.140879660844803 0.158596590161324 0.754063963890076 2.13160586357117 3.28006649017334 -0.108800821006298 0.0835726037621498 0.632116377353668 1.11697793006897 1.6722354888916 2.5987594127655 3.53654789924622 4.46669769287109 5.09847497940063 5.70172691345215
5.30474090576172 5.7338662147522 6.59980392456055 6.96317195892334 7.40442848205566 8.56371879577637 9.81874752044678 11.1403541564941 12.3408155441284 13.3606910705566 14.2706394195557 16.167501449585 17.0290069580078 18.3093166351318 22.3879089355469 28.832592010498 24.528923034668 19.4360847473145 20.1124286651611 22.7345867156982 22.9740390777588 13.9597454071045 10.87682056427 -1.29467415809631 -2.14665603637695 -1.8870153427124 -1.40526521205902 -1.03543698787689 -0.774982333183289 -0.552979528903961 -0.252325057983398 -0.116030469536781 0.0175407025963068 0.098160557448864 0.248586311936378 0.390150398015976 0.853842794895172 1.08105826377869 1.43766069412231 1.91987347602844 2.80020380020142 4.17065334320068 4.79936695098877 5.30853223800659 5.92500638961792
4.8774266242981 5.43411159515381 6.2327823638916 6.92167186737061 7.14917945861816 7.99025106430054 9.35148239135742 10.7138366699219 11.6949844360352 12.5546627044678 13.4079484939575 15.1730985641479 16.3307514190674 17.5645065307617 19.9814033508301 27.9691562652588 31.3545742034912 19.5586910247803 19.5330944061279 26.4361381530762 28.0751647949219 16.4986248016357 9.41993618011475 -2.03402495384216 -1.94659078121185 -1.77670705318451 -1.46502363681793 -1.15942740440369 -1.05865025520325 -0.673603475093842 -0.281101018190384 -0.4623743891716 -0.382979035377502 -0.303257554769516 -0.0721668973565102 0.504056215286255 1.11307513713837 1.44233405590057 1.71266090869904 2.315913438797 3.3354184627533 4.15653944015503 4.65024662017822 5.18960952758789 6.12485980987549
5.01237440109253 5.5250825881958 5.95857286453247 6.2754077911377 6.74191904067993 7.44547939300537 8.68129539489746 9.82192707061768 10.6912183761597 11.3600540161133 12.6324920654297 13.8790645599365 15.2561349868774 16.3555736541748 18.8355121612549 23.9195137023926 32.868221282959 26.0052890777588 18.3269710540771 22.7801456451416 24.6019840240479 23.8377437591553 10.8302030563354 -1.93853867053986 -1.90066075325012 -1.69189727306366 -1.41884338855743 -1.06022417545319 -0.938959002494812 -0.693598330020905 0.0454070866107941 -0.048576295375824 -0.721035361289978 -0.642292976379395 -0.271659463644028 0.444792777299881 1.28356766700745 1.68808400630951 2.11277794837952 2.89062261581421 3.49951672554016 3.94728469848633 4.40057039260864 5.12076282501221 6.05151844024658
5.13354539871216 5.6313910484314 6.07530117034912 6.43555307388306 7.00554990768433 7.6600923538208 8.39827823638916 9.16243267059326 9.73954296112061 10.3842344284058 11.3957805633545 12.4106817245483 13.3522348403931 15.3982572555542 17.8421325683594 19.9039001464844 28.4891452789307 32.3547706604004 17.9149761199951 20.4462642669678 22.3185844421387 22.7205829620361 17.7625217437744 -1.21662902832031 -1.92414510250092 -1.7866542339325 -1.56521761417389 -1.20590126514435 -0.810878992080688 -0.502349674701691 0.357979208230972 0.557325839996338 0.502169966697693 -0.609045684337616 -0.428135931491852 0.34182009100914 1.25214612483978 1.64260852336884 2.29994225502014 2.84125995635986 2.99563002586365 3.36805725097656 4.25471925735474 5.13546562194824 5.95513296127319
5.31242799758911 5.76326656341553 5.98881769180298 6.39720964431763 6.90482330322266 7.57618999481201 8.42617988586426 9.15262699127197 9.66340827941895 10.197847366333 10.9614114761353 11.7396955490112 12.8303089141846 14.3745937347412 16.4108390808105 18.7304496765137 24.0938777923584 26.9701614379883 21.9948463439941 18.7625370025635 20.3921318054199 18.1245346069336 18.2837753295898 5.96539449691772 -1.86477017402649 -1.7985223531723 -1.62060761451721 -1.30341756343842 -0.857440114021301 -0.509636402130127 0.170685917139053 0.527248382568359 -0.290090709924698 -0.286825597286224 0.0164840649813414 0.775103390216827 1.46961009502411 1.66653656959534 3.98740768432617 8.12032604217529 1.85187375545502 2.4427855014801 4.22179841995239 5.42802715301514 7.05160808563232
5.4986834526062 5.86015033721924 6.10329961776733 6.5151195526123 6.99854183197021 7.69672584533691 8.17928886413574 8.76230335235596 9.47931957244873 10.0717363357544 10.8398847579956 11.8140020370483 12.7054166793823 13.9515695571899 15.6229772567749 17.4432621002197 19.9066390991211 21.4013175964355 21.7125434875488 15.1479034423828 16.7884178161621 14.852915763855 13.7290458679199 13.5840616226196 -0.918090105056763 -1.50659358501434 -1.46183466911316 -1.17293107509613 -0.906838536262512 -0.576325476169586 -0.282699227333069 0.0229494348168373 -0.242047473788261 -0.0471306592226028 0.277100414037704 0.826553463935852 1.50175213813782 1.930260181427 2.13705253601074 2.28969764709473 2.56592679023743 2.62769865989685 3.82272386550903 5.00870513916016 8.07871246337891
6.11135768890381 6.39223527908325 6.49620771408081 7.01967096328735 7.84270477294922 8.83485984802246 8.93298625946045 10.3707103729248 11.6587839126587 11.9590406417847 12.0431728363037 12.8952531814575 15.4120016098022 17.7969799041748 16.3363475799561 15.1163597106934 14.6908206939697 17.4157943725586 20.9657211303711 13.8654298782349 13.79665184021 12.2680187225342 10.5015544891357 7.24412727355957 4.49195098876953 0.231378227472305 -0.503644526004791 -0.698798716068268 -0.682853758335114 -0.441112756729126 -0.204423010349274 -0.0857324674725533 -0.226493164896965 0.104878783226013 0.619046866893768 1.10650312900543 1.55926156044006 1.92066311836243 2.08077383041382 2.25142407417297 2.42261219024658 2.55090093612671 2.95819115638733 3.6749894618988 6.6530442237854
6.66671657562256 7.06167984008789 7.19713020324707 7.80475854873657 8.64002323150635 9.84444808959961 10.1082916259766 11.6653547286987 13.0725965499878 13.7100992202759 15.6224727630615 17.4218826293945 19.9657440185547 23.2212677001953 24.9860286712646 18.1787071228027 10.2829027175903 11.6313171386719 13.8525018692017 15.0728988647461 15.2701072692871 13.9302024841309 10.8994255065918 4.64221286773682 3.45348477363586 3.05298852920532 0.205040648579597 0.286474227905273 0.573347985744476 1.02999544143677 1.07715344429016 0.710086703300476 0.594445407390594 0.911499440670013 1.33908605575562 1.79966247081757 2.22949528694153 2.40296936035156 2.2132785320282 2.43393015861511 2.73145866394043 2.67977356910706 2.93959355354309 3.22322964668274 3.43435168266296
6.73594379425049 7.29364967346191 7.77535390853882 8.441481590271 9.45553207397461 10.597131729126 10.6903562545776 12.3354606628418 13.9092655181885 15.1394176483154 17.7514610290527 20.9729232788086 24.3088397979736 25.9893398284912 29.9969005584717 20.0765857696533 7.15961742401123 7.94603633880615 9.60025024414062 10.7096042633057 12.5854921340942 15.2485694885254 12.9584217071533 8.04469680786133 6.02276372909546 7.47504186630249 0.433051407337189 0.438627988100052 0.684962511062622 1.0221791267395 0.986564457416534 1.04248476028442 1.12778556346893 1.66524827480316 2.54076623916626 3.55894947052002 3.04797387123108 3.81158494949341 3.56139254570007 3.68636608123779 3.78027772903442 3.49848055839539 3.3461480140686 3.90053772926331 4.5794825553894
6.96607637405396 7.47217416763306 8.05145263671875 8.85412311553955 9.98996543884277 10.8827819824219 11.5183267593384 12.9213447570801 14.4161081314087 16.5134162902832 19.7387218475342 23.6228466033936 26.8954792022705 31.6425037384033 34.4500617980957 15.5716762542725 6.55713224411011 5.33405017852783 6.90663051605225 8.21163177490234 9.78840160369873 12.9924468994141 17.5562076568604 13.9950685501099 5.45176410675049 6.42678308486938 1.96978783607483 0.408153474330902 0.479125827550888 0.688412249088287 1.04653406143188 1.44036483764648 1.56837689876556 1.67922270298004 2.28112196922302 4.422935962677 5.01650190353394 3.45716261863708 3.62992906570435 3.97424817085266 3.54263973236084 6.28337240219116 7.25237560272217 6.90571165084839 7.13461065292358
7.05783128738403 7.58403587341309 8.14916610717773 9.07379055023193 10.4258451461792 11.3743419647217 12.2514505386353 13.6370697021484 15.1856918334961 17.7286338806152 21.9733200073242 25.2449703216553 28.9197692871094 36.401985168457 33.5520095825195 13.2245845794678 8.91561985015869 4.90541315078735 3.92995095252991 4.84955215454102 6.55567979812622 8.78660297393799 15.3291416168213 19.4172115325928 11.3480081558228 5.09038209915161 1.3953230381012 0.122093059122562 0.179365187883377 0.294208556413651 0.848132789134979 1.26496016979218 1.43846333026886 1.32031226158142 1.77182841300964 4.18688440322876 8.84851932525635 2.46603870391846 2.69585275650024 2.51302194595337 3.65771555900574 6.57778358459473 10.0350942611694 10.1734857559204 7.16920328140259
7.00160884857178 7.53073787689209 8.1489200592041 9.07048606872559 10.3804922103882 11.0996026992798 12.0754499435425 13.4800539016724 16.6133155822754 19.8081302642822 23.1313915252686 26.7557621002197 30.8607921600342 40.3852882385254 32.2420387268066 11.8081178665161 10.8978185653687 6.64103555679321 2.6339066028595 2.23236107826233 2.72278046607971 4.98180723190308 7.00942230224609 15.8755359649658 18.7173824310303 7.71676635742188 5.23089408874512 0.71411395072937 2.12867307662964 -0.135520860552788 0.315930187702179 1.02999079227448 3.53259873390198 0.637340307235718 1.03191936016083 3.38893890380859 5.72868394851685 1.9757753610611 2.06550168991089 2.82573342323303 4.24206924438477 6.1070613861084 8.32032203674316 6.82212543487549 4.98299884796143
7.11013603210449 7.60671377182007 8.20230865478516 8.98423004150391 10.0463409423828 11.0280199050903 12.4732179641724 14.2252168655396 17.1369190216064 19.5907783508301 22.6680240631104 26.3011798858643 34.4238204956055 44.8564796447754 28.6768054962158 10.9469680786133 5.76538610458374 5.87076139450073 5.35661029815674 6.71191835403442 1.05000853538513 1.3793933391571 3.69906067848206 5.49934101104736 13.5052785873413 12.635591506958 7.17579889297485 7.12165355682373 0.499028325080872 -0.365259855985641 -0.0133743239566684 0.152025997638702 2.2589111328125 0.660723209381104 0.550631046295166 1.5721880197525 7.76164484024048 3.40945267677307 1.48798906803131 2.37937426567078 3.35956740379333 5.59974145889282 8.31735038757324 5.46383857727051 7.34428358078003
7.110915184021 7.65345525741577 8.27941513061523 9.16737270355225 10.1783123016357 11.3802356719971 12.6406173706055 14.0718240737915 16.4562339782715 18.8884239196777 21.8518447875977 25.4051303863525 33.8119621276855 41.8014450073242 27.4077663421631 13.8821411132812 6.54683589935303 5.1443452835083 5.52745389938354 7.23108720779419 5.01211881637573 0.25362890958786 0.739690065383911 2.12465739250183 4.23949527740479 9.97025489807129 10.3474760055542 13.0636186599731 5.86865234375 -0.53089165687561 -0.275527715682983 -0.315756440162659 0.513916969299316 0.254164069890976 0.295388877391815 0.624234974384308 4.17707204818726 6.85208559036255 1.07629549503326 1.51853013038635 2.14689517021179 5.84165668487549 7.13878917694092 3.59576511383057 4.46604585647583
