slauniainen/Data/DEM/Vihti_dem1500b_cl_horizonAngle_96.asc
NCOLS 196 
NROWS 178 
XLLCORNER 353680 
YLLCORNER 6699024 
CELLSIZE 16 
NODATA_value -3.4e+38 
[rows 40 to 59 of 178, columns 90 to 134 of 196]
1.29609417915344 0.499793440103531 0.372003585100174 0.343370467424393 0.35368537902832 0.365562379360199 0.35831880569458 0.259760797023773 0.180705145001411 0.191784307360649 0.219287410378456 0.266126602888107 0.304703384637833 0.332066714763641 0.487108260393143 0.708206713199615 1.46218991279602 0.222396239638329 0.361069530248642 0.471920251846313 0.56222802400589 0.641507565975189 0.549945831298828 0.381856590509415 0.0801937505602837 0.198962613940239 0.0224849823862314 -0.208415478467941 -0.331264019012451 -0.325150966644287 -0.0856976583600044 0.100616343319416 0.341729134321213 0.531826555728912 0.75858199596405 1.92523813247681 0.236615106463432 0.0998309254646301 0.688982605934143 -0.447392702102661 -0.0715217739343643 -0.301392406225204 -0.287901192903519 -0.434729725122452 -0.619230329990387
3.9911732673645 0.339840024709702 0.34112623333931 0.374076128005981 0.388909816741943 0.403964072465897 0.415605634450912 0.338358253240585 0.366677671670914 0.393976211547852 0.424317419528961 0.47030383348465 0.516755759716034 0.566916465759277 0.603342413902283 0.644873261451721 0.636285603046417 0.491348803043365 0.462512135505676 0.505796670913696 0.643291532993317 0.710932731628418 0.591287076473236 0.535276830196381 0.488835334777832 0.488469630479813 0.308944463729858 -0.0272209215909243 0.00711571797728539 0.154633656144142 0.346080958843231 0.477869629859924 0.553942501544952 1.04816234111786 1.63492202758789 2.83615756034851 0.722434639930725 0.10008542984724 -0.206514090299606 0.251062482595444 -0.588438272476196 -0.319225907325745 -0.16014339029789 -0.43195441365242 -0.716157257556915
4.88957595825195 2.26626253128052 0.404382884502411 0.424685806035995 0.466359406709671 0.492427736520767 0.514394640922546 0.375127792358398 0.402137100696564 0.43999445438385 0.485471546649933 0.523250877857208 0.56513249874115 0.617446720600128 0.670530617237091 0.713750720024109 0.771540105342865 0.681902050971985 0.6985684633255 0.7146977186203 0.759387850761414 0.786583662033081 0.822372496128082 0.851280272006989 0.883161067962646 0.82856148481369 0.576596677303314 0.437351614236832 0.457854598760605 0.499752670526505 0.588409602642059 0.752775013446808 1.01758050918579 1.58706104755402 2.73081803321838 2.30938792228699 1.42537343502045 1.5807056427002 -0.525164425373077 -0.570725381374359 -0.640726029872894 -0.632591485977173 -0.190110638737679 -0.160009443759918 0.171416625380516
4.71010112762451 3.14412307739258 2.54995083808899 1.3434841632843 0.358481287956238 0.462211906909943 0.493254005908966 0.462694108486176 0.501597762107849 0.554474830627441 0.605290591716766 0.65738445520401 0.707611739635468 0.759327113628387 0.815635204315186 0.867684960365295 0.934053122997284 0.933306992053986 0.886214673519135 0.769833505153656 0.799699008464813 0.814015567302704 0.855779588222504 0.896256685256958 0.951708137989044 1.02464580535889 1.05597794055939 0.880177915096283 0.895591914653778 0.959758758544922 1.06128478050232 1.24957132339478 1.63180077075958 2.33826518058777 3.76823687553406 2.83175039291382 1.71377062797546 1.60325515270233 1.4203200340271 -0.427479952573776 -0.791323184967041 -0.74474173784256 -0.133936256170273 0.249128729104996 0.676531076431274
6.62401294708252 3.93117094039917 5.34500551223755 0.9362673163414 0.260101199150085 0.326620221138 0.372429311275482 0.446693599224091 0.489616841077805 0.540056884288788 0.600029528141022 0.655682444572449 0.7193603515625 0.750538945198059 0.802463591098785 0.861236929893494 0.943615734577179 0.985594809055328 1.03597211837769 0.935505092144012 0.947215557098389 0.955698013305664 1.00863146781921 1.0703991651535 1.17923605442047 1.27293968200684 1.0220183134079 0.935308396816254 0.986689865589142 1.0141795873642 1.06995451450348 1.18089914321899 1.53672504425049 2.24820232391357 3.67131638526917 2.99412846565247 2.87209987640381 3.17981791496277 4.31120204925537 -0.530690550804138 -0.631007254123688 -0.569901525974274 -0.153153881430626 0.0390962958335876 0.386274099349976
10.8238906860352 1.89038348197937 2.1317150592804 1.42486619949341 2.59061789512634 0.286935180425644 0.315584421157837 0.342298597097397 0.373628288507462 0.403624385595322 0.465440630912781 0.602059006690979 0.646048307418823 0.666176974773407 0.682086944580078 0.708317518234253 0.831380605697632 1.08261370658875 1.31617081165314 1.44730365276337 1.45698952674866 1.47016060352325 1.5048760175705 1.54919791221619 1.4849545955658 1.38130223751068 1.4123854637146 1.44177412986755 1.30320656299591 1.33441376686096 1.38247263431549 1.44994604587555 1.85815417766571 2.56883025169373 3.5480740070343 3.54762363433838 2.74091577529907 2.89639234542847 3.49763703346252 1.50352585315704 -0.183705225586891 0.037225678563118 0.170637503266335 0.225394085049629 0.393065094947815
11.7942180633545 2.32405567169189 2.73002147674561 3.25811743736267 5.53442335128784 0.712119817733765 0.158551767468452 0.269426196813583 0.310842305421829 0.379534244537354 0.556576073169708 0.763025164604187 0.847408533096313 0.879041612148285 0.897689461708069 0.983244895935059 1.23318779468536 1.84331822395325 2.37032127380371 2.42768335342407 2.4669246673584 2.52086710929871 2.57336950302124 2.61235213279724 2.40491843223572 2.22891569137573 2.28919196128845 2.34361124038696 1.92049610614777 1.70876181125641 1.7331371307373 1.75669097900391 1.84483420848846 2.51847505569458 3.53303122520447 3.53842449188232 3.2095901966095 3.38922929763794 3.90682625770569 5.01674127578735 0.601389288902283 0.787535130977631 1.01498007774353 1.11415791511536 1.19794130325317
10.0295553207397 2.89944219589233 3.03690123558044 2.96091222763062 2.50491833686829 2.40569424629211 0.170772969722748 0.221584185957909 0.266959667205811 0.362700939178467 0.549360036849976 0.789651334285736 0.899927496910095 0.963599562644958 1.03615474700928 1.25658679008484 1.65657198429108 2.55191254615784 2.7273268699646 2.79299283027649 2.85977721214294 2.92177772521973 2.96214985847473 2.90018939971924 2.73567128181458 2.68852591514587 2.77069926261902 2.84969067573547 2.93943667411804 3.00464200973511 3.07054567337036 3.15019178390503 3.24790596961975 3.04471898078918 2.86676573753357 4.37029790878296 3.5058708190918 3.56546664237976 4.16264820098877 5.23571681976318 1.86457252502441 2.04866409301758 2.43873977661133 2.38782429695129 2.19649934768677
8.62911319732666 7.09600257873535 3.75258159637451 2.60633587837219 1.2239066362381 0.197698533535004 0.233832761645317 0.267323523759842 0.287784487009048 0.34175968170166 0.522004783153534 0.702828466892242 0.844737470149994 0.948142409324646 1.13653326034546 1.39353311061859 1.95356225967407 2.52325439453125 2.8208863735199 2.89095234870911 2.94049119949341 3.00806212425232 3.08213138580322 3.10399532318115 3.06091976165771 3.14087152481079 3.23546743392944 3.33103966712952 3.44037842750549 3.5275981426239 3.61743426322937 3.71870565414429 3.65639424324036 3.45375561714172 3.48740124702454 3.68566870689392 4.20942354202271 3.76620316505432 3.80157041549683 3.83498692512512 3.83891201019287 4.02070093154907 4.39433288574219 4.06709814071655 3.66563606262207
9.54819297790527 7.56698560714722 3.22561454772949 3.24755120277405 0.835600733757019 0.215245023369789 0.697723984718323 0.26345220208168 0.278524070978165 0.342851519584656 0.461561352014542 0.608524143695831 0.743063449859619 0.895007371902466 1.11656308174133 1.42741405963898 1.99730014801025 2.38011288642883 2.70523023605347 2.84962511062622 2.90648698806763 2.97984886169434 3.05336475372314 3.12849020957947 3.17769265174866 3.26131868362427 3.35804104804993 3.45886206626892 3.57501888275146 3.67137432098389 3.77415156364441 3.88529539108276 3.93283128738403 3.93137907981873 4.0589165687561 4.2396354675293 4.46458768844604 4.51320695877075 4.56711530685425 5.27239894866943 4.61500215530396 4.82341289520264 4.93917274475098 4.65978717803955 4.88870906829834
8.66936779022217 7.24701738357544 5.99018907546997 4.08334493637085 1.68527281284332 0.456513345241547 0.662171006202698 0.309240639209747 0.249186724424362 0.317983746528625 0.420512020587921 0.535173237323761 0.682587623596191 0.835340678691864 1.04738593101501 1.38849127292633 1.85190582275391 2.24567580223083 2.53042936325073 2.74547719955444 2.80098557472229 2.86228036880493 2.92647814750671 2.99660444259644 3.15325379371643 3.23304009437561 3.3281672000885 3.4280059337616 3.54126048088074 3.64696455001831 3.74852895736694 3.85275983810425 3.98608326911926 4.10911893844604 4.24739265441895 4.43002939224243 4.67079019546509 4.81153726577759 4.89056539535522 4.96913814544678 4.99655055999756 5.18843936920166 5.35105276107788 5.45891761779785 5.74293756484985
8.01794338226318 9.03928756713867 6.31512212753296 4.60711622238159 3.07204484939575 1.70154178142548 0.254059255123138 0.268798291683197 0.315227091312408 0.31239116191864 0.397989332675934 0.504916965961456 0.603164076805115 0.76394522190094 0.997960388660431 1.28879809379578 1.69616460800171 2.05421042442322 2.35766291618347 2.56338167190552 2.61102294921875 2.66550636291504 2.72757029533386 2.79735541343689 3.03744029998779 3.11876559257507 3.20723414421082 3.30231118202209 3.40837073326111 3.51185870170593 3.60722613334656 3.70822715759277 3.8479266166687 4.08381795883179 4.22614049911499 4.40686893463135 4.62852764129639 4.83022499084473 4.92677927017212 5.05221796035767 5.15215682983398 5.29884338378906 5.5428409576416 5.73385286331177 5.99873924255371
7.61557769775391 9.34926128387451 7.74994993209839 5.26962232589722 2.95313286781311 2.72146201133728 0.920848786830902 0.447137743234634 0.52157199382782 0.448673129081726 0.404457479715347 0.477765381336212 0.827652096748352 0.713220477104187 0.901954710483551 1.16319835186005 1.53941655158997 1.83365404605865 2.10992860794067 2.30340385437012 2.34638476371765 2.3914794921875 2.44390869140625 2.59956884384155 2.82810401916504 2.9113245010376 2.99002861976624 3.07730913162231 3.16956257820129 3.26144003868103 3.35188126564026 3.45348000526428 3.62002086639404 3.94724225997925 4.09774351119995 4.27718162536621 4.48159408569336 4.69996690750122 4.85990381240845 4.96605491638184 5.09054660797119 5.22176551818848 5.42216491699219 5.68108415603638 5.93455028533936
7.64336967468262 8.5835018157959 9.49313259124756 7.0289888381958 4.19405651092529 3.02562212944031 0.914184212684631 0.651853680610657 0.766814112663269 0.656550645828247 0.679052472114563 0.735690236091614 0.914950132369995 0.929251253604889 1.0282986164093 1.14532363414764 1.38601350784302 1.66070365905762 1.90966796875 2.02086901664734 2.06452965736389 2.10300970077515 2.12784838676453 2.29126000404358 2.51442217826843 2.60090470314026 2.67534255981445 2.7570481300354 2.83444881439209 2.91234731674194 3.00636982917786 3.11492824554443 3.388179063797 3.70335364341736 3.84845423698425 4.0215802192688 4.21047878265381 4.40235900878906 4.59658575057983 4.70909881591797 4.83011674880981 4.9540901184082 5.20631265640259 5.58929347991943 5.81853914260864
7.69825077056885 8.35390377044678 8.66179180145264 8.95943737030029 6.72915029525757 3.5926628112793 1.32494342327118 0.74422162771225 0.874184846878052 0.799427211284637 0.980578124523163 1.11743533611298 1.24127328395844 1.38143587112427 1.51926469802856 1.37618660926819 1.32580029964447 1.75905406475067 1.9358948469162 1.81339228153229 1.85671484470367 1.8853919506073 1.90157866477966 2.00984215736389 2.17744159698486 2.26815247535706 2.33629488945007 2.41285991668701 2.48523259162903 2.55985426902771 2.64491701126099 2.74634718894958 3.04653692245483 3.34378099441528 3.4833505153656 3.65299916267395 3.82659411430359 4.01038408279419 4.19754219055176 4.31101846694946 4.42675161361694 4.55728244781494 4.97690582275391 5.33261156082153 5.51528692245483
7.58658313751221 8.51570510864258 8.86896419525146 9.09377098083496 7.9851975440979 6.5985369682312 2.33097696304321 0.695659577846527 0.808593273162842 0.838952898979187 0.942986249923706 1.14129197597504 1.50316822528839 1.69909119606018 1.60725319385529 1.579629778862 1.94437503814697 2.65136122703552 1.60649240016937 1.63937675952911 1.6793440580368 1.80634415149689 2.25589680671692 1.8258593082428 1.93858301639557 2.05471611022949 2.13291668891907 2.21317791938782 2.28486466407776 2.3529634475708 2.42760062217712 2.524897813797 2.75317931175232 2.95719718933105 3.09711909294128 3.25923013687134 3.4232325553894 3.59948420524597 3.73253679275513 3.85182476043701 3.98201060295105 4.10292720794678 4.56727933883667 4.8945484161377 5.0552830696106
7.45475244522095 8.72540283203125 9.50605583190918 9.83576965332031 9.37802696228027 7.41015577316284 3.17009449005127 2.19517254829407 0.735516488552094 0.626599967479706 0.757558405399323 0.98280942440033 1.24217355251312 1.56139934062958 1.72237253189087 1.95339632034302 2.72922420501709 3.10085272789001 1.35199010372162 1.47868013381958 1.50649523735046 2.01333212852478 2.48475289344788 1.62276518344879 1.77978134155273 1.89235663414001 2.05142164230347 2.13592529296875 2.21042799949646 2.27502417564392 2.34243750572205 2.4251720905304 2.60554361343384 2.7268238067627 2.86875176429749 3.02810859680176 3.19572758674622 3.3907904624939 3.50938081741333 3.61751532554626 3.76752114295959 3.90395903587341 4.20614051818848 4.38496923446655 4.52556800842285
8.658616065979 9.59770584106445 10.190728187561 10.6912288665771 11.302264213562 7.01182508468628 7.30025911331177 5.21134567260742 2.71632385253906 0.533834218978882 0.584968388080597 0.767355382442474 1.15198075771332 1.46650779247284 1.570760846138 1.88575780391693 2.57003235816956 2.32811284065247 1.44268786907196 1.25214242935181 1.2872656583786 1.78522968292236 1.29447293281555 1.37485992908478 1.59257781505585 1.69193196296692 1.78168821334839 1.87650489807129 1.95083248615265 2.01748037338257 2.08458828926086 2.15963244438171 2.40063405036926 2.5287184715271 2.65715503692627 2.8567488193512 3.00780320167542 3.17427492141724 3.30551266670227 3.39074611663818 3.51909399032593 3.64302372932434 4.03574562072754 4.17278051376343 4.30987119674683
10.0939292907715 11.399772644043 12.3613338470459 13.0326442718506 12.4594306945801 13.4268827438354 10.5283479690552 11.3874502182007 4.71632862091064 0.178197115659714 0.401893138885498 0.952979862689972 1.06019866466522 1.30840945243835 1.66622149944305 1.99018561840057 2.32643556594849 2.18026351928711 2.00072550773621 2.09312224388123 1.87835967540741 2.43857049942017 1.12801349163055 1.14081358909607 1.30854856967926 1.41509974002838 1.48954319953918 1.59166574478149 1.68779969215393 1.75926196575165 1.82189083099365 1.88046944141388 2.08548450469971 2.30128359794617 2.4158239364624 2.56412625312805 2.73182439804077 2.89753365516663 3.04720091819763 3.13917565345764 3.25724339485168 3.36602449417114 3.77291083335876 3.90377855300903 4.04349279403687
10.7721471786499 12.2381286621094 13.6374244689941 14.724024772644 15.9221143722534 18.0588989257812 23.330394744873 12.5313386917114 5.78969860076904 0.30987736582756 0.647096574306488 1.25518488883972 1.30499196052551 1.86539614200592 2.10276889801025 2.28807020187378 2.61389923095703 2.71683812141418 2.88504767417908 3.27287244796753 3.32422208786011 3.15887260437012 1.68050944805145 1.15917205810547 1.30735778808594 1.38798141479492 1.51066839694977 1.61688220500946 1.72580230236053 1.66494703292847 1.73975563049316 1.79497087001801 1.86035203933716 2.0107147693634 2.10484337806702 2.24782037734985 2.41893076896667 2.5831937789917 2.71181988716125 2.79782938957214 2.90260934829712 3.00276732444763 3.35990452766418 3.59965777397156 3.72623348236084
