slauniainen/Data/DEM/Vihti_dem1500b_cl_horizonAngle_156.asc
NCOLS 196 
NROWS 178 
XLLCORNER 353680 
YLLCORNER 6699024 
CELLSIZE 16 
NODATA_value -3.4e+38 
[rows 60 to 79 of 178, columns 0 to 44 of 196]
1.73659563064575 1.78183364868164 2.13451790809631 1.95097470283508 1.94473111629486 2.0390157699585 2.05623030662537 1.74141132831573 1.60024952888489 2.48147535324097 2.5865113735199 3.54049158096313 3.77358222007751 4.09818506240845 3.2942955493927 2.84726619720459 2.60013723373413 2.78892874717712 3.58290672302246 2.63139128684998 1.82428348064423 0.124460406601429 -0.316306829452515 -0.508955955505371 -0.608622252941132 -0.726422429084778 6.27358102798462 7.8435583114624 4.48175477981567 1.8016060590744 0.314445078372955 0.316794395446777 0.379890263080597 0.369498044252396 0.390114396810532 0.381882041692734 0.334288835525513 0.315535932779312 0.266626685857773 0.225944653153419 0.171233102679253 0.137129068374634 0.0146086476743221 -0.161703884601593 -0.185142487287521
1.78363108634949 2.01067709922791 2.19600939750671 2.34002542495728 2.37054991722107 2.26165008544922 2.16662096977234 2.39764881134033 2.10712504386902 2.59475994110107 2.59808826446533 2.21672201156616 3.26094913482666 4.21530723571777 5.5585036277771 3.44986057281494 2.73777198791504 3.34544968605042 2.02241635322571 1.4749675989151 2.11422657966614 0.832655429840088 -0.0893947184085846 -0.331914275884628 -0.438038200139999 -0.631474018096924 -0.615261554718018 9.78406715393066 7.23495864868164 3.93374729156494 2.36993885040283 0.938780128955841 0.406644225120544 0.434797137975693 0.457540482282639 0.485972762107849 0.460448741912842 0.417550802230835 0.393805205821991 0.34314888715744 0.313813924789429 0.250356256961823 0.16610062122345 0.00902194622904062 -0.090035155415535
1.73395586013794 2.11708784103394 1.9228949546814 2.67734146118164 3.35659408569336 3.92987251281738 2.22436237335205 1.58171987533569 1.89250838756561 1.98272240161896 1.64670789241791 1.72393989562988 2.38590478897095 4.28647899627686 6.43871068954468 4.41357898712158 3.75307011604309 3.51493048667908 2.83550357818604 0.161000788211823 0.961791515350342 0.227658927440643 0.1273173391819 -0.168011173605919 -0.251269519329071 -0.402670562267303 -0.605525732040405 -0.450166314840317 7.66491460800171 4.42408847808838 2.15731978416443 1.46134352684021 0.445141792297363 0.500190317630768 0.494131356477737 0.605993688106537 0.757020056247711 0.686215937137604 0.532231867313385 0.461796641349792 0.422180950641632 0.389904022216797 0.302685976028442 0.178113117814064 0.0473442822694778
0.968906700611115 1.91006195545197 1.52841079235077 1.22595953941345 1.37649869918823 1.91092848777771 2.12260437011719 1.88616764545441 1.59968256950378 1.70755696296692 1.70537269115448 1.78360056877136 2.66395854949951 4.47431325912476 4.91717195510864 11.1979818344116 5.32107591629028 3.40061831474304 0.0493412725627422 -0.152476787567139 -0.0898591354489326 0.175270289182663 0.255963414907455 0.113450668752193 -0.0881742835044861 -0.140507146716118 -0.27621054649353 -0.437155574560165 -0.235361754894257 0.0711448565125465 0.24852754175663 0.328570753335953 0.423034131526947 0.506391882896423 0.527970433235168 0.7061607837677 0.966967046260834 1.00271236896515 0.779432594776154 0.622897982597351 0.540148615837097 0.508949816226959 0.434827476739883 0.328042447566986 0.245350211858749
0.673281192779541 1.18153536319733 1.13941812515259 1.14379048347473 1.28859353065491 1.66233909130096 2.4342098236084 2.64192390441895 1.85765767097473 1.91056632995605 1.81190383434296 1.93924236297607 1.7126727104187 2.56509733200073 4.56737422943115 2.20894932746887 5.77825927734375 4.19940996170044 -0.273260146379471 -0.254265487194061 -0.0532940961420536 0.0425993651151657 0.322122991085052 0.385384649038315 0.0979568064212799 0.0708092227578163 0.0205275844782591 -0.0989189445972443 -0.0907374918460846 0.097043476998806 0.277551680803299 0.39326086640358 0.457703113555908 0.53166651725769 0.60288405418396 0.753840982913971 1.03248369693756 1.09258222579956 1.08122634887695 0.8468337059021 0.671793818473816 0.610119760036469 0.556807219982147 0.479101002216339 0.463103294372559
0.996716320514679 0.987848520278931 0.893915832042694 1.11908876895905 1.45113396644592 1.6066038608551 2.49657416343689 2.86319279670715 2.33301568031311 1.80338907241821 2.38145422935486 2.34406900405884 1.39520907402039 0.788165271282196 -0.681079506874084 -0.721544921398163 -0.0174989439547062 2.68723726272583 1.69070494174957 -0.245591640472412 -0.0529779046773911 0.121154397726059 0.426196694374084 0.56242698431015 0.40681779384613 0.261391699314117 0.229982197284698 0.170623809099197 0.127001464366913 0.245198935270309 0.296460330486298 0.436439454555511 0.514672160148621 0.579353213310242 0.655573964118958 0.762141644954681 1.05863749980927 1.14352631568909 1.13328015804291 1.05538058280945 0.864683866500854 0.720088481903076 0.656688868999481 0.59863555431366 0.596792876720428
0.412736356258392 0.781106650829315 0.602451801300049 0.834787011146545 0.992490112781525 1.29097783565521 2.29408574104309 2.88755655288696 3.11300730705261 2.25417184829712 2.72954702377319 2.2828893661499 2.34730863571167 1.59562826156616 0.599825203418732 -0.61272394657135 -0.639047980308533 -0.606731653213501 1.34293806552887 -0.129991933703423 -0.083984300494194 0.0869829058647156 0.285918653011322 0.604009032249451 0.685114920139313 0.463655591011047 0.416948229074478 0.350917547941208 0.324844896793365 0.349931538105011 0.418515086174011 0.48138827085495 0.583434522151947 0.631189465522766 0.689881801605225 0.724022567272186 0.906009376049042 1.15376627445221 1.200066447258 1.18865859508514 0.957716107368469 0.824912905693054 0.752905011177063 0.705317080020905 0.707340657711029
0.346467792987823 0.0476998947560787 0.386841088533401 0.497128307819366 0.411169439554214 0.664017975330353 1.27826201915741 2.85500144958496 3.31177425384521 2.85895943641663 2.5985643863678 3.71675729751587 3.35567784309387 0.754173278808594 1.98029375076294 -0.545756578445435 -0.554842233657837 -0.552078783512115 -0.504608452320099 -0.305582135915756 -0.106136776506901 0.0864357203245163 0.278084099292755 0.68512487411499 0.812596499919891 0.710839986801147 0.554546177387238 0.516379594802856 0.491912543773651 0.451694846153259 0.497171640396118 0.551809728145599 0.612148106098175 0.647756457328796 0.720964729785919 0.794565379619598 0.860062539577484 1.15291666984558 1.24186325073242 1.24109530448914 1.17716491222382 0.997713983058929 0.850059330463409 0.812609612941742 0.813832104206085
0.387240201234818 0.191067725419998 0.177649199962616 0.295219987630844 0.501590669155121 0.389965772628784 1.04139029979706 2.00632667541504 3.34723973274231 4.06260681152344 3.10247993469238 3.89543342590332 3.2162458896637 2.53608560562134 -0.613792538642883 -0.565484881401062 -0.493322163820267 -0.408067613840103 -0.38945284485817 -0.268544107675552 -0.0550934746861458 0.0759685859084129 0.287491083145142 0.714845180511475 0.881311476230621 0.862834215164185 0.705926418304443 0.655733942985535 0.620019137859344 0.571879088878632 0.603794991970062 0.626655280590057 0.651255905628204 0.679256618022919 0.739688813686371 0.814253866672516 0.813827872276306 0.977333605289459 1.25243079662323 1.32606852054596 1.33259499073029 1.0988153219223 0.960982799530029 0.926149010658264 0.90056973695755
0.309777587652206 0.481377333402634 0.14766289293766 0.369678318500519 0.40675887465477 0.512179970741272 0.6567063331604 1.53262305259705 3.2264883518219 4.12374925613403 4.14647102355957 2.00939607620239 1.9124391078949 -0.647702217102051 -0.559364080429077 -0.478820621967316 -0.412901610136032 -0.320808857679367 -0.256676137447357 -0.14456444978714 -0.0429449193179607 0.114256039261818 0.331694960594177 0.545999109745026 0.958053231239319 1.1190128326416 0.848000824451447 0.768298208713531 0.73920214176178 0.727493941783905 0.691464841365814 0.7251296043396 0.728513479232788 0.757463097572327 0.775090754032135 0.832857429981232 0.868651568889618 0.926819741725922 1.26758897304535 1.39583146572113 1.43242061138153 1.34834408760071 1.15471911430359 1.0041366815567 0.967797160148621
0.689633667469025 0.835700154304504 0.12824521958828 0.393695205450058 0.557597219944 0.891863703727722 0.448380976915359 1.33168601989746 1.76698136329651 3.05369687080383 5.29132080078125 1.68605077266693 -0.669431149959564 -0.573130428791046 -0.43236118555069 -0.357863634824753 -0.32565712928772 -0.277005195617676 -0.193829461932182 -0.0804191008210182 0.00638632010668516 0.167722836136818 0.300286054611206 0.531374037265778 1.03122651576996 1.21949911117554 1.12630653381348 0.884332656860352 0.870294511318207 0.929942190647125 0.901401817798615 0.796528220176697 0.80307137966156 0.813689053058624 0.820663630962372 0.900784075260162 1.37049388885498 2.36043381690979 4.97853851318359 3.56016874313354 2.03357219696045 1.80797910690308 1.2033885717392 1.05214595794678 1.02160310745239
1.08171081542969 0.766543328762054 0.650813281536102 0.510310769081116 0.643219172954559 0.872893273830414 0.206688523292542 0.787676930427551 0.0781659707427025 -0.73845511674881 0.489330172538757 -0.663092136383057 -0.544784128665924 -0.436120182275772 -0.356088250875473 -0.333735883235931 -0.284040480852127 -0.209487020969391 -0.135056897997856 -0.0509595684707165 0.0475259348750114 0.26685357093811 0.307585686445236 0.64196515083313 0.864344894886017 1.26243734359741 1.34150958061218 1.03270637989044 1.34807991981506 1.3990250825882 1.40072405338287 1.61155664920807 1.10589754581451 1.00646638870239 1.377117395401 2.1446750164032 6.1677680015564 3.89354181289673 1.39442193508148 1.38547420501709 1.45791912078857 1.49233973026276 1.42218387126923 1.20393455028534 1.06205856800079
1.22782599925995 1.24254417419434 1.23612642288208 0.302269697189331 -0.0820391401648521 -0.360408127307892 -0.490133911371231 0.000543710542842746 -0.604549646377563 -0.687885701656342 -0.756896615028381 -0.610269665718079 0.0553245134651661 -0.379085600376129 -0.326478004455566 -0.2574383020401 -0.202973663806915 -0.164578497409821 -0.104468122124672 -0.0122996894642711 0.0737678706645966 0.111686311662197 0.387771040201187 0.634303867816925 0.829002737998962 1.23767745494843 1.41173017024994 1.30207550525665 1.41195631027222 2.47973155975342 2.58926701545715 3.30877232551575 3.97098207473755 3.98588347434998 7.49060583114624 2.88765144348145 1.32748293876648 0.941810190677643 0.986092269420624 1.34236550331116 1.47706568241119 1.50289857387543 1.46654725074768 1.26548624038696 1.13241076469421
1.33815813064575 1.58014130592346 0.898087322711945 0.84323525428772 0.06803098320961 -0.443434834480286 -0.486643940210342 -0.469315528869629 -0.548837065696716 -0.587519705295563 -0.634761273860931 -0.577388167381287 -0.491026729345322 -0.356499403715134 -0.293418735265732 -0.200652047991753 -0.126278012990952 -0.134953767061234 -0.0777734220027924 0.0123156914487481 0.0603530891239643 0.165938094258308 0.405934065580368 0.591692745685577 0.822571456432343 1.03829216957092 1.47007966041565 1.54532361030579 2.67811918258667 5.86066293716431 12.4379186630249 12.9168090820312 8.93864345550537 7.29050159454346 3.70833253860474 2.19743680953979 0.922159433364868 0.958857774734497 1.00841689109802 1.1342955827713 1.48114776611328 1.55648684501648 1.61191701889038 1.31477248668671 1.16593778133392
1.57112872600555 1.68655180931091 0.839530169963837 -0.053503006696701 -0.0588352270424366 -0.101472161710262 -0.405941843986511 -0.450612902641296 -0.481820076704025 -0.519072532653809 -0.560104429721832 -0.523084282875061 -0.44995653629303 1.12545669078827 -0.247964948415756 -0.138055488467216 -0.0970627292990685 -0.0329287648200989 -8.23811860755086e-05 0.0331523343920708 0.0862927809357643 0.225300624966621 0.385146886110306 0.574363768100739 0.795399010181427 1.0427531003952 2.10429430007935 4.24546766281128 6.21654891967773 5.6827244758606 1.87264883518219 1.17163753509521 0.993911385536194 2.21849727630615 1.31616449356079 1.44422447681427 0.950970828533173 0.98395848274231 1.03236782550812 1.07719945907593 1.45898759365082 1.59331119060516 1.64695072174072 1.54804623126984 1.33057081699371
1.84723019599915 2.28585290908813 1.83684325218201 0.295510143041611 -0.0463103391230106 -0.192491829395294 -0.360519737005234 -0.383844822645187 -0.42109888792038 -0.445554494857788 -0.487558901309967 -0.467480599880219 -0.389488786458969 -0.348272800445557 -0.230246677994728 -0.104506030678749 -0.0386756882071495 0.0133937308564782 0.0541828013956547 0.0548238232731819 0.175357595086098 0.263663709163666 0.380155026912689 0.5722616314888 0.798425257205963 2.76625752449036 4.3480110168457 2.28306579589844 1.84693717956543 1.13753426074982 0.867210924625397 0.816359639167786 0.797352910041809 1.4953625202179 1.52342879772186 1.53362584114075 1.13531565666199 1.00708174705505 1.058953166008 1.0871661901474 1.24116122722626 1.60668337345123 1.68138384819031 1.73560130596161 1.41541707515717
2.66640973091125 2.68317532539368 1.73373007774353 1.49383366107941 0.0138672152534127 0.0138982180505991 -0.316515445709229 -0.322888284921646 -0.352304458618164 -0.385810792446136 -0.352521806955338 -0.337198317050934 -0.323812007904053 -0.301329880952835 -0.175356402993202 -0.074387714266777 -0.0050337272696197 0.0475848838686943 0.0848227366805077 0.174228861927986 0.252693474292755 0.309419542551041 0.393227994441986 0.584209322929382 2.18228387832642 2.16471314430237 1.12409520149231 1.64939570426941 1.67191505432129 1.38766884803772 0.967769503593445 0.882438719272614 0.90628981590271 0.928073227405548 1.88800024986267 1.65833210945129 1.42990374565125 1.50953221321106 1.10034966468811 1.16094672679901 1.18101251125336 1.58285224437714 1.72082281112671 1.79756641387939 1.64280617237091
1.3505095243454 1.18729305267334 0.905776798725128 0.197061792016029 0.365179151296616 0.391569316387177 -0.0669358223676682 -0.262177705764771 -0.290956139564514 -0.273063480854034 -0.270857453346252 -0.256827056407928 -0.243026196956635 -0.187186121940613 -0.109849497675896 -0.0214869808405638 0.13368022441864 0.059938907623291 0.178506270051003 0.256657928228378 0.301431775093079 0.350037723779678 0.424909651279449 0.636850833892822 1.82958173751831 0.839408755302429 1.02976703643799 1.55630528926849 1.70756185054779 1.5059472322464 1.07589626312256 0.972354292869568 0.944043457508087 0.915881812572479 1.54728996753693 1.90778613090515 3.22071218490601 1.84526133537292 1.74472415447235 1.27423512935638 1.21041226387024 1.34485840797424 1.74133157730103 1.85771429538727 1.87757062911987
1.64698779582977 1.64974200725555 0.81243234872818 0.298237800598145 0.100711576640606 0.0970293283462524 -0.053217139095068 -0.212833613157272 -0.210971876978874 -0.207508504390717 -0.23019640147686 -0.190945893526077 -0.15852002799511 -0.12283955514431 -0.0544916875660419 0.595420777797699 0.0321765653789043 0.158445045351982 0.245353996753693 0.280308067798615 0.33314311504364 0.381828278303146 0.467506468296051 0.669419467449188 0.742171943187714 0.842419624328613 0.945823729038239 1.26446783542633 1.7093049287796 1.7082701921463 1.17828691005707 0.94397234916687 0.906338691711426 1.00722074508667 1.31935930252075 2.33307695388794 2.34713745117188 2.41129875183105 1.74690771102905 1.86492538452148 3.72770309448242 2.96448159217834 1.72067058086395 1.86901700496674 1.96901834011078
2.73276090621948 1.78487479686737 1.72601294517517 0.523103535175323 0.28749093413353 0.0526681244373322 0.0499257110059261 -0.0769459083676338 -0.166514411568642 -0.16247421503067 -0.169115662574768 -0.150411143898964 0.24916373193264 -0.0835651084780693 0.490682452917099 0.00784218870103359 0.103289663791656 0.21642193198204 0.265957206487656 0.30298525094986 0.340412586927414 0.454922020435333 0.796963393688202 0.65486878156662 0.697663903236389 0.832665264606476 0.927383303642273 1.14646339416504 1.64721357822418 1.80287170410156 1.54050862789154 1.1284077167511 1.158562541008 0.979475438594818 1.01879286766052 1.01496922969818 0.828769147396088 1.77162337303162 2.48668909072876 2.1862108707428 1.16269254684448 1.61291909217834 1.4513920545578 1.88727927207947 2.00395035743713
