slauniainen/Data/DEM/Vihti_dem1500b_cl_horizonAngle_288.asc
NCOLS 196 
NROWS 178 
XLLCORNER 353680 
YLLCORNER 6699024 
CELLSIZE 16 
NODATA_value -3.4e+38 
[rows 20 to 39 of 178, columns 135 to 179 of 196]
2.2164580821991 1.97105205059052 1.78825807571411 1.73612523078918 1.6854761838913 1.49000310897827 1.23935401439667 0.896317780017853 0.74723219871521 0.571717441082001 0.458391547203064 0.264886260032654 0.292543828487396 0.24621145427227 0.20141164958477 0.174619495868683 0.111300714313984 0.120008826255798 0.207705140113831 0.122809402644634 0.0865434929728508 0.0732733905315399 0.00428331270813942 0.934655785560608 0.0241571869701147 0.21401934325695 0.152782008051872 0.0961700901389122 0.0684316754341125 0.05666483938694 0.0468761473894119 0.00214632274582982 0.016568636521697 0.00806360971182585 0.0742987543344498 0.1241589859128 0.0747953355312347 0.0901273265480995 0.308229386806488 0.424390435218811 0.415826439857483 0.454553425312042 0.548750936985016 0.543005526065826 0.514330506324768
1.99037659168243 1.73711931705475 1.51481223106384 1.36929357051849 1.2435200214386 1.11358678340912 0.942161679267883 0.706265568733215 0.557580411434174 0.413562387228012 0.325173944234848 0.239655435085297 0.230081632733345 0.177452191710472 0.132483437657356 0.143233761191368 0.118006117641926 0.108759246766567 0.167953863739967 0.106783054769039 0.0818377807736397 0.0339336805045605 -0.0058534974232316 0.661242246627808 0.399895638227463 0.26602378487587 0.202885195612907 0.0108680473640561 0.0546271428465843 0.0520621053874493 0.0335068218410015 0.026308685541153 0.0220179725438356 0.0186830274760723 0.0507756136357784 0.0528315417468548 0.0827818363904953 0.0365007296204567 0.0418870113790035 0.0660891160368919 0.0798094123601913 0.285346359014511 0.387836933135986 0.363104850053787 0.393512070178986
1.73904871940613 1.47470259666443 1.25787591934204 1.07958555221558 0.927997410297394 0.785162150859833 0.657654404640198 0.513159871101379 0.401523739099503 0.340995669364929 0.255963772535324 0.198810666799545 0.170385390520096 0.0966700166463852 0.115451097488403 0.106703035533428 0.0955726504325867 0.066192127764225 0.120634622871876 0.080568790435791 0.066986970603466 -0.0151540637016296 0.839820921421051 0.231296271085739 0.233458235859871 0.191465377807617 0.155630514025688 0.127589151263237 0.100908048450947 0.109228253364563 0.0469097271561623 0.0427622012794018 0.0336396470665932 0.0284098722040653 0.0182952228933573 0.0181895587593317 0.0293288305401802 0.00971544068306684 0.0223277565091848 0.00888796988874674 0.00285381427966058 0.0351362489163876 0.0576210543513298 0.0515526793897152 0.304705530405045
1.50664365291595 1.25557971000671 1.05986368656158 0.886540710926056 0.737700641155243 0.602786123752594 0.498068571090698 0.402752816677094 0.351200371980667 0.358812481164932 0.205671280622482 0.144448027014732 0.0996119752526283 0.0513568297028542 0.293244779109955 0.0419783368706703 0.230326399207115 0.134062707424164 0.0823481157422066 0.0540641248226166 0.00807738676667213 -0.0146326199173927 0.553665220737457 0.245547935366631 0.208282127976418 0.358990043401718 0.0329855009913445 0.0913935527205467 0.0873201861977577 0.0643397569656372 0.0887539759278297 0.0837678834795952 0.0731920525431633 0.00913803651928902 0.0234747435897589 0.0223279185593128 0.0202432945370674 0.0113483713939786 0.0627284348011017 0.00525127910077572 -0.00567103084176779 -0.00665432913228869 -0.0192421991378069 -0.0374875292181969 1.16717255115509
1.32978796958923 1.13193225860596 0.964146196842194 0.794359803199768 0.661512315273285 0.538141131401062 0.443700760602951 0.38511911034584 0.30650669336319 0.235417783260345 0.163520634174347 0.986291170120239 0.367598235607147 0.596251726150513 0.0220151040703058 0.194905519485474 0.266238868236542 0.173254057765007 0.0230871215462685 0.0105605404824018 -0.0162586122751236 0.782322227954865 0.0109919002279639 0.253821820020676 0.192631706595421 0.172364979982376 0.179448425769806 0.152693450450897 0.121539697051048 0.0725092515349388 0.0467992350459099 0.0250072684139013 0.274913012981415 0.063832513988018 0.0533364415168762 0.0480381436645985 0.0789159536361694 0.017143851146102 0.0157223101705313 0.00282366271130741 -0.0110088121145964 -0.0210848934948444 -0.0403694361448288 0.0361316949129105 0.805526733398438
1.33079969882965 1.08965110778809 0.910511672496796 0.764516711235046 0.638173460960388 0.516584038734436 0.437202453613281 0.347281008958817 0.274367988109589 0.210454657673836 0.154799625277519 0.0884945914149284 0.0287971645593643 0.0396697334945202 1.28428387641907 0.0320241264998913 0.195383638143539 0.129917487502098 0.0147180957719684 0.0890246108174324 -0.0478173643350601 0.464702218770981 0.175459116697311 0.245106667280197 0.200347363948822 0.182310789823532 0.112059727311134 0.103631667792797 0.0842445492744446 0.0966873317956924 0.0882518216967583 0.0819074735045433 0.0053766998462379 0.0631498098373413 0.0152877401560545 0.0066798054613173 0.338145077228546 0.0301555935293436 0.0194657500833273 -0.00776525633409619 -0.0122373914346099 -0.0265693049877882 -0.0413743741810322 0.880820095539093 0.221802234649658
1.234783411026 1.03999722003937 0.884043872356415 0.762459993362427 0.626992642879486 0.524339735507965 0.402687162160873 0.380012482404709 0.264295905828476 0.205608785152435 0.343595385551453 0.113480120897293 0.0618087239563465 0.0535617657005787 1.10119140148163 0.304536104202271 0.29829615354538 0.124719209969044 1.05570483207703 0.017722250893712 0.969671308994293 0.0110703483223915 0.0686724409461021 0.0610818192362785 0.32447150349617 0.251854777336121 0.181190654635429 0.128180235624313 0.0350486189126968 0.0372222699224949 0.157121270895004 0.0313629917800426 0.220122247934341 0.107425086200237 0.0576234720647335 -0.00588653609156609 0.000566040223930031 -0.00198192009702325 -0.00664355233311653 0.00266934279352427 -0.0191774796694517 -0.0345012322068214 -0.0410412326455116 1.3200010061264 0.0765226259827614
1.194331407547 0.987494230270386 0.882204651832581 0.762776136398315 0.644961476325989 0.554132103919983 0.443358927965164 0.401922732591629 0.2799913585186 0.223881810903549 0.167339012026787 0.175648495554924 0.108082219958305 0.105603165924549 0.473471581935883 0.0831448882818222 0.114309892058372 1.11966693401337 0.0814929604530334 0.0335124507546425 0.114186950027943 0.880355775356293 0.0541960820555687 0.0690023303031921 0.0455922558903694 0.201858580112457 0.105506457388401 0.228400319814682 0.0538820326328278 0.0374453812837601 0.297711610794067 0.0649687349796295 0.007870820350945 0.354769140481949 0.0339276343584061 0.0213689375668764 0.0191098898649216 0.00766911637037992 -0.0181548129767179 -0.0208622328937054 -0.0272351279854774 -0.0345117300748825 0.624281883239746 0.404953747987747 0.201129302382469
3.61575269699097 1.56084477901459 1.02703273296356 0.754985511302948 0.700719833374023 0.62998241186142 0.533811509609222 0.440838754177094 0.356796473264694 0.284392833709717 0.214194089174271 0.156799226999283 0.107620619237423 0.47539758682251 0.0430513881146908 0.693667411804199 0.181028872728348 0.0875877439975739 0.0487395264208317 0.339797914028168 0.0501935407519341 0.014330480247736 0.118175767362118 0.448119580745697 0.677850961685181 0.235272601246834 0.405723452568054 0.0151007873937488 0.0584390796720982 0.258152097463608 0.0529755763709545 0.0794350504875183 0.032961081713438 0.0293475538492203 0.147067308425903 -0.0101034184917808 -0.0199919454753399 -0.0281756464391947 -0.0280507560819387 -0.0286127142608166 0.0804322585463524 -0.0327356606721878 1.31399357318878 0.211453557014465 0.162034928798676
4.2275071144104 4.02377080917358 2.08079624176025 1.21506333351135 0.729304015636444 0.667527794837952 0.599190235137939 0.527562260627747 0.446145355701447 0.363897442817688 0.400666028261185 0.21951425075531 0.163248777389526 0.342710703611374 0.061344426125288 0.0376851409673691 0.0325597003102303 0.0408818311989307 0.296318292617798 0.223292842507362 0.26609855890274 0.0418041534721851 0.0882459729909897 0.155598565936089 0.0130803268402815 -0.0062981597147882 0.0182639248669147 1.18942952156067 -0.0165669377893209 -0.00779264559969306 0.305880278348923 0.0506179630756378 0.0312288459390402 0.165481358766556 0.0112445363774896 -0.00765466969460249 1.00614738464355 0.176320493221283 0.400280505418777 0.190572887659073 0.0728388428688049 0.835272967815399 0.242059707641602 0.826149761676788 0.29439115524292
3.25954723358154 4.80562210083008 3.81815123558044 2.4629225730896 1.50716114044189 1.17018568515778 0.643851101398468 0.589410841464996 0.521863222122192 0.439212560653687 0.525786876678467 0.295788109302521 0.217497780919075 0.19903090596199 0.112809486687183 0.159826010465622 0.188361421227455 0.249506562948227 0.249952524900436 0.258101910352707 0.207478657364845 0.0865062177181244 0.0821355879306793 0.281584799289703 0.17985762655735 0.0606501065194607 0.0297696758061647 -0.020721172913909 1.54746747016907 0.167076081037521 -0.00877979025244713 0.0981907024979591 0.102985478937626 0.0196982640773058 0.211953461170197 0.267577558755875 -0.00184984540101141 0.155345439910889 0.170098528265953 0.726679503917694 0.103668458759785 0.0758017525076866 0.581884801387787 0.436938375234604 0.365594536066055
1.35579895973206 3.51590061187744 4.12873697280884 3.45393490791321 2.59583449363708 1.71730470657349 1.39814496040344 1.03766667842865 0.827801108360291 0.51275098323822 1.14386367797852 0.424880594015121 0.287349462509155 0.228314712643623 0.17316210269928 0.124623544514179 0.133899167180061 0.100581906735897 0.0894433632493019 0.190175801515579 0.136165574193001 0.149929448962212 0.132368206977844 0.103726409375668 0.0924368128180504 0.0721301883459091 0.0604259595274925 -0.0148824471980333 -0.0258781369775534 1.35063827037811 0.159261643886566 0.057913463562727 0.211270451545715 -0.0148015795275569 1.29179334640503 -0.00130205950699747 0.432684272527695 0.57605242729187 0.606886506080627 0.49864935874939 0.304114609956741 0.262896299362183 0.330850690603256 0.562044262886047 0.342637419700623
0.950265407562256 1.82232177257538 3.3660147190094 3.4603590965271 2.81500840187073 2.27831697463989 1.94140660762787 1.46176588535309 1.18396174907684 0.985721290111542 1.08047616481781 0.715589821338654 0.470057964324951 0.410045862197876 0.318486303091049 0.168888911604881 0.160638421773911 0.123192131519318 0.0787281394004822 0.0663390010595322 0.0642528906464577 0.0520214773714542 0.0423239655792713 0.0498082265257835 0.0622262954711914 0.0301259309053421 -0.0108348997309804 -0.00543375685811043 -0.0130078718066216 -0.0244187992066145 1.54056024551392 0.0523169748485088 0.0168916750699282 0.189209207892418 0.897864162921906 0.236164510250092 0.924918532371521 0.763275563716888 0.553431212902069 0.414733469486237 0.27254581451416 0.281022578477859 0.379345566034317 0.351391434669495 0.247904777526855
0.87068647146225 1.33450055122375 2.08908438682556 3.28281688690186 3.55824995040894 2.48497009277344 2.04868793487549 1.78998637199402 1.49420082569122 1.36477530002594 1.1086174249649 1.01074326038361 0.829967260360718 0.71122819185257 0.581818282604218 0.394635111093521 0.370484441518784 0.32140451669693 0.243520990014076 0.13736529648304 0.10126905143261 0.0561670735478401 0.0425008684396744 0.0388357080519199 0.0321333184838295 0.025993824005127 0.00197774614207447 0.0920025706291199 -0.0230164080858231 -0.0427721627056599 0.465152978897095 0.889697253704071 0.0643864572048187 0.307819992303848 0.323540985584259 0.109014108777046 0.721967399120331 0.555536508560181 0.444631487131119 0.403038740158081 0.311542958021164 0.260688930749893 0.247553423047066 0.202839836478233 0.216451272368431
0.638568937778473 1.5772385597229 1.91396737098694 3.33353233337402 3.3937714099884 2.5378749370575 2.14975094795227 1.75443828105927 1.51584362983704 1.36997854709625 1.32574546337128 1.20242619514465 1.10857880115509 0.879018306732178 0.813243329524994 0.675405919551849 0.59346729516983 0.564056396484375 0.460572063922882 0.31949320435524 0.27194207906723 0.202558487653732 0.110091611742973 0.0789222866296768 0.0506231859326363 0.0295259561389685 0.0235434360802174 0.0215150956064463 -0.0208777207881212 -0.0294357724487782 -0.031079338863492 1.09787321090698 0.0838211625814438 0.732620775699615 0.180804520845413 0.158833980560303 0.418314337730408 0.409345954656601 0.366365104913712 0.322122126817703 0.223390579223633 0.191386803984642 0.465125650167465 0.227481409907341 0.194931253790855
0.829086124897003 1.63251972198486 2.3894259929657 3.11157202720642 3.46298599243164 2.53503799438477 2.26545572280884 1.65254414081573 1.56159389019012 1.35201060771942 1.30566382408142 1.2103830575943 1.12628543376923 1.02487874031067 0.960927724838257 0.899425208568573 0.735579431056976 0.700293481349945 0.649598956108093 0.536578059196472 0.474949955940247 0.340935111045837 0.69338059425354 0.287917375564575 0.162399381399155 0.0762875601649284 0.0964421778917313 0.0266242008656263 0.0103124203160405 0.00429401127621531 0.00848309509456158 0.0537417978048325 0.989937424659729 0.3429916203022 0.034896943718195 0.0132034411653876 0.212991639971733 0.715657293796539 0.317559570074081 0.147919818758965 0.17484188079834 0.160762757062912 0.217936620116234 0.515255570411682 0.187350302934647
0.519248843193054 1.32366001605988 2.97479486465454 3.01588201522827 2.96716547012329 2.91190481185913 2.19193267822266 1.72174334526062 1.67308485507965 1.44781076908112 1.29209196567535 1.18011140823364 1.08724188804626 1.02799332141876 0.968252003192902 0.907133162021637 0.836072742938995 0.789904356002808 0.751034915447235 0.713295936584473 0.574040830135345 0.482487708330154 0.670120298862457 0.582745313644409 0.317791670560837 0.227326169610023 0.191918343305588 0.131647884845734 0.0597528368234634 0.0301594026386738 0.0128943230956793 0.0308082234114408 -0.00102405378129333 -0.000969886837992817 0.272618114948273 0.0238675139844418 0.0581647865474224 0.732374966144562 0.267124861478806 0.214653268456459 0.197657138109207 0.0758338868618011 0.089092917740345 0.384875357151031 0.124549455940723
0.479167103767395 1.22594106197357 2.67026734352112 2.92148303985596 2.80192565917969 2.81804704666138 2.01022720336914 1.94681060314178 1.79095935821533 1.55002689361572 1.38796806335449 1.26451098918915 1.09292209148407 1.01247823238373 0.927598357200623 0.873457014560699 0.845458388328552 0.799788296222687 0.756531774997711 0.715687990188599 0.642345726490021 0.606094896793365 0.569815576076508 0.499266415834427 0.46158304810524 0.378904968500137 0.35706290602684 0.282098054885864 0.199974805116653 0.160300493240356 0.113999217748642 0.0972263440489769 0.0271104779094458 0.0598325729370117 0.231790468096733 0.0764981880784035 0.223714873194695 0.587648868560791 0.370945900678635 0.214295193552971 0.18030072748661 0.118748724460602 0.111313372850418 0.0814224556088448 0.187064558267593
0.464551955461502 1.33534705638885 2.44683384895325 2.42485308647156 2.26608538627625 2.54841017723083 2.5362491607666 2.7837188243866 2.39831686019897 1.60979723930359 1.48327422142029 1.38353908061981 1.13742446899414 1.09353744983673 0.980078220367432 0.870050668716431 0.817728519439697 0.764052271842957 0.722689568996429 0.675781011581421 0.65465372800827 0.619347989559174 0.593431949615479 0.553190886974335 0.534829437732697 0.518281400203705 0.450193464756012 0.408856689929962 0.335608899593353 0.315354704856873 0.249510779976845 0.174385845661163 0.14883641898632 0.104330793023109 0.0727716460824013 0.0310722533613443 0.408547669649124 0.427311897277832 0.274614483118057 0.235785812139511 0.138626128435135 0.128593653440475 0.108376942574978 0.0966329723596573 0.0808088332414627
1.03117895126343 1.16508328914642 2.33719563484192 2.0709536075592 2.36003828048706 2.50280499458313 2.74422311782837 3.43324589729309 2.51867508888245 2.04297232627869 1.68093252182007 1.52878260612488 1.23162353038788 1.16615545749664 1.05644142627716 0.931678652763367 0.869095802307129 0.751074850559235 0.696443557739258 0.663654863834381 0.626919209957123 0.593955814838409 0.573456823825836 0.56657612323761 0.544411063194275 0.52425217628479 0.495217949151993 0.47726234793663 0.456921458244324 0.404776096343994 0.368915587663651 0.30225744843483 0.28913551568985 0.229146391153336 0.161789640784264 0.140268296003342 0.620853543281555 0.375765770673752 0.251742839813232 0.165887877345085 0.152405232191086 0.096912257373333 0.0865581408143044 0.0708983168005943 0.0415183156728745
