slauniainen/Data/DEM/Vihti_dem1500b_cl_horizonAngle_66.asc
NCOLS 196 
NROWS 178 
XLLCORNER 353680 
YLLCORNER 6699024 
CELLSIZE 16 
NODATA_value -3.4e+38 
[rows 20 to 39 of 178, columns 90 to 134 of 196]
-0.896341264247894 -0.828235864639282 -0.668782413005829 -0.425137162208557 -0.494904756546021 -0.680576264858246 -0.599198341369629 -0.476519674062729 -0.304113268852234 -0.148157998919487 -0.0670809149742126 0.113366663455963 0.209056690335274 0.286738395690918 0.402531832456589 0.44022074341774 0.476816862821579 0.513230681419373 0.575419068336487 0.627343833446503 0.642253398895264 0.623722553253174 0.613722741603851 0.585326254367828 0.46615132689476 0.391217619180679 0.352300673723221 0.348071932792664 0.348835378885269 0.3367820084095 0.343791455030441 0.336469441652298 0.301878482103348 0.316453844308853 0.32795712351799 0.337999582290649 0.494465559720993 0.671879351139069 1.57752525806427 0.373334676027298 0.457040727138519 0.5493443608284 0.614703416824341 0.678105533123016 0.69405323266983
-0.905148565769196 -0.824012875556946 -0.668877124786377 -0.367451637983322 -0.250239640474319 -0.510292410850525 -0.472072422504425 -0.333209931850433 -0.141354963183403 0.00253793084993958 0.0889611765742302 0.167431592941284 0.279133081436157 0.362518459558487 0.398741751909256 0.426087826490402 0.460633933544159 0.486092507839203 0.488712847232819 0.492696821689606 0.530065774917603 0.516567945480347 0.416013479232788 0.339876145124435 0.305615693330765 0.290691614151001 0.287550300359726 0.266506314277649 0.26799601316452 0.27059069275856 0.24410155415535 0.248672753572464 0.244947478175163 0.266272485256195 0.281702518463135 0.311474621295929 0.615395367145538 1.64361655712128 0.32567310333252 0.373740613460541 0.427744686603546 0.506003558635712 0.615924894809723 0.736442923545837 0.748853027820587
-0.896399915218353 -0.815157175064087 -0.717540204524994 -0.487537741661072 -0.231845453381538 -0.287638783454895 -0.196636438369751 -0.123119540512562 -0.0740299969911575 0.0585778281092644 0.152277529239655 0.225182488560677 0.293327212333679 0.339716613292694 0.384260654449463 0.410677641630173 0.402383744716644 0.404893785715103 0.388303011655807 0.306247264146805 0.259017109870911 0.277152866125107 0.257144302129745 0.248521313071251 0.241708248853683 0.218696966767311 0.216391667723656 0.203311860561371 0.180945873260498 0.197954937815666 0.15410803258419 0.151315420866013 0.203219875693321 0.212791189551353 0.243240341544151 0.307989478111267 0.996055424213409 0.606033742427826 0.313204973936081 0.361495465040207 0.39983007311821 0.451088279485703 0.525858223438263 0.588736236095428 0.612508893013
-0.871429026126862 -0.750767290592194 -0.523208916187286 -0.400713056325912 -0.209394097328186 -0.133373036980629 -0.112689055502415 -0.0829606130719185 -0.0396288670599461 0.0101508516818285 0.145795881748199 0.223487302660942 0.280369400978088 0.316243648529053 0.318687736988068 0.317903995513916 0.311929702758789 0.234770983457565 0.175495445728302 0.156282886862755 0.155310973525047 0.169091388583183 0.168970435857773 0.161753743886948 0.173620522022247 0.156829059123993 0.124314486980438 0.126726269721985 0.0979235917329788 0.0461723804473877 0.0616268888115883 0.114844851195812 0.158830061554909 0.186307698488235 0.209151417016983 0.223092690110207 2.11021590232849 0.210865244269371 0.267571061849594 0.322627633810043 0.375509291887283 0.419962495565414 0.454522132873535 0.474324196577072 0.493997126817703
-0.792211055755615 -0.476253807544708 -0.29086372256279 -0.197601273655891 -0.151893973350525 -0.109872050583363 -0.0871034264564514 -0.116336941719055 -0.232307925820351 -0.155268743634224 0.000926370907109231 0.113247826695442 0.179476514458656 0.221828907728195 0.2250766903162 0.159250140190125 0.115832835435867 0.0920926108956337 0.0856895372271538 0.0911096483469009 0.0930459126830101 0.07923374325037 0.0786788538098335 0.064350500702858 0.0679495111107826 0.0831809565424919 0.0409575961530209 -0.015869053080678 -0.00174571655225009 0.00601705210283399 0.0401079580187798 0.0738146901130676 0.111045524477959 0.144236639142036 0.170857682824135 1.49372434616089 0.171171501278877 0.182379186153412 0.210689157247543 0.244887039065361 0.296955585479736 0.354473263025284 0.385249406099319 0.394863963127136 0.390050828456879
-0.694933533668518 -0.345599263906479 -0.224760606884956 -0.178241848945618 -0.144809827208519 -0.156692191958427 -0.281677693128586 -0.382605791091919 -0.413048505783081 -0.334724396467209 -0.25573855638504 -0.150750249624252 -0.0595047809183598 -0.0179158337414265 0.00216265441849828 0.00165858818218112 0.012373180128634 0.0320673175156116 0.0195216741412878 0.0139947216957808 0.0123332431539893 -0.0116997957229614 -0.0137564204633236 -0.0395258292555809 -0.0696490630507469 -0.0651981607079506 -0.06708724796772 -0.0474055260419846 -0.0407306551933289 -0.0246482063084841 0.00991548132151365 0.0306501463055611 0.0670613199472427 0.106822527945042 0.491980105638504 0.629936635494232 0.149655640125275 0.163802400231361 0.170805677771568 0.184538036584854 0.214622974395752 0.248947829008102 0.279454082250595 0.295706421136856 0.30403944849968
-0.616256833076477 -0.478681147098541 -0.360078066587448 -0.340193271636963 -0.40065586566925 -0.436917364597321 -0.479286134243011 -0.511646807193756 -0.495030075311661 -0.467413485050201 -0.431778579950333 -0.377588897943497 -0.293655544519424 -0.239963233470917 -0.202428340911865 -0.145268768072128 -0.0807755365967751 -0.0532496459782124 -0.0525793358683586 -0.0671788677573204 -0.0689966231584549 -0.106380254030228 -0.139951139688492 -0.135081186890602 -0.112408101558685 -0.103744767606258 -0.0906390845775604 -0.0997519642114639 -0.0774283483624458 -0.0513967163860798 -0.0234783291816711 -0.000532634207047522 0.0328704714775085 0.134609118103981 0.0885558128356934 0.56728333234787 0.125762209296227 0.136187106370926 0.130994156002998 0.138510003685951 0.141727477312088 0.164174094796181 0.197442919015884 0.234532386064529 0.252924025058746
-0.672758936882019 -0.701770782470703 -0.660601615905762 -0.630443453788757 -0.621994733810425 -0.618072330951691 -0.609858214855194 -0.596987247467041 -0.572758257389069 -0.547830283641815 -0.518934547901154 -0.48895475268364 -0.440113693475723 -0.388056874275208 -0.340301603078842 -0.27912050485611 -0.193881884217262 -0.158652231097221 -0.137995630502701 -0.163421913981438 -0.205529376864433 -0.193138107657433 -0.196915745735168 -0.179470986127853 -0.166020154953003 -0.148900702595711 -0.133520409464836 0.171068415045738 -0.116935275495052 -0.0711568742990494 -0.058668490499258 -0.0335309617221355 -0.000502704409882426 0.0207680836319923 0.0484688282012939 0.383768916130066 0.268178582191467 0.0968739613890648 0.753394722938538 1.45954155921936 0.670338809490204 0.057460255920887 0.0986261516809464 0.139116927981377 0.212269991636276
-0.770581662654877 -0.736880421638489 -0.71615868806839 -0.703399240970612 -0.68383526802063 0.0194113962352276 -0.666307866573334 -0.650740623474121 -0.625530898571014 -0.611000955104828 -0.578905999660492 -0.550865411758423 -0.519610941410065 -0.47863844037056 -0.446588039398193 -0.400789797306061 -0.340969622135162 -0.315965712070465 -0.307942420244217 -0.296921372413635 -0.287811070680618 -0.278807163238525 -0.268477648496628 -0.246731325984001 -0.22673274576664 -0.20932936668396 -0.186242312192917 -0.157130479812622 -0.119073361158371 -0.0930586382746696 -0.0843990668654442 -0.0585656240582466 -0.0411941483616829 -0.0192271359264851 0.310866177082062 0.0237212534993887 0.174893274903297 0.470671415328979 1.38683128356934 2.44575643539429 1.83670508861542 -0.0553404726088047 -0.00737755047157407 0.043263953179121 0.118482060730457
-0.778197824954987 -0.761432945728302 -0.734180212020874 -0.631807863712311 -0.302082806825638 -0.198744043707848 -0.315264701843262 -0.556438028812408 -0.668868362903595 -0.645389974117279 -0.625597774982452 -0.593629062175751 -0.577688276767731 -0.553341507911682 -0.532334685325623 -0.503998160362244 -0.481507122516632 -0.436546742916107 -0.410813450813293 -0.397314637899399 -0.371922522783279 -0.355585277080536 -0.342852801084518 -0.327552825212479 -0.297876119613647 -0.273010581731796 -0.242515370249748 -0.211208119988441 -0.160259708762169 -0.137401640415192 -0.104558624327183 0.0776728615164757 -0.080213263630867 -0.0642511174082756 -0.0490621961653233 0.0688209533691406 0.185931786894798 1.00082397460938 1.29073822498322 2.13021445274353 2.25288271903992 1.18646645545959 -0.134068116545677 -0.0876579210162163 -0.0408026836812496
-0.523205280303955 -0.76766037940979 -0.712327063083649 -0.517449378967285 -0.203798323869705 -0.10349091142416 -0.0882323160767555 -0.0125675480812788 -0.536386430263519 -0.684780418872833 -0.654706537723541 -0.645619213581085 -0.62639182806015 -0.611638426780701 -0.601165890693665 -0.580370962619781 -0.555701375007629 -0.519755661487579 -0.496743202209473 -0.473543733358383 -0.438410699367523 0.34169664978981 -0.425355970859528 -0.391972839832306 -0.361154347658157 -0.333623707294464 -0.302355289459229 -0.268323063850403 -0.2209412753582 0.00214467942714691 -0.150460541248322 0.234520062804222 -0.132769197225571 -0.0552152320742607 -0.112859316170216 0.220942735671997 0.54610538482666 0.847908735275269 1.38415455818176 1.52722644805908 2.3067421913147 0.937305212020874 0.87101423740387 -0.222624287009239 -0.199847728013992
-0.0344241484999657 -0.383372783660889 -0.401458293199539 -0.594774961471558 -0.310538351535797 -0.176682770252228 0.069176122546196 0.188826724886894 -0.255925476551056 -0.720683515071869 -0.701163828372955 -0.677814722061157 -0.669572412967682 -0.662096619606018 -0.646851658821106 -0.631247103214264 -0.611792981624603 -0.451630085706711 -0.574473083019257 -0.538720548152924 -0.502363443374634 0.0687936320900917 -0.49402704834938 -0.465938895940781 -0.437086015939713 -0.397764712572098 -0.363226979970932 -0.327846884727478 -0.268952429294586 -0.24887378513813 0.75146895647049 -0.205834195017815 0.0633431449532509 -0.212627544999123 0.0674685761332512 0.0637281388044357 0.461333930492401 0.756834447383881 1.12045407295227 1.24864423274994 1.42325520515442 1.09488749504089 0.88915091753006 0.237497970461845 -0.264764398336411
0.163186445832253 0.226815730333328 0.1416305154562 -0.324758350849152 -0.433572143316269 -0.299692302942276 -0.100799828767776 0.104993551969528 0.148242101073265 -0.568567276000977 -0.734710156917572 -0.712074041366577 -0.530690550804138 -0.713001430034637 -0.691093802452087 -0.675535142421722 -0.657120048999786 0.011174188926816 -0.639679908752441 -0.609253644943237 -0.576916635036469 -0.548023998737335 -0.547963380813599 -0.527935385704041 -0.507586240768433 -0.482132405042648 -0.44889771938324 -0.402401298284531 -0.345989227294922 -0.316972523927689 -0.095431312918663 0.171601161360741 -0.279782086610794 0.0732332468032837 -0.0822641998529434 0.0914694294333458 0.255080014467239 0.45466548204422 0.654551267623901 0.769969940185547 0.825895428657532 0.90750527381897 0.683655858039856 0.16274930536747 -0.263473957777023
0.0454441905021667 0.444499790668488 0.63269567489624 0.448365449905396 -0.299828916788101 -0.292247593402863 -0.240994974970818 -0.0321975089609623 -0.0840385854244232 -0.145100235939026 -0.58079206943512 -0.762959659099579 -0.557148277759552 -0.711259365081787 -0.74411815404892 -0.720228791236877 -0.246185824275017 -0.505188703536987 -0.687438547611237 -0.671547174453735 -0.642415046691895 -0.620955407619476 -0.233399927616119 -0.49488952755928 -0.56236606836319 -0.558919548988342 -0.529886782169342 -0.489036411046982 -0.455468773841858 -0.409894108772278 -0.372053563594818 -0.313947647809982 -0.165830433368683 0.410050243139267 -0.201940268278122 -0.207770019769669 0.0275117009878159 0.198730483651161 0.223814204335213 0.342796236276627 0.451059639453888 0.393043905496597 0.725463926792145 -0.165686264634132 -0.270747601985931
0.142989099025726 0.290881603956223 0.981170058250427 0.77366316318512 0.188813060522079 -0.327367395162582 0.0226762276142836 -0.251745492219925 -0.436795800924301 -0.107438750565052 -0.0528929680585861 -0.383482068777084 -0.812928378582001 -0.67720901966095 -0.791558563709259 -0.774425625801086 -0.236418828368187 -0.555823385715485 -0.724466860294342 -0.72368586063385 -0.703400075435638 -0.678889989852905 -0.308967441320419 -0.499533712863922 -0.279639393091202 -0.632707118988037 -0.601457357406616 -0.563320279121399 -0.543050646781921 -0.506234586238861 -0.460449606180191 -0.41281458735466 0.311767727136612 -0.0253946408629417 -0.156848073005676 -0.357210129499435 -0.221200495958328 -0.166945949196815 -0.0625959187746048 0.0171022191643715 0.237839475274086 0.347679674625397 0.624213635921478 -0.0929314717650414 -0.300907075405121
0.559374749660492 0.84057205915451 0.662061750888824 0.661269545555115 0.146712139248848 0.340153098106384 0.0950078442692757 -0.328774362802505 -0.331916153430939 -0.443352401256561 -0.0759516581892967 -0.0604061707854271 -0.473936021327972 -0.854709029197693 -0.721311807632446 -0.672988593578339 -0.363675355911255 -0.516006827354431 -0.712693452835083 -0.778448283672333 -0.757082402706146 -0.120101869106293 -0.512250542640686 -0.570793688297272 -0.115061208605766 -0.621167719364166 -0.657765924930573 -0.641097486019135 -0.60963362455368 -0.57136332988739 -0.531483948230743 -0.486777901649475 -0.448628067970276 0.410050243139267 -0.438488304615021 -0.399225980043411 -0.388833850622177 -0.377950638532639 -0.361223489046097 -0.337407797574997 -0.230161547660828 0.167626023292542 0.393658578395844 0.618476927280426 -0.338388204574585
0.723210334777832 1.22233641147614 0.724603474140167 0.0508439131081104 0.127095952630043 0.54393994808197 0.0982590019702911 -0.0783558785915375 -0.219480231404305 -0.64923632144928 -0.448406428098679 -0.0693263858556747 -0.00139335857238621 -0.50469696521759 -0.884044229984283 -0.154047712683678 -0.335317492485046 -0.715015411376953 -0.531332492828369 -0.773239731788635 -0.581638932228088 0.16802217066288 -0.646408975124359 -0.622096478939056 -0.0479205958545208 -0.450305104255676 -0.721735239028931 -0.716840267181396 -0.689930498600006 -0.647615492343903 -0.59721040725708 -0.551998555660248 -0.52360987663269 -0.497255742549896 -0.481416463851929 -0.471184104681015 -0.438216328620911 -0.416060775518417 -0.401265770196915 -0.107793919742107 -0.277740627527237 -0.302082806825638 0.258725821971893 -0.37419855594635 -0.0753779262304306
0.300006479024887 0.840080380439758 0.969848871231079 0.212786734104156 -0.0122806802392006 0.298544853925705 0.0872214511036873 0.190151765942574 -0.192337408661842 -0.73509293794632 -0.731377899646759 -0.393508344888687 -0.0602695681154728 0.0789296180009842 -0.610568463802338 -0.28340956568718 -0.319308042526245 -0.899277150630951 -0.559552311897278 -0.157312527298927 -0.201749294996262 0.369726657867432 -0.634416699409485 -0.413383185863495 -0.200533539056778 -0.332804054021835 -0.484645009040833 -0.79168027639389 -0.766552329063416 -0.731799304485321 -0.677665054798126 -0.63155859708786 -0.597997188568115 -0.562326848506927 -0.529050290584564 1.77080452442169 -0.524090468883514 0.0336318463087082 -0.463327914476395 -0.0799268186092377 -0.149649098515511 -0.373278230428696 -0.374452948570251 -0.420145839452744 -0.157640367746353
0.573402583599091 0.369590073823929 0.588727951049805 0.580395936965942 0.139362901449203 -0.12909035384655 -0.113012164831161 0.317122459411621 -0.269681185483932 -0.66094172000885 -0.824934244155884 -0.669731497764587 -0.194618657231331 0.181054055690765 0.26917576789856 -0.1880754083395 -0.855827331542969 -0.636096715927124 -0.67548805475235 -0.139690756797791 0.216652572154999 0.487636417150497 -0.289160430431366 -0.168049499392509 -0.406047940254211 -0.154156997799873 -0.172502741217613 -0.863843679428101 -0.844391047954559 -0.819786667823792 -0.766179025173187 -0.7295081615448 -0.692948043346405 -0.64583420753479 -0.581659555435181 0.69059431552887 -0.575381934642792 -0.535686254501343 -0.508679330348969 0.434651225805283 -0.503894448280334 0.00805962271988392 -0.491923123598099 -0.471002489328384 -0.45307919383049
0.495203703641891 0.543926239013672 0.115211471915245 0.406853884458542 0.161615505814552 -0.374029517173767 0.0111058875918388 0.0167612843215466 -0.280568271875381 -0.644810914993286 -0.871260046958923 -0.724029839038849 -0.414567410945892 -0.0155318500474095 0.197378024458885 0.134745717048645 -0.390530496835709 -0.820959866046906 -0.432861834764481 -0.230572283267975 0.159744054079056 0.678315401077271 0.181764379143715 -0.0553928166627884 -0.526893258094788 -0.0105594722554088 -0.0322248302400112 -0.329634964466095 -0.914232194423676 -0.891540288925171 -0.83955043554306 -0.813102900981903 -0.786268353462219 -0.73497748374939 -0.677053809165955 2.11515426635742 -0.368347018957138 0.0364185646176338 -0.678018391132355 -0.603004217147827 2.4312481880188 -0.641881942749023 -0.579571962356567 -0.546745657920837 -0.520172894001007
