slauniainen/Data/DEM/Vihti_dsm1500b_cl_horizonAngle_258.asc
NCOLS 196 
NROWS 178 
XLLCORNER 353680 
YLLCORNER 6699024 
CELLSIZE 16 
NODATA_value -3.4e+38 
[rows 140 to 159 of 178, columns 0 to 45 of 196]
8.31346607208252 2.8899257183075 -1.45078694820404 -1.74232125282288 6.6290431022644 8.28706550598145 11.249659538269 5.22969770431519 49.5135841369629 30.3793773651123 15.3859338760376 12.281307220459 10.7648143768311 9.63147926330566 8.73123455047607 7.98498344421387 5.86072444915771 5.45682621002197 5.10431528091431 4.79062986373901 4.04717302322388 4.0837984085083 3.8044126033783 3.35078954696655 2.86586332321167 2.49557113647461 1.61884880065918 1.2884875535965 -0.968134582042694 -1.3344498872757 0.511133193969727 -1.63104045391083 1.25850260257721 -2.03146958351135 8.79101085662842 -2.59116315841675 0.130778774619102 14.4852266311646 3.05993819236755 -0.634413838386536 0.439451217651367 -0.223650678992271 15.3734569549561 9.70332336425781 7.16291618347168 6.55817079544067
-1.57184267044067 3.03790378570557 2.05326437950134 -0.386345148086548 -0.640385806560516 7.89598751068115 12.9240894317627 12.7822198867798 23.9762382507324 23.4784259796143 14.4518013000488 12.4850120544434 8.89288425445557 7.67413425445557 6.98993635177612 5.63743305206299 5.86662626266479 5.43837833404541 5.06632137298584 4.73851680755615 4.42512989044189 3.19820880889893 2.99923372268677 2.63486385345459 2.24647498130798 1.93276190757751 1.61910438537598 1.32012498378754 -1.78607249259949 -2.62933921813965 17.3108825683594 -2.75362801551819 3.77269268035889 17.1832695007324 -2.85513997077942 8.00891399383545 3.04192495346069 0.19272156059742 8.19468688964844 3.7052276134491 8.91501998901367 -1.36862003803253 -0.81998473405838 23.3521213531494 8.52085113525391 13.3154716491699
-1.44884240627289 -1.73823356628418 2.13845944404602 -1.36984205245972 -1.72094285488129 25.4745063781738 17.0352115631104 27.4517307281494 25.5209770202637 12.7150268554688 10.9735765457153 8.28283023834229 8.76009845733643 7.85471153259277 7.1077184677124 6.48765897750854 4.40566873550415 4.1250696182251 3.87304329872131 3.63901257514954 3.43822145462036 3.22272729873657 3.01296377182007 2.66125082969666 0.712047934532166 0.482174932956696 0.244711071252823 -0.336332648992538 -1.9912486076355 -2.38162851333618 -2.45244884490967 -2.51931214332581 9.97578048706055 2.63385844230652 -2.81896877288818 1.52277624607086 -2.96657991409302 15.7314014434814 5.9528660774231 14.7516441345215 4.01414060592651 2.86182022094727 -0.453850328922272 19.2923412322998 4.66259765625 16.5187492370605
3.1392970085144 0.184150993824005 1.11814033985138 -1.25342214107513 18.6598834991455 17.094856262207 20.0614643096924 21.8447818756104 17.1649608612061 14.0146160125732 11.8065061569214 10.1922130584717 6.17381572723389 5.63494205474854 5.14216566085815 4.77008581161499 4.44366312026978 4.16160011291504 3.90557980537415 1.57483220100403 1.48524475097656 1.40269684791565 1.25361132621765 0.590773940086365 0.291020423173904 0.11443367600441 -0.255107849836349 -0.487792760133743 -0.721753358840942 -2.27020120620728 -2.45154309272766 14.2695636749268 -2.70389127731323 7.57798719406128 -1.62216532230377 -2.86097550392151 -3.08175134658813 15.3316650390625 4.89943599700928 4.02490711212158 3.20452880859375 7.76563358306885 1.07069230079651 20.2830505371094 2.61355662345886 21.9761409759521
-1.87693762779236 1.95835936069489 -2.44319224357605 20.7142658233643 1.31161379814148 45.5360069274902 32.317928314209 12.2102575302124 10.2795944213867 8.87189960479736 7.69173812866211 6.88514375686646 6.22991943359375 5.6860294342041 2.30901074409485 2.03610348701477 1.90053057670593 1.7850513458252 1.24300587177277 1.01117169857025 0.945088803768158 0.870475172996521 0.573476910591125 0.319700241088867 -0.263961464166641 -0.362933397293091 -0.46893247961998 -0.593235492706299 -0.720941543579102 -2.00188565254211 -2.21622729301453 -0.0890273451805115 0.909210383892059 0.521278142929077 -2.58361196517944 -2.77325487136841 -3.20414352416992 16.2593898773193 5.86499071121216 4.93955850601196 3.89916157722473 2.79842758178711 4.55455255508423 5.3025016784668 16.4597415924072 8.81087970733643
10.8692502975464 -2.21364688873291 3.28056478500366 18.8712291717529 26.3836517333984 20.6647682189941 15.1121053695679 12.3153553009033 10.3810596466064 8.94548892974854 3.65013146400452 2.86033725738525 2.61236572265625 1.83050918579102 1.39646351337433 1.29394423961639 1.21537816524506 1.01112818717957 0.94502854347229 0.049420777708292 0.0309456903487444 0.00700308103114367 -0.0854800119996071 -0.199392154812813 -0.293308228254318 -0.378651857376099 -0.476858407258987 -0.598588287830353 -0.732970178127289 -1.61311078071594 -2.39476490020752 7.62837600708008 0.494470208883286 -2.61074090003967 -2.67937970161438 -2.78017091751099 -2.88088274002075 1.55948519706726 3.55483174324036 1.73849403858185 3.51367378234863 -0.138901978731155 4.72252130508423 2.18071508407593 23.9525279998779 9.14866828918457
9.11146354675293 7.80968904495239 -2.05329012870789 33.517406463623 21.9204730987549 17.1926593780518 8.78226280212402 4.80265951156616 4.13130903244019 2.89533019065857 1.9610230922699 1.79334723949432 1.55680584907532 1.41374552249908 0.0681432336568832 0.0579726286232471 0.052673701196909 0.0510885454714298 0.0451333969831467 0.0370345637202263 0.0066666966304183 -0.043746180832386 -0.137301400303841 -0.237273186445236 -0.329968482255936 -0.411434769630432 -0.49658215045929 -0.611636579036713 -0.749835312366486 -0.841330170631409 -1.85843527317047 -2.20357084274292 -2.37547206878662 -0.0929970443248749 -2.52850127220154 -2.80569672584534 -2.93965005874634 -3.15655827522278 -0.118959866464138 18.9432773590088 7.60965442657471 3.16621160507202 6.15345811843872 7.491042137146 5.80817794799805 26.0334339141846
-0.873583734035492 -0.888748228549957 8.65686702728271 14.2206230163574 10.1474990844727 5.00093698501587 3.84115552902222 3.11326885223389 2.60762810707092 2.23849606513977 0.0819121450185776 0.0735885128378868 0.0697305276989937 0.0634439289569855 0.0590745434165001 0.0366615131497383 0.0292075518518686 0.0266336482018232 0.0207096263766289 0.00788464117795229 -0.0186054911464453 -0.0938000828027725 -0.189370661973953 -0.285039275884628 -0.381537944078445 -0.464615643024445 -0.545941770076752 -0.981690108776093 -1.21827137470245 16.5069217681885 10.0854005813599 -1.46022474765778 -2.28133106231689 -2.71308326721191 1.34967434406281 5.35266160964966 0.62071967124939 -3.07593131065369 -3.36926364898682 -3.54757070541382 -1.31595528125763 12.6713600158691 15.5658683776855 4.6738224029541 7.74165344238281 9.33527755737305
-0.662542641162872 5.18983125686646 2.0933051109314 15.4726448059082 7.91461896896362 0.0973644480109215 0.0847780629992485 0.0814100429415703 0.0779628083109856 0.0760965198278427 0.074260875582695 0.0556030534207821 0.0438283383846283 0.0394489280879498 0.033199243247509 0.0278206430375576 0.0208990443497896 0.0160577725619078 0.00832754746079445 -0.0122154876589775 -0.0729193538427353 -0.148845583200455 -0.23088800907135 -0.342064797878265 -0.445900946855545 -0.52387410402298 -1.31062042713165 -1.80557894706726 3.01597738265991 3.00585985183716 7.16594696044922 -1.83386945724487 -2.22218012809753 -2.38836050033569 -2.86456656455994 -0.241713494062424 -3.19301271438599 -3.50548648834229 5.27293252944946 -2.43482208251953 -2.12756252288818 -1.32672834396362 20.9390678405762 10.6942758560181 2.42557954788208 1.96324491500854
0.114238642156124 0.0939580798149109 0.128598585724831 0.093772366642952 0.0910474732518196 0.0874253064393997 0.0654953271150589 0.0534276477992535 0.0494271293282509 0.0469690784811974 0.0460263416171074 0.0538677759468555 0.0811817795038223 0.0799031183123589 0.026045948266983 0.0210161991417408 0.033847413957119 0.0253071896731853 0.0117441155016422 -0.0326433517038822 -0.133525013923645 -0.249775066971779 -0.306430518627167 -0.392932772636414 -1.01742398738861 -1.06206572055817 -1.15300965309143 7.79407358169556 6.5228419303894 0.31232625246048 -1.92292308807373 16.4327259063721 0.446663469076157 -2.0282289981842 -2.962726354599 -3.16236853599548 -3.341068983078 -3.49296092987061 -3.60207891464233 1.53158640861511 -0.885804951190948 3.5088255405426 5.11600971221924 2.72328448295593 7.07967376708984 4.54461765289307
0.107027284801006 0.0767094194889069 0.0635409653186798 0.0617498122155666 0.0612959414720535 0.0569272451102734 0.0513603836297989 0.0432255156338215 0.0394472926855087 0.0346471406519413 0.0508223250508308 0.0698812231421471 0.102562010288239 0.0469335354864597 0.0400876514613628 0.0336231701076031 -0.000872558273840696 0.00284035922959447 -0.0222129859030247 -0.110953897237778 -0.219921246170998 -0.297729909420013 -0.36519530415535 -0.997733950614929 5.76544284820557 8.30733871459961 5.42649507522583 1.67347466945648 9.70688438415527 3.00565671920776 -1.41807103157043 -1.54621779918671 -2.37740707397461 1.43442797660828 -2.85586285591125 -1.57470512390137 -3.37803149223328 13.2966718673706 -3.82391929626465 -0.792923390865326 9.72553062438965 5.4996166229248 -0.952543616294861 19.9233646392822 6.62361526489258 9.8878059387207
0.0739194452762604 0.0682549849152565 0.0597362034022808 0.0566770546138287 0.0548768825829029 0.0512982755899429 0.0411202795803547 0.0524755641818047 0.0493232905864716 0.12511520087719 0.0739202201366425 0.0700151398777962 0.0501527599990368 0.0162065718322992 0.0465975739061832 0.0762917846441269 0.0567793138325214 -0.0313239097595215 -0.0821336805820465 -0.191627010703087 -0.288264751434326 -0.353155851364136 -1.31294333934784 22.5459060668945 12.3481645584106 -0.667916774749756 -0.947948396205902 9.27010345458984 7.09998750686646 5.01948738098145 2.99376511573792 -2.0616283416748 18.4339389801025 6.91119623184204 -1.48002588748932 -2.93877291679382 -1.01817834377289 -3.55071806907654 4.8360538482666 -3.80512547492981 20.268404006958 9.66914176940918 6.99519968032837 1.60459494590759 13.3532457351685 13.5185861587524
0.158924430608749 0.0623322129249573 0.0882678329944611 0.0839062705636024 0.0778292119503021 0.0705815255641937 0.0548765957355499 0.00990121345967054 0.0211870092898607 0.0169349983334541 0.0229084528982639 0.0398068651556969 0.0414008684456348 0.0619198605418205 0.0953679382801056 0.134267494082451 0.240736216306686 -0.0752507150173187 -0.169332325458527 -0.270670473575592 -0.360420703887939 -0.258246332406998 18.2510318756104 7.22457981109619 0.912653923034668 -0.885549664497375 9.11325645446777 4.34621143341064 11.0877752304077 5.07027196884155 2.71697449684143 -0.706986606121063 -0.782715320587158 -2.53274774551392 13.8980474472046 8.10938453674316 -3.15191316604614 -3.41379714012146 3.24975967407227 -3.74381709098816 21.777868270874 2.41669058799744 -0.177103504538536 9.46927738189697 10.4664106369019 2.95740675926208
0.101841039955616 0.094419851899147 0.0490700006484985 0.0616488233208656 0.0524863861501217 0.0440127588808537 0.0344916135072708 0.0219992231577635 -0.00604090467095375 -0.0191498212516308 -0.0306305326521397 -0.0367329269647598 -0.0478017553687096 -0.0741005167365074 -0.0412755943834782 0.14643195271492 10.7582473754883 7.94748115539551 13.2688827514648 10.6808128356934 0.737799525260925 6.74997568130493 11.900318145752 5.91354274749756 2.91930437088013 0.970440268516541 0.484985172748566 0.227637082338333 0.0667776167392731 10.0595178604126 3.9204216003418 6.02350902557373 -2.20685076713562 16.3814544677734 -2.67563629150391 21.8955020904541 -2.87465190887451 -3.39956140518188 1.856276512146 12.9605159759521 -3.29801893234253 15.385440826416 8.76428699493408 3.35153794288635 -0.189488261938095 3.36604285240173
0.0803912729024887 0.0752617791295052 0.0678258016705513 0.0424350574612617 0.0370749868452549 0.0239364895969629 0.0138964671641588 0.00423597823828459 -0.0187544822692871 -0.0571229532361031 -0.0755096822977066 -0.10325026512146 -0.147276923060417 -1.1497962474823 7.76855182647705 -0.175976499915123 5.0987548828125 32.0780715942383 17.0116539001465 4.16055011749268 2.60401487350464 1.33745682239532 8.00876331329346 4.60211753845215 9.13834190368652 5.05638122558594 0.871766924858093 0.261184126138687 -0.804252147674561 23.7212047576904 11.474513053894 3.45621180534363 -1.76762354373932 19.6603546142578 -2.02516222000122 12.7192668914795 -3.18724870681763 3.62112998962402 -3.35059928894043 13.1461019515991 3.97109818458557 10.6329145431519 -3.24694633483887 16.9731597900391 6.30863904953003 4.6053409576416
0.158528283238411 0.0548525676131248 0.0498163737356663 0.0389025881886482 0.0281291790306568 0.00918256398290396 -0.00360350520350039 -0.0218416079878807 -0.0687954276800156 -0.120267756283283 -0.152158990502357 -1.50417196750641 -1.51343488693237 -1.59366810321808 -1.17342638969421 -1.62096726894379 -1.6381573677063 5.5004448890686 7.7459774017334 4.45475435256958 1.54733180999756 -0.0394383929669857 9.51194095611572 5.89681100845337 7.03927087783813 4.55986070632935 3.48435020446777 1.67491054534912 1.03546285629272 4.56424951553345 3.73547315597534 6.26799583435059 -1.67124342918396 30.17360496521 3.32207298278809 -2.64874505996704 10.1778135299683 0.730837047100067 -2.48306083679199 12.099534034729 7.68011856079102 -2.50885510444641 0.902712404727936 -2.58851003646851 5.84898090362549 9.91712093353271
0.0477388165891171 0.0327360220253468 0.0295635256916285 0.0216036215424538 0.00809359829872847 -0.00675488263368607 -0.0291662905365229 -0.062365248799324 -0.151001304388046 -0.670531630516052 -0.788075745105743 -1.05000329017639 -1.06200110912323 0.890872955322266 -1.44715690612793 -1.53224241733551 -1.62226629257202 2.04163527488708 0.848920822143555 3.26837062835693 1.25252425670624 0.203131273388863 4.01767301559448 4.11657428741455 12.1824741363525 3.80807375907898 4.27603101730347 0.128368243575096 7.98778009414673 1.17199981212616 12.123330116272 13.8643941879272 0.861142814159393 16.2868041992188 -1.40360772609711 18.746509552002 -1.62453103065491 -1.80590486526489 11.6864261627197 -2.44152593612671 -1.08036410808563 -2.80521726608276 -1.71699976921082 3.74051642417908 11.2566366195679 0.798266291618347
0.0192427337169647 0.136885270476341 0.135844215750694 0.0979359820485115 0.0361962430179119 -0.0191269554197788 -0.0149206733331084 -0.09034264087677 -0.213408455252647 -0.942392587661743 -1.31069493293762 -1.3317391872406 0.586944043636322 -1.57234358787537 5.81824111938477 2.35056948661804 -1.27130806446075 -1.40255355834961 -1.51016509532928 1.71614265441895 -1.33849024772644 10.8071432113647 8.83643245697021 4.074294090271 6.8229193687439 3.85738396644592 7.94664573669434 5.57905960083008 3.17320871353149 2.90129852294922 -0.0131098693236709 15.2155323028564 -0.992230653762817 23.3546028137207 2.16695165634155 2.55945014953613 1.69409513473511 -2.21716332435608 2.03640985488892 -2.33769106864929 -2.13639855384827 -2.55077695846558 9.25898742675781 7.30859422683716 -2.90317368507385 -3.33322501182556
0.306604266166687 0.372209548950195 0.438640266656876 0.306444883346558 0.182103127241135 0.0536375343799591 -0.0387917570769787 -0.13192255795002 -0.814725995063782 -1.12381947040558 -1.46993625164032 -1.85061025619507 4.54010915756226 3.63343358039856 6.15904092788696 2.01195120811462 -0.662677645683289 -1.25821352005005 13.0462579727173 0.160088449716568 -2.17474436759949 -2.3942403793335 7.76035499572754 7.86214351654053 3.48267698287964 8.96004009246826 7.48118686676025 8.71555042266846 11.5420637130737 2.87786102294922 -0.894714951515198 -1.31711685657501 -1.6183785200119 14.5366497039795 -0.569800674915314 17.1671562194824 -1.8363950252533 -1.41552269458771 -1.93495905399323 -2.04743885993958 12.042459487915 3.88232922554016 -2.22834849357605 -3.9837167263031 10.9213895797729 -0.435451686382294
0.698161065578461 0.522132992744446 0.582819044589996 0.508866608142853 0.206264540553093 -0.0160840786993504 -0.141705229878426 -0.82286262512207 13.8897008895874 7.45224618911743 1.99755072593689 -2.10356044769287 11.8327798843384 4.3976411819458 -0.682730495929718 0.368842840194702 -2.15825486183167 12.6685953140259 6.75330448150635 3.77478766441345 -1.67089998722076 -2.38881325721741 0.115692317485809 5.20471811294556 0.7558873295784 19.2912845611572 12.8173952102661 11.2436056137085 -1.20611393451691 16.2122173309326 10.8577165603638 -0.0237925425171852 19.1516017913818 12.3760442733765 -1.27847063541412 10.8232746124268 -1.83627569675446 -2.07407474517822 2.00817370414734 5.38603162765503 2.95396065711975 -3.01220726966858 0.00161192461382598 -3.62315011024475 -4.07524394989014 -4.45378494262695
