slauniainen/Data/DEM/Vihti_dsm1500b_cl_horizonAngle_66.asc
NCOLS 196 
NROWS 178 
XLLCORNER 353680 
YLLCORNER 6699024 
CELLSIZE 16 
NODATA_value -3.4e+38 
[rows 60 to 79 of 178, columns 90 to 134 of 196]
6.86386871337891 10.056866645813 16.3763427734375 28.879810333252 29.1233310699463 38.8157272338867 53.037181854248 29.8863983154297 -2.50091195106506 -2.46523237228394 17.1940956115723 -1.90836656093597 -0.775657057762146 -0.968097507953644 6.00284385681152 -0.0216702222824097 10.7379283905029 15.8511791229248 2.03752899169922 2.30670118331909 3.95163154602051 16.3833236694336 20.9506950378418 23.8611278533936 11.4317407608032 12.9973793029785 18.8234558105469 25.3787956237793 15.5710248947144 20.5835762023926 -1.17325723171234 -0.379378914833069 1.85580158233643 3.23725438117981 5.47214651107788 13.6545686721802 38.9941749572754 3.17340111732483 -0.490481972694397 2.59676480293274 2.91081428527832 3.80844116210938 4.19310760498047 5.62509250640869 6.52426481246948
5.16843891143799 13.708794593811 14.5612821578979 26.4768848419189 30.3461666107178 31.9664402008057 34.2085227966309 34.5602951049805 1.60336434841156 -2.13821458816528 -2.33461451530457 13.0594339370728 -2.58377265930176 -1.40858471393585 5.50130605697632 7.67996025085449 4.72493600845337 1.57897639274597 2.90816354751587 10.686674118042 31.6479434967041 18.2603721618652 36.3503837585449 -3.61489462852478 11.1824197769165 -3.10035610198975 -2.33661127090454 -1.7549706697464 12.6238594055176 6.63833141326904 0.165697798132896 0.8595250248909 1.82041490077972 6.94949722290039 12.1548509597778 17.857608795166 34.7988357543945 1.00308799743652 1.32986390590668 3.4461088180542 3.8103187084198 5.10282802581787 5.94907855987549 6.70742225646973 7.51722860336304
9.13878631591797 12.1582269668579 12.9089860916138 15.7516374588013 22.9916191101074 26.7678546905518 32.086109161377 16.1581077575684 5.3839430809021 9.66196441650391 40.7632446289062 -2.93458890914917 -2.38440203666687 -1.75556290149689 -0.296925187110901 2.07510995864868 2.4355685710907 7.64630174636841 10.3454761505127 17.1909446716309 44.9927291870117 16.0839767456055 10.5012159347534 34.2752075195312 -3.09876370429993 -2.83154273033142 -2.40021944046021 -2.29328966140747 -1.60807120800018 -0.908516108989716 12.8610887527466 0.56492155790329 17.2970809936523 -0.328082531690598 10.161376953125 15.2006092071533 12.6924352645874 3.26203680038452 3.49873089790344 4.54807329177856 5.33945274353027 6.04230213165283 6.75883626937866 8.03498649597168 8.32723903656006
9.91323375701904 11.396577835083 14.2341804504395 18.5313282012939 20.0703659057617 24.3867568969727 27.0095882415771 39.9491233825684 9.73885726928711 25.5823535919189 40.3451766967773 -2.25509762763977 -1.99470674991608 -2.40607595443726 3.12656450271606 6.14010572433472 7.00586318969727 10.6189336776733 18.9012928009033 23.6487770080566 34.9561004638672 30.1471633911133 19.6082801818848 33.039852142334 2.88356924057007 3.10643720626831 -3.19616937637329 -2.62505483627319 -1.92340898513794 -1.78100478649139 15.5963668823242 13.2732706069946 -0.567819774150848 5.50103569030762 4.49050140380859 2.7889986038208 3.90200805664062 4.71084785461426 5.36946964263916 5.57012510299683 6.17519283294678 7.30229377746582 7.59057569503784 7.94913291931152 8.99918174743652
10.3150939941406 11.9264421463013 14.301251411438 17.1303596496582 25.5642681121826 15.355170249939 27.7023754119873 10.6833963394165 24.9392719268799 28.4691162109375 18.653434753418 7.83311319351196 25.2353172302246 -0.897590816020966 3.5350444316864 6.86911773681641 12.6484575271606 14.4403390884399 16.2597770690918 23.0393867492676 40.1118469238281 20.6432876586914 18.9375057220459 19.9552822113037 12.2527675628662 -2.91976571083069 3.73150634765625 -2.24057483673096 -1.83563041687012 3.18421721458435 19.179651260376 0.930866360664368 30.5147762298584 1.05384683609009 3.37605142593384 4.10165691375732 21.4282989501953 4.55591535568237 5.59713411331177 6.62827491760254 6.8590669631958 6.51563167572021 6.89227294921875 7.83026504516602 8.13721942901611
9.8205509185791 16.2028102874756 12.1412620544434 17.641471862793 33.053768157959 10.2028827667236 17.7515106201172 20.2282543182373 17.7536201477051 15.6875820159912 19.5553493499756 21.6983985900879 1.24174082279205 4.5810227394104 5.56743001937866 10.3000946044922 10.9353351593018 15.9482336044312 17.8047256469727 21.7869129180908 49.1051406860352 10.9890937805176 24.3001708984375 7.07880353927612 15.91956615448 16.59592628479 -3.06764030456543 -0.990720868110657 0.740105450153351 -0.403986424207687 0.38143590092659 6.58341121673584 2.60818362236023 3.49462270736694 49.203742980957 2.59215426445007 4.33355188369751 5.87161636352539 6.12609720230103 26.867654800415 5.20300960540771 7.0513768196106 7.33947086334229 7.50938034057617 7.82852792739868
11.1478414535522 12.2014398574829 18.0674648284912 33.2577171325684 15.2609891891479 16.2917881011963 15.2089529037476 10.5785760879517 15.8346176147461 21.4460163116455 17.0461807250977 13.5950355529785 13.7893495559692 15.7129573822021 8.03756523132324 11.9177894592285 13.375262260437 15.1492748260498 21.2921257019043 28.2608318328857 47.9078102111816 20.0315074920654 9.94345188140869 15.2751321792603 21.3156414031982 5.22254943847656 -1.65310454368591 0.581065237522125 -0.461508989334106 17.165168762207 0.822651088237762 2.76083397865295 14.62380027771 22.3172645568848 37.1136665344238 3.61963176727295 4.09054660797119 6.1937084197998 42.9787292480469 4.45464563369751 4.84230184555054 6.73214530944824 7.03125429153442 6.51780652999878 6.73203325271606
11.3315448760986 12.2571401596069 14.8650178909302 37.4953727722168 11.507043838501 13.955997467041 12.8531866073608 14.4514684677124 15.6107006072998 14.3586549758911 11.9341859817505 12.9322729110718 15.3052225112915 12.2301139831543 9.20398235321045 18.7481212615967 30.4532165527344 7.83603715896606 6.83191394805908 12.0255527496338 51.497688293457 11.2225027084351 13.1314554214478 9.75134944915771 31.2326240539551 1.33179450035095 -0.976454794406891 -0.166273176670074 10.5462121963501 1.46815133094788 1.95502972602844 8.66833114624023 8.90351295471191 14.8453197479248 40.0512237548828 3.23012781143188 3.99161314964294 8.78486824035645 4.62542390823364 4.96039247512817 5.28498601913452 5.07461404800415 6.01969003677368 6.33290386199951 6.60423803329468
10.2387323379517 10.7293853759766 12.5426263809204 24.6009178161621 9.75993537902832 10.4810180664062 30.3257694244385 7.63314533233643 8.70609474182129 9.93454837799072 10.4696264266968 9.07535839080811 28.7148151397705 7.3071117401123 15.9302310943604 21.5127868652344 19.5592498779297 11.4173011779785 19.1137809753418 19.9254169464111 30.9477519989014 25.0592803955078 37.6735801696777 20.1998863220215 14.1668920516968 0.628953218460083 0.310583114624023 0.771536946296692 1.0745267868042 1.84568059444427 6.30564832687378 2.97406578063965 10.5668039321899 39.8137550354004 3.23179459571838 3.34348583221436 24.9422035217285 3.49400448799133 7.97504758834839 10.4243955612183 2.67537355422974 3.46820569038391 4.4188289642334 6.15147113800049 6.00348043441772
12.0956420898438 7.61493110656738 8.81307506561279 13.7002353668213 17.5952186584473 9.86124706268311 33.639274597168 3.78936243057251 5.80895805358887 8.14960956573486 10.9872426986694 15.0631256103516 11.0434513092041 12.5931339263916 13.562539100647 12.906777381897 11.0244941711426 14.2772588729858 15.5108709335327 15.7381181716919 16.1301689147949 31.8847961425781 37.7241554260254 16.3643703460693 6.23871755599976 8.4951343536377 0.768973350524902 11.1469612121582 1.2790185213089 1.98708617687225 2.74129223823547 31.4423770904541 2.450115442276 2.76746153831482 3.03675270080566 31.3548011779785 21.6057243347168 4.21587419509888 1.86279380321503 1.48385202884674 1.48279190063477 1.68350863456726 2.36181426048279 4.57399559020996 7.69349336624146
7.85937690734863 14.3596725463867 5.49886894226074 12.7433166503906 19.8649826049805 31.0760307312012 49.4655952453613 3.22970080375671 4.22601699829102 5.13180065155029 6.29849624633789 7.38489818572998 8.58594131469727 8.36155414581299 9.77363586425781 9.90608596801758 9.80904102325439 11.8946189880371 14.9915323257446 16.5626182556152 24.4840145111084 32.6044235229492 39.127197265625 14.0187120437622 17.8000106811523 26.1944332122803 3.14469504356384 1.23440933227539 10.3863925933838 1.61809635162354 9.377760887146 23.8733425140381 2.41647505760193 2.54335522651672 6.94009351730347 31.268138885498 3.1493775844574 6.42006015777588 1.46798157691956 6.4991397857666 8.60068893432617 7.60647916793823 0.841115117073059 2.88587522506714 5.47970819473267
4.97098255157471 6.43971633911133 6.77556085586548 10.7315301895142 31.2835369110107 53.9559555053711 30.6085968017578 13.1056299209595 4.64366149902344 2.00336074829102 11.9449119567871 4.95109510421753 6.09273052215576 7.35780000686646 27.7092208862305 7.08344650268555 8.22141647338867 9.72777462005615 14.500862121582 17.1656684875488 21.164363861084 38.2964401245117 14.4711570739746 17.8308258056641 18.7925395965576 15.8443555831909 9.17011070251465 8.96466636657715 1.88976740837097 2.29953384399414 11.4707479476929 11.2079763412476 19.9520568847656 6.39196300506592 42.8006820678711 14.1504526138306 1.12857973575592 9.91008472442627 6.9191689491272 0.296781778335571 3.76874852180481 18.4895114898682 -0.27097162604332 0.688898801803589 7.72174549102783
6.21867895126343 7.05212593078613 14.6540412902832 18.6331005096436 35.6894607543945 46.6485824584961 27.8883152008057 15.7729806900024 13.8639259338379 2.17924427986145 4.1653881072998 5.52836990356445 11.3090972900391 22.2719497680664 14.7381887435913 3.32866430282593 5.58475828170776 8.44493198394775 13.0899353027344 14.9686107635498 19.7665195465088 17.8798179626465 31.3891658782959 14.8616218566895 34.430061340332 16.0506267547607 4.53370046615601 26.7261905670166 1.7493702173233 3.81166195869446 6.27936840057373 5.18577814102173 18.3547801971436 7.80936717987061 29.985595703125 2.73430418968201 22.9354457855225 4.37211513519287 3.12552165985107 0.58171933889389 10.1278057098389 -0.188859701156616 -0.0690320134162903 -0.904645800590515 4.0662956237793
12.5080661773682 12.711030960083 17.2254524230957 18.9361743927002 25.418119430542 30.7955589294434 47.1859283447266 14.4399995803833 11.9776477813721 2.70680737495422 2.01042056083679 21.880651473999 7.20395565032959 2.13027000427246 17.3204860687256 0.933840930461884 3.01407814025879 7.09075736999512 8.59231948852539 21.530065536499 7.80945777893066 10.2858600616455 11.6175317764282 18.4186153411865 19.6730346679688 11.6281404495239 17.6002635955811 1.71720468997955 7.70378112792969 2.11100459098816 4.01204824447632 7.31935739517212 34.5577201843262 1.51627242565155 18.3840427398682 4.83969116210938 28.4364070892334 10.7422113418579 -0.694064736366272 19.5348033905029 2.0449640750885 -2.48763608932495 -2.2206654548645 -2.12755918502808 1.90086770057678
13.8832635879517 15.3271198272705 15.5315322875977 16.9229621887207 22.1114902496338 38.1446266174316 30.8032512664795 45.6207656860352 19.9067287445068 6.34420490264893 1.73917651176453 5.62225246429443 32.2430000305176 13.6233282089233 -0.0292512811720371 1.92146527767181 4.10612630844116 5.70631217956543 7.00361251831055 7.44198846817017 7.29005193710327 8.84406757354736 13.2941884994507 39.9393272399902 16.3834953308105 12.1113510131836 1.51830983161926 14.35813331604 4.895667552948 4.52902793884277 12.824010848999 15.7610912322998 13.904688835144 17.5043659210205 46.0975532531738 14.2374038696289 14.0242671966553 29.1622924804688 12.4832906723022 -2.54708433151245 -1.41070079803467 -2.73241949081421 -2.2655131816864 -1.58567845821381 0.718340277671814
13.4019737243652 14.3355016708374 16.8650341033936 18.834114074707 19.4432411193848 27.2252140045166 34.2649230957031 31.0260696411133 43.1134490966797 4.92175006866455 13.4881076812744 17.5115737915039 17.9851913452148 21.2664337158203 0.134761527180672 12.8622932434082 1.47841119766235 3.12960290908813 3.92735910415649 6.51154375076294 8.57029914855957 8.91791248321533 8.10225582122803 53.2303733825684 1.43020832538605 2.39968252182007 3.98931241035461 13.5556440353394 8.94854640960693 8.89604759216309 13.3841485977173 15.661717414856 10.1705083847046 36.6576805114746 7.16540050506592 25.3439044952393 10.4376630783081 21.5099391937256 3.64366888999939 -1.53449726104736 -0.283751040697098 7.38100671768188 9.02226829528809 -1.79954922199249 1.30468988418579
11.1874961853027 12.956636428833 12.9685068130493 14.4615440368652 18.6304130554199 27.96116065979 34.2764854431152 41.9013366699219 24.4409828186035 16.890438079834 16.0135307312012 17.1003856658936 36.9362373352051 1.10777127742767 10.8735342025757 2.78382515907288 3.28320503234863 2.58662486076355 4.35566329956055 4.76191759109497 6.6022253036499 16.1888885498047 21.5276222229004 12.4361295700073 23.1818866729736 12.5760793685913 14.7711267471313 15.1858577728271 9.54410266876221 22.1531276702881 12.7021789550781 25.2134227752686 47.6064414978027 6.61928653717041 8.93595695495605 21.1613368988037 10.7111186981201 10.5260219573975 4.31553268432617 16.5235996246338 6.31557559967041 8.65149974822998 -2.33799743652344 -1.30882573127747 -0.061128992587328
11.3966979980469 11.7081470489502 15.0319738388062 13.3957433700562 14.4976167678833 16.9269008636475 21.6844921112061 31.5539588928223 45.1898002624512 15.7184171676636 16.9940528869629 33.9537353515625 4.63902044296265 1.53074300289154 2.9548499584198 13.6505498886108 3.00889205932617 13.8145275115967 2.00701451301575 6.68216180801392 10.6805067062378 10.3663368225098 28.9703025817871 4.73855590820312 4.76086854934692 15.8298387527466 6.53283309936523 9.3410472869873 13.5789804458618 16.1330146789551 27.5797748565674 35.3560256958008 47.3943023681641 16.1975364685059 7.66522455215454 9.05244255065918 6.36531114578247 29.8908805847168 10.4320087432861 5.31482410430908 8.87157344818115 -1.78779876232147 -1.61572742462158 -0.641791105270386 0.412717193365097
25.9351596832275 10.0868082046509 10.895770072937 10.6963863372803 11.3939561843872 12.8842859268188 16.2677001953125 27.4923973083496 33.7385215759277 39.4582290649414 23.9203071594238 23.7791633605957 17.5931034088135 13.030481338501 8.61569786071777 9.87701225280762 13.0440979003906 11.2709579467773 6.32140636444092 3.755615234375 6.38629865646362 14.8354797363281 28.4953002929688 4.74058055877686 8.66291427612305 8.41939353942871 18.1941299438477 8.14930820465088 18.1444816589355 21.3499031066895 25.1671504974365 32.2938613891602 33.5366134643555 36.7854194641113 13.3950757980347 10.2812757492065 25.2264728546143 19.0946865081787 3.73884677886963 2.84892153739929 5.20402908325195 2.73547053337097 -1.26087760925293 -0.34160378575325 1.18196451663971
8.18352890014648 8.60605812072754 9.32552051544189 10.2484855651855 10.6296510696411 11.0815906524658 14.0674657821655 23.7837295532227 30.6016006469727 23.5836486816406 16.1777858734131 10.5900421142578 12.2008829116821 7.68351936340332 9.26810836791992 9.91766452789307 17.1893043518066 4.53431749343872 4.60324239730835 5.79017639160156 10.867226600647 16.385082244873 28.9801139831543 5.1617546081543 8.51705551147461 25.8247299194336 11.4259557723999 11.3404359817505 11.6057586669922 19.0895824432373 21.9761371612549 26.9976673126221 32.6632690429688 27.8368377685547 19.6632766723633 38.7270889282227 14.5419015884399 14.2582187652588 1.99203407764435 0.446961432695389 2.25481843948364 0.077170193195343 0.318502604961395 0.49589079618454 1.75843024253845
