slauniainen/Data/DEM/Vihti_dsm1500b_cl_horizonAngle_120.asc
NCOLS 196 
NROWS 178 
XLLCORNER 353680 
YLLCORNER 6699024 
CELLSIZE 16 
NODATA_value -3.4e+38 
[rows 40 to 59 of 178, columns 92 to 137 of 196]
1.86838233470917 1.77644801139832 1.81594431400299 1.82000076770782 1.3592689037323 1.29619812965393 1.24000310897827 1.27653753757477 1.83737456798553 1.92297923564911 1.57241880893707 1.97807705402374 2.04552149772644 2.22322726249695 2.42309999465942 2.97372722625732 3.28016424179077 3.34725284576416 3.22557663917542 2.63698935508728 2.67954444885254 3.27006053924561 3.4030876159668 2.58625960350037 2.63075065612793 2.95289897918701 3.36791467666626 4.08641052246094 4.5760498046875 5.31179141998291 5.91236209869385 14.4107084274292 16.8437213897705 11.0208330154419 10.2483673095703 13.9218502044678 17.2498588562012 23.4777870178223 36.0421562194824 8.43446159362793 8.75215530395508 8.42169284820557 8.76197624206543 9.13242340087891 8.99081802368164 9.64272022247314
0.54857325553894 1.84516632556915 1.74095094203949 1.82806789875031 1.83097147941589 1.887540102005 1.30764138698578 1.35495412349701 1.3011782169342 1.36480236053467 1.97747588157654 1.82842683792114 2.08337640762329 2.08720684051514 2.27812576293945 2.68021655082703 3.08494853973389 3.14060544967651 3.42877054214478 3.29054379463196 3.34366846084595 2.74635076522827 2.74989533424377 3.57484936714172 3.7232620716095 2.68047642707825 3.00134491920471 3.62606811523438 3.92967987060547 4.99669885635376 5.44943618774414 6.6295919418335 10.366003036499 21.1313991546631 24.9690971374512 15.8338823318481 15.1672859191895 25.0627288818359 36.3644828796387 5.99505138397217 8.13652610778809 9.0946626663208 9.48398590087891 9.67101860046387 12.2939367294312 9.83449077606201
36.0884132385254 29.8158340454102 1.89787900447845 1.79285573959351 1.83601379394531 1.88732051849365 1.91171383857727 1.9840886592865 1.38029193878174 2.13754224777222 2.41481375694275 2.03464913368225 2.12606048583984 2.12311959266663 2.17880988121033 2.50363636016846 2.73679327964783 2.82063841819763 3.20564317703247 3.48923444747925 3.55758023262024 3.73040795326233 3.38148808479309 2.83949208259583 2.98728489875793 3.94570112228394 4.15365171432495 2.81036853790283 3.66834187507629 4.09632635116577 4.58769798278809 6.27311420440674 8.19426727294922 9.02804088592529 13.8719367980957 35.5613975524902 48.0063667297363 33.6545829772949 32.5800552368164 5.21157646179199 7.62839698791504 8.42989349365234 8.78182792663574 9.94000339508057 9.97855091094971 17.4831581115723
38.804630279541 1.00862503051758 6.52330207824707 1.67342102527618 1.75845873355865 1.84578907489777 1.91171395778656 1.99504804611206 2.03602766990662 2.31241869926453 2.41118502616882 2.46750450134277 2.53039908409119 2.24694633483887 2.29047226905823 2.23418235778809 2.54027271270752 2.64589428901672 3.0038013458252 3.24385571479797 3.36090064048767 3.70428538322449 3.79369521141052 3.86940503120422 2.91079378128052 2.95434999465942 3.26995801925659 4.35116004943848 3.35554504394531 3.28926157951355 3.82422685623169 5.30211400985718 7.7752161026001 8.29467582702637 10.210036277771 12.6801042556763 23.3615474700928 2.98701953887939 4.23546504974365 4.54623889923096 6.56659173965454 7.94454860687256 8.31575012207031 9.14283466339111 10.3772277832031 10.8457193374634
7.88675308227539 8.29251766204834 18.6866054534912 1.31097328662872 3.85332632064819 1.6446179151535 1.88480651378632 1.90293633937836 2.47522735595703 2.42120313644409 2.69939017295837 2.58305072784424 2.50781846046448 2.56964325904846 2.28418684005737 2.65267300605774 3.2118866443634 3.69794201850891 3.87142491340637 3.5712742805481 3.34744763374329 3.72795391082764 3.77255249023438 3.96971988677979 3.92736792564392 3.6493079662323 3.00168061256409 3.4272301197052 4.60932397842407 4.94574069976807 3.49778008460999 4.32256078720093 6.50169610977173 6.84883594512939 9.3845796585083 10.9827632904053 16.5996589660645 10.9044809341431 4.14247274398804 4.90423774719238 6.41090154647827 6.72678804397583 7.09970760345459 8.63429546356201 8.72822856903076 9.87517261505127
19.715669631958 28.3822288513184 23.6385879516602 0.71625280380249 32.1540756225586 4.34614992141724 4.30068445205688 1.91247141361237 2.21353530883789 2.57279086112976 2.80153727531433 2.73277688026428 2.78613686561584 2.85896396636963 2.89186429977417 3.08149671554565 3.58043670654297 3.76576137542725 3.79714274406433 3.91337919235229 3.98952555656433 3.72472214698792 3.79627156257629 3.85720801353455 4.01385402679443 4.08733940124512 4.07371616363525 3.67801380157471 3.10597729682922 3.81563115119934 5.47398853302002 6.3048038482666 5.15801382064819 5.88175678253174 7.68553495407104 8.84505844116211 15.2537975311279 21.20432472229 4.12448644638062 4.38913297653198 6.42890119552612 6.7270679473877 6.96081686019897 7.24513912200928 8.97720336914062 9.41098213195801
1.40129923820496 21.4240131378174 1.1003839969635 1.93750309944153 3.53032422065735 1.11085951328278 4.57706832885742 4.88390159606934 4.87094783782959 2.33868384361267 2.61378121376038 2.83750700950623 2.95916152000427 3.24837493896484 3.00204920768738 3.16699385643005 3.4812536239624 3.75109052658081 3.79466438293457 3.88428664207458 4.02115917205811 4.04313945770264 4.17509651184082 3.96736192703247 3.92338562011719 3.96359610557556 4.16839218139648 4.13781261444092 4.20767736434937 3.15307688713074 3.29713249206543 5.18954420089722 7.52095079421997 3.78013157844543 5.77997398376465 8.20080471038818 11.9391374588013 16.689661026001 4.50423717498779 4.8620138168335 5.79950571060181 6.07598257064819 6.9825005531311 7.26982688903809 7.49328804016113 7.79761981964111
6.4515528678894 24.134651184082 2.79220914840698 3.98148775100708 3.78820657730103 3.54953908920288 3.96240711212158 4.59606027603149 5.28215551376343 5.28803968429565 2.56958913803101 2.625155210495 2.82570457458496 2.99629974365234 3.28466129302979 3.42894220352173 3.87140870094299 3.51316380500793 3.97389626502991 3.86823582649231 4.06015682220459 4.1034836769104 4.2053050994873 4.24485778808594 4.33947992324829 4.12283277511597 4.09133100509644 4.24301242828369 4.3151683807373 4.31472063064575 4.07381296157837 3.97312378883362 6.2682318687439 8.56512451171875 9.09954643249512 4.20089769363403 8.58849811553955 3.8707971572876 3.52339792251587 4.25761079788208 6.10125350952148 6.37397050857544 6.32963562011719 6.64926338195801 7.59175062179565 7.82647323608398
26.0014133453369 2.42329168319702 3.09347176551819 3.66512060165405 4.20433521270752 4.3729681968689 4.70251035690308 4.35393381118774 5.03429174423218 5.79470252990723 6.2821192741394 6.23607969284058 2.71097850799561 3.09432792663574 3.16450500488281 3.50556945800781 3.46895670890808 3.93470478057861 4.07229328155518 4.02194786071777 4.0970287322998 4.13278388977051 4.21268033981323 4.2859206199646 4.38040971755981 4.43378114700317 4.22109460830688 4.17821884155273 4.61079597473145 5.01755237579346 4.53409385681152 4.57647228240967 4.3694920539856 6.07725667953491 8.63702392578125 11.049861907959 12.5061569213867 3.74810981750488 3.88496971130371 4.07678842544556 4.83527135848999 5.19353199005127 6.66065549850464 6.9511661529541 6.95117616653442 7.97540950775146
16.3115634918213 2.7510507106781 5.06139469146729 4.86667776107788 6.83893585205078 4.46547651290894 4.64792156219482 5.23975658416748 5.74238920211792 5.33001804351807 6.07803249359131 6.96016263961792 7.6187219619751 7.42731046676636 3.11988139152527 3.19592213630676 3.66024708747864 3.60929822921753 3.87258219718933 4.13270044326782 4.2179012298584 4.16838359832764 4.18522644042969 4.29339218139648 4.35726070404053 4.47337198257446 4.54170322418213 4.63445711135864 4.39178228378296 4.37099599838257 5.74480772018433 4.66267251968384 4.78977012634277 4.87254238128662 4.53818273544312 10.1067981719971 14.1513690948486 20.1364212036133 23.6355285644531 3.68512630462646 4.68006229400635 4.82703113555908 5.40264129638672 5.72350978851318 7.27063894271851 7.55175161361694
9.71000194549561 5.1562671661377 4.8368616104126 22.4815483093262 5.07037258148193 4.86046648025513 4.26476812362671 4.93455457687378 5.20217990875244 6.58003425598145 6.10028982162476 6.66556978225708 7.53780937194824 8.59189701080322 8.46218490600586 3.74429845809937 3.92373442649841 4.23117542266846 3.78778219223022 4.01918315887451 4.13794946670532 4.29783487319946 4.26406955718994 4.3352952003479 4.38702917098999 4.49251270294189 4.58357191085815 4.68857336044312 4.76185321807861 4.85013961791992 4.61328744888306 6.68135118484497 7.7143816947937 5.03465795516968 5.30706596374512 5.23330783843994 4.22351121902466 3.3276059627533 2.94825983047485 2.87062883377075 4.27059364318848 4.29817771911621 5.00329828262329 4.99373769760132 6.09839916229248 7.66532564163208
6.34659862518311 6.15019702911377 5.64866399765015 6.66044998168945 4.9088568687439 5.70829248428345 5.86750841140747 5.39465856552124 4.86927366256714 5.58960390090942 7.75508213043213 8.93045234680176 8.13495922088623 8.89741516113281 10.0185432434082 11.3086776733398 11.1415758132935 4.0132360458374 4.31961250305176 4.39898920059204 4.10441589355469 4.18291664123535 4.39847755432129 4.49753761291504 4.45666122436523 4.56773233413696 4.62148857116699 4.73428392410278 4.80173397064209 4.90611553192139 5.04985380172729 4.97224569320679 6.64483642578125 10.11048412323 13.0862255096436 7.86676740646362 10.915057182312 5.01809549331665 4.59816122055054 4.74457406997681 4.02486181259155 4.49275636672974 4.739501953125 5.2058892250061 5.39406490325928 5.74516201019287
6.14246559143066 6.48941516876221 6.50325775146484 6.46534109115601 7.01046943664551 7.26984453201294 6.97095489501953 6.3687105178833 6.61007785797119 6.06295251846313 5.61951208114624 6.3816876411438 11.2164344787598 13.7436790466309 12.5403661727905 13.514084815979 15.4013118743896 17.7218379974365 17.2723217010498 4.20069217681885 4.68058681488037 4.45555734634399 4.27918481826782 4.31593418121338 4.62414741516113 4.73653745651245 4.70231342315674 4.71139240264893 4.85042476654053 4.91615390777588 5.06460618972778 5.23739671707153 6.38903379440308 8.32355308532715 14.1997690200806 22.9781398773193 29.2509765625 5.37816858291626 5.78070020675659 5.61657476425171 5.09153413772583 5.28962182998657 4.52167320251465 5.23206901550293 5.36722421646118 5.62404727935791
3.9255702495575 8.08179092407227 6.19365215301514 6.71921730041504 6.83745622634888 6.95873403549194 7.81034994125366 8.22687339782715 7.8528618812561 7.13101291656494 7.54791355133057 6.85371828079224 6.96958255767822 7.4665150642395 21.0482540130615 31.1330127716064 28.3732509613037 30.687650680542 34.385181427002 38.2243194580078 37.1295318603516 5.57556581497192 6.95900583267212 4.38437366485596 4.48493337631226 4.69979095458984 4.86613941192627 4.82457208633423 4.95517492294312 5.00639581680298 5.70468044281006 6.71523952484131 5.87802648544312 7.70802450180054 13.6924209594727 21.9425754547119 4.49545288085938 4.07967281341553 6.39394664764404 6.58967018127441 6.16564559936523 5.69199752807617 5.85409832000732 4.99672985076904 5.76701068878174 6.12573957443237
26.4848022460938 7.509596824646 32.660831451416 5.98787307739258 6.4318675994873 7.13928079605103 7.44189262390137 7.84610748291016 8.87221717834473 9.37184047698975 8.9224739074707 8.16895294189453 7.63450336456299 7.51162910461426 9.14590263366699 9.48306655883789 3.12140393257141 3.38680291175842 3.80190062522888 3.37221336364746 3.1138916015625 3.2139790058136 8.04251956939697 13.6492958068848 16.8268737792969 4.59923315048218 4.70894813537598 5.00297927856445 5.13849115371704 5.1301212310791 5.30521392822266 5.36003112792969 8.73987579345703 11.2852973937988 12.7084665298462 20.6041145324707 5.15840339660645 5.854905128479 6.02110624313354 6.22904825210571 7.05789852142334 7.33196640014648 6.70356893539429 6.45725536346436 6.84997892379761 5.76000022888184
20.1675834655762 10.1952571868896 6.50477027893066 4.33143091201782 10.1484994888306 6.67978954315186 7.54509496688843 7.92603921890259 8.9597282409668 10.3584489822388 10.1799039840698 9.81737327575684 8.88392448425293 9.5064868927002 9.96884155273438 12.8881797790527 17.5252246856689 6.21607732772827 3.44220447540283 5.31337070465088 6.84417200088501 4.1364951133728 4.05784034729004 4.70588445663452 4.23699474334717 4.47044038772583 5.02701997756958 4.84816360473633 4.95867586135864 5.62302017211914 5.50170850753784 5.52178239822388 5.72216320037842 6.80266904830933 18.1915874481201 28.420919418335 5.40197515487671 6.72959136962891 6.19061946868896 6.63304948806763 7.17392587661743 6.91903257369995 7.90654993057251 8.23665332794189 7.18094158172607 7.53720998764038
17.8446636199951 14.0836763381958 11.7400827407837 16.0787906646729 13.5160932540894 33.1117286682129 14.7843618392944 7.34020709991455 8.32483577728271 8.81259536743164 12.998797416687 16.0821285247803 11.8421745300293 11.7895584106445 10.5413370132446 13.7518301010132 19.8955898284912 7.7653431892395 9.06523609161377 8.26632213592529 9.39524364471436 10.9382228851318 14.1327123641968 4.26825141906738 14.594144821167 4.7088737487793 5.26136207580566 5.39734506607056 5.28185606002808 5.76485300064087 6.73409366607666 7.95624208450317 5.93669414520264 7.50972604751587 11.0584583282471 18.6633739471436 4.96495294570923 6.68976497650146 7.06341600418091 7.30382776260376 6.70468044281006 8.19751262664795 7.40088367462158 7.70992612838745 8.90386772155762 7.69121837615967
37.1957359313965 20.7050933837891 24.0140933990479 22.38525390625 21.6656703948975 30.1875438690186 18.8467483520508 26.4734344482422 31.2257614135742 8.19947147369385 9.4214973449707 10.4907646179199 24.1232376098633 35.2442283630371 13.6430616378784 13.0614356994629 11.0268564224243 8.27441215515137 13.8852138519287 16.9328002929688 19.3733711242676 11.754189491272 19.0015316009521 12.6280355453491 21.1941204071045 4.3778862953186 5.35338544845581 5.15964651107788 5.59028196334839 6.27875995635986 7.35223913192749 8.08091163635254 10.3218641281128 13.2601957321167 12.1440057754517 20.1745071411133 5.66620779037476 6.87594604492188 7.13246583938599 7.3066577911377 7.69836044311523 7.38558435440063 9.59113883972168 10.7600812911987 8.34247970581055 9.7300443649292
19.4759273529053 12.2240705490112 27.9168682098389 33.8237457275391 28.6304664611816 32.6237754821777 5.26179552078247 3.348876953125 4.90008068084717 4.66699361801147 8.19827651977539 9.46659660339355 10.7930660247803 14.2203254699707 7.95533084869385 16.2108898162842 14.6047039031982 14.9725542068481 16.6417369842529 14.8520488739014 24.2353019714355 35.1809844970703 41.0526962280273 12.5193176269531 20.1274662017822 29.605073928833 45.1493873596191 5.54844856262207 5.70588493347168 5.50529289245605 6.33972024917603 9.41101455688477 11.9878587722778 13.4125127792358 21.0825729370117 32.4465370178223 5.7881441116333 7.11049890518188 7.20848512649536 7.51823377609253 7.73689746856689 8.12344837188721 8.42973327636719 7.97044324874878 13.5959854125977 16.2407112121582
12.1929759979248 18.4934997558594 22.3897113800049 23.5703449249268 31.6704235076904 12.3883123397827 2.6215136051178 2.69141578674316 19.6425819396973 15.3763103485107 12.9357166290283 9.64314937591553 19.1902198791504 11.6211404800415 12.4632368087769 12.0424737930298 18.3879261016846 15.6346302032471 25.7284755706787 22.2572631835938 24.1696166992188 21.4293365478516 3.24942946434021 3.0072009563446 3.67990684509277 3.83623552322388 3.52599120140076 3.2857780456543 22.6295757293701 5.92170095443726 6.10540628433228 8.19295024871826 10.4007863998413 19.2551116943359 30.4754638671875 18.2698307037354 5.23089265823364 7.56890869140625 7.47562217712402 7.73390340805054 7.96628904342651 8.27610301971436 8.55086803436279 8.96806526184082 9.31676197052002 8.46144485473633
