slauniainen/Data/DEM/Vihti_dem1500b_cl_horizonAngle_30.asc
NCOLS 196 
NROWS 178 
XLLCORNER 353680 
YLLCORNER 6699024 
CELLSIZE 16 
NODATA_value -3.4e+38 
[rows 120 to 139 of 178, columns 0 to 44 of 196]
7.74815082550049 15.1095275878906 7.77095794677734 10.013035774231 6.06231546401978 2.56039881706238 0.838912189006805 -0.133073449134827 -0.0585012510418892 0.115432426333427 0.310771137475967 0.461109817028046 0.54727429151535 0.624132573604584 0.703460156917572 0.760479152202606 0.818519532680511 1.27649354934692 1.38407504558563 2.12842893600464 1.7737101316452 1.82376384735107 1.65064418315887 1.60526263713837 1.02432250976562 1.07884573936462 1.20356261730194 1.46250629425049 1.97913157939911 2.22649121284485 2.44641089439392 2.38780856132507 2.18250036239624 2.01784706115723 1.97890794277191 1.78943026065826 1.53321409225464 1.36638212203979 1.23338985443115 1.17182290554047 1.0257613658905 0.910165071487427 0.716980397701263 0.595615208148956 0.560664296150208
6.87890100479126 14.5308074951172 15.6802387237549 8.8154935836792 5.71833610534668 3.48939752578735 2.08555507659912 0.376853942871094 -0.0271189622581005 0.118200838565826 0.283622831106186 0.437323153018951 0.550109207630157 0.633814334869385 0.704190671443939 0.764032661914825 0.819104969501495 1.18095326423645 1.89132499694824 1.67425107955933 1.64658093452454 1.83054745197296 1.56166470050812 1.68626666069031 1.3914932012558 1.02977967262268 1.32022345066071 1.86278450489044 2.09692478179932 2.07643294334412 2.29821372032166 2.05677199363708 1.9853093624115 1.84054672718048 1.7474205493927 1.61739814281464 1.33813107013702 1.18723213672638 1.12314939498901 1.05842244625092 0.914751589298248 0.679569184780121 0.592712223529816 0.501930713653564 0.512084126472473
7.40623331069946 9.46527194976807 15.6070690155029 14.956690788269 7.75175476074219 5.88844013214111 4.3168625831604 2.25808358192444 0.0353681705892086 0.153600439429283 0.275712817907333 0.386343389749527 0.527966499328613 0.629934072494507 0.696537852287292 0.763850152492523 0.825655996799469 1.09247255325317 1.64829540252686 1.88047254085541 1.65474605560303 1.84114253520966 1.38073909282684 1.50999534130096 1.54463815689087 1.11277568340302 1.32120096683502 1.97585904598236 1.93981266021729 2.16387367248535 2.11823773384094 1.93249142169952 1.74318134784698 1.70554029941559 1.56928491592407 1.34123337268829 1.20948171615601 1.07478165626526 1.02803730964661 0.908089816570282 1.02502739429474 0.730506420135498 0.506909966468811 0.473155945539474 0.658805251121521
6.32511377334595 8.05566692352295 10.2500410079956 15.4438371658325 10.4054384231567 7.24600648880005 5.39801597595215 3.26083946228027 0.500494182109833 0.169535160064697 0.269053548574448 0.354611158370972 0.483269304037094 0.606181025505066 0.697251915931702 0.757501482963562 0.824562251567841 1.26842153072357 1.67939507961273 2.03928899765015 1.57649028301239 2.02985405921936 1.35423922538757 1.50594127178192 1.64351189136505 1.28748035430908 1.70714128017426 1.86631298065186 2.02777171134949 1.96786046028137 1.82012760639191 1.7574051618576 1.6332198381424 1.51716315746307 1.40660560131073 1.16738903522491 1.04863333702087 0.988299429416656 0.883588492870331 1.03398835659027 1.04444599151611 0.844185054302216 0.616599857807159 0.454786390066147 0.793248057365417
5.85007333755493 7.55632257461548 8.58376026153564 10.360466003418 13.0725507736206 8.21964740753174 6.49260807037354 4.22228384017944 1.51032841205597 0.212032109498978 0.286010771989822 0.352780163288116 0.443057656288147 0.572993338108063 0.685027062892914 0.766162812709808 0.820829510688782 1.11544108390808 1.58015811443329 2.10293793678284 1.41375434398651 2.34729790687561 1.40230524539948 1.3176212310791 1.37559354305267 1.25311255455017 1.82369816303253 1.75267553329468 1.92467737197876 1.71028971672058 1.65672516822815 1.54533410072327 1.53669881820679 1.40003800392151 1.12440156936646 1.01556169986725 0.93872195482254 0.888695001602173 0.812766253948212 1.05846667289734 1.00699901580811 0.886966228485107 0.564019978046417 0.676750600337982 0.851502597332001
5.24613475799561 6.64911079406738 7.0820426940918 7.97150564193726 9.92346858978271 10.7490921020508 6.98127174377441 5.4420337677002 2.73458790779114 1.54819011688232 0.323525816202164 0.371255546808243 0.428535431623459 0.534200727939606 0.652055025100708 0.752930283546448 0.807313799858093 1.0999401807785 1.62517404556274 2.32073068618774 1.55804514884949 2.25819945335388 2.10437536239624 1.30858480930328 1.40586745738983 1.6158355474472 1.75819218158722 1.87257826328278 1.7933406829834 1.64230346679688 1.46015751361847 1.45345997810364 1.37381231784821 1.43977010250092 1.01811921596527 0.856081128120422 0.838411927223206 0.772967576980591 0.720018267631531 0.820128738880157 0.903344452381134 0.717439413070679 0.595559298992157 0.844021856784821 1.17114007472992
5.56582498550415 5.60974073410034 6.17838907241821 6.54181432723999 7.39349460601807 10.3168678283691 8.58639717102051 5.83689069747925 3.9708240032196 2.87832164764404 1.59496414661407 0.399017333984375 0.434255421161652 0.516780972480774 0.626865983009338 0.725076854228973 0.798303365707397 1.04546678066254 1.88351190090179 2.51060438156128 2.05150198936462 1.81037974357605 2.55738949775696 1.32934141159058 1.34406387805939 1.72820270061493 1.65911376476288 1.80976366996765 1.60072040557861 1.51632249355316 1.40592539310455 1.30682790279388 1.24466979503632 1.34217178821564 1.30627751350403 0.803948879241943 0.724411904811859 0.668107569217682 0.605658352375031 0.552796900272369 0.970526576042175 0.517659246921539 0.710785210132599 1.14275193214417 1.11160802841187
4.78991556167603 4.92800235748291 5.39293718338013 5.68632984161377 6.17039060592651 7.26834392547607 10.3090696334839 9.61153984069824 6.3536229133606 4.02035093307495 3.16951036453247 0.894054472446442 0.455230712890625 0.530465602874756 0.614283263683319 0.704444825649261 0.778487503528595 1.01296973228455 1.65746438503265 2.24963521957397 2.05000686645508 1.67017829418182 2.92899942398071 1.69925677776337 1.54483664035797 1.65765690803528 1.76920187473297 1.69862246513367 1.5457398891449 1.36016476154327 1.33726286888123 1.22555470466614 1.03613579273224 1.12187659740448 1.29714441299438 1.10693919658661 0.630171597003937 0.569730460643768 0.538235902786255 0.465035527944565 0.978222846984863 0.542144536972046 0.768208086490631 1.07308638095856 1.15925753116608
4.39914274215698 4.50677394866943 4.75971698760986 4.94651126861572 5.37386512756348 5.97310590744019 7.11043739318848 7.8966498374939 9.59800815582275 8.40042877197266 5.71880674362183 2.95622491836548 0.5160773396492 0.553048491477966 0.61617386341095 0.69324004650116 0.769234180450439 1.04280042648315 1.51294887065887 2.21130704879761 2.02120041847229 1.63251745700836 2.32148289680481 2.65805315971375 1.65196311473846 1.5634263753891 1.70234441757202 1.50982081890106 1.4267246723175 1.27792704105377 1.16928589344025 1.10908925533295 0.933832347393036 0.826813995838165 0.939538359642029 1.05013346672058 0.588117182254791 0.522066652774811 0.458700150251389 0.401140838861465 0.837946474552155 0.731143832206726 1.04610776901245 1.01440644264221 1.17388093471527
3.84693741798401 4.05490112304688 4.17512559890747 4.40438032150269 4.67600297927856 4.97122430801392 5.52965927124023 5.60592412948608 6.54512786865234 6.88635444641113 8.78724956512451 6.52272033691406 3.66883230209351 0.839723408222198 0.638811528682709 0.699951708316803 0.768613040447235 1.13655626773834 1.25029480457306 2.23213982582092 2.17373895645142 2.07893753051758 1.64908063411713 3.10727882385254 1.85639810562134 1.67765057086945 1.59449076652527 1.43752574920654 1.25892472267151 1.20500493049622 1.0909149646759 0.891140758991241 0.813079595565796 0.755274891853333 0.69911801815033 0.639489769935608 0.5142542719841 0.477570056915283 0.402284353971481 0.389393299818039 0.516541659832001 0.723444879055023 1.00736749172211 1.08539378643036 0.985685408115387
3.52347588539124 3.72175240516663 3.82411551475525 3.89794301986694 4.06476831436157 4.32851600646973 4.36049556732178 4.61648082733154 4.77667665481567 5.11560583114624 5.84063339233398 6.22740316390991 6.9317421913147 5.67817831039429 2.74657702445984 0.753620445728302 0.826499938964844 1.21078705787659 1.26788091659546 2.02129697799683 2.44466757774353 2.24319267272949 1.75918781757355 2.57979273796082 2.33440494537354 1.57205843925476 1.42108011245728 1.32246363162994 1.18438136577606 1.06250154972076 0.988717019557953 0.814038336277008 0.72561502456665 0.666825652122498 0.570648610591888 0.510563671588898 0.577232658863068 0.436758190393448 0.419971197843552 0.356655865907669 0.597733974456787 0.9722620844841 1.00451731681824 1.19656109809875 1.06471407413483
3.28196477890015 3.37386631965637 3.45102286338806 3.48136973381042 3.60515975952148 3.69857954978943 3.74804925918579 3.77322292327881 4.03155660629272 4.44202423095703 4.55780744552612 4.3133602142334 4.76792860031128 4.16350221633911 3.39024519920349 2.47096967697144 1.05110919475555 1.58399951457977 1.34155201911926 1.73644077777863 2.66659283638 2.40421915054321 2.16173028945923 2.23998093605042 2.88991236686707 1.4197119474411 1.32461392879486 1.21620905399323 1.12598407268524 1.00640881061554 0.815864741802216 0.730963051319122 0.662736713886261 0.655995488166809 0.498569071292877 0.462515652179718 0.570626318454742 0.365880995988846 0.501278281211853 0.445801645517349 0.64534717798233 0.926587283611298 1.03306424617767 1.4361115694046 1.39463067054749
3.05101203918457 3.14107298851013 3.09295630455017 3.18237137794495 3.07418823242188 3.11596083641052 3.13641285896301 3.29541349411011 3.49900102615356 3.61430335044861 3.88617515563965 3.55144286155701 3.2101047039032 2.37326335906982 2.34530115127563 1.60536468029022 1.09802234172821 1.55077695846558 1.77671134471893 2.04423785209656 2.94675493240356 2.76267099380493 2.42042779922485 2.03980994224548 2.95939421653748 1.84287941455841 1.61718249320984 1.45647978782654 1.19240927696228 0.928442299365997 0.755135238170624 0.675342857837677 0.622029840946198 0.956022322177887 0.448564350605011 0.41679111123085 0.369462698698044 0.339235305786133 0.437159866094589 0.628646969795227 0.875094830989838 0.869325578212738 0.967953085899353 1.34634232521057 1.59218442440033
2.83072543144226 2.82557702064514 2.85165190696716 2.81179594993591 2.75362133979797 2.64855647087097 2.73973393440247 2.82147550582886 3.04892921447754 3.04127597808838 2.86158442497253 2.90128016471863 2.69928336143494 2.10415720939636 1.37041759490967 1.01307225227356 1.11962068080902 1.51932942867279 1.92140233516693 3.20914530754089 3.74405288696289 3.23278403282166 2.74610495567322 2.21853113174438 2.28172159194946 2.32241821289062 1.89123106002808 1.64177453517914 1.02123248577118 0.762833416461945 0.670665800571442 0.616970777511597 0.656401097774506 0.907670795917511 0.510338068008423 0.34562087059021 0.290931224822998 0.285649508237839 0.507215619087219 0.85158759355545 0.835645914077759 0.921512424945831 0.876857876777649 1.08283829689026 1.66649150848389
2.55408072471619 2.57495665550232 2.60631799697876 2.45528554916382 2.43962740898132 2.43686723709106 2.40591216087341 2.53574585914612 2.53286933898926 2.61823153495789 2.49246549606323 2.23786044120789 1.82112812995911 1.52486705780029 1.09306764602661 1.03671753406525 1.19908058643341 1.91161870956421 2.36624431610107 3.0143609046936 5.01947450637817 4.31504726409912 3.47976422309875 3.12861108779907 2.12538480758667 2.4023003578186 1.89939391613007 1.75655210018158 1.05376410484314 0.680835962295532 0.622535526752472 0.578266561031342 0.688359498977661 0.707346975803375 0.6552614569664 0.290566921234131 0.261656492948532 0.361627459526062 0.554508626461029 0.800869524478912 0.891554415225983 0.840717732906342 0.830936431884766 0.724040627479553 1.65115571022034
2.39761281013489 2.36179494857788 2.31684160232544 2.26026153564453 2.18280482292175 2.13836812973022 2.20006799697876 2.16230392456055 2.17175078392029 2.07746911048889 2.01599955558777 1.97011065483093 1.64627492427826 1.11991119384766 0.926845908164978 1.1021169424057 1.30812215805054 1.70097827911377 2.16872215270996 3.07944774627686 4.87822246551514 5.72438192367554 4.58448505401611 3.92981624603271 2.80271100997925 2.40864491462708 2.42004203796387 2.13893747329712 1.34498107433319 0.885141015052795 0.574144005775452 0.505861937999725 0.796863973140717 0.780890464782715 0.667363047599792 0.58915102481842 0.229030936956406 0.420773297548294 0.737352907657623 0.749774038791656 0.827121734619141 0.802351713180542 0.690228819847107 0.572934150695801 1.25083148479462
2.18609738349915 2.08267760276794 2.05255532264709 2.01025748252869 1.99741518497467 1.934250831604 1.97175598144531 1.96952557563782 1.76242542266846 1.66876876354218 1.65725684165955 1.42957317829132 1.27513265609741 1.0551255941391 1.02554702758789 1.17397844791412 1.36660671234131 1.71413290500641 2.15067481994629 2.93852615356445 3.90866017341614 5.98938894271851 5.62877178192139 4.54540157318115 3.81540417671204 3.19927549362183 2.87536382675171 2.40685153007507 1.654900431633 0.931185245513916 0.710678935050964 1.08724141120911 1.41112864017487 1.44152700901031 0.807603061199188 0.548595488071442 0.298592537641525 0.449642837047577 0.67425948381424 0.766191422939301 0.726480185985565 0.729773223400116 0.632804274559021 0.504722595214844 0.645199358463287
1.93355369567871 1.84455764293671 1.77760934829712 1.80383956432343 1.75844609737396 1.80397427082062 1.74090838432312 1.69150841236115 1.60888469219208 1.41113471984863 1.21728563308716 1.09669053554535 0.916495084762573 0.973966598510742 1.1000200510025 1.24912452697754 1.40950155258179 1.72883987426758 2.05349087715149 2.66329789161682 3.68194174766541 4.51107501983643 5.74175786972046 4.96674060821533 3.70544385910034 3.45483803749084 3.62265491485596 2.58955788612366 1.88263392448425 0.829728126525879 0.54365998506546 0.697949826717377 0.852635145187378 1.18405759334564 0.979236781597137 0.735209763050079 0.328287720680237 0.60858952999115 0.612429201602936 0.691121339797974 0.662228047847748 0.577537477016449 0.471000254154205 0.600626111030579 0.72401362657547
1.66420042514801 1.62353622913361 1.58921587467194 1.52232944965363 1.59487974643707 1.62565267086029 1.63018751144409 1.44637227058411 1.30145680904388 1.27348983287811 1.1129275560379 0.892699241638184 0.88166868686676 0.966061949729919 1.07546031475067 1.31404805183411 1.46751403808594 1.75701940059662 2.0414605140686 2.62064075469971 3.11454510688782 4.05678129196167 5.8874077796936 5.33383560180664 4.02677154541016 3.33049559593201 3.82898259162903 3.1051504611969 1.99292361736298 0.562194526195526 0.449263006448746 0.389301419258118 0.328744798898697 0.574798762798309 0.473809093236923 0.737498641014099 0.358146816492081 0.528805673122406 0.608474850654602 0.585781633853912 0.596459567546844 0.517182946205139 0.297778010368347 0.396132707595825 0.923193514347076
1.54183351993561 1.41534161567688 1.40094494819641 1.37001800537109 1.34907793998718 1.40795600414276 1.3906854391098 1.34074819087982 1.17753338813782 0.984262108802795 0.853741109371185 0.810840427875519 0.900739252567291 0.98524808883667 1.13116776943207 1.36751806735992 1.51149678230286 1.77377843856812 2.06950092315674 2.397296667099 3.05928611755371 3.71682620048523 5.63082885742188 5.82864999771118 4.68127393722534 4.04519701004028 3.8181254863739 3.97302889823914 2.51287961006165 0.93230539560318 0.72190135717392 0.556554019451141 0.442920506000519 1.34062707424164 0.753337264060974 0.336028069257736 0.50379341840744 0.470812946557999 0.525039196014404 0.513047814369202 0.445106029510498 0.361918836832047 0.267429858446121 0.386932045221329 0.872149467468262
