slauniainen/Data/DEM/Vihti_dem1500b_cl_horizonAngle_324.asc
NCOLS 196 
NROWS 178 
XLLCORNER 353680 
YLLCORNER 6699024 
CELLSIZE 16 
NODATA_value -3.4e+38 
[rows 80 to 99 of 178, columns 0 to 44 of 196]
0.258809268474579 0.234768822789192 -0.150794520974159 -0.317890137434006 -0.132090881466866 0.107361316680908 0.621622145175934 0.425741940736771 0.61531001329422 0.643665075302124 0.796206176280975 0.902014553546906 1.18635451793671 1.6199471950531 2.05414843559265 2.17296528816223 3.42448210716248 3.08164143562317 2.4700620174408 2.55560922622681 2.3605010509491 2.39467525482178 2.40897297859192 3.38009977340698 2.71521329879761 2.52530717849731 2.57825350761414 2.47741866111755 2.09609770774841 1.73256659507751 1.52912962436676 1.36515724658966 1.21557092666626 1.14748191833496 1.19541621208191 1.38482594490051 1.5576388835907 1.80514705181122 2.0621190071106 2.52999424934387 2.57429194450378 2.17423319816589 1.94380581378937 1.18340075016022 1.06303298473358
0.157541334629059 0.220096975564957 0.157727792859077 0.296684175729752 -0.326135605573654 0.0430019944906235 0.0362575463950634 0.409663617610931 0.251750409603119 0.241711497306824 0.459422051906586 0.605399608612061 0.91156941652298 1.27739918231964 1.70496237277985 1.79157102108002 3.31102991104126 2.67225050926208 2.29094839096069 2.10062527656555 2.34152364730835 2.17817354202271 2.30660581588745 2.4641273021698 2.7077853679657 2.37595629692078 2.27855777740479 2.31627464294434 2.21331167221069 1.84781134128571 1.51406097412109 1.27318429946899 1.09625446796417 1.03594660758972 0.995747685432434 1.08273875713348 1.25613045692444 1.60082018375397 1.83506536483765 2.14212656021118 2.46892666816711 2.42062735557556 2.34987258911133 1.33631634712219 1.10658991336823
0.0716698169708252 0.34844696521759 0.130111321806908 -0.0472245328128338 -0.313288927078247 -0.112811356782913 -0.0890042707324028 0.336624354124069 0.233477786183357 0.114847809076309 0.300019294023514 0.434357494115829 0.664814412593842 1.03899776935577 1.26973688602448 2.58715748786926 3.60555863380432 2.49356603622437 2.30323219299316 2.12070441246033 1.94503331184387 2.2370171546936 2.26710295677185 2.2433066368103 2.77158498764038 2.3221492767334 2.1250479221344 2.15047454833984 2.09517073631287 1.9790370464325 1.64288759231567 1.27182006835938 1.14402782917023 0.967519521713257 0.905527710914612 0.899992763996124 1.01098489761353 1.35128283500671 1.58288085460663 1.82327330112457 2.27337121963501 2.39302158355713 2.04600429534912 1.51677322387695 1.23406910896301
0.0630965754389763 0.178996756672859 0.126400545239449 0.124535165727139 0.381132870912552 0.873166263103485 -0.0798634216189384 0.164328411221504 0.0768778324127197 0.080874852836132 0.353871613740921 0.34061536192894 0.555611968040466 0.702206671237946 1.10155129432678 1.68017625808716 2.1611340045929 2.09106302261353 2.38979268074036 2.16827797889709 2.03153920173645 2.19596457481384 2.11939525604248 2.21619510650635 2.61800360679626 2.24611902236938 2.06318831443787 1.91472625732422 1.99321675300598 1.93800055980682 1.74593675136566 1.32976090908051 1.11543083190918 0.981098473072052 0.836321294307709 0.826869249343872 0.852328360080719 1.14750468730927 1.30055844783783 1.51069140434265 1.75534355640411 2.19844698905945 2.24889826774597 3.34353971481323 1.83023869991302
0.0103849871084094 0.478232771158218 0.935009300708771 0.115165434777737 0.227283224463463 0.367353886365891 -0.344656199216843 -0.054975837469101 0.241511195898056 0.280331313610077 0.550082862377167 0.803258299827576 1.16426420211792 1.36484611034393 0.95579719543457 1.55470538139343 1.82313656806946 2.50374960899353 2.0477831363678 2.27077889442444 1.98125791549683 1.86031198501587 2.1255156993866 2.05292940139771 2.18973660469055 2.16669344902039 1.96781826019287 1.85769641399384 1.80574524402618 1.83394122123718 1.74249374866486 1.42584896087646 1.1393940448761 0.947404026985168 0.849764585494995 0.809005379676819 0.819579720497131 0.923047006130219 1.0884724855423 1.39571046829224 1.58451271057129 1.87153935432434 2.14930725097656 2.45391392707825 1.63413202762604
0.0637130737304688 0.411819130182266 0.513225972652435 0.779316306114197 0.215151265263557 0.245036795735359 -0.246635749936104 0.518441617488861 -0.100430950522423 -0.0827074199914932 0.0725631788372993 0.328104317188263 1.8441241979599 1.93556308746338 1.39826798439026 2.26139163970947 2.26207637786865 2.55689787864685 2.23568606376648 2.23622441291809 2.07527589797974 1.92915642261505 1.79522597789764 2.04787278175354 1.98472833633423 2.13341212272644 1.93672394752502 1.8055202960968 1.65867626667023 1.63078570365906 1.63242268562317 1.53796660900116 1.23802983760834 0.9595627784729 0.841980457305908 0.745604395866394 0.755509912967682 0.789240717887878 0.874685227870941 1.19390118122101 1.38839292526245 1.59658098220825 1.96761131286621 2.09347438812256 1.8056046962738
0.229397177696228 0.657057881355286 1.42668998241425 2.05127048492432 0.790712177753448 1.1010684967041 -0.0861143320798874 0.491725921630859 -0.132458373904228 -0.116846017539501 0.428132891654968 1.08552265167236 2.73462700843811 2.42247200012207 2.11759424209595 2.14505934715271 1.52810442447662 1.37620151042938 1.97454380989075 2.10126852989197 2.17714929580688 2.00747776031494 1.86128056049347 1.73943114280701 1.96306931972504 2.06304121017456 1.84256958961487 1.72744488716125 1.62266683578491 1.49903702735901 1.57114386558533 1.44470500946045 1.35751974582672 1.0496963262558 0.816751480102539 0.756638050079346 0.694511413574219 0.716268658638 0.743747651576996 1.00721561908722 1.15044486522675 1.33779072761536 1.55363762378693 1.92801487445831 1.97277390956879
0.44937065243721 0.816178858280182 1.54466700553894 1.56044852733612 0.451660126447678 1.48747551441193 0.109179183840752 0.406621426343918 0.171620354056358 -0.163660645484924 0.744857847690582 2.07253217697144 2.69064998626709 1.59316504001617 1.23531353473663 1.26627886295319 1.66767394542694 2.02984428405762 3.05625152587891 1.87739944458008 1.90958428382874 2.09663820266724 1.93818032741547 1.79962515830994 1.8902336359024 1.85639500617981 1.85372400283813 1.63792586326599 1.56663239002228 1.46560621261597 1.36736583709717 1.4247624874115 1.34787797927856 1.16164839267731 0.838712632656097 0.716609179973602 0.687449336051941 0.686160206794739 0.710701763629913 0.794141829013824 0.963532567024231 1.11030471324921 1.31603741645813 1.50833487510681 1.82865810394287
0.733848035335541 2.07289886474609 2.72834324836731 2.5198016166687 1.33599317073822 2.0773458480835 0.382631003856659 0.228705421090126 0.215849205851555 0.418532013893127 1.68126738071442 2.24372315406799 1.88935911655426 1.79777276515961 1.0300235748291 1.07569229602814 2.38552236557007 3.34724569320679 2.31289029121399 1.7098331451416 1.71356809139252 1.80007183551788 1.98927080631256 1.75174045562744 1.62145042419434 1.82851314544678 1.73058772087097 1.65576159954071 1.49734652042389 1.43062937259674 1.33081042766571 1.27460050582886 1.29198729991913 1.21201503276825 0.937259078025818 0.714374721050262 0.665159940719604 0.620190501213074 0.637441158294678 0.663222253322601 0.753387987613678 0.924896001815796 1.20251417160034 1.36851394176483 1.61767494678497
1.70358037948608 1.96288800239563 2.51625561714172 1.8518146276474 1.23399424552917 1.22122001647949 0.637228786945343 0.199362605810165 0.169866189360619 0.189455091953278 1.03141129016876 1.65915441513062 2.3047993183136 2.31736493110657 1.78655338287354 3.9793062210083 4.38647031784058 3.346186876297 2.18364429473877 2.01652860641479 1.56438541412354 1.77201175689697 1.95965039730072 1.77997887134552 1.67840373516083 1.57359039783478 1.74201154708862 1.51479995250702 1.50716733932495 1.42273473739624 1.31994819641113 1.22269225120544 1.27531552314758 1.15826797485352 1.06471371650696 0.796649754047394 0.642184853553772 0.621036946773529 0.57489275932312 0.602842211723328 0.629071056842804 0.722339749336243 1.01542115211487 1.19269597530365 1.36232948303223
1.81627035140991 2.15042781829834 2.58467054367065 2.10020399093628 1.51550042629242 1.25771522521973 0.959113597869873 0.470609426498413 0.51803594827652 0.0463824383914471 1.36082315444946 2.22055649757385 3.19093632698059 3.02219223976135 3.26474046707153 4.39162874221802 4.25189924240112 2.62087726593018 1.92537415027618 1.94847798347473 1.87588834762573 3.11585998535156 1.74719786643982 1.88301360607147 1.69210803508759 1.61747741699219 1.48571336269379 1.53486907482147 1.47440493106842 1.3328013420105 1.28118419647217 1.18446469306946 1.1165224313736 1.16760087013245 1.0697934627533 0.880473375320435 0.649622082710266 0.600905537605286 0.575022578239441 0.539490759372711 0.568199157714844 0.603903651237488 0.852049291133881 0.987902462482452 1.1519011259079
1.5295524597168 1.63689363002777 1.88063728809357 1.76936888694763 1.6368819475174 1.25858879089355 0.996774077415466 0.672972202301025 0.458992660045624 0.0904751345515251 0.818583548069 2.08555507659912 2.90158009529114 2.34977626800537 2.38792681694031 2.92618346214294 3.02939367294312 2.55617642402649 2.06097817420959 2.43492937088013 1.91533529758453 2.29997277259827 1.64400434494019 1.65709102153778 1.78497624397278 1.69194805622101 1.45949351787567 1.49289357662201 1.33755958080292 1.34315657615662 1.19656074047089 1.15044856071472 1.06474900245667 1.0280659198761 1.06175816059113 0.962104201316833 0.751075148582458 0.607771754264832 0.555242776870728 0.529109120368958 0.548394083976746 0.569505929946899 0.662869155406952 0.81868577003479 0.940436959266663
0.954533338546753 0.749724864959717 1.0134779214859 1.39638781547546 1.34819614887238 1.2874436378479 1.02404534816742 0.799750566482544 0.707037925720215 0.460006803274155 0.433677047491074 2.33124184608459 3.00683784484863 2.32334017753601 2.22552537918091 2.16334080696106 2.25477170944214 2.04490399360657 1.95305705070496 1.875075340271 1.89847242832184 1.72586107254028 1.69363462924957 1.57954478263855 1.64770197868347 1.72384345531464 1.43419015407562 1.21923089027405 1.3505163192749 1.20837545394897 1.20246469974518 1.12667632102966 1.04110896587372 0.945756673812866 0.928122401237488 0.974879443645477 0.88777357339859 0.704321384429932 0.556481420993805 0.516174614429474 0.492111384868622 0.515394568443298 0.545571446418762 0.615749299526215 0.764224112033844
0.533045411109924 0.595614671707153 0.738524436950684 0.979520082473755 1.19523191452026 1.19293320178986 1.3047810792923 1.56515872478485 0.767360031604767 0.569576025009155 0.880289673805237 2.4599494934082 3.25947403907776 2.51292777061462 2.18621897697449 2.1121084690094 1.93078708648682 1.73452508449554 1.66399002075195 1.77762126922607 1.70815908908844 1.60224795341492 1.43626701831818 1.53082191944122 1.51049709320068 1.61932730674744 1.48581302165985 1.3370269536972 1.1372241973877 1.20564234256744 1.17046213150024 1.03113412857056 1.00361347198486 0.93108868598938 0.908038020133972 0.9664705991745 0.864276707172394 0.811445653438568 0.625278890132904 0.502739012241364 0.482942938804626 0.470410257577896 0.494018733501434 0.507846176624298 0.574622392654419
0.463623255491257 0.47177529335022 0.583602130413055 1.22468614578247 0.786481499671936 1.03034782409668 1.14252889156342 1.03687345981598 0.912456274032593 0.769649028778076 1.18145072460175 2.04305124282837 3.19094610214233 2.57989883422852 2.08442211151123 2.06983399391174 1.81425797939301 1.74181032180786 1.76690006256104 2.46316027641296 2.58129644393921 1.61911284923553 1.43442821502686 1.31393980979919 1.31993329524994 1.38207960128784 1.50372362136841 1.39175069332123 1.23072588443756 1.20613729953766 1.01156771183014 1.03223037719727 0.906591653823853 0.889654040336609 0.822577118873596 0.815726935863495 0.877705991268158 0.814132988452911 0.68520975112915 0.503463804721832 0.459491729736328 0.458780527114868 0.441302984952927 0.461566239595413 0.476238995790482
0.51158744096756 0.402466863393784 0.457901567220688 1.59498345851898 1.30377697944641 0.723359167575836 0.95741730928421 1.07477903366089 1.72692537307739 2.02254128456116 1.68776249885559 2.24617266654968 2.72167420387268 2.47120118141174 2.05441904067993 1.92069470882416 1.83371663093567 1.66813015937805 1.56300675868988 3.22325158119202 1.84020578861237 1.28783249855042 1.44449937343597 1.21197104454041 1.20093965530396 1.27606558799744 1.30598866939545 1.40509939193726 1.19847095012665 1.0157185792923 1.06632959842682 0.895641982555389 0.900314211845398 0.78684937953949 0.776661276817322 0.719961047172546 0.732126235961914 0.793390333652496 0.729225873947144 0.579486072063446 0.458873778581619 0.430003881454468 0.431850045919418 0.426490426063538 0.447436600923538
1.12738132476807 0.373482197523117 0.660829424858093 1.80284333229065 2.18445491790771 2.32467484474182 1.81422996520996 2.45550489425659 2.69284749031067 2.14682769775391 2.20732498168945 2.9130163192749 2.15573072433472 2.38870429992676 2.10594272613525 1.87022697925568 1.67841875553131 1.63069319725037 1.55235254764557 3.02786564826965 1.54444110393524 1.34791314601898 1.29723012447357 1.2140064239502 1.12175238132477 1.2016624212265 1.23858320713043 1.36257362365723 1.24255430698395 1.06745648384094 0.881056666374207 0.94022011756897 0.792631864547729 0.786371171474457 0.74381011724472 0.685215353965759 0.630462825298309 0.652485311031342 0.715563416481018 0.661670446395874 0.531301259994507 0.429967790842056 0.407293558120728 0.367542594671249 0.392126202583313
0.969201564788818 0.313743978738785 0.866278648376465 1.32358348369598 1.95835530757904 3.00883173942566 1.7336517572403 1.53727340698242 1.83991289138794 2.09263563156128 1.64568376541138 1.90796875953674 2.00332593917847 1.98520016670227 1.99611151218414 1.80303454399109 1.59899926185608 1.5653715133667 2.48904705047607 2.62404751777649 1.43454170227051 1.25385367870331 1.22032356262207 1.18760049343109 1.06257283687592 1.03728067874908 1.11146318912506 1.16037344932556 1.24853205680847 1.12018144130707 0.936611533164978 0.781074404716492 0.834412336349487 0.774562835693359 0.652300894260406 0.643851041793823 0.59137886762619 0.6164311170578 0.688182592391968 0.623688519001007 0.601757943630219 0.445786148309708 0.360558778047562 0.344423115253448 0.342431336641312
0.779325723648071 0.475827366113663 0.310847252607346 0.402020186185837 1.12094676494598 1.50451958179474 1.40757763385773 1.90619623661041 2.89789009094238 1.73816871643066 1.64188301563263 1.95377242565155 1.90276193618774 1.84133946895599 1.91023790836334 1.98953723907471 1.58960270881653 1.50979936122894 1.47314739227295 1.521608710289 1.24866688251495 1.18136346340179 1.12119126319885 1.09801781177521 1.03719294071198 0.965293705463409 1.01129043102264 1.05298972129822 1.0612256526947 1.1295964717865 1.0007609128952 0.831919848918915 0.808699607849121 0.654201030731201 0.664281904697418 0.543791830539703 0.531821191310883 0.496480941772461 0.531613290309906 0.591204583644867 0.539603710174561 0.450605154037476 0.325668573379517 0.309977501630783 0.303181141614914
0.561375617980957 0.456042736768723 0.201560094952583 0.225539326667786 0.275147080421448 0.361611664295197 0.606270492076874 1.26883900165558 1.86129081249237 1.7664920091629 2.06092715263367 2.23990368843079 2.1978907585144 1.76369428634644 1.77084732055664 1.78750085830688 1.62395751476288 1.47196638584137 1.37054753303528 1.44337713718414 1.2064653635025 1.14388203620911 1.05148279666901 1.00004780292511 0.975628435611725 0.900331795215607 0.915057897567749 0.977200508117676 0.952042818069458 0.97637003660202 1.00666105747223 0.80643755197525 0.655793786048889 0.695299029350281 0.547011971473694 0.546910762786865 0.427713066339493 0.423292726278305 0.356695234775543 0.39307427406311 0.488389819860458 0.456694781780243 0.361669510602951 0.276367574930191 0.252449512481689
