slauniainen/Data/DEM/Vihti_dem1500b_cl_horizonAngle_144.asc
NCOLS 196 
NROWS 178 
XLLCORNER 353680 
YLLCORNER 6699024 
CELLSIZE 16 
NODATA_value -3.4e+38 
[rows 120 to 139 of 178, columns 45 to 89 of 196]
3.66876912117004 3.66853451728821 3.73179984092712 3.81065511703491 3.87435913085938 3.91892004013062 3.98465871810913 3.82470440864563 3.64528107643127 3.67260265350342 3.70274043083191 3.76265239715576 3.43178415298462 3.28881454467773 3.11332654953003 4.41770696640015 6.26310110092163 6.62553071975708 5.22530269622803 4.17156028747559 4.10018873214722 1.46703970432281 1.31068277359009 1.279869556427 1.35971665382385 1.79453778266907 1.92026007175446 1.88458943367004 2.17958641052246 2.3644003868103 2.46268248558044 2.60679221153259 2.760094165802 4.38749408721924 6.42355680465698 9.61904048919678 13.5077342987061 16.2525119781494 7.65493297576904 6.11214590072632 7.92276334762573 9.95478439331055 9.78293132781982 6.79905366897583 3.83870697021484
3.74839520454407 3.74579858779907 3.77183151245117 3.86382079124451 3.92795515060425 3.96832513809204 4.02626276016235 4.01231956481934 3.74091219902039 3.7416660785675 3.75652050971985 3.79083251953125 3.84760236740112 3.51120495796204 3.36156392097473 4.97044134140015 5.26742935180664 6.57853031158447 3.24196004867554 1.7665114402771 1.41701984405518 1.57153022289276 1.42546141147614 1.41082692146301 1.36701142787933 1.5685316324234 1.83444976806641 1.95212340354919 2.04406905174255 2.4879469871521 2.67698431015015 2.74810242652893 2.86822438240051 3.81729984283447 6.75183486938477 9.67149543762207 13.078444480896 13.1855239868164 6.15962886810303 5.00343751907349 5.47672653198242 6.6285834312439 6.45962953567505 3.63988637924194 2.57443237304688
3.88449263572693 3.83699345588684 3.79671859741211 3.86042761802673 3.95020890235901 4.014723777771 4.05865144729614 4.11322450637817 4.09487628936768 3.91442918777466 3.81415128707886 3.84708595275879 3.88630199432373 3.93972444534302 3.5386860370636 3.99590706825256 3.20873117446899 2.5309751033783 2.12840485572815 1.9501405954361 1.64280366897583 1.66811275482178 1.76672399044037 1.68160367012024 1.61505603790283 1.4093154668808 1.60969269275665 1.93797719478607 2.12341117858887 2.42795562744141 2.71394181251526 2.83166432380676 2.94048142433167 4.25496101379395 7.2873911857605 9.19576358795166 12.7789373397827 11.8626403808594 6.43238878250122 4.72355842590332 4.27904367446899 3.96813058853149 3.02933955192566 3.00077247619629 2.58759522438049
3.99076390266418 3.91574716567993 3.88111329078674 3.85982203483582 3.93425345420837 4.02555704116821 4.21228265762329 4.16965770721436 4.19164037704468 4.044677734375 3.99307012557983 3.88949227333069 3.94183158874512 4.00293397903442 3.6525936126709 3.45788383483887 3.20213198661804 2.78727507591248 2.43907117843628 2.19646596908569 2.17589831352234 1.81685984134674 2.07283592224121 2.14737725257874 1.94166684150696 1.49963116645813 1.48269724845886 1.78277373313904 2.12081050872803 2.26703453063965 2.60660600662231 2.83174729347229 2.99840331077576 3.25324034690857 6.595374584198 11.5190124511719 12.6308794021606 11.2233591079712 6.73410987854004 4.32364320755005 4.28708696365356 3.77102422714233 2.9674973487854 3.34352588653564 3.09696555137634
4.06732130050659 4.02174282073975 3.96032190322876 3.9511513710022 3.95990347862244 4.19758319854736 4.29164600372314 4.27975416183472 4.23203992843628 4.22339868545532 4.11992883682251 4.07319116592407 3.99733543395996 4.04126214981079 4.09057331085205 3.71902680397034 3.48116183280945 3.24433135986328 2.67765307426453 2.42438745498657 2.34805870056152 2.33372759819031 2.14896512031555 2.50842499732971 2.29229664802551 2.2418851852417 2.08837604522705 1.95402371883392 2.17990708351135 2.33907771110535 2.32535743713379 2.82537126541138 3.07575345039368 3.27553677558899 5.60790681838989 13.1995792388916 9.07278919219971 5.75764131546021 2.97258973121643 2.936030626297 3.4700825214386 3.02865505218506 2.95388412475586 3.07726955413818 3.08543133735657
4.15625190734863 4.12631177902222 4.0943284034729 4.11184215545654 4.19933366775513 4.27977848052979 4.42665147781372 4.35011386871338 4.32530117034912 4.28791904449463 4.33263683319092 4.21159553527832 4.14993953704834 4.10486936569214 4.14521455764771 4.18149995803833 3.76424765586853 3.51973509788513 3.30018877983093 2.75141072273254 2.53988909721375 2.46965932846069 2.21219635009766 2.74457359313965 2.89375710487366 2.75103688240051 2.84860754013062 2.77523803710938 2.18967938423157 2.28383946418762 2.45184254646301 2.7094349861145 3.06746649742126 3.31118392944336 5.1545524597168 10.4860677719116 3.7849280834198 2.9218385219574 3.07956600189209 3.01165556907654 3.02471518516541 3.00339412689209 2.98717975616455 3.00625085830688 3.1422221660614
4.26189756393433 4.2192645072937 4.20093441009521 4.64223909378052 4.31311750411987 4.35772562026978 4.58759164810181 4.46739149093628 4.38991355895996 4.36726093292236 4.39214372634888 4.45069789886475 4.26990509033203 4.18127775192261 4.20258522033691 4.24575138092041 4.26743936538696 3.75136709213257 3.47342681884766 3.12996029853821 2.8488404750824 2.68118572235107 2.55913710594177 2.61891007423401 3.14724326133728 3.39965891838074 3.41497445106506 3.50631022453308 2.97054958343506 2.77869272232056 2.80183243751526 2.58382487297058 2.93625450134277 3.2289719581604 3.64104008674622 5.93929147720337 2.99858570098877 2.90481615066528 2.97149705886841 3.17490410804749 3.18220043182373 3.17170357704163 3.09634971618652 3.15899133682251 3.4527575969696
4.39895963668823 4.35123729705811 4.27912712097168 4.67225503921509 4.28243446350098 4.55392980575562 4.78416299819946 4.52184152603149 4.63857555389404 4.4313063621521 4.42258739471436 4.50648593902588 4.71189641952515 4.3087797164917 4.21920967102051 4.32702255249023 4.38469982147217 3.97380328178406 3.70939755439758 3.52415585517883 3.10572385787964 2.86864519119263 2.72305393218994 2.7064905166626 3.09175944328308 3.68383240699768 4.07612180709839 3.92685961723328 3.96270322799683 3.85302138328552 3.68939304351807 2.97679734230042 2.66924238204956 3.03554916381836 3.36534762382507 3.41147136688232 3.25336980819702 3.1023120880127 3.11154270172119 3.58222055435181 3.52733850479126 3.3999195098877 3.39548397064209 3.63634848594666 4.187331199646
4.47820854187012 4.49480056762695 4.42838621139526 4.73487281799316 6.16091775894165 4.76458549499512 4.77508115768433 4.27706813812256 4.39881181716919 4.46282291412354 4.47443914413452 4.48178434371948 4.75459909439087 4.35085153579712 4.33165168762207 4.39178037643433 4.47072219848633 4.51929235458374 4.07115697860718 3.81734395027161 3.63232326507568 3.088454246521 2.8921070098877 2.83686208724976 2.99869823455811 3.97510933876038 4.33540105819702 4.12248277664185 4.70697069168091 4.59901809692383 4.49190330505371 3.31541514396667 2.60509157180786 2.69834995269775 3.23932504653931 3.45010447502136 3.45674705505371 3.45912718772888 3.45002627372742 3.59049487113953 3.77485156059265 3.64567947387695 3.75206637382507 3.96815276145935 4.77275800704956
4.5643196105957 4.5692081451416 4.59026098251343 4.82125568389893 5.97676753997803 5.15600872039795 4.80291700363159 4.14743137359619 4.27774047851562 4.70814180374146 4.99493026733398 5.06158018112183 4.5334005355835 4.53422260284424 4.42538499832153 4.39572334289551 4.53769159317017 4.6066951751709 4.63801288604736 4.03277206420898 3.94487810134888 3.72797560691833 3.20784902572632 2.99756622314453 3.17662048339844 3.75688076019287 4.14504384994507 4.57808685302734 4.7013144493103 5.41783857345581 5.44576740264893 2.94536447525024 2.3894898891449 2.70532202720642 3.04301500320435 3.46416354179382 3.70144057273865 3.72728204727173 3.69927382469177 3.72564220428467 3.88485908508301 4.11286926269531 4.27011251449585 4.65835618972778 5.47819185256958
4.67517375946045 4.66328907012939 4.6871771812439 4.94432592391968 4.56658506393433 4.59596157073975 4.17550992965698 4.06266641616821 4.2288670539856 4.4070897102356 5.72849035263062 5.71488809585571 4.51038599014282 4.56918621063232 4.7687931060791 4.49108743667603 4.53968000411987 4.72646951675415 4.79136800765991 4.3564248085022 4.16449928283691 3.85978889465332 3.51799750328064 3.27239847183228 3.07406616210938 3.50296020507812 3.8881299495697 5.06337261199951 5.3917179107666 4.99964714050293 5.04650259017944 1.86499512195587 1.9169499874115 2.57808351516724 2.99436497688293 3.38631820678711 3.78817319869995 4.04176235198975 4.01067209243774 4.09694242477417 4.31706714630127 4.84873056411743 5.0373363494873 5.49099254608154 6.21887063980103
4.76517629623413 4.75837659835815 4.76738023757935 4.75938940048218 4.57446336746216 4.52841091156006 7.17991352081299 4.07345819473267 4.09552240371704 4.313645362854 4.85238742828369 6.91006469726562 5.45194244384766 4.60141658782959 4.80113172531128 4.65565872192383 4.59315729141235 4.73168087005615 4.89315700531006 4.98429250717163 4.52451467514038 4.1336932182312 3.90762710571289 3.47596096992493 3.20182156562805 3.30384969711304 5.31254768371582 4.36599636077881 5.9713306427002 5.40399169921875 3.45776581764221 1.38387084007263 1.62910199165344 2.61822414398193 3.0783417224884 3.32184743881226 3.74588489532471 4.31715822219849 4.5490837097168 4.66497468948364 4.93031406402588 5.27694654464722 5.9825291633606 6.3359808921814 6.8675217628479
4.89366054534912 4.88183784484863 4.84949111938477 4.81795740127563 5.38195085525513 8.26269435882568 6.35946226119995 4.12702751159668 4.06228017807007 4.21131801605225 5.26878976821899 6.58772897720337 4.54630708694458 4.59567070007324 4.75175285339355 4.87724924087524 4.70213317871094 4.72271633148193 4.91580820083618 5.10065126419067 5.16221714019775 4.71254587173462 4.25900650024414 4.0302209854126 3.47522330284119 4.32473802566528 5.42822980880737 2.99360251426697 5.99162435531616 5.04379177093506 2.49239253997803 1.23350214958191 1.5691784620285 2.23529982566833 3.04658961296082 3.59470391273499 3.8640923500061 4.46991109848022 4.85796689987183 5.2010817527771 5.37656259536743 5.77098751068115 6.24081468582153 7.036057472229 7.52976417541504
5.08131122589111 5.00979614257812 4.98516893386841 4.94384956359863 4.87400007247925 6.29664707183838 5.14116668701172 4.24591255187988 4.24601030349731 4.16909980773926 4.3848762512207 4.4473090171814 4.39075565338135 4.52367258071899 4.68762683868408 4.9769115447998 5.17035150527954 4.88789081573486 4.96486568450928 5.169997215271 5.27738904953003 5.38612127304077 4.51406574249268 4.17345428466797 3.83127617835999 3.51259899139404 3.43670558929443 2.8244252204895 5.64853572845459 3.80125784873962 0.99496990442276 1.04952168464661 1.5632176399231 1.98668587207794 2.70285606384277 3.65704894065857 4.18519496917725 4.38074207305908 4.88952493667603 5.50867986679077 5.83222341537476 6.07607316970825 6.53451442718506 7.00726747512817 8.50712585449219
5.22406387329102 5.16065502166748 5.11384391784668 5.07071590423584 5.01840114593506 5.30277967453003 4.90017175674438 4.37502336502075 4.40221738815308 4.30737924575806 4.19428443908691 4.37120580673218 4.41709756851196 4.54770517349243 4.74092578887939 5.01819896697998 5.32226037979126 5.13182497024536 5.2168436050415 5.2077751159668 5.39590167999268 5.537184715271 5.11555480957031 4.54632663726807 4.30862379074097 3.75658917427063 3.3364589214325 3.31337881088257 4.87709093093872 1.94754576683044 0.983958840370178 1.06809878349304 1.56052303314209 2.11827349662781 2.71369552612305 3.68172860145569 4.24358320236206 4.71330690383911 4.86066722869873 5.5741286277771 6.21309232711792 6.69445180892944 7.22930860519409 8.818039894104 10.2405204772949
5.44293594360352 5.3287558555603 5.23812437057495 5.19842624664307 5.15620088577271 5.0836501121521 5.46323585510254 4.58448266983032 4.51276588439941 4.54369115829468 4.34555053710938 4.30434560775757 4.4150218963623 4.60210514068604 4.85147047042847 5.09186267852783 5.43904876708984 5.58548974990845 5.3772988319397 5.36104154586792 5.44008684158325 5.72748851776123 5.91536092758179 5.46157693862915 4.77803993225098 4.50541639328003 4.36328840255737 4.9889817237854 2.95434713363647 2.75852227210999 2.03486514091492 1.31088137626648 1.52073776721954 2.34849858283997 3.57481575012207 4.5655722618103 4.72939872741699 5.12054872512817 5.56381750106812 5.99534368515015 7.07755279541016 8.43795680999756 9.44991493225098 10.4485845565796 11.4302930831909
5.71317052841187 5.60289812088013 5.47102022171021 5.38106870651245 5.32307147979736 5.26199722290039 6.91440773010254 4.85855960845947 4.61516571044922 4.71862649917603 4.6282811164856 4.47058439254761 4.39603471755981 4.56570243835449 4.92145109176636 5.23425817489624 5.55603075027466 5.83523416519165 5.97773361206055 5.64738416671753 5.61222505569458 5.84793138504028 6.18134546279907 6.32891607284546 5.82305765151978 5.00897550582886 4.66816425323486 4.05818128585815 3.11978769302368 2.9694504737854 2.72960925102234 2.06426858901978 1.68139040470123 3.12970662117004 5.68605756759644 7.61146306991577 7.99847364425659 9.56605625152588 8.27145004272461 8.72540473937988 8.59864139556885 9.60807609558105 12.4991292953491 11.1952486038208 10.8548421859741
5.8468861579895 5.74397087097168 5.6524977684021 5.55826187133789 5.44908809661865 5.40616846084595 6.73313808441162 5.02179718017578 4.83647108078003 4.9308557510376 4.91712808609009 4.92968034744263 4.78768539428711 4.68396711349487 5.04709005355835 5.47195625305176 5.72737550735474 6.04100561141968 6.2157621383667 6.30520391464233 6.04878902435303 6.03588438034058 6.27567625045776 6.6391544342041 6.77184629440308 5.50557708740234 4.8865327835083 4.17664051055908 3.58696484565735 3.41246342658997 3.61092257499695 3.30960536003113 2.57434105873108 4.07620716094971 5.56432247161865 9.84457015991211 17.0183334350586 15.0906963348389 9.72954559326172 9.12553787231445 10.2325649261475 12.4668664932251 14.9278450012207 14.700496673584 11.0556764602661
6.1263222694397 6.05224895477295 5.9551157951355 5.79791450500488 5.65841484069824 5.56373882293701 5.39689779281616 5.19938945770264 5.09976625442505 5.22003889083862 5.28173208236694 5.29364728927612 5.17746305465698 5.30124855041504 5.34643220901489 5.691002368927 6.18712472915649 6.35464811325073 6.48926687240601 6.56462860107422 6.47709369659424 6.53654050827026 6.53774452209473 6.91747426986694 7.08643531799316 6.5630841255188 5.46614360809326 4.9415340423584 4.0083441734314 3.89120173454285 4.18055725097656 4.6756272315979 4.21889495849609 4.21204805374146 7.01509094238281 17.5356769561768 20.7911758422852 12.2133951187134 10.2242822647095 10.3271331787109 10.0667514801025 8.56592178344727 9.79369258880615 11.4218130111694 9.9518461227417
6.47507619857788 6.38282442092896 6.30289745330811 6.20024871826172 5.99294567108154 5.83843898773193 5.58056688308716 5.43549060821533 5.33309745788574 5.51240921020508 5.64741182327271 5.66189432144165 5.76207828521729 5.79986763000488 5.91387796401978 6.00685262680054 6.47887229919434 6.62164163589478 6.93225002288818 6.95381689071655 7.01131534576416 6.89277601242065 6.86003398895264 7.06063556671143 7.47027540206909 7.68668508529663 7.12488031387329 5.85554838180542 5.51100301742554 5.0183424949646 4.89762115478516 5.32855176925659 5.61432886123657 5.9914026260376 6.95296430587769 12.8832101821899 10.8887844085693 3.49419951438904 4.73394632339478 6.29082870483398 7.02662658691406 5.96690273284912 7.60526847839355 7.79123115539551 7.02781295776367
