slauniainen/Data/DEM/Vihti_dem1500b_cl_horizonAngle_306.asc
NCOLS 196 
NROWS 178 
XLLCORNER 353680 
YLLCORNER 6699024 
CELLSIZE 16 
NODATA_value -3.4e+38 
[rows 120 to 139 of 178, columns 135 to 179 of 196]
0.34768944978714 0.610319674015045 1.25642931461334 1.75116181373596 1.86687207221985 1.76226186752319 1.7847204208374 1.8060507774353 1.91010534763336 1.80310273170471 1.73171532154083 1.56916320323944 1.36092448234558 1.06578183174133 0.753315329551697 0.528554081916809 0.350441217422485 0.365752279758453 0.339624047279358 0.123742967844009 0.317992687225342 0.37294140458107 0.318810790777206 0.223314538598061 0.144065544009209 -0.0853313580155373 -0.424864381551743 -0.818893730640411 -1.16089510917664 -1.43530237674713 -1.16765332221985 4.98994016647339 8.15960311889648 12.9532451629639 14.2343816757202 12.2013463973999 10.8859996795654 9.43843650817871 8.3845272064209 6.94937038421631 6.3288197517395 5.62285089492798 5.29336643218994 4.86791515350342 4.91338491439819
6.92388772964478 3.38807821273804 0.441728681325912 1.04098868370056 1.24325311183929 1.38330149650574 1.5100325345993 1.53212821483612 1.57140493392944 1.5082631111145 1.5799572467804 1.4965672492981 1.34999871253967 1.16732478141785 0.82880973815918 0.547224819660187 0.371231198310852 0.214513644576073 0.168929889798164 0.0809262692928314 -0.177109137177467 -0.0688891112804413 -0.121501237154007 -0.245238050818443 -0.381633281707764 -0.590674579143524 -0.739851653575897 -0.956875622272491 -1.18945527076721 -1.27142381668091 4.13992404937744 7.39734268188477 10.916446685791 14.5866937637329 13.2731027603149 11.063982963562 9.34791851043701 8.29244518280029 6.99446439743042 6.43017721176147 5.16227293014526 4.04773855209351 3.51439309120178 3.4023551940918 3.4735312461853
10.8747835159302 4.13864707946777 2.42229509353638 0.235816299915314 0.383787333965302 0.707984864711761 1.09378504753113 1.14229118824005 1.087287068367 1.15312421321869 1.1804666519165 1.2865549325943 1.2700731754303 1.14591467380524 0.882693469524384 0.494186282157898 0.247981563210487 0.0774318352341652 -0.0553642027080059 -0.10320670902729 -0.212091937661171 -0.462248682975769 -0.854688465595245 -1.04297292232513 -1.10828697681427 -1.14565420150757 -1.13142788410187 -1.13369739055634 -1.14928781986237 0.45963978767395 7.52476644515991 10.7391347885132 13.1500186920166 14.276047706604 11.9091463088989 10.2554454803467 8.54471302032471 7.4810357093811 6.54829216003418 5.58724689483643 4.68933868408203 3.70735239982605 3.05229377746582 2.89666628837585 3.04784893989563
19.2177486419678 17.108829498291 5.11976337432861 1.62600922584534 -0.232661575078964 -0.121417969465256 0.30161389708519 0.441441833972931 0.586193084716797 0.720620810985565 0.808418393135071 0.877665400505066 1.02887952327728 0.926199793815613 0.834701299667358 0.402472138404846 0.141357555985451 -0.0897783786058426 -0.266362994909286 -0.419828563928604 -0.607812106609344 -0.856096982955933 -1.3382328748703 -1.88868391513824 -1.67885601520538 -1.66661608219147 -1.57219552993774 -1.35894703865051 -1.15303981304169 4.30656623840332 9.50078582763672 10.7214736938477 10.1259851455688 10.2637214660645 10.391565322876 9.30247402191162 7.87468433380127 7.03245639801025 6.26264619827271 5.44150066375732 4.62043285369873 3.80540800094604 3.11259341239929 3.80443143844604 8.00176334381104
12.0562257766724 27.7412414550781 15.0969095230103 4.47970056533813 0.45464101433754 -0.872869551181793 -0.816617012023926 -0.609075367450714 -0.143234968185425 0.197819113731384 0.403181731700897 0.514260709285736 0.594887018203735 0.566889405250549 0.535482108592987 0.263728320598602 -0.0232478547841311 -0.269126743078232 -0.515348196029663 -0.846564650535583 -1.10682547092438 -1.39730226993561 -1.79335451126099 -2.18400263786316 -2.29890155792236 -2.1034848690033 -1.7920116186142 0.142687559127808 3.35925936698914 5.78860187530518 9.52036666870117 10.5103216171265 9.6831111907959 9.20480060577393 8.63784313201904 8.00039386749268 7.49057340621948 6.68768167495728 5.92593860626221 5.32685327529907 4.5879545211792 4.04799604415894 3.70467352867126 7.2926173210144 9.90518188476562
12.9656429290771 26.684009552002 25.7620544433594 8.0996675491333 2.18885087966919 -1.37714743614197 -1.53569853305817 -1.52782392501831 -1.12151253223419 -0.4864901304245 -0.0684551075100899 0.101262494921684 0.0729541778564453 0.0618092305958271 0.0129242213442922 -0.144833281636238 -0.341250628232956 -0.591010570526123 -0.907153427600861 -1.25745618343353 -1.69025230407715 -2.09221839904785 -2.29403066635132 -2.49516701698303 -2.50065994262695 2.92930769920349 2.90159940719604 2.07781004905701 3.14536023139954 5.48579454421997 8.57405090332031 10.7406768798828 9.67272090911865 8.59549617767334 7.4914755821228 7.03499937057495 6.44113159179688 6.05139350891113 5.64018678665161 5.03813171386719 4.63117170333862 4.31813478469849 3.92243623733521 4.57642316818237 5.37270164489746
16.1635513305664 25.3413791656494 24.7981452941895 15.3176584243774 8.26544857025146 1.52548825740814 -1.7456568479538 -2.36625838279724 -2.17583966255188 -1.43264329433441 -0.851100027561188 -0.619473218917847 -0.618803560733795 -0.678725779056549 -0.69577556848526 -0.757172107696533 -0.89821857213974 -1.1286541223526 -1.42381155490875 -1.79254353046417 -2.32339644432068 -2.64044642448425 -2.80832362174988 -2.82370018959045 5.70108509063721 5.64304494857788 2.53662633895874 1.13229715824127 2.41034197807312 6.04422426223755 9.04483509063721 11.357964515686 10.2084426879883 8.15988540649414 7.1303071975708 6.46429777145386 5.76350021362305 5.37925100326538 5.19948577880859 4.79662942886353 4.40825510025024 4.04376316070557 3.90092325210571 3.58891367912292 3.64639520645142
12.1010541915894 18.8109016418457 18.2741317749023 15.8507490158081 10.4293737411499 7.47516393661499 1.43733239173889 -2.82043051719666 -2.8613657951355 -2.37653493881226 -1.94146454334259 -1.5769259929657 -1.44117295742035 -1.43737232685089 -1.47325265407562 -1.49356424808502 -1.50051093101501 -1.686847448349 -1.93177282810211 -2.31686353683472 -2.80424094200134 -3.16406655311584 -3.1996476650238 6.46926307678223 7.6713752746582 5.41792964935303 3.42406153678894 1.9034960269928 6.22099733352661 9.83775329589844 11.0238389968872 12.0293474197388 10.1925477981567 7.48657464981079 6.65493679046631 6.03153562545776 5.50555896759033 4.99985837936401 4.59113836288452 4.34765625 3.79679369926453 3.49765253067017 3.01020431518555 2.85107350349426 3.01058459281921
9.2392053604126 16.4524078369141 15.5453882217407 13.7311592102051 11.2308158874512 8.96125888824463 4.25784635543823 -0.482623606920242 -3.0503203868866 -2.93425321578979 -1.66646087169647 -2.33847999572754 -2.0943341255188 -2.08907151222229 -2.02248501777649 -1.99751555919647 -2.00196719169617 -2.15420699119568 -2.3602032661438 -2.8218138217926 -3.27880930900574 -3.49526643753052 3.88776278495789 8.8836669921875 7.24842739105225 4.4630126953125 3.53494095802307 3.19374656677246 9.10383224487305 11.2947521209717 11.6433687210083 10.3736362457275 8.26019477844238 6.51155710220337 6.47804069519043 5.71323347091675 5.14818477630615 4.76157760620117 4.30359077453613 3.81947350502014 3.16436648368835 2.69556617736816 2.16364908218384 1.83205187320709 1.71125495433807
8.28429412841797 15.4316806793213 16.4575653076172 12.3146839141846 9.94498252868652 9.07436752319336 5.63862991333008 2.45339918136597 -0.443497151136398 -1.76988244056702 -2.76359415054321 -2.68189239501953 -2.59875416755676 -2.52579569816589 -2.41118693351746 -2.09150075912476 -1.67598295211792 -2.5534245967865 -2.7503936290741 -3.20887780189514 -3.56344938278198 -2.95000147819519 6.06260204315186 7.01839399337769 5.5426173210144 4.49093103408813 3.25053596496582 3.66088628768921 8.78535270690918 11.2081546783447 10.7469034194946 9.2362003326416 6.910569190979 5.60246086120605 6.19470739364624 5.62622833251953 4.97719621658325 4.40025949478149 4.03639888763428 3.63653874397278 3.09983849525452 2.39342784881592 1.53790211677551 0.947540938854218 1.31199073791504
9.30183792114258 15.3428049087524 16.7432613372803 13.5467872619629 8.61628913879395 7.15006017684937 5.75675916671753 3.19822955131531 1.49384808540344 0.0482693314552307 -1.93412840366364 -2.95967054367065 -2.65480256080627 -1.27240324020386 0.0982221215963364 1.05594956874847 -0.270484805107117 -2.25680685043335 -3.07038545608521 -3.34770083427429 -3.57357931137085 1.40810704231262 5.20322179794312 5.55266332626343 5.42543077468872 3.893394947052 3.93090033531189 6.42363548278809 9.7471809387207 9.63827610015869 8.47814750671387 7.63419437408447 6.15304374694824 6.05176782608032 5.32550954818726 5.28347158432007 4.85702466964722 4.25896024703979 3.73142790794373 3.36726331710815 2.97736191749573 2.46724653244019 1.64440548419952 0.850550532341003 0.90168285369873
10.4452962875366 16.1107654571533 16.1844253540039 14.8524761199951 7.99175310134888 6.99002408981323 4.66748571395874 3.42404246330261 2.29382538795471 1.05543184280396 -0.0955675095319748 -1.72972512245178 -2.94535231590271 -1.44310569763184 0.542558014392853 1.63301062583923 0.329167276620865 -1.72189593315125 -3.21433401107788 -3.3453094959259 -3.47852468490601 2.9903461933136 4.7177906036377 6.69300889968872 5.802330493927 5.5408501625061 6.20146560668945 9.51262474060059 10.699875831604 8.63361930847168 5.96161699295044 5.77069807052612 6.57246160507202 6.18993282318115 5.48918008804321 5.58292627334595 5.84212684631348 4.12051630020142 3.26340055465698 3.05450534820557 2.86821007728577 2.62521290779114 1.98899137973785 1.25243771076202 2.44904494285583
5.85831737518311 10.6034049987793 10.9913454055786 13.4476890563965 8.63308429718018 7.42099809646606 4.38458299636841 3.02097463607788 1.83742010593414 1.33519101142883 0.707492232322693 -0.0224819183349609 -1.46770966053009 -0.895497739315033 0.112712875008583 1.80131185054779 0.673876702785492 -1.36465406417847 -2.93130111694336 -3.38749837875366 -3.25168466567993 1.26306402683258 6.18244791030884 8.67939758300781 7.1973090171814 7.72800636291504 8.74891567230225 10.2420539855957 9.50221347808838 8.44149494171143 7.00065803527832 5.81999015808105 6.47971534729004 6.27354192733765 7.07965326309204 8.90648365020752 7.33190250396729 4.55577039718628 3.57452487945557 2.98453640937805 3.08432006835938 2.86431455612183 2.37123727798462 1.79010260105133 3.48263192176819
7.4966254234314 10.3325605392456 11.7730197906494 15.8891792297363 13.2347984313965 8.02165222167969 4.53610467910767 2.41103911399841 1.61878299713135 1.56477308273315 1.19804894924164 0.893655955791473 -0.219892203807831 -0.824917852878571 0.141621023416519 1.84519183635712 0.450219690799713 -0.866657555103302 -1.57667028903961 -2.18377208709717 -1.69105350971222 2.16789388656616 6.11247587203979 6.87405252456665 6.34331035614014 6.92345905303955 6.93441724777222 7.93343830108643 8.34103012084961 8.39784336090088 8.58749198913574 9.60482597351074 9.88572120666504 9.14311790466309 8.61803150177002 7.26516914367676 6.08493041992188 5.48072910308838 4.71184921264648 6.679612159729 7.56262397766113 4.19869804382324 2.73789477348328 2.30272221565247 2.21268630027771
9.69759654998779 11.9212875366211 14.4784364700317 17.1615371704102 15.7844190597534 8.69453811645508 4.69803953170776 2.45639204978943 1.45832931995392 1.38322031497955 1.3176965713501 1.02662670612335 0.853225708007812 0.328840911388397 -0.0317551344633102 1.53625535964966 1.15939915180206 0.0318528786301613 -1.00222682952881 -1.49561989307404 -1.21137189865112 0.106735654175282 2.04009222984314 3.40506267547607 5.29801750183105 5.866370677948 6.91530799865723 9.33777904510498 9.07822132110596 8.27776336669922 8.40369892120361 8.28343105316162 7.65265083312988 8.33017921447754 7.67934226989746 6.8095178604126 6.10155820846558 5.74121236801147 5.22913360595703 4.660240650177 4.01120042800903 3.5127968788147 2.94701337814331 2.48352956771851 2.09129977226257
10.3024501800537 11.8111200332642 14.8360481262207 17.2414360046387 13.8076009750366 8.00473022460938 4.73800039291382 2.9785795211792 2.32744884490967 1.92413139343262 1.58679866790771 2.09975481033325 2.95880675315857 2.70850920677185 2.30502104759216 2.82314896583557 2.37198305130005 1.15959453582764 0.459272831678391 -0.935481309890747 -1.70011401176453 -0.742569267749786 0.712114155292511 0.45320075750351 0.262856632471085 1.82086706161499 3.80153203010559 5.94087409973145 8.46387100219727 7.96020555496216 7.6575756072998 7.64736986160278 7.13236427307129 6.94732189178467 6.42192459106445 6.2607364654541 5.70564842224121 5.35748147964478 5.29712820053101 4.79766225814819 4.39495134353638 3.89004325866699 3.23383617401123 2.62662553787231 2.32063031196594
6.02995300292969 12.0911712646484 14.1148777008057 17.0220031738281 13.1257572174072 8.48880672454834 4.8389892578125 3.98233151435852 3.53392362594604 3.72587633132935 2.67746686935425 2.91813206672668 3.11369299888611 2.51950550079346 2.15787553787231 2.53438782691956 2.10479021072388 1.93570935726166 0.633120238780975 -0.0781912952661514 -1.05805051326752 0.807332694530487 0.942098200321198 -1.45275938510895 -1.73249924182892 0.0579002574086189 5.76084756851196 8.10155868530273 12.8227968215942 9.86807918548584 6.93688106536865 6.79940032958984 6.51130819320679 6.23589372634888 6.20474672317505 5.79630899429321 5.4608416557312 5.0911865234375 4.90042591094971 4.81942844390869 4.50985383987427 4.14801788330078 3.62179970741272 3.01715469360352 2.83239936828613
4.18700695037842 11.2546186447144 15.8242712020874 15.2694206237793 12.2020835876465 9.35265636444092 5.79838609695435 4.62417888641357 4.20648860931396 3.98790860176086 3.15092611312866 2.98387265205383 2.28995513916016 1.72643065452576 1.51213681697845 1.50500011444092 1.77278065681458 2.00662302970886 1.47751224040985 0.916038930416107 1.09073686599731 2.41603088378906 1.57676553726196 -0.455536991357803 1.22102689743042 7.57359647750854 11.6972961425781 13.561279296875 14.7813806533813 14.7459411621094 7.75369834899902 6.268310546875 6.05417251586914 5.70056533813477 5.53746747970581 5.51074361801147 5.23369789123535 4.98611879348755 4.64769744873047 4.44831275939941 4.15768766403198 4.17188596725464 3.84605526924133 3.32042384147644 5.03851985931396
3.69212293624878 7.01198959350586 15.2308778762817 15.2333917617798 11.1499700546265 8.72778415679932 5.86319875717163 4.99874401092529 4.38769578933716 4.34516048431396 3.85931849479675 3.22973442077637 2.77049136161804 1.79099416732788 1.3711873292923 2.40889573097229 7.57129955291748 8.5189733505249 7.47541236877441 7.19090509414673 4.71800136566162 5.32043886184692 4.28681802749634 4.18631362915039 8.86631679534912 9.28096294403076 11.5222578048706 13.9395885467529 13.662486076355 12.6591548919678 10.9928140640259 6.27331638336182 5.81810569763184 5.33047866821289 5.07179307937622 4.88605165481567 4.78773355484009 4.77750492095947 4.58150720596313 4.31858158111572 3.94725060462952 3.89822816848755 3.9813380241394 3.66879558563232 6.11967658996582
4.18097162246704 6.70745325088501 12.964804649353 17.1530494689941 11.650354385376 8.77208232879639 5.73343944549561 5.19956398010254 4.62286567687988 4.63251113891602 3.97734999656677 3.70329880714417 3.46295189857483 2.68089938163757 4.89343070983887 11.0109796524048 14.443790435791 10.3703260421753 8.00301361083984 6.74506521224976 6.0272970199585 7.97652769088745 8.76323795318604 10.51220703125 11.9831295013428 11.2963876724243 12.6554899215698 13.1183595657349 13.8716297149658 11.8325653076172 10.5346097946167 8.44602489471436 6.59797668457031 4.80269336700439 4.45537567138672 4.40857076644897 4.41902685165405 4.41878366470337 4.42321968078613 4.20636367797852 4.03777599334717 3.72444343566895 3.71862053871155 3.87315607070923 5.62530899047852
