slauniainen/Data/DEM/Vihti_dem1500b_cl_horizonAngle_54.asc
NCOLS 196 
NROWS 178 
XLLCORNER 353680 
YLLCORNER 6699024 
CELLSIZE 16 
NODATA_value -3.4e+38 
[rows 40 to 59 of 178, columns 45 to 89 of 196]
8.12685585021973 7.5612416267395 7.04167985916138 6.13995361328125 5.42860221862793 4.87467813491821 5.94541168212891 4.93211936950684 4.1972713470459 3.09988689422607 2.43940305709839 0.958983242511749 0.898827314376831 0.906057238578796 0.900734305381775 0.907199442386627 1.12613606452942 0.805182993412018 0.781005918979645 0.767713785171509 0.77980101108551 0.809300482273102 0.855553269386292 0.904142200946808 0.949422657489777 1.02272021770477 1.09429979324341 1.17048239707947 1.29126083850861 1.46006953716278 1.69037461280823 2.0816695690155 2.50558638572693 2.68074655532837 2.83279061317444 2.56698346138 2.77495789527893 3.11848926544189 1.62488555908203 1.94236826896667 2.21523070335388 2.39341950416565 2.41595911979675 1.77739655971527 0.454630196094513
6.8919563293457 6.46071577072144 5.71085596084595 5.11976337432861 4.43357801437378 4.13986396789551 3.94349026679993 3.38087940216064 2.3966178894043 1.4538813829422 1.62433433532715 0.863701403141022 0.829297006130219 0.836772561073303 0.852249145507812 1.20864188671112 0.910131514072418 0.761927962303162 0.741765320301056 0.746722817420959 0.789654195308685 0.84307336807251 0.9489825963974 0.93409675359726 0.997117638587952 1.06350123882294 1.15898513793945 1.23494589328766 1.32371604442596 1.38884317874908 1.51106679439545 1.60090780258179 1.86930418014526 2.35162425041199 2.67397594451904 2.57507824897766 2.62111496925354 2.93087816238403 2.25780391693115 1.836953997612 2.38339972496033 2.6405131816864 2.74807643890381 2.52791976928711 1.75168836116791
4.88356399536133 4.81019067764282 4.64355278015137 3.96368956565857 3.41662263870239 2.9553656578064 2.45750641822815 1.52448463439941 0.954562187194824 1.3304830789566 1.71628069877625 0.88465815782547 0.795271098613739 0.800460457801819 0.793177962303162 1.39399409294128 1.17252922058105 1.02735447883606 1.26859605312347 1.62810814380646 1.51824831962585 1.42910325527191 1.59766662120819 1.30513823032379 1.04360544681549 1.09944581985474 1.11383485794067 1.1455682516098 1.12750935554504 1.21169292926788 1.33209347724915 1.36342930793762 1.5292409658432 1.71689474582672 2.0789098739624 2.6781108379364 2.37567710876465 2.67949080467224 2.93762183189392 2.29516053199768 2.17362546920776 2.68478178977966 2.77639937400818 2.92619562149048 3.41307377815247
3.93868374824524 3.39682793617249 3.51350474357605 2.93724727630615 2.29036498069763 1.91543805599213 1.22312963008881 0.939220547676086 1.15652763843536 1.40441000461578 1.7012255191803 1.34254825115204 0.79833447933197 0.921132504940033 1.13859915733337 1.73276388645172 1.85608923435211 1.49235987663269 0.901520490646362 0.900005459785461 0.889145791530609 0.913922369480133 0.931039452552795 0.991456866264343 1.00697672367096 1.00872218608856 1.01107752323151 1.04018151760101 1.03003680706024 1.11824679374695 1.16083669662476 1.16731452941895 1.30382645130157 1.37662279605865 1.58405447006226 1.96681332588196 2.62979912757874 2.26039695739746 2.64070844650269 3.00999736785889 2.77274250984192 2.72327494621277 2.968425989151 3.4073212146759 4.10839319229126
3.13428902626038 2.63546872138977 2.29045581817627 2.02348613739014 1.49376428127289 0.912574529647827 0.916708409786224 0.862327814102173 0.886823773384094 0.958612620830536 0.794796764850616 0.770556747913361 0.739652216434479 1.0121396780014 1.01651239395142 0.903687477111816 0.784978926181793 0.804370403289795 0.828554153442383 0.826404452323914 0.859581172466278 0.880275070667267 0.902385354042053 0.896001040935516 0.94798469543457 0.962791204452515 0.950188755989075 0.957620739936829 0.974643647670746 1.06738340854645 1.02195477485657 1.05797171592712 1.19069933891296 1.26332557201385 1.45697093009949 1.74380922317505 2.14403676986694 2.65213918685913 2.52837300300598 2.71919727325439 3.17319869995117 3.04743671417236 3.26778125762939 3.80764031410217 4.30741930007935
2.2849543094635 1.79260087013245 1.3979332447052 0.786328375339508 0.774122416973114 0.714928090572357 0.703767359256744 0.692831933498383 0.673767268657684 0.683609545230865 0.696646332740784 0.736455619335175 0.711709499359131 0.753995597362518 0.759799540042877 0.754676759243011 0.748339772224426 0.768818497657776 0.799976110458374 0.808519124984741 0.810108244419098 0.844927489757538 0.8611860871315 0.85276210308075 0.844217479228973 0.889696538448334 0.923281490802765 0.891321063041687 0.906268835067749 0.892810940742493 0.894426703453064 1.06243515014648 1.17777383327484 1.28679430484772 1.37375450134277 1.64247679710388 2.00826621055603 2.43720006942749 2.7668731212616 2.79501175880432 3.04474020004272 3.40272521972656 3.50322508811951 3.91732978820801 4.99317836761475
1.36994409561157 0.993067443370819 0.691129505634308 0.669037163257599 0.643020510673523 0.633114457130432 0.628826022148132 0.634625613689423 0.653373777866364 0.642599523067474 0.655501484870911 0.646574735641479 0.664738118648529 0.6958909034729 0.713086307048798 0.727859795093536 0.732944965362549 0.757397532463074 0.750351846218109 0.783475458621979 0.801900625228882 0.785142958164215 0.789421379566193 0.808565318584442 0.836405456066132 0.816756665706635 0.826825320720673 0.832024276256561 0.854672908782959 0.82640939950943 0.884137809276581 1.07683837413788 1.12355065345764 1.30272781848907 1.47300541400909 1.58618557453156 1.89515459537506 2.29439806938171 2.74763894081116 3.07311248779297 3.42463541030884 3.46549010276794 3.93604588508606 4.46732473373413 6.87628650665283
2.21933603286743 2.42484378814697 0.655482411384583 0.615569472312927 0.606426358222961 0.596906125545502 0.597767889499664 0.593126058578491 0.620269119739532 0.634667098522186 0.62772011756897 0.622732877731323 0.619665622711182 0.651406407356262 0.673406541347504 0.687314629554749 0.707133591175079 0.734639465808868 0.728627920150757 0.718844056129456 0.745191693305969 0.765535295009613 0.753048539161682 0.768954873085022 0.780089974403381 0.790729880332947 0.738769114017487 0.775681734085083 0.83106517791748 0.860841035842896 1.0025988817215 1.02891278266907 1.14518654346466 1.32734549045563 1.47537744045258 1.66993415355682 1.80783724784851 2.17168354988098 2.68626141548157 3.28433728218079 3.63157391548157 3.75610303878784 4.46935844421387 6.14591455459595 7.5112190246582
3.05838990211487 1.95982182025909 0.599705576896667 0.588338434696198 0.576161921024323 0.577087461948395 0.569165706634521 0.586336851119995 0.58919095993042 0.606502413749695 0.59709507226944 0.613231837749481 0.628632247447968 0.641662836074829 0.636864960193634 0.648087918758392 0.670051991939545 0.688280522823334 0.69292163848877 0.698636293411255 0.69129091501236 0.704281747341156 0.74025571346283 0.738444924354553 0.729436218738556 0.714105427265167 0.736111462116241 0.823108851909637 0.809720873832703 0.88950914144516 1.04579079151154 1.10835206508636 1.1771285533905 1.36255395412445 1.46789014339447 1.70078682899475 2.04248881340027 2.195631980896 2.67948031425476 3.15388703346252 3.86944627761841 4.09941720962524 5.44458389282227 6.55689668655396 7.43069267272949
3.17951583862305 0.944144606590271 0.564731657505035 0.559565007686615 0.563734531402588 0.550144255161285 0.558187305927277 0.558740735054016 0.558843731880188 0.579422473907471 0.59062397480011 0.606327652931213 0.628467679023743 0.634960770606995 0.637286007404327 0.646200597286224 0.650980830192566 0.643567979335785 0.649271249771118 0.658738136291504 0.685063183307648 0.668549001216888 0.685849368572235 0.706944048404694 0.709039807319641 0.714722692966461 0.72615110874176 0.809444963932037 0.825928568840027 0.928173243999481 1.04369676113129 1.12486636638641 1.3096137046814 1.37651550769806 1.49860513210297 1.79081463813782 2.10806393623352 2.30514812469482 2.57921266555786 3.11988711357117 4.25124311447144 4.80331134796143 5.66878652572632 6.35388994216919 7.08976125717163
2.99017286300659 0.635240197181702 0.547804355621338 0.53125274181366 0.530943691730499 0.538567423820496 0.5353764295578 0.540061771869659 0.544528484344482 0.56598687171936 0.580149233341217 0.588255345821381 0.607516765594482 0.617761135101318 0.627650141716003 0.621790051460266 0.638808786869049 0.641617000102997 0.636663258075714 0.650111556053162 0.638340055942535 0.651047945022583 0.649665653705597 0.667192578315735 0.698416352272034 0.758356690406799 0.818733811378479 0.81502091884613 0.85858553647995 1.00185370445251 1.03290283679962 1.16021025180817 1.37210416793823 1.57678771018982 1.62006509304047 1.87449324131012 2.06178879737854 2.34230279922485 2.62601613998413 3.44701790809631 4.10119962692261 4.69143772125244 5.56380844116211 6.09222412109375 7.73476648330688
3.08995246887207 1.00568580627441 0.524971842765808 0.511260867118835 0.493362635374069 0.51599246263504 0.520272791385651 0.526093482971191 0.537128686904907 0.560993850231171 0.559716880321503 0.578803062438965 0.584245979785919 0.593088388442993 0.598036050796509 0.606396436691284 0.797298550605774 0.628628551959991 0.640200316905975 0.954708993434906 0.855242609977722 0.638237059116364 0.64309960603714 0.672961413860321 0.718283236026764 0.779954671859741 0.848793387413025 0.900181531906128 0.935303151607513 0.993097305297852 1.06604015827179 1.23419964313507 1.46598887443542 1.63837313652039 1.75444948673248 1.85275936126709 2.09543943405151 2.32115864753723 2.92467260360718 3.38734912872314 3.76397037506104 4.29290246963501 5.06099557876587 6.6998724937439 7.46319675445557
3.75451731681824 2.9384503364563 1.2221565246582 0.750990450382233 0.481670469045639 0.50275731086731 0.512775003910065 0.52068692445755 0.534668624401093 0.54191666841507 0.548963725566864 0.559179484844208 0.555205821990967 0.565611124038696 0.580743134021759 0.609996795654297 0.943970799446106 0.598144769668579 0.622250556945801 0.70899897813797 1.46232962608337 1.54696428775787 0.993354558944702 0.714574754238129 0.747850298881531 0.812473237514496 0.881451547145844 0.918986797332764 1.04868578910828 1.03129827976227 1.10915374755859 1.38080298900604 1.50325214862823 1.62606978416443 1.81309592723846 1.94823908805847 2.36807799339294 2.54186511039734 2.87798953056335 3.12567400932312 3.45168542861938 4.38911724090576 4.99770212173462 6.54282855987549 7.08500671386719
2.50781083106995 2.80124616622925 3.63624906539917 2.55316710472107 0.997332990169525 0.700943768024445 0.513813674449921 0.520494937896729 0.525504112243652 0.528953433036804 0.531852543354034 0.53547614812851 0.539407730102539 0.563611626625061 0.584309160709381 1.02172529697418 0.585296273231506 0.584137320518494 0.615461468696594 0.697618067264557 0.760326206684113 1.22522068023682 1.74642896652222 1.78847467899323 0.806924760341644 0.875819981098175 0.908324539661407 0.988746583461761 1.10926628112793 1.21788716316223 1.25505340099335 1.4275016784668 1.50459778308868 1.6905300617218 1.82481479644775 2.13041090965271 2.34084463119507 2.49431967735291 2.66400527954102 2.93655347824097 3.65854454040527 4.44779682159424 5.04529523849487 5.7827296257019 7.245192527771
1.58591139316559 1.6312757730484 1.4985032081604 1.5038948059082 2.59829115867615 2.18028807640076 0.965794861316681 0.853262901306152 0.535933196544647 0.515076100826263 0.514735460281372 0.522834122180939 0.541140496730804 1.0268040895462 1.05375707149506 1.52897226810455 0.550573587417603 0.574580490589142 0.627897262573242 0.669583857059479 0.756026744842529 0.920076668262482 1.00278079509735 1.62906360626221 1.68078482151031 2.0251944065094 1.4188996553421 1.05653035640717 1.18170630931854 1.27832579612732 1.41312301158905 1.42975962162018 1.55738377571106 1.94755828380585 1.98908925056458 2.09214568138123 2.16784691810608 2.38525223731995 2.64328813552856 3.11249685287476 3.68450450897217 4.09979391098022 4.76600074768066 5.43740081787109 6.79178857803345
0.889626204967499 1.0368332862854 1.56417417526245 0.478374838829041 0.486574709415436 0.684242129325867 1.98713493347168 1.98511862754822 1.27492952346802 0.520209133625031 0.506462395191193 0.508765339851379 0.568126559257507 0.809691369533539 1.52948522567749 0.867198169231415 0.556145787239075 0.596753656864166 0.657402515411377 0.717930555343628 0.756222784519196 0.790281534194946 0.864737153053284 0.997465848922729 1.14693856239319 1.42302536964417 1.77944231033325 1.96220481395721 1.66651082038879 1.34141206741333 1.45299875736237 1.54328310489655 1.77375817298889 1.91997933387756 1.95919525623322 1.98893964290619 2.13991379737854 2.52469110488892 2.85264492034912 3.15744662284851 3.50819516181946 3.97993183135986 4.59658241271973 5.27828454971313 6.45746421813965
0.319747149944305 0.453168779611588 2.5704710483551 0.452875852584839 0.429569125175476 0.467974781990051 0.490773350000381 1.00996899604797 2.97673439979553 2.38554167747498 1.24235463142395 0.530141294002533 0.640661418437958 1.31096875667572 1.01660144329071 0.536129832267761 0.557371079921722 0.634813666343689 0.69847297668457 0.7305508852005 0.805085778236389 0.846991956233978 0.89031046628952 0.959566116333008 1.04341268539429 1.30928194522858 1.31704092025757 1.33381080627441 2.09906029701233 1.90424716472626 1.54033529758453 1.7293838262558 1.80808067321777 1.80047702789307 1.89771223068237 2.05507183074951 2.27488803863525 2.56412649154663 2.84757351875305 3.12169599533081 3.41284489631653 3.8360915184021 4.3801851272583 5.14527320861816 5.97039651870728
0.0632128715515137 0.248190626502037 0.659467279911041 0.410032212734222 0.397242248058319 0.413863092660904 0.41973489522934 0.460929989814758 0.503721833229065 1.22982263565063 2.47721743583679 0.576075315475464 0.938931882381439 1.59308266639709 0.705396056175232 0.541979968547821 0.6034996509552 0.657117068767548 0.707988083362579 0.783697485923767 0.817950785160065 0.897513329982758 0.930739283561707 0.997040808200836 1.14551830291748 1.23776698112488 1.2995902299881 1.32395279407501 1.40858602523804 1.64282429218292 1.92805016040802 1.7545872926712 1.76527941226959 1.79381251335144 2.02896428108215 2.23511147499084 2.37381911277771 2.55581712722778 2.78106117248535 3.10008263587952 3.33961629867554 3.7569477558136 4.27827072143555 5.04719257354736 5.77629613876343
-0.0103159816935658 0.149217844009399 0.401655226945877 0.817521214485168 0.375461101531982 0.387478053569794 0.377355664968491 0.402369290590286 0.439055383205414 0.469011694192886 0.496212422847748 0.625857055187225 1.91321682929993 1.97557687759399 1.1819816827774 0.609449088573456 0.651543498039246 0.693788528442383 0.747951865196228 0.787528455257416 0.870697140693665 0.93485015630722 1.05357801914215 1.08931839466095 1.19792294502258 1.25756645202637 1.309410572052 1.40999257564545 1.54252696037292 1.64475190639496 1.6940610408783 1.72888469696045 1.76508939266205 1.9337865114212 2.09926152229309 2.24067902565002 2.42869710922241 2.54099273681641 2.78290462493896 3.04579377174377 3.31564831733704 3.69233465194702 4.2247748374939 4.8026328086853 5.81707429885864
-0.0747707709670067 0.106001287698746 0.366208136081696 1.8390679359436 0.37760254740715 0.363526105880737 0.369539141654968 0.372424393892288 0.385392159223557 0.40067583322525 0.420531898736954 0.469685465097427 0.525973737239838 1.31676936149597 2.47436356544495 0.896381795406342 0.722226142883301 0.750873029232025 0.804734826087952 0.833051085472107 0.903572618961334 1.03268468379974 1.11996269226074 1.19474470615387 1.21206498146057 1.28898346424103 1.35283041000366 1.51221084594727 1.57769012451172 1.60382843017578 1.64141142368317 1.76155734062195 1.86441159248352 1.97181856632233 2.1007513999939 2.25629019737244 2.41513919830322 2.53090214729309 2.73571848869324 2.99062991142273 3.24262046813965 3.6384973526001 4.05284023284912 4.81728744506836 5.59691762924194
