slauniainen/Data/DEM/Vihti_dem1500b_cl_horizonAngle_18.asc
NCOLS 196 
NROWS 178 
XLLCORNER 353680 
YLLCORNER 6699024 
CELLSIZE 16 
NODATA_value -3.4e+38 
[rows 60 to 79 of 178, columns 45 to 89 of 196]
2.90918064117432 2.89135193824768 3.19530200958252 3.36688828468323 3.33026027679443 3.23569440841675 3.14511299133301 3.0895688533783 3.07619142532349 3.00544238090515 2.92888498306274 2.60793590545654 2.40793180465698 2.14048719406128 1.89162576198578 1.8092178106308 2.47899913787842 1.37688708305359 1.23218762874603 1.0920637845993 0.913828730583191 0.825805366039276 0.778608798980713 0.790818929672241 0.774879813194275 0.740863561630249 0.70852929353714 0.738034307956696 0.685826599597931 0.82655668258667 0.678745627403259 0.561974346637726 0.517993330955505 0.486266523599625 0.514441549777985 0.579360485076904 0.677278935909271 0.762126624584198 0.908967971801758 1.14618182182312 1.41633558273315 1.96821200847626 2.1054322719574 2.76857042312622 3.0970401763916
2.85203862190247 2.71241784095764 3.16510486602783 3.24833512306213 3.19134020805359 3.06708359718323 3.01833653450012 3.02354168891907 3.0003616809845 2.85876893997192 2.64446640014648 2.3767991065979 2.13485836982727 1.77984201908112 1.59723699092865 1.3796010017395 1.25585460662842 1.14962577819824 1.63277900218964 0.853524923324585 0.786008954048157 0.754745662212372 0.759341955184937 0.766975939273834 0.768317937850952 0.732527017593384 0.682743608951569 0.686310112476349 0.634590208530426 0.62764048576355 0.594319999217987 0.53776741027832 0.490607708692551 0.483275949954987 0.501663386821747 0.559259831905365 0.657073080539703 0.786917090415955 0.880589127540588 1.08465850353241 1.454017162323 1.84876692295074 2.02190518379211 2.57256078720093 3.01508522033691
3.60754823684692 2.66779160499573 3.15356063842773 3.19260215759277 3.13534355163574 3.00378012657166 2.94754981994629 2.9178102016449 2.93976807594299 2.80378079414368 2.54693722724915 2.13645362854004 1.82334721088409 1.52991247177124 1.37853622436523 1.11151564121246 0.940353333950043 0.810283720493317 0.766150653362274 1.0709855556488 1.46907019615173 0.738741517066956 1.27170896530151 0.758648633956909 0.744028866291046 0.715492725372314 0.671446442604065 0.6282839179039 0.61818939447403 0.567322134971619 0.540510177612305 0.50553435087204 0.461427837610245 0.486000448465347 0.537039577960968 0.58929967880249 0.642543196678162 0.793668210506439 0.948809027671814 1.1294252872467 1.65030288696289 1.7587798833847 2.16613149642944 2.42476058006287 2.9323787689209
4.98920822143555 2.78372526168823 3.03216981887817 3.12905049324036 3.08233857154846 2.95407938957214 2.85256743431091 2.86254382133484 2.79679179191589 2.71979284286499 2.41112112998962 1.93102467060089 1.61606502532959 1.36854827404022 1.19579148292542 0.943432450294495 0.796782374382019 0.724983215332031 0.700994193553925 0.690919697284698 0.699755370616913 1.59441018104553 1.43278419971466 1.33865106105804 0.722964465618134 0.678052127361298 0.886692643165588 0.769251644611359 0.590936958789825 0.561754643917084 0.515659213066101 0.46514368057251 0.445913970470428 0.470610022544861 0.530261337757111 0.620107173919678 0.705759286880493 0.794072389602661 0.966565191745758 1.19560503959656 1.65677928924561 1.73513078689575 2.24038863182068 2.46719408035278 2.87555503845215
4.62234401702881 2.81122326850891 2.88592624664307 2.98751950263977 2.93942356109619 2.85573196411133 2.76119017601013 2.72928142547607 2.65096926689148 2.46975493431091 2.01188397407532 1.73122322559357 1.41388773918152 1.16178894042969 0.974219560623169 0.821932196617126 0.718302547931671 0.693468034267426 0.679059624671936 0.846840798854828 0.678139984607697 0.686669588088989 0.713520884513855 1.19976925849915 1.79345881938934 0.998786687850952 0.833644866943359 0.881571233272552 0.586995244026184 0.543338477611542 0.488741904497147 0.447366207838058 0.463572084903717 0.479392021894455 0.527234077453613 0.629294276237488 0.747159957885742 0.832366764545441 0.989458978176117 1.21053624153137 1.60161030292511 1.74741756916046 2.15893197059631 2.46563863754272 2.80655956268311
3.48318362236023 2.79740929603577 2.8267080783844 2.87129545211792 2.88586640357971 2.75400066375732 2.60104203224182 2.57632160186768 2.40787506103516 2.0244152545929 1.77531242370605 1.52338290214539 1.21903598308563 0.994233429431915 0.848084926605225 0.7188920378685 0.820714056491852 0.92302018404007 1.89364945888519 0.9077108502388 0.648693144321442 0.664818525314331 0.658358693122864 0.649605631828308 1.16668426990509 2.68069458007812 1.41206061840057 0.760478079319 0.719132423400879 0.524893045425415 0.501581490039825 0.442579746246338 0.468491524457932 0.517943680286407 0.567974388599396 0.62904965877533 0.761851727962494 0.891786634922028 1.08352136611938 1.28911662101746 1.58119964599609 1.92082679271698 2.1841926574707 2.61316537857056 2.89063358306885
3.81080722808838 2.79998302459717 2.8237669467926 2.83195209503174 2.82382559776306 2.71764397621155 2.53700542449951 2.35134053230286 1.98084652423859 1.76250433921814 1.52405190467834 1.29174423217773 1.07630920410156 0.859769821166992 0.744422554969788 0.700291752815247 0.710030138492584 1.29227113723755 0.999032497406006 0.62288498878479 0.588750064373016 0.59287416934967 0.610807657241821 0.613280057907104 0.609395563602448 0.850416839122772 1.45940506458282 2.87258124351501 1.36097514629364 1.34981906414032 0.996362090110779 0.997175216674805 0.964809596538544 1.031001329422 1.08229231834412 0.897932410240173 0.981525123119354 1.13856554031372 1.33900606632233 1.49781715869904 2.16789150238037 2.73661804199219 4.07949876785278 3.11456847190857 2.97834253311157
3.76207542419434 3.85190463066101 3.2183837890625 2.74229717254639 2.73537182807922 2.67570090293884 2.46313762664795 2.04728555679321 1.73186230659485 1.50845420360565 1.31559324264526 1.07328581809998 0.892011225223541 0.733548223972321 0.639360129833221 0.859583139419556 1.1420476436615 1.21194553375244 0.615247905254364 0.561336040496826 0.512202203273773 0.51965719461441 0.53445953130722 0.553044319152832 0.563999891281128 0.565106511116028 0.718570470809937 1.63254070281982 3.01337552070618 3.62310004234314 2.28017425537109 2.18863892555237 2.29250359535217 2.37623906135559 2.25203704833984 2.66958570480347 2.77227115631104 3.10813975334167 2.9704897403717 3.05482745170593 2.71971750259399 2.54014849662781 2.39414238929749 2.58600234985352 2.95413208007812
3.27365112304688 3.33335518836975 2.80575513839722 2.67817282676697 2.64637422561646 2.47132730484009 2.03922176361084 1.74850904941559 1.52911508083344 1.31052005290985 1.10035037994385 1.16633951663971 0.946441531181335 1.00651609897614 1.08339846134186 1.18196046352386 1.09642565250397 0.798021376132965 0.585050106048584 0.51839292049408 0.428700149059296 0.397380948066711 0.435683906078339 0.485536724328995 0.533406853675842 0.546217679977417 0.531600117683411 0.667440891265869 1.58064794540405 2.39865207672119 3.64274644851685 4.31378316879272 3.89732193946838 4.29331254959106 3.79198431968689 2.62978267669678 3.20689058303833 3.11031889915466 2.71134901046753 2.51889324188232 2.17452096939087 2.08321952819824 2.32277345657349 2.5493483543396 2.85333561897278
3.14194822311401 2.7594895362854 2.82067728042603 2.25647926330566 2.17803883552551 2.3023087978363 3.36610984802246 3.88406443595886 2.25614237785339 1.687047123909 1.51858270168304 1.55913841724396 1.53676545619965 1.17750906944275 1.29004561901093 1.00872838497162 0.720206379890442 0.57315868139267 0.870981574058533 0.456130057573318 0.348447352647781 0.298427790403366 0.315017282962799 0.372624516487122 0.430832266807556 0.491335242986679 0.516193211078644 0.618798792362213 1.0832771062851 1.54772853851318 2.00555491447449 2.30361700057983 2.55566310882568 2.43696713447571 1.80059993267059 1.75459098815918 1.91894972324371 1.95802927017212 1.90067148208618 1.72361528873444 1.85312700271606 2.00406885147095 2.23894119262695 2.51288819313049 2.69958233833313
2.51696348190308 2.25490999221802 2.01352977752686 1.9702935218811 1.88285219669342 2.17679977416992 2.5203652381897 2.85956883430481 3.52806711196899 2.00571227073669 1.34381186962128 1.10884165763855 0.98168009519577 0.93080461025238 0.904911160469055 0.89660769701004 0.933877348899841 0.702176153659821 1.4692907333374 0.509205102920532 0.304033547639847 0.197120308876038 0.165080353617668 0.228011190891266 0.272099554538727 0.35038685798645 0.455114245414734 0.555639803409576 0.933926284313202 1.32198357582092 1.45255184173584 1.75599777698517 1.81829023361206 1.83653688430786 1.66621267795563 1.46237552165985 1.24048984050751 1.43662583827972 1.52466547489166 1.56904923915863 1.86891400814056 2.01201367378235 2.14272832870483 2.49967503547668 2.71909213066101
1.97851598262787 1.85428178310394 1.72867691516876 1.61197602748871 1.51698529720306 1.82733428478241 2.17489838600159 2.09366941452026 1.72668933868408 1.34931802749634 1.19067621231079 1.07036280632019 1.08150029182434 1.15964877605438 1.06758522987366 1.1345237493515 0.957680881023407 0.976495027542114 2.38376569747925 3.39537763595581 1.7925853729248 0.146220862865448 0.0672605559229851 0.0742064788937569 0.130022898316383 0.198151916265488 0.303222000598907 0.432889521121979 0.710532486438751 0.981038808822632 1.17456161975861 1.23875641822815 1.33327579498291 1.37778973579407 1.21441555023193 1.07290852069855 1.10380423069 1.264235496521 1.49480724334717 1.55740261077881 1.80120623111725 1.97431242465973 2.15245819091797 2.41794109344482 2.77929592132568
1.94091784954071 1.80463039875031 1.61305963993073 1.37739884853363 1.29592275619507 1.47445797920227 1.6028641462326 1.61572551727295 1.4943060874939 1.2709858417511 1.19121611118317 1.3841689825058 1.6089471578598 1.58729863166809 1.49246847629547 1.41098201274872 0.898792803287506 0.653646051883698 2.40626287460327 3.12692332267761 3.74860286712646 0.109392814338207 0.034126054495573 -0.0219687279313803 0.0104674296453595 0.0754159837961197 0.179537817835808 0.301169067621231 0.467542409896851 0.760973215103149 1.00222420692444 0.995851993560791 1.06329607963562 1.11175954341888 1.06891405582428 1.00103306770325 1.07094371318817 1.30928885936737 1.40812146663666 1.65621781349182 1.80796337127686 1.95490479469299 2.15445470809937 2.33598971366882 2.71552896499634
1.75022900104523 1.56913793087006 1.40340113639832 1.19528198242188 1.16679251194 1.3078465461731 1.30123436450958 1.32769811153412 1.24695110321045 1.1986643075943 1.44909811019897 1.44344627857208 1.17922282218933 1.04327404499054 0.827840149402618 0.854965507984161 0.670826852321625 1.21706593036652 2.1204936504364 3.3561589717865 4.34515285491943 0.433683335781097 -0.0138092190027237 -0.0598213076591492 -0.0707648172974586 -0.00574724143370986 0.0997797623276711 0.2342149913311 0.392569243907928 0.664921998977661 0.782580018043518 0.896991431713104 0.884656608104706 0.924266874790192 0.914619088172913 0.949147045612335 1.07964539527893 1.31153011322021 1.37129712104797 1.6475270986557 1.78208613395691 1.91909158229828 2.12018418312073 2.26184678077698 2.72346568107605
1.71668422222137 1.54079008102417 1.32082545757294 0.978133678436279 1.06469261646271 1.19296669960022 1.17834186553955 1.28044283390045 1.25642573833466 1.13331055641174 1.04344892501831 0.972312033176422 1.02668488025665 0.901908159255981 0.776119112968445 0.667571067810059 0.68716824054718 1.08925378322601 2.22392916679382 2.5165421962738 3.8281672000885 -0.01197849214077 -0.0978783071041107 -0.12267155200243 -0.0886600539088249 -0.0543796345591545 0.0282948035746813 0.163823783397675 0.370646268129349 0.580498099327087 0.677968204021454 0.755520761013031 0.784354448318481 0.757741391658783 0.864518940448761 0.975481033325195 1.11222589015961 1.28954148292542 1.36463904380798 1.58492195606232 1.73373651504517 1.90094923973083 2.08834338188171 2.27447724342346 2.65793395042419
1.68475425243378 1.51787066459656 1.30489540100098 0.973140954971313 1.11912882328033 1.19214141368866 1.52928495407104 1.23169887065887 1.30292117595673 1.00509607791901 0.921867609024048 0.886421918869019 0.827516198158264 0.734634935855865 0.65807843208313 0.500047385692596 0.709519624710083 2.12444424629211 2.2329432964325 2.36550378799438 2.95019006729126 0.0732359364628792 -0.146432816982269 -0.152610629796982 -0.101768761873245 -0.0410084500908852 0.0198098160326481 0.142907693982124 0.353409677743912 0.489433974027634 0.594713628292084 0.645975708961487 0.728559553623199 0.736607849597931 0.864033281803131 1.00507926940918 1.21976482868195 1.25737142562866 1.43265092372894 1.56863856315613 1.67837738990784 1.86455917358398 1.99729573726654 2.30850529670715 2.5177903175354
1.47060322761536 1.33547306060791 1.15645337104797 1.15878844261169 1.09445583820343 1.05394899845123 1.03137540817261 1.02973020076752 1.11106503009796 0.884203970432281 0.817626178264618 0.790860295295715 0.736701905727386 0.665496230125427 0.571295022964478 0.562642872333527 1.39767575263977 1.5082391500473 2.03076696395874 3.00061297416687 4.6604790687561 3.14301991462708 2.15541005134583 1.64719259738922 0.223127499222755 0.130429074168205 1.2442375421524 0.139965265989304 0.342498511075974 0.471198827028275 0.53729259967804 0.607612669467926 0.700108230113983 0.763290703296661 0.858709335327148 0.999074220657349 1.20691537857056 1.24179816246033 1.45881307125092 1.56650912761688 1.68024849891663 1.82501530647278 1.95090019702911 2.22124552726746 2.52693819999695
1.37772512435913 1.1263872385025 0.852654278278351 0.864897072315216 0.918904006481171 0.922710597515106 0.926986694335938 0.931571543216705 0.997521102428436 0.87027645111084 0.764119207859039 0.726474285125732 0.665421605110168 0.599949359893799 0.56488972902298 0.605893671512604 1.08357131481171 1.54173099994659 2.31095743179321 5.49253797531128 6.79815006256104 5.90573358535767 4.67830896377563 2.39908051490784 1.21040260791779 0.339647680521011 0.0227072555571795 0.730449140071869 0.421264827251434 0.485513269901276 0.54994797706604 0.595756888389587 0.698966503143311 0.798167943954468 0.886840224266052 1.00620400905609 1.17401945590973 1.24150681495667 1.40186655521393 1.5290195941925 1.67312121391296 1.80288505554199 1.97034454345703 2.18055653572083 2.51575875282288
0.964475274085999 0.809701859951019 0.712098002433777 0.796850502490997 0.825534045696259 0.840588569641113 0.823086023330688 0.836536169052124 0.86685436964035 0.82027792930603 0.675674378871918 0.644493162631989 0.609138965606689 0.567794024944305 0.470285087823868 0.565069019794464 1.16040062904358 1.67373478412628 2.35132670402527 5.22213840484619 6.70314073562622 6.48208522796631 4.49224948883057 4.82016277313232 4.54061937332153 3.59003663063049 1.93424379825592 1.49966263771057 0.338709086179733 0.461555033922195 0.55169266462326 0.632011592388153 0.687718391418457 0.790200233459473 0.925743520259857 1.09874594211578 1.12996673583984 1.28411281108856 1.39929127693176 1.48978161811829 1.64755177497864 1.75258183479309 1.99321043491364 2.14218068122864 2.42883253097534
0.729225695133209 0.649093389511108 0.697690963745117 0.759834766387939 0.767913460731506 0.764861047267914 0.766056299209595 0.801674962043762 0.798586905002594 0.788354933261871 0.781680285930634 0.900008320808411 0.656229555606842 0.528412103652954 0.52287745475769 0.742027938365936 1.00061094760895 1.44871175289154 2.28990125656128 4.25129556655884 5.4902458190918 5.77141237258911 4.62010145187378 3.46816825866699 3.59613251686096 4.15932559967041 3.44662570953369 0.646408975124359 0.303560584783554 0.385600239038467 0.482589989900589 0.585635602474213 0.662919759750366 0.771779716014862 0.907847583293915 1.09415519237518 1.11895298957825 1.29387485980988 1.39655673503876 1.50322473049164 1.61588895320892 1.71403121948242 1.90954208374023 2.16779065132141 2.58678507804871
