slauniainen/Data/DEM/Vihti_slope_16m.asc
ncols         196
nrows         178
xllcorner     353680
yllcorner     6699024
cellsize      16
NODATA_value  -9999
[rows 60 to 89 of 178, columns 68 to 135 of 196]
0.3037843 0.6539041 0.5335345 0.4013466 0.3186375 0.1835281 0.3995037 0.7952895 1.141484 1.260259 0.922226 0.5102172 0.3837312 0.2965354 0.08360109 0.06214967 0.1254938 0.221545 0.1627539 0.1437583 0.4093976 0.4165266 0.2282386 0.8735487 4.043373 8.824459 11.23127 11.34796 17.17756 22.21112 15.90567 4.394768 7.892753 12.08673 13.32234 9.235353 4.416975 2.066488 1.229601 1.125063 1.517084 1.847107 -9999 -9999 -9999 -9999 -9999 -9999 -9999 -9999 -9999 -9999 -9999 -9999 -9999 -9999 -9999 -9999 -9999 -9999 -9999 -9999 -9999 -9999 -9999 -9999 -9999 -9999
0.4401885 0.5838732 0.7071819 0.4297511 0.1675441 0.3601529 0.5683953 0.8790968 1.282583 1.166728 0.7192844 0.3720789 0.3111683 0.2409277 0.2334998 0.2975682 0.2874435 0.2573094 0.2340663 0.2467999 0.4035929 0.5633208 0.3656415 0.4932505 2.412288 7.775055 10.56541 10.64368 14.70382 21.84274 22.02339 11.48082 1.255477 7.355822 11.74368 10.71041 6.437552 3.184483 1.850521 1.0088 1.777251 2.65174 4.679104 6.978823 8.160947 9.575244 12.17099 -9999 -9999 -9999 -9999 -9999 -9999 -9999 -9999 -9999 -9999 -9999 -9999 -9999 -9999 -9999 -9999 -9999 -9999 -9999 -9999 -9999
1.139778 0.7177219 0.6929704 0.7066584 0.3910169 0.4414343 0.7919521 1.02588 1.251287 0.9980534 0.5632155 0.3262137 0.3265696 0.3603728 0.4257839 0.4444008 0.4499612 0.4552718 0.4933783 0.4973322 0.5966074 0.7935359 0.5666809 0.604494 1.58048 6.367071 9.725415 10.2673 12.03126 17.05066 21.62231 17.98808 8.766411 3.112899 8.001328 10.34857 7.630107 4.007795 2.218883 1.316875 2.027619 3.307913 5.992126 7.986387 8.236261 10.90703 13.87085 -9999 -9999 -9999 -9999 -9999 -9999 -9999 -9999 -9999 -9999 -9999 -9999 -9999 -9999 -9999 -9999 -9999 -9999 -9999 -9999 -9999
0.9615195 1.331242 0.929195 0.7510464 0.8204396 0.7101825 0.9444171 1.256647 1.099427 0.7009608 0.4923758 0.3898915 0.4631814 0.5403945 0.489134 0.402202 0.4355776 0.5660751 0.7020732 0.7628197 0.9589951 1.06404 0.7562405 0.624639 0.9162813 4.773857 8.907264 9.98681 10.45068 12.54619 17.31091 18.3999 12.65923 5.539306 4.09761 8.009571 7.710064 4.813143 2.329252 1.219584 2.001974 3.335002 5.939008 7.756003 8.239549 12.18682 13.87422 10.15401 -9999 -9999 -9999 -9999 -9999 -9999 -9999 -9999 -9999 -9999 -9999 -9999 -9999 -9999 -9999 -9999 -9999 -9999 -9999 -9999
0.5287198 0.8333382 1.545753 1.218765 0.9825462 1.091863 1.215649 1.295377 0.9134091 0.5207954 0.4593739 0.4329385 0.5368206 0.6319396 0.7037953 0.7904238 0.8427739 0.9201645 1.153782 1.466717 1.751089 1.533952 1.092884 0.8149441 0.7870884 3.88218 8.209498 9.535569 9.278289 9.900637 13.32567 16.32014 14.22615 9.144451 4.522064 5.197371 6.836351 5.18258 2.476295 1.130465 1.90975 2.978391 5.340491 7.408709 8.84527 13.42103 14.9492 8.434649 -9999 -9999 -9999 -9999 -9999 -9999 -9999 -9999 -9999 -9999 -9999 -9999 -9999 -9999 -9999 -9999 -9999 -9999 -9999 -9999
1.041556 0.7351173 0.5771189 1.49667 1.646003 1.688882 1.6884 1.381965 0.9638657 0.7249352 0.6898685 0.7080912 0.7542863 0.8339221 0.9866142 1.17086 1.36653 1.726228 2.382874 2.865836 2.726763 2.133119 1.726319 1.313661 1.056374 3.475779 7.624963 9.50457 9.022084 8.583095 10.56037 13.19803 13.33136 10.76237 6.941 3.616402 5.32225 4.756907 2.614093 1.175709 1.725084 2.81349 5.002779 6.805948 8.426076 13.82384 15.94519 9.029058 -9999 -9999 -9999 -9999 -9999 -9999 -9999 -9999 -9999 -9999 -9999 -9999 -9999 -9999 -9999 -9999 -9999 -9999 -9999 -9999
0.8222141 1.128793 1.001721 0.1430726 1.441266 2.433989 2.797348 2.375563 1.776993 1.681553 1.685879 1.705699 1.789074 1.93395 2.089767 2.18506 2.306476 2.576213 2.846132 2.409103 1.716592 1.444608 1.57562 1.714553 1.618071 3.116982 6.692953 10.23336 10.63144 8.520413 8.874526 10.46113 10.75438 9.701382 7.782254 4.436938 3.393447 3.854101 2.156015 1.264359 1.67072 2.707664 4.759245 6.167363 7.834474 13.83477 15.91587 8.713369 -9999 -9999 -9999 -9999 -9999 -9999 -9999 -9999 -9999 -9999 -9999 -9999 -9999 -9999 -9999 -9999 -9999 -9999 -9999 -9999
1.883789 1.163331 1.074295 1.288216 0.618232 0.8889454 2.328635 3.060389 3.22123 3.211597 3.203081 3.011912 2.838111 2.971093 3.028975 2.904108 2.746985 2.473904 1.779976 0.6620976 0.5538206 0.6469411 0.8025923 1.182417 1.531213 2.449208 4.58245 9.121292 11.736 9.262026 7.913818 8.482671 8.284997 7.636512 6.837066 5.476945 2.767515 2.781065 1.508816 0.4967051 0.9754984 2.136281 4.33913 6.074593 8.203662 13.61896 14.96667 7.922715 -9999 -9999 -9999 -9999 -9999 -9999 -9999 -9999 -9999 -9999 -9999 -9999 -9999 -9999 -9999 -9999 -9999 -9999 -9999 -9999
4.079048 2.898976 1.601467 1.136077 1.305045 0.8073895 0.3182065 1.32927 2.249908 2.619319 2.475507 1.990404 1.669274 1.815167 1.740036 1.608282 1.388022 0.9950984 0.4361728 0.3820361 0.4758707 0.5135178 0.569561 0.6520124 0.9880998 2.044945 4.451382 9.466186 14.18411 12.44956 9.071902 7.742589 6.273175 5.186598 4.63181 4.459603 3.024041 1.471933 1.233461 0.03102678 0.5958314 1.7532 3.900491 6.491261 8.991879 13.19396 14.16101 8.113096 1.278612 -9999 -9999 -9999 -9999 -9999 -9999 -9999 -9999 -9999 -9999 -9999 -9999 -9999 -9999 -9999 -9999 -9999 -9999 -9999
6.115458 5.642437 4.197769 2.122665 1.156672 0.7935495 0.4476933 0.3868488 0.183521 0.3928505 0.8933494 0.9314441 0.2761985 0.5530289 0.356792 0.1321351 0.08877128 0.1232599 0.3032173 0.3609352 0.3782244 0.4529902 0.5584835 0.6424782 0.9799025 1.923911 5.300275 12.66822 21.27235 20.18182 16.11373 12.3353 8.722217 5.467265 3.263212 2.765998 2.47773 1.025839 1.845831 0.9896015 0.2352948 0.9222572 2.846195 6.150269 9.319618 12.64415 14.26239 10.16715 2.874945 -9999 -9999 -9999 -9999 -9999 -9999 -9999 -9999 -9999 -9999 -9999 -9999 -9999 -9999 -9999 -9999 -9999 -9999 -9999
6.399409 6.883371 6.670798 4.893873 2.560906 1.278643 0.6186777 0.4694986 0.5477641 0.405606 0.5559433 0.7790965 0.3273073 0.4173823 0.5519131 0.1441819 0.1769663 0.1625883 0.2667955 0.3474353 0.37735 0.411946 0.4822652 0.5842783 0.9336734 1.673201 5.497606 17.21011 27.07043 20.59025 14.53406 13.987 12.08267 9.919956 7.792206 6.783039 6.465735 5.818339 5.633589 4.507566 2.477715 0.9035568 1.482715 4.497431 8.341702 11.41926 14.21365 12.65046 6.498826 0.7581808 -9999 -9999 -9999 -9999 -9999 -9999 -9999 -9999 -9999 -9999 -9999 -9999 -9999 -9999 -9999 -9999 -9999 -9999
4.407952 6.048716 6.832001 6.555564 4.8843 2.61614 1.09025 0.5370458 0.5088949 0.5220996 0.2843032 0.536907 0.4419104 0.241295 0.7365198 0.3563398 0.3196342 0.5151652 0.5415321 0.5643202 0.5578585 0.5244887 0.5406982 0.5925332 0.7871289 1.310188 4.951337 20.63859 29.89725 19.44594 7.824461 9.562666 10.82297 10.79957 10.33798 9.738538 9.29055 9.164819 9.443406 8.831472 6.337183 3.348999 1.242798 2.481326 6.365728 9.616163 13.34134 13.76654 8.972814 2.580295 5.851627 -9999 -9999 -9999 -9999 -9999 -9999 -9999 -9999 -9999 -9999 -9999 -9999 -9999 -9999 -9999 -9999 -9999
2.040057 4.346219 5.849271 6.159266 5.907851 3.96187 1.644292 0.6257395 0.2942023 0.3966942 0.2668092 0.2824742 0.5515757 0.4169018 0.7691037 0.958739 0.3796551 0.1444312 0.3052552 0.4406846 0.6203648 0.785764 0.8863647 0.9337487 0.9498977 1.139874 3.907197 21.41051 31.06592 20.50998 8.789436 6.050032 7.655107 9.184029 9.806431 10.10083 11.87722 13.82709 13.72515 12.06524 9.12645 6.045592 2.802427 1.105553 4.445253 8.462825 12.3421 13.48832 10.16999 4.715167 5.331786 8.940934 -9999 -9999 -9999 -9999 -9999 -9999 -9999 -9999 -9999 -9999 -9999 -9999 -9999 -9999 -9999 -9999
1.618611 2.940196 4.72681 5.690797 6.327534 4.911347 1.986503 0.7556757 0.3725466 0.2089068 0.2833192 0.1246151 0.5054035 0.5798026 0.4244064 0.7560674 0.5734411 0.3944997 0.2549529 0.08558935 0.06375346 0.2063882 0.3862282 0.6468416 0.9463869 1.234708 3.177475 19.25758 31.14542 23.78511 11.86697 6.415547 5.141703 7.255639 9.684876 11.67901 14.09516 14.41526 14.67243 14.71533 11.12434 7.856025 4.454891 1.39294 2.72174 7.441749 11.17656 12.44452 10.49039 7.608378 7.877272 7.545185 5.127013 -9999 -9999 -9999 -9999 -9999 -9999 -9999 -9999 -9999 -9999 -9999 -9999 -9999 -9999 -9999
1.774482 2.545328 3.562013 5.116284 6.78206 5.611465 2.108951 0.7145624 0.5787992 0.1868336 0.2195709 0.2213678 0.2395491 0.3357907 0.3441839 0.4190336 0.2942307 0.2356229 0.2778401 0.2388372 0.2515926 0.3188734 0.3104719 0.1642155 0.485995 0.8071326 2.55915 14.63093 28.66142 28.46495 17.91007 9.277341 5.938682 5.337095 8.122098 10.86364 11.40212 8.810126 10.56657 14.80577 14.60386 12.04043 7.412052 3.30958 1.444578 5.871025 9.734987 11.01226 10.76904 11.11122 10.75981 7.382112 3.400454 0.6661333 2.465203 -9999 -9999 -9999 -9999 -9999 -9999 -9999 -9999 -9999 -9999 -9999 -9999 -9999
1.155742 2.530291 3.306751 4.711245 6.715465 5.90211 2.254864 0.6209453 0.6356779 0.2416426 0.05487288 0.2126785 0.08344112 0.08521538 0.1590655 0.2124844 0.105293 0.1619525 0.2350205 0.2256886 0.1320744 0.07860229 0.1359573 0.1145426 0.2987801 0.6674511 2.109814 9.304294 22.08959 29.57333 25.57364 15.57979 9.609485 7.636302 6.509213 5.619208 4.790337 2.169343 5.42162 9.904011 14.25139 15.85613 11.50078 6.360389 2.066163 3.650209 8.122614 9.534261 9.538717 9.428186 8.05434 6.143458 3.865892 2.14876 3.853147 7.497015 -9999 -9999 -9999 -9999 -9999 -9999 -9999 -9999 -9999 -9999 -9999 -9999
2.081078 2.23082 3.399401 4.675289 6.331276 5.792864 2.410784 0.6285105 0.5850015 0.4155004 0.2191763 0.05808729 0.1086341 0.0416539 0.1149511 0.118114 0.05336307 0.08610778 0.1552577 0.2072781 0.1472255 0.07634705 0.1075666 0.1538159 0.2768052 0.7936167 1.645452 5.737105 14.41615 24.68738 28.32215 23.00454 15.61819 10.44234 9.147046 9.50156 8.288438 7.182058 5.541319 3.899103 7.071164 12.7656 11.26191 7.482406 4.312538 2.542546 6.665044 7.865236 6.065853 4.862122 4.521531 4.389705 3.481479 2.921482 6.368822 11.35714 13.44378 14.4336 -9999 -9999 -9999 -9999 3.223607 1.784053 -9999 -9999 -9999 -9999
3.742233 3.065918 3.307133 4.618977 6.094531 5.30738 2.432497 0.8239634 0.6180357 0.4775245 0.06542317 0.2423347 0.09330803 0.1617198 0.128236 0.1736892 0.1125603 0.05646382 0.1085971 0.2109934 0.2350516 0.3259597 0.3690377 0.4586156 0.6339628 0.8557269 1.158983 3.326094 9.26096 18.02881 25.02771 25.55099 21.44934 15.84128 14.00981 15.06611 14.97422 13.92563 12.72496 11.77633 10.83905 11.3586 10.08871 8.144448 6.31106 3.036603 5.30735 7.061675 5.226969 3.267092 3.474784 4.084223 3.608235 3.74084 7.367744 13.90227 15.03574 11.6884 8.701195 -9999 3.91568 4.913969 7.955997 10.73213 -9999 -9999 -9999 -9999
4.143646 4.076069 4.06192 4.407175 5.079771 4.290488 2.687262 1.804304 1.351576 0.9816208 0.5911748 0.1978926 0.1186141 0.1463012 0.1537154 0.1436907 0.1514083 0.1011936 0.1855666 0.3171072 0.4323845 0.5763284 0.8667332 1.314908 1.476583 1.093885 0.7997152 1.527096 5.594808 12.97076 20.48993 23.5787 21.79786 18.22158 16.25815 16.32761 17.18315 17.20648 16.31522 15.4724 14.33601 12.29787 10.07285 8.40228 6.48497 3.316179 4.387195 6.877911 6.541983 4.200111 3.19767 4.073462 4.259074 4.553983 7.190518 14.32959 16.43129 10.03995 5.746263 6.241375 7.198527 8.34662 10.51818 12.98239 14.87638 17.856 14.97635 -9999
-9999 -9999 3.315123 3.106005 2.985267 3.062275 3.842462 4.467724 3.986221 2.685138 1.425303 0.5171859 0.1245541 0.04759801 0.1239696 0.161394 0.2241991 0.2496844 0.3528559 0.4778038 0.7764183 1.190432 1.520647 1.641698 1.504166 1.238796 0.5674102 0.7122769 3.022043 9.029421 16.17624 20.32866 19.72098 17.31909 16.83865 16.74707 17.27019 18.09664 17.59306 16.27664 15.11411 13.32754 11.14874 9.042075 6.659382 4.228979 4.213909 6.41239 7.356717 5.488799 3.428158 3.627493 4.208596 4.892899 7.106166 13.60573 15.39373 10.19644 8.175542 9.158867 10.05541 10.5348 11.29134 11.55034 12.22873 14.16386 11.66407 7.881724
-9999 -9999 -9999 -9999 1.237715 1.308492 3.466851 4.821305 5.163601 4.309789 2.79722 1.18745 0.4041519 0.1537017 0.2195916 0.427195 0.7015964 0.8697093 0.9454494 1.133724 1.387232 1.519051 1.348222 1.025218 0.7806847 0.9887672 0.8563448 0.3542554 1.495462 6.388862 11.96061 15.29065 16.91377 16.59498 16.82855 17.21375 16.89085 16.73732 16.84203 16.29306 15.59672 14.49378 12.2888 9.748875 7.427546 5.31293 4.653845 6.527127 8.059385 6.293694 3.722705 3.374692 3.785922 4.516206 6.715224 12.11161 13.19025 9.755992 9.489802 10.97465 12.38826 12.60084 11.43542 9.537941 8.968697 9.933436 9.175305 8.280324
-9999 -9999 -9999 -9999 -9999 -9999 -9999 1.784801 3.745344 4.469953 3.904995 2.020015 0.7487485 0.3435352 0.540451 1.156112 1.872983 2.28725 2.307536 1.92018 1.375531 1.003047 0.7324657 0.6050316 0.5061458 0.715745 1.004864 0.5247467 0.7726611 5.100837 9.697142 9.768329 10.62499 12.83661 14.11724 14.65577 14.11389 13.2397 13.18303 13.14065 12.83734 12.42229 11.18736 8.984854 6.828719 5.284403 5.202717 7.487233 9.563488 7.410252 4.575734 4.635581 4.771521 4.799331 5.650347 9.04104 10.2239 9.65672 10.94909 12.13848 13.15418 13.37442 11.63795 8.561286 6.414032 6.922942 8.73924 9.56217
-9999 -9999 -9999 -9999 -9999 -9999 -9999 -9999 2.161981 3.706213 4.1292 2.541911 1.033049 0.6619214 0.8920811 1.855751 2.204401 2.345876 2.768022 2.761787 1.986177 0.9516965 0.5884932 0.5499194 0.528031 0.6172507 0.9320638 0.8278006 0.6159685 3.647005 8.577987 8.319324 6.514346 8.334867 10.09499 10.84346 10.60336 9.113022 8.07539 7.844155 7.619526 7.668784 7.795198 6.946749 5.541641 4.634119 5.041523 7.733302 10.71036 9.457302 8.796438 11.09811 11.80898 10.65943 7.562787 4.474011 5.470737 7.156891 8.709163 10.61747 11.86491 12.2765 12.24667 11.13753 8.339552 6.837416 8.836416 9.584347
-9999 -9999 -9999 -9999 -9999 -9999 -9999 -9999 1.252817 3.269057 3.949507 2.451589 1.133861 0.8155541 1.125249 2.439638 3.017548 3.94942 4.906044 5.227561 4.67209 2.584193 0.7470633 0.5106943 0.4680434 0.5589941 0.8257282 0.9342888 0.5303848 1.698024 6.013309 8.672393 7.814553 7.233134 7.183828 7.849914 9.168429 8.583167 6.414983 5.128337 4.683149 4.612587 4.849227 4.702338 4.284531 4.113945 4.784773 7.168632 10.49319 11.4444 15.14021 16.39443 15.46694 14.85064 11.67197 5.619473 1.790939 4.373373 5.160285 7.630013 9.163059 9.982327 11.16618 12.1262 11.26223 9.514947 9.068338 8.088251
-9999 -9999 -9999 -9999 -9999 -9999 -9999 -9999 1.043159 2.97352 3.573114 2.146511 1.037787 0.8631145 1.375901 2.856101 3.935538 4.534632 4.819148 5.102739 5.961623 4.510477 0.9809596 0.4253479 0.4328043 0.5017627 0.6712972 0.8863686 0.3545287 0.7322447 2.230187 4.630628 5.314782 4.757981 4.139757 4.260002 6.079216 6.426514 5.263126 4.337862 3.416209 3.374355 3.973952 3.916862 3.807193 3.883182 4.662214 7.330425 10.64912 11.86743 18.28614 18.1676 9.064401 7.135899 9.18541 9.905869 5.89906 4.710265 5.712678 7.694558 8.372808 7.236351 7.51808 8.605509 8.909405 8.276652 7.718053 5.503651
-9999 -9999 -9999 -9999 -9999 -9999 -9999 -9999 -9999 2.017818 3.092133 2.599374 1.534642 1.161508 1.67531 3.020752 3.914199 3.724576 2.716891 1.671837 5.411345 5.631974 1.163798 0.4168288 0.4716515 0.4471497 0.5744116 0.8592696 0.5722405 0.5480397 1.037142 1.67874 2.145123 2.196278 2.473774 4.548462 7.76889 6.969721 4.550998 4.207967 3.656855 3.037856 3.518437 3.548733 3.760527 3.790108 4.189021 7.682064 11.76344 11.28291 15.50697 19.56928 14.34817 10.06986 7.552538 10.57211 9.299379 6.145511 7.556094 8.895514 8.170753 5.342082 3.894116 4.684839 5.286028 4.199219 4.018851 1.966036
-9999 -9999 -9999 -9999 -9999 -9999 -9999 -9999 -9999 0.6237448 2.85916 3.967484 3.007837 1.709873 1.918514 3.148064 3.803443 3.619827 2.652903 0.1746558 5.453201 5.754862 1.099688 0.394398 0.3863261 0.3903175 0.534762 0.7535554 0.7744765 0.3020087 0.9048614 1.349663 1.651336 1.669664 3.153131 8.092157 11.1466 9.067643 8.000786 7.789213 6.497909 4.87776 3.595951 3.335752 3.946712 3.982338 3.968815 6.703375 11.45745 11.00585 11.47717 18.04519 21.39178 20.88116 17.02851 11.6809 9.830116 7.460887 6.572676 6.779915 5.697947 3.606258 2.046243 2.563531 3.77752 2.713923 2.204928 1.629749
-9999 -9999 -9999 -9999 -9999 -9999 -9999 -9999 -9999 -9999 2.227234 4.099927 4.206049 2.544862 2.169807 3.495414 4.445029 4.161514 2.663125 1.492669 6.03939 5.012094 0.6825666 0.2843514 0.2579207 0.2512736 0.4142631 0.5456997 0.7413523 0.4227762 0.609202 1.062583 1.271548 1.358468 5.326616 12.46011 13.88574 11.18511 10.39145 9.588231 7.245966 5.293793 3.801199 3.331516 4.054783 4.388269 4.487284 5.036705 7.897182 10.23745 10.85123 12.94622 15.34313 16.00211 15.00004 11.67246 8.806628 7.058577 4.763339 3.636191 3.277086 2.451931 1.628401 2.144394 3.422205 3.876197 3.610574 4.312238
-9999 -9999 -9999 -9999 -9999 -9999 -9999 -9999 -9999 -9999 -9999 3.516188 5.266117 4.356562 2.905305 4.070571 5.271931 4.382973 2.606116 3.632563 6.86517 4.050398 0.2138992 0.2007737 0.2262079 0.1867279 0.3691204 0.5161533 0.634754 0.542938 0.2229947 0.8077713 0.9439272 1.548149 11.07818 20.8476 20.8489 18.43846 17.03298 15.30928 12.18754 9.241937 6.960849 4.93585 4.452667 4.768292 4.879391 3.907573 3.21671 5.523052 7.750953 8.684422 9.279218 9.926975 10.28025 9.226049 7.076492 5.108679 2.914869 2.283921 3.177421 2.801834 2.283392 3.370368 4.604259 5.843412 6.51549 7.005964
-9999 -9999 -9999 -9999 -9999 -9999 -9999 -9999 -9999 -9999 -9999 5.947396 7.690897 7.229517 4.778795 4.132675 5.322692 3.580341 1.832755 4.770442 7.691051 4.053632 0.2088843 0.192513 0.2335387 0.2075534 0.2897575 0.4830172 0.609354 0.6363728 0.2208252 0.5366079 0.7194977 2.620785 16.41261 27.10361 24.11662 21.83443 20.57791 20.32817 19.8622 17.06495 13.78327 10.61986 6.970931 4.882466 4.199317 2.497301 0.8279884 1.514247 3.055477 4.820818 6.846345 8.44146 8.569568 6.590318 4.146148 3.008611 1.442137 0.891903 3.524137 4.652274 4.286209 4.79172 5.940594 6.860202 7.600718 7.541543
