slauniainen/Data/DEM/Vihti_dsm1500b_cl_horizonAngle_84.asc
NCOLS 196 
NROWS 178 
XLLCORNER 353680 
YLLCORNER 6699024 
CELLSIZE 16 
NODATA_value -3.4e+38 
[rows 0 to 19 of 178, columns 0 to 44 of 196]
4.346155643463130 7.25933933258057 7.96312808990479 9.97671890258789 17.3539714813232 27.7412300109863 10.1856365203857 26.3030738830566 29.6525058746338 8.87011909484863 9.92597579956055 11.1266622543335 17.6348438262939 22.733678817749 23.8178939819336 26.6744728088379 26.5842113494873 17.4693698883057 21.2209606170654 7.17154359817505 5.96432209014893 8.29800224304199 11.5765380859375 8.73468399047852 15.9223852157593 -0.229187533259392 0.655339539051056 2.63175511360168 4.40432262420654 4.26101160049438 10.0378437042236 15.8544616699219 18.3835964202881 6.5216326713562 3.58546471595764 3.65267539024353 -1.67993068695068 7.41662788391113 6.388352394104 -1.25487339496613 -1.19002556800842 -0.0158460382372141 8.36471748352051 -1.32839810848236 -1.45661342144012
3.97015380859375 15.8580617904663 5.57430553436279 5.7698073387146 18.1436424255371 38.5838508605957 9.38703727722168 48.9037704467773 24.7115592956543 23.4058170318604 8.21213912963867 11.3182573318481 27.9941673278809 16.9093418121338 39.1186065673828 17.3028335571289 21.5353660583496 21.8394832611084 18.4121551513672 9.6156005859375 12.8936367034912 9.17204189300537 8.55720043182373 0.334150910377502 9.0791540145874 0.185587927699089 0.926234900951385 8.78792381286621 9.14383125305176 3.61056113243103 5.34588718414307 14.42884349823 9.37876033782959 7.59747076034546 5.29797649383545 0.279624372720718 2.63111209869385 8.25248908996582 5.48526382446289 -1.95064675807953 -1.820805311203 11.7419748306274 -1.51632118225098 1.62328171730042 3.91740965843201
14.7844953536987 24.5520858764648 45.068660736084 5.42157220840454 6.25087118148804 47.4825096130371 7.31876039505005 37.9943161010742 58.1410255432129 9.941481590271 37.872875213623 14.2100658416748 17.9099235534668 19.2198448181152 23.1104278564453 19.7440509796143 24.3354988098145 25.0690746307373 16.9613819122314 17.3884410858154 11.8228731155396 16.4499702453613 10.8066101074219 17.6647300720215 -2.24139928817749 0.0571238212287426 4.74129819869995 4.15928506851196 6.32930755615234 1.31854391098022 4.70513916015625 12.4270544052124 10.2951545715332 26.6799583435059 -0.880532264709473 1.80169987678528 2.09371185302734 0.35508605837822 11.3999834060669 -1.1801426410675 -0.923880994319916 3.07201504707336 -0.219376236200333 4.45489406585693 4.64516353607178
9.69126796722412 14.3008308410645 22.5538196563721 42.2761764526367 6.64080047607422 49.0820579528809 7.74216604232788 11.3223972320557 35.9453773498535 50.4977188110352 12.3754205703735 50.4043006896973 15.0362348556519 30.1114368438721 20.8998165130615 17.6118450164795 22.4919300079346 20.2840404510498 21.5297946929932 18.1143913269043 22.4261817932129 10.6145086288452 19.7794208526611 9.53731727600098 -2.19607734680176 -0.384454399347305 8.90347671508789 0.0316432416439056 0.934649527072906 3.43011140823364 5.53017854690552 19.8191623687744 10.8708076477051 3.66257429122925 28.4333477020264 -1.41664636135101 -1.07115149497986 -0.996754169464111 -0.321723222732544 -0.0928597375750542 0.401864230632782 1.04178786277771 3.85600423812866 5.55467891693115 8.60464954376221
13.7855806350708 18.4231243133545 26.9889678955078 47.8545913696289 6.91228866577148 25.3060722351074 46.7795028686523 10.1845932006836 34.4472618103027 53.1138114929199 13.2970352172852 21.4420719146729 28.2220878601074 39.6761932373047 29.9919948577881 21.5123043060303 21.7591953277588 21.1471138000488 25.4158039093018 19.4765300750732 15.6509094238281 16.5998954772949 30.4980506896973 4.33295106887817 -2.10635590553284 -1.62388741970062 -0.21096183359623 0.58150452375412 2.35748410224915 2.91109561920166 5.18704986572266 18.1264533996582 2.68540167808533 7.47328281402588 13.0172662734985 1.47591233253479 -0.435551285743713 8.73078441619873 -0.294249206781387 0.0871963948011398 1.55118680000305 3.43316316604614 5.48997163772583 9.69050788879395 10.6228160858154
12.3679161071777 16.4638843536377 23.4358406066895 45.35986328125 7.81280279159546 8.96189594268799 39.596549987793 11.2339906692505 17.0141067504883 18.6463356018066 19.6929702758789 22.9382095336914 24.6103649139404 34.4818267822266 34.874641418457 26.8158378601074 20.4105243682861 20.4132175445557 22.3037128448486 24.0442638397217 19.3608055114746 25.330099105835 25.9296016693115 5.64108180999756 -2.17612099647522 -1.71027708053589 -0.854807376861572 -0.770074546337128 3.76124048233032 -0.441704988479614 2.74228644371033 6.22390222549438 7.16984081268311 9.21429538726807 12.055027961731 -0.404797285795212 -0.0778258219361305 6.07061719894409 0.901240885257721 1.94661366939545 4.13544082641602 5.63164377212524 9.38632774353027 10.4353189468384 12.4845676422119
6.02115154266357 7.11678791046143 7.83978033065796 48.0222282409668 8.25921058654785 9.17947006225586 43.7407875061035 11.7782697677612 16.6589775085449 18.4020881652832 22.1908206939697 38.8449668884277 22.6589508056641 31.7934799194336 40.4491996765137 44.6540260314941 17.1107196807861 18.3557586669922 23.5581359863281 20.7263164520264 26.5164527893066 14.6273880004883 20.4756374359131 0.853633999824524 -1.69895315170288 -1.5262622833252 -0.88665235042572 -0.729635238647461 -0.523459017276764 1.55975580215454 2.76613235473633 2.9537889957428 0.692451298236847 1.73161399364471 5.26541137695312 10.3532314300537 6.98979139328003 1.19882524013519 1.26025354862213 2.06734871864319 4.89108991622925 5.03911256790161 10.2236795425415 11.6233539581299 13.4402084350586
7.10501575469971 10.554271697998 11.1889944076538 11.7794570922852 20.0043201446533 11.8212671279907 37.7738265991211 12.9823694229126 17.0730400085449 19.4200763702393 24.7717304229736 41.4352836608887 18.6848945617676 27.6979312896729 31.3325176239014 45.9616470336914 46.6498489379883 14.3591785430908 18.2181415557861 20.2930297851562 23.1365528106689 24.045825958252 6.25784778594971 5.95724868774414 -1.60878276824951 -1.42786455154419 -0.838847815990448 -0.833198547363281 -0.530811607837677 -0.139055967330933 0.793141961097717 0.77395087480545 1.18686175346375 1.27876758575439 1.92611539363861 2.32674813270569 4.55732154846191 9.7171802520752 2.65427207946777 2.65853023529053 3.2028443813324 8.03343200683594 10.6361207962036 12.3063230514526 17.8131542205811
7.23974418640137 10.4246425628662 11.0256719589233 11.5366373062134 19.8902206420898 11.8536100387573 14.4741067886353 20.4876461029053 29.5610408782959 48.6020698547363 14.8141527175903 16.6631107330322 37.561767578125 22.3298931121826 27.3764820098877 30.0771331787109 37.4121017456055 35.4830513000488 16.6350536346436 21.5517196655273 29.968936920166 18.6982936859131 22.2964057922363 5.75668287277222 -1.53212141990662 -0.973070561885834 -0.877857506275177 -0.482894212007523 0.121851421892643 0.404645085334778 13.0638618469238 0.532599151134491 1.02539455890656 1.7200186252594 1.99141883850098 2.81161618232727 4.43806934356689 3.70456385612488 15.2956209182739 3.81176018714905 8.34348773956299 9.59166717529297 10.3038539886475 14.3898963928223 18.8792514801025
6.72010564804077 8.05317497253418 11.1772575378418 11.8162403106689 12.70241355896 13.4344234466553 14.8477020263672 15.9293870925903 16.4445972442627 18.2263507843018 18.0085029602051 21.7778625488281 22.4358596801758 24.8010311126709 27.1198806762695 33.123161315918 41.2535285949707 55.6784706115723 15.8748159408569 18.4526538848877 23.7392463684082 23.0245800018311 20.9490203857422 -1.38411641120911 8.7876443862915 -1.13150548934937 -0.912328779697418 -0.397129625082016 4.16684007644653 0.161884561181068 5.86760330200195 3.77476024627686 0.67025887966156 0.864786684513092 0.969514071941376 1.97178685665131 3.71375107765198 10.9331970214844 24.2033023834229 4.21090793609619 4.93043422698975 5.48269081115723 9.6598596572876 20.4591770172119 31.084493637085
7.93978881835938 9.78468132019043 10.164571762085 10.8876628875732 10.8933238983154 13.5486879348755 14.7498998641968 15.6767501831055 17.5648231506348 31.1316890716553 16.7347087860107 21.9718647003174 19.768928527832 21.7536201477051 23.4516086578369 29.7059803009033 38.6709289550781 47.1395683288574 20.6840381622314 29.6898975372314 20.2977924346924 24.7848720550537 10.2264089584351 6.67290592193604 0.444939643144608 9.17093372344971 -0.995265960693359 0.0437469445168972 5.65378761291504 0.222917422652245 4.2858567237854 14.8664484024048 8.88727855682373 0.62347811460495 1.44753396511078 1.86636197566986 3.72521233558655 5.73316097259521 15.4271602630615 29.0382919311523 4.37614679336548 5.70716094970703 12.1603603363037 27.684534072876 46.3623352050781
7.88387775421143 11.0213813781738 11.5295219421387 17.3583679199219 11.86314868927 12.6309299468994 14.8380393981934 15.7006874084473 19.2169246673584 15.6606092453003 20.2075748443604 27.787353515625 45.2681159973145 17.3624572753906 22.252462387085 25.0394229888916 22.7928485870361 22.9099636077881 21.8992671966553 23.6407527923584 24.6031665802002 25.3378009796143 36.6607093811035 3.05395126342773 5.70137691497803 9.05955696105957 -0.875240862369537 -0.804713010787964 -0.0197105091065168 0.352648168802261 14.827841758728 0.89377748966217 1.10774624347687 1.44057548046112 1.75322473049164 2.82571959495544 3.70561718940735 5.83813905715942 6.08986139297485 12.0088453292847 30.9729518890381 6.31456995010376 12.576807975769 11.4569005966187 18.3954238891602
8.46505737304688 10.1432609558105 10.9151935577393 14.7358245849609 14.87619972229 44.0092468261719 10.577748298645 15.0108757019043 15.696343421936 16.327169418335 17.7817440032959 24.3557872772217 30.6819972991943 45.0069808959961 33.3545875549316 14.9747486114502 15.3330507278442 21.7054615020752 36.2480392456055 11.8959350585938 11.2801675796509 12.7571926116943 22.9219036102295 8.47865676879883 19.004955291748 20.1298217773438 -0.960902273654938 -0.711011290550232 -0.578659772872925 -0.388501882553101 0.624905824661255 14.6280689239502 0.811340510845184 1.47209596633911 1.87063372135162 2.14214062690735 2.97853493690491 5.34925365447998 14.8112907409668 8.71914577484131 22.5602188110352 10.8565912246704 13.7478179931641 12.634238243103 6.28472852706909
9.60324382781982 9.9376859664917 10.4013643264771 21.6896018981934 10.3966436386108 21.5113887786865 12.1741189956665 14.3603458404541 15.6658811569214 18.0065650939941 21.2454280853271 27.8799819946289 33.8737754821777 49.9112129211426 34.4018135070801 10.8630409240723 10.8578720092773 14.6353244781494 36.0386047363281 19.4780921936035 34.4309616088867 8.63901805877686 16.5746574401855 25.8248271942139 -0.538578689098358 -0.269885838031769 5.05231285095215 -0.153594791889191 3.52790379524231 15.5234661102295 0.224610924720764 0.92822802066803 1.44078063964844 8.64295482635498 1.59261775016785 2.36604285240173 2.64771747589111 9.5883731842041 2.89616775512695 17.5997371673584 3.77032041549683 4.02094554901123 7.37725591659546 5.31192255020142 5.94221115112305
7.72389984130859 9.21212577819824 13.8135213851929 27.8286533355713 9.05754280090332 26.6846218109131 10.7836256027222 15.2072849273682 19.3087215423584 25.0138759613037 34.9476165771484 53.386043548584 22.2662296295166 26.5732879638672 36.0275764465332 20.3918476104736 7.16170644760132 8.66379547119141 11.9583749771118 20.160623550415 20.3113098144531 22.2987537384033 8.28478717803955 16.5722923278809 9.88487529754639 11.9946718215942 -0.694363713264465 -0.506770491600037 -0.35748752951622 -0.7146897315979 2.87751936912537 0.0693574622273445 0.756480097770691 0.757746279239655 7.6456356048584 8.28775882720947 0.281655222177505 12.3695058822632 2.12939238548279 7.31853628158569 3.22508597373962 3.59961032867432 4.3403000831604 5.48867464065552 18.8641567230225
8.0167179107666 23.0127201080322 9.43085861206055 14.6812257766724 10.5427217483521 24.3490409851074 16.4906044006348 14.1258115768433 20.3961162567139 27.7005271911621 47.1046485900879 24.9799556732178 25.7260036468506 35.8472518920898 36.8147964477539 11.8555107116699 8.33835792541504 5.64304208755493 15.5744047164917 6.34920310974121 28.3558864593506 10.7016477584839 20.6342220306396 25.6636600494385 4.53163194656372 6.07292985916138 5.53427457809448 -1.42208886146545 -1.19389045238495 -0.138472259044647 -0.610483586788177 8.11627674102783 -0.445011824369431 -0.433968931436539 1.93768501281738 7.59432220458984 17.5698146820068 -0.0520412810146809 1.44307768344879 4.52283096313477 11.6989078521729 0.100138269364834 5.95605945587158 13.4241819381714 15.2583446502686
9.01797866821289 9.39037418365479 9.73159885406494 11.3834867477417 15.0017957687378 16.3814811706543 17.4258918762207 17.855619430542 20.2124919891357 22.580394744873 32.8012008666992 24.1447639465332 28.198616027832 37.091724395752 30.9928932189941 6.98397207260132 6.4541540145874 5.05161619186401 5.38499307632446 6.38718748092651 10.0789384841919 13.3107881546021 20.0389766693115 24.0484962463379 4.25751066207886 10.3608665466309 6.73587322235107 5.84677457809448 -0.274085193872452 -1.28198206424713 -1.18171489238739 -1.16945219039917 -1.07609724998474 4.63729953765869 1.82686972618103 11.2274942398071 31.9817028045654 -1.2180951833725 3.31944131851196 0.297774434089661 13.9890489578247 2.6010148525238 11.833423614502 24.7901268005371 -0.515829265117645
41.6137847900391 8.23358917236328 10.9097785949707 13.1181163787842 24.9040813446045 14.8990049362183 16.4917755126953 16.6784324645996 18.9913101196289 25.6503944396973 26.1365356445312 24.4196720123291 27.1926937103271 32.2877311706543 26.2552223205566 24.3614349365234 11.3845615386963 13.911057472229 3.44754409790039 3.88971090316772 3.93822288513184 7.59975242614746 11.8177967071533 18.3285331726074 25.4693717956543 1.95328176021576 9.1757287979126 12.6945133209229 1.56492340564728 10.2023239135742 -0.706156313419342 0.850989937782288 2.10374140739441 -0.431021392345428 1.26857686042786 9.04654121398926 10.2910203933716 3.39603638648987 2.30918884277344 4.53147268295288 11.9731092453003 9.43490505218506 -0.114113189280033 4.89111614227295 0.780724287033081
10.6950216293335 11.7443542480469 12.8646001815796 14.055193901062 15.3740177154541 15.8410177230835 18.2669658660889 18.7839431762695 22.9375038146973 36.7872314453125 23.9917488098145 27.7463970184326 29.1594524383545 37.5963706970215 30.0368423461914 16.8312931060791 22.6779880523682 9.73568439483643 5.57896709442139 7.6025333404541 10.5788621902466 0.848927676677704 1.77623856067657 6.41576337814331 7.35351991653442 26.5273971557617 6.44256782531738 19.605411529541 0.188236698508263 2.37078857421875 5.54101037979126 8.15375232696533 16.8014736175537 0.375173091888428 1.49393224716187 4.96207666397095 9.16294574737549 1.66253745555878 3.1204822063446 2.30953240394592 23.7970066070557 4.35588264465332 9.71449375152588 2.85150003433228 6.91870832443237
8.7750129699707 11.9696435928345 12.0948829650879 14.5554695129395 15.8493642807007 17.3610439300537 19.220142364502 21.3799343109131 23.8675479888916 32.7270622253418 28.6730117797852 36.4201354980469 45.5767974853516 41.6018257141113 21.1700267791748 13.6827068328857 30.5305614471436 8.80743503570557 12.8451175689697 17.4521389007568 7.84042358398438 6.01265811920166 -0.399900108575821 3.58900308609009 10.2044467926025 13.9861822128296 14.612416267395 17.395149230957 1.23378944396973 0.527116894721985 0.751859486103058 7.40737009048462 1.22858488559723 6.81150388717651 11.2064914703369 2.52079939842224 3.92714238166809 5.49908876419067 14.5678358078003 3.40055584907532 2.22118067741394 4.09756517410278 5.04439830780029 7.49650621414185 17.8904838562012
