slauniainen/Data/DEM/Vihti_dsm1500b_cl_horizonAngle_312.asc
NCOLS 196 
NROWS 178 
XLLCORNER 353680 
YLLCORNER 6699024 
CELLSIZE 16 
NODATA_value -3.4e+38 
[rows 40 to 59 of 178, columns 45 to 89 of 196]
15.4902992248535 14.4468460083008 16.5192565917969 13.8164672851562 6.41919755935669 19.9866542816162 19.0675849914551 8.3573751449585 8.04791641235352 7.79843330383301 37.3213768005371 7.81720924377441 8.89572048187256 8.76134967803955 9.36375331878662 10.5734577178955 9.63919830322266 8.26974201202393 8.39379215240479 7.55717372894287 6.70838737487793 6.31446123123169 7.3651876449585 6.4697699546814 6.45300054550171 6.71373558044434 6.19487762451172 6.27073383331299 5.75652837753296 5.83866834640503 5.27794599533081 5.34340524673462 5.43021869659424 38.152759552002 6.1429877281189 6.33687734603882 6.67438697814941 7.0322470664978 6.92183971405029 6.69420909881592 5.74158239364624 5.68080997467041 5.2491774559021 5.32427072525024 5.12785482406616
12.1826457977295 12.8607959747314 12.0621137619019 5.71731472015381 9.76467704772949 21.2108573913574 7.70201444625854 6.88371515274048 37.7326049804688 14.4391307830811 7.27300214767456 7.56703758239746 7.06113052368164 8.20746231079102 7.73069763183594 8.63620185852051 8.43799877166748 8.40412712097168 7.99408483505249 10.6363105773926 7.35613775253296 6.67363882064819 6.14379739761353 6.35913133621216 6.41431427001953 6.26296520233154 6.39394760131836 6.17456531524658 6.0416579246521 5.95434665679932 5.39022588729858 4.85883712768555 4.6889591217041 5.34935760498047 21.3728809356689 8.00879669189453 6.088698387146 6.33234262466431 6.67456102371216 6.59346008300781 6.38699197769165 5.45889568328857 5.39371490478516 5.20212745666504 4.84350442886353
12.2653694152832 11.1620216369629 10.8474960327148 8.61999607086182 13.8678817749023 5.89026355743408 23.3984661102295 6.82992267608643 6.84790658950806 7.04727602005005 7.10944986343384 6.68490362167358 6.59586906433105 6.94134998321533 8.44173717498779 10.6203603744507 8.26679801940918 8.83850002288818 7.93982076644897 7.23103141784668 7.76098680496216 13.4489421844482 13.4060096740723 23.022912979126 15.8860654830933 12.2562761306763 19.0860633850098 6.28331756591797 5.74737071990967 5.5834527015686 5.81402397155762 5.27831315994263 4.73817729949951 5.51387214660645 5.07323789596558 14.5260448455811 7.8721718788147 5.8590145111084 6.01597499847412 6.35632610321045 6.2826828956604 6.06133651733398 5.16524124145508 4.97259187698364 4.92392253875732
10.1375484466553 10.4295415878296 9.84445762634277 5.61442899703979 12.9353351593018 4.90279769897461 5.37937116622925 5.27127265930176 6.78081130981445 6.30842876434326 6.29510259628296 6.24829387664795 6.06244707107544 6.46149492263794 13.5645914077759 10.7507762908936 9.3032751083374 8.08139228820801 8.03008460998535 7.89345455169678 11.454176902771 12.9190254211426 8.0601634979248 6.59964561462402 10.2181005477905 8.00570869445801 6.4099817276001 5.68639087677002 5.88493490219116 5.73431968688965 11.5383214950562 5.8518009185791 9.04524993896484 4.70517301559448 4.44498205184937 4.70321035385132 10.8758172988892 7.84542846679688 5.63138723373413 5.7199273109436 6.04448270797729 5.99252700805664 5.79807424545288 5.54286193847656 4.2860164642334
8.54182434082031 9.14260292053223 9.41064643859863 5.49668025970459 5.46159982681274 5.50367736816406 15.6899080276489 5.25505352020264 4.88178396224976 6.34100246429443 6.02537107467651 5.6229567527771 5.71057415008545 5.57975912094116 6.10732507705688 7.73286819458008 7.55958271026611 7.70233917236328 7.77737712860107 7.78579950332642 7.51121807098389 7.89353132247925 11.2010097503662 10.5224151611328 12.6426134109497 6.49956321716309 6.06070327758789 5.9118390083313 12.8477602005005 10.2610502243042 14.7865772247314 8.64116382598877 5.22825050354004 4.79651355743408 4.55198621749878 10.3151044845581 4.40041589736938 8.62640476226807 7.55951356887817 5.42122936248779 5.4480996131897 5.75166368484497 5.54859781265259 5.02693843841553 4.00421380996704
8.33813953399658 5.93019104003906 5.58301496505737 5.70601749420166 8.54244899749756 5.13801193237305 5.19509601593018 8.11763572692871 9.86363506317139 4.66655445098877 5.57532978057861 5.2811279296875 4.91383075714111 5.13606071472168 9.078857421875 14.0318994522095 6.37196111679077 6.92267608642578 6.58458948135376 7.16485977172852 7.63743114471436 7.43185424804688 6.82517957687378 7.71639680862427 7.03198528289795 6.21649694442749 5.68985176086426 5.6923189163208 5.70814895629883 5.33937978744507 5.34379243850708 5.28128862380981 4.97331190109253 5.03437232971191 4.59698724746704 11.1260805130005 4.36478471755981 4.01127862930298 6.53999614715576 6.30489063262939 5.22773122787476 5.18715286254883 4.97501182556152 4.25056409835815 10.639214515686
5.34901475906372 5.88549900054932 5.63408899307251 5.38289308547974 5.03646183013916 5.38714122772217 13.7440118789673 14.3327465057373 5.00730657577515 5.58426666259766 4.22576570510864 6.06146001815796 5.82369232177734 10.2553396224976 7.13065433502197 5.19735527038574 8.19194889068604 5.89120578765869 6.28938293457031 6.50890254974365 7.08133268356323 6.85021162033081 6.352219581604 6.86679220199585 6.25722360610962 6.18522787094116 5.9641489982605 5.66279554367065 5.67495107650757 5.56636571884155 6.91255187988281 5.1324291229248 5.07549285888672 4.73426580429077 4.94954109191895 15.641242980957 4.71698570251465 4.30348825454712 5.23374032974243 5.81033658981323 5.41501998901367 5.04023313522339 4.52039527893066 4.7321834564209 4.16609525680542
5.55127716064453 7.91290426254272 5.64713573455811 5.61449480056763 5.42716360092163 4.95819854736328 15.1046648025513 7.69013452529907 9.37532615661621 4.90847539901733 4.81010150909424 12.3805351257324 4.63090515136719 5.85272645950317 5.31666374206543 8.35483074188232 8.50790119171143 5.70311784744263 5.58312511444092 5.88258457183838 6.22597122192383 6.31512546539307 6.33716440200806 10.7727308273315 5.9356803894043 5.58785104751587 5.99494123458862 5.60028076171875 5.2388744354248 5.41084146499634 5.22138166427612 5.03435373306274 4.81437206268311 11.8138942718506 11.4102191925049 15.6700716018677 4.67588233947754 7.92406511306763 3.97357583045959 3.78088402748108 5.96871423721313 4.87579774856567 4.87995529174805 4.36560964584351 4.4994101524353
4.99098634719849 5.3478832244873 4.90031099319458 5.49475955963135 5.31059408187866 12.1122341156006 21.2312107086182 5.28192520141602 6.59401655197144 6.25695085525513 5.34073400497437 4.59431743621826 8.34268474578857 8.22358703613281 13.2227458953857 9.88919353485107 4.58955097198486 4.49403429031372 5.39644861221313 5.27157783508301 5.49821615219116 5.56525421142578 5.5412540435791 6.88461256027222 5.49493980407715 5.49749708175659 6.38866710662842 5.58908081054688 5.22650241851807 5.03803157806396 4.52219152450562 4.59259510040283 5.56135177612305 17.659797668457 5.85752964019775 10.1623668670654 4.83619689941406 4.46740102767944 4.46352243423462 3.90130114555359 5.28917264938354 6.05257987976074 4.71167087554932 4.70701265335083 4.14277696609497
5.6877965927124 4.46529054641724 4.72412824630737 4.9995231628418 4.71545362472534 15.5549631118774 8.46063995361328 6.5170373916626 5.06968832015991 5.3038158416748 5.67957496643066 4.86270093917847 9.59410953521729 6.14294290542603 4.27342700958252 6.81792211532593 4.22856140136719 4.41190624237061 4.30902147293091 4.70013761520386 5.18886709213257 5.39629125595093 5.48137760162354 5.2503604888916 5.12746429443359 9.81585025787354 5.1565899848938 5.16310977935791 5.23635005950928 4.94218826293945 4.43416452407837 10.5816402435303 12.8576984405518 5.3833065032959 4.71790647506714 4.90456295013428 6.84981870651245 6.88533592224121 4.34989166259766 4.16168880462646 6.59769773483276 3.55003666877747 6.56800651550293 4.5273494720459 4.10989236831665
4.25198554992676 4.1690354347229 4.27646732330322 11.5211524963379 4.80625915527344 17.8822345733643 6.47426986694336 5.35176944732666 5.59827470779419 8.58983612060547 6.74705028533936 5.10990762710571 4.62456607818604 4.3258843421936 4.13777256011963 4.15658092498779 5.07003784179688 8.53556442260742 11.3179817199707 5.59619474411011 17.4374961853027 5.04144620895386 5.00134897232056 5.26560640335083 5.04019784927368 5.06862020492554 5.15553760528564 4.85993814468384 4.8337869644165 5.1487455368042 4.31373023986816 9.62116432189941 8.91095161437988 7.32687187194824 4.43119812011719 4.46396398544312 4.67504596710205 5.20197439193726 4.59668254852295 4.56770038604736 4.03628301620483 3.46020007133484 3.43855285644531 7.48824453353882 4.32963895797729
4.47095918655396 3.79448127746582 4.03060388565063 4.0114426612854 4.47924709320068 4.68726634979248 4.76382160186768 4.99804544448853 5.57191705703735 4.84211540222168 4.98417615890503 4.85940837860107 4.62752962112427 4.3678674697876 4.13232851028442 4.01114940643311 4.04716730117798 4.72139406204224 6.30195140838623 9.91429615020752 12.1446895599365 6.40153074264526 4.49194049835205 4.37341547012329 4.39082431793213 4.64499759674072 4.72460842132568 5.02723217010498 4.5142879486084 4.61284303665161 4.60743427276611 13.5274047851562 4.12868499755859 4.26375913619995 4.18498659133911 4.26360321044922 4.31744766235352 10.5338115692139 4.37017107009888 6.08516788482666 4.14799499511719 7.78736639022827 3.35169267654419 16.2702770233154 6.22018051147461
25.4634895324707 3.93278098106384 3.82231426239014 3.98355269432068 6.13133239746094 4.03659296035767 4.38129138946533 4.46283531188965 4.71132850646973 5.00643396377563 4.79531288146973 4.60941410064697 4.59775018692017 4.77089500427246 4.23911952972412 3.91079688072205 3.84003281593323 3.87508749961853 4.38275861740112 5.13200378417969 6.70516014099121 7.49418687820435 3.69556283950806 4.36056470870972 11.106014251709 13.6994314193726 5.02069568634033 4.555832862854 4.78514099121094 4.47541999816895 4.40933561325073 4.53749752044678 4.04122543334961 3.92530083656311 3.9906952381134 4.06958198547363 4.24681520462036 15.4478826522827 4.59581804275513 4.33222818374634 4.0976185798645 4.0474796295166 3.9994044303894 3.31659984588623 22.1807079315186
3.07632112503052 3.42735481262207 3.5211865901947 3.93616151809692 3.79524421691895 3.67027831077576 3.81017422676086 4.19150829315186 4.03816032409668 4.33817577362061 5.64399385452271 4.54992389678955 4.53907585144043 4.43777132034302 4.4052848815918 4.09100484848022 4.40839862823486 3.54494404792786 3.59848642349243 4.12502908706665 4.28318500518799 4.11944437026978 5.20092582702637 18.9201564788818 6.90534353256226 6.35953092575073 5.16169881820679 4.38577842712402 4.43341159820557 4.74815893173218 4.10305166244507 4.56588840484619 4.24158096313477 11.9443483352661 5.7100830078125 3.93913793563843 9.77385902404785 7.23794174194336 4.5224552154541 4.06988525390625 3.99263477325439 7.10991287231445 3.47648119926453 2.93287634849548 2.48982572555542
2.66140365600586 8.10884094238281 9.13403034210205 3.49965167045593 10.5845193862915 3.41609477996826 3.37288069725037 3.57690811157227 4.02194976806641 5.12359714508057 9.55785083770752 4.69905662536621 4.34945964813232 4.29763698577881 4.29300355911255 5.12157535552979 3.83045887947083 3.6527693271637 5.22776079177856 3.55713605880737 3.89610958099365 4.02807092666626 3.94482660293579 3.93998980522156 9.05896663665771 4.30645179748535 4.3297905921936 4.28847026824951 4.2651743888855 4.21386861801147 4.45928716659546 7.83089351654053 4.16519737243652 4.16885328292847 4.07821416854858 3.46084380149841 3.5924654006958 3.74222612380981 8.15623092651367 4.44019365310669 3.3987922668457 3.61120223999023 2.62488555908203 2.09646153450012 22.3904781341553
2.40024328231812 2.94117879867554 3.23054647445679 2.7765953540802 3.42161226272583 4.08460998535156 3.40370416641235 4.22291564941406 3.495530128479 3.80858445167542 3.91329956054688 4.18662643432617 4.3489670753479 4.19933843612671 4.21719884872437 4.04078435897827 3.33927822113037 2.91536736488342 3.42447733879089 3.28864288330078 3.28700137138367 3.61529445648193 3.90279483795166 5.22698307037354 3.8861026763916 4.20001649856567 4.15270662307739 4.1187744140625 4.22040462493896 4.07675313949585 4.03860855102539 6.21385097503662 6.02013921737671 3.88436889648438 3.81786251068115 3.74611568450928 7.06363534927368 3.52792477607727 11.5832805633545 3.65793824195862 2.99976587295532 2.62019038200378 2.85368418693542 1.97387540340424 1.84856152534485
1.53779220581055 2.23101329803467 2.37873411178589 3.46523404121399 2.60255885124207 5.39077043533325 3.35009241104126 3.39530038833618 3.34009265899658 3.42100882530212 8.56079578399658 3.55167746543884 3.96072053909302 4.05680990219116 3.67625427246094 3.59832453727722 2.90367460250854 2.73300909996033 10.7920608520508 3.32513761520386 3.26422071456909 9.54494380950928 5.14626455307007 3.8989269733429 3.37219595909119 3.53813052177429 3.59935188293457 3.96919560432434 3.98750424385071 4.02135372161865 5.65607881546021 4.07330894470215 4.31829023361206 4.0378303527832 3.70222115516663 3.79347205162048 6.42565155029297 8.95098114013672 7.71708917617798 2.86764359474182 3.17718696594238 2.42089891433716 2.61169338226318 2.12856006622314 1.52664923667908
0.50415050983429 5.08265686035156 2.78381204605103 2.00971603393555 2.02012038230896 19.6389122009277 11.0612115859985 9.81518459320068 3.23550701141357 5.59178018569946 8.22329044342041 3.5791711807251 3.3405134677887 3.69926166534424 3.59072041511536 2.66172981262207 2.54462838172913 2.66209030151367 2.6111102104187 7.43396759033203 8.0389928817749 3.10342884063721 2.89573645591736 2.79705119132996 3.65508103370667 4.43191003799438 3.41962265968323 3.42042684555054 3.79212665557861 3.71571159362793 3.75314617156982 3.50557017326355 3.71731877326965 4.4312744140625 3.75146150588989 3.3668646812439 3.48181653022766 3.43676853179932 3.31117630004883 3.01522517204285 2.86758136749268 2.52600812911987 2.24669718742371 1.99659240245819 1.48182582855225
11.1163301467896 20.9750995635986 4.38307189941406 2.07142424583435 3.40318560600281 16.6994190216064 7.23171615600586 5.9458270072937 3.26662445068359 3.19697618484497 3.15089154243469 3.23785328865051 3.47048997879028 3.24151277542114 2.85624718666077 2.52715468406677 2.18401956558228 2.52436709403992 2.57350492477417 13.8104438781738 4.99184417724609 3.45523929595947 2.63770389556885 2.65757632255554 2.78600525856018 4.76779079437256 3.30975794792175 3.2703378200531 3.29992389678955 3.56452369689941 3.30872321128845 3.44373798370361 3.32644844055176 4.90860795974731 3.17918825149536 3.23626041412354 3.24148654937744 3.27008843421936 7.29363059997559 3.29852509498596 3.01419401168823 2.63512468338013 2.45392346382141 2.01068949699402 1.62986421585083
-0.458599328994751 7.62199878692627 9.55304622650146 4.3633246421814 2.78379082679749 18.212329864502 4.62084484100342 6.38889408111572 3.35576868057251 3.16983485221863 3.1596782207489 3.35612893104553 3.23181176185608 8.20684719085693 2.72931957244873 2.23838758468628 3.89911580085754 2.10799145698547 2.504399061203 2.100266456604 2.25140571594238 2.59160423278809 2.26087880134583 2.37923717498779 4.08619070053101 2.63876819610596 3.41709589958191 3.04138159751892 2.92135524749756 2.82411956787109 3.23455953598022 3.16132211685181 3.11207389831543 3.03919744491577 3.67872905731201 3.04217576980591 3.80085778236389 3.11218357086182 5.26941585540771 3.3879132270813 3.22140049934387 8.7882833480835 2.56179594993591 2.02133107185364 1.5968850851059
