slauniainen/Data/DEM/Vihti_dsm1500b_cl_horizonAngle_144.asc
NCOLS 196 
NROWS 178 
XLLCORNER 353680 
YLLCORNER 6699024 
CELLSIZE 16 
NODATA_value -3.4e+38 
[rows 0 to 19 of 178, columns 46 to 91 of 196]
5.22447776794434 5.1851372718811 6.8994836807251 10.5229873657227 12.1118240356445 18.8919620513916 11.9378347396851 6.36437082290649 15.4832057952881 8.64503479003906 1.73739123344421 6.38804292678833 12.2770948410034 19.7409076690674 -0.792874991893768 3.48869109153748 3.58200883865356 36.1420783996582 1.97196471691132 3.55445003509521 0.57965761423111 1.35354936122894 0.667319238185883 1.55485594272614 0.835459232330322 3.47674822807312 4.20212888717651 20.9058456420898 8.75860404968262 2.18613815307617 5.60784959793091 5.88012838363647 5.66000938415527 3.13173317909241 -0.782822132110596 -0.286052495241165 7.69890832901001 6.50375461578369 10.9205474853516 18.2567462921143 22.7902030944824 15.1482610702515 5.09158515930176 2.33855938911438 -3.30145478248596 14.0699882507324
10.9792718887329 15.7168321609497 20.156005859375 26.8780422210693 32.337287902832 39.713565826416 16.3361282348633 13.4920148849487 15.1773929595947 6.03025102615356 3.15657830238342 6.54994297027588 0.358289569616318 -0.332046180963516 0.641152918338776 0.54411393404007 -1.00437617301941 32.3840026855469 0.462443500757217 -0.13567416369915 0.788820028305054 3.11583709716797 5.49489212036133 3.05018448829651 2.40642189979553 5.40809679031372 8.13283634185791 17.5610122680664 8.74171924591064 2.68096375465393 3.33528971672058 4.32676649093628 9.71200847625732 0.9836505651474 -1.06280744075775 0.831018924713135 7.80811738967896 11.7753429412842 10.8197689056396 3.91600155830383 7.5251579284668 14.4626016616821 8.64552879333496 1.72191667556763 -3.19874095916748 6.85335636138916
14.4740686416626 14.9377536773682 21.9836273193359 33.9575691223145 35.7234535217285 15.4471969604492 18.1806869506836 17.5761604309082 9.56056118011475 3.27062106132507 0.813889920711517 3.64885234832764 -0.463010609149933 -0.377024441957474 -0.267408162355423 -0.302081167697906 -1.42147219181061 29.033597946167 0.903497815132141 2.01587724685669 4.12661600112915 6.72824144363403 5.83664846420288 5.27494668960571 15.7657651901245 5.02551221847534 16.2723693847656 8.01791095733643 14.1568231582642 6.21478080749512 1.10744524002075 -2.23334193229675 -1.7794417142868 -0.613366901874542 1.61055827140808 10.9253492355347 16.2269611358643 10.8280773162842 8.87796401977539 2.63648748397827 6.91697025299072 11.401930809021 2.06327891349792 -3.40423202514648 -3.37735414505005 -2.74705123901367
14.0740280151367 20.2068405151367 21.1187324523926 39.4940490722656 9.76066493988037 22.0804710388184 23.3783206939697 3.69465494155884 3.86606669425964 4.3659610748291 5.02694511413574 7.97642183303833 3.23494696617126 -0.346351087093353 -0.0341755747795105 9.60743618011475 2.10096907615662 16.2463893890381 0.8526611328125 1.63848125934601 8.86722564697266 9.38879299163818 7.19285440444946 17.6869678497314 16.0677642822266 8.87125015258789 7.3892388343811 0.702663481235504 3.86050534248352 -3.39406132698059 -3.37083148956299 -3.33852434158325 -0.494935989379883 -0.142764866352081 14.8281373977661 14.8632707595825 9.70240592956543 3.51615595817566 -3.69860172271729 -3.56300950050354 6.55319499969482 13.2697792053223 -1.95318579673767 -3.52424764633179 -3.02647137641907 -2.96469497680664
19.6138076782227 19.7892150878906 28.7377738952637 43.9084358215332 7.17224645614624 9.88300228118896 4.93366813659668 0.809928596019745 4.29975032806396 4.37316465377808 14.3732290267944 9.00990009307861 2.33564519882202 0.0294735580682755 0.592348873615265 0.760105729103088 0.334368139505386 2.89252328872681 3.36494588851929 8.21812438964844 7.77334213256836 4.77901792526245 10.3149833679199 14.616304397583 16.5201778411865 1.42845058441162 9.05228519439697 9.06795597076416 2.621737241745 12.7716188430786 -1.71254169940948 0.591458082199097 0.175490513443947 24.4732322692871 28.6371059417725 3.63064408302307 6.45303106307983 -3.37582278251648 -3.2899649143219 2.36440849304199 -1.11863422393799 -3.59526991844177 -3.56989312171936 -3.34437370300293 -2.68503642082214 -2.29374480247498
23.1883239746094 26.2809066772461 41.092716217041 14.8926439285278 7.92897939682007 9.24987602233887 5.96727180480957 4.37567138671875 3.46157097816467 -2.6320972442627 -3.43087911605835 -2.34740662574768 -1.41825950145721 -1.34822297096252 -0.230197444558144 2.63603544235229 9.15649223327637 4.6793270111084 1.94483041763306 7.84597396850586 5.4424295425415 6.21847581863403 16.0455303192139 13.4188680648804 15.8479194641113 9.41763210296631 5.97758340835571 2.53973817825317 1.72416007518768 3.79928946495056 -0.644815862178802 9.55746650695801 11.4765377044678 27.8185482025146 4.82746744155884 1.18762838840485 -1.84922289848328 -3.20775842666626 -3.06904911994934 -2.88593435287476 -3.23188161849976 -3.24781537055969 -3.22289037704468 -2.6416232585907 -2.04695892333984 2.47768974304199
24.6247386932373 40.1173896789551 40.383487701416 8.72359180450439 14.1619844436646 10.1511135101318 6.2118763923645 8.70980930328369 3.64627146720886 -3.2661247253418 -2.57160067558289 -2.41957569122314 -1.34079885482788 0.022870859131217 2.74333167076111 5.77214431762695 8.20720291137695 14.8580074310303 10.6479978561401 2.58845734596252 4.89248752593994 12.4738330841064 11.8439865112305 22.156099319458 18.1892337799072 3.39256834983826 3.51241087913513 3.44386577606201 5.69869756698608 3.81058168411255 6.3704628944397 14.7718391418457 10.0306873321533 3.11195182800293 3.8955237865448 4.60429811477661 -3.0300886631012 -2.96246838569641 -2.53041815757751 -2.82877159118652 -2.61971378326416 -2.64345622062683 -2.69319295883179 -2.263751745224 -1.28163170814514 -1.43873715400696
38.2219314575195 45.7119216918945 9.49308586120605 13.9318199157715 12.2196407318115 10.6875047683716 12.3213815689087 9.10882759094238 -3.45831346511841 -3.37353110313416 2.68175411224365 -1.13547563552856 2.87497901916504 3.07050657272339 1.56863391399384 3.79852652549744 7.30421447753906 9.6146125793457 22.2499828338623 11.5233783721924 10.0260219573975 12.1423482894897 25.2966766357422 20.7928009033203 4.76313209533691 -3.4121265411377 -0.83293217420578 7.54174709320068 8.21396636962891 8.42477512359619 13.9102039337158 8.15176868438721 0.837159335613251 8.74454116821289 2.26306962966919 -3.05667567253113 -3.02928709983826 -2.68460416793823 -2.42666625976562 -1.84143781661987 -2.07438921928406 4.98194169998169 0.824853122234344 9.55825996398926 -1.4624981880188 -1.03269934654236
32.3108177185059 7.43821954727173 4.60668563842773 17.8562545776367 14.3243370056152 5.0009913444519 -1.8906067609787 -2.36204051971436 -2.07473754882812 -0.308980971574783 2.18431782722473 2.37043404579163 6.60777425765991 -1.02184653282166 0.673967063426971 2.43990731239319 9.06653594970703 13.7549295425415 12.7633457183838 43.0732498168945 39.5332565307617 8.44282341003418 25.9109859466553 6.90817642211914 -0.630053758621216 -3.38224387168884 -3.19512438774109 0.667447566986084 8.99463176727295 6.22674369812012 -1.72315990924835 6.31584358215332 8.17315578460693 -2.83853054046631 -2.66443824768066 -2.84179711341858 -2.4891037940979 -2.08346033096313 -1.09964573383331 -1.2761470079422 -1.3167325258255 14.2235240936279 -1.47753846645355 -1.96711122989655 -1.3307638168335 -0.559209108352661
3.5904848575592 12.6052665710449 13.1898775100708 1.46159791946411 -1.43332159519196 1.58386862277985 1.27637577056885 2.85606837272644 -1.71185111999512 -2.80875682830811 0.164455711841583 6.89412117004395 -1.54729402065277 -1.9008617401123 0.0675159469246864 4.1114387512207 11.1619281768799 10.1329679489136 19.6595268249512 27.1706218719482 20.2303352355957 28.4473285675049 6.42690515518188 -1.9273773431778 -2.07906174659729 -3.47920966148376 -3.07884979248047 -2.92607069015503 2.27889466285706 3.20627593994141 1.43534708023071 6.30212497711182 -2.7611882686615 -2.78516626358032 -2.34608769416809 -2.15844202041626 -1.95249176025391 -1.96568155288696 -1.24762761592865 0.296788483858109 -0.476823270320892 -0.849978625774384 -1.50147545337677 -1.0082813501358 -1.17205834388733 0.134915456175804
12.2394800186157 10.3212432861328 15.4138479232788 2.54750370979309 2.76198482513428 12.5602788925171 8.74625015258789 -2.15339517593384 -1.69160234928131 -1.67628705501556 -2.7242283821106 -2.333087682724 -3.17236948013306 -1.48117423057556 0.734476149082184 4.46880483627319 16.6050224304199 12.5324506759644 26.0872077941895 11.7139339447021 6.40647315979004 -0.330264955759048 23.7160930633545 -2.53002691268921 -0.778369605541229 -1.79047417640686 -2.87849879264832 -0.993693232536316 5.71589374542236 12.1726093292236 8.43305492401123 -1.09913539886475 -2.70288324356079 -1.99958443641663 -2.22398209571838 -1.64603888988495 -1.18665409088135 -0.573773801326752 -0.790388524532318 0.204236343502998 -0.395157277584076 -0.231514796614647 -0.784180819988251 -0.822466373443604 -0.80210292339325 0.211705297231674
1.51994812488556 1.80467772483826 1.01737487316132 2.1444046497345 7.431077003479 -3.11699461936951 -4.09773015975952 -2.47880434989929 0.646132826805115 -0.321573317050934 6.06423807144165 0.839758813381195 -2.33248853683472 -0.266843676567078 2.3118302822113 12.23206615448 9.99438285827637 10.7773027420044 11.7721338272095 7.39245271682739 2.22944355010986 1.13258051872253 6.57965087890625 23.7732334136963 -1.48400819301605 3.78284692764282 -1.71960461139679 8.2965669631958 2.73098015785217 2.17499279975891 -2.9431369304657 -2.87813448905945 -2.27912616729736 0.460764050483704 -1.36446571350098 2.17548871040344 -1.30968618392944 -1.05846965312958 -0.254734605550766 -0.309136480093002 -0.218845382332802 0.068932332098484 0.0758702158927917 -0.613432049751282 -0.574289619922638 0.304634034633636
5.51029491424561 4.06450176239014 9.20153713226318 1.69114375114441 0.266488015651703 0.711080610752106 13.9803371429443 3.87190985679626 20.5356369018555 11.1609754562378 9.98725128173828 -0.779615640640259 0.0639283433556557 3.1601254940033 7.3869457244873 17.7712306976318 19.8215274810791 12.2483434677124 15.4592685699463 11.5839424133301 0.904669404029846 0.73535680770874 4.0026969909668 10.2329635620117 15.1060409545898 -1.58191823959351 -1.70440375804901 6.42113256454468 -2.75827646255493 -2.56169271469116 -2.87054944038391 -2.50282716751099 -2.38440012931824 -1.49025392532349 -1.75064873695374 -1.24461424350739 -1.39389336109161 4.72947406768799 -0.0652496069669724 -0.232837229967117 0.184270963072777 0.19803749024868 0.210451915860176 0.25663486123085 0.310788929462433 0.394278049468994
9.33347225189209 18.9289169311523 5.34986352920532 9.8971700668335 3.8693699836731 1.2588711977005 -0.361248701810837 -3.58021402359009 9.00935935974121 3.23378014564514 13.7462863922119 -0.439260929822922 -0.685764253139496 0.504509568214417 9.80367565155029 14.3038778305054 21.2176952362061 20.2915935516357 21.8901557922363 10.8558626174927 -0.804729044437408 -0.61085319519043 2.51194834709167 7.26025295257568 -2.30611991882324 9.24872779846191 -1.27265405654907 -1.07099187374115 -2.547523021698 -2.50107836723328 -2.12548804283142 -1.90828466415405 -1.29988753795624 -0.990157604217529 -0.829892933368683 -0.287884742021561 -0.505054712295532 0.0372558906674385 -0.348190069198608 0.273315787315369 0.295339792966843 0.313319683074951 0.329393565654755 0.355036199092865 0.398117393255234 0.464955002069473
12.0604438781738 10.1535634994507 8.58722400665283 7.64052438735962 10.0334253311157 13.3315725326538 4.85748958587646 1.7447497844696 8.6740779876709 8.85909748077393 1.37277126312256 0.637147903442383 1.22153055667877 11.2957859039307 21.8702297210693 28.0598945617676 17.5984668731689 -1.16700422763824 0.183253899216652 5.56374549865723 0.851089954376221 -3.13715767860413 -2.17400598526001 -2.68726778030396 -3.36322665214539 -1.75603806972504 14.2514600753784 -1.67427718639374 -0.84993702173233 -2.21697330474854 -1.19166016578674 -0.682446599006653 -0.785488724708557 -0.760970890522003 16.1106204986572 -0.0285278633236885 0.0818862840533257 -0.290873825550079 0.331970036029816 0.36496701836586 0.384675472974777 0.400339335203171 0.424391359090805 0.44792115688324 0.480047285556793 0.533686220645905
17.1929016113281 11.2864608764648 8.70487213134766 5.35121154785156 0.0474677495658398 -0.0405429042875767 4.75959873199463 -3.38941669464111 -1.81719827651978 -3.58925008773804 -3.5709855556488 2.65402293205261 2.59529542922974 2.29454565048218 26.2192459106445 14.6371879577637 3.13264226913452 -3.9411473274231 1.86322963237762 15.8609437942505 7.19637012481689 -3.31641530990601 -2.04654407501221 -2.13236021995544 -2.56380367279053 -2.50318431854248 -1.15965378284454 -0.0678394883871078 -0.248048409819603 -1.02599215507507 -1.15354466438293 -0.460518777370453 3.73225116729736 8.34008598327637 -0.499659031629562 -0.585499286651611 0.32725116610527 0.35430172085762 0.411409944295883 0.449075818061829 0.461467057466507 0.467390179634094 0.501269519329071 0.529270589351654 0.55622935295105 0.618535041809082
15.1371479034424 14.4297122955322 17.0629863739014 10.414457321167 7.47948026657104 -0.243094116449356 0.993355572223663 -3.76319789886475 -3.31722116470337 -0.72547858953476 -3.52281260490417 -0.486877977848053 4.39009046554565 5.47154712677002 7.69816923141479 3.42912268638611 -1.9557329416275 -3.89594483375549 -3.0842616558075 0.810697317123413 -2.28512811660767 -3.55883288383484 -2.96203851699829 -1.5212185382843 -2.04200744628906 -2.17913627624512 -1.16573393344879 0.387855380773544 -0.30078986287117 1.11959207057953 -0.585337698459625 -0.214978069067001 -0.374545484781265 -0.61437201499939 0.765048563480377 1.28309047222137 1.37240171432495 1.5284298658371 1.73316156864166 1.7387775182724 0.526142120361328 0.534573197364807 0.571340322494507 0.592879295349121 0.635729372501373 0.668653845787048
8.43125152587891 11.1009798049927 5.45473384857178 11.8083171844482 7.91952037811279 0.0109743997454643 5.17504453659058 13.6860790252686 3.78773641586304 -3.10371088981628 -3.55815172195435 -0.14053550362587 4.40561962127686 12.5802803039551 7.75847291946411 6.08086824417114 -2.83361768722534 -3.10676217079163 -3.11188626289368 13.461745262146 2.58313202857971 1.03152215480804 -2.96602845191956 -1.71062767505646 -0.802554845809937 -1.22749662399292 -1.27086305618286 0.72492378950119 0.896722197532654 1.27318120002747 3.68141484260559 -0.221136629581451 -0.0259787887334824 -0.144233122467995 0.56348979473114 1.44951462745667 1.33681309223175 1.41816818714142 1.596275806427 1.818190574646 1.8302503824234 0.731178104877472 1.01382231712341 1.15544629096985 0.679837226867676 0.718267261981964
0.458932757377625 -1.53805506229401 -4.77757215499878 -4.46009159088135 -2.6918625831604 1.61185836791992 1.13943243026733 1.10291087627411 -3.55496072769165 -3.28268980979919 -2.88265085220337 -2.66335678100586 12.5268249511719 11.5971803665161 23.2037982940674 15.9827852249146 -2.87326693534851 7.86789274215698 -2.88669633865356 7.09953022003174 -2.26242446899414 -2.50374221801758 -2.46380186080933 -2.15711283683777 -0.382154285907745 -0.145965173840523 0.735956430435181 0.765149474143982 7.13130664825439 2.98590540885925 0.719420433044434 1.60634934902191 0.452745825052261 0.549073696136475 0.595287799835205 1.11448180675507 1.48547780513763 1.39373016357422 1.51394760608673 1.704021692276 1.93180584907532 1.94624817371368 0.865454018115997 1.1002448797226 1.25053977966309 0.771043717861176
-4.7224178314209 0.922198593616486 1.39411330223083 -4.156334400177 -3.67790961265564 6.05499887466431 -2.62154316902161 -3.72629952430725 -3.65279507637024 -3.19830369949341 2.09160971641541 3.18016481399536 4.13052034378052 7.67028999328613 25.9823417663574 14.7194948196411 -2.61469793319702 -2.67393398284912 -2.78818511962891 -2.42679977416992 13.7683620452881 0.0241406373679638 -1.1730682849884 -0.975313723087311 -0.190331891179085 8.48789691925049 7.59335279464722 7.12539291381836 0.770684480667114 1.10696744918823 1.67141473293304 2.26510643959045 0.634031891822815 0.637753188610077 0.91897189617157 1.22113788127899 1.15660691261292 1.57942843437195 1.49916291236877 1.61943542957306 1.80573356151581 2.03449058532715 2.0435905456543 1.35887789726257 1.20855641365051 1.36117446422577
