slauniainen/Data/DEM/Vihti_dsm1500b_cl_horizonAngle_138.asc
NCOLS 196 
NROWS 178 
XLLCORNER 353680 
YLLCORNER 6699024 
CELLSIZE 16 
NODATA_value -3.4e+38 
[rows 60 to 79 of 178, columns 92 to 137 of 196]
10.012035369873 15.9528675079346 11.2765293121338 23.4687156677246 33.9777755737305 12.4834318161011 0.970938980579376 1.17778134346008 11.1058835983276 5.1761212348938 2.04964351654053 3.2105507850647 4.77622032165527 6.33796119689941 10.5879926681519 12.251992225647 14.6639833450317 21.1663131713867 24.7007827758789 32.781005859375 48.0443992614746 41.7182273864746 45.1074104309082 41.1050758361816 34.3482208251953 9.05105113983154 12.0120077133179 11.4584045410156 6.47487115859985 7.28481721878052 9.64060020446777 9.26382350921631 7.96724510192871 7.36168956756592 27.3521194458008 4.29387235641479 3.96566033363342 7.4577898979187 8.03512382507324 8.68519973754883 8.66835784912109 9.16011524200439 9.61249923706055 9.68621730804443 10.1374197006226 10.1087694168091
7.67329549789429 24.3681507110596 21.9256229400635 18.0799808502197 24.3028774261475 13.3906507492065 1.3284695148468 5.69047832489014 9.62246036529541 13.8865423202515 2.04587602615356 4.30091094970703 6.61807632446289 6.83374452590942 10.5588512420654 12.6670932769775 13.3881740570068 17.8038463592529 36.2648162841797 25.258602142334 21.4707622528076 18.3197689056396 22.7620277404785 7.0657262802124 9.5090389251709 5.94566917419434 15.4290504455566 16.622953414917 22.2336044311523 12.0840320587158 25.3125 10.5192995071411 10.2660579681396 7.91218185424805 6.9761757850647 5.10334634780884 5.12488269805908 7.55252170562744 8.17356300354004 8.49917221069336 9.19200038909912 9.45055389404297 9.61407947540283 10.8428249359131 10.7137317657471 11.2824735641479
6.52582979202271 6.97425270080566 7.3636417388916 16.7232761383057 5.75823879241943 7.07293891906738 0.885165989398956 3.77500295639038 37.202564239502 1.45976495742798 1.25828874111176 0.554655611515045 3.17173600196838 5.4389820098877 11.4174699783325 12.6761999130249 15.814003944397 18.5089569091797 27.4731979370117 12.6104927062988 11.3366012573242 22.6394958496094 2.68934607505798 5.32131624221802 3.57259726524353 4.4275107383728 6.32065534591675 8.52363109588623 28.7668514251709 29.0023384094238 12.3896837234497 7.95719623565674 12.0979452133179 11.6939811706543 9.86138343811035 7.92565393447876 7.71829700469971 7.3705096244812 8.0056676864624 8.6367073059082 9.36726665496826 9.32744312286377 9.93733692169189 10.1624307632446 12.3533763885498 12.0386934280396
8.59861469268799 13.8266553878784 12.7949123382568 14.4026470184326 27.8317890167236 6.5932297706604 1.02164876461029 13.7661237716675 2.49322199821472 1.01868975162506 1.4702250957489 1.86473488807678 7.59171295166016 9.02250671386719 5.983238697052 14.158745765686 16.546558380127 22.6873531341553 30.7327499389648 20.1334037780762 9.92805194854736 16.4583683013916 7.52116060256958 2.75622487068176 2.94771027565002 4.24572134017944 6.26812028884888 7.10364818572998 8.94101810455322 8.04417324066162 7.20663547515869 23.2575435638428 14.0041131973267 14.0045013427734 17.3116874694824 13.1653566360474 11.6860065460205 8.3898286819458 8.0325288772583 8.57793712615967 9.26778984069824 10.0605154037476 10.0621109008789 10.7246646881104 13.637077331543 13.0270614624023
11.0242395401001 13.2186584472656 25.7497749328613 8.6505651473999 6.75038003921509 5.69899702072144 6.81564664840698 3.13376569747925 1.52655899524689 2.61514353752136 2.6669704914093 1.75549113750458 7.69399642944336 14.5612697601318 12.4028425216675 6.62851238250732 18.0726184844971 23.0960578918457 39.5615348815918 15.767632484436 18.5332679748535 15.2614259719849 12.2866010665894 15.3746290206909 4.72480297088623 5.05215358734131 5.87956237792969 7.63264656066895 10.9787454605103 10.9172439575195 12.3838510513306 9.84771156311035 41.2199401855469 26.370906829834 15.0531415939331 12.5607986450195 18.8051147460938 21.84130859375 9.04396438598633 8.75843715667725 9.19863224029541 10.007474899292 11.4696998596191 10.9944009780884 12.351224899292 16.7645416259766
12.3383932113647 15.1178131103516 13.8600282669067 7.57191038131714 10.1149120330811 7.93992614746094 9.39603042602539 7.88159656524658 4.78166437149048 2.10173535346985 2.63368964195251 2.99303817749023 3.3060142993927 18.3204250335693 21.8368473052979 18.238208770752 10.9068584442139 25.2858810424805 38.6038780212402 13.4823064804077 10.1992216110229 7.30497980117798 7.77268171310425 2.38106179237366 2.32048225402832 9.12609004974365 6.92362833023071 7.13870191574097 8.38585948944092 11.6343879699707 12.3697395324707 17.8394756317139 31.8628463745117 8.23942470550537 11.9979085922241 18.6626319885254 35.6564598083496 33.3502006530762 6.83809423446655 9.91734218597412 9.66041660308838 10.086033821106 11.1983060836792 13.3630142211914 13.0673942565918 15.1748533248901
15.7472867965698 27.3708171844482 15.3069839477539 10.674521446228 11.3678884506226 11.2149534225464 10.08962059021 12.343240737915 9.29385089874268 5.41025400161743 3.68867158889771 3.93781638145447 3.61778235435486 13.2708721160889 34.4339752197266 38.7261657714844 32.4102935791016 13.1340579986572 41.5987358093262 8.41506958007812 4.54341793060303 8.30064010620117 18.6191349029541 4.42793703079224 2.57354974746704 4.94399785995483 4.72622346878052 8.43739128112793 7.35800552368164 12.4809350967407 16.2899513244629 17.7313899993896 31.8713760375977 12.2198753356934 16.6486396789551 23.4908771514893 26.0915813446045 5.09439134597778 6.04293918609619 9.9230785369873 11.3793621063232 10.9614210128784 11.8799638748169 14.6376276016235 14.3179845809937 16.0481128692627
15.4736938476562 29.3779392242432 18.7851867675781 20.3369026184082 14.6847276687622 13.3572587966919 14.9761943817139 12.8199911117554 14.4891357421875 11.5473022460938 19.1723747253418 5.03178548812866 4.26930475234985 10.8302955627441 4.51324701309204 2.67096877098083 1.18060159683228 2.44456195831299 19.6703815460205 3.04089045524597 7.71554470062256 5.23666763305664 17.9958229064941 1.5512330532074 1.91424822807312 3.39125537872314 6.93976068496704 6.09773254394531 8.1760082244873 17.7106685638428 15.352334022522 31.7103748321533 34.8347587585449 13.2450399398804 17.1977882385254 24.2455863952637 23.5806369781494 30.5615367889404 21.7678394317627 9.02190971374512 11.234058380127 13.5202693939209 13.0080070495605 14.3137836456299 17.9584293365479 17.2410202026367
15.2257089614868 18.0461158752441 19.6635341644287 25.921012878418 35.1581726074219 17.7804012298584 15.2930278778076 16.9913501739502 15.7336654663086 15.6550369262695 11.0474424362183 2.64326500892639 6.77760648727417 8.92082118988037 4.88170433044434 4.57880401611328 7.54636669158936 4.83634471893311 10.4776573181152 14.7839603424072 33.1944313049316 17.5305156707764 7.57707405090332 3.44201445579529 2.22222900390625 2.6614933013916 4.02996158599854 7.54222249984741 10.990216255188 20.7621555328369 34.401741027832 30.5176448822021 13.3020505905151 13.4784708023071 36.4604949951172 24.8043460845947 29.4676609039307 25.787130355835 15.441258430481 11.1897745132446 8.77849960327148 14.7240743637085 14.2984933853149 15.9799156188965 17.5458393096924 23.1204051971436
5.16038370132446 18.6006412506104 26.1086502075195 30.41819190979 45.2036972045898 22.5567684173584 11.6414928436279 20.0930919647217 17.8522777557373 18.4537143707275 19.5485286712646 15.7120637893677 13.0031995773315 9.83189105987549 6.36966705322266 5.48214864730835 5.38471746444702 7.95761299133301 6.88050889968872 16.7949771881104 23.6127777099609 0.890884399414062 0.204033479094505 -0.284120231866837 0.404509723186493 3.22417140007019 2.83486580848694 5.92789554595947 9.92944431304932 19.9761848449707 8.59384346008301 11.2394170761108 14.6351861953735 34.059684753418 15.637791633606 12.2005090713501 9.82939624786377 8.61687469482422 10.3277730941772 11.0899972915649 3.55342245101929 10.9519453048706 18.1148929595947 18.24609375 20.5756988525391 22.4140567779541
4.15331888198853 12.8663759231567 23.9608936309814 42.201488494873 41.9544715881348 13.3156633377075 27.5544967651367 12.5413103103638 20.6352348327637 25.1024951934814 21.5696792602539 23.4229030609131 22.8870849609375 15.1605844497681 10.1788721084595 9.6402645111084 8.10047054290771 10.8555870056152 9.35424137115479 30.3609809875488 12.8678283691406 0.0420202203094959 4.68057727813721 3.56479954719543 -0.18963785469532 1.30021619796753 3.61291146278381 3.2435085773468 8.7257776260376 11.4256210327148 9.36034393310547 11.71959400177 15.0176830291748 32.3466339111328 12.8943634033203 16.0233516693115 15.0604763031006 15.1033868789673 12.6107349395752 18.7633037567139 0.264203935861588 4.4757661819458 12.5531578063965 23.2468776702881 25.2839241027832 28.4305458068848
4.40913105010986 6.91930294036865 16.2814540863037 39.9533004760742 14.4949245452881 7.08927583694458 2.13166809082031 0.780027091503143 17.4553375244141 16.5189018249512 13.4612627029419 23.1935844421387 39.9377899169922 9.17042827606201 2.2860791683197 4.56043815612793 16.618501663208 10.9748210906982 13.4690408706665 11.760443687439 5.22033500671387 8.65894317626953 6.76378107070923 12.1518659591675 1.80264604091644 4.07854461669922 3.25015187263489 6.38191080093384 10.2195997238159 16.5634956359863 22.0204849243164 13.8441343307495 37.3466186523438 15.1124858856201 14.7249898910522 17.3873805999756 17.582727432251 15.9926414489746 15.7873477935791 12.9788417816162 -1.01615476608276 0.691440105438232 13.0362424850464 15.6424112319946 38.5217666625977 41.6704635620117
4.29839515686035 4.92445850372314 23.4407901763916 24.4521160125732 25.1233558654785 15.4722318649292 12.7939643859863 2.21285033226013 5.69247341156006 25.0991535186768 36.4035797119141 26.5711345672607 23.3183631896973 2.04390788078308 1.19700181484222 2.5600483417511 12.8673181533813 29.5701656341553 22.4415225982666 19.2537326812744 17.5145664215088 11.5194540023804 18.8440914154053 0.263762146234512 -0.164923802018166 3.3590350151062 1.90974426269531 10.5673694610596 11.5440187454224 11.913010597229 25.5141983032227 12.8292627334595 27.3148422241211 14.2462587356567 25.3454875946045 17.1506996154785 13.6415662765503 22.0755748748779 28.9158515930176 16.7209033966064 16.0110454559326 -0.508519470691681 7.91045379638672 17.9502716064453 16.2772750854492 22.7122611999512
5.24052810668945 5.31697034835815 5.59213542938232 15.456919670105 7.32152700424194 3.22785234451294 7.35983276367188 3.30631256103516 2.26550531387329 9.87416744232178 13.4443092346191 17.7989654541016 7.15493535995483 -0.39466181397438 -0.377324312925339 1.94477641582489 2.64876413345337 6.50568342208862 4.56483840942383 5.77026557922363 16.6723594665527 17.9504337310791 20.1614093780518 16.7240104675293 0.944794654846191 0.426387667655945 3.93464779853821 6.3717188835144 11.9576978683472 12.7493600845337 17.5996646881104 10.8051290512085 15.9887132644653 12.0028972625732 19.9968490600586 15.9125385284424 17.0921783447266 16.2829437255859 1.76017105579376 4.12123012542725 -3.56848692893982 -2.56171345710754 12.1115818023682 18.8656616210938 12.4233989715576 39.8365745544434
5.75632953643799 6.80697298049927 4.54647159576416 12.3954610824585 6.88855028152466 7.93448829650879 3.29720520973206 -0.948401927947998 -1.35389816761017 5.84210824966431 15.1698169708252 5.728196144104 -0.903311610221863 0.0331351011991501 6.81617259979248 10.4664707183838 2.38071703910828 2.79669976234436 5.40925693511963 5.98406505584717 7.08286237716675 43.0425796508789 7.28831815719604 0.31494864821434 -0.890898704528809 1.65098476409912 1.41322696208954 4.20122814178467 11.9274845123291 19.2966575622559 19.412260055542 28.5284652709961 39.7174873352051 23.3118286132812 18.108268737793 24.4364719390869 7.94644594192505 5.73583698272705 10.8997449874878 1.95848262310028 10.4000940322876 -2.01738834381104 0.777257919311523 1.99658071994781 7.36093664169312 34.254581451416
14.7428207397461 6.53265047073364 5.31178426742554 5.93214178085327 5.53143978118896 5.80126523971558 8.52872848510742 -1.31021010875702 7.49552202224731 8.05567932128906 13.5624647140503 -0.233633249998093 -0.684450447559357 0.408566981554031 0.155610322952271 0.658354461193085 0.29995521903038 3.01993346214294 4.0675892829895 6.22480869293213 6.17452812194824 9.7527027130127 2.66545414924622 2.06037592887878 1.3620502948761 2.27920937538147 1.79693186283112 6.14239072799683 7.81920528411865 16.5749416351318 27.7592353820801 32.3150253295898 10.983247756958 19.341739654541 10.8185319900513 13.3839979171753 4.52893352508545 9.88940334320068 18.0095920562744 24.7432994842529 2.01098775863647 -2.65935850143433 -0.481745839118958 0.919399082660675 3.17082166671753 17.8455257415771
5.57301664352417 5.64300918579102 7.00641918182373 7.29208755493164 9.30764102935791 8.95392417907715 15.8324298858643 9.47216606140137 -0.476740062236786 17.4539241790771 22.6107215881348 -0.690253376960754 0.554142534732819 0.672408044338226 0.831798255443573 0.945851922035217 1.50682663917542 1.30225551128387 4.04054832458496 6.04553937911987 11.9637212753296 11.4255828857422 13.9640808105469 20.4545230865479 9.9022159576416 6.32376527786255 2.94345903396606 5.19205713272095 9.53426551818848 16.0003051757812 32.8320846557617 5.52369594573975 9.60370254516602 19.425048828125 13.972713470459 13.6129322052002 13.5479717254639 8.46492671966553 1.20258975028992 -4.02659511566162 -3.28161382675171 -1.87021458148956 -0.94550609588623 0.684559106826782 6.11493110656738 4.07763719558716
12.688027381897 5.60051250457764 5.83634662628174 5.53467321395874 7.01324987411499 11.2461090087891 7.85114192962646 1.9561710357666 0.179135486483574 -0.462286084890366 -1.49431598186493 -1.53391540050507 0.337855309247971 1.29918718338013 1.09954082965851 1.59756863117218 1.28086853027344 1.74135982990265 3.20098185539246 12.6738500595093 20.0994930267334 6.79935646057129 7.25053739547729 10.481987953186 8.50142860412598 7.00847196578979 3.58526968955994 4.47985172271729 6.85864162445068 16.8907699584961 20.0081443786621 7.06942892074585 6.10813665390015 5.58979558944702 9.86691474914551 28.2807102203369 5.40764331817627 -3.33703136444092 -3.68623113632202 -3.77646946907043 -2.65093660354614 -1.43838012218475 -0.54747748374939 0.162338376045227 3.14587831497192 8.93478012084961
4.99437761306763 5.40932989120483 6.0122594833374 6.47505140304565 7.11890316009521 7.62175846099854 13.700569152832 8.48467063903809 2.12679219245911 0.833885729312897 0.281304448843002 0.377601951360703 0.106536164879799 1.59029519557953 1.90926384925842 2.24235367774963 1.87765216827393 2.09504890441895 2.62038588523865 6.1881890296936 25.5733013153076 6.78855323791504 11.4655561447144 12.2510643005371 11.6204614639282 5.79854488372803 9.67263317108154 3.27065968513489 4.91658496856689 9.13171768188477 20.8318996429443 10.7835397720337 -0.00964517891407013 7.23888874053955 13.6196880340576 5.07689142227173 -3.18602204322815 -3.41045451164246 -2.96931934356689 -2.44175601005554 -2.22137379646301 -1.39075040817261 -0.486609399318695 -0.275962948799133 0.524958848953247 13.2958335876465
5.05115842819214 5.82052946090698 6.08952236175537 6.03729915618896 7.11573934555054 9.53202819824219 11.288535118103 13.2189083099365 6.10423135757446 3.45422792434692 2.08998942375183 0.482915759086609 0.711013317108154 4.18761825561523 3.98772692680359 1.9931925535202 2.53893184661865 2.8439610004425 9.58704376220703 10.0468835830688 7.21535634994507 3.13105249404907 14.5375738143921 17.4161109924316 13.5039539337158 11.6918306350708 7.04517698287964 12.6475353240967 4.47226762771606 5.68020439147949 11.9581785202026 24.747314453125 3.30310678482056 13.0262899398804 -3.46424579620361 2.7663369178772 -3.1043004989624 -3.01321339607239 -2.69830894470215 -1.91545259952545 -1.56377637386322 -1.14790511131287 -0.514348447322845 0.239749372005463 0.323043346405029 1.81442606449127
