slauniainen/Data/DEM/Vihti_dem1500b_cl_horizonAngle_324.asc
NCOLS 196 
NROWS 178 
XLLCORNER 353680 
YLLCORNER 6699024 
CELLSIZE 16 
NODATA_value -3.4e+38 
[rows 40 to 59 of 178, columns 0 to 44 of 196]
4.12788915634155 4.08608531951904 4.13919353485107 4.2961893081665 4.40980100631714 4.50659990310669 4.51927709579468 4.54871797561646 4.67791128158569 4.67807626724243 4.45250797271729 4.07674312591553 3.71502232551575 3.42657685279846 3.35343337059021 3.2320921421051 3.26532649993896 3.24206566810608 3.11275672912598 3.31006932258606 5.9023609161377 8.86436939239502 9.42487812042236 8.47892570495605 9.5093822479248 9.82500457763672 8.63853359222412 7.92323350906372 8.46057510375977 8.96000576019287 9.17887210845947 8.99903964996338 8.50068187713623 9.3110237121582 8.8827657699585 8.01569175720215 8.5452995300293 8.60201740264893 9.58470630645752 11.1429538726807 11.5807037353516 11.5283660888672 10.8319578170776 10.7879419326782 11.0205316543579
4.0245566368103 3.99085879325867 3.98736143112183 4.08225440979004 4.24951457977295 4.25655269622803 4.32778787612915 4.33609914779663 4.36768531799316 4.48666572570801 4.48354578018188 4.27834844589233 3.86032199859619 3.49655842781067 3.31095194816589 3.23871421813965 3.12085247039795 3.18516206741333 3.07335424423218 2.96998715400696 2.89343786239624 5.15677881240845 6.1839075088501 6.86479377746582 7.66729879379272 8.19086360931396 7.55962085723877 7.24839973449707 7.41351890563965 7.89149713516235 8.28081226348877 8.59867477416992 8.43395709991455 7.91668176651001 8.29745674133301 8.41411876678467 8.17496109008789 8.25367736816406 8.22525596618652 9.37796401977539 10.6428289413452 10.6469373703003 9.82094573974609 9.52437782287598 9.66013526916504
4.80357885360718 4.02318525314331 3.91836667060852 3.96303653717041 3.9731457233429 4.07134914398193 4.0867018699646 4.16051006317139 4.1641092300415 4.2182469367981 4.30240726470947 4.30678081512451 4.04383134841919 3.57555794715881 3.37529826164246 3.20004749298096 3.12303066253662 3.08380079269409 3.06456351280212 2.95678472518921 2.84937953948975 2.75251221656799 3.98450708389282 5.62537479400635 6.0854606628418 6.42073774337769 6.85969495773315 7.096266746521 6.86395168304443 7.0342698097229 7.63657665252686 8.15401840209961 7.9206109046936 7.72397470474243 8.33395385742188 8.10269069671631 7.72218704223633 7.50903558731079 7.75968074798584 7.62550210952759 8.0087308883667 9.03850078582764 9.08234214782715 8.53979778289795 8.4357328414917
3.40503764152527 3.69819307327271 3.79706859588623 3.77963304519653 3.77363514900208 3.8172881603241 3.91006517410278 3.91877198219299 4.05184888839722 4.10933065414429 4.17360067367554 4.2165322303772 4.12885522842407 3.82142686843872 3.39830422401428 3.25685214996338 3.06108403205872 2.94865274429321 2.9692063331604 2.94427466392517 2.83388996124268 2.69964718818665 2.68203115463257 3.98410749435425 4.68862581253052 5.27050971984863 6.14364957809448 6.75807046890259 6.82601308822632 6.84345293045044 7.00566387176514 7.33780670166016 7.60555028915405 7.64973592758179 7.58694458007812 7.72375249862671 7.47337484359741 7.33723926544189 7.24098014831543 7.1966028213501 7.10451555252075 6.93707656860352 7.88720226287842 7.97004652023315 7.81155443191528
3.06745886802673 3.13684773445129 3.42421412467957 3.52399516105652 3.58580327033997 3.61226987838745 3.6784508228302 3.83547329902649 3.94026970863342 3.94394540786743 3.98465299606323 4.04991006851196 4.0556173324585 3.8836874961853 3.57400798797607 3.25861501693726 3.02362895011902 2.94931864738464 2.84460234642029 2.89518666267395 2.8025484085083 2.72440552711487 2.62543201446533 2.63141536712646 3.65323138237 4.50701332092285 5.29240560531616 5.99779939651489 6.27438735961914 6.4137659072876 6.51591920852661 6.61853313446045 6.75469207763672 7.23370265960693 7.3289623260498 7.23969650268555 7.18373775482178 7.08561325073242 6.96703624725342 6.72122001647949 6.69147300720215 6.63276863098145 6.98959159851074 7.24399375915527 7.15681171417236
2.65859746932983 2.88961386680603 3.09744358062744 3.29931640625 3.31320571899414 3.35897755622864 3.43070578575134 3.63959121704102 3.6510636806488 3.74118542671204 3.75554752349854 3.82965135574341 3.90302610397339 3.90821766853333 3.74626207351685 3.37378859519958 3.07084608078003 2.91380023956299 2.84269261360168 2.81177568435669 2.80081653594971 2.72049260139465 2.65106344223022 2.54503631591797 2.49467730522156 3.67998147010803 4.42374038696289 5.00453042984009 5.56517457962036 5.84881353378296 5.90354919433594 5.92485284805298 6.03585338592529 6.39402151107788 6.97789192199707 6.96742963790894 6.86200141906738 6.84848976135254 6.76579284667969 6.53069162368774 6.24510860443115 6.40657567977905 6.25891399383545 6.62549686431885 6.68459701538086
2.07004332542419 2.50065517425537 2.84865617752075 3.08610033988953 3.11418890953064 3.18707919120789 3.29715871810913 3.36781287193298 3.48366212844849 3.50327634811401 3.59905862808228 3.61345052719116 3.705735206604 3.75718307495117 3.78162503242493 3.54505825042725 3.12504291534424 2.9697630405426 2.78776025772095 2.69695997238159 2.71918296813965 2.71887755393982 2.64719796180725 2.5780291557312 2.429354429245 2.59376621246338 3.55390691757202 4.21072053909302 4.82263803482056 5.17178583145142 5.35056591033936 5.46232223510742 5.64105796813965 6.06123208999634 6.5795578956604 6.5912561416626 6.59686470031738 6.63011121749878 6.53249359130859 6.4559531211853 6.24465703964233 6.06317043304443 6.06122493743896 5.90566062927246 5.88414669036865
1.63158142566681 2.05347323417664 2.59452247619629 2.66519045829773 2.88550615310669 2.99040842056274 3.01041126251221 3.14079022407532 3.21565413475037 3.34095430374146 3.37991714477539 3.53106236457825 3.59121346473694 3.64553308486938 3.6887731552124 3.60983490943909 3.33768081665039 2.98530411720276 2.77788710594177 2.70542192459106 2.62383699417114 2.64453482627869 2.65034604072571 2.55604314804077 2.4011709690094 2.20738410949707 2.76263642311096 3.52028584480286 3.88045263290405 4.43503761291504 4.81376695632935 5.30528974533081 5.42449951171875 5.6721248626709 8.59652042388916 6.48669767379761 6.40732526779175 6.38783311843872 6.312903881073 6.26409292221069 6.15608501434326 5.83172369003296 5.69421720504761 5.72403621673584 5.46283578872681
0.967861533164978 1.79315328598022 2.1880464553833 2.36916613578796 2.56893873214722 2.7453978061676 2.79329228401184 2.91022443771362 2.99515342712402 3.08020544052124 3.27415227890015 3.38724279403687 3.40709328651428 3.46390199661255 3.52726602554321 3.56288290023804 3.42853379249573 3.08067417144775 2.81614971160889 2.6721658706665 2.60339784622192 2.51663589477539 2.54102396965027 2.43671870231628 2.3102023601532 2.08520889282227 1.89937686920166 2.52884006500244 2.9970920085907 3.54656624794006 4.37887048721313 5.67609310150146 7.53662347793579 8.85541534423828 5.53865194320679 5.58434724807739 5.90369558334351 5.91442060470581 6.04203128814697 6.06115102767944 5.99153232574463 5.8004674911499 5.58263683319092 5.38146162033081 5.3370532989502
0.391413569450378 1.41010630130768 1.63474750518799 1.96115720272064 2.25771117210388 2.45969128608704 2.5376443862915 2.65554094314575 2.75382924079895 2.90591025352478 3.12263107299805 3.15631699562073 3.26439046859741 3.28344678878784 3.37443876266479 3.4196982383728 3.43864059448242 3.22363710403442 2.85076951980591 2.72564554214478 2.58665800094604 2.5198667049408 2.41720867156982 2.2714467048645 2.16193222999573 1.99466609954834 1.59965455532074 1.62694787979126 2.43335676193237 3.1253559589386 3.83665657043457 4.22091865539551 4.48445701599121 4.60179710388184 4.80350828170776 4.98723268508911 5.26828575134277 5.56886768341064 5.62643003463745 5.83451175689697 5.80951499938965 5.73300313949585 5.56028985977173 5.37867546081543 5.25616216659546
-0.26075091958046 0.776147723197937 1.24965059757233 1.58797919750214 2.00581789016724 2.05112814903259 2.25059938430786 2.36291170120239 2.55772399902344 2.73428392410278 2.8414294719696 2.99509286880493 3.06325936317444 3.20630502700806 3.2668788433075 3.32776737213135 3.36952352523804 3.28502249717712 3.03085327148438 2.76064133644104 2.63659811019897 2.42044949531555 2.23027276992798 2.12286281585693 1.96562695503235 1.80236399173737 1.5536961555481 1.64951503276825 1.6789425611496 2.26225209236145 2.93493795394897 3.43875479698181 3.83222413063049 4.05562400817871 4.38720941543579 4.64444208145142 5.00093078613281 5.27456474304199 5.28109121322632 5.47054815292358 5.54218101501465 5.5395302772522 5.50781965255737 5.34328746795654 5.04908132553101
-0.31203830242157 0.100891575217247 0.665585815906525 1.29122197628021 1.62330842018127 1.78883171081543 1.81048178672791 2.00529646873474 2.21670651435852 2.39445066452026 2.58600425720215 2.69889712333679 2.92926430702209 3.04515099525452 3.07977366447449 3.14468121528625 3.2098114490509 3.24982762336731 3.1358642578125 2.90217781066895 2.63739061355591 2.37815880775452 2.153639793396 1.8988881111145 1.72028148174286 1.68991422653198 1.50528430938721 1.14027297496796 1.01154124736786 1.73463606834412 2.2994658946991 2.74349236488342 3.19261455535889 3.53118753433228 4.11441469192505 4.29172134399414 4.49038743972778 4.77849721908569 5.0703296661377 5.13603830337524 5.21496629714966 5.28219223022461 5.33485460281372 5.2524471282959 5.03522396087646
-0.473556578159332 -0.360670924186707 0.160651206970215 0.96536648273468 1.15187466144562 1.45396459102631 1.60429167747498 1.76031517982483 1.97705125808716 2.06145405769348 2.26248955726624 2.46891474723816 2.7054078578949 2.77684473991394 2.89383816719055 2.94776725769043 3.03079771995544 3.09507012367249 3.12981295585632 3.01861023902893 2.70160388946533 2.30894231796265 2.08476638793945 1.8142204284668 1.62893617153168 1.57024145126343 1.39871025085449 1.07189881801605 0.906185626983643 1.02388048171997 1.62828075885773 2.03362679481506 2.56457948684692 2.99928498268127 3.45481514930725 3.78025913238525 4.03530693054199 4.27619886398315 4.64086151123047 4.8893404006958 4.90013313293457 4.97284698486328 5.11828470230103 5.12859153747559 4.99162244796753
-0.66909521818161 -0.429377615451813 -0.375199437141418 0.458660453557968 0.868899464607239 1.05841875076294 1.3260350227356 1.57847702503204 1.75249254703522 1.89891767501831 2.08694505691528 2.24840140342712 2.36108446121216 2.53662896156311 2.61025881767273 2.74702787399292 2.82797932624817 2.90852737426758 2.94310188293457 2.90703988075256 2.67738127708435 2.37890100479126 2.17073893547058 1.84990537166595 1.49301064014435 1.32443714141846 1.09452366828918 0.926586031913757 0.823432266712189 0.744724929332733 0.831951200962067 1.39025330543518 1.98189795017242 2.49414563179016 2.89828491210938 3.15925025939941 3.6491367816925 3.95761966705322 4.36861515045166 4.65693235397339 4.60885953903198 4.69121265411377 4.87711095809937 4.94142532348633 4.95165538787842
-0.778959333896637 -0.61396324634552 -0.474223107099533 -0.116034328937531 0.359453618526459 0.772076725959778 1.08415508270264 1.42972493171692 1.46251249313354 1.67440450191498 1.80420470237732 1.97481596469879 2.1181046962738 2.20443558692932 2.36819744110107 2.44741415977478 2.58857035636902 2.58453845977783 2.54675698280334 2.70517706871033 2.73837471008301 2.5060703754425 2.11508798599243 1.79937946796417 1.35349655151367 1.07888579368591 0.862821221351624 0.743087768554688 0.685832798480988 0.619836628437042 0.562261402606964 0.760342717170715 1.33146178722382 1.86403501033783 2.35266327857971 2.73760747909546 3.37363529205322 3.58100342750549 3.80650568008423 4.17614269256592 4.38982963562012 4.375648021698 4.56566572189331 4.71203470230103 4.7639102935791
-0.824244201183319 -0.782910346984863 -0.585056304931641 -0.4754778444767 -0.214538440108299 0.276944309473038 0.886000573635101 1.15652096271515 1.28616666793823 1.38497066497803 1.57227456569672 1.70761585235596 1.87779450416565 1.99305486679077 2.05902934074402 2.19381213188171 2.23241114616394 2.1879677772522 2.21129155158997 2.24476647377014 2.32975506782532 2.20844769477844 1.86525630950928 1.55830323696136 1.18223810195923 0.869146168231964 0.671814024448395 0.592502295970917 0.52317476272583 0.497653096914291 0.421936482191086 0.284279048442841 0.829486191272736 1.31949663162231 1.88705444335938 2.2876148223877 2.80525684356689 3.13788652420044 3.31323528289795 3.63818407058716 3.9211950302124 4.12176609039307 4.2015233039856 4.34723281860352 4.49900484085083
-0.852233111858368 -0.828534960746765 -0.745097875595093 -0.633073627948761 -0.49983537197113 -0.146767765283585 0.613395988941193 0.785777628421783 1.04326784610748 1.17268407344818 1.34416818618774 1.49390959739685 1.66534388065338 1.7717297077179 1.86517882347107 1.91863739490509 1.87722599506378 1.80405735969543 1.80814051628113 1.75988459587097 1.73249161243439 1.66795718669891 1.3764226436615 1.18581545352936 0.932711958885193 0.631530106067657 0.464720606803894 0.406375706195831 0.354302287101746 0.30423641204834 0.241088941693306 0.148204818367958 0.232830345630646 0.797045588493347 1.38009071350098 1.91446816921234 2.3704628944397 2.59405708312988 2.88818359375 3.22880792617798 3.4409019947052 3.72792482376099 3.86833524703979 3.95780229568481 4.07724666595459
-0.885317265987396 -0.865426659584045 -0.849615097045898 -0.768124461174011 -0.588620960712433 -0.554019927978516 0.139058530330658 0.520270049571991 0.692658305168152 0.936644792556763 1.19120502471924 1.34646439552307 1.46845459938049 1.55951154232025 1.61887454986572 1.68670380115509 1.58212697505951 1.51310992240906 1.46523535251617 1.36694049835205 1.27983665466309 1.21846723556519 1.04966461658478 0.773984968662262 0.579191625118256 0.417892545461655 0.248476430773735 0.210098266601562 0.199179172515869 0.15970653295517 0.0970895886421204 0.0313809849321842 -0.0759414061903954 0.315393000841141 0.878548145294189 1.50676560401917 1.97637248039246 2.20073771476746 2.47780752182007 2.96930718421936 3.21189904212952 3.44915819168091 3.61145997047424 3.59543800354004 3.72010040283203
-0.923836708068848 -0.902472376823425 -0.894606709480286 -0.859770894050598 -0.750640511512756 -0.589296042919159 -0.40288582444191 0.037469957023859 0.425341486930847 0.718234777450562 1.01804029941559 1.15898108482361 1.30225801467896 1.37243890762329 1.46021974086761 1.50882387161255 1.4082704782486 1.25218081474304 1.16018927097321 1.02539122104645 0.848995089530945 0.742400586605072 0.635992169380188 0.447312891483307 0.211003214120865 0.210005074739456 0.0442487671971321 0.109174206852913 0.13822303712368 0.128723964095116 0.0211716666817665 -0.0959666967391968 -0.165286496281624 -0.0744776725769043 0.565721690654755 2.83835434913635 2.75873041152954 1.96152484416962 2.22306513786316 2.78165197372437 2.97191286087036 3.04759669303894 3.18275380134583 3.27888989448547 3.36317372322083
-0.950277149677277 -0.95195084810257 -0.929945051670074 -0.925837635993958 -0.875995457172394 -0.723902106285095 -0.653781056404114 -0.417833894491196 0.0369565300643444 0.551954388618469 0.772091209888458 0.955503046512604 1.13708257675171 1.23781514167786 1.25655388832092 1.31699991226196 1.29674780368805 1.04850590229034 0.902186751365662 0.790029764175415 0.61438113451004 0.324559509754181 0.135900288820267 0.0440120324492455 -0.22697289288044 -0.192644208669662 -0.205289870500565 1.54303586483002 0.959054529666901 0.0929375141859055 -0.106560029089451 -0.183060690760612 -0.0494075417518616 1.2006162405014 2.8618745803833 3.45753264427185 2.58598709106445 1.68936955928802 1.96686482429504 2.8546769618988 2.73252749443054 2.84263515472412 2.80180788040161 2.86248064041138 3.07388782501221
