slauniainen/Data/DEM/Vihti_dem1500b_cl_horizonAngle_66.asc
NCOLS 196 
NROWS 178 
XLLCORNER 353680 
YLLCORNER 6699024 
CELLSIZE 16 
NODATA_value -3.4e+38 
[rows 60 to 79 of 178, columns 90 to 134 of 196]
6.95736598968506 9.15184020996094 10.8600597381592 11.954891204834 16.0840034484863 17.3559951782227 23.8136940002441 22.7073421478271 8.53322887420654 -1.52942085266113 -1.38541185855865 -1.23958218097687 -0.926628410816193 -0.403664797544479 0.0780672132968903 0.898252844810486 1.160968542099 1.81087219715118 1.54521512985229 2.30670118331909 3.03088021278381 4.20765733718872 3.91061973571777 2.23261427879333 0.68612802028656 -1.3104602098465 -1.26714694499969 -1.12852501869202 -0.906140685081482 -0.710387468338013 -0.487493008375168 -0.310908854007721 -0.207230120897293 -0.083786740899086 0.12186212092638 0.416923880577087 0.69116884469986 1.1552015542984 1.32494187355042 1.48784792423248 1.70460772514343 1.81195330619812 2.06899309158325 3.28858661651611 4.33435249328613
7.81387424468994 9.26572513580322 12.7404527664185 14.4507474899292 14.9615488052368 19.605676651001 22.6399803161621 25.4699306488037 17.1837692260742 1.0360814332962 -1.54517352581024 -1.46015965938568 -1.15434944629669 -0.794007420539856 -0.220071643590927 0.324307441711426 0.62427145242691 1.66796147823334 2.24708676338196 2.91709589958191 5.21994829177856 6.34529542922974 5.62138938903809 4.28014993667603 4.86907052993774 1.86818671226501 -1.67039394378662 -1.28557777404785 -1.01976203918457 -0.86701625585556 -0.70462304353714 -0.476196229457855 -0.164552256464958 0.14825776219368 0.336072564125061 0.756400108337402 0.986628532409668 1.2100533246994 1.4663200378418 1.57300269603729 1.84011352062225 2.9719455242157 3.95103120803833 4.86531591415405 5.19534206390381
9.23043155670166 10.8035640716553 12.2479391098022 15.6283693313599 16.7685222625732 17.6744041442871 20.1801872253418 22.5635185241699 18.9966812133789 11.33385181427 -0.0253263395279646 -1.41852819919586 -1.30134403705597 -1.0624361038208 -0.376496076583862 0.402744382619858 1.06237959861755 2.1007616519928 2.86986112594604 4.24266529083252 8.16598606109619 7.60950708389282 6.65127849578857 10.6345930099487 7.47576713562012 0.621577441692352 -1.95456862449646 -1.81389594078064 -1.3312771320343 -0.884107828140259 -0.530969381332397 -0.389687806367874 -0.162808284163475 0.365909904241562 0.637083113193512 0.819852530956268 1.08718883991241 1.34922480583191 1.58658885955811 2.58924746513367 3.50195598602295 4.30138492584229 4.63845348358154 4.81862258911133 5.37214994430542
9.32946586608887 11.5772008895874 13.074857711792 14.249680519104 15.867359161377 17.0064258575439 16.4559898376465 18.8085269927979 18.8292694091797 13.4316644668579 5.67758464813232 0.033467922359705 -1.38677704334259 -1.18780493736267 -0.261685997247696 0.761373579502106 1.66395950317383 2.82674431800842 4.09719610214233 5.87292194366455 7.42473030090332 8.15384578704834 8.08195209503174 16.7201061248779 9.5990514755249 1.31875860691071 -2.21243023872375 -1.90036427974701 -1.47950756549835 -0.967148959636688 -0.417490482330322 -0.20538891851902 0.0458625741302967 0.381874769926071 0.678710460662842 1.08973598480225 2.14377641677856 3.06109833717346 3.18822979927063 3.93084526062012 4.22490262985229 4.3878812789917 4.91963720321655 5.12170457839966 5.29081630706787
10.004768371582 10.8865957260132 12.5424509048462 14.0299520492554 13.7172708511353 14.3294115066528 14.8011255264282 15.4241304397583 16.9991321563721 15.8157024383545 8.51468467712402 2.77599167823792 -1.22242259979248 -0.526633083820343 0.27987602353096 1.3065345287323 2.46492624282837 3.82482743263245 4.79992485046387 6.46484994888306 7.51627063751221 10.7469129562378 11.4945793151855 17.0579299926758 13.2745952606201 2.83728861808777 -2.02225255966187 -1.80601716041565 -1.34945940971375 -0.822125792503357 -0.510899126529694 -0.196071684360504 0.0831413194537163 0.719219386577606 1.7365550994873 2.56266331672668 3.26313948631287 3.62030291557312 3.79149270057678 3.96707940101624 4.42596101760864 4.58866453170776 4.74453115463257 5.06757307052612 5.27306318283081
9.94142532348633 10.847526550293 10.9016132354736 12.1178846359253 12.7753305435181 12.4422092437744 12.9795551300049 13.2337656021118 14.9188928604126 13.7402105331421 10.0509061813354 5.04286241531372 1.46303629875183 0.268486648797989 1.14960336685181 2.14947724342346 3.26112341880798 4.84167528152466 5.65676164627075 8.05852699279785 9.20877265930176 11.2529630661011 13.0924854278564 17.4599456787109 14.5863838195801 4.88892507553101 -1.79768574237823 -1.51050114631653 -1.25908648967743 -0.818464875221252 -0.408719927072525 0.0816192254424095 1.07201159000397 2.0525050163269 2.72437524795532 3.08380603790283 3.26721334457397 3.71302127838135 3.89525151252747 4.09882164001465 4.25847196578979 4.50812721252441 4.71070289611816 4.88503551483154 5.10784578323364
9.0072546005249 9.70130157470703 10.502592086792 10.9830665588379 11.8166332244873 11.6729650497437 11.622838973999 11.6578807830811 11.6332769393921 11.9054555892944 9.7843189239502 6.61984300613403 4.63773393630981 1.33998930454254 2.43697047233582 3.60548090934753 4.22003746032715 5.94583368301392 7.11657190322876 8.31930446624756 10.0450429916382 10.8004302978516 13.4174280166626 19.7076244354248 13.1674299240112 3.44242000579834 -1.55301141738892 -1.0711053609848 -0.639159142971039 -0.264843732118607 0.562512159347534 1.40398752689362 2.00416922569275 2.39449501037598 2.65790128707886 3.17080664634705 3.34303140640259 3.45548892021179 3.77246999740601 3.98453497886658 4.20850610733032 4.31648206710815 4.53437948226929 4.63696432113647 4.77720165252686
8.18192768096924 8.88958072662354 9.68972969055176 10.1808500289917 11.0480794906616 13.5908117294312 11.4557771682739 10.005880355835 9.5145092010498 9.45551776885986 8.49351406097412 7.35305738449097 4.17098474502563 3.10570168495178 3.49437880516052 4.74088144302368 5.387375831604 6.00878381729126 7.66479682922363 8.52828979492188 10.1595754623413 10.9717264175415 13.2147951126099 16.1269111633301 13.0289258956909 2.40491700172424 -0.883890926837921 -0.0419069714844227 0.668958365917206 0.91762763261795 1.46828818321228 1.88726305961609 2.08197140693665 2.52690148353577 2.8053126335144 2.93754577636719 3.23890542984009 3.34930181503296 3.47920942306519 3.68304252624512 3.90587091445923 4.06814193725586 4.20135498046875 4.31604480743408 4.30878257751465
7.78182506561279 8.14071846008301 8.84138298034668 9.60367965698242 9.672926902771 10.6723260879517 12.1999263763428 8.2164945602417 7.76331377029419 7.3673939704895 6.58734464645386 5.80031108856201 5.00398778915405 4.23335123062134 4.25840950012207 5.23963499069214 6.01702165603638 6.62333488464355 7.8322057723999 8.7377347946167 10.2197294235229 11.2066297531128 12.73206615448 16.9840393066406 11.0990037918091 2.41803503036499 0.428417831659317 0.869718730449677 1.20772385597229 1.39155292510986 1.58076500892639 2.046471118927 2.23707365989685 2.40199303627014 2.66941499710083 2.83962655067444 2.87681293487549 3.01104855537415 3.09212136268616 3.1577479839325 3.45195388793945 3.63015222549438 3.68674492835999 3.88552927970886 3.79724478721619
7.34497356414795 7.53350114822388 7.99682807922363 8.64571857452393 9.52892208099365 15.2124509811401 22.5573596954346 4.459388256073 4.09539270401001 4.05228233337402 3.98978638648987 4.08971452713013 4.13702726364136 4.80542659759521 4.9547176361084 5.39389562606812 6.01511240005493 6.67021465301514 7.68353080749512 8.69418430328369 10.2100591659546 11.9057359695435 13.0830001831055 13.6927909851074 12.1650123596191 6.02889728546143 0.928863346576691 0.964857280254364 1.30446875095367 1.53372633457184 1.77308106422424 1.95890784263611 2.23847413063049 2.38296675682068 2.4332480430603 2.54129958152771 2.55864572525024 2.48155808448792 8.2516975402832 2.10709190368652 2.01497292518616 2.24558329582214 2.66726636886597 3.33209204673767 3.46314835548401
6.63435554504395 7.01788425445557 7.21870899200439 8.5889139175415 15.235785484314 25.2400398254395 30.463062286377 3.74956178665161 2.32548546791077 3.07092666625977 3.20541429519653 3.91823792457581 4.26996803283691 4.6374626159668 4.81724119186401 5.01395845413208 5.58733463287354 6.44113254547119 7.40235090255737 8.38500595092773 9.88676834106445 11.3481636047363 12.7492446899414 13.8678646087646 15.1148195266724 9.12883758544922 4.26797819137573 1.05772066116333 1.18589055538177 1.52045297622681 1.83100521564484 2.02588319778442 2.09478282928467 2.19818925857544 2.25535798072815 2.16160464286804 2.4789035320282 6.7734317779541 5.71729612350464 7.5573205947876 8.25027942657471 0.75959575176239 0.972884297370911 2.70235443115234 3.0711522102356
6.08598136901855 6.4673957824707 9.70578289031982 12.1498041152954 21.5124893188477 32.227710723877 27.8833560943604 10.012996673584 2.14255595207214 2.6215546131134 2.83477735519409 3.17342162132263 3.66571640968323 3.86612892150879 3.91685056686401 4.08718538284302 4.55999803543091 5.40223836898804 6.62874698638916 7.84748268127441 8.98358249664307 10.5383596420288 12.267276763916 13.5218181610107 16.4181156158447 10.959529876709 6.14929580688477 1.1667652130127 1.23650300502777 1.47320568561554 1.72217559814453 1.91166424751282 1.97646284103394 1.90534794330597 2.20664405822754 2.26881313323975 5.48801422119141 9.91008472442627 8.32628440856934 2.97566676139832 9.4180212020874 2.32732200622559 -0.0208667311817408 1.18697714805603 2.77096390724182
7.05373191833496 7.93858814239502 13.4652070999146 15.9325284957886 22.6991634368896 35.3468627929688 26.7577743530273 12.0633373260498 5.88395404815674 2.2201931476593 2.40792202949524 2.64481711387634 2.82276105880737 3.02758455276489 3.07368421554565 3.03321290016174 3.16321468353271 4.14423799514771 5.11525774002075 6.62530660629272 7.86345767974854 9.5501766204834 11.1759033203125 12.8085422515869 14.2644033432007 11.6649360656738 7.50187206268311 1.17783784866333 1.16481232643127 1.43142640590668 1.52733683586121 1.6973329782486 1.75002729892731 1.64792990684509 3.69132804870605 5.40188932418823 11.5518989562988 12.4186906814575 10.8743171691895 -0.197541192173958 5.20686101913452 6.04275798797607 -0.356650412082672 -0.263065338134766 1.47179329395294
9.83855819702148 11.1268835067749 14.2695007324219 16.8333644866943 22.7766895294189 32.2546615600586 30.6200103759766 14.4399995803833 7.80932998657227 5.08043432235718 1.9080171585083 1.96349477767944 1.98436081409454 3.33340978622437 10.9297180175781 1.11160278320312 1.42063641548157 2.94325757026672 4.2454981803894 5.73276901245117 7.28484869003296 8.8544750213623 10.398998260498 12.1764755249023 12.5907440185547 12.8612909317017 6.68591213226318 1.2358546257019 1.12291383743286 1.26596939563751 1.34620070457458 1.3815643787384 1.44752204418182 4.64802074432373 4.70748233795166 7.16915559768677 21.6911506652832 6.54408550262451 6.1142110824585 -0.0829457566142082 0.255338102579117 5.20108985900879 -1.10695254802704 -1.30296003818512 0.362660557031631
10.2423257827759 11.6436252593994 14.3075771331787 17.0148143768311 22.7885646820068 29.3251819610596 32.5385856628418 21.0271110534668 9.90555095672607 7.05065155029297 5.95988082885742 2.56299781799316 3.54963612556458 4.20974969863892 5.73869132995605 0.321814149618149 0.291579812765121 1.87466442584991 3.44080543518066 4.86997985839844 6.46826314926147 7.86769914627075 9.52567481994629 11.2763385772705 11.6732997894287 10.3951978683472 5.893874168396 1.54330027103424 1.25688111782074 1.17342698574066 1.13392019271851 1.81780326366425 3.29130959510803 5.55955362319946 9.09851264953613 10.8856725692749 20.6299266815186 8.62979507446289 4.08334493637085 1.3090101480484 -1.05276882648468 0.861413180828094 -1.59680497646332 -1.52632820606232 0.787809610366821
10.2087564468384 11.7927522659302 14.0238056182861 16.6553955078125 19.92138671875 25.9107036590576 29.2954025268555 29.4913063049316 15.9723863601685 7.87268733978271 7.64485454559326 9.41004467010498 6.69860553741455 3.67386054992676 3.42878150939941 0.0393923223018646 0.234007105231285 0.940433621406555 1.57347905635834 3.50206422805786 5.33658981323242 6.96059083938599 8.26235580444336 9.7096996307373 10.7652292251587 8.79798889160156 5.10359382629395 4.99362087249756 3.59853434562683 2.66583728790283 2.53870534896851 4.04592657089233 6.78888750076294 7.01553535461426 10.8337907791138 12.6059579849243 12.768684387207 12.7000617980957 6.48553562164307 2.00217866897583 -0.133953422307968 -1.82125234603882 -1.68491351604462 -0.800900161266327 1.04209327697754
10.0551280975342 11.8803663253784 13.4489908218384 16.005163192749 18.8679866790771 22.554162979126 27.3488159179688 27.7239246368408 24.7598266601562 14.9032917022705 11.5243072509766 7.38723421096802 6.52121734619141 5.31202936172485 2.23392391204834 0.194548264145851 0.2956722676754 0.306373685598373 0.64326137304306 1.86933100223541 3.66388893127441 5.22817850112915 6.78651857376099 7.81992721557617 7.83118724822998 5.32838010787964 3.58532953262329 4.33319282531738 4.49744081497192 4.63967752456665 5.63434076309204 6.24909067153931 10.7102346420288 10.9405422210693 7.823166847229 11.2878007888794 10.6338014602661 9.83220195770264 3.60275888442993 1.95655274391174 6.66909456253052 -1.58706665039062 -1.41142416000366 -0.13576777279377 1.47885477542877
10.1305513381958 11.5002822875977 13.0429830551147 14.3516626358032 16.9032878875732 19.8817844390869 22.8990516662598 26.6700820922852 24.9265060424805 21.9183502197266 14.99729347229 9.01598358154297 10.4383478164673 8.9224853515625 5.79220819473267 4.40931987762451 1.9332138299942 0.930394113063812 0.807921826839447 1.61174666881561 3.11608743667603 3.74555325508118 4.67025566101074 5.45662832260132 7.0478196144104 5.48552370071411 3.81563234329224 5.02297019958496 5.43587589263916 5.5789680480957 6.97096395492554 7.85129690170288 11.2975215911865 19.1229782104492 11.9958591461182 6.94570922851562 6.4212794303894 4.63447666168213 3.75217962265015 5.06725120544434 3.76910758018494 -0.926590144634247 -0.58140766620636 0.926175951957703 2.14639830589294
9.87755393981934 10.861065864563 12.1697101593018 13.7548589706421 14.8425264358521 17.4928855895996 20.2413196563721 22.5951595306396 25.1471385955811 22.1526069641113 15.4219455718994 11.6308155059814 11.6006765365601 10.6656017303467 9.8637866973877 7.75982618331909 6.36165475845337 3.49353098869324 1.40748226642609 1.79414677619934 2.15019297599792 2.90294051170349 3.49103569984436 4.78466558456421 6.61804056167603 5.4224681854248 5.56418180465698 5.90782737731934 6.56600189208984 6.82792329788208 7.0104866027832 11.1360111236572 13.3847303390503 18.8524074554443 15.7427606582642 5.63159036636353 4.63432788848877 4.37968254089355 2.88024568557739 4.12530088424683 2.81392383575439 0.351238250732422 0.606843113899231 1.6295599937439 2.77502346038818
9.42623805999756 10.2423915863037 11.0483198165894 12.4121780395508 14.1272058486938 15.664571762085 18.232292175293 20.392204284668 21.4540843963623 20.0722351074219 14.5920124053955 11.1581602096558 10.8170166015625 10.1651229858398 10.4331960678101 9.45458984375 7.14271450042725 5.32911920547485 2.67944192886353 1.87317228317261 2.18726086616516 2.77094984054565 3.61473369598389 4.88179302215576 6.4084267616272 7.34073877334595 7.13034248352051 6.20650672912598 6.90655136108398 8.32682418823242 9.85934829711914 10.9373836517334 14.2463092803955 18.7418613433838 11.3342456817627 6.49403285980225 5.08011341094971 4.57002449035645 2.55166172981262 1.16929173469543 1.45493757724762 1.24303090572357 1.63815295696259 2.0969877243042 3.04152703285217
