slauniainen/Data/DEM/Vihti_dem1500b_cl_horizonAngle_192.asc
NCOLS 196 
NROWS 178 
XLLCORNER 353680 
YLLCORNER 6699024 
CELLSIZE 16 
NODATA_value -3.4e+38 
[rows 0 to 19 of 178, columns 0 to 44 of 196]
-0.775042593479156 -0.0291758645325899 0.523785948753357 2.1825807094574 2.52141404151917 2.93000674247742 4.83614063262939 6.75281143188477 -0.90677011013031 -1.78114104270935 -1.92638516426086 -1.7947838306427 -1.42645883560181 -1.38590967655182 -0.127874583005905 2.34976267814636 -0.605514705181122 -1.64739727973938 -1.23066806793213 0.027484679594636 1.06548225879669 4.06192493438721 6.36561584472656 4.27418613433838 4.35989046096802 7.19805908203125 6.20336818695068 3.48711585998535 2.46924495697021 1.01888561248779 0.454003870487213 0.411117225885391 0.14978800714016 0.0713389068841934 -0.184879586100578 -0.499015867710114 -0.570405721664429 -0.440937399864197 -0.545622587203979 -0.803443193435669 -0.746221721172333 -0.375804543495178 0.163939595222473 0.497895807027817 0.75028532743454
-0.183130413293839 -1.31122195720673 -0.287082254886627 1.7508362531662 2.60437798500061 1.76583778858185 2.42369246482849 6.8724513053894 0.763432145118713 -1.63168907165527 -1.80876517295837 -1.61808907985687 -0.8188556432724 -0.62396776676178 0.0374157726764679 4.02908563613892 0.452968716621399 -1.49982643127441 -0.763689041137695 -0.0884918570518494 1.49986732006073 5.8189845085144 2.76015520095825 6.07090902328491 9.33759689331055 6.78915977478027 6.77925205230713 4.65320730209351 2.85634112358093 1.04307949542999 0.520784556865692 0.652079403400421 0.587381303310394 0.196452751755714 -0.283554434776306 -0.409050792455673 -0.342221587896347 -0.402975022792816 -0.471883594989777 -0.721697986125946 -0.47238227725029 -0.0592926666140556 0.670641839504242 1.20952713489532 1.6579931974411
-2.1909441947937 -2.39523839950562 -0.591350436210632 0.155771270394325 0.999865531921387 0.332124143838882 0.142450138926506 5.21480655670166 3.84741282463074 -1.42587852478027 -1.60059559345245 -1.36682295799255 0.027737395837903 -1.26458358764648 -1.42101919651031 0.936403870582581 2.85181474685669 -0.550755858421326 -0.311135441064835 -0.0592586994171143 1.58365404605865 2.71722340583801 1.80791091918945 7.57165670394897 11.7211313247681 6.59553098678589 6.36922264099121 5.3508996963501 2.54787755012512 1.1016218662262 0.544834196567535 0.72524505853653 0.788481891155243 0.789274036884308 0.234274178743362 -0.399428218603134 -0.31620517373085 -0.310618549585342 -0.496197044849396 -0.541010499000549 -0.212911501526833 0.527891218662262 1.27860593795776 1.9989458322525 2.63343620300293
-2.11191368103027 -2.07486891746521 0.596390604972839 0.146466255187988 -1.77555668354034 1.07748365402222 -0.863214671611786 2.80028367042542 3.30461668968201 -1.18259477615356 -1.41005885601044 -1.20882296562195 0.808353900909424 -1.18365669250488 -1.30695652961731 0.998117506504059 3.00792646408081 0.00822354760020971 -0.242271319031715 -0.737922191619873 1.95794451236725 3.7616810798645 4.76736783981323 3.74448823928833 2.300856590271 4.17581558227539 4.97898197174072 4.48363256454468 2.50272798538208 0.978275060653687 0.777285099029541 0.846058487892151 0.709238052368164 0.260796576738358 -0.240326389670372 -0.361298620700836 -0.304286390542984 -0.292889416217804 -0.376872092485428 -0.0826697051525116 0.555876672267914 1.31272077560425 2.04936575889587 2.81207776069641 2.94733333587646
-2.15490984916687 -2.3674693107605 -2.34254050254822 -2.18748259544373 -1.87034726142883 -0.801273286342621 -1.4755916595459 2.85676121711731 1.16500794887543 -0.616666495800018 -1.17778468132019 -1.14131438732147 -0.934165894985199 -1.11017453670502 -1.22807109355927 -1.69379651546478 -1.11298954486847 -0.16490763425827 -0.0744374543428421 -0.701682865619659 1.0063658952713 2.05306792259216 7.31689691543579 6.52361726760864 2.52589797973633 2.75833439826965 3.89952540397644 3.95421528816223 2.45413517951965 1.06558883190155 1.00605916976929 0.921747624874115 0.927052319049835 0.477772235870361 -0.100760519504547 -0.360678434371948 -0.125694409012794 0.0422849170863628 0.271993458271027 0.652120888233185 1.59822165966034 2.47508001327515 3.0651957988739 3.36088252067566 3.15466117858887
-1.95585787296295 -2.29619359970093 -2.25574779510498 -2.01317763328552 3.79418754577637 -1.47059166431427 -1.39023041725159 -1.22871351242065 -0.172898888587952 0.038955632597208 -1.00438094139099 0.157373204827309 1.25395905971527 -0.872861862182617 -0.925087928771973 -1.56834244728088 -0.882498204708099 0.545905470848083 0.36108985543251 -0.484938949346542 -1.8277599811554 4.83958578109741 7.35231876373291 7.68668985366821 2.21016311645508 2.47209811210632 3.59124779701233 4.21703767776489 3.21446990966797 1.58488976955414 1.3449774980545 1.24283230304718 1.30943834781647 0.942617058753967 0.425104111433029 0.113133184611797 0.57426518201828 1.06148219108582 1.08367574214935 1.82218647003174 2.78980398178101 3.64533472061157 3.89564943313599 3.68411159515381 3.39720249176025
-1.82361745834351 -1.93170893192291 -1.90781819820404 -1.87952816486359 -1.85347700119019 -1.44415163993835 -1.22088253498077 -1.14235317707062 -0.224426850676537 0.249887809157372 0.598432600498199 2.22990012168884 0.102869369089603 -0.361872285604477 -0.259998828172684 -0.850159049034119 0.425471931695938 1.31910920143127 0.869183480739594 0.42216831445694 -1.10313904285431 2.30209136009216 5.01805639266968 3.52282762527466 0.110975287854671 2.58647036552429 4.3996787071228 4.82929754257202 3.65973520278931 2.05278444290161 1.72706365585327 1.61777222156525 1.31964159011841 0.980469703674316 1.14115476608276 1.62878656387329 1.874147772789 1.83067321777344 1.69924032688141 2.69605398178101 3.62042546272278 4.26220798492432 4.26202821731567 3.97243356704712 3.64144158363342
-1.4032928943634 -1.52219915390015 -1.52368080615997 -1.48934054374695 -1.60350430011749 -1.36024463176727 -1.08657288551331 -0.703777432441711 -0.0550973080098629 0.327263802289963 1.73450875282288 2.70499730110168 1.52377688884735 1.31944119930267 0.336020976305008 2.25137114524841 3.25826263427734 2.41635298728943 1.62113678455353 1.11523187160492 -0.820407390594482 -2.81260967254639 -3.07884192466736 -1.62604987621307 0.677495896816254 1.6829389333725 3.38207411766052 4.35207653045654 3.29955339431763 2.13980650901794 1.98548829555511 1.76643908023834 1.57645213603973 1.23369383811951 1.42701232433319 2.30448770523071 2.92474246025085 2.45750021934509 2.75380754470825 3.97432470321655 4.60943269729614 4.85672569274902 4.47066116333008 4.1136474609375 4.28069114685059
-1.06660389900208 -1.2933543920517 -1.35922133922577 -1.38284623622894 -1.29472017288208 -0.968646764755249 -0.964181184768677 0.0775098502635956 0.517441034317017 1.35065877437592 2.32403516769409 1.80145597457886 2.22728133201599 1.08856022357941 0.843604028224945 4.16681671142578 7.73303318023682 4.79157590866089 2.23552298545837 1.51284265518188 -0.13740149140358 -2.24736475944519 -3.51456809043884 -2.84241223335266 -0.527111828327179 1.49222278594971 2.82559657096863 2.6633837223053 2.26808714866638 2.11919522285461 2.0825183391571 2.08535861968994 1.65588080883026 1.47362983226776 1.5521057844162 3.05210566520691 4.15185642242432 3.66125297546387 4.16380977630615 5.22521162033081 5.69265604019165 5.43710994720459 4.94676780700684 4.55485248565674 4.69629287719727
-0.723114848136902 -1.27492594718933 -1.29156720638275 -1.29470014572144 -1.08960497379303 -0.490854471921921 -0.809833407402039 0.517994284629822 1.03479778766632 2.59110856056213 -0.647160232067108 -0.583783388137817 -0.441303461790085 0.411156684160233 1.33730626106262 5.54947090148926 9.50943183898926 7.86466646194458 3.97165822982788 2.1167848110199 0.541090667247772 -1.64633226394653 -3.02297329902649 -3.93716526031494 -3.44032144546509 -2.71916127204895 -1.4624902009964 -0.581420361995697 1.32933259010315 2.39872288703918 2.73293304443359 2.54804944992065 1.99476051330566 1.27709889411926 1.969606757164 3.79240369796753 5.1625018119812 4.5965051651001 6.05972909927368 6.48436117172241 6.89468812942505 5.77780294418335 5.52739524841309 5.09986543655396 5.1972918510437
-1.04264903068542 -1.18572723865509 -1.25359487533569 -1.22572040557861 -1.04003524780273 -0.174082726240158 -0.161506220698357 1.03590381145477 -0.80352920293808 -0.789565205574036 -0.776437878608704 -0.823215305805206 -0.859717845916748 0.212172031402588 1.98330235481262 6.50050735473633 10.9295806884766 9.76779079437256 6.21648788452148 3.90543460845947 1.58828496932983 -0.968660533428192 -1.91574680805206 -3.23187518119812 -3.32154703140259 -2.70598125457764 -2.67102193832397 -0.778963088989258 1.65255415439606 3.06513524055481 3.49955415725708 2.67249965667725 1.78696739673615 1.78193724155426 3.03059363365173 4.75857400894165 5.51071691513062 5.83456373214722 7.42029905319214 7.53185129165649 5.69020509719849 5.45908403396606 5.86324501037598 5.77885293960571 6.80826807022095
-0.944954991340637 -1.10246312618256 -1.17601728439331 -1.15984547138214 -1.08168745040894 -0.786213099956512 -0.416620522737503 0.0650473833084106 -0.610889971256256 -0.685869872570038 -0.727876782417297 -0.774467289447784 -0.7945157289505 0.827098965644836 4.15883684158325 13.5250759124756 16.3321495056152 11.282585144043 8.04998302459717 5.22686290740967 3.17768883705139 1.4579952955246 -0.53776890039444 -1.34745955467224 -2.32476091384888 -2.12760043144226 -2.32103586196899 -0.0415563806891441 2.48380875587463 3.91928672790527 4.64892387390137 3.63431119918823 2.44646310806274 3.34877991676331 4.87885475158691 5.91956520080566 6.55992412567139 7.06813859939575 8.93392944335938 9.04833602905273 8.03501129150391 6.84517526626587 6.68280649185181 6.75073099136353 7.92294311523438
-0.667607128620148 -1.00571501255035 -1.08414208889008 -1.11250114440918 -1.0022759437561 -0.842016577720642 0.528470873832703 0.562630355358124 0.410014599561691 -0.437586307525635 -0.583409070968628 -0.728788375854492 0.133605092763901 1.39257204532623 8.9563455581665 18.8168125152588 21.7519836425781 16.072322845459 10.3963460922241 6.78621625900269 4.27247381210327 2.62937045097351 1.13129079341888 -0.163760170340538 -0.748936474323273 -1.56090557575226 1.26623380184174 2.41589403152466 3.73517203330994 5.80819797515869 6.3108057975769 5.2956714630127 4.1362247467041 5.73125314712524 8.66579437255859 9.3108024597168 8.77191543579102 8.79550170898438 10.9920339584351 11.1673984527588 10.2523012161255 9.26805114746094 8.0135498046875 7.90627908706665 9.26631164550781
-0.629131197929382 -0.944806933403015 -1.06759977340698 -1.10519301891327 -0.930903911590576 -0.767071425914764 1.16054999828339 0.839247286319733 0.253306567668915 -0.059156246483326 0.180985748767853 -0.609382331371307 0.234192222356796 1.68660354614258 12.050103187561 17.9905853271484 19.8927192687988 22.0060958862305 13.8148031234741 9.54960823059082 6.21513557434082 3.59073567390442 1.40965270996094 -0.335995823144913 -0.464803427457809 0.369289547204971 4.81975603103638 6.49939870834351 7.3823881149292 9.52952671051025 10.0011529922485 9.60874557495117 13.6066980361938 14.6302328109741 12.5734300613403 11.5870056152344 10.7001981735229 13.5665845870972 14.3066740036011 14.3999767303467 13.281795501709 12.0621166229248 9.87091827392578 9.49220275878906 10.9038772583008
-0.797409653663635 -0.849877655506134 -0.966382145881653 -1.0252993106842 -0.805754780769348 -0.671149909496307 -0.781282782554626 -0.192077860236168 0.218756228685379 0.12283393740654 -0.478747963905334 -0.514173626899719 -0.261799335479736 1.74647104740143 10.9015064239502 16.7037658691406 12.0392971038818 13.6591558456421 15.1292304992676 13.5245208740234 9.11935138702393 6.60826826095581 3.17448949813843 0.735588312149048 -0.130647629499435 0.457189500331879 -0.749720752239227 0.37043696641922 3.56991171836853 5.59119033813477 5.52547788619995 4.33085060119629 3.17325401306152 9.21494770050049 12.497124671936 14.1666660308838 14.0642938613892 22.2112445831299 25.308012008667 19.9260482788086 17.9734554290771 14.413722038269 12.0973749160767 11.943058013916 14.0019617080688
-0.870508909225464 -0.91962730884552 -0.920148909091949 -0.922120928764343 -0.686340808868408 0.622226238250732 -0.65679132938385 -0.495558857917786 -0.492198646068573 -0.505872070789337 -0.431431621313095 -0.433098345994949 -0.643931031227112 0.843481063842773 10.9695100784302 9.70491695404053 7.25754308700562 10.2820386886597 14.2435894012451 16.5132923126221 13.779670715332 9.80656242370605 6.88834953308105 1.89229226112366 -0.475863635540009 1.13456463813782 -0.215341195464134 -0.489289194345474 -0.385066598653793 2.45362424850464 3.00656414031982 2.46185994148254 3.17973637580872 4.56080484390259 6.06350660324097 6.36221694946289 10.2111883163452 16.721134185791 16.7170238494873 19.7845878601074 20.2970428466797 18.6190509796143 14.6353483200073 18.0803394317627 21.9094371795654
-0.681426227092743 -0.751410126686096 -0.903727173805237 -0.799093723297119 -0.564045667648315 1.87308549880981 -0.292862296104431 -0.578949630260468 -0.530906200408936 -0.447511374950409 -0.253969639539719 -0.373663485050201 -0.572231650352478 1.89007437229156 9.19319725036621 6.12736463546753 4.74100828170776 6.67696475982666 9.95795726776123 9.9385290145874 16.2375068664551 13.2944822311401 10.1216917037964 5.17883491516113 -0.481939494609833 -2.20472574234009 -3.57266092300415 -0.188293978571892 0.0470736548304558 2.0917854309082 2.31859374046326 2.44337034225464 0.671677350997925 2.7678689956665 5.58840274810791 5.21206331253052 7.43520736694336 4.29745578765869 5.04110050201416 6.27714395523071 5.82404088973999 9.36611175537109 14.1102752685547 19.5267848968506 19.4615249633789
-0.339369714260101 -0.551335394382477 -0.771449446678162 -0.646318912506104 -0.462997108697891 -0.570943057537079 -0.570450067520142 -0.522205948829651 -0.397731930017471 -0.246252566576004 -0.192813396453857 -0.301964551210403 -0.484947085380554 2.75528287887573 10.4202861785889 5.71624135971069 4.82778549194336 -0.347802609205246 -1.10403168201447 1.50568270683289 7.24073934555054 14.7200756072998 11.8671865463257 8.88772487640381 2.51214551925659 -2.18433356285095 -3.42837071418762 -3.5077702999115 -1.48269426822662 -3.11057782173157 -3.3079776763916 0.105758525431156 -0.0342818573117256 -1.64993607997894 0.479194909334183 3.14427280426025 1.1273717880249 -0.493182122707367 1.66838943958282 2.72567367553711 3.56640100479126 3.07668972015381 7.12356376647949 8.07986354827881 6.42184638977051
0.38645127415657 0.18241360783577 0.162942081689835 -0.529939532279968 -0.278877019882202 -0.362637996673584 -0.274709165096283 -0.177184969186783 -0.154929265379906 -0.14865343272686 -0.156196504831314 -0.228840783238411 -0.427179455757141 3.24691128730774 -2.04369211196899 -2.70437908172607 -1.07904231548309 -0.1821468770504 -0.915249466896057 -1.09734058380127 -0.570520520210266 5.55346441268921 11.2632064819336 9.72670841217041 6.64385318756104 -0.373516798019409 -3.07586908340454 -3.23791241645813 -3.36026835441589 -3.36774444580078 -2.12512612342834 -0.845461428165436 -0.773267090320587 -2.03747725486755 -2.55197095870972 1.13237988948822 2.36580681800842 -1.19438743591309 -1.98943531513214 -0.250475108623505 1.04889059066772 0.852454006671906 2.5398485660553 1.3409583568573 0.794409394264221
0.921517670154572 1.02072334289551 0.6404989361763 -0.35936626791954 -0.174321129918098 -0.131893530488014 -0.119018718600273 -0.121411316096783 -0.149470254778862 -0.107367821037769 -0.141307950019836 0.240619316697121 0.21319654583931 -0.904492974281311 -1.97662234306335 -2.58614611625671 -2.91169452667236 -2.54731965065002 -1.8632196187973 -0.587047874927521 -0.230859145522118 -0.650492906570435 4.31090354919434 5.99706649780273 5.77949857711792 4.02391767501831 -2.0796012878418 -2.79621434211731 -3.1435661315918 -3.29556608200073 -3.29907917976379 -0.107151880860329 -0.962692856788635 -2.44143414497375 -2.26870822906494 0.323501646518707 3.86468720436096 0.608205497264862 -2.20382881164551 -1.06992042064667 -1.53975486755371 -0.146985352039337 -1.10452330112457 -2.48555731773376 -2.27999687194824
