slauniainen/Data/DEM/Vihti_dsm1500b_cl_horizonAngle_156.asc
NCOLS 196 
NROWS 178 
XLLCORNER 353680 
YLLCORNER 6699024 
CELLSIZE 16 
NODATA_value -3.4e+38 
[rows 140 to 159 of 178, columns 0 to 45 of 196]
14.5002641677856 9.11207103729248 1.55196642875671 0.581492483615875 0.761328399181366 0.988548696041107 1.32568144798279 1.21214997768402 22.9621906280518 4.22887229919434 4.23861694335938 4.2347149848938 4.61671876907349 5.19047212600708 4.94607925415039 4.73514175415039 4.87506484985352 5.03724431991577 5.00610303878784 5.06285047531128 5.24210834503174 4.94846057891846 6.58650684356689 8.5783166885376 7.52033281326294 6.62664175033569 6.60263109207153 26.3267517089844 9.0035572052002 19.1232242584229 6.71911001205444 16.8435535430908 5.89376974105835 3.6723325252533 11.310694694519 3.93883275985718 4.02765607833862 7.25586271286011 4.70922422409058 5.20029401779175 5.67088603973389 8.60160446166992 23.7746620178223 8.91761302947998 7.21976804733276 7.4712553024292
0.377946257591248 3.20028042793274 2.1307110786438 5.15714454650879 6.07957792282104 1.04211795330048 1.35397100448608 1.97689044475555 3.07087588310242 4.42370843887329 4.47019577026367 4.37326717376709 4.82935476303101 5.44332313537598 5.18092107772827 4.91930437088013 5.10547399520874 5.01753854751587 5.65609836578369 5.32852983474731 5.55649757385254 5.46864175796509 5.79314184188843 7.17319917678833 9.36219787597656 8.30855083465576 7.38849115371704 10.1127910614014 9.98960113525391 1.63780546188354 9.27048492431641 3.01601362228394 3.75241088867188 10.0384855270386 4.60527992248535 8.36448383331299 11.3095541000366 5.44957160949707 6.47945785522461 5.95638751983643 9.46302795410156 5.39228820800781 6.08690977096558 7.2196626663208 8.1351375579834 8.26272773742676
0.740453004837036 0.547206878662109 0.815400660037994 0.535313308238983 0.664137840270996 1.43633842468262 1.70029938220978 2.98381876945496 4.44140481948853 4.61330413818359 4.65812349319458 4.68263578414917 5.02106761932373 5.43985939025879 5.86445617675781 5.42094421386719 5.35194158554077 5.22216653823853 6.18610572814941 5.57778215408325 5.77023983001709 6.25764083862305 6.27599811553955 8.13103580474854 10.6934471130371 9.54375267028809 8.29545783996582 7.98615550994873 2.56223440170288 2.00442385673523 2.97472524642944 3.21746516227722 18.3573875427246 6.55482816696167 5.24658250808716 8.66855430603027 5.39092779159546 7.94468832015991 7.57533597946167 23.8439865112305 8.90869522094727 6.76477718353271 5.7931432723999 7.65462350845337 6.96667432785034 8.14690685272217
8.87474346160889 1.08741474151611 6.36762094497681 0.796580195426941 13.3681116104126 2.14842891693115 2.97449946403503 4.03183031082153 4.66553068161011 4.66652488708496 4.90380954742432 4.95479154586792 4.9533371925354 5.49176740646362 6.18368864059448 5.84165716171265 5.5436635017395 5.75507068634033 6.80216073989868 5.84346103668213 6.25405931472778 7.17833471298218 7.09914588928223 6.89415073394775 9.00317287445068 12.4145784378052 10.9898767471313 9.33822154998779 18.0888957977295 2.67186975479126 1.95766532421112 6.02299928665161 3.27415347099304 5.56944704055786 5.02468252182007 5.89212131500244 5.61172103881836 8.26533699035645 7.44879770278931 6.55165100097656 6.18453550338745 7.18137788772583 6.26198148727417 8.35253238677979 7.27568769454956 9.71402072906494
0.704640030860901 1.30145287513733 1.17009162902832 1.62185573577881 0.964329659938812 3.37248587608337 4.17735290527344 4.35459804534912 4.84639930725098 5.01191568374634 5.13231039047241 5.25808000564575 5.26846218109131 5.69720506668091 6.16713333129883 6.71372175216675 6.20228719711304 6.06246709823608 5.96734142303467 7.93965911865234 7.03605842590332 7.40616178512573 8.27285385131836 7.61889362335205 10.7360305786133 14.7683725357056 13.1359100341797 11.2636775970459 10.4001207351685 2.81890201568604 8.48089504241943 4.48167753219604 8.31578826904297 11.8796634674072 6.267982006073 7.58221673965454 4.43965101242065 7.88108110427856 8.67838287353516 10.8635940551758 7.77783155441284 19.5655078887939 19.4152565002441 22.8555774688721 15.2545299530029 11.6287870407104
18.2715167999268 1.35982382297516 1.45895099639893 2.02614378929138 3.35944223403931 4.62529277801514 4.19750785827637 4.71683073043823 4.88819074630737 5.28421878814697 5.3920726776123 5.68698644638062 5.89717483520508 5.79878950119019 6.34227132797241 7.12532520294189 6.67577266693115 6.32905912399292 6.56396579742432 8.95468330383301 6.5657696723938 8.45670127868652 9.52920436859131 8.79082584381104 8.82297229766846 13.5299949645996 19.0132274627686 16.5389499664307 13.8131475448608 3.75146770477295 2.15104532241821 3.37281155586243 7.12658405303955 5.72184658050537 6.85790538787842 7.39474630355835 9.1579704284668 14.0599002838135 17.4655685424805 15.7652187347412 11.3431634902954 6.36476898193359 7.30442142486572 7.21688032150269 24.2382564544678 12.5752954483032
1.30966925621033 1.78656792640686 1.46052694320679 2.70483684539795 3.26395320892334 4.95152139663696 4.78549385070801 5.16447830200195 5.34328365325928 5.77576303482056 5.89146423339844 6.219895362854 6.44714832305908 6.23444557189941 6.56723833084106 7.10372018814087 7.82385015487671 7.23228120803833 6.96464014053345 6.92711067199707 10.929295539856 9.84405708312988 8.85220527648926 11.47607421875 10.6731595993042 18.2085876464844 25.670877456665 22.5484790802002 20.9990501403809 15.7338714599609 5.43908357620239 3.73833417892456 5.01279258728027 15.3614320755005 9.25924015045166 7.97906494140625 11.6898355484009 7.20123434066772 9.76977920532227 33.5283279418945 31.9785957336426 7.69164276123047 7.13180541992188 11.6860494613647 7.91368007659912 21.7293910980225
2.05928826332092 2.00477194786072 2.66645860671997 3.82109951972961 4.01473236083984 4.39216661453247 5.44897365570068 5.68153285980225 5.87816524505615 6.35495185852051 6.4869065284729 6.84783267974854 7.08793592453003 6.71717882156372 6.96329069137573 7.46398448944092 8.4029655456543 7.78208494186401 7.37033176422119 7.81596899032593 12.9040079116821 7.47306728363037 11.7521238327026 15.1348237991333 13.950267791748 14.0832748413086 32.1471328735352 34.1126518249512 23.3472385406494 34.0452194213867 18.3511924743652 6.56244373321533 3.67696785926819 5.21156024932861 9.91706275939941 15.7936153411865 23.6989822387695 19.4952335357666 7.04494190216064 4.2861475944519 5.32448244094849 17.0036716461182 12.9239368438721 7.60091781616211 11.8085680007935 20.4646263122559
2.72710752487183 3.00688743591309 3.0306191444397 4.3226261138916 4.25406503677368 4.40143775939941 5.86208724975586 5.77053356170654 6.65604400634766 6.88988494873047 7.4532585144043 7.60591840744019 8.00691509246826 8.28109073638916 7.59466600418091 7.73488759994507 8.36326789855957 9.37416172027588 8.89688396453857 9.22147274017334 7.99017763137817 16.0183773040771 15.2581357955933 11.1899394989014 25.600191116333 23.8780746459961 4.13961601257324 2.6837112903595 3.39429211616516 4.3084135055542 18.1096229553223 11.2783346176147 4.73374319076538 9.7396411895752 4.61283826828003 13.4899806976318 6.92748022079468 6.74951648712158 9.79622077941895 4.44481325149536 5.49324417114258 4.16251468658447 12.6474113464355 17.0373935699463 8.13364601135254 8.05280208587646
4.58461999893188 4.44466018676758 4.32454204559326 4.50960159301758 4.68431901931763 4.42271184921265 5.10678815841675 6.56497192382812 7.53554821014404 7.79322719573975 8.43062114715576 8.60085678100586 9.06426525115967 9.74580383300781 8.77064228057861 8.12901878356934 9.13317966461182 10.1938648223877 10.5358123779297 9.76472568511963 11.0395240783691 20.8484382629395 9.58238792419434 26.0305423736572 5.99481344223022 3.90917754173279 5.38304615020752 6.75315380096436 8.03758335113525 9.68568420410156 3.24750280380249 6.22314405441284 21.2158393859863 14.6805200576782 3.34155058860779 4.06561708450317 4.47334051132202 3.37708568572998 10.4405279159546 12.6718330383301 4.71530294418335 6.42836141586304 16.9180335998535 7.16531085968018 8.76156616210938 8.15945529937744
3.24178290367126 5.13873243331909 4.99510431289673 4.76149368286133 4.98132848739624 4.86736297607422 5.34103298187256 7.15357685089111 6.40200757980347 9.29925346374512 9.59978771209717 10.3846111297607 10.6137170791626 11.6199588775635 11.5244035720825 10.4982309341431 9.95366477966309 11.1694774627686 11.1150808334351 13.3653259277344 14.169732093811 8.60378360748291 37.0147895812988 5.75475549697876 11.31227684021 14.7223739624023 15.0695161819458 6.74356937408447 8.40276622772217 8.71633148193359 8.56485462188721 22.9406604766846 3.29096007347107 5.60282564163208 4.0174617767334 5.57991170883179 3.89053893089294 20.8235530853271 2.92874932289124 4.11681318283081 4.69580268859863 6.93706130981445 4.98330307006836 8.79237747192383 8.95101451873779 9.93916320800781
4.103844165802 5.62093925476074 5.46253299713135 5.12006664276123 5.33508014678955 5.47520542144775 5.11327791213989 7.813889503479 8.033203125 11.1069679260254 11.4770135879517 12.3845434188843 12.6277961730957 13.2555837631226 16.0573081970215 14.4537239074707 10.9006032943726 11.8823280334473 14.2105302810669 17.3698978424072 13.3582601547241 24.9361000061035 4.9342188835144 7.36263084411621 9.50752639770508 17.6073894500732 4.59633159637451 14.1452560424805 8.83782386779785 9.7888822555542 12.9954662322998 3.30829048156738 7.99176406860352 32.2445259094238 13.791729927063 4.42418575286865 12.1675939559937 3.76732301712036 3.77121496200562 2.98060441017151 7.80998373031616 11.632438659668 17.0503845214844 7.46913480758667 10.9750089645386 15.5836620330811
4.49920845031738 6.18280220031738 6.00786638259888 5.54302310943604 5.72824430465698 5.95588827133179 5.6468563079834 6.98803520202637 9.113112449646 8.38239288330078 15.3696146011353 15.8515510559082 17.2879676818848 17.2322597503662 21.7429790496826 19.6216583251953 16.9748020172119 14.170355796814 18.441801071167 17.599666595459 29.9201011657715 7.46260166168213 10.3371410369873 10.585280418396 7.33790016174316 5.37734508514404 4.40385818481445 8.63131809234619 13.7980508804321 10.2435102462769 11.1855382919312 13.4762163162231 25.5614166259766 3.12471270561218 20.0977630615234 21.1001262664795 3.73631715774536 6.1500358581543 7.52649402618408 3.38476467132568 19.2162837982178 6.35341548919678 8.72718906402588 9.570631980896 13.0662231445312 13.3668146133423
4.94042825698853 4.15113067626953 7.2508978843689 7.03999137878418 6.24866580963135 6.49181365966797 6.54220151901245 6.63000869750977 10.2672452926636 11.0929880142212 20.8068408966064 21.4111385345459 22.9139804840088 33.5004005432129 27.1164474487305 39.8229560852051 35.5947799682617 18.0729427337646 16.8170967102051 32.5315170288086 8.37939453125 13.8853445053101 17.6014003753662 13.2259073257446 8.17861366271973 8.04538249969482 7.44744682312012 6.08223819732666 16.1619548797607 11.2383251190186 13.0268077850342 22.1816959381104 3.35664629936218 10.689733505249 6.53636789321899 12.0806884765625 5.41442918777466 3.14347004890442 4.22730684280396 6.0777473449707 4.80425596237183 11.0528688430786 18.1550483703613 12.14453125 11.7805814743042 13.9875059127808
4.81234645843506 5.79827165603638 8.22081279754639 7.9779109954834 6.88213062286377 7.13280057907104 7.13647413253784 7.67307710647583 10.2764129638672 13.111424446106 14.1318817138672 39.1430702209473 39.2162742614746 15.1292362213135 23.1358089447021 8.13219261169434 15.1873111724854 38.7269973754883 33.0658569335938 11.5219554901123 9.75930213928223 7.43433427810669 9.57165622711182 10.4509506225586 14.9523525238037 13.9691572189331 10.4877052307129 5.89708185195923 6.38779544830322 16.2167739868164 14.7877016067505 15.3409748077393 6.61538648605347 15.8846807479858 4.24431467056274 31.3809509277344 3.09570503234863 4.10309171676636 4.57429504394531 4.89890956878662 6.93982744216919 16.3577213287354 8.00089263916016 14.8154020309448 14.2462158203125 18.0464115142822
5.27589082717896 6.57508087158203 4.6410231590271 10.1936521530151 9.88328647613525 8.0343017578125 8.32328319549561 7.39689159393311 12.0221433639526 16.8935775756836 19.904655456543 3.77644538879395 3.88092732429504 5.08749055862427 5.45997285842896 5.22211980819702 5.06783771514893 7.75690650939941 10.7510957717896 14.9006938934326 14.2956914901733 11.661018371582 16.8935718536377 18.322868347168 14.9487619400024 9.8972339630127 10.999773979187 17.1100120544434 3.84198760986328 21.7470245361328 13.2535858154297 21.0289096832275 3.14721536636353 13.4682121276855 15.5975675582886 1.9765145778656 4.98093938827515 6.23585033416748 4.50166606903076 14.845498085022 18.7395191192627 9.26823806762695 19.751443862915 16.4504947662354 18.7942733764648 24.6506156921387
5.49496793746948 6.53378486633301 8.15433788299561 12.2249593734741 11.8532085418701 9.0911340713501 9.40265846252441 10.1247406005859 13.5210886001587 11.748028755188 16.5340747833252 9.86084747314453 8.04060649871826 15.6135520935059 7.64327001571655 7.42854118347168 6.98295068740845 11.7427816390991 14.0759696960449 15.1080665588379 14.8131914138794 8.85242462158203 8.21966743469238 9.56817150115967 21.9911956787109 21.8074016571045 13.8214864730835 8.36478328704834 5.8736834526062 5.88356685638428 20.844612121582 22.0713996887207 19.6376476287842 18.6906337738037 3.85117077827454 14.6285772323608 6.10599756240845 9.10711288452148 16.1780014038086 5.72271537780762 7.71597051620483 8.0516529083252 22.5768527984619 19.7344627380371 28.4059181213379 35.0231475830078
6.2199068069458 7.84356212615967 9.78514575958252 6.1409330368042 16.9672336578369 16.4002552032471 11.2089080810547 11.3422327041626 17.6970367431641 7.02167367935181 12.3751850128174 16.9180164337158 13.2248277664185 4.41610479354858 9.09524440765381 12.7443799972534 6.01862668991089 5.80467462539673 4.5115327835083 9.1742000579834 8.49202156066895 27.9064483642578 27.1745147705078 9.99070358276367 10.2619638442993 7.2703914642334 9.87029457092285 14.6317853927612 5.40755558013916 7.58636569976807 4.1100001335144 24.6330604553223 5.00487422943115 14.5781078338623 10.3782405853271 10.7276706695557 22.3865127563477 5.50876712799072 11.3302536010742 6.21219825744629 10.9776239395142 9.9799108505249 18.1159687042236 51.146354675293 27.8722057342529 18.6423377990723
6.64779329299927 7.72123861312866 11.007251739502 13.6618394851685 23.2486743927002 22.4282054901123 14.9267292022705 19.5745258331299 8.5795955657959 5.0807032585144 5.85858821868896 8.62520122528076 4.28790616989136 7.11813259124756 11.710431098938 11.0471811294556 7.17187738418579 5.29291915893555 9.89574527740479 5.313636302948 3.42057085037231 2.27407813072205 7.37286233901978 10.0037050247192 9.31624031066895 12.1256408691406 14.8426208496094 16.7892990112305 39.7831344604492 6.23483800888062 3.4818217754364 3.4849636554718 3.08938598632812 3.45635294914246 3.76662969589233 9.08486557006836 5.35707664489746 7.08164691925049 14.0869674682617 5.35235357284546 14.2061758041382 32.896915435791 18.5648593902588 2.33849930763245 10.5803880691528 19.1250457763672
7.85886812210083 9.20293521881104 15.2404556274414 18.7889251708984 9.97312831878662 42.8883781433105 41.0936393737793 12.2648391723633 16.583438873291 8.13228797912598 5.66021203994751 3.29712152481079 6.40410709381104 4.20886468887329 4.76508188247681 11.9030313491821 6.10217189788818 17.507884979248 12.7401943206787 8.15851879119873 2.739182472229 2.39396214485168 2.69939851760864 3.62645888328552 3.25497770309448 13.005955696106 31.5386352539062 36.4150161743164 3.67923331260681 3.99463105201721 5.36319446563721 3.60568070411682 4.01319932937622 7.93357419967651 3.99552726745605 8.38210964202881 3.88303399085999 6.2481803894043 9.2526273727417 34.5334625244141 10.5746212005615 4.6345477104187 14.0637397766113 9.92628860473633 2.67848181724548 1.59249544143677
