slauniainen/Data/DEM/Vihti_dsm1500b_cl_horizonAngle_318.asc
NCOLS 196 
NROWS 178 
XLLCORNER 353680 
YLLCORNER 6699024 
CELLSIZE 16 
NODATA_value -3.4e+38 
[rows 40 to 59 of 178, columns 135 to 179 of 196]
-0.0710673257708549 0.187130615115166 0.218662530183792 0.0422800965607166 -0.143088638782501 0.139287501573563 0.392298549413681 1.08726537227631 1.48017418384552 1.32598507404327 0.51046884059906 1.16944861412048 1.57001340389252 1.07892835140228 0.794049739837646 0.671481788158417 0.760892748832703 0.591029465198517 0.335194081068039 0.487420618534088 0.679429888725281 1.20976936817169 0.911214470863342 1.11336517333984 1.3800482749939 0.697586119174957 0.611913740634918 0.540148079395294 0.562610387802124 1.01596939563751 1.74176800251007 1.48123168945312 1.60413241386414 2.11066079139709 2.22564840316772 3.19084477424622 3.42988848686218 5.12933301925659 4.02866125106812 2.44215941429138 2.22004961967468 0.7991863489151 0.724624395370483 1.12807261943817 2.96733331680298
0.0251918025314808 -0.136053860187531 -0.00661990884691477 -0.0856310725212097 -0.23639389872551 -0.438062816858292 -0.291528135538101 -0.0632909014821053 0.920049488544464 1.30159640312195 1.14921069145203 0.358629524707794 1.22687256336212 1.3745344877243 0.922972619533539 0.655682027339935 0.487938493490219 0.53224641084671 0.4952672123909 0.206989631056786 0.396257072687149 0.611642837524414 1.16559982299805 0.874438464641571 1.06764614582062 1.31899833679199 0.662514567375183 0.580152571201324 -0.601029753684998 -0.665363311767578 -0.372077286243439 0.519966125488281 1.0306236743927 1.33743786811829 1.83442187309265 2.94465398788452 3.08915686607361 2.15696573257446 4.35999631881714 3.40484642982483 2.12284088134766 1.77416908740997 0.727628767490387 0.64309024810791 1.03437376022339
-0.00687949173152447 -0.0481674335896969 -0.260456144809723 -0.0848657861351967 -0.554107248783112 -0.653192937374115 4.94093751907349 -0.484222829341888 -0.245408862829208 0.768872082233429 1.07932674884796 0.906896710395813 0.713455557823181 1.10802185535431 0.848252415657043 0.531599640846252 0.346340835094452 0.220270112156868 0.313746362924576 0.343317061662674 0.155298888683319 0.387846618890762 0.587011456489563 0.251759052276611 0.598294973373413 0.343307793140411 0.00578607944771647 -0.340060442686081 -0.677406966686249 -0.67094212770462 -0.784738838672638 0.770230412483215 -0.659009635448456 -0.486205637454987 1.18044102191925 1.68020248413086 2.49684619903564 2.64052724838257 2.26189351081848 3.77232050895691 2.95790863037109 1.86764907836914 1.21928310394287 0.655269384384155 0.583995699882507
-0.584224104881287 -0.119498610496521 -0.244971379637718 -0.556544363498688 -1.22869598865509 0.0435211434960365 6.46823120117188 1.32554054260254 -0.592265188694 -0.64120614528656 0.508209526538849 0.809998571872711 0.664436757564545 0.415999263525009 0.73675948381424 0.229426041245461 0.165503606200218 0.0411905646324158 0.056858628988266 0.204403892159462 0.299916595220566 -0.435703635215759 0.079563207924366 -0.321799784898758 14.1334753036499 0.656938135623932 18.4033031463623 11.3636026382446 10.8868341445923 0.600549757480621 9.26701831817627 13.5480642318726 5.1716833114624 21.4808731079102 36.3682098388672 1.087033867836 1.48968982696533 2.16389799118042 2.29312872886658 1.91953814029694 3.32518315315247 2.59723138809204 1.6414920091629 1.09382390975952 0.613322615623474
-0.637790322303772 -0.974240660667419 -0.21841162443161 -0.273983925580978 -1.15958452224731 22.453296661377 4.75804090499878 1.61468172073364 -0.478859007358551 -0.741176605224609 -0.757934272289276 0.241945818066597 -0.341571003198624 0.383194953203201 0.0523188859224319 0.299026817083359 -0.19452440738678 -0.1063571870327 -0.093300074338913 -0.0272085815668106 -1.63003265857697 -1.59396624565125 -1.33027648925781 -0.26332888007164 6.6084418296814 6.62068653106689 -0.423764735460281 -0.107891999185085 -1.11560845375061 -1.38772106170654 -1.4476318359375 -0.824163854122162 2.60370278358459 3.19850015640259 21.0333480834961 20.298303604126 0.925564408302307 1.32984507083893 1.9028297662735 2.01263952255249 1.64759182929993 2.95519542694092 2.30851650238037 1.4858945608139 1.02503955364227
7.11365461349487 -1.08217823505402 -1.07931065559387 -0.286054462194443 -0.426829248666763 7.05276155471802 10.3353958129883 -0.162952080368996 -0.674474000930786 -0.673413574695587 -0.921531200408936 -0.799403727054596 -1.64741146564484 6.61220836639404 -0.163684144616127 -0.302758663892746 -0.0536480136215687 -0.302982658147812 -0.206373184919357 -1.90189719200134 -1.89343786239624 0.731999516487122 0.339334666728973 4.00872993469238 -0.286257475614548 -0.443980634212494 -0.593185007572174 -0.934146046638489 -0.720844864845276 -1.25744068622589 -1.44003403186798 -1.51166522502899 -1.60288035869598 15.6404047012329 14.2842216491699 14.3051700592041 13.6763048171997 0.842741906642914 1.21289253234863 1.68787586688995 1.7656455039978 1.39668524265289 2.64435005187988 2.09184718132019 1.36416792869568
7.62148237228394 5.07980012893677 -1.18076956272125 -1.16926419734955 -0.408440917730331 -0.500734508037567 1.83585560321808 5.50356721878052 -0.907853364944458 -0.897388279438019 -0.800962924957275 -1.01255226135254 -0.968492865562439 23.2984294891357 2.29354977607727 -0.243407502770424 -0.559643864631653 -0.248610362410545 -2.13417506217957 -1.16504883766174 33.3912239074707 34.4538650512695 28.261890411377 29.0236206054688 -1.64801061153412 -0.981740891933441 -0.276757419109344 3.66482472419739 3.95901679992676 -0.6092808842659 -1.20934629440308 1.1510055065155 5.7950611114502 3.58679509162903 11.9105253219604 20.3961029052734 10.6462364196777 10.3232336044312 0.741639971733093 1.08566009998322 1.47335481643677 0.330228090286255 1.225949883461 2.42887377738953 1.89795315265656
6.66847610473633 5.71549320220947 -1.26360762119293 -1.24108302593231 -1.25206160545349 -0.476715505123138 -0.586682260036469 -0.281303018331528 2.68784427642822 2.72892737388611 -0.994858622550964 -1.22506105899811 -1.49308788776398 -1.20379722118378 10.3568592071533 -0.341665863990784 -1.78338599205017 -1.52013897895813 -1.68121325969696 26.5594005584717 10.4327554702759 14.7046527862549 14.8695735931396 11.4617109298706 11.4633369445801 24.5838413238525 -0.994682550430298 -0.839302361011505 -0.985994160175323 -1.29047632217407 2.2090790271759 0.48008143901825 -0.0673835650086403 -0.165892049670219 32.7790145874023 12.0034971237183 11.5288343429565 8.47085094451904 8.16561889648438 0.621145963668823 0.954009354114532 -0.0685368999838829 12.690484046936 1.11393702030182 2.24381804466248
5.37302255630493 4.95062732696533 3.29136800765991 -1.08987748622894 -1.29832911491394 -1.29830455780029 -0.562202572822571 -0.693468451499939 -1.17461681365967 1.67595088481903 -1.10424256324768 -1.43722712993622 -1.82243371009827 2.67902255058289 -1.6996818780899 4.68984079360962 -1.16071128845215 -1.82503163814545 -1.98533535003662 -1.9956339597702 1.54156291484833 -2.0351231098175 -1.4114156961441 -1.34533178806305 -1.75836074352264 -1.89923489093781 -1.90655410289764 -1.81391060352325 -0.891768336296082 -1.71566760540009 21.525426864624 -0.898826062679291 9.03029823303223 14.0123310089111 35.6224937438965 21.674072265625 8.8186731338501 8.49352836608887 7.12855577468872 0.356102496385574 -0.939964592456818 0.0625078752636909 15.5317449569702 0.278841525316238 1.00729036331177
6.14918184280396 4.20808410644531 3.90917563438416 2.64447784423828 -1.35741758346558 -1.35228550434113 -1.35215938091278 -0.668799698352814 -1.07280218601227 0.909162640571594 -0.869872391223907 -1.07387757301331 -1.67212343215942 -2.03949594497681 -2.06083059310913 4.94033336639404 1.21889460086823 1.95190262794495 -2.22850728034973 -2.98540687561035 -3.08071136474609 -2.92731332778931 -2.75507569313049 -2.63376784324646 -2.67403531074524 -2.90749430656433 -3.05548310279846 -2.84929394721985 5.33967685699463 -1.0694682598114 -0.0104803908616304 2.36626482009888 12.7022171020508 16.8431568145752 27.4503574371338 21.1769046783447 14.5266084671021 6.7784628868103 6.35980272293091 -1.35285997390747 -0.733711719512939 -1.14602255821228 -0.191596120595932 1.26487803459167 7.14394569396973
7.58989143371582 3.77510261535645 3.38310956954956 3.14541602134705 2.02899575233459 -1.40058529376984 -1.39447259902954 -1.45732474327087 -1.48647034168243 -1.1200932264328 0.300427228212357 -0.960310578346252 -1.29552352428436 -1.84019160270691 5.97729301452637 4.62307548522949 -1.58201253414154 -1.28462302684784 -3.02346730232239 -3.5034556388855 -3.70801663398743 -3.84414100646973 -3.6474277973175 -3.31787395477295 -3.56359529495239 -3.56024670600891 -0.849869310855865 15.5806760787964 19.8578300476074 -2.42972207069397 -2.02310562133789 14.001482963562 26.5757102966309 23.9582614898682 15.1746654510498 1.80019736289978 14.0347719192505 1.56568229198456 -1.56858110427856 -1.81212341785431 1.92296731472015 -1.47004234790802 26.4681015014648 15.4165925979614 8.35366821289062
3.76706123352051 6.48498630523682 3.02453851699829 2.72251653671265 2.51848888397217 1.58785665035248 -1.48113572597504 -1.51342248916626 -1.53363597393036 -1.56267356872559 -1.1734139919281 -0.34167343378067 -1.68630790710449 -1.96043562889099 -2.11291170120239 -1.22297728061676 -2.25125026702881 -2.06582999229431 -3.20705628395081 -4.21413135528564 -4.66507291793823 -5.06359624862671 -5.05233335494995 -4.31240749359131 -4.74035120010376 -4.77371406555176 -4.33148527145386 -2.74314904212952 6.84855318069458 12.5636825561523 20.3444366455078 10.7861461639404 13.1491966247559 3.59244561195374 5.74391269683838 -1.26614356040955 -0.723600149154663 0.524268984794617 -1.26684129238129 -1.87028348445892 10.9866151809692 4.39849662780762 24.7404289245605 21.041618347168 1.82769703865051
3.35769152641296 2.89023184776306 5.62718915939331 2.48518085479736 2.16583228111267 2.03375554084778 1.22339773178101 -1.5523669719696 -1.5767765045166 -1.60224843025208 -1.71780037879944 -1.48706948757172 -1.06281137466431 -1.88629186153412 -2.20080494880676 -2.25947833061218 -2.33684945106506 -2.60330295562744 -3.69742918014526 -4.7474889755249 -5.16050148010254 -5.05330276489258 -2.50896739959717 0.275482416152954 -4.78981924057007 -1.8778692483902 12.5210294723511 18.7040119171143 1.22507429122925 9.4543981552124 12.0645275115967 16.8967685699463 14.8962621688843 6.06411409378052 4.33936357498169 1.91098630428314 4.89033365249634 -1.19364011287689 -1.57052838802338 -1.59929001331329 10.5158023834229 7.46030807495117 18.0607814788818 11.6344690322876 14.2396869659424
2.71489930152893 2.80386185646057 2.37161326408386 4.89073085784912 2.03534054756165 1.7260148525238 1.6693274974823 0.987100958824158 -1.60145032405853 -1.62692773342133 -1.44886350631714 0.45549812912941 -1.87502205371857 -1.5448352098465 -2.18493390083313 -2.36825680732727 -3.13699173927307 -3.23445534706116 -3.66360974311829 -5.45598220825195 -5.05382204055786 -5.38474798202515 -5.55679178237915 -1.1536066532135 -5.28608083724976 -3.20455408096313 -1.40986788272858 10.9365739822388 14.9360609054565 16.4208946228027 13.3055286407471 10.0646924972534 12.9973449707031 9.24400901794434 2.35071539878845 1.38164794445038 1.1524749994278 3.85579466819763 7.1416974067688 -1.84398210048676 -2.02926707267761 10.5137596130371 16.0306777954102 12.5154542922974 20.2110633850098
7.62178134918213 2.17960071563721 2.26716995239258 1.90240514278412 4.26578044891357 1.70102953910828 1.43545269966125 1.40276527404785 0.793291032314301 -0.989057421684265 -1.03089833259583 -1.71578323841095 -1.85589134693146 -2.03461074829102 -1.93066215515137 -2.26540684700012 -3.12049674987793 -1.00052154064178 -3.6807599067688 -4.78657293319702 6.48628377914429 -5.74389696121216 -5.62967967987061 10.2219228744507 3.8762092590332 10.2534160614014 17.2590065002441 28.4606895446777 15.5041065216064 25.3184204101562 13.5556573867798 8.82734966278076 8.99810123443604 8.00668430328369 1.54948890209198 1.01254832744598 0.957485020160675 -0.711593568325043 -0.479686081409454 -0.277344703674316 12.1875629425049 12.0413589477539 14.4785451889038 7.68074750900269 12.2996683120728
3.92549395561218 5.84191274642944 1.68238270282745 1.82485520839691 1.57184755802155 3.77847099304199 1.43353068828583 1.2122288942337 1.23755669593811 0.677515149116516 -1.14070498943329 -1.54999995231628 -2.41051292419434 -2.06800198554993 -0.946186006069183 -0.838842689990997 -3.13262104988098 -3.28082060813904 -3.88667821884155 -5.03535318374634 -5.07834529876709 -2.50521898269653 15.542350769043 12.3066844940186 13.6805095672607 7.32222890853882 29.8888835906982 10.8812303543091 11.5993976593018 10.0820484161377 14.5855855941772 10.6937866210938 5.82911825180054 1.82909846305847 4.53698587417603 1.224937915802 0.270417600870132 -0.0499535091221333 -1.49780714511871 -2.70177888870239 -2.54960751533508 -2.93097233772278 -2.53371644020081 2.24926996231079 6.03345441818237
3.52831244468689 5.26495313644409 1.06519424915314 1.34453594684601 1.49445748329163 1.29247295856476 3.39519071578979 1.23814785480499 1.06207811832428 1.05112099647522 0.513775527477264 -2.07408857345581 -2.33448052406311 16.3837566375732 1.87193894386292 -2.53657078742981 -3.55255794525146 -3.46257925033569 -3.41994071006775 -4.32335901260376 15.2958555221558 2.08307027816772 13.8500337600708 18.2986373901367 8.8524808883667 19.5660552978516 25.9729099273682 20.1006126403809 10.6230993270874 16.8857288360596 24.4339027404785 19.1320838928223 7.02259254455566 6.90713500976562 1.21508598327637 0.0707182362675667 -0.339541077613831 -0.317728638648987 -3.00191760063171 -3.35501599311829 -3.62796545028687 -3.18091344833374 -0.0877956598997116 -2.72966480255127 7.26014471054077
1.61581456661224 2.80839943885803 4.29125738143921 0.79673171043396 1.07928276062012 1.24751281738281 1.09552049636841 3.0749979019165 1.06353092193604 0.843315362930298 0.840334057807922 -1.65567064285278 8.64442348480225 -0.650403439998627 6.88143253326416 -3.76029014587402 6.07208490371704 -1.94210195541382 -3.72871780395508 -3.94127178192139 -4.67426109313965 3.60699987411499 1.44799661636353 16.3709011077881 11.680230140686 31.2027034759521 15.263162612915 18.0347290039062 18.3353824615479 20.3623809814453 18.4468612670898 20.8174781799316 12.7767562866211 14.7073631286621 2.86875677108765 1.08544504642487 -0.585961401462555 -1.58040714263916 -3.3745424747467 -3.52125597000122 -3.77921557426453 4.54652643203735 -3.47064471244812 3.032874584198 10.2789716720581
-0.105590045452118 1.25867056846619 2.26376962661743 3.53668785095215 0.570325076580048 0.87009060382843 1.0520271062851 0.932803452014923 2.75721502304077 0.847450196743011 0.746199131011963 0.169013395905495 -1.81792509555817 -2.46791315078735 12.4147672653198 -3.44086241722107 39.5503387451172 -3.40254926681519 5.5936803817749 -4.33391523361206 -4.77912473678589 -0.33770227432251 2.8991277217865 19.3596649169922 10.4354209899902 20.1190700531006 23.2354373931885 17.9921741485596 18.2767963409424 13.5379076004028 20.6687068939209 22.4859867095947 17.7929859161377 10.7524480819702 2.54934239387512 1.71208453178406 1.00741326808929 -1.46853232383728 -2.65602517127991 8.63333892822266 11.5614404678345 24.5186290740967 23.8161792755127 29.2490291595459 13.811993598938
0.80396956205368 -0.275284796953201 0.929897665977478 1.80697619915009 2.94749474525452 0.422718346118927 0.687082827091217 0.862269401550293 2.60975098609924 1.19457972049713 0.550548136234283 0.490468680858612 -2.07488250732422 -2.95375037193298 15.8986263275146 2.95050621032715 5.91755867004395 17.6793251037598 10.4102458953857 -3.95313215255737 -4.49268484115601 5.68147802352905 4.25063467025757 6.94076156616211 15.0465278625488 30.5430946350098 18.0381183624268 18.0539855957031 13.4363212585449 13.2373447418213 11.7112674713135 16.4131011962891 18.0994682312012 12.3808860778809 3.11411476135254 1.44685196876526 0.398994356393814 -1.41004621982574 -2.85499858856201 -2.12000417709351 6.70690250396729 10.0301284790039 15.349232673645 16.0776271820068 29.3979759216309
