slauniainen/Data/DEM/Vihti_dem1500b_cl_horizonAngle_186.asc
NCOLS 196 
NROWS 178 
XLLCORNER 353680 
YLLCORNER 6699024 
CELLSIZE 16 
NODATA_value -3.4e+38 
[rows 120 to 139 of 178, columns 135 to 179 of 196]
28.0943050384521 25.3657970428467 16.6048526763916 13.7295064926147 11.292426109314 10.1643371582031 9.78771495819092 10.584753036499 13.65735912323 13.8005418777466 12.5121564865112 11.9007024765015 11.2328929901123 10.65797996521 10.0173206329346 9.11971664428711 8.84740924835205 8.57295703887939 9.10265350341797 10.2873382568359 11.2208585739136 13.2392244338989 16.2749557495117 20.404483795166 20.2780418395996 17.9946632385254 13.3434562683105 9.79814147949219 5.0355429649353 4.49150456915959e-06 -0.577743947505951 -0.466174066066742 -0.343871504068375 -0.103091433644295 0.142786130309105 0.648504436016083 0.344864279031754 0.293211191892624 0.283275723457336 0.327983200550079 0.058746449649334 3.15418767929077 4.34589195251465 3.72076559066772 4.30911016464233
30.8930149078369 23.6732425689697 18.2232189178467 14.8859949111938 12.2685489654541 10.9399757385254 12.877857208252 14.2664823532104 15.5172681808472 15.3973226547241 13.6178827285767 12.8051919937134 12.1068897247314 11.4403390884399 10.6841621398926 9.7890682220459 9.52425956726074 9.23868751525879 9.3714542388916 10.9497404098511 13.2190761566162 15.6651000976562 18.6350231170654 24.4868946075439 22.5364437103271 18.4425792694092 13.5148096084595 7.47880220413208 2.19428586959839 0.419703930616379 -0.452358722686768 -0.302814811468124 -0.177670136094093 0.062361054122448 0.644958555698395 1.03435742855072 0.397362649440765 0.325032979249954 0.316370993852615 0.512299001216888 0.0719106420874596 -0.156218409538269 0.696235239505768 1.08591830730438 1.92986249923706
37.024772644043 22.3024463653564 19.3293895721436 16.4575271606445 13.2347650527954 12.2045269012451 15.1577672958374 18.9847793579102 17.4086265563965 16.8672485351562 14.6990900039673 13.6447324752808 13.0665922164917 12.273003578186 11.5267686843872 10.7148113250732 10.0613985061646 10.3526182174683 10.8213472366333 12.3006038665771 15.7464942932129 17.8078460693359 20.9250926971436 24.0932292938232 17.1061096191406 14.5915012359619 12.4863958358765 6.66957998275757 1.23019397258759 0.35371196269989 -0.236845508217812 -0.0337441489100456 0.0814104452729225 0.756356239318848 1.27560341358185 1.34160768985748 0.491196900606155 0.351976215839386 0.338064789772034 0.691714823246002 0.211002171039581 -0.11167548596859 -0.331258624792099 1.18928492069244 2.48276686668396
39.5519561767578 24.3855113983154 19.9865608215332 16.7328357696533 13.8356590270996 13.8419418334961 17.2442054748535 21.9335689544678 19.6413192749023 16.7807083129883 15.2610931396484 14.4725799560547 13.7783269882202 12.8436698913574 12.1207265853882 11.6103162765503 10.9857292175293 11.2067356109619 11.6908226013184 14.145037651062 17.3437271118164 19.2248592376709 17.7622261047363 11.2480688095093 12.6099910736084 8.75767135620117 3.30579924583435 1.330491065979 0.713854432106018 -0.11935019493103 -0.160639017820358 0.147332474589348 0.574145615100861 1.40548717975616 1.85517382621765 1.66308081150055 0.6379154920578 0.375468879938126 0.376481682062149 0.88482004404068 0.464127272367477 0.00455081788823009 0.231980457901955 2.36291575431824 4.57563877105713
15.6591291427612 23.680196762085 19.5654830932617 16.6133003234863 13.6928682327271 11.1104078292847 16.0016613006592 24.1292819976807 22.3295269012451 18.3178672790527 16.1911506652832 15.5619344711304 13.9462699890137 13.3573770523071 12.4824371337891 12.0115423202515 11.9793109893799 12.7704906463623 13.2105121612549 12.8747282028198 18.4864177703857 20.0800075531006 12.6931982040405 7.78800964355469 1.26537358760834 0.799666404724121 0.248241811990738 1.75584697723389 1.70600473880768 0.59109091758728 0.0226898863911629 0.504417359828949 1.23839807510376 2.27353024482727 2.43169498443604 1.99381816387177 0.825315296649933 0.398110002279282 0.516471266746521 1.10841846466064 1.36287105083466 2.5794050693512 4.28806924819946 5.59439706802368 7.1447548866272
12.3727884292603 17.6965312957764 18.2498893737793 17.8116321563721 14.2615041732788 10.7052364349365 13.6025943756104 25.1673374176025 24.8931083679199 20.6535301208496 18.3224773406982 17.5740604400635 15.1151933670044 14.5977697372437 12.9762468338013 13.1051559448242 13.6668691635132 15.7766189575195 13.9813833236694 13.9768295288086 18.9427680969238 13.8481483459473 11.1006345748901 -0.151469677686691 0.422536253929138 1.05913066864014 1.77257871627808 2.63955640792847 0.989568710327148 0.195506572723389 0.628488779067993 1.08746027946472 2.08151960372925 2.81946468353271 2.4760799407959 2.47441124916077 1.02587485313416 0.417236357927322 0.687589406967163 1.39283764362335 2.20762610435486 4.34082126617432 7.21694374084473 9.30996227264404 9.52308750152588
12.8399629592896 16.3702602386475 16.8984870910645 15.5395631790161 13.7244567871094 11.2260303497314 8.24431228637695 11.0953998565674 19.4351692199707 21.7488021850586 21.0835762023926 19.4078197479248 16.7690601348877 16.6521701812744 15.0187549591064 13.7530717849731 11.3782863616943 11.9856634140015 10.5500679016113 10.9341688156128 8.95172023773193 8.78038024902344 0.216242760419846 0.0709016025066376 1.02433407306671 1.42204689979553 0.329834014177322 -1.08257758617401 -0.823815643787384 -0.415552645921707 -0.109560079872608 1.46219730377197 3.45008754730225 3.97372245788574 2.98819351196289 1.97703945636749 1.06934082508087 0.563049018383026 1.06154263019562 1.70955955982208 3.91023898124695 6.58419370651245 10.4741611480713 12.8706254959106 14.1682968139648
12.7575397491455 15.5206775665283 16.2061157226562 15.8456115722656 12.0322284698486 11.4384384155273 9.05920505523682 5.8731517791748 5.12250709533691 13.2387714385986 17.5127105712891 20.6647834777832 16.7875423431396 15.8882112503052 13.6870908737183 9.68790149688721 8.03481292724609 6.87012910842896 6.77114152908325 8.39899826049805 5.21507120132446 1.62026250362396 -0.19587966799736 0.736040830612183 1.71185433864594 2.02709150314331 0.832430243492126 -1.03397440910339 -0.764669418334961 -0.289066910743713 -0.0295014288276434 1.44846332073212 4.84739780426025 5.5226354598999 3.93855595588684 1.64181935787201 0.535924553871155 1.10515832901001 2.37357997894287 1.45021069049835 3.1892147064209 7.31566047668457 12.3754806518555 14.0502824783325 17.3938159942627
13.1065168380737 13.355806350708 15.0269069671631 15.0550861358643 12.0403165817261 11.6281538009644 10.4509916305542 6.97962760925293 5.47497224807739 5.77132940292358 7.26351165771484 10.5389776229858 14.9372444152832 12.4749097824097 9.16702461242676 7.1874794960022 6.48038387298584 5.22261333465576 4.77661991119385 6.1147780418396 3.90838980674744 -0.352839529514313 0.286608994007111 1.23101830482483 2.16158890724182 2.36794424057007 1.2804901599884 -0.335550874471664 -0.640847980976105 -0.172366127371788 0.379170149564743 2.14200520515442 4.82713460922241 5.46917200088501 5.53090476989746 2.44013857841492 0.539828240871429 1.48795449733734 2.97265124320984 1.70119142532349 0.0218878407031298 0.631029307842255 5.7903208732605 10.2956066131592 7.59034109115601
9.98043155670166 12.3589010238647 14.724292755127 12.0990142822266 9.63687038421631 11.7822265625 11.2911901473999 8.05608081817627 6.95282983779907 6.01888179779053 7.0614013671875 7.1954174041748 6.82272815704346 6.71657085418701 6.52296352386475 6.39722156524658 6.07928371429443 5.35720062255859 4.40252447128296 1.15100431442261 -0.383161216974258 -0.240280628204346 0.53588879108429 2.17071509361267 2.49557423591614 2.68318819999695 1.49856078624725 0.232058733701706 -0.47185555100441 -0.0267617180943489 2.3602020740509 2.6473400592804 1.22250032424927 0.154096275568008 7.28198003768921 3.89199161529541 0.656079292297363 2.04162168502808 4.14633512496948 2.65133380889893 0.0630367621779442 -0.278211444616318 -0.747550308704376 0.211434379220009 3.47162842750549
9.37705612182617 12.1536293029785 15.8468179702759 10.5905542373657 9.13150024414062 9.41350078582764 9.79803562164307 9.00575065612793 8.35910129547119 8.08372020721436 9.01987457275391 8.73565292358398 6.60324144363403 6.78011274337769 6.64451313018799 6.13529634475708 5.73266649246216 4.87450885772705 4.41667461395264 1.26026034355164 -0.324530214071274 0.0910561978816986 0.609550535678864 1.28527104854584 2.91033840179443 3.42139148712158 2.267169713974 0.962088704109192 0.38304328918457 0.0811869502067566 4.86269664764404 2.78610372543335 0.0941433906555176 0.13085164129734 0.124696493148804 0.411804884672165 0.460406601428986 2.17734456062317 5.36321830749512 3.85843181610107 0.319267064332962 -0.179621785879135 -0.604155302047729 -1.00026261806488 -0.918293178081512
10.0339260101318 15.6409406661987 20.2045783996582 11.8080921173096 8.40407848358154 7.92592144012451 9.66411399841309 8.05829524993896 7.65974855422974 6.06385803222656 3.81548571586609 3.36025619506836 7.47176504135132 7.53522348403931 7.04518890380859 6.54586505889893 6.12798595428467 4.91035079956055 4.96323156356812 1.99695301055908 0.805731594562531 0.692310929298401 1.03325057029724 2.40132093429565 3.84616184234619 5.03656578063965 4.10980415344238 2.64704489707947 1.55540013313293 0.133635014295578 0.181988686323166 0.164299458265305 0.233161136507988 0.21609953045845 0.21854430437088 0.420927584171295 0.482812106609344 0.368591368198395 0.179024621844292 0.978151977062225 0.0829131007194519 -0.044978640973568 -0.36216413974762 -0.750012099742889 -0.868331551551819
0.740515172481537 4.20154285430908 8.26130294799805 10.1009883880615 7.01889657974243 7.87933540344238 10.2692623138428 8.27518939971924 6.98867177963257 4.41050910949707 4.0807900428772 3.70299983024597 2.47246789932251 4.38973188400269 7.40820837020874 7.43867254257202 7.17448091506958 4.59976005554199 3.10147929191589 2.20953583717346 1.62784254550934 0.966871738433838 2.34141659736633 5.12447929382324 6.46816492080688 5.88147354125977 5.36652183532715 3.69294404983521 1.96730470657349 0.325918704271317 0.462812334299088 0.327518373727798 0.325210869312286 0.385215282440186 0.528048872947693 0.695131421089172 0.672447741031647 0.534553647041321 0.264154672622681 0.0733035206794739 0.155330687761307 0.102306269109249 -0.148249328136444 -0.391182035207748 -0.534810662269592
0.162155330181122 2.25984573364258 3.10363340377808 3.80431985855103 3.85340619087219 6.7858510017395 10.8082733154297 8.56502246856689 2.76844143867493 3.23112940788269 2.58088421821594 1.1575049161911 -0.268998205661774 0.0548873841762543 2.85930943489075 5.07642269134521 5.84331941604614 5.07829284667969 2.70863652229309 1.82686603069305 2.65373301506042 2.88305950164795 4.15027570724487 7.36818218231201 9.64105224609375 8.67980766296387 6.32334518432617 4.57753658294678 2.63842606544495 0.700212895870209 0.891147196292877 0.839411079883575 0.662582278251648 0.678212761878967 0.827118694782257 1.4678453207016 1.27608609199524 0.863622605800629 0.733897745609283 0.496343344449997 0.409543573856354 0.278533965349197 0.0938349068164825 -0.112411715090275 -0.243196859955788
0.31915095448494 2.06769704818726 4.38174152374268 4.3071756362915 3.99846959114075 8.04868793487549 10.0403633117676 7.07064390182495 1.5282883644104 -0.21944285929203 -0.745502769947052 -0.705939769744873 -0.702195107936859 -1.14246153831482 -1.18626844882965 -0.441877156496048 0.147586405277252 2.56596970558167 2.0999162197113 2.00302457809448 3.77397680282593 3.27745223045349 4.49387884140015 9.0241117477417 17.4109554290771 17.4569625854492 13.8051290512085 9.48303318023682 3.10759210586548 1.66590797901154 1.16742348670959 1.17957413196564 1.047567486763 0.998128890991211 1.96127557754517 2.40849280357361 1.97600376605988 1.46353936195374 1.04133868217468 0.872677743434906 0.667464673519135 0.459033101797104 0.232039049267769 0.0648371353745461 -0.088664598762989
3.10491180419922 2.59336256980896 4.80960607528687 5.66326904296875 4.37400436401367 1.52763330936432 2.14471530914307 0.415596067905426 -0.580254793167114 -0.640205681324005 -0.676962375640869 -0.605259299278259 -0.50937020778656 -0.183166831731796 -0.473722010850906 -0.998020529747009 -0.968956768512726 -0.834726631641388 0.644769966602325 1.39608752727509 0.829946517944336 1.03924953937531 3.2615487575531 8.19185733795166 9.50430870056152 8.79182815551758 7.90287113189697 12.0526247024536 3.9757707118988 1.61902618408203 1.33054053783417 1.34049785137177 1.2211412191391 1.8051815032959 2.83305716514587 3.29342246055603 2.76714468002319 2.12389707565308 1.17442584037781 1.00854253768921 0.84167355298996 0.675697267055511 0.400538265705109 0.141998812556267 0.0317477732896805
2.77487397193909 5.82823181152344 4.31313180923462 5.83020687103271 4.89050912857056 1.67700898647308 -0.970799207687378 -1.03139853477478 -0.00543683068826795 -0.111140698194504 -0.531874299049377 -0.458687484264374 -0.344278365373611 1.2984424829483 1.52290999889374 0.751387000083923 -0.951915502548218 -1.08303010463715 -1.10231697559357 -1.40599632263184 -1.22961056232452 -1.2178430557251 -0.589834272861481 -0.130019262433052 -1.52277886867523 -1.51138663291931 -1.11517786979675 -0.483703166246414 3.30533647537231 1.08892416954041 1.42972528934479 1.43811929225922 2.0502712726593 3.5362389087677 4.18298959732056 3.64514088630676 3.00314545631409 2.21208739280701 1.26916480064392 1.12620997428894 1.01446175575256 0.862005710601807 0.647515594959259 0.371096104383469 0.280351042747498
0.469086915254593 8.86374950408936 5.21974515914917 5.77759838104248 5.51946973800659 2.48317861557007 0.177884876728058 -0.189414113759995 0.337434768676758 -0.654877364635468 0.255570322275162 0.469974786043167 0.257742285728455 -0.0819895341992378 0.14788693189621 -0.993493616580963 -0.919943153858185 -1.03832912445068 -1.09038925170898 -1.37008512020111 -1.17858219146729 -1.21056199073792 -1.31659698486328 -1.44914531707764 -1.47074484825134 -1.49083244800568 -1.05558121204376 -0.323952853679657 0.536918222904205 1.13972628116608 1.48250865936279 1.49337804317474 2.74188351631165 4.54468727111816 5.38220262527466 4.82569694519043 3.97534489631653 1.35658085346222 1.35779225826263 1.17006611824036 1.04258704185486 0.924131870269775 0.77027690410614 0.581801116466522 0.754039704799652
-2.03090691566467 0.905935406684875 6.23735189437866 6.24606990814209 6.29101324081421 2.73605728149414 -0.905355930328369 -0.992343604564667 -0.901920258998871 0.0536033101379871 1.40733695030212 1.00740373134613 -0.490832716226578 -1.62495386600494 -1.52901458740234 -0.963289380073547 -0.746333360671997 -0.763642132282257 -0.768799126148224 -1.09344959259033 -0.954999029636383 -1.02645814418793 -1.16720151901245 -1.19468319416046 -1.19101452827454 -1.28158795833588 -1.02759075164795 -0.20180007815361 0.572201669216156 1.21627461910248 1.38867199420929 1.40178167819977 3.63029742240906 5.81772708892822 7.51782321929932 7.08719110488892 5.75221490859985 1.4253044128418 1.34620225429535 1.2487850189209 1.12908637523651 1.05685615539551 0.987954795360565 0.874128103256226 2.19010901451111
-2.00291132926941 -1.10138261318207 3.81730794906616 6.61186027526855 7.28941679000854 3.59646654129028 -0.850096940994263 -0.984806835651398 -1.22507405281067 -0.730572104454041 -1.15553867816925 -1.49732828140259 -1.52676129341125 -1.60256659984589 -1.38796305656433 -0.661006569862366 -0.445378631353378 -0.504526495933533 -0.450601845979691 -0.69127231836319 -0.537018537521362 -0.671548962593079 -0.762787997722626 -0.780261695384979 -0.730144262313843 -0.505114316940308 -0.493397384881973 -0.0405880101025105 0.711179196834564 1.28642821311951 1.44745802879333 1.38068759441376 4.45409727096558 5.97990655899048 5.71004676818848 5.87954759597778 7.47270536422729 2.19117593765259 1.4480916261673 1.37474119663239 1.30099558830261 1.17596852779388 1.11749422550201 3.42061448097229 6.49014091491699
