slauniainen/Data/DEM/Vihti_dsm1500b_cl_horizonAngle_192.asc
NCOLS 196 
NROWS 178 
XLLCORNER 353680 
YLLCORNER 6699024 
CELLSIZE 16 
NODATA_value -3.4e+38 
[rows 40 to 59 of 178, columns 138 to 183 of 196]
6.90367412567139 13.1295938491821 18.6356315612793 10.5246810913086 7.38810634613037 8.01168727874756 9.93008804321289 8.82517910003662 8.5118932723999 9.061354637146 15.0211534500122 10.0782279968262 10.1062746047974 10.1228446960449 11.5654830932617 9.52427673339844 15.6171388626099 16.5249481201172 17.7884960174561 18.8868141174316 20.4272041320801 20.3818778991699 18.9297657012939 19.2351379394531 19.5683174133301 40.6592445373535 44.1109161376953 47.4262390136719 44.066650390625 28.5606136322021 27.5007820129395 12.4896535873413 6.91061019897461 6.50099992752075 7.3816704750061 6.87323427200317 6.97873115539551 8.18665599822998 9.01210498809814 9.65878868103027 10.4240951538086 10.1216459274292 9.35464954376221 9.29069042205811 7.61143970489502 6.67137956619263
7.02258062362671 24.6179370880127 9.42497730255127 7.88413953781128 7.70620822906494 8.57688903808594 11.0166301727295 9.76609802246094 9.99055957794189 8.72040748596191 17.862720489502 9.03695678710938 11.0006504058838 10.9496068954468 13.167989730835 11.873327255249 17.7415370941162 19.5807762145996 22.3213386535645 21.7928047180176 34.6498756408691 22.1576862335205 29.8632297515869 28.240743637085 28.9107990264893 15.4016122817993 13.6670246124268 10.6803350448608 9.61949253082275 47.3134460449219 46.0991172790527 16.113187789917 7.80270767211914 7.71694040298462 7.9328818321228 7.54221343994141 7.33702564239502 9.06328296661377 9.96345901489258 10.27232837677 11.0708093643188 10.036958694458 9.98042392730713 8.31301403045654 7.19465970993042 6.8753023147583
7.08025217056274 27.8247375488281 6.70476913452148 7.36901998519897 8.22274398803711 9.14408206939697 14.207727432251 11.0548858642578 10.765456199646 18.3401336669922 21.5309791564941 12.2428131103516 12.0919141769409 9.4867582321167 14.5939674377441 12.9729566574097 20.7461795806885 31.1872234344482 31.2737789154053 27.2199153900146 20.621208190918 23.4092807769775 19.2972717285156 20.0399055480957 20.3504962921143 17.8442974090576 12.7614164352417 10.7769660949707 9.88946342468262 8.00504589080811 5.43228816986084 16.5636768341064 10.1517114639282 8.02384185791016 8.75263404846191 8.33017253875732 8.04639339447021 10.621545791626 11.1279573440552 10.9546756744385 11.8099317550659 10.6611928939819 10.6107120513916 8.87770843505859 7.4517035484314 7.11469078063965
7.1815390586853 6.27965259552002 6.75101947784424 7.44902801513672 9.44456195831299 9.39851093292236 11.3895969390869 14.1771984100342 11.5338182449341 29.1602592468262 13.4587030410767 12.9626874923706 12.9059247970581 10.0424356460571 16.3408603668213 14.3859586715698 32.9255714416504 49.0795516967773 41.3521995544434 38.5442886352539 23.3367404937744 24.8314819335938 23.4585418701172 36.7658271789551 30.9668369293213 38.6022987365723 25.4178485870361 26.01003074646 18.1084232330322 10.4892702102661 20.9149532318115 21.172643661499 8.75555038452148 8.93561935424805 9.74665451049805 9.30038356781006 11.7831325531006 12.9367666244507 12.0283784866333 11.7309188842773 12.6455764770508 11.3864526748657 11.329231262207 9.51250267028809 7.85717391967773 7.37310028076172
7.22537994384766 7.02316665649414 7.05507898330688 7.44976663589478 10.2584829330444 14.3683290481567 11.8292512893677 9.04727649688721 12.0899648666382 29.4504585266113 15.1983919143677 13.8486213684082 13.790093421936 10.3195552825928 19.0129241943359 33.8626365661621 50.1844787597656 16.69358253479 19.8411235809326 23.7116298675537 27.3226718902588 24.6462135314941 26.5691204071045 23.8231525421143 21.7173252105713 17.4691696166992 13.8215217590332 11.1933851242065 10.5389404296875 19.6430377960205 8.85838890075684 28.9509544372559 8.60739135742188 11.2335300445557 10.7318496704102 10.5279016494751 13.608380317688 14.9532299041748 14.2278318405151 12.7458410263062 13.6169853210449 12.2084741592407 12.1335563659668 10.2613897323608 8.41040992736816 7.42538356781006
7.25319623947144 7.49837589263916 6.70802164077759 5.97354698181152 6.10397338867188 19.0659809112549 10.99742603302 10.3524017333984 12.6137132644653 4.37909603118896 14.5601434707642 13.784273147583 15.165168762207 25.6878986358643 18.655725479126 50.9937515258789 11.9112339019775 18.5348815917969 22.5004501342773 25.4591999053955 27.7122993469238 38.8547668457031 27.6834049224854 26.4799461364746 21.8236236572266 18.1853199005127 15.1654720306396 11.9865036010742 9.61312675476074 7.07069396972656 33.5926628112793 7.12048244476318 9.55507469177246 12.9217710494995 12.3895645141602 12.4398307800293 16.0437641143799 17.7355537414551 18.1827545166016 15.5505018234253 14.1848888397217 13.1328973770142 13.0621490478516 10.7259140014648 9.08907127380371 7.54692506790161
7.63385438919067 7.1867938041687 6.0973596572876 5.49990940093994 6.06935548782349 4.79455661773682 4.71818208694458 11.986156463623 9.92160415649414 23.5373973846436 10.7060518264771 18.4411888122559 17.2735958099365 40.3478317260742 29.3139038085938 7.44537115097046 19.032506942749 30.078498840332 32.6886444091797 35.3047142028809 35.752254486084 24.8540019989014 29.1750926971436 32.5720481872559 28.9188671112061 20.6997699737549 15.0928859710693 13.2999458312988 10.808572769165 8.10376644134521 6.29875040054321 10.0005960464478 11.1210737228394 15.1490755081177 14.5565452575684 15.1112155914307 19.4365520477295 27.2768039703369 13.4732065200806 19.8692798614502 14.6845073699951 14.3835134506226 12.4215888977051 10.0688123703003 9.15909099578857 8.02648735046387
7.75154876708984 7.29431676864624 6.03691816329956 5.23880815505981 4.88653373718262 5.39512729644775 4.61856698989868 14.0169668197632 10.868314743042 15.2566003799438 19.0885143280029 26.8351573944092 12.0245351791382 6.65132856369019 20.5720310211182 13.6196804046631 35.2246131896973 40.9893569946289 40.5181503295898 40.7592658996582 41.5355644226074 41.6105194091797 42.4597206115723 35.5272178649902 36.1997871398926 20.3691272735596 14.098690032959 14.7442798614502 14.0589227676392 7.04783773422241 6.69886636734009 12.9083032608032 13.2425374984741 18.4375991821289 17.508939743042 19.0733757019043 32.7926063537598 45.4771766662598 20.2858543395996 20.7462882995605 17.7271575927734 15.7214851379395 13.6909055709839 11.0087804794312 9.20992851257324 7.73096466064453
7.91878414154053 7.43229389190674 6.0960578918457 4.96241188049316 4.66918802261353 5.50471067428589 4.74190330505371 4.72274780273438 11.7415714263916 4.87451982498169 27.3975715637207 16.7194862365723 14.6566333770752 7.86511087417603 10.9613227844238 23.3225498199463 39.3813743591309 40.6982269287109 37.8563461303711 38.6286430358887 38.6475143432617 34.1773872375488 40.9297904968262 43.9505767822266 30.9866180419922 28.2298488616943 14.3157014846802 31.5775051116943 10.3870868682861 9.33164596557617 7.11098003387451 18.0046806335449 26.5934200286865 22.7444248199463 27.7409210205078 34.8966789245605 51.5426330566406 12.6479816436768 39.5718383789062 22.4401016235352 15.5747003555298 17.2221355438232 15.2176847457886 12.1363744735718 10.1294088363647 7.68006801605225
8.08662414550781 7.58358907699585 6.18593263626099 4.99175500869751 5.7925591468811 4.68382549285889 4.22856760025024 5.2600212097168 5.04292058944702 5.67841529846191 5.00947856903076 4.80214786529541 17.132999420166 15.8441209793091 17.7308406829834 30.4284591674805 27.0251579284668 33.3704528808594 41.0545768737793 43.6572456359863 35.779842376709 39.6530532836914 37.0602378845215 29.9821605682373 22.78635597229 26.1479721069336 38.4735984802246 12.5430450439453 9.71010208129883 9.35551929473877 19.4456729888916 23.7927169799805 43.6240997314453 31.1656169891357 45.1181983947754 53.158504486084 16.601167678833 17.6572399139404 14.6254777908325 18.077657699585 17.0849132537842 18.2441444396973 15.7662200927734 13.4648103713989 11.2779750823975 7.99097537994385
8.28747177124023 7.24646854400635 6.30190420150757 5.05795669555664 6.10285902023315 4.76198434829712 5.02399826049805 5.37222671508789 5.42298936843872 7.24036312103271 10.3486127853394 12.1245918273926 8.95192813873291 16.8577861785889 18.3052005767822 15.636754989624 30.5806369781494 38.5360527038574 45.4511489868164 48.5761642456055 41.9729614257812 43.8885498046875 44.8491744995117 49.8575286865234 30.4640197753906 26.9343643188477 15.042387008667 14.2239332199097 10.6013059616089 12.4304704666138 36.8686790466309 39.1987724304199 16.8379402160645 49.015510559082 8.76489543914795 6.04229497909546 9.49096298217773 13.8627977371216 16.3954391479492 21.1131801605225 21.7844505310059 19.0648002624512 14.6350107192993 13.4488687515259 11.9206972122192 7.39669513702393
8.10554027557373 6.65232086181641 5.875075340271 5.14489507675171 6.50507640838623 4.86881494522095 5.13466548919678 5.97638273239136 5.49589538574219 5.78634595870972 5.95332384109497 5.47854089736938 7.74107122421265 20.7432270050049 21.4771766662598 19.2757873535156 27.4944038391113 22.5132904052734 7.62587976455688 11.9122591018677 28.0505218505859 14.6425371170044 5.67730855941772 8.93878173828125 30.6431903839111 21.410982131958 22.8720417022705 19.085391998291 10.8746385574341 11.9668283462524 7.41658687591553 9.88853931427002 6.28610515594482 7.15772342681885 10.5673360824585 10.4843263626099 9.75943756103516 15.6667375564575 19.7998580932617 24.2918472290039 29.3023681640625 20.4596347808838 17.3886432647705 14.1491298675537 9.37719345092773 7.76059007644653
8.36462879180908 6.75155258178711 5.69420146942139 5.26459264755249 7.04438209533691 4.53975915908813 5.83245849609375 5.45661306381226 6.07116746902466 6.21443605422974 6.22072839736938 5.70128059387207 8.04010772705078 34.1451072692871 27.9709720611572 3.88317728042603 30.797737121582 2.56883811950684 16.19215965271 19.3069553375244 6.09944629669189 18.2571201324463 12.7060470581055 17.8605251312256 13.2749938964844 19.1348056793213 24.7876262664795 26.0164051055908 17.4085731506348 13.1300611495972 9.7418212890625 12.7573509216309 8.66444683074951 7.93749332427979 7.13013076782227 6.98003911972046 13.7965774536133 17.2737579345703 23.0184841156006 28.4926986694336 24.6939373016357 27.7521133422852 19.7597274780273 16.7168216705322 9.74995422363281 8.50102615356445
8.66489696502686 6.9692850112915 5.50515365600586 8.19306755065918 5.29097747802734 4.71065139770508 6.82418584823608 6.36115169525146 8.19650173187256 13.1669340133667 7.33523082733154 6.62567090988159 8.2416410446167 7.70070505142212 5.33904981613159 5.59042978286743 0.681624591350555 9.97352027893066 16.9104862213135 4.19916820526123 3.82381963729858 0.409470200538635 0.630359947681427 0.679639995098114 5.75767850875854 13.6519041061401 22.1980514526367 23.3553142547607 17.5185585021973 14.3737478256226 16.9558219909668 8.79996585845947 10.6670789718628 8.67854499816895 9.51357460021973 12.1581954956055 14.2179594039917 19.2624759674072 30.7507381439209 31.7999210357666 30.8027896881104 34.0908279418945 23.6917552947998 20.2277088165283 9.49537467956543 11.6668853759766
8.3342170715332 7.21650695800781 5.69667387008667 9.37443828582764 5.52538204193115 5.70737981796265 7.89607381820679 7.29433584213257 9.39827156066895 25.2292232513428 8.59370517730713 7.52023506164551 9.55943870544434 10.5669898986816 7.26557874679565 10.0236158370972 11.9334993362427 1.02280819416046 0.0998654738068581 0.0515272989869118 1.14091694355011 1.44866669178009 0.642267048358917 1.34044301509857 22.4678058624268 20.1252460479736 35.8070526123047 17.2979221343994 17.2629909515381 21.1780757904053 17.9856967926025 10.6938619613647 8.03405570983887 10.0725393295288 9.83103370666504 27.5142765045166 38.0480651855469 37.7636489868164 46.4550437927246 50.602466583252 34.6197662353516 33.6820602416992 29.8486347198486 26.0590724945068 9.63114738464355 8.01409721374512
7.68350553512573 6.77631044387817 5.8893609046936 11.0015277862549 6.50166416168213 6.27316999435425 9.32186794281006 8.5827054977417 17.4123382568359 6.65900468826294 10.1713600158691 10.6537952423096 32.6474952697754 19.5602397918701 8.85502243041992 4.22101736068726 1.61871612071991 1.40184497833252 0.439544171094894 0.68325287103653 0.788291335105896 13.0701560974121 1.15854251384735 2.20365381240845 1.01371431350708 2.4191951751709 4.58586406707764 10.8714323043823 12.7667102813721 15.258204460144 9.41103172302246 21.5757942199707 10.3935718536377 10.0538549423218 13.4426345825195 38.6476898193359 28.5050888061523 41.8734931945801 13.1702222824097 21.541353225708 35.5716857910156 29.2445316314697 37.7848434448242 26.6719589233398 10.8256063461304 9.16451644897461
7.95208263397217 6.60289239883423 6.1109938621521 13.4004611968994 7.88794994354248 6.64507627487183 11.319296836853 10.3487520217896 9.54044723510742 8.99174499511719 20.5417976379395 14.4411849975586 45.5573577880859 4.7190465927124 7.66403150558472 14.9866371154785 3.51994681358337 5.70598363876343 1.86863112449646 1.02828669548035 2.55310583114624 0.600214123725891 2.65231513977051 2.51644825935364 4.78265142440796 2.87439608573914 5.0447211265564 9.92173671722412 17.4524478912354 8.02649974822998 11.6537914276123 6.64212799072266 12.6956443786621 10.1044063568115 17.8517112731934 17.3630924224854 8.24423408508301 7.24759578704834 14.4999828338623 24.2164573669434 5.66694402694702 32.5735969543457 56.4148025512695 16.0597248077393 12.2368459701538 10.6817789077759
8.32659530639648 6.47144460678101 5.99389266967773 17.0732440948486 10.1122579574585 8.27068042755127 14.2456607818604 13.0607595443726 16.9049205780029 24.9972457885742 14.5057992935181 15.8956613540649 4.25456762313843 20.9202690124512 5.08502388000488 5.29753160476685 18.7406120300293 5.45603084564209 2.47741723060608 1.49437320232391 2.81664896011353 1.92964792251587 3.36749458312988 3.76953101158142 6.28408575057983 7.4635910987854 6.46194124221802 5.74847602844238 8.12242317199707 13.0807695388794 13.0476417541504 10.2864294052124 8.92834377288818 13.1665945053101 11.7375154495239 2.42712688446045 2.85276103019714 3.13366675376892 3.55163550376892 3.76284861564636 5.62015962600708 7.54393529891968 8.32120132446289 19.8273105621338 14.4604921340942 10.0366353988647
8.73954963684082 6.74764537811279 26.0370864868164 15.8124055862427 6.25714349746704 22.0679416656494 20.1841678619385 26.3033885955811 28.5178623199463 42.5386390686035 22.438850402832 18.8746643066406 5.22708034515381 37.3192329406738 6.38684034347534 7.0883321762085 3.56838750839233 2.20873427391052 2.94355440139771 2.30827283859253 8.18997859954834 2.18995952606201 3.68678832054138 6.58508539199829 10.8780508041382 10.7841749191284 6.03229427337646 20.9688415527344 11.9768486022949 17.2920341491699 15.0606098175049 10.4299802780151 12.0310888290405 19.7360210418701 22.4996376037598 8.17700481414795 5.59661674499512 5.66886425018311 5.54012775421143 8.67816734313965 9.52615547180176 7.4931058883667 7.99018478393555 19.34889793396 18.9526386260986 12.5198822021484
9.18892478942871 7.05383968353271 44.0927619934082 28.8756656646729 8.88761425018311 38.368968963623 35.6523170471191 43.9157409667969 47.1401748657227 5.01169157028198 6.0778546333313 22.7655086517334 16.237907409668 6.59898710250854 13.357928276062 9.59147834777832 5.13947200775146 10.6696882247925 2.96199178695679 3.66222715377808 3.65598297119141 4.47682952880859 6.53071784973145 8.48943901062012 12.3076972961426 12.6866664886475 9.63386344909668 5.35667037963867 13.0539560317993 15.9824552536011 16.8218784332275 15.7053155899048 12.4725399017334 7.40412664413452 8.22084522247314 8.31451416015625 12.434401512146 8.05852603912354 10.8942089080811 7.53689622879028 8.67972850799561 15.77272605896 11.7552576065063 20.9072399139404 16.2887058258057 15.7984809875488
