slauniainen/Data/DEM/Vihti_dsm1500b_cl_horizonAngle_312.asc
NCOLS 196 
NROWS 178 
XLLCORNER 353680 
YLLCORNER 6699024 
CELLSIZE 16 
NODATA_value -3.4e+38 
[rows 80 to 99 of 178, columns 90 to 134 of 196]
4.25116682052612 3.77453565597534 0.0427872315049171 0.264086782932281 2.57064461708069 10.0934038162231 7.39595031738281 19.7286186218262 8.27706432342529 4.01346254348755 3.4291250705719 6.37238788604736 14.9281587600708 11.634162902832 12.8386135101318 20.1514339447021 20.575475692749 16.5435791015625 20.6885509490967 16.75119972229 12.2778472900391 9.84081172943115 8.26430702209473 6.78467130661011 27.9159564971924 15.5590648651123 5.61284399032593 4.31384420394897 16.816312789917 15.1410846710205 7.24417161941528 4.58168268203735 3.84031128883362 3.08576583862305 -1.93369507789612 0.764186680316925 1.15393877029419 6.70244932174683 -2.37966847419739 4.26727247238159 8.5861120223999 9.62400722503662 11.4550724029541 9.97957420349121 16.3365077972412
12.5235614776611 10.3335800170898 3.26075744628906 3.82637071609497 4.88080739974976 1.22720122337341 4.23403692245483 16.9511547088623 10.743558883667 4.05063056945801 0.849871695041656 -0.624651432037354 3.45323252677917 9.62944507598877 9.16734600067139 8.9144287109375 11.2784242630005 11.7446327209473 11.1821174621582 9.58260917663574 7.13675975799561 9.82222080230713 7.1400146484375 7.41091775894165 14.4946346282959 15.7773542404175 9.02336311340332 3.25857186317444 9.29443836212158 0.966679394245148 1.59790730476379 2.6472749710083 3.56935048103333 2.87094688415527 3.00721883773804 24.5266704559326 -1.04345631599426 0.00964517891407013 4.22776556015015 8.05505084991455 12.4415702819824 9.56205654144287 11.6384305953979 9.644850730896 13.4057664871216
8.98132038116455 7.20578527450562 4.15331029891968 1.99177289009094 1.34746122360229 8.49417400360107 0.498154610395432 0.0804398432374001 11.9398174285889 0.087216816842556 4.97227621078491 0.346716910600662 28.0437679290771 0.367098718881607 7.11208915710449 7.52721834182739 5.33739328384399 10.7416706085205 9.13265895843506 8.75485801696777 7.61281251907349 6.54599189758301 7.01667451858521 20.6237449645996 9.11092567443848 5.63232851028442 4.26707029342651 -2.02317452430725 0.910655915737152 -0.966111481189728 -1.18934881687164 0.470729291439056 0.706092536449432 2.46632122993469 2.00602579116821 1.34687697887421 16.5524768829346 7.17385053634644 9.04276657104492 4.25644445419312 9.61018943786621 9.69841480255127 8.24536037445068 9.32515430450439 10.1934547424316
8.36733818054199 6.92178916931152 0.615736484527588 0.832116842269897 0.756275177001953 7.09063243865967 1.51574575901031 0.217068210244179 7.54840993881226 1.89428150653839 0.050137534737587 3.41315031051636 14.0512266159058 4.45528841018677 0.587992072105408 5.66613483428955 7.50762987136841 3.15970277786255 5.65220022201538 5.18665838241577 5.39941787719727 10.7474069595337 8.06485843658447 22.363582611084 11.7500371932983 6.12449884414673 6.53857421875 0.713553130626678 9.37094497680664 -2.6378448009491 -2.08725738525391 -1.83414423465729 -0.405027627944946 19.416296005249 1.93673729896545 1.38555920124054 3.18381237983704 9.61943912506104 2.38301134109497 7.57696962356567 18.446159362793 19.5064563751221 9.28468322753906 14.7105741500854 17.7844314575195
6.9961314201355 6.3113317489624 1.14033567905426 0.342546075582504 0.0801777243614197 0.324579060077667 -0.0250337310135365 -0.193130165338516 0.511705696582794 -0.259215861558914 7.71432685852051 4.15284776687622 3.55665016174316 0.412049978971481 4.27667284011841 -0.113630510866642 3.04712200164795 5.82866144180298 5.85994148254395 5.57560586929321 24.2745265960693 24.3390865325928 9.52786540985107 12.0797166824341 16.4260101318359 7.45838117599487 1.9246643781662 1.5809805393219 0.523924052715302 -2.7199387550354 -2.88015961647034 -2.39093041419983 10.944896697998 6.2194242477417 12.4168329238892 0.946571290493011 0.546217799186707 -0.0722505897283554 6.93187141418457 7.28298425674438 7.86148548126221 14.8742570877075 12.0805025100708 16.9426555633545 14.8261117935181
4.84743928909302 2.19783711433411 0.39128977060318 0.513298213481903 0.121132709085941 1.90943622589111 0.260943084955215 11.4957714080811 8.37371635437012 8.4893741607666 17.2945919036865 0.653491258621216 2.59743618965149 0.21326519548893 0.19941446185112 12.9892778396606 16.1128559112549 0.251777321100235 4.23755025863647 26.1750411987305 18.6723461151123 21.1514263153076 20.8704376220703 13.3310861587524 7.89137840270996 6.64770030975342 5.3330979347229 24.3263835906982 2.81990742683411 0.101249948143959 -2.75800776481628 23.3792972564697 26.5037822723389 27.3244743347168 15.8766555786133 10.1322250366211 0.484376013278961 0.231803670525551 7.69968700408936 25.1393299102783 26.1521968841553 42.8551864624023 14.3992109298706 19.8045597076416 13.0787448883057
4.40703344345093 0.771629214286804 0.0199856348335743 4.42699766159058 7.23915863037109 10.2348546981812 0.4710573554039 3.89749670028687 4.73855018615723 8.96385383605957 6.65440940856934 3.10630989074707 0.0307906568050385 13.6417598724365 -0.793506741523743 -0.326493173837662 2.51801919937134 0.78700977563858 4.62075853347778 1.75578951835632 11.5481462478638 7.87736797332764 13.5107374191284 13.1685466766357 7.54496717453003 6.13630199432373 7.57241201400757 5.30282497406006 15.3139915466309 25.8655471801758 7.08167743682861 28.5030307769775 14.7462282180786 11.9269666671753 15.8407745361328 10.2661046981812 8.17021179199219 6.79762077331543 30.5522136688232 37.6510124206543 18.3846435546875 24.8043594360352 21.3097705841064 8.21741008758545 9.05678081512451
10.0981492996216 3.76683664321899 0.151848077774048 9.26699352264404 1.28619050979614 6.52176094055176 0.902430951595306 0.0937857329845428 0.27937987446785 7.23409938812256 4.08169364929199 0.096821203827858 7.87728357315063 0.410894155502319 -0.867529630661011 -0.842630088329315 -0.901454150676727 -0.509088814258575 -0.545580983161926 -0.96166467666626 11.3410387039185 1.24996423721313 5.04275894165039 8.86532497406006 8.55308151245117 6.29204273223877 5.15400743484497 5.19576215744019 4.67926692962646 11.7522096633911 18.5404052734375 31.8794422149658 22.7243881225586 28.398889541626 33.7436637878418 13.5363597869873 20.5312824249268 5.24156379699707 29.8794116973877 22.2022514343262 21.9738903045654 12.7532272338867 17.108304977417 8.08358287811279 7.47318840026855
16.4346008300781 7.50185489654541 1.05793988704681 7.11316013336182 0.265273690223694 0.124084413051605 1.92972314357758 0.0302741024643183 0.0639752820134163 0.275570005178452 -0.0559502504765987 1.88132452964783 7.23988103866577 -0.52399343252182 -1.26338398456573 -1.52049148082733 -1.55660998821259 -1.25001358985901 -0.723870635032654 -0.619182765483856 0.67336642742157 1.70915162563324 23.5205039978027 3.13229370117188 3.59209036827087 5.9890022277832 4.42004060745239 3.43408298492432 4.26683282852173 4.66990900039673 8.08485507965088 10.7145833969116 14.3927927017212 13.8792362213135 14.8147945404053 16.0109195709229 13.5239219665527 9.38071632385254 5.97081279754639 17.8499794006348 15.7902746200562 15.3626117706299 10.0512828826904 13.5795736312866 7.06305265426636
5.10008716583252 7.3320779800415 2.08270621299744 0.215128108859062 0.365670412778854 0.12644450366497 -0.0379091575741768 0.440594375133514 3.49787759780884 4.01810932159424 -0.0723113119602203 5.12895345687866 -0.223358899354935 -0.997899830341339 -1.43248629570007 -1.74888646602631 -1.98511791229248 -1.75140869617462 -1.37257182598114 -1.29400372505188 -1.12919962406158 -0.339633107185364 0.487354516983032 6.58564043045044 2.68775248527527 18.2705211639404 3.61618089675903 1.86921441555023 2.28229737281799 14.3415145874023 3.93749094009399 5.25977468490601 10.3604688644409 11.0200910568237 18.8245048522949 10.7466773986816 14.0632953643799 12.7113609313965 9.02301406860352 8.94703769683838 12.9721364974976 12.8238525390625 12.5898752212524 10.6831350326538 9.97832012176514
9.79949951171875 1.53333008289337 3.73144578933716 0.148898497223854 0.205518841743469 13.8634824752808 11.775242805481 2.82933926582336 1.90359878540039 1.89967846870422 1.57786083221436 6.0238733291626 -0.163418099284172 -0.870444715023041 -1.77834177017212 -2.03222036361694 -2.0847589969635 -2.23663902282715 -1.93117833137512 -2.22822213172913 -1.45854246616364 2.35935759544373 -1.1410539150238 10.3714628219604 5.77662467956543 12.6365156173706 3.03894376754761 3.36991834640503 3.57746005058289 2.54215931892395 2.13408613204956 12.6404981613159 13.5790576934814 7.08645677566528 4.66600608825684 11.077205657959 8.18722915649414 12.5650568008423 10.1531028747559 5.24699306488037 15.9806547164917 11.128737449646 11.2964725494385 11.2153348922729 10.3814401626587
1.67765641212463 5.30151748657227 8.50101280212402 0.492632359266281 3.06362175941467 6.63045644760132 5.09357070922852 0.609373569488525 2.00941610336304 6.26970529556274 5.56110286712646 -0.051827859133482 4.2770357131958 -0.778926610946655 -1.27918648719788 -1.94597792625427 -2.34379911422729 -2.18489956855774 1.28564023971558 0.696686565876007 -1.23664081096649 -2.05233860015869 -1.58385133743286 10.0028848648071 2.22046089172363 4.23260450363159 5.35005187988281 3.42213940620422 1.62419307231903 5.57567739486694 9.20539379119873 18.0045070648193 5.23120450973511 3.76122832298279 1.63196849822998 1.24406516551971 0.827958643436432 6.58973741531372 5.95215940475464 7.67168664932251 11.5927295684814 12.0107755661011 10.1571416854858 9.42113971710205 9.77820587158203
1.01571881771088 4.32584857940674 5.07225036621094 0.985304534435272 13.258807182312 14.6059217453003 4.65527439117432 3.25523829460144 1.17791295051575 1.62033915519714 2.32376146316528 0.604020953178406 9.07504844665527 -0.768411457538605 -1.30036222934723 -1.91617274284363 -2.15635251998901 -2.63621473312378 -2.50136971473694 -2.58467197418213 -2.21281361579895 6.96502828598022 20.1171875 25.4720344543457 15.2164907455444 6.48377752304077 3.03395628929138 0.834559857845306 1.9625438451767 17.0173110961914 20.3321170806885 10.5218019485474 12.8377180099487 3.64092206954956 2.02582883834839 0.369237899780273 0.670306861400604 8.04990673065186 30.3478908538818 24.3720684051514 26.6322536468506 31.5166721343994 10.3685140609741 7.39148902893066 8.93874359130859
1.72187101840973 11.8881044387817 1.58813190460205 4.23167324066162 1.59476351737976 8.07326030731201 8.2053165435791 8.12208843231201 0.335099995136261 -0.00751758087426424 13.1876783370972 0.399534046649933 0.0173862650990486 -0.207085281610489 -1.19469046592712 -1.70458495616913 -2.10926222801208 -2.41406607627869 -2.70263290405273 8.30687618255615 7.8076319694519 -2.52425479888916 24.3266506195068 24.8266563415527 17.4934329986572 8.49672031402588 1.22057127952576 0.805514752864838 0.643088519573212 1.68751633167267 15.3592538833618 15.8192825317383 8.55498313903809 1.72176074981689 2.40329647064209 1.25879693031311 0.251411318778992 10.3281803131104 5.6667423248291 20.1992225646973 12.1415987014771 18.8302192687988 19.6784629821777 9.2168083190918 8.83441352844238
1.73002123832703 1.648641705513 12.0030393600464 12.2583332061768 8.11591053009033 19.7339286804199 19.5841045379639 5.77273368835449 3.41407060623169 0.223891407251358 10.8334655761719 -0.0576767437160015 0.089961051940918 -0.291938245296478 -0.827230453491211 -1.41811001300812 -2.28719639778137 -2.47454714775085 -2.91991662979126 5.45005130767822 -0.0875232666730881 4.81054449081421 37.3599014282227 18.5086498260498 16.8771476745605 9.30956363677979 4.96487808227539 3.06839537620544 0.260752201080322 9.33985900878906 18.2119407653809 12.649486541748 9.5259485244751 1.63771450519562 0.399870574474335 1.38430202007294 0.835320472717285 8.32657814025879 10.5855665206909 11.7357330322266 15.3822479248047 24.4612197875977 13.6012353897095 14.0313520431519 7.75253915786743
21.0204105377197 10.5789937973022 1.47421061992645 7.31194972991943 7.5999927520752 6.12424898147583 10.1661977767944 8.51661682128906 3.85605382919312 0.222988590598106 0.179510563611984 7.52059364318848 5.50450849533081 0.0849302038550377 -0.425862044095993 -1.46441221237183 -1.90985882282257 -1.14340269565582 1.42046737670898 5.80940198898315 6.37484741210938 3.73531937599182 23.6559906005859 13.4979963302612 15.9759893417358 13.5758209228516 9.06784057617188 4.51702356338501 9.79048156738281 13.0424289703369 10.6591606140137 1.24481296539307 7.49632120132446 1.41616988182068 0.863062143325806 -0.0139304706826806 1.28908312320709 22.7206382751465 16.720739364624 9.01469898223877 6.06136417388916 7.79768753051758 13.2992658615112 10.7564420700073 11.2125492095947
15.8015403747559 15.1177339553833 4.39151668548584 14.6062383651733 6.51074504852295 5.05255937576294 4.16785335540771 6.83515167236328 4.99956083297729 2.25565433502197 4.5630931854248 6.40719413757324 3.7080442905426 2.88172292709351 -0.281889408826828 -1.11629199981689 -1.90526652336121 -1.16545963287354 -2.58838248252869 0.808520555496216 4.42243528366089 5.71241617202759 9.88589763641357 10.3843584060669 18.2359447479248 11.3460035324097 9.42809200286865 9.57982921600342 4.76879358291626 1.34680461883545 1.33889520168304 4.85038948059082 1.04556584358215 0.665578663349152 0.589545607566833 0.153583809733391 20.7959480285645 7.18934535980225 14.6694488525391 9.95661067962646 8.78010177612305 33.6656494140625 18.8737125396729 10.8395576477051 10.5037899017334
4.22852420806885 6.48563146591187 9.80924415588379 3.71413803100586 7.09192609786987 4.95811080932617 4.73528814315796 3.19398260116577 5.52039575576782 0.988288342952728 1.6930980682373 0.999854266643524 5.18609666824341 -0.0681470185518265 0.187950238585472 -0.496958136558533 -1.12278258800507 -2.01968669891357 -2.27457857131958 12.5079355239868 10.6653604507446 7.58100366592407 7.97339391708374 15.7491092681885 18.5896606445312 15.6595420837402 10.271990776062 4.49104785919189 5.80345869064331 3.44874668121338 1.01930046081543 -0.594607412815094 -0.333933591842651 0.095654658973217 -0.044956311583519 0.0738150998950005 0.0170043166726828 10.5081691741943 4.32566213607788 11.3548374176025 8.27560138702393 5.40271139144897 19.1409778594971 11.7208700180054 8.9601469039917
7.68019247055054 11.0346040725708 5.62919855117798 7.57988739013672 2.09605669975281 4.08775854110718 2.86409592628479 4.04931163787842 2.21988582611084 0.904149770736694 0.926852345466614 0.315348297357559 0.887588798999786 0.503020703792572 15.2385816574097 2.39648985862732 -1.42554974555969 -1.72657608985901 16.7624111175537 28.1205902099609 23.5010375976562 11.2963161468506 17.4823436737061 23.6535015106201 15.7598905563354 9.4426155090332 10.2913341522217 8.48262214660645 17.9006748199463 6.55101203918457 4.19536018371582 0.538220286369324 5.00255584716797 -0.483112275600433 -0.375150620937347 -0.287252694368362 4.10769414901733 23.5801944732666 10.1460428237915 10.8479995727539 9.6272144317627 7.85583114624023 13.129451751709 14.6953678131104 11.0399656295776
13.4200458526611 2.25526356697083 5.57121276855469 3.11425876617432 5.78668403625488 5.1662917137146 3.08152651786804 1.81568324565887 3.03687572479248 0.896742820739746 0.725200176239014 0.702785313129425 -0.0255501698702574 12.2698163986206 -0.25215619802475 11.3132839202881 -0.583231925964355 10.4941091537476 25.1276626586914 22.4478435516357 19.5311908721924 15.5794038772583 24.9981479644775 23.8323135375977 14.2702026367188 10.5724182128906 8.71813678741455 7.40553760528564 15.775821685791 18.8294429779053 23.4047431945801 23.5635719299316 11.5490884780884 0.734205365180969 -1.04033088684082 5.62993144989014 17.5609397888184 26.7805347442627 16.1887512207031 6.93213176727295 7.30830860137939 13.2432861328125 5.24713611602783 6.34169626235962 12.6033220291138
