slauniainen/Data/DEM/Vihti_dsm1500b_cl_horizonAngle_198.asc
NCOLS 196 
NROWS 178 
XLLCORNER 353680 
YLLCORNER 6699024 
CELLSIZE 16 
NODATA_value -3.4e+38 
[rows 80 to 99 of 178, columns 0 to 45 of 196]
3.23053789138794 3.30326199531555 2.35121321678162 3.16881227493286 4.16434717178345 4.46323537826538 3.60634994506836 4.76290893554688 4.58174419403076 3.86059522628784 4.14104318618774 4.63062572479248 4.28716564178467 3.43961071968079 3.45118117332458 3.26540970802307 26.8849830627441 3.14766645431519 2.3112370967865 1.52685594558716 1.70624232292175 1.66884231567383 1.61820411682129 2.29885911941528 1.63121354579926 0.396088272333145 1.1466646194458 1.06271004676819 -0.191696345806122 -0.329678773880005 -0.445948928594589 0.810648381710052 1.08562755584717 1.80915069580078 1.67521333694458 1.84639763832092 12.3498163223267 2.60276961326599 2.66990208625793 2.97515225410461 2.87369847297668 3.11101889610291 2.8924081325531 3.47160124778748 5.56626224517822 5.30108690261841
3.69630694389343 3.41216087341309 2.64962077140808 3.46334266662598 4.86709642410278 4.37246704101562 3.78156352043152 5.46648597717285 3.10624194145203 4.06914663314819 4.37585639953613 4.91569423675537 4.53339195251465 3.4532527923584 3.56482267379761 3.41083097457886 2.18496608734131 2.64685153961182 2.38750910758972 1.58721017837524 1.78323316574097 1.775763630867 1.35810649394989 1.58786606788635 1.77489352226257 0.441344559192657 1.20172834396362 1.1210812330246 -0.159765899181366 -0.294696718454361 -0.2835493683815 0.652295053005219 1.28197336196899 1.85166943073273 1.81395518779755 1.86249279975891 0.368608891963959 0.647546827793121 2.28116989135742 2.86159825325012 3.31310153007507 3.2002420425415 4.76388120651245 3.35643291473389 5.79394912719727 6.33061838150024
1.92729473114014 3.93488955497742 3.03515553474426 3.69287729263306 5.15967512130737 4.1723370552063 2.18886876106262 6.30543756484985 4.03078079223633 4.70151805877686 4.62302112579346 5.21058320999146 4.79604005813599 3.7605938911438 3.58554601669312 3.68338990211487 3.40900897979736 2.70199704170227 2.47911405563354 1.84757089614868 1.62182760238647 1.91818284988403 0.256168216466904 1.67729389667511 1.10198974609375 1.35274112224579 1.24379551410675 -0.0729842707514763 -0.152475297451019 -0.264702796936035 -0.266279757022858 1.25913286209106 1.65286731719971 1.92432308197021 1.86046159267426 1.89761459827423 1.89997518062592 1.89976835250854 2.07257032394409 2.89626622200012 3.19937419891357 3.35884380340576 2.67754364013672 2.62613892555237 6.04532337188721 6.56483268737793
1.68164229393005 2.42447829246521 4.08494329452515 5.28532028198242 5.61742162704468 4.52274799346924 6.24902963638306 7.37424373626709 4.68301916122437 5.0485668182373 5.69650506973267 4.69659233093262 5.11654758453369 3.95185780525208 3.74750757217407 3.84549856185913 3.46801233291626 2.57801151275635 1.71148860454559 1.92867922782898 2.00615739822388 1.92500507831573 1.52587044239044 1.79095554351807 0.608877837657928 1.4661773443222 1.30758118629456 -0.107196040451527 -0.172252878546715 -0.254244804382324 0.868736028671265 1.33983945846558 2.10943818092346 1.89334809780121 2.00690221786499 1.97002983093262 1.9058723449707 1.93069243431091 2.0809326171875 2.90871024131775 3.21503114700317 3.16419243812561 2.74501347541809 3.69703435897827 6.30613088607788 6.84478330612183
1.5443457365036 2.53848528862 4.27000093460083 6.06213426589966 5.46039295196533 4.85089826583862 9.30708694458008 3.84625458717346 4.98898029327393 5.40453433990479 6.09100484848022 5.59627246856689 4.42464208602905 4.2188925743103 4.01016902923584 3.66077160835266 2.96515321731567 2.71578907966614 1.81145024299622 2.04256439208984 2.14505934715271 1.64224934577942 1.8397616147995 1.91356265544891 0.630719006061554 1.5780508518219 1.38980853557587 -0.104768700897694 -0.112725295126438 -0.0929314717650414 0.925352871417999 1.59011423587799 2.19682502746582 2.08872365951538 2.08055734634399 2.04085230827332 1.98273968696594 1.87099492549896 2.12177681922913 2.97062420845032 3.25855207443237 2.79655957221985 3.03365087509155 6.54980754852295 6.20880222320557 7.15846014022827
2.48745942115784 2.75717544555664 4.65957593917847 6.50570440292358 5.45830059051514 2.77069759368896 11.9871740341187 4.93463468551636 5.81476879119873 5.65424203872681 6.43135976791382 5.94175004959106 4.58836555480957 4.40534782409668 4.29317808151245 3.88861632347107 3.06844758987427 2.87608790397644 2.17206335067749 1.9342850446701 2.30864191055298 0.309567958116531 1.9771865606308 0.581433713436127 1.6106778383255 1.65354645252228 0.00210065254941583 -0.107141800224781 -0.185780495405197 0.108121767640114 1.56422317028046 2.00679039955139 2.28290271759033 2.16748380661011 2.15832853317261 2.12095546722412 2.04298329353333 2.20649909973145 3.03140068054199 3.29545402526855 3.16103291511536 2.75718450546265 2.77726483345032 6.73419094085693 7.28042364120483 6.74908018112183
2.77253198623657 5.26484441757202 6.66318130493164 7.20397615432739 6.26947355270386 8.8309440612793 16.8712387084961 5.71374559402466 6.2365894317627 6.95815277099609 5.6921443939209 6.38356447219849 4.87905216217041 4.80027437210083 4.70587730407715 4.13530731201172 2.92230224609375 1.89081907272339 2.29522490501404 0.494013726711273 2.49971652030945 1.78393387794495 2.09319114685059 0.640170991420746 1.67202210426331 1.73313295841217 -0.0159879699349403 -0.123943246901035 -0.2199367582798 1.06470608711243 1.61658525466919 2.49185180664062 2.25928449630737 2.35430407524109 2.30090951919556 2.12907314300537 2.11218619346619 2.27479362487793 3.13116216659546 3.37852215766907 2.97539663314819 2.7725989818573 2.60017991065979 7.0402626991272 7.60824108123779 6.92908716201782
3.36651229858398 6.74300527572632 7.8866171836853 7.59332227706909 6.11773538589478 34.3270645141602 4.96374368667603 6.15747499465942 6.74148750305176 7.50670862197876 6.8711051940918 5.51210832595825 5.17179727554321 4.98656749725342 4.94275283813477 4.34390783309937 3.11641597747803 2.05170464515686 2.40175914764404 2.65905904769897 2.4963219165802 1.92816579341888 2.24172949790955 0.687199652194977 1.74699282646179 1.78592026233673 0.012434683740139 -0.151109784841537 -0.0991525948047638 1.11055326461792 1.87039268016815 2.58750820159912 2.48966884613037 2.47998309135437 2.41756820678711 2.23023009300232 2.05342936515808 2.34812664985657 3.23401141166687 3.4759521484375 2.87338519096375 2.648517370224 7.31730318069458 6.91535758972168 7.99867391586304 6.84588003158569
4.85289859771729 10.5246315002441 9.26461124420166 10.0591564178467 4.36974096298218 4.72415637969971 6.38745403289795 7.5520396232605 7.19753408432007 8.1811056137085 7.51630640029907 5.55159282684326 5.45419692993164 5.42766523361206 4.74223947525024 3.76541018486023 3.37855815887451 2.56465721130371 2.30468440055847 2.85427260398865 2.07616233825684 2.36179900169373 2.38877463340759 1.83434176445007 1.82012641429901 0.654605090618134 0.0899382010102272 -0.12845142185688 -0.0587990619242191 1.86615371704102 2.37180733680725 2.68900322914124 2.59811973571777 2.60387754440308 2.54344415664673 2.30956935882568 2.49033427238464 3.39494776725769 3.6243052482605 3.40050601959229 2.86211562156677 2.66942429542542 7.70979166030884 8.43440628051758 7.6678032875061 9.01140117645264
23.1420783996582 11.7935218811035 11.1616449356079 14.2444744110107 14.7189273834229 2.72602605819702 7.39982891082764 8.23435211181641 9.11316967010498 7.17720603942871 8.10897636413574 5.7830982208252 5.85059213638306 5.86740970611572 5.27470970153809 4.13535118103027 3.79967832565308 2.78870582580566 2.51474571228027 3.10107851028442 0.308339387178421 2.58836340904236 0.781142473220825 1.91013431549072 1.91811192035675 0.0780007094144821 0.223127499222755 -0.122791200876236 1.35621607303619 1.97011971473694 2.92379331588745 2.67625594139099 2.83475041389465 2.85512828826904 2.61363530158997 2.40983653068542 2.60901141166687 3.54271364212036 3.7657482624054 3.23498678207397 2.9419732093811 2.65149593353271 8.2130823135376 8.91879844665527 8.06187438964844 9.92424392700195
0.679463505744934 15.8643865585327 30.3432655334473 8.01555061340332 15.2333726882935 6.98042058944702 8.14990329742432 9.1506175994873 10.0099897384644 8.86690998077393 6.89652681350708 6.33691358566284 6.19159078598022 6.37136173248291 5.87513256072998 4.278648853302 2.81223583221436 2.98750925064087 3.36305451393127 3.12474703788757 2.38798093795776 2.85391926765442 0.94342714548111 2.10060286521912 1.98027086257935 0.0699666142463684 1.8898561000824 0.0378924980759621 1.4195990562439 2.25471782684326 3.0545072555542 2.92751097679138 2.96051120758057 3.00077629089355 2.68920302391052 2.42282509803772 2.74356126785278 3.71089553833008 3.93405389785767 3.18550682067871 2.84022617340088 8.97330856323242 8.32419395446777 9.50066661834717 7.89680290222168 11.1117897033691
15.6169786453247 22.1089668273926 4.80462121963501 5.59633731842041 26.1312675476074 8.91203784942627 10.6886835098267 9.79842090606689 11.1010093688965 9.74979209899902 6.81823921203613 6.7251877784729 6.82623147964478 6.28841161727905 5.11866140365601 4.57724094390869 3.01710653305054 3.23048043251038 3.7739896774292 2.78563117980957 3.1563732624054 3.08435654640198 1.04496514797211 2.24071002006531 2.17850041389465 0.34833499789238 -0.105291187763214 1.23564910888672 2.2716498374939 2.86629748344421 3.19327402114868 3.10338592529297 3.09074521064758 3.15492987632751 2.83266353607178 3.09154796600342 4.02906847000122 4.23996257781982 3.89095067977905 3.19229745864868 2.90545797348022 9.78709983825684 10.3943643569946 9.36942863464355 13.510573387146 9.92498588562012
31.5665950775146 24.6850719451904 15.2731704711914 47.6424255371094 4.56832313537598 10.3553524017334 12.176929473877 12.9901437759399 9.86537170410156 10.9200925827026 7.31678533554077 7.19922256469727 7.33327770233154 6.79967880249023 5.22882890701294 4.89249420166016 3.62247514724731 3.27781176567078 4.16607475280762 0.479164659976959 3.47028136253357 1.12132966518402 2.48132801055908 2.41758584976196 1.08991205692291 1.30779504776001 -0.0937510952353477 1.57492935657501 2.35491824150085 3.46393179893494 3.19676351547241 3.35746598243713 3.45066022872925 3.29876279830933 2.96649837493896 3.31943440437317 4.30718564987183 4.4921178817749 3.73167037963867 3.32834625244141 2.94958090782166 10.7897176742554 11.3093938827515 10.184700012207 16.8099155426025 18.4840106964111
9.66978454589844 21.5046329498291 20.4682731628418 -0.754195690155029 11.9422006607056 12.0039234161377 14.3955221176147 14.9793529510498 12.8040866851807 9.3507833480835 8.26935958862305 7.47566318511963 7.88496112823486 7.37090301513672 5.22840213775635 3.46548867225647 3.86149430274963 4.8814902305603 4.1241569519043 3.09358167648315 3.76319241523743 1.27734661102295 2.60812401771545 2.63493776321411 1.67124199867249 0.564169049263 0.0948434397578239 1.70903527736664 2.63621616363525 3.56998825073242 3.45035624504089 3.50059652328491 3.62362337112427 3.47661852836609 3.01644539833069 3.51164865493774 4.58139944076538 4.76400518417358 3.80757594108582 3.25168538093567 12.5979022979736 11.5305786132812 12.4660673141479 10.0938444137573 22.5539360046387 23.1476497650146
-0.455960869789124 22.6154518127441 9.69642639160156 5.52354383468628 15.0658569335938 18.1443710327148 15.3051176071167 17.3453845977783 14.6942291259766 9.74926662445068 8.75162792205811 8.4386510848999 7.8455057144165 6.32997226715088 5.64698362350464 3.7030348777771 4.11798524856567 5.48224258422852 3.72497844696045 4.37778568267822 4.23358154296875 2.22586274147034 2.83651828765869 2.74044299125671 0.0169634260237217 -0.0878872573375702 0.0986885130405426 2.71192407608032 3.42047762870789 3.76751494407654 3.6652934551239 3.64322590827942 3.85837078094482 3.3262734413147 3.13642287254333 3.67704081535339 4.83098459243774 5.05394220352173 4.04374885559082 3.34964537620544 14.4190587997437 14.516505241394 13.4702997207642 42.5401306152344 31.7719497680664 46.5111045837402
-0.436480402946472 -0.334324896335602 5.67084074020386 12.7884864807129 20.3008213043213 22.8888645172119 21.8392448425293 15.3929462432861 17.3772106170654 11.491678237915 9.87411785125732 9.44336986541748 8.63292598724365 6.40563488006592 6.08497333526611 4.43524312973022 4.39497184753418 6.08682298660278 1.67934036254883 5.14692497253418 1.6476536989212 2.99763035774231 3.08648586273193 0.120868965983391 -0.018956420943141 -0.0920358151197433 1.92368686199188 2.83642745018005 4.10248279571533 3.8573317527771 3.97659397125244 3.72765469551086 4.053879737854 3.45109939575195 4.02366590499878 5.247474193573 5.51688575744629 4.98442268371582 4.03775310516357 3.51408815383911 16.844877243042 16.5494480133057 15.6754951477051 3.67259383201599 34.6730880737305 10.4142847061157
0.219068795442581 0.227846264839172 3.05497360229492 28.4952945709229 25.9337882995605 31.2982921600342 27.8200244903564 22.093713760376 15.1425113677979 13.7283182144165 11.2778024673462 10.7437105178833 9.66679382324219 6.50862264633179 4.12093734741211 4.75868272781372 7.04021120071411 5.94099712371826 4.34940099716187 5.80810070037842 1.95592045783997 3.3949019908905 3.28412556648254 0.180191069841385 -0.0185683201998472 0.139883771538734 2.01175928115845 3.13309550285339 4.28441333770752 4.08248281478882 4.15294361114502 4.42356157302856 4.33465242385864 3.55740284919739 4.23337268829346 5.52294969558716 5.79797887802124 4.73827838897705 4.24830150604248 21.9435272216797 19.9126033782959 20.2031421661377 15.585958480835 4.72508144378662 0.2288538813591 1.34089684486389
0.646550893783569 0.332992047071457 9.46321296691895 14.7688274383545 52.5073432922363 33.3038101196289 37.0993804931641 27.8001613616943 19.0787754058838 14.0506067276001 13.2054100036621 11.2484092712402 8.40360927581787 7.13630867004395 4.4095287322998 5.11103010177612 8.01086902618408 5.21442604064941 6.62113285064697 6.18860673904419 2.26802396774292 3.70636391639709 3.57763886451721 0.198411524295807 -0.0457301624119282 0.151036307215691 2.93219447135925 3.26369714736938 4.48235845565796 4.27139043807983 4.3657488822937 4.915367603302 3.96221971511841 3.77215075492859 4.48602056503296 5.82754039764404 6.10713720321655 4.94730138778687 4.10544681549072 27.7464981079102 25.2896862030029 25.3533363342285 16.5303802490234 7.87810850143433 2.47917771339417 6.79417562484741
1.00225102901459 23.1239356994629 0.764804005622864 10.8413019180298 5.48689603805542 58.399845123291 33.4913024902344 37.2248992919922 26.55588722229 16.917781829834 15.1131944656372 13.0723810195923 8.70132637023926 7.98953771591187 5.44812345504761 5.70488548278809 9.37232112884521 1.79462802410126 7.28738832473755 2.43508172035217 4.19822978973389 4.08004474639893 0.438116252422333 0.268600851297379 -0.0472325831651688 0.169294416904449 3.39358496665955 4.28067827224731 4.71840763092041 4.73255968093872 4.60222434997559 5.28517055511475 4.30716943740845 5.06578540802002 6.51130056381226 6.74794483184814 5.92265558242798 4.81250333786011 4.19197797775269 36.0231399536133 33.1388130187988 33.4676933288574 14.625904083252 16.4064788818359 14.173677444458 23.6176738739014
1.18019902706146 0.0126508679240942 0.77276611328125 -1.0504606962204 -1.7410135269165 -1.27309584617615 56.7032890319824 46.1194839477539 30.502347946167 21.8612289428711 16.9130020141602 15.559308052063 9.47209644317627 5.39614820480347 6.47985315322876 11.6819639205933 9.05236053466797 5.96876668930054 8.51550388336182 2.92083215713501 4.65463638305664 4.5183744430542 0.450813919305801 0.229236900806427 -0.0821908786892891 2.45055103302002 3.58319973945618 5.11889696121216 4.98309659957886 5.06378793716431 5.61089086532593 5.69162702560425 4.61881589889526 5.43871164321899 6.9677882194519 7.19167327880859 5.71717262268066 4.92882585525513 57.7180595397949 54.7799339294434 55.5864486694336 33.0251655578613 16.7037296295166 22.1499996185303 4.94498825073242 20.0797672271729
