slauniainen/Data/DEM/Vihti_dem1500b_cl_horizonAngle_294.asc
NCOLS 196 
NROWS 178 
XLLCORNER 353680 
YLLCORNER 6699024 
CELLSIZE 16 
NODATA_value -3.4e+38 
[rows 60 to 79 of 178, columns 45 to 89 of 196]
5.88080453872681 10.7940120697021 11.0109233856201 7.10859680175781 4.32164287567139 3.18332672119141 2.01319694519043 1.76828587055206 0.829894244670868 0.688695311546326 0.626586973667145 0.535897552967072 0.706711173057556 1.07534170150757 0.968387603759766 2.56849193572998 0.644483149051666 0.430695176124573 0.485473990440369 0.485673278570175 0.487754821777344 0.462914168834686 0.423331528902054 0.4856918156147 0.547471821308136 0.586073100566864 0.573963761329651 0.474886417388916 0.368287801742554 0.290948569774628 0.222834959626198 0.195435613393784 0.11132825165987 -0.0467982813715935 -0.125102013349533 -0.138585492968559 -0.14272740483284 -0.152027070522308 0.190220072865486 0.0721790567040443 0.156606569886208 0.252428501844406 0.181977465748787 0.183351993560791 0.647692918777466
3.5771632194519 10.8493633270264 9.87362766265869 8.02002334594727 5.56095170974731 3.68106913566589 2.7932665348053 2.16329836845398 1.50133895874023 1.36451411247253 1.24227702617645 0.633916735649109 0.56451153755188 0.481349527835846 0.431742578744888 0.944543242454529 1.23178505897522 2.61944985389709 0.464877128601074 0.393794119358063 0.46082004904747 0.448480248451233 0.456511527299881 0.440792083740234 0.426790207624435 0.433355301618576 0.463734924793243 0.459884166717529 0.384928643703461 0.283963769674301 0.247345015406609 0.126661255955696 -0.0468857474625111 -0.115511439740658 -0.131399095058441 -0.133501157164574 -0.143523931503296 -0.0357082225382328 -0.123612575232983 0.106605470180511 0.285690784454346 0.172775939106941 0.191586092114449 0.186235472559929 0.534556090831757
2.11551976203918 8.01322174072266 11.6351251602173 7.92706680297852 5.90669059753418 4.36782312393188 3.58161544799805 2.47404623031616 2.23034453392029 1.95357704162598 1.5171514749527 1.14225769042969 1.01271069049835 0.566018104553223 0.499942809343338 0.426032602787018 0.427561908960342 0.43189200758934 1.23801136016846 3.33910036087036 0.566135942935944 0.377867549657822 0.690553307533264 0.415917277336121 0.404209971427917 0.409323155879974 0.378497302532196 0.366125166416168 0.365566045045853 0.291508227586746 0.226327687501907 0.0781193450093269 -0.069439135491848 -0.124660350382328 -0.129672303795815 -0.130812436342239 -0.135340690612793 0.167585045099258 0.267937362194061 0.284706473350525 0.318397253751755 0.316863924264908 0.307786464691162 0.271847099065781 0.550455331802368
1.35481452941895 5.02697038650513 8.30754661560059 6.8974437713623 5.7241849899292 4.49091577529907 3.7767071723938 3.11529088020325 2.8542754650116 2.52517223358154 1.84877467155457 1.61388504505157 1.26668548583984 0.973475813865662 0.88401460647583 0.527189612388611 0.464277654886246 0.40351128578186 0.684038281440735 0.989828169345856 1.59252643585205 2.69680571556091 0.528832852840424 0.402491897344589 0.341540575027466 0.372764140367508 0.379911094903946 0.37117275595665 0.347467362880707 0.301466733217239 0.269951730966568 0.115497782826424 -0.0501887761056423 -0.127440825104713 -0.125418141484261 -0.126627519726753 0.0193597599864006 0.139537841081619 0.216389641165733 0.217623665928841 0.232633516192436 0.334573656320572 0.432754784822464 0.462809771299362 0.668290019035339
0.968940258026123 3.13529229164124 4.49411344528198 6.64952659606934 5.06545114517212 4.12312698364258 3.38462829589844 3.20719718933105 2.89962530136108 2.65623736381531 2.36412215232849 2.08954811096191 1.57954776287079 1.37058651447296 1.08922219276428 0.866983950138092 0.796569526195526 0.518755078315735 0.611590027809143 1.4043607711792 1.0818065404892 0.83552223443985 0.935584425926208 1.79405927658081 0.386389434337616 0.329933553934097 0.311873733997345 0.361052304506302 0.341241061687469 0.321571290493011 0.289964407682419 0.177023157477379 -0.00106875540222973 -0.100102514028549 -0.103737585246563 0.0678354948759079 0.21096482872963 0.262512594461441 0.212113335728645 0.280906707048416 0.380066394805908 0.517867088317871 0.585415363311768 0.581041693687439 0.988544464111328
0.668541729450226 1.76234900951385 2.4564380645752 4.18383884429932 4.03541088104248 3.54888391494751 2.87957692146301 2.86564898490906 2.57610869407654 2.47164487838745 2.37030124664307 2.20639443397522 2.04047989845276 1.81334519386292 1.41957151889801 1.25234723091125 1.02247166633606 0.859075546264648 1.55247712135315 1.29403698444366 1.08473777770996 0.869338750839233 0.73170793056488 0.632084250450134 1.58529210090637 1.0722690820694 0.353807985782623 0.299833804368973 0.282286256551743 0.295089185237885 0.258998811244965 0.211539372801781 0.0596500709652901 -0.0635755211114883 -0.101753830909729 0.15627433359623 0.312746524810791 0.349613726139069 0.40533858537674 0.514263033866882 0.629450917243958 0.849677801132202 1.24316692352295 1.44171977043152 1.45483982563019
1.43107974529266 1.32088470458984 2.04087924957275 2.92201566696167 3.4955153465271 2.70678901672363 2.24035811424255 2.34072089195251 2.10577726364136 1.91902542114258 2.11428189277649 2.08916902542114 2.03128266334534 1.92471277713776 1.82661509513855 1.6405131816864 1.32648861408234 1.32518458366394 1.41306757926941 0.981762111186981 0.784772217273712 0.744143307209015 0.630401015281677 0.602101624011993 0.586960971355438 1.0282838344574 0.970244884490967 0.536827087402344 0.313598573207855 0.264027774333954 0.220447868108749 0.165891125798225 0.0325706377625465 0.0910928174853325 0.285940498113632 0.406224370002747 0.59021657705307 0.616397321224213 0.712566137313843 0.804681420326233 1.11468577384949 1.57735157012939 2.56966590881348 2.25118923187256 1.50419902801514
2.18028402328491 1.73388338088989 1.77523303031921 2.75351929664612 2.83745980262756 2.1803195476532 1.64649868011475 1.64568591117859 1.5905020236969 1.42444944381714 1.74241876602173 1.64437174797058 1.83965671062469 1.87422001361847 1.82238292694092 1.7609601020813 1.72139263153076 1.70589995384216 1.53698039054871 1.1656037569046 0.935723662376404 0.766409337520599 1.81832337379456 1.19269287586212 0.504291296005249 0.471572697162628 0.869143187999725 1.53247916698456 0.596123516559601 0.427240371704102 0.273051887750626 0.232341438531876 0.350859940052032 0.708357632160187 0.862021565437317 1.139692902565 1.34668171405792 1.60576748847961 1.60282528400421 1.66247498989105 1.73257648944855 2.08701658248901 1.92737400531769 1.33631718158722 1.16996347904205
2.93580317497253 2.65214109420776 2.10627937316895 1.98049807548523 2.02246522903442 1.72075390815735 1.25698125362396 1.20694124698639 1.1913423538208 1.07053637504578 1.28045225143433 1.25783538818359 1.54752087593079 1.51917016506195 1.68166851997375 1.75475108623505 1.73697185516357 1.68769407272339 1.60396766662598 1.39279866218567 1.08351647853851 0.842367887496948 2.12422585487366 2.33719563484192 2.09691500663757 0.83284193277359 0.47489869594574 0.940814971923828 1.0799435377121 0.466035604476929 0.562338709831238 0.373150676488876 1.07610261440277 1.65229964256287 1.53424084186554 1.25324833393097 1.77436637878418 1.80319762229919 1.57553851604462 1.50214171409607 1.48949229717255 1.43707668781281 1.21093487739563 1.03462672233582 0.86843466758728
3.38397026062012 3.24838709831238 2.78351545333862 2.5473484992981 2.05705332756042 1.65772271156311 1.57808876037598 1.31960546970367 1.05385792255402 0.913359344005585 0.982395827770233 0.985536634922028 1.19161999225616 1.18547356128693 1.44969749450684 1.44203007221222 1.58882570266724 1.53930497169495 1.54649245738983 1.27559196949005 1.06629133224487 0.945793330669403 1.03431975841522 2.61816835403442 2.74040699005127 3.38806772232056 1.69527721405029 0.648651540279388 1.23911726474762 0.497558295726776 0.502675354480743 0.424856811761856 0.567556500434875 0.354336142539978 0.346959441900253 0.605890870094299 0.872780323028564 1.0220490694046 1.08936989307404 1.0207359790802 1.02774298191071 0.970399916172028 0.890796899795532 0.808498859405518 0.709136426448822
3.30455994606018 3.15822982788086 3.10422706604004 2.99399995803833 2.58542728424072 2.31949901580811 1.87172591686249 1.83185625076294 1.5057225227356 1.2121570110321 0.885144889354706 0.787627637386322 0.891369044780731 0.909801959991455 1.10365998744965 1.13307154178619 1.36548519134521 1.31158423423767 1.22754693031311 1.0800713300705 0.954378843307495 0.734355390071869 0.693013370037079 2.74251937866211 2.68756437301636 4.40411329269409 5.17370796203613 2.02534532546997 0.776819288730621 1.11629414558411 0.600044548511505 0.689406037330627 0.432886004447937 0.390429645776749 0.341396182775497 0.268644422292709 0.2163937240839 1.20593762397766 0.638275504112244 0.674310386180878 0.717018961906433 0.738835692405701 0.709869384765625 0.696703195571899 0.640442907810211
3.04684448242188 3.12046003341675 2.9935154914856 2.88316750526428 2.85705065727234 2.75158953666687 2.39338755607605 2.3045117855072 2.05416631698608 1.63607323169708 1.34215807914734 1.12528777122498 0.848895668983459 0.737967550754547 0.858816742897034 0.901036322116852 1.06341123580933 1.03701221942902 0.947908997535706 1.00105285644531 0.743561983108521 0.500416696071625 0.503775060176849 0.491371959447861 3.40855431556702 4.32471704483032 5.33235692977905 4.92704296112061 2.67780494689941 1.12331354618073 0.688685774803162 0.601415514945984 0.570352494716644 0.444070607423782 0.394965410232544 0.316630512475967 0.363142639398575 0.694787442684174 0.893818140029907 0.482314854860306 0.484403967857361 0.489278703927994 0.497919380664825 0.510907292366028 0.510782957077026
2.38611364364624 2.50004076957703 2.75986361503601 2.84659886360168 2.74902391433716 2.63611721992493 2.61862301826477 2.53101062774658 2.43485641479492 2.09945607185364 1.8912672996521 1.5473906993866 1.30136859416962 1.10425186157227 0.856988489627838 0.948285043239594 0.838710367679596 0.746227562427521 0.659790992736816 0.629674553871155 0.54700243473053 0.24254085123539 0.209340944886208 0.227345481514931 2.02524971961975 4.69145774841309 4.69039916992188 4.81316375732422 5.61645078659058 2.43068242073059 1.59415864944458 0.822969853878021 0.644885301589966 0.571666896343231 0.531164228916168 0.406148135662079 0.284102946519852 0.189588606357574 1.41384899616241 1.13748681545258 0.511559963226318 0.388264149427414 0.363026529550552 0.381575673818588 0.415990650653839
1.93660748004913 2.03221106529236 2.07815623283386 2.27143001556396 2.51578688621521 2.60915803909302 2.51132845878601 2.43175053596497 2.34169793128967 2.33586597442627 2.26891112327576 1.99464547634125 1.80938935279846 1.48870456218719 1.24209105968475 1.22549653053284 1.03295314311981 0.771429419517517 0.593474268913269 0.501362442970276 0.318298280239105 0.0211207643151283 -0.0686539933085442 0.00959665793925524 0.359714031219482 3.69206261634827 5.03153038024902 5.37080144882202 6.1618537902832 3.75761651992798 2.4789662361145 1.69654452800751 1.09893608093262 0.872473001480103 0.636010527610779 0.537055492401123 0.500763893127441 0.45631405711174 0.596854984760284 0.816518485546112 0.640667378902435 0.262624174356461 0.287909597158432 0.277848452329636 0.3368119597435
1.69144725799561 1.76525235176086 1.79172956943512 1.87456238269806 1.92434537410736 2.09276652336121 2.29951095581055 2.42958474159241 2.3472011089325 2.25246214866638 2.18002223968506 2.18531656265259 2.13590407371521 1.88158071041107 1.70623219013214 1.40886211395264 1.34736561775208 1.091832280159 0.920930087566376 0.64251035451889 0.307732790708542 -0.038794431835413 -0.174534901976585 -0.156708374619484 2.48268055915833 2.13310647010803 3.96297788619995 5.84153509140015 8.08828639984131 4.62865161895752 3.16366696357727 2.40208768844604 1.8538008928299 1.42700207233429 1.22241902351379 0.800129950046539 0.663794338703156 0.548714697360992 0.486523568630219 0.587235689163208 0.426217257976532 0.430818319320679 0.397413492202759 0.210991457104683 0.198397174477577
1.5657731294632 1.55323588848114 1.5815601348877 1.64880907535553 1.68415868282318 1.7698312997818 1.78755033016205 1.96810209751129 2.17492008209229 2.03993511199951 2.14519453048706 2.0989077091217 2.04003071784973 2.05661106109619 2.0039439201355 1.76665532588959 1.71673321723938 1.54717326164246 1.23633992671967 0.953596889972687 0.558665037155151 0.158359333872795 -0.106487564742565 0.141808092594147 2.93652486801147 2.77597808837891 3.66728949546814 5.65818643569946 8.27378463745117 5.41770792007446 3.82818126678467 2.8761670589447 2.39354181289673 1.98353898525238 1.7141660451889 1.31271183490753 0.989912211894989 0.703644990921021 0.63589483499527 0.531760275363922 0.470786392688751 0.439472496509552 0.270926862955093 0.302925378084183 0.25738999247551
1.47858786582947 1.46867763996124 1.50902235507965 1.48860132694244 1.50082576274872 1.53721463680267 1.48594081401825 1.51468479633331 1.65108013153076 1.60726726055145 1.71133780479431 1.89118897914886 2.00840950012207 1.96769416332245 1.91497397422791 1.93064165115356 1.88528454303741 1.8343962430954 1.58625984191895 1.31860911846161 0.889713168144226 0.548840224742889 0.26572385430336 0.0360697619616985 1.51422810554504 2.6834888458252 4.77522230148315 4.42565011978149 7.4574089050293 5.53098630905151 4.05786561965942 3.40945339202881 2.77035593986511 2.30666208267212 2.10248303413391 1.6849273443222 1.41763162612915 1.08437526226044 0.868125259876251 0.673819959163666 0.606151044368744 0.504642009735107 0.451031893491745 0.420914679765701 0.246108904480934
1.52309715747833 1.43454277515411 1.38693821430206 1.36743700504303 1.32557058334351 1.3343323469162 1.30394661426544 1.32228791713715 1.40053308010101 1.39973795413971 1.43602979183197 1.497438788414 1.59759140014648 1.76301062107086 1.88712286949158 1.85650277137756 1.80774855613708 1.75028681755066 1.74317276477814 1.63191366195679 1.29716968536377 1.0000776052475 0.649777173995972 0.362935245037079 1.05449604988098 2.02935981750488 3.84464287757874 5.7418966293335 7.15319299697876 5.197509765625 4.10999155044556 3.49019384384155 3.04195642471313 2.59590101242065 2.31548571586609 1.95103323459625 1.75544691085815 1.43372976779938 1.21658217906952 0.936307311058044 0.744982421398163 0.641692221164703 0.578318238258362 0.487618774175644 0.323645204305649
1.59183633327484 1.46985840797424 1.40145576000214 1.30459654331207 1.27164840698242 1.27190971374512 1.23344707489014 1.23919999599457 1.22805607318878 1.23804318904877 1.26574552059174 1.28818321228027 1.34862041473389 1.41744089126587 1.50695443153381 1.65383732318878 1.76139152050018 1.7023491859436 1.65604865550995 1.57376909255981 1.4946516752243 1.320969581604 1.04735743999481 0.862594187259674 0.992538928985596 2.56258749961853 3.39481115341187 5.31095933914185 5.65034914016724 5.07614660263062 3.99712944030762 3.39524960517883 3.04553031921387 2.58531188964844 2.3727879524231 2.12121987342834 1.90328204631805 1.63952600955963 1.48480534553528 1.25772845745087 1.06461071968079 0.889902949333191 0.756644070148468 0.634748220443726 0.404982775449753
1.5586131811142 1.53208684921265 1.48784804344177 1.37613451480865 1.31743454933167 1.22195208072662 1.18617212772369 1.19588434696198 1.17610442638397 1.17785549163818 1.13653886318207 1.15469193458557 1.20817017555237 1.22341012954712 1.28327214717865 1.27826929092407 1.38423645496368 1.51164448261261 1.45998680591583 1.54991674423218 1.47262382507324 1.31554210186005 1.23609733581543 1.16395998001099 0.920643925666809 2.26575493812561 2.90464973449707 3.64581871032715 4.031653881073 3.83157300949097 3.4689667224884 3.03368520736694 2.80109906196594 2.62119030952454 2.38994932174683 2.14459848403931 1.91926372051239 1.76554501056671 1.63181173801422 1.41574192047119 1.3057074546814 1.10352265834808 1.04433679580688 0.874661564826965 0.665266156196594
