slauniainen/Data/DEM/Vihti_dsm1500b_cl_horizonAngle_204.asc
NCOLS 196 
NROWS 178 
XLLCORNER 353680 
YLLCORNER 6699024 
CELLSIZE 16 
NODATA_value -3.4e+38 
[rows 80 to 99 of 178, columns 0 to 45 of 196]
3.23053789138794 3.30326199531555 2.32711386680603 2.33700752258301 3.03113913536072 1.65493011474609 4.35400629043579 3.87269616127014 3.37699604034424 4.44201707839966 1.07860016822815 3.62287831306458 3.91792893409729 4.49928092956543 3.8448793888092 4.20687484741211 26.8849830627441 3.60484051704407 3.42076396942139 3.44861507415771 3.15281319618225 2.45922040939331 2.27806806564331 2.29885911941528 1.87967550754547 1.64694499969482 0.374515801668167 1.36886060237885 0.21530357003212 0.926686704158783 0.815234780311584 0.810648381710052 0.0975759848952293 0.203251913189888 0.513070106506348 1.18380379676819 12.3498163223267 2.60276961326599 2.66990208625793 2.97515225410461 2.54782104492188 2.4296555519104 2.89505863189697 3.47160124778748 3.0378041267395 3.28798031806946
3.69630694389343 3.41216087341309 2.64962077140808 2.49588966369629 3.29950952529907 4.35163307189941 4.57531452178955 3.71415948867798 5.15814447402954 1.40945160388947 2.88781785964966 3.84337854385376 4.14179849624634 4.71482133865356 4.40573406219482 3.51334881782532 2.16994333267212 3.70497274398804 3.60118913650513 3.31204390525818 2.63708829879761 2.35340881347656 1.58885753154755 1.86905741691589 2.03695440292358 1.42090857028961 1.46356427669525 1.44081330299377 0.252432018518448 0.970807492733002 0.859108448028564 -0.291301339864731 -0.453013837337494 -0.584729850292206 0.0651736333966255 0.5470951795578 -0.386467486619949 0.563075065612793 2.28116989135742 2.86159825325012 3.31310153007507 2.97114324569702 4.76388120651245 3.35643291473389 3.31823492050171 3.20856547355652
1.92729473114014 3.93488955497742 3.03515553474426 2.69408655166626 3.53022503852844 5.07894897460938 4.49932098388672 3.95901250839233 5.91839075088501 1.50541436672211 3.76897192001343 4.43713903427124 4.3783278465271 4.96412134170532 4.68742227554321 3.65977096557617 3.82253646850586 3.67331552505493 3.73907256126404 3.42211151123047 2.70744872093201 2.49008941650391 1.68288326263428 1.95423531532288 1.99181997776031 0.468511134386063 1.59354412555695 0.345340251922607 0.293986707925797 1.04010200500488 0.917411386966705 -0.246129542589188 -0.393410295248032 -0.473034501075745 -0.474468737840652 0.955342590808868 1.42746305465698 1.79478800296783 1.85176706314087 2.3958215713501 2.98722767829895 3.35884380340576 2.26339745521545 3.09292817115784 3.39131689071655 3.05599093437195
1.68164229393005 2.18759727478027 3.19121527671814 4.09934663772583 5.2035984992981 5.50127935409546 4.35601091384888 7.37424373626709 1.66629898548126 3.41893649101257 4.46453762054443 4.79570293426514 5.40871238708496 4.4917459487915 4.92730903625488 3.61890053749084 3.95546102523804 3.92221641540527 3.59641623497009 2.87545466423035 2.5983874797821 1.7729184627533 2.00894832611084 2.08240604400635 1.67851376533508 1.79397857189178 1.67395186424255 0.383788585662842 1.18519341945648 1.08543634414673 -0.110903903841972 -0.21672135591507 -0.352831274271011 -0.509083211421967 0.503023028373718 1.01190185546875 1.82668507099152 1.73193824291229 1.92999970912933 1.98529946804047 2.19530177116394 3.16419243812561 3.07080912590027 3.69703435897827 3.3214955329895 3.47895383834839
1.22401583194733 1.85720813274384 2.71889185905457 4.41874933242798 6.05162906646729 5.35950613021851 4.57923126220703 8.79886341094971 1.78246414661407 4.46199893951416 5.2456488609314 5.14055013656616 5.81820631027222 5.38166189193726 4.19316244125366 4.12019920349121 3.98829507827759 4.11827850341797 3.76926946640015 2.97789216041565 2.73171734809875 1.85369038581848 2.20549321174622 2.08234357833862 0.543818533420563 1.97627604007721 0.480183333158493 0.406959623098373 1.233558177948 1.1442494392395 -0.124890871345997 -0.210428461432457 -0.341618001461029 -0.487846553325653 1.07460033893585 1.52319943904877 1.87109959125519 1.88974750041962 1.97959458827972 1.96420276165009 2.03897070884705 2.6316921710968 3.12840414047241 3.70053839683533 4.95920515060425 6.54035139083862
0.935781598091125 2.61472344398499 4.65957593917847 2.23369312286377 6.45372867584229 5.43400812149048 11.9871740341187 7.2227463722229 4.00532913208008 5.08759069442749 5.56089544296265 6.31252098083496 5.32645177841187 5.8286509513855 4.29889440536499 4.36320829391479 4.2941517829895 3.95863652229309 3.24057388305664 2.89933156967163 1.93801474571228 2.17687058448792 2.31531310081482 1.78754150867462 1.99965608119965 2.09197402000427 0.562159657478333 1.37193787097931 1.26723182201385 0.108121767640114 -0.0492319911718369 -0.225696921348572 -0.339086502790451 0.649103581905365 1.13805615901947 1.96922194957733 1.82770752906799 2.02577471733093 2.03112053871155 1.992919921875 2.04847192764282 2.28621864318848 3.1571729183197 3.47893738746643 2.94409227371216 6.80773019790649
1.2970335483551 2.8374285697937 5.49814939498901 6.81071662902832 7.01984310150146 5.67140436172485 16.8712387084961 1.98316013813019 5.14744567871094 6.02087640762329 5.91110992431641 6.78120374679565 6.41727685928345 5.14205169677734 4.75707387924194 4.5209641456604 4.49903726577759 4.05342721939087 3.34074854850769 3.0897262096405 2.06354856491089 2.29378652572632 2.4497697353363 0.544372081756592 2.12611627578735 0.897281110286713 0.629230499267578 1.45045387744904 1.32281613349915 -0.0813522636890411 -0.146570384502411 -0.265111774206161 -0.355701118707657 1.27564179897308 1.71927356719971 2.04010200500488 2.01585340499878 2.07428193092346 2.08629989624023 2.05423712730408 2.25051283836365 3.13587546348572 3.46531295776367 3.37375569343567 6.92553186416626 6.62393140792847
3.36651229858398 6.74300527572632 2.37843036651611 7.91929388046265 7.25348329544067 34.3270645141602 9.55818843841553 4.82687759399414 5.98908185958862 6.50599765777588 7.35643005371094 6.09773969650269 6.88814210891724 5.15509033203125 4.96954774856567 4.68998193740845 4.77309608459473 4.33500480651855 3.22249269485474 2.16126585006714 2.45149040222168 2.66837596893311 2.43997764587402 1.90191745758057 2.22867035865784 0.789616286754608 1.71295833587646 1.53549122810364 0.0161633510142565 -0.0935551896691322 -0.169991597533226 -0.266930490732193 0.861096382141113 1.36447131633759 2.2151882648468 1.99317526817322 2.17262411117554 2.17194771766663 2.07313394546509 2.09002709388733 2.28986835479736 3.18919658660889 3.51234936714172 3.15281224250793 7.2719898223877 8.02123069763184
4.43995571136475 10.5246315002441 9.08673000335693 10.0591564178467 6.95623016357422 4.72415637969971 2.34652853012085 6.21510028839111 7.31238508224487 7.02969264984131 8.04715728759766 7.4260196685791 5.90656852722168 5.33114004135132 5.23097133636475 5.14612340927124 4.67556047439575 3.85241842269897 3.40839815139771 2.27696132659912 2.51708054542542 2.81745004653931 2.10794353485107 2.33619165420532 2.34877038002014 0.801325857639313 1.83405184745789 1.64853966236115 0.00703637534752488 -0.0769669339060783 -0.204879283905029 -0.288692682981491 0.909650683403015 1.65843462944031 2.31393575668335 2.20081090927124 2.23661613464355 2.2417266368866 2.15433788299561 2.35171914100647 3.26419472694397 3.54197025299072 3.39159512519836 7.68818521499634 7.29912614822388 8.40663051605225
23.1420783996582 4.4567403793335 11.2819404602051 14.2444744110107 12.5157146453857 13.9671573638916 2.69092035293579 7.16094589233398 8.00991249084473 8.83384704589844 7.10977745056152 8.02607345581055 5.9881534576416 5.85841274261475 5.62973165512085 5.74311637878418 5.19680595397949 4.03531122207642 3.65843987464905 2.7213249206543 2.95707774162292 2.82099962234497 0.633279919624329 2.47848010063171 0.766999006271362 1.94509315490723 1.91841971874237 0.146585196256638 0.00860183499753475 -0.0840498879551888 -0.198329627513885 -0.281558901071548 1.62938988208771 2.1395149230957 2.4208288192749 2.29138970375061 2.39851069450378 2.22947287559509 2.21480703353882 2.42628502845764 3.35857653617859 3.63442778587341 3.19619870185852 8.11617469787598 8.85255432128906 8.01391983032227
0.640543341636658 15.8643865585327 30.3432655334473 8.01555061340332 15.2333726882935 2.79814505577087 6.76546478271484 7.84234428405762 8.80638313293457 9.61287212371826 8.80392932891846 6.93708896636963 6.42150115966797 6.3682541847229 6.38899278640747 5.85651159286499 4.67185592651367 4.00409555435181 2.56668496131897 2.91717672348022 3.36639714241028 2.51727271080017 2.78722214698792 2.72329616546631 0.81999146938324 2.03169512748718 1.99642288684845 0.122502751648426 0.0184318982064724 -0.117406375706196 -0.216109842061996 1.10903525352478 1.70846450328827 2.68396711349487 2.42086267471313 2.52912974357605 2.50984239578247 2.31304335594177 2.57464575767517 3.5293025970459 3.78945469856262 3.55365085601807 8.81577587127686 8.21102714538574 9.34584903717041 11.1117897033691
15.6169786453247 22.1089668273926 6.21213102340698 11.9427042007446 26.1312675476074 3.56097006797791 8.68153762817383 10.2671098709106 9.4183521270752 10.5726413726807 9.50454998016357 6.93703126907349 6.86966037750244 6.65593767166138 6.84216833114624 6.27365207672119 4.82018327713013 4.3177604675293 2.79756879806519 3.78224062919617 3.41973423957825 0.73490446805954 3.01410388946533 0.938678801059723 0.968071520328522 2.17316198348999 1.99247741699219 1.23564910888672 0.244655892252922 -0.107006832957268 -0.165536940097809 1.90989661216736 2.46009635925293 2.79796504974365 2.70781016349792 2.82212853431702 2.49834680557251 2.45531511306763 2.69495344161987 3.66733074188232 3.937091588974 3.36598706245422 9.52864456176758 10.1705474853516 9.14383411407471 12.8220863342285
31.5665950775146 24.6850719451904 15.2731704711914 47.6424255371094 3.75526237487793 9.23051643371582 10.0157356262207 11.7114763259888 12.4813861846924 9.44444561004639 10.395191192627 7.42676401138306 7.38385581970215 7.38105249404907 6.78206300735474 5.46634817123413 4.85404109954834 3.07407760620117 3.36567163467407 4.09035348892212 3.01543855667114 3.40061855316162 3.26923632621765 1.13458478450775 2.43264198303223 2.30409073829651 0.161935240030289 0.0362029299139977 0.0118845291435719 0.853710472583771 1.33981287479401 1.99167811870575 3.03379154205322 2.78536415100098 2.97011566162109 3.01237535476685 2.65835475921631 2.97231817245483 3.96541142463684 4.18670177459717 3.86648368835449 3.20757555961609 10.3615436553955 10.9291715621948 16.8099155426025 12.249249458313
9.66978454589844 21.5046329498291 20.4682731628418 -0.554031848907471 5.94316244125366 12.0039234161377 14.3955221176147 12.5999250411987 14.1716136932373 12.2913188934326 8.97148704528809 8.13712501525879 7.69616031646729 7.96168279647827 7.3231406211853 5.59723424911499 5.18597888946533 3.37220764160156 4.57417583465576 4.0736665725708 0.825273633003235 3.64051008224487 1.13209319114685 1.28663921356201 2.50067067146301 2.35190868377686 0.118690803647041 0.0706444531679153 -0.0708490833640099 -0.114147812128067 2.21889042854309 2.81595253944397 3.15477633476257 3.08710932731628 3.31092524528503 3.14655303955078 2.84699773788452 3.15665078163147 4.18089246749878 4.40048170089722 3.68342924118042 12.066294670105 11.0275802612305 11.907525062561 22.5539360046387 23.1476497650146
-0.45585560798645 22.6154518127441 9.69642639160156 5.52354383468628 14.9814825057983 14.3000516891479 17.1218185424805 17.3453845977783 12.5877523422241 14.0080528259277 9.43655014038086 8.58511734008789 8.52469825744629 7.97542858123779 6.36745643615723 5.6458683013916 3.67956304550171 4.07453346252441 5.21034955978394 3.72387886047363 4.34729146957397 3.98880696296692 1.38730382919312 2.73357152938843 2.54898524284363 0.184736356139183 0.107038900256157 0.107329465448856 -0.0481938049197197 1.57756590843201 2.2727906703949 3.4308648109436 3.14943981170654 3.33674716949463 3.46331787109375 3.04053282737732 2.9621844291687 3.3488302230835 4.41798496246338 4.62840509414673 3.71264266967773 13.601767539978 13.8790798187256 42.5401306152344 31.7719497680664 46.5111045837402
-0.450399070978165 -0.300859004259109 5.67084074020386 12.7884864807129 20.3008213043213 22.8888645172119 18.0758857727051 20.617696762085 17.3772106170654 12.2467107772827 10.9060106277466 9.61929798126221 9.31871795654297 8.65758514404297 6.47057580947876 6.08096981048584 3.96147394180298 4.33595561981201 5.85706090927124 1.29559409618378 4.79895734786987 1.29121446609497 1.5517909526825 2.85214233398438 2.72110891342163 0.139418721199036 0.096305713057518 0.112834580242634 0.283245623111725 2.57641220092773 3.22898817062378 3.55635118484497 3.49073314666748 3.45783805847168 3.62144255638123 3.17261624336243 3.68296790122986 4.87747240066528 5.10797309875488 4.58543634414673 16.844877243042 15.3143749237061 15.6754951477051 5.35038995742798 34.6730880737305 10.4142847061157
0.377116829156876 0.1644147336483 3.05497360229492 28.4952945709229 25.9337882995605 31.2982921600342 27.8200244903564 18.6928577423096 20.9219207763672 14.0235042572021 11.3717889785767 10.8742427825928 10.3353319168091 9.51596164703369 6.53809595108032 4.20422887802124 4.75704431533813 6.79036378860474 5.86959838867188 4.50812816619873 5.25112295150757 1.74768030643463 3.26448249816895 3.11866593360901 1.41835498809814 0.134779319167137 0.057261623442173 0.387101918458939 1.84555041790009 2.6916172504425 3.90443444252014 3.61882138252258 3.7928249835968 4.03976917266846 3.4017276763916 3.27689862251282 3.83831167221069 5.10784530639648 5.38697290420532 4.40094041824341 20.0976619720459 19.2833614349365 18.5467338562012 6.88947200775146 1.36802291870117 1.34089684486389
0.638878166675568 0.280249208211899 9.46321296691895 14.7688274383545 52.5073432922363 33.3038101196289 37.0993804931641 27.8001613616943 19.0787754058838 16.6645469665527 13.2054100036621 12.2633047103882 10.9450025558472 8.17813682556152 7.02675437927246 4.50817060470581 5.14790868759155 7.77402210235596 5.31581449508667 6.58226108551025 5.67551565170288 1.95668470859528 3.53988766670227 3.40161442756653 1.45613467693329 1.0271338224411 1.03662824630737 0.302192091941833 1.91600811481476 3.0032696723938 4.0909571647644 3.89562368392944 3.97140145301819 4.31258487701416 3.56512570381165 4.22800636291504 5.57553911209106 5.87640523910522 5.28246212005615 27.7464981079102 25.2896862030029 25.3533363342285 18.3267021179199 8.78237438201904 0.429302453994751 6.20643281936646
1.04052519798279 23.1239356994629 0.996581971645355 10.8413019180298 5.48689603805542 58.399845123291 33.4913024902344 37.2248992919922 26.55588722229 16.6676063537598 16.0599498748779 13.7730484008789 12.5489492416382 8.40659713745117 7.81753253936768 5.46713209152222 9.37232112884521 7.58885478973389 1.37875533103943 7.25731134414673 2.04389643669128 4.0383472442627 3.92145156860352 1.53546035289764 1.32534718513489 1.05186772346497 1.05294847488403 0.107889540493488 3.12472319602966 3.93777871131897 4.29628276824951 4.28025484085083 4.94155073165894 3.87225556373596 3.716721534729 4.4505729675293 5.82321214675903 6.1524658203125 4.95552062988281 36.0231399536133 33.1388130187988 33.4676933288574 19.4375801086426 16.4064788818359 14.173677444458 23.6176738739014
1.18019902706146 0.40931561589241 0.994546890258789 -0.793933153152466 -1.06878352165222 -1.49220395088196 56.7032890319824 46.1194839477539 30.502347946167 21.8612289428711 18.2179222106934 15.559308052063 11.0686063766479 9.09493923187256 5.29843807220459 6.36627817153931 11.0788326263428 6.53312826156616 8.51550388336182 7.51230525970459 2.63625168800354 4.44352293014526 4.3121337890625 1.59964621067047 1.30014228820801 1.11145639419556 0.671589732170105 2.20751857757568 3.26583623886108 4.75507116317749 4.36420917510986 4.60416603088379 5.30269527435303 4.2814154624939 5.07568264007568 6.5488452911377 6.78728580474854 5.90972375869751 57.7180595397949 54.7799339294434 55.5864486694336 33.0251655578613 17.2154102325439 22.1499996185303 4.94498825073242 20.0797672271729
