slauniainen/Data/DEM/Vihti_dsm1500b_cl_horizonAngle_186.asc
NCOLS 196 
NROWS 178 
XLLCORNER 353680 
YLLCORNER 6699024 
CELLSIZE 16 
NODATA_value -3.4e+38 
[rows 0 to 19 of 178, columns 0 to 45 of 196]
7.189347743988040 24.5157108306885 40.4401359558105 45.9650344848633 27.4116992950439 10.3118419647217 9.15632820129395 7.7580361366272 -1.50036215782166 -3.26471352577209 9.47332382202148 -3.26579117774963 4.43587255477905 24.5250282287598 5.10858154296875 21.1380596160889 1.05400598049164 0.5691077709198 3.19857287406921 0.027484679594636 4.45852088928223 11.1095266342163 15.9902029037476 13.0717897415161 17.2478694915771 7.11017465591431 5.95817089080811 6.17079973220825 6.86036968231201 4.15383338928223 12.9355506896973 4.5633020401001 4.127516746521 0.0237846970558167 1.74578595161438 -0.465215593576431 -1.19045281410217 12.5234088897705 13.332465171814 12.4651002883911 9.52640724182129 0.671935200691223 15.287410736084 0.653953492641449 1.42857623100281 2.18680620193481
-0.775875151157379 6.03942966461182 -0.75922429561615 6.82610034942627 46.1026916503906 12.910834312439 16.383731842041 26.5040283203125 0.155339419841766 -1.2193216085434 -3.39703464508057 -3.04858684539795 13.4033317565918 -0.736130356788635 11.6897249221802 -0.354843556880951 2.19362568855286 1.46549296379089 0.428108423948288 -0.0452065281569958 8.59707736968994 8.00003814697266 10.1740627288818 9.92378902435303 29.2001953125 5.82575654983521 5.1192102432251 18.9601669311523 12.5042343139648 8.18996238708496 8.38478946685791 9.24777793884277 7.17504024505615 2.97734236717224 10.7923622131348 0.169874504208565 -0.320514053106308 1.54394829273224 -0.405591398477554 -0.573540389537811 0.283969193696976 0.96853506565094 0.654839158058167 2.85880351066589 4.83938694000244 4.36613416671753
12.7210369110107 9.95243549346924 9.14853286743164 -3.33632826805115 5.9813117980957 16.963005065918 1.57444846630096 44.2515068054199 10.1877241134644 -2.76139998435974 41.195858001709 -2.17140817642212 20.8372669219971 0.353971868753433 9.44798183441162 6.92846298217773 4.85480308532715 2.46968650817871 0.531119167804718 1.01493096351624 2.12023711204529 13.2474594116211 1.85484099388123 14.1265344619751 5.78006076812744 10.6587438583374 16.9992771148682 20.7784576416016 14.0136489868164 1.20784604549408 1.51173913478851 1.68685340881348 1.19144558906555 15.7763814926147 -0.663303375244141 14.726056098938 3.81125330924988 -0.353435337543488 2.33326244354248 0.107901215553284 0.919937491416931 1.38092088699341 1.51504254341125 4.95848417282104 5.42964696884155 7.94614601135254
18.3858489990234 14.1403589248657 12.6844549179077 0.146466255187988 11.2187938690186 25.4228973388672 -2.76377725601196 24.1287994384766 2.92328715324402 1.03546333312988 -2.47260499000549 9.3701171875 -1.57339596748352 1.12251114845276 -0.617434501647949 1.02684533596039 5.21682691574097 4.49496603012085 1.0431056022644 0.906924188137054 7.29058218002319 -0.489464908838272 4.05541706085205 10.2542524337769 5.68666076660156 12.5869674682617 5.82087182998657 2.15591168403625 1.53232073783875 1.54471004009247 2.42266845703125 2.95230555534363 0.995348751544952 0.182823076844215 3.35412740707397 -0.26146399974823 -0.187652543187141 -0.256611198186874 8.32271099090576 5.87067461013794 2.17155838012695 1.95880329608917 4.61857080459595 6.47233724594116 7.92645502090454 8.53411483764648
28.747407913208 21.6041584014893 18.3871841430664 -1.43457233905792 -3.23003458976746 44.9166030883789 0.416043519973755 -2.59089660644531 3.02188682556152 1.84384405612946 -2.35743761062622 12.2939796447754 16.8827781677246 8.12300682067871 1.62532377243042 2.42532825469971 7.90253877639771 6.33502912521362 1.95938980579376 0.72077864408493 -0.616326093673706 -0.0946444794535637 10.7731313705444 4.99993944168091 6.30524349212646 8.67954063415527 4.30100917816162 4.14214134216309 5.33099985122681 6.69999599456787 2.83373522758484 5.45058345794678 1.48826122283936 1.99147605895996 4.64219617843628 3.63764429092407 -0.338488280773163 0.582831680774689 0.696902990341187 1.10135746002197 2.57853436470032 3.70896315574646 5.67251825332642 9.17850399017334 8.5842399597168 9.45645046234131
50.4923095703125 41.9637451171875 36.2479362487793 -0.624319970607758 -0.139341041445732 5.66268873214722 1.13711500167847 1.22498261928558 3.24803471565247 2.32390713691711 18.2171421051025 19.6207389831543 27.8402900695801 21.0714931488037 5.61007738113403 3.70125579833984 20.0920658111572 12.6377811431885 5.92069292068481 3.23463153839111 -0.108992010354996 14.5564060211182 3.8783586025238 -1.70413899421692 -2.71604752540588 -1.60153806209564 4.41163396835327 3.93497848510742 8.70464134216309 1.71019375324249 3.51624631881714 4.40071582794189 2.79986786842346 2.14910626411438 1.79672205448151 -0.0410888157784939 0.0361052788794041 5.2676854133606 2.31060218811035 2.80590987205505 5.06861543655396 5.65264368057251 10.1660861968994 9.80457305908203 9.45174121856689 10.2851715087891
-3.56774425506592 -3.14513492584229 -2.64357566833496 -0.414159923791885 -2.99244856834412 -2.77477359771729 2.57332897186279 -2.21158671379089 3.62286806106567 2.60839533805847 29.4043025970459 29.0111618041992 6.16583156585693 12.0974807739258 18.4346446990967 4.72823190689087 2.52927541732788 16.2781219482422 12.0055513381958 1.61136829853058 0.509062826633453 -0.4242884516716 10.636604309082 0.878939986228943 3.05062651634216 0.616245090961456 5.18503475189209 6.4741153717041 3.77916693687439 8.57624244689941 3.36090636253357 4.96680021286011 2.53546023368835 5.26127004623413 7.7837061882019 3.81091022491455 1.96351611614227 1.64850246906281 2.59398102760315 3.39150142669678 21.0669002532959 5.68689966201782 11.6213235855103 10.8893985748291 10.2796583175659 15.8968343734741
-2.17285251617432 21.3211059570312 4.69215154647827 3.45392036437988 6.34377336502075 -1.52044284343719 0.48812672495842 0.151047125458717 4.29340410232544 4.59675550460815 48.3975448608398 47.1627960205078 1.34576606750488 4.26013946533203 3.34255266189575 18.5444717407227 6.60735177993774 0.74538779258728 2.08277058601379 1.84027802944183 0.654832482337952 -0.0363803803920746 -1.64306473731995 5.51835918426514 5.31748962402344 -1.27658605575562 8.15215969085693 1.27421844005585 0.948432385921478 2.29829740524292 4.56540393829346 9.09311294555664 7.82073974609375 6.54700040817261 11.9724903106689 6.1012077331543 4.26778984069824 4.3924388885498 5.2649097442627 4.44006729125977 4.88067102432251 19.4718055725098 17.1737537384033 12.3402862548828 11.5539255142212 17.7310314178467
1.15861368179321 41.795280456543 9.89325141906738 7.33050203323364 14.2241039276123 -0.310275256633759 12.1873502731323 3.7921028137207 5.06978559494019 6.11882352828979 -1.93011450767517 -1.26069843769073 20.5545539855957 4.52515554428101 8.29685688018799 9.55152416229248 10.7907676696777 6.39663791656494 7.0213508605957 8.94756126403809 2.41299986839294 -0.0647612810134888 3.00886368751526 1.45212602615356 -3.58133697509766 3.99277472496033 1.75628638267517 2.76013898849487 2.66134452819824 6.91154909133911 5.53461933135986 2.90442085266113 10.5125312805176 20.592472076416 22.9831962585449 19.8073577880859 6.61786937713623 6.3615083694458 9.56704616546631 6.77704524993896 39.1637268066406 38.8561897277832 23.6282081604004 13.0410203933716 13.1577453613281 27.628870010376
-2.96080350875854 -1.82451236248016 21.589075088501 18.6260662078857 31.4574337005615 7.46007585525513 17.0717449188232 4.58788251876831 5.88811922073364 9.08198070526123 17.7423038482666 19.7258396148682 24.1585063934326 23.9735736846924 5.86464786529541 14.3928480148315 14.6951513290405 14.257604598999 2.00995469093323 2.20495057106018 2.4602062702179 0.530727386474609 -1.10694074630737 -2.68726420402527 3.63695859909058 -2.03308939933777 3.18917655944824 5.47973299026489 4.99785995483398 3.16130900382996 5.71944379806519 3.6598265171051 2.42882323265076 5.04875087738037 3.13458824157715 4.43256521224976 7.2130012512207 9.70488548278809 11.3990297317505 6.83879423141479 9.3509349822998 6.5605525970459 10.0357847213745 19.1962471008301 19.9438228607178 46.3212280273438
2.76602911949158 0.754035413265228 1.31772708892822 -0.32372310757637 -1.73057520389557 18.3216762542725 25.336353302002 3.71727299690247 6.81366872787476 15.346884727478 -1.31517791748047 1.91911005973816 5.95284175872803 7.03368806838989 11.3542051315308 25.9606552124023 28.4343166351318 17.9244651794434 6.18966579437256 7.50418663024902 2.97660541534424 2.02916932106018 -0.0202843826264143 -0.495301723480225 -1.82073163986206 -1.46669864654541 -2.96421313285828 20.6570529937744 10.994517326355 3.61016201972961 6.89846277236938 13.062876701355 4.02426147460938 2.38662934303284 4.76268768310547 4.49584007263184 7.45941543579102 7.58273077011108 13.3551206588745 11.8202686309814 7.26847410202026 6.96112871170044 12.7408351898193 38.1259918212891 36.0206489562988 8.09531211853027
-2.47850871086121 3.10410523414612 6.17697620391846 4.48511505126953 1.82817888259888 -1.20016586780548 43.5241966247559 8.66010284423828 5.15082406997681 1.71065557003021 3.03912615776062 12.2277278900146 21.3051300048828 7.37916421890259 25.6963920593262 43.0478668212891 34.4913864135742 18.7758769989014 12.6835641860962 32.5041923522949 21.8270626068115 10.3772993087769 4.77715396881104 0.247211888432503 -0.775522470474243 -1.1358894109726 -2.49932456016541 -1.74074029922485 2.48755884170532 6.12835884094238 15.4701862335205 5.73734283447266 5.79193210601807 6.47196006774902 6.84394550323486 8.61414909362793 10.5944395065308 18.5397796630859 18.4879951477051 16.258150100708 24.9284896850586 11.3865833282471 13.4187211990356 11.6083278656006 16.5781192779541 10.1541919708252
0.0804841667413712 4.22923374176025 7.94375610351562 4.31698656082153 5.96480226516724 -0.332746207714081 -1.76961386203766 13.2849674224854 6.89568853378296 6.38518142700195 7.86664247512817 16.3756370544434 30.9303302764893 33.121826171875 16.1115474700928 17.919734954834 21.7606716156006 19.4805679321289 15.1191139221191 6.76899003982544 4.88356351852417 13.8671083450317 6.96509695053101 3.31518197059631 26.1733551025391 3.17054653167725 -1.24005663394928 0.780054092407227 3.5057361125946 4.77131414413452 16.9863395690918 19.4097518920898 7.24175930023193 11.1863803863525 14.6112880706787 8.06506824493408 13.0195560455322 20.2325077056885 44.6179275512695 20.0452461242676 43.320556640625 28.9569396972656 16.5101890563965 13.5950565338135 12.5320882797241 11.3589468002319
28.4647560119629 10.3715581893921 11.3879699707031 7.46182441711426 4.84996700286865 4.37006759643555 3.30562782287598 19.5778350830078 8.51088809967041 7.62327194213867 11.1998662948608 25.4637622833252 50.1435928344727 52.1020088195801 20.2903957366943 22.4033184051514 30.6722316741943 22.9235019683838 31.5988712310791 14.8541688919067 10.6671361923218 3.50450348854065 9.4743709564209 6.04079532623291 -0.472794830799103 5.01175546646118 24.3738346099854 15.1189193725586 19.8401927947998 25.0735969543457 4.60733079910278 8.11472034454346 12.779221534729 16.4894504547119 8.31409931182861 7.59150791168213 14.8363838195801 21.5259227752686 12.7554378509521 20.2613487243652 10.4163751602173 14.482439994812 16.4540863037109 13.1036758422852 16.8346843719482 15.5174026489258
-0.572780251502991 14.370436668396 23.8843383789062 17.0790596008301 2.36814975738525 6.77487850189209 -0.106347061693668 34.8629035949707 11.2838745117188 11.4678087234497 16.4584560394287 44.948371887207 4.02872943878174 1.31636786460876 14.9153175354004 16.0444965362549 7.16865015029907 18.6119117736816 20.0074806213379 41.8951835632324 14.5881252288818 10.9917793273926 5.4089412689209 7.28425979614258 4.15921449661255 -0.124041266739368 -3.00229907035828 3.23179936408997 5.12498331069946 6.33377981185913 17.5098533630371 9.11695861816406 21.755802154541 20.5426025390625 24.0675468444824 9.01595783233643 5.05838775634766 37.625804901123 16.9802398681641 25.0496845245361 15.9188175201416 26.6619548797607 20.7685127258301 18.4810180664062 34.9675712585449 32.756290435791
2.76088643074036 20.7002296447754 2.86253881454468 0.214354917407036 -0.515159487724304 10.8746213912964 0.241539284586906 -1.24280226230621 17.2317638397217 21.9785442352295 31.677827835083 10.4956512451172 -2.03953456878662 11.4732904434204 14.7124900817871 6.54727268218994 1.56664061546326 4.08989238739014 13.3105554580688 5.79041814804077 22.7944526672363 11.8068370819092 14.5015230178833 5.75899696350098 0.193444922566414 0.127508223056793 -2.82236242294312 -2.93632578849792 6.672523021698 16.3226699829102 5.86688995361328 15.6684904098511 4.6031665802002 5.97611808776855 13.3588628768921 6.25306940078735 8.47842788696289 13.0434160232544 18.3449153900146 25.2775402069092 15.7671613693237 17.973445892334 32.2063903808594 41.5344085693359 49.652717590332 48.5428695678711
6.43188238143921 22.0463829040527 -1.41808664798737 -1.12013554573059 0.489724904298782 21.5640888214111 15.4368810653687 16.5113620758057 15.8865566253662 -0.771321654319763 4.61722326278687 -1.75972318649292 -1.10427570343018 0.553460359573364 3.06833720207214 -1.00462698936462 1.08335745334625 6.29438734054565 14.4034471511841 13.7106666564941 24.4055480957031 21.2765998840332 19.0203113555908 6.57944250106812 0.280516237020493 8.63416385650635 -2.63121771812439 -3.35550165176392 -3.62025928497314 -4.54179430007935 6.94098711013794 1.72813105583191 5.66654109954834 16.2828750610352 1.07303106784821 6.48674392700195 20.5184745788574 0.115675926208496 9.2696008682251 3.07969164848328 8.20614147186279 5.13942909240723 28.3190422058105 24.7447299957275 4.83645009994507 4.86498594284058
18.4630031585693 -0.174941763281822 -0.148079380393028 -0.581683397293091 0.582751393318176 0.027240501716733 0.347511112689972 -1.05529820919037 -1.00151658058167 -0.391989767551422 7.36062526702881 0.0973646268248558 0.546472311019897 3.11244225502014 10.3364534378052 9.23544406890869 -1.41113221645355 9.07845115661621 4.78352165222168 6.84475994110107 8.6594352722168 29.0946083068848 28.4304485321045 11.3209733963013 6.94097757339478 -1.33937776088715 3.01016044616699 -3.05924153327942 -2.55562496185303 0.00275393226183951 -2.15735983848572 -1.48302733898163 -2.61798095703125 -1.29207456111908 2.26851296424866 12.2670583724976 5.30811262130737 4.15478992462158 3.11597490310669 4.5088939666748 8.68856716156006 0.930976688861847 -3.05882835388184 7.0241551399231 -1.09124660491943 8.51782512664795
31.2373390197754 10.814377784729 8.69271087646484 0.1443952023983 0.637643039226532 0.449768662452698 0.995575368404388 -0.401660650968552 0.0296576116234064 0.0263102352619171 11.110068321228 3.60533380508423 -0.812423884868622 9.60516262054443 16.0201416015625 5.49441337585449 0.834672033786774 -0.470316261053085 -2.61406254768372 3.89785218238831 9.37173938751221 6.6156587600708 18.2836589813232 11.8001127243042 8.28597450256348 7.27929353713989 -1.41341841220856 -2.88528537750244 -3.52140974998474 5.60785961151123 10.2951040267944 5.75982046127319 9.52287864685059 -3.75652647018433 -4.17574596405029 0.774381577968597 2.90181660652161 -3.79891657829285 6.14808034896851 1.53964567184448 27.3980979919434 -0.57985782623291 2.5398485660553 -1.72243714332581 1.22598481178284 10.7046012878418
2.89018511772156 14.1241064071655 4.2596435546875 0.679543972015381 0.80469286441803 0.917067646980286 1.19034337997437 0.0437046363949776 0.0434124320745468 0.066472090780735 27.1526889801025 25.0273704528809 9.03384876251221 -1.22414481639862 -3.31423377990723 -1.77271330356598 12.5697755813599 0.315786510705948 0.739539980888367 6.49792098999023 -1.73460698127747 -2.12907409667969 -4.2461142539978 5.29805469512939 21.1845607757568 17.1802368164062 7.81299829483032 -2.87203192710876 -3.46026349067688 -4.35198402404785 6.2114052772522 10.1695528030396 -2.58037495613098 5.06393146514893 8.52885246276855 0.323501646518707 7.40995454788208 -0.261244714260101 21.5005779266357 -2.19569373130798 3.46900987625122 -1.0101021528244 -2.84548616409302 1.39996743202209 5.93376159667969 -5.5557279586792
