slauniainen/Data/DEM/Vihti_twi_16m.asc
ncols         196
nrows         178
xllcorner     353680
yllcorner     6699024
cellsize      16
NODATA_value  -9999
[rows 30 to 59 of 178, columns 0 to 67 of 196]
-9999 -9999 -9999 -9999 -9999 -9999 -9999 -9999 -9999 -9999 -9999 -9999 -9999 -9999 -9999 -9999 -9999 -9999 -9999 4.942933 4.885408 4.837915 4.882984 4.368646 4.679277 5.59451 6.796948 11.15737 6.157603 4.703122 4.464044 6.060837 8.121286 9.07792 8.384072 5.537937 5.242684 5.720706 6.435052 4.565283 5.392044 5.655414 5.081596 5.339138 5.418227 5.933351 7.321172 9.568677 5.409325 4.660477 4.711626 5.299339 7.314921 4.921365 4.561651 4.758424 4.695444 5.160175 5.803604 6.403906 6.469556 7.982724 8.668932 9.435392 6.832391 7.18909 6.401041 6.430454
-9999 -9999 -9999 -9999 -9999 -9999 -9999 -9999 -9999 -9999 -9999 -9999 -9999 -9999 -9999 -9999 -9999 -9999 5.006151 4.863068 4.928167 4.844343 4.890023 4.674951 5.520906 6.425034 4.996087 6.287252 9.827707 5.196124 4.865416 4.975294 6.50602 9.684874 8.270474 6.236978 5.784426 6.305764 5.998036 4.747533 4.696662 5.72376 5.455325 5.593971 5.70518 6.27408 9.16752 7.468077 5.205781 5.388726 5.428033 5.746014 5.715161 5.596863 4.983784 4.781448 4.705564 4.77678 4.636996 4.691352 5.23542 4.810086 4.726728 7.979928 10.1926 6.560584 7.637887 7.383447
-9999 -9999 -9999 -9999 -9999 -9999 -9999 -9999 -9999 -9999 -9999 -9999 -9999 -9999 -9999 -9999 -9999 -9999 4.941577 4.992305 4.648554 5.192941 5.175184 4.620445 5.655756 6.746862 5.005194 4.487752 4.56507 9.033083 5.359498 4.768797 4.780716 9.354538 6.44547 5.901924 5.981176 6.692269 6.143594 5.234066 5.136012 5.499644 6.027195 5.924298 6.040663 6.223961 9.083462 5.349362 5.014765 4.939415 5.680316 5.105124 5.303848 4.667027 4.60947 4.841876 5.021261 5.04844 5.12628 4.988064 4.579613 5.103909 4.621599 5.382696 7.671555 10.18783 10.43175 11.28146
-9999 -9999 -9999 -9999 -9999 -9999 -9999 -9999 -9999 -9999 -9999 -9999 -9999 -9999 -9999 -9999 5.491636 5.321203 5.127443 4.826903 4.952889 5.222117 5.375796 4.944733 5.526133 6.942342 5.091961 4.312146 4.330961 4.597444 8.742597 5.045522 5.02492 8.91158 5.40874 5.778781 5.981734 6.915133 6.195589 5.590356 4.653052 5.337368 5.94789 6.220914 6.421741 6.307066 8.930035 5.029721 4.852802 5.36305 4.861277 4.021883 3.944842 4.612409 4.791604 4.787079 5.1279 5.289617 5.420936 5.468574 5.299592 5.084975 5.312003 4.78307 7.492685 7.48813 10.56167 14.66601
-9999 -9999 -9999 -9999 -9999 -9999 -9999 -9999 -9999 -9999 -9999 -9999 -9999 -9999 -9999 6.144973 5.652491 5.131836 5.036658 5.091173 5.0578 4.499058 4.654738 5.345094 5.602246 6.833296 6.150057 4.931366 4.587173 4.527815 8.316604 7.667585 7.307677 8.605771 5.310664 5.136336 5.586573 6.803243 6.463887 5.451364 4.500896 4.402966 5.96573 6.111844 6.523668 6.761062 9.002213 5.327937 5.486703 5.057448 4.557583 4.195113 4.198487 4.757113 4.795374 4.831539 5.1986 5.388755 5.629797 5.648473 6.031938 5.833397 5.269642 6.207072 8.152579 12.95499 16.85818 8.320681
-9999 -9999 -9999 -9999 -9999 -9999 -9999 -9999 -9999 -9999 -9999 -9999 -9999 -9999 -9999 6.844182 5.839077 5.315939 5.208386 5.038923 5.089615 4.314551 4.687511 5.279245 5.785 6.81273 6.965294 5.870218 5.284603 5.031413 8.249906 8.218319 7.996429 8.553132 5.44832 5.089342 4.054988 4.963555 6.460338 6.418153 5.106771 4.879262 5.671199 6.298558 6.816255 6.975607 9.199043 6.091851 5.701106 5.27362 4.711795 4.790674 4.709738 4.604405 5.393486 5.016358 4.959742 5.519841 5.47364 6.193752 5.962787 6.093558 6.613856 11.76907 14.3223 8.179996 7.738798 7.207117
-9999 -9999 -9999 -9999 -9999 -9999 -9999 -9999 -9999 -9999 -9999 -9999 -9999 -9999 8.701921 7.53786 6.211585 5.860016 5.248748 4.982991 5.130448 4.547235 5.072693 5.312236 6.047147 7.066563 7.31264 6.652891 6.531122 5.89361 8.414715 8.55982 8.371922 8.861897 5.819322 5.034877 4.05763 5.013235 6.168537 6.29534 6.293285 5.556658 5.562127 6.861912 6.919118 7.251042 9.422826 6.612236 5.949848 5.684757 5.096999 5.192912 5.3555 5.116397 6.01272 5.547268 4.837367 5.579995 6.003509 5.255754 6.609782 7.054739 12.11571 7.835763 7.217867 7.114752 7.082468 6.524962
-9999 -9999 -9999 -9999 -9999 -9999 -9999 -9999 -9999 -9999 -9999 -9999 -9999 9.388308 9.536369 8.237834 6.640669 6.026342 5.58836 5.153684 5.194557 4.808066 5.415278 5.654642 5.999788 7.341524 7.528766 6.64962 7.146132 6.984422 8.269169 8.993273 9.028486 9.366134 6.3399 5.611753 4.904694 4.945262 5.854715 6.22839 6.179466 6.466696 5.863503 7.286768 6.953125 6.745729 9.565079 7.275657 6.461191 6.10486 5.777497 5.732756 6.118167 6.154609 6.856712 6.342535 5.266016 5.395892 5.885311 6.54735 11.4275 12.72171 8.026295 7.152658 6.699634 6.721682 7.04574 7.354527
-9999 -9999 -9999 -9999 -9999 -9999 -9999 -9999 -9999 -9999 -9999 10.75047 9.069254 9.689281 10.22969 8.855768 7.645137 6.695796 5.496288 5.480249 4.324213 5.01397 6.073971 6.148068 6.561604 7.470955 7.574438 6.867481 7.181356 7.234134 7.708536 8.75945 9.545016 9.870555 8.703667 6.521597 5.664693 5.410897 6.157089 6.496347 6.36481 7.205635 6.341758 7.731024 7.158387 6.795865 9.578897 7.503129 6.883219 6.188366 6.113644 6.114057 6.331918 6.1401 5.494108 6.774847 6.15793 5.798168 11.32678 12.10184 9.032659 7.91763 6.621528 6.864276 7.202277 6.877859 7.226419 7.546836
-9999 -9999 -9999 -9999 -9999 -9999 -9999 -9999 -9999 10.23054 10.9828 11.53329 9.649173 9.849617 10.83556 9.49461 8.796611 7.852171 6.667099 5.516643 4.863312 5.546191 6.847894 6.733747 7.319455 7.932273 7.353979 7.619949 8.049275 7.640328 7.194064 7.911841 9.02695 10.43649 11.39408 11.32757 6.770424 6.257179 6.734703 6.981498 6.9076 7.63687 6.925619 7.807309 7.726079 7.640949 9.740929 7.779785 7.213144 5.885151 5.62515 6.647291 6.688193 6.315309 5.77743 6.843339 11.54033 12.23158 7.688242 7.513259 7.524033 6.951989 6.563831 6.785463 7.34192 7.958338 8.735143 8.639566
-9999 -9999 -9999 -9999 -9999 -9999 -9999 -9999 9.296186 10.42891 11.30994 11.87518 9.739971 10.193 11.17288 10.50824 10.2294 8.800549 6.940493 5.68274 5.934771 6.804272 7.457469 7.303531 8.403689 7.014812 5.024878 6.089217 5.945423 7.591666 8.181479 7.932542 8.598613 9.859026 7.609048 5.552673 10.65066 7.144484 7.407361 7.693172 7.55629 7.973364 6.956777 7.615676 8.005149 8.801428 10.09538 8.255358 7.522226 6.169937 6.221522 7.457946 8.163552 7.292674 12.40659 12.66532 7.176267 7.59711 6.696236 6.93105 7.026658 6.76789 6.846462 7.321879 7.810347 7.543447 7.847055 7.732493
-9999 -9999 -9999 -9999 -9999 -9999 8.98101 9.38502 9.473015 10.98286 11.48279 11.77576 9.964607 10.50473 11.29599 11.77601 10.84126 9.061703 8.271439 7.742877 7.243804 7.80958 7.703438 8.569426 7.87044 5.590761 5.157642 4.880805 5.770056 5.666848 6.606997 8.111732 8.974985 5.804385 8.824747 6.881829 10.58695 9.701807 8.633762 9.14069 8.959798 8.767245 7.541199 7.981247 8.628177 9.397601 10.68442 9.216845 7.993917 7.345572 7.35951 7.280221 14.00733 13.95925 7.739699 6.945484 6.167383 7.262744 8.826344 8.505895 7.97281 6.551407 6.913161 6.853413 7.149414 7.006588 7.273705 7.590656
-9999 -9999 -9999 -9999 7.599496 7.947498 9.183579 9.546089 10.30354 11.01516 11.83681 11.31346 9.666759 10.05486 11.63533 12.86714 10.35776 9.609674 9.165892 8.717332 8.265028 8.283632 8.911706 8.55334 6.226743 5.512833 5.174465 5.256795 4.998541 5.506914 5.653768 6.48294 5.937467 8.170774 8.840514 9.029013 10.08506 11.91678 10.49733 9.781462 10.24839 9.395149 8.113227 8.830068 9.490476 9.796565 11.13675 10.7475 7.883828 8.409963 13.55065 14.27551 7.237988 7.000494 7.003253 6.666928 6.326541 7.009438 7.153067 7.410032 8.26651 6.767122 6.78969 6.254785 12.28568 12.41115 12.59896 12.71588
-9999 -9999 15.84055 16.6328 7.979965 8.853175 9.039083 9.555727 10.06145 10.11762 11.35598 10.12411 9.251402 11.44343 13.86624 13.57078 10.54977 9.670833 9.293159 8.590002 8.700711 9.478302 9.462701 7.999318 6.15808 5.902752 5.951132 5.845031 5.644505 5.195653 5.926023 6.210151 6.255462 6.462356 7.505461 9.568282 10.59267 11.78493 11.90098 10.8466 10.75202 9.021764 9.348898 9.51228 9.962438 10.00941 11.34166 10.27229 14.12618 14.5229 8.080447 7.392303 6.928729 6.967144 7.050238 6.746173 6.583299 13.36674 13.03492 13.02186 13.11757 12.90512 12.86734 13.09769 8.273904 7.883071 8.479451 8.996066
-9999 -9999 7.356769 7.51602 16.05882 16.76781 17.03556 16.92766 17.22044 17.74772 17.27273 8.81129 10.18686 11.81574 13.41451 11.3347 10.88099 10.39382 9.145638 8.455367 9.604573 10.06131 9.659297 8.067646 6.761063 6.553382 6.569587 6.524024 6.170005 5.87024 5.81916 8.907919 5.628707 5.778727 6.311109 7.764966 9.829519 11.63399 11.98848 12.25376 10.65896 9.441914 8.943521 9.924459 10.09468 10.26679 7.319745 15.2383 6.685875 7.617567 12.1173 11.97968 11.99805 12.10885 12.30679 12.76521 13.15562 8.978206 9.733737 9.733003 8.090611 8.16311 10.13078 10.11801 7.9493 8.441648 8.793145 8.224889
-9999 8.0364 7.844793 8.68012 8.534788 8.554622 9.021052 8.612565 8.140776 8.325766 7.496234 18.33804 11.30475 10.90245 11.58598 10.4144 7.888704 8.844658 8.554841 9.869881 9.942807 9.828766 10.11976 8.488274 7.415393 7.555357 7.303691 6.793707 6.354686 6.267202 6.482536 5.988219 6.48134 5.280088 5.601337 6.47127 7.213209 10.04373 12.05646 12.70669 9.960152 9.811806 9.546679 9.279882 15.14313 14.20005 13.55544 7.233 6.583267 7.021053 6.939047 5.949367 6.72554 6.285534 6.307522 7.376021 8.784035 7.817015 8.962223 9.233744 8.057861 7.950707 9.280359 10.49569 8.009756 8.476557 8.706438 9.584237
8.201593 7.928788 8.776632 8.193374 8.019004 8.454875 8.781281 9.020011 9.208479 9.010011 9.405729 9.217669 17.34358 18.17198 18.06891 8.198949 8.681112 8.822571 9.476333 10.21412 10.07183 9.977281 10.24901 9.103918 8.487716 8.594999 7.339139 6.771938 6.830431 6.491339 6.094588 5.502168 6.082942 5.215662 5.021635 5.435258 6.88884 9.764175 11.72826 12.38214 12.84884 12.85538 12.95132 15.01313 8.08334 6.902966 6.239365 6.738636 6.240402 7.388124 7.627356 7.363715 7.918859 8.815186 8.680057 7.931174 7.469605 8.272194 8.338382 8.216265 8.775942 8.883026 10.29128 8.125643 8.503418 8.954489 8.210783 9.913574
-9999 8.729893 7.615379 7.401258 7.206362 7.425685 7.764509 8.146896 8.364641 8.681077 9.096707 10.08033 11.07778 9.421934 7.939406 17.87152 17.26253 17.0102 17.05832 17.30899 17.2739 17.2397 17.31307 9.359512 9.453915 8.52331 7.590494 6.849326 5.29925 6.334238 6.171947 5.760564 4.890904 4.963254 14.87535 14.82672 14.59376 15.10783 6.864788 7.579492 12.14069 8.000672 8.469981 14.49794 6.950192 8.030931 7.050241 6.660647 7.9422 8.590871 9.034808 9.725591 7.760591 8.46375 8.239632 8.407412 8.658073 9.187064 8.25053 7.704253 7.752227 8.269793 9.932755 8.01955 8.439155 8.858345 10.67906 8.043504
-9999 8.297675 7.182322 6.79734 6.668175 6.686924 7.008034 7.278194 7.577641 8.189985 8.601456 9.422678 10.45626 10.0018 10.83844 12.14894 12.36873 9.686181 10.27055 8.109399 8.459907 7.460742 7.674738 16.90101 16.46499 15.59414 6.795288 5.319701 5.579277 6.018172 6.329195 14.9964 15.48123 15.8197 5.405247 5.103173 5.611484 6.183823 14.80915 6.587936 12.0978 8.130715 7.427225 14.85013 6.873878 8.057585 6.606022 6.229196 7.863373 8.663252 9.332509 8.180168 8.161608 9.001293 10.61641 8.447258 8.680489 7.709042 8.218983 8.086545 9.100785 8.678672 8.136059 8.193359 8.269164 8.04502 10.78724 8.285865
-9999 7.974671 7.182111 6.772635 6.587426 6.31116 6.478832 6.546569 6.837876 7.53333 8.078188 8.516739 9.33152 9.847205 10.55885 11.14179 12.88803 10.99073 10.0161 9.850403 7.677134 8.270832 9.823713 10.45404 6.375382 6.624079 15.24211 5.779512 5.884519 15.54502 15.18655 6.027335 5.852664 5.617668 5.691739 5.730656 6.111167 6.275163 6.268824 14.88262 15.78194 7.345789 7.208154 15.48809 9.691944 6.598956 5.593474 7.175465 8.022538 8.407197 8.51415 7.831604 8.311009 8.234501 9.221796 10.44067 9.348025 10.84768 9.305605 7.914248 8.269588 7.839309 8.26623 8.604761 8.399332 10.96201 8.15472 8.404723
-9999 8.4832 6.929965 6.689461 6.689004 6.301788 5.770022 5.807562 6.215231 6.880261 7.238965 7.67878 8.391153 9.414251 9.713472 9.949571 10.65069 11.86806 11.14491 10.68536 10.10125 7.950622 8.38457 9.01145 8.313219 6.180305 7.775956 15.86285 15.15733 6.011116 6.206457 6.026767 5.98738 6.486283 6.736067 6.324091 6.491742 6.220071 6.452759 6.840524 7.137128 15.47128 15.8391 16.06957 7.108428 6.151792 5.763357 7.580777 8.925537 9.602467 8.344405 8.431079 9.091159 8.157275 8.537092 11.47898 9.728868 11.8996 8.862957 8.763747 8.565973 8.596897 8.006506 8.227183 7.560469 10.57523 7.6583 10.43778
-9999 -9999 6.700997 6.401935 6.524778 6.453712 5.535709 5.23773 6.133286 6.449968 6.720079 6.855116 7.626093 8.661696 8.928432 8.92938 9.643056 10.38188 10.18099 9.211079 9.155414 8.794118 6.804903 8.4867 6.322607 9.763818 10.24993 10.32085 7.950682 7.68484 7.330906 7.338427 7.2813 6.964751 6.170976 6.460794 6.354785 6.462867 6.248343 6.783755 7.55406 7.704303 7.289762 8.542796 16.38521 5.89015 6.723869 7.737186 7.66266 8.585937 7.81935 8.806551 8.734873 9.329379 11.55844 10.20115 13.19487 8.987885 10.14808 9.312222 8.103583 9.688799 7.34407 7.834081 10.45319 6.771893 6.73074 9.664726
-9999 -9999 8.178182 6.319289 6.563156 6.195252 6.082937 6.073469 6.475868 6.202442 6.342947 6.366597 7.162098 8.171081 8.306826 8.273396 8.838175 9.382144 8.978379 7.712834 6.612851 8.548485 6.146842 6.608541 9.315668 8.069015 9.056434 9.514273 8.907244 8.224848 7.616111 7.069845 6.835425 6.614973 5.77129 6.190599 5.989633 6.091421 6.575579 6.984522 7.24554 6.956185 7.103448 7.551118 8.496028 15.57157 14.84054 6.67012 6.773418 6.557742 7.552658 8.839525 8.953386 11.41337 11.88145 12.39703 10.60264 9.402527 8.12553 7.80678 8.427207 9.838856 7.68331 7.787234 10.99769 7.343716 9.544765 6.51103
-9999 -9999 9.320385 8.61359 8.194016 7.427892 6.110498 6.606551 6.453846 6.348913 6.032587 6.353489 7.17101 8.031823 7.961844 7.733058 7.990601 8.073 8.017027 7.280825 5.593148 6.218707 8.983221 7.666229 7.705354 7.838712 7.64668 8.222964 8.24489 7.825531 7.822479 7.368536 6.913717 6.538722 6.243169 5.87218 5.567261 6.142459 6.192447 6.77608 6.72973 6.646352 7.125713 7.7121 8.635396 10.89311 6.515241 15.20595 15.03386 6.191267 7.961591 7.886475 10.06925 10.55523 9.384593 9.894367 9.493073 7.437123 7.753304 7.110058 10.13626 6.806393 8.965252 11.10359 8.071608 9.042972 10.93669 7.52024
-9999 -9999 -9999 8.565658 8.468177 8.213923 7.551584 6.478733 6.127223 6.208553 6.257158 6.373726 7.768848 8.225334 7.833999 7.153616 7.602127 7.38118 5.475842 7.939546 7.057555 6.869343 5.791511 5.924177 6.924788 7.17019 6.768094 7.247281 7.922767 7.778206 7.596111 7.394654 6.726282 6.294992 6.141106 6.269406 6.26785 5.905887 5.634312 6.210342 6.466038 6.551109 6.638091 7.216985 7.856357 8.604168 10.70592 6.670801 6.773744 18.12006 15.90145 8.248833 9.88436 8.074179 7.76329 8.602015 7.709752 7.782907 8.075328 8.296163 9.594313 6.8254 8.016952 11.15321 8.614018 11.95517 8.730669 8.484295
-9999 -9999 -9999 8.411223 7.878747 7.885976 7.743065 7.143466 6.101492 6.255238 6.136567 6.343551 8.530321 8.55888 7.564047 7.128741 7.258214 7.503324 7.482136 5.74232 5.852341 6.004787 4.72531 4.762946 5.919563 6.593671 6.414969 6.509687 7.495185 7.847461 7.598427 7.31129 6.652123 6.297794 6.0371 7.097691 6.610746 5.746814 5.117945 5.85507 6.393323 6.29189 6.144027 6.394437 6.573394 6.694474 7.199258 8.694501 6.007631 6.146766 6.882901 16.52087 16.05197 7.134701 7.073762 6.679837 6.834551 7.064862 9.086166 9.999666 6.39442 7.728681 11.21374 7.928627 9.173188 12.8966 8.52555 8.436466
-9999 -9999 -9999 -9999 7.864946 8.356384 8.554614 7.814579 7.192365 6.865728 6.616741 6.080384 8.938135 8.690586 7.116182 7.645413 7.398709 7.573395 6.724084 5.249549 5.281053 5.957138 4.129308 4.302352 5.274582 5.919081 6.151755 6.191485 6.900696 7.469855 7.586377 7.245438 6.647098 6.204215 6.113473 -9999 6.564835 6.021301 5.739547 5.797088 6.298354 6.166493 6.072773 6.084377 5.798663 5.542546 5.807299 7.806621 5.860915 6.488381 6.943852 6.65685 7.100532 17.29986 7.200832 6.213467 6.280039 7.710347 10.933 6.267507 6.707862 8.514734 11.32558 8.353712 12.11598 10.254 9.921714 8.574263
-9999 -9999 -9999 -9999 7.348877 6.424577 7.439328 8.039541 7.322399 6.272074 6.757479 8.677912 8.767076 8.547604 7.270916 7.93128 7.037138 7.858986 6.744322 5.090105 4.909053 5.780891 4.902576 4.40143 4.9897 5.378901 5.682802 5.817433 6.587934 7.379535 7.155563 7.763032 6.233213 6.164856 -9999 -9999 -9999 -9999 7.510741 5.915463 6.056487 6.19374 5.884365 5.745001 5.587668 5.044585 5.150075 6.857719 6.288527 7.258346 7.038653 6.765878 6.712456 7.183225 15.40636 17.36407 6.951702 10.62887 7.151411 6.229144 7.434422 11.21492 7.748125 9.154491 12.16673 8.529119 8.854533 9.031847
-9999 -9999 -9999 -9999 -9999 6.689989 6.091153 6.399769 7.499718 6.907729 6.406042 7.881862 8.974478 8.166405 7.777062 7.28017 7.707308 7.83949 7.050934 5.623041 4.702764 5.10322 5.391817 4.891928 4.381721 4.824642 4.674128 5.345014 6.220123 7.532866 7.264182 7.159019 -9999 -9999 -9999 -9999 -9999 -9999 -9999 -9999 -9999 6.089508 5.304168 5.339486 5.358341 5.149096 5.304917 6.234329 7.632063 7.188638 7.898303 7.124599 7.517088 7.036653 7.494093 6.817597 15.0815 15.66461 7.012849 6.256551 6.632388 10.94868 7.414802 11.24651 8.16248 8.162421 8.275301 7.737397
-9999 -9999 -9999 -9999 -9999 -9999 -9999 -9999 7.748182 6.955297 6.754754 7.60587 7.351983 8.835745 7.233029 6.868496 7.025617 7.925484 7.230447 6.503245 5.233026 4.721597 5.145332 4.989416 4.744652 4.105206 4.63407 5.275616 6.13759 6.745323 6.442972 -9999 -9999 -9999 -9999 -9999 -9999 -9999 -9999 -9999 -9999 -9999 -9999 -9999 5.071999 5.534506 5.582047 6.282046 10.01972 6.558734 7.64863 8.50753 7.280333 7.346992 7.789406 6.829498 7.413743 6.80973 15.22387 16.84676 10.6124 6.556014 7.049635 11.02687 7.391501 7.773722 7.980603 11.69502
