slauniainen/Data/DEM/Vihti_dem1500b_cl_horizonAngle_18.asc
NCOLS 196 
NROWS 178 
XLLCORNER 353680 
YLLCORNER 6699024 
CELLSIZE 16 
NODATA_value -3.4e+38 
[rows 100 to 119 of 178, columns 90 to 134 of 196]
3.16509461402893 3.34452223777771 3.56786847114563 3.98654723167419 4.23918867111206 4.49370193481445 4.70536518096924 4.79958200454712 4.76334428787231 4.69175910949707 5.23348188400269 7.87947845458984 11.2339773178101 12.9636878967285 16.2265319824219 19.8549633026123 24.1101493835449 23.3540592193604 18.6501426696777 17.6264724731445 17.9726181030273 15.6675672531128 13.7576599121094 15.2344923019409 14.8407907485962 13.2091779708862 15.0658683776855 16.7410278320312 13.7927093505859 14.3394622802734 14.0565767288208 13.5579442977905 18.5745906829834 16.4910411834717 20.8087310791016 25.1700019836426 23.4799118041992 18.3334197998047 10.8852119445801 7.10633325576782 6.03255844116211 3.7672712802887 2.73101782798767 3.0702805519104 3.27223610877991
3.14183354377747 3.38860249519348 3.58426570892334 3.83031487464905 4.06655025482178 4.31714487075806 4.5357813835144 4.61694669723511 4.57892465591431 4.51580333709717 6.3662281036377 7.53146743774414 10.0822086334229 12.236346244812 14.6695833206177 17.2344017028809 19.3743209838867 18.7516937255859 16.4284553527832 15.6390380859375 15.7772159576416 14.2387599945068 13.1556787490845 13.7478265762329 14.1226854324341 13.4160003662109 12.0039625167847 11.1192007064819 11.4687919616699 11.7288312911987 11.0769824981689 12.0078678131104 17.4195518493652 25.3020935058594 28.870475769043 26.8222141265869 16.7265434265137 11.2937517166138 13.2413473129272 10.7933530807495 11.0779161453247 9.03170680999756 5.36210823059082 3.29606461524963 3.45456075668335
3.0375988483429 3.2889404296875 3.5441427230835 3.8715341091156 4.10361433029175 4.23262548446655 4.36009693145752 4.4450626373291 4.4221773147583 4.35380744934082 6.35504293441772 8.3540096282959 9.13679504394531 11.1794404983521 12.7944869995117 15.2589464187622 16.4175128936768 16.288553237915 14.8654813766479 13.9279136657715 12.3264226913452 12.7989377975464 12.8232040405273 12.1082715988159 11.5501022338867 10.6738309860229 9.95204257965088 9.24103260040283 9.03411102294922 8.53671741485596 9.1115894317627 10.5079250335693 13.3380603790283 17.909875869751 19.9786224365234 19.0460872650146 15.2207527160645 10.7653827667236 12.9870386123657 13.2931756973267 11.6066722869873 10.2715368270874 8.44623851776123 6.0439600944519 4.07565259933472
2.99485850334167 3.17667484283447 3.53126978874207 3.755375623703 3.97853589057922 4.16608619689941 4.24130392074585 4.21402311325073 4.14864492416382 4.10353708267212 5.88695287704468 8.13718700408936 9.39496994018555 10.2414703369141 11.895562171936 12.991548538208 14.0770053863525 14.3569622039795 14.2464418411255 13.7758560180664 12.3173990249634 11.4532890319824 11.1698026657104 10.6695117950439 9.71218967437744 8.35770130157471 8.15043926239014 8.07907104492188 7.75380897521973 7.32335710525513 8.16991424560547 9.42477226257324 12.356616973877 14.430962562561 15.5962219238281 14.9696187973022 14.4581394195557 17.3441429138184 13.1303434371948 11.8965826034546 10.9085569381714 11.0848760604858 11.2991905212402 8.95373249053955 5.78347873687744
3.04387354850769 3.22928667068481 3.41454553604126 3.62515997886658 3.85500144958496 4.03257846832275 4.10329818725586 4.07829999923706 4.01445245742798 5.00520944595337 5.92768669128418 7.5444860458374 8.87584209442139 9.5927038192749 10.9449977874756 11.577654838562 12.2402725219727 12.3105230331421 12.5304508209229 12.7734727859497 11.9540596008301 10.8959617614746 9.67949676513672 8.79308795928955 8.01808929443359 7.19119787216187 6.91585397720337 6.64130353927612 6.76367139816284 6.80952739715576 7.6816234588623 9.05407238006592 10.7928304672241 12.3715629577637 12.7342281341553 11.8513813018799 10.2811088562012 10.738299369812 10.6847667694092 11.2560081481934 10.4243927001953 9.49223709106445 9.30257225036621 9.05948448181152 7.10981702804565
2.96093702316284 3.19948577880859 3.48740410804749 3.69693779945374 3.81205344200134 3.91888952255249 3.97752380371094 3.94940280914307 3.88952136039734 4.9949312210083 6.58259916305542 7.18388557434082 8.22091674804688 9.28031253814697 9.8609037399292 10.4174146652222 11.0359554290771 11.0747013092041 11.2335138320923 10.2843151092529 9.85164642333984 9.35389995574951 8.45235347747803 7.45725631713867 6.65631055831909 6.36611032485962 6.29639482498169 5.92052125930786 5.79986381530762 6.21009826660156 7.01591539382935 8.56980037689209 9.97951793670654 10.8035402297974 11.1144886016846 10.3518333435059 8.82412624359131 8.32083415985107 8.8535213470459 9.02388954162598 9.45221042633057 8.64573669433594 7.95960903167725 6.94800424575806 6.82088279724121
2.87516498565674 3.18618655204773 3.39215779304504 3.5915219783783 3.74606442451477 3.81451892852783 3.78654909133911 3.73012042045593 3.63709402084351 4.69415855407715 6.40998458862305 7.39467811584473 7.64194297790527 8.67085933685303 9.13871765136719 9.84333229064941 10.0237150192261 10.0476007461548 10.1870880126953 9.29755973815918 8.4647102355957 7.46323347091675 6.77156352996826 6.32893228530884 5.92297649383545 5.94897079467773 5.67736482620239 5.46891832351685 5.52728891372681 6.0799732208252 6.93349456787109 8.20824527740479 9.25222206115723 9.51833343505859 8.86543464660645 8.40180969238281 7.71441841125488 7.19243335723877 7.62845182418823 7.72331666946411 7.31027269363403 7.48801803588867 7.0998969078064 6.25025463104248 5.50713777542114
2.93837976455688 3.09306406974792 3.29830932617188 3.49755263328552 3.64234328269958 3.70995426177979 3.67983913421631 3.62144064903259 4.12246179580688 4.87924575805664 6.02995157241821 6.98330688476562 7.54937887191772 8.03697681427002 8.47403812408447 9.1172981262207 8.98663711547852 9.08209991455078 8.9117431640625 8.37140655517578 7.65926265716553 6.75932693481445 6.14382839202881 5.65959215164185 5.67363166809082 5.70350122451782 5.19865608215332 5.01712989807129 5.19763517379761 5.71618938446045 6.6508994102478 7.91196250915527 8.35365009307861 8.60104179382324 8.00720310211182 6.79122972488403 6.24562644958496 6.39240169525146 6.66565036773682 6.74080514907837 6.23970890045166 5.61726236343384 4.97296094894409 4.86329650878906 4.40397548675537
2.90738821029663 3.179447889328 3.37289428710938 3.47420382499695 3.5719850063324 3.60527348518372 3.57385396957397 3.51490616798401 4.1078724861145 5.42004489898682 5.91433715820312 6.57089948654175 7.30713081359863 7.60750484466553 7.90528249740601 8.49576854705811 8.32419395446777 8.41750144958496 7.66313648223877 6.8428373336792 6.47588014602661 5.84249353408813 5.23297786712646 5.31863832473755 5.43958520889282 5.46403217315674 4.98968315124512 4.89896440505981 4.99137735366821 5.54189920425415 6.52730131149292 7.33763599395752 7.60378932952881 7.82906579971313 7.29361581802368 6.18027496337891 5.53911066055298 5.76150512695312 5.75828838348389 5.49896907806396 5.43032836914062 4.87389993667603 4.0910267829895 4.14519882202148 4.32995367050171
2.89547419548035 3.09427857398987 3.27898406982422 3.41056299209595 3.472003698349 3.44029521942139 3.38483643531799 3.29680109024048 3.89758825302124 5.27157020568848 6.09589624404907 6.26973533630371 6.87139940261841 7.18320274353027 7.74252700805664 7.71271896362305 7.74775695800781 7.83561611175537 7.12657117843628 6.30907869338989 5.55080270767212 5.1077127456665 5.05618095397949 5.1655707359314 5.18961954116821 4.7596173286438 4.73641014099121 4.74991798400879 5.01640605926514 5.46551656723022 6.47620820999146 6.81866979598999 7.02942848205566 6.51298236846924 5.89532327651978 5.40933752059937 5.03634929656982 5.2380108833313 5.19164419174194 4.73779010772705 4.26862287521362 4.05741834640503 3.8026123046875 4.08904218673706 4.20897006988525
2.81774878501892 3.01221942901611 3.1904513835907 3.30904841423035 3.36380743980408 3.33876419067383 3.29197955131531 3.20780086517334 3.70764946937561 5.00641632080078 5.78918361663818 6.22841024398804 6.49097776412964 6.75881290435791 7.27442741394043 7.06883335113525 7.17417001724243 6.85265302658081 6.44427299499512 5.86904716491699 5.14354658126831 4.67705965042114 4.87026262283325 4.97293138504028 4.99797964096069 4.55595874786377 4.52928495407104 4.6648530960083 4.75693845748901 5.23887729644775 6.234215259552 6.30924129486084 6.52712535858154 6.01537990570068 5.08923482894897 4.50547027587891 4.66491937637329 4.64629554748535 4.70278310775757 4.29273223876953 3.72600841522217 3.36664819717407 3.68346548080444 3.96936631202698 4.11762952804565
2.90989184379578 3.08464336395264 3.18239450454712 3.26066017150879 3.27559804916382 3.24656295776367 3.20310759544373 3.34318947792053 3.9598400592804 4.76786327362061 5.50897979736328 6.02301359176636 6.27460765838623 6.51280784606934 6.8709020614624 6.65915060043335 6.74412488937378 6.13190698623657 5.3809928894043 4.97202157974243 4.48386240005493 4.48412084579468 4.69830513000488 4.79479074478149 4.81753015518188 4.38509607315063 4.43479490280151 4.53410291671753 4.55328035354614 5.36417675018311 5.85654735565186 5.96964120864868 6.00604343414307 5.5893120765686 4.72933197021484 4.13231897354126 4.18619060516357 4.16397714614868 3.79671144485474 3.74843859672546 3.36500716209412 3.41412854194641 3.75623607635498 3.93179297447205 3.99788641929626
2.83129906654358 3.0069637298584 3.12614631652832 3.18702697753906 3.14779543876648 3.10100030899048 3.0178337097168 3.33091926574707 4.39754199981689 4.80328369140625 5.2529821395874 5.71941709518433 5.95673131942749 6.38794136047363 6.2347354888916 6.25660228729248 6.34083414077759 5.78381299972534 5.05615901947021 4.51025485992432 4.14912605285645 4.49189281463623 4.58607816696167 4.60905075073242 4.20348978042603 4.2468318939209 4.31728172302246 4.41565275192261 4.47926616668701 5.32881259918213 5.52054977416992 5.6095404624939 5.10683679580688 4.50099897384644 4.12746620178223 3.36631751060486 3.47392082214355 3.83595395088196 3.49709630012512 3.05651235580444 3.0331699848175 3.44498753547668 3.70733451843262 3.82303094863892 3.89039421081543
2.73252654075623 2.9187912940979 3.04131031036377 3.10522317886353 3.07043123245239 3.01846361160278 2.93963241577148 3.19236040115356 4.29196453094482 4.95582818984985 5.07462692260742 5.44014596939087 5.66809988021851 6.06804800033569 5.8788685798645 5.88070249557495 5.5375280380249 5.21288347244263 4.75885677337646 4.19158411026001 3.84931373596191 4.346360206604 4.43881464004517 4.45981025695801 4.06594800949097 4.14984083175659 4.2688512802124 4.28145980834961 4.29420232772827 5.12336683273315 5.10638904571533 5.28850650787354 4.80510330200195 4.06270885467529 3.52776002883911 3.0096755027771 2.80381774902344 3.50231218338013 3.25200819969177 2.94047999382019 3.07349276542664 3.36991715431213 3.60613870620728 3.75826025009155 3.89486861228943
2.6688277721405 2.79548692703247 2.89720511436462 2.99583888053894 2.99547028541565 2.94342637062073 2.91135716438293 3.45712208747864 4.11181211471558 4.74866056442261 5.06257295608521 5.18590116500854 5.39743137359619 5.77732133865356 5.59322357177734 5.59571075439453 5.09032440185547 4.4359564781189 4.01024675369263 3.67767667770386 4.03698873519897 4.21051979064941 4.29832696914673 4.32003879547119 3.99953317642212 4.06753635406494 4.1678147315979 4.1794490814209 4.19482040405273 4.86756038665771 4.91655969619751 4.86423349380493 4.53170537948608 3.82949113845825 3.13129663467407 2.66790819168091 2.73106050491333 2.92417216300964 2.84736847877502 2.83453512191772 3.12079954147339 3.43654561042786 3.59430027008057 3.66369962692261 3.79597973823547
2.44491791725159 2.60609126091003 2.71918821334839 2.81961250305176 2.85327744483948 2.7769558429718 2.89098429679871 3.83757400512695 4.19323968887329 4.55779457092285 4.89945268630981 5.09500646591187 5.2858772277832 5.50350427627563 5.32125902175903 5.32647657394409 4.84981203079224 4.23177146911621 3.77789998054504 3.56360125541687 4.03295612335205 4.12544441223145 4.14628744125366 3.77878999710083 3.90017580986023 3.96859550476074 4.06751775741577 4.07929658889771 4.36383485794067 4.63449764251709 4.66508483886719 4.20807027816772 3.64775347709656 3.28887629508972 2.70054340362549 2.43987584114075 2.73081851005554 2.75354766845703 2.71437001228333 2.78600168228149 3.14436292648315 3.38828682899475 3.50457954406738 3.57328963279724 3.72712135314941
2.24954652786255 2.41812372207642 2.63000845909119 2.79517722129822 2.78221035003662 2.71116971969604 2.78269529342651 3.73891758918762 4.33187007904053 4.44701385498047 4.69732236862183 4.89133453369141 5.19511461257935 5.02329444885254 5.00533103942871 5.07645559310913 4.61035346984863 4.0289568901062 3.60980653762817 3.46204543113708 3.91109180450439 3.99561452865601 4.02580690383911 3.67525696754456 3.8290491104126 3.93974113464355 3.94924998283386 3.9704053401947 4.33288335800171 4.42203426361084 4.4375205039978 3.97178864479065 3.29928588867188 2.75912427902222 2.26129412651062 2.11942720413208 2.35603594779968 2.54727411270142 2.61436867713928 2.80529689788818 3.0813570022583 3.29791402816772 3.45224142074585 3.57969784736633 3.71461582183838
2.18556189537048 2.35018134117126 2.57157015800476 2.75473070144653 2.72222924232483 2.65635347366333 3.06589460372925 3.60974669456482 4.17696857452393 4.42860221862793 4.50877237319946 4.69586992263794 4.98207378387451 4.81402397155762 4.78105354309082 4.42292547225952 4.14842224121094 3.79130840301514 3.338942527771 3.66250824928284 3.80619764328003 3.8872377872467 3.91029286384583 3.69161987304688 3.75377750396729 3.84632444381714 3.85577058792114 3.87943649291992 4.16682529449463 4.07322359085083 4.00175905227661 3.38171982765198 2.65610527992249 2.40764498710632 1.87464904785156 1.77625119686127 2.07386159896851 2.27825856208801 2.37645196914673 2.75440096855164 3.04524683952332 3.2667453289032 3.36557722091675 3.4882926940918 3.60622906684875
2.07523393630981 2.29210495948792 2.47204828262329 2.62462162971497 2.57483243942261 2.5740487575531 3.41264057159424 3.72784566879272 4.03018617630005 4.28133726119995 4.46122407913208 4.62986850738525 4.78513050079346 4.62279224395752 4.57885646820068 4.14934253692627 3.60940408706665 3.22622799873352 3.23825335502625 3.66093015670776 3.74129223823547 3.76214289665222 3.4718861579895 3.6057813167572 3.66810607910156 3.7583966255188 3.76515698432922 3.92099857330322 3.92189598083496 3.53328108787537 2.9956910610199 2.47851657867432 2.09246945381165 1.90378904342651 1.4777170419693 1.57426500320435 1.79592931270599 1.92140185832977 1.9282773733139 2.27219605445862 2.65315556526184 2.83252644538879 3.12664246559143 3.33284735679626 3.49163818359375
1.90432357788086 2.19181656837463 2.41119074821472 2.56349754333496 2.52055430412292 2.48440647125244 3.32056331634521 3.84817624092102 3.9474310874939 4.12655782699585 4.29942274093628 4.5450963973999 4.40184259414673 4.34413576126099 4.38659334182739 3.97532200813293 3.46221399307251 3.09026861190796 3.1440122127533 3.55201983451843 3.62979936599731 3.65243124961853 3.3999137878418 3.54725646972656 3.65187811851501 3.66375374794006 3.69018912315369 3.81774520874023 3.46048092842102 2.82273483276367 2.25366568565369 1.77936542034149 1.6766631603241 1.27396166324615 1.03043675422668 1.02876842021942 1.0972683429718 1.22640335559845 1.15452635288239 0.99601137638092 1.11604964733124 1.533487200737 2.26439309120178 2.920001745224 3.23631811141968
