slauniainen/Data/DEM/Vihti_dem1500b_cl_horizonAngle_12.asc
NCOLS 196 
NROWS 178 
XLLCORNER 353680 
YLLCORNER 6699024 
CELLSIZE 16 
NODATA_value -3.4e+38 
[rows 100 to 119 of 178, columns 135 to 179 of 196]
3.77104902267456 4.16179800033569 4.58670234680176 5.33126926422119 5.80976104736328 6.00548934936523 6.20463371276855 6.44172143936157 6.70670700073242 6.92022657394409 7.25027370452881 7.42765283584595 7.47949600219727 7.37957525253296 7.21075248718262 7.1788911819458 6.84997367858887 6.29956674575806 5.69814205169678 5.03353500366211 5.78381586074829 5.73041296005249 5.12450170516968 5.15481662750244 4.94103145599365 4.48917770385742 3.97496032714844 3.0714066028595 3.26352310180664 3.1933000087738 3.07396411895752 3.21607112884521 3.1881251335144 2.94519186019897 2.83795213699341 2.73386406898499 2.65550589561462 2.31020903587341 2.38426089286804 2.14594197273254 2.11007976531982 2.49292302131653 5.30577516555786 5.85685348510742 6.90193176269531
3.65493249893188 3.91606092453003 4.7372727394104 5.32478284835815 5.59966897964478 5.77683973312378 5.96181917190552 6.19021987915039 6.4734992980957 6.77435684204102 6.93733406066895 7.10916900634766 7.15493583679199 7.0537166595459 6.90050029754639 6.85870933532715 6.55323553085327 6.04229497909546 5.44318580627441 4.94410562515259 5.32293939590454 5.25465297698975 4.6376895904541 4.36649322509766 4.33639192581177 3.86774969100952 3.39121222496033 2.83098864555359 2.92014575004578 2.96287298202515 3.07532119750977 3.20050096511841 3.12961792945862 2.83493828773499 2.71446204185486 2.62554907798767 2.50914883613586 2.21866750717163 1.95334982872009 1.75257039070129 1.71012938022614 2.51160001754761 4.71544170379639 6.02537631988525 6.09573078155518
3.63048911094666 3.77612352371216 4.63144731521606 5.16402006149292 5.41192531585693 5.56695890426636 5.74441909790039 5.95855808258057 6.24167490005493 6.60058069229126 6.75624656677246 6.80342960357666 6.76549673080444 6.58431148529053 6.53656530380249 6.39225482940674 6.12127637863159 5.67615699768066 5.17366886138916 4.83390855789185 4.79830455780029 4.78107166290283 4.20117473602295 3.9376814365387 3.50822925567627 3.34047842025757 2.9366238117218 2.70931577682495 2.8340368270874 2.84798312187195 2.95743131637573 3.09110450744629 2.99162101745605 2.67223954200745 2.47655940055847 2.37647652626038 2.20525979995728 2.00225257873535 1.76096212863922 1.44179272651672 1.49351477622986 2.19434666633606 4.21651458740234 5.3862042427063 5.50793123245239
3.61580109596252 3.85756850242615 4.49325275421143 5.02384948730469 5.25559616088867 5.48588418960571 5.70735454559326 5.90542984008789 6.05723237991333 6.34480953216553 6.49236059188843 6.53509473800659 6.43837308883667 6.30306911468506 6.26415967941284 5.95870780944824 5.48452711105347 5.17232322692871 4.56457138061523 4.45522022247314 4.40543222427368 3.95221924781799 3.81364226341248 3.50602388381958 3.06378746032715 2.86743211746216 2.73103904724121 2.63004779815674 2.75510239601135 2.76713991165161 2.86817193031311 3.00179624557495 2.91428518295288 2.4519624710083 2.34426736831665 2.2889609336853 1.9812399148941 1.70893502235413 1.50236964225769 1.23631000518799 1.27667939662933 2.21042919158936 3.70688486099243 4.7221531867981 4.75091743469238
4.66635417938232 4.02901887893677 4.57792472839355 4.92663621902466 5.1104736328125 5.3113055229187 5.51827764511108 5.72597980499268 5.90641307830811 6.10356521606445 6.24581861495972 6.29067468643188 6.20408630371094 6.04766893386841 5.99446439743042 5.72045373916626 5.2551965713501 4.74028730392456 4.20807123184204 4.10428524017334 4.06343412399292 3.49247193336487 3.33672881126404 3.07268452644348 2.80128574371338 2.70607399940491 2.53558969497681 2.6696949005127 2.56258082389832 2.65105676651001 2.88305187225342 2.81315398216248 2.52290534973145 2.37352561950684 2.27404356002808 2.20455431938171 1.8837925195694 1.53883934020996 1.24526083469391 0.979033350944519 1.24464595317841 3.06728720664978 3.46782493591309 3.84303593635559 3.3870530128479
5.07643604278564 4.21352100372314 4.60251712799072 4.79136276245117 4.91815996170044 5.13926124572754 5.33933258056641 5.54175043106079 5.78611135482788 5.87142610549927 6.00998783111572 6.05073499679565 5.95984220504761 5.80453395843506 5.75348567962646 5.47934436798096 5.04306411743164 4.53615808486938 3.98724365234375 3.81563282012939 3.75902676582336 3.13488721847534 3.19432544708252 2.92298221588135 2.6003201007843 2.48366737365723 2.39865183830261 2.5306179523468 2.52067041397095 2.58559942245483 2.72285914421082 2.66522121429443 2.37725710868835 2.25850701332092 2.17697024345398 2.1237587928772 1.79980599880219 1.45108640193939 1.14983308315277 0.887202262878418 1.02705585956573 2.44372797012329 2.97131133079529 2.42119240760803 0.748605132102966
5.62396001815796 4.4072093963623 4.55272722244263 4.67778253555298 4.76988649368286 4.94147157669067 5.1712007522583 5.36004066467285 5.62150716781616 5.75295877456665 5.78777408599854 5.70800304412842 5.57990884780884 5.5051383972168 5.3231315612793 5.08598566055298 4.71254062652588 4.27716493606567 3.69953107833862 3.52454566955566 3.43787264823914 3.06133961677551 2.85197138786316 2.74706530570984 2.44294023513794 2.31042146682739 2.22453570365906 2.36346387863159 2.38245606422424 2.38519477844238 2.51663088798523 2.46936559677124 2.14018797874451 2.04854226112366 2.0201141834259 1.92346227169037 1.65748572349548 1.27984344959259 0.962995767593384 0.669871687889099 0.350778847932816 1.46019566059113 1.39149916172028 0.554112255573273 -1.00079751014709
3.90089106559753 4.19444751739502 4.4949426651001 4.5926833152771 4.65072441101074 4.81016445159912 4.97566413879395 5.17524337768555 5.42011499404907 5.55734300613403 5.57649374008179 5.49070501327515 5.3808650970459 5.29668045043945 5.0156192779541 4.6020302772522 4.21444797515869 3.73661541938782 3.29786515235901 3.1216139793396 2.93478560447693 2.90440034866333 2.62890911102295 2.46977806091309 2.2808985710144 2.11572337150574 2.01839470863342 2.15411424636841 2.18398547172546 2.19110035896301 2.29103136062622 2.22062468528748 1.98076224327087 1.81832909584045 1.71877562999725 1.45746350288391 1.23528790473938 0.969272077083588 0.569120466709137 0.185229137539864 -0.267737835645676 0.0231119096279144 -0.278736740350723 -1.13423931598663 -1.97168219089508
3.68343997001648 4.06015014648438 4.36513900756836 4.49850988388062 4.65700054168701 4.81940174102783 4.96350336074829 5.07561588287354 5.23116064071655 5.33182382583618 5.36383295059204 5.27512836456299 5.17232608795166 5.07534885406494 4.78502511978149 4.37225294113159 3.90299415588379 3.49740505218506 3.06367039680481 2.80121374130249 2.68293190002441 2.72425842285156 2.45603561401367 2.18913912773132 2.0590603351593 1.8674943447113 1.93820977210999 1.84432375431061 1.92798924446106 1.98022651672363 2.11739253997803 2.02073431015015 1.69153964519501 1.57375717163086 1.47373986244202 1.04576504230499 0.64643669128418 0.24362675845623 -0.342003524303436 -0.955050528049469 -1.30592000484467 -1.48312413692474 -1.62465596199036 -2.08467316627502 -2.43804812431335
3.74484086036682 4.11900234222412 4.30783128738403 4.36818504333496 4.52559328079224 4.67243814468384 4.80795288085938 4.91976594924927 4.99477005004883 5.05501651763916 5.14183282852173 5.05231475830078 4.93395376205444 4.82556390762329 4.54194927215576 4.14465093612671 3.63564705848694 3.17699456214905 2.76612377166748 2.45502734184265 2.50026249885559 2.53324389457703 2.26917910575867 1.99466669559479 1.86873710155487 1.71658456325531 1.75490808486938 1.67920649051666 1.64358031749725 1.7254855632782 1.76407599449158 1.47584903240204 1.11480438709259 0.712153077125549 0.574429512023926 0.392900317907333 -0.0704702958464622 -0.705149412155151 -1.13663053512573 -1.62217855453491 -1.92759704589844 -2.13399505615234 -2.26708054542542 -2.57582545280457 -2.84147524833679
3.78347396850586 4.06857872009277 4.1817479133606 4.23886203765869 4.39025259017944 4.51985931396484 4.63115882873535 4.74558210372925 4.80347013473511 4.8830828666687 4.88817834854126 4.77556133270264 4.6158013343811 4.54585456848145 4.28034591674805 3.86150407791138 3.40852618217468 2.90223932266235 2.44425177574158 2.36178731918335 2.40746521949768 2.17908382415771 2.05625128746033 1.84031558036804 1.72185695171356 1.57891154289246 1.58905971050262 1.45204293727875 1.27256309986115 1.22755420207977 0.831251502037048 0.345873445272446 0.254600048065186 0.0464952513575554 -0.223614662885666 -0.551428854465485 -0.98528641462326 -1.46673929691315 -1.85835599899292 -2.1371853351593 -2.5246410369873 -2.77104425430298 -2.76124787330627 -2.87542796134949 -3.13597989082336
3.66425466537476 3.93655490875244 4.0499210357666 4.11622142791748 4.25456619262695 4.36372756958008 4.45946168899536 4.54875659942627 4.60553789138794 4.60381650924683 4.51797008514404 4.40105772018433 4.25969362258911 4.04205656051636 3.81271505355835 3.47509264945984 3.08572602272034 2.5754234790802 2.20215225219727 2.2125825881958 2.24928212165833 2.00114154815674 1.86262798309326 1.68200373649597 1.57317245006561 1.42770099639893 1.44497406482697 1.22544932365417 1.00008690357208 0.833853363990784 0.161876797676086 -0.410757601261139 -0.539517819881439 -0.461397409439087 -0.939529359340668 -1.30066108703613 -1.55015325546265 -2.00395607948303 -2.51928114891052 -2.758136510849 -2.89381217956543 -3.04168510437012 -3.0410304069519 -3.06889748573303 -3.36422371864319
3.55072402954102 3.81516075134277 3.92999410629272 3.99751949310303 4.13940477371216 4.23504590988159 4.29467248916626 4.35131788253784 4.39721059799194 4.36570024490356 4.23671102523804 4.13331747055054 3.98522162437439 3.77417635917664 3.45996308326721 3.08089876174927 2.71734166145325 2.31796646118164 1.99918687343597 2.06489014625549 2.09710764884949 1.85887980461121 1.73732805252075 1.52964341640472 1.35147452354431 1.2064962387085 1.21718680858612 1.04127466678619 0.81028026342392 0.574220895767212 0.126296684145927 -0.731449246406555 -0.955039441585541 -0.977733135223389 -1.32585990428925 -1.73235440254211 -2.03642868995667 -2.39623808860779 -2.85091328620911 -2.99590015411377 -3.13214945793152 -3.20451474189758 -3.17732453346252 -3.13249206542969 0.16203898191452
3.46562814712524 3.7051522731781 3.86475872993469 4.00470781326294 4.08467626571655 4.13780641555786 4.18335437774658 4.15089130401611 4.17787170410156 4.13332271575928 3.97258615493774 3.86662840843201 3.74232816696167 3.54581475257874 3.21604156494141 2.84340453147888 2.50878429412842 2.12502384185791 1.85958206653595 1.92590761184692 1.9618376493454 1.72878468036652 1.50149500370026 1.35309517383575 1.15275013446808 1.0897821187973 0.878908693790436 0.748866021633148 0.569753587245941 0.227042704820633 -0.236894086003304 -0.172284170985222 -1.0989351272583 -1.26538228988647 -1.6354752779007 -2.01145219802856 -2.28481674194336 -2.58032155036926 -2.93015885353088 -3.12063765525818 -3.25918555259705 -3.28885531425476 -2.62420725822449 0.517741560935974 3.58819961547852
3.53297257423401 3.69626712799072 3.75994682312012 3.88122653961182 3.92373371124268 3.96249556541443 3.98766732215881 3.96915674209595 3.95276999473572 3.9101984500885 3.77032518386841 3.67256426811218 3.51278209686279 3.33709478378296 3.0127420425415 2.59909129142761 2.21724557876587 1.8713470697403 1.76924288272858 1.80758202075958 1.83795535564423 1.60326933860779 1.3714542388916 1.201247215271 1.00652003288269 0.910751283168793 0.705778479576111 0.455967128276825 0.200088232755661 -0.00349130481481552 -0.453871220350266 -0.839001178741455 -1.16558706760406 -1.39568543434143 -1.73219084739685 -2.11956667900085 -2.40862059593201 -2.67153835296631 -2.94739317893982 -2.17352509498596 -1.70084571838379 -2.12793636322021 0.782936811447144 3.29901909828186 9.51568222045898
3.48450803756714 3.593674659729 3.64095306396484 3.7346785068512 3.76683235168457 3.79858064651489 3.81618547439575 3.78651332855225 3.73407483100891 3.68780064582825 3.56708240509033 3.41414260864258 3.33544135093689 3.10987973213196 2.79256963729858 2.41510558128357 1.98448431491852 1.64589667320251 1.72902035713196 1.76506292819977 1.54634010791779 1.43960249423981 1.18830442428589 0.947503685951233 0.760988771915436 0.653549790382385 0.570952892303467 0.228851363062859 -0.0609715543687344 -0.4717718064785 -0.758210837841034 -1.0203742980957 -1.28387427330017 -1.46350049972534 -0.0825086310505867 0.151575207710266 0.419311493635178 0.0128680765628815 2.46589589118958 5.52412462234497 7.81630182266235 9.27964973449707 7.76934289932251 10.9545793533325 13.1419124603271
3.3821120262146 3.46849083900452 3.51194477081299 3.63847970962524 3.68490433692932 3.67902803421021 3.65271711349487 3.61094236373901 3.5454318523407 3.42304730415344 3.35451555252075 3.20794343948364 3.02417755126953 2.77359986305237 2.47507691383362 2.15457701683044 1.7348405122757 1.5400356054306 1.62232494354248 1.65929198265076 1.42467963695526 1.14738702774048 0.916520774364471 0.719573497772217 0.546705424785614 0.429050773382187 0.424968063831329 0.0807763785123825 -0.316263049840927 -0.745554268360138 -1.07794201374054 -1.19478929042816 -1.33557260036469 1.76395356655121 2.31624794006348 4.71627426147461 7.61530494689941 10.5121459960938 12.7457885742188 16.8569831848145 18.0443706512451 17.8794727325439 15.1619415283203 12.6034860610962 9.95251083374023
3.26297950744629 3.37816119194031 3.48082327842712 3.58016109466553 3.62712836265564 3.60284209251404 3.50505590438843 3.43707156181335 3.38092541694641 3.27017593383789 3.19586253166199 3.04582214355469 2.8655891418457 2.59111642837524 2.21790885925293 1.91555678844452 1.5742712020874 1.35405278205872 1.43476760387421 1.38395464420319 1.2728476524353 0.981844484806061 0.68097048997879 0.543294906616211 0.392102599143982 0.24931775033474 0.213188901543617 -0.0743789076805115 -0.624639689922333 -0.949376881122589 -1.24238455295563 -1.39189612865448 -0.294175177812576 2.56016206741333 4.78777074813843 8.65703201293945 12.8533964157104 16.5570049285889 18.3069019317627 18.1481952667236 17.8272571563721 16.5378875732422 13.6872072219849 9.8393497467041 5.52438163757324
3.20106053352356 3.24027323722839 3.34437537193298 3.43369889259338 3.49250102043152 3.47448706626892 3.38247871398926 3.28339242935181 3.22760653495789 3.12904763221741 3.02566742897034 2.88808298110962 2.71240305900574 2.37880754470825 1.94198286533356 1.57151663303375 1.29280936717987 1.11221158504486 1.07421958446503 1.01338028907776 0.891680598258972 0.705955684185028 0.494432598352432 0.364215672016144 0.232571944594383 0.0738153904676437 -0.0760715752840042 -0.240546330809593 -0.656328856945038 -1.12704801559448 -1.45128297805786 -1.56919384002686 1.91103363037109 3.77566337585449 8.37685775756836 12.6321315765381 15.8633899688721 16.1470279693604 16.8478851318359 15.3186588287354 13.7395257949829 11.4772815704346 8.67134380340576 5.82951736450195 4.34560632705688
2.99427223205566 3.10042214393616 3.2027599811554 3.3053240776062 3.35243844985962 3.34209561347961 3.25915288925171 3.15074825286865 3.08729958534241 2.96933436393738 2.81328678131104 2.72924852371216 2.51603984832764 2.14764142036438 1.70609676837921 1.28883767127991 1.0619181394577 0.939543962478638 0.804321229457855 0.678273022174835 0.532834887504578 0.389162838459015 0.24831023812294 0.131343021988869 0.021226592361927 -0.0168146528303623 -0.233600944280624 -0.401220977306366 -0.773579716682434 -1.37295973300934 -0.761002242565155 3.541743516922 4.91555786132812 9.03202629089355 13.263388633728 13.2850246429443 13.050952911377 12.9204864501953 13.0546607971191 12.4516630172729 10.958155632019 8.29763412475586 6.32893562316895 4.78172492980957 3.65933179855347
