slauniainen/Data/DEM/Vihti_dsm1500b_cl_horizonAngle_138.asc
NCOLS 196 
NROWS 178 
XLLCORNER 353680 
YLLCORNER 6699024 
CELLSIZE 16 
NODATA_value -3.4e+38 
[rows 60 to 79 of 178, columns 0 to 45 of 196]
7.55569076538086 8.14217758178711 10.3862676620483 7.52014017105103 11.1290473937988 2.09281730651855 2.28284978866577 2.48026728630066 2.45792293548584 3.34367251396179 3.53833842277527 3.98737120628357 2.63239693641663 2.14711451530457 2.2798867225647 2.93637919425964 3.09023666381836 3.28438138961792 4.56910943984985 2.11703133583069 4.57270526885986 -1.84283089637756 12.7309474945068 12.7880487442017 21.4688873291016 -1.2014228105545 -0.947198927402496 -0.526940524578094 -0.271383762359619 3.68793106079102 -0.093621663749218 -0.0562849678099155 0.0210907384753227 0.0783752128481865 0.0771236345171928 0.0321821048855782 -0.0171680729836226 -0.0777138918638229 -0.134922608733177 0.209747046232224 0.576278150081635 13.2679948806763 -1.40476667881012 35.344310760498 -1.3070273399353 -1.74310553073883
9.88855457305908 -0.905564785003662 9.7379093170166 13.2509679794312 8.92828845977783 16.0535621643066 3.14368271827698 2.64610600471497 2.69916033744812 3.32319831848145 3.6574592590332 3.6049211025238 3.79075288772583 2.59243750572205 2.69104194641113 2.79425978660583 3.52909302711487 3.28539228439331 3.08222818374634 1.14800930023193 2.72748565673828 5.21010971069336 4.61389875411987 19.0225677490234 19.0120525360107 37.2429733276367 -1.02384281158447 -0.640282154083252 -0.319577306509018 -0.157463327050209 6.24835062026978 -0.0194514449685812 0.0422906391322613 0.114824093878269 0.139327019453049 0.112676106393337 0.0540368780493736 0.02197583951056 -0.00431973254308105 -0.0534711852669716 0.29521632194519 0.646509945392609 24.2928466796875 -1.15778040885925 -1.28973650932312 -0.780395090579987
-0.203839123249054 -1.16294372081757 2.69024872779846 12.3872299194336 18.863260269165 11.5214681625366 28.3927764892578 2.10980010032654 2.7732617855072 3.46747446060181 2.66954874992371 3.65946912765503 4.24670076370239 5.3189115524292 3.0689799785614 2.73758554458618 3.19911646842957 5.51261281967163 2.25135183334351 1.30430364608765 1.15604746341705 1.51586413383484 4.85589790344238 7.38651990890503 36.4357109069824 35.8844795227051 2.96299719810486 -0.785646796226501 -0.424822300672531 -0.204303547739983 -0.096267394721508 10.856969833374 0.0445624887943268 0.118431679904461 0.16403292119503 0.178645461797714 0.154992029070854 0.125945582985878 0.0909066572785378 0.0482605583965778 0.00016005669021979 0.360417395830154 0.70622330904007 -0.155789375305176 0.0352044962346554 2.10123014450073
1.70864701271057 2.35849356651306 1.92492032051086 2.72946071624756 17.1677360534668 32.282356262207 15.6898031234741 3.58361411094666 2.52134418487549 2.21241044998169 2.15725779533386 3.24625444412231 4.49676179885864 4.84708833694458 6.20674467086792 3.93462324142456 3.45967888832092 3.37901186943054 1.1182713508606 1.73279714584351 1.33513510227203 0.896388351917267 0.737930953502655 8.8634090423584 18.1912117004395 -1.84689152240753 -1.93156754970551 -2.33474278450012 -0.535484194755554 -0.251044690608978 -0.096969947218895 -0.0200203433632851 -0.427453249692917 0.116226062178612 0.172895058989525 0.213437527418137 0.238741517066956 0.235267147421837 0.186746269464493 0.133353039622307 0.0860089287161827 0.0531870126724243 0.419089585542679 0.768866300582886 0.656989574432373 6.52726888656616
1.58338665962219 1.8705050945282 1.64123737812042 1.93487536907196 3.26022744178772 31.12184715271 0.316035151481628 28.5874137878418 -0.809892296791077 2.05765438079834 2.5293505191803 2.88275861740112 3.46560740470886 6.58280086517334 5.844566822052 1.24600553512573 2.66330623626709 1.46341705322266 1.62029874324799 1.15032029151917 2.02211117744446 1.50374174118042 1.10327935218811 1.61705183982849 20.1886081695557 -0.933431684970856 -1.2075172662735 -1.75973773002625 -0.339385271072388 -0.193295851349831 -0.0422465689480305 0.0273123309016228 0.0893515422940254 0.138979956507683 0.192166268825531 0.244354471564293 0.292541861534119 0.316940695047379 0.292351335287094 0.231025576591492 0.172116532921791 0.137784823775291 0.729169547557831 0.467766642570496 0.849600374698639 2.56910300254822
1.46326112747192 1.91269934177399 1.36741197109222 1.64283800125122 2.08911657333374 4.32052564620972 1.02751564979553 6.25980043411255 0.977312088012695 2.69904232025146 2.68341827392578 2.77231740951538 2.91485643386841 1.71586787700653 1.16627657413483 1.01006829738617 1.28744435310364 1.55066573619843 1.4864102602005 1.71241283416748 1.29158425331116 2.63268876075745 1.95319175720215 3.35314679145813 4.36158561706543 -0.839443504810333 -0.772336721420288 -0.851735413074493 -1.08614039421082 -0.0375922583043575 -0.00988587830215693 0.0933949425816536 0.160019889473915 0.200683727860451 0.241365000605583 0.289615035057068 0.332450419664383 0.353732317686081 0.366344153881073 0.33164119720459 0.263519078493118 0.218604639172554 0.187142670154572 0.782033920288086 1.72213387489319 2.51261162757874
1.79520070552826 1.90271306037903 1.41596496105194 1.59448158740997 2.16095662117004 2.27144479751587 7.69300317764282 1.44367229938507 0.843048989772797 2.91459941864014 3.19693231582642 2.81193280220032 3.07623744010925 1.28968596458435 1.74655258655548 1.31112217903137 1.24264597892761 1.3952009677887 1.62886273860931 1.60297429561615 1.87939751148224 1.41821074485779 3.46526861190796 2.174232006073 1.26491987705231 13.9147214889526 -0.301789909601212 -0.530855238437653 4.00451803207397 0.088859885931015 0.106081210076809 0.147711664438248 0.216329872608185 0.260228246450424 0.295039117336273 0.329438090324402 0.354529470205307 0.374825179576874 0.391443967819214 0.404890030622482 0.373765796422958 0.320886969566345 0.274661511182785 0.321833521127701 1.83746790885925 3.08707070350647
1.43357276916504 1.15020215511322 1.30369973182678 1.39736270904541 1.78807330131531 2.31067228317261 2.42916345596313 1.80651235580444 2.36168742179871 3.1922299861908 3.57151770591736 4.09322643280029 3.5130033493042 3.23105096817017 1.61254715919495 1.75956737995148 1.36917507648468 1.3253790140152 1.49787044525146 1.7796573638916 1.84844672679901 2.06230282783508 1.81776511669159 4.38864135742188 3.15436410903931 2.23326683044434 1.15847754478455 3.06496262550354 1.51030075550079 17.8367462158203 0.191908672451973 0.197183802723885 0.260235846042633 0.299657225608826 0.340283751487732 0.376322448253632 0.382290840148926 0.393025487661362 0.411219984292984 0.440831333398819 0.47002848982811 0.441927552223206 0.382508367300034 0.994227409362793 1.65233373641968 2.1477370262146
1.13582503795624 1.26662850379944 1.29848635196686 1.24950873851776 1.48498260974884 1.97327589988708 2.63636612892151 2.90401124954224 2.55557727813721 2.77963638305664 3.93500304222107 4.80463409423828 4.58226823806763 1.47242057323456 1.80157470703125 1.6220418214798 1.86043763160706 1.72551763057709 1.49840712547302 1.75297904014587 2.06080865859985 2.3736047744751 2.27836036682129 2.7066376209259 5.6908597946167 4.06685447692871 2.72660708427429 6.66104412078857 4.59618473052979 2.61892700195312 -0.364068806171417 0.314137190580368 0.312387704849243 0.341227471828461 0.379756599664688 0.417822241783142 0.41815322637558 0.41573292016983 0.434465050697327 0.478516012430191 0.518420457839966 0.545846045017242 0.514730453491211 0.558966755867004 1.4863418340683 1.76405298709869
1.04589676856995 1.70274066925049 1.36569845676422 1.26281940937042 1.1754184961319 1.72480225563049 2.28328704833984 3.34445905685425 3.25342750549316 2.73496413230896 3.1502697467804 4.38501071929932 1.80892622470856 1.04173374176025 1.49968147277832 1.95915102958679 1.79629397392273 2.07132577896118 1.89400029182434 1.77991569042206 2.04372429847717 2.24964451789856 3.16299390792847 5.56434059143066 6.8829083442688 6.02983427047729 4.6123833656311 3.26097130775452 9.77657985687256 6.99026155471802 4.40736293792725 0.625327706336975 0.395550608634949 0.396833747625351 0.426653444766998 0.449480950832367 0.454152196645737 0.459136784076691 0.489880710840225 0.534351050853729 0.59784060716629 0.627608120441437 0.639584720134735 0.71358585357666 0.878180086612701 1.57911217212677
1.5754816532135 1.22015798091888 1.32404124736786 1.5288724899292 1.52209007740021 1.42154467105865 2.04667854309082 2.68945002555847 4.13181400299072 3.56366610527039 1.98844110965729 2.36615633964539 1.77114689350128 1.88583493232727 1.24354469776154 1.72954487800598 2.14968800544739 1.95793342590332 2.24503684043884 2.10728573799133 1.97732520103455 2.29862713813782 2.44259071350098 3.77884769439697 2.69773197174072 9.61162281036377 8.766526222229 6.27504110336304 4.9886269569397 15.3138599395752 11.1410007476807 7.21220731735229 1.85505676269531 0.467937141656876 0.470306843519211 0.531077206134796 0.686152637004852 2.6443567276001 2.66406774520874 1.71303808689117 0.614630937576294 0.700017333030701 0.699456870555878 0.8138347864151 0.891202569007874 0.999427199363708
2.17368745803833 2.27744913101196 1.25290727615356 1.8716002702713 1.53778004646301 1.94032287597656 1.43285357952118 2.7432234287262 2.92584919929504 1.75240254402161 1.90372514724731 2.00798082351685 2.489098072052 2.06216502189636 2.15390086174011 1.33548426628113 1.83281862735748 2.30991959571838 2.13618302345276 2.46198582649231 2.2861316204071 2.39113306999207 2.35510230064392 2.68609142303467 5.90899801254272 6.70689249038696 13.317286491394 13.7445335388184 9.94124794006348 7.86427593231201 29.0296974182129 22.2512607574463 15.9889440536499 5.63714265823364 1.05891084671021 2.45227479934692 4.36554527282715 1.96164524555206 0.548051536083221 0.633642554283142 0.683858633041382 0.730157077312469 0.784352242946625 0.872036278247833 0.920815646648407 0.942145347595215
2.14952373504639 2.6156325340271 1.35823595523834 1.1074413061142 1.9052699804306 1.60201966762543 0.484877943992615 1.88563466072083 0.782781064510345 1.23397243022919 1.59611988067627 2.10194110870361 2.23731780052185 2.72296500205994 2.21592426300049 2.29785084724426 1.48765933513641 1.99614894390106 2.46233987808228 2.31861233711243 2.67951965332031 2.39208269119263 2.65345883369446 2.72429442405701 2.88439106941223 8.37952423095703 10.0159397125244 19.9265460968018 26.8672561645508 20.1892547607422 15.9067764282227 -0.343389272689819 -0.0237618256360292 0.138146191835403 0.403318166732788 2.63447690010071 0.568214178085327 1.18214476108551 0.644615054130554 0.734166085720062 0.769967079162598 0.80047881603241 0.874448955059052 0.876592993736267 0.915473461151123 0.962932109832764
1.723428606987 3.11765122413635 3.22597670555115 0.87194949388504 0.901876628398895 0.147832751274109 0.0893005803227425 0.654015600681305 0.573419034481049 0.82390946149826 1.3039767742157 1.82176947593689 2.27661061286926 2.41148638725281 2.87400841712952 2.40790891647339 2.51816964149475 1.57071018218994 2.13177013397217 2.66391849517822 2.47444272041321 2.87498927116394 2.68161225318909 2.92499613761902 2.91708207130432 3.08152937889099 13.2421464920044 21.0158767700195 37.5298614501953 2.38417053222656 2.62306976318359 3.25971341133118 0.428064078092575 0.431842297315598 1.67754209041595 1.00635206699371 0.596757411956787 0.656782746315002 1.23556697368622 0.768717467784882 0.817118167877197 0.854537725448608 2.44907927513123 2.13457083702087 2.0404691696167 2.51338410377502
2.05655717849731 2.78086519241333 1.46036994457245 0.130555495619774 0.737170279026031 0.890046834945679 0.278278738260269 0.348649799823761 0.250455588102341 0.584619700908661 0.957883656024933 1.42831349372864 1.97633183002472 2.46688508987427 2.58337450027466 3.13301062583923 2.60082244873047 2.69869184494019 1.76252996921539 2.32203316688538 2.82425165176392 2.73424911499023 3.1614203453064 2.85586738586426 3.16021060943604 3.19161939620972 8.7382984161377 29.1474838256836 7.78322458267212 1.17157137393951 2.57431125640869 6.03891372680664 7.64592313766479 0.71090704202652 0.682627260684967 0.643203258514404 0.809890329837799 0.726723492145538 0.775822401046753 1.30685925483704 0.87001633644104 2.48170518875122 2.49560236930847 2.52446413040161 2.40828466415405 2.64935970306396
1.79143726825714 2.80383849143982 1.84811902046204 1.14896047115326 0.0693336203694344 0.633917033672333 0.0830404609441757 0.325497150421143 0.133443623781204 0.158315077424049 0.596434056758881 1.39967799186707 1.58559894561768 2.10973429679871 2.64208269119263 2.94227576255798 3.34202671051025 2.81839561462402 0.67308509349823 1.8496390581131 2.56412482261658 3.12533259391785 3.2739794254303 3.05902647972107 3.09595417976379 3.87216687202454 5.07257556915283 10.4621448516846 2.35370683670044 1.88103830814362 18.6955070495605 4.0149097442627 8.98485946655273 1.64242577552795 0.728012025356293 0.702543139457703 0.662251889705658 0.855747580528259 0.774603366851807 0.844321966171265 2.18104290962219 2.47759222984314 2.578932762146 2.60377883911133 2.60309934616089 2.74358654022217
2.53191018104553 2.55927896499634 3.09256267547607 0.996830880641937 0.246843069791794 0.232967659831047 0.0956296548247337 0.166410744190216 0.118195131421089 0.132629111409187 0.21625605225563 2.25911331176758 0.731019675731659 1.6887708902359 2.34248065948486 2.87085771560669 3.44291925430298 2.98351430892944 2.97654509544373 2.05040884017944 2.72038626670837 2.85166597366333 3.35810351371765 3.55437541007996 3.46376919746399 3.26023650169373 3.55167651176453 5.47401237487793 13.0257587432861 9.60634708404541 2.18837642669678 2.40519833564758 29.155647277832 5.79624176025391 6.5214991569519 0.74437415599823 0.839953660964966 0.720752835273743 1.36692953109741 1.98754906654358 2.26121854782104 2.49208116531372 2.5732626914978 2.71316576004028 2.66699147224426 2.70805597305298
2.21866679191589 1.84951865673065 1.64207375049591 1.41698002815247 0.57337898015976 0.986546754837036 0.396625727415085 0.133775115013123 0.127160370349884 0.158602774143219 0.211447834968567 0.285372078418732 3.17963814735413 0.852279603481293 1.94074320793152 2.57241058349609 3.07253813743591 3.6225118637085 3.17502403259277 3.3073046207428 2.27083802223206 2.92772746086121 3.47934508323669 3.35733532905579 3.84547686576843 3.37774586677551 3.27923917770386 3.66725993156433 9.59588432312012 14.410551071167 3.41210412979126 2.35375547409058 6.39641523361206 0.870840191841125 10.6008081436157 12.7653379440308 0.777366518974304 1.46086037158966 1.89217686653137 1.83500552177429 2.09603095054626 2.35436725616455 2.5887930393219 2.70408916473389 2.8243772983551 2.80796647071838
2.17068433761597 2.26693558692932 1.87899160385132 1.52523565292358 1.46357643604279 0.344805508852005 0.137296214699745 0.153497487306595 0.159253835678101 0.16972753405571 0.165520057082176 0.258600831031799 0.349970191717148 5.01589202880859 0.977226436138153 2.44738698005676 3.11685872077942 3.34586143493652 3.99565315246582 3.42007613182068 3.52494716644287 2.43142437934875 3.1581118106842 3.81944370269775 3.48869132995605 3.89792251586914 3.35955095291138 3.36110019683838 3.81003165245056 3.23229074478149 31.6398963928223 3.94887208938599 3.06813859939575 6.67120885848999 4.12107849121094 17.534294128418 1.57066249847412 1.69604313373566 1.78530430793762 1.96257328987122 2.11573457717896 2.46016216278076 2.45645403862 2.69493579864502 2.82826828956604 2.9224112033844
2.08132815361023 2.20536756515503 2.29561352729797 1.90190887451172 1.56463062763214 1.49797594547272 0.142087042331696 0.194625422358513 0.17194838821888 0.174300581216812 0.179889857769012 0.21021232008934 0.294065803289413 0.390226930379868 8.47309970855713 2.1392707824707 2.82369589805603 3.4610800743103 3.58808135986328 4.21532106399536 3.61832189559937 3.7151837348938 2.61274933815002 3.48659920692444 3.90765357017517 3.59528660774231 4.06453323364258 3.47756123542786 3.50698089599609 4.0014762878418 3.74736928939819 1.74698495864868 4.15435791015625 3.19608807563782 18.7878360748291 27.9156455993652 13.6691846847534 2.02433943748474 1.76346135139465 2.0289204120636 2.0088095664978 2.38042426109314 2.7248227596283 2.74755334854126 2.82111167907715 2.92829775810242
