slauniainen/Data/DEM/Vihti_dem1500b_cl_horizonAngle_264.asc
NCOLS 196 
NROWS 178 
XLLCORNER 353680 
YLLCORNER 6699024 
CELLSIZE 16 
NODATA_value -3.4e+38 
[rows 140 to 159 of 178, columns 90 to 134 of 196]
1.54327380657196 1.02705323696136 0.39972048997879 0.0364824384450912 -0.0965779423713684 -0.251760244369507 -0.365962296724319 -0.442009001970291 -0.50398862361908 1.76141512393951 1.3684276342392 1.56612741947174 1.24677038192749 0.615970551967621 -0.0581590421497822 -0.580295562744141 -0.624190986156464 -0.752210378646851 -0.853022038936615 -0.86698055267334 1.3035215139389 6.62486219406128 30.0191593170166 20.6613922119141 11.4034080505371 3.54479217529297 -1.33628225326538 -1.90177702903748 -2.15075063705444 -2.07979559898376 -0.871000587940216 -1.92218172550201 0.226925015449524 4.90834379196167 3.0127215385437 2.06878447532654 1.00793635845184 -0.767327427864075 -1.02172243595123 -1.19661128520966 -1.52984058856964 -1.90328598022461 -1.912393450737 0.17616368830204 1.89902579784393
1.49274730682373 1.14906024932861 0.743905603885651 0.416422635316849 0.230110913515091 0.0959037467837334 -0.0350223556160927 -0.279431253671646 -0.370836287736893 -0.264913767576218 -0.117302507162094 -0.147836089134216 -0.182926550507545 -0.219282805919647 -0.243480533361435 -0.262400269508362 -0.328547894954681 -0.477741062641144 -0.713799297809601 -0.749585926532745 2.7582471370697 10.9030609130859 22.2313327789307 17.6653270721436 9.85628414154053 5.2046480178833 -0.887024462223053 -1.49513852596283 -1.88037550449371 -1.86059606075287 1.98239493370056 -1.02852964401245 -1.25057291984558 3.72468328475952 3.29949569702148 2.16782331466675 0.998568177223206 -0.463781923055649 0.0265011321753263 -0.619646072387695 -0.983896911144257 -1.27550184726715 -1.49863016605377 -0.822871923446655 0.76021009683609
2.008131980896 1.43969130516052 1.32406830787659 1.19778978824615 1.01564848423004 0.854586660861969 0.653704166412354 0.454221874475479 0.302724748849869 0.345184683799744 0.580119371414185 0.490929991006851 0.399123400449753 0.32113790512085 0.261768609285355 0.178967550396919 0.0548342801630497 -0.160294249653816 -0.366760224103928 -0.422942489385605 2.66801810264587 11.729513168335 16.8344078063965 15.6593952178955 8.84293746948242 4.74437236785889 -0.308100670576096 -0.864435851573944 -1.34561359882355 -1.52734279632568 2.40797138214111 0.359659373760223 -1.00470888614655 2.11511325836182 2.31616616249084 1.36150121688843 1.17366528511047 0.795898079872131 -0.0349739044904709 -0.270607322454453 -0.505885422229767 -0.659965574741364 -0.800133407115936 -1.02386343479156 -0.569728255271912
2.0683765411377 1.53967344760895 1.49435389041901 1.46840405464172 1.39707732200623 1.27796077728271 1.15783953666687 1.03585231304169 0.881104350090027 0.78396600484848 0.831063270568848 0.644785165786743 0.490289717912674 0.364595264196396 0.317850857973099 0.195530503988266 0.0977079346776009 0.0410268343985081 0.275561928749084 0.788498520851135 3.23050308227539 7.93918752670288 14.833667755127 14.0378379821777 7.58183813095093 3.76650810241699 0.162840902805328 -0.249689742922783 -0.928211390972137 -1.07905423641205 2.34592366218567 2.16210770606995 0.460108071565628 -0.00416641542688012 1.73092615604401 1.59290874004364 3.71363759040833 1.83016848564148 0.56602668762207 0.130053624510765 -0.0571973137557507 -0.138078346848488 -0.157825604081154 -0.295347273349762 -0.569697439670563
2.70904874801636 2.3556821346283 2.27536821365356 2.13087940216064 1.98600339889526 1.80569326877594 1.64094543457031 1.43119716644287 1.41596174240112 1.24936866760254 1.10029256343842 0.780530452728271 0.460687518119812 0.158166632056236 0.0378402583301067 7.03173351287842 3.45434308052063 5.52463626861572 7.55012702941895 8.16256999969482 7.31006860733032 7.12422513961792 14.4126577377319 12.7837028503418 7.13510322570801 5.57376575469971 2.76040315628052 1.22713124752045 0.0262361634522676 -0.635872781276703 0.437342166900635 3.71763706207275 1.3459689617157 0.222540110349655 2.593998670578 3.66014719009399 3.45319986343384 2.24784278869629 0.839628100395203 0.496232718229294 0.466995507478714 0.343590468168259 0.305145889520645 0.122608326375484 -0.16095370054245
3.13187670707703 3.25588130950928 3.15112948417664 2.92750716209412 2.68675589561462 2.44950270652771 2.13670349121094 1.80897665023804 1.76067101955414 1.66486370563507 1.45296037197113 0.819627583026886 -0.0935265272855759 -0.535987794399261 -0.588789224624634 23.1044807434082 16.8339958190918 11.9619417190552 11.278600692749 11.1161975860596 10.3798418045044 9.34103679656982 16.0003108978271 11.8730602264404 8.58531379699707 6.30987882614136 2.95208072662354 1.09380614757538 0.40593883395195 -0.16441698372364 -0.273985296487808 3.79938292503357 2.1416597366333 1.87225317955017 4.57429695129395 3.55380034446716 2.36807060241699 1.62060379981995 0.785328090190887 0.437232345342636 0.193758815526962 1.23003733158112 0.623926758766174 0.127537950873375 -0.074981801211834
4.2662992477417 4.55595445632935 4.60934352874756 4.25174188613892 3.88848447799683 3.42013764381409 2.98402190208435 2.57196712493896 1.86728632450104 1.33514440059662 1.20201826095581 0.365788459777832 -0.388733416795731 -0.591694951057434 1.15955317020416 7.4078049659729 22.6978206634521 17.7837677001953 15.0667171478271 11.8458528518677 12.1042957305908 11.3207740783691 12.4926195144653 10.4211454391479 9.05945587158203 5.53580522537231 2.43037009239197 1.3580756187439 0.620331466197968 0.11111269146204 1.38770496845245 3.20117115974426 2.18035912513733 3.62240600585938 5.69067811965942 3.41790127754211 2.00256061553955 1.47781610488892 1.12762415409088 0.786694765090942 0.332020133733749 0.317178547382355 0.276261657476425 0.183457583189011 -0.0316104963421822
5.35845756530762 5.38235950469971 5.8053560256958 5.31367635726929 4.69325971603394 4.19125366210938 3.7422788143158 3.18885922431946 2.2382538318634 1.56858813762665 0.724372088909149 -0.0929209589958191 -0.378848046064377 -0.451636642217636 1.85052883625031 3.14190316200256 11.4924077987671 20.8370380401611 17.8734722137451 14.7385349273682 12.8399314880371 12.7315435409546 11.6633720397949 10.1803131103516 8.43529796600342 4.97802448272705 2.29820489883423 1.34330260753632 0.683409631252289 0.35627555847168 4.59131765365601 4.1919641494751 3.39130282402039 5.32608699798584 4.73046636581421 3.27356719970703 2.01433348655701 1.55128312110901 1.14990544319153 0.847430288791656 0.521856367588043 0.347981005907059 0.24678036570549 0.154494747519493 0.0181004870682955
6.91669797897339 6.30272150039673 6.00016403198242 5.65194225311279 4.76177167892456 4.14001893997192 3.71665573120117 3.22314381599426 2.40818858146667 1.62780725955963 0.762351095676422 -0.164945632219315 -0.557541906833649 -0.566590309143066 2.52673292160034 4.55841541290283 8.19688892364502 17.0199432373047 16.6706390380859 15.5615015029907 14.1402530670166 13.0401020050049 11.4306182861328 9.74339389801025 7.94800853729248 5.22986841201782 2.48897242546082 1.13145446777344 0.373495370149612 1.13265299797058 4.29196786880493 3.72744464874268 2.9919331073761 7.15718698501587 5.81913328170776 4.00968360900879 2.19353103637695 1.67357087135315 1.29552221298218 0.924946248531342 0.824360311031342 0.576569318771362 0.321239173412323 0.0606744214892387 0.0087044732645154
8.01639842987061 7.07844877243042 5.60097694396973 4.13730144500732 3.31060028076172 2.85517859458923 2.41761994361877 2.30991959571838 1.64619994163513 1.18232345581055 0.45048525929451 -0.283358514308929 -0.525655388832092 -0.526249051094055 4.39383316040039 5.87900686264038 7.21374368667603 15.1508188247681 16.954797744751 15.232533454895 14.2643909454346 12.4991302490234 10.3702478408813 8.94873523712158 7.37128686904907 4.95255661010742 2.07247090339661 1.01292550563812 0.176595911383629 1.70057272911072 6.0764741897583 4.81688022613525 4.27002477645874 4.85558986663818 5.53606081008911 3.73606395721436 2.31207609176636 1.55658638477325 1.10314381122589 0.846641421318054 2.72049450874329 1.47305643558502 0.530268430709839 0.0565594024956226 -0.0071250875480473
6.83887386322021 6.10240936279297 4.68201112747192 2.88446879386902 2.55083823204041 2.27012252807617 1.98451042175293 1.82650709152222 1.36170744895935 1.07467520236969 0.425700157880783 -0.202221259474754 -0.299710273742676 -0.332293599843979 4.43693447113037 6.81478214263916 10.5637445449829 13.0513029098511 14.5295124053955 13.8913583755493 13.0263719558716 11.3792581558228 9.09492683410645 7.84678649902344 6.4517502784729 4.3325572013855 1.95409274101257 0.735642194747925 0.317182749509811 2.55372714996338 6.38566493988037 5.12422180175781 3.88919973373413 3.59810543060303 6.51239824295044 4.38761329650879 2.19709587097168 1.32260382175446 0.71249932050705 0.341792345046997 3.78828501701355 2.51904320716858 0.446138948202133 0.162867113947868 0.0935942605137825
7.41055059432983 6.56795310974121 5.1585054397583 2.91074776649475 2.5744366645813 2.41727137565613 2.35943102836609 2.35582637786865 1.76098704338074 1.22948503494263 0.927791893482208 0.573161780834198 0.304205596446991 1.39297473430634 5.18212175369263 7.64525699615479 10.3984823226929 12.8458395004272 12.2322225570679 12.1737928390503 11.6890478134155 9.61340713500977 7.92875003814697 6.95755624771118 5.76497316360474 4.118248462677 2.06746029853821 0.915786504745483 0.59144389629364 0.532465159893036 4.22485780715942 3.23509192466736 2.11640477180481 1.50475442409515 6.37106657028198 7.24463796615601 4.00252437591553 2.09510731697083 0.546407222747803 0.364140808582306 2.56474280357361 1.96303391456604 0.352198034524918 0.186180725693703 1.61856997013092
8.7293872833252 6.63145160675049 5.69447708129883 4.4265718460083 3.51223230361938 3.54165267944336 3.78940033912659 3.26067781448364 1.99560439586639 1.17414784431458 1.13202607631683 0.885241270065308 0.6617032289505 2.17786288261414 7.06391716003418 7.65236902236938 9.13136768341064 10.9088563919067 11.9336042404175 10.9399499893188 10.1334238052368 9.3247709274292 7.92443084716797 6.73352670669556 5.51071357727051 4.15538644790649 2.44314908981323 1.26113986968994 0.746879398822784 0.595995128154755 0.932402431964874 2.09205842018127 0.841355085372925 0.573070287704468 6.07042264938354 8.01196193695068 4.84265089035034 2.41190552711487 0.608909845352173 0.470611363649368 2.34865117073059 2.81720232963562 1.69027268886566 0.557291686534882 0.402906715869904
11.2188768386841 7.77052879333496 6.70179748535156 6.08492469787598 5.17041254043579 4.54582405090332 4.36382532119751 3.93664717674255 2.20223164558411 1.27441561222076 0.994519591331482 0.797102451324463 0.671508073806763 2.7455723285675 9.03373241424561 6.8576602935791 5.97961854934692 8.33695697784424 9.74754238128662 16.717248916626 11.2124929428101 9.04435443878174 8.64069366455078 7.2616024017334 5.98397731781006 4.49426221847534 2.72803330421448 1.51371395587921 1.09915161132812 0.850242257118225 0.725107073783875 1.91643714904785 0.839930176734924 0.626262843608856 6.5408763885498 6.04568910598755 5.38937854766846 2.67745733261108 0.674833357334137 0.628610074520111 3.65274620056152 4.19673299789429 2.6237165927887 0.89320707321167 0.536508202552795
13.5928258895874 10.2786989212036 8.38783836364746 6.9974250793457 6.00868654251099 5.19465303421021 4.67824459075928 4.04290962219238 2.49152112007141 1.21003270149231 0.827387690544128 0.616097867488861 0.864144623279572 1.78980147838593 10.6317167282104 7.08645153045654 5.22328996658325 4.80986070632935 8.6480073928833 20.0584354400635 13.3064498901367 10.607346534729 8.77479457855225 7.4448447227478 6.25893354415894 4.7918906211853 3.01161336898804 1.63468217849731 1.27617001533508 1.07025241851807 0.907037317752838 0.85928863286972 0.821680843830109 0.945552885532379 5.13862657546997 4.94599866867065 7.05996179580688 4.05920648574829 1.34197556972504 1.36837303638458 4.27512359619141 2.63424015045166 1.1175776720047 0.8132164478302 0.704029858112335
14.7515058517456 11.2997484207153 9.07857704162598 7.66373443603516 6.61858606338501 5.29294490814209 4.70187950134277 4.0218243598938 2.61757731437683 1.16093575954437 0.627053916454315 0.419873267412186 0.997325420379639 3.46819877624512 9.88834381103516 6.83637046813965 4.50995302200317 4.05053472518921 9.10904788970947 20.2998065948486 14.5556859970093 11.1684761047363 8.61586666107178 6.67213249206543 5.67724657058716 4.47898483276367 3.23247623443604 1.72032237052917 1.40526604652405 1.38046526908875 1.36538219451904 1.32667350769043 1.45492029190063 1.52793347835541 4.16113328933716 3.93163990974426 6.78059768676758 5.44393968582153 2.44424986839294 2.49815559387207 2.91631937026978 1.44991421699524 1.29472053050995 1.21541166305542 1.0597608089447
13.4960308074951 11.4276638031006 9.77678775787354 8.27191352844238 7.18127679824829 6.07506895065308 4.72027063369751 4.49933385848999 3.52428388595581 1.60550880432129 0.800837397575378 0.5052649974823 0.618627190589905 4.2838716506958 9.6389684677124 8.20592212677002 5.29458475112915 4.65881586074829 9.187819480896 15.1638498306274 12.3157501220703 9.58708095550537 7.43164110183716 5.45988178253174 4.9820990562439 4.25708436965942 3.33829474449158 2.08825731277466 1.73460912704468 3.15628504753113 3.19733095169067 4.1280574798584 2.50500702857971 2.01181769371033 1.88261318206787 6.13092994689941 6.02206134796143 5.56281042098999 4.3907299041748 3.25578236579895 1.93387842178345 1.81720542907715 1.67870533466339 1.61606621742249 1.48398065567017
14.1970462799072 13.7166404724121 12.8246564865112 10.8516702651978 9.32766246795654 8.01936054229736 6.34656286239624 5.85025262832642 4.98983526229858 3.43966960906982 2.22004818916321 1.69603216648102 1.61434996128082 5.34377288818359 8.54073715209961 7.98701906204224 5.62676477432251 5.50960922241211 7.80487823486328 8.52206039428711 8.11023139953613 7.05790328979492 5.7768669128418 5.10645818710327 4.74247598648071 4.14158630371094 3.35930943489075 2.46140503883362 2.12329912185669 4.19809198379517 3.99056148529053 6.31612062454224 4.50425100326538 3.11633229255676 2.27173614501953 7.687575340271 6.72997236251831 5.72760200500488 5.20984840393066 3.37479519844055 2.37521576881409 2.25540161132812 6.64432430267334 4.09071159362793 2.64699912071228
19.526481628418 15.9775075912476 15.0614318847656 12.7260398864746 11.0280437469482 9.62707901000977 8.20551013946533 6.85281610488892 5.85319709777832 4.62451839447021 3.48015546798706 2.53218698501587 2.26745867729187 5.37589263916016 7.74168825149536 7.28336429595947 5.62699031829834 6.40511846542358 6.87785816192627 7.54172086715698 6.79403114318848 6.46947288513184 5.17556381225586 4.56942462921143 4.15586709976196 3.77211213111877 3.16861796379089 2.79823470115662 2.41828036308289 5.43736028671265 4.86961317062378 9.77463436126709 7.33272695541382 5.3721284866333 2.70735764503479 8.15138339996338 7.68647527694702 6.00929832458496 4.43313884735107 3.27678918838501 3.22316932678223 7.7660436630249 7.15551948547363 5.35354089736938 4.46197938919067
21.5176620483398 18.270055770874 17.9773292541504 15.3453531265259 13.272985458374 11.7026224136353 10.2794427871704 8.73491382598877 6.9809947013855 5.60617208480835 4.43521022796631 3.4404194355011 2.95409846305847 4.51682233810425 4.51072645187378 4.3054518699646 6.50436162948608 10.179669380188 8.3317813873291 7.93502473831177 7.15063762664795 5.24074649810791 4.51135540008545 3.9656720161438 3.71130633354187 3.65007400512695 3.40810394287109 3.00204706192017 2.68940806388855 3.15748333930969 4.22235774993896 14.2915506362915 10.9062347412109 8.8836727142334 6.37282085418701 4.96835899353027 4.96093893051147 4.5302586555481 4.05351257324219 6.96102666854858 10.388729095459 9.25089454650879 7.02191066741943 5.45080614089966 4.11459255218506
