slauniainen/Data/DEM/Vihti_dsm1500b_cl_horizonAngle_48.asc
NCOLS 196 
NROWS 178 
XLLCORNER 353680 
YLLCORNER 6699024 
CELLSIZE 16 
NODATA_value -3.4e+38 
[rows 20 to 39 of 178, columns 46 to 91 of 196]
2.78290033340454 -0.347656846046448 -1.79560649394989 -1.43986010551453 -1.39325308799744 -1.44849932193756 -1.60452950000763 1.76955091953278 5.612144947052 3.07959866523743 3.52363991737366 14.1458702087402 15.5554294586182 10.1513957977295 1.11085057258606 -0.901837766170502 0.923041641712189 7.01514720916748 11.2624111175537 22.9066028594971 17.2300796508789 2.65156650543213 1.49072563648224 2.26039338111877 4.31694412231445 4.06577825546265 3.01736330986023 4.96688604354858 3.8756046295166 19.9070129394531 6.70455312728882 4.66464614868164 3.78314113616943 3.15825653076172 2.92870116233826 1.61581909656525 1.86035823822021 2.24680638313293 2.26765131950378 1.44852304458618 0.837561845779419 0.670354664325714 0.124238736927509 -0.142199873924255 -0.280478954315186 -0.63673335313797
-0.398542046546936 9.94687366485596 5.81366205215454 3.72957921028137 1.45497965812683 9.12437629699707 5.16319847106934 -0.798498749732971 1.13294470310211 2.93556094169617 6.72303676605225 18.5350074768066 6.91939496994019 15.8431739807129 19.8588256835938 2.67577457427979 3.34484148025513 4.07998371124268 10.1929187774658 11.4318857192993 21.0672340393066 15.7291288375854 10.1690235137939 9.30390644073486 3.72273993492126 2.76799368858337 2.93113040924072 3.11487627029419 10.3535060882568 5.18904781341553 4.42433500289917 3.58097290992737 2.89889335632324 2.71224355697632 1.61930584907532 1.61520385742188 1.28938353061676 1.53066003322601 1.36035978794098 0.850655436515808 1.01662635803223 0.575532793998718 -0.179064705967903 -0.361816495656967 -0.790543973445892 -0.233298912644386
15.4962272644043 6.33800411224365 12.0520343780518 16.153902053833 16.2983894348145 16.8687877655029 19.9812927246094 8.04613018035889 13.4616212844849 5.30307531356812 9.92395687103271 15.5000696182251 9.51710224151611 30.3533020019531 29.6167163848877 4.16717433929443 11.9357748031616 9.44150543212891 9.08220958709717 8.22369194030762 5.76830863952637 16.3528518676758 2.93771576881409 3.30275821685791 2.57364392280579 2.44424414634705 2.6693549156189 3.64755392074585 2.57618498802185 4.25649309158325 3.4359655380249 2.73652911186218 2.54983854293823 1.33309364318848 1.23066902160645 0.965572714805603 1.42887163162231 1.29358685016632 0.842683374881744 0.791711747646332 0.888733446598053 1.07251608371735 0.0310161579400301 -0.853379130363464 -0.310693442821503 -0.81113189458847
19.1554698944092 11.3883066177368 14.345534324646 10.2497272491455 10.6461915969849 12.997896194458 1.0415198802948 6.18661260604858 9.4734935760498 5.40540885925293 7.6118483543396 5.76970338821411 19.6231231689453 23.3935623168945 30.0115261077881 24.0109710693359 11.8264636993408 9.92755317687988 4.46575975418091 12.8008308410645 7.77538394927979 23.53515625 2.61541390419006 2.34161734580994 9.81660842895508 17.4347343444824 2.97604584693909 32.3275108337402 4.1227822303772 3.35922980308533 2.67224836349487 2.42377495765686 1.02581191062927 0.937561094760895 0.889095604419708 1.08496904373169 1.07863795757294 0.764871716499329 0.69610196352005 0.560266077518463 0.892649352550507 0.788336396217346 0.624606549739838 -0.313376605510712 -0.894030272960663 -0.750762522220612
8.70802211761475 11.4498310089111 9.20897102355957 8.46383666992188 9.78553771972656 25.3110237121582 3.95040011405945 5.50159168243408 12.9866161346436 7.5694465637207 28.7551937103271 17.1518020629883 14.6797533035278 26.0709552764893 18.9139213562012 22.7474594116211 24.0826282501221 25.3134689331055 12.2693386077881 12.6653175354004 5.00542545318604 10.4775638580322 2.13682413101196 2.25442266464233 6.76795148849487 2.80049085617065 18.5586090087891 4.02341222763062 3.30343174934387 2.62017226219177 2.36105990409851 1.05328130722046 0.820818245410919 0.812031984329224 0.895437836647034 0.870177388191223 0.648276269435883 0.585676491260529 0.489779710769653 0.624216973781586 0.653595447540283 0.636833786964417 0.759160876274109 0.344361215829849 -0.619864344596863 -0.709817707538605
7.76905584335327 18.1344699859619 20.6566257476807 11.9957141876221 7.1933388710022 3.09165620803833 4.71495962142944 6.40077829360962 7.7016921043396 12.5755214691162 9.28654098510742 14.1969938278198 19.4721450805664 13.87375831604 13.1517515182495 11.8557586669922 12.3324909210205 8.01174068450928 6.68360328674316 2.71858763694763 7.79725122451782 7.12277555465698 4.19419384002686 3.27359557151794 13.8205194473267 8.9966459274292 3.98471665382385 3.26671099662781 2.50465202331543 2.34340810775757 2.14592099189758 1.81916093826294 0.735202014446259 0.75321364402771 0.719513893127441 0.60970002412796 0.576714992523193 0.431863129138947 0.476482152938843 0.545829892158508 0.595612466335297 0.52441543340683 0.393486589193344 0.334663569927216 -0.032030388712883 -0.662493407726288
9.03189468383789 15.0405626296997 11.7578601837158 5.34995651245117 7.84412717819214 3.89156818389893 3.13546419143677 6.80752372741699 8.48823165893555 18.961597442627 11.2393007278442 9.09264659881592 7.70272922515869 8.36305141448975 8.97588157653809 4.79744243621826 2.22876858711243 4.04675531387329 17.4683685302734 7.04994964599609 28.3321285247803 8.30492782592773 2.85894203186035 3.42572164535522 4.96229648590088 3.90919542312622 3.26426148414612 2.87625026702881 2.64532065391541 2.61593127250671 2.57815408706665 1.79839479923248 1.02710342407227 0.656227290630341 0.46182844042778 0.44062751531601 0.836324036121368 0.434351235628128 0.340582132339478 0.512699604034424 0.536319553852081 0.303136438131332 0.201782912015915 0.017241932451725 0.0310644544661045 -0.235715687274933
6.75585746765137 8.47348117828369 7.68733215332031 5.31492471694946 2.39589476585388 1.84868919849396 4.10365390777588 6.33554649353027 6.59939432144165 5.86859273910522 8.16805362701416 5.42299365997314 6.85176515579224 5.00222873687744 23.7345390319824 31.8265228271484 18.0195026397705 19.8406734466553 21.7204971313477 18.0908851623535 28.6777095794678 12.8842163085938 2.53375601768494 8.14732837677002 3.51457357406616 3.24162912368774 3.34315466880798 3.33326816558838 2.77826333045959 2.43225359916687 2.01864385604858 2.02393054962158 1.57512938976288 1.28476738929749 0.773096799850464 0.48214453458786 0.633337557315826 0.610602080821991 0.346609830856323 0.397550582885742 0.323748856782913 0.161346077919006 -0.0632783472537994 -0.197291359305382 -0.324048280715942 -0.276709139347076
3.17056131362915 4.04220008850098 14.4084177017212 9.08081436157227 9.9209623336792 1.25549757480621 3.13717460632324 4.28662014007568 7.89729642868042 10.3356142044067 5.12688159942627 4.71854305267334 2.82716131210327 3.58357214927673 2.51574492454529 8.85499095916748 13.8979530334473 13.0867538452148 13.616397857666 11.579158782959 19.358283996582 10.3234062194824 4.20475149154663 9.56026458740234 3.17993330955505 2.61349892616272 2.57420492172241 2.48260998725891 2.40842628479004 1.92599022388458 1.7215017080307 1.47772121429443 1.4870218038559 1.29825472831726 1.1676629781723 0.5484699010849 0.333060175180435 0.489427179098129 0.323517054319382 0.239741638302803 0.135095357894897 0.0466159954667091 -0.150183171033859 -0.396071970462799 -0.516046285629272 -0.582081139087677
9.1157398223877 5.3839807510376 14.2388792037964 7.96545886993408 5.82304620742798 2.76045942306519 2.21764540672302 2.65929293632507 2.87922239303589 11.1207609176636 4.30794954299927 20.1647090911865 17.5723686218262 7.36060428619385 4.10763216018677 7.96823978424072 9.13700771331787 10.9661998748779 6.9399619102478 4.88358354568481 6.46587944030762 19.7986087799072 5.59269571304321 2.51010775566101 1.78517687320709 0.618935585021973 0.134269922971725 3.10036373138428 3.40705108642578 2.26998472213745 1.42245852947235 1.2123407125473 1.15790140628815 1.14241397380829 1.00557959079742 0.599108755588531 0.2419313788414 0.133236914873123 0.129929572343826 0.0874691754579544 -0.0776514336466789 0.0294996406883001 0.0637613162398338 -0.484240472316742 -0.708399653434753 -0.60895437002182
3.87839984893799 8.77432727813721 5.27371215820312 5.3106517791748 2.51919984817505 1.61938214302063 1.57452571392059 0.961001515388489 2.30863976478577 3.94624733924866 2.3491051197052 9.46242618560791 16.0005664825439 2.50439286231995 6.21563816070557 5.55106544494629 7.4589672088623 6.29011297225952 2.33687496185303 20.4667549133301 10.2440958023071 4.13441228866577 0.81424605846405 0.425386637449265 -0.48373618721962 0.0352934449911118 -0.804551303386688 1.71260845661163 3.87914752960205 3.14555096626282 1.64655208587646 1.06756901741028 0.977926731109619 0.937998056411743 0.791803479194641 0.236964955925941 0.0242430251091719 -0.0185440126806498 -0.0642751976847649 0.117795556783676 0.0133685348555446 -0.0713825300335884 0.255516976118088 0.0682432502508163 -0.602044880390167 -0.17965367436409
5.64869070053101 20.9899711608887 15.6337690353394 14.3756723403931 9.73934841156006 5.54302501678467 8.62050533294678 1.36602830886841 3.73298072814941 1.73835349082947 4.86376762390137 7.00891304016113 11.3146419525146 2.45357704162598 2.85685801506042 2.62922191619873 8.60085678100586 23.9557647705078 11.0424518585205 7.22893238067627 1.9980081319809 0.514395654201508 35.282772064209 -0.966364681720734 0.018797067925334 15.0381317138672 8.1866283416748 4.64941692352295 4.23298597335815 3.68444514274597 2.50218796730042 1.26214683055878 0.833056688308716 0.658163726329803 0.75600278377533 0.455872893333435 -0.143890470266342 -0.21337203681469 -0.166671544313431 -0.0762669295072556 0.197455570101738 0.0733192265033722 -0.00540440436452627 0.348118543624878 0.0472728312015533 0.0474353693425655
7.72506904602051 19.9798221588135 8.62605381011963 7.93553829193115 6.28144645690918 11.7924098968506 8.64269351959229 2.03529691696167 1.60446882247925 2.14429783821106 5.05306959152222 6.17340755462646 1.73201477527618 2.14292073249817 13.9722261428833 3.52872610092163 2.31794762611389 6.83606910705566 5.31756258010864 1.62291705608368 5.18200159072876 0.357584118843079 -0.383684754371643 26.7879123687744 22.408805847168 -0.969713449478149 -0.724986612796783 0.487699329853058 4.07630729675293 3.73341512680054 2.96374869346619 1.9004842042923 0.999988496303558 0.624007701873779 0.420768052339554 0.556109726428986 -0.00053126405691728 -0.284579396247864 -0.234409779310226 -0.142622366547585 0.019676087424159 0.187632128596306 0.0818773955106735 -0.0393087044358253 0.102524191141129 -0.283953487873077
14.5634002685547 25.4318370819092 10.3884353637695 4.96027517318726 7.9363112449646 6.46665954589844 0.552776038646698 1.23064637184143 0.98556387424469 1.65105366706848 4.18870830535889 20.2002277374268 1.97953927516937 9.69514083862305 4.73686265945435 19.6941738128662 4.19504165649414 4.07362508773804 1.49600422382355 0.824861824512482 9.15319061279297 13.0373220443726 14.2620639801025 -0.882315039634705 -1.06843721866608 30.0610656738281 -0.575547397136688 0.0808062925934792 3.79976725578308 3.26045608520508 3.24515676498413 2.4225971698761 1.50465738773346 1.04019725322723 0.524729311466217 0.342873722314835 0.177731394767761 -0.310533344745636 -0.303090065717697 -0.174507617950439 -0.0488497167825699 0.116047225892544 0.08456751704216 0.0332041494548321 -0.158915162086487 0.0801628604531288
21.3415622711182 32.9233169555664 32.9492645263672 9.7519474029541 15.6658182144165 13.2557382583618 3.84029674530029 9.40847873687744 1.82045984268188 1.89849412441254 10.3277730941772 18.2185554504395 1.61696839332581 3.41380047798157 11.479585647583 3.53179454803467 2.94027280807495 1.22638046741486 3.62540650367737 0.28900870680809 26.0858764648438 9.58602905273438 12.5104875564575 4.9275164604187 -1.03270304203033 -0.683859586715698 17.7256164550781 -0.798679292201996 3.8775417804718 2.96486616134644 2.74719381332397 3.04782366752625 1.93460142612457 1.4754866361618 0.892914950847626 0.376824975013733 0.380930036306381 -0.165164709091187 -0.338177502155304 -0.220396220684052 -0.0382848121225834 -0.0485913306474686 0.0570963770151138 -0.0512524768710136 -0.180909290909767 -0.171969652175903
22.538948059082 24.5237522125244 26.5246105194092 25.8219242095947 23.6542949676514 21.2236747741699 13.2610206604004 9.03462314605713 19.6332492828369 4.84214639663696 1.63020551204681 8.27683639526367 2.35217785835266 1.9399505853653 3.29835724830627 2.88876390457153 1.07083237171173 6.87297439575195 36.7616348266602 13.7175664901733 1.33101403713226 2.03948664665222 -0.236232459545135 2.86578631401062 -0.0165116861462593 -0.658909618854523 -1.06667935848236 2.77864623069763 0.0206062588840723 2.7419753074646 2.33428931236267 2.51944494247437 2.90503883361816 1.89463698863983 1.46447253227234 0.675717234611511 0.54884660243988 0.264577269554138 -0.32955601811409 -0.270658671855927 -0.184837505221367 0.00574892666190863 -0.229546695947647 -0.166488021612167 -0.246079996228218 -0.276192367076874
20.0510654449463 21.3634395599365 19.7032718658447 22.6113739013672 16.894811630249 19.9366626739502 31.173885345459 17.7812900543213 26.0558185577393 16.7029304504395 6.41871547698975 0.403240323066711 25.4525451660156 3.16094541549683 1.86245667934418 20.3855800628662 29.2336692810059 20.2663059234619 3.22031402587891 -0.777846097946167 8.95125484466553 15.4308309555054 15.1143789291382 13.8899374008179 8.97240447998047 20.4147491455078 -1.09341764450073 -1.34743511676788 -1.73647129535675 3.92655730247498 2.50260233879089 2.33996438980103 3.18101787567139 3.37622046470642 1.87246382236481 1.19000518321991 0.86258202791214 0.391294032335281 -0.20615853369236 -0.211320102214813 -0.0430818870663643 -0.423973798751831 -0.410408943891525 -0.413528740406036 -0.387369304895401 -0.281564176082611
19.2491550445557 38.5491943359375 20.6245803833008 23.9470520019531 11.7886695861816 10.2740888595581 14.8032855987549 11.2614765167236 28.0945358276367 31.5060958862305 40.2759475708008 14.475471496582 0.544769823551178 0.639834702014923 5.60659027099609 15.7039651870728 -0.612398445606232 -0.362360507249832 -0.984014511108398 5.41385459899902 1.56057691574097 0.277468979358673 7.7520866394043 3.41189455986023 11.6020011901855 7.47417259216309 -1.36788368225098 -0.136434137821198 -1.43437075614929 -1.88943493366241 3.74982380867004 2.76243495941162 2.75884985923767 3.98978400230408 3.6059627532959 1.61161351203918 1.40988326072693 0.659337162971497 0.239791870117188 0.025143276900053 -0.404315322637558 -0.50457751750946 -0.432624161243439 -0.448831409215927 -0.325119107961655 -0.631685972213745
24.6884117126465 29.18408203125 25.346794128418 38.3995475769043 38.4808464050293 21.3338603973389 29.8600177764893 16.5064888000488 18.2219200134277 0.786471545696259 1.03254961967468 10.4540309906006 8.29161643981934 34.3761596679688 0.177388280630112 -0.920672059059143 -1.07442140579224 0.0340067781507969 1.65733993053436 -0.701864361763 -1.01756596565247 -0.814299523830414 1.17945528030396 7.59449005126953 -0.401984483003616 -1.40073299407959 4.37109184265137 -1.50325357913971 0.46440926194191 -1.77528202533722 -1.90326154232025 3.1043221950531 3.03358721733093 3.05543279647827 4.10311985015869 2.93741965293884 1.76603829860687 1.35330283641815 0.848279774188995 0.953337788581848 0.639180719852448 -0.152762204408646 -0.34257435798645 -0.37714096903801 -0.861132383346558 -0.828951597213745
19.5754299163818 18.7869491577148 24.5203380584717 6.60174989700317 4.44886827468872 5.90322923660278 5.83467435836792 3.4816746711731 19.2807216644287 12.9699192047119 6.38165330886841 34.3965072631836 0.304498374462128 2.09160733222961 5.21058130264282 0.892615556716919 -0.48382893204689 -0.466714322566986 -1.1258362531662 -1.1284087896347 -1.2450989484787 -0.618568062782288 1.65244805812836 -0.642024099826813 0.633768260478973 -0.0688749700784683 -1.54936349391937 3.79235649108887 1.29588353633881 5.65735912322998 -1.70622408390045 -1.86931431293488 2.8611421585083 3.02587652206421 2.83159017562866 3.63968348503113 2.43586444854736 1.79538404941559 1.58073723316193 1.59324610233307 1.73358428478241 1.38888680934906 0.321353405714035 -0.799679040908813 -0.844451725482941 -0.983505427837372
