slauniainen/Data/DEM/Vihti_dsm1500b_cl_horizonAngle_120.asc
NCOLS 196 
NROWS 178 
XLLCORNER 353680 
YLLCORNER 6699024 
CELLSIZE 16 
NODATA_value -3.4e+38 
[rows 60 to 79 of 178, columns 46 to 91 of 196]
0.0757681503891945 1.07861387729645 1.48094058036804 1.41158175468445 1.76732838153839 1.75072813034058 2.84281992912292 4.47019195556641 3.37763404846191 4.01165151596069 3.40699887275696 5.21494674682617 4.47190761566162 2.63909769058228 13.5036277770996 0.769745945930481 0.779192566871643 1.83569467067719 3.97486877441406 1.15896618366241 2.99083662033081 14.2921333312988 11.0252418518066 16.5244979858398 4.26306819915771 7.94351434707642 2.8442964553833 2.67104959487915 3.63049221038818 3.50212454795837 3.71500992774963 3.6086699962616 4.14062356948853 4.72484731674194 7.81993055343628 4.0365948677063 4.03079605102539 4.7036190032959 6.53001546859741 4.19112062454224 6.69148254394531 7.58427000045776 9.07418537139893 2.61353540420532 6.72733974456787 13.0672883987427
-0.306056946516037 2.54593515396118 1.55724895000458 2.52371573448181 1.9160521030426 2.5535900592804 3.89163899421692 11.1883277893066 3.20067548751831 7.07520341873169 6.00624513626099 5.59598684310913 6.14604330062866 9.19074535369873 7.6091890335083 2.74402117729187 4.97056579589844 1.64670646190643 1.09555554389954 0.809628486633301 1.89679253101349 7.45336198806763 8.93977069854736 9.64636611938477 2.30217957496643 7.83662891387939 1.45907723903656 1.73797690868378 3.13157176971436 3.09085822105408 3.9428277015686 4.0892276763916 4.24598550796509 4.47240734100342 4.79689407348633 5.12105512619019 5.30610704421997 4.80565690994263 5.51845216751099 5.75092363357544 4.81013298034668 4.25905179977417 15.2650527954102 9.56600570678711 3.24932909011841 12.8002872467041
14.0175437927246 11.7983131408691 0.725073158740997 2.23772978782654 2.01736164093018 2.32852935791016 3.16477417945862 6.72310447692871 2.38445830345154 3.63382577896118 3.56607985496521 4.78661632537842 7.76300621032715 9.48742294311523 20.5671577453613 9.13745403289795 7.72419738769531 3.50854849815369 6.12231779098511 3.62003827095032 7.07148742675781 2.1298565864563 0.548039793968201 0.139098659157753 4.08008813858032 1.89909672737122 1.15600955486298 4.0194149017334 1.70270097255707 2.09930872917175 3.82355833053589 3.92680025100708 4.6788854598999 4.74704360961914 5.85092926025391 7.39136171340942 6.06838750839233 6.31686067581177 6.25620412826538 5.22124052047729 6.712890625 6.85076475143433 18.6212043762207 6.37736225128174 2.3737781047821 3.51767206192017
14.1490468978882 9.57049465179443 1.47032332420349 2.83214712142944 0.441488921642303 2.03168129920959 3.80891752243042 5.99972152709961 5.25912475585938 5.67237234115601 4.43663549423218 7.66114187240601 5.45388984680176 9.6375150680542 19.8683605194092 10.9565277099609 0.342308551073074 1.19340825080872 3.83496642112732 0.582774937152863 2.97448801994324 0.442728012800217 0.693322956562042 0.756633102893829 0.523309648036957 0.348640203475952 1.8098064661026 2.69387722015381 2.94465351104736 2.31403279304504 13.7579202651978 4.53247261047363 4.41632890701294 5.77473402023315 5.83704280853271 6.24075126647949 5.43901634216309 5.85653829574585 11.0290746688843 11.2994260787964 6.90856695175171 10.2335567474365 5.45077276229858 4.46858358383179 4.92053031921387 3.117760181427
9.7423038482666 24.3133659362793 22.4063949584961 14.008731842041 1.5609176158905 1.29296219348907 3.38657808303833 6.56646251678467 7.37045621871948 9.11161708831787 12.2319955825806 10.673698425293 13.2467441558838 20.3538722991943 9.76811981201172 3.5427782535553 0.29642379283905 1.05878138542175 3.8186514377594 9.3116626739502 9.35697937011719 0.649281024932861 1.5364818572998 0.851438462734222 2.36843347549438 1.32879507541656 5.59320592880249 2.09164381027222 9.21103000640869 7.57322454452515 6.22639656066895 3.4135115146637 14.7514638900757 12.3530130386353 8.78738880157471 5.24841785430908 13.4841794967651 17.9745426177979 11.8694801330566 6.0766921043396 6.61691856384277 7.24846410751343 5.60304164886475 5.55288362503052 5.94835567474365 6.08306789398193
13.2704887390137 16.6714820861816 21.9623603820801 1.70005452632904 0.72767961025238 2.38273096084595 2.75690770149231 7.09421300888062 17.3172988891602 17.9829730987549 16.001012802124 10.5627717971802 18.3459072113037 18.057804107666 2.11505627632141 3.96703433990479 2.68543386459351 1.27534687519073 3.65681195259094 19.5121536254883 4.87510395050049 1.15517425537109 1.09253740310669 0.918541252613068 0.850095093250275 0.939875483512878 2.03918313980103 5.63088035583496 9.97459316253662 2.51416182518005 4.86174869537354 8.7805118560791 7.64810371398926 3.0498366355896 9.96378612518311 6.71942901611328 9.21556854248047 8.17940998077393 4.9694995880127 5.59344434738159 7.22299098968506 6.60891008377075 11.1526031494141 11.4690828323364 6.82996845245361 8.95979309082031
12.7190113067627 15.9497938156128 27.5976638793945 38.4424667358398 7.7823748588562 2.34330606460571 2.80520057678223 4.09394025802612 5.63920497894287 3.01869559288025 6.68006086349487 9.42835426330566 14.5265293121338 1.69401633739471 -0.193873301148415 3.45220494270325 1.58918929100037 26.8289966583252 11.8586730957031 3.4677267074585 1.88937449455261 7.21791744232178 2.02490019798279 1.26339197158813 1.28817534446716 1.28634357452393 1.21200013160706 2.41909837722778 2.0132360458374 5.68573808670044 0.555761754512787 1.69975972175598 1.19973576068878 0.854364514350891 1.2351690530777 1.86271584033966 2.18445658683777 3.9512619972229 4.13642549514771 5.73286437988281 5.80417680740356 22.0619029998779 11.5388870239258 12.1173791885376 13.1313943862915 13.4632911682129
7.12270975112915 13.6511974334717 26.5426712036133 38.9038696289062 1.13687527179718 4.42441129684448 5.11731338500977 5.64195442199707 4.04547166824341 5.5351881980896 4.71770048141479 7.708909034729 0.125848039984703 -0.520219385623932 -0.300909280776978 5.97661590576172 11.9709577560425 5.07678365707397 1.57154250144958 5.77791452407837 12.9642705917358 3.19730710983276 2.04641079902649 2.16105461120605 2.92703795433044 1.74230885505676 1.53188562393188 5.78428936004639 1.67635691165924 1.2759006023407 0.588710725307465 1.14093494415283 1.30521321296692 1.31884217262268 0.970066010951996 1.31467390060425 2.07778739929199 2.26163792610168 4.7165150642395 4.8233528137207 12.1636552810669 22.6891288757324 9.73695850372314 12.4224395751953 14.2090978622437 14.8721046447754
4.81878709793091 9.03286743164062 14.5752334594727 27.5220546722412 0.228417679667473 1.93866646289825 -0.61028665304184 6.89654064178467 8.287428855896 3.03277230262756 7.2468466758728 8.54133605957031 0.891096532344818 3.63395547866821 2.56152677536011 5.65290498733521 9.80700397491455 4.04403400421143 11.7133464813232 8.26891899108887 2.32034063339233 2.07004237174988 3.0115327835083 2.39418888092041 3.80627799034119 2.23899793624878 2.40384197235107 4.35943174362183 1.44759738445282 1.37824606895447 1.45487749576569 0.749472320079803 1.55169856548309 1.66018033027649 5.03724718093872 5.40368556976318 4.67509841918945 5.70786714553833 8.57162284851074 6.81518363952637 7.76789569854736 10.0463953018188 8.32727718353271 10.6605701446533 11.4094305038452 16.7085456848145
4.64795875549316 5.93368244171143 10.9954442977905 17.1481227874756 7.94745540618896 -0.312969565391541 2.33476328849792 3.36433053016663 -0.391242861747742 -0.340624988079071 -0.18199610710144 -0.121966682374477 -0.274482816457748 1.15627992153168 0.153404802083969 5.85557985305786 8.57692718505859 3.02889251708984 8.22138500213623 1.80158877372742 2.13446140289307 17.0454540252686 4.59383535385132 3.92290377616882 2.65127444267273 2.92946004867554 2.3865008354187 2.94584155082703 2.66621780395508 7.07019376754761 1.74959897994995 1.5106794834137 2.14368414878845 2.50153064727783 2.6728663444519 2.6966700553894 10.0291109085083 9.13593196868896 3.34879899024963 17.1670570373535 31.9960498809814 17.8869152069092 8.06057071685791 8.59918022155762 11.6097278594971 11.903980255127
1.36373543739319 5.69793653488159 6.55955839157104 9.03539276123047 4.28581476211548 14.9508008956909 28.3188648223877 6.496178150177 -0.373420625925064 -0.3663529753685 0.278288543224335 0.315716207027435 1.11543118953705 1.82599902153015 5.08812665939331 8.75427913665771 10.1258335113525 18.2551498413086 19.3136806488037 19.721658706665 2.20716834068298 2.40023994445801 2.31024074554443 2.6109311580658 2.6393256187439 2.77034759521484 2.51560568809509 6.13132333755493 3.6680543422699 3.09705543518066 1.93379104137421 5.94477844238281 5.35868978500366 4.92775392532349 4.06312656402588 9.1779842376709 6.32847785949707 6.16742992401123 25.4413509368896 35.7166519165039 9.03751564025879 4.67099380493164 15.2817850112915 5.61404371261597 10.1326179504395 14.013843536377
1.70337235927582 1.75481569766998 1.4597110748291 8.59955406188965 10.5490684509277 17.6806030273438 26.4564971923828 -0.240496098995209 -0.275876253843307 -0.52360463142395 -0.285709142684937 1.4356324672699 2.05631947517395 2.03978395462036 6.38604021072388 11.5100259780884 12.3743362426758 25.1142463684082 23.4816207885742 16.3056373596191 4.20241594314575 5.26577425003052 2.48683500289917 2.56209945678711 2.62270426750183 11.7831563949585 3.0792601108551 9.97552490234375 5.15967655181885 7.95239067077637 9.8528470993042 10.3915281295776 2.46091866493225 2.64705801010132 7.1185245513916 8.41817951202393 11.3610181808472 15.6447772979736 17.8508987426758 9.29333972930908 2.2149121761322 16.6195449829102 4.79999732971191 3.68386507034302 5.62124252319336 8.46839046478271
1.85216736793518 1.90808403491974 1.86024355888367 1.9291011095047 1.55391252040863 16.6425800323486 25.1775188446045 0.00303384778089821 -0.0716088563203812 0.589373886585236 0.348958045244217 0.417605221271515 3.99770522117615 7.78416585922241 8.18781185150146 14.6111459732056 17.4504776000977 15.204626083374 14.587158203125 15.5643844604492 4.42091178894043 4.32267332077026 2.25111079216003 2.32689762115479 3.84801077842712 6.84564352035522 10.3625221252441 3.2061972618103 3.47638559341431 3.47673988342285 4.20741939544678 2.93200612068176 3.12205410003662 3.73062777519226 8.52784442901611 12.5562057495117 17.2222843170166 11.2113552093506 20.470588684082 3.99643492698669 11.3563423156738 8.39363765716553 2.52329421043396 4.40947818756104 5.3014760017395 6.44665288925171
1.70715296268463 1.76038563251495 2.0107114315033 2.08471155166626 2.03529381752014 2.09787797927856 1.66531825065613 0.630421459674835 0.321976959705353 0.403750568628311 0.540376961231232 1.54858553409576 1.96959185600281 7.59331464767456 13.0402460098267 15.9333772659302 16.8409690856934 25.3172454833984 20.4181880950928 9.04874610900879 1.62896192073822 9.21677684783936 2.23930501937866 2.72409701347351 3.47558283805847 3.65760588645935 9.37661933898926 6.89256381988525 3.69094610214233 6.57078790664673 3.52433753013611 3.34662318229675 3.34714269638062 4.26596641540527 4.3437385559082 12.4946241378784 2.80208086967468 9.03988742828369 2.27422285079956 2.46301960945129 5.62641668319702 2.45748257637024 2.32076072692871 2.94735598564148 4.50471258163452 4.85900974273682
1.98892569541931 1.64142799377441 1.86560118198395 1.9287565946579 2.21081495285034 2.27979445457458 2.27309918403625 1.76528716087341 1.59913551807404 1.62634146213531 1.54549562931061 1.3120733499527 1.70013046264648 1.90433955192566 2.76442718505859 11.1815214157104 23.7578029632568 34.8951950073242 16.5665130615234 3.17982029914856 6.03053760528564 1.69777286052704 1.93757712841034 2.50312948226929 2.85109806060791 7.20693731307983 3.54658102989197 9.56319141387939 3.45547890663147 3.77877402305603 3.78114795684814 4.07327938079834 8.23683929443359 4.55259704589844 4.5036506652832 10.1615934371948 4.61947107315063 4.58155298233032 6.55046653747559 6.34954929351807 2.91692781448364 3.36432480812073 3.44351029396057 7.99064636230469 7.9583945274353 5.47139024734497
2.23187232017517 2.1059513092041 2.17977261543274 1.83096861839294 2.08678317070007 2.16576647758484 2.48557782173157 2.47359323501587 2.48053979873657 1.86443662643433 1.6877019405365 1.62391352653503 1.26147747039795 1.58329439163208 2.23663926124573 2.97606420516968 3.9289653301239 20.9038143157959 0.373005598783493 0.465654581785202 5.38993787765503 1.417809009552 10.5567741394043 2.54457092285156 2.78318619728088 3.32961511611938 9.49795532226562 24.7103252410889 3.63794994354248 3.71158576011658 3.9329240322113 4.41381072998047 4.37452745437622 17.1704769134521 15.3361921310425 26.7605056762695 4.31503105163574 4.66417646408081 4.82078313827515 6.27068614959717 3.63149809837341 2.96734309196472 2.9466564655304 6.56401538848877 12.5133600234985 19.9586544036865
2.13594913482666 2.39966440200806 2.48978495597839 2.32997488975525 2.38893175125122 2.012446641922 2.28035378456116 2.6601893901825 2.68819856643677 2.65764832496643 2.78640627861023 2.03240823745728 1.79075622558594 1.75085985660553 1.80098628997803 2.57842707633972 3.30845284461975 4.20058155059814 5.23190402984619 0.696725010871887 14.2398147583008 1.17653024196625 1.19465327262878 1.80949652194977 2.70271110534668 3.06313824653625 5.523193359375 3.97179985046387 3.15616321563721 3.88975119590759 3.8500828742981 11.1080188751221 15.7379636764526 13.8074340820312 4.39476537704468 4.55860328674316 3.89600515365601 5.54300594329834 5.61789751052856 6.46302890777588 6.88896369934082 10.264669418335 15.7988481521606 12.1177988052368 6.30946493148804 8.57669067382812
1.4815708398819 2.21860718727112 2.25271081924438 2.59106397628784 2.68315052986145 2.50240015983582 2.59790754318237 2.45083045959473 2.51133275032043 2.87639927864075 3.00798630714417 3.02210998535156 3.18343687057495 2.23030757904053 1.91295874118805 1.93309378623962 2.60581302642822 3.48382616043091 4.59074211120605 3.95207953453064 5.32232570648193 1.21947944164276 0.867030084133148 13.6365947723389 9.24827861785889 7.57891273498535 12.8680944442749 5.1075291633606 3.5467689037323 4.25634908676147 4.72379732131958 11.1410846710205 25.7110805511475 21.1757946014404 4.42511606216431 4.60422468185425 5.3335075378418 8.53491020202637 5.31139945983887 6.97713899612427 7.96874713897705 8.84908008575439 9.4122371673584 9.12905406951904 14.4609346389771 8.58832740783691
1.95280003547668 1.9883679151535 1.55769729614258 2.32465386390686 2.37504315376282 2.84233736991882 2.3025484085083 2.77110886573792 2.40114593505859 2.65302681922913 2.77868175506592 3.27634143829346 3.4635329246521 3.5268120765686 2.36357092857361 1.98007929325104 2.01159429550171 2.38924217224121 3.59745717048645 3.83373212814331 1.98206627368927 1.47865986824036 8.71533107757568 1.38387835025787 1.48367607593536 1.85897719860077 2.58707571029663 2.27330493927002 2.96885800361633 4.35610437393188 4.83056497573853 6.04488134384155 12.0235109329224 4.59384489059448 4.44104766845703 4.62062072753906 6.41607236862183 10.2334804534912 13.613055229187 15.2637577056885 6.70268440246582 18.294713973999 18.7425422668457 16.6844577789307 17.3971347808838 2.43439364433289
2.42509961128235 2.48250722885132 2.06105041503906 2.10563778877258 1.68366551399231 2.45692443847656 3.04310202598572 3.19479179382324 2.9600350856781 3.04467797279358 2.70584630966187 3.05765795707703 3.20872974395752 3.83699870109558 3.90017509460449 4.08336591720581 2.54057836532593 2.06274223327637 2.05909895896912 2.8331937789917 1.80870258808136 1.43897235393524 1.41315734386444 1.59321749210358 1.45985674858093 1.0837709903717 8.12509155273438 2.44880652427673 2.67183351516724 4.22060871124268 4.62070989608765 6.03235769271851 7.15299940109253 10.2186489105225 7.19927644729614 15.3080978393555 5.04563760757446 14.268217086792 14.3275709152222 24.6146926879883 12.172926902771 17.2678966522217 11.1162004470825 4.56845760345459 4.79054164886475 4.17123365402222
