slauniainen/Data/DEM/Vihti_dsm1500b_cl_horizonAngle_210.asc
NCOLS 196 
NROWS 178 
XLLCORNER 353680 
YLLCORNER 6699024 
CELLSIZE 16 
NODATA_value -3.4e+38 
[rows 100 to 119 of 178, columns 135 to 179 of 196]
45.0862045288086 42.1357536315918 27.9805126190186 17.7118511199951 18.3925819396973 12.0125007629395 11.3268337249756 8.37796306610107 8.74441242218018 8.94274997711182 8.80889701843262 8.36019229888916 8.31475734710693 8.59970092773438 7.88406562805176 7.84605073928833 8.05753040313721 7.39181900024414 6.87714958190918 6.60121774673462 5.95087432861328 5.80005979537964 5.38807725906372 5.36849451065063 5.86039781570435 6.61220502853394 6.27856016159058 6.2194185256958 6.09784269332886 6.01893329620361 7.97904634475708 9.38150119781494 11.2949657440186 9.47668170928955 11.3354902267456 8.04741859436035 9.27221965789795 11.4333181381226 9.6065559387207 9.84545135498047 8.69507598876953 8.61372470855713 13.5166797637939 9.61495018005371 12.3969554901123
3.60742878913879 35.9189720153809 40.9223556518555 27.0432929992676 16.4481639862061 14.5839462280273 8.78197860717773 9.23590278625488 9.40657806396484 9.27730083465576 8.94048118591309 8.51182651519775 8.58239269256592 8.87143516540527 8.1750373840332 8.38070869445801 8.03813457489014 7.33894634246826 6.83766841888428 6.51911211013794 6.31408596038818 5.75740575790405 5.66434335708618 6.13265657424927 6.93026256561279 6.58328342437744 6.35227251052856 6.42654180526733 6.37423896789551 6.07251596450806 12.9734878540039 14.9428005218506 11.4323606491089 14.1395692825317 15.4321069717407 12.4330186843872 15.0334911346436 15.220609664917 13.6115713119507 9.96032047271729 9.88069534301758 9.5885181427002 11.9608373641968 12.9745025634766 14.8254461288452
4.44023418426514 4.10929107666016 34.6541137695312 39.5014419555664 18.6991291046143 18.0045337677002 9.24165344238281 9.58536624908447 9.73442077636719 9.59881687164307 9.10851573944092 9.03584384918213 9.34036827087402 8.48668479919434 8.40512943267822 8.60591602325439 7.93324136734009 7.33585977554321 6.82742977142334 6.52559995651245 6.67779111862183 6.14449167251587 6.15462112426758 6.8805627822876 7.14050674438477 6.77170896530151 6.74671316146851 6.62757587432861 6.54400825500488 17.1896667480469 15.8505086898804 18.2871494293213 13.6275577545166 16.7923603057861 18.1440162658691 12.1192960739136 18.0614204406738 20.3926677703857 12.6869478225708 9.2492094039917 11.8457050323486 12.0874185562134 13.3069095611572 14.7060384750366 14.2818508148193
4.20431184768677 8.86655807495117 12.4751405715942 36.5195579528809 27.3798484802246 12.2828588485718 10.1903743743896 10.2808961868286 10.1387052536011 9.81781387329102 9.21657085418701 9.34700202941895 9.65578746795654 8.79746437072754 8.97317695617676 8.60284900665283 7.84914684295654 7.26280784606934 7.11996603012085 7.3095326423645 6.53405332565308 6.45846176147461 6.65828561782837 7.45612144470215 7.09707307815552 7.08558320999146 6.96389198303223 6.86507320404053 6.51032543182373 26.0947742462158 28.4400367736816 20.3128662109375 26.3515911102295 27.863697052002 18.1611022949219 9.35760498046875 13.6286792755127 19.8453750610352 11.6991844177246 14.8120365142822 13.8511552810669 14.2302646636963 18.0192070007324 22.8904552459717 18.3874053955078
5.01199150085449 5.25255250930786 6.8957200050354 40.2657737731934 39.5700912475586 15.3861417770386 12.8654508590698 12.6837291717529 10.5215578079224 9.99317836761475 9.8830509185791 10.2166204452515 9.22213935852051 9.20702934265137 9.19945526123047 8.2026195526123 7.8429217338562 7.87919998168945 8.07847499847412 7.34903526306152 7.06533861160278 6.64559030532837 7.79268217086792 7.39956951141357 7.13254117965698 7.25036859512329 7.1756649017334 6.82110166549683 5.45233964920044 35.7980918884277 40.1454048156738 30.0072441101074 37.9606094360352 39.8954734802246 22.1210632324219 10.617244720459 10.6981353759766 13.0490303039551 15.7264308929443 17.2428531646729 27.1198902130127 20.2117958068848 17.5641384124756 16.0150699615479 15.6578607559204
7.42470598220825 7.41373014450073 7.08979654312134 7.67389059066772 28.5320701599121 23.6545314788818 15.8779106140137 15.715106010437 12.7353115081787 10.6869239807129 10.2436923980713 10.9374094009399 9.50408744812012 9.61886501312256 9.25573444366455 8.49914264678955 8.42884540557861 8.40854549407959 8.62179279327393 7.80994558334351 6.9769868850708 7.19995975494385 7.96862173080444 7.54522132873535 7.53153228759766 7.40497303009033 7.30132436752319 6.93761157989502 4.83707284927368 4.78217935562134 14.2193994522095 5.26947784423828 8.47159385681152 35.768123626709 29.8238048553467 19.4766159057617 19.4744148254395 17.3060836791992 18.138801574707 15.055272102356 16.7184276580811 18.0370540618896 18.1019439697266 18.2236480712891 11.7313556671143
7.29715585708618 9.04577732086182 8.53605079650879 9.13120746612549 10.2776699066162 25.2188568115234 24.3733825683594 20.0686073303223 14.9288053512573 13.2177238464355 11.2356271743774 12.5216417312622 10.3719596862793 9.78647899627686 10.0286588668823 9.43706226348877 9.47017955780029 9.70647144317627 8.27795696258545 8.29881381988525 7.17274951934814 8.33283615112305 7.88381195068359 7.56479072570801 7.64612436294556 7.51403665542603 7.13835668563843 6.90833854675293 5.25696706771851 4.92267942428589 5.49998712539673 15.1736764907837 14.819465637207 26.3912906646729 29.3809757232666 19.0295848846436 23.0288906097412 21.1244735717773 17.3568420410156 18.3536319732666 20.2651309967041 18.4750537872314 17.8018646240234 19.2248191833496 16.240478515625
10.0881366729736 10.6184005737305 12.3880023956299 10.310887336731 11.3933391571045 19.6204643249512 35.0169372558594 29.8302268981934 20.74582862854 14.877293586731 16.1419811248779 12.0759687423706 11.8442344665527 11.724555015564 10.3590860366821 10.4633417129517 10.122218132019 10.3472881317139 9.23041534423828 8.03490924835205 7.76217460632324 8.49758815765381 8.00997066497803 7.99280261993408 7.79724073410034 7.57278919219971 7.14504766464233 17.2111988067627 14.4866991043091 7.7071270942688 12.5212135314941 21.3211765289307 11.0270795822144 17.0447235107422 22.6281604766846 25.8603534698486 21.9455394744873 19.1258373260498 17.2398147583008 18.3655395507812 23.3309574127197 23.3538780212402 22.6583480834961 12.9653816223145 14.0357179641724
11.222484588623 11.1046142578125 10.062050819397 10.4781875610352 10.4026250839233 10.2629308700562 10.4702262878418 33.6204605102539 30.8414402008057 16.1857471466064 19.5805225372314 15.2067413330078 13.9945583343506 12.6600828170776 12.4194555282593 11.6019477844238 11.7843236923218 9.52987194061279 9.65033340454102 8.16176509857178 8.87917518615723 8.37954521179199 8.00601863861084 8.09982967376709 7.91096973419189 7.38767004013062 7.03305864334106 21.8613815307617 8.412841796875 7.48207998275757 15.9659805297852 5.86462163925171 16.0423011779785 20.4845752716064 22.9541988372803 27.9040336608887 25.5313091278076 23.2419204711914 20.7746353149414 21.4922313690186 19.5245609283447 21.4664325714111 22.2839641571045 19.3566226959229 13.8581924438477
11.199405670166 11.1551370620728 10.9180326461792 10.6312055587769 10.6010141372681 10.8304328918457 10.2188787460327 10.4090929031372 31.9340667724609 28.9018859863281 18.6743869781494 18.2633018493652 16.0882301330566 13.8934850692749 13.7761650085449 13.8699140548706 10.9711112976074 10.9282560348511 9.1517333984375 8.95665740966797 9.00744152069092 8.47737407684326 8.47752285003662 8.26263523101807 8.00490379333496 7.46136951446533 10.7847995758057 10.0839004516602 9.58798408508301 6.34817171096802 11.2516288757324 17.8158779144287 22.3490734100342 20.8724765777588 17.1471557617188 21.3632659912109 18.0916023254395 17.3488464355469 15.8247213363647 20.5711040496826 16.4850311279297 24.3799266815186 16.8781757354736 17.5682983398438 1.35793697834015
13.2500267028809 13.2503042221069 13.1516952514648 12.9628248214722 12.7628955841064 11.3235483169556 10.3495969772339 10.5698575973511 32.6741676330566 40.9837188720703 27.2817344665527 19.8701457977295 18.7413730621338 17.3450298309326 15.1345901489258 15.3103265762329 12.829309463501 10.4598703384399 8.74914360046387 9.43884086608887 8.90191650390625 8.92072010040283 8.66055488586426 8.38391876220703 7.84544706344604 7.19276428222656 12.2262182235718 9.54335880279541 8.63038539886475 4.78319025039673 6.12995624542236 6.54719591140747 18.2215023040771 18.4630851745605 13.1757507324219 12.7088623046875 12.6922931671143 14.5273065567017 22.7972030639648 19.2008304595947 12.3802690505981 36.3554267883301 5.71642303466797 14.5335369110107 8.90165138244629
15.4710884094238 15.5931310653687 14.8842468261719 14.1236019134521 14.3216533660889 13.7370347976685 10.623950958252 11.8479604721069 9.26308917999268 38.2019157409668 37.4426040649414 27.6165885925293 18.8446502685547 19.9684104919434 19.0200519561768 13.3518009185791 14.0521793365479 9.89216804504395 9.96004390716553 9.37112998962402 8.94781875610352 9.10651969909668 8.81922245025635 8.22329139709473 7.85243225097656 5.46005582809448 10.9094009399414 21.6720905303955 11.8620080947876 6.64605331420898 5.00417566299438 5.81693410873413 5.54387140274048 19.9297008514404 11.3903131484985 13.8777332305908 8.23703575134277 13.7734680175781 17.6103343963623 23.6810054779053 -0.712471544742584 13.2805891036987 29.8502178192139 8.99679470062256 12.0436944961548
16.7128257751465 17.1448841094971 16.0627346038818 16.3155956268311 19.2719535827637 10.7217206954956 12.3479137420654 11.3072261810303 9.8054666519165 9.98482418060303 39.6915512084961 37.5349349975586 29.1356887817383 21.6570911407471 22.056999206543 17.3009014129639 13.2767810821533 9.59263324737549 10.194019317627 9.56942176818848 9.66026496887207 9.4066219329834 8.99730682373047 8.30997753143311 7.51325273513794 26.8363552093506 5.91748523712158 13.8689336776733 13.9388246536255 7.38758516311646 5.27507019042969 5.07066822052002 2.48883295059204 7.24394750595093 3.08825469017029 7.98899793624878 1.01214075088501 -0.290926724672318 -0.608006656169891 0.99007773399353 3.0492947101593 8.92810249328613 26.0640621185303 13.8516321182251 -0.174869418144226
16.4682350158691 16.4380397796631 16.3446407318115 15.8961715698242 12.4199819564819 12.889045715332 12.7633237838745 10.5177841186523 11.8603210449219 9.65835857391357 13.6128797531128 36.919921875 39.6218528747559 32.1568260192871 17.9972476959229 20.1550216674805 12.3603239059448 10.8094100952148 10.164155960083 9.72506237030029 9.91206455230713 9.64604187011719 8.96996402740479 8.44935512542725 6.31976556777954 12.5051240921021 8.52921962738037 8.76710987091064 9.08007049560547 15.1203098297119 10.4343004226685 8.61653614044189 4.25490760803223 21.3617935180664 2.37952995300293 1.2055891752243 3.19923186302185 0.40465971827507 9.50002098083496 19.7620010375977 -0.812296569347382 -1.2972925901413 -0.432218551635742 21.9201030731201 -0.130494996905327
17.4651203155518 17.2562236785889 17.1318378448486 14.1525506973267 14.0837678909302 14.5895042419434 12.2540521621704 10.8355703353882 12.8569507598877 8.73890209197998 13.6672496795654 7.84677028656006 42.6405487060547 43.3711624145508 29.6693706512451 19.157585144043 10.5995416641235 11.0982217788696 10.4451694488525 10.6449670791626 10.3524465560913 9.83809471130371 9.12760639190674 9.37032318115234 5.47066450119019 8.14605808258057 11.4208135604858 8.69964790344238 7.51916170120239 15.4731683731079 13.8074617385864 18.9072132110596 1.22636008262634 4.83492755889893 1.47429370880127 14.587381362915 1.33032417297363 12.8216514587402 -0.518316924571991 8.76145362854004 -0.515438258647919 0.499895542860031 -0.794984579086304 0.0588137917220592 0.187324106693268
17.9398002624512 18.468505859375 17.1949710845947 15.020583152771 14.8343286514282 15.1669549942017 11.6096410751343 10.5834789276123 10.0510444641113 8.37074565887451 7.37069082260132 6.81473541259766 5.81740808486938 36.4682006835938 40.9730453491211 18.1288585662842 11.8990631103516 11.188684463501 11.6427869796753 11.0195646286011 10.6922988891602 11.5431966781616 9.74737739562988 6.88402891159058 8.62985229492188 11.6903772354126 12.7275447845459 7.54486465454102 5.73220062255859 12.1776094436646 2.99986481666565 10.9718446731567 10.8195829391479 4.39468860626221 2.00852537155151 7.18664121627808 7.11036539077759 29.3928356170654 24.2891445159912 20.5029354095459 6.31400012969971 0.573313295841217 5.43910074234009 -0.0599450021982193 13.3089513778687
20.8150615692139 19.642505645752 17.8275108337402 15.7812595367432 17.1414222717285 13.8429832458496 11.6118631362915 11.1378078460693 10.1487636566162 9.03915882110596 8.27345085144043 6.14947366714478 16.8560237884521 5.30917501449585 39.1948890686035 14.6882047653198 12.3450345993042 17.5097103118896 12.6061658859253 11.6647148132324 10.9281978607178 13.1907730102539 14.2054557800293 10.2515439987183 9.39284706115723 15.2840137481689 18.6506462097168 8.54045104980469 6.20220470428467 10.9005765914917 18.6718826293945 11.8593912124634 5.44937467575073 4.96789646148682 0.640134036540985 1.1122065782547 -0.366514503955841 -0.21639646589756 -0.0127395614981651 -0.197129249572754 -0.293286830186844 0.0451084524393082 0.311592012643814 -0.456952095031738 4.81331062316895
25.1954441070557 20.6797065734863 17.7380142211914 18.7012310028076 18.2626609802246 14.9110202789307 12.4375076293945 11.0995750427246 10.248423576355 10.8560085296631 8.29914855957031 5.89945411682129 5.76530170440674 6.23159456253052 36.9062042236328 19.7920379638672 13.6521883010864 24.186185836792 15.5855569839478 12.5261268615723 20.3792171478271 15.5859565734863 10.3160486221313 9.62276649475098 15.0578441619873 23.5528526306152 8.84601593017578 7.38694524765015 3.09277987480164 2.62947797775269 4.64785242080688 8.81165313720703 12.6454296112061 2.84706878662109 1.11095082759857 0.513514578342438 0.763821005821228 2.59678268432617 1.42737472057343 1.19954264163971 1.9264702796936 1.71958196163177 0.783212006092072 9.98408699035645 9.56389904022217
25.1341571807861 26.4993209838867 26.0862865447998 23.6163959503174 18.9191284179688 14.2820196151733 12.9584827423096 10.8535442352295 9.47640323638916 8.62945938110352 7.77229785919189 5.80228042602539 6.74521112442017 7.69741725921631 12.5937433242798 20.9232902526855 10.6432399749756 22.1248397827148 20.7848224639893 16.6216773986816 16.4583568572998 11.7978420257568 14.9501848220825 16.6165313720703 25.4659729003906 13.6912450790405 12.2744121551514 13.872522354126 7.32312774658203 4.02467823028564 1.75105333328247 10.9813919067383 1.8571058511734 1.54439890384674 0.874920308589935 11.8407754898071 11.1352014541626 2.15841722488403 7.98950576782227 5.09350156784058 5.22652339935303 3.12863254547119 -0.147487506270409 18.997537612915 24.1168689727783
39.8252601623535 30.7677001953125 26.6437377929688 26.2487850189209 19.5973148345947 15.2271022796631 13.839506149292 12.6382102966309 10.1072492599487 15.5301904678345 9.99778079986572 7.4761004447937 8.47580146789551 11.6222257614136 13.606086730957 12.3305912017822 14.9434576034546 12.1271104812622 12.0251016616821 9.15758037567139 11.4052200317383 11.5421800613403 18.8856601715088 32.7429046630859 10.2034549713135 16.3042984008789 15.4470930099487 15.8384504318237 6.03542613983154 1.3585604429245 7.89707183837891 19.5445785522461 1.76105463504791 2.30328226089478 7.68135404586792 21.2044620513916 19.9494571685791 1.64671921730042 5.26198577880859 2.7785313129425 10.1723909378052 9.99639511108398 0.323942929506302 -0.193838536739349 7.33067083358765
