slauniainen/Data/DEM/Vihti_dem1500b_cl_horizonAngle_174.asc
NCOLS 196 
NROWS 178 
XLLCORNER 353680 
YLLCORNER 6699024 
CELLSIZE 16 
NODATA_value -3.4e+38 
[rows 140 to 159 of 178, columns 45 to 89 of 196]
6.13571643829346 6.3697657585144 6.51087808609009 6.6194863319397 6.65379810333252 6.55268621444702 6.28861665725708 6.22265529632568 6.27044439315796 6.5020866394043 6.62128639221191 6.68195104598999 6.72360372543335 6.79461002349854 6.74899435043335 6.69369554519653 6.82192277908325 7.10412645339966 7.44427156448364 7.59997034072876 7.76823568344116 7.78532648086548 7.84380722045898 8.19977855682373 8.72359943389893 8.84086513519287 8.55347061157227 8.49352169036865 9.09048080444336 9.43291568756104 10.6739587783813 11.9155693054199 12.0150270462036 9.95566082000732 9.66246223449707 9.24772930145264 8.16309928894043 6.73816204071045 6.39396953582764 6.34662199020386 6.42947101593018 6.65164232254028 8.36994552612305 7.3320689201355 4.64891004562378
6.37193250656128 6.65017080307007 6.80530452728271 6.90193271636963 6.93549251556396 6.84399557113647 6.53396701812744 6.45480108261108 6.5948429107666 6.93243980407715 7.06452989578247 7.12024021148682 7.19686079025269 7.26105833053589 7.234450340271 7.23714303970337 7.38596487045288 7.5901894569397 7.79306554794312 8.01357173919678 8.35675430297852 8.45827007293701 8.5070276260376 8.82612133026123 9.50576210021973 9.74019718170166 9.47203540802002 9.62993335723877 10.1948747634888 10.4339570999146 11.4610624313354 13.0449361801147 12.730640411377 10.5565414428711 9.78190231323242 9.72957229614258 8.71108722686768 7.45761394500732 6.64450454711914 6.4372673034668 6.46532011032104 6.19338750839233 5.83639812469482 5.30407953262329 4.75902271270752
6.61545181274414 6.92847013473511 7.08767509460449 7.19945526123047 7.2091064453125 7.08483743667603 6.8047022819519 6.76331615447998 6.9527006149292 7.3709921836853 7.6122579574585 7.6243200302124 7.61919116973877 7.71515274047852 7.72742414474487 7.68552875518799 7.97039365768433 8.1791524887085 8.35094261169434 8.60947418212891 9.05915832519531 9.21266555786133 9.45083236694336 10.006420135498 10.8413610458374 11.1988010406494 10.716402053833 10.9526987075806 11.416971206665 11.9820318222046 12.8093585968018 13.8345308303833 13.7905683517456 11.582839012146 10.2464771270752 10.2227745056152 9.35486698150635 7.95096111297607 6.93656873703003 6.75196266174316 6.53824472427368 6.32262420654297 6.14807605743408 5.37719583511353 4.99186563491821
6.84731864929199 7.18762159347534 7.35817909240723 7.49945974349976 7.55060005187988 7.24984359741211 7.05879783630371 6.98027801513672 7.31090784072876 7.95983505249023 8.21080684661865 8.22554016113281 8.16958808898926 8.27009868621826 8.31218242645264 8.32213115692139 8.64047050476074 8.87930965423584 9.07078075408936 9.38082599639893 9.90607357025146 10.0364513397217 10.5418939590454 11.3282527923584 12.3350534439087 12.6188154220581 12.07102394104 12.2052755355835 12.6432476043701 13.628945350647 14.3371524810791 15.6652584075928 14.6743650436401 12.761547088623 12.208324432373 10.2468757629395 9.47776031494141 8.8394889831543 7.49430990219116 6.98915243148804 6.59010028839111 6.43205833435059 6.37103700637817 5.87044858932495 5.14909410476685
7.0856499671936 7.47881841659546 7.65684223175049 7.70078039169312 7.76989984512329 7.57800960540771 7.36769866943359 7.49506759643555 8.13179397583008 8.60878276824951 8.85845184326172 8.8784818649292 8.85271453857422 8.92020797729492 8.93772125244141 9.08818626403809 9.46813297271729 9.73497009277344 9.92041778564453 10.229850769043 10.7164697647095 10.9226217269897 11.5702533721924 12.4771757125854 13.4819402694702 13.8238077163696 13.2505893707275 13.2228584289551 13.5289402008057 13.77574634552 14.3884515762329 16.1357097625732 15.5603370666504 15.4123182296753 14.2810182571411 11.3754549026489 10.4925508499146 9.96269130706787 8.25511837005615 7.3851490020752 6.97931909561157 6.60006189346313 6.54791402816772 6.22576427459717 5.68582344055176
7.3124942779541 7.48430776596069 7.78056669235229 8.06579875946045 8.20759582519531 8.18297290802002 8.12405204772949 8.24966430664062 8.84674739837646 9.36471939086914 9.60912895202637 9.64632511138916 9.60550498962402 9.69234752655029 9.64125823974609 10.0344266891479 10.4206390380859 10.6375570297241 10.8018703460693 11.2005567550659 11.5479907989502 11.5922288894653 12.1919069290161 12.9912281036377 14.070631980896 14.3963890075684 14.7957553863525 13.6044273376465 13.7448835372925 14.8838224411011 15.0079479217529 13.5908937454224 16.6240482330322 16.834077835083 18.2574901580811 15.8705062866211 11.9374876022339 10.9674224853516 9.13830947875977 8.39685153961182 8.23073101043701 7.12560033798218 6.91229677200317 6.51499509811401 5.92426729202271
7.36689186096191 7.7392897605896 8.25039672851562 8.57434558868408 8.69692039489746 8.84990119934082 9.07651615142822 9.18606281280518 9.66605854034424 10.1944055557251 10.488977432251 10.5165729522705 10.4911918640137 10.5025796890259 10.6486463546753 11.1680564880371 11.5072536468506 11.7152671813965 11.8761386871338 12.0856533050537 11.9764099121094 11.9419689178467 12.527759552002 13.1411962509155 14.1423530578613 15.1079568862915 16.2812347412109 15.1984243392944 15.6109647750854 16.5310707092285 16.327112197876 15.833366394043 17.4370365142822 17.2384624481201 14.5208587646484 17.6834449768066 15.8740196228027 12.3237857818604 10.2866830825806 9.99098205566406 9.91927433013916 8.42644214630127 7.40682888031006 6.8646388053894 6.20603609085083
7.68711471557617 8.07657623291016 8.72233390808105 9.19047069549561 9.29697227478027 9.45854473114014 9.72939968109131 9.94981384277344 10.660364151001 11.2430763244629 11.5766868591309 11.5271940231323 11.4162321090698 11.4432001113892 11.9056615829468 12.4226341247559 12.713005065918 12.9442586898804 12.9674682617188 12.7587432861328 12.8003711700439 12.8950214385986 12.8253393173218 13.7983522415161 15.0064191818237 16.0015239715576 18.5000801086426 16.380163192749 14.3034029006958 14.0510025024414 16.6834869384766 18.88037109375 21.0658531188965 19.1335258483887 13.8082981109619 12.44775390625 16.6288967132568 14.4919748306274 11.6678476333618 11.8048839569092 11.7221536636353 9.36223316192627 8.07132434844971 7.229416847229 6.53166341781616
8.11945533752441 8.53736209869385 9.21319580078125 9.80821990966797 9.91289138793945 10.3591232299805 10.7513837814331 10.9225721359253 11.7957000732422 12.3818616867065 12.7620973587036 12.591513633728 12.3137435913086 12.4332838058472 13.0208683013916 13.4387626647949 13.6532621383667 13.9118814468384 14.1373558044434 13.6529712677002 13.8089418411255 13.9406003952026 13.5138282775879 13.8948984146118 15.4807500839233 16.6533241271973 20.0278606414795 16.7277984619141 13.7294836044312 12.4452142715454 10.4104156494141 12.7891340255737 18.7794361114502 25.6037139892578 17.3577575683594 15.3909111022949 14.0758228302002 14.871789932251 14.8674831390381 13.0504083633423 14.7951421737671 14.7698812484741 12.2045068740845 7.61344814300537 6.87322187423706
8.52810192108154 9.16116523742676 9.73511409759521 10.3620748519897 10.6202754974365 11.2236394882202 11.768928527832 11.9502468109131 12.9380264282227 13.4871883392334 14.1556978225708 13.7690124511719 13.6265497207642 13.790319442749 13.5862703323364 14.4104709625244 15.7969846725464 15.716625213623 16.0996017456055 15.7894458770752 15.6708946228027 15.2472467422485 14.6247587203979 14.0480966567993 14.1491479873657 17.945369720459 12.9857149124146 12.2330570220947 12.5776462554932 12.7927713394165 10.5381851196289 7.15213060379028 6.79323196411133 15.1195306777954 12.4987134933472 11.5579566955566 15.8919525146484 15.9972066879272 16.9117298126221 15.5838832855225 18.4943752288818 18.950834274292 15.8892478942871 9.67216491699219 7.16324281692505
8.93593215942383 9.84216213226318 10.4955825805664 10.9222755432129 11.2353706359863 11.9056034088135 12.4823360443115 12.6708459854126 13.8825101852417 14.5013751983643 15.2657957077026 15.6387166976929 14.9043369293213 14.4549169540405 14.6562423706055 17.294319152832 17.8100337982178 17.6635780334473 17.279821395874 18.1053829193115 16.8311042785645 15.1323881149292 13.3066310882568 11.5069150924683 10.7433347702026 9.95543956756592 6.7650260925293 10.5959529876709 8.43460941314697 7.77851581573486 9.41031074523926 8.00112533569336 5.1687068939209 5.36107063293457 6.89980030059814 10.016884803772 10.3627700805664 14.1493186950684 18.44020652771 17.7763843536377 24.0872631072998 25.6068458557129 20.9426574707031 12.2488689422607 7.37398529052734
9.29789066314697 10.5335369110107 11.2574996948242 11.6275224685669 11.7507066726685 12.6551303863525 13.2305555343628 13.422963142395 15.0932378768921 15.6788167953491 16.2578716278076 17.7594413757324 16.4011039733887 15.4159660339355 15.382098197937 15.4204425811768 14.8212337493896 15.5709924697876 15.173394203186 14.49840259552 14.6123523712158 14.1634035110474 12.069920539856 9.1315803527832 8.81885528564453 4.25132274627686 5.20434141159058 5.13578081130981 6.53644037246704 7.51330280303955 8.0888614654541 8.42850589752197 5.33971214294434 6.00592041015625 6.90966033935547 10.2726831436157 11.5185098648071 15.6889009475708 22.7491683959961 19.3129177093506 23.766731262207 28.9029293060303 29.8452968597412 14.1920518875122 7.99935150146484
9.96238231658936 11.3698835372925 12.1846017837524 12.4002246856689 12.5576152801514 13.7293519973755 14.4424505233765 14.742392539978 15.1161613464355 16.505199432373 18.3261451721191 19.5914096832275 17.7403678894043 16.4450607299805 14.6652431488037 12.5208463668823 12.0081701278687 12.8782720565796 12.1063356399536 11.2965497970581 10.2269859313965 11.3106842041016 10.195574760437 9.71163272857666 6.25193023681641 3.78239583969116 3.98153376579285 5.42893075942993 7.35106897354126 9.79255676269531 10.0878534317017 10.1790599822998 7.14422225952148 6.74581623077393 8.14032649993896 11.1692304611206 13.4397020339966 18.0428657531738 18.2592391967773 16.5762825012207 7.57452297210693 7.181565284729 8.29461288452148 17.9265251159668 8.37156105041504
10.9193344116211 12.4336433410645 13.0292654037476 13.5274963378906 13.668176651001 13.8619117736816 14.790168762207 15.446831703186 15.1953096389771 17.1764125823975 19.6340045928955 21.4551639556885 19.3226013183594 16.676342010498 13.8614892959595 10.7707061767578 9.49521923065186 8.93644332885742 8.84833240509033 8.75179958343506 8.37672424316406 6.95136260986328 8.10741901397705 8.14447593688965 4.23434066772461 3.85519552230835 4.01248836517334 6.54160451889038 9.97274589538574 12.1540470123291 11.8027257919312 15.0236482620239 9.17778205871582 7.08663749694824 6.90527963638306 11.6187305450439 11.978343963623 7.35712909698486 6.52794361114502 10.4724712371826 9.49035549163818 7.54426956176758 7.51830863952637 12.7388229370117 9.90308570861816
12.1243333816528 13.0492095947266 14.0102701187134 14.9112854003906 15.2735900878906 14.2332715988159 15.2973518371582 16.2579727172852 15.7468528747559 17.0786647796631 15.0290765762329 13.2359495162964 13.7243013381958 12.5168628692627 11.1089611053467 9.7411994934082 8.02522277832031 6.87707710266113 6.3636999130249 7.13106870651245 8.55118370056152 6.47488117218018 6.03503036499023 5.15618801116943 4.20787477493286 3.76911664009094 4.30345964431763 7.42607355117798 7.13499641418457 4.76145315170288 4.15432739257812 5.45417356491089 9.85548877716064 7.27840709686279 6.98604154586792 6.23516750335693 6.17834281921387 6.38431596755981 6.76300764083862 7.07676124572754 7.66908740997314 7.82682085037231 7.66765213012695 8.07060146331787 9.07718849182129
13.3016633987427 13.3692283630371 16.6173706054688 15.4821071624756 13.9461460113525 13.6473274230957 16.2785625457764 18.1166744232178 16.6413612365723 18.8628063201904 13.9907217025757 11.002236366272 11.5677375793457 11.8203163146973 11.5455522537231 10.6867837905884 8.50522518157959 7.10383129119873 6.61221885681152 6.34621286392212 5.51741170883179 5.64229106903076 5.87541103363037 4.35080862045288 3.99623036384583 3.91212916374207 3.94653701782227 3.97254514694214 3.93693161010742 3.97637414932251 3.97401785850525 4.04638957977295 5.3660569190979 7.28638696670532 7.405189037323 6.70322227478027 6.82385110855103 7.5306453704834 7.97160577774048 7.80185461044312 8.03017234802246 8.19172096252441 8.3717041015625 8.35192394256592 8.63382053375244
14.997200012207 14.9387617111206 17.8829612731934 16.8543548583984 15.0426321029663 14.0637540817261 18.903751373291 21.7191696166992 17.2464618682861 8.03277683258057 7.14987087249756 6.23330211639404 6.82146215438843 7.41366195678711 7.62926149368286 8.5802755355835 8.87476539611816 7.52099180221558 6.22898197174072 5.80192184448242 4.72948932647705 5.97909593582153 5.9563946723938 4.39209508895874 4.16482925415039 4.66932582855225 3.98311185836792 3.94027972221375 3.94117093086243 4.08635091781616 4.13281440734863 4.31296443939209 6.06365776062012 8.2052526473999 8.75997924804688 9.23176383972168 9.71998023986816 10.6033611297607 10.0819482803345 9.34485912322998 9.83069038391113 10.9598989486694 12.208441734314 10.5210790634155 9.0886173248291
16.4460906982422 15.2746076583862 12.295485496521 11.1465873718262 13.2128553390503 12.3629417419434 7.8211555480957 5.58342361450195 6.30416393280029 4.6526346206665 2.14790725708008 1.41899585723877 1.48209357261658 2.57845759391785 2.84434723854065 3.12144660949707 4.62511253356934 4.94495487213135 5.38301467895508 4.48260974884033 4.75097990036011 3.7855920791626 2.19408845901489 2.80785369873047 3.3487663269043 3.25305247306824 3.75552582740784 4.04464101791382 4.15644216537476 4.35583114624023 4.45872259140015 4.63154172897339 7.75616312026978 9.35361576080322 11.4790964126587 12.0636940002441 12.6708431243896 14.4541034698486 13.8001050949097 12.5955505371094 13.1027460098267 13.4215745925903 16.1388854980469 13.6003494262695 11.9546813964844
19.4440841674805 12.5786352157593 8.10586643218994 8.56288528442383 7.06415939331055 5.15935897827148 2.34194159507751 1.10176491737366 0.866056680679321 0.478307485580444 0.710185825824738 0.862450659275055 0.926690816879272 1.0020843744278 1.15433418750763 1.18558549880981 1.45111894607544 1.68199038505554 1.90054094791412 2.12068009376526 2.1120662689209 2.01571726799011 2.21660470962524 2.39691853523254 2.76292324066162 3.18844604492188 3.81326580047607 4.15026378631592 4.4114089012146 4.74709463119507 4.91685390472412 6.55560541152954 9.21564674377441 11.0287637710571 16.6074466705322 16.7287502288818 17.8904590606689 18.6606292724609 17.3141670227051 15.4730358123779 14.2169961929321 13.5622730255127 14.1629667282104 12.9837045669556 13.6520614624023
9.50771045684814 10.7244253158569 7.00608587265015 2.55040073394775 -0.220559373497963 -1.22806370258331 -0.972025334835052 -0.266627490520477 0.216816231608391 0.493146389722824 0.774675846099854 0.944228410720825 1.03408861160278 1.09411835670471 1.14248752593994 1.26212477684021 1.57558953762054 1.75332403182983 1.96466517448425 2.15487480163574 2.19786429405212 2.10978937149048 2.39866209030151 2.71695351600647 2.99800848960876 3.62172842025757 4.24812889099121 4.50515460968018 4.74836254119873 5.10235214233398 5.25946521759033 7.65617513656616 9.77701377868652 16.2963466644287 22.1023654937744 17.0170707702637 13.9192380905151 9.4882287979126 8.78763866424561 9.35520648956299 9.97507858276367 13.8749828338623 16.3985824584961 13.2724123001099 12.1482172012329
