slauniainen/Data/DEM/Vihti_dsm1500b_cl_horizonAngle_174.asc
NCOLS 196 
NROWS 178 
XLLCORNER 353680 
YLLCORNER 6699024 
CELLSIZE 16 
NODATA_value -3.4e+38 
[rows 100 to 119 of 178, columns 0 to 45 of 196]
3.717289686203 4.8421745300293 5.34016132354736 -1.05240714550018 6.611083984375 5.75352668762207 -2.64596819877625 11.2330169677734 31.1753520965576 19.862340927124 6.63151502609253 7.50859117507935 2.22589612007141 7.64827489852905 15.3636102676392 8.57857894897461 10.4825162887573 5.01421642303467 3.81886458396912 4.45918273925781 6.18814516067505 5.85797595977783 6.27282857894897 6.23579025268555 6.20999050140381 6.97881078720093 7.47931671142578 6.1646089553833 7.20147800445557 9.04243469238281 9.39600944519043 7.80508232116699 6.34215545654297 4.51933670043945 4.18544054031372 3.82131004333496 2.98946928977966 2.9831178188324 0.413508683443069 22.0327243804932 3.39550280570984 24.4406852722168 41.5646095275879 51.0956954956055 51.6089286804199 2.00662636756897
4.38394260406494 5.57901859283447 6.22953844070435 -0.787285923957825 -2.42392778396606 -2.62174892425537 3.43462133407593 5.5592098236084 48.942512512207 25.5952072143555 7.67802000045776 8.90241050720215 2.68146586418152 -0.196916207671165 22.4742832183838 2.4485342502594 13.4370622634888 5.54636859893799 3.98990774154663 4.68343067169189 6.11087322235107 6.62977743148804 6.81184244155884 6.72234392166138 6.71029329299927 7.61023283004761 8.25590515136719 6.700767993927 7.82740545272827 9.86110687255859 10.2698154449463 8.54868030548096 6.97545003890991 5.87760162353516 4.41193628311157 3.95921635627747 3.07692241668701 3.11433887481689 0.737172365188599 0.18467703461647 6.66958522796631 39.7712707519531 1.42215347290039 1.04775643348694 0.831843435764313 23.8383617401123
5.11514472961426 1.19265127182007 7.40119218826294 5.57132434844971 -2.004070520401 -2.29832291603088 4.51964139938354 10.516001701355 9.476975440979 34.905200958252 16.4609432220459 1.24175250530243 11.7355251312256 0.724987268447876 39.9179420471191 9.80807685852051 19.4071521759033 6.23572826385498 4.17266082763672 4.02719068527222 6.01027202606201 7.20925140380859 7.43442487716675 7.27647972106934 7.32044649124146 8.33872985839844 9.19789123535156 7.34367370605469 8.60458755493164 10.9369382858276 11.3805513381958 9.46673393249512 7.77778577804565 6.40240287780762 4.76189994812012 4.1451358795166 3.23743319511414 3.23150062561035 1.07991528511047 1.643226146698 0.620524942874908 7.614089012146 3.28026390075684 3.7311327457428 1.52043652534485 0.327268928289413
1.49156773090363 6.17813968658447 8.98811531066895 9.48714923858643 1.0833328962326 -2.21722221374512 7.25295114517212 3.32957601547241 9.40058040618896 53.0814552307129 21.3671970367432 11.6259641647339 15.4174137115479 4.31736278533936 -1.01464688777924 13.3395290374756 35.3107757568359 7.29061603546143 2.19736766815186 4.58494424819946 5.62482929229736 7.81313467025757 8.20437812805176 8.00173187255859 8.04940986633301 9.22533512115479 10.4355735778809 8.19812202453613 9.67266941070557 12.3203840255737 12.8099460601807 10.8682374954224 8.74868488311768 6.89087677001953 5.16399145126343 4.40008592605591 3.39732313156128 3.36342239379883 1.11657893657684 0.589415967464447 3.92059421539307 1.22758209705353 4.08481311798096 3.02834057807922 20.2538909912109 18.9674682617188
1.51619291305542 8.19872093200684 13.8796310424805 12.8624801635742 26.2020587921143 -1.64958918094635 31.6242141723633 -2.4674859046936 -0.430461853742599 -2.25642967224121 29.3434295654297 15.3814115524292 22.8222103118896 6.32323360443115 -1.19340837001801 20.3284587860107 2.72929358482361 9.56152629852295 9.40976524353027 4.81398868560791 6.01164627075195 8.37036228179932 9.23748779296875 9.05521965026855 8.927978515625 10.3569269180298 12.0861473083496 9.367995262146 11.0726766586304 14.0016479492188 14.6789512634277 12.9404153823853 9.86937808990479 7.49766159057617 5.72863149642944 4.74038743972778 3.59850096702576 3.49848484992981 1.35937678813934 0.878821134567261 0.779764533042908 2.92652249336243 2.93613004684448 3.07393217086792 35.6821517944336 1.46586418151855
1.56912302970886 12.273663520813 26.4883041381836 13.3631019592285 1.26262927055359 11.9243478775024 -2.65200161933899 3.7845311164856 17.391508102417 1.43120336532593 46.6285743713379 21.8473720550537 40.7839508056641 10.0606021881104 -0.988757431507111 37.3827247619629 -0.398388624191284 15.5145301818848 12.4812431335449 5.11913871765137 6.50690460205078 9.00701999664307 10.2349987030029 10.3789415359497 10.0114889144897 11.7826137542725 14.3957233428955 10.9633331298828 12.8467702865601 16.2181835174561 16.8955020904541 16.0203189849854 15.5036554336548 8.22411727905273 6.16912841796875 5.15665245056152 3.85126543045044 3.35348653793335 3.52637147903442 3.17886209487915 3.10278940200806 3.17494821548462 2.9368588924408 3.15502309799194 2.15676045417786 3.79952883720398
1.4276168346405 23.6120338439941 0.48329758644104 26.1369323730469 18.8654880523682 -1.42166805267334 -1.91333985328674 -2.29214215278625 -2.39758539199829 -1.96216356754303 -1.7908548116684 36.1613426208496 -1.22925269603729 13.518138885498 0.74521815776825 -0.193630918860435 1.59928035736084 11.9074945449829 18.9446868896484 5.58685493469238 7.21551561355591 9.92035961151123 11.6056089401245 12.006275177002 11.3422679901123 13.651460647583 10.7209959030151 17.8830585479736 15.3266649246216 19.0404472351074 19.6282806396484 20.8580474853516 20.2102355957031 9.08817386627197 6.74411821365356 5.66667604446411 4.65023612976074 3.60391926765442 3.71957325935364 3.33170771598816 6.21114587783813 5.23530626296997 3.09377813339233 3.28308296203613 3.07489371299744 4.02960109710693
1.62001776695251 0.885226488113403 1.40742170810699 -0.379500538110733 -0.0951524376869202 -0.45520880818367 -1.52829313278198 -1.47202944755554 -0.344834059476852 -1.19821500778198 32.7798194885254 10.0161790847778 3.47969937324524 -0.482884973287582 1.14655375480652 12.752516746521 0.499670684337616 28.5208721160889 35.7378005981445 6.26117658615112 8.28346347808838 11.1532459259033 13.6203145980835 13.9707889556885 13.1290073394775 16.255651473999 14.0557641983032 23.6144180297852 16.207878112793 18.691068649292 23.0888481140137 29.7044448852539 28.8086185455322 16.4534912109375 7.45925283432007 6.23979663848877 5.07852077484131 3.90383076667786 3.95632576942444 3.5903697013855 13.5462341308594 12.6079406738281 3.39490413665771 3.54580330848694 4.67533111572266 4.28847742080688
1.70368623733521 1.72680771350861 1.48084926605225 0.930067837238312 1.77491271495819 2.00998330116272 0.836960971355438 0.461471557617188 0.45431587100029 -0.0668416246771812 -0.215825408697128 -0.278184652328491 1.33957946300507 2.3383412361145 0.882349729537964 0.60846996307373 1.03464639186859 0.0910464748740196 -0.106906943023205 7.18436813354492 9.8639440536499 12.9717559814453 15.7957324981689 14.2304735183716 17.0582122802734 14.6808042526245 20.1893558502197 33.1455383300781 21.2413234710693 24.4397354125977 29.7874145507812 48.9747772216797 47.8287925720215 21.4766292572021 8.37390422821045 6.76700448989868 6.0063738822937 4.22038602828979 4.25971221923828 3.6120457649231 3.12013912200928 3.30973172187805 3.8337414264679 3.93493700027466 5.01135063171387 4.56541538238525
1.82019925117493 1.8301614522934 1.58389437198639 1.24147319793701 2.35680985450745 2.66031980514526 1.45740401744843 0.861100137233734 0.540347635746002 0.543341517448425 0.625819325447083 0.735226273536682 0.75789475440979 0.872539937496185 0.893552720546722 1.17208027839661 1.31347262859344 1.26740753650665 1.43650579452515 8.50664329528809 12.4645662307739 15.2928829193115 15.6898431777954 19.3026561737061 22.2588481903076 19.1631164550781 26.3511142730713 52.160285949707 30.5083084106445 34.5168342590332 40.8267402648926 17.6071605682373 9.97908782958984 30.6659660339355 9.5775899887085 7.51820087432861 6.47870540618896 5.00239562988281 4.58619546890259 3.92454528808594 4.44012069702148 4.66093349456787 4.20329093933105 4.32142400741577 5.40598344802856 4.85288000106812
1.97527623176575 1.96416676044464 1.68533146381378 1.7697606086731 3.01479172706604 3.22993969917297 1.83474695682526 1.24404072761536 0.611264646053314 0.604224503040314 0.67721164226532 0.862777709960938 1.02307367324829 1.17775475978851 1.21574723720551 1.46202480792999 2.4398250579834 1.33148789405823 1.77235984802246 9.8042049407959 12.0626382827759 17.4273109436035 18.2301235198975 24.8761253356934 31.2651538848877 27.3344993591309 44.5797080993652 2.28018736839294 49.5943069458008 53.958683013916 60.0350952148438 20.057258605957 26.1988620758057 50.0469627380371 13.2970066070557 8.44899654388428 7.02306461334229 5.42201280593872 4.93491506576538 4.32098627090454 4.86494922637939 5.10670566558838 4.61966514587402 4.72095584869385 5.8569860458374 5.19602584838867
2.14293503761292 2.08091449737549 1.76049816608429 1.82898879051208 3.78679370880127 4.35806131362915 2.70322203636169 1.58805871009827 0.762876093387604 0.686579167842865 0.765105009078979 1.03851687908173 1.17792284488678 1.19560551643372 1.35295307636261 1.62030529975891 1.90030002593994 1.78352570533752 2.16852378845215 11.2357635498047 13.8050193786621 19.4527416229248 23.6671485900879 34.5598258972168 50.5338325500488 46.0906677246094 24.8154315948486 9.50100517272949 4.10356664657593 2.96654057502747 0.390620827674866 0.506731450557709 1.69236183166504 4.53995990753174 19.6119918823242 9.65153217315674 7.67154932022095 5.89842176437378 5.27129459381104 4.70288419723511 5.32897758483887 5.58543252944946 5.02266120910645 5.10012817382812 6.34986639022827 5.66864347457886
2.83605408668518 2.19140839576721 1.85022687911987 1.78788030147552 3.80613780021667 5.77960252761841 5.08985042572021 2.11307716369629 1.02889037132263 0.805382370948792 0.852818667888641 1.24560797214508 1.24261665344238 1.2357040643692 1.37817454338074 1.67949068546295 1.93778169155121 1.91379833221436 1.84455800056458 13.2466897964478 14.5619735717773 27.6612777709961 33.5110549926758 54.0513305664062 7.70381450653076 18.7994079589844 1.71242010593414 17.2881126403809 3.76222991943359 5.51637506484985 0.420228689908981 0.526432454586029 4.00583839416504 18.1371822357178 25.4987335205078 16.354606628418 8.45970058441162 6.45039701461792 5.61430358886719 5.0648136138916 5.76122665405273 6.0903172492981 5.48108911514282 5.54610300064087 5.49449825286865 6.87774991989136
5.83429002761841 2.3470344543457 1.94144880771637 1.83365035057068 4.08630132675171 6.69861221313477 6.39867448806763 3.68322348594666 1.46116602420807 0.876486480236053 0.931037068367004 1.4086697101593 1.42270565032959 1.29134893417358 1.41464591026306 1.71437036991119 1.97123038768768 1.96662926673889 1.89636695384979 6.97015571594238 20.9315433502197 46.6394004821777 52.8651008605957 4.0542140007019 12.9450721740723 4.40531396865845 10.2622365951538 7.05331802368164 7.29248523712158 3.99962878227234 12.8080310821533 0.647333204746246 1.10952520370483 2.12298059463501 43.7700271606445 21.3974914550781 9.59880638122559 7.11270093917847 6.04903936386108 5.43651533126831 6.1966609954834 6.03284454345703 6.56679821014404 5.92540073394775 6.00883150100708 7.52399969100952
18.5037574768066 2.50297379493713 2.02122139930725 1.96655809879303 4.60700750350952 8.81185150146484 7.66168069839478 4.62290048599243 2.5650360584259 0.922067642211914 1.00743269920349 1.5055695772171 1.47636306285858 1.42085719108582 1.70826089382172 1.75828385353088 2.02065873146057 2.02586460113525 1.92771112918854 7.90361356735229 37.9824333190918 4.50938653945923 13.9705982208252 5.55713939666748 5.87453269958496 7.85312175750732 21.1519622802734 2.98807954788208 7.94534349441528 4.55406951904297 4.83366918563843 12.9311332702637 1.87576007843018 3.86773872375488 25.4632129669189 30.5278015136719 16.4669647216797 7.92234468460083 6.66800212860107 6.38761138916016 5.84790897369385 6.63953924179077 7.1189341545105 6.44845390319824 6.56079959869385 8.21977043151855
2.25623345375061 2.72703194618225 2.15335392951965 1.21348142623901 1.0085324048996 3.34680581092834 9.24704837799072 5.41300487518311 3.2909996509552 1.6848087310791 1.03237473964691 1.55006146430969 1.55134737491608 1.79033863544464 1.83833694458008 1.81506967544556 2.09266543388367 2.11393237113953 1.96906590461731 8.79244422912598 10.4873094558716 22.792293548584 0.10739578306675 6.13722848892212 0.941477179527283 2.64493274688721 3.6077196598053 7.07987833023071 5.74629974365234 5.17906761169434 9.67372989654541 7.87948179244995 1.1781120300293 2.96085453033447 2.69272208213806 49.8410301208496 21.5739879608154 8.93678092956543 7.46388387680054 6.9316554069519 6.36377906799316 7.16705274581909 7.75587224960327 7.03364515304565 7.16248655319214 9.02287673950195
3.65885448455811 2.66780209541321 2.6948390007019 2.06056475639343 1.22693336009979 0.474091142416 4.38144779205322 6.54703807830811 3.96707010269165 2.40201592445374 1.05768322944641 1.58932054042816 1.59437334537506 1.84876620769501 1.90040481090546 1.88913679122925 2.11968469619751 2.23108720779419 2.1171703338623 1.90152728557587 43.771614074707 1.29217767715454 0.147959485650063 1.26790833473206 1.14649081230164 1.54229760169983 0.99560958147049 10.0486783981323 3.94073033332825 2.1147837638855 4.91765165328979 8.36198997497559 1.21460807323456 11.263445854187 3.77415084838867 6.26369380950928 30.8603363037109 16.4550170898438 8.45268058776855 7.53994560241699 6.98937129974365 7.81125736236572 8.52326393127441 7.73574495315552 7.87713861465454 9.97843742370605
3.42188501358032 3.36367774009705 2.983482837677 2.24828457832336 3.25603413581848 0.899469792842865 0.47271454334259 0.796826779842377 4.46512222290039 2.80640482902527 1.33364045619965 1.61502850055695 1.62979304790497 1.89688432216644 1.95290684700012 1.91585123538971 2.11043167114258 2.28208875656128 2.16644334793091 2.13662314414978 0.50047767162323 9.88121128082275 0.165456801652908 3.26504182815552 1.32074916362762 2.55599188804626 1.71078848838806 1.06826722621918 1.5402729511261 1.95945703983307 3.66439723968506 0.641161024570465 1.9794157743454 3.66627740859985 1.41485905647278 19.9268093109131 50.9620933532715 21.504545211792 9.54683113098145 8.16509628295898 7.65352630615234 8.50948047637939 9.35138416290283 8.45935249328613 8.60952949523926 11.0429620742798
3.60979604721069 3.68036580085754 3.09712076187134 2.38085699081421 3.35334038734436 0.99516749382019 0.757696390151978 0.700264811515808 3.62474632263184 3.26344132423401 1.59379589557648 1.65001010894775 1.66382884979248 1.94524192810059 2.00660729408264 1.99749171733856 2.19177079200745 2.34740447998047 2.2315890789032 2.1993305683136 4.99897718429565 1.10407257080078 1.33149123191833 3.27146148681641 1.19452488422394 4.1055645942688 8.04422855377197 9.27164745330811 7.43078279495239 5.03579139709473 7.54968070983887 0.649812996387482 2.76706957817078 1.86074280738831 2.08386206626892 4.2953462600708 6.6116247177124 30.4330101013184 14.1388921737671 8.94670677185059 8.43686866760254 9.27260684967041 10.2827072143555 9.31319427490234 9.48212718963623 12.2848682403564
3.78832650184631 3.74043560028076 3.18195295333862 2.44976663589478 0.992431223392487 1.03415393829346 0.832318365573883 0.71042400598526 0.668249070644379 2.85914587974548 1.98089408874512 1.48887073993683 1.74834406375885 1.99098885059357 2.06190824508667 2.04901075363159 2.23901176452637 2.41269326210022 2.30575680732727 2.2656557559967 1.23990905284882 0.786649167537689 0.333165913820267 2.86760640144348 3.8451201915741 1.8798041343689 2.23873114585876 0.830038547515869 2.01757121086121 8.19563674926758 11.7930183410645 0.689565896987915 4.37303876876831 2.25318908691406 1.45705676078796 8.63065147399902 20.8736362457275 49.552547454834 18.5218257904053 9.89650630950928 9.43216896057129 10.2321643829346 11.4538431167603 10.379150390625 10.5657730102539 13.8767156600952
