slauniainen/Data/DEM/Vihti_dem1500b_cl_horizonAngle_330.asc
NCOLS 196 
NROWS 178 
XLLCORNER 353680 
YLLCORNER 6699024 
CELLSIZE 16 
NODATA_value -3.4e+38 
[rows 20 to 39 of 178, columns 90 to 134 of 196]
4.28548097610474 4.38924407958984 4.74124240875244 4.76828145980835 5.11474132537842 5.20222139358521 5.52349662780762 5.75408935546875 5.67603063583374 5.36022281646729 4.71726131439209 4.98921632766724 5.75201272964478 6.03486394882202 6.02436923980713 5.97323894500732 5.73802852630615 5.48354530334473 5.22283744812012 4.2803807258606 3.71793413162231 3.32013463973999 3.03096580505371 2.86762022972107 2.81475353240967 2.78167152404785 2.72084474563599 2.45343732833862 2.24213194847107 1.85567426681519 1.46587693691254 1.11031031608582 0.870513021945953 0.721980690956116 0.616296708583832 0.607791185379028 0.587856292724609 0.542195200920105 0.536428213119507 1.39330327510834 2.1071445941925 2.52193427085876 2.64763689041138 2.74752616882324 2.75761914253235
4.05114030838013 4.17178583145142 4.3118200302124 4.53395700454712 4.64134836196899 4.98260021209717 5.1383695602417 5.26341867446899 5.4758939743042 5.16934108734131 4.94188070297241 4.61367273330688 5.16433477401733 5.62766122817993 5.81899404525757 5.72971296310425 5.69081687927246 5.3337345123291 5.0161714553833 4.74124193191528 3.78209662437439 3.44411492347717 3.16340637207031 2.88126420974731 2.73176717758179 2.65762042999268 2.66574478149414 2.50102734565735 2.28288292884827 1.8205714225769 1.5007187128067 1.27281582355499 1.06193351745605 0.817458271980286 0.628144681453705 0.565230369567871 0.560778260231018 0.522826790809631 0.455187290906906 0.940684020519257 1.79123675823212 2.16648697853088 2.42983412742615 2.55438446998596 2.70446014404297
3.99526047706604 3.9141538143158 4.03630971908569 4.36614561080933 4.38517665863037 4.64798021316528 4.72797822952271 5.0552921295166 5.28867816925049 5.29055452346802 5.04317474365234 4.85610437393188 4.5341911315918 4.99969053268433 5.36963558197021 5.54470205307007 5.50047492980957 5.30242490768433 5.03586959838867 4.74947786331177 3.90401244163513 3.41322374343872 3.28880071640015 2.91536641120911 2.63547921180725 2.61574149131775 2.59622883796692 2.54197812080383 2.29824352264404 2.12071108818054 1.74389374256134 1.43950963020325 1.22436583042145 0.946978569030762 0.674931049346924 0.580720007419586 0.525319814682007 0.477823466062546 0.436928242444992 0.440482437610626 0.911159992218018 1.7309662103653 2.08958506584167 2.5012378692627 2.59572887420654
4.31427383422852 3.78687500953674 3.85494709014893 3.96128368377686 4.17948389053345 4.18756771087646 4.56767845153809 4.7052960395813 4.85874319076538 5.11285209655762 5.15424871444702 4.92093944549561 4.37363243103027 4.56544589996338 5.16439008712769 5.3282585144043 5.25356721878052 5.21774196624756 4.85724639892578 4.55670928955078 4.32048416137695 3.53950977325439 3.26094722747803 2.93940091133118 2.68282961845398 2.5348916053772 2.47325921058655 2.49108815193176 2.3583300113678 2.15274882316589 2.04686760902405 1.67916297912598 1.30949735641479 0.985090315341949 0.750601589679718 0.61286449432373 0.556692779064178 0.430104911327362 0.430320084095001 0.434007257223129 0.459643959999084 1.27781307697296 1.92005133628845 2.29546332359314 2.41805100440979
4.30760908126831 3.76784205436707 3.6431143283844 3.7207465171814 3.79226136207581 3.98769497871399 4.23793888092041 4.34184694290161 4.52560186386108 4.77167654037476 4.99560308456421 4.75151014328003 4.53404378890991 4.20139694213867 4.55743551254272 4.89945602416992 5.04481601715088 5.00393390655518 4.83648586273193 4.58510971069336 4.32766580581665 3.7021152973175 3.29834389686584 3.03027033805847 2.6917040348053 2.44790577888489 2.4317991733551 2.42100381851196 2.38551616668701 2.27849507331848 2.07369542121887 1.63949835300446 1.34301137924194 1.13088321685791 0.869888484477997 0.634398996829987 0.513584971427917 0.440826386213303 0.535604774951935 0.415019541978836 0.413506865501404 0.85518741607666 1.63256084918976 1.97447609901428 2.36979699134827
4.3248085975647 4.04283809661865 3.54056406021118 3.5119686126709 3.57067584991455 3.83335757255554 3.84670257568359 4.04503726959229 4.21170234680176 4.56597661972046 4.74077272415161 4.73699283599854 4.49303674697876 3.98812866210938 4.13805389404297 4.67900371551514 4.82528734207153 4.78433227539062 4.75302600860596 4.43527984619141 4.15818071365356 3.94519972801208 3.38783836364746 2.97945833206177 2.70235419273376 2.4725182056427 2.33901762962341 2.30876970291138 2.3320004940033 2.29389619827271 2.06917023658752 1.90228796005249 1.55449843406677 1.21138215065002 0.905234277248383 0.690439701080322 0.54913330078125 0.470304250717163 0.404930293560028 0.371366530656815 0.379203081130981 0.41577473282814 1.19656419754028 1.81726205348969 2.17529797554016
4.50414276123047 4.00251436233521 3.51972651481628 3.41151356697083 3.43002080917358 3.47253942489624 3.68186020851135 3.82113552093506 4.03574514389038 4.15885496139526 4.33647441864014 4.48528909683228 4.28716373443604 4.08899831771851 3.79417896270752 4.08171844482422 4.43870544433594 4.589928150177 4.55871677398682 4.42311859130859 4.20948171615601 3.93714475631714 3.7480309009552 3.01459074020386 2.78622388839722 2.46811103820801 2.25827026367188 2.24351692199707 2.22008991241455 2.23749375343323 2.11537933349609 1.91515588760376 1.50799882411957 1.23777949810028 1.03079926967621 0.850058257579803 0.617221832275391 0.466782987117767 0.389394164085388 0.318136632442474 0.295753508806229 0.285078883171082 0.76444673538208 1.53004825115204 1.86678838729858
4.35995674133301 4.00473022460938 3.74462723731995 3.36766195297241 3.24794435501099 3.2904634475708 3.53434634208679 3.51839995384216 3.65030527114868 3.7845287322998 4.07895612716675 4.2382116317749 4.25675487518311 4.0361499786377 3.57442164421082 3.73115634918213 4.23674964904785 4.37549781799316 4.35289525985718 4.32294607162476 4.19933700561523 3.98182010650635 3.7372260093689 3.10864067077637 2.74064350128174 2.49571323394775 2.28471803665161 2.16521120071411 2.14729332923889 2.16589260101318 2.1279628276825 1.90386211872101 1.76212811470032 1.42794299125671 1.17205011844635 0.977871119976044 0.728839039802551 0.486964523792267 0.349490851163864 0.251733720302582 0.200160637497902 0.169854611158371 0.194545641541481 0.681398332118988 1.46578359603882
4.21541309356689 4.11887359619141 3.81031370162964 3.56017422676086 3.14822125434875 3.16630625724792 3.15334868431091 3.32363677024841 3.4367949962616 3.58264303207397 3.7074236869812 3.92019104957581 4.0574164390564 3.88712859153748 3.68849158287048 3.38919591903687 3.66821980476379 4.01230621337891 4.1467661857605 4.12472820281982 4.096595287323 3.84448003768921 3.59899067878723 3.43366169929504 2.77261328697205 2.56714940071106 2.39584493637085 2.19205904006958 2.08578109741211 2.05952858924866 2.06845331192017 1.95734190940857 1.76804256439209 1.68103110790253 1.36311638355255 1.03467679023743 0.758351922035217 0.544700562953949 0.355778515338898 0.176936358213425 0.114631056785583 0.061586257070303 0.0699706003069878 0.200931087136269 0.991356194019318
4.16008424758911 3.99026489257812 3.90528917312622 3.47456622123718 3.09439921379089 2.98227548599243 3.00841522216797 3.17737507820129 3.16080188751221 3.24898719787598 3.37960290908813 3.6671154499054 3.82194542884827 3.8639178276062 3.68694543838501 3.49752759933472 3.23977041244507 3.471195936203 3.81246829032898 3.93389678001404 3.92505860328674 3.82568740844727 3.61803698539734 3.39607930183411 2.83186316490173 2.54129409790039 2.45708060264587 2.17783141136169 1.99585819244385 1.99236118793488 1.99318611621857 1.96647202968597 1.86727964878082 1.68622624874115 1.30289435386658 1.05944740772247 0.869510233402252 0.642973780632019 0.362065315246582 0.14767774939537 0.0619491301476955 -0.00196561752818525 -0.0247415900230408 -0.00811205338686705 0.516363084316254
4.01641893386841 3.93697619438171 3.74933433532715 3.48248696327209 3.24674582481384 2.86959910392761 2.85977339744568 2.86530494689941 2.99970841407776 2.98321676254272 3.22281217575073 3.32016730308533 3.48234081268311 3.63548684120178 3.65485334396362 3.42935633659363 3.03805541992188 3.1567690372467 3.58869171142578 3.7095308303833 3.73438215255737 3.71172094345093 3.46626305580139 3.25798082351685 3.1112961769104 2.6058783531189 2.39065909385681 2.18806338310242 1.99852883815765 1.91442799568176 1.87583768367767 1.8947526216507 1.86118590831757 1.65897333621979 1.52997672557831 1.22304844856262 0.914731740951538 0.605651557445526 0.299717426300049 0.105457156896591 0.0371652878820896 -0.0343928374350071 -0.0675351470708847 -0.0849803984165192 -0.0553731173276901
3.89784479141235 3.80109524726868 3.64911794662476 3.5404486656189 3.13543105125427 2.80117464065552 2.71489953994751 2.76614284515381 2.68931794166565 2.8409378528595 2.95169496536255 3.05524468421936 3.15574645996094 3.37730503082275 3.48881483078003 3.33104276657104 3.1396815776825 2.90321803092957 3.08374428749084 3.41504335403442 3.55084419250488 3.51873970031738 3.41725182533264 3.23947811126709 3.05188989639282 2.68435883522034 2.38441038131714 2.22138166427612 1.96663057804108 1.80691850185394 1.80867922306061 1.75778269767761 1.78469550609589 1.69073975086212 1.51820909976959 1.1497255563736 0.792007386684418 0.467067927122116 0.197936832904816 0.0466877184808254 0.0122247254475951 -0.0315962322056293 -0.0615638270974159 -0.092756874859333 0.21049553155899
3.73256850242615 3.69054102897644 3.58874154090881 3.38051676750183 3.13571071624756 2.91522097587585 2.59369707107544 2.5614914894104 2.62912464141846 2.7228672504425 2.70850563049316 2.81318354606628 2.89744663238525 3.14459800720215 3.27484226226807 3.31136751174927 3.09700632095337 2.73972082138062 2.7916955947876 3.20466923713684 3.32872986793518 3.34469699859619 3.31275773048401 3.13475728034973 2.94507479667664 2.77511286735535 2.39606761932373 2.13190889358521 1.96700441837311 1.79899752140045 1.70324814319611 1.69679617881775 1.68463063240051 1.68429148197174 1.48246729373932 1.06100332736969 0.658490240573883 0.319821566343307 0.102799437940121 -0.0263081025332212 -0.0262523200362921 -0.0480526648461819 -0.0435273796319962 0.0699309110641479 0.386700600385666
3.59876918792725 3.56563520431519 3.45893597602844 3.29969310760498 3.16918563842773 2.78536486625671 2.50114417076111 2.44351816177368 2.52737188339233 2.47082138061523 2.58022618293762 2.6806435585022 2.7532320022583 2.83316683769226 3.05064272880554 3.16475176811218 3.03190445899963 2.83164739608765 2.59658765792847 2.77263426780701 3.0747492313385 3.18690347671509 3.17541360855103 3.1001410484314 2.96938180923462 2.75489115715027 2.61593723297119 2.08620309829712 1.95783126354218 1.84540677070618 1.68728256225586 1.62132513523102 1.60264503955841 1.61414158344269 1.35440635681152 0.952190756797791 0.51971298456192 0.19089449942112 0.0417894907295704 -0.0751776397228241 -0.0682114362716675 -0.0866325944662094 -0.101277500391006 -0.129200592637062 0.172056376934052
3.46175026893616 3.39709544181824 3.35383439064026 3.23307704925537 3.02943658828735 2.80176115036011 2.59401798248291 2.33697104454041 2.29300999641418 2.40229964256287 2.4736750125885 2.44531011581421 2.53447842597961 2.59200572967529 2.83501744270325 2.95199990272522 3.00101613998413 2.7810652256012 2.45567440986633 2.5138623714447 2.89108753204346 2.9971387386322 3.01887607574463 2.98252868652344 2.92297148704529 2.73732781410217 2.55225920677185 2.10350513458252 1.90890347957611 1.84343481063843 1.62254130840302 1.51127016544342 1.53778183460236 1.47665357589722 1.11430847644806 0.697970747947693 0.342539280653 0.095012329518795 -8.13735750853084e-05 -0.0992906093597412 -0.126120209693909 -0.1233831346035 -0.149215221405029 -0.175473362207413 -0.180584609508514
3.22417807579041 3.25553393363953 3.19444561004639 3.08841800689697 2.95699071884155 2.84613537788391 2.63106727600098 2.41889309883118 2.18171119689941 2.18178558349609 2.28071618080139 2.33645391464233 2.42228746414185 2.45966553688049 2.543869972229 2.76605844497681 2.85976147651672 2.73057079315186 2.54902911186218 2.32530927658081 2.44571757316589 2.74289441108704 2.81779527664185 2.83941316604614 2.81093645095825 2.65869641304016 2.45699453353882 2.32566547393799 1.9504771232605 1.7746821641922 1.63718569278717 1.49208641052246 1.41628241539001 1.21792137622833 0.852438867092133 0.534741997718811 0.244191125035286 0.0759614631533623 -0.0133205372840166 -0.108361288905144 -0.182486370205879 -0.176718398928642 -0.19932447373867 -0.218950778245926 -0.241854339838028
3.0772078037262 3.09441566467285 3.01465845108032 2.96017241477966 2.87923073768616 2.77914905548096 2.66046404838562 2.3077278137207 2.09829878807068 2.07736897468567 2.18812704086304 2.24342179298401 2.21722030639648 2.29942274093628 2.32850456237793 2.57320213317871 2.66378045082092 2.70293402671814 2.59225940704346 2.41736125946045 2.21889328956604 2.37670731544495 2.613196849823 2.70388960838318 2.68504500389099 2.62017416954041 2.44847083091736 2.2713987827301 2.01049494743347 1.7571382522583 1.66650116443634 1.45557475090027 1.29301524162292 0.987918138504028 0.64763218164444 0.412995934486389 0.193428561091423 0.0514490753412247 -0.0266062803566456 -0.130656108260155 -0.228316932916641 -0.261209934949875 -0.260132849216461 -0.276921302080154 -0.280237704515457
2.80669665336609 2.84332537651062 2.85587406158447 2.79754972457886 2.76169037818909 2.6862576007843 2.53491640090942 2.35432934761047 2.15333080291748 1.94905471801758 1.97805142402649 2.08716177940369 2.129634141922 2.10412955284119 2.22258305549622 2.29430508613586 2.42786502838135 2.51955080032349 2.57799243927002 2.38615393638611 2.10035014152527 2.12852048873901 2.43877816200256 2.52230048179626 2.55194115638733 2.51434350013733 2.38977360725403 2.23991417884827 2.07472658157349 1.76582467556 1.58546841144562 1.37548243999481 1.14910554885864 0.843760550022125 0.497768878936768 0.325717657804489 0.052977055311203 -0.0237984620034695 -0.132470473647118 -0.209255948662758 -0.26743072271347 -0.335290372371674 -0.333384901285172 -0.339135199785233 -0.336219102144241
2.61882376670837 2.58054256439209 2.62283396720886 2.6663281917572 2.62004661560059 2.54192590713501 2.46989583969116 2.37854433059692 2.04598641395569 1.9001739025116 1.89465987682343 2.00375485420227 1.98722243309021 2.02701210975647 2.10606098175049 2.1018397808075 2.15992450714111 2.38705658912659 2.47153878211975 2.37347364425659 2.19850301742554 1.99152421951294 2.11600255966187 2.35089492797852 2.4256386756897 2.41155385971069 2.35236954689026 2.25376844406128 2.07464385032654 1.95651388168335 1.55509173870087 1.32146763801575 1.02104198932648 0.773921132087708 0.428143531084061 0.131899997591972 -0.0561373941600323 -0.133945539593697 -0.228638112545013 -0.300960421562195 -0.372996240854263 -0.408345222473145 -0.418931573629379 -0.407873392105103 -0.403626948595047
2.59239482879639 2.41020035743713 2.47290825843811 2.50703167915344 2.48358821868896 2.45161128044128 2.39189314842224 2.26585054397583 2.10875558853149 1.9333268404007 1.7943389415741 1.82070195674896 1.92411923408508 1.95078253746033 1.92557656764984 2.00538444519043 2.03361940383911 2.21271729469299 2.31177830696106 2.36130046844482 2.17179369926453 1.90410268306732 1.90378451347351 2.20226144790649 2.26783847808838 2.30486392974854 2.285968542099 2.22587323188782 2.06507158279419 1.90770161151886 1.57453727722168 1.27989864349365 0.913867354393005 0.659968018531799 0.350310027599335 0.0210202597081661 -0.228371277451515 -0.328784734010696 -0.432215720415115 -0.453515917062759 -0.50230473279953 -0.574020743370056 -0.524988889694214 -0.502186298370361 -0.483693152666092
