slauniainen/Data/DEM/Vihti_dem1500b_cl_svf.asc
NCOLS 196 
NROWS 178 
XLLCORNER 353680 
YLLCORNER 6699024 
CELLSIZE 16 
NODATA_value -3.4e+38 
[rows 120 to 139 of 178, columns 0 to 43 of 196]
0.994663178920746 0.984751284122467 0.982515394687653 0.99016660451889 0.99472850561142 0.997898101806641 0.999200642108917 0.999533832073212 0.997531950473785 0.9948690533638 0.99526458978653 0.997159957885742 0.997927367687225 0.998163282871246 0.998333752155304 0.998580932617188 0.99855899810791 0.998710691928864 0.99860405921936 0.998612403869629 0.998656749725342 0.998844742774963 0.99896627664566 0.99906861782074 0.99917060136795 0.99935919046402 0.999408960342407 0.999406814575195 0.999424338340759 0.99943220615387 0.999419450759888 0.999391496181488 0.999379456043243 0.999378204345703 0.999423444271088 0.999439775943756 0.999455332756042 0.999457240104675 0.999467492103577 0.999427437782288 0.999400913715363 0.99941074848175 0.999417066574097 0.999415040016174
0.99559086561203 0.9918133020401 0.979149520397186 0.983176589012146 0.992606818675995 0.997063994407654 0.998287439346313 0.999028861522675 0.998347580432892 0.996401786804199 0.995998382568359 0.996718347072601 0.997523009777069 0.998023688793182 0.998355627059937 0.998526692390442 0.998467862606049 0.998582541942596 0.998548805713654 0.998437166213989 0.998627543449402 0.998773992061615 0.998947083950043 0.999045014381409 0.999103426933289 0.999296426773071 0.999424457550049 0.999425888061523 0.999427795410156 0.999431610107422 0.999445855617523 0.999401330947876 0.999417364597321 0.999398529529572 0.999419629573822 0.999470829963684 0.999458491802216 0.999480903148651 0.999469220638275 0.999423146247864 0.999384820461273 0.999429404735565 0.999429881572723 0.999409377574921
0.99650502204895 0.994252860546112 0.990152955055237 0.981253206729889 0.986503124237061 0.994423985481262 0.996834874153137 0.99828040599823 0.998643517494202 0.997719645500183 0.997359454631805 0.996761858463287 0.996837735176086 0.997739613056183 0.998281955718994 0.998533666133881 0.998452842235565 0.998487174510956 0.998517274856567 0.99829113483429 0.998548269271851 0.998664677143097 0.998847126960754 0.999026358127594 0.999092638492584 0.99926096200943 0.999425649642944 0.999455392360687 0.999441385269165 0.999417960643768 0.99939626455307 0.99940437078476 0.999437868595123 0.999442994594574 0.999438345432281 0.999463558197021 0.999462723731995 0.999477684497833 0.999466478824615 0.999416828155518 0.999389111995697 0.999396681785583 0.999404191970825 0.999382317066193
0.996782183647156 0.996183335781097 0.993822872638702 0.988512933254242 0.986599028110504 0.991493225097656 0.995695173740387 0.997612476348877 0.998669922351837 0.998584687709808 0.998446583747864 0.997395217418671 0.996533274650574 0.997108399868011 0.998026430606842 0.998398721218109 0.998391032218933 0.998396933078766 0.998542666435242 0.998277544975281 0.998485386371613 0.998553991317749 0.998760282993317 0.999046802520752 0.999102294445038 0.999233663082123 0.999383866786957 0.999459505081177 0.999474048614502 0.999458193778992 0.999413132667542 0.99944394826889 0.999437570571899 0.999457716941833 0.999447822570801 0.999454498291016 0.99947315454483 0.999474823474884 0.999446749687195 0.999378740787506 0.999372899532318 0.99937504529953 0.999372184276581 0.999358892440796
0.997598588466644 0.996970415115356 0.995824038982391 0.99468070268631 0.98860776424408 0.989972770214081 0.993982434272766 0.996707797050476 0.998185575008392 0.998664557933807 0.998839855194092 0.998216986656189 0.996990025043488 0.996708273887634 0.997614324092865 0.998212277889252 0.998320698738098 0.998338878154755 0.998502731323242 0.998240113258362 0.998566865921021 0.998621702194214 0.998670876026154 0.999020218849182 0.999130845069885 0.999268889427185 0.999361753463745 0.999444305896759 0.999502539634705 0.999473333358765 0.999440252780914 0.999422311782837 0.999421417713165 0.999435186386108 0.999495267868042 0.999465525150299 0.999440789222717 0.999453246593475 0.999405860900879 0.999365568161011 0.999366819858551 0.999367117881775 0.99936431646347 0.999338507652283
0.997969925403595 0.99765533208847 0.996871113777161 0.996112048625946 0.994846761226654 0.990515470504761 0.992001593112946 0.995508372783661 0.99738472700119 0.998180508613586 0.998731791973114 0.998781979084015 0.997807502746582 0.996959567070007 0.997219324111938 0.997959494590759 0.998269140720367 0.998292922973633 0.998525559902191 0.998198568820953 0.998503029346466 0.998752117156982 0.998694121837616 0.998958766460419 0.999240159988403 0.999302446842194 0.999374151229858 0.99943882226944 0.999459505081177 0.999428331851959 0.99943071603775 0.999402761459351 0.999405443668365 0.999397933483124 0.999428451061249 0.999489545822144 0.999418973922729 0.999408841133118 0.999377965927124 0.999367833137512 0.999362111091614 0.99938577413559 0.999358952045441 0.999330222606659
0.998109936714172 0.997817575931549 0.997524976730347 0.997015118598938 0.996397137641907 0.994504988193512 0.991828560829163 0.992196619510651 0.99502021074295 0.997179329395294 0.998260080814362 0.998917698860168 0.998460650444031 0.99744188785553 0.997189283370972 0.997740805149078 0.998147428035736 0.998200476169586 0.99850857257843 0.998202264308929 0.998418211936951 0.998833179473877 0.998625874519348 0.998830199241638 0.999269843101501 0.999387741088867 0.999448478221893 0.999429941177368 0.999430298805237 0.999440908432007 0.999397397041321 0.999377131462097 0.999371945858002 0.999409198760986 0.999378085136414 0.999430954456329 0.999473392963409 0.999384105205536 0.999365091323853 0.999364733695984 0.999356985092163 0.999383091926575 0.999345302581787 0.99933123588562
0.998393297195435 0.998136460781097 0.997989177703857 0.997613728046417 0.997085154056549 0.9966761469841 0.994714319705963 0.991870045661926 0.992162883281708 0.993611037731171 0.996258497238159 0.99803501367569 0.998591542243958 0.997911989688873 0.997519195079803 0.997743129730225 0.997970044612885 0.998091280460358 0.998546302318573 0.998314201831818 0.99849271774292 0.998870134353638 0.998719573020935 0.998812258243561 0.999178171157837 0.999401211738586 0.999488472938538 0.999490201473236 0.999456107616425 0.999425709247589 0.999385833740234 0.999377071857452 0.999362528324127 0.999367654323578 0.999382138252258 0.999378800392151 0.999441504478455 0.999364376068115 0.999356091022491 0.999343454837799 0.999327421188354 0.99932074546814 0.999284327030182 0.999285161495209
0.998480200767517 0.998388946056366 0.998271644115448 0.998038947582245 0.997613310813904 0.997276544570923 0.997044205665588 0.996480226516724 0.994163155555725 0.992542684078217 0.993545293807983 0.995007812976837 0.9971883893013 0.9981569647789 0.998025119304657 0.997855544090271 0.997706294059753 0.998043358325958 0.998584508895874 0.998515725135803 0.998638153076172 0.998874545097351 0.999019503593445 0.998755991458893 0.998987376689911 0.99939626455307 0.999489009380341 0.999480903148651 0.999426960945129 0.999450385570526 0.999419093132019 0.999373197555542 0.999340355396271 0.99933660030365 0.999364256858826 0.999404728412628 0.999394714832306 0.999346852302551 0.999356746673584 0.999304056167603 0.999290347099304 0.999211370944977 0.999177753925323 0.999144077301025
0.998633801937103 0.998617231845856 0.998502135276794 0.998352110385895 0.998086214065552 0.997905313968658 0.997656345367432 0.997448444366455 0.99719375371933 0.996748149394989 0.994666576385498 0.994623899459839 0.99476957321167 0.995696067810059 0.997308194637299 0.997794210910797 0.997443974018097 0.997989892959595 0.998749732971191 0.998693108558655 0.998685002326965 0.998895585536957 0.999109327793121 0.99884295463562 0.998901724815369 0.999350190162659 0.999472737312317 0.999444127082825 0.999402523040771 0.999446928501129 0.999460279941559 0.999420344829559 0.999378323554993 0.999351382255554 0.999323546886444 0.999397456645966 0.999365568161011 0.999336540699005 0.999319970607758 0.999257624149323 0.999214589595795 0.999146640300751 0.999053418636322 0.999002456665039
0.998793423175812 0.998779118061066 0.998667538166046 0.998569846153259 0.998360633850098 0.998272895812988 0.998121440410614 0.998054146766663 0.997964560985565 0.99792206287384 0.997768878936768 0.99720287322998 0.995902299880981 0.99567711353302 0.996676683425903 0.997252225875854 0.997553706169128 0.99835592508316 0.998903155326843 0.998849809169769 0.99872225522995 0.998816192150116 0.999046206474304 0.999034583568573 0.998894989490509 0.999230444431305 0.999450206756592 0.999437212944031 0.999453127384186 0.999472141265869 0.999451875686646 0.999421656131744 0.99941086769104 0.999404311180115 0.999394774436951 0.999344289302826 0.999325275421143 0.999309182167053 0.999290406703949 0.999263882637024 0.999153316020966 0.998995065689087 0.998871743679047 0.998875379562378
0.998878061771393 0.998903036117554 0.998818218708038 0.998732626438141 0.998595654964447 0.998497486114502 0.99846351146698 0.998365461826324 0.998289585113525 0.998228371143341 0.998180091381073 0.998103141784668 0.998092114925385 0.998278558254242 0.998146951198578 0.997819364070892 0.998299658298492 0.998806059360504 0.998875975608826 0.998909294605255 0.998679280281067 0.998651146888733 0.998894453048706 0.999065697193146 0.998849928379059 0.999100923538208 0.999405026435852 0.999416053295135 0.999438345432281 0.999456226825714 0.99943745136261 0.999439239501953 0.999397039413452 0.999381721019745 0.999367713928223 0.999276995658875 0.999299943447113 0.999326884746552 0.99928867816925 0.999244511127472 0.999075293540955 0.998901546001434 0.998793303966522 0.998804032802582
0.999000787734985 0.999012887477875 0.998954355716705 0.998889327049255 0.998766422271729 0.998704135417938 0.998633563518524 0.998567223548889 0.998516082763672 0.99846351146698 0.998447895050049 0.998513579368591 0.998587310314178 0.998707950115204 0.998743414878845 0.998801946640015 0.998886048793793 0.998969435691833 0.998832941055298 0.99861091375351 0.998405039310455 0.998371362686157 0.998674988746643 0.998988509178162 0.998980581760406 0.999108493328094 0.99930065870285 0.999364852905273 0.999419689178467 0.999459266662598 0.999432682991028 0.9993976354599 0.999377846717834 0.999351799488068 0.999352216720581 0.999285578727722 0.999287068843842 0.999291777610779 0.999262988567352 0.999118864536285 0.998991668224335 0.998831450939178 0.998690724372864 0.998701512813568
0.999135434627533 0.999118208885193 0.999062538146973 0.999025464057922 0.998906970024109 0.998868763446808 0.998807191848755 0.998750627040863 0.998715043067932 0.99865460395813 0.998658776283264 0.998734652996063 0.998812079429626 0.998916268348694 0.998920261859894 0.998910069465637 0.998830676078796 0.99862015247345 0.998378217220306 0.998061835765839 0.997802197933197 0.997798442840576 0.998275756835938 0.998684644699097 0.999027848243713 0.999124944210052 0.999237418174744 0.999331176280975 0.999407470226288 0.999465107917786 0.999447226524353 0.999372124671936 0.999348998069763 0.999357521533966 0.99935656785965 0.999355614185333 0.999311149120331 0.999254882335663 0.99908322095871 0.998944282531738 0.998916745185852 0.998787581920624 0.998682916164398 0.998645067214966
0.999212265014648 0.999185085296631 0.999152779579163 0.999109864234924 0.999017715454102 0.998982667922974 0.998933434486389 0.998918354511261 0.998872101306915 0.998837172985077 0.998799383640289 0.998833358287811 0.998906850814819 0.999008417129517 0.998976826667786 0.998873353004456 0.998583316802979 0.998186886310577 0.998144030570984 0.998065888881683 0.997429132461548 0.996942639350891 0.997495293617249 0.998144626617432 0.99872899055481 0.999086022377014 0.999191224575043 0.999253869056702 0.999373078346252 0.999460279941559 0.999424040317535 0.99935120344162 0.999358177185059 0.999367535114288 0.999347984790802 0.999351799488068 0.999336242675781 0.999192714691162 0.998957514762878 0.99886280298233 0.998824954032898 0.99877393245697 0.998755812644958 0.998655736446381
0.999165594577789 0.99917858839035 0.999201118946075 0.999175906181335 0.999090731143951 0.999078214168549 0.999039053916931 0.99903392791748 0.998966932296753 0.998945653438568 0.998928487300873 0.998922348022461 0.998955428600311 0.998987972736359 0.998896896839142 0.998701691627502 0.998490631580353 0.998356759548187 0.998352646827698 0.998086869716644 0.997733294963837 0.996571183204651 0.996508359909058 0.997435688972473 0.998199462890625 0.998742461204529 0.99895852804184 0.999103009700775 0.999297022819519 0.99942821264267 0.999364793300629 0.999251544475555 0.999285459518433 0.999307632446289 0.999336063861847 0.999329447746277 0.999334812164307 0.999171435832977 0.998902976512909 0.998805344104767 0.998825311660767 0.998784959316254 0.998747229576111 0.998681664466858
0.999096512794495 0.999116837978363 0.99916398525238 0.999196171760559 0.999153077602386 0.999132335186005 0.999094486236572 0.999070942401886 0.99904590845108 0.999002575874329 0.998955130577087 0.998919606208801 0.998932063579559 0.998892307281494 0.998713254928589 0.998669803142548 0.99861752986908 0.998463213443756 0.998312950134277 0.998067617416382 0.997936189174652 0.99709564447403 0.996180832386017 0.996791958808899 0.997806906700134 0.998339414596558 0.998609662055969 0.998875677585602 0.99920779466629 0.999395072460175 0.999239444732666 0.999164283275604 0.999271988868713 0.999247431755066 0.99928092956543 0.999295294284821 0.999309837818146 0.99914026260376 0.998891353607178 0.998788118362427 0.998777329921722 0.998768031597137 0.998709917068481 0.998673677444458
0.999143421649933 0.99906200170517 0.999064207077026 0.999136030673981 0.999119818210602 0.999101400375366 0.999081909656525 0.999092698097229 0.999074578285217 0.999020516872406 0.998959958553314 0.998896598815918 0.9988734126091 0.998846173286438 0.998713850975037 0.998673319816589 0.998631536960602 0.998467624187469 0.998283386230469 0.998076617717743 0.997993469238281 0.997771263122559 0.996588051319122 0.996322929859161 0.997469842433929 0.998303353786469 0.998283267021179 0.998549461364746 0.999062836170197 0.999362885951996 0.999298810958862 0.99935656785965 0.999327659606934 0.999287009239197 0.999244809150696 0.999162077903748 0.999325573444366 0.999099612236023 0.998857617378235 0.998710632324219 0.998681604862213 0.998731315135956 0.998658239841461 0.998564481735229
0.999312698841095 0.999210357666016 0.999107420444489 0.99905401468277 0.999016940593719 0.999023377895355 0.999032616615295 0.999076962471008 0.999063789844513 0.999018132686615 0.998929619789124 0.998901009559631 0.998865723609924 0.99881637096405 0.998700857162476 0.99857634305954 0.998538732528687 0.998436570167542 0.998250067234039 0.998116552829742 0.99806672334671 0.997864723205566 0.996765851974487 0.995931267738342 0.996974647045135 0.997979760169983 0.998163342475891 0.998228847980499 0.998750388622284 0.999327898025513 0.999407351016998 0.999357342720032 0.999374806880951 0.999317288398743 0.999163687229156 0.999101221561432 0.999318361282349 0.999156177043915 0.9987952709198 0.998569071292877 0.998511075973511 0.998655140399933 0.998666346073151 0.998397409915924
0.999313771724701 0.999266743659973 0.999226987361908 0.999107182025909 0.998953998088837 0.998902559280396 0.998907148838043 0.998982489109039 0.999002039432526 0.998988687992096 0.998935461044312 0.99890261888504 0.998842656612396 0.998766243457794 0.998620748519897 0.998523116111755 0.998521566390991 0.998427629470825 0.998252987861633 0.998070895671844 0.997970700263977 0.997657001018524 0.997088849544525 0.995930075645447 0.996586859226227 0.997400104999542 0.997870445251465 0.998007357120514 0.998392164707184 0.999006330966949 0.999325215816498 0.999366164207458 0.999364376068115 0.999079763889313 0.998843848705292 0.999108076095581 0.999252200126648 0.999181389808655 0.998852610588074 0.998467564582825 0.998430192470551 0.998533725738525 0.998507618904114 0.998298287391663
