slauniainen/Data/DEM/Vihti_dem1500b_cl_horizonAngle_138.asc
NCOLS 196 
NROWS 178 
XLLCORNER 353680 
YLLCORNER 6699024 
CELLSIZE 16 
NODATA_value -3.4e+38 
[rows 20 to 39 of 178, columns 45 to 89 of 196]
-3.99261808395386 -4.06710290908813 -4.01835060119629 -3.88735938072205 -3.68308639526367 -3.53383874893188 -3.34264421463013 -3.249272108078 -3.07104849815369 -2.88690876960754 -2.65117335319519 1.01176285743713 5.57862043380737 10.5759706497192 14.154200553894 6.80690050125122 0.560919642448425 -1.45004117488861 -1.70807695388794 -1.52320873737335 -1.46280026435852 -1.50091052055359 -1.51576447486877 -1.35684359073639 -0.925617098808289 -0.67469733953476 -0.356406956911087 -0.098331555724144 0.0966240018606186 0.261252701282501 0.393936544656754 0.4847332239151 0.543628931045532 0.556252479553223 0.572971820831299 0.615709245204926 0.653987884521484 0.613456428050995 0.565031111240387 0.538969576358795 0.527823328971863 0.543657779693604 0.54315572977066 0.551925480365753 0.597293794155121
-3.79614925384521 -3.72763013839722 -3.72395634651184 -3.57729744911194 -3.41035223007202 -3.24839925765991 -3.0805389881134 -2.91969108581543 -2.76423382759094 -2.56701493263245 -2.33442640304565 -0.0468285009264946 4.99582624435425 11.6963329315186 7.45121574401855 -0.897492349147797 -2.33079838752747 -2.04293727874756 -1.74017095565796 -1.46984159946442 -1.3660740852356 -1.27266204357147 -1.14105832576752 -0.842497587203979 -0.634153783321381 -0.402556896209717 -0.114093318581581 0.112435884773731 0.269247055053711 0.405531167984009 0.502655208110809 0.585462987422943 0.609355032444 0.633945882320404 0.666309297084808 0.718524277210236 0.778863370418549 0.727219998836517 0.680906116962433 0.63213986158371 0.620592892169952 0.608601272106171 0.600320875644684 0.597653865814209 0.630206108093262
-3.5295934677124 -3.44305539131165 -3.40508604049683 -3.30110335350037 -3.12422585487366 -2.92868852615356 -2.72826027870178 -2.55072045326233 -2.40340280532837 -2.2556357383728 -2.1034471988678 -1.35435509681702 2.22763586044312 6.58078002929688 0.82583624124527 -2.53339719772339 -2.33858823776245 -2.07849502563477 -1.77208399772644 -1.50267040729523 -1.25691020488739 -0.988780081272125 -0.548678278923035 -0.435242503881454 -0.273303300142288 -0.11490648239851 0.078241840004921 0.29463517665863 0.413988173007965 0.528653681278229 0.602122902870178 0.661287248134613 0.701727211475372 0.737516701221466 0.772285461425781 0.81037575006485 0.829062044620514 0.845656514167786 0.806819558143616 0.755532920360565 0.69448709487915 0.682692468166351 0.67037445306778 0.665346384048462 0.677934169769287
-3.44442749023438 -3.22235417366028 -3.09275269508362 -2.99115014076233 -2.86398649215698 -2.57255148887634 -2.38355231285095 -2.23772644996643 -2.11692667007446 -2.00186276435852 -1.93064761161804 -1.94732010364532 -2.0397584438324 -1.93916499614716 -2.40833592414856 -2.41831207275391 -2.18757748603821 -1.95168256759644 -1.72856628894806 -1.39450228214264 -1.03994297981262 -0.419156670570374 0.00384950125589967 0.131196215748787 0.104649342596531 0.218469083309174 0.367417544126511 0.501845896244049 0.58183366060257 0.638132750988007 0.70928019285202 0.770142793655396 0.78955751657486 0.806214809417725 0.833080649375916 0.897382915019989 0.929261386394501 0.905873417854309 0.899502754211426 0.852362632751465 0.80382913351059 0.766457378864288 0.749247491359711 0.743372321128845 0.751806139945984
-3.33355021476746 -2.68359613418579 -1.73320996761322 -1.29164433479309 -1.54307425022125 -0.965871036052704 -1.28510630130768 -2.03299808502197 -1.93383991718292 -1.83927428722382 -1.78851723670959 -1.8005588054657 -1.858433842659 -1.95676791667938 -2.11110043525696 -2.10369563102722 -1.85811245441437 -1.6159656047821 -1.33253490924835 -0.985016047954559 -0.299086600542068 0.143538504838943 0.474335640668869 0.576740622520447 0.599381268024445 0.568793833255768 0.633431792259216 0.738764584064484 0.776967763900757 0.804542124271393 0.851079285144806 0.88676655292511 0.876029133796692 0.863177299499512 0.917266666889191 0.998845815658569 1.04179632663727 1.06434094905853 1.01068997383118 0.941669464111328 0.915530979633331 0.886958420276642 0.84270578622818 0.839258074760437 0.848073899745941
-3.04475331306458 -1.55458998680115 0.532767117023468 2.09436249732971 1.50518345832825 0.602860033512115 -0.53449022769928 -1.06652462482452 -1.17013466358185 -1.11084020137787 -1.73340487480164 -1.71350991725922 -1.70207297801971 -1.70890760421753 -1.78174221515656 -1.81460916996002 -1.67133271694183 -1.39767897129059 -1.09585225582123 -0.818760335445404 -0.134052783250809 0.535030841827393 0.890237271785736 0.9901282787323 1.05095183849335 1.03807103633881 0.978602766990662 0.916491985321045 0.899574458599091 0.909937500953674 0.905080020427704 0.928519308567047 0.930952191352844 0.961853444576263 1.02566814422607 1.1200258731842 1.21344351768494 1.26069712638855 1.2700902223587 1.24366366863251 1.1930228471756 1.10239636898041 1.01199495792389 0.945962429046631 0.939761221408844
-2.69772243499756 -0.414818197488785 2.43630814552307 4.7788348197937 5.69037342071533 3.72752213478088 1.1227890253067 0.115617386996746 0.26213350892067 -0.555221140384674 -1.23169565200806 -1.67725026607513 -1.63604724407196 -1.34919989109039 -1.66456925868988 -1.68129539489746 -1.50693321228027 -1.15665686130524 -0.86861789226532 -0.534684956073761 -0.0772768780589104 0.642111659049988 1.1610199213028 1.39329159259796 1.42384612560272 1.46673905849457 1.39152121543884 1.19044041633606 1.05319392681122 1.01315140724182 0.993259429931641 0.969215095043182 0.974922895431519 1.01332449913025 1.1181081533432 1.24701869487762 1.37275218963623 1.47295570373535 1.57140529155731 1.62690007686615 1.43872773647308 1.3220489025116 1.22196686267853 1.15258026123047 1.08729302883148
-2.57286739349365 0.673723816871643 3.94598031044006 5.66157674789429 9.28705978393555 8.81720924377441 4.69995498657227 1.85364484786987 1.20129203796387 1.22334408760071 -0.381258428096771 -0.204835221171379 -1.6365077495575 -1.58473539352417 -1.57628774642944 -1.57899260520935 -1.33347141742706 -0.94997900724411 -0.589193761348724 -0.252017140388489 0.0883155092597008 0.594394207000732 1.11502492427826 1.58527946472168 1.78499436378479 1.82492208480835 1.77321624755859 1.57992041110992 1.31316542625427 1.3522697687149 1.06477451324463 1.01554727554321 1.0349987745285 1.10034334659576 1.25959467887878 1.41253805160522 1.54393899440765 1.78126859664917 1.9550746679306 1.97843444347382 1.89443600177765 1.63529336452484 1.44785463809967 1.34125602245331 1.28350985050201
-2.34984064102173 1.1807314157486 3.90160799026489 8.08370971679688 11.1238107681274 14.0515661239624 10.2203140258789 6.29414701461792 3.34121966362 3.22572636604309 2.67739748954773 0.289893835783005 -1.69359910488129 -1.58985531330109 -1.46650612354279 -1.40741872787476 -1.18530642986298 -0.771093487739563 -0.409200727939606 -0.10001290589571 0.225799560546875 0.583989202976227 1.09425902366638 1.51051068305969 1.98308598995209 2.13280725479126 2.03190922737122 1.87826466560364 1.64555430412292 1.3483464717865 1.13629341125488 1.06838428974152 1.08330297470093 1.17445933818817 1.31782138347626 1.47753930091858 1.6386513710022 2.00449275970459 2.23172807693481 2.28184533119202 2.17379450798035 2.00900769233704 1.71524310112 1.51471209526062 1.43090605735779
-2.04203820228577 1.88651597499847 4.52297830581665 9.26700115203857 13.0674457550049 6.55105590820312 1.23755609989166 -0.850694060325623 -1.25207698345184 4.46368837356567 1.03927028179169 -1.8741352558136 -1.77137923240662 -1.54333341121674 -1.40536677837372 -1.287517786026 -1.06224155426025 -0.614801168441772 -0.261459499597549 0.0390705317258835 0.324204385280609 0.633050441741943 1.06771409511566 1.45472455024719 1.78085815906525 2.22122931480408 2.33039093017578 2.175537109375 1.97767388820648 1.70533776283264 1.35944664478302 1.15759742259979 1.12171840667725 1.18880534172058 1.32029819488525 1.48231792449951 1.69564068317413 2.07113146781921 2.37252712249756 2.4543182849884 2.3899667263031 2.26375770568848 2.09222388267517 1.79137754440308 1.57691240310669
-1.82296347618103 1.53046834468842 5.50059223175049 6.51987886428833 4.07938241958618 1.25283968448639 0.0265245623886585 -1.12852931022644 -2.4467146396637 -2.27911972999573 -2.18076300621033 -2.01920032501221 -1.78049910068512 -1.55978512763977 -1.41523027420044 -1.28114032745361 -1.03959953784943 -0.50889652967453 -0.0337139517068863 0.216705948114395 0.46742981672287 0.692738234996796 1.01113224029541 1.39209926128387 1.70304179191589 1.97443974018097 2.3912456035614 2.47869467735291 2.27983903884888 2.03992390632629 1.73895192146301 1.38053607940674 1.19202399253845 1.21437644958496 1.3412379026413 1.4866144657135 1.68052637577057 2.06255531311035 2.39571642875671 2.51732802391052 2.56274843215942 2.49100589752197 2.35842609405518 2.17982602119446 1.86182987689972
-1.67463707923889 0.160557225346565 5.55732107162476 4.35036182403564 3.00458359718323 1.97972548007965 3.31557393074036 0.502833306789398 -2.49334812164307 -2.38896679878235 -2.15605449676514 -1.95455813407898 -1.78596532344818 -1.62903594970703 -1.47086119651794 -1.26728796958923 -1.04222512245178 -0.624342858791351 -0.0575722604990005 0.283752948045731 0.511233866214752 0.796825647354126 1.07554948329926 1.29986941814423 1.48983454704285 1.77077317237854 2.05827856063843 2.48499083518982 2.55075740814209 2.33041286468506 2.07922768592834 1.77219021320343 1.41884469985962 1.25257253646851 1.36014223098755 1.48620927333832 1.65479242801666 2.07862710952759 2.37330389022827 2.4950807094574 2.62432932853699 2.66936182975769 2.59098696708679 2.4515323638916 2.2618887424469
-1.53210318088531 -1.44878554344177 2.53014588356018 -0.636891722679138 -0.765496253967285 0.788442671298981 0.550140798091888 -2.505863904953 -2.53148698806763 -2.37720727920532 -2.05957818031311 -1.83572423458099 -1.63991510868073 -1.41993987560272 -1.25289738178253 -1.12202847003937 -0.908102631568909 -0.58616691827774 -0.156841143965721 0.223626539111137 0.62570196390152 0.850157737731934 1.04344856739044 1.22120523452759 1.36862683296204 1.54182851314545 1.83731770515442 2.14061880111694 2.56419563293457 2.58756709098816 2.36574411392212 2.11653208732605 1.81165301799774 1.46230006217957 1.36826574802399 1.48469221591949 1.71010971069336 2.05494451522827 2.33841443061829 2.47233295440674 2.59832429885864 2.73066377639771 2.77226829528809 2.68711280822754 2.54341530799866
-1.31711483001709 -1.23836743831635 -1.42239534854889 -1.69528031349182 -1.90407562255859 -2.11858320236206 -2.31518363952637 -2.45258283615112 -2.26784586906433 -2.03514456748962 -1.8422349691391 -1.64079010486603 -1.41138744354248 -1.18088102340698 -0.985804498195648 -0.803118884563446 -0.621143281459808 -0.348139673471451 -0.051099494099617 0.365976750850677 0.735547780990601 1.04350614547729 1.08522975444794 1.20070385932922 1.3233083486557 1.41961288452148 1.59081554412842 1.90377342700958 2.20760369300842 2.60034799575806 2.61269950866699 2.40768122673035 2.16624999046326 1.8553261756897 1.49261844158173 1.49064993858337 1.68987035751343 2.05787396430969 2.29462265968323 2.42791557312012 2.57501840591431 2.70718479156494 2.83485174179077 2.87146329879761 2.78405833244324
-1.10448706150055 -1.02482879161835 -1.13934683799744 -1.29749739170074 -1.53534293174744 -1.72664177417755 -1.81849253177643 -1.80728673934937 -1.73032641410828 -1.67184102535248 -1.55834019184113 -1.36832189559937 -1.17221403121948 -0.970024526119232 -0.780344903469086 -0.543550431728363 -0.360964179039001 -0.221501797437668 0.419307142496109 1.2832258939743 1.6150735616684 1.74699354171753 1.97656095027924 1.68119025230408 1.32054078578949 1.38257300853729 1.44171297550201 1.63784408569336 1.95817267894745 2.54924368858337 2.6077241897583 2.66162705421448 2.47557616233826 2.22827577590942 1.82776319980621 1.50032818317413 1.65895044803619 1.95321774482727 2.20894360542297 2.37455248832703 2.5291793346405 2.68473315238953 2.80999612808228 2.93150758743286 2.9662663936615
-0.889343082904816 -0.85270094871521 -0.890977382659912 -1.00213921070099 -1.11830806732178 -1.27450239658356 -1.27917861938477 -1.29827463626862 -1.30011987686157 -1.11040890216827 -1.12895774841309 -1.08406031131744 -0.922541201114655 -0.745132446289062 -0.49855825304985 -0.332575231790543 -0.165992304682732 0.533196628093719 1.64562547206879 2.01558566093445 2.38175201416016 2.96220731735229 2.38776898384094 1.48318755626678 1.46993231773376 1.43634712696075 1.4720596075058 1.53959369659424 1.68085289001465 2.00561904907227 2.58096718788147 2.73365044593811 2.62935280799866 2.49028205871582 2.09554576873779 1.72506141662598 1.56722044944763 1.80318176746368 2.12295603752136 2.31219267845154 2.46792054176331 2.62560081481934 2.77085089683533 2.89293718338013 3.01403832435608
-0.692594230175018 -0.658762514591217 -0.665003180503845 -0.725103139877319 -0.789593815803528 -0.864934027194977 -0.876784682273865 -0.80283135175705 -0.761743009090424 -0.648867070674896 -0.664528131484985 -0.79627400636673 -0.60958993434906 -0.407522529363632 -0.289369463920593 -0.0584008283913136 1.00644862651825 1.88647413253784 2.37877249717712 2.58789968490601 2.22068190574646 1.74287176132202 1.7269811630249 1.70082795619965 1.68091225624084 1.63052666187286 1.65047562122345 1.71733820438385 1.7704039812088 1.77280747890472 2.34086656570435 2.75962328910828 2.853679895401 2.69849729537964 2.49916553497314 2.14508080482483 1.75720822811127 1.68830239772797 2.02526950836182 2.2550094127655 2.39392876625061 2.54683685302734 2.68855285644531 2.82967901229858 2.95324349403381
-0.544174194335938 -0.495917975902557 -0.492597848176956 -0.513152420520782 -0.53064626455307 -0.53510457277298 -0.554076194763184 -0.495049208402634 -0.449045777320862 -0.424950152635574 -0.422128468751907 -0.427088230848312 -0.331502377986908 -0.147458493709564 0.158427357673645 1.19025135040283 2.34742331504822 2.86227917671204 2.1301691532135 1.4965877532959 1.49918949604034 1.74602878093719 1.86287260055542 1.89177882671356 1.85718131065369 1.8280256986618 1.82684123516083 1.8574652671814 1.9494503736496 2.01828861236572 1.9337272644043 2.43622517585754 2.8975567817688 3.02347588539124 2.87090802192688 2.63506150245667 2.25798845291138 1.85723292827606 1.94818103313446 2.18753170967102 2.34183645248413 2.45392656326294 2.59184789657593 2.72569060325623 2.86615872383118
-0.341542392969131 -0.337322324514389 -0.342846661806107 -0.356144279241562 -0.38930407166481 -0.394785106182098 -0.350918889045715 -0.330954164266586 -0.330209285020828 -0.336359947919846 -0.254575610160828 -0.152695313096046 0.0142315700650215 0.557542383670807 1.27990484237671 1.80667912960052 2.93700528144836 1.57631659507751 1.02816569805145 0.740343153476715 1.44358813762665 1.74660181999207 1.9066663980484 2.01133990287781 2.03138089179993 2.02116060256958 2.02964520454407 2.10665202140808 2.355149269104 2.33453750610352 2.09504318237305 2.15645837783813 2.55784392356873 3.05898141860962 3.20140767097473 3.0255331993103 2.7452986240387 2.37936401367188 1.96223413944244 2.12564754486084 2.26127219200134 2.39527773857117 2.49421215057373 2.62380290031433 2.755051612854
-0.177786812186241 -0.176685899496078 -0.186718016862869 -0.200393036007881 -0.25788488984108 -0.210346311330795 -0.0231662485748529 0.0496908202767372 0.0789814963936806 0.0797861441969872 0.298041254281998 0.479082733392715 1.43815803527832 1.62385177612305 1.24645781517029 1.41932916641235 2.01653099060059 0.951744437217712 0.479952037334442 0.457535356283188 1.22270619869232 1.68107604980469 1.89081799983978 2.04013156890869 2.16875386238098 2.22151732444763 2.30048727989197 2.39510416984558 2.52957963943481 2.53596520423889 2.41340732574463 2.15999984741211 2.29297924041748 2.6837306022644 3.20902299880981 3.35079979896545 3.1626124382019 2.87038683891296 2.53300094604492 2.09542346000671 2.19534158706665 2.40884590148926 2.44173622131348 2.68364882469177 2.65076375007629
