slauniainen/Data/DEM/Vihti_dsm1500b_cl_horizonAngle_156.asc
NCOLS 196 
NROWS 178 
XLLCORNER 353680 
YLLCORNER 6699024 
CELLSIZE 16 
NODATA_value -3.4e+38 
[rows 120 to 139 of 178, columns 138 to 183 of 196]
35.8741912841797 17.3146457672119 14.9459857940674 16.5363006591797 13.4131841659546 11.3405170440674 10.2888059616089 11.7993288040161 23.8409385681152 29.2220230102539 19.4869022369385 14.9880027770996 34.401927947998 17.1163024902344 18.6680736541748 25.5970287322998 23.2845058441162 31.791446685791 31.8986587524414 40.2983055114746 22.7392520904541 17.2613830566406 33.4209022521973 18.470853805542 16.7846698760986 4.20376014709473 11.6619958877563 -1.54326355457306 -0.490151971578598 16.4974803924561 6.65921926498413 0.522163152694702 1.08703064918518 2.11502122879028 9.97982692718506 4.67066097259521 21.0999660491943 15.6163425445557 11.2469282150269 0.244430303573608 1.15407967567444 2.96855401992798 -0.675632238388062 1.56674432754517 12.680025100708 -1.13860297203064
11.9822187423706 17.699390411377 19.3001823425293 18.8329811096191 18.3377876281738 20.1143989562988 18.1236000061035 11.8752756118774 10.3386211395264 7.79172515869141 10.4548206329346 20.7569942474365 13.8765363693237 19.6987800598145 18.9924354553223 19.3084850311279 35.492431640625 38.6145324707031 42.2417411804199 13.5946111679077 27.7113742828369 17.1559257507324 12.8020095825195 3.42982339859009 23.0267601013184 4.64857816696167 -1.62997424602509 -0.734426021575928 19.8307437896729 -0.797864556312561 2.03835535049438 1.40692341327667 1.63323640823364 22.9442749023438 2.09751391410828 1.99244558811188 2.49086022377014 1.75455808639526 0.0600485987961292 0.504890501499176 1.25455629825592 1.59986793994904 -0.457175672054291 -0.903652489185333 -0.525584042072296 0.706351220607758
18.2811126708984 16.9467124938965 22.9927368164062 27.9840660095215 37.527416229248 36.0263366699219 39.289192199707 23.4806327819824 16.6273860931396 10.6030893325806 11.0753211975098 16.6362953186035 30.7402725219727 21.0082988739014 26.4395580291748 19.4334087371826 21.1878356933594 18.8227005004883 20.8600978851318 23.6829643249512 24.3909549713135 29.4232978820801 -0.368412554264069 25.241325378418 -0.440512180328369 22.9873733520508 10.5871829986572 8.98902034759521 5.56339693069458 3.28055143356323 0.0897920876741409 9.81116199493408 1.93257415294647 1.79987812042236 2.86992454528809 7.85568428039551 17.2136478424072 5.57552289962769 1.96398568153381 2.78759264945984 2.81862950325012 3.25741219520569 0.297959476709366 -0.193297073245049 -0.0750188007950783 3.43747520446777
26.4994926452637 36.0877456665039 26.9507999420166 35.1511917114258 18.5986175537109 19.4297676086426 15.1707277297974 27.4161491394043 33.3010406494141 19.6814460754395 22.9300651550293 18.1764831542969 24.4006748199463 28.5743885040283 35.7787551879883 23.3902263641357 19.8426055908203 28.2355651855469 30.9908962249756 29.6977443695068 9.16720581054688 -0.947968542575836 8.29784679412842 -0.314248591661453 7.59654188156128 -0.644253551959991 -0.654895722866058 14.2535009384155 -0.632479846477509 6.93785333633423 0.669289290904999 3.17574334144592 1.71061015129089 1.72903847694397 3.69319677352905 3.92934441566467 4.65673303604126 6.20298719406128 11.6240520477295 6.96669816970825 4.29802894592285 4.32553625106812 4.15187215805054 1.35179150104523 1.01186466217041 19.5052280426025
31.2448787689209 29.9534797668457 16.3853530883789 18.6185665130615 31.2683010101318 30.2176208496094 18.0918750762939 15.9123840332031 13.1660099029541 19.2937889099121 13.5082292556763 22.2431583404541 36.3232154846191 15.158106803894 20.0280590057373 18.3707847595215 21.8224220275879 15.2312650680542 15.6263666152954 12.6931982040405 13.6592178344727 1.78923988342285 9.30650806427002 2.91214466094971 0.0650838613510132 0.0816833078861237 1.51427662372589 3.70886015892029 -0.0867031365633011 2.18179965019226 0.940033793449402 0.869501173496246 2.04346561431885 2.90025877952576 4.08037662506104 4.03547811508179 3.6938591003418 6.67823123931885 9.31649971008301 8.29289627075195 17.6261348724365 7.67919635772705 7.20682239532471 12.3681573867798 7.87560796737671 1.07306492328644
12.539981842041 11.6408834457397 20.0325450897217 18.3543395996094 14.0748500823975 19.1500015258789 32.9714164733887 17.6737632751465 21.2706394195557 22.1376609802246 19.4851551055908 21.0921039581299 13.4740085601807 9.78145313262939 16.5760860443115 26.16135597229 15.9344625473022 20.2142467498779 13.3926277160645 8.31792259216309 6.89154291152954 15.1371431350708 21.725658416748 3.55905294418335 2.2821192741394 0.375686377286911 2.34279251098633 5.62376499176025 -0.0688942298293114 8.99341583251953 5.39854764938354 4.19647216796875 2.10928964614868 15.628044128418 4.12896156311035 8.90676689147949 12.4463129043579 27.0363903045654 11.3057403564453 14.0410976409912 9.25066089630127 9.43810176849365 8.64511966705322 28.6173515319824 9.48400020599365 10.3088779449463
28.2763023376465 18.0288238525391 13.3005418777466 15.9683256149292 21.5097980499268 18.2008285522461 20.5025463104248 26.761287689209 17.8071060180664 25.4533615112305 32.7351264953613 23.0036525726318 6.96287155151367 19.7962589263916 16.9302253723145 27.0780735015869 19.2613639831543 7.90344667434692 7.53691291809082 5.21517419815063 -1.05245721340179 12.8334302902222 -0.674958765506744 -0.0627060458064079 18.2511672973633 6.14837741851807 0.510720193386078 4.96568918228149 6.44711923599243 0.145920231938362 -0.459758311510086 1.06936573982239 6.22092390060425 2.51935935020447 5.45075750350952 7.61764192581177 5.73740911483765 4.59864330291748 28.3676280975342 23.412446975708 20.9071598052979 10.4062795639038 18.7472991943359 7.53794574737549 31.9346046447754 1.7143794298172
8.65248775482178 19.315408706665 15.0332632064819 20.4574794769287 25.9392566680908 16.6880130767822 6.64567756652832 11.2270793914795 18.1163501739502 18.7359371185303 7.66791200637817 17.9930210113525 8.51284217834473 19.0506725311279 12.2353649139404 17.5100917816162 5.26156568527222 10.8283109664917 16.8718395233154 -0.861555218696594 7.79185009002686 -0.380313992500305 4.26737499237061 6.14197635650635 -0.101960100233555 0.329817235469818 0.606131374835968 5.13674449920654 9.69215106964111 4.02711915969849 2.88518190383911 5.37745237350464 14.0772495269775 2.51879215240479 15.002049446106 5.91698789596558 7.10612058639526 8.56965446472168 4.82846403121948 16.9331283569336 28.2696018218994 38.4675788879395 22.3076820373535 17.2680988311768 1.38845086097717 24.7927799224854
11.5888137817383 7.05752992630005 35.1063804626465 17.6753311157227 24.5071468353271 30.9397716522217 10.2994413375854 11.7887353897095 4.56212425231934 7.36609363555908 6.91253471374512 1.61230611801147 7.84626865386963 22.3810024261475 21.1302471160889 5.41579341888428 29.6671390533447 2.45981025695801 7.0547308921814 -1.2392246723175 -1.16145360469818 8.31354713439941 -0.510271012783051 -0.460179328918457 0.0558854416012764 2.07506203651428 13.8762445449829 8.5263032913208 13.3927183151245 27.5622749328613 5.43341207504272 3.27814984321594 9.86149024963379 12.0807485580444 5.22573137283325 6.27624702453613 5.96845102310181 7.12700748443604 6.2403769493103 11.287579536438 0.392951995134354 4.40348052978516 16.0534229278564 13.1958265304565 11.5790023803711 5.60498046875
8.14074325561523 20.608736038208 8.24777412414551 15.3143224716187 6.11548089981079 0.974531769752502 3.80635738372803 4.17903137207031 2.74234199523926 3.54292464256287 5.3846755027771 4.02655220031738 12.5908918380737 28.8219432830811 18.0564632415771 19.6843280792236 -1.64968812465668 -1.17709064483643 -1.33506155014038 -0.9554323554039 -0.835300743579865 1.72937035560608 11.2532835006714 0.0160158462822437 24.2987155914307 5.6435809135437 2.12374377250671 4.73274326324463 6.09430837631226 13.500602722168 13.6450233459473 13.1720504760742 20.2052669525146 33.731086730957 19.3933982849121 22.1638889312744 9.35608100891113 13.5859727859497 5.80842876434326 5.78027868270874 0.359104752540588 0.394949674606323 1.10649049282074 1.1740243434906 1.02227485179901 1.58393466472626
7.61192274093628 23.2429428100586 9.27938556671143 15.8029842376709 12.158802986145 20.7160091400146 4.92955160140991 6.6605372428894 16.233362197876 15.3426818847656 9.82970523834229 9.73119068145752 6.37542724609375 11.4883089065552 11.7060461044312 13.4564304351807 -0.596186995506287 -1.15552473068237 -1.32576084136963 1.51963460445404 -0.414148420095444 -1.0371550321579 -0.760388374328613 3.54430174827576 -0.271903365850449 7.48962259292603 10.1664743423462 25.2942199707031 10.1555862426758 0.165731534361839 6.04702138900757 0.45213571190834 0.0413868352770805 1.54133605957031 22.4416103363037 4.07968950271606 12.1974477767944 15.2342767715454 10.6909742355347 7.91959285736084 0.661384701728821 0.922983646392822 19.8198070526123 19.9398651123047 18.205057144165 1.9741485118866
4.43680763244629 5.8652925491333 10.9715776443481 20.1403846740723 18.059061050415 6.67174291610718 6.8399076461792 25.9678840637207 21.0047950744629 23.3233470916748 29.4024753570557 20.7891387939453 9.86671733856201 4.21944379806519 19.157506942749 1.33787357807159 10.2679080963135 6.19224452972412 -1.02892589569092 11.2586393356323 -0.241543292999268 -0.730613827705383 -0.220451444387436 -0.135824203491211 0.15770249068737 8.35749626159668 30.5007476806641 4.16145372390747 25.1640396118164 0.696408450603485 0.321148723363876 1.71602249145508 -0.0521999038755894 1.11619889736176 1.26033687591553 6.23173666000366 14.374550819397 14.8875379562378 29.9776496887207 19.8662662506104 27.227294921875 1.4323216676712 5.14870309829712 1.23873281478882 1.54998922348022 1.70109105110168
1.62110280990601 12.5064611434937 7.5830979347229 8.57223415374756 16.1865653991699 23.5130805969238 3.64408707618713 6.21184253692627 7.25020360946655 22.6936817169189 22.5025424957275 22.0490798950195 27.6686401367188 17.0731315612793 25.6911182403564 14.2616424560547 -1.50779497623444 0.70263671875 -0.565344035625458 -0.632436513900757 26.9430980682373 5.50189590454102 -0.13525915145874 19.8155307769775 1.93322038650513 0.418680965900421 0.498260706663132 0.709984242916107 0.921560108661652 0.749879062175751 0.381219953298569 0.585464715957642 0.871548473834991 1.65929627418518 3.20479679107666 3.28716135025024 19.0055694580078 2.67746019363403 3.10842609405518 2.67707324028015 1.61913740634918 2.11558842658997 0.942094683647156 8.69216346740723 2.1513466835022 2.12850832939148
5.2407341003418 14.8004846572876 12.999550819397 2.62124180793762 4.85426473617554 2.76844143867493 5.39127826690674 1.42756164073944 5.35525035858154 3.92453813552856 1.12903714179993 -0.481498152017593 10.3472509384155 5.18828058242798 12.6737861633301 4.72949981689453 2.32961583137512 12.4339380264282 6.40226411819458 6.99983596801758 -0.905790269374847 2.57236313819885 7.8266487121582 -0.0768803283572197 16.3629817962646 14.7902526855469 2.02106666564941 2.68675208091736 8.71167182922363 1.4605348110199 0.809442698955536 1.08165776729584 1.38509654998779 3.7280547618866 3.95083856582642 4.18617534637451 2.75524234771729 2.93513417243958 6.17125034332275 6.20409393310547 4.57118272781372 4.2812614440918 1.65869116783142 1.10477495193481 2.34477210044861 4.57813215255737
12.0716609954834 17.5293064117432 40.4942626953125 6.58730220794678 13.04163646698 0.936318695545197 4.70486307144165 10.6112775802612 16.1519737243652 21.5142803192139 5.89559412002563 12.5835800170898 -0.65187007188797 9.37361717224121 14.0587110519409 1.269655585289 22.2923355102539 -1.32405757904053 -0.597557485103607 1.63788115978241 -0.420398086309433 23.6818237304688 10.1937265396118 19.0712127685547 0.351319193840027 1.28644382953644 0.531594812870026 0.794726729393005 1.49509334564209 2.40709042549133 2.09709715843201 10.3172245025635 8.89403343200684 3.10007119178772 3.47130441665649 5.5247540473938 14.6629619598389 5.46627950668335 6.86134767532349 8.74086380004883 15.7143650054932 15.5549020767212 3.38107442855835 2.02817940711975 3.29866623878479 4.98161697387695
2.5224027633667 1.83785688877106 -0.0922629162669182 12.6776475906372 4.13529109954834 13.4175148010254 4.80331516265869 0.431369632482529 -1.01567721366882 -0.813776075839996 3.24373316764832 -0.446043699979782 -0.282041788101196 16.1541423797607 18.4745235443115 9.72609043121338 -1.28688406944275 4.91572380065918 -0.5507972240448 -0.931489884853363 29.6380214691162 6.69699954986572 8.41049194335938 27.4772529602051 18.0568332672119 9.62030410766602 1.23528707027435 5.59533739089966 10.0274791717529 18.6813049316406 25.3301391601562 27.4884281158447 14.0171804428101 3.54154920578003 4.86012411117554 6.78482294082642 4.86493253707886 6.09643316268921 12.4281101226807 10.0842580795288 6.44084787368774 5.09517002105713 5.56155776977539 3.78698706626892 19.5545196533203 9.56672382354736
0.526983082294464 9.68908500671387 0.666422367095947 10.2319269180298 21.6189022064209 3.23285818099976 11.2030267715454 6.8133544921875 -0.990780413150787 -0.68224972486496 5.93265342712402 10.3612899780273 23.6589431762695 0.12799072265625 38.6805686950684 14.2600412368774 -0.856194376945496 -0.629195153713226 -0.730752348899841 6.1898250579834 -0.949730634689331 3.09490346908569 1.7513701915741 -0.58038467168808 2.99677729606628 2.59104323387146 8.6120719909668 6.53774118423462 7.75858879089355 41.5737533569336 27.3527889251709 47.6589317321777 50.0838241577148 29.0514011383057 4.06200218200684 6.95380878448486 7.28822231292725 8.823317527771 9.24922466278076 21.2001075744629 16.3435077667236 7.31815242767334 8.05137348175049 16.0528125762939 2.34556841850281 7.05100393295288
16.0246601104736 4.36361312866211 19.3493099212646 3.39727067947388 20.7037887573242 5.53664255142212 3.39903450012207 -0.961385428905487 1.72243714332581 3.47635936737061 -1.13704025745392 -0.841410279273987 -0.213657543063164 4.79911088943481 0.0913214832544327 -0.509658098220825 -0.523128986358643 -0.62586921453476 -1.20578026771545 -1.2657208442688 -0.570775032043457 -0.39753046631813 15.6288595199585 -0.14290127158165 0.0150198191404343 6.17704677581787 1.42248737812042 6.06703186035156 15.8072242736816 4.13804578781128 47.6531448364258 4.68400812149048 2.56017851829529 14.4139394760132 4.51824617385864 7.15179872512817 10.2863140106201 9.36197948455811 9.52720355987549 6.73443508148193 6.97465181350708 8.03214931488037 13.1108131408691 5.30394124984741 11.0261220932007 10.455940246582
23.3137359619141 0.586659729480743 0.451605141162872 0.676963746547699 -0.729921758174896 10.0933408737183 10.585090637207 9.20574760437012 -0.687207818031311 -0.696718275547028 1.66109001636505 -0.635775625705719 -0.199644073843956 0.490079164505005 1.39744830131531 0.805579364299774 -0.54599529504776 1.35191094875336 -0.612787783145905 -0.0257033314555883 -0.170395076274872 -0.425263077020645 -0.190353825688362 0.269752979278564 9.90612411499023 0.292113155126572 3.59555292129517 15.1211748123169 3.33524560928345 14.6544466018677 6.25984668731689 5.56298398971558 3.57159543037415 2.10786747932434 6.02220916748047 6.8523907661438 10.9894218444824 12.2947626113892 14.4782962799072 8.63609981536865 26.0761032104492 9.79729175567627 8.55929756164551 26.3882617950439 15.4526643753052 13.2244777679443
-0.803768455982208 1.93678593635559 0.855441093444824 9.53882694244385 0.280960589647293 -0.205571755766869 -0.298867434263229 7.04485511779785 1.0089168548584 7.03497934341431 -0.467325121164322 1.09216248989105 5.15207433700562 6.67024087905884 1.71757066249847 1.52216935157776 1.61666560173035 9.49734497070312 10.0052862167358 1.01343405246735 0.543878436088562 0.972339391708374 0.973884880542755 0.387365370988846 0.437853366136551 0.498710095882416 2.16791725158691 1.49609315395355 5.65965843200684 1.32610023021698 5.62546968460083 28.2576007843018 6.9620213508606 14.7039022445679 30.199914932251 6.05438375473022 9.7239408493042 17.442569732666 19.6001262664795 12.3567123413086 7.05868005752563 12.4812335968018 15.3280010223389 9.62414360046387 54.4933853149414 25.5805625915527
