slauniainen/Data/DEM/Vihti_dsm1500b_cl_horizonAngle_324.asc
NCOLS 196 
NROWS 178 
XLLCORNER 353680 
YLLCORNER 6699024 
CELLSIZE 16 
NODATA_value -3.4e+38 
[rows 0 to 19 of 178, columns 45 to 89 of 196]
13.8402214050293 20.4392108917236 23.8095073699951 25.4521541595459 26.616943359375 27.7003898620605 25.0762615203857 9.21634197235107 3.1497220993042 3.18051552772522 2.50558376312256 1.75377547740936 2.9047520160675 5.41914081573486 7.10872507095337 1.81961357593536 2.17942118644714 17.5552368164062 7.08220386505127 1.66022610664368 6.75717067718506 4.22645711898804 6.51151704788208 10.4976282119751 10.5482873916626 9.09435081481934 10.3337860107422 9.76973915100098 2.94526243209839 1.88816332817078 1.66488468647003 4.69438791275024 5.68434381484985 8.45453548431396 3.4806797504425 1.20461535453796 2.2291796207428 7.97948694229126 2.66906237602234 2.29552936553955 18.6287231445312 4.37175607681274 2.75933218002319 1.93610239028931 2.03685617446899
31.8227310180664 43.5644187927246 36.3328018188477 36.4662094116211 31.3203105926514 25.3087711334229 27.4488430023193 7.49575519561768 4.10946083068848 2.77943992614746 1.88432490825653 1.91676080226898 5.94939231872559 1.93312013149261 2.90985441207886 3.23551726341248 9.57670497894287 1.82699728012085 21.9832515716553 1.96578884124756 1.51768136024475 2.91152548789978 12.1900339126587 19.1263236999512 9.95480155944824 7.38314867019653 14.5317888259888 7.10754537582397 5.19686985015869 2.08843016624451 1.60298216342926 1.44953978061676 1.73270320892334 8.05620956420898 3.91443586349487 2.56209087371826 4.87490797042847 7.32895278930664 2.26642036437988 1.94707894325256 1.0759539604187 2.46586775779724 1.8406103849411 1.68819940090179 1.92427659034729
36.4583320617676 32.0356140136719 25.0126857757568 25.551570892334 20.5592517852783 19.2216644287109 9.19855880737305 7.76272201538086 3.6094434261322 2.20175862312317 1.43749344348907 1.38080191612244 1.66693902015686 1.65059781074524 1.83470141887665 2.76933908462524 4.00489282608032 1.98844647407532 38.2009010314941 2.29806423187256 8.92424869537354 20.9212036132812 24.989616394043 16.0179233551025 11.8353796005249 17.2518424987793 6.46140718460083 7.13944625854492 6.14607715606689 2.20541715621948 2.01076292991638 1.45523500442505 1.29772555828094 1.55164504051208 1.76507151126862 5.71052742004395 19.903133392334 19.9814357757568 1.36155116558075 1.43777513504028 0.917209208011627 1.54934346675873 1.82071805000305 1.23365032672882 1.54543745517731
25.4996166229248 24.6451988220215 21.7104263305664 16.4736366271973 16.8179092407227 5.95130586624146 6.58697986602783 5.76351642608643 1.94241869449615 1.43908524513245 1.30354750156403 1.32310330867767 9.25560855865479 1.40445756912231 1.64350855350494 3.32743048667908 15.0639266967773 14.5972385406494 38.5657653808594 2.53876113891602 3.73116612434387 16.4214210510254 19.7712059020996 8.57969188690186 21.2264080047607 8.25562191009521 7.08752393722534 4.36054277420044 2.29107713699341 2.74110174179077 1.54159820079803 1.58238554000854 1.37442862987518 8.30837440490723 7.5112771987915 19.9823818206787 15.6882514953613 4.91594266891479 2.06810545921326 0.201296433806419 0.572965204715729 0.89312881231308 3.05702209472656 1.2450407743454 1.11993670463562
18.0685214996338 19.466796875 18.7612209320068 14.0836515426636 13.8841409683228 4.94790697097778 3.65667176246643 2.49775147438049 1.66969799995422 1.40082359313965 1.27065718173981 9.42156887054443 6.16116809844971 1.30039155483246 9.36473941802979 8.57036018371582 7.4022364616394 3.37437796592712 8.85744380950928 11.5323190689087 17.4532775878906 19.8779716491699 6.93238973617554 9.56956958770752 12.3351764678955 6.18214750289917 2.8443775177002 3.58301091194153 3.6948926448822 7.4508171081543 8.52656936645508 11.7250947952271 17.9237537384033 15.3735151290894 31.7674102783203 30.440465927124 2.07355976104736 4.00930452346802 1.20060789585114 1.37769734859467 14.6559448242188 6.85257911682129 0.634492158889771 1.12389969825745 1.95318579673767
20.7448291778564 15.8128604888916 13.9174356460571 14.0647211074829 7.05807065963745 4.52153825759888 2.99517798423767 2.69006419181824 1.97400653362274 1.30289268493652 1.16133177280426 1.02917861938477 0.835452079772949 1.07438945770264 1.02467751502991 1.59611797332764 11.9961833953857 37.186653137207 17.4663524627686 12.9505081176758 12.4784755706787 6.88762235641479 5.30290746688843 23.6375503540039 5.54188776016235 4.88925409317017 3.1570565700531 11.035737991333 2.14498043060303 2.2897686958313 2.3908953666687 9.43033790588379 21.01611328125 19.5360794067383 26.5255680084229 6.05471849441528 1.35522603988647 2.57036137580872 1.60513389110565 8.41483879089355 14.9531221389771 5.31285381317139 2.58997178077698 11.3231067657471 27.3532886505127
18.0894241333008 14.9748344421387 13.0699262619019 12.5399522781372 4.95535659790039 4.79169607162476 3.26963353157043 2.28402829170227 2.022629737854 1.60818314552307 1.09426271915436 3.11816954612732 6.11819076538086 8.04976272583008 13.5804128646851 30.4838905334473 32.752628326416 22.7212734222412 31.5342903137207 16.3898601531982 8.2661657333374 5.60042953491211 12.7972049713135 6.82486534118652 7.10489892959595 3.29309725761414 1.95793628692627 2.1000862121582 2.02220416069031 5.57411575317383 2.27054500579834 4.09145259857178 18.0860424041748 10.2866439819336 7.99328470230103 3.95873236656189 3.57996702194214 1.29409182071686 2.51423811912537 19.8094539642334 7.42828273773193 12.2636318206787 17.9091281890869 16.7705955505371 27.4691848754883
12.3296976089478 14.0269374847412 11.2682304382324 4.33344316482544 4.46792030334473 4.23334074020386 2.97054648399353 2.54529047012329 6.6091890335083 1.34587073326111 1.31657838821411 17.9524555206299 10.8692893981934 14.5747194290161 17.8476428985596 15.7906074523926 14.0319061279297 11.372239112854 11.8663997650146 27.9995937347412 7.01418018341064 7.11201524734497 8.54183864593506 7.51384162902832 4.41984033584595 1.68657493591309 1.71753001213074 1.81589388847351 9.75913429260254 4.27840375900269 2.18952870368958 10.7927570343018 10.0991144180298 5.26030445098877 7.10628747940063 4.90862369537354 2.23334193229675 1.7794417142868 9.11013126373291 15.7481174468994 22.5352535247803 22.6050071716309 34.4272346496582 22.949743270874 42.1780204772949
12.7037839889526 12.0266542434692 4.92264461517334 3.63473534584045 3.46169233322144 3.57256722450256 2.97372198104858 1.52553975582123 1.66455936431885 1.86155593395233 13.2914934158325 17.2439022064209 7.41158723831177 10.6190423965454 6.51138734817505 7.18276023864746 11.6930265426636 19.5834693908691 10.984935760498 8.0858850479126 21.9966659545898 38.1370658874512 3.78500437736511 4.37247037887573 1.70204877853394 1.25005924701691 1.54756617546082 6.24944639205933 6.10817098617554 2.27390670776367 1.88413488864899 1.96598505973816 1.97096765041351 4.11484575271606 3.95776796340942 3.91810965538025 3.33852434158325 15.8717479705811 27.3456764221191 41.9157829284668 32.3204460144043 27.2393493652344 27.5016269683838 21.0658836364746 14.4109039306641
11.6159238815308 4.19779300689697 4.87191343307495 4.1427903175354 2.86263298988342 1.87688279151917 2.08398246765137 2.3219633102417 8.2559757232666 8.53477668762207 6.69761991500854 9.08928203582764 7.43307161331177 5.00667715072632 4.65365505218506 6.44172763824463 19.496919631958 30.6376781463623 10.5784864425659 7.05779075622559 7.26414823532104 3.94932675361633 20.6186428070068 2.05713081359863 1.40464222431183 1.43599998950958 1.23139715194702 9.2707347869873 8.33947277069092 3.41724014282227 1.57855868339539 1.63388311862946 2.86109781265259 1.71530961990356 3.39406132698059 13.7698564529419 14.2909030914307 25.7535991668701 19.3612670898438 25.9429607391357 34.6623611450195 24.5120029449463 22.4868297576904 12.2495937347412 18.5347290039062
4.61187314987183 5.09447193145752 4.00205898284912 3.44139289855957 2.90774989128113 2.254638671875 9.01737785339355 14.0514497756958 3.95561814308167 3.92488837242126 2.07473754882812 5.48374700546265 5.60227346420288 3.42682909965515 4.13842868804932 13.5432167053223 15.5424938201904 24.3193264007568 11.5176963806152 8.52561378479004 2.68968319892883 2.31208801269531 1.53245139122009 20.8135967254639 1.44729065895081 13.4078903198242 10.9896650314331 18.8712348937988 6.48201513290405 5.96139764785767 5.89578008651733 5.32848262786865 11.1337394714355 1.74598753452301 22.1476669311523 16.3039493560791 20.7621822357178 29.2295875549316 37.2480621337891 32.8525238037109 28.6722106933594 23.1125164031982 19.9764423370361 16.898157119751 20.4914417266846
4.63570404052734 3.11776733398438 2.78435039520264 2.7492299079895 2.66710066795349 9.95181465148926 2.24485898017883 1.43503737449646 2.18313956260681 16.7620449066162 15.8427667617798 20.5027294158936 16.9848613739014 4.70245552062988 12.7537469863892 18.7129154205322 26.902904510498 9.81357002258301 9.56431007385254 4.95187902450562 1.76693189144135 1.73331356048584 1.75769901275635 17.4557838439941 23.7418441772461 8.95680999755859 12.6173219680786 10.1748361587524 10.7838344573975 10.8625373840332 1.6817421913147 1.14884114265442 1.39081072807312 6.11860322952271 26.4493370056152 25.6962947845459 24.6936836242676 14.701886177063 19.9456520080566 29.761682510376 22.3036136627197 20.3666973114014 20.6323623657227 17.9468631744385 16.4424533843994
4.18840932846069 4.11316823959351 11.3608846664429 15.5828828811646 2.563884973526 2.36335730552673 4.08894348144531 15.4000329971313 23.930814743042 31.6738662719727 23.488842010498 13.5843162536621 9.64328289031982 9.88785743713379 20.7878322601318 22.1143321990967 27.8517417907715 13.7463188171387 6.15318632125854 6.73356771469116 2.85853362083435 1.47488081455231 1.52577745914459 4.20367097854614 2.44984221458435 27.7281532287598 5.81981086730957 6.44073963165283 17.7090435028076 4.91885566711426 5.1158447265625 1.17453813552856 12.7420139312744 14.9362802505493 23.1485824584961 10.9090948104858 17.9026832580566 11.2533483505249 31.1104774475098 28.9395065307617 19.6145477294922 20.6698322296143 18.6405639648438 17.0737571716309 19.3147506713867
4.08017730712891 4.36880445480347 19.8676776885986 4.21024799346924 7.29147052764893 6.32551765441895 2.35926032066345 6.32619333267212 5.51152467727661 13.5743551254272 6.34207391738892 12.3076753616333 4.93409490585327 6.31770753860474 11.6493091583252 18.1128749847412 13.0238084793091 9.37599182128906 6.22057676315308 7.8665657043457 3.57369184494019 1.29804694652557 1.40200817584991 2.22459959983826 3.31733417510986 1.82511985301971 26.7845096588135 10.0802116394043 19.216968536377 7.89924049377441 7.58280324935913 13.429630279541 28.5179195404053 34.0457458496094 37.6326675415039 21.5831680297852 39.9409408569336 22.296703338623 39.1244926452637 14.812726020813 20.0948696136475 18.9672451019287 17.1782360076904 15.8049955368042 14.6716899871826
15.3428297042847 3.33079218864441 3.97866225242615 5.11956310272217 2.43401694297791 3.67862343788147 10.8759098052979 4.47964859008789 5.49560070037842 15.1747760772705 6.90873289108276 5.83093070983887 5.03685808181763 8.83092498779297 31.4549522399902 27.5199928283691 13.4316539764404 8.25890254974365 3.43087911605835 2.84734773635864 2.78461527824402 1.77498638629913 1.86769139766693 1.3787989616394 1.35424160957336 1.20244348049164 16.3145160675049 30.1045703887939 13.3018083572388 11.0888843536377 10.1102266311646 36.6045341491699 39.3418159484863 32.2527847290039 29.3901290893555 26.1668128967285 31.5382022857666 24.9150810241699 20.8655395507812 19.3535385131836 21.5987987518311 16.4388446807861 16.5000667572021 14.9870948791504 14.1157665252686
5.9555835723877 2.73549509048462 2.58260822296143 3.07817435264587 2.5770411491394 1.97156929969788 1.99676823616028 2.243168592453 2.49710893630981 6.79317092895508 4.38687992095947 2.47880434989929 5.68419599533081 12.5519189834595 15.0816078186035 17.2321968078613 7.18332052230835 3.81805491447449 3.45400047302246 3.19278717041016 11.8443365097046 2.33942985534668 3.39483261108398 4.65590763092041 14.3846015930176 10.6659727096558 19.5192775726318 16.3829326629639 17.0514965057373 21.6024990081787 29.6293754577637 31.1503963470459 30.6893062591553 26.6535892486572 28.546272277832 21.9040126800537 14.2308902740479 24.3592433929443 18.8361835479736 21.0208206176758 14.7540798187256 15.7711706161499 14.4363317489624 14.5958671569824 13.3160018920898
1.15093541145325 1.73370444774628 1.54851055145264 4.24687671661377 2.55457544326782 2.24801301956177 1.9581116437912 2.67422080039978 1.88045859336853 5.30711603164673 4.93357181549072 5.55752038955688 7.35819101333618 7.73366022109985 8.59382343292236 6.62017345428467 4.79263734817505 3.41259670257568 2.6320972442627 7.8115496635437 2.67257905006409 1.41825950145721 1.34822297096252 11.5934228897095 16.7052307128906 11.5096244812012 14.9524602890015 33.3425521850586 34.1061782836914 10.7955770492554 32.3036994934082 30.2616806030273 27.8141117095947 20.7332458496094 18.9575252532959 19.3319358825684 26.4983940124512 28.6892509460449 18.3095951080322 15.5176525115967 15.7356081008911 12.8808212280273 13.8684711456299 12.9841814041138 13.1000814437866
2.15423178672791 0.716521024703979 1.01641154289246 1.15989935398102 1.87264764308929 2.22644448280334 1.67189431190491 5.98014402389526 15.4225692749023 24.2662944793701 9.99254608154297 4.32131624221802 17.9492244720459 17.2688426971436 16.5694408416748 6.35867500305176 4.55574417114258 3.88181471824646 3.2661247253418 10.3900499343872 10.1430768966675 2.34740662574768 9.53924560546875 16.9580554962158 32.0321083068848 20.6007251739502 23.9151172637939 34.847583770752 31.6701965332031 26.9585838317871 33.9669303894043 24.4662246704102 23.5942134857178 21.1621837615967 16.5490074157715 31.7125396728516 20.4991302490234 19.2939567565918 15.2761087417603 14.6302833557129 13.5728321075439 12.6706113815308 11.5642423629761 12.4648962020874 12.3708152770996
1.1061977148056 0.629062712192535 0.238796517252922 0.478713065385818 0.878640234470367 1.42501032352448 1.39907348155975 2.88308525085449 1.80712151527405 7.25476884841919 4.63339185714722 13.3981895446777 19.5778064727783 17.8865585327148 10.3530120849609 9.96362495422363 6.29553651809692 3.45831346511841 17.3757057189941 9.68687057495117 34.373836517334 2.75293040275574 2.28512811660767 5.18702745437622 23.4657592773438 20.2777442932129 30.3699111938477 40.5317001342773 31.9952030181885 22.5474681854248 28.2484436035156 16.6128044128418 17.2191047668457 22.713586807251 19.939058303833 21.698917388916 17.6564540863037 16.7509765625 13.4907512664795 13.4370965957642 11.940146446228 12.1659288406372 10.8195371627808 11.6793947219849 11.1712398529053
-0.0534455664455891 0.331639647483826 0.581629037857056 12.8763732910156 14.9770755767822 8.15374183654785 8.85566425323486 4.57818555831909 1.76240384578705 1.68037235736847 11.0758647918701 25.9293632507324 22.6278095245361 13.3536930084229 6.73043346405029 5.16060733795166 4.1977481842041 3.47186207771301 9.03827095031738 9.02031230926514 17.9663906097412 18.7850742340088 32.6744613647461 36.5532150268555 35.8781967163086 26.2950534820557 31.0356979370117 31.8719997406006 29.2003574371338 23.1658172607422 15.1675987243652 17.3670921325684 21.7555618286133 18.0738201141357 18.3390369415283 15.7731771469116 16.8854122161865 14.980299949646 14.4779462814331 11.9231615066528 12.0385799407959 11.4288682937622 10.3119430541992 9.83761215209961 10.6661720275879
