slauniainen/Data/DEM/Vihti_dem1500b_cl_horizonAngle_108.asc
NCOLS 196 
NROWS 178 
XLLCORNER 353680 
YLLCORNER 6699024 
CELLSIZE 16 
NODATA_value -3.4e+38 
[rows 40 to 59 of 178, columns 0 to 44 of 196]
0.684814095497131 0.717090845108032 0.771559119224548 1.22801649570465 1.1930478811264 0.81755518913269 0.842163681983948 0.859192430973053 0.907327115535736 1.02913236618042 1.07368838787079 1.18169462680817 1.32140576839447 1.3925176858902 1.47496163845062 1.72872531414032 1.82815337181091 2.00323748588562 3.12060213088989 4.53153800964355 2.72061705589294 2.83572936058044 4.09702110290527 4.91193580627441 5.64514970779419 10.3411703109741 5.62194395065308 -0.551873087882996 -0.460102260112762 -0.357673168182373 -0.286037683486938 -0.221732616424561 -0.154208198189735 -0.100782409310341 -0.0851758494973183 -0.0650862604379654 0.00498918630182743 0.0912966206669807 0.154682368040085 0.546016097068787 0.733959317207336 1.24744617938995 0.875480175018311 0.098092794418335 0.143436834216118
0.822905361652374 0.846905648708344 0.901212751865387 2.34916949272156 0.882815897464752 0.891179203987122 0.887671768665314 0.910487294197083 0.933518290519714 0.966682851314545 0.979324877262115 1.06511080265045 1.20802044868469 1.2713748216629 1.36261785030365 1.51543664932251 1.68206417560577 1.80939960479736 2.05792474746704 2.60455012321472 2.49777388572693 2.55720376968384 2.87075543403625 3.66401195526123 5.62739610671997 9.6766185760498 6.62087249755859 2.50320053100586 -0.541128158569336 -0.433458060026169 -0.299200236797333 -0.214363902807236 0.0695312917232513 -0.138128504157066 -0.0714700371026993 0.076179176568985 0.146878615021706 0.187346711754799 0.244371682405472 0.236762434244156 0.354195445775986 0.542287170886993 0.227339938282967 0.236076414585114 0.263080298900604
1.0671181678772 1.10927534103394 1.07543528079987 2.27091360092163 0.985943257808685 1.00298404693604 0.954333424568176 0.975356340408325 0.991749882698059 0.999062597751617 1.03049862384796 1.06690633296967 1.11261546611786 1.14204108715057 1.23724007606506 1.36502206325531 1.54066801071167 1.65882575511932 1.79373848438263 1.96367943286896 2.07365608215332 2.3303689956665 2.57468128204346 3.64712715148926 4.78215456008911 4.23958492279053 6.29799604415894 5.04965353012085 2.20161080360413 -0.434170991182327 -0.362789034843445 -0.248355731368065 -0.19416007399559 -0.080433301627636 0.0745402574539185 0.131633877754211 0.200280949473381 0.284348547458649 0.334485054016113 0.384269773960114 0.414082676172256 0.400924474000931 0.376210510730743 0.464787811040878 0.542790114879608
1.01364469528198 1.06510019302368 1.17804002761841 1.44830632209778 1.13083600997925 1.14227783679962 1.06799817085266 1.07883858680725 1.09956228733063 1.04915511608124 1.08447003364563 1.11142265796661 1.14492976665497 1.19777798652649 1.25383687019348 1.31577706336975 1.41734611988068 1.49247777462006 1.60895109176636 1.82867741584778 1.92930364608765 2.09575223922729 2.47093200683594 3.23784255981445 3.73789119720459 3.25384187698364 3.56619691848755 4.87414264678955 5.10905742645264 0.980377972126007 -0.341816961765289 -0.27442529797554 -0.207911491394043 -0.0517623126506805 0.0846494063735008 0.176400914788246 0.281324118375778 0.36423996090889 0.415603309869766 0.505169153213501 0.576534926891327 0.576961755752563 0.64457643032074 0.708562135696411 0.725286424160004
0.988596320152283 1.02903044223785 1.08491468429565 1.13457000255585 1.20804262161255 1.24294149875641 1.21755528450012 1.23875677585602 1.26483809947968 1.1936993598938 1.22580862045288 1.23481380939484 1.18763959407806 1.23183989524841 1.26739966869354 1.33084654808044 1.3947491645813 1.46168327331543 1.52479827404022 1.68652641773224 1.77638518810272 1.91844189167023 2.42328333854675 2.65036463737488 3.06511163711548 3.19699764251709 3.52910137176514 4.03763580322266 5.23861598968506 2.91524291038513 0.669735312461853 0.0834375321865082 -0.249279737472534 -0.0944607853889465 0.064462773501873 0.20116063952446 0.317520827054977 0.413699895143509 0.496615409851074 0.600614666938782 0.66315233707428 0.734030842781067 0.91558164358139 1.15442371368408 1.19805884361267
1.01273894309998 1.04565072059631 1.07780075073242 1.11549389362335 1.16670060157776 1.21019685268402 1.23127806186676 1.25663721561432 1.28632462024689 1.26258718967438 1.31093144416809 1.39288508892059 1.31502199172974 1.34113192558289 1.38945186138153 1.36246621608734 1.41532838344574 1.47834825515747 1.54995501041412 1.61961424350739 1.68876135349274 1.86674106121063 2.31171226501465 2.58288359642029 2.82731866836548 3.68496060371399 4.38940620422363 4.38539981842041 4.95475769042969 2.67420649528503 4.17582178115845 0.32537305355072 -0.256774127483368 -0.15348382294178 0.0292547736316919 0.143070891499519 0.298607170581818 0.445556193590164 0.548517465591431 0.668792247772217 0.746902644634247 0.877661049365997 1.15353870391846 1.35986661911011 1.88223302364349
0.976967394351959 1.00473034381866 1.07673943042755 1.11260092258453 1.15139389038086 1.19984173774719 1.23887383937836 1.27456068992615 1.31287288665771 1.33807444572449 1.389075756073 1.44464004039764 1.44277918338776 1.51190197467804 1.57233619689941 1.49597632884979 1.54620838165283 1.59427666664124 1.6500061750412 1.65271770954132 1.75584423542023 1.89985740184784 2.14514708518982 2.47184896469116 3.17044234275818 3.80102252960205 4.56623411178589 4.27832937240601 5.58622455596924 2.03325843811035 2.46773672103882 2.91013336181641 -0.223393395543098 -0.175561219453812 -0.0265194829553366 0.0932558551430702 0.318273514509201 0.470247238874435 0.574194729328156 0.708642065525055 0.906387507915497 1.09175765514374 1.32233595848083 1.70840513706207 1.77402532100677
1.03875851631165 1.13336634635925 1.08211183547974 1.04593551158905 1.07852709293365 1.16063988208771 1.20939099788666 1.25246322154999 1.29381227493286 1.35683298110962 1.41529178619385 1.47686100006104 1.51623094081879 1.57122159004211 1.64346349239349 1.65120542049408 1.72502660751343 1.79252707958221 1.86861038208008 1.79958236217499 1.91051268577576 1.9882687330246 2.11186337471008 2.24258804321289 3.1426203250885 3.86961054801941 4.66170501708984 7.03681993484497 3.40904426574707 1.43181490898132 2.05600118637085 2.89740753173828 -0.15842878818512 -0.110311195254326 1.48824071884155 0.142671793699265 0.382478713989258 0.656871497631073 0.572514533996582 0.699167251586914 0.883983194828033 1.06627130508423 1.30339443683624 2.450119972229 1.62138938903809
1.59234631061554 1.7919557094574 1.80900776386261 1.36841797828674 0.92429530620575 1.05356121063232 1.10784590244293 1.16721951961517 1.25065219402313 1.32908093929291 1.38491654396057 1.44569277763367 1.54817819595337 1.61055266857147 1.6815140247345 1.74221885204315 1.82048237323761 1.88401877880096 1.96541702747345 1.95165479183197 2.04588842391968 2.13895225524902 2.12195372581482 2.31146383285522 2.81800699234009 2.93108248710632 6.29626893997192 4.70497226715088 1.79780888557434 2.0799822807312 3.49511957168579 5.41389131546021 5.88332605361938 6.03723239898682 2.47231793403625 -0.0508270263671875 0.0261213351041079 0.129597023129463 0.57865309715271 0.687289476394653 0.858970940113068 1.03863167762756 1.35234999656677 1.99545896053314 2.01840782165527
2.05865597724915 2.26289319992065 2.0743203163147 1.85264933109283 1.22027456760406 0.88735294342041 0.974022209644318 1.01657152175903 1.15490388870239 1.24673414230347 1.31844508647919 1.43139445781708 1.50875985622406 1.57762515544891 1.6518577337265 1.77230989933014 1.85819232463837 1.93946707248688 2.02023005485535 2.10054636001587 2.18808126449585 2.30231213569641 2.33337497711182 2.68867707252502 2.61708307266235 4.93589735031128 2.39412236213684 2.53075909614563 2.82586908340454 4.08025789260864 5.28376293182373 3.97462892532349 2.91244983673096 0.577627062797546 -0.140551894903183 -0.118197157979012 -0.0652623400092125 0.0162308309227228 0.135546803474426 0.536814868450165 0.87766307592392 0.966174364089966 1.43355321884155 2.15925717353821 3.15855264663696
2.32594180107117 2.73952484130859 2.70764636993408 2.53176140785217 2.81940865516663 2.16386103630066 1.74550449848175 1.31807243824005 1.19183719158173 1.28139877319336 1.27452683448792 1.34100592136383 1.4344699382782 1.51438748836517 1.65245389938354 1.74675440788269 1.84464609622955 1.94263553619385 2.03728437423706 2.15604090690613 2.26000881195068 2.37542533874512 2.56401419639587 2.64219164848328 4.19680118560791 2.43373370170593 2.79048180580139 3.39315366744995 4.5016713142395 3.6377260684967 3.50135254859924 2.94348692893982 2.02287578582764 1.21981048583984 0.107697315514088 -0.162614375352859 -0.125537127256393 -0.0658883973956108 0.0446970537304878 0.159412175416946 0.420072793960571 0.791901826858521 1.26576030254364 1.83142960071564 2.70501303672791
2.84693431854248 2.61031222343445 3.32613968849182 2.34830498695374 2.24355840682983 2.48356699943542 2.27254629135132 1.88304960727692 2.06451344490051 2.14968538284302 1.72799372673035 1.57671213150024 1.76425421237946 1.60482800006866 1.55157792568207 1.65078020095825 1.76373171806335 1.86605644226074 2.04499912261963 2.15551376342773 2.84947729110718 2.39813923835754 2.48025178909302 2.47223925590515 2.49009895324707 2.790522813797 3.01873922348022 3.27632856369019 3.61139321327209 3.97555327415466 3.52896523475647 2.92868781089783 2.65301632881165 2.3221492767334 0.810190737247467 -0.210019126534462 -0.179312497377396 -0.119221106171608 -0.0285437423735857 0.0735710635781288 0.154673904180527 0.209560692310333 0.480999380350113 1.31477308273315 1.94899368286133
2.86865878105164 2.94054365158081 3.45560884475708 2.9493613243103 2.58895468711853 2.52438473701477 2.55638432502747 2.42934823036194 2.57724547386169 2.8310751914978 2.49068665504456 2.8058648109436 2.92638635635376 2.29266929626465 2.13577771186829 2.38068032264709 2.0554187297821 2.75911426544189 3.64057397842407 2.74562621116638 2.72514200210571 2.19586825370789 2.16589045524597 2.40980696678162 2.64252233505249 2.80703163146973 3.11034846305847 3.38857936859131 3.64791917800903 3.72050404548645 3.68811750411987 3.37256622314453 3.22816300392151 3.14522004127502 1.51930630207062 -0.289291948080063 -0.254722565412521 -0.182477802038193 -0.0815560817718506 0.00715863332152367 0.0688693299889565 0.136315166950226 0.202106013894081 0.262785613536835 0.661380410194397
2.69688987731934 2.81760787963867 3.01086473464966 3.04408812522888 3.08114910125732 3.12412190437317 3.15052032470703 3.18484401702881 2.85123467445374 2.98490118980408 3.03742051124573 3.26628613471985 3.7235164642334 3.33615732192993 3.91557741165161 4.0420069694519 3.76761174201965 3.59744119644165 3.62821245193481 2.16652297973633 1.78181612491608 2.27326464653015 2.67346215248108 2.42662191390991 2.52137160301208 2.71784687042236 3.02133870124817 3.45353555679321 3.45876145362854 3.55688858032227 3.64998173713684 3.86235213279724 3.91715407371521 3.49140071868896 2.74097943305969 -0.157693982124329 -0.354855239391327 -0.292624026536942 -0.184089586138725 -0.0766388177871704 -0.0198692195117474 0.0455755852162838 0.133850544691086 0.518650829792023 0.786520779132843
2.44962286949158 2.5106303691864 2.81467795372009 2.87350749969482 2.98900890350342 3.17505431175232 3.22428154945374 3.27491044998169 3.32858490943909 3.46066212654114 3.74552750587463 3.4235315322876 3.8272225856781 3.91924214363098 4.37415218353271 5.08171224594116 5.05826282501221 5.81675481796265 5.28565073013306 4.33023500442505 6.12494373321533 6.26035261154175 3.84537243843079 3.46233105659485 3.73607182502747 3.41613578796387 2.83759999275208 2.8530056476593 2.93028020858765 3.08907055854797 3.43051242828369 3.85497689247131 3.9083354473114 3.54419302940369 2.69996786117554 0.33492186665535 1.14374780654907 -0.414894580841064 -0.353758275508881 0.100745178759098 -0.139456212520599 -0.0711122527718544 0.041467547416687 0.377079904079437 0.902020633220673
2.1393096446991 2.16647839546204 2.41308116912842 2.58091044425964 2.62534642219543 2.90517973899841 3.00542187690735 3.06246733665466 3.19412350654602 3.39873909950256 3.6086962223053 3.96281313896179 4.38922166824341 4.78136491775513 4.50619697570801 4.99703645706177 5.16780471801758 6.15063667297363 7.54918432235718 8.00295734405518 10.8335657119751 9.51904964447021 4.34902238845825 2.0519106388092 3.56673288345337 3.20038080215454 2.10254955291748 1.96459662914276 2.24300336837769 2.43657517433167 2.92943406105042 3.33732843399048 3.43865871429443 3.71603178977966 2.37619829177856 1.10684764385223 2.11091375350952 -0.0165700390934944 -0.557890832424164 0.21208481490612 0.475058943033218 -0.0555867478251457 0.112407423555851 0.425705283880234 0.329862207174301
1.88374876976013 1.96029770374298 2.13264536857605 2.22530698776245 2.25463223457336 2.35163974761963 2.68318653106689 2.72664189338684 2.82400894165039 3.17675685882568 3.26198935508728 3.6915225982666 4.21094560623169 4.55935478210449 5.04794216156006 5.54758405685425 6.20117139816284 6.41594457626343 7.91635656356812 7.10182905197144 8.16864109039307 10.2102470397949 2.98489427566528 -0.205521240830421 0.894331157207489 1.66259098052979 1.26467907428741 1.37750923633575 1.82460689544678 1.83950901031494 2.18941760063171 2.6396050453186 2.91648268699646 3.40726113319397 1.45941889286041 1.5334792137146 2.90570521354675 1.34931397438049 0.0325708203017712 0.511444747447968 0.781147539615631 0.977661550045013 1.54548573493958 2.17488431930542 -0.182511076331139
1.95698404312134 2.05591988563538 1.96417045593262 2.14965915679932 2.48559737205505 1.98462283611298 2.248122215271 2.34529709815979 2.87323522567749 2.66432857513428 2.89531707763672 3.19061899185181 3.87539434432983 4.28410911560059 4.83114290237427 5.49360132217407 6.18214559555054 6.77783679962158 8.30005645751953 7.98045587539673 7.31143522262573 8.09051132202148 6.29888677597046 -0.464352369308472 -0.35116121172905 -0.157785013318062 -0.0555858165025711 -0.00331097864545882 0.362559974193573 0.726318120956421 1.04313588142395 1.78439712524414 2.35131049156189 1.67521381378174 1.37807846069336 2.05408716201782 4.54957866668701 2.80871224403381 1.13801038265228 1.17924737930298 1.84961020946503 2.50527429580688 1.73667800426483 0.337793052196503 -0.444504767656326
2.06309652328491 1.97837007045746 2.06516361236572 2.10882019996643 2.35666918754578 2.75069689750671 1.89484107494354 1.95262610912323 2.32894372940063 2.30533289909363 2.37550067901611 2.56379294395447 3.22079873085022 3.53862762451172 3.93544435501099 5.05665874481201 5.60413408279419 7.12085103988647 8.55354785919189 9.57164573669434 7.21310520172119 6.9094409942627 7.98390102386475 3.41434621810913 -0.584835052490234 -0.379629850387573 -0.195462375879288 -0.0845431834459305 -0.0165374875068665 0.0283215437084436 0.126831725239754 1.15990817546844 1.27082145214081 0.633636176586151 1.05987811088562 1.9574511051178 4.90801858901978 5.02158069610596 1.09540796279907 2.30814361572266 3.37429094314575 4.33466291427612 1.75198543071747 -0.655932724475861 -0.596859753131866
2.40742301940918 2.5080943107605 2.1762580871582 2.23591041564941 2.15342354774475 3.08232879638672 2.12290287017822 2.4623920917511 1.9476797580719 2.40958046913147 1.96263742446899 2.13810396194458 2.58011841773987 2.86082601547241 2.96974110603333 3.90906381607056 4.4079213142395 5.06017303466797 6.86866903305054 7.63903093338013 13.2863311767578 4.5670223236084 4.80230474472046 8.00459480285645 -0.878238320350647 -0.770355045795441 -0.439358651638031 -0.140375643968582 -0.00856788456439972 0.0532553642988205 0.0284441597759724 0.0354586392641068 0.0644206553697586 0.27589014172554 0.760152757167816 1.11358439922333 4.153564453125 4.60597610473633 0.778199195861816 2.40941643714905 3.26797604560852 5.03546142578125 5.1315393447876 -0.787513971328735 -0.713020443916321
