slauniainen/Data/DEM/Vihti_dem1500b_cl_horizonAngle_276.asc
NCOLS 196 
NROWS 178 
XLLCORNER 353680 
YLLCORNER 6699024 
CELLSIZE 16 
NODATA_value -3.4e+38 
[rows 100 to 119 of 178, columns 0 to 44 of 196]
1.43944048881531 1.37638080120087 1.27260863780975 1.07182812690735 0.849962174892426 0.808991491794586 6.88064527511597 11.1055679321289 9.64321041107178 7.93341207504272 6.43079280853271 4.23579120635986 3.62892770767212 3.22602581977844 2.89483380317688 2.72534513473511 2.57613229751587 2.49006962776184 2.42156672477722 2.36898112297058 2.00745105743408 1.56852746009827 1.4613870382309 1.34620034694672 1.22469961643219 1.0883721113205 0.980399549007416 0.840038061141968 0.742210149765015 0.650391757488251 0.555453896522522 0.468951970338821 0.364497095346451 0.251064360141754 0.147735580801964 0.0665628165006638 -0.000545864691957831 -0.16565278172493 -0.277622073888779 -0.45449560880661 4.98059940338135 3.91902947425842 2.74665808677673 1.95214223861694 0.251643031835556
1.30961859226227 1.21287977695465 1.14366590976715 0.996140241622925 0.798393368721008 0.675428330898285 3.86528539657593 8.26732349395752 10.9022312164307 9.2277250289917 7.50431251525879 5.77191400527954 5.12000370025635 4.50676536560059 4.01792573928833 3.64885711669922 3.36105108261108 3.22259378433228 3.11057710647583 3.0098032951355 2.66045045852661 2.06701421737671 1.89940464496613 1.74131107330322 1.57127952575684 1.41504955291748 1.26185357570648 1.11784160137177 0.994580030441284 0.683825075626373 0.56974184513092 0.4899061024189 0.395119041204453 0.292419701814651 0.181716129183769 0.056744821369648 -0.0722213611006737 -0.185339793562889 -0.415563195943832 -0.775663018226624 6.56634473800659 7.47518968582153 5.2256965637207 4.04915189743042 1.89304566383362
1.09691524505615 1.01882207393646 0.958015501499176 0.90094518661499 0.769350945949554 0.665024697780609 0.757793605327606 4.38571214675903 8.73274326324463 10.3449382781982 8.17091178894043 6.77630090713501 5.46420431137085 4.68233680725098 4.14864206314087 3.70254397392273 3.33441114425659 3.15145182609558 3.05074524879456 2.98423767089844 2.86588740348816 2.7514591217041 2.49419975280762 2.29675269126892 2.10233402252197 1.90592849254608 1.7141569852829 1.5361762046814 1.40078043937683 1.07259237766266 0.789526522159576 0.692984342575073 0.603980123996735 0.512056350708008 0.363123744726181 0.215313568711281 0.09859549254179 -0.02932133898139 -0.327516943216324 -0.880500376224518 1.9953430891037 10.8037128448486 6.80622959136963 4.3227071762085 3.43025827407837
0.892525732517242 0.848983228206635 0.783071398735046 0.767844676971436 0.704095125198364 0.638437986373901 0.702534973621368 0.701226055622101 5.55765914916992 9.78491592407227 9.18501758575439 7.24777030944824 5.51974630355835 4.67655324935913 4.17527532577515 3.7077431678772 3.21135115623474 2.94030094146729 2.81539607048035 2.77972674369812 2.8404860496521 2.78705143928528 2.54334020614624 2.3376350402832 2.13022804260254 1.91934502124786 1.72455847263336 1.5400333404541 1.42785537242889 1.33563542366028 1.21161758899689 1.09440422058105 0.97492778301239 0.842986881732941 0.710943937301636 0.554920315742493 0.40404412150383 0.261548072099686 0.0372233614325523 -0.669419586658478 -0.837028086185455 10.7880277633667 8.28931522369385 5.26445245742798 3.97302794456482
0.584725320339203 0.564131855964661 0.535304725170135 0.521785497665405 0.499050438404083 0.553230106830597 0.59611850976944 0.601157546043396 1.92859482765198 6.81682920455933 9.99833106994629 8.14142417907715 6.03196382522583 4.94388246536255 4.4693660736084 3.81662082672119 3.25177645683289 2.81710982322693 2.58827352523804 2.50591564178467 2.4566764831543 2.55202126502991 2.48819541931152 2.23451924324036 1.9877495765686 1.77741992473602 1.57289612293243 1.40001702308655 1.30104720592499 1.35783565044403 1.27102303504944 1.11796295642853 0.96755063533783 0.854073226451874 0.744723558425903 0.601900994777679 0.438557654619217 0.27205228805542 0.131614148616791 -0.197431862354279 -0.516212224960327 2.49200654029846 7.19474506378174 4.31925678253174 3.13258743286133
0.44814595580101 0.42624494433403 0.401510804891586 0.616482734680176 0.609837710857391 0.368897318840027 0.424040406942368 0.411213308572769 0.38258570432663 4.39447164535522 8.87673854827881 8.76557731628418 7.02877330780029 5.69970655441284 4.65768671035767 3.92757630348206 3.39880037307739 2.81074118614197 2.42133641242981 2.24063062667847 2.18000316619873 2.17559504508972 2.36958432197571 2.12936425209045 1.84267210960388 1.63148987293243 1.43820095062256 1.27903997898102 1.15838921070099 1.15856778621674 1.1145476102829 0.924274742603302 0.799684882164001 0.707036733627319 0.604004383087158 0.48361673951149 0.328917890787125 0.150498449802399 0.036960780620575 -0.0690546482801437 -0.285962283611298 -0.350741267204285 2.49951910972595 2.39901924133301 3.12874674797058
0.307151705026627 0.293144017457962 0.270818740129471 0.243840590119362 0.235714346170425 2.10123944282532 0.23513238132 0.29947766661644 0.287197142839432 2.65276503562927 5.57650899887085 8.30512619018555 7.92162656784058 6.17647266387939 4.79918909072876 4.09025573730469 3.60481381416321 3.04996681213379 2.5661449432373 2.26505708694458 2.13670539855957 2.1169261932373 2.69906830787659 1.97776985168457 1.68644142150879 1.50678825378418 1.34645771980286 1.19620394706726 1.07278394699097 0.9493408203125 0.886151492595673 0.763229668140411 0.640829026699066 0.556458473205566 0.464117854833603 0.36317303776741 0.240165069699287 0.0734668523073196 -0.0726172849535942 -0.199594140052795 -0.33030116558075 -0.394236505031586 -0.402526050806046 1.47214186191559 4.14850902557373
0.308739364147186 0.29726168513298 0.401280701160431 0.290375530719757 0.2795250415802 1.6219277381897 0.847790002822876 0.272274315357208 0.243481636047363 0.418287009000778 3.70587015151978 6.31303024291992 8.08280944824219 6.60606527328491 5.12834167480469 4.22491788864136 3.66662955284119 3.12252736091614 2.61618828773499 2.25414848327637 2.06292581558228 2.0358202457428 3.60469102859497 1.894362449646 1.68270063400269 1.52311682701111 1.36708474159241 1.22921502590179 1.02796077728271 0.850395083427429 0.762769997119904 0.659229397773743 0.537965774536133 0.456888288259506 0.371909260749817 0.287806868553162 0.191801071166992 0.0552356839179993 -0.107684582471848 -0.254283905029297 -0.404151439666748 -0.438118368387222 -0.0258590951561928 0.510857284069061 3.28145527839661
0.432241648435593 0.404709339141846 0.653361260890961 1.40965783596039 1.34248065948486 1.21013414859772 0.961386144161224 0.756139159202576 0.542916715145111 0.492756187915802 1.91213893890381 3.74584865570068 6.50794839859009 6.28032255172729 4.97615671157837 4.36942529678345 3.67102575302124 3.21438360214233 2.7640917301178 2.39969611167908 2.12322306632996 2.33715462684631 1.94437503814697 1.74155151844025 1.54544270038605 1.40230178833008 1.3125364780426 1.1398868560791 0.96848064661026 0.830945134162903 0.696593165397644 0.57502818107605 0.494250476360321 0.396996736526489 0.312603294849396 0.233893752098083 0.145047232508659 0.0316695645451546 -0.120523452758789 -0.271665006875992 -0.365964978933334 0.107028938829899 -0.16503056883812 -0.307041376829147 0.821314990520477
0.512062907218933 0.467076182365417 0.888194918632507 1.51698565483093 1.89268064498901 1.86616027355194 1.65489041805267 1.32055270671844 0.878498673439026 0.615493774414062 0.613807559013367 2.80703616142273 4.56932926177979 5.06208276748657 4.47967720031738 4.0464334487915 3.47235584259033 3.2482590675354 2.92596936225891 2.58303380012512 2.28998398780823 2.00911545753479 1.62876582145691 1.54614019393921 1.45018088817596 1.28318452835083 1.15370953083038 0.977460920810699 0.898754000663757 0.756994247436523 0.616229236125946 0.520674765110016 0.471765637397766 0.354462593793869 0.273366719484329 0.188133925199509 0.103462249040604 0.0139594236388803 -0.0993539914488792 -0.23482957482338 -0.328488856554031 -0.362788766622543 -0.359530180692673 -0.360234588384628 -0.363516956567764
0.556577742099762 0.488230794668198 0.479864031076431 1.60744559764862 2.0989203453064 1.82899487018585 1.62069654464722 1.51214075088501 1.04928910732269 0.716780841350555 0.647489070892334 2.76687407493591 3.53649067878723 4.50374841690063 4.00656175613403 3.57634949684143 3.76335787773132 3.33863234519958 2.81033658981323 2.51256012916565 2.2206552028656 1.64822661876678 1.34854829311371 1.29037833213806 1.23374223709106 1.09699964523315 0.990006685256958 0.879333019256592 0.756636917591095 0.629286229610443 0.515319526195526 0.432059049606323 0.371082544326782 0.269572764635086 0.183388978242874 0.0981739461421967 0.0173426046967506 -0.0277122091501951 -0.0873293653130531 -0.169695898890495 -0.272783845663071 -0.313086688518524 -0.312947362661362 -0.326489150524139 -0.347807288169861
0.631972789764404 0.51634681224823 0.482486814260483 2.00123715400696 2.24434447288513 1.9082955121994 1.62476003170013 1.54270541667938 1.24897038936615 0.92682421207428 0.844793140888214 2.27005434036255 2.31477499008179 2.66920399665833 3.17465662956238 3.17440128326416 2.96086192131042 2.85719060897827 2.63376998901367 2.23897433280945 1.78374516963959 1.43849349021912 1.19462037086487 1.07112240791321 1.04454028606415 0.958492040634155 0.820810258388519 0.722075343132019 0.609435796737671 0.537404656410217 0.46259868144989 0.38092702627182 0.276043891906738 0.196392223238945 0.13780502974987 0.0803601741790771 0.0153007209300995 -0.0411705933511257 -0.0833652913570404 -0.134180530905724 -0.199088424444199 -0.249343916773796 -0.276099413633347 -0.303990244865417 -0.320545524358749
0.781530737876892 0.612172842025757 0.570018351078033 0.948367118835449 1.93558096885681 2.08388662338257 1.70849788188934 1.49170744419098 1.40431785583496 1.22642207145691 1.16664206981659 1.81545758247375 1.68601667881012 1.61571729183197 2.37105703353882 2.422199010849 2.39809560775757 2.21824550628662 2.18642807006836 1.83319628238678 1.36240518093109 1.08868610858917 0.972366154193878 0.835953593254089 0.890306055545807 0.817207813262939 0.715468764305115 0.620772421360016 0.572740495204926 0.493730783462524 0.414487808942795 0.340113282203674 0.251212626695633 0.16399472951889 0.114364095032215 0.076748214662075 0.00855193100869656 -0.0512132905423641 -0.0914685055613518 -0.129688829183578 -0.173716485500336 -0.215071052312851 -0.247218698263168 -0.258425623178482 -0.280958116054535
1.04380643367767 0.837245762348175 0.755006611347198 0.708019375801086 0.694886147975922 1.39402604103088 3.90220332145691 2.80161905288696 2.28197002410889 2.02207779884338 1.35883677005768 1.74426007270813 1.66911280155182 1.4758049249649 1.61489844322205 1.81650114059448 1.81729996204376 2.1403911113739 2.05195617675781 1.34938669204712 1.06239545345306 0.994650840759277 0.888685286045074 0.787226438522339 0.724172174930573 0.649339199066162 0.609048008918762 0.543688774108887 0.493540614843369 0.435391426086426 0.351361483335495 0.270958781242371 0.193598449230194 0.10553652793169 0.064625084400177 0.0387216731905937 -0.0187689568847418 -0.0815355852246284 -0.122232481837273 -0.15559121966362 -0.185744792222977 -0.212792292237282 -0.242326945066452 -0.24157740175724 -0.260263711214066
1.41436076164246 1.02118790149689 0.894423484802246 0.813092231750488 0.736585378646851 0.728191494941711 4.61398363113403 4.69544696807861 3.78549218177795 3.22703409194946 2.51590418815613 2.00196027755737 1.94426512718201 1.8642897605896 1.76503098011017 1.71476864814758 1.7382550239563 2.63732099533081 1.71641623973846 1.40600001811981 1.08127987384796 0.931811511516571 0.813601493835449 0.739504933357239 0.664163887500763 0.594915986061096 0.560714602470398 0.500582933425903 0.454495668411255 0.411397963762283 0.343614816665649 0.254771739244461 0.17692007124424 0.0957011729478836 0.0148286316543818 -0.015858406201005 -0.0718119144439697 -0.129584938287735 -0.1705252379179 -0.201124846935272 -0.223870068788528 -0.246318206191063 -0.27545565366745 -0.263893485069275 -0.263275325298309
1.76081216335297 1.22164046764374 1.04503774642944 0.922134757041931 0.743976533412933 0.63330739736557 7.37775278091431 7.70582008361816 6.48447895050049 5.38147115707397 4.07062721252441 2.83516263961792 2.66841268539429 2.49280381202698 2.35218906402588 2.24606442451477 2.23208403587341 3.41322326660156 2.04938125610352 1.78452384471893 1.23476493358612 1.01932430267334 0.907113492488861 0.799397051334381 0.721999168395996 0.650200188159943 0.568298816680908 0.511518239974976 0.42011484503746 0.353164523839951 0.312136143445969 0.234365493059158 0.151205822825432 0.0756695419549942 0.00240520597435534 -0.0454528033733368 -0.0856623873114586 -0.138466253876686 -0.174312353134155 -0.201946765184402 -0.23468904197216 -0.260132789611816 -0.281195014715195 -0.300320148468018 -0.2934929728508
2.12504935264587 1.62819421291351 1.37575197219849 1.18848264217377 1.034215092659 0.730468988418579 1.44093430042267 12.5914516448975 9.82468223571777 7.78826904296875 6.41261577606201 4.32849407196045 3.98358774185181 3.70568084716797 3.44577813148499 3.26735281944275 3.16539263725281 3.07758522033691 2.68722414970398 2.37197089195251 1.69487273693085 1.29637694358826 1.1316602230072 0.995137989521027 0.904477000236511 0.815908372402191 0.72749000787735 0.656067907810211 0.585752785205841 0.38834336400032 0.332320362329483 0.281151205301285 0.177637070417404 0.0964261591434479 0.025635339319706 -0.0265018902719021 -0.0776304975152016 -0.136559888720512 -0.17475962638855 -0.20704847574234 -0.23601607978344 -0.259613275527954 -0.276565819978714 -0.296596318483353 -0.304563999176025
2.31197595596313 1.95657956600189 1.61790299415588 1.38011431694031 1.23543345928192 1.01672613620758 0.743517518043518 10.4935512542725 10.2693948745728 8.83335876464844 7.44157075881958 5.44505310058594 4.94314479827881 4.53998422622681 4.16517496109009 3.86545014381409 3.707439661026 3.51619076728821 3.04217314720154 2.73989868164062 2.4023859500885 1.85712516307831 1.64710867404938 1.47506868839264 1.34651565551758 1.22175347805023 1.13242387771606 1.03612804412842 0.939047992229462 0.596469640731812 0.432464480400085 0.366167098283768 0.331640213727951 0.291450649499893 0.215576007962227 0.17220850288868 0.0935135036706924 -0.0278557874262333 -0.0993531793355942 -0.212133571505547 -0.233379542827606 -0.251171320676804 -0.270296156406403 -0.298666805028915 -0.31548535823822
2.36207938194275 2.09616637229919 1.64601027965546 1.43564450740814 1.19928729534149 1.08522188663483 1.01696085929871 3.34941983222961 6.44449377059937 8.07332897186279 6.51896524429321 6.27967500686646 5.64052248001099 5.19259214401245 4.76056003570557 4.39956712722778 4.1790623664856 3.94420766830444 3.44945693016052 3.12594199180603 2.65224981307983 2.15508341789246 1.88903987407684 1.67445397377014 1.49239158630371 1.35479152202606 1.25818300247192 1.14791262149811 1.04735445976257 0.944627344608307 0.752047121524811 0.672560632228851 0.591605365276337 0.523884296417236 0.445449531078339 0.364577203989029 0.296624630689621 0.222990229725838 0.165862888097763 -0.101564489305019 -0.157749891281128 -0.184894055128098 -0.206776261329651 -0.233814343810081 -0.251949489116669
2.17799830436707 1.87118542194366 1.46302735805511 1.27162885665894 0.988437235355377 1.03872632980347 2.56249332427979 1.46412837505341 3.12756180763245 8.42847442626953 7.7388916015625 6.43007898330688 5.44073438644409 4.43840217590332 4.1021876335144 3.77790069580078 3.55870795249939 3.38374710083008 2.97774744033813 2.6843273639679 2.32014012336731 2.47284960746765 2.17906332015991 1.93230724334717 1.71384000778198 1.54905116558075 1.42056751251221 1.30583155155182 1.19773411750793 1.08786034584045 0.842352628707886 0.760854780673981 0.678970038890839 0.605906248092651 0.525709629058838 0.454926073551178 0.38605061173439 0.323821663856506 0.262550830841064 0.175944402813911 0.0727766901254654 0.0347031205892563 0.00164333055727184 -0.0301025658845901 -0.0542674958705902
