slauniainen/Data/DEM/Vihti_dem1500b_cl_horizonAngle_288.asc
NCOLS 196 
NROWS 178 
XLLCORNER 353680 
YLLCORNER 6699024 
CELLSIZE 16 
NODATA_value -3.4e+38 
[rows 120 to 139 of 178, columns 90 to 134 of 196]
5.56898546218872 10.3620300292969 13.0844469070435 11.4370384216309 7.72178268432617 5.31904554367065 4.29188203811646 3.60643672943115 2.91842532157898 2.52720880508423 2.24332857131958 1.87792873382568 1.64374423027039 1.4366534948349 1.16443479061127 1.14867961406708 1.11122608184814 1.07861375808716 1.14618182182312 1.11530029773712 1.08587551116943 0.981435477733612 0.959718346595764 0.933068931102753 0.833720564842224 0.81975781917572 0.786258220672607 0.609109461307526 0.231266349554062 -0.269227206707001 -0.477133631706238 -0.54836642742157 5.84369802474976 -0.434470474720001 -0.708717405796051 -1.11315786838531 -1.39387762546539 -1.62084782123566 -2.09152626991272 -2.63534092903137 -2.87876129150391 15.6339731216431 34.7055244445801 26.7521533966064 16.1873149871826
9.41497707366943 11.3833932876587 13.5441083908081 12.4024295806885 8.82767772674561 6.34842109680176 5.12192010879517 4.38955450057983 3.45382332801819 3.01862478256226 2.5190863609314 2.25500726699829 1.94950246810913 1.70987892150879 1.40966606140137 1.2889723777771 1.13856518268585 0.962505280971527 1.03349375724792 1.01214551925659 0.98451954126358 1.047816157341 1.02390706539154 0.998133659362793 0.904092848300934 0.876793801784515 0.679859042167664 0.287900000810623 -0.116492003202438 -0.826336264610291 -1.01988780498505 1.08193731307983 6.26310682296753 -0.86155766248703 -1.15525186061859 -1.55994999408722 -2.11200046539307 -2.45987319946289 -2.38168025016785 -3.02288961410522 -3.20136666297913 -1.3443169593811 27.7346324920654 38.5297737121582 26.1604232788086
10.9458751678467 16.3895301818848 14.5174150466919 12.621166229248 10.0744876861572 7.38066482543945 5.79787969589233 5.04679822921753 3.96754574775696 3.59875798225403 3.08434748649597 2.66072678565979 2.32481217384338 1.96978235244751 1.80147576332092 1.53944647312164 1.36415469646454 1.21112465858459 1.1339453458786 1.04801285266876 0.930621206760406 0.947544157505035 0.923648536205292 0.906113922595978 0.965303838253021 0.887025773525238 0.505354523658752 0.057326927781105 -0.496315687894821 -1.29734218120575 -1.32937955856323 6.06796455383301 2.31952095031738 -1.2035117149353 -1.64089751243591 -2.11248445510864 -2.56994771957397 -2.9867525100708 -3.20037031173706 -3.40242457389832 -3.68693256378174 -2.33239507675171 15.4604740142822 23.4127998352051 38.6364517211914
13.4013681411743 18.3819389343262 15.514048576355 13.6926727294922 12.131311416626 8.26239490509033 7.0270037651062 5.7785005569458 4.50322151184082 4.07677221298218 3.54309725761414 2.98319053649902 2.77822661399841 2.36709475517273 2.13383388519287 1.85536789894104 1.64843320846558 1.551642537117 1.43876564502716 1.23843669891357 1.09904849529266 0.995328426361084 0.909727692604065 0.814900696277618 0.874679982662201 0.74335640668869 0.203212857246399 -0.0863894373178482 -0.903494596481323 -1.53330421447754 -1.71023619174957 9.29425811767578 5.66227197647095 -1.48817539215088 -1.97598707675934 -2.48331832885742 -2.87539672851562 -3.40368485450745 -3.66529679298401 -3.79391598701477 -3.91877126693726 -1.08554232120514 9.52904891967773 10.9060106277466 20.9203243255615
11.5902347564697 24.9471054077148 18.7683067321777 14.8099727630615 13.0589399337769 10.0402069091797 8.46737384796143 7.00090408325195 5.81143712997437 4.95254755020142 4.05021667480469 3.45869278907776 3.14155888557434 2.72756266593933 2.40176963806152 2.22706937789917 1.93313229084015 1.79221391677856 1.70572710037231 1.49141240119934 1.36014401912689 1.25604104995728 1.07732653617859 0.95173192024231 0.886217296123505 0.642890572547913 0.0813535004854202 -0.35670593380928 -0.878934800624847 -1.60243821144104 -1.91805469989777 0.870864033699036 8.60530376434326 -0.731871008872986 -2.02965641021729 -2.57770586013794 -3.08665060997009 -3.53696727752686 -3.98023819923401 -2.14359664916992 -2.32928586006165 -2.14438796043396 6.28621387481689 4.68077850341797 17.4032192230225
13.1419906616211 31.7408618927002 20.0840682983398 18.5414524078369 15.643593788147 10.9818305969238 9.36913681030273 7.75616312026978 7.05687046051025 5.94287967681885 4.88246202468872 4.45894241333008 3.81470990180969 3.11257410049438 2.78956079483032 2.52726531028748 2.24808788299561 2.03927183151245 1.91583406925201 1.78387176990509 1.55312871932983 1.47766709327698 1.28921818733215 1.2077385187149 1.1100389957428 0.708936631679535 0.104987286031246 -0.337469965219498 -0.88737565279007 -1.4835649728775 -1.95313692092896 -2.07822799682617 1.43881833553314 -1.23446130752563 -2.16416573524475 -2.53863859176636 -2.93444871902466 -3.33058834075928 -3.97863006591797 -4.11449003219604 -0.214548900723457 -0.602946817874908 3.93397855758667 5.91233777999878 6.94993591308594
15.1320056915283 29.7327690124512 24.4922199249268 21.7205600738525 17.5336761474609 12.1733446121216 10.6245374679565 9.05824756622314 7.72862672805786 6.57023859024048 5.89337205886841 5.41816091537476 4.56615591049194 3.97172832489014 3.6123366355896 3.07347989082336 2.77013254165649 2.46934986114502 2.22645926475525 2.01759934425354 1.76184785366058 1.65991449356079 1.55208969116211 1.37793302536011 1.25645315647125 0.739604890346527 0.133998036384583 -0.311704963445663 -0.848640084266663 -1.47116529941559 -1.86012268066406 -2.09426975250244 -0.499711275100708 -1.91943502426147 -2.37639188766479 -2.67219090461731 -2.95594215393066 -3.26657676696777 -3.9390697479248 -4.12034177780151 3.54337644577026 2.63004159927368 2.52488327026367 3.95142292976379 10.1104154586792
17.0152893066406 22.2322177886963 23.0329360961914 20.3532238006592 16.4650936126709 13.7276201248169 11.9784107208252 10.2170248031616 8.19645977020264 7.45382404327393 6.40420436859131 5.93680095672607 5.07957887649536 4.79279184341431 4.399329662323 3.69534301757812 3.45317268371582 3.16595792770386 2.8814537525177 2.44745373725891 2.12508392333984 1.92262887954712 1.7607170343399 1.53344655036926 1.17004156112671 0.623369574546814 -0.00470440136268735 -0.516471743583679 -0.97311931848526 -1.48079407215118 -1.8785674571991 -2.068110704422 -1.07825028896332 -1.42467987537384 -2.4215235710144 -2.72823262214661 -2.99306607246399 -3.28793692588806 -3.87013339996338 -4.07182788848877 2.96809196472168 2.0336492061615 1.09084868431091 1.07992541790009 5.77260732650757
17.4937133789062 18.4706039428711 17.8679962158203 16.5414142608643 15.4171619415283 13.2769556045532 11.5884132385254 10.2457637786865 9.25045585632324 8.41023635864258 7.15513563156128 6.28772640228271 5.72759962081909 5.19526052474976 4.80894899368286 4.21665334701538 4.00630950927734 3.8236780166626 3.50540447235107 2.9838125705719 2.73088407516479 2.50412058830261 2.1431872844696 1.79224383831024 1.20529842376709 0.584787130355835 -0.0232880841940641 -0.833768546581268 -1.21764206886292 -1.5987902879715 -1.88130736351013 -2.06660413742065 -2.142249584198 -2.25666737556458 -2.49758291244507 -2.77435207366943 -3.05777096748352 -3.47814249992371 -3.8906877040863 -3.99587035179138 -3.70044255256653 -4.08505773544312 0.935980498790741 -1.48220276832581 7.6339316368103
19.2096481323242 17.5769691467285 16.0913524627686 15.1255311965942 13.3222694396973 11.6725492477417 10.9824981689453 9.91416263580322 9.01583576202393 8.14178371429443 7.51065015792847 6.9563102722168 6.47488737106323 5.50269937515259 5.10678195953369 4.64256620407104 4.36168432235718 4.15596580505371 3.85148453712463 3.460280418396 3.32804751396179 3.06117582321167 2.65638995170593 2.31723237037659 1.62014043331146 0.898319065570831 0.191947624087334 -0.697461426258087 -1.14352202415466 -1.49440491199493 -1.83127224445343 -2.09252858161926 -2.20076537132263 -2.39172124862671 -2.69977235794067 -3.02710652351379 -3.38472771644592 -3.84497356414795 -4.09445524215698 -1.05948746204376 -3.049556016922 -4.2169017791748 -1.7777373790741 0.779877483844757 7.70463943481445
17.9480304718018 15.8121757507324 14.2468643188477 14.4735021591187 12.5325622558594 10.9710636138916 9.99646472930908 9.01722812652588 8.19492626190186 8.01158618927002 7.4141263961792 6.94197559356689 6.26276016235352 5.92844676971436 5.57400178909302 5.25319004058838 4.5339241027832 4.32672548294067 4.09145164489746 3.76838874816895 3.61885809898376 3.35394740104675 3.05103850364685 2.85545039176941 2.18775248527527 1.39634048938751 0.618997693061829 -0.217391163110733 -0.837289035320282 -1.21355545520782 -1.70414936542511 -2.13995671272278 -2.3999171257019 -2.68279767036438 -3.01627802848816 -3.43382954597473 -3.72471523284912 -3.94370913505554 -4.14599657058716 -4.11392402648926 -2.38320755958557 -3.9749550819397 -1.19336199760437 1.05806720256805 5.76411533355713
13.7536010742188 13.2344217300415 12.6230516433716 12.4863443374634 10.7757301330566 9.87861347198486 9.3842830657959 8.36233711242676 7.1576509475708 6.09308242797852 5.44081211090088 5.53180170059204 11.4679269790649 5.95709276199341 5.63740110397339 5.14426231384277 4.88993310928345 4.65587043762207 4.43897676467896 4.21730136871338 3.75891256332397 3.55726194381714 3.29077553749084 3.04838943481445 2.45130658149719 1.67721426486969 1.00618767738342 0.0137344906106591 -0.47492390871048 -1.0190042257309 -1.56830084323883 -2.35364985466003 -2.73600435256958 -3.02067732810974 -3.36244249343872 -3.47249031066895 -3.67909550666809 -3.87748146057129 -4.04395389556885 -4.12542104721069 -2.75486731529236 -1.27176356315613 1.77058613300323 2.27666902542114 5.30967283248901
8.89438343048096 9.39756393432617 9.78493309020996 8.97811794281006 8.26513671875 8.30756664276123 7.41093635559082 6.09509420394897 5.42426729202271 4.22650384902954 3.21161222457886 2.91623425483704 18.048755645752 16.7130756378174 5.81917381286621 5.1394510269165 4.94258975982666 4.67866802215576 4.51564884185791 4.17296504974365 4.00880241394043 3.83814549446106 3.54771041870117 3.03578400611877 2.50109958648682 1.72811257839203 0.875496208667755 -0.114200510084629 -0.70631068944931 -1.20465409755707 -1.744997382164 -2.3907516002655 -2.90966939926147 -3.20279479026794 -3.37429547309875 -3.0274064540863 -3.61727571487427 -3.73320770263672 -3.93720841407776 -4.14070987701416 -2.01131987571716 1.31935930252075 3.23769283294678 4.14776182174683 3.52424287796021
6.78444623947144 6.91497850418091 6.35907745361328 5.96783971786499 5.75639057159424 5.26560258865356 4.24131870269775 3.76108407974243 2.93093657493591 1.99836695194244 0.851217746734619 0.418384522199631 11.2986783981323 22.5810165405273 11.7053623199463 11.3410224914551 7.55940103530884 3.74330544471741 4.66108894348145 6.52697467803955 3.99837327003479 3.80411815643311 3.44685673713684 3.13288545608521 2.52512311935425 1.6472088098526 0.482949793338776 -0.711489200592041 -1.50598168373108 -1.76259815692902 -2.00925707817078 -2.41024851799011 -2.81432271003723 -3.05232429504395 -3.16917872428894 -3.19407796859741 -3.41956186294556 -3.54674363136292 -3.73465299606323 -4.0326509475708 -0.943846762180328 3.43613147735596 4.19904279708862 3.11801218986511 3.21695899963379
5.37510824203491 4.00040340423584 3.502037525177 3.25810861587524 2.82352447509766 2.40439295768738 1.76050102710724 1.20253241062164 0.578605771064758 0.0910993218421936 -0.656123101711273 -1.06253898143768 5.06549835205078 10.458890914917 3.98009395599365 27.6125602722168 17.7509746551514 7.79071855545044 6.83424234390259 9.58770942687988 3.62013387680054 3.49130392074585 3.36090874671936 3.00505614280701 2.18158793449402 1.09970843791962 -0.430506944656372 -1.21019506454468 -1.86628103256226 -2.0776674747467 -2.19685673713684 -2.51505780220032 -2.76132726669312 -2.84065055847168 -2.94541621208191 -2.99306654930115 -3.15572667121887 -3.31058979034424 -3.43419313430786 -3.68480730056763 -2.46755933761597 3.42006993293762 4.82355165481567 4.56060361862183 4.62617063522339
3.82041621208191 3.15774774551392 2.82870221138 2.35749363899231 1.44367718696594 0.628841996192932 0.110387921333313 -0.102746076881886 -0.501673579216003 -0.820825815200806 -0.924528181552887 -1.32321119308472 0.0460354648530483 5.17903280258179 4.14800643920898 11.7742938995361 21.3371086120605 16.9907627105713 14.9187517166138 11.7043933868408 9.2150936126709 3.588454246521 2.86645984649658 2.4682469367981 1.62990546226501 0.592210292816162 -0.664422333240509 -1.34602844715118 -1.91007971763611 -2.37305402755737 -2.49587965011597 -2.57668328285217 0.146821424365044 -2.62432765960693 -2.26211357116699 -2.04819488525391 -2.4580295085907 -2.99592423439026 -3.12209534645081 -3.34125423431396 -2.57486653327942 3.83025479316711 5.37073612213135 5.49739217758179 4.71272373199463
3.42248797416687 2.9340808391571 2.58465766906738 1.87620747089386 0.817799687385559 0.0502424277365208 -0.521114408969879 -0.759698808193207 -1.0086258649826 -1.26157748699188 -1.00715792179108 -1.4118138551712 -1.40991103649139 3.13740873336792 4.91610050201416 8.78182125091553 12.6014566421509 14.6039609909058 18.325553894043 14.6849813461304 10.9357490539551 9.25364398956299 4.41460800170898 1.86681878566742 1.12047231197357 -0.123356617987156 -1.11812841892242 -1.6161562204361 -1.97745728492737 -2.49956440925598 -2.54700040817261 3.15682983398438 1.95868134498596 0.612023711204529 -1.39511168003082 -2.27216553688049 -2.61816430091858 -2.78317070007324 -2.90031433105469 -3.06093502044678 -3.1383113861084 1.98127615451813 5.31470441818237 5.53356313705444 3.96083474159241
2.87003636360168 2.53662800788879 2.01827907562256 0.832846939563751 0.138784527778625 -0.528172135353088 -0.907488286495209 -1.27599549293518 -1.35610842704773 -1.46031761169434 -0.160864189267159 -1.3718329668045 -1.4256364107132 3.03792285919189 7.02627038955688 7.46407651901245 8.27993869781494 8.52688312530518 10.8835515975952 8.36365413665771 6.26058006286621 19.7766761779785 9.21722412109375 4.40530967712402 1.81445872783661 -0.60428512096405 -1.49077665805817 -2.03365874290466 -2.29626393318176 -2.50487041473389 -2.5907301902771 3.58640360832214 2.33081603050232 0.762536287307739 -0.106927782297134 -1.65300273895264 -2.04255270957947 -2.54964900016785 -2.68509459495544 -2.81565475463867 -2.88542151451111 0.93726110458374 4.10090494155884 4.50714302062988 3.10473608970642
2.25651812553406 1.83393681049347 1.27349436283112 0.376645117998123 -0.291499853134155 -0.738084673881531 -1.01892554759979 -1.33510529994965 -0.718061149120331 0.608656227588654 1.73941516876221 1.66835308074951 1.19964098930359 2.71395516395569 6.74578237533569 7.39343452453613 6.38003396987915 5.57208490371704 4.91082143783569 3.70218729972839 4.85236215591431 10.1747989654541 30.5476226806641 5.74437665939331 3.37052536010742 -0.684001266956329 -1.72922277450562 -2.28769087791443 -2.55120968818665 -2.61617016792297 -2.66124939918518 1.88603532314301 2.50821781158447 0.756800651550293 0.448184251785278 -0.141956761479378 -1.03893411159515 -1.56382131576538 -2.42666959762573 -2.55797290802002 -1.8740086555481 -0.796673953533173 1.09798979759216 2.36753106117249 1.79020380973816
1.64036464691162 1.28547894954681 0.694992899894714 0.377420425415039 0.090056911110878 -0.225533694028854 -0.569407343864441 -0.859825730323792 -0.227636337280273 2.58167052268982 3.96764421463013 4.54870510101318 4.62721490859985 4.09220170974731 4.92286014556885 4.26131582260132 3.53226923942566 2.76320505142212 2.01564645767212 1.65439486503601 1.84480440616608 7.6669135093689 34.3725204467773 10.020806312561 4.43290567398071 0.378990828990936 -1.88619780540466 -2.37126445770264 -2.6753261089325 -2.80871534347534 -2.82767558097839 -0.991699039936066 3.61617469787598 1.57562780380249 0.90391206741333 0.951809048652649 -0.00492024188861251 -0.804021000862122 -1.44886088371277 -1.5873156785965 -1.10711336135864 -1.73754477500916 -0.826614797115326 1.5671204328537 2.34995460510254
