slauniainen/Data/DEM/Vihti_dem1500b_cl_horizonAngle_216.asc
NCOLS 196 
NROWS 178 
XLLCORNER 353680 
YLLCORNER 6699024 
CELLSIZE 16 
NODATA_value -3.4e+38 
[rows 0 to 19 of 178, columns 90 to 134 of 196]
4.65275764465332 0.456776976585388 -2.51732540130615 -2.54724097251892 0.332509607076645 4.51180458068848 3.403653383255 19.0974025726318 16.0041427612305 9.81231117248535 10.4209775924683 6.49328517913818 4.1841516494751 2.33769392967224 1.55628228187561 1.65780758857727 1.67861425876617 1.65002071857452 1.5751439332962 1.50317633152008 1.41595005989075 1.31794250011444 1.23732316493988 1.19048631191254 1.14553511142731 1.05812132358551 0.966383278369904 0.959186434745789 0.965782999992371 0.97743684053421 0.98952454328537 0.998418807983398 1.01128256320953 1.01388442516327 1.00954329967499 1.00323271751404 0.992056965827942 0.973477780818939 0.959779798984528 0.946892738342285 0.930824995040894 0.931694328784943 0.931862831115723 0.938567936420441 0.935954451560974
4.7228946685791 -1.24320554733276 -2.4311192035675 -2.48942446708679 -1.76833510398865 2.67207717895508 3.65753865242004 14.7552309036255 12.5519781112671 10.3586921691895 9.90027904510498 7.5341362953186 3.14630198478699 1.99575996398926 1.69217145442963 1.67915964126587 1.75831735134125 1.72767782211304 1.6587860584259 1.59989261627197 1.51091372966766 1.37215757369995 1.28542518615723 1.22767913341522 1.13770043849945 1.03026449680328 0.987956941127777 0.997425496578217 1.01782369613647 1.02893388271332 1.04091942310333 1.04328966140747 1.05230247974396 1.05476129055023 1.04478085041046 1.03278195858002 1.01143562793732 1.00544941425323 0.991884827613831 0.978737354278564 0.964718580245972 0.958934366703033 0.966257870197296 0.963772177696228 0.964503884315491
8.06824684143066 -2.00919699668884 -2.34948062896729 -2.40215826034546 -2.33149647712708 -1.84738564491272 1.3259528875351 9.35752868652344 5.57876396179199 10.4014205932617 10.5662631988525 6.9196720123291 3.32579779624939 1.83684158325195 1.7743136882782 1.83840119838715 1.82325851917267 1.812912940979 1.75759172439575 1.66099286079407 1.5577734708786 1.4692770242691 1.34098708629608 1.2112877368927 1.09632921218872 1.03454697132111 1.02813613414764 1.04834485054016 1.0595076084137 1.08114552497864 1.08661222457886 1.09320104122162 1.09245312213898 1.08749568462372 1.07446908950806 1.04337763786316 1.04282474517822 1.03617584705353 1.02997744083405 1.00794160366058 0.991018056869507 0.996450364589691 0.993212759494781 0.989079117774963 0.976456701755524
6.52611446380615 -1.21660494804382 -2.06586408615112 -2.15510272979736 -2.12317752838135 -2.01038002967834 -1.5722461938858 0.918911397457123 -0.645390033721924 0.0481876544654369 3.61024403572083 3.33974671363831 2.88309097290039 1.95279598236084 1.97163343429565 1.96732449531555 1.9322292804718 1.87025141716003 1.79702341556549 1.68708395957947 1.59654676914215 1.47161757946014 1.35906612873077 1.22339594364166 1.09373831748962 1.06647157669067 1.08255672454834 1.09347069263458 1.11472082138062 1.15515041351318 1.1611487865448 1.1418833732605 1.13664209842682 1.13005256652832 1.09128153324127 1.09103035926819 1.07709765434265 1.07083630561829 1.05971109867096 1.04476165771484 1.02840352058411 1.02598345279694 1.02046871185303 1.00358641147614 1.01855993270874
3.24764084815979 1.4871666431427 -1.64492630958557 -1.76668989658356 -1.83847153186798 -1.47298955917358 -1.09108626842499 2.46349763870239 1.85303044319153 0.796989560127258 3.65382528305054 2.6650218963623 2.97918128967285 2.11557531356812 2.12654685974121 2.10319018363953 2.0519392490387 1.9305465221405 1.81861913204193 1.72288680076599 1.58124589920044 1.46999788284302 1.34171676635742 1.18844497203827 1.11485302448273 1.11799097061157 1.12934291362762 1.14975452423096 1.19031858444214 1.19674456119537 1.22813558578491 1.22046148777008 1.19455337524414 1.1732017993927 1.12773656845093 1.13787710666656 1.12674391269684 1.11474668979645 1.08537685871124 1.07947373390198 1.07001495361328 1.05708599090576 1.04109871387482 1.06060516834259 0.945220470428467
1.71548938751221 0.747928977012634 -1.33077168464661 -1.26179707050323 -1.21284115314484 -1.00500106811523 -0.477282166481018 1.86054718494415 0.785590410232544 1.14172661304474 1.73057985305786 2.39388251304626 2.21849727630615 2.20902442932129 2.27054810523987 2.24376916885376 2.13504552841187 2.06241774559021 1.92169320583344 1.70593428611755 1.57852613925934 1.44376254081726 1.30053424835205 1.16896748542786 1.15700232982635 1.15698099136353 1.18741762638092 1.227334856987 1.23413527011871 1.26576888561249 1.25787401199341 1.29530620574951 1.32177782058716 1.24673366546631 1.18962287902832 1.19208443164825 1.16891205310822 1.15275084972382 1.13583958148956 1.11493527889252 1.10550940036774 1.08249711990356 1.09613513946533 1.01007735729218 0.712426543235779
0.714078485965729 -0.20882448554039 -1.04476022720337 -0.41103920340538 -0.18628291785717 -0.138610675930977 0.289196312427521 1.07756066322327 1.40837585926056 1.81083130836487 2.0415301322937 2.33376097679138 2.37213945388794 2.3619647026062 2.34279417991638 2.30279088020325 2.23172950744629 2.10301804542542 1.98532021045685 1.79723536968231 1.57966375350952 1.39770662784576 1.22819304466248 1.2015620470047 1.19197452068329 1.19182503223419 1.26709413528442 1.27379536628723 1.30543184280396 1.29717111587524 1.33520686626434 1.36405205726624 1.37497639656067 1.32783091068268 1.28807306289673 1.23200285434723 1.22548007965088 1.19653403759003 1.17307221889496 1.15429329872131 1.13812148571014 1.13544523715973 1.12571394443512 0.992400705814362 0.646635949611664
-1.27582609653473 0.796641886234283 0.787914276123047 1.37393236160278 1.04262328147888 1.39872848987579 1.62600219249725 1.83257138729095 2.16313076019287 2.25926399230957 2.40693235397339 2.42044043540955 2.49453163146973 2.48169636726379 2.50684833526611 2.42737889289856 2.27845883369446 2.17761087417603 1.98376500606537 1.81039273738861 1.63176262378693 1.45744287967682 1.26671051979065 1.25023925304413 1.23263120651245 1.25109207630157 1.29440021514893 1.34724640846252 1.33884799480438 1.37659335136414 1.40740692615509 1.41694819927216 1.37354874610901 1.38292264938354 1.36534535884857 1.28562092781067 1.2790299654007 1.26553237438202 1.23061895370483 1.20425319671631 1.18772089481354 1.18253326416016 1.17707395553589 1.11983823776245 0.87197470664978
-1.04012954235077 2.13606286048889 2.12811517715454 2.39347743988037 2.28681349754333 2.62029767036438 2.6812219619751 2.56764841079712 2.54282236099243 2.6313099861145 2.74031567573547 2.76390933990479 2.70644617080688 2.76166391372681 2.61885547637939 2.58197498321533 2.48190212249756 2.21573972702026 1.99382829666138 1.79647958278656 1.60816931724548 1.38657093048096 1.31828272342682 1.29745709896088 1.29620182514191 1.3360550403595 1.34319221973419 1.37310338020325 1.42097735404968 1.45347595214844 1.46505558490753 1.4177325963974 1.42477035522461 1.45110976696014 1.4654346704483 1.40216219425201 1.33546507358551 1.31503617763519 1.2978184223175 1.26501548290253 1.24178743362427 1.23340499401093 1.23336708545685 1.22316706180573 1.17783904075623
2.3139705657959 6.56948375701904 3.92413449287415 3.40046739578247 3.3985230922699 3.10179877281189 2.89471769332886 2.95211386680603 3.19632315635681 3.18016815185547 3.17580819129944 3.106684923172 3.14401745796204 3.03261590003967 2.86684203147888 2.69861435890198 2.57737636566162 2.34690976142883 2.07135248184204 1.81581926345825 1.54717004299164 1.383957862854 1.35955572128296 1.35777187347412 1.38347446918488 1.39043092727661 1.41904771327972 1.41221916675568 1.4869487285614 1.50950753688812 1.46262168884277 1.4676079750061 1.49339199066162 1.50862288475037 1.49693500995636 1.47154080867767 1.43664610385895 1.38878607749939 1.34404993057251 1.31325304508209 1.28766751289368 1.28165876865387 1.2808256149292 1.27801370620728 1.27353835105896
-0.854326188564301 4.81866645812988 4.16215848922729 3.90341544151306 4.20402050018311 3.74637079238892 3.46593403816223 3.74891710281372 3.71302556991577 3.65096664428711 3.61945343017578 3.62446165084839 3.50662541389465 3.28702163696289 3.08784532546997 2.81632328033447 2.6239333152771 2.35545921325684 2.12761831283569 1.90477728843689 1.65119981765747 1.43959212303162 1.41671562194824 1.53939318656921 1.41143536567688 1.46795129776001 1.46299040317535 1.50083315372467 1.53385078907013 1.54063487052917 1.51422655582428 1.53948748111725 1.55515003204346 1.54062628746033 1.51495361328125 1.48858320713043 1.45499622821808 1.44574677944183 1.38569927215576 1.35412836074829 1.33730292320251 1.32050454616547 1.32116055488586 1.33143353462219 1.3413211107254
-0.61913937330246 1.37949371337891 3.29788875579834 4.04536962509155 4.56470394134521 4.12578868865967 4.74387550354004 4.46131801605225 4.40758037567139 4.14842748641968 4.09054279327393 3.95725536346436 3.93522000312805 3.64121603965759 3.20544242858887 2.94132161140442 2.64272880554199 2.34548854827881 2.08752083778381 1.83099281787872 1.56535339355469 1.50157153606415 1.45991849899292 2.13004374504089 1.47098815441132 1.50401139259338 1.55465292930603 1.58838701248169 1.59252262115479 1.54311239719391 1.58746421337128 1.6034038066864 1.58928656578064 1.5631685256958 1.533970952034 1.5010769367218 1.49567103385925 1.46072399616241 1.44927382469177 1.38058733940125 1.3905668258667 1.37679493427277 1.37570881843567 1.38414263725281 1.39563477039337
0.379510164260864 1.47717583179474 2.29087376594543 3.40528011322021 3.76641440391541 5.0036678314209 6.01141977310181 5.99790143966675 5.0831561088562 4.79455947875977 4.5771656036377 4.46054697036743 4.15414047241211 3.92126512527466 3.57546830177307 3.0603609085083 2.6628212928772 2.41358470916748 2.00949215888977 1.69211912155151 1.56592726707458 1.50342643260956 1.42540645599365 1.48450028896332 1.94160604476929 1.54920756816864 1.62432420253754 1.64947974681854 1.59549140930176 1.59702229499817 1.61842405796051 1.63945078849792 1.61198222637177 1.58134269714355 1.54379320144653 1.53434479236603 1.50649034976959 1.48584723472595 1.4751044511795 1.45252370834351 1.41727530956268 1.42067801952362 1.4213719367981 1.43177628517151 1.43574869632721
0.362895905971527 1.15837442874908 2.11232399940491 2.65052556991577 2.92561793327332 3.88452243804932 4.80237054824829 5.84847640991211 6.07925987243652 5.33390283584595 5.0268497467041 4.80183887481689 4.36273050308228 3.97808718681335 3.63990712165833 3.29358339309692 2.86834788322449 2.40036606788635 2.0512421131134 1.62239801883698 1.52750027179718 1.4759407043457 1.48454487323761 1.54364097118378 2.87690544128418 2.27430653572083 1.78078556060791 1.68514478206635 1.65419495105743 1.67288589477539 1.69051909446716 1.67236602306366 1.6438364982605 1.61386692523956 1.59200894832611 1.55395805835724 1.537757396698 1.52623963356018 1.51414477825165 1.49363577365875 1.47781300544739 1.46321332454681 1.47241413593292 1.48225128650665 1.48053622245789
0.587381362915039 0.851186573505402 1.76836395263672 1.74028170108795 1.90109205245972 2.87591290473938 3.39374876022339 4.37126874923706 5.47428131103516 5.8158974647522 5.28515768051147 4.79213619232178 4.39117002487183 3.96711087226868 3.73414778709412 3.38837790489197 2.93736696243286 2.52906775474548 2.13562035560608 1.62081897258759 1.55550479888916 1.5469822883606 1.57646894454956 1.55674254894257 2.68976330757141 3.57846450805664 2.12558007240295 1.69070172309875 1.7330493927002 1.7503901720047 1.72906947135925 1.70091319084167 1.66798317432404 1.63168096542358 1.62216746807098 1.59477949142456 1.57909429073334 1.56916201114655 1.55104506015778 1.53705716133118 1.5452333688736 1.51613330841064 1.52664792537689 1.53186678886414 1.54408740997314
0.83814924955368 1.06857943534851 1.25803434848785 1.09462153911591 0.955668151378632 1.47277414798737 2.19758200645447 2.84232425689697 4.11706352233887 5.1710033416748 5.47818660736084 5.09881258010864 4.41818714141846 4.01091623306274 3.83454012870789 3.50635361671448 2.96366429328918 2.49458622932434 1.87213313579559 1.67169785499573 1.63307404518127 1.61358225345612 1.61439180374146 1.64169561862946 1.66941452026367 3.27933645248413 3.31239700317383 1.75046789646149 1.7694011926651 1.7908102273941 1.76054513454437 1.72582542896271 1.69035184383392 1.68043899536133 1.64522969722748 1.62631416320801 1.61693131923676 1.59600949287415 1.60093355178833 1.60197126865387 1.59068942070007 1.54307842254639 1.58298599720001 1.58172798156738 1.57691371440887
1.1561906337738 1.28869938850403 1.19553327560425 1.20976531505585 0.984461724758148 0.852779984474182 1.23781681060791 1.66026651859283 2.42775559425354 3.62021136283875 4.71857738494873 5.10461044311523 4.68696355819702 4.28161191940308 3.86975359916687 3.52451252937317 3.02907943725586 2.38577485084534 1.92551040649414 1.76402282714844 1.73224222660065 1.68450200557709 1.67317032814026 1.73376250267029 1.70242476463318 1.68900144100189 1.91302740573883 1.82659947872162 1.85266137123108 1.82817578315735 1.79833626747131 1.76387369632721 1.74044120311737 1.70863854885101 1.68372297286987 1.66977202892303 1.64916515350342 1.63336098194122 1.63652050495148 1.63872063159943 1.64495360851288 1.59083998203278 1.62512290477753 1.62293827533722 1.63093638420105
1.46481931209564 1.28091418743134 1.30936789512634 1.19667422771454 1.02704393863678 0.721323847770691 0.709037065505981 0.994445741176605 1.30501270294189 1.90304112434387 3.17569279670715 4.07271289825439 4.19318294525146 4.27271699905396 4.03245210647583 3.74622654914856 3.24672627449036 2.67571091651917 2.0466411113739 1.86763954162598 1.81981599330902 1.7709721326828 1.78337442874908 1.8226044178009 1.817866563797 1.77858102321625 1.83433377742767 1.89285099506378 1.87466967105865 1.85239791870117 1.82195997238159 1.78771865367889 1.77587330341339 1.74701392650604 1.72912001609802 1.71285200119019 1.69705760478973 1.68841409683228 1.69950234889984 1.70576059818268 1.68858301639557 1.66851460933685 1.68280780315399 1.68741452693939 1.67692565917969
1.92140233516693 1.55897891521454 1.29106426239014 1.13677132129669 0.940869569778442 0.669472932815552 0.429918706417084 0.631647348403931 0.955230474472046 1.16847395896912 1.72176229953766 2.45970845222473 2.65041947364807 2.98226404190063 3.02246189117432 2.92728447914124 2.72793865203857 2.99969005584717 2.43860292434692 1.91449320316315 1.90093064308167 1.8640228509903 1.90622448921204 1.90473604202271 1.84901237487793 1.89620196819305 1.92120921611786 1.91578054428101 1.89572179317474 1.86511182785034 1.83943939208984 1.831214427948 1.80185461044312 1.79665160179138 1.77088522911072 1.75465333461761 1.74922347068787 1.76368272304535 1.76641464233398 1.76390862464905 1.73349678516388 1.73809349536896 1.73537421226501 1.72543132305145 1.72691774368286
2.91814160346985 1.93832564353943 1.40000855922699 1.05034899711609 0.78860479593277 0.645153343677521 0.469931066036224 0.526651382446289 0.867825865745544 1.24212288856506 1.55715703964233 1.67569875717163 1.3465256690979 1.39422523975372 1.48997747898102 1.6980642080307 1.77066421508789 2.24338555335999 2.51849055290222 1.96874594688416 1.92096769809723 1.95240581035614 1.97312414646149 1.91368496417999 1.89908337593079 1.9204432964325 1.94078600406647 1.92717814445496 1.91838502883911 1.88564431667328 1.88532495498657 1.86326634883881 1.87410640716553 1.82735896110535 1.8292635679245 1.85224592685699 1.85148561000824 1.90037405490875 1.82661437988281 1.78427028656006 1.78508269786835 1.79573476314545 1.80075919628143 1.78702771663666 1.76614773273468
