slauniainen/Data/DEM/Vihti_dsm1500b_cl_horizonAngle_174.asc
NCOLS 196 
NROWS 178 
XLLCORNER 353680 
YLLCORNER 6699024 
CELLSIZE 16 
NODATA_value -3.4e+38 
[rows 0 to 19 of 178, columns 92 to 137 of 196]
-1.72010588645935 -3.23141145706177 0.921919465065002 -2.73877620697021 -2.71391296386719 -2.22936701774597 -0.289746850728989 0.121915802359581 0.49787911772728 0.741314589977264 5.4593448638916 39.5514869689941 -0.00385407963767648 21.880241394043 21.464672088623 5.88540840148926 1.73803222179413 2.59730911254883 1.46066081523895 1.30441474914551 1.98937261104584 1.86234474182129 1.29818165302277 1.32028043270111 1.344482421875 1.32119345664978 1.27731931209564 1.21362781524658 1.24116384983063 1.30855798721313 1.37078320980072 2.23496127128601 4.72071361541748 19.3586120605469 14.6135549545288 4.54504251480103 1.3577139377594 1.29253029823303 2.37268280982971 3.60516405105591 11.0969209671021 20.7116565704346 29.9292373657227 24.1921005249023 44.6571998596191 18.6815280914307
-1.67621982097626 -2.86858487129211 -2.82000398635864 5.90652084350586 8.24196815490723 1.06783378124237 -0.12397214025259 0.231847554445267 0.591716825962067 3.84793567657471 9.21215915679932 0.0129789346829057 10.8820962905884 1.77854323387146 38.7601509094238 12.6297922134399 3.12491965293884 2.87316179275513 1.66066336631775 1.44748950004578 1.71324849128723 2.2877368927002 1.34108066558838 1.35216796398163 1.3702437877655 1.34940207004547 1.34005427360535 1.31945192813873 1.26843059062958 1.33763384819031 1.4003986120224 1.46212029457092 7.04029512405396 2.82292604446411 1.91584038734436 6.37609958648682 1.49022018909454 1.3496105670929 2.58944869041443 1.7694708108902 5.99021625518799 29.5714702606201 49.0132942199707 33.8879241943359 4.72333526611328 2.18134880065918
-1.45567643642426 -1.79059290885925 -2.6897976398468 -2.48348689079285 -2.39529061317444 -1.94144642353058 -0.0258139967918396 0.339225381612778 0.67013019323349 6.32277202606201 20.1460018157959 0.494849652051926 22.3388061523438 2.58828663825989 0.400207698345184 3.86851382255554 7.16266059875488 3.16325950622559 1.91210269927979 1.4068351984024 1.93228185176849 2.48672819137573 1.38699305057526 1.38827347755432 1.40736472606659 1.38120353221893 1.37616968154907 1.37519359588623 1.34590947628021 1.36746549606323 1.43025696277618 1.48979091644287 13.4889993667603 2.85084748268127 2.76412653923035 7.2485523223877 1.67864310741425 1.40299093723297 2.84130954742432 1.92063808441162 6.12806272506714 48.5190048217773 5.90510416030884 53.341682434082 6.69795894622803 8.42949104309082
-1.12635111808777 -2.446622133255 -2.20864057540894 -2.20469689369202 -1.60118067264557 -0.147444114089012 0.0730194374918938 0.395754486322403 2.0485692024231 10.4939384460449 0.740780591964722 18.4095726013184 5.00412845611572 1.93137156963348 2.99072861671448 3.49111795425415 1.31860911846161 3.48612308502197 2.16846776008606 1.4677118062973 2.14598560333252 2.70206379890442 1.42827212810516 1.42745530605316 1.44112539291382 1.42816150188446 1.40900206565857 1.40562009811401 1.37671780586243 1.39860284328461 1.46055734157562 1.52099454402924 1.54140532016754 3.42680239677429 3.27132105827332 8.44184398651123 1.86586928367615 1.45160329341888 3.15140342712402 2.09986758232117 9.06784343719482 0.0514716245234013 11.7254066467285 0.0055311624892056 0.0924117639660835 13.8461999893188
-1.1393951177597 -0.63520872592926 -2.11785650253296 -2.07427191734314 -0.146101638674736 0.536891102790833 0.611435890197754 0.735977947711945 5.14714574813843 22.8218402862549 0.783758044242859 0.678207159042358 1.630988240242 3.24865961074829 0.510798096656799 1.05066990852356 1.51184952259064 3.8443341255188 2.45096230506897 1.50350534915924 2.38372421264648 2.94713544845581 1.46686291694641 1.46766757965088 1.46787750720978 1.47897255420685 1.44904482364655 1.43651616573334 1.40626895427704 1.41935861110687 1.49310994148254 1.54546988010406 1.60285985469818 3.5089704990387 2.70209264755249 10.0601081848145 2.08270406723022 1.48639166355133 3.54459762573242 2.30382990837097 17.5701999664307 4.09585428237915 1.91461420059204 11.3752374649048 0.165569648146629 30.9101943969727
2.56323218345642 0.768730282783508 -0.940430521965027 -1.47182190418243 0.216546729207039 5.18537712097168 1.3664425611496 0.919505953788757 9.57234859466553 0.687436759471893 1.53340744972229 15.3815469741821 0.747848629951477 0.760013699531555 0.990545451641083 1.38398170471191 1.55059158802032 4.27818059921265 2.80030083656311 1.53635251522064 2.68139433860779 3.242262840271 1.51074945926666 1.51012790203094 1.50497341156006 1.51452851295471 1.48398327827454 1.46871280670166 1.43711590766907 1.4017379283905 1.49692904949188 1.58859241008759 1.67235684394836 3.60098576545715 2.76055240631104 5.56444311141968 12.7339200973511 1.51840674877167 4.05503511428833 2.51923894882202 1.09616124629974 0.288854032754898 9.76160907745361 0.114714369177818 0.394377052783966 0.153761953115463
-0.823956668376923 1.0364830493927 -0.612080752849579 -0.579698979854584 0.541569173336029 12.0997323989868 11.5028257369995 1.09898042678833 21.0905094146729 3.05219316482544 1.13113844394684 0.886622428894043 8.89303302764893 5.56377553939819 6.33301877975464 1.60310781002045 1.61704325675964 4.80831003189087 3.25712490081787 1.57418978214264 3.17049551010132 3.59431338310242 1.55699515342712 1.54623258113861 1.53676176071167 1.55193626880646 1.52072465419769 1.50213348865509 1.47843611240387 1.42783641815186 1.50647473335266 2.05350089073181 2.34420108795166 5.49075365066528 3.35068035125732 8.09030151367188 16.6224918365479 2.27362632751465 4.67771148681641 2.85209655761719 1.57438933849335 0.880075752735138 -0.170040503144264 0.726221680641174 1.42640066146851 4.68549013137817
-0.273655623197556 1.38035643100739 0.354112595319748 0.499547243118286 0.724734306335449 18.3580684661865 0.713577568531036 1.19854438304901 0.754633069038391 0.838231027126312 1.25651872158051 2.12984919548035 1.74389028549194 2.05353283882141 2.43558192253113 2.93456625938416 2.90765333175659 5.48714160919189 3.8915708065033 1.62027871608734 3.552166223526 4.03979873657227 1.59244787693024 1.58095943927765 1.57025027275085 1.59121656417847 1.558518409729 1.54223120212555 1.54113531112671 1.50737130641937 1.5471647977829 2.10464382171631 2.41234254837036 3.62687373161316 6.64549970626831 16.0316982269287 24.0504455566406 3.6718852519989 5.55642986297607 3.24308443069458 1.64404010772705 1.00253450870514 0.593540966510773 1.38266634941101 0.884461581707001 0.874838769435883
-0.210141867399216 1.52741754055023 0.820607721805573 0.952800333499908 1.04836130142212 0.307284742593765 1.19361793994904 1.28222072124481 1.3679473400116 1.12264370918274 1.31374299526215 2.94999122619629 1.93852150440216 2.55495285987854 2.7997772693634 3.00049877166748 2.97005224227905 6.4923677444458 1.81267273426056 4.95305776596069 4.23832130432129 5.38940382003784 1.62727737426758 1.61524271965027 1.60992288589478 1.63263440132141 1.59861123561859 1.58053541183472 1.58232736587524 1.54717922210693 1.58931791782379 2.15234184265137 2.46895170211792 3.95379304885864 2.80855870246887 2.44471573829651 41.9218215942383 4.8959321975708 3.60445690155029 7.06653118133545 1.74047756195068 1.50861716270447 2.94827103614807 1.48981130123138 2.39780569076538 1.16791176795959
1.30993330478668 2.50576019287109 0.99688583612442 1.09217464923859 1.26434993743896 1.37237191200256 1.49997186660767 1.47254431247711 1.46527945995331 1.49795138835907 1.61009907722473 2.29954981803894 2.55118727684021 2.63066124916077 3.17844915390015 3.06293082237244 3.03465390205383 7.59474039077759 8.26568698883057 6.59400510787964 3.3321852684021 8.04937553405762 1.662712931633 1.65044915676117 1.65111172199249 1.67707216739655 1.64221739768982 1.6199836730957 1.61986517906189 1.58400201797485 1.63160634040833 2.31636691093445 2.52310180664062 4.07492589950562 3.12619566917419 2.87746906280518 1.47483444213867 6.42968082427979 3.55321478843689 9.29674243927002 1.83120143413544 6.29668283462524 3.13660001754761 1.54937028884888 4.02400159835815 1.20226085186005
1.67386698722839 2.62678265571594 1.27130961418152 1.88219749927521 1.96894872188568 2.03050589561462 1.91972744464874 1.82254600524902 1.72193694114685 1.70037519931793 1.70239746570587 2.70128464698792 2.62021803855896 2.73823523521423 3.58039212226868 3.13067436218262 3.10037899017334 2.3783962726593 10.9566793441772 9.83626937866211 3.87265801429749 15.7745904922485 6.87798261642456 1.69002866744995 1.69928050041199 1.72489476203918 1.68985021114349 1.66341626644135 1.65957868099213 1.62528121471405 1.67486751079559 2.36449956893921 2.57891893386841 2.40823531150818 4.20936441421509 3.07650446891785 2.85356044769287 5.69275569915771 3.00673294067383 13.5825986862183 5.57202625274658 1.65853476524353 9.93055438995361 9.67849731445312 7.4046688079834 4.42624568939209
2.08261013031006 2.81800103187561 2.69921207427979 2.53809642791748 3.05894112586975 3.05798768997192 2.95527172088623 2.60781502723694 2.26958703994751 2.73677229881287 1.81267642974854 2.76700925827026 2.68493056297302 2.80064630508423 4.13358020782471 3.18706226348877 3.15384387969971 2.42285394668579 16.1336326599121 19.0547275543213 4.51010417938232 2.72466921806335 9.13652038574219 1.96539258956909 1.7489640712738 1.77388978004456 1.73743188381195 1.70754265785217 1.70279276371002 1.66469061374664 1.72142219543457 2.41699433326721 2.30638217926025 2.64786887168884 4.33578252792358 3.31864738464355 3.26487278938293 1.37728929519653 6.44056606292725 25.9333362579346 7.48704624176025 1.719606757164 14.6979656219482 12.8167028427124 8.83369541168213 5.16249132156372
2.96338224411011 3.00416040420532 3.09376764297485 3.64188933372498 3.84121584892273 4.02100467681885 3.7490086555481 3.4194540977478 3.05646204948425 2.78430485725403 2.27983355522156 2.15098547935486 2.85708999633789 2.76965761184692 4.81670522689819 3.06327629089355 3.57623648643494 3.22970032691956 29.5242557525635 2.38205504417419 2.78283786773682 4.61615514755249 13.62451171875 2.33095979690552 1.79800069332123 1.82566523551941 1.82082974910736 1.76542723178864 1.74884796142578 1.70944619178772 2.04127264022827 2.55572843551636 2.35680294036865 2.69966292381287 4.46179580688477 3.40753102302551 3.36380362510681 2.71835041046143 1.74932038784027 1.04745578765869 10.986629486084 2.21137309074402 27.3773212432861 18.8235874176025 9.07826709747314 11.1655368804932
3.08343768119812 3.12412881851196 3.10231947898865 2.29293346405029 3.49596309661865 4.33305692672729 4.24773645401001 3.89305686950684 3.5123987197876 3.00870633125305 2.6319465637207 2.28960204124451 2.89612197875977 2.8140389919281 2.92858171463013 5.95825815200806 4.80487203598022 3.30042243003845 5.6698145866394 2.7810435295105 2.83730936050415 2.75371527671814 25.8416328430176 3.21381855010986 2.98976826667786 1.86060965061188 1.88601791858673 1.84525406360626 1.79597771167755 1.75805079936981 2.54006505012512 2.61257338523865 2.4175066947937 2.76476645469666 4.60173559188843 3.52582049369812 3.65786147117615 3.09595489501953 2.06326675415039 1.33059060573578 18.9668521881104 2.37785339355469 2.21621656417847 26.3843402862549 8.17825984954834 14.7603092193604
3.22455739974976 3.15904140472412 3.12505173683167 2.72076964378357 2.75012922286987 3.38725090026855 4.2334303855896 4.23260164260864 3.62360334396362 3.1390974521637 2.78736090660095 2.60304355621338 2.93553853034973 2.85525107383728 2.98397326469421 7.79832410812378 6.84567022323608 3.63245391845703 3.14876842498779 3.68293237686157 3.32156300544739 9.70530605316162 4.90005588531494 4.2746844291687 3.96860814094543 1.91618251800537 1.94314169883728 1.90264236927032 1.84756922721863 1.80783438682556 2.59449648857117 2.66926550865173 2.59067821502686 2.83898758888245 4.76537704467773 3.65028071403503 4.38407373428345 3.30087947845459 3.98095846176147 1.36203026771545 1.2314864397049 2.5616409778595 1.01763069629669 2.04720950126648 17.9069042205811 21.4392681121826
3.32415461540222 3.21497488021851 3.17949533462524 2.74684572219849 3.03330516815186 3.00153779983521 3.31614661216736 3.89782500267029 3.574551820755 3.05395579338074 2.92859077453613 2.79189109802246 2.96304297447205 2.89681363105774 3.1629593372345 11.2831478118896 11.3146238327026 4.47081136703491 4.36149644851685 4.1045355796814 3.96949148178101 18.3208103179932 2.92689943313599 5.5636134147644 5.90868473052979 2.26706862449646 2.64448690414429 1.96514213085175 1.91473340988159 1.88263034820557 2.65258049964905 2.72938275337219 2.65092015266418 2.91381311416626 4.93197679519653 3.75941777229309 4.32843112945557 5.57696771621704 5.23651790618896 4.91298246383667 6.55290460586548 2.78193211555481 4.90807390213013 2.34604477882385 1.88959872722626 32.3131256103516
3.45632648468018 3.30169010162354 3.26357579231262 2.92255878448486 3.2631630897522 3.0809965133667 2.98740148544312 2.49480152130127 3.00190496444702 3.11424160003662 3.12378907203674 2.94946789741516 2.97970199584961 2.9210512638092 3.21010303497314 21.0814056396484 3.85328960418701 4.75996732711792 4.46389436721802 4.62070608139038 4.05429553985596 3.01213574409485 3.36074948310852 7.03237676620483 7.06939840316772 3.40655326843262 2.69935941696167 2.02985715866089 1.97518670558929 1.96474134922028 2.71197557449341 2.7918598651886 2.71592259407043 2.99376916885376 5.11084413528442 4.19030618667603 4.85803890228271 7.3955249786377 7.94599056243896 6.75762605667114 9.80980396270752 2.87959766387939 9.95069789886475 3.03088879585266 1.92613971233368 0.997972309589386
3.60487413406372 3.39539885520935 3.38836693763733 3.38817691802979 3.31947326660156 3.12718486785889 3.01547598838806 2.08765506744385 2.0375497341156 2.42291665077209 2.929194688797 2.95712471008301 2.98605298995972 2.93669390678406 3.23450183868408 3.14374017715454 4.10747337341309 9.80469417572021 4.56147050857544 6.87757539749146 4.14299869537354 3.53085064888 3.20466184616089 3.5394139289856 2.93877625465393 3.46040320396423 2.92656636238098 2.08277630805969 2.02776288986206 2.02315926551819 2.77326321601868 2.84497547149658 2.85970878601074 3.07435750961304 5.30794954299927 4.81340932846069 5.543860912323 11.0384731292725 13.2385053634644 14.0000381469727 7.4475884437561 3.16442656517029 1.83305788040161 3.65512704849243 2.1208176612854 11.3843231201172
3.764976978302 3.14900350570679 3.52936577796936 3.47260975837708 3.39260578155518 3.19331932067871 3.08161783218384 2.23438000679016 1.9089549779892 2.13076782226562 2.88087844848633 2.3289487361908 2.99521422386169 2.95120525360107 3.30675625801086 3.64008736610413 4.26627254486084 4.59196996688843 4.65655851364136 13.6139116287231 4.23458385467529 3.55793762207031 3.53768587112427 3.86287236213684 3.20202922821045 3.52037382125854 2.97456121444702 2.12700772285461 3.37992382049561 2.68759298324585 2.66362833976746 2.83999395370483 2.92853975296021 3.16111040115356 5.51817560195923 5.60096883773804 6.41619253158569 21.4010524749756 1.67976534366608 1.59138798713684 1.48148918151855 4.22473049163818 3.52800703048706 4.27884292602539 4.93937397003174 2.07734727859497
3.94794464111328 3.24338936805725 3.6280951499939 3.57110190391541 3.47766900062561 3.27456712722778 3.17116713523865 2.29122090339661 1.95175659656525 2.164217710495 2.92517948150635 2.35662746429443 3.04465246200562 3.00471901893616 3.33106207847595 3.71983933448792 4.07200574874878 4.88025236129761 4.66725778579712 4.6583890914917 4.32371282577515 4.02907133102417 3.6086597442627 3.94040822982788 3.25356841087341 3.57437014579773 3.0274555683136 2.1902551651001 3.4449462890625 2.73937726020813 2.33190774917603 2.89799165725708 2.99531507492065 3.25154495239258 5.7464017868042 6.68423795700073 8.05861282348633 3.43463158607483 1.7455962896347 1.59996283054352 2.37860012054443 5.90434980392456 4.40727567672729 5.35579776763916 7.63674163818359 14.4668664932251
