slauniainen/Data/DEM/Vihti_dem1500b_cl_horizonAngle_264.asc
NCOLS 196 
NROWS 178 
XLLCORNER 353680 
YLLCORNER 6699024 
CELLSIZE 16 
NODATA_value -3.4e+38 
[rows 20 to 39 of 178, columns 0 to 44 of 196]
8.33236980438232 6.25062084197998 5.97286176681519 6.12290811538696 5.47394466400146 4.88436031341553 4.51852369308472 4.0179557800293 3.64839673042297 3.35842108726501 2.99016714096069 2.6371169090271 1.89264154434204 0.916195929050446 -1.01639652252197 -2.04458332061768 -2.51855278015137 -2.72164440155029 -2.82533693313599 -2.8712592124939 -2.99393510818481 -3.07281446456909 -0.922187149524689 7.21256065368652 10.0064258575439 8.19177722930908 6.03845500946045 4.84185123443604 2.67608499526978 1.05248367786407 0.100573800504208 -0.563631355762482 2.00026845932007 1.48330855369568 1.0677992105484 0.477876752614975 1.38576638698578 2.28845286369324 0.15291391313076 -0.313134878873825 2.79289054870605 2.89808869361877 0.701744079589844 -0.428918987512589 -0.556032657623291
7.42071437835693 6.11112833023071 10.3100070953369 7.45590448379517 5.32697629928589 4.65518140792847 4.29547023773193 3.72209358215332 3.38458657264709 3.096848487854 2.81229615211487 2.43070983886719 1.67620801925659 0.906902670860291 -0.940097630023956 -2.09712100028992 -2.38308000564575 -2.6978166103363 -2.86343836784363 -3.01587152481079 -3.17027544975281 -3.20112919807434 -3.33399748802185 7.32337427139282 9.24039459228516 8.91443347930908 7.00814485549927 5.83097553253174 4.83307695388794 2.61573266983032 0.968486070632935 0.304974913597107 -0.0567707680165768 1.77762818336487 0.841104686260223 0.104237675666809 -0.0727629512548447 0.467693656682968 0.201585367321968 -0.212417006492615 2.83786106109619 2.65804028511047 1.06415772438049 -0.29706346988678 -0.388386279344559
5.87377214431763 4.4750509262085 11.9024791717529 7.51228475570679 5.01032495498657 4.16649341583252 3.81773924827576 3.36398768424988 3.11988735198975 2.94088196754456 2.63650417327881 2.21526336669922 1.41251921653748 0.714503645896912 -0.605737686157227 -1.97429370880127 -2.39630913734436 -2.66499781608582 -2.95882058143616 -3.21987891197205 -3.30992007255554 -3.35934138298035 -2.90389323234558 6.64281463623047 9.5670690536499 9.37042045593262 8.70447540283203 7.12689256668091 5.75163745880127 4.19074869155884 2.31414675712585 1.27211463451385 0.302853554487228 0.145815283060074 2.19248557090759 0.897413492202759 0.030591556802392 -0.424390941858292 1.31397998332977 1.482994556427 3.0536425113678 2.0466423034668 0.919148504734039 -0.198545977473259 1.90271008014679
4.33285331726074 8.70754528045654 9.16626644134521 6.65577983856201 5.03973484039307 3.86235070228577 3.3295567035675 3.10986137390137 2.93455028533936 2.76499962806702 2.45536160469055 2.01267004013062 1.17817831039429 0.485437035560608 -0.559220850467682 -2.03857350349426 -2.52017378807068 -2.83307647705078 -3.27932143211365 -3.3603503704071 -3.42381834983826 -3.63909673690796 -3.76309418678284 6.12852621078491 10.1203184127808 10.3970022201538 10.3045854568481 8.96432304382324 6.51860094070435 4.74953365325928 2.66712808609009 1.51914739608765 0.621874392032623 0.242975890636444 1.14879310131073 0.360069185495377 -0.00678363395854831 -0.219335123896599 0.631193220615387 0.505830645561218 1.27233707904816 0.798602283000946 0.524662256240845 1.47794365882874 2.42029857635498
3.91279530525208 11.8758335113525 8.62939357757568 6.24955892562866 4.87802505493164 3.70723581314087 3.09295248985291 2.78153157234192 2.59284734725952 2.4162585735321 2.08236289024353 1.60151505470276 0.967717051506042 0.333516716957092 -0.557655930519104 -1.94760835170746 -2.55729866027832 -3.00775504112244 -3.32796144485474 -3.44220376014709 -3.52520298957825 -3.77022647857666 -3.91846179962158 2.71455192565918 11.7648677825928 11.4313955307007 12.1199169158936 10.1043910980225 6.926917552948 4.00087261199951 2.79807162284851 1.93044018745422 1.23601031303406 0.765768885612488 1.80997157096863 1.43378078937531 0.409812092781067 -0.155260160565376 -0.444078147411346 -0.535014867782593 -0.0442322976887226 -0.197241425514221 0.14135730266571 2.08160829544067 2.78460454940796
3.63045620918274 12.896146774292 8.53586101531982 6.13803339004517 4.8854193687439 3.89985966682434 3.10194516181946 2.64284777641296 2.31431984901428 2.11146068572998 1.85557913780212 1.36697781085968 0.773582875728607 0.103628002107143 -0.665266752243042 -1.89798474311829 -2.58294034004211 -3.09847831726074 -3.44692420959473 -3.64467310905457 -3.75235199928284 -3.92203068733215 -3.04830265045166 3.17477917671204 10.7124509811401 12.7699575424194 13.278787612915 10.1606512069702 6.72998571395874 3.42989492416382 2.44471907615662 2.2402560710907 1.93655896186829 1.91955745220184 1.88937044143677 1.55560779571533 1.03556799888611 -0.0378365144133568 -0.379228115081787 -0.578545868396759 -0.608048617839813 -0.670537948608398 0.829318284988403 0.297561347484589 4.7257719039917
4.78397226333618 13.4810724258423 8.03729057312012 5.8817777633667 4.71715307235718 3.67024421691895 2.91919183731079 2.51047611236572 2.22627377510071 2.00487589836121 1.65879452228546 1.10407531261444 0.563115537166595 -0.131428614258766 -1.00658273696899 -1.99493658542633 -2.88774299621582 -3.34785866737366 -3.64218091964722 -3.82205176353455 -3.91861152648926 -4.10280466079712 -3.44761943817139 5.10089921951294 9.54190921783447 14.5428237915039 13.0680513381958 9.4076976776123 5.41271352767944 2.81896328926086 2.24684166908264 2.18631315231323 3.19387197494507 3.74345469474792 2.55831718444824 1.8159853219986 1.32926607131958 0.344344645738602 -0.32032585144043 -0.611327707767487 -0.653380632400513 -0.696736752986908 0.640016734600067 2.69020867347717 9.02643013000488
6.56150484085083 10.2033948898315 6.42517805099487 5.19950819015503 3.97444534301758 2.95083117485046 2.30202865600586 2.01550269126892 1.85793030261993 1.72388195991516 1.55257701873779 1.16659212112427 0.650630950927734 0.00949306134134531 -0.893239617347717 -2.01849699020386 -2.89741063117981 -3.3083598613739 -3.59202408790588 -3.7852783203125 -3.92783164978027 -4.09625625610352 -3.09739327430725 6.75734758377075 9.1762113571167 13.4680252075195 11.305718421936 8.22010040283203 3.61792826652527 2.42913246154785 2.29289317131042 2.19614028930664 6.58544778823853 5.66054058074951 3.2922477722168 1.9332150220871 1.32407164573669 0.34136039018631 -0.48179218173027 -0.535192012786865 -0.593479216098785 0.439855545759201 0.234738633036613 1.47150015830994 8.57057857513428
5.90917491912842 5.54099369049072 4.4173264503479 3.77785301208496 2.69568133354187 2.56367444992065 2.26038718223572 2.02106380462646 1.90304052829742 1.80878961086273 1.64445412158966 1.33802759647369 0.947160184383392 0.343993604183197 -0.573097705841064 -1.82920432090759 -2.6541109085083 -3.06276750564575 -3.44770002365112 -3.71406602859497 -3.82924389839172 -3.98041605949402 -2.63186836242676 7.60840654373169 11.2017545700073 11.2132682800293 9.80679893493652 7.81820583343506 3.75423645973206 2.22796368598938 3.76663208007812 10.7840995788574 10.0349597930908 6.69273090362549 4.62153625488281 2.06939268112183 1.10607957839966 -0.114040814340115 -0.869337201118469 -0.882585465908051 -0.976934552192688 -0.991560757160187 1.99284625053406 4.42493057250977 12.4514141082764
3.02573108673096 3.30456042289734 2.87030911445618 2.69737124443054 2.58972001075745 3.19786190986633 2.4138400554657 2.1573657989502 1.83212232589722 1.66936802864075 1.5630316734314 1.36998248100281 1.04990696907043 0.475194007158279 -0.394838809967041 -1.40208077430725 -2.44016814231873 -2.9951069355011 -3.31274461746216 -3.59093046188354 -3.74180912971497 -3.88613247871399 -3.97351765632629 5.23452472686768 15.4349641799927 12.7762203216553 10.692798614502 8.64712619781494 3.14595913887024 1.58045923709869 3.46264576911926 17.3296546936035 10.3763980865479 6.89178895950317 4.81100034713745 1.55240619182587 0.488345563411713 -0.311660617589951 -1.05106723308563 -1.34061765670776 1.09171462059021 -0.546139061450958 4.34040498733521 7.12229919433594 13.9359674453735
3.48608255386353 3.14998626708984 2.89988732337952 2.76738858222961 2.43555402755737 3.47469091415405 2.23804807662964 2.01956009864807 1.72902023792267 1.59742188453674 1.44008016586304 1.29212737083435 1.04230499267578 0.445569038391113 -0.465910226106644 -1.35409772396088 -2.25901174545288 -2.8087637424469 -3.10409569740295 -3.46134161949158 -3.58059692382812 -3.57842993736267 -2.81823801994324 3.02860522270203 13.6192407608032 9.43495750427246 7.78762531280518 6.48287200927734 2.59718871116638 1.18175768852234 3.38026762008667 13.3981103897095 8.19492244720459 5.71281480789185 4.03336048126221 1.5468658208847 0.5980144739151 -0.508813679218292 -1.2706812620163 -1.57578325271606 -1.5955137014389 3.90050363540649 5.83520793914795 9.00766944885254 12.6650352478027
3.19768500328064 3.0333936214447 2.934889793396 2.84214353561401 2.7638840675354 3.4142849445343 2.45965123176575 2.20901036262512 1.9739533662796 1.78261029720306 1.61733484268188 1.45025837421417 1.25169372558594 0.810461521148682 0.0851460546255112 -0.885694980621338 -1.82345807552338 -2.54363131523132 -2.84402179718018 -3.13918733596802 -3.32816767692566 -3.42763376235962 -1.81510269641876 4.55868721008301 13.886492729187 8.69991016387939 3.75578474998474 2.01931500434875 7.89745664596558 3.54141688346863 3.26729488372803 2.48358726501465 7.383704662323 5.1659574508667 3.00561952590942 1.30868685245514 0.35261595249176 -0.412103742361069 -0.829439401626587 -1.12096452713013 -1.27143895626068 8.40191268920898 7.51819896697998 8.54300785064697 8.05645561218262
3.63137221336365 3.7504460811615 3.53997445106506 3.34366106987 3.09589719772339 3.04987907409668 2.62746000289917 2.33824181556702 2.12180781364441 1.94830513000488 1.76775729656219 1.59338867664337 1.44771933555603 1.0192084312439 0.535423457622528 -0.254517883062363 -1.21262681484222 -2.09551095962524 -2.59530186653137 -2.870525598526 -3.06173586845398 -1.90784072875977 -1.38491988182068 3.27968525886536 9.57705783843994 6.93800973892212 2.57048225402832 -0.674982726573944 5.08268404006958 10.3367013931274 6.27561902999878 3.89305901527405 3.40715909004211 4.46479654312134 1.32078838348389 0.272136747837067 -0.146841511130333 -0.538384735584259 -1.02755391597748 -1.09814846515656 0.929288685321808 4.2499098777771 7.48229360580444 7.21692991256714 6.75588369369507
3.43901705741882 3.84363651275635 4.27837038040161 3.95556855201721 3.54489040374756 3.34738922119141 2.57488656044006 2.29964447021484 2.11615014076233 1.93654978275299 1.77914750576019 1.61971247196198 1.44255352020264 1.16359627246857 0.701674520969391 0.044743936508894 -0.779327511787415 -1.64784753322601 -2.26659059524536 -2.5598406791687 -2.79337072372437 -2.87932109832764 -1.19581973552704 3.30579924583435 9.41788864135742 7.75083541870117 4.11354351043701 1.51321804523468 -0.439193189144135 6.09033250808716 8.36886215209961 5.35222291946411 4.49199151992798 3.1751229763031 0.337374120950699 -0.167397350072861 -0.390162885189056 -0.614775419235229 -1.15456914901733 -0.892906665802002 -1.30844354629517 6.14994382858276 9.27626991271973 8.50419616699219 8.11668014526367
2.45707392692566 4.36353445053101 5.47266435623169 4.8383584022522 3.99190402030945 3.47257447242737 2.35140657424927 2.11513519287109 1.94783186912537 1.81543838977814 1.69444131851196 1.53387844562531 1.36224627494812 1.00404143333435 0.655379414558411 0.227048635482788 -0.434690475463867 -1.3361269235611 -1.98114562034607 -2.25013899803162 -2.50715136528015 -2.66291975975037 -1.67234754562378 6.83395957946777 8.63724517822266 7.0451283454895 5.90566110610962 4.11390686035156 0.99903929233551 0.341662466526031 6.70262098312378 5.23796558380127 4.08543825149536 2.59632635116577 -0.142019331455231 -0.932539820671082 -1.09106767177582 1.170285820961 1.35611295700073 0.660049378871918 0.413150995969772 4.69950389862061 11.661018371582 8.72651100158691 7.85769653320312
3.26935768127441 3.64867830276489 4.7798752784729 4.15007209777832 3.36722278594971 2.97786688804626 1.68645930290222 1.56020331382751 1.45547199249268 1.37389194965363 1.29732513427734 1.1842634677887 1.00596404075623 0.744802951812744 0.601908624172211 0.34224134683609 -0.109674878418446 -0.885851263999939 -1.61588680744171 -1.94039452075958 -2.12847447395325 -2.32856106758118 -0.501568973064423 5.17191934585571 6.21629238128662 5.71153450012207 5.07282066345215 4.1201753616333 2.61878514289856 1.01515698432922 2.73293805122375 2.71791839599609 2.09615993499756 1.28218126296997 -0.048612367361784 -1.07635724544525 -1.78583061695099 -0.384861707687378 5.5904598236084 8.10537052154541 5.74124097824097 5.11682605743408 4.74124908447266 5.71304941177368 5.32519292831421
3.0992865562439 2.96469950675964 2.88244295120239 2.63465929031372 2.46493792533875 1.74771976470947 1.25409185886383 1.16865468025208 1.08185184001923 1.02626597881317 0.966278374195099 0.894169926643372 0.764325141906738 0.551467061042786 0.450020283460617 0.315574318170547 0.0247638933360577 -0.411706864833832 -1.1286506652832 -1.65897226333618 -1.81014502048492 -1.96429300308228 0.594929099082947 0.936922788619995 4.29676294326782 3.83049964904785 3.05257081985474 2.65697383880615 3.1872673034668 1.91515445709229 1.50532782077789 1.97650074958801 1.78926920890808 1.47131812572479 0.0952798500657082 -0.547122836112976 -1.4562201499939 -0.853000283241272 1.22015178203583 3.66367077827454 5.28216457366943 5.10987043380737 4.5558819770813 6.52178335189819 3.60412979125977
2.81894659996033 2.50873589515686 2.29937744140625 1.93358886241913 2.3070285320282 0.974438309669495 0.802674412727356 0.765956282615662 0.733737528324127 0.689312696456909 0.653921723365784 0.626960813999176 0.492473840713501 0.36843478679657 0.254199683666229 0.168632760643959 0.0129589661955833 -0.257502973079681 -0.707299590110779 -1.30182349681854 -1.50322234630585 -1.62159979343414 0.948517322540283 0.772085666656494 0.0634797513484955 2.31909823417664 1.24158179759979 0.842078924179077 1.94769752025604 1.78810238838196 1.69758379459381 2.85826015472412 2.66555094718933 2.14354205131531 1.27277731895447 0.269633591175079 -0.737986505031586 -1.15990424156189 -0.53164666891098 3.88716459274292 4.46092700958252 6.52915906906128 3.9348304271698 3.44359397888184 2.11391615867615
1.788978099823 1.63559758663177 1.48223352432251 1.32024669647217 2.15505528450012 0.577414870262146 0.365912705659866 0.364250838756561 0.356562882661819 0.343078464269638 0.337244778871536 0.320786595344543 0.29576963186264 0.244659945368767 0.184925884008408 0.115228183567524 0.0511499308049679 -0.108174063265324 -0.463758647441864 -0.93368399143219 -1.24059391021729 -1.29062724113464 4.00603151321411 1.14157652854919 -0.208852604031563 -0.547078132629395 -1.19457721710205 -0.952996730804443 0.278136789798737 1.15026783943176 1.89104318618774 2.78896570205688 2.93593883514404 2.70990419387817 2.43003129959106 1.77813994884491 0.899215161800385 0.528354406356812 0.413859814405441 1.03389644622803 1.37513113021851 3.91072869300842 1.46569836139679 1.39027166366577 0.892667651176453
0.987465620040894 0.868382930755615 1.02579843997955 1.45668840408325 1.62397515773773 0.413219273090363 0.213727504014969 0.288258880376816 0.231596797704697 0.195531293749809 0.180456444621086 0.190288364887238 0.169746279716492 0.160359039902687 0.172174885869026 0.085197314620018 0.0342431478202343 -0.0353468544781208 -0.192270457744598 -0.489598959684372 -0.810893774032593 -0.840336561203003 -0.174756675958633 -0.988366484642029 -1.07319569587708 -1.14497005939484 -1.23358070850372 -1.26540446281433 0.409408241510391 0.822107136249542 1.54380905628204 2.68932271003723 3.04540133476257 2.9577853679657 2.66658020019531 2.32956027984619 2.03836417198181 1.81887984275818 1.70624244213104 1.61857712268829 1.54063546657562 1.45946097373962 1.24581015110016 1.27775764465332 1.26201128959656
