slauniainen/Data/DEM/Vihti_dem1500b_cl_horizonAngle_282.asc
NCOLS 196 
NROWS 178 
XLLCORNER 353680 
YLLCORNER 6699024 
CELLSIZE 16 
NODATA_value -3.4e+38 
[rows 80 to 99 of 178, columns 90 to 134 of 196]
1.15125584602356 1.0907609462738 1.03241455554962 0.99801641702652 1.26616561412811 0.925540328025818 0.872827053070068 0.782981157302856 0.438828378915787 -0.0386542193591595 -0.49678698182106 -0.790596008300781 -0.889935851097107 -0.978652060031891 1.66741764545441 3.00443983078003 3.71922636032104 2.98084902763367 3.54247236251831 4.51214408874512 4.79045248031616 5.29881906509399 5.90465879440308 5.33902931213379 4.23207378387451 3.7370936870575 2.94011306762695 2.39423131942749 2.20866250991821 1.94079482555389 1.54569673538208 1.44350326061249 1.27696561813354 0.727363109588623 -0.137603342533112 -0.586904644966125 -0.706357657909393 0.942207932472229 1.57345962524414 2.86989569664001 4.56345510482788 6.32405233383179 7.2724814414978 8.45246887207031 9.61910629272461
1.0455527305603 0.991839349269867 0.948736488819122 0.942237138748169 0.957904994487762 0.98459780216217 0.911570072174072 0.845820367336273 0.511012732982635 0.167150422930717 -0.0517503805458546 -0.250602930784225 -0.35844561457634 -0.429646372795105 1.95811998844147 2.35611915588379 2.67826175689697 2.56567811965942 2.54752779006958 3.29149794578552 3.46546292304993 2.98462295532227 3.3926420211792 3.36971068382263 2.69652223587036 2.26394891738892 1.54481339454651 1.06286883354187 0.869260668754578 0.578103601932526 0.578240096569061 0.716702997684479 0.52060729265213 0.254817366600037 -0.385511487722397 -0.481444209814072 -0.282642036676407 0.96591579914093 3.73801970481873 5.22507953643799 5.04823112487793 4.90656232833862 5.50865030288696 5.8843092918396 6.73483753204346
0.917402446269989 0.892349481582642 0.84894996881485 0.842143535614014 0.868631780147552 1.01906597614288 0.848202049732208 0.791675984859467 0.564236402511597 0.216277897357941 0.128441348671913 0.0813039839267731 0.0251349527388811 -0.0301221385598183 0.627225875854492 0.487809240818024 0.63019323348999 0.613900899887085 1.12801516056061 1.5806337594986 1.57779347896576 0.872474730014801 0.925133883953094 0.805658876895905 0.983483970165253 1.04713904857635 0.33342507481575 -0.43853035569191 -0.588205754756927 -0.614132523536682 -0.692705869674683 -0.623258054256439 -0.554321467876434 -0.55964469909668 -0.752346515655518 -0.586268842220306 0.289761483669281 2.10234451293945 5.01032018661499 5.98371362686157 5.26035165786743 3.53468775749207 2.16455006599426 4.39614200592041 4.71322965621948
1.15421414375305 0.667777419090271 0.633228242397308 0.646137952804565 0.757094979286194 0.768486797809601 0.761409223079681 0.702430248260498 0.680928409099579 0.405039489269257 0.232821270823479 0.71043986082077 0.670638501644135 1.14728248119354 0.207729190587997 -0.102992236614227 -0.201073601841927 -0.256169825792313 -0.317417979240417 -0.347989529371262 -0.247384250164032 -0.461497277021408 -0.531852245330811 -0.231297075748444 -0.188837692141533 -0.281843364238739 -0.737031042575836 -1.45246529579163 -1.62813019752502 -2.39991068840027 -2.54846405982971 -2.48953866958618 2.29210805892944 3.75262236595154 2.92295455932617 1.01301634311676 -0.125333771109581 5.98412227630615 5.43549203872681 6.12425374984741 5.31015586853027 4.03926277160645 2.02857542037964 2.69682478904724 3.45272707939148
4.1386570930481 0.741082310676575 0.585519731044769 0.480418056249619 0.55021059513092 0.569703042507172 1.01259303092957 0.539533257484436 0.537304103374481 0.57333379983902 0.473104625940323 0.38388979434967 0.300812274217606 1.45389366149902 0.298775196075439 0.0782699212431908 -0.102324575185776 -0.131637841463089 -0.177963674068451 -0.227670162916183 -0.302952796220779 -0.385259181261063 -0.465855807065964 -0.561464071273804 -0.634818017482758 -0.808591365814209 -1.03697681427002 -1.36864745616913 -1.77204430103302 -2.55941653251648 -2.87351584434509 -2.97649168968201 4.46376466751099 11.4151210784912 10.4506740570068 5.853431224823 2.27895474433899 3.82263898849487 9.45489692687988 7.52168989181519 5.86401891708374 4.61426639556885 3.10265946388245 2.87294125556946 2.98441791534424
5.99232387542725 2.48295927047729 1.88089668750763 1.54563236236572 1.37442553043365 1.19395411014557 0.905238926410675 0.415711611509323 0.384009063243866 0.421213775873184 0.357456266880035 0.287566035985947 0.238953813910484 0.20464488863945 0.121408723294735 -0.0735137909650803 -0.102024160325527 -0.122286856174469 -0.221800789237022 -0.244323804974556 -0.332122474908829 -0.415760308504105 -0.435998469591141 -0.512795388698578 -0.58947217464447 -0.753166973590851 -1.06432640552521 -1.41600179672241 -1.73171579837799 -2.43767809867859 -2.87011098861694 -2.69045400619507 -0.646381676197052 11.5050001144409 13.9521551132202 10.409252166748 7.37507009506226 6.42725944519043 7.1561918258667 7.48982572555542 6.91449880599976 5.33259439468384 3.49890112876892 2.80847096443176 3.11617136001587
6.0043625831604 3.62675786018372 2.7322883605957 2.21308255195618 1.89619791507721 1.68177306652069 1.12209725379944 1.07647931575775 0.899517714977264 0.650221765041351 0.265741497278214 0.22136589884758 0.177947402000427 0.0782105922698975 -0.162009358406067 -0.42443123459816 -0.456161737442017 -0.410303115844727 -0.440117418766022 -0.23942406475544 -0.450961172580719 -0.492284953594208 -0.498156577348709 -0.577123999595642 -0.63973081111908 -0.757310390472412 -1.02727270126343 -1.46072268486023 -1.69899320602417 -2.00714015960693 -2.39033699035645 -2.49957275390625 -1.0624258518219 4.45616245269775 9.68537902832031 11.4985961914062 9.97173118591309 8.98620510101318 8.1352481842041 7.41418981552124 6.03351354598999 5.41388511657715 4.61004495620728 3.9857714176178 3.10079383850098
5.00947523117065 3.63232946395874 2.73312783241272 2.1763026714325 1.86973559856415 1.66137254238129 1.45407164096832 1.38645958900452 1.22960257530212 1.02567422389984 0.614079296588898 0.493366599082947 0.408025801181793 -0.0988402888178825 -0.437173008918762 -0.668231844902039 -0.739815175533295 -0.709860861301422 -0.703410863876343 1.19368970394135 0.782431483268738 -0.287084102630615 -0.635255336761475 -0.666017472743988 -0.732112526893616 -0.818229138851166 -0.971382260322571 -1.26753401756287 -1.53642475605011 -1.75082063674927 -1.30192506313324 -0.694294631481171 -0.565295398235321 1.9070360660553 3.47379112243652 7.53796195983887 8.86479377746582 7.60461807250977 6.72955226898193 6.50563478469849 6.71100902557373 5.93474912643433 5.26108503341675 4.60573816299438 3.82807493209839
4.08329296112061 3.12290334701538 2.48918509483337 2.06608986854553 1.80025339126587 1.55009782314301 1.430619597435 1.3329656124115 1.25067031383514 1.06733059883118 0.92270702123642 0.803138613700867 0.688606381416321 -0.364024698734283 -0.758228302001953 -1.05606198310852 -1.19675552845001 0.0972618013620377 3.17994046211243 3.05256628990173 2.38080763816833 1.08102238178253 -0.78314208984375 -0.8106449842453 -0.89603054523468 -0.983437478542328 -1.05007266998291 -1.14663398265839 -1.33304798603058 -1.52380454540253 -1.25222027301788 -0.826102793216705 -1.5882134437561 -2.08742332458496 -0.451957911252975 1.78396344184875 4.73519706726074 5.13107538223267 4.77369689941406 4.47419214248657 4.87035894393921 4.78291606903076 4.35750722885132 4.56818199157715 4.49636745452881
4.4373083114624 3.38534545898438 2.70201897621155 2.23773741722107 1.91075813770294 1.51792395114899 1.41529643535614 1.3277233839035 1.2661200761795 1.09849214553833 0.952869892120361 0.85496973991394 0.381852120161057 -1.05683088302612 -1.57629430294037 -1.69466197490692 -1.80963432788849 1.5569816827774 8.70262050628662 7.29238986968994 4.99666452407837 3.86092710494995 1.52324450016022 -0.129174217581749 -0.69795560836792 -1.10495138168335 -0.823459208011627 -0.066430389881134 -0.41410031914711 -1.06126415729523 -1.19656789302826 -1.60051965713501 -1.74439895153046 -1.87025392055511 -1.51640224456787 0.111856527626514 2.00879502296448 1.95286023616791 2.18288254737854 4.10479116439819 4.91574764251709 3.92651414871216 3.6378288269043 3.40062284469604 3.82330203056335
5.12773847579956 3.70929002761841 2.96313571929932 2.4539098739624 2.11185884475708 1.63186073303223 1.49699664115906 1.40593564510345 1.33720803260803 1.12068951129913 1.00044131278992 0.903798639774323 0.516236007213593 -1.06042337417603 -1.87897396087646 -2.15879821777344 -2.26044321060181 1.6746951341629 2.330322265625 12.7001924514771 9.8174409866333 6.0235743522644 6.80195999145508 4.21776580810547 1.88817238807678 0.362106680870056 -0.0820441767573357 -0.0893114805221558 -0.252599239349365 -0.104033410549164 -0.345598161220551 -0.810577392578125 -1.52690529823303 -1.77049386501312 -1.89350271224976 0.000300528336083516 0.104856945574284 0.0334956534206867 -0.248065620660782 5.62398672103882 7.59477043151855 7.2956018447876 4.73766851425171 3.98522901535034 3.6121997833252
5.84514427185059 3.9817955493927 3.19929790496826 2.65298581123352 2.26924967765808 1.78440392017365 1.65623545646667 1.54640018939972 1.43802857398987 1.20465481281281 1.10598063468933 1.00842750072479 0.848741054534912 -0.885740101337433 -1.87798869609833 -2.37942624092102 -2.56275272369385 1.40223097801208 2.81543064117432 7.89389133453369 8.67852592468262 7.21317911148071 7.99843311309814 7.57716035842896 5.32464456558228 4.02666568756104 2.34178400039673 1.39757895469666 1.00028657913208 0.211386352777481 -0.129881381988525 -0.414421677589417 -1.17094767093658 -1.83855319023132 1.78011202812195 2.0686206817627 1.24905729293823 -0.155372768640518 0.207172393798828 4.98541212081909 6.85677146911621 10.0640840530396 7.38913774490356 6.08047199249268 5.36770009994507
5.03426885604858 4.00495052337646 3.2407078742981 2.71930527687073 2.34561800956726 1.94461596012115 1.76998329162598 1.63347852230072 1.53785359859467 1.34619653224945 1.25582134723663 1.16479730606079 1.06152880191803 0.0287769809365273 -1.69460475444794 -2.34565734863281 -2.64685726165771 -2.688969373703 3.28725552558899 4.42647838592529 5.01268815994263 10.7244777679443 8.63930130004883 7.61535835266113 7.16608953475952 5.33779239654541 4.64245796203613 3.61242413520813 2.90222954750061 2.6731595993042 1.50219416618347 0.783951103687286 0.363834768533707 -0.677904546260834 -1.73012340068817 2.64187383651733 2.53326344490051 4.88691759109497 4.66114330291748 6.98756790161133 6.86517429351807 8.31509399414062 8.49338150024414 7.36875772476196 6.27894973754883
4.38447189331055 3.51165699958801 2.89972615242004 2.43438935279846 2.21588778495789 2.0062050819397 1.84007668495178 1.70373201370239 1.57075262069702 1.4238703250885 1.34183061122894 1.24442720413208 1.15776419639587 0.546461641788483 -1.34498381614685 -2.13666868209839 -2.53365707397461 -2.69941067695618 -0.723060071468353 -0.746087670326233 4.77830171585083 11.5865116119385 10.5511503219604 8.61909866333008 6.64056396484375 5.72605752944946 4.60195636749268 4.4145827293396 5.0551700592041 4.43286752700806 3.16197299957275 2.27842378616333 1.75008833408356 1.16225850582123 0.381326109170914 -0.966153144836426 1.51709485054016 9.53417682647705 9.44262790679932 8.68391895294189 6.97189569473267 7.25195026397705 6.84087228775024 6.59190893173218 6.21655988693237
3.07292699813843 2.39587950706482 2.15237879753113 1.91262757778168 1.96599221229553 1.76361739635468 1.6208678483963 1.53191733360291 1.56470954418182 1.48572969436646 1.40778076648712 1.31274211406708 1.21709680557251 0.885924518108368 -0.876017570495605 -1.87300252914429 -2.33358502388 -2.62285161018372 -2.72215366363525 -2.79994511604309 4.12338256835938 8.9374303817749 14.8736400604248 11.7822666168213 8.0832691192627 6.88462781906128 5.40183353424072 4.65745067596436 7.37760496139526 6.86933469772339 4.9508056640625 3.61782598495483 2.72136640548706 2.03436803817749 1.27516031265259 -0.123361624777317 2.42785286903381 12.5305318832397 12.2713317871094 10.4655618667603 8.27982330322266 7.48040246963501 6.79843521118164 6.48827505111694 5.86872005462646
2.26027011871338 1.9385552406311 1.94624197483063 1.92714810371399 1.80704939365387 1.68955993652344 1.57381796836853 1.50499558448792 1.4085967540741 1.36992001533508 1.31827139854431 1.25810194015503 1.09848940372467 1.05711913108826 0.0505536422133446 -1.65794670581818 -2.17212200164795 -2.47417974472046 -2.58690118789673 -2.7606954574585 3.68131566047668 2.74118375778198 16.8666667938232 13.150785446167 8.93811321258545 8.0517635345459 7.01648855209351 6.34908723831177 5.5109281539917 5.16361474990845 5.77135276794434 4.56072473526001 3.37932586669922 2.6753363609314 1.78768932819366 0.578185200691223 3.19485235214233 12.3325424194336 12.1283912658691 11.0463104248047 9.44281959533691 8.06744003295898 7.12210750579834 6.76326513290405 5.92303943634033
2.0154721736908 1.72079920768738 1.64051425457001 1.50781106948853 1.40675938129425 1.31583154201508 1.27129828929901 1.39866518974304 1.40316319465637 1.37265312671661 1.32801687717438 1.26698291301727 1.20647180080414 1.11418485641479 0.772014021873474 -0.894942998886108 -1.9652316570282 -2.30579614639282 -2.43182754516602 -2.55834770202637 -0.361312210559845 0.234615176916122 9.74252605438232 12.300311088562 10.8873872756958 9.82563781738281 8.77563381195068 8.12724590301514 7.19418144226074 5.96717119216919 5.68968057632446 5.46714401245117 4.22359085083008 3.4051718711853 2.40057373046875 1.33608794212341 1.12110686302185 12.1811456680298 11.6013240814209 10.7692308425903 9.30660533905029 7.72449016571045 6.86814403533936 6.5615291595459 6.44161653518677
1.35954332351685 1.42287659645081 1.48040366172791 1.33468496799469 1.21763515472412 1.15893542766571 1.11798703670502 1.06862270832062 1.0909276008606 1.0592954158783 1.04584455490112 1.05359876155853 1.15222370624542 1.12889266014099 1.03987801074982 0.00268973666243255 -1.48476529121399 -2.06637668609619 -2.12366580963135 -0.371038019657135 0.858632385730743 1.93317604064941 5.66938734054565 8.05332183837891 11.4480876922607 10.4362163543701 9.5217113494873 8.9858226776123 8.34924793243408 7.53224945068359 6.65047788619995 6.28101682662964 5.96331310272217 4.23639822006226 2.91880869865417 1.98494911193848 1.54396831989288 8.91524600982666 12.7555084228516 10.8857517242432 9.07046890258789 7.49317502975464 6.62384939193726 6.54267930984497 6.42218828201294
1.12700116634369 1.03160750865936 1.02254486083984 0.945492029190063 0.856593072414398 0.955375730991364 1.00199544429779 0.934091746807098 0.882662296295166 0.836392462253571 0.872555732727051 0.870397388935089 0.889991700649261 0.894555330276489 0.842978060245514 0.48787984251976 -0.611872017383575 -1.36964440345764 -1.60702860355377 0.431796371936798 4.60933828353882 6.04168176651001 5.77248620986938 7.48592758178711 10.1226005554199 10.662880897522 10.3403177261353 9.23502445220947 8.79951190948486 8.66314792633057 8.18188190460205 7.70890283584595 6.99347877502441 5.04072761535645 3.21924233436584 2.24976992607117 2.0807204246521 5.7043662071228 11.6103162765503 10.051043510437 8.35181331634521 6.97877836227417 6.45889616012573 6.35813808441162 6.55899715423584
1.21816802024841 1.11583995819092 0.93416827917099 0.840774059295654 0.778357267379761 0.736262381076813 0.700371205806732 0.670393884181976 0.678654253482819 0.64590859413147 0.70644611120224 0.756739854812622 0.750234186649323 0.71143764257431 0.667392194271088 0.566029191017151 -0.0138455340638757 -0.515866637229919 -0.885860562324524 -1.00620865821838 3.85367393493652 6.4750771522522 5.77063035964966 5.38657712936401 7.35176181793213 9.7669153213501 10.753212928772 10.3832092285156 10.5808897018433 9.48640727996826 9.25224781036377 8.74070644378662 7.26828479766846 5.35267066955566 3.619380235672 2.85907363891602 3.01005291938782 2.96360445022583 7.29929685592651 9.252028465271 6.82932710647583 5.69221639633179 5.7093243598938 5.93139410018921 6.50350570678711
