slauniainen/Data/DEM/Vihti_dem1500b_cl_horizonAngle_72.asc
NCOLS 196 
NROWS 178 
XLLCORNER 353680 
YLLCORNER 6699024 
CELLSIZE 16 
NODATA_value -3.4e+38 
[rows 40 to 59 of 178, columns 45 to 89 of 196]
3.09184265136719 2.87898302078247 3.99569582939148 2.93340396881104 2.73023056983948 2.56339287757874 2.51630616188049 2.40754961967468 1.9719250202179 1.70876634120941 2.87901282310486 1.09454131126404 0.695535898208618 0.700713813304901 0.724505126476288 0.951191067695618 1.87848925590515 0.982481062412262 0.667886435985565 0.684320867061615 0.670034945011139 0.707603633403778 0.7550989985466 0.776757180690765 0.806972980499268 0.865287899971008 0.929890513420105 1.01193940639496 1.10592305660248 1.28164100646973 1.52981555461884 1.85414969921112 2.31165909767151 2.45136785507202 2.47214126586914 2.56698346138 2.57638478279114 3.13806247711182 1.73849761486053 2.11922979354858 2.33433222770691 2.39341950416565 2.88857793807983 2.90788531303406 2.19649577140808
2.18815565109253 2.2645058631897 2.09068322181702 1.54189395904541 0.95274555683136 0.860715687274933 0.938881576061249 1.01012778282166 1.20820033550262 1.4538813829422 3.09036493301392 0.942494750022888 0.651703596115112 0.65700501203537 0.787424743175507 1.64984047412872 1.39402604103088 0.619734287261963 0.632320463657379 0.659215092658997 0.685880124568939 0.714042663574219 0.766446232795715 0.807024419307709 0.864218175411224 0.909734904766083 0.996638298034668 1.08623218536377 1.1362042427063 1.21064937114716 1.36779820919037 1.421830534935 1.60596692562103 2.07933497428894 2.50309729576111 2.53369283676147 2.62111496925354 2.23803210258484 2.87852215766907 2.11666893959045 2.69837856292725 2.78659296035767 2.74807643890381 3.17498350143433 3.2266628742218
1.24830317497253 0.80348527431488 0.651257276535034 0.658917725086212 0.713563203811646 0.803300559520721 0.929176867008209 1.21827566623688 1.30099236965179 1.3304830789566 2.11833262443542 0.98768413066864 0.642191052436829 0.683674693107605 0.850798010826111 1.45892715454102 0.898429393768311 0.700429201126099 0.76053911447525 0.933749318122864 0.82186895608902 0.943179249763489 0.971499264240265 0.882011771202087 0.913932263851166 0.945144474506378 0.933241546154022 0.959705114364624 0.999375700950623 1.13852751255035 1.27733552455902 1.30671858787537 1.46007239818573 1.69621086120605 2.00258326530457 2.47232103347778 2.54549288749695 2.67949080467224 2.49656677246094 3.19922375679016 2.53788161277771 3.00857067108154 3.2563624382019 3.33133983612061 3.91892743110657
0.627665996551514 0.645499467849731 0.656987845897675 0.689221560955048 0.844036281108856 0.957160651683807 1.08606886863708 1.12651062011719 1.22104597091675 1.40441000461578 1.5176602602005 0.954963266849518 0.719921946525574 0.80663013458252 1.0943683385849 1.34466075897217 1.07218194007874 0.728897631168365 0.721620559692383 0.762956023216248 0.766337037086487 0.791078805923462 0.808535277843475 0.837844669818878 0.852129697799683 0.885553956031799 0.966041147708893 1.04719090461731 1.05151259899139 1.13026511669159 1.24057066440582 1.37223815917969 1.51714146137238 1.63511574268341 1.91074478626251 2.23666977882385 2.51563096046448 2.57338619232178 2.69164085388184 3.01354908943176 3.1032178401947 3.1315712928772 3.74669551849365 3.95587062835693 4.24094343185425
0.631870329380035 0.64491868019104 0.67645275592804 0.770601332187653 0.847316205501556 0.932440221309662 1.23618161678314 0.919737339019775 0.795694172382355 0.861085414886475 0.738556206226349 1.28132104873657 0.599636018276215 0.692753255367279 0.688816845417023 0.669345438480377 0.667894124984741 0.686597287654877 0.699985444545746 0.705412566661835 0.734481930732727 0.76766574382782 0.832780599594116 0.889127731323242 0.935705065727234 0.97256726026535 0.990820169448853 1.04652452468872 1.15444147586823 1.24117982387543 1.25410437583923 1.39324963092804 1.60246312618256 1.67229163646698 1.82701444625854 2.19915843009949 2.67858719825745 2.87186908721924 2.9472987651825 3.28084206581116 3.52438545227051 3.58853960037231 3.94329953193665 4.18176698684692 4.30741930007935
0.640068471431732 1.76228857040405 1.64723348617554 1.07900130748749 1.32046520709991 0.953174233436584 0.50949639081955 0.50991278886795 0.506727635860443 0.518748104572296 0.560936748981476 0.634949386119843 0.593921184539795 0.625685751438141 0.646187961101532 0.724753677845001 0.643551230430603 0.666760325431824 0.696257174015045 0.746145129203796 0.795767605304718 0.834794819355011 0.872132003307343 0.917026937007904 1.00082778930664 1.0426641702652 1.08343493938446 1.08600890636444 1.17604315280914 1.28055930137634 1.31261610984802 1.44552719593048 1.61334657669067 1.88946068286896 2.02814960479736 2.21702861785889 2.71112370491028 3.0656533241272 3.2514214515686 3.44652771949768 3.62060952186584 3.86866593360901 4.34141874313354 4.66215038299561 4.99317836761475
0.547235369682312 3.22752094268799 1.33160614967346 0.447242438793182 0.454179584980011 0.454408913850784 0.458903819322586 0.470225185155869 0.496201545000076 0.500917553901672 0.512487828731537 0.528587758541107 0.562986016273499 0.605280578136444 0.620428144931793 0.63487046957016 0.681167423725128 0.740907430648804 0.753952920436859 0.786943674087524 0.82925945520401 0.900856375694275 0.926214814186096 0.967370271682739 1.02935171127319 1.09968221187592 1.13724458217621 1.17245972156525 1.37147223949432 1.27875280380249 1.508917927742 1.65764939785004 1.70019900798798 1.95664000511169 2.11502861976624 2.28244709968567 2.57083821296692 2.97380709648132 3.32398796081543 3.76918911933899 3.96568560600281 4.17707490921021 5.61607217788696 6.09947061538696 6.87628650665283
2.21933603286743 4.34249639511108 0.718621134757996 0.425591647624969 0.429941862821579 0.439008235931396 0.440573871135712 0.447894662618637 0.482426106929779 0.50093799829483 0.530029118061066 0.546647787094116 0.548351526260376 0.60932993888855 0.661829948425293 0.688440322875977 0.71220874786377 0.76215386390686 0.818541347980499 0.842889726161957 0.87145608663559 0.930589914321899 0.999409675598145 1.03570938110352 1.07270646095276 1.14655363559723 1.28478288650513 1.33679664134979 1.39189827442169 1.3965060710907 1.61255693435669 1.71768271923065 1.805992603302 1.94014573097229 2.13557696342468 2.33603811264038 2.57426333427429 2.8759913444519 3.47243165969849 4.37355279922485 4.74420690536499 5.14333915710449 6.06328916549683 6.88382387161255 7.5112190246582
4.06574440002441 3.12584567070007 0.445292055606842 0.413695961236954 0.409409642219543 0.417567014694214 0.435994416475296 0.473937600851059 0.501906931400299 0.51823228597641 0.554033815860748 0.606374204158783 0.634772121906281 0.650120317935944 0.666530132293701 0.730963706970215 0.765801429748535 0.790519237518311 0.839426040649414 0.910627543926239 0.94151371717453 0.962029457092285 1.03393888473511 1.18678152561188 1.2085428237915 1.23781192302704 1.3489933013916 1.52052116394043 1.45283329486847 1.51526260375977 1.63723206520081 1.72767674922943 1.88764786720276 2.03154754638672 2.11761212348938 2.51438450813293 2.8468005657196 3.14330363273621 3.55726051330566 4.20095014572144 4.85762214660645 5.39600801467896 6.00942993164062 6.82321166992188 7.43069267272949
5.76207304000854 1.2390763759613 0.462940156459808 0.4102922976017 0.431128442287445 0.44082322716713 0.45618349313736 0.500490605831146 0.54762202501297 0.581056773662567 0.599840879440308 0.628396987915039 0.698895990848541 0.721324563026428 0.731831252574921 0.762766659259796 0.821890354156494 0.858785212039948 0.879916131496429 0.928772151470184 1.07562410831451 1.09370136260986 1.12709808349609 1.23357379436493 1.31008863449097 1.32933878898621 1.3655914068222 1.47119569778442 1.53285479545593 1.61339688301086 1.68359732627869 1.74049139022827 2.08205127716064 2.20645022392273 2.3063588142395 2.49053001403809 2.77465772628784 3.0679304599762 3.42401456832886 3.79246926307678 4.46181058883667 5.25746965408325 5.74451351165771 6.64697647094727 7.25542783737183
4.56377744674683 0.863311529159546 0.426799416542053 0.428161829710007 0.454658389091492 0.490677416324615 0.521034181118011 0.542273819446564 0.564170598983765 0.631510734558105 0.660871207714081 0.677528262138367 0.708833515644073 0.770926654338837 0.806889951229095 0.825896978378296 0.868412256240845 0.989598393440247 1.00751507282257 1.03275203704834 1.10704922676086 1.18520963191986 1.21888816356659 1.2474000453949 1.32692503929138 1.41399347782135 1.45888555049896 1.47650527954102 1.67389798164368 1.77798521518707 1.80067837238312 1.89473259449005 2.05079531669617 2.15832233428955 2.27092289924622 2.45495343208313 2.54545307159424 2.83067321777344 3.16434645652771 3.50151681900024 4.39861059188843 5.13562631607056 6.1194429397583 7.162682056427 7.85999536514282
3.80944728851318 1.29390954971313 0.645411908626556 0.477683275938034 0.478261649608612 0.509640216827393 0.572646915912628 0.599888920783997 0.62036257982254 0.651931762695312 0.704019010066986 0.744239091873169 0.760071218013763 0.787340760231018 0.911059677600861 0.936486601829529 0.985876381397247 1.036008477211 1.10348045825958 1.14692139625549 1.17533707618713 1.22336089611053 1.29096794128418 1.3309234380722 1.35269951820374 1.52925336360931 1.58724141120911 1.60480344295502 1.63865888118744 1.67612624168396 1.7303169965744 1.87567663192749 1.99434721469879 2.03493428230286 2.26749277114868 2.40132117271423 2.57742309570312 2.98055601119995 3.36001706123352 3.72535181045532 4.41609239578247 5.13620471954346 6.10645055770874 6.78166675567627 7.32050800323486
2.95410180091858 3.07308006286621 1.09690368175507 0.532717049121857 0.541914463043213 0.568439722061157 0.592816412448883 0.651609838008881 0.68535840511322 0.702714264392853 0.725248038768768 0.835611164569855 0.854728579521179 0.878901720046997 0.948617517948151 1.03245031833649 1.47139096260071 1.06215333938599 1.13461339473724 1.23221015930176 1.29234266281128 1.3141154050827 1.43623542785645 1.44322657585144 1.46644306182861 1.50045597553253 1.50099730491638 1.53061413764954 1.65778422355652 1.62751662731171 1.8367565870285 1.97782123088837 2.02392792701721 2.12294960021973 2.31250810623169 2.55802440643311 2.74672484397888 3.0235698223114 3.34643650054932 3.73378801345825 4.1203408241272 4.72060108184814 5.48778867721558 6.64040946960449 7.57895231246948
2.50781083106995 2.26251006126404 2.53452301025391 1.60236799716949 0.627615213394165 0.65350729227066 0.659621000289917 0.683010578155518 0.777739226818085 0.789259016513824 0.805270850658417 0.868661403656006 0.928240537643433 0.966293036937714 0.997186660766602 1.81570315361023 1.11120820045471 1.1399337053299 1.19280624389648 1.33173644542694 1.37387466430664 1.42733561992645 1.45540153980255 1.60067534446716 1.43931674957275 1.47014760971069 1.48989534378052 1.6815859079361 1.74152553081512 1.76491785049438 1.85201144218445 1.97997558116913 2.09843111038208 2.28077602386475 2.40279674530029 2.55631136894226 2.79263663291931 2.99212121963501 3.25580430030823 3.63841104507446 4.03440856933594 4.54042911529541 5.26228332519531 6.24867677688599 7.50976943969727
1.04748678207397 1.22453474998474 1.4985032081604 1.03287696838379 1.80710363388062 1.69961738586426 0.774633765220642 0.783256590366364 0.819160997867584 0.857980310916901 0.878936588764191 0.90263420343399 0.960560977458954 1.07220375537872 1.11628842353821 2.68467473983765 1.17922961711884 1.21709716320038 1.27399742603302 1.3238697052002 1.32217001914978 1.36813414096832 1.40750873088837 1.45666515827179 1.62169539928436 1.66499161720276 1.67737436294556 1.70647609233856 1.76630461215973 1.85171985626221 1.96749949455261 2.02341389656067 2.11574339866638 2.37643074989319 2.44206261634827 2.54730796813965 2.76797723770142 2.9839551448822 3.2341148853302 3.56469440460205 3.93004155158997 4.40657615661621 5.07319688796997 5.94826745986938 7.2504415512085
0.620498716831207 0.795907199382782 4.42404794692993 0.699908256530762 0.713345766067505 0.805482745170593 1.58845555782318 1.72483921051025 1.06937420368195 0.892619431018829 0.945465505123138 0.973772287368774 1.03705286979675 1.1714494228363 2.19327664375305 1.17180728912354 1.17334008216858 1.18137681484222 1.23727762699127 1.27992868423462 1.32490110397339 1.47398972511292 1.51617562770844 1.56135272979736 1.63250732421875 1.71705102920532 1.79778575897217 1.83061468601227 1.85317015647888 1.92421102523804 2.00665950775146 2.07181715965271 2.19444513320923 2.364089012146 2.44500064849854 2.55214190483093 2.72208046913147 2.93987202644348 3.18080830574036 3.48365688323975 3.8655641078949 4.30769681930542 4.99742126464844 5.80024719238281 6.86426496505737
0.457390755414963 0.668032884597778 4.31678485870361 1.10796439647675 0.736558198928833 0.778005123138428 0.832056701183319 1.00996899604797 2.08252620697021 1.83315706253052 1.05451893806458 1.06222343444824 1.14005720615387 1.54113364219666 2.14029550552368 1.12127804756165 1.14443254470825 1.19886541366577 1.34947419166565 1.37371945381165 1.41505718231201 1.47896659374237 1.5525838136673 1.62125337123871 1.68292284011841 1.74751961231232 1.83060812950134 1.86953318119049 1.94918346405029 2.03697443008423 2.07054924964905 2.1207070350647 2.23988461494446 2.29259037971497 2.44580578804016 2.55818700790405 2.69825077056885 2.87115693092346 3.10746908187866 3.43710470199585 3.86250114440918 4.26191997528076 4.74106550216675 5.69886350631714 6.61342287063599
0.227466031908989 0.507211685180664 1.67162418365479 0.731107175350189 0.77396285533905 0.810005128383636 0.832275927066803 0.941140472888947 0.996453642845154 1.09293329715729 1.21413028240204 1.07680118083954 1.30786168575287 2.56381583213806 1.12238430976868 1.20372378826141 1.25172626972198 1.29041075706482 1.33973073959351 1.41573703289032 1.45747685432434 1.50956761837006 1.54875683784485 1.65304207801819 1.71472322940826 1.76318895816803 1.82151210308075 1.87777554988861 1.93576490879059 2.02941083908081 2.17060875892639 2.22183871269226 2.2854323387146 2.32179379463196 2.40653324127197 2.5392894744873 2.66594362258911 2.93997931480408 3.14875626564026 3.41390228271484 3.92434930801392 4.33998918533325 4.82170438766479 5.44350481033325 6.42866134643555
0.160475492477417 0.422102451324463 0.716306149959564 1.49447524547577 0.827373743057251 0.854072451591492 0.861689865589142 0.895366668701172 0.906235098838806 0.974036574363708 1.01481366157532 1.08658719062805 1.91321682929993 2.24456262588501 1.20782101154327 1.21411120891571 1.29409408569336 1.34603559970856 1.37173271179199 1.4059431552887 1.49586939811707 1.54164600372314 1.57538056373596 1.64917206764221 1.72016513347626 1.7581330537796 1.78213310241699 1.90519106388092 1.97141706943512 2.05228757858276 2.13602423667908 2.23363018035889 2.29041790962219 2.33229804039001 2.46374320983887 2.60583996772766 2.74520325660706 3.0052444934845 3.26036620140076 3.50884628295898 3.81066179275513 4.42543077468872 4.86822366714478 5.41125345230103 6.41545534133911
0.081023670732975 0.402351945638657 0.729619026184082 2.17926788330078 0.834007203578949 0.802311599254608 0.848059475421906 0.86259925365448 0.888232111930847 0.999089181423187 1.03412842750549 1.08239054679871 1.14206123352051 1.31676936149597 1.70447611808777 1.28776669502258 1.3065220117569 1.37542867660522 1.41820657253265 1.4364846944809 1.49979865550995 1.55464816093445 1.6030398607254 1.65418386459351 1.73807907104492 1.7917822599411 1.82692432403564 1.87129414081573 1.9908584356308 2.06091141700745 2.15116000175476 2.27027821540833 2.33493852615356 2.3657763004303 2.5148286819458 2.69498419761658 2.82615113258362 2.99071216583252 3.36079168319702 3.6206362247467 3.92289543151855 4.41942310333252 4.85744190216064 5.40837907791138 6.25496959686279
