slauniainen/Data/DEM/Vihti_dem1500b_cl_horizonAngle_306.asc
NCOLS 196 
NROWS 178 
XLLCORNER 353680 
YLLCORNER 6699024 
CELLSIZE 16 
NODATA_value -3.4e+38 
[rows 140 to 159 of 178, columns 90 to 134 of 196]
0.185666561126709 -0.107668548822403 -0.380244135856628 -0.466706126928329 -0.476461082696915 1.22987079620361 2.07498240470886 3.39641499519348 4.19032955169678 7.2173547744751 6.79846239089966 6.22273445129395 5.36102056503296 4.23423290252686 3.5604395866394 3.26862716674805 3.41818618774414 2.1614363193512 1.16610157489777 0.329507827758789 -0.173109292984009 0.116618409752846 15.9119215011597 14.5307884216309 1.77701950073242 -1.0877251625061 -2.32914090156555 -2.99476337432861 -3.4750702381134 -3.71802377700806 -0.900640547275543 -0.668917953968048 0.192819133400917 2.32114291191101 1.27525341510773 1.44932687282562 0.550557971000671 -0.871969223022461 0.208331853151321 2.75966429710388 1.34305989742279 0.324106246232986 3.24779486656189 4.71554565429688 5.84684181213379
0.252678006887436 -0.0372176393866539 -0.270507782697678 -0.395434737205505 0.407752752304077 0.535749673843384 1.47836315631866 3.12280368804932 3.64689874649048 5.71636819839478 4.08420705795288 4.27386331558228 3.86136364936829 3.50721001625061 2.85402226448059 2.42895174026489 2.02607440948486 1.63552641868591 0.140947207808495 -0.0746766179800034 -0.100534819066525 4.46983289718628 15.9108409881592 15.7670841217041 5.1052770614624 -0.454154700040817 -1.99054050445557 -2.89256119728088 -3.44771552085876 -2.8965892791748 1.71545076370239 -0.525125324726105 0.379741966724396 2.85438776016235 3.09011459350586 1.11853218078613 0.644966065883636 -0.0121735064312816 2.71891784667969 2.90186905860901 1.98115336894989 2.17381620407104 3.47364330291748 4.31392335891724 4.72437191009521
0.364938229322433 -0.00451500806957483 -0.20663195848465 -0.235814660787582 0.186366766691208 0.656343162059784 0.48065710067749 0.197552159428596 1.22649168968201 1.91915428638458 1.93194329738617 2.48412847518921 2.69600772857666 2.53954339027405 2.23376703262329 1.68532943725586 1.14653849601746 0.392852216959 -0.462687999010086 -0.460839331150055 0.946568429470062 7.36578416824341 12.2473278045654 13.8387823104858 6.31911039352417 0.687914550304413 -1.3429764509201 -2.45698428153992 -3.1296272277832 -2.01928067207336 2.78737950325012 1.00836277008057 0.40906634926796 3.10090303421021 2.99675035476685 1.84898960590363 0.949457824230194 2.52891206741333 3.44950604438782 1.735311627388 1.15239775180817 1.99456369876862 3.35498547554016 3.52661037445068 3.70492434501648
0.561795830726624 0.222970366477966 0.105673126876354 0.531623661518097 0.335544973611832 0.0203619003295898 -0.236201822757721 -0.084623247385025 -0.302017241716385 -0.218082875013351 0.155690342187881 0.438975363969803 0.600071549415588 0.543072998523712 0.781539559364319 0.48722705245018 0.0962414294481277 -0.402100294828415 -0.705747246742249 -0.591066360473633 3.28210926055908 7.01259851455688 11.1024742126465 11.7816371917725 5.53640365600586 1.61005818843842 -0.944853186607361 -1.90154433250427 -2.85706233978271 -3.13207745552063 1.53324830532074 1.85434591770172 0.759242832660675 1.99280774593353 2.03434467315674 2.29511475563049 3.9813826084137 3.51154065132141 1.07125115394592 1.37327671051025 1.70120620727539 2.99814891815186 4.3814001083374 4.66116189956665 5.03004693984985
0.813415706157684 0.55656224489212 2.06412029266357 1.44843876361847 0.752219974994659 -0.019064774736762 -0.321676939725876 -0.436946123838425 -0.549461245536804 -0.684674739837646 -0.792266190052032 -0.957579255104065 -1.07580196857452 -1.29851377010345 -1.31551432609558 -0.699761807918549 -0.642977952957153 -0.988864004611969 -0.861757874488831 -0.398634791374207 2.01794934272766 3.92211580276489 8.99244403839111 10.4198532104492 5.49267578125 1.95526731014252 -0.871044278144836 -1.77532875537872 -2.4832136631012 -2.85825419425964 0.534629285335541 2.00223851203918 0.90690290927887 0.513228535652161 2.70010495185852 4.06260251998901 5.32292890548706 3.14296054840088 1.70444941520691 0.908977866172791 2.2422571182251 2.97651290893555 3.61803698539734 2.43292379379272 1.78263795375824
1.14379048347473 0.630252122879028 0.591734230518341 0.49619933962822 0.570355892181396 -0.0130625572055578 -0.33203661441803 -0.49717053771019 -0.706015229225159 -0.845679998397827 -1.05111038684845 -1.41478645801544 -1.89025557041168 -2.06522226333618 -2.1292576789856 -1.59029126167297 -1.37517321109772 -1.26806199550629 -0.973838150501251 -0.777355790138245 1.09996843338013 2.2613205909729 8.94684886932373 9.05546379089355 4.95876836776733 1.44093549251556 -1.18888437747955 -1.89282536506653 -2.24652314186096 -2.50465989112854 -0.151091143488884 2.22904396057129 1.6248676776886 1.60845732688904 6.40709495544434 6.36303997039795 4.03051710128784 2.9077889919281 2.10121417045593 1.48197877407074 0.824542045593262 1.15906774997711 1.79952216148376 1.5460399389267 0.941364407539368
1.68721079826355 0.938058793544769 0.702157735824585 0.504151582717896 0.345564514398575 0.0053412476554513 -0.374683290719986 -0.582630217075348 -0.927302777767181 -1.19208550453186 -1.49006628990173 -2.10964465141296 -2.47464537620544 -2.54364013671875 -2.42255401611328 -2.32275080680847 6.059739112854 0.870859444141388 0.552820384502411 0.576790153980255 2.33946776390076 4.84483003616333 10.9984331130981 8.1020975112915 3.5725679397583 -0.522826969623566 -1.40174436569214 -1.83088135719299 -2.13156700134277 -2.30953168869019 1.54218637943268 5.23548555374146 3.83274674415588 5.58606433868408 8.63223266601562 6.09072065353394 4.28888845443726 3.24349093437195 2.41700410842896 1.9302453994751 1.22874021530151 1.20484507083893 0.777965366840363 0.578486740589142 0.24018794298172
2.14615035057068 1.65488266944885 0.923807561397552 0.502320766448975 0.150187805294991 -0.102930620312691 -0.390917897224426 -0.666825890541077 -1.14285743236542 -1.41368627548218 -1.83015143871307 -2.48653316497803 -2.67066526412964 -2.64932990074158 -2.55142974853516 -0.349314391613007 4.33337545394897 10.6386251449585 6.78700065612793 4.78331995010376 4.53417110443115 7.07565784454346 7.11472082138062 4.5812463760376 2.35313034057617 -0.809812784194946 -1.48174738883972 -1.77689290046692 -2.08271598815918 -2.20740866661072 3.71304273605347 5.40611553192139 4.41107225418091 7.33737564086914 7.6944465637207 5.31575489044189 3.83419680595398 3.32038354873657 2.45829653739929 1.90386033058167 1.55766701698303 1.20610404014587 0.913304448127747 0.517374217510223 0.282737165689468
1.82620978355408 1.45756113529205 0.80217307806015 -0.143423929810524 -0.326538383960724 -0.634926974773407 -0.753901898860931 -1.03528642654419 -1.46680903434753 -1.63611447811127 -1.99272787570953 -2.44583821296692 -2.73871111869812 -2.7169623374939 -0.792537450790405 1.54124903678894 4.72982120513916 10.7151527404785 12.9116888046265 9.3589916229248 7.04796409606934 7.29924583435059 5.43684387207031 3.4698371887207 1.44010162353516 -0.840170562267303 -1.50748980045319 -1.87833476066589 -2.0818133354187 -2.03035569190979 4.2524676322937 4.10303258895874 3.14922618865967 5.4408655166626 5.44029474258423 4.88724422454834 3.27509951591492 2.59817552566528 2.40017652511597 1.74299871921539 1.63234221935272 1.41983222961426 1.07986128330231 0.704245626926422 0.521256506443024
0.901006758213043 0.203324973583221 -0.521327495574951 -1.08917427062988 -1.38528573513031 -1.35738980770111 -1.51254999637604 -1.50307428836823 -1.86678659915924 -1.9771534204483 -2.12572050094604 -2.48268723487854 -2.60382580757141 -2.74411296844482 0.782358407974243 3.16309690475464 5.23120784759521 10.0927133560181 13.9777584075928 12.3655109405518 10.1167821884155 7.71681833267212 4.78974723815918 3.06015348434448 1.21989858150482 -0.990874767303467 -1.72567009925842 -1.95635843276978 -2.08124232292175 0.762792110443115 4.26681900024414 4.28636980056763 4.01631879806519 6.10258197784424 6.33190488815308 4.55354070663452 3.38983821868896 2.44045543670654 1.76286745071411 1.37506580352783 2.98156070709229 3.3440306186676 1.61745274066925 0.957717180252075 1.24989497661591
-0.444859832525253 -0.497279942035675 -1.04960322380066 -1.87019371986389 -1.85851120948792 -1.89200377464294 -1.90000069141388 -1.75232040882111 -2.03044700622559 -2.23610806465149 -2.42892122268677 -2.55310010910034 -2.57837772369385 -1.80857527256012 3.62313604354858 5.3411226272583 8.67348861694336 12.7873792648315 14.5445327758789 13.6936302185059 11.1057920455933 8.36297130584717 5.29071140289307 3.36243891716003 1.18149244785309 -1.19122445583344 -1.74463164806366 -1.97947335243225 -2.05317258834839 3.4735472202301 6.77731847763062 6.01215553283691 4.11126184463501 3.85410213470459 5.05618286132812 4.80988264083862 3.41232419013977 2.8261547088623 1.94599461555481 1.48947858810425 4.03830528259277 3.1131272315979 1.62750172615051 1.19122195243835 2.39312076568604
-1.26844644546509 -1.23307883739471 -1.20595645904541 -1.98736035823822 -2.10559964179993 -2.071702003479 -1.90423119068146 -0.357526391744614 -2.04711294174194 -2.46601748466492 -2.53242349624634 -2.56581497192383 -0.233156010508537 2.76469469070435 7.26155710220337 9.50711822509766 12.0093402862549 13.6096801757812 13.7688970565796 13.3277206420898 11.9075336456299 9.5023136138916 8.00705909729004 4.89112949371338 1.9176539182663 -0.795018494129181 -1.64790999889374 -1.87535429000854 -0.139809101819992 5.52918767929077 6.70158386230469 5.24695920944214 4.11372709274292 2.89196276664734 3.52421855926514 4.72008752822876 3.49870133399963 2.77040028572083 2.29353737831116 1.59505903720856 3.04297876358032 2.53343152999878 1.61802279949188 1.1031928062439 2.06888580322266
-1.27191019058228 -1.55319595336914 -1.49790751934052 -1.66829657554626 -0.645680665969849 3.60237407684326 6.39099264144897 3.79625701904297 -2.27169179916382 -2.59083223342896 -2.60298919677734 -2.58862042427063 -1.82642710208893 4.28097772598267 8.26635551452637 9.99079608917236 11.0287923812866 11.8300447463989 12.5116539001465 12.294774055481 11.4261922836304 9.45105266571045 8.40730571746826 6.41796445846558 3.4819176197052 0.588170289993286 -1.61523020267487 -1.85784828662872 0.20361815392971 3.66454195976257 4.33470726013184 4.45046520233154 3.60690379142761 2.99744772911072 4.63419771194458 6.51569509506226 3.85809516906738 2.69625234603882 2.03125548362732 1.86324954032898 3.36166596412659 3.53992795944214 2.55627846717834 2.77251982688904 4.78181505203247
-0.979566276073456 -1.35104978084564 1.31021642684937 2.56122636795044 4.26384115219116 8.5471248626709 9.04108238220215 4.59871196746826 -2.27805328369141 -2.63053107261658 -2.63924479484558 -2.66269063949585 -2.00216603279114 3.4517388343811 8.29796695709229 7.33409214019775 7.00542068481445 7.8780345916748 8.79166793823242 10.8036870956421 9.80128765106201 9.00826358795166 8.21171092987061 6.77402496337891 5.15202522277832 3.7952983379364 0.311089336872101 -1.93840897083282 -1.28509569168091 1.43204748630524 2.10428857803345 2.79927086830139 3.53759574890137 2.86725187301636 5.80810546875 6.15189695358276 5.26026248931885 2.90373516082764 2.11206936836243 1.93921852111816 6.15987730026245 7.45258331298828 5.49471569061279 2.56052207946777 2.07812738418579
7.39029026031494 -0.683606684207916 4.23621368408203 3.31332111358643 1.98063230514526 3.35417675971985 4.00697088241577 3.95832252502441 -1.50068640708923 -2.60930132865906 -2.69064712524414 -2.7364809513092 -0.873272478580475 2.15655064582825 7.77189683914185 6.47884607315063 5.179368019104 5.37797260284424 6.34763860702515 10.1004638671875 8.77346515655518 8.49478054046631 7.59809303283691 6.8193531036377 5.65574884414673 4.71918964385986 2.45375227928162 0.288725465536118 -1.46038925647736 0.609249949455261 1.61988496780396 2.70384430885315 2.21732139587402 2.9235999584198 5.55251789093018 5.63512754440308 5.91692447662354 4.21960783004761 2.76852297782898 6.70390892028809 10.0720767974854 8.23301696777344 5.06207180023193 3.82837319374084 3.39939904212952
11.0291242599487 5.20656299591064 0.959086060523987 0.532233953475952 1.33056688308716 -0.0187857523560524 -0.00187420391011983 0.615086793899536 -1.33403813838959 -2.57936596870422 -2.72720813751221 -2.74552464485168 0.288947224617004 2.13226246833801 7.87957382202148 6.66213130950928 4.1772255897522 4.13659715652466 5.34535026550293 13.7565298080444 12.4976673126221 7.96308565139771 7.27125883102417 6.46763896942139 5.70180702209473 4.85951995849609 3.30432891845703 1.6489669084549 0.725687801837921 0.835802555084229 2.99364066123962 4.21438694000244 2.29998707771301 4.01262283325195 7.08556985855103 6.13859891891479 7.50505638122559 6.58214139938354 3.85588645935059 8.30863571166992 9.37885570526123 5.98706388473511 5.19611215591431 4.69640493392944 3.77640318870544
11.7619657516479 7.07036209106445 5.44740724563599 3.40132665634155 0.176572293043137 0.583157777786255 -0.691044926643372 -1.13946974277496 -1.79647696018219 -2.42461276054382 -2.66242170333862 -1.65862584114075 0.892741084098816 3.21894764900208 7.60282850265503 7.82622289657593 5.04584646224976 4.37778949737549 8.97629261016846 13.2909555435181 12.5970630645752 8.61244106292725 6.81924819946289 6.25218677520752 5.72317266464233 4.87554359436035 3.7345757484436 2.34638142585754 1.43537700176239 3.52726459503174 5.44356536865234 7.77293968200684 7.5584282875061 10.2568321228027 7.87159299850464 9.24471950531006 10.7718210220337 9.29087924957275 7.03804111480713 11.4711122512817 7.70025205612183 6.15198564529419 5.76180553436279 8.04839897155762 6.23241376876831
11.1544313430786 8.18212509155273 5.96683025360107 4.67694282531738 2.92510008811951 0.262790322303772 -0.0492173582315445 -1.46222424507141 -1.69915843009949 -2.13831663131714 -2.50685834884644 -1.01974534988403 2.44059872627258 5.77460384368896 8.77452278137207 8.86425018310547 6.05735015869141 7.09114408493042 10.6150569915771 10.5114316940308 9.85153484344482 8.27718830108643 6.30438327789307 6.0588583946228 5.71765947341919 4.9583683013916 4.02385997772217 2.92614889144897 1.97867429256439 7.90756893157959 8.34341812133789 10.5047369003296 9.51046371459961 9.60056304931641 6.3900580406189 13.0221786499023 12.7760801315308 11.2771587371826 10.5984830856323 10.2534465789795 7.35681533813477 8.55957412719727 13.4593048095703 15.4726057052612 14.8131875991821
11.8050765991211 8.36580848693848 6.72588157653809 5.51997804641724 3.93388438224792 2.49223017692566 0.295491725206375 -1.25549423694611 -1.53327965736389 -1.86174213886261 -2.21045970916748 -0.98558109998703 2.55175971984863 6.3088812828064 8.00024795532227 8.10479259490967 6.74622344970703 7.05752563476562 8.26544761657715 8.59149265289307 8.98675060272217 8.28432369232178 6.80926561355591 5.82168245315552 5.46043872833252 5.07234382629395 4.31271600723267 3.33016967773438 2.36204099655151 7.20870304107666 7.28064250946045 11.4652862548828 10.4659595489502 9.59688186645508 6.52518701553345 13.948112487793 13.6313037872314 11.5031156539917 9.49117279052734 9.10230827331543 9.10639381408691 16.1102504730225 21.0766563415527 17.9667129516602 18.1300220489502
13.0421543121338 10.3702545166016 7.38681411743164 6.22289896011353 4.6315450668335 3.43795490264893 3.08209204673767 1.49009490013123 -1.20453190803528 -1.63152945041656 -1.94689226150513 -2.24622440338135 3.05261063575745 8.18661308288574 7.57760190963745 6.53652334213257 6.84861707687378 10.1901865005493 10.2326059341431 10.4142036437988 8.73544120788574 8.09320545196533 6.88023519515991 6.12338209152222 5.11885595321655 4.96387147903442 4.40074872970581 3.42756366729736 2.66950178146362 4.96470832824707 5.02662515640259 11.2391204833984 10.431116104126 9.59880447387695 8.40900897979736 13.2849349975586 11.0302438735962 10.2490758895874 9.61390399932861 10.3712167739868 16.1433391571045 19.6563987731934 16.2622680664062 13.0115404129028 13.5231142044067
