slauniainen/Data/DEM/Vihti_twi_16m.asc
ncols         196
nrows         178
xllcorner     353680
yllcorner     6699024
cellsize      16
NODATA_value  -9999
[rows 120 to 149 of 178, columns 68 to 135 of 196]
-9999 -9999 -9999 -9999 -9999 5.39701 5.443777 5.464408 5.323538 5.057952 5.338209 5.636132 10.22047 8.404259 5.409539 5.015203 5.004693 4.916605 5.490222 5.687544 5.746729 5.222714 5.536544 5.701477 5.935556 6.8728 9.463626 9.771008 8.593547 10.57013 9.598888 13.33379 16.83421 10.41706 13.81274 8.42802 8.335953 9.179493 9.242934 9.471535 9.226984 8.62243 9.72737 10.03849 11.16809 8.710944 8.532453 12.67316 6.849109 5.656745 4.716633 4.185095 4.141524 4.566905 7.704832 5.97359 5.25692 4.579522 4.379829 5.284237 4.949179 3.305355 3.313561 4.000374 3.637606 4.050486 5.190223 6.265206
7.078837 -9999 -9999 -9999 5.916026 6.112683 6.225768 6.072992 5.963479 5.741152 5.082258 5.931459 10.51294 6.196109 5.369247 5.368205 5.316867 5.404299 5.126208 5.334831 4.949651 5.162522 5.600746 5.505156 5.656971 6.30582 7.825002 9.874221 9.059348 9.463162 9.368601 16.67028 9.668694 10.93708 14.02852 8.499586 8.27362 11.41084 10.56877 9.56151 8.677382 9.997093 11.13475 10.4672 11.23838 10.40231 14.02918 6.89855 5.613259 4.884629 4.392635 4.311576 4.2095 4.607914 7.680776 6.043983 4.723825 4.821565 4.119364 4.345459 5.485723 4.42133 4.21224 3.321701 3.603652 4.509157 5.139565 4.956761
6.978047 -9999 -9999 -9999 6.923091 7.112193 7.135409 7.10964 6.527382 5.561872 6.433507 11.03286 7.071018 5.615339 5.356901 5.500355 5.851151 5.696213 5.510806 4.948854 4.923287 4.97865 5.102511 5.346517 5.641074 6.079651 7.422761 11.65853 9.546853 8.5388 16.46912 10.43171 10.52672 9.641535 14.5932 9.346537 9.270961 9.361826 11.17498 10.02542 8.799735 9.738482 9.718561 10.69416 10.57013 11.3655 12.82923 6.154313 5.35359 4.471377 4.10205 3.566077 4.517117 5.128614 7.504178 6.380188 4.284352 4.345406 4.240108 4.301661 4.973355 4.950012 3.906432 3.765749 3.914565 3.993872 4.044487 4.191797
7.427594 6.900319 6.379362 6.065641 7.394054 8.409407 8.513755 7.394833 6.560303 5.656983 6.455215 11.43284 6.073875 5.65916 5.039485 5.164937 5.581164 5.948028 5.771729 5.016504 5.142222 5.514426 5.620851 5.684019 6.012223 6.541831 7.730656 12.3339 9.428989 8.653966 16.74936 10.56511 9.558767 10.34459 15.7798 9.232461 8.283072 10.22447 9.204763 9.805071 9.316199 9.039533 9.343005 11.61832 8.994083 9.409856 12.34353 5.557052 4.896082 4.789202 3.581664 3.723392 4.198827 4.470417 6.758594 7.066831 4.254674 3.946165 4.002141 3.978084 4.42099 4.910519 4.493454 4.390704 4.577339 4.025554 3.746835 5.135286
8.457983 7.10314 6.542441 6.082217 8.284738 10.23252 8.999151 7.06881 6.3617 5.771854 10.90396 7.781959 5.660067 5.25167 5.254807 4.861499 5.472684 5.497121 5.425739 5.197927 5.321729 4.898177 4.34938 4.606224 5.254986 5.870077 7.185165 11.20436 11.38046 11.9719 17.64733 9.678191 9.630192 9.936971 14.45733 10.34869 10.10285 9.205224 9.732791 9.226319 9.774629 10.63042 12.06396 9.581994 8.855085 8.576578 12.05753 5.62061 4.688255 4.500988 4.436925 4.178689 4.609854 4.303067 5.70146 6.712179 6.83237 4.83625 4.49246 4.313437 4.364157 4.787491 5.064263 5.063015 4.542656 4.326224 5.588302 3.437083
9.864672 8.211514 7.544223 6.721448 8.289987 10.53438 9.56913 7.732581 6.342209 6.115646 11.7366 7.010689 5.095369 4.548611 5.286014 5.419506 5.480046 5.798318 6.220965 5.780084 5.034437 4.457384 3.93554 4.327529 5.057456 5.867352 7.360077 9.999736 11.89905 12.74678 9.901115 16.47808 9.16097 8.688938 13.54031 10.22219 8.750845 13.05269 12.84056 10.87131 9.929374 10.18191 10.2721 9.348413 8.786016 14.40927 8.972828 7.508742 5.661931 5.020533 4.653827 4.528244 4.305974 5.393847 5.602921 5.488601 6.741708 7.061066 5.943796 5.016264 4.577953 5.765959 7.283719 5.958583 5.40198 6.840626 3.926555 3.621008
9.081092 10.65631 8.250794 12.27483 13.10333 12.52 12.66747 12.143 12.69589 11.58349 9.720394 6.823551 5.182224 4.467782 4.858832 5.496145 5.500312 5.575062 5.191224 5.837113 4.833037 4.154777 3.675759 4.254279 5.17405 6.278599 7.881475 10.2471 13.01241 9.478191 16.96777 11.24008 10.10184 9.214414 12.44897 13.03583 11.80919 9.327577 9.947542 9.843187 8.882365 9.347479 9.095569 8.796529 9.323766 12.24694 8.318229 7.72145 7.806197 7.424789 6.756304 6.208638 6.362002 5.298673 6.295493 5.237739 5.420326 7.006298 6.720272 5.258828 4.675385 5.72256 6.102399 8.664861 8.867133 7.53379 6.753467 6.140865
8.642227 12.51899 11.30141 8.604568 7.068547 7.94088 7.772527 7.47878 6.606614 6.763602 7.863501 7.26994 6.022107 5.251554 5.362075 5.434534 5.98531 5.783774 4.816982 5.079053 5.050753 4.896887 4.719279 4.937895 5.52023 6.477422 8.44115 11.42524 10.35945 10.94291 16.71286 10.00645 12.18311 10.23536 13.3309 10.4919 10.53563 9.769455 8.477459 9.464722 8.836398 8.310806 8.515179 8.151803 13.25789 6.948595 5.941298 5.713238 6.060965 6.690225 7.087738 7.331275 7.566086 8.649237 9.259075 8.121479 7.787656 7.454221 6.801011 6.151506 5.683745 5.580564 7.148076 6.271741 6.238295 5.07421 4.447633 4.712792
9.697535 9.607621 7.544816 7.583986 6.078872 7.123906 6.971707 7.056663 6.292259 5.667751 6.852877 6.354842 5.656294 5.644473 5.845399 6.15175 6.364067 5.177305 4.614593 4.842916 4.779225 4.887521 5.228003 5.394061 5.800448 6.574518 8.177223 10.36422 10.1805 10.11941 16.86865 9.859114 9.765726 10.82861 13.95215 9.655788 9.031482 8.632835 8.954147 9.606817 9.353746 9.318494 8.633126 8.051912 12.54341 5.749196 4.975486 5.009222 4.680412 3.932065 5.13484 5.988611 7.061799 7.808587 7.933011 7.386354 6.765671 6.622478 6.136933 5.224654 5.801266 6.209656 6.020745 5.095026 5.521846 4.525918 4.3803 4.578713
9.479682 8.738036 6.878919 6.861453 6.94732 6.778898 6.188567 6.59479 6.13141 5.323774 5.891234 6.35616 5.612847 6.68364 6.603964 6.413987 5.664755 5.360487 4.541624 4.681094 4.360858 4.71221 5.284342 5.672839 5.839838 6.467595 8.193092 9.866103 11.64362 17.08563 8.829829 10.31866 9.434259 8.798471 11.61061 14.14707 10.2377 9.21147 8.665493 8.71598 8.61287 8.679421 9.071448 14.62616 10.0006 6.497817 5.823555 5.565507 5.186818 5.222834 5.623423 5.758963 5.787447 5.426959 6.092908 5.884244 5.522108 5.341144 5.132884 4.772915 4.307762 5.720169 5.962547 4.960063 5.294045 4.409279 4.540917 4.534594
9.167578 8.026874 7.176558 6.190856 6.7488 6.748511 5.698426 5.899151 5.705915 5.426396 5.912596 6.567709 6.506584 7.311268 6.950556 5.734365 5.621554 5.489567 4.773182 4.696172 4.690218 4.58272 5.066391 5.605231 5.980301 6.995555 8.797132 15.5042 15.58785 9.075139 7.132041 6.071828 5.8974 6.17396 7.948554 11.48819 12.7562 9.673853 9.30059 9.784057 9.567604 10.0369 15.39341 9.039968 9.70558 8.04416 7.165654 6.830003 6.46419 6.266482 5.969347 5.756573 5.260299 4.976505 5.341022 4.787825 5.426055 5.186324 5.056858 4.796401 5.003381 5.228797 5.569998 5.378618 5.574191 4.861938 4.737021 4.948918
8.964985 7.702674 7.284989 6.693382 5.907107 6.161794 6.0433 5.472679 5.203074 5.342175 5.797535 6.206937 6.825475 7.453646 7.437825 6.096894 5.880606 5.733611 5.111552 5.167208 5.255466 5.099856 5.162462 5.947721 6.755861 13.00629 14.46745 8.791828 8.452951 7.12019 5.867454 4.863736 4.611147 4.516544 5.417603 6.491784 7.263192 9.751885 10.49102 10.19343 9.248954 12.43254 14.22273 11.37477 8.802999 7.769673 7.082211 6.628656 6.353569 6.140626 5.866658 5.50547 4.90378 4.374809 5.071918 4.706704 4.632321 5.529932 5.586235 5.26828 4.972676 5.098279 5.173288 5.477035 5.705662 5.690527 5.422138 4.935173
6.552148 9.021325 7.220825 6.679914 6.425681 5.383108 5.510428 5.71316 5.249306 5.159113 5.513929 6.047143 6.442048 7.320643 8.226169 7.50573 6.579752 6.045722 5.919198 5.928886 5.914551 5.742313 5.652251 6.231995 12.92768 10.20876 7.426495 7.33286 6.525406 6.030923 5.599693 4.716509 3.994808 3.700367 4.311121 5.199709 5.497979 5.972836 6.714295 6.290558 6.940741 9.789729 12.11272 9.721941 7.889014 6.666633 6.163028 5.480075 5.106195 5.057394 5.14037 4.920856 5.08096 4.388237 4.62199 5.435842 4.70716 4.925456 5.580922 5.116189 4.44303 4.880954 5.279218 5.524925 5.525221 5.85229 4.635395 4.133831
-9999 8.241485 7.180599 5.403811 5.593509 6.017728 5.103593 5.798491 5.137836 5.172979 5.424112 5.731038 6.332059 7.019571 8.003624 8.819096 8.29109 6.875036 6.281468 6.351557 6.195046 6.184396 6.584692 13.45796 7.607435 7.095612 5.926381 6.126873 6.10413 5.384556 5.377629 5.107017 3.567994 3.849319 3.780818 4.572814 4.443938 4.692137 5.628159 5.363786 5.784764 8.828835 11.15177 8.412404 7.792739 6.627246 5.846797 5.126788 4.719271 4.338005 4.35681 4.74611 4.720533 5.530615 5.388294 5.382956 5.970678 6.00628 5.540328 5.18225 4.914257 5.288469 6.997784 5.642002 5.617358 5.498292 4.818811 4.844532
-9999 -9999 7.236486 6.496547 6.469408 6.265589 5.18027 6.379497 4.785916 5.232655 5.67162 5.518648 5.966877 6.683901 6.875852 7.289352 8.10465 8.658826 7.124062 6.149433 6.808309 13.02287 12.92201 7.308086 6.410793 6.248061 5.604884 5.151005 5.466681 5.483142 5.104366 5.294068 4.145601 4.122526 3.727789 4.667244 3.801401 4.228096 4.798644 5.223499 5.139037 6.241874 10.87494 7.890395 7.111104 6.337853 5.615094 5.019341 4.245124 4.269856 4.430834 4.803043 5.321269 5.12163 5.235116 5.070546 5.899334 5.809196 5.002104 4.844507 4.969801 4.840432 5.423308 5.75799 5.862901 5.954748 5.430353 5.033103
-9999 -9999 7.867817 7.121155 6.470399 5.457942 5.836673 5.192701 5.332032 5.205188 5.247036 5.738663 6.25636 6.39988 6.357342 7.450872 7.822058 10.61959 11.50704 12.46243 12.78782 7.001531 6.483544 6.544867 6.468426 5.78499 5.436732 4.64259 4.601494 5.386615 4.906627 5.092943 5.065961 4.690515 4.817256 5.146917 4.040026 4.223594 4.259167 4.971661 5.569462 6.494848 10.11743 8.9597 5.612329 5.602987 5.027306 5.072871 5.337921 5.209146 4.704253 4.940248 5.10711 6.387676 5.97569 6.067325 6.102557 5.751115 5.819376 5.795151 5.338876 4.675342 5.339053 5.89371 5.983233 6.486818 5.755795 5.973954
-9999 -9999 -9999 6.379399 5.661085 5.535941 5.956036 4.856293 5.15342 5.697962 6.077924 6.459648 6.207009 5.875639 11.06565 10.93958 10.61082 9.834846 5.525237 11.98071 5.416564 5.326018 6.572157 6.331085 5.799549 5.255529 4.862748 4.815679 4.387413 5.009586 4.830727 4.666679 5.431074 5.066601 7.131419 5.319361 4.839174 4.443293 4.779765 5.13048 5.793038 6.120448 5.133324 9.683436 6.138467 5.15976 4.573503 4.410729 4.598217 5.445706 5.185177 4.359543 6.05072 6.250314 8.759523 7.501914 6.569929 6.466005 6.339576 5.865771 5.342983 5.284687 5.254127 5.177343 6.458545 7.811179 5.517942 7.117095
-9999 -9999 -9999 6.467271 5.654252 5.951306 5.225996 5.45604 5.514533 6.169672 6.588214 5.704165 6.463422 11.20558 5.840574 5.003515 5.546752 5.443572 6.611022 10.8084 8.628362 5.181541 6.331231 5.846259 5.389286 4.479165 4.535298 4.683584 4.815425 4.659277 4.721833 5.497442 6.394957 5.312869 5.22071 4.934855 5.553599 5.582593 5.716776 6.066595 6.069255 5.050213 3.530373 4.816186 9.917871 5.490781 4.679356 4.316367 4.612207 4.804294 5.463652 5.297702 6.430513 5.833446 10.84994 7.798778 7.27738 6.479934 6.32567 6.108818 5.715378 5.287837 5.140269 5.407754 6.150359 8.947448 9.036021 4.4967
-9999 -9999 -9999 -9999 5.506783 5.357264 4.833951 5.26495 5.948498 6.279474 6.237304 7.412642 10.98653 5.044972 4.361809 4.587255 5.516602 5.919882 5.562488 10.49252 8.919323 5.845159 6.182055 5.513272 5.06568 4.797985 4.394282 4.690216 5.084165 5.636447 6.371377 5.687799 5.197158 5.585038 5.26347 4.995845 5.588731 6.737063 7.039053 6.419855 5.29103 4.693579 4.666229 4.156363 9.47227 6.206518 5.112744 4.744781 4.996357 5.122838 5.245029 5.926215 6.109418 5.9488 10.28844 6.320714 6.707086 6.697484 6.210428 6.026785 5.644282 5.328349 5.711493 5.25232 5.98422 6.384988 6.19053 4.894949
-9999 -9999 -9999 -9999 5.829194 5.605667 5.20443 5.743939 6.200976 7.068632 10.1787 10.88532 5.659052 4.172423 4.213891 4.270431 5.267107 5.658516 5.325929 10.86759 9.414646 5.881816 6.388885 5.455868 5.28845 5.128539 4.888332 4.657562 4.616287 5.192942 5.168489 5.269862 5.579411 5.820944 5.971697 5.722203 5.654681 6.940897 6.788885 5.208524 5.208934 5.234481 4.479904 4.205491 5.339293 10.01562 5.200459 4.441722 4.486638 4.859644 5.274908 5.400297 6.092786 6.570844 6.303479 10.46573 6.725018 7.824999 6.595814 5.977071 5.545234 6.206161 5.617169 5.393393 5.516524 5.384537 5.863491 5.814931
-9999 -9999 -9999 -9999 6.283504 6.713794 7.018569 8.756853 9.58462 10.40156 5.05994 9.585499 5.703 5.045653 4.986322 5.100024 5.324194 5.512281 5.776839 8.676987 11.29142 5.722042 6.575702 6.526307 5.648488 5.712972 5.693195 5.730505 5.411386 5.50996 5.230607 5.655852 6.029058 6.634868 7.161527 7.303384 6.679565 6.254045 5.967807 5.06 5.338575 5.231925 4.717976 3.775655 4.619259 10.1187 5.778076 4.506066 3.890165 4.257346 4.828127 5.7491 5.949657 6.503049 6.002064 6.549573 10.34304 9.026026 6.855485 5.68877 6.327543 6.488819 5.779272 5.16994 5.471948 5.51826 6.019652 5.644386
-9999 -9999 -9999 6.459367 6.814117 7.4789 9.200036 9.22936 8.88273 7.329465 5.451801 7.195612 9.455613 5.406826 5.631145 6.598894 5.621029 5.997465 5.747473 6.18226 11.63123 5.312581 5.839859 7.026877 7.270097 6.849156 6.851403 6.760255 6.486672 6.087554 5.783243 6.540409 7.721456 10.58561 10.64789 10.07328 9.49477 8.240391 6.635205 5.836896 5.288887 5.566837 4.907673 4.662319 5.015238 10.16511 6.363458 4.882021 4.289043 4.362814 4.275911 5.727679 6.98465 5.543181 6.277283 5.727095 10.48391 9.614291 5.628603 5.153802 6.975785 6.745987 5.953271 5.766812 5.366546 5.889217 6.301178 6.087623
-9999 -9999 -9999 -9999 10.52901 10.25477 9.837781 8.204677 5.642331 6.912005 6.937232 6.277822 9.289439 5.706954 5.109006 6.442109 6.048079 5.673008 5.581939 5.845798 12.29502 6.179545 6.070175 6.221831 6.912428 7.665581 6.732096 11.0055 8.945567 8.848025 9.963907 10.20721 10.02403 7.586415 6.690657 6.614404 7.31686 7.793794 7.270177 5.904864 5.453264 7.565865 4.908146 5.0846 5.291699 10.27963 6.234021 5.610352 4.779152 4.753316 5.081001 5.569058 7.830975 6.437103 5.774862 5.987425 10.3803 6.401629 8.475791 7.059456 7.096945 6.795825 6.241673 6.034087 6.069812 5.449402 6.250848 5.63119
-9999 -9999 -9999 -9999 8.563466 7.721165 7.596298 6.752204 5.420304 5.719514 6.22692 8.776841 8.319439 7.113286 6.056903 6.625573 5.760095 5.88874 5.282702 6.111524 6.444374 14.6346 6.324241 6.53214 6.775211 7.118555 11.81177 6.661845 10.80022 10.27708 8.538991 6.938072 6.349232 6.040823 5.626439 5.253225 5.748024 6.38011 7.041683 5.684155 5.52974 6.858775 5.845162 5.645795 5.613697 10.26422 6.755888 5.760576 5.460091 5.067361 4.656025 5.369065 6.295185 8.764512 5.98264 6.297406 6.006543 9.377244 8.460131 7.946611 7.112439 6.807011 6.41978 6.383803 6.511288 6.209893 6.154622 5.486753
-9999 -9999 -9999 -9999 7.73844 7.129902 6.876006 6.214766 4.684165 4.92576 5.848789 7.493571 8.708636 9.2111 9.488194 6.548861 5.727105 6.468075 5.728914 5.884686 6.539183 7.157038 13.53331 6.705385 6.946706 7.096577 11.92406 8.934382 8.146901 7.497881 6.720992 6.027358 5.792256 5.27556 4.630684 4.187977 4.128363 5.426526 6.470044 6.904745 6.28062 6.042404 6.17569 5.788344 5.618507 10.23338 6.561326 5.784117 5.179832 5.085268 4.743657 5.219173 6.214169 9.301476 6.224458 5.717557 5.909686 7.555999 9.719795 8.567308 7.006374 6.146741 7.372562 7.001225 7.479539 7.153383 6.413531 5.583394
-9999 -9999 -9999 -9999 7.577341 6.841836 6.584011 6.437367 4.353651 4.718932 5.202695 5.778265 6.790772 8.937106 9.546426 6.160713 5.996677 6.302033 5.81496 5.641716 6.147546 7.163611 7.852072 14.27296 7.406558 12.03677 8.022308 7.875199 6.784524 5.922075 5.659444 5.570756 5.172031 4.810046 4.021546 3.724627 3.446009 4.662043 5.317294 5.684266 6.782955 5.967837 5.78085 4.539389 5.095118 10.25549 6.350342 5.284043 4.96719 4.219955 5.046483 5.236793 6.024022 5.827633 8.313751 5.745283 5.96393 7.731957 9.805177 8.369983 6.408859 7.361804 6.140169 8.271645 9.585921 7.866256 6.202164 5.466823
-9999 -9999 -9999 -9999 7.72011 6.603815 6.067357 6.249609 5.239652 4.8977 5.22706 5.055543 5.400651 6.574228 8.366721 10.15979 7.709828 7.014769 7.41654 7.760826 6.736163 7.013653 8.375184 14.54484 11.86179 6.794034 7.932449 7.578365 6.978381 5.359501 5.322243 4.738806 4.752063 4.408326 4.559032 4.185274 4.072118 4.342955 4.575652 4.946057 5.605479 5.567056 5.661343 5.235259 8.025245 9.968106 6.035341 4.488167 4.671528 5.4385 5.473216 5.69488 5.592462 6.144866 6.185095 7.424239 6.569281 9.340447 8.817884 8.028452 7.485745 7.0678 6.528201 9.950667 7.26143 6.161864 -9999 -9999
-9999 -9999 -9999 -9999 7.391922 6.415104 5.91297 5.92177 5.136035 4.697013 5.076915 5.155527 5.017599 5.840679 6.724011 7.673492 9.041227 6.833879 9.484805 9.727864 9.121269 7.959338 8.4471 12.64445 6.20708 6.253429 5.704889 5.9107 6.895482 6.492958 5.189385 4.916 4.519314 4.210189 4.978574 5.447967 5.101986 4.812168 4.672308 4.844562 5.438133 6.229144 6.431365 6.708071 9.646249 9.215684 5.632331 4.476276 4.642358 5.300871 5.082451 7.567756 5.395927 6.9544 6.827834 7.307475 8.144162 10.09175 8.24229 8.93832 8.948566 9.092661 9.039984 -9999 -9999 -9999 -9999 -9999
-9999 -9999 -9999 -9999 7.092391 6.623348 6.261632 5.950343 4.839643 4.038803 4.698607 4.85148 5.60689 5.025329 6.435267 6.596451 7.805732 9.261907 7.285904 7.261271 12.30853 13.26161 12.43326 6.143464 5.460143 5.027739 4.885075 4.889563 5.485474 6.08351 5.646935 5.102668 4.725031 4.794967 4.949742 5.698723 5.703694 5.496992 4.644196 4.606946 4.911357 5.612728 6.2132 6.996353 10.60965 7.26404 5.697763 5.022755 4.828024 4.510828 5.131177 5.968291 5.750038 6.156215 6.266624 6.752382 8.79666 10.35718 8.146791 8.608123 8.616636 -9999 -9999 -9999 -9999 -9999 -9999 -9999
-9999 -9999 -9999 -9999 6.925797 6.882447 5.805546 6.557847 5.089546 4.148688 3.805561 4.562236 5.535457 6.329152 5.657986 6.20564 7.154346 8.282687 7.616305 7.858953 11.93192 5.517038 6.402227 5.918725 4.369394 4.421358 4.470761 4.83926 4.373361 5.959922 5.501131 5.241951 4.686345 4.478773 5.253009 6.511841 5.704949 5.565294 4.679402 4.768883 5.110822 5.464644 5.968646 6.873444 10.66648 7.260652 5.614642 4.629562 4.399868 4.975832 5.508873 5.408774 5.763597 6.160791 6.324174 6.602448 8.693759 10.64855 -9999 -9999 -9999 -9999 -9999 -9999 -9999 -9999 -9999 -9999
