slauniainen/Data/DEM/Vihti_dem1500b_cl_horizonAngle_54.asc
NCOLS 196 
NROWS 178 
XLLCORNER 353680 
YLLCORNER 6699024 
CELLSIZE 16 
NODATA_value -3.4e+38 
[rows 20 to 39 of 178, columns 0 to 44 of 196]
6.5808687210083 7.10790061950684 7.7357816696167 8.57321739196777 9.41162586212158 9.91676425933838 10.4764041900635 10.8152828216553 12.4343376159668 15.9435052871704 17.4640502929688 23.722339630127 31.1068668365479 33.965705871582 23.1333885192871 13.7416925430298 7.7231502532959 5.43347549438477 5.77323246002197 6.13210964202881 4.87881708145142 2.65001821517944 2.72377777099609 4.89137125015259 6.97752332687378 10.6448087692261 12.676589012146 18.269702911377 16.6168251037598 9.0662899017334 4.25043106079102 0.736559867858887 1.04407906532288 1.60623741149902 0.945108652114868 1.41492331027985 2.01092720031738 4.78872108459473 2.67034220695496 -0.284114181995392 2.11499404907227 5.29373550415039 5.83502626419067 4.32442188262939 5.01003837585449
6.75586891174316 7.38145399093628 8.19666385650635 8.89288711547852 9.35279750823975 9.83647155761719 10.3960847854614 10.876540184021 13.6311645507812 16.8373031616211 18.5650653839111 22.9939880371094 29.1352367401123 33.5316123962402 23.4894618988037 12.6773920059204 11.5208110809326 7.58777618408203 6.30892324447632 5.42075109481812 2.94978952407837 2.51914262771606 2.29361772537231 3.33153939247131 5.81884384155273 7.62397956848145 9.90281200408936 9.87805271148682 15.1523017883301 12.2649831771851 8.99759006500244 4.081458568573 1.04881060123444 2.13808846473694 2.98233151435852 1.65372049808502 1.49979603290558 2.14851832389832 3.34924817085266 1.55950975418091 3.31917524337769 5.33918476104736 6.92848682403564 5.11871576309204 4.5828537940979
6.91389608383179 7.64562273025513 8.46548748016357 8.85314083099365 9.30010795593262 9.76863861083984 10.4279098510742 11.912223815918 14.4130783081055 17.6833839416504 19.2220840454102 22.1545696258545 26.3210525512695 31.8489875793457 29.4454193115234 13.0335035324097 11.0285682678223 9.28700256347656 7.69511270523071 4.63866138458252 3.46895337104797 1.99574065208435 1.86391174793243 2.98018074035645 4.55932807922363 6.64827060699463 7.6330885887146 9.46342468261719 12.556827545166 15.9241151809692 11.9485197067261 9.34430599212646 2.174973487854 1.72741782665253 3.74466848373413 4.00149202346802 1.94923460483551 1.51739370822906 3.15007710456848 3.42163038253784 4.33302593231201 5.64709424972534 7.56900262832642 7.09981918334961 5.75645542144775
7.11238861083984 7.77312564849854 8.47705745697021 8.82610702514648 9.2293176651001 10.0642251968384 11.0184850692749 12.5903949737549 15.1303796768188 17.2699546813965 18.7239189147949 21.1632595062256 24.8963851928711 29.7121448516846 31.3816757202148 14.5631160736084 11.7831716537476 11.4133167266846 6.77325391769409 6.57202911376953 6.21051549911499 4.07451963424683 1.64646673202515 2.10721874237061 3.96501994132996 5.22305250167847 7.46956300735474 9.81457805633545 11.0947637557983 13.154580116272 11.1214866638184 11.6099996566772 7.43277215957642 3.39797449111938 4.48703670501709 6.27233028411865 4.46487903594971 3.35221290588379 3.32062888145447 3.67799496650696 4.5128493309021 5.129807472229 5.29821491241455 5.32284736633301 4.70697736740112
7.1627779006958 7.90293073654175 8.41928005218506 8.74296474456787 9.05939388275146 10.6425294876099 11.4457015991211 13.2267560958862 14.7797765731812 16.6746444702148 18.1162242889404 20.8908710479736 23.4522037506104 28.2320995330811 31.2365741729736 18.6469459533691 15.8297557830811 13.9757862091064 9.1478443145752 8.08275318145752 7.9161548614502 6.98052978515625 1.74105024337769 1.77724123001099 3.12985396385193 5.2661018371582 7.81999921798706 9.50572776794434 10.1282691955566 10.0225820541382 10.4094381332397 12.0558891296387 11.039400100708 7.51851940155029 9.06894683837891 12.1806535720825 8.55014705657959 4.795569896698 4.09812259674072 4.07867813110352 3.98139452934265 4.42748403549194 4.23917531967163 3.70416045188904 2.65433979034424
7.16338443756104 7.89820289611816 8.01299667358398 8.67937850952148 9.6195240020752 11.1710643768311 11.9008207321167 12.9281587600708 14.2868728637695 16.5073623657227 18.0628070831299 19.9038600921631 22.4547996520996 25.1300621032715 27.648323059082 22.7095737457275 19.1773567199707 15.8646440505981 11.2070579528809 8.7220401763916 7.79363012313843 6.42140340805054 2.36864757537842 2.15373492240906 3.74705195426941 5.1836519241333 7.91474294662476 8.99343681335449 9.90369033813477 8.70985317230225 8.44033145904541 10.7752513885498 12.9003925323486 12.8533372879028 13.1832809448242 15.2449550628662 14.5860786437988 8.24686717987061 6.88606691360474 4.26393747329712 3.75343990325928 2.90500068664551 2.70917129516602 1.66920602321625 1.22020995616913
7.09719657897949 7.52780866622925 8.141188621521 8.97638034820557 10.0463275909424 10.8891668319702 11.8704929351807 12.6481819152832 14.1082029342651 15.672703742981 17.2751560211182 19.3429088592529 20.9285984039307 22.2910575866699 22.7397594451904 20.5440216064453 17.0113334655762 15.1742944717407 13.367525100708 11.8732786178589 11.1500339508057 7.73054790496826 3.08682227134705 3.08944416046143 3.84964179992676 5.90395212173462 7.97029447555542 9.22595024108887 8.69795608520508 7.4819016456604 6.89637899398804 7.31239748001099 8.62585830688477 9.69447135925293 11.1664085388184 11.4048986434937 14.4098167419434 11.9310998916626 7.40691757202148 4.47634220123291 4.77803564071655 3.15435290336609 3.77030968666077 2.32891798019409 1.24022328853607
6.82364511489868 7.37057113647461 8.51916313171387 9.29574775695801 9.89641952514648 10.8994731903076 11.6095352172852 12.3531742095947 13.3745040893555 14.9392642974854 16.8576469421387 18.0762958526611 19.8536682128906 21.0545654296875 22.6675186157227 19.166877746582 15.3162870407104 13.7302808761597 11.0311183929443 9.75733280181885 10.4434652328491 6.92587852478027 2.8526611328125 3.27137660980225 4.40588426589966 6.13892269134521 7.35648918151855 8.84975624084473 7.07074975967407 6.14638805389404 6.4145245552063 7.16906261444092 8.22443771362305 9.96648597717285 10.3526411056519 10.1881408691406 10.503270149231 9.38041591644287 4.05946922302246 4.04305362701416 3.96605944633484 3.82516479492188 1.94738531112671 0.660326898097992 0.646727859973907
6.63056039810181 7.69616746902466 8.45075130462646 9.23104000091553 9.82386779785156 10.665599822998 11.1643180847168 11.9282598495483 13.0009546279907 14.5249185562134 16.0769004821777 17.6314697265625 18.8392200469971 21.8716220855713 23.144926071167 18.0673866271973 14.8229513168335 15.3641319274902 10.8417377471924 8.23579597473145 9.38175106048584 5.93893814086914 2.77477693557739 3.63931059837341 4.79294443130493 6.06062412261963 7.03626775741577 11.9068717956543 6.15407180786133 5.22424840927124 5.68950080871582 7.42872858047485 9.58501625061035 10.0386419296265 11.1016759872437 9.67342853546143 10.3054075241089 8.02047920227051 5.60743808746338 5.95569849014282 3.83181929588318 2.92953896522522 3.29743623733521 0.330288022756577 0.515744149684906
6.99918985366821 7.66789865493774 8.34713554382324 8.93659210205078 9.57662200927734 10.2910146713257 10.9490242004395 11.6348838806152 12.6666097640991 13.8414821624756 15.5808115005493 16.8915023803711 18.5111560821533 22.6919479370117 23.8302593231201 22.2656650543213 15.6209344863892 14.8874931335449 13.1359300613403 8.42425346374512 8.63642501831055 5.19195604324341 2.62758016586304 3.27184224128723 4.77745294570923 5.7563853263855 6.60559272766113 12.0072145462036 11.26513671875 5.34064769744873 5.74647808074951 7.86546230316162 9.20451927185059 9.77410125732422 13.7010908126831 12.9287052154541 11.1828718185425 8.89104080200195 6.95159721374512 4.5608549118042 6.20272588729858 3.26936197280884 3.20943427085876 -0.00739130657166243 0.84129136800766
6.99951505661011 7.61185836791992 8.10692405700684 8.72183322906494 9.30279159545898 10.0215578079224 10.6284961700439 11.5115871429443 12.8406181335449 13.7251682281494 14.8442125320435 16.2283191680908 18.4098491668701 21.393835067749 23.5100631713867 23.6357231140137 19.3497734069824 16.4309921264648 15.8466424942017 9.00839138031006 10.4254159927368 10.9203577041626 5.33298349380493 3.49455690383911 4.92137432098389 5.27044916152954 6.51452302932739 7.95178556442261 11.2588748931885 5.48642253875732 5.88210487365723 7.49998903274536 8.39822196960449 10.4078760147095 14.3468160629272 17.1725311279297 14.8323612213135 10.0609893798828 12.0792036056519 6.7429313659668 6.91015291213989 6.60180759429932 5.69050693511963 2.07750988006592 1.47343456745148
7.01329755783081 7.43508195877075 7.99734592437744 8.49533462524414 9.05894565582275 9.94663906097412 10.6070184707642 11.6530485153198 12.3700542449951 13.2010669708252 14.1047849655151 15.4461650848389 17.8681812286377 20.6775856018066 22.1695327758789 22.6897487640381 22.0928440093994 18.7314491271973 19.8610439300537 14.2901811599731 10.6721363067627 9.48417282104492 6.12091779708862 4.04900693893433 5.90476417541504 6.15122938156128 5.07064199447632 4.84975814819336 8.58957004547119 5.85821866989136 6.26741552352905 6.55889177322388 8.57715892791748 10.6428365707397 12.2036104202271 12.5798387527466 14.6822395324707 11.804271697998 12.9159755706787 11.298059463501 6.47859001159668 8.29153537750244 6.60785055160522 3.61418867111206 1.92045092582703
6.88491725921631 7.34525537490845 7.80077409744263 8.35134887695312 9.058274269104 10.1318483352661 10.6426458358765 11.2010555267334 11.7456665039062 12.5655479431152 13.3635482788086 14.6739892959595 16.7382678985596 18.7347297668457 21.4447021484375 23.0273475646973 23.3261299133301 19.4089050292969 17.5871906280518 14.7293939590454 11.4140453338623 11.3509569168091 7.25305938720703 4.55719041824341 5.6995062828064 11.8920745849609 8.78403186798096 4.60361051559448 5.12139272689819 6.16023445129395 7.43374061584473 7.32561016082764 8.53982639312744 10.2381191253662 10.3145799636841 10.246675491333 9.75212478637695 10.3081159591675 11.4114646911621 11.9886932373047 6.80771970748901 5.12709093093872 4.36741781234741 3.92602849006653 3.05698370933533
6.70919275283813 7.18976449966431 7.7518949508667 8.35939502716064 9.2776346206665 9.82174587249756 10.2505369186401 10.7176418304443 11.381142616272 11.9057922363281 12.917405128479 14.173134803772 15.8404169082642 17.841064453125 19.8900661468506 21.0980224609375 22.6012420654297 21.7873134613037 19.0967216491699 16.1915988922119 9.98791027069092 8.14824485778809 5.02339458465576 4.7956166267395 7.02336502075195 13.2121953964233 17.465030670166 9.86460876464844 5.53401327133179 6.23298358917236 10.9658336639404 9.88298416137695 9.78742694854736 11.184814453125 9.57760238647461 8.92452049255371 8.6609468460083 8.23963069915771 7.74052572250366 6.47170448303223 2.0508074760437 1.6832058429718 2.77159476280212 4.12764358520508 6.14718246459961
6.57501411437988 7.13719797134399 7.92080497741699 8.58969688415527 8.99937534332275 9.50389194488525 9.85455131530762 10.3888158798218 10.8806734085083 11.4945220947266 12.456488609314 13.6604490280151 14.999342918396 16.9166660308838 18.4805698394775 19.8942203521729 20.3906059265137 19.7340240478516 18.6442394256592 17.6069107055664 12.2139673233032 7.92252254486084 4.77326917648315 5.80157566070557 9.61474609375 10.4606447219849 16.4638843536377 17.8042831420898 11.2547674179077 7.54170751571655 8.83719539642334 10.1239070892334 12.1192169189453 17.5501670837402 12.0877370834351 8.2824239730835 7.47149658203125 7.39798879623413 8.95623683929443 9.97831630706787 5.46669101715088 2.195556640625 5.04627418518066 6.12161779403687 8.4406852722168
6.69589614868164 7.40748929977417 7.93857908248901 8.39932537078857 8.78324317932129 9.24898624420166 9.53570652008057 9.89531326293945 10.3587646484375 11.3148260116577 12.1218338012695 13.1877746582031 14.5239305496216 15.2026500701904 16.954029083252 18.4160213470459 20.3004341125488 20.3243751525879 18.1191253662109 18.1776504516602 17.2780227661133 12.1074266433716 7.04513883590698 8.24112510681152 8.46524047851562 9.9389009475708 9.71642208099365 13.2027740478516 13.526801109314 8.5502347946167 9.13804244995117 10.6816911697388 12.6306428909302 18.7768726348877 20.0056457519531 12.3579778671265 5.83495950698853 5.60516595840454 8.16565990447998 13.9411525726318 13.0392770767212 7.26746940612793 6.13476705551147 8.03468608856201 9.74927520751953
7.06661081314087 7.44680500030518 7.80509233474731 8.21193599700928 8.61435794830322 8.9689302444458 9.21181869506836 9.51826286315918 10.2236452102661 10.9411106109619 11.7130489349365 12.7195329666138 13.2322063446045 14.0173091888428 15.5226345062256 16.6874504089355 17.7683696746826 20.8290214538574 18.7000694274902 15.0552530288696 16.6838989257812 12.2185440063477 9.08394145965576 7.80509805679321 8.52359676361084 7.98576545715332 7.60053634643555 7.83405065536499 8.55985736846924 8.89708709716797 9.46866035461426 10.920069694519 13.710352897644 15.7813930511475 21.4086494445801 21.7399997711182 14.4501581192017 10.0900630950928 6.32098579406738 5.48925065994263 6.82048082351685 7.41574192047119 7.73639535903931 9.45792388916016 10.5481243133545
7.08432197570801 7.39076662063599 7.70820379257202 8.02427387237549 8.45718479156494 8.65097236633301 8.84311389923096 9.33678436279297 9.89582061767578 10.5363636016846 11.2807102203369 11.7586755752563 12.2359886169434 12.8587265014648 13.6508798599243 15.2078886032104 16.2384624481201 16.7159233093262 19.5230388641357 15.1197643280029 14.7654371261597 10.4309186935425 10.438850402832 8.39684772491455 7.25232124328613 7.17718124389648 7.50621318817139 7.6370735168457 8.21048927307129 8.42294025421143 9.27788352966309 11.1218166351318 12.1199035644531 14.7100896835327 14.4615468978882 20.3983726501465 15.2742004394531 10.9862957000732 8.09849834442139 7.123131275177 6.85149145126343 8.94507694244385 8.74623489379883 9.71256542205811 10.4028835296631
7.03150463104248 7.30235767364502 7.55705785751343 7.85093116760254 8.09736156463623 8.31096744537354 8.57187080383301 9.03709602355957 9.53573608398438 9.99263668060303 10.2884693145752 10.8514003753662 11.2334938049316 11.6013154983521 12.0692958831787 13.4313125610352 14.4267024993896 14.7973480224609 15.3505878448486 13.6277732849121 11.1907167434692 8.32059001922607 10.670597076416 10.4141101837158 7.0976095199585 7.19545316696167 7.37199068069458 7.70279359817505 7.73485088348389 7.95813703536987 8.89680767059326 9.73604869842529 11.3497838973999 11.8853359222412 11.4539918899536 13.8046188354492 15.7202987670898 14.4912643432617 11.4581422805786 9.10632801055908 7.59941148757935 8.61007499694824 9.15474033355713 9.927734375 10.8075389862061
6.91213846206665 7.15342092514038 7.40178203582764 7.58954906463623 7.85146951675415 8.0444450378418 8.35736846923828 8.77300834655762 9.08271598815918 9.31487274169922 9.4997091293335 9.9082145690918 10.0730953216553 10.4689292907715 11.0175409317017 11.1985645294189 12.3282127380371 12.2577638626099 12.5051717758179 14.5071716308594 11.5855388641357 7.80812692642212 8.88403511047363 8.77007865905762 7.7250280380249 7.29744100570679 7.00311660766602 7.22330808639526 7.37768745422363 7.23950386047363 7.52601146697998 8.87344646453857 9.39609527587891 8.97974395751953 8.80923461914062 8.23884010314941 7.12677812576294 6.61607265472412 7.00769424438477 7.39894437789917 7.96758222579956 8.55601215362549 9.14004516601562 9.80793857574463 10.5234451293945
