slauniainen/Data/DEM/Vihti_dsm1500b_cl_horizonAngle_126.asc
NCOLS 196 
NROWS 178 
XLLCORNER 353680 
YLLCORNER 6699024 
CELLSIZE 16 
NODATA_value -3.4e+38 
[rows 140 to 159 of 178, columns 46 to 91 of 196]
5.77172756195068 8.33199787139893 24.7671375274658 5.3716721534729 7.09388542175293 4.35652542114258 4.35980129241943 16.1515712738037 4.13915872573853 14.3291597366333 4.85414409637451 5.12765550613403 11.929461479187 13.6502285003662 5.02928972244263 21.1471862792969 13.8330612182617 7.52841138839722 10.0597305297852 7.35790300369263 9.10162258148193 13.071328163147 7.98799514770508 11.2596702575684 8.33496475219727 7.37236404418945 10.6006889343262 4.85632610321045 5.89371871948242 4.47363567352295 5.82097816467285 8.32948398590088 7.26383209228516 8.36718463897705 11.0713348388672 17.1625328063965 5.38724231719971 5.42947149276733 6.04814338684082 5.30778932571411 8.77879047393799 20.9972152709961 21.2314281463623 13.316725730896 14.3935146331787 8.150071144104
5.79708480834961 29.5317573547363 7.30522298812866 20.43772315979 6.75217151641846 5.19774055480957 5.96955394744873 6.75449275970459 17.4813232421875 4.40457725524902 5.47363424301147 4.66978359222412 5.20518445968628 8.00481796264648 4.40167140960693 5.55587387084961 4.61127758026123 5.89184331893921 8.2700252532959 12.0159730911255 12.9185028076172 8.98537540435791 8.47244644165039 8.53383922576904 12.7680692672729 15.4868173599243 23.413911819458 16.282995223999 11.3259248733521 7.27643299102783 8.23621368408203 7.78540945053101 10.2514724731445 17.1849899291992 10.6734428405762 8.85001182556152 25.5792846679688 35.9927711486816 10.8297920227051 6.35621881484985 12.7407827377319 11.5745992660522 14.7499408721924 10.84850025177 14.3736562728882 17.4081172943115
7.31580257415771 10.0419292449951 6.4067964553833 27.9373455047607 15.9931020736694 5.28950548171997 18.1602210998535 20.2538414001465 15.2577476501465 4.90267992019653 5.28921461105347 6.26552581787109 5.04130125045776 9.80478191375732 8.12407684326172 4.8083176612854 5.99615478515625 4.68141031265259 7.43347072601318 21.4645366668701 8.80483436584473 10.3072900772095 9.23241996765137 12.2997446060181 12.6977138519287 15.3659563064575 16.4214401245117 12.5005569458008 25.7334861755371 35.7900238037109 6.56740570068359 10.9453716278076 9.72790622711182 8.67409229278564 6.84475612640381 8.55451679229736 8.03849220275879 13.8838996887207 5.79357767105103 5.92728996276855 6.51310205459595 8.13973712921143 7.1638650894165 7.55008554458618 8.46157932281494 10.2353096008301
9.15206718444824 13.6185636520386 7.38613843917847 19.7349700927734 6.55323505401611 7.52663707733154 12.3983821868896 26.4039840698242 5.9010648727417 6.02827644348145 5.88061666488647 6.92502927780151 6.56678533554077 6.39370203018188 5.40698003768921 5.63121557235718 5.98712921142578 7.07166242599487 6.52167701721191 6.60614061355591 7.75757360458374 11.8162050247192 14.7246370315552 14.1299648284912 13.5942630767822 12.8284893035889 12.0911979675293 17.8283634185791 33.649658203125 38.3756446838379 10.2343835830688 5.9447193145752 14.7431659698486 23.8409824371338 15.2847833633423 8.6210765838623 8.96281433105469 8.7070255279541 20.8573760986328 28.9293651580811 5.96671199798584 6.69990015029907 8.29185962677002 7.42659521102905 8.04146194458008 9.08559226989746
16.2976188659668 31.5712013244629 14.6262912750244 12.6527166366577 7.09442806243896 7.43782711029053 9.60770320892334 19.994571685791 6.44356107711792 7.52825927734375 6.63029527664185 11.6740770339966 9.71105289459229 7.5577392578125 8.29076290130615 11.3587808609009 6.16918468475342 7.92417192459106 7.38038635253906 7.37635660171509 20.9077644348145 18.3683204650879 12.9625911712646 17.5425796508789 15.6497650146484 15.9554481506348 17.2982063293457 14.1196298599243 26.2228450775146 41.3211784362793 6.28918838500977 7.89270162582397 38.5924644470215 19.3373432159424 10.4781818389893 5.86683702468872 10.9324417114258 11.800612449646 10.1403436660767 18.8569831848145 7.11704921722412 7.28706026077271 7.72757720947266 8.92931270599365 9.96764373779297 11.2849550247192
31.4647369384766 12.5465517044067 6.92974090576172 6.75019454956055 8.27744674682617 7.73504400253296 10.1534786224365 20.4535427093506 7.617919921875 8.09840488433838 11.1139602661133 21.3640022277832 22.753267288208 8.61263751983643 10.2154655456543 7.81852531433105 5.85306406021118 6.0424222946167 10.8673839569092 24.544792175293 25.3380012512207 9.40056324005127 10.2028026580811 15.8915815353394 21.4552745819092 23.8644676208496 26.9255695343018 30.7098979949951 24.2721385955811 35.4033317565918 21.2447032928467 2.51116418838501 10.7244548797607 12.050763130188 9.5481071472168 4.56604814529419 10.9258518218994 14.0349807739258 17.9152565002441 26.4522800445557 25.3223133087158 7.81187152862549 8.41254901885986 10.7200031280518 12.1072950363159 13.6272735595703
15.9070510864258 6.84678030014038 12.5320072174072 7.1891016960144 20.0239334106445 32.5279960632324 8.09913444519043 9.67627048492432 9.36619281768799 8.10561943054199 8.69061279296875 8.57703685760498 7.84529447555542 8.23287200927734 8.96184158325195 7.95707321166992 13.1324787139893 15.8938140869141 7.13804769515991 20.7386741638184 14.2596597671509 7.0923638343811 10.3623428344727 28.6902084350586 28.7369213104248 24.5459518432617 27.7686290740967 16.0907306671143 15.2401542663574 16.6553001403809 28.0730113983154 1.43512856960297 11.3917875289917 1.90699315071106 2.7983729839325 7.32416963577271 12.9893312454224 14.5456657409668 21.9275722503662 32.2985534667969 7.74861097335815 9.2413969039917 8.01427459716797 11.8055601119995 14.2594480514526 16.9354476928711
14.0649242401123 7.90543270111084 7.01603841781616 8.00745582580566 12.1667318344116 8.52414703369141 8.24820804595947 9.97061157226562 10.5951614379883 11.8303661346436 16.1483554840088 13.2080125808716 19.3397979736328 18.9634952545166 8.42879486083984 10.4829320907593 9.58226203918457 12.0749769210815 16.1284294128418 15.9092073440552 6.91542673110962 10.5021848678589 11.1348257064819 15.6588010787964 9.45673847198486 12.8080139160156 12.3633680343628 8.83374309539795 16.0207824707031 15.7512474060059 21.6909427642822 23.5207843780518 2.24457287788391 2.19812226295471 0.931791067123413 12.1630249023438 37.9143714904785 17.2420539855957 22.4060211181641 32.9291305541992 7.12870025634766 8.42533206939697 12.0606098175049 13.4456300735474 19.2539138793945 29.5082397460938
8.05079936981201 7.28762197494507 8.23955631256104 7.45311450958252 12.2427101135254 8.73020839691162 14.370888710022 13.9091892242432 16.7221164703369 18.9357471466064 11.7501468658447 13.6558523178101 14.6768589019775 23.5871753692627 12.3103361129761 14.6051006317139 10.8949823379517 11.7725687026978 10.7221870422363 12.2418966293335 5.08341264724731 10.687292098999 5.12546730041504 11.2140436172485 9.45500755310059 11.0669937133789 7.26683044433594 8.88650417327881 11.970160484314 17.055700302124 26.6768169403076 11.6851177215576 46.6830139160156 2.81030988693237 3.44027757644653 2.90622043609619 5.37337636947632 8.17324638366699 25.9404449462891 38.3390960693359 5.89932012557983 7.74394178390503 13.3243770599365 15.8502950668335 30.9703235626221 40.375919342041
8.20886135101318 8.50725555419922 10.2644309997559 9.49822235107422 9.22850894927979 11.2047319412231 14.896409034729 20.2846622467041 15.4858646392822 14.6169328689575 16.7568035125732 18.6455497741699 23.6789646148682 17.1576843261719 12.1216621398926 15.7351245880127 9.71188068389893 14.0032415390015 17.2457809448242 10.3048315048218 6.38560390472412 18.2426776885986 5.53825283050537 5.42386293411255 6.51471567153931 11.1781711578369 14.0096321105957 14.6005840301514 10.4583349227905 12.0267143249512 25.9348831176758 22.693696975708 3.82381153106689 0.362298995256424 9.71103191375732 4.82984828948975 7.75322580337524 12.1399459838867 3.3053240776062 12.2667398452759 3.77862787246704 5.73064851760864 13.304235458374 27.6446475982666 18.3053398132324 25.3226127624512
10.5688180923462 10.8758697509766 11.9861192703247 11.8204193115234 15.8218145370483 18.1338653564453 18.9515419006348 32.6574172973633 26.4132595062256 33.5929374694824 25.9877243041992 31.9795570373535 22.6247520446777 21.5300712585449 23.9723644256592 14.485182762146 17.0786418914795 19.2807121276855 12.8145971298218 13.371431350708 12.807014465332 15.8877830505371 4.54202032089233 5.9480996131897 7.37146043777466 6.78280401229858 12.3150053024292 17.8053817749023 9.39787292480469 10.5019264221191 18.2333354949951 18.4536628723145 0.0275950543582439 11.4289245605469 26.7382049560547 33.690372467041 11.8762273788452 19.7174396514893 9.75743007659912 8.39216709136963 15.0985813140869 20.8615455627441 21.5377464294434 28.7868995666504 32.2225875854492 20.5126304626465
10.9501647949219 13.6252040863037 11.0251531600952 17.0516109466553 18.6613960266113 17.5888824462891 32.5684623718262 37.6212425231934 23.4563617706299 20.2487277984619 11.9096841812134 18.8208427429199 15.7230319976807 20.1075973510742 27.7667808532715 16.4102878570557 13.4127931594849 9.49913883209229 7.41474294662476 12.8853359222412 10.8828363418579 16.8694686889648 7.52972984313965 17.3401660919189 9.95806217193604 10.0517711639404 8.31433486938477 16.2267837524414 23.1234283447266 33.4111251831055 11.9282913208008 15.5789461135864 3.86878728866577 10.3974781036377 23.5415573120117 7.65167856216431 8.78096008300781 30.0927715301514 25.8943157196045 13.7068347930908 6.47638130187988 18.4907131195068 30.6406364440918 31.2095851898193 7.21813201904297 5.94449377059937
12.8779468536377 19.219331741333 15.6449632644653 22.2321300506592 32.3545227050781 18.3184700012207 29.2750930786133 17.4056053161621 10.3251209259033 14.0189723968506 15.122218132019 17.1293659210205 19.3967208862305 17.9615917205811 11.2559976577759 6.52583265304565 6.9344654083252 8.42255020141602 11.8220844268799 9.7918586730957 8.55022811889648 11.92467212677 4.05020236968994 4.84903573989868 5.94154596328735 6.52371215820312 17.8110065460205 23.7589797973633 10.9489812850952 9.89943027496338 2.72150254249573 12.9481763839722 15.7726268768311 8.26105690002441 22.5603790283203 17.1623134613037 12.6966686248779 8.32085800170898 21.9552307128906 -0.673799991607666 0.606597483158112 1.28818643093109 27.5326156616211 40.6815986633301 4.10156106948853 8.00595760345459
14.6879653930664 17.3161354064941 19.3716430664062 35.2728614807129 31.7565631866455 12.9299325942993 18.6399116516113 16.859712600708 27.2291431427002 18.8988132476807 12.2380304336548 20.2321453094482 9.4412145614624 7.04744338989258 8.19314384460449 14.3794279098511 10.0299072265625 9.1973876953125 19.1246280670166 15.2507381439209 12.8391389846802 8.76993751525879 3.82217025756836 5.10862922668457 8.02366924285889 8.81602764129639 11.6382513046265 6.40234661102295 6.59734535217285 11.3078498840332 4.97051763534546 7.53319931030273 20.4160804748535 24.9581775665283 20.0690059661865 18.1792984008789 -1.9649806022644 -2.9259626865387 -2.60319375991821 12.5463199615479 -0.408899545669556 0.893800735473633 1.75215518474579 13.9338121414185 4.71351909637451 6.41289281845093
16.2134494781494 34.9886436462402 30.7818965911865 13.92298412323 12.0909729003906 13.0871334075928 19.5594711303711 23.99951171875 19.2317142486572 7.61887216567993 6.53151082992554 7.82404279708862 6.36581230163574 7.65593099594116 15.2398366928101 14.9128751754761 4.49038028717041 7.20264959335327 6.51950216293335 5.27902603149414 7.29808759689331 11.6256055831909 12.1511869430542 4.01028251647949 9.07802677154541 7.24714469909668 9.63774585723877 11.2743158340454 6.07672452926636 9.20991897583008 10.1074781417847 5.28869867324829 10.0379076004028 20.9325332641602 2.63577437400818 -2.94171714782715 -2.78084635734558 4.66534948348999 11.7833013534546 2.30391407012939 23.6925430297852 1.5692126750946 1.45530307292938 5.15203952789307 20.6486396789551 29.2736911773682
32.5001525878906 17.712739944458 9.56563377380371 12.0862770080566 14.0398187637329 17.6510639190674 23.4357089996338 13.5919589996338 8.83044624328613 4.22204065322876 12.3679800033569 9.09539413452148 11.9789848327637 7.64990615844727 15.5057783126831 7.51369285583496 7.31957578659058 10.6134405136108 7.34421539306641 6.77496671676636 10.5291414260864 6.79412508010864 8.04628086090088 3.47639226913452 4.48436975479126 5.17175388336182 8.57528400421143 11.8759660720825 12.6293067932129 10.5416479110718 11.493691444397 11.4631872177124 10.6114692687988 16.408634185791 7.56877470016479 13.429235458374 2.50041246414185 3.0256073474884 -1.49167215824127 8.28903102874756 1.31426846981049 2.36143851280212 0.327581703662872 7.93503284454346 19.941707611084 14.7374639511108
21.2684192657471 18.3074169158936 11.6103620529175 21.602222442627 13.0128927230835 21.4272747039795 22.0812320709229 11.0798273086548 13.3166751861572 5.47674179077148 5.33684158325195 8.03200912475586 7.79015588760376 9.20782089233398 13.5577764511108 7.87189340591431 15.6159658432007 15.3494167327881 12.1487607955933 11.0743083953857 18.9955883026123 9.22435092926025 3.61616015434265 2.91666078567505 9.80420589447021 6.25243902206421 10.9150066375732 18.8311233520508 10.5829753875732 12.7582101821899 10.5869827270508 8.72283363342285 14.5002374649048 22.9076595306396 13.5473585128784 16.9304428100586 4.84841156005859 14.9558763504028 15.0577621459961 18.981538772583 -1.32186949253082 2.56664633750916 -0.446565330028534 9.2979154586792 27.6200542449951 41.2991790771484
23.2610950469971 21.1998653411865 17.1902408599854 21.1785984039307 8.9187479019165 14.2935914993286 15.731315612793 8.99284172058105 14.6093664169312 6.28331184387207 6.46376991271973 8.63446807861328 11.7030534744263 10.5088863372803 6.89633369445801 7.38045644760132 10.0734548568726 13.9463224411011 3.58914566040039 3.78782653808594 4.00292539596558 2.8136293888092 3.41647052764893 3.89300465583801 6.18731546401978 4.92165040969849 12.8009338378906 8.79930973052979 7.23219871520996 19.3254909515381 19.6337471008301 18.5866508483887 12.377290725708 24.5167064666748 18.0407218933105 8.69819259643555 3.33851170539856 7.65113162994385 10.1141977310181 10.2467308044434 3.43766403198242 -1.10615193843842 3.57666516304016 3.15299892425537 19.0951652526855 33.8036842346191
4.90972757339478 4.18769216537476 3.71582293510437 7.7562427520752 5.74965143203735 9.47140693664551 5.68204069137573 4.4042501449585 8.93379592895508 3.03117799758911 18.1890048980713 17.3049716949463 4.69206237792969 3.84356355667114 2.85084915161133 3.03515625 3.04585266113281 3.01518177986145 2.59394979476929 3.70716381072998 8.6077995300293 7.94715690612793 3.79960966110229 4.4045147895813 5.61134576797485 8.00447177886963 27.4168834686279 22.1370697021484 24.6199550628662 19.1903114318848 10.8258123397827 23.5694847106934 39.4236030578613 27.5526847839355 15.5167970657349 9.78864669799805 14.125581741333 11.6075487136841 7.47487306594849 6.21200466156006 2.25461363792419 -1.60534942150116 -0.994794905185699 26.0854530334473 6.03669118881226 28.9542255401611
5.2212176322937 8.0149564743042 19.2643260955811 3.85260009765625 8.58706283569336 11.8615446090698 11.7180309295654 9.93278980255127 5.89227437973022 3.41278314590454 3.26665616035461 3.19467234611511 2.97859835624695 3.63945436477661 4.05469083786011 4.24222707748413 5.13185977935791 3.47937488555908 3.19487309455872 3.08081030845642 3.01465606689453 4.61474704742432 5.22332763671875 4.4554762840271 5.44348621368408 15.6757583618164 6.04072856903076 5.04816150665283 5.23719787597656 6.57775163650513 6.70040321350098 11.7419261932373 17.0380229949951 1.67136406898499 5.38770389556885 9.99182319641113 4.71003484725952 2.5203742980957 9.91158962249756 5.33598470687866 4.62967967987061 -1.01081132888794 0.151662975549698 4.37444639205933 1.70941030979156 24.9759273529053
