slauniainen/Data/DEM/Vihti_dem1500b_cl_horizonAngle_240.asc
NCOLS 196 
NROWS 178 
XLLCORNER 353680 
YLLCORNER 6699024 
CELLSIZE 16 
NODATA_value -3.4e+38 
[rows 40 to 59 of 178, columns 90 to 134 of 196]
-0.521165072917938 -0.384851545095444 2.29082536697388 2.25869131088257 1.64781641960144 1.78488481044769 1.7652667760849 1.66813230514526 1.7637380361557 2.02035021781921 1.84732174873352 1.97079312801361 1.81802237033844 1.83128523826599 1.7829817533493 1.76826345920563 1.83321249485016 1.5896635055542 1.69743835926056 1.62769091129303 1.55639123916626 1.44229018688202 1.40286552906036 1.29799509048462 1.21991157531738 1.22127044200897 1.17662966251373 1.43982803821564 1.68159556388855 2.13603401184082 2.74365711212158 2.6223316192627 3.00436210632324 3.79893064498901 4.08656167984009 3.35293912887573 2.54262018203735 3.30858469009399 3.95979166030884 3.36980009078979 4.83713817596436 5.14086008071899 4.24781847000122 4.37051010131836 4.31104183197021
-0.544017314910889 -0.623375177383423 0.634071528911591 2.86230802536011 2.72965407371521 2.06365728378296 2.09483885765076 2.58864831924438 2.20927095413208 2.1840181350708 1.97199213504791 1.84777987003326 1.87118196487427 2.01757955551147 2.13046813011169 1.99167287349701 1.91810882091522 1.80553996562958 1.71909642219543 1.58881485462189 1.53370714187622 1.48946142196655 1.36965751647949 1.31851673126221 1.25490915775299 1.20742690563202 1.15345549583435 1.11352026462555 1.22838401794434 2.31483840942383 3.3197615146637 3.51917171478271 2.99022102355957 3.58848071098328 4.84783172607422 3.31116247177124 2.35729312896729 2.4464898109436 3.14841103553772 5.12415885925293 4.07182884216309 5.22978591918945 5.5399055480957 5.03119993209839 4.9611964225769
-0.558933794498444 -0.658052861690521 -0.694864273071289 0.707337319850922 3.27698731422424 4.54288673400879 2.99406361579895 2.59018349647522 2.2433180809021 2.23560237884521 2.08427214622498 2.02620220184326 2.02407693862915 2.2187511920929 2.14162373542786 2.06144905090332 1.99594271183014 1.85757100582123 1.72483551502228 1.61248433589935 1.51915860176086 1.41638708114624 1.63853168487549 1.42837929725647 1.28385996818542 1.23467099666595 1.19111013412476 1.22661888599396 1.41117691993713 1.8859144449234 2.27605080604553 2.82358264923096 3.29049491882324 3.89147400856018 5.10760974884033 2.94537305831909 2.25231170654297 2.66740250587463 2.76136040687561 4.76806879043579 6.16332387924194 6.34167766571045 7.18945980072021 5.81300926208496 5.3943018913269
-0.565747320652008 -0.662361919879913 -0.718158066272736 -0.759862124919891 1.03333175182343 4.02108144760132 2.97759175300598 2.4675567150116 2.39949440956116 2.54967737197876 2.4768123626709 2.52080488204956 2.30473828315735 2.19571137428284 2.14412689208984 2.06456398963928 2.10774183273315 1.9228196144104 1.7532696723938 1.56017446517944 1.46840953826904 1.48006212711334 1.99396550655365 1.87672865390778 1.84078550338745 1.47680270671844 1.3856383562088 1.24722301959991 1.21840155124664 1.22296345233917 1.55612432956696 2.2013726234436 3.2771315574646 3.98953413963318 5.19151496887207 2.5969135761261 2.08538174629211 1.97644519805908 2.09240436553955 2.27501893043518 5.6146993637085 6.40644645690918 7.58090496063232 5.90303802490234 5.10173034667969
-0.545812845230103 -0.685351848602295 0.500186860561371 -0.840446472167969 -0.856456935405731 -0.224472403526306 2.48659825325012 2.620934009552 2.35356903076172 2.85060667991638 3.07619881629944 2.7684338092804 2.55234980583191 2.23359513282776 2.06055212020874 2.48651146888733 2.77033233642578 2.53276824951172 2.09540414810181 1.65115392208099 1.41026711463928 1.27208089828491 1.82599294185638 1.81071758270264 2.00015926361084 2.03458118438721 1.74658334255219 1.3799524307251 1.3677065372467 1.24924409389496 1.1787918806076 1.6824061870575 3.40528011322021 4.08110284805298 4.48951387405396 2.3774049282074 2.23030805587769 2.10069036483765 1.91851663589478 1.8209525346756 1.99307799339294 5.42507076263428 6.26620769500732 6.04736566543579 5.26609897613525
-0.530607640743256 -0.777212619781494 -0.78548127412796 -0.826061725616455 -0.55151230096817 -0.88382762670517 2.71798300743103 4.2052788734436 2.96704292297363 2.44314408302307 2.93135023117065 3.05304408073425 2.84003090858459 2.27317500114441 1.91360068321228 2.14088582992554 2.49917984008789 2.84474277496338 2.69761824607849 2.22395157814026 1.59241545200348 1.39437973499298 1.45356452465057 1.87875497341156 2.63237547874451 2.16491341590881 1.99802720546722 1.58287024497986 1.48770689964294 1.33965528011322 1.57408547401428 1.72905087471008 2.80889749526978 4.15822887420654 4.16254186630249 2.33566427230835 2.10633659362793 2.06194353103638 1.93562269210815 1.7094509601593 1.58435845375061 7.80539655685425 6.78711891174316 5.25094509124756 4.99205636978149
-0.51225870847702 -0.788788080215454 -0.815304338932037 -0.848990917205811 -0.0515615753829479 -0.985008537769318 -0.612833142280579 2.98345851898193 2.90097308158875 2.52137303352356 2.3669695854187 2.74961280822754 2.51315927505493 2.26369667053223 1.78779172897339 1.79321277141571 1.81207811832428 2.32884073257446 2.53484082221985 2.50564885139465 1.85047340393066 1.6672443151474 1.60685515403748 1.80864286422729 2.05117416381836 2.04017639160156 2.24626922607422 1.8584725856781 1.74171960353851 1.87650775909424 1.95276927947998 2.14494967460632 2.12291193008423 3.48794436454773 4.564377784729 2.22472381591797 2.15479731559753 1.93947672843933 1.76835680007935 1.6343594789505 1.3228006362915 5.00062894821167 7.14057350158691 5.32223892211914 3.91163921356201
-0.530478894710541 -0.767157793045044 -0.828976988792419 -0.859820127487183 -0.298152357339859 -0.226297989487648 -1.04829835891724 -0.144547268748283 0.331254363059998 1.2235951423645 2.0523316860199 2.28730535507202 2.3140766620636 2.27952265739441 1.69091844558716 1.6454131603241 1.52040088176727 1.7618887424469 2.04373621940613 2.21937012672424 2.08490872383118 2.46306371688843 1.59546601772308 1.4835079908371 1.59169209003448 1.66679072380066 1.99095547199249 1.7824627161026 2.13375353813171 2.35863542556763 2.24731349945068 2.43547058105469 2.37719082832336 2.38579225540161 4.21947860717773 3.75042963027954 2.09394979476929 1.87582075595856 1.62969374656677 1.49409997463226 1.29136085510254 1.22529542446136 5.94367790222168 4.54552412033081 3.36278629302979
-0.527548551559448 -0.740167737007141 -0.907527446746826 -0.993898689746857 -1.03428077697754 -0.442862540483475 0.40324205160141 0.403292149305344 0.515553712844849 0.527250170707703 1.30891311168671 1.78845536708832 1.87195241451263 2.12445878982544 1.86090421676636 1.5603905916214 1.49289071559906 1.53459000587463 1.78751933574677 2.19540238380432 2.13074803352356 2.32391285896301 2.17252349853516 1.84863042831421 1.73118126392365 1.83130013942719 2.1034107208252 2.14881992340088 2.44790530204773 2.64479613304138 2.53682708740234 2.34932661056519 2.40355968475342 2.34118127822876 2.23553657531738 3.65382528305054 2.10711240768433 1.78495109081268 1.64654970169067 1.37899589538574 1.22690713405609 1.12801599502563 5.14214420318604 3.78631591796875 2.5080783367157
-0.535389482975006 -0.77951842546463 -0.942767798900604 -1.01088750362396 -1.06832432746887 -0.69096714258194 1.16154146194458 0.845624029636383 1.1274961233139 1.43536829948425 1.02336812019348 1.12270700931549 1.58008086681366 1.53101861476898 1.61963403224945 1.51647222042084 1.17634308338165 0.890222907066345 1.57277429103851 1.28112769126892 1.05142736434937 1.47279345989227 1.68835127353668 1.84516632556915 2.09253931045532 2.21863126754761 2.54083800315857 2.45915293693542 2.72050285339355 2.50678730010986 2.55038547515869 2.46229076385498 2.32726883888245 2.19055080413818 2.12153840065002 1.98569774627686 2.71221971511841 1.84359264373779 1.55127286911011 1.33871555328369 1.10358464717865 1.18049383163452 2.58540296554565 1.89958417415619 2.08232355117798
-0.493108958005905 -0.720861256122589 -0.872461974620819 -1.00859236717224 -1.08803629875183 -1.10630071163177 0.300557464361191 1.03572642803192 0.827400684356689 1.11440312862396 1.05023968219757 0.760612428188324 0.963766932487488 1.20013344287872 0.942145645618439 1.10210168361664 1.32814431190491 0.796506643295288 1.33649516105652 1.09430944919586 1.20230543613434 1.91533827781677 2.22483277320862 2.34617447853088 2.68223524093628 2.56449794769287 2.83363318443298 2.74403667449951 2.56355667114258 2.62737393379211 2.45757532119751 2.29589104652405 2.24513578414917 2.04486083984375 1.986083984375 1.97032237052917 2.48490142822266 1.84043824672699 1.78612327575684 1.68522846698761 1.60509395599365 1.70335757732391 1.88294589519501 2.06932020187378 2.55538845062256
-0.479205548763275 -0.659037888050079 -0.870431840419769 -1.00239050388336 -1.08708834648132 -1.12541997432709 -1.13589811325073 0.0660312622785568 1.02543294429779 0.886293530464172 0.951503157615662 0.826261162757874 0.892577946186066 0.799143552780151 0.922103703022003 1.0931990146637 1.04349672794342 0.921201586723328 1.31302213668823 1.56301915645599 1.9944314956665 2.57114410400391 2.95762968063354 2.80134677886963 3.05614471435547 2.93056893348694 2.70268392562866 2.76993274688721 2.69102644920349 2.52979159355164 2.35489988327026 2.12562704086304 2.08958220481873 2.03480529785156 1.81969141960144 1.92231714725494 2.22159814834595 2.33775734901428 2.28872156143188 2.33195972442627 2.23433065414429 2.33817529678345 2.54088830947876 2.63698983192444 2.97492051124573
-0.451129198074341 -0.595622658729553 -0.784910023212433 -0.964893519878387 -1.04560565948486 -1.07258439064026 -1.09968841075897 0.0449932254850864 1.2699863910675 1.06590390205383 1.16707861423492 0.998988211154938 1.2211252450943 0.938124299049377 0.835240662097931 1.07213282585144 1.53297483921051 1.7410888671875 2.24254012107849 2.68406081199646 2.73159837722778 3.12797403335571 3.3800904750824 3.20985674858093 2.92954778671265 2.99139809608459 2.86554098129272 2.68373656272888 2.5034167766571 2.41133213043213 2.16971039772034 2.09506440162659 1.8983701467514 1.99247550964355 1.94337224960327 2.21111106872559 2.5937647819519 2.8665726184845 2.90165495872498 2.90356922149658 3.08699250221252 3.10902547836304 3.37968277931213 3.34325480461121 3.51786756515503
-0.339414238929749 -0.426107734441757 -0.571622967720032 -0.811590790748596 -0.98694235086441 -0.973689615726471 -1.02150905132294 0.312438100576401 2.02180814743042 1.60225129127502 1.64573299884796 1.30286717414856 1.20179462432861 1.43815398216248 1.32226514816284 1.69549798965454 2.7385413646698 3.20017218589783 3.12702870368958 3.61254835128784 3.36387944221497 3.60135841369629 3.19656586647034 3.18291115760803 3.15032744407654 2.88794851303101 2.86768507957458 2.56907391548157 2.46322178840637 2.2062554359436 2.13840532302856 2.14082264900208 2.08373403549194 2.30746603012085 2.48073053359985 2.65842127799988 2.99441719055176 3.36783862113953 3.75922012329102 3.78311634063721 4.05461311340332 3.9953179359436 4.02912139892578 4.03825044631958 3.845778465271
-0.137990519404411 -0.252321600914001 -0.443392068147659 -0.564840197563171 -0.807366192340851 -0.942392289638519 -0.9518723487854 -0.0174737572669983 2.49910283088684 2.29261922836304 2.13888907432556 2.26960420608521 2.13146734237671 2.30861210823059 2.6616382598877 3.07921934127808 3.81048345565796 4.46161222457886 3.93658018112183 4.01208877563477 3.7510871887207 3.33762860298157 3.24924993515015 2.9544689655304 4.30888080596924 3.79536271095276 3.16444849967957 2.70416283607483 2.39885878562927 2.1315586566925 2.19540357589722 2.45549631118774 2.72114849090576 2.85085320472717 3.14178347587585 3.35704517364502 3.54083132743835 4.23552560806274 4.80982208251953 4.77996873855591 4.74670648574829 4.75924015045166 4.47614145278931 4.47769641876221 4.22900247573853
0.0995433330535889 -0.0705761983990669 -0.195659726858139 -0.406037718057632 -0.593767404556274 -0.827042937278748 -0.964237630367279 -0.976260364055634 1.25257897377014 3.55316853523254 3.50604581832886 3.21012353897095 4.25752592086792 4.23304271697998 4.90926504135132 4.37300586700439 5.0150203704834 5.02286243438721 4.34824800491333 3.74902558326721 3.71217012405396 3.48883461952209 3.10341119766235 2.61101770401001 3.92572069168091 3.76013612747192 3.06085705757141 2.69798493385315 2.65247678756714 2.37000870704651 2.56101059913635 3.07748746871948 3.46657395362854 3.68550586700439 3.83777022361755 4.42288112640381 4.72818517684937 5.14920711517334 5.47735452651978 5.53305006027222 5.21436405181885 5.1782431602478 4.90509080886841 4.64207553863525 4.38393545150757
0.286512225866318 0.20570994913578 -0.012927376665175 -0.21202740073204 -0.491094529628754 -0.731141805648804 -0.918105781078339 -0.975517988204956 0.467453688383102 4.34316873550415 7.18452501296997 5.9774169921875 7.43097829818726 6.6655707359314 6.80514192581177 5.85892486572266 5.83682537078857 4.97473621368408 4.39904499053955 4.00411987304688 3.61907887458801 3.17549014091492 2.83314871788025 2.23489093780518 3.56835198402405 3.54030323028564 3.35962224006653 3.22897338867188 3.24857568740845 3.48256921768188 3.35471248626709 3.72386264801025 4.26670932769775 4.91873550415039 5.29553699493408 5.70701169967651 5.91982746124268 5.94933223724365 6.03317594528198 5.93345212936401 5.63100242614746 5.31661415100098 5.03261089324951 4.57186603546143 4.25108098983765
0.364555150270462 0.413633286952972 0.198451355099678 -0.0876222103834152 -0.361655801534653 -0.692037045955658 -0.793078482151031 -0.985969364643097 0.71164470911026 6.91559791564941 12.3635911941528 12.4240465164185 10.1338796615601 9.02892017364502 7.86248016357422 7.0577244758606 6.03059339523315 5.25792932510376 4.50328159332275 3.6992769241333 3.38371610641479 2.85378885269165 2.45787262916565 2.19796395301819 4.07442378997803 4.492835521698 4.07831335067749 4.89998722076416 4.49876689910889 4.77248859405518 4.96211671829224 4.74465322494507 5.5779914855957 6.48670959472656 6.72084283828735 6.57782649993896 6.86027956008911 6.56265163421631 6.5090389251709 6.04578018188477 5.73227834701538 5.25493907928467 4.86840105056763 4.37345552444458 4.09417247772217
0.52503114938736 0.499518185853958 0.377821415662766 0.0607990138232708 -0.164324730634689 -0.516585946083069 -0.851027369499207 -1.11252963542938 -0.74629682302475 4.9041895866394 11.149959564209 14.5514335632324 12.5419921875 10.1482048034668 9.07946586608887 7.51330089569092 6.69533443450928 5.48261070251465 4.25174522399902 3.56212401390076 3.07148838043213 2.68714284896851 1.88587093353271 2.006507396698 4.54092836380005 7.47901153564453 6.9412317276001 6.51344966888428 7.29906225204468 7.07580232620239 7.05393600463867 7.41234874725342 7.2531418800354 7.54860877990723 7.83112239837646 7.41724681854248 7.37593078613281 7.03695058822632 6.63359594345093 6.07859134674072 5.53837966918945 5.00635004043579 4.66942167282104 4.2349157333374 3.97320318222046
0.64890992641449 0.627317845821381 0.49914163351059 0.263240426778793 0.0058589787222445 -0.356220483779907 -0.752895712852478 -1.47893178462982 -1.83731377124786 -0.274709701538086 9.3480110168457 12.0164556503296 15.7335443496704 12.6842470169067 9.87172603607178 7.88738012313843 6.00929021835327 4.9385838508606 3.92512559890747 3.36766862869263 2.49086284637451 2.11353254318237 1.43875122070312 2.50587058067322 4.53701210021973 7.79755544662476 11.1432371139526 12.061487197876 11.5056200027466 11.0694093704224 9.60835933685303 9.79356384277344 8.97164249420166 8.840012550354 8.44859600067139 8.00369262695312 7.6211895942688 7.19102811813354 6.70182228088379 5.95224046707153 5.31621217727661 4.86820602416992 4.59284114837646 4.21851110458374 4.050950050354
