slauniainen/Data/DEM/Vihti_dem1500b_cl_horizonAngle_126.asc
NCOLS 196 
NROWS 178 
XLLCORNER 353680 
YLLCORNER 6699024 
CELLSIZE 16 
NODATA_value -3.4e+38 
[rows 80 to 99 of 178, columns 0 to 44 of 196]
0.291468262672424 0.857241630554199 0.525377571582794 0.637087762355804 0.677229285240173 0.781145453453064 0.841385424137115 0.98858505487442 1.09141576290131 1.08833432197571 0.954213201999664 0.729955196380615 0.641451597213745 0.630191564559937 0.64449679851532 0.68453711271286 0.787675738334656 0.874962389469147 1.09078454971313 1.17947936058044 1.16664040088654 1.0290641784668 0.977643549442291 1.42097425460815 1.55555140972137 1.53329467773438 1.59715795516968 1.7671971321106 1.87989926338196 2.75225758552551 2.70269083976746 2.41106820106506 1.72572827339172 1.25090873241425 0.590445280075073 0.780330300331116 0.506333708763123 0.535915911197662 0.60177743434906 0.70415985584259 0.754163205623627 0.812983155250549 1.00506448745728 1.16306245326996 1.33509206771851
0.174182996153831 0.312335729598999 0.409079492092133 0.905671775341034 0.643957376480103 0.69778436422348 0.739295125007629 0.811531186103821 1.02248108386993 1.02154731750488 1.11620879173279 0.985854685306549 0.983152389526367 0.796152174472809 0.662333488464355 0.649106085300446 0.836248934268951 0.870167791843414 0.915930092334747 1.14278149604797 1.23119711875916 1.23066425323486 1.27380621433258 1.24382483959198 2.20806312561035 1.58247077465057 1.58728992938995 1.77751338481903 1.9064177274704 2.20550727844238 2.37000107765198 1.70500648021698 1.71125054359436 1.15331506729126 0.614504039287567 0.505804419517517 0.476686656475067 0.526528775691986 0.565043210983276 0.704887270927429 0.775200247764587 0.9338698387146 0.915220260620117 1.05182683467865 1.12837564945221
0.0578429475426674 0.211744666099548 0.329237282276154 0.420104622840881 0.539042174816132 0.661140978336334 0.69058358669281 0.727715849876404 0.838397741317749 0.885001420974731 1.04793190956116 1.15870440006256 1.10895967483521 1.05061423778534 0.883849382400513 0.790414571762085 0.826796770095825 0.910902500152588 0.950991928577423 0.991832554340363 1.19873476028442 1.31078553199768 1.35797655582428 1.37878835201263 1.95549249649048 1.61473619937897 1.57517075538635 1.78891777992249 1.93854200839996 1.99118232727051 2.28868913650513 2.2438817024231 2.07768201828003 1.38664925098419 0.557318568229675 0.530720055103302 0.517287850379944 0.507346212863922 0.554102003574371 0.647169291973114 0.788164019584656 0.82897812128067 0.791564166545868 0.936067044734955 1.03926110267639
0.00226835161447525 0.0880283564329147 0.232059389352798 0.340543568134308 0.520170032978058 1.32819259166718 0.582480847835541 0.692385911941528 0.749114155769348 0.802862763404846 0.874010026454926 1.10069108009338 1.22154402732849 1.23905313014984 1.14658439159393 0.996151387691498 0.989873588085175 0.979053497314453 1.00788247585297 1.04717433452606 1.08542251586914 1.21442949771881 1.35405611991882 1.46038460731506 1.53603327274323 2.00946283340454 1.5740077495575 1.66948807239532 1.88030612468719 2.04665112495422 2.23536038398743 2.64752984046936 2.33703088760376 1.50590848922729 0.684525310993195 0.559047281742096 0.548386991024017 0.538700461387634 0.525700986385345 0.582603871822357 0.682118356227875 0.836964070796967 0.837442219257355 0.94730931520462 1.03490996360779
-0.0404300764203072 0.0424020774662495 0.13750097155571 0.237207755446434 0.388380527496338 1.20946991443634 0.468544095754623 0.594058930873871 0.98029899597168 0.765893042087555 0.802020668983459 0.923694670200348 1.19316375255585 1.21824443340302 1.33310461044312 1.27569246292114 1.39356505870819 1.25555014610291 1.09384155273438 1.06209707260132 1.15822422504425 1.20770514011383 1.25695276260376 1.44789397716522 1.57811939716339 2.46592020988464 1.55468416213989 1.58500945568085 1.79916751384735 2.05608987808228 2.40451860427856 2.6737425327301 2.49514007568359 1.65505862236023 0.797254204750061 0.547200977802277 0.572259485721588 0.57147079706192 0.567342042922974 0.609167277812958 0.63385933637619 0.728115200996399 0.865190744400024 1.82226812839508 1.0201610326767
-0.0717711001634598 -0.0039176675491035 0.0774101316928864 0.168131321668625 0.251520186662674 0.58683305978775 0.392042398452759 0.474247664213181 0.609037160873413 0.607907176017761 0.748477160930634 0.829645037651062 1.03695130348206 1.1161812543869 1.30059266090393 1.49732232093811 1.54711532592773 1.59805965423584 1.42314302921295 1.41609883308411 1.24980509281158 1.27120137214661 1.33317840099335 1.40051746368408 1.44360601902008 2.50420093536377 1.84980547428131 1.5521467924118 1.68976140022278 1.9564493894577 2.25360465049744 2.6643853187561 2.49638414382935 1.71074998378754 0.902637481689453 0.548255383968353 0.557374000549316 0.598235130310059 0.611388206481934 0.630624830722809 0.648090600967407 0.682187676429749 0.767875492572784 0.922947287559509 0.95789110660553
-0.0900790691375732 -0.0299186240881681 0.0545527152717113 0.150124132633209 0.206725299358368 0.295887559652328 0.338133722543716 0.385903656482697 0.486297070980072 0.509008824825287 0.647029042243958 0.820551812648773 0.975741386413574 1.09865403175354 1.17884206771851 1.45585906505585 1.62714326381683 1.71180474758148 1.78535962104797 1.9030396938324 1.66222989559174 1.39317512512207 1.38010144233704 1.4556964635849 1.51535224914551 2.20565366744995 1.91751885414124 1.63452219963074 1.58806049823761 1.79536175727844 1.89742386341095 2.23609828948975 2.38558912277222 1.93606352806091 1.2181304693222 0.667603552341461 0.556295871734619 0.573167562484741 0.588658213615417 0.63976776599884 0.654979705810547 0.695517838001251 0.774813175201416 0.832969129085541 0.866666197776794
-0.0912468135356903 -0.0540731698274612 0.0303197391331196 0.118212848901749 0.165368393063545 0.259778022766113 0.296371906995773 0.335795313119888 0.403861671686172 0.441666454076767 0.52625572681427 0.754157185554504 0.964469075202942 1.03282618522644 1.0638542175293 1.20126175880432 1.56618845462799 1.67302453517914 1.95857203006744 2.04748487472534 2.08020114898682 1.82598638534546 1.5448009967804 1.56118988990784 1.57891440391541 1.70019161701202 1.8738499879837 1.62479054927826 1.66059553623199 1.63373994827271 1.71582436561584 1.90853023529053 2.36584782600403 2.49304270744324 1.68554282188416 0.762685894966125 0.664670467376709 0.656469225883484 0.583586633205414 0.605223178863525 0.663932740688324 0.713604927062988 0.769752383232117 0.823027968406677 0.851248204708099
-0.0685216709971428 -0.0142360916361213 0.0449624359607697 0.116907350718975 0.163122057914734 0.23458094894886 0.288029611110687 0.29826346039772 0.326545923948288 0.396231830120087 0.48309737443924 0.635446786880493 0.86240816116333 0.925973773002625 1.03550672531128 1.13761734962463 1.3729327917099 1.55462300777435 1.87912178039551 2.14061641693115 2.21260905265808 2.23923826217651 1.97608852386475 2.0141658782959 1.79476487636566 1.71074545383453 2.04527235031128 1.68088829517365 1.81284654140472 1.83230268955231 1.74803042411804 1.7295857667923 2.22675943374634 2.72167801856995 1.87646794319153 0.818426549434662 0.943166494369507 0.95826780796051 0.794128656387329 0.663756370544434 0.620395541191101 0.665352165699005 0.758258998394012 0.811579406261444 0.879901945590973
-0.018062885850668 0.0276447739452124 0.0868328288197517 0.12418121099472 0.164715796709061 0.229987576603889 0.264685660600662 0.278298050165176 0.320733696222305 0.340609043836594 0.415732383728027 0.557660758495331 0.755983114242554 0.866418123245239 1.04227519035339 1.26533901691437 1.40278601646423 1.50118553638458 1.65517902374268 2.06714558601379 2.09172511100769 2.44967007637024 2.47248864173889 2.53392338752747 2.2574737071991 1.99402546882629 1.97977197170258 1.78442883491516 1.83847880363464 1.94863379001617 1.83338904380798 1.68255686759949 2.02319121360779 2.62338280677795 2.0796160697937 1.09156727790833 1.37875390052795 1.30996537208557 1.12558448314667 0.856670737266541 0.68022096157074 0.630596995353699 0.708746731281281 0.805000722408295 0.855851769447327
0.0189374666661024 0.0767190381884575 0.135288491845131 0.161709204316139 0.19073386490345 0.24398697912693 0.279060333967209 0.29650604724884 0.330334395170212 0.343171060085297 0.407576680183411 0.499408572912216 0.711545050144196 0.836397111415863 1.02674508094788 1.28026962280273 1.46993827819824 1.46079659461975 1.53495395183563 1.821662068367 1.95218575000763 2.42155432701111 2.69647526741028 2.80004096031189 2.74632000923157 2.47571039199829 2.16290950775146 1.94421601295471 1.83067202568054 1.97209584712982 1.90539360046387 1.71380794048309 1.75332820415497 2.15073275566101 2.05189824104309 1.24033141136169 1.44964373111725 1.44689905643463 1.33651661872864 1.15150332450867 0.875796496868134 0.720908463001251 0.670047044754028 0.750038743019104 0.843566119670868
1.48026478290558 0.590831577777863 0.150063365697861 0.184541553258896 0.207544013857841 0.237870827317238 0.284386098384857 0.311068773269653 0.344510078430176 0.357134878635406 0.400629878044128 0.501177489757538 0.639008760452271 0.782221853733063 0.951917350292206 1.16170120239258 1.3781327009201 1.37022137641907 1.55987632274628 1.75133883953094 1.88202238082886 2.1066198348999 2.62035489082336 2.88507223129272 3.02718162536621 3.10587334632874 2.57842111587524 2.65518236160278 2.22000670433044 2.09469771385193 2.10525226593018 1.86725914478302 1.65841579437256 1.69021093845367 1.82540643215179 1.61354100704193 1.52986311912537 1.484250664711 1.47588562965393 1.36190819740295 1.1833153963089 1.04523026943207 0.893996894359589 0.768501460552216 0.766442656517029
3.01834869384766 1.21413326263428 0.110769689083099 0.19745260477066 0.224968507885933 0.250927060842514 0.291990607976913 0.344353526830673 0.376448929309845 0.401233822107315 0.411734044551849 0.509647965431213 0.631743907928467 0.735036373138428 0.860451698303223 1.07207608222961 1.25871098041534 1.24746799468994 1.46067571640015 1.71007609367371 1.83012652397156 2.0029890537262 2.28234195709229 2.79661989212036 3.02849841117859 3.32847714424133 3.25431632995605 3.28134441375732 2.8059995174408 2.32702493667603 2.12701988220215 1.92933893203735 1.74747884273529 1.69667387008667 1.6856324672699 1.77556872367859 1.69056677818298 1.59845185279846 1.51124918460846 1.49885249137878 1.4837327003479 1.42321717739105 1.24492168426514 0.95119708776474 0.81579178571701
3.16243243217468 0.880428373813629 0.0407935678958893 0.240825399756432 0.243169143795967 0.277097046375275 0.331875711679459 0.380625158548355 0.406014859676361 0.434058666229248 0.458161681890488 0.52206152677536 0.646407067775726 0.749131858348846 0.81171315908432 0.984450101852417 1.15749025344849 1.21692717075348 1.32962548732758 1.59662270545959 1.68216907978058 1.93758118152618 2.10705161094666 2.48160767555237 2.55171012878418 3.11969470977783 3.48291110992432 3.62194538116455 3.57636046409607 2.93092894554138 3.01326465606689 2.36068844795227 1.91779351234436 1.83878302574158 1.75062167644501 1.66399478912354 1.76163494586945 1.73468363285065 1.64287805557251 1.53770351409912 1.54695427417755 1.56734752655029 1.47009718418121 1.27183485031128 1.13047122955322
2.75578045845032 -0.0207280106842518 0.0100857429206371 0.127755329012871 0.222151786088943 0.28558537364006 0.33876821398735 0.380661606788635 0.42425474524498 0.473276287317276 0.508921325206757 0.55893212556839 0.658855676651001 0.766045451164246 0.847341239452362 0.928930699825287 1.05602407455444 1.16175508499146 1.29353356361389 1.51376235485077 2.54052877426147 1.84249448776245 2.08917593955994 2.26743006706238 2.29911708831787 2.59852457046509 3.33813762664795 3.66457438468933 3.90740728378296 3.88154435157776 3.87009716033936 3.17287945747375 2.45170712471008 1.9516726732254 1.86653232574463 1.78078007698059 1.76641023159027 1.71793460845947 1.7768737077713 1.72571885585785 1.69898271560669 1.59441733360291 1.60959196090698 1.60290110111237 1.53667974472046
1.88665914535522 0.00148551282472908 0.024646544829011 0.104117751121521 0.207481786608696 0.274388581514359 0.336298525333405 0.401739984750748 0.479941964149475 0.539657294750214 0.574250280857086 0.626593172550201 0.694346725940704 0.78343141078949 0.874011337757111 0.947713553905487 1.01003444194794 1.08938848972321 1.218954205513 1.54688370227814 1.54052019119263 1.59065687656403 1.95306348800659 2.16516709327698 2.20354032516479 2.41480946540833 2.80025672912598 3.47655153274536 3.74292421340942 4.17101669311523 4.23375225067139 4.19570350646973 3.36195206642151 2.54896354675293 2.15425062179565 1.89158380031586 1.90365707874298 1.8254576921463 1.74159944057465 1.82236301898956 1.8267275094986 1.80004835128784 1.64078724384308 1.65043139457703 1.67521679401398
3.00560736656189 1.37741768360138 0.062021654099226 0.12405676394701 0.213267773389816 0.311022758483887 0.368846595287323 0.466003447771072 0.535212695598602 0.602964520454407 0.663534998893738 0.722950279712677 0.756603240966797 0.82455837726593 0.894678890705109 0.975909233093262 1.02541756629944 1.041863322258 1.18911111354828 1.71921575069427 1.430659532547 1.55302810668945 1.77764272689819 2.01483035087585 2.05024838447571 2.35403633117676 2.57904410362244 2.98335647583008 3.09873795509338 3.97640514373779 4.2182240486145 4.56903171539307 4.6357274055481 3.65374445915222 3.78517055511475 2.71571469306946 2.02862071990967 1.96545159816742 1.89883363246918 1.78565311431885 1.79170143604279 1.93854403495789 1.90577101707458 1.55224049091339 1.6907651424408
3.77587270736694 3.3200159072876 1.58426284790039 0.147737443447113 0.229819431900978 0.33947491645813 0.409052282571793 0.47683396935463 0.568359732627869 0.661822199821472 0.693333089351654 0.757646381855011 0.81087201833725 0.867912411689758 0.922526776790619 1.00717723369598 1.07925415039062 1.08762383460999 1.22547423839569 2.77965092658997 1.50225389003754 1.4713077545166 1.6491265296936 1.81762337684631 1.90323042869568 2.17271971702576 2.49978876113892 2.73536896705627 2.82078504562378 3.27187752723694 3.99211502075195 4.3577094078064 5.04901075363159 5.15398836135864 5.40228605270386 4.33787059783936 2.99691915512085 2.16467761993408 2.1180055141449 2.46503067016602 2.17656493186951 1.91341066360474 1.97048044204712 2.00803160667419 2.06898188591003
3.27189421653748 4.73386144638062 4.30210828781128 3.58263087272644 4.34987211227417 2.57366180419922 0.410617887973785 0.529237866401672 0.615141034126282 0.679408669471741 0.754830062389374 0.852866768836975 0.924703359603882 0.962597250938416 1.01826000213623 1.07342171669006 1.14234912395477 1.15280175209045 1.14906442165375 1.54339289665222 1.30556952953339 1.39129388332367 1.52108716964722 1.67795169353485 1.76196277141571 1.99958097934723 2.2970769405365 2.63216257095337 2.71674537658691 2.93596649169922 3.37546682357788 3.51294350624084 4.75988101959229 5.59621429443359 5.90294504165649 6.31811809539795 5.10694599151611 3.5025429725647 3.60434627532959 2.48260688781738 2.11430931091309 2.07678437232971 2.03565263748169 2.04095458984375 2.39587831497192
2.54200077056885 4.2380952835083 6.37965393066406 7.55909299850464 6.51807689666748 2.20271325111389 0.287221044301987 0.501545250415802 0.637412667274475 0.729130387306213 0.806183755397797 0.961319327354431 1.02785849571228 1.07249104976654 1.13701581954956 1.14810431003571 1.1889683008194 1.22211301326752 1.22101664543152 1.26399278640747 1.30429863929749 1.36230289936066 1.44184577465057 1.53429293632507 1.66063010692596 1.83828580379486 2.08174800872803 2.38911485671997 2.46173334121704 2.84854459762573 3.06230401992798 3.0945725440979 3.75948786735535 5.26975870132446 5.6749119758606 6.86550521850586 7.76242828369141 6.68505048751831 8.6505012512207 4.22160148620605 2.42358064651489 2.18184304237366 2.27075409889221 2.53933334350586 3.17382454872131
