slauniainen/Data/DEM/Vihti_dsm1500b_cl_horizonAngle_114.asc
NCOLS 196 
NROWS 178 
XLLCORNER 353680 
YLLCORNER 6699024 
CELLSIZE 16 
NODATA_value -3.4e+38 
[rows 40 to 59 of 178, columns 92 to 137 of 196]
1.47482252120972 1.50106143951416 1.17992198467255 1.21114540100098 1.30900311470032 1.3440797328949 1.41757369041443 1.86216807365417 1.9349524974823 1.01729547977448 1.07535111904144 1.12398254871368 2.05883073806763 2.0985951423645 2.1348443031311 2.0164008140564 2.71133351325989 2.82236528396606 2.75291872024536 3.18397569656372 3.59513163566589 3.69001936912537 4.04803991317749 4.13847875595093 4.13375520706177 4.27864503860474 4.47666311264038 4.77686214447021 6.11708116531372 6.80640554428101 12.6133842468262 14.4107084274292 9.42973613739014 9.21130752563477 11.555793762207 13.9218502044678 17.2723350524902 23.4777870178223 7.11937284469604 7.48534917831421 7.7761549949646 7.80399942398071 7.07130861282349 7.35901212692261 7.57489109039307 6.9924488067627
0.00418402813374996 1.03218281269073 1.49679708480835 1.53843176364899 1.19741117954254 1.75563943386078 1.80220103263855 1.40970504283905 1.65343606472015 1.99602162837982 2.0847384929657 2.20348858833313 2.25475454330444 2.00816774368286 2.14920234680176 2.19087529182434 2.2503821849823 2.29184627532959 2.9416811466217 3.06893825531006 3.79934477806091 3.8636736869812 3.72861480712891 3.8357949256897 4.21356344223022 4.30261468887329 4.31695222854614 4.50310707092285 4.74107265472412 5.23706436157227 5.76226186752319 8.62622451782227 17.8677520751953 21.1313991546631 12.9421405792236 12.2965288162231 17.9468860626221 25.0627288818359 42.1456298828125 5.9189338684082 7.57502794265747 8.04076385498047 8.39765357971191 9.67101860046387 7.61738443374634 7.93752431869507
19.7828216552734 1.04210245609283 0.998671889305115 1.03635776042938 1.53357863426208 1.58199918270111 1.23932015895844 1.82163774967194 1.88081645965576 1.5021812915802 1.73029613494873 1.78589689731598 2.24476861953735 2.3382248878479 2.36212539672852 2.09821915626526 2.23411250114441 2.27425503730774 2.32734417915344 2.41571068763733 3.14959645271301 3.27831363677979 3.93370246887207 4.00867891311646 3.8697350025177 3.98999834060669 4.40391302108765 4.50500202178955 4.61916589736938 4.79469442367554 5.40187692642212 6.65689659118652 8.19426727294922 12.0009527206421 27.0301837921143 35.5613975524902 22.3593044281006 21.7869453430176 43.5487785339355 5.79447364807129 8.01366233825684 8.35027599334717 8.2086296081543 8.755126953125 12.5164051055908 17.4831581115723
45.5541915893555 0.0994555503129959 -0.170247912406921 1.06227219104767 1.00294280052185 1.04519045352936 1.59276616573334 1.6746838092804 1.32169961929321 1.91440522670746 1.97469508647919 1.86738681793213 2.27233743667603 2.3281352519989 2.4230043888092 2.53245854377747 2.45192646980286 2.1479480266571 2.29691672325134 2.33702754974365 2.39095759391785 2.43216419219971 3.04110240936279 3.5816695690155 4.09949493408203 4.16402721405029 4.01585817337036 4.13228702545166 4.22712755203247 4.70814657211304 4.86628007888794 6.27175951004028 7.7752161026001 8.99742221832275 10.210036277771 17.4469013214111 55.8603477478027 4.29813003540039 5.72702550888062 6.36101722717285 8.63910961151123 8.34261798858643 8.70427703857422 9.11397075653076 8.89626121520996 9.49999237060547
43.525463104248 8.29251766204834 0.156488612294197 0.208065569400787 1.03467619419098 1.0885089635849 1.03626525402069 1.10018181800842 1.70594680309296 1.79351532459259 1.89034485816956 1.99925374984741 2.06124424934387 3.07339286804199 3.15330266952515 2.42244958877563 2.57989263534546 2.64030408859253 2.49785995483398 2.53672099113464 2.32413244247437 2.40185499191284 2.4813334941864 2.53299307823181 3.13985204696655 3.88866114616394 4.23775148391724 4.31875228881836 4.4090633392334 4.27491903305054 4.45260334014893 5.24174308776855 6.50169610977173 8.33652496337891 9.3845796585083 12.5215835571289 21.5112342834473 26.138916015625 4.90695571899414 6.34777116775513 8.01707553863525 9.03676319122314 9.48425579071045 9.00547122955322 9.42433452606201 9.92767143249512
19.715669631958 15.5802612304688 54.3700866699219 -0.529808819293976 1.08305144309998 1.70035374164581 1.08265435695648 1.13150691986084 1.09453701972961 1.76472616195679 1.85259103775024 2.03931522369385 2.0809280872345 2.839524269104 2.90969657897949 3.18621158599854 3.25718879699707 3.11848759651184 2.65380597114563 2.73412418365479 2.87034130096436 2.63581895828247 2.40612602233887 2.77526545524597 3.19048166275024 3.29297924041748 3.43954133987427 4.32146644592285 4.57851505279541 4.47960376739502 4.64271593093872 4.60120010375977 5.53389930725098 6.9070291519165 7.68553495407104 11.6126403808594 15.2537975311279 28.8656406402588 4.74170351028442 5.76333427429199 7.46912670135498 8.32176780700684 8.71139049530029 9.88190650939941 10.3352632522583 10.8712768554688
0.186275482177734 37.7114486694336 1.68239104747772 2.19204187393188 48.6037902832031 -0.315077990293503 1.70131123065948 1.77447974681854 1.70390284061432 1.76944839954376 1.85870397090912 1.90895235538483 1.89589726924896 2.46454811096191 2.5571596622467 2.92793083190918 2.99298620223999 3.27113509178162 3.32858276367188 3.19014716148376 2.58846354484558 2.91050171852112 3.07936573028564 2.71670889854431 2.41363501548767 3.41739177703857 3.48774933815002 3.43303465843201 3.53418898582458 4.86783504486084 5.44908714294434 6.37856006622314 5.07624053955078 5.38321399688721 6.65373563766479 9.23023891448975 11.9391374588013 27.1479835510254 4.6063346862793 5.05379629135132 6.40906286239624 7.80862665176392 8.18259048461914 9.02706909179688 9.41742134094238 10.3551769256592
1.53852355480194 28.3345985412598 1.6960734128952 3.56866717338562 3.92613172531128 4.21244621276855 4.20197820663452 1.8642076253891 2.15018200874329 2.22661972045898 2.01803541183472 1.88770270347595 1.91064500808716 2.24934124946594 2.28702569007874 2.5232675075531 2.74859738349915 3.00860095024109 3.18918466567993 3.51880288124084 3.563396692276 3.50147175788879 2.64357733726501 3.18361473083496 3.43040537834167 2.85117363929749 3.06573414802551 3.5345516204834 3.59299969673157 3.5511314868927 3.68519186973572 5.13129854202271 7.51349544525146 8.56512451171875 5.19779491424561 6.83580255508423 14.2476682662964 10.8483934402466 4.99022483825684 5.6562705039978 6.29684543609619 6.61059856414795 6.97326564788818 8.60048770904541 8.99338340759277 9.85207748413086
23.7777481079102 0.847003579139709 2.32071757316589 3.7805073261261 3.57420229911804 4.07629299163818 4.64682292938232 4.92482852935791 4.90747213363647 2.20704531669617 2.2565586566925 2.32489371299744 2.13258075714111 1.95452749729156 2.2048864364624 2.37768363952637 2.74481582641602 2.80867767333984 3.11414957046509 3.46628046035767 3.53960299491882 3.61947751045227 3.69601726531982 3.66833782196045 3.50638747215271 3.64065170288086 3.97930979728699 3.25710535049438 3.16467070579529 3.67343640327454 3.76235008239746 3.73618626594543 4.58696317672729 7.34442472457886 9.9730224609375 11.049861907959 5.33053731918335 12.125186920166 4.74138116836548 5.03477001190186 6.42816495895386 6.71753597259521 6.9075083732605 7.24221467971802 7.56695938110352 8.44902801513672
51.3339996337891 0.860057830810547 5.82884836196899 2.98605298995972 4.2179274559021 4.47933673858643 4.14002752304077 4.71172857284546 5.39369583129883 5.84801054000854 5.77421569824219 2.30017900466919 2.39273738861084 2.38839673995972 2.92613530158997 3.43374514579773 3.62105822563171 3.68099880218506 3.38412165641785 3.48491597175598 3.56025290489197 3.7205662727356 3.79474186897278 3.75859403610229 3.854248046875 3.87038779258728 3.69443202018738 4.25331926345825 4.64784622192383 5.12302017211914 3.31766629219055 3.85327076911926 3.94438290596008 4.07451963424683 8.13776588439941 11.0323905944824 14.7308073043823 19.3712005615234 5.38785600662231 5.60448455810547 5.83681488037109 6.08133506774902 7.03615665435791 7.37075328826904 7.58283519744873 7.95601558685303
30.9081611633301 11.7987833023071 2.48053789138794 9.47410774230957 2.4331681728363 3.11272764205933 4.82288980484009 5.35645294189453 5.94330644607544 5.6065468788147 6.4577522277832 7.07233953475952 7.75632381439209 7.59270715713501 3.33070945739746 3.49911212921143 3.5655722618103 3.62208294868469 3.74827265739441 3.82603025436401 3.55156064033508 3.61489605903625 3.69182729721069 3.85576915740967 3.94981932640076 3.93523144721985 4.04990339279175 4.15646314620972 3.88346266746521 3.89425230026245 5.8685302734375 6.68135118484497 3.57355284690857 3.57027959823608 4.25052785873413 4.33890771865845 20.4988822937012 12.2959842681885 14.9830656051636 3.08059573173523 6.23094892501831 6.44431352615356 6.38442468643188 6.78685808181763 7.75242328643799 8.11962890625
6.31512212753296 16.6641826629639 4.04873609542847 29.8323841094971 2.79464221000671 4.49880695343018 4.73865604400635 3.77023267745972 4.6404972076416 6.86253070831299 7.75508213043213 7.1170539855957 7.77238035202026 8.89970970153809 9.98923683166504 9.64629554748535 3.58930206298828 3.67143797874451 3.80634689331055 3.87879753112793 3.97676301002502 4.05568981170654 3.83842635154724 3.77514815330505 3.86886882781982 4.0465784072876 4.15378999710083 4.13405227661133 4.25491046905518 4.36117315292358 4.53173112869263 5.42930936813354 8.16038990020752 10.11048412323 5.17082595825195 7.86676740646362 6.81530714035034 4.38491868972778 4.42728090286255 4.57662534713745 4.70458936691284 5.25456666946411 6.76149702072144 7.07689142227173 7.29481410980225 7.7727198600769
7.74994993209839 6.15174102783203 5.41805410385132 5.37932634353638 4.8060941696167 3.9857861995697 4.40429496765137 5.09356069564819 5.37584352493286 4.14010334014893 4.45296621322632 9.40798568725586 11.2164344787598 10.1812295913696 11.1284351348877 12.5414218902588 14.3568639755249 14.136100769043 3.88823270797729 4.07842111587524 4.02647924423218 4.10933351516724 4.14195394515991 4.24198007583618 4.3041672706604 3.96961402893066 4.07350730895996 4.24954986572266 4.34901094436646 4.45827007293701 4.50708627700806 5.14240884780884 6.38903379440308 9.55030155181885 14.4865083694458 20.8331890106201 13.4995985031128 3.87097263336182 4.70083379745483 4.78124713897705 4.66597509384155 4.83829545974731 5.10295152664185 5.83393669128418 7.51631689071655 7.84444618225098
4.22131061553955 7.0289888381958 6.86673974990845 6.37153387069702 6.21692228317261 5.75300216674805 6.08701229095459 5.59644889831543 5.05097389221191 5.78724431991577 6.19100189208984 5.31520652770996 5.12291383743286 15.3298740386963 21.0482540130615 19.1277389526367 20.6231899261475 23.3987216949463 26.5896263122559 25.9455718994141 4.59659767150879 5.46399402618408 4.17911195755005 4.29000854492188 4.33653116226196 4.44450378417969 4.53915643692017 4.17162132263184 4.28025245666504 4.86475849151611 5.70468044281006 4.76147413253784 5.87802648544312 9.2468957901001 13.6924209594727 29.8671398162842 14.1022109985352 2.92916369438171 4.94782733917236 5.1190505027771 4.94600439071655 5.06041526794434 5.20422792434692 5.19379568099976 5.65168619155884 5.87330484390259
34.6355285644531 4.42801666259766 6.72915029525757 7.06234455108643 7.20817565917969 7.48381567001343 7.19185066223145 6.56750631332397 6.89804220199585 6.31273317337036 5.84165811538696 6.68983364105225 7.13893175125122 7.51162910461426 7.4030966758728 38.5328102111816 3.23610329627991 4.44331884384155 7.31040048599243 8.61133193969727 2.68331789970398 2.73373413085938 8.04251956939697 10.6188173294067 4.38104867935181 4.49319505691528 4.55447912216187 4.66478681564331 4.80532789230347 4.5470404624939 4.57491397857666 7.06195640563965 8.73987579345703 8.56131458282471 12.7084665298462 29.1839561462402 4.61579322814941 5.57013368606567 4.93507289886475 4.97066783905029 5.53969097137451 5.80348253250122 4.90040826797485 5.58322429656982 5.92314052581787 5.96809148788452
35.0695953369141 9.79068374633789 4.62801456451416 4.64170789718628 6.88044023513794 7.08784198760986 7.97169637680054 8.46732330322266 8.9597282409668 7.35517930984497 7.87402296066284 7.15819311141968 6.88060474395752 8.19667053222656 10.0111951828003 12.8881797790527 15.4820690155029 20.9894313812256 4.19501686096191 6.25077390670776 3.5806725025177 4.84651660919189 3.60520601272583 10.9383115768433 4.3350944519043 3.93779444694519 4.65536546707153 4.7280421257019 4.96421909332275 4.97911024093628 5.16694831848145 4.86043834686279 5.05488157272339 12.5662317276001 18.1915874481201 27.5599422454834 4.64428567886353 6.40563011169434 6.68091869354248 6.95389938354492 5.49604320526123 5.68774557113647 6.33722829818726 6.67467164993286 5.57249069213867 6.43593168258667
32.2223930358887 20.7879123687744 11.7400827407837 10.4892683029175 9.743408203125 12.4811697006226 7.45317649841309 7.87434101104736 8.97074699401855 10.7271699905396 12.998797416687 8.46634483337402 9.07872772216797 8.23725128173828 10.8684864044189 13.7518301010132 23.5722484588623 7.7653431892395 3.7318959236145 8.49037456512451 9.97786235809326 10.9382228851318 21.4874172210693 3.86123657226562 4.4036226272583 4.49183893203735 4.76574850082397 4.80153656005859 5.11605310440063 5.79061508178711 6.73409366607666 5.38142156600952 5.63297128677368 7.28221368789673 11.0584583282471 36.9602699279785 4.37909889221191 5.96289777755737 6.36706876754761 6.91414928436279 7.53464794158936 7.76012706756592 6.85187339782715 6.55980014801025 7.30613374710083 7.83650684356689
30.8452320098877 20.7050933837891 22.1706848144531 23.887622833252 21.6656703948975 15.2931661605835 5.14662170410156 19.7171993255615 8.1836633682251 8.92311573028564 10.4338045120239 17.578742980957 24.1232376098633 12.244309425354 10.2184162139893 12.5115194320679 14.7005310058594 6.75632333755493 13.8852138519287 16.1967449188232 9.76803970336914 11.0384960174561 17.6761436462402 12.6280355453491 26.4390296936035 3.99506616592407 4.95652914047241 4.92328119277954 5.46068716049194 6.27875995635986 6.86655807495117 8.30686092376709 10.3218641281128 8.02614498138428 12.1440057754517 24.1520290374756 4.96466445922852 6.00110340118408 6.21102619171143 6.37089252471924 6.94548892974854 8.62688636779785 9.59113883972168 8.7448616027832 7.57188987731934 8.01193809509277
47.960334777832 15.8101243972778 32.1680908203125 35.9882583618164 23.8391399383545 36.9214706420898 2.40440106391907 3.25548815727234 5.89642906188965 5.88620042800903 9.65376472473145 10.5074062347412 12.3930768966675 44.0752296447754 8.95888996124268 16.4002723693848 10.9476690292358 14.6778440475464 13.1666479110718 18.3546752929688 24.2353019714355 28.1848907470703 22.7673053741455 10.8090944290161 18.8632640838623 24.8044548034668 4.74024200439453 5.12757158279419 5.27975702285767 5.42569541931152 7.67688512802124 9.41101455688477 10.402943611145 14.5060920715332 21.0825729370117 26.350513458252 5.59856557846069 7.00189781188965 6.44839000701904 6.48783731460571 6.71945524215698 6.90561389923096 7.78596687316895 11.6343631744385 13.5959854125977 10.064492225647
12.1929759979248 22.0811309814453 28.9737930297852 26.115514755249 46.9046478271484 12.1896505355835 2.33918333053589 2.2831130027771 4.98033475875854 6.45062589645386 8.63970851898193 9.66335582733154 11.6023845672607 12.6107358932495 25.8347244262695 13.3807468414307 30.8845672607422 14.5841464996338 18.4674835205078 20.5137901306152 17.9000968933105 42.5528717041016 11.3812484741211 2.84245586395264 3.73912763595581 13.8029546737671 12.9456167221069 2.74052381515503 5.05557298660278 5.46491575241089 6.68305969238281 8.19295024871826 13.168119430542 19.2551116943359 22.8205051422119 23.0383129119873 4.81297492980957 6.98226022720337 7.36746883392334 7.65548658370972 7.03599119186401 7.04499053955078 7.30085897445679 7.52980518341064 8.87343692779541 18.2617416381836
