slauniainen/Data/DEM/Vihti_dem1500b_cl_horizonAngle_78.asc
NCOLS 196 
NROWS 178 
XLLCORNER 353680 
YLLCORNER 6699024 
CELLSIZE 16 
NODATA_value -3.4e+38 
[rows 20 to 39 of 178, columns 135 to 179 of 196]
0.238631770014763 0.106979347765446 0.125497698783875 0.371557086706161 0.0550013296306133 0.21696674823761 0.0542164146900177 0.0708128958940506 0.0742383971810341 0.0765946954488754 0.0876860395073891 0.0952307730913162 0.134128868579865 0.145261541008949 0.1690943390131 0.232759982347488 0.313540071249008 0.438050985336304 0.597331643104553 0.771560430526733 0.956608891487122 1.77274250984192 1.36601173877716 2.01460933685303 2.53355312347412 2.92697381973267 3.108074426651 3.40312385559082 3.59982013702393 3.7613697052002 3.84457564353943 3.92982816696167 4.01865720748901 4.14651155471802 4.25258016586304 4.36528825759888 4.47754287719727 4.58000612258911 4.62302780151367 4.67145442962646 4.81152296066284 4.95684385299683 5.06865978240967 5.09344339370728 5.1869797706604
0.0714437440037727 0.0339584611356258 0.0628103911876678 0.502402186393738 0.0474965982139111 0.0497459322214127 0.0563790388405323 0.0671447739005089 0.0699866414070129 0.0712871477007866 0.0762968212366104 0.0831347182393074 0.163295716047287 0.134338304400444 0.194903880357742 0.262812048196793 0.353498041629791 0.482816398143768 0.663714587688446 0.865618050098419 1.09328579902649 1.36332178115845 1.88498532772064 2.50758242607117 2.92058038711548 3.24696612358093 3.43426847457886 3.58638453483582 3.68072319030762 3.7662308216095 3.84799838066101 3.93665862083435 4.02969694137573 4.12209558486938 4.16379928588867 4.1647572517395 4.27689933776855 4.37446784973145 4.41238498687744 4.36585569381714 4.47598314285278 4.63447761535645 4.79873657226562 4.9022421836853 4.92025947570801
0.145462229847908 0.281428843736649 0.0404651090502739 0.133502632379532 0.130989134311676 0.0448230169713497 0.0500656105577946 0.05601542070508 0.0658839344978333 0.0853772982954979 0.0649858340620995 0.0832243040204048 0.107948325574398 0.142537206411362 0.218734294176102 0.301127970218658 0.396238714456558 0.526807367801666 0.731262683868408 0.985715329647064 1.45079076290131 1.93200409412384 2.40031290054321 2.69428944587708 3.05010962486267 3.33052587509155 3.51525616645813 3.59166884422302 3.66650485992432 3.70490002632141 3.67564558982849 3.75984764099121 3.84797883033752 3.93651103973389 3.97165989875793 3.93258547782898 3.95833921432495 4.05294990539551 4.15104913711548 4.17812395095825 4.24813652038574 4.39516925811768 4.55143404006958 4.636314868927 4.70381832122803
0.485532879829407 0.141985684633255 0.124514155089855 0.0429700016975403 0.0486680082976818 0.0724067986011505 0.163186445832253 0.0468307957053185 0.0490480698645115 0.135797560214996 0.130989134311676 0.0568954572081566 0.08696199208498 0.150232329964638 0.243570998311043 0.336152166128159 0.44519379734993 0.611501932144165 0.871057212352753 1.37546265125275 2.01446270942688 2.37709522247314 2.66671967506409 2.82857799530029 2.99891567230225 3.22424483299255 3.35376071929932 3.42988967895508 3.50367951393127 3.53401303291321 3.4996166229248 3.48346614837646 3.56363582611084 3.64796304702759 3.70429730415344 3.69689917564392 3.72054243087769 3.83249473571777 3.93309259414673 3.97364044189453 4.05192852020264 4.18763399124146 4.31832599639893 4.46560859680176 4.68530035018921
0.24224379658699 0.414277911186218 0.52872359752655 0.0351102910935879 0.0447341613471508 0.0686433687806129 0.0372095815837383 0.0825564414262772 0.113428801298141 0.131207704544067 0.0394320450723171 0.149356439709663 0.54914402961731 1.47832584381104 0.264748126268387 0.354908883571625 0.490130007266998 0.697527647018433 1.13647830486298 1.81499648094177 2.26951742172241 2.53080582618713 2.7752788066864 2.87878203392029 2.94297862052917 2.98195099830627 3.10413217544556 3.17951416969299 3.24498748779297 3.2973005771637 3.28737950325012 3.27744698524475 3.36031413078308 3.43089056015015 3.49135541915894 3.56155133247375 3.64251756668091 3.72750687599182 3.88158059120178 4.03203058242798 4.15901517868042 4.26765298843384 4.39656019210815 4.67197847366333 5.01111602783203
0.295501321554184 0.229465812444687 0.21199443936348 0.0471289083361626 0.091844454407692 0.123135447502136 0.159586951136589 0.258657515048981 0.0404589548707008 0.129254281520844 0.429043978452682 0.547873735427856 0.114614106714725 0.17016975581646 0.337325483560562 0.375910311937332 0.528447926044464 0.811323225498199 1.47860586643219 1.98325800895691 2.35457682609558 2.61383509635925 2.71285796165466 2.79290699958801 2.85606575012207 2.88011407852173 2.88598561286926 2.9679000377655 3.03798890113831 3.10355353355408 3.16452693939209 3.2240936756134 3.32211780548096 3.39786291122437 3.47480869293213 3.61229157447815 3.74425220489502 3.84495139122009 4.04207849502563 4.30743980407715 4.64671039581299 4.84747648239136 4.96877431869507 5.13810205459595 5.46965980529785
0.177884876728058 0.317231714725494 0.0517245456576347 0.0613602660596371 0.186805009841919 0.479345142841339 0.136620089411736 0.237504526972771 0.243493586778641 0.26562637090683 0.361734479665756 0.393508344888687 0.235981702804565 0.191581279039383 0.665025651454926 0.384265005588531 0.557793319225311 0.959571778774261 1.58748197555542 2.03948259353638 2.34905171394348 2.46994876861572 2.56534481048584 2.63294172286987 2.69566893577576 2.73224902153015 2.79729437828064 2.88809061050415 2.98424649238586 3.07811808586121 3.20585536956787 3.31215453147888 3.41100645065308 3.48928999900818 3.63263392448425 3.86588454246521 4.17691850662231 4.36949586868286 4.47683238983154 4.70530557632446 4.98855781555176 5.15006017684937 5.29252099990845 5.48396348953247 5.71322250366211
0.0646641626954079 0.216324716806412 0.108450643718243 0.127686187624931 0.138244986534119 0.368866086006165 0.09018924087286 0.170919209718704 0.175646752119064 0.187760934233665 0.261604726314545 0.363784641027451 0.1854198127985 0.2298973351717 0.886187374591827 0.384369164705276 0.56817752122879 1.22569537162781 1.52493917942047 1.94562816619873 2.21712779998779 2.3632025718689 2.46706199645996 2.52315759658813 2.58583426475525 2.68679523468018 2.79318571090698 2.93289852142334 3.04773879051208 3.20370769500732 3.42434334754944 3.70281887054443 3.87200474739075 3.96607899665833 4.05583000183105 4.22440576553345 4.4879355430603 4.64484310150146 4.75735330581665 4.91842889785767 5.17793703079224 5.34607648849487 5.51391553878784 5.68268251419067 5.83510065078735
0.00175489718094468 0.11274578422308 0.34989258646965 0.0442368015646935 0.0939752236008644 0.116184629499912 0.0924342647194862 0.105272017419338 0.126347899436951 0.132418304681778 0.163295716047287 0.137103617191315 0.205561444163322 0.836638689041138 0.308835119009018 0.426325708627701 0.855800032615662 0.919846892356873 1.36044323444366 1.74005973339081 1.9889463186264 2.19961667060852 2.346186876297 2.46879553794861 2.58410477638245 2.74761724472046 2.89248299598694 3.05169892311096 3.25719380378723 3.5270574092865 3.74093127250671 3.97693729400635 4.11791849136353 4.20898056030273 4.30789184570312 4.41700267791748 4.65182209014893 4.80209970474243 4.92142057418823 5.04669284820557 5.19925928115845 5.45557355880737 5.64612340927124 5.77949523925781 5.9519510269165
-0.0938403904438019 -0.0131847048178315 0.232764735817909 0.320892602205276 0.0250404272228479 0.122765630483627 0.0490063689649105 0.066314660012722 0.089905209839344 0.109788812696934 0.232951402664185 0.255492329597473 0.216616541147232 0.579917907714844 0.336109757423401 0.361400693655014 0.500807523727417 0.83824610710144 1.26296722888947 1.59506714344025 1.8455411195755 2.10866284370422 2.35328960418701 2.50202322006226 2.65558934211731 2.84420990943909 2.97355008125305 3.26604104042053 3.56651568412781 3.7858555316925 3.92893815040588 4.13168239593506 4.27223062515259 4.37084102630615 4.46363544464111 4.56029987335205 4.69422101974487 4.92305612564087 5.05165433883667 5.15945386886597 5.28704452514648 5.53025245666504 5.67330121994019 5.86103820800781 6.01891899108887
-0.198926404118538 -0.0907274484634399 -0.00969964452087879 0.0473281852900982 0.35138151049614 0.40485954284668 0.0245787855237722 0.0303506478667259 0.0465896166861057 0.0914356335997581 0.168057158589363 0.301659345626831 0.250554919242859 0.347678422927856 0.26483154296875 0.35646915435791 0.465370088815689 0.754801332950592 1.16275978088379 1.5943158864975 1.97463202476501 2.32499289512634 2.54957222938538 2.67297458648682 2.80343270301819 2.93644309043884 3.21952104568481 3.36003732681274 3.75717759132385 3.94642496109009 4.06967210769653 4.15771722793579 4.35324096679688 4.45111608505249 4.55617904663086 4.66812515258789 4.75938320159912 4.94548273086548 5.07387590408325 5.22328805923462 5.37662267684937 5.63147783279419 5.80599355697632 5.98268985748291 6.15529012680054
-0.246113270521164 -0.165040463209152 -0.0788174122571945 -0.00761624611914158 0.139999821782112 0.0852953419089317 0.0579016543924809 0.0683618634939194 0.0707414522767067 0.0835316404700279 0.178012698888779 0.207910045981407 0.18852037191391 0.21398900449276 0.288097202777863 0.407404571771622 0.536416947841644 0.753874897956848 1.18491852283478 1.71071708202362 2.22699046134949 2.52897500991821 2.6420567035675 2.79421138763428 3.09066820144653 3.23431921005249 3.34141230583191 3.45744609832764 3.74015879631042 3.98089337348938 4.15555429458618 4.24296903610229 4.39009857177734 4.48685693740845 4.61566877365112 4.69642877578735 4.8154993057251 5.07137203216553 5.20252370834351 5.33389520645142 5.52300357818604 5.77596187591553 5.94730949401855 6.21010446548462 6.41190004348755
-0.241114020347595 -0.206423297524452 -0.131247833371162 -0.0565489493310452 0.0132133718580008 0.0848513767123222 0.231869995594025 0.048016082495451 0.0483098737895489 0.0686198100447655 0.14573647081852 0.150444105267525 0.163727536797523 0.175399780273438 0.279945760965347 0.426970541477203 0.573335945606232 0.776109397411346 1.19347274303436 1.66578590869904 2.11422920227051 2.40896439552307 2.7015163898468 3.02255725860596 3.20433282852173 3.31211161613464 3.42152047157288 3.59955668449402 3.78081941604614 3.96943545341492 4.21466779708862 4.2879900932312 4.47078466415405 4.57617616653442 4.69879388809204 4.79368352890015 4.96411466598511 5.20032167434692 5.33348608016968 5.51292133331299 5.66318225860596 5.8194842338562 6.00219058990479 6.18791055679321 6.36423587799072
-0.244834512472153 -0.223592057824135 -0.181002557277679 -0.107844717800617 -0.0188163183629513 0.028922263532877 0.0621884539723396 0.0694424211978912 0.0724613517522812 0.0755908936262131 0.104318022727966 0.219507545232773 0.154037952423096 0.169629603624344 0.263693034648895 0.425553351640701 0.594817161560059 0.819548666477203 1.09315264225006 1.42999517917633 1.84610939025879 2.31297945976257 2.71468734741211 2.96474504470825 3.09994292259216 3.21311068534851 3.42204523086548 3.74363732337952 3.86546277999878 4.05878782272339 4.27602910995483 4.4015326499939 4.57500648498535 4.6834979057312 4.79390430450439 4.90587711334229 5.04738998413086 5.19164657592773 5.33588218688965 5.45572328567505 5.59884738922119 5.75937938690186 5.93678045272827 6.11475563049316 6.24428987503052
-0.271198332309723 -0.249461099505424 -0.209401443600655 -0.122782833874226 -0.0502186976373196 0.0106497220695019 0.0428664013743401 0.0698514059185982 0.0742296129465103 0.0779079645872116 0.133446231484413 0.132079511880875 0.13553512096405 0.148257911205292 0.254913032054901 0.415355861186981 0.606856822967529 0.836361467838287 1.03810620307922 1.27205467224121 1.53484404087067 2.02776622772217 2.39022636413574 2.63858842849731 2.91454529762268 3.07756543159485 3.47128200531006 3.83573365211487 3.9825234413147 4.20773410797119 4.36484527587891 4.48063039779663 4.56083726882935 4.68309211730957 4.77873802185059 4.88932132720947 5.01517820358276 5.13376617431641 5.26129198074341 5.38097763061523 5.50032234191895 5.6425085067749 5.68710231781006 5.85874128341675 6.0344557762146
-0.308273792266846 -0.277975827455521 -0.228647455573082 -0.159771546721458 -0.0718618556857109 -0.018576143309474 0.0140704791992903 0.0168265718966722 0.0552614815533161 0.0656168237328529 0.112763553857803 0.128293186426163 0.123407781124115 0.177632138133049 0.270084261894226 0.400508314371109 0.585832476615906 0.801069736480713 0.999180316925049 1.20113122463226 1.41647589206696 1.7113950252533 2.1230947971344 2.43154072761536 2.61859273910522 2.95292711257935 3.5796275138855 4.03308486938477 4.16001272201538 4.24299383163452 4.35717487335205 4.45624780654907 4.57161235809326 4.63107967376709 4.7092113494873 4.81355476379395 4.93011474609375 5.06421852111816 5.06574106216431 5.18467044830322 5.30212926864624 5.41468048095703 5.44181823730469 5.50297355651855 5.6729588508606
-0.352159470319748 -0.329874873161316 -0.265688329935074 -0.19838260114193 -0.134784698486328 -0.0598115660250187 -0.0284040234982967 -0.00304353539831936 0.0533173307776451 0.0692894831299782 0.10278644412756 0.117187820374966 0.130684331059456 0.191172704100609 0.273349940776825 0.374445497989655 0.520134747028351 0.724075376987457 0.934419751167297 1.13692450523376 1.3309565782547 1.55119359493256 1.85131192207336 2.15774631500244 2.35532927513123 2.83818221092224 3.63298034667969 3.99551129341125 4.11353921890259 4.19939136505127 4.28831148147583 4.40412330627441 4.49104118347168 4.48552942276001 4.54020214080811 4.64204454421997 4.74835634231567 4.86568307876587 4.88106632232666 4.8609471321106 4.97824430465698 5.07696437835693 5.10074758529663 5.15091848373413 5.16713380813599
-0.394929081201553 -0.373451083898544 -0.315819144248962 -0.258800864219666 -0.194440752267838 -0.125435709953308 -0.0801063403487206 -0.0395551137626171 0.0249940622597933 0.0573450848460197 0.101349979639053 0.139354333281517 0.16742892563343 0.202274546027184 0.293680816888809 0.432758271694183 0.567807614803314 0.660546481609344 0.858991384506226 1.08747661113739 1.31862878799438 1.50244867801666 1.71038019657135 1.94681477546692 2.19616317749023 2.49912858009338 3.30458378791809 3.7191858291626 3.93718314170837 4.05563688278198 4.14995765686035 4.23778867721558 4.32144737243652 4.33933591842651 4.2793984413147 4.36190462112427 4.4695200920105 4.57666826248169 4.59296131134033 4.62515211105347 4.63876008987427 4.70407772064209 4.82659816741943 4.95369005203247 5.04350709915161
-0.446864008903503 -0.421487748622894 -0.370013654232025 -0.321057140827179 -0.267834782600403 -0.20948500931263 -0.143896147608757 -0.0828326418995857 -0.032530490309 0.00210935738869011 0.0909633040428162 0.179947569966316 0.162021085619926 0.236140236258507 0.31684085726738 0.482031494379044 0.64816290140152 0.753099977970123 0.844096183776855 1.02937233448029 1.28045797348022 1.44979631900787 1.64913666248322 1.86640751361847 2.11574459075928 2.31519103050232 2.68300771713257 3.46489071846008 3.67337346076965 3.81190252304077 3.89995718002319 3.98052835464478 4.06442928314209 4.08139038085938 4.11189842224121 4.12135791778564 4.16776990890503 4.26798534393311 4.36418294906616 4.47086477279663 4.53850364685059 4.52992010116577 4.64626026153564 4.76622819900513 4.8326416015625
-0.493654400110245 -0.479990750551224 -0.432800054550171 -0.384923696517944 -0.334721893072128 -0.278218895196915 -0.208077907562256 -0.130211591720581 -0.0773089453577995 -0.0255834590643644 0.0388597957789898 0.126768097281456 0.164939180016518 0.28310638666153 0.358523011207581 0.443603962659836 0.596335232257843 0.729204475879669 0.88102251291275 1.04685473442078 1.23571395874023 1.43482208251953 1.65197241306305 1.83112704753876 2.06104040145874 2.25038623809814 2.41774034500122 2.77051472663879 3.08404207229614 3.28107142448425 3.46277594566345 3.64512753486633 3.74118161201477 3.88624691963196 3.96669602394104 4.03759241104126 4.0363507270813 4.13502836227417 4.22137212753296 4.30198097229004 4.41254615783691 4.5058012008667 4.60838603973389 4.71137189865112 4.8168625831604
