slauniainen/Data/DEM/Vihti_dsm1500b_cl_horizonAngle_84.asc
NCOLS 196 
NROWS 178 
XLLCORNER 353680 
YLLCORNER 6699024 
CELLSIZE 16 
NODATA_value -3.4e+38 
[rows 40 to 59 of 178, columns 90 to 134 of 196]
1.29609417915344 0.273157685995102 0.334388613700867 -0.0221707932651043 -0.055283535271883 -0.140052750706673 0.00260913232341409 -0.262769192457199 -0.154197975993156 -0.338943183422089 -0.299355030059814 -0.237814679741859 -0.163551852107048 0.305426090955734 0.487108260393143 0.708206713199615 1.46218991279602 -0.364394336938858 0.0394648276269436 0.213220447301865 0.389938592910767 0.600652158260345 0.484959185123444 0.209453642368317 -0.0201854854822159 0.198962613940239 0.0224849823862314 -0.208415478467941 -0.476172894239426 -0.429795384407043 -0.39171090722084 -0.373410403728485 -0.356262415647507 -0.338609457015991 0.346778124570847 1.92523813247681 -0.122838489711285 0.0296156983822584 0.688982605934143 -0.491916835308075 -0.181737065315247 -0.424284636974335 -0.409764319658279 -0.384429812431335 -0.359422445297241
41.6217956542969 -1.83940100669861 -1.70135712623596 -0.102211393415928 -0.0705831423401833 0.00271841534413397 -0.389179021120071 -0.386704474687576 -0.378728747367859 -0.328522831201553 -0.27849954366684 -0.232840269804001 -0.165609747171402 -0.10704892873764 -0.088068813085556 -0.0616654679179192 0.134322255849838 -0.0551151931285858 0.141056776046753 0.154921978712082 0.353563666343689 0.464067041873932 0.494848549365997 0.389137208461761 0.31602281332016 0.488469630479813 0.133748516440392 -0.372171759605408 -0.824466466903687 -0.656416177749634 -0.289686352014542 0.00952128320932388 -0.57756769657135 -0.136033207178116 1.63492202758789 2.83615756034851 0.294883996248245 12.4807777404785 16.4881858825684 24.4512672424316 42.1456298828125 -1.94955897331238 -0.784542202949524 -0.759175598621368 -0.73471200466156
2.39339685440063 -0.775649905204773 -0.353512436151505 -0.430200964212418 -0.321461766958237 -0.254716575145721 -0.246513664722443 -0.382372468709946 -0.369001626968384 -0.347452461719513 -0.291527301073074 -0.237230196595192 -0.155468434095383 -0.0847019255161285 -0.0316668264567852 0.000794102845247835 0.167753517627716 0.349209576845169 0.371051669120789 0.159624516963959 0.285803467035294 0.294132679700851 0.362408429384232 0.366471081972122 0.368818283081055 0.441918134689331 0.0223574843257666 3.07297968864441 3.29152369499207 3.56045246124268 3.90821123123169 4.36726140975952 4.96823215484619 5.86136198043823 7.29183721542358 8.09604072570801 9.1900053024292 13.3121662139893 17.0291500091553 25.1881294250488 43.5487785339355 -2.1033091545105 -0.880477428436279 -0.84507554769516 -0.745791792869568
16.8193206787109 19.7535915374756 45.5541915893555 -2.16167759895325 -1.88198494911194 -0.420536726713181 -0.412174075841904 -0.40693536400795 -0.387796640396118 -0.346470385789871 -0.309305965900421 -0.233513370156288 -0.147822543978691 -0.105313956737518 -0.0442658774554729 0.00686434004455805 0.257255077362061 0.603172242641449 1.89224600791931 1.93742775917053 2.0209493637085 2.09499502182007 2.20121431350708 2.31325221061707 2.44762563705444 2.60802578926086 2.77481842041016 3.47086405754089 3.68164396286011 3.96508860588074 4.31827640533447 4.79005861282349 5.47368717193604 6.47261428833008 7.99892616271973 21.5528869628906 27.0625438690186 36.9209022521973 55.8603477478027 -2.89488124847412 -2.10683727264404 -2.04701113700867 -0.11978692561388 0.265576720237732 0.696149945259094
9.87654113769531 21.1798419952393 43.525463104248 -2.2085165977478 -1.72629404067993 -2.04107689857483 -0.437248826026917 -0.412116140127182 1.04572033882141 1.11181509494781 1.18813073635101 1.26134407520294 1.3434978723526 1.3956104516983 1.46922540664673 1.5510630607605 1.64737379550934 1.72696721553802 2.14628672599792 2.1961350440979 2.26675724983215 2.34012031555176 2.46227645874023 2.60031914710999 2.79140663146973 6.06406497955322 6.45423269271851 6.93703508377075 7.52788877487183 8.19750499725342 9.03514194488525 10.119194984436 11.7297410964966 14.0059976577759 17.2480697631836 9.65777015686035 13.4956836700439 17.0594711303711 23.866382598877 26.138916015625 -1.77074337005615 -1.04111909866333 3.52849173545837 4.46556091308594 5.65907144546509
12.5340967178345 19.9366207122803 25.5939559936523 34.9871635437012 54.3700866699219 -1.32588481903076 0.323314785957336 0.917415797710419 1.20396983623505 1.2587468624115 1.34588897228241 1.43855583667755 1.52759754657745 1.59177815914154 1.65213692188263 1.73329603672028 3.60642290115356 3.79575562477112 3.98419713973999 4.15665721893311 4.32070636749268 4.51017951965332 4.7752571105957 5.09389543533325 5.43891906738281 2.95310568809509 3.7624089717865 4.03930711746216 4.36812496185303 4.67461585998535 5.05183792114258 5.51973867416382 6.42180156707764 7.75625419616699 9.54700756072998 10.684045791626 9.85494709014893 12.2695693969727 17.0237693786621 28.8656406402588 -0.931016445159912 -0.880312025547028 0.207567229866982 0.5915846824646 1.09169518947601
34.8107414245605 49.7628936767578 -0.623311817646027 37.7114486694336 9.22995281219482 17.4351081848145 48.6037902832031 0.175068274140358 2.38650465011597 2.49068236351013 2.61948680877686 2.76388239860535 2.91001081466675 3.04396629333496 3.16262888908386 3.29709601402283 1.76221907138824 2.21680092811584 2.32493424415588 2.43112945556641 2.52175307273865 2.65252590179443 2.78815460205078 2.89917516708374 3.08649873733521 3.30420351028442 2.70590662956238 2.91897201538086 3.17103314399719 3.36560964584351 3.61730098724365 3.91526937484741 4.55295276641846 5.67265462875366 7.18600225448608 7.89028406143188 9.22020530700684 11.3588991165161 15.684362411499 27.1479835510254 -0.88147896528244 -0.737600922584534 0.694559514522552 1.44811105728149 1.64842844009399
6.74463558197021 13.8833618164062 3.34560465812683 28.3345985412598 1.30744016170502 2.40569424629211 0.928009212017059 1.24026429653168 1.31936049461365 1.40971553325653 1.48692429065704 1.59127497673035 1.68202936649323 1.76750385761261 1.83859586715698 1.91449534893036 1.98000824451447 1.52837073802948 1.59585726261139 1.68685364723206 1.78288805484772 1.8708633184433 1.90990316867828 2.00928163528442 2.14874505996704 2.30033731460571 2.51442098617554 2.7291853427887 2.99717307090759 3.21673655509949 3.46913981437683 3.814044713974 4.35220670700073 5.26361608505249 6.60538864135742 7.92993593215942 7.75964403152466 9.21925640106201 14.2476682662964 10.8483934402466 -0.559646010398865 0.459196001291275 1.12341892719269 1.25933051109314 1.36936390399933
28.0578651428223 23.5409374237061 23.7777481079102 -0.419639229774475 0.317394942045212 1.17581248283386 1.22045803070068 0.893594026565552 0.923262715339661 0.944842278957367 1.01687848567963 1.0836945772171 1.14682149887085 1.22332847118378 1.27552175521851 1.32034873962402 1.35590445995331 1.39545726776123 1.46210730075836 1.55207741260529 1.59770548343658 1.68480706214905 1.78961551189423 1.88419783115387 2.00377154350281 2.14648938179016 1.99432730674744 2.1806001663208 2.42453074455261 2.62004947662354 2.84612989425659 3.14522671699524 3.57523512840271 4.13551187515259 4.96831274032593 6.41029405593872 6.42206716537476 7.15568780899048 8.61575984954834 12.125186920166 0.638023674488068 0.8074671626091 1.60209894180298 1.74039423465729 1.88194406032562
29.0962657928467 36.8940010070801 51.3339996337891 -1.13924372196198 5.82884836196899 0.672659516334534 0.865878462791443 0.869050979614258 0.887776434421539 0.920204520225525 0.959136009216309 1.01182448863983 1.06819450855255 1.12655913829803 1.180304646492 1.21276021003723 1.24231278896332 1.06934988498688 1.11147177219391 1.13853335380554 1.18505084514618 1.26969373226166 1.35596191883087 1.44779205322266 1.53891408443451 1.6533727645874 1.38223302364349 1.52792823314667 1.72865772247314 1.87956237792969 2.06386470794678 2.29774165153503 2.64574670791626 3.02335119247437 3.52517080307007 4.48208570480347 4.55798721313477 5.05319929122925 6.06566667556763 9.49658489227295 0.481653124094009 0.547415971755981 1.06016504764557 1.25380957126617 1.43091523647308
16.3185997009277 19.9469547271729 30.9081611633301 11.7987833023071 -0.182989448308945 9.47410774230957 0.534317374229431 0.443388879299164 0.670317232608795 0.718772530555725 0.757115542888641 0.780696988105774 0.829337418079376 0.865652620792389 0.890535831451416 0.92535525560379 1.38328158855438 0.699603080749512 0.725576043128967 0.765841722488403 0.79593026638031 0.83713698387146 0.8832728266716 0.942358076572418 1.00535678863525 1.08147847652435 0.916828811168671 0.892403781414032 0.956993043422699 1.08162772655487 1.19510662555695 1.32164895534515 1.57769000530243 1.82325971126556 2.15730929374695 5.50048923492432 9.22100734710693 12.7539157867432 20.4988822937012 13.6471729278564 14.9830656051636 -0.703029751777649 1.16079747676849 1.1952463388443 1.89367830753326
36.7830009460449 0.240522429347038 11.5851612091064 16.6641826629639 11.5404434204102 29.8323841094971 -0.314447075128555 0.42840376496315 0.455241441726685 0.486860454082489 0.518555879592896 0.542392015457153 0.555433750152588 0.581505537033081 0.594647526741028 0.759158432483673 0.886897504329681 0.62389725446701 0.647966146469116 0.666997134685516 0.674415469169617 0.435330033302307 0.449023008346558 0.46123406291008 0.476155042648315 1.10643541812897 2.02829003334045 3.15730381011963 3.45772075653076 3.78222298622131 4.1197452545166 4.52455425262451 5.12961006164551 5.81609010696411 6.69780492782593 8.00690078735352 9.96948623657227 4.45297718048096 6.81530714035034 1.33276772499084 1.80094540119171 3.11476254463196 3.27182769775391 3.36137866973877 3.51579737663269
10.5633935928345 11.4627227783203 7.74994993209839 5.26962232589722 2.95313286781311 2.72146201133728 0.920848786830902 0.294244349002838 0.217753946781158 0.243573427200317 0.253530323505402 0.271082848310471 0.827652096748352 0.354263722896576 0.368465423583984 0.409783869981766 0.75336742401123 1.13169157505035 1.79143726825714 1.89166975021362 1.96671307086945 2.04968523979187 2.15359258651733 2.28034019470215 2.41961336135864 2.60672855377197 2.79527711868286 0.793510138988495 0.834012866020203 0.870662808418274 1.16041886806488 2.12689995765686 2.29571628570557 2.39258742332458 2.49859213829041 3.30949854850769 5.04931831359863 8.50070095062256 13.4995985031128 2.52571415901184 3.32582950592041 4.2312970161438 4.55846834182739 4.78852939605713 5.00246477127075
32.8549308776855 49.980094909668 -0.798865497112274 7.0289888381958 4.19405651092529 3.02562212944031 0.914184212684631 0.764332890510559 1.25993752479553 1.31870687007904 1.36508977413177 1.40291464328766 1.4692280292511 1.49208748340607 1.53161609172821 1.58241033554077 1.63031697273254 1.6823023557663 0.552184581756592 0.562675952911377 0.648901700973511 0.989254593849182 1.54723298549652 1.64709007740021 1.70396721363068 1.77259933948517 1.82796573638916 1.88981068134308 1.94617414474487 2.00190114974976 2.12371897697449 2.83396196365356 3.16555857658386 3.39509224891663 7.00902938842773 10.9042835235596 15.3579416275024 29.8671398162842 14.1022109985352 2.61365032196045 4.44089603424072 5.70755243301392 6.55518674850464 7.32868576049805 7.63438653945923
24.2561378479004 32.0388832092285 34.6355285644531 0.107468985021114 6.72915029525757 3.5926628112793 1.32494342327118 1.1360057592392 0.107396379113197 0.180310726165771 0.282948523759842 0.498412579298019 0.516819596290588 0.958574712276459 12.0222415924072 15.6945772171021 22.6298656463623 38.5328102111816 3.98610591888428 6.79441833496094 7.96189880371094 8.61133193969727 0.641272187232971 0.907720506191254 2.46294474601746 2.56051445007324 2.68111848831177 2.95911860466003 3.25878047943115 3.61147236824036 4.06633186340332 4.68241262435913 5.5423903465271 6.62304782867432 8.1107177734375 9.51612186431885 14.8715810775757 29.1839561462402 5.09694385528564 6.45610857009888 6.65210294723511 6.86900234222412 7.62876653671265 7.91232204437256 8.22244644165039
16.4395389556885 33.5569381713867 35.0695953369141 9.79068374633789 0.11876967549324 0.527607977390289 3.91054201126099 4.05196237564087 4.55258798599243 5.16661596298218 5.82352781295776 6.69829511642456 7.9475245475769 9.36384010314941 8.35525608062744 9.14619922637939 10.9277439117432 13.5985860824585 18.2794208526611 20.9894313812256 1.33372044563293 1.68834114074707 2.20760202407837 4.84651660919189 3.14815735816956 10.9383115768433 4.3350944519043 3.55966401100159 4.28174448013306 4.40279245376587 4.53321981430054 4.68782186508179 5.16005420684814 5.36180877685547 6.09233665466309 8.74477005004883 13.8037414550781 27.5599422454834 5.50223922729492 6.82794523239136 7.07853603363037 8.28411293029785 8.62717437744141 8.97605991363525 9.34933090209961
14.4597501754761 28.9562644958496 32.2223930358887 20.7879123687744 1.14233839511871 1.57608449459076 1.81042468547821 3.96175599098206 3.71975183486938 3.60779404640198 4.09692049026489 4.70705413818359 5.36967802047729 6.17385053634644 7.12766790390015 8.39702701568604 10.0494785308838 13.2716608047485 23.5722484588623 2.79462504386902 2.87380003929138 5.74433565139771 7.13378286361694 9.42715740203857 21.4874172210693 3.43573188781738 3.9660747051239 4.21841430664062 4.4879298210144 4.619788646698 4.75842523574829 5.50934314727783 5.7138090133667 5.93679475784302 9.15565490722656 12.7510643005371 19.5907859802246 36.9602699279785 5.72513198852539 7.60662698745728 7.92283010482788 7.4920220375061 7.85834169387817 8.78682804107666 9.12120723724365
9.20148658752441 11.2202377319336 30.8452320098877 16.0702342987061 21.3117866516113 23.887622833252 5.5492787361145 7.33403587341309 -0.9876629114151 1.86656033992767 2.42492127418518 3.13121652603149 4.00592803955078 4.82273864746094 5.74174976348877 8.33634853363037 8.84143352508545 13.6110868453979 14.7005310058594 2.85806155204773 4.08453226089478 4.55590867996216 5.47538185119629 7.6291823387146 17.6761436462402 3.94194722175598 26.4390296936035 3.99701833724976 4.96818399429321 5.12287998199463 5.28308343887329 5.14150524139404 5.31613731384277 6.55684280395508 6.18179321289062 7.11932945251465 11.5841627120972 24.1520290374756 6.36589908599854 7.52855777740479 7.81508016586304 8.10029315948486 8.41893863677979 8.48309516906738 8.80421352386475
5.53413343429565 17.5622215270996 47.960334777832 8.38526630401611 31.3185024261475 35.9882583618164 22.6410598754883 36.9214706420898 -1.90114057064056 -1.58615350723267 5.54621887207031 -0.768055737018585 12.5845708847046 17.0964260101318 25.5615711212158 44.0752296447754 0.796060740947723 16.4002723693848 3.37035250663757 3.80206227302551 3.86885690689087 6.25627136230469 7.51820993423462 10.9308853149414 22.7673053741455 3.85544085502625 4.17779588699341 4.34093761444092 5.03159141540527 5.1928768157959 5.34884643554688 5.50597906112671 5.68242740631104 5.69173145294189 5.9098014831543 7.8648419380188 12.9058046340942 26.350513458252 5.98296022415161 7.26014852523804 7.53182649612427 7.80618381500244 8.11093235015869 7.43859672546387 7.57759094238281
9.57793617248535 14.5025205612183 16.6127166748047 28.0978202819824 30.8699188232422 31.7909088134766 46.9046478271484 12.1896505355835 -1.3522355556488 -1.9855295419693 1.21410238742828 3.68461418151855 1.0402889251709 4.92388391494751 9.30178642272949 13.5900945663452 25.8347244262695 5.13702917098999 30.8845672607422 3.16328811645508 14.3121175765991 18.4789009094238 25.3461894989014 42.5528717041016 11.3812484741211 2.56444406509399 9.82617950439453 13.8029546737671 12.9456167221069 2.8049201965332 5.12442350387573 5.28196001052856 5.45687866210938 5.0233325958252 10.6705160140991 14.8408069610596 22.9294967651367 23.0383129119873 4.3130784034729 6.27983236312866 6.50649166107178 6.73783874511719 6.99033308029175 7.24464845657349 7.1903977394104
