slauniainen/Data/DEM/Vihti_dsm1500b_cl_horizonAngle_306.asc
NCOLS 196 
NROWS 178 
XLLCORNER 353680 
YLLCORNER 6699024 
CELLSIZE 16 
NODATA_value -3.4e+38 
[rows 60 to 79 of 178, columns 0 to 44 of 196]
-0.71231335401535 -0.250888824462891 0.164087146520615 -0.522296667098999 -0.64451652765274 -0.646332859992981 -1.04324448108673 -0.343173146247864 -0.901300549507141 -1.24548768997192 -1.30096673965454 -0.980886995792389 -1.34668481349945 -1.38098013401031 -0.180020049214363 -1.37618744373322 -1.34430491924286 -1.43873429298401 23.6402530670166 13.8663997650146 -0.929081201553345 5.24691867828369 42.3403015136719 32.8701400756836 20.0733242034912 10.1339435577393 16.3470592498779 17.8915538787842 17.4355545043945 10.7153844833374 8.53073406219482 1.06605052947998 2.23706817626953 2.93084931373596 3.27843141555786 2.3999764919281 1.76187527179718 1.48378157615662 14.3650684356689 20.37819480896 12.8522605895996 1.50887882709503 -1.59298825263977 -0.770857334136963 -2.30916547775269
-0.203208476305008 -1.02886879444122 13.941876411438 0.0804623812437057 0.0527295060455799 -0.666514039039612 -0.656111657619476 -1.06147074699402 -1.22250294685364 -0.905207931995392 -1.30551099777222 -1.39713299274445 -1.13037574291229 -1.07990002632141 -0.513399839401245 -0.203461676836014 -0.25159153342247 -1.48591232299805 -1.53407037258148 -1.58249139785767 8.12570476531982 -1.56665921211243 32.9962844848633 20.712984085083 19.0217380523682 12.2045965194702 8.42949676513672 14.1517868041992 14.4424505233765 14.1939115524292 13.168664932251 7.43677520751953 2.52741765975952 2.90284609794617 2.23486614227295 1.87873351573944 1.507777094841 1.63552248477936 2.39077758789062 2.70140600204468 6.36159753799438 8.70987701416016 0.76037722826004 9.35909271240234 -2.00230264663696
9.86599254608154 -0.652497947216034 26.9658107757568 17.4691562652588 -0.348610520362854 0.00594468461349607 -0.693144798278809 -0.73982435464859 -0.752991855144501 -1.1349812746048 -1.04270255565643 -1.10969579219818 -1.43397963047028 -0.720356106758118 -0.736968100070953 -1.21585965156555 -1.24047517776489 -0.302508115768433 -1.57801043987274 -1.62506401538849 -1.13997113704681 5.11347961425781 -1.72619223594666 0.983640134334564 14.23033618927 14.4838705062866 -2.30905699729919 7.83955812454224 12.29296875 12.3665580749512 11.3052024841309 10.8498620986938 6.66202831268311 4.67333793640137 2.38340711593628 1.9230250120163 1.70037078857422 2.21261882781982 2.15082097053528 1.60952866077423 1.69064819812775 5.09109687805176 6.64962482452393 -0.497580856084824 8.45184135437012
16.9305381774902 16.1935482025146 32.4535522460938 21.1715984344482 10.1530590057373 -0.444246530532837 -0.119462072849274 -1.45926785469055 -0.772338926792145 -0.817701816558838 -1.20983815193176 -1.40780103206635 -1.15572893619537 -1.52592873573303 -1.580038189888 -1.15184509754181 -1.49883890151978 -1.53495347499847 -0.501344501972198 -1.62696599960327 -0.777037084102631 -0.792502224445343 3.66371393203735 3.26338291168213 3.96637678146362 0.00213168584741652 2.40071153640747 -0.40438437461853 32.5394248962402 10.5242118835449 10.7836217880249 10.0085372924805 7.84317922592163 7.23242378234863 5.92782163619995 2.11306428909302 1.86744379997253 2.29533886909485 1.73035132884979 1.38382267951965 1.31785047054291 1.56576681137085 4.29413652420044 5.46604013442993 22.8675136566162
3.02711248397827 1.09451377391815 5.74033689498901 6.5274019241333 13.0847635269165 7.13332366943359 -1.36537611484528 -0.15514412522316 -1.46715581417084 15.7769470214844 -0.821897864341736 -0.704410970211029 -1.4958872795105 -1.21789050102234 -1.34657859802246 -1.74829339981079 -1.2697229385376 -1.22717475891113 -1.62711453437805 -0.138051107525826 1.02398455142975 1.37144243717194 2.42146897315979 3.64979434013367 3.19490361213684 -2.06833410263062 19.0615177154541 4.54041767120361 48.8834114074707 38.0815582275391 10.0081911087036 9.87166118621826 9.23157501220703 18.2163047790527 12.9508028030396 5.53064393997192 4.03073453903198 2.07056427001953 1.74600338935852 1.53526961803436 1.31571269035339 1.3914932012558 1.26789128780365 1.28620684146881 3.09960436820984
0.628621995449066 1.54674577713013 0.833824336528778 3.68802070617676 4.86980104446411 9.20244789123535 -1.20319902896881 5.6345157623291 2.49122071266174 27.6047801971436 17.7540855407715 -0.851497173309326 -1.24477064609528 -1.5928989648819 -1.73067235946655 -1.55470037460327 -0.020023824647069 0.894538819789886 -0.298989206552505 1.10433220863342 3.02272200584412 3.18440771102905 5.24721956253052 4.59063720703125 3.88166689872742 -0.268661618232727 4.5509147644043 11.1885957717896 20.962381362915 32.5374069213867 27.8350658416748 7.96647834777832 9.18320941925049 8.82469654083252 8.32847690582275 9.1838493347168 6.13609409332275 4.99405574798584 1.86192405223846 1.61929476261139 1.41509401798248 1.28856158256531 1.31839716434479 1.16507005691528 1.25971829891205
1.97588169574738 1.84607720375061 1.37663459777832 1.28378546237946 2.60656595230103 2.32907390594482 7.01041507720947 3.34737491607666 -1.20782148838043 27.1837062835693 17.1516914367676 10.312050819397 -0.909208118915558 -1.57929515838623 -0.715343654155731 1.24682474136353 1.55470538139343 0.680290400981903 1.53722608089447 2.5514178276062 3.05680060386658 2.61887764930725 3.64177107810974 2.97971296310425 0.90229719877243 5.43844366073608 9.75752925872803 7.94326782226562 23.0926952362061 34.4587173461914 24.1180629730225 22.0686931610107 15.6831493377686 7.15820741653442 8.20508861541748 7.7799916267395 7.59359931945801 7.2372727394104 4.65048217773438 1.70015513896942 1.52306258678436 1.40510976314545 1.28759694099426 1.12839365005493 1.31493735313416
1.73549234867096 0.33158940076828 1.65253674983978 0.325866192579269 1.15248501300812 0.600849211215973 1.53109681606293 1.80373990535736 26.4132308959961 30.3003540039062 19.6792984008789 10.3047533035278 6.88703632354736 3.5051007270813 -1.12258148193359 -1.33412027359009 0.579743802547455 1.45117056369781 1.94765543937683 3.80827283859253 4.15416193008423 3.34351968765259 3.42455911636353 3.15077495574951 3.33407664299011 10.7340440750122 -0.616538226604462 23.8712863922119 23.5413627624512 15.3310985565186 14.3737230300903 17.8608741760254 18.2245445251465 16.6409473419189 6.69263410568237 7.64427328109741 7.33746719360352 6.92621612548828 6.707603931427 4.37600040435791 3.31376791000366 1.5549703836441 1.39134657382965 1.28294277191162 1.76368367671967
8.55014514923096 1.51285326480865 1.33133864402771 1.50738799571991 1.39329099655151 1.05654776096344 0.527616858482361 1.17540538311005 5.24609661102295 4.18629503250122 10.2519750595093 11.6295099258423 6.46387767791748 4.61703681945801 3.57422494888306 -1.30193305015564 1.32503569126129 3.51124238967896 4.12855625152588 6.52657222747803 6.86008787155151 4.49918937683105 3.67785573005676 3.98373770713806 3.07718873023987 3.91589498519897 3.55949783325195 20.1038913726807 13.0394134521484 10.89621925354 4.17904186248779 10.9570379257202 14.8115510940552 13.48521900177 14.3853006362915 6.79413509368896 6.06087684631348 6.79270076751709 6.46386861801147 6.31148862838745 4.90957498550415 4.04404735565186 1.54296827316284 1.61783874034882 2.05321931838989
3.636798620224 6.69506931304932 5.50959730148315 1.16504216194153 0.53640878200531 1.29510867595673 0.968719899654388 0.884272456169128 0.757422804832458 0.704638719558716 3.3753137588501 6.45844602584839 7.10446786880493 4.04799795150757 3.8215491771698 3.51752138137817 3.87345552444458 4.36932897567749 3.75733542442322 7.07034015655518 6.13228178024292 5.63986778259277 5.14141607284546 3.40472102165222 3.47827243804932 5.40807819366455 3.80200219154358 3.14333319664001 4.90002059936523 9.189528465271 8.92463874816895 22.8531932830811 15.1767473220825 10.6597785949707 11.6972999572754 12.6591510772705 10.1868810653687 5.66244316101074 6.39818477630615 6.16325807571411 6.05302953720093 5.83696937561035 3.90210175514221 1.55118608474731 1.58681797981262
7.4802417755127 4.21003675460815 2.19194602966309 4.47965526580811 1.05150842666626 -0.102867379784584 1.19151043891907 0.0883716195821762 0.748810648918152 0.28164803981781 0.347817033529282 1.19611144065857 4.08733797073364 5.64409685134888 5.56388235092163 5.28196859359741 3.86240744590759 3.14332628250122 3.21776795387268 4.83023309707642 4.15064334869385 5.01457834243774 4.99182176589966 4.06203889846802 1.86440372467041 4.22253370285034 3.43582630157471 3.20025086402893 2.92341637611389 4.21688365936279 7.06988620758057 7.06209564208984 7.11537551879883 10.1854476928711 9.16549301147461 10.4341630935669 11.4674873352051 10.9821176528931 5.5756311416626 6.12942981719971 5.87444877624512 5.69663286209106 5.43604469299316 3.64160323143005 2.83259439468384
20.2472591400146 4.31494951248169 3.65663504600525 1.90501201152802 3.64275479316711 0.930247187614441 0.795423626899719 1.08515620231628 0.932541370391846 0.563371241092682 0.152748242020607 0.226919636130333 1.15050530433655 6.23004674911499 5.49128007888794 4.93915176391602 3.67678618431091 3.45433640480042 3.32008457183838 3.73679113388062 3.76721024513245 3.67392587661743 4.08455514907837 4.84139442443848 4.86082649230957 13.2128324508667 8.62935924530029 3.01606416702271 2.8260486125946 2.66654324531555 2.64822196960449 5.72291469573975 5.20123291015625 6.25524044036865 8.35234546661377 7.24892377853394 9.63580417633057 8.82848644256592 9.61198997497559 8.10446834564209 4.88797855377197 5.50726747512817 5.32430982589722 5.12129020690918 4.06951427459717
7.259192943573 12.403826713562 2.47141695022583 3.19874501228333 2.84407448768616 3.01362681388855 2.56519103050232 0.703671038150787 -0.0316420271992683 0.780555903911591 0.478745430707932 3.95375442504883 4.53850984573364 3.98459458351135 2.62844896316528 3.87801885604858 4.71758317947388 3.55609464645386 3.37173366546631 3.2995183467865 3.37095308303833 3.10855722427368 3.67622256278992 5.34010791778564 4.03458738327026 4.09300184249878 3.43988037109375 5.70870161056519 2.75623512268066 2.58555102348328 2.38283061981201 -0.89166659116745 -0.067065142095089 1.6726039648056 4.79541492462158 6.65308475494385 5.5836763381958 7.13802194595337 7.73499822616577 8.73869609832764 8.39828586578369 4.63029193878174 5.24068737030029 5.00586843490601 4.87560892105103
4.4009313583374 5.00816869735718 8.45771503448486 1.77222836017609 1.26152765750885 2.45772671699524 0.759755969047546 2.26963782310486 0.576023519039154 0.465345829725266 0.836130917072296 5.06343936920166 4.54302310943604 3.70563983917236 2.98148512840271 2.69673156738281 3.81539106369019 4.25926828384399 4.03568267822266 3.34820103645325 3.17886066436768 3.21258687973022 5.86836814880371 4.53829383850098 3.41229891777039 3.69680619239807 3.75444507598877 3.32748651504517 4.81763887405396 -0.567899465560913 0.223242059350014 0.622427046298981 20.251127243042 14.5273694992065 16.8289337158203 10.7544050216675 4.57594299316406 4.61110639572144 5.34568881988525 7.10824203491211 6.85083246231079 7.78384065628052 4.52027034759521 4.91391658782959 4.79279804229736
7.07354784011841 3.32032871246338 3.87195205688477 5.91836500167847 5.20556163787842 1.03843903541565 2.28200364112854 1.23011767864227 1.99663209915161 1.70715308189392 0.44665053486824 2.24690580368042 2.59425234794617 3.98375487327576 3.28375887870789 3.75716209411621 2.59948420524597 3.13171029090881 3.49596071243286 3.90644311904907 3.18739485740662 4.42916202545166 4.1706428527832 3.43598031997681 3.61370778083801 3.38267469406128 4.11218166351318 4.97395944595337 0.700859546661377 -1.23426163196564 -0.43127167224884 15.9384965896606 11.5920085906982 8.7078104019165 11.859203338623 9.05226230621338 6.32841968536377 4.18736791610718 4.0901050567627 4.37990617752075 5.97282552719116 6.36334323883057 7.31127452850342 6.37929773330688 4.11019468307495
3.37461757659912 5.41187572479248 4.28099393844604 3.21654653549194 3.14024090766907 4.24674081802368 0.857737720012665 2.10622119903564 1.88353407382965 0.454265832901001 1.55161416530609 1.48596000671387 2.90572285652161 2.13420653343201 3.49381542205811 3.32668328285217 3.08202242851257 2.71966052055359 2.23968195915222 3.10128426551819 3.88438296318054 4.87795400619507 4.13230800628662 3.53679037094116 3.53140234947205 5.02004957199097 3.25601530075073 3.02942514419556 0.102657452225685 -0.00121528620366007 24.6051292419434 7.56108093261719 15.0564956665039 3.20990395545959 5.20609617233276 8.59027862548828 6.53685569763184 4.75149583816528 3.34054470062256 3.81470966339111 3.81094169616699 5.61713743209839 5.94093227386475 6.87677907943726 6.57569980621338
1.91534388065338 2.41080498695374 3.03687262535095 3.28778958320618 1.30245625972748 2.52901291847229 3.5656259059906 0.677390277385712 0.617236256599426 1.75678622722626 1.66861486434937 3.55128240585327 3.09493184089661 1.77456164360046 4.0726842880249 3.92051649093628 3.28170466423035 2.78570413589478 2.41689300537109 2.69453406333923 5.37841796875 4.00547122955322 3.76872301101685 3.81809878349304 5.18847799301147 3.1263222694397 2.63993358612061 2.41837072372437 2.3160297870636 22.8326110839844 6.87003231048584 -0.577548623085022 22.6600017547607 9.33759307861328 8.11626243591309 5.68663644790649 6.76188659667969 6.32778596878052 4.95294427871704 3.68488883972168 3.60017132759094 3.5971531867981 4.27278137207031 5.64462661743164 5.39579963684082
4.34293985366821 2.18405199050903 1.41497981548309 1.28009152412415 2.68840980529785 1.25203764438629 2.28696060180664 3.17986607551575 2.79337525367737 1.1964066028595 2.35182046890259 1.89393270015717 1.68715369701385 2.84997487068176 4.74553537368774 4.26381301879883 3.07673168182373 2.8677031993866 3.03340435028076 4.32169342041016 3.02963805198669 2.70787525177002 3.44312214851379 4.15392398834229 3.56795215606689 2.96853876113892 2.75300097465515 2.25676608085632 2.07121562957764 1.09625101089478 1.03680324554443 2.59479165077209 13.4091262817383 1.12613952159882 9.25462341308594 6.37570190429688 3.62417721748352 2.91875910758972 5.40819072723389 4.24282026290894 3.19530963897705 3.40358734130859 3.33495688438416 3.58513975143433 4.95096206665039
11.4716711044312 3.52919173240662 1.68037021160126 1.31679999828339 1.2203882932663 2.28728604316711 2.05420899391174 0.799709260463715 1.89982306957245 2.63019037246704 0.619796514511108 1.76283311843872 1.71277248859406 2.3532862663269 2.71358823776245 2.77016687393188 2.69949674606323 3.23601937294006 4.62023448944092 3.08116626739502 2.62439727783203 2.40504264831543 2.39137315750122 4.37254619598389 3.51363396644592 3.27951717376709 2.71583843231201 2.5390989780426 2.05320477485657 1.08743953704834 5.83871841430664 5.74877691268921 12.4805088043213 0.418875485658646 7.91082143783569 19.2928123474121 2.44067573547363 2.91089463233948 2.51807427406311 4.71236515045166 3.73950171470642 2.8607485294342 2.77038168907166 3.17455196380615 3.25702047348022
15.8422107696533 6.7582745552063 2.84109783172607 1.27927446365356 1.24251127243042 1.14642345905304 1.21644258499146 1.87488770484924 1.00405061244965 1.76714861392975 2.37052202224731 2.24042582511902 0.789263546466827 1.66645407676697 1.98379683494568 2.06782484054565 2.57998847961426 4.82223415374756 3.37438654899597 2.81736445426941 2.65115976333618 2.38665962219238 2.30286908149719 3.76601052284241 2.49418759346008 2.79098129272461 3.03916215896606 2.51801538467407 2.34824657440186 2.20988082885742 6.28684425354004 -1.13875222206116 1.36750602722168 4.00571584701538 18.2365837097168 21.0926761627197 5.3226466178894 12.5473470687866 9.37601184844971 2.27031993865967 3.98620557785034 3.94648480415344 3.28948020935059 2.5398690700531 3.05676507949829
