slauniainen/Data/DEM/Vihti_dsm1500b_cl_horizonAngle_288.asc
NCOLS 196 
NROWS 178 
XLLCORNER 353680 
YLLCORNER 6699024 
CELLSIZE 16 
NODATA_value -3.4e+38 
[rows 0 to 19 of 178, columns 90 to 134 of 196]
4.12153434753418 8.11563968658447 0.858680009841919 1.01519417762756 19.1942977905273 5.8099799156189 3.26552629470825 22.6595134735107 58.1923751831055 42.764778137207 40.5501823425293 33.6943016052246 28.7075462341309 23.046817779541 14.6697263717651 43.8793830871582 15.8825492858887 14.3925580978394 13.1612596511841 12.6090335845947 11.7108068466187 10.8925151824951 9.43846607208252 8.9664192199707 8.86030769348145 8.44493103027344 8.06006717681885 7.69710350036621 8.11109733581543 7.78213596343994 7.47869825363159 7.08102941513062 6.28049850463867 6.05415201187134 5.84053993225098 5.56579971313477 4.83804416656494 4.49251985549927 10.2870979309082 6.20761871337891 4.528977394104 4.39905643463135 4.92525434494019 4.74370288848877 4.05183124542236
8.44480514526367 7.41764879226685 1.14224052429199 5.91398668289185 5.21309804916382 20.5738067626953 14.7377061843872 15.9915332794189 56.8954467773438 41.8866577148438 36.0275192260742 31.2998180389404 27.154956817627 18.0949077606201 44.2001266479492 16.0982799530029 25.1612663269043 18.4136428833008 14.4158630371094 12.5243234634399 11.0186967849731 10.2537326812744 10.0877695083618 9.52858734130859 9.00668716430664 8.00197792053223 7.62106418609619 7.28512001037598 7.27054071426392 6.97536182403564 6.70180082321167 7.11104297637939 6.85671901702881 6.61674308776855 6.26117944717407 4.93575572967529 4.68481254577637 18.9685516357422 4.94174909591675 4.74314785003662 4.38441324234009 4.25924301147461 3.63794231414795 4.12276601791382 4.01365995407104
1.48121440410614 19.6738872528076 1.96845889091492 9.70090866088867 6.0325288772583 9.92885398864746 9.01977157592773 21.0606994628906 57.8334350585938 40.0190048217773 34.1413345336914 30.1486721038818 26.5470638275146 19.4929866790771 32.9372596740723 17.3735599517822 14.2247676849365 31.0403385162354 14.3484201431274 13.3769540786743 12.3759183883667 10.8757963180542 10.288046836853 8.94031810760498 8.44106197357178 8.39511489868164 7.98472166061401 7.6085376739502 7.26485061645508 6.60142755508423 6.34332275390625 6.37129259109497 6.14186096191406 5.92149686813354 6.30926275253296 5.38244915008545 19.5970287322998 8.25164604187012 8.83900833129883 6.29387140274048 4.83141851425171 4.48770809173584 4.10854816436768 3.9946973323822 2.10500645637512
22.6811199188232 9.02179718017578 10.7713565826416 6.37683916091919 11.9332847595215 7.64567184448242 26.4397506713867 50.4266777038574 42.117374420166 40.3426933288574 35.3332138061523 30.7342014312744 21.7469902038574 20.7994651794434 18.229190826416 16.2778854370117 13.8392848968506 24.5137634277344 17.935661315918 15.1425952911377 12.6379823684692 11.6078548431396 10.9680309295654 10.1320629119873 9.12513637542725 8.69757843017578 8.30506420135498 7.21491670608521 6.80203437805176 6.85986709594727 6.57962703704834 6.31953811645508 5.80940198898315 5.62194013595581 5.17140865325928 12.4056425094604 5.25690221786499 9.06175804138184 6.42421960830688 5.33373785018921 5.04748106002808 4.60524702072144 4.41282510757446 2.53836846351624 2.31419801712036
28.415132522583 23.8443069458008 26.9190139770508 13.2614326477051 6.8549017906189 7.95157670974731 57.905647277832 42.215763092041 39.0182952880859 31.1395530700684 27.7815074920654 28.1948909759521 21.9757461547852 18.7642498016357 16.468204498291 14.4403419494629 12.508451461792 24.0968151092529 20.8560276031494 13.8564424514771 13.2773494720459 12.5142993927002 11.8246297836304 10.3248720169067 9.72015476226807 9.26487636566162 8.84735202789307 8.16729831695557 7.52201652526855 7.22672319412231 6.38496494293213 5.91445207595825 6.00317764282227 5.76641321182251 5.11835098266602 10.9740200042725 5.59317588806152 5.05724477767944 4.89662647247314 4.76813411712646 5.14375114440918 5.0093879699707 4.87189102172852 3.17345428466797 2.29607677459717
28.4188480377197 37.2599563598633 28.0440311431885 24.3655624389648 17.9683685302734 11.6926708221436 54.4156074523926 44.1856384277344 36.0072822570801 30.6565055847168 26.5540351867676 20.2743511199951 20.3236598968506 19.050609588623 16.3632259368896 14.8392953872681 14.4929456710815 17.941499710083 20.4147262573242 14.7806301116943 12.721043586731 11.9870452880859 11.3254098892212 11.0193681716919 10.4824056625366 9.99289608001709 9.5447301864624 8.35286140441895 8.01396751403809 7.6999659538269 7.10555839538574 6.62337303161621 6.38962173461914 5.71291208267212 4.83952808380127 9.50155735015869 5.10180377960205 4.95496034622192 4.64269161224365 4.56581735610962 4.60545587539673 4.47281122207642 3.86625814437866 3.21534538269043 2.76819610595703
38.8138198852539 23.8539218902588 20.7172698974609 22.5075836181641 19.2544288635254 16.8048248291016 42.6513137817383 39.5979652404785 31.9705104827881 26.9105434417725 26.198413848877 20.5984745025635 19.5110607147217 16.0774936676025 15.1166477203369 14.6947116851807 14.8132171630859 16.1002578735352 14.0488634109497 13.1018981933594 12.0671043395996 11.4844484329224 10.9504241943359 10.54918384552 10.0358448028564 9.56621074676514 9.13531112670898 9.01147747039795 8.64687919616699 8.30780029296875 7.32112216949463 7.05789804458618 6.81362199783325 6.28152894973755 5.89124250411987 5.65002250671387 5.13138151168823 4.64707374572754 4.74948263168335 4.61577749252319 4.49629545211792 4.23472452163696 4.18924331665039 3.41708922386169 2.02843618392944
23.4298343658447 23.2798175811768 20.8677406311035 22.0291709899902 24.3395290374756 20.3874568939209 25.9620018005371 24.6631507873535 18.2732620239258 20.9129734039307 18.326868057251 16.250825881958 17.3892040252686 16.6564502716064 13.720235824585 13.4361810684204 13.3219213485718 14.6331691741943 12.9710063934326 12.3310499191284 12.0288619995117 11.329270362854 10.7022686004639 10.0274448394775 9.88047981262207 9.48098945617676 9.11033916473389 8.62509918212891 8.27455425262451 7.94996023178101 7.90057420730591 7.61808967590332 7.3573317527771 6.52162837982178 6.30810451507568 5.84780311584473 6.07799243927002 5.28494167327881 5.1299901008606 4.68893766403198 4.24292659759521 4.33273458480835 4.2124080657959 3.40174031257629 2.71965789794922
27.788158416748 31.726354598999 15.9483671188354 19.0776786804199 33.6079635620117 20.8433418273926 20.0446109771729 14.9020576477051 35.4606323242188 16.9613380432129 16.3852272033691 14.367112159729 13.8408575057983 14.3636274337769 11.6916522979736 22.8253746032715 15.4414443969727 13.1066236495972 12.2223682403564 11.5470056533813 10.8772611618042 10.7589550018311 10.2367820739746 9.96894836425781 9.48235321044922 9.04487419128418 8.67824935913086 8.66515064239502 8.35488605499268 8.06774806976318 7.56710958480835 7.29540681838989 7.04315996170044 7.04102897644043 6.81448888778687 6.59246778488159 5.59863138198853 5.13606786727905 16.1433849334717 5.04941272735596 4.82440233230591 4.70579433441162 4.32693004608154 3.27830481529236 3.40985941886902
9.34512329101562 46.8603782653809 30.1270446777344 25.37917137146 23.9507617950439 20.3406620025635 17.9530429840088 16.5530452728271 15.7170724868774 19.8400764465332 15.2820138931274 14.1721067428589 14.1409950256348 12.590723991394 15.5310525894165 12.0669221878052 12.4932069778442 11.2414979934692 11.3726596832275 11.2146987915039 10.5614738464355 9.97366046905518 9.5656852722168 9.09902095794678 8.67241668701172 8.79974746704102 8.44036769866943 8.14712619781494 7.92913913726807 7.6467432975769 7.71844053268433 7.47149991989136 7.24202394485474 6.7341890335083 6.51904535293579 6.31536293029785 6.3289966583252 6.12278366088867 4.39998960494995 40.4285926818848 5.1343207359314 5.01162242889404 4.62033939361572 4.43314123153687 3.75114393234253
14.0282249450684 39.7207374572754 29.1707916259766 23.3534908294678 21.290111541748 19.181827545166 17.2747268676758 13.9648714065552 13.6953868865967 14.1999568939209 13.3797264099121 13.1329011917114 13.2070264816284 12.5205984115601 11.9344129562378 11.9357290267944 11.4068355560303 10.8951406478882 10.4139375686646 9.91370296478271 9.68155384063721 9.42336559295654 9.28739738464355 8.83270645141602 8.41513729095459 8.0356330871582 7.81904458999634 7.51965427398682 7.71749544143677 7.44242429733276 7.18130588531494 7.06215906143188 6.83560705184937 6.9540057182312 6.75313854217529 6.56578254699707 6.06580877304077 5.87856769561768 5.4112343788147 5.45022392272949 21.6502647399902 15.7211456298828 12.2247381210327 4.73026371002197 4.61811876296997
10.4821443557739 35.8726196289062 24.0066089630127 19.1448822021484 16.3660202026367 16.2605133056641 14.7325658798218 15.3791046142578 14.2217988967896 13.2070322036743 11.178503036499 11.4021701812744 11.7666034698486 11.174711227417 11.1409330368042 11.1114015579224 10.6094837188721 10.1125497817993 9.83518123626709 9.82149982452393 9.44071388244629 9.07437324523926 8.61491203308105 7.86483573913574 15.734580039978 7.90942144393921 7.59296417236328 7.34928607940674 7.08549451828003 6.9436469078064 6.7176685333252 6.86624050140381 6.64874649047852 6.44235324859619 6.36174964904785 6.17884349822998 6.32583856582642 6.14873886108398 5.98776531219482 5.03780269622803 14.3526744842529 5.17093992233276 5.23527240753174 9.46830749511719 8.09049415588379
11.7921237945557 19.9839534759521 20.7839584350586 16.7015571594238 14.2424545288086 13.2967100143433 12.6435642242432 11.8935747146606 11.7086973190308 10.8311939239502 11.9935245513916 11.3106231689453 10.6711692810059 9.64256000518799 9.69425201416016 9.91432857513428 9.43644905090332 9.14047718048096 9.14620208740234 9.11058330535889 8.75808906555176 7.89394950866699 16.0260887145996 7.69108486175537 16.6177616119385 7.648756980896 7.56255531311035 7.3227391242981 7.09371709823608 6.65177345275879 6.53911876678467 6.33306980133057 6.25110960006714 6.06981134414673 6.18159914016724 6.00174808502197 5.84314203262329 5.76193523406982 5.61222553253174 5.76646566390991 5.4442138671875 4.77897834777832 25.8468246459961 4.87968015670776 4.76128244400024
12.050085067749 11.4496431350708 10.9619131088257 10.323504447937 11.0087833404541 11.1347036361694 10.3824262619019 10.0825500488281 9.99404430389404 10.1555776596069 9.81496238708496 9.48245620727539 9.14942932128906 9.80149555206299 9.33473873138428 8.87854862213135 8.35751628875732 8.02174472808838 7.96875 8.1090202331543 6.76197242736816 27.276704788208 7.89355897903442 6.9381103515625 20.7442493438721 7.689772605896 7.44657802581787 7.2167501449585 6.8628454208374 6.81300449371338 6.61628532409668 6.43143844604492 5.97649574279785 5.93556976318359 5.77581739425659 5.67441463470459 5.52050590515137 5.61255502700806 5.49920654296875 5.35686540603638 5.07954883575439 4.69227743148804 15.06236743927 12.2723617553711 4.38608407974243
11.2186880111694 10.6505727767944 10.060450553894 10.2837753295898 9.80911540985107 9.45848274230957 8.93721961975098 8.70230293273926 9.39005851745605 9.13591003417969 8.86618423461914 8.61458778381348 8.55015087127686 8.64067077636719 8.3820743560791 8.10554695129395 8.24254989624023 7.85737705230713 7.51239776611328 7.2332968711853 5.77187347412109 31.627067565918 13.0218858718872 9.187180519104 6.23259305953979 25.8251209259033 6.92749643325806 6.95410013198853 6.92962741851807 6.72850561141968 6.53989124298096 6.22082853317261 6.19970273971558 6.03664588928223 5.87833738327026 5.47356462478638 5.43244886398315 5.30332660675049 5.20344495773315 5.0653190612793 5.14029359817505 4.59919786453247 4.39840221405029 21.1846160888672 4.04706239700317
11.3024196624756 9.59617900848389 10.032054901123 9.55776786804199 9.14063835144043 8.65718936920166 8.86377239227295 8.57287788391113 8.34250926971436 8.15407752990723 7.82990074157715 7.66655111312866 8.13818454742432 7.92125988006592 7.70724868774414 7.6728081703186 7.69856214523315 7.44896268844604 7.15093564987183 6.70835494995117 6.68191289901733 6.48016262054443 15.4119596481323 10.7398500442505 5.2421760559082 28.3811302185059 12.2055072784424 8.7093448638916 6.70795011520386 6.26145553588867 6.32692193984985 6.30358123779297 6.14013051986694 5.98127031326294 5.68274831771851 5.67968511581421 5.53782367706299 5.39862537384033 5.05650091171265 5.01384735107422 4.8895320892334 4.70996236801147 4.65424251556396 7.98481178283691 9.74823188781738
10.6601638793945 10.6044569015503 10.1165466308594 9.66659927368164 8.15236568450928 8.6193962097168 8.29319381713867 7.98682832717896 7.74383544921875 7.46890544891357 7.71014213562012 7.57644462585449 7.42308759689331 7.13839960098267 6.9776406288147 7.32676839828491 7.13785552978516 6.92181205749512 6.45120668411255 11.6067800521851 6.64427089691162 6.43743085861206 6.10587739944458 5.40670728683472 6.90323734283447 10.8033103942871 12.2730302810669 10.1237926483154 7.85942363739014 5.88105630874634 5.89872789382935 5.86616182327271 5.71193981170654 5.80389213562012 5.77820253372192 5.63832426071167 5.4979395866394 5.22240400314331 5.2429051399231 5.11988544464111 5.00288438796997 4.58855199813843 4.56436538696289 4.47732067108154 4.4266996383667
10.6450204849243 10.1493701934814 9.70061111450195 9.18969917297363 9.11745071411133 8.73922920227051 8.38289833068848 8.07123184204102 6.87042808532715 7.35101652145386 7.20846462249756 7.09386205673218 6.88800001144409 7.05799913406372 6.90820264816284 6.76483201980591 6.51439809799194 5.66253185272217 17.2415046691895 6.41830396652222 6.22118473052979 6.19064235687256 6.18293571472168 6.00150012969971 5.53569650650024 5.29482316970825 5.25355195999146 10.5741262435913 5.38844108581543 5.96510696411133 5.22097539901733 5.22648000717163 5.39376974105835 5.40760278701782 5.37508201599121 5.24301767349243 5.35141658782959 5.33179140090942 5.2139949798584 5.09360647201538 4.77967166900635 4.76791381835938 4.456383228302 9.91049861907959 4.12980604171753
9.09178829193115 8.70831203460693 8.35219573974609 9.16577816009521 8.79026031494141 8.42137718200684 8.08905601501465 7.73499584197998 7.69340419769287 7.46019077301025 7.28359842300415 6.36052846908569 6.76761865615845 6.6410083770752 6.52161884307861 6.34228515625 6.48311901092529 6.34529256820679 6.1860203742981 5.66147804260254 9.59367275238037 5.975013256073 5.80063247680664 5.56917238235474 5.6464056968689 5.64572048187256 5.50068950653076 5.38428592681885 5.15419912338257 5.09644556045532 4.98745632171631 4.95203876495361 4.94162893295288 4.83184957504272 4.78968334197998 4.97521495819092 4.98831081390381 4.96013927459717 4.84603500366211 4.96865606307983 4.58545017242432 4.43572521209717 4.28336620330811 16.8519897460938 4.45722436904907
8.39197731018066 8.28957271575928 8.25628662109375 7.91742706298828 7.60991239547729 7.37539291381836 7.11371326446533 7.71270990371704 7.46587562561035 7.25701665878296 7.02611923217773 7.02679395675659 6.87326955795288 6.74378061294556 6.02166986465454 6.30055236816406 6.15558433532715 6.03972816467285 5.86913013458252 5.93918418884277 5.69175481796265 5.25258874893188 13.257396697998 5.28689336776733 5.4296293258667 5.29230880737305 5.15487194061279 5.18575525283813 5.20404434204102 5.08716630935669 4.98192691802979 4.77911806106567 4.71963405609131 4.61525821685791 4.57287740707397 4.59034967422485 4.49576950073242 4.42074203491211 4.61434984207153 4.12563848495483 6.48360157012939 4.06684255599976 4.27792978286743 13.5534505844116 7.35079336166382
