slauniainen/Data/DEM/Vihti_dem1500b_cl_horizonAngle_168.asc
NCOLS 196 
NROWS 178 
XLLCORNER 353680 
YLLCORNER 6699024 
CELLSIZE 16 
NODATA_value -3.4e+38 
[rows 20 to 39 of 178, columns 135 to 179 of 196]
2.30211520195007 2.44596266746521 2.53292918205261 2.68579006195068 2.8234715461731 2.90638136863708 3.01272392272949 3.16182851791382 3.23588180541992 3.51969861984253 4.06929063796997 4.62709712982178 5.54940605163574 5.84644508361816 5.87625789642334 5.80337047576904 5.7007417678833 5.56810855865479 5.41427373886108 5.20016145706177 4.64495897293091 3.99289584159851 3.12045049667358 2.81786346435547 2.60738563537598 2.36835408210754 2.28660440444946 2.29760026931763 2.47178721427917 2.85577201843262 3.02620720863342 3.27125096321106 3.41445350646973 3.25057291984558 2.76014351844788 2.1837363243103 1.72275638580322 1.11545324325562 0.801089227199554 0.690509617328644 0.451291114091873 0.402743875980377 0.557226836681366 0.231583133339882 0.100148633122444
2.37566685676575 2.48459959030151 2.58331489562988 2.7362117767334 2.94690084457397 3.10125088691711 3.18269824981689 3.28738260269165 3.37539434432983 3.54697751998901 3.93621134757996 4.75083541870117 5.70661592483521 6.00352048873901 6.04005336761475 5.96231126785278 5.85730791091919 5.72028398513794 5.5650634765625 5.34614419937134 4.76903295516968 4.07994270324707 3.23421692848206 2.87708616256714 2.77240061759949 2.68284249305725 2.55156350135803 2.46022462844849 2.49289917945862 2.73732900619507 2.97043490409851 3.35281133651733 3.50391030311584 3.33508563041687 2.91566491127014 2.27925372123718 1.77014708518982 1.14634740352631 0.92231810092926 0.779093146324158 0.590132355690002 0.478872239589691 0.430420190095901 0.418485075235367 0.133734434843063
2.45670247077942 2.54468035697937 2.64333820343018 2.80653762817383 3.07252359390259 3.26398849487305 3.42758727073669 3.64558792114258 3.69238185882568 3.68208336830139 4.04376363754272 4.87972688674927 5.73973798751831 6.17592859268188 6.21145153045654 6.12439918518066 6.02073097229004 5.87918043136597 5.72243881225586 5.59604644775391 5.41774368286133 4.56266927719116 3.5228853225708 2.90946769714355 2.94988346099854 2.84403586387634 2.78164744377136 2.6744532585144 2.48066353797913 2.606614112854 3.04968810081482 3.44179487228394 3.59829568862915 3.42258715629578 3.00829100608826 2.55261397361755 2.14327836036682 1.66161978244781 1.02861547470093 0.891950368881226 0.720431864261627 0.518913626670837 0.69407719373703 0.675979793071747 0.214871391654015
2.52923226356506 2.61850666999817 2.76443767547607 2.95561981201172 3.22451686859131 3.48369598388672 3.69585704803467 3.91679573059082 3.97044444084167 3.96096873283386 4.15798473358154 5.01205778121948 5.58416318893433 6.08149766921997 6.40099620819092 6.43808889389038 6.33135223388672 6.11015939712524 6.03496742248535 5.93113136291504 5.67761135101318 5.04120206832886 3.87417769432068 2.94672203063965 3.00929188728333 2.90502333641052 2.83882832527161 2.73235177993774 2.58034300804138 2.67324900627136 3.12933421134949 3.53218293190002 3.68664336204529 3.71696591377258 3.39016580581665 2.88016605377197 2.33521723747253 1.87391304969788 1.2155522108078 1.01573038101196 0.887707412242889 0.655788898468018 0.661556363105774 0.369217991828918 0.302298843860626
2.64265394210815 2.7767596244812 2.91387867927551 3.10584378242493 3.35959625244141 3.61066746711731 3.86710023880005 4.09297609329224 4.18791580200195 4.14405202865601 4.15430545806885 4.85772800445557 5.49078607559204 6.33635425567627 6.59893131256104 6.64231586456299 6.54247236251831 6.43771171569824 6.27746677398682 6.11443614959717 5.83408212661743 5.21630334854126 4.36452627182007 3.01909232139587 3.0800724029541 2.96613740921021 2.97968316078186 2.91348624229431 2.80403089523315 2.74606156349182 3.16905808448792 3.35449481010437 3.64839816093445 3.82145667076111 3.62734961509705 3.07802629470825 2.43413043022156 1.92802011966705 1.24911487102509 1.08749032020569 0.987714409828186 0.861549079418182 0.739127814769745 0.523289144039154 0.42800584435463
2.83099961280823 2.92936897277832 3.06807136535645 3.27059412002563 3.5267448425293 3.72603106498718 3.9567596912384 4.18259239196777 4.27544021606445 4.23194169998169 4.14306545257568 4.67170095443726 5.36455678939819 6.47801303863525 6.84005737304688 6.86655950546265 6.7540454864502 6.64140939712524 6.46482229232788 6.31063318252563 6.02790260314941 5.37842035293579 4.59421253204346 3.64333415031433 3.14472651481628 3.0286877155304 3.04118299484253 2.97471213340759 2.86370944976807 2.76914691925049 3.04011607170105 3.32241606712341 3.7481529712677 3.92867040634155 3.72300601005554 3.24050211906433 2.54155039787292 1.97717916965485 1.27432858943939 1.15895712375641 1.04944324493408 0.99776029586792 0.962450206279755 0.687794148921967 0.510269939899445
2.97618675231934 3.12232756614685 3.24904704093933 3.43709278106689 3.65369200706482 3.85769486427307 4.02629423141479 4.22068071365356 4.30801820755005 4.38792037963867 4.35169172286987 4.6192193031311 5.57152557373047 6.72171354293823 7.08145475387573 7.09719705581665 6.98058891296387 6.84328651428223 6.71902704238892 6.53388643264771 6.30633306503296 5.57338953018188 4.73356437683105 3.74926567077637 3.20906138420105 3.09057283401489 3.1038293838501 3.03699398040771 2.92442607879639 2.7487645149231 2.90755009651184 3.40748834609985 3.85302591323853 4.04605865478516 3.83601546287537 3.33074045181274 2.60111474990845 2.02844452857971 1.30942714214325 1.19609069824219 1.12024092674255 1.01025497913361 0.983871042728424 0.801051259040833 0.547371506690979
3.15787982940674 3.26682567596436 3.39334726333618 3.55892610549927 3.74596524238586 3.93875551223755 4.06774091720581 4.15484952926636 4.38980340957642 4.49027824401855 4.44667959213257 4.79915332794189 5.78675174713135 6.80168056488037 7.3364429473877 7.36106204986572 7.26923179626465 7.12356424331665 6.91378116607666 6.75227737426758 6.65187454223633 6.47819185256958 5.49369764328003 4.20468425750732 3.23909735679626 3.30309772491455 3.16587853431702 3.10051822662354 2.98118472099304 2.77183437347412 2.98200654983521 3.50535750389099 3.95381474494934 4.1633939743042 3.94414162635803 3.49079060554504 2.95857572555542 2.4746720790863 1.90950405597687 1.2142721414566 1.13700091838837 1.06712746620178 1.04966735839844 1.03167223930359 0.712383985519409
4.5498161315918 3.3894898891449 3.54404807090759 3.71744346618652 3.86484169960022 4.00539207458496 4.05992221832275 4.24701261520386 4.49363136291504 4.59714078903198 4.5495548248291 4.94676065444946 5.9692497253418 6.66788101196289 7.3290114402771 7.69118404388428 7.72084283828735 7.55159378051758 7.27360391616821 7.1942138671875 7.07100772857666 6.77190542221069 6.03088045120239 4.63001775741577 3.3340048789978 3.40824484825134 3.26806497573853 3.16153812408447 3.04508376121521 2.88807439804077 3.06418085098267 3.60635328292847 4.06912517547607 4.24852848052979 4.31096124649048 3.92478370666504 3.32033729553223 2.67312526702881 2.13574838638306 1.36424767971039 1.16061162948608 1.09452784061432 1.0923775434494 1.0436190366745 0.735525786876678
4.69932746887207 3.91725492477417 3.73461818695068 3.9075345993042 3.9923779964447 4.05752754211426 4.12069892883301 4.33991384506226 4.59509611129761 4.70470571517944 4.66732788085938 4.978111743927 5.77604293823242 6.5273962020874 7.64939117431641 7.98312902450562 7.99836540222168 7.85795736312866 7.69785737991333 7.51799869537354 7.37225246429443 7.04740476608276 6.27636194229126 5.22229957580566 3.58881044387817 3.46369767189026 3.32312536239624 3.35680723190308 3.26015114784241 3.1337685585022 3.157057762146 3.64969778060913 3.8682234287262 4.2271671295166 4.4403223991394 4.18737936019897 3.58068585395813 2.82298898696899 2.25057697296143 1.42686879634857 1.19070100784302 1.14388632774353 1.10125279426575 1.09389567375183 0.765064775943756
3.30499219894409 3.56351399421692 3.81021595001221 3.99280214309692 4.09180402755737 4.14218902587891 4.20660066604614 4.43159055709839 4.69414615631104 4.81374359130859 4.77851915359497 4.95059537887573 5.60092401504517 6.59618091583252 7.99449777603149 8.36359405517578 8.36216449737549 8.20672798156738 8.01099681854248 7.82618618011475 7.69558620452881 7.389723777771 6.5565333366394 5.52776670455933 4.37439012527466 3.57025027275085 3.41429138183594 3.40403842926025 3.3672821521759 3.2233874797821 3.17380142211914 3.49070906639099 3.85719513893127 4.35741329193115 4.59890222549438 4.35132169723511 3.74633765220642 2.9256317615509 2.30053973197937 1.50339388847351 1.3122433423996 1.18047368526459 1.1423202753067 1.1227730512619 0.79443621635437
3.35195136070251 3.56531047821045 3.82397699356079 4.02475643157959 4.15859270095825 4.19723653793335 4.31529855728149 4.52934503555298 4.73754692077637 4.84278249740601 4.98146295547485 5.1718955039978 5.70264720916748 6.88364601135254 8.08086681365967 8.68893241882324 8.82588863372803 8.71278381347656 8.36907386779785 8.16823387145996 8.03115463256836 7.97443294525146 7.72498846054077 6.55548572540283 5.02986621856689 3.62530565261841 3.69056534767151 3.50205159187317 3.41866517066956 3.32662653923035 3.17011880874634 3.372807264328 3.98944926261902 4.4922924041748 4.78551530838013 4.47832775115967 3.89094591140747 3.05748128890991 2.4189453125 1.56435787677765 1.35786056518555 1.28577649593353 1.18570017814636 1.15811467170715 0.919626295566559
3.4262900352478 3.57749962806702 3.76559209823608 3.95455980300903 4.16349935531616 4.29111433029175 4.42299032211304 4.57114839553833 4.68626070022583 4.95967531204224 5.10386514663696 5.22913217544556 5.8914737701416 7.09187984466553 7.897216796875 8.84886360168457 9.24710464477539 9.20988082885742 9.05113410949707 8.72881317138672 8.6141996383667 8.47224426269531 8.12844085693359 7.23469829559326 5.54960441589355 3.78348016738892 3.78907418251038 3.62550115585327 3.51548194885254 3.37579870223999 3.25593638420105 3.4922890663147 4.11697673797607 4.65826463699341 4.95317125320435 4.64552021026611 4.20864868164062 3.59153890609741 3.01683759689331 2.3469123840332 1.41516506671906 1.32736015319824 1.26101541519165 1.22787761688232 1.19796180725098
3.37642216682434 3.5456657409668 3.74154043197632 3.99360322952271 4.23008155822754 4.37267303466797 4.49854278564453 4.5637526512146 4.81511068344116 5.17014455795288 5.35012722015381 5.48216724395752 5.90207958221436 6.84679460525513 7.71928262710571 9.29030895233154 9.70174980163574 9.64071273803711 9.47196483612061 9.19687175750732 9.02181625366211 8.86412811279297 8.50563621520996 7.57802534103394 6.25638437271118 4.31588411331177 3.90369009971619 3.7362072467804 3.72018480300903 3.62220454216003 3.49991106987 3.65430998802185 4.2755880355835 4.84081602096558 5.06148052215576 5.15390682220459 4.72721529006958 4.03662204742432 3.28641533851624 2.65394902229309 1.72054064273834 1.37029528617859 1.29642605781555 1.25945341587067 1.22702467441559
3.42598438262939 3.60448861122131 3.80199337005615 4.06093692779541 4.30043745040894 4.47809648513794 4.54096603393555 4.66763734817505 4.97833824157715 5.44888067245483 5.65611410140991 5.76896905899048 5.99944305419922 6.63552856445312 7.99248933792114 9.77240943908691 10.2080011367798 10.1190328598022 9.94219207763672 9.6281156539917 9.46271228790283 9.31483173370361 8.94500160217285 7.9702615737915 6.60938119888306 5.22039175033569 4.02846097946167 3.85061883926392 3.8280622959137 3.73235106468201 3.59065055847168 3.78510546684265 4.33555269241333 4.62444925308228 5.08096599578857 5.37449932098389 5.06340503692627 4.30184555053711 3.40881156921387 2.74014973640442 1.78089654445648 1.47786355018616 1.36169981956482 1.29644620418549 1.26379418373108
3.57515740394592 3.65184307098389 3.86622929573059 4.12588119506836 4.43018245697021 4.74288415908813 4.81087207794189 4.82972240447998 5.09031629562378 5.65454339981079 5.94040012359619 6.08311367034912 6.3172402381897 6.97359895706177 8.41362476348877 10.3075132369995 10.7672548294067 10.6464414596558 10.4821538925171 10.1062574386597 9.94655895233154 9.7375020980835 9.68276405334473 8.59383773803711 6.91708040237427 5.50813484191895 4.37662839889526 3.96740961074829 3.94120144844055 3.84664702415466 3.70383524894714 3.7887852191925 4.19893264770508 4.69463777542114 5.27221632003784 5.56923341751099 5.23019313812256 4.53113508224487 3.55419158935547 2.83844089508057 1.83736288547516 1.52351713180542 1.4449907541275 1.33854341506958 1.29956078529358
3.77344274520874 3.78351783752441 4.0654182434082 4.3003396987915 4.6069188117981 4.93513965606689 5.24526882171631 5.28708124160767 5.34124279022217 5.68527460098267 6.25906133651733 6.44789934158325 6.66397857666016 7.35794162750244 8.87137889862061 10.3904190063477 11.1683931350708 11.5276212692261 11.3790807723999 10.9376411437988 10.5020971298218 10.3440723419189 10.3752536773682 10.0906276702881 8.5702657699585 6.5985860824585 4.65370512008667 4.31276988983154 4.06381368637085 3.96660590171814 3.81920790672302 3.78004360198975 4.09005117416382 4.84704780578613 5.51531887054443 5.81902503967285 5.46856498718262 4.99852895736694 4.23283910751343 3.55351614952087 2.76004505157471 1.55472779273987 1.47027742862701 1.39357244968414 1.35693001747131
3.95935130119324 3.95800232887268 4.25369310379028 4.79133605957031 4.76666259765625 5.14343166351318 5.54165601730347 5.6844744682312 5.70798778533936 6.05279016494751 6.67486715316772 6.88474082946777 6.93443202972412 7.59133386611938 9.12801361083984 10.150369644165 11.7276554107666 12.2451162338257 12.082986831665 11.7968664169312 11.3541812896729 11.1992321014404 11.0209913253784 10.6996641159058 9.44920825958252 7.25551223754883 4.96923542022705 4.45724058151245 4.24735116958618 4.10067176818848 3.94275379180908 3.90480637550354 4.28292417526245 5.07390260696411 5.73180341720581 5.96872043609619 6.15546941757202 5.6419882774353 4.78893232345581 3.87565398216248 3.11297345161438 2.00195670127869 1.50869727134705 1.4175820350647 1.38241004943848
4.30609369277954 4.36433124542236 4.48323440551758 5.11844158172607 4.97638130187988 5.30451774597168 5.80432224273682 6.05208444595337 6.09694290161133 6.42304563522339 7.11787509918213 7.3650107383728 7.36597442626953 7.6298713684082 8.81589221954346 10.0973711013794 12.502534866333 13.0474138259888 12.8755149841309 12.5141658782959 12.0668106079102 11.9048519134521 11.7791652679443 11.4144830703735 10.0426893234253 8.18954372406006 5.66989803314209 4.60937690734863 4.38757276535034 4.35268020629883 4.25416421890259 4.09386730194092 4.45700836181641 5.15146446228027 5.45718145370483 6.10633325576782 6.47287702560425 6.04434537887573 5.12828207015991 4.08263826370239 3.26311302185059 2.10682368278503 1.56982481479645 1.45928680896759 1.41580533981323
4.75435781478882 4.68434429168701 5.27127456665039 5.51384973526001 5.36146545410156 5.59530115127563 6.15347337722778 6.66976118087769 6.72207164764404 6.82909440994263 7.62253761291504 7.9022421836853 7.87015247344971 8.13998413085938 8.9199161529541 10.7650318145752 13.3667125701904 13.9285802841187 13.7497186660767 13.3272800445557 12.8623485565186 12.6921997070312 12.6507387161255 12.2353925704956 10.7177276611328 8.70504665374756 6.85348844528198 5.31731605529785 4.53501653671265 4.50317764282227 4.40002059936523 4.2501974105835 4.5054612159729 4.94407367706299 5.61874961853027 6.42560338973999 6.82092142105103 6.34201240539551 5.42445278167725 4.28879165649414 3.43821549415588 2.21615791320801 1.70742321014404 1.55145144462585 1.45262765884399
