slauniainen/Data/DEM/Vihti_dem1500b_cl_horizonAngle_12.asc
NCOLS 196 
NROWS 178 
XLLCORNER 353680 
YLLCORNER 6699024 
CELLSIZE 16 
NODATA_value -3.4e+38 
[rows 100 to 119 of 178, columns 90 to 134 of 196]
2.33827590942383 2.442223072052 2.97268319129944 3.34416532516479 3.609459400177 3.82994771003723 4.11373329162598 4.38028955459595 4.65067291259766 4.87226819992065 4.95750427246094 4.92827415466309 8.18151473999023 11.6924772262573 13.3965282440186 19.8549633026123 23.4049224853516 22.5600318908691 19.6108131408691 17.6264724731445 17.9726181030273 16.2198581695557 16.8826656341553 15.8414268493652 14.8407907485962 13.2091779708862 15.0658683776855 16.7410278320312 14.6684770584106 15.7659673690796 14.7450485229492 13.5579442977905 16.1420269012451 13.6097021102905 20.8087310791016 25.1700019836426 23.4799118041992 18.3334197998047 10.8852119445801 7.10633325576782 6.03255844116211 3.7672712802887 2.53876423835754 3.2371199131012 3.57563042640686
2.30754804611206 2.35485029220581 2.85640954971313 3.21480584144592 3.48890995979309 3.77834272384644 4.14913892745972 4.39654111862183 4.53503179550171 4.67891311645508 4.75884008407593 4.94960165023804 7.34930276870728 10.5095510482788 12.7060279846191 15.5322828292847 19.3743209838867 18.7516937255859 16.4284553527832 15.6390380859375 15.7772159576416 14.2387599945068 13.1556787490845 14.49365234375 14.4823188781738 13.4160003662109 13.5447673797607 13.1649951934814 11.4687919616699 11.7288312911987 11.0769824981689 11.2264966964722 14.7362098693848 25.3020935058594 28.870475769043 26.8222141265869 19.5004196166992 14.8709163665771 13.2413473129272 10.7933530807495 11.0779161453247 9.03170680999756 5.36210823059082 3.29606461524963 3.54108285903931
2.25190377235413 2.49029016494751 2.7562620639801 3.0977258682251 3.36129403114319 3.75698685646057 4.00197887420654 4.24951553344727 4.46355867385864 4.55035781860352 4.5096378326416 6.03093481063843 7.13656902313232 9.4127368927002 11.6461591720581 13.2329635620117 16.0242538452148 16.9393119812012 15.3590679168701 14.2787294387817 14.0497407913208 13.4590578079224 12.8232040405273 12.1792602539062 12.8429765701294 12.0334825515747 10.0370168685913 9.69357109069824 9.59786128997803 9.52784824371338 9.00584030151367 9.42566967010498 12.5223922729492 17.909875869751 19.9786224365234 19.0460872650146 15.2207527160645 10.7653827667236 13.1142587661743 13.2931756973267 11.6066722869873 10.2715368270874 8.44623851776123 6.0439600944519 4.07565259933472
2.19284105300903 2.54806637763977 2.72717666625977 3.0007688999176 3.24956226348877 3.62856888771057 3.85620546340942 4.10132122039795 4.29633569717407 4.38497018814087 4.35258626937866 6.00918769836426 7.91411590576172 8.63889217376709 10.6428318023682 12.3419771194458 13.5294380187988 14.6204128265381 14.6018953323364 13.9908952713013 13.6772737503052 13.1072483062744 12.2890920639038 11.3621387481689 10.4263362884521 9.52528381347656 8.57743453979492 8.39425563812256 8.31571578979492 8.05008411407471 7.61420488357544 8.43673515319824 9.75622749328613 13.9393262863159 15.5962219238281 15.6001453399658 14.521333694458 17.3441429138184 13.1303434371948 11.8965826034546 10.8660898208618 11.0848760604858 11.2991905212402 8.95373249053955 5.78347873687744
2.14806914329529 2.57582640647888 2.81324052810669 2.96677541732788 3.14701557159424 3.50576424598694 3.72354555130005 3.96182417869568 4.14967727661133 4.23111915588379 4.2010703086853 5.58134269714355 7.71338033676147 8.89702320098877 9.51193809509277 11.3590564727783 12.0040121078491 12.6991262435913 12.7482376098633 12.887674331665 13.062481880188 12.2581596374512 11.2701625823975 10.062385559082 9.05270862579346 8.24922180175781 7.37149953842163 7.15677356719971 6.83881425857544 6.94662666320801 7.04486799240112 7.94502449035645 9.36847877502441 11.364387512207 12.8435163497925 13.2033920288086 12.2835321426392 10.816650390625 10.6847667694092 11.2560081481934 10.4243927001953 9.95132541656494 10.3040437698364 9.05948448181152 7.10981702804565
2.1030707359314 2.50087690353394 2.79370927810669 3.01369714736938 3.20063591003418 3.38623452186584 3.60357403755188 3.83004474639893 4.01378011703491 4.09167528152466 4.05968427658081 5.2006664276123 7.15570449829102 8.39970016479492 9.0836706161499 10.1489391326904 10.7938919067383 11.3498306274414 11.4127330780029 11.5604991912842 10.6312999725342 10.1524457931519 9.60372161865234 8.70784378051758 7.65861082077026 6.8981351852417 6.49597644805908 6.41250419616699 6.44169521331787 5.87059926986694 6.31484079360962 7.11878299713135 8.8749361038208 10.3227701187134 11.1037645339966 11.4306573867798 10.6478652954102 9.15145587921143 8.73354816436768 9.40981960296631 9.45221042633057 8.64573669433594 7.95960903167725 7.98290634155273 6.96539449691772
2.07175040245056 2.42742037773132 2.71680068969727 2.93083381652832 3.16642189025879 3.46229958534241 3.67808318138123 3.79880619049072 3.91087818145752 3.95922064781189 3.92584466934204 4.84861040115356 6.66245412826538 7.78404855728149 8.78574562072754 9.18788814544678 9.71094226837158 10.2958078384399 10.2983074188232 10.4500827789307 9.52392959594727 8.71123695373535 7.66149044036865 6.97964191436768 6.46898937225342 6.21047067642212 5.99911642074585 6.12113189697266 6.14911460876465 5.60627174377441 5.88248300552368 6.63924884796143 8.17879867553711 9.56894016265869 9.85529613494873 9.18172359466553 8.65353012084961 7.9409236907959 7.4144115447998 7.93223428726196 8.04306030273438 7.71122598648071 7.0998969078064 6.25025463104248 6.09390497207642
2.1437349319458 2.35871267318726 2.64054369926453 2.8517107963562 3.15972232818604 3.36572623252869 3.57218551635742 3.73577165603638 3.80901837348938 3.77841711044312 4.26143646240234 5.0327033996582 6.22331142425537 7.26340055465698 8.22724533081055 8.66438293457031 9.32979583740234 9.35384082794189 9.39713954925537 9.50500869750977 8.66003704071045 7.8569278717041 6.91931009292603 6.27924489974976 5.89032459259033 5.68900918960571 5.80279588699341 5.83306980133057 5.36732816696167 5.33552837371826 5.6701455116272 6.56481838226318 7.77730178833008 8.58880996704102 8.84328651428223 8.24057388305664 6.99494743347168 6.42303085327148 6.61612224578857 6.85676717758179 6.9360179901123 6.48619651794434 5.84042930603027 5.06682205200195 4.29400968551636
2.19636368751526 2.3560848236084 2.56707525253296 2.76668810844421 3.07095217704773 3.26891088485718 3.46728801727295 3.62081122398376 3.69236207008362 3.66263341903687 4.24721670150757 5.59840106964111 6.10107231140137 6.7869701385498 7.62311697006226 8.04886341094971 8.65935134887695 8.50048637390137 8.61337852478027 8.32375431060791 7.82129049301147 7.13072681427002 6.2813572883606 5.69885206222534 5.36938095092773 5.43985462188721 5.56003665924072 5.58941507339478 5.09641742706299 4.94150829315186 5.33618211746216 6.30177307128906 7.49273586273193 7.77871608734131 8.01598262786865 7.46357297897339 6.32173871994019 5.70277786254883 5.92657995223999 5.95259618759155 5.66810655593872 5.57566213607788 5.00753259658813 4.2308030128479 3.56339383125305
2.21920680999756 2.43182420730591 2.56675362586975 2.6848258972168 2.9736545085907 3.17197966575623 3.36607241630554 3.51366782188416 3.58218884468079 3.549964427948 4.01285743713379 5.46167945861816 6.29656648635864 6.45077705383301 7.09853792190552 7.49778175354004 8.07616519927979 7.88897275924683 7.98823833465576 7.25023365020752 6.44507455825806 6.03142690658569 5.46233463287354 5.02191925048828 5.01652717590332 5.21575021743774 5.3259105682373 5.35872364044189 4.89003419876099 4.78697395324707 5.17188739776611 5.95499658584595 6.95178651809692 7.18715715408325 7.31675148010254 6.81541395187378 5.77058744430542 5.1583080291748 5.36358880996704 5.33591604232788 4.87127304077148 4.39365911483765 4.14711713790894 3.62105226516724 3.4076201915741
2.16117548942566 2.41333198547363 2.60049080848694 2.74979996681213 2.87335324287415 3.07476425170898 3.27078437805176 3.41324687004089 3.47889924049377 3.44806599617004 3.80662107467651 5.16084957122803 5.97184610366821 6.42342758178711 6.66436338424683 7.00462675094604 7.55646705627441 7.35361528396606 7.44846773147583 6.75927066802979 5.96568012237549 5.27109575271606 4.85634088516235 4.7099289894104 4.78395509719849 5.01418495178223 5.11741065979004 5.1465163230896 4.69510316848755 4.64342737197876 4.89876317977905 5.51454401016235 6.46819734573364 6.65401554107666 6.1461009979248 5.49760055541992 5.04091358184814 4.69222116470337 4.87889957427979 4.81208801269531 4.38034868240356 3.83489799499512 3.40604877471924 3.22531795501709 3.30166792869568
2.10326266288757 2.34648942947388 2.53444719314575 2.72396063804626 2.97116112709045 3.15243315696716 3.26179718971252 3.36065745353699 3.38375329971313 3.35322976112366 3.61881470680237 4.89680433273315 5.6617636680603 6.22332715988159 6.4765191078186 6.72350645065308 7.10050344467163 6.88565254211426 6.97255277633667 6.33343887329102 5.57262134552002 4.93865728378296 4.54340553283691 4.38158416748047 4.78665447235107 4.88023376464844 4.90692043304443 4.47948455810547 4.46290111541748 4.50048494338989 4.70196437835693 5.54323482513428 6.05154180526733 6.1967716217041 5.69590902328491 4.77384090423584 4.14797019958496 4.38093423843384 4.30379486083984 4.36143112182617 3.97670316696167 3.44339299201965 3.26650190353394 3.0885488986969 3.19491147994995
2.10748338699341 2.2849657535553 2.46724939346313 2.71968626976013 2.90275311470032 3.08491230010986 3.20987677574158 3.27091574668884 3.24157166481018 3.27789759635925 3.87723708152771 4.65766716003418 5.38460493087769 5.88937854766846 6.13323736190796 6.5943021774292 6.42569017410278 6.47154855728149 6.55114126205444 5.94987535476685 5.21929454803467 4.64129543304443 4.27130603790283 4.15483903884888 4.62070035934448 4.71540355682373 4.73461771011353 4.3159122467041 4.20569515228271 4.37227773666382 4.63864707946777 5.50529527664185 5.68004608154297 5.79269361495972 5.30358934402466 4.27640390396118 3.66929817199707 4.03709840774536 3.9211859703064 3.58590030670166 3.48269701004028 3.1945276260376 3.13863325119019 3.03288269042969 3.11913394927979
2.14597368240356 2.28735160827637 2.39820098876953 2.64351487159729 2.82913160324097 3.00040793418884 3.12246036529541 3.18772339820862 3.16123342514038 3.26665759086609 4.30407476425171 4.70791721343994 5.13298749923706 5.59105682373047 5.82449007034302 6.23607397079468 6.05269861221313 6.09530782699585 5.71700859069824 5.38091421127319 4.90703630447388 4.30929470062256 3.94883942604065 3.94498062133789 4.46465253829956 4.55420160293579 4.57302236557007 4.16670703887939 4.08951234817505 4.26830148696899 4.44206047058105 5.29546356201172 5.26231050491333 5.44608068466187 4.90116167068481 3.81422472000122 3.38443899154663 3.70815443992615 3.65066719055176 3.31822633743286 3.05170083045959 3.00025153160095 2.90237712860107 2.97149181365967 3.16061615943909
1.98707354068756 2.19719099998474 2.3613338470459 2.54704523086548 2.75795006752014 2.92372298240662 3.0426013469696 3.10888385772705 3.07938861846924 3.12750148773193 4.20537328720093 4.85606241226196 4.98064661026001 5.321120262146 5.53987169265747 5.93057823181152 5.75107336044312 5.7652006149292 5.23598337173462 4.57323408126831 4.15073299407959 3.77090406417847 3.75732326507568 3.80579495429993 4.31419563293457 4.4029221534729 4.4262638092041 4.03235006332397 4.11171340942383 4.18390989303589 4.28279972076416 5.01241493225098 5.07882642745972 5.01118946075439 4.40499877929688 3.46875739097595 3.20723056793213 3.47794342041016 3.40832471847534 3.08445167541504 2.94401717185974 2.89442372322083 2.82185387611389 2.91235780715942 3.20792150497437
1.77670586109161 2.0082323551178 2.2212507724762 2.59368681907654 2.83905816078186 2.9274365901947 3.00548028945923 3.02161550521851 2.99811553955078 2.99992370605469 4.03148889541626 4.65469980239868 4.95957374572754 5.06732368469238 5.26994180679321 5.64404153823853 5.47785472869873 5.48374891281128 4.9743504524231 4.33208608627319 3.87535500526428 3.57700872421265 3.6616644859314 4.01337575912476 4.17398738861084 4.26252222061157 4.28369426727295 3.90281200408936 4.00694799423218 4.07540559768677 4.17166709899902 4.76058053970337 4.80446147918701 4.34643840789795 3.97662687301636 3.35137867927551 3.04841327667236 3.26547074317932 3.17455291748047 2.85941696166992 2.83532571792603 2.79234290122986 2.75007200241089 2.83408856391907 3.23684549331665
1.59469139575958 1.83597731590271 2.18133974075317 2.57268381118774 2.76639318466187 2.87536954879761 2.93335795402527 2.90793228149414 2.8640820980072 3.27359199523926 3.86994862556458 4.47459697723389 4.80471038818359 4.99711036682129 5.18510437011719 5.37913227081299 5.20978593826294 5.21189403533936 4.74100828170776 4.1239447593689 3.68242692947388 3.38982534408569 3.55289769172668 4.02064657211304 4.10184907913208 4.11979532241821 3.7505156993866 3.75540709495544 3.90356183052063 3.97245907783508 4.27545833587646 4.50594854354858 4.48430252075195 3.99766445159912 3.6547999382019 3.05388617515564 2.86923718452454 2.88605308532715 2.84336352348328 2.63604879379272 2.71852087974548 2.68413066864014 2.70790147781372 2.78730797767639 3.15046167373657
1.47550368309021 1.72462809085846 2.14697551727295 2.53559756278992 2.70506358146667 2.81384825706482 2.8766872882843 2.84409379959106 2.79846715927124 3.64603638648987 3.97947239875793 4.30132293701172 4.60614490509033 4.78753471374512 5.08977079391479 4.92750835418701 4.88475179672241 4.95727014541626 4.51185417175293 3.94085741043091 3.52315282821655 3.24700093269348 3.44877409934998 3.90022730827332 3.97969770431519 3.99137687683105 3.63319039344788 3.67398953437805 3.83545112609863 3.92216491699219 4.03387546539307 3.90103816986084 3.86880922317505 3.59309554100037 3.07841300964355 2.69090723991394 2.54516577720642 2.58898138999939 2.30612826347351 2.48909497261047 2.48450493812561 2.55978560447693 2.64636492729187 2.81591367721558 3.08223795890808
1.46667718887329 1.6782089471817 2.09519505500793 2.47165513038635 2.64474701881409 2.74522733688354 2.81174564361572 2.77862477302551 2.73440599441528 3.54973125457764 4.10821008682251 4.21653938293457 4.42310285568237 4.5964937210083 4.87369966506958 4.71241998672485 4.67776584625244 4.30966997146606 4.06253910064697 3.71171712875366 3.26347470283508 3.11299920082092 3.34822702407837 3.78418493270874 3.86331725120544 3.8722083568573 3.54721331596375 3.69228887557983 3.71860384941101 3.6136109828949 3.42143774032593 3.33357644081116 3.4593677520752 3.20566511154175 2.65129256248474 2.17563009262085 2.00715732574463 2.02045011520386 1.67263960838318 1.77166736125946 2.03176236152649 2.14813232421875 2.42314219474792 2.74270153045654 3.06511878967285
1.36809825897217 1.71147084236145 2.03930974006653 2.41170930862427 2.58688759803772 2.67978739738464 2.74697732925415 2.7153525352478 2.66935634613037 3.42459845542908 3.9630012512207 4.19736909866333 4.2519702911377 4.41861772537231 4.66922044754028 4.51563882827759 4.48029470443726 4.06381845474243 3.54349684715271 3.17093420028687 2.92744112014771 2.97960066795349 3.24394464492798 3.66762256622314 3.74501919746399 3.76372814178467 3.47127676010132 3.58385467529297 3.42863416671753 3.21011686325073 2.97864437103271 2.86079216003418 3.06323456764221 2.7993004322052 2.13392996788025 1.38550412654877 1.18090164661407 1.09631550312042 0.651911199092865 0.33909147977829 0.445091903209686 0.793682634830475 1.45972084999084 2.33641934394836 2.77249932289124
