slauniainen/Data/DEM/Vihti_dem1500b_cl_horizonAngle_258.asc
NCOLS 196 
NROWS 178 
XLLCORNER 353680 
YLLCORNER 6699024 
CELLSIZE 16 
NODATA_value -3.4e+38 
[rows 100 to 119 of 178, columns 0 to 44 of 196]
0.413130134344101 0.446659624576569 0.366497784852982 0.224979937076569 0.158423334360123 0.134675085544586 6.88064527511597 11.1055679321289 9.64321041107178 8.59877967834473 7.06444358825684 6.1858868598938 5.28772830963135 4.60006380081177 3.86144351959229 3.58167243003845 3.34271955490112 3.18603491783142 2.93582653999329 2.78067255020142 2.62418293952942 2.36408591270447 2.18101620674133 1.99667716026306 1.65413153171539 1.46954476833344 1.32305681705475 1.18424379825592 1.05367422103882 0.8855260014534 0.761046409606934 0.649458110332489 0.518353939056396 0.37754088640213 0.193498864769936 0.0947466790676117 -0.0315681919455528 -0.226947233080864 -0.357621848583221 -0.546440780162811 4.98059940338135 3.91902947425842 5.95513963699341 4.46938419342041 3.26246619224548
0.674379289150238 0.59623122215271 0.544149518013 0.50320839881897 0.360227763652802 0.250087082386017 3.86528539657593 8.26732349395752 10.9022312164307 9.2277250289917 7.82174348831177 6.32629728317261 5.38320636749268 4.53439664840698 3.90750932693481 3.37250065803528 3.06544065475464 2.93607449531555 2.83473205566406 2.505375623703 2.51095509529114 2.26026511192322 2.04914236068726 1.8608318567276 1.64917635917664 1.45680058002472 1.28090298175812 1.11728739738464 0.978693664073944 0.864519774913788 0.681986212730408 0.582251667976379 0.466172605752945 0.342228502035141 0.114284723997116 -0.030864791944623 -0.165434807538986 -0.285436183214188 -0.51400887966156 -0.856791317462921 6.56634473800659 7.47518968582153 6.06584692001343 5.59852457046509 3.80395865440369
0.801240026950836 0.745359480381012 0.797024309635162 0.746536672115326 0.624210298061371 0.502187848091125 0.539015173912048 4.38571214675903 8.73274326324463 10.3449382781982 7.88939476013184 6.78280448913574 5.46104049682617 4.55655479431152 3.96730351448059 3.16569709777832 2.81922078132629 2.64273238182068 2.56835532188416 2.53127551078796 2.45408082008362 2.34988832473755 2.07271671295166 1.86814033985138 1.66746294498444 1.36827921867371 1.17932021617889 1.00528275966644 0.878710806369781 0.807204842567444 0.600355684757233 0.472381323575974 0.377643197774887 0.281564950942993 0.109009213745594 -0.0944629460573196 -0.190964475274086 -0.33185002207756 -0.585238039493561 -1.00155186653137 1.9953430891037 10.8037128448486 6.80622959136963 5.82599210739136 4.65414094924927
0.913592338562012 0.921383380889893 1.08710134029388 1.06580102443695 0.998212456703186 0.878962993621826 0.82927668094635 0.94433718919754 5.55765914916992 9.78491592407227 9.18501758575439 7.2686562538147 5.65619087219238 4.71121549606323 4.08572864532471 3.50215435028076 2.86590528488159 2.58517217636108 2.47679924964905 2.46858739852905 2.27829599380493 2.25878381729126 2.00645470619202 1.79949915409088 1.59018182754517 1.29682302474976 1.06274735927582 0.878513932228088 0.779858529567719 0.729691624641418 0.612085223197937 0.386384785175323 0.278628319501877 0.155454650521278 0.0313413217663765 -0.132560461759567 -0.245106309652328 -0.367251962423325 -0.561926543712616 -0.976894736289978 -1.09835290908813 10.7880277633667 8.28931522369385 4.0915961265564 3.33146476745605
1.19671404361725 1.1621321439743 1.25232625007629 1.22295165061951 1.18542265892029 1.09355068206787 1.00924253463745 0.995370805263519 1.92859482765198 6.81682920455933 9.99833106994629 8.14142417907715 6.2948317527771 5.22204065322876 4.52301502227783 3.76526045799255 2.95608806610107 2.47037196159363 2.26036596298218 2.20366382598877 2.13235902786255 2.09137630462646 2.07287120819092 1.7607079744339 1.50081813335419 1.28474795818329 0.920057535171509 0.758453071117401 0.679428935050964 0.613669812679291 0.546253323554993 0.328372418880463 0.142864286899567 0.0533128827810287 -0.0196886193007231 -0.124817557632923 -0.250604718923569 -0.381425678730011 -0.506697058677673 -0.776739776134491 -1.04962027072906 2.49200654029846 7.19474506378174 4.31925678253174 2.15603470802307
1.3525618314743 1.30955374240875 1.26488602161407 1.28404378890991 1.26855564117432 1.20868921279907 1.11912322044373 1.0914603471756 0.960858702659607 4.39447164535522 8.87673854827881 8.76557731628418 6.78282594680786 5.61641645431519 4.79761648178101 3.92987275123596 3.32820820808411 2.57510161399841 2.18180632591248 2.01304459571838 1.97051787376404 1.79169571399689 2.36958432197571 1.62684047222137 1.33992409706116 1.13653123378754 0.891761898994446 0.640651881694794 0.541374623775482 0.489722430706024 0.399079352617264 0.198778495192528 0.109508849680424 0.029524952173233 -0.0384831316769123 -0.123614884912968 -0.240635812282562 -0.380540102720261 -0.489753127098083 -0.674388885498047 -0.860620975494385 -0.906676352024078 2.49951910972595 2.39901924133301 3.12874674797058
1.39556932449341 1.35558819770813 1.30927419662476 1.16580235958099 1.09368324279785 2.10123944282532 1.05594110488892 0.937403917312622 0.809567093849182 2.65276503562927 5.57650899887085 8.30512619018555 7.92162656784058 6.34114265441895 5.02574253082275 4.08499240875244 3.48956489562988 2.76093053817749 2.06011939048767 1.77752363681793 1.68487751483917 1.87196660041809 2.69906830787659 1.47946155071259 1.16957759857178 0.991461038589478 0.835464358329773 0.584852814674377 0.477264225482941 0.367776066064835 0.245366975665092 0.158456966280937 0.077277198433876 0.00496330764144659 -0.0251161325722933 -0.1001261100173 -0.196453452110291 -0.333589315414429 -0.453918397426605 -0.62486207485199 -0.695348262786865 -0.745564758777618 -0.700086891651154 1.47214186191559 4.14850902557373
1.23750936985016 1.20463299751282 1.11039781570435 0.982193171977997 0.956920981407166 1.6219277381897 0.952965378761292 0.866541564464569 0.751238703727722 0.695684015750885 3.70587015151978 6.31303024291992 8.08280944824219 6.60606527328491 5.08195400238037 4.17135047912598 3.48050260543823 2.88739776611328 2.14005446434021 1.72750771045685 1.5560519695282 1.70286560058594 3.60469102859497 1.24417316913605 1.05207598209381 0.915280938148499 0.779384970664978 0.544108808040619 0.396160811185837 0.332249671220779 0.256357491016388 0.178567826747894 0.0893905684351921 0.0320017896592617 0.0052272267639637 0.0110450470820069 -0.0689093023538589 -0.187336713075638 -0.331312447786331 -0.498941570520401 -0.534019827842712 -0.472207605838776 -0.0258590951561928 0.510857284069061 3.28145527839661
1.08332145214081 1.04311203956604 0.991162359714508 1.40965783596039 1.34248065948486 1.11036098003387 0.900999546051025 0.819091081619263 0.715053975582123 0.604645013809204 1.91213893890381 3.74584865570068 6.50794839859009 6.28032255172729 4.52807092666626 4.09054088592529 3.37124133110046 2.82160925865173 2.29906702041626 1.78380596637726 1.54726850986481 2.33715462684631 1.33359098434448 0.933729350566864 0.769734859466553 0.723544716835022 0.705394446849823 0.591400265693665 0.47349339723587 0.411204546689987 0.415928512811661 0.324869811534882 0.219059064984322 0.145693019032478 0.0817149877548218 0.166431739926338 0.217039555311203 0.114065147936344 -0.0243272259831429 -0.17655985057354 -0.338268727064133 0.107028938829899 -0.16503056883812 -0.24835766851902 0.821314990520477
0.995876014232635 0.944364309310913 0.890483677387238 1.51698565483093 1.89268064498901 1.86616027355194 1.3705575466156 0.811598539352417 0.740473449230194 0.558579981327057 0.595994472503662 2.80703616142273 4.56932926177979 5.06208276748657 4.43484306335449 3.52392554283142 2.96149253845215 2.7879114151001 2.48423433303833 1.95537984371185 1.62167227268219 1.40544307231903 1.02430987358093 0.933626770973206 0.83806848526001 0.759727895259857 0.818397402763367 0.710534870624542 0.658460855484009 0.552422046661377 0.612006187438965 0.669896721839905 0.564545750617981 0.458494931459427 0.38356277346611 0.304474532604218 0.329395473003387 0.243061169981956 0.13515767455101 0.00694763381034136 -0.113402791321278 -0.196776732802391 -0.0866642817854881 -0.0945179983973503 -0.104417614638805
0.940847814083099 0.871130704879761 0.821645557880402 1.60744559764862 2.0989203453064 1.82899487018585 1.34635996818542 1.15428733825684 0.749761641025543 0.56572425365448 0.355990648269653 2.76687407493591 3.53649067878723 4.50374841690063 4.00656175613403 2.86333584785461 3.76135468482971 2.67078065872192 2.18809700012207 1.87381851673126 1.44136440753937 1.3109587430954 1.1761280298233 1.1247136592865 1.00431287288666 0.907950580120087 1.00966691970825 1.13623857498169 1.02668118476868 0.912023842334747 0.807254433631897 0.807017147541046 0.691130816936493 0.591164112091064 0.504509091377258 0.418643534183502 0.300328850746155 0.359522819519043 0.283855855464935 0.184619188308716 0.0640331134200096 0.0115297390148044 -0.180928722023964 -0.197074294090271 -0.220350697636604
0.981850028038025 0.849369406700134 0.812626719474792 2.00123715400696 2.24434447288513 1.861820936203 1.53744184970856 1.40359103679657 1.08214199542999 0.766852200031281 0.669113039970398 2.27005434036255 2.31477499008179 2.66920399665833 3.17465662956238 2.85997009277344 2.14113521575928 2.28187918663025 2.04202818870544 1.83565652370453 1.56453323364258 1.54007279872894 1.67584407329559 1.5645387172699 1.46214556694031 1.35732901096344 1.23565912246704 1.28051781654358 1.16956830024719 1.06490349769592 0.959419786930084 0.824387073516846 0.843975901603699 0.731610417366028 0.63222074508667 0.541633784770966 0.451987385749817 0.167895317077637 0.113704420626163 0.0493335276842117 -0.031070539727807 -0.0937706157565117 -0.128381758928299 -0.157965913414955 -0.175271466374397
1.03278303146362 0.838455140590668 0.797026097774506 0.948367118835449 1.93558096885681 2.08388662338257 2.09119319915771 2.30109405517578 2.15697526931763 1.68605124950409 1.50727641582489 1.81545758247375 1.9424797296524 2.07428288459778 2.37105703353882 2.23489212989807 2.32196092605591 2.73062014579773 2.67720603942871 2.42310333251953 2.07810735702515 1.85051441192627 1.89854907989502 1.76544606685638 1.63669562339783 1.50174558162689 1.39260184764862 1.27131903171539 1.36865055561066 1.24159669876099 1.11788904666901 1.00317943096161 0.62531054019928 0.51096123456955 0.41617813706398 0.340690523386002 0.253747135400772 0.167020007967949 0.116261601448059 0.0682925954461098 0.0144441304728389 -0.108814410865307 -0.16213122010231 -0.224904224276543 -0.251546412706375
1.05003225803375 0.791825413703918 0.718382298946381 0.676633834838867 0.665582776069641 1.39402604103088 3.90220332145691 3.33922696113586 3.60848474502563 3.06956911087036 2.7281129360199 2.57374572753906 2.69798016548157 3.29866814613342 3.10437417030334 2.97940301895142 2.87798309326172 3.04466557502747 3.08683013916016 2.64223790168762 2.29599976539612 2.13360691070557 1.93503701686859 1.98302793502808 1.84525895118713 1.70063841342926 1.58459222316742 1.4631974697113 1.06593680381775 0.975468933582306 0.857704102993011 0.746520400047302 0.608645677566528 0.496148496866226 0.405702620744705 0.328547477722168 0.179796069860458 0.0929547920823097 0.00628505134955049 -0.0365251936018467 -0.0750978589057922 -0.109626486897469 -0.146636635065079 -0.223641976714134 -0.260598123073578
1.27928948402405 0.818479835987091 0.667564153671265 0.597264885902405 0.532208740711212 0.529226005077362 4.61398363113403 4.69544696807861 6.37871551513672 5.2732572555542 4.61364889144897 4.19760942459106 3.84257388114929 3.8559308052063 3.79691457748413 3.53217267990112 3.36394619941711 3.30430936813354 3.40313410758972 2.95772790908813 2.66516137123108 2.38675546646118 2.15405201911926 1.5951931476593 1.46059238910675 1.33885061740875 1.23231542110443 1.13097596168518 0.991336345672607 0.922461211681366 0.828198492527008 0.650139033794403 0.543039977550507 0.391371756792068 0.287042200565338 0.219850465655327 0.145494669675827 0.0701023414731026 -0.0301233511418104 -0.0852754488587379 -0.115168265998363 -0.144333392381668 -0.180866971611977 -0.22992417216301 -0.328843653202057
1.60462868213654 0.928480923175812 0.721515715122223 0.611786603927612 0.447150498628616 0.360330700874329 7.37775278091431 7.70582008361816 7.19954299926758 7.38971996307373 6.19392061233521 5.48445749282837 4.86656475067139 4.36171340942383 4.41669750213623 4.08929872512817 3.90138030052185 3.86389803886414 2.8636634349823 2.52983140945435 2.14153790473938 1.91803085803986 1.73983860015869 1.46606957912445 1.35314500331879 1.24916064739227 1.13749122619629 1.01215660572052 0.932209551334381 0.786539375782013 0.719755709171295 0.611224293708801 0.498546719551086 0.356724679470062 0.227142214775085 0.163195326924324 0.0872290208935738 0.020852155983448 -0.0476874485611916 -0.174059957265854 -0.213196337223053 -0.243507698178291 -0.268487989902496 -0.291029065847397 -0.390656352043152
1.98945474624634 1.25420260429382 0.961006462574005 0.991580128669739 0.949360728263855 0.974163293838501 1.44093430042267 12.5914516448975 9.82468223571777 8.75393199920654 7.27267932891846 6.3823094367981 5.65547704696655 5.10831689834595 3.80252146720886 3.55535793304443 3.41186809539795 3.2996232509613 2.81933784484863 2.43064546585083 2.09675240516663 1.8544704914093 1.63566470146179 1.45426249504089 1.25305557250977 1.13908100128174 1.02751970291138 0.936340153217316 0.847993016242981 0.755540013313293 0.617676675319672 0.549805045127869 0.425309747457504 0.310295075178146 0.109851852059364 0.0463157035410404 -0.0153502281755209 -0.0748234316706657 -0.119528345763683 -0.254667967557907 -0.287153601646423 -0.31321457028389 -0.331454902887344 -0.353182673454285 -0.432431250810623
2.15569949150085 2.01752424240112 1.66614282131195 1.4194860458374 1.32303094863892 1.40512561798096 1.24036073684692 10.4935512542725 10.2693948745728 7.99744176864624 6.33629083633423 5.42206764221191 4.83592748641968 4.38813638687134 3.98368763923645 3.62339854240417 3.51762628555298 3.31734347343445 2.81784963607788 2.45667958259583 2.11228275299072 1.81817197799683 1.57188248634338 1.37847399711609 1.230841755867 1.01205694675446 0.922287404537201 0.824360966682434 0.725470125675201 0.669169425964355 0.443956196308136 0.369078427553177 0.329540938138962 0.283854365348816 0.081623837351799 0.0376681499183178 -0.0459571778774261 -0.177097052335739 -0.236205235123634 -0.343161463737488 -0.407580316066742 -0.422799974679947 -0.4396733045578 -0.467086851596832 -0.51278680562973
2.42915606498718 2.52504587173462 2.06841564178467 1.83500671386719 1.57494175434113 1.55173933506012 1.53033363819122 3.34941983222961 6.44449377059937 8.07332897186279 6.51896524429321 6.14004611968994 5.26354598999023 4.72744989395142 4.23567008972168 3.84940695762634 3.64332127571106 3.42824268341064 2.89981293678284 2.57495307922363 1.94514107704163 1.78587985038757 1.51367032527924 1.29916477203369 1.12039816379547 0.809048473834991 0.72884601354599 0.631186842918396 0.54308146238327 0.474596470594406 0.27129790186882 0.203381881117821 0.132809430360794 0.0759667977690697 -0.067293219268322 -0.20108138024807 -0.25545859336853 -0.316961765289307 -0.361424565315247 -0.429536730051041 -0.507559299468994 -0.569386005401611 -0.582711458206177 -0.602169990539551 -0.619862139225006
2.86031103134155 2.58998155593872 2.18033051490784 1.95440316200256 1.67188215255737 1.7062394618988 2.56249332427979 1.6968150138855 3.12756180763245 8.42847442626953 7.7388916015625 6.31152296066284 5.43988704681396 4.86722373962402 4.41073417663574 3.99977135658264 3.50017881393433 3.32376575469971 2.85779571533203 2.52993535995483 1.88194191455841 1.60281527042389 1.33367955684662 1.11339831352234 0.920980513095856 0.622054517269135 0.512114346027374 0.43444636464119 0.360208332538605 0.280782550573349 0.147721141576767 0.000439923402154818 -0.059490293264389 -0.111440151929855 -0.204671487212181 -0.311587393283844 -0.424261152744293 -0.464801847934723 -0.505734622478485 -0.541637182235718 -0.588874459266663 -0.658083617687225 -0.720011234283447 -0.735052049160004 -0.742476522922516
