slauniainen/Data/DEM/Vihti_flowaccum_16m.asc
ncols         196
nrows         178
xllcorner     353680
yllcorner     6699024
cellsize      16
NODATA_value  -9999
[rows 31 to 61 of 178, columns 0 to 69 of 196]
-9999 -9999 -9999 -9999 -9999 -9999 -9999 -9999 -9999 -9999 -9999 -9999 -9999 -9999 -9999 -9999 -9999 -9999 50.80694 38.75872 33.27684 28.51556 30.60148 28.7763 63.21058 102.9954 16 16 1498.719 28.67007 21.14721 16 61.31229 1149.161 392.4652 77.41972 61.1459 115.2158 92.47442 28.8316 29.58606 92.01044 72.76226 80.53343 76.1447 101.3445 1196.656 253.1603 33.54367 35.88477 29.82716 30.22222 16 16 23.46667 23.30074 21.17794 20.96742 16 16 32.02859 28.56691 32.50533 561.0162 2691.391 81.65556 236.8653 133.0966 255.6853 302.9726
-9999 -9999 -9999 -9999 -9999 -9999 -9999 -9999 -9999 -9999 -9999 -9999 -9999 -9999 -9999 -9999 -9999 -9999 49.59089 44.83993 25.50634 39.44613 38.44109 24.16039 65.19621 166.5569 35.55556 16 16 1537.018 43.51834 24.88889 23.11111 1618.939 82.19918 44.53475 49.28456 124.6461 87.52591 39.06528 37.03897 59.30658 105.5897 94.00574 97.86957 105.0246 1515.362 45.28383 34.34111 25.94239 45.55062 20.62222 16 16 24.53333 32.16592 34.1228 35.76608 40.52297 35.91111 24.53333 43.75811 28.06158 42.98081 252.8735 2743.683 2119.894 1810.349 657.4909 133.5319
-9999 -9999 -9999 -9999 -9999 -9999 -9999 -9999 -9999 -9999 -9999 -9999 -9999 -9999 -9999 -9999 88.92903 79.86081 60.83993 40.37273 36.41839 36.16135 39.9189 32.13288 60.28177 235.5025 48.82963 25.24444 22.4 25.6 1590.734 43.37281 41.40247 1718.165 47.66916 46.66595 48.46818 148.1917 86.47128 50.7247 20.11544 48.92353 98.77097 125.2826 145.92 123.1483 1608.314 42.18979 39.6364 63.85661 36.62222 16 16 35.2 39.7037 33.91842 43.87714 51.7124 57.38056 59.69321 52.44049 41.29846 48.08928 22.8595 216.3243 111.53 869.5901 6887.475 3869.882 3762.497
-9999 -9999 -9999 -9999 -9999 -9999 -9999 -9999 -9999 -9999 -9999 -9999 -9999 -9999 -9999 102.1139 92.34097 62.8427 53.68121 53.49131 47.35126 22.42868 24.87087 55.6168 69.0352 219.5125 128.1913 45.66124 33.42222 28.51556 1124.923 548.4848 368.6371 1476.383 62.66595 39.69555 40.77262 137.8465 132.1981 63.34305 28.06927 26.22056 115.427 117.7743 160.1828 180.3841 1675.043 56.06065 79.71048 56.81739 36.64593 28.44444 29.86667 49.42222 45.49794 39.91553 50.84529 57.19577 68.59412 67.10773 90.52034 69.3152 38.94359 75.77303 233.8857 8056.155 7878.734 63.16436 70.00388 32.2271
-9999 -9999 -9999 -9999 -9999 -9999 -9999 -9999 -9999 -9999 -9999 -9999 -9999 -9999 -9999 146.0625 91.228 71.85683 64.73653 49.16554 50.88979 22.4794 31.47521 53.82203 78.4751 191.2142 207.9967 75.90471 49.42222 39.44613 896.0099 777.9022 618.0538 1331.739 81.27238 57.65475 16 34.37954 161.9066 172.4329 51.74778 41.38386 83.38786 137.9133 193.8731 192.3438 1742.07 96.08072 80.73048 62.67184 39.43401 45.80346 43.87556 40.16198 86.75819 51.48047 39.64328 65.4313 58.45015 108.3886 78.39183 84.39315 110.4122 8535.71 8424.893 73.5612 73.24129 53.66045 22.82667 46.66469
-9999 -9999 -9999 -9999 -9999 -9999 -9999 -9999 -9999 -9999 -9999 -9999 -9999 -9999 256.8595 176.5748 89.12054 99.60026 65.16554 45.40299 48.97627 26.98993 45.37686 51.58761 88.6495 199.3789 211.7688 102.704 97.54961 56.1112 715.5263 837.435 734.6961 1429.768 97.08714 57.41586 21.33333 48.08757 133.4256 139.4099 140.5448 68.42754 65.01661 200.2399 166.7902 204.4094 1815.763 130.1093 81.95338 74.38419 45.79458 52.64277 65.1362 51.13714 112.8271 66.33646 30.97635 65.38542 93.08179 40.4898 137.6583 149.9788 8721.512 30.22222 48.13432 52.96198 52.14815 25.81333 30.72 30.66469
-9999 -9999 -9999 -9999 -9999 -9999 -9999 -9999 -9999 -9999 -9999 -9999 -9999 237.2894 341.5354 198.9605 82.40017 79.8217 74.81009 49.58039 46.00909 30.39463 59.36011 69.60435 79.03964 236.5581 232.1995 79.90471 113.3291 93.67422 383.2697 884.1744 971.384 1575.156 106.9161 75.38821 44.59604 45.92115 107.9154 147.3521 131.1555 156.3436 72.49932 250.0371 160.5515 120.4759 1891.346 201.029 99.91371 75.88969 59.75927 59.28405 81.81008 72.41283 127.2217 87.351 38.02763 48.19687 72.61666 113.4977 9228.212 8890.041 79.96049 51.55556 32 28.08889 29.86667 29.51111 24.53333 20.62222
-9999 -9999 -9999 -9999 -9999 -9999 -9999 -9999 -9999 -9999 -9999 677.8567 126.5003 240.2696 443.0818 188.2991 124.3198 99.46452 50.15538 59.96424 18.04485 34.91221 99.21663 97.82036 128.2748 251.4927 209.1962 78.14811 91.5527 91.24604 157.3756 490.9335 1101.217 1670.521 645.5922 101.6923 59.81115 54.77786 119.1191 155.0504 116.535 216.0621 77.22165 291.586 172.9892 125.7669 1911.813 230.3241 126.8207 63.22025 67.79137 81.93453 105.5642 81.97613 41.44434 152.7177 83.62165 53.81116 9598.465 9476.646 52.72388 76.2643 32 32 32 16 16 16 16 16
-9999 -9999 -9999 -9999 -9999 -9999 -9999 -9999 -9999 347.54 649.8436 1028.5 154.7527 195.0089 548.2603 181.9552 172.9223 167.4773 102.905 48.01798 26.66991 48.46207 152.14 126.0022 215.9169 339.7905 124.0945 33.36625 81.10414 89.98624 75.7144 178.1589 535.6147 1825.96 3491.436 3756.581 71.82374 67.12601 130.8297 168.655 137.6924 232.44 98.02303 223.35 227.0947 230.3821 1885.328 263.2336 159.6288 45.50278 41.61007 127.3705 136.1313 96.15443 54.68138 134.1497 9874.206 9737.254 24.88889 37.33333 46.41185 35.98222 24.53333 16 16 16 16 16 16 16
-9999 -9999 -9999 -9999 -9999 -9999 -9999 -9999 119.564 332.6476 696.736 1044.5 122.6074 207.1518 555.3448 289.6148 296.5786 170.0815 61.85112 31.40928 47.72239 104.8563 185.6853 159.5639 495.8753 150.9824 18.84444 16 16 104.0926 193.8866 161.7999 251.6479 577.1143 69.40165 16 3772.581 126.6077 163.5425 208.5236 172.445 245.7658 85.70527 164.9 241.8465 489.6651 1745.443 285.2708 157.8922 47.34636 51.42379 132.5782 183.2663 69.41913 10215.98 10085.5 30.57778 33.42222 16 16 16 23.30074 23.46667 16 16 16 30.93333 33.06667 20.26667 34.13334
-9999 -9999 -9999 -9999 -9999 -9999 123.9652 157.9417 143.8768 535.8412 728.0848 828.3889 124.9844 204.5512 430.7945 623.3827 334.3795 111.3576 101.2383 114.937 95.88174 185.8591 183.6905 462.3423 259.8428 38.85827 29.15556 16 16 16 48.19218 176.5711 286.1227 16 580.2895 93.22387 3085.747 868.9888 185.8719 241.6954 231.3091 238.772 86.46877 151.5845 265.6646 472.7553 1699.487 417.6337 138.8051 82.6514 72.92115 35.1233 10688.78 10350.94 32.37136 33.05087 16 16 16 16 24.53333 16 16 16 30.57778 30.57778 42.2163 57.97926 34.91555 16
-9999 -9999 -9999 -9999 57.0299 54.56695 157.5553 188.1244 315.7811 487.3938 968.8697 513.356 85.43576 111.4572 441.0099 1116.277 175.3369 142.9911 146.6168 155.3371 135.7758 180.0515 451.0476 395.2285 47.76507 30.25383 27.73333 32.71111 19.55556 16 16 31.64444 18.81284 310.4839 648.3558 494.5628 770.7911 2948.058 524.7903 238.256 397.1127 207.0176 73.64585 169.459 296.8056 363.9889 1323.332 962.363 65.35291 105.4521 10959.47 10787.9 16 16 16 19.91111 16 16 16 20.62222 59.37778 22.75556 25.24444 16 6555.324 6492.747 6430.168 6355.952 43.15654 6054.702
-9999 -9999 234321.8 210879.7 43.88977 137.2104 170.9941 273.5517 419.4943 404.9945 1199.21 240.2458 50.26114 220.2916 711.4998 995.418 178.0566 123.6679 146.9892 101.4865 120.0298 332.5804 498.7574 180.3564 39.53075 35.10519 42.07407 44.73679 37.7442 16.71111 16 16 32 65.91824 141.9984 512.3011 844.3857 1916.532 1847.605 592.5238 471.3531 94.20667 172.6327 204.9228 299.5918 306.322 1070.277 398.2958 20074.75 19031.03 16 16 16 16 16 16 16 7361.013 7329.013 7180.441 7046.346 6933.477 6860.704 6720.646 32 16 16 16 6215.058 16
-9999 -9999 66.51004 63.38799 184093.5 183785.5 183489.1 183073.3 182676.9 182208.7 181677.9 66.26114 236.2916 601.0109 1049.425 187.5747 222.7031 184.7177 103.5311 74.68122 222.9389 374.3949 374.1861 133.1634 56.18591 56.99002 63.30504 64.64804 50.04466 32 16 16 16 36.62222 53.04889 107.1598 375.4772 1474.573 1830.504 2004.492 372.1334 141.687 111.2481 286.4161 337.9889 395.5555 16 21604.06 16 67.6034 7866.503 7771.324 7733.991 7667.336 7616.302 7559.176 7481.373 16 116.5722 97.47227 30.22222 26.66667 92.8237 105.9319 16 16 16 16 111.6444 16
-9999 45.88682 52.01121 150.3183 138.6622 126.8961 176.9587 105.5375 54.23064 53.03811 16 180247.9 510.1646 472.6548 903.1915 238.7031 16 39.00692 39.23416 219.1221 268.7737 232.2753 377.4918 121.9806 70.15336 118.5847 118.2896 77.29647 52.98831 41.6237 39.46667 16 16 19.91111 30.60148 43.20132 41.84581 347.6379 1913.171 3273.773 237.4026 255.8193 199.7141 85.22105 22804.05 22154.86 21736.09 66.42367 41.7273 68.29862 62.48384 21.33333 38.75555 19.91111 16 35.55556 86.75555 16 62.34074 90.54815 32 16 16 143.2889 16 16 16 64 16 80.35555
29.88682 36.01121 119.9269 80.95135 72.13137 99.27934 106.8492 97.23355 75.60196 41.66787 74.84852 74.00208 179336.6 178808.7 178240.4 23.46667 54.87205 63.90236 108.5182 244.1406 276.1471 272.8071 351.9489 134.0408 106.3411 214.2307 104.7324 76.19395 83.18947 44.06519 26.31111 16 16 16 16 16 42.88082 297.6158 1136.787 2145.572 3080.46 3311.168 3531.824 26374.71 61.39259 16 19.55556 45.15556 20.36148 47.86568 42.70617 19.91111 16 16 16 16 16 42.31111 42.66667 33.06667 45.15556 16 92.8 16 16 32 16 96 16 40.88889
-9999 100.056 53.73466 58.49793 54.55366 65.84772 75.65096 81.06259 70.58127 67.94437 74.5741 151.1841 360.6739 79.63479 16 177043.1 175867.8 174464.6 174252.5 173907.8 173669.1 173295.8 173003.2 98.70976 168.3418 129.0913 114.3386 85.61098 16 30.03259 38.23407 36.62222 17.42222 16 169651.8 169603.8 169555.4 169464.9 16 16 1207.984 16 32 26760.78 16 45.39259 55.11111 32 29.15556 24.53333 26.31111 16 16 31.28889 16 16 16 16 16 16 16 19.2 76.8 16 16 32 208 16 16 47.64444
-9999 87.96563 43.48939 39.93279 42.8925 46.71452 59.24556 62.74007 63.00562 81.30668 85.55931 138.933 235.4674 98.74364 234.0023 860.8145 1367.328 116.474 211.9389 25.83574 42.74613 16 16 172418.8 171881.4 171622.8 54.8296 16 16 26.01086 36.02173 169907.1 169816.2 169747.8 16 16.35556 31.64444 50.05151 167948.5 16 1223.984 16 16 26810.2 16 87.22963 45.15556 16 16 16 16 16 27.37778 44.08889 98.56 16 32 16 21.68889 16 16 16 16 16 16 16 240 16 95.64445 16
-9999 74.15165 44.15567 34.74114 35.59301 34.15967 45.14502 45.97728 52.32925 80.82817 99.65211 110.0863 168.0938 195.9718 314.3227 408.7668 1274.058 303.7686 145.8493 150.5635 18.44201 26.74613 85.84985 407.4327 17.42222 36.26667 171357.3 16 20.62222 170106.8 170053.4 33.41081 35.02617 27.37778 20.62222 16 34.05151 53.028 50.60861 167796.8 167646.6 16 16 26970.2 140.2074 36.97778 16 23.82222 16 16 16 16 24.88889 16 34.77333 124.8711 42.31111 152.3042 60.8079 19.55556 28.44444 16 16 16 16 320 16 16 143.6444 16
-9999 133.1199 40.83855 37.26485 38.33416 32.68741 26.31111 31.64444 44.93792 74.17822 84.10567 96.69272 139.3984 273.9593 293.5462 294.9818 392.7618 852.1864 417.7287 292.161 188.9359 27.47259 80.59598 282.8911 187.8605 16 16 171315 170442.6 22.57113 33.57304 27.29721 19.58716 19.91111 16 18.05151 37.028 39.93301 60.10948 74.08392 64.01463 166310.6 166064 138928.6 18.96296 26.66667 16 26.04071 41.91605 19.55556 16.35556 31.64444 49.85679 18.76543 22.04445 175.6444 16 185.2444 16 16 29.27407 51.08148 30.93333 29.15556 16 352 16 191.6444 16 16
-9999 -9999 36.53595 29.49255 28.99753 31.28889 16 16 44.79157 60.46686 76.01352 75.41088 131.7076 286.505 300.7665 240.1171 344.0285 474.9381 323.9972 131.4179 213.1824 255.9899 43.02222 212.4408 16 164.0383 201.5798 654.752 134.5986 142.047 98.56695 87.86521 68.40643 40.53333 16 23.07951 31.67605 45.9297 43.40023 67.52058 118.4282 112.2441 55.68444 129.1156 138845.8 16 42.04071 56.05311 22.08395 16 20.36148 49.79358 36.92422 58.9476 244.2842 16 233.2444 16 16 28.08889 26.31111 134.6844 16 16 437.6889 16 16 223.6444 16 16
-9999 -9999 140.6035 23.44417 20.93672 16.71111 16 16 44.27852 41.72115 56.2901 59.52645 123.5103 296.9612 289.767 231.8581 303.0334 376.9796 313.3795 132.4695 50.67049 285.8255 16 16 196.4408 60.25653 197.5089 426.6712 359.9168 232.0407 127.6921 69.04566 51.46215 38.58173 16 22.75556 25.6 35.05778 61.80662 79.8498 92.36626 66.14073 62.7659 62.93707 61.47563 138716 138207.3 37.10244 32.62595 16.35556 30.47928 71.67579 55.54412 316.6119 232.0119 249.2444 16 16 16 25.6 44.08889 185.6 16 16 477.1555 16 268.8 16 16 16
-9999 -9999 355.8073 202.3728 108.701 55.04136 17.48734 16 26.31111 37.57037 34.1249 53.57212 129.5801 312.4488 285.6709 217.142 259.808 291.6975 292.0615 119.6541 16 20.80382 269.8255 84.50592 100.2258 124.4715 115.7989 227.4577 248.8221 162.1971 144.9472 91.53535 63.73417 42.95901 30.57778 16 16 38.75555 49.70667 75.60579 60.98198 58.45737 88.007 107.7054 151.4374 309.8454 16 138071.5 137818.8 20.0639 98.16321 56.61423 300.1474 311.3342 49.23259 16 32 16 39.82222 24.17778 281.6 16 16 557.1556 16 16 330.6667 27.02222 20.97778 16
-9999 -9999 -9999 180.7224 174.7614 134.5944 69.28077 22.3101 16 23.82222 32.73481 42.2479 185.0435 329.5982 258.4343 151.0113 251.6168 195.1549 25.44516 252.8781 103.6541 108.0859 45.1977 49.35737 105.8515 118.046 79.09406 120.6536 208.2067 155.0944 109.8636 92.33302 55.63786 36.5195 27.73333 16 22.75556 25.95555 31.28889 54.07921 56.19358 64.62378 75.95326 117.655 151.8941 141.9513 220.7271 16 16 137717.8 137668 109.3792 534.1024 65.23259 25.24444 22.75556 16 48 73.11803 51.68198 303.2889 16 16 573.1556 16 394.6667 16 16 16 524.8
-9999 -9999 -9999 154.4557 108.6955 94.57477 70.86761 47.11647 16.70321 16 20.26667 32.71111 295.1818 331.214 150.9514 121.0637 156.726 201.5493 212.5161 49.07499 68.19587 94.28529 29.86667 29.74815 73.97042 104.062 70.48631 64.14802 137.4078 160.0627 107.1753 79.49475 46.8868 34.82864 21.68889 16 16 16 16 39.96444 56.63763 54.32678 54.82614 75.81316 85.37571 74.2837 63.90038 156.4468 16 17.77778 30.22222 137357.6 137268.1 41.24445 38.75555 16 16 32 121.0683 390.2206 16 16 650.3111 16 16 442.6667 16 16 16 580.9778
-9999 -9999 -9999 -9999 97.11925 131.0798 135.9948 82.24599 51.8084 31.64444 16 16 344.7766 306.7676 73.29609 147.8228 141.9079 209.6273 117.3129 35.01775 40.89416 90.17995 16 20.62222 53.47292 72.92365 63.80897 51.58716 84.05157 120.0737 106.1745 63.19913 39.34815 26.66667 16 -9999 18.13333 16 16 29.86667 44.37333 43.92296 48.80593 59.78337 52.85926 43.22063 45.35028 129.4812 16 16 40.05926 33.42222 38.51852 136573 32.30025 17.42222 16 55.46667 548.9778 16 16 16 669.1556 16 501.6889 16 16 16 656 16
-9999 -9999 -9999 -9999 53.44461 21.93267 58.9702 106.3063 58.60159 19.91111 16 146.7322 234.0571 228.2003 67.85063 156.106 78.19938 210.8285 93.36226 24.53333 22.92148 59.80444 25.00741 16 39.14272 51.95852 48.31605 37.96543 57.08379 90.90123 53.88743 76.74757 19.91111 16 -9999 -9999 -9999 -9999 16 20.26667 20.26667 33.77778 36.97778 40.49383 36.74074 23.74321 28.73679 70.70464 16 16 21.33333 26.66667 37.33333 58.66667 136391.7 136251.5 16 620.4445 31.28889 16 16 741.3333 16 16 557.5111 16 16 16 708.6222 16
-9999 -9999 -9999 -9999 -9999 31.64444 16 17.78334 63.70419 38.75292 16 76.2179 272.5713 138.312 110.8325 74.53228 120.7202 164.6949 101.921 34.41778 16 25.95555 33.77778 20.26667 18.48889 36.62222 24.88889 29.51111 37.03308 78.19608 43.52911 23.46667 -9999 -9999 -9999 -9999 -9999 -9999 -9999 -9999 -9999 16 16 23.11111 24.88889 22.04445 33.44593 48.75869 19.55556 16 16 16 48 42.66667 81.57498 41.56576 136144.5 136011 19.55556 16 16 765.1556 16 605.1556 16 18.84444 29.15556 16 740.9778 16
-9999 -9999 -9999 -9999 -9999 -9999 -9999 -9999 80.2502 37.33864 24.41481 54.8407 60.49347 323.7671 71.20427 46.22921 57.74679 162.2049 94.6291 60.52837 27.37778 16 16 16 16 16 32 43.02222 49.24049 40.70523 16 -9999 -9999 -9999 -9999 -9999 -9999 -9999 -9999 -9999 -9999 -9999 -9999 -9999 16 36.62222 47.3284 63.43462 127.4346 16 16 32 18.13333 32 67.67407 34.92785 82.54244 46.67786 135277 135125.5 786.4889 16 16 653.5111 16 16 16 832.3555 16 16
-9999 -9999 -9999 -9999 -9999 -9999 -9999 -9999 -9999 -9999 23.2467 -9999 47.16658 290.0695 49.0176 62.74188 32.12853 24.72296 146.2049 170.2983 45.16346 19.2 16 16 -9999 16 16 31.64444 44.86321 -9999 -9999 -9999 -9999 -9999 -9999 -9999 -9999 -9999 -9999 -9999 -9999 -9999 -9999 -9999 16 21.33333 34.48889 45.12395 229.4475 40.88889 16 16 16 48 17.42222 47.01234 57.52099 30.93333 104.557 28.7763 134267.6 134164.4 671.6445 16 23.11111 24.88889 16 866.1334 16 765.1556
-9999 -9999 -9999 -9999 -9999 -9999 -9999 -9999 -9999 -9999 -9999 -9999 -9999 26.15467 272.3258 212.256 105.1692 16 24.53333 16 137.2365 60.08889 32 -9999 -9999 -9999 16 23.82222 -9999 -9999 -9999 -9999 -9999 -9999 -9999 -9999 -9999 -9999 -9999 -9999 -9999 -9999 -9999 -9999 -9999 16 30.57778 36.38519 278.5984 -9999 -9999 -9999 -9999 16 16 56.88889 16 73.95556 27.37778 26.66667 60.52346 35.47654 133411.4 133331.4 16 16 934.4 16 16 816
