slauniainen/Data/DEM/Vihti_dem1500b_cl_horizonAngle_72.asc
NCOLS 196 
NROWS 178 
XLLCORNER 353680 
YLLCORNER 6699024 
CELLSIZE 16 
NODATA_value -3.4e+38 
[rows 0 to 19 of 178, columns 45 to 89 of 196]
0.719529449939728 0.772290945053101 1.36008369922638 1.84921967983246 1.23283517360687 2.44994902610779 3.78060173988342 7.76019668579102 8.52596092224121 12.0611944198608 -2.59920620918274 -2.77266120910645 -2.24994897842407 -1.30784869194031 0.995714008808136 -0.7192622423172 -0.639115273952484 1.41162371635437 2.11082983016968 -2.16951990127563 -1.94363939762115 -1.63336670398712 -0.72491979598999 0.909914672374725 2.59598159790039 3.6975154876709 4.66514444351196 6.74287223815918 8.29270267486572 11.2409467697144 11.8265972137451 0.716650485992432 1.57416379451752 2.30712747573853 4.55684089660645 1.95003616809845 2.45299816131592 4.52160453796387 5.33108139038086 2.61816430091858 1.04539465904236 1.13745021820068 2.40791010856628 4.41857290267944 5.8257269859314
4.73189544677734 3.52006721496582 1.52573192119598 1.97935688495636 2.5739951133728 4.32523775100708 7.23211145401001 10.4363527297974 12.3774089813232 13.7768611907959 0.329675942659378 -3.09523701667786 -2.74517369270325 -2.45620918273926 -1.05681097507477 -0.571558594703674 -1.17256450653076 -1.04670560359955 -1.23768365383148 -1.75401449203491 -1.63036894798279 -1.21611356735229 -0.338685631752014 1.10797643661499 3.00015115737915 4.0579948425293 5.06078958511353 7.07014417648315 8.67072582244873 9.596266746521 7.26028537750244 2.17879033088684 1.44984519481659 2.88295674324036 3.81608390808105 1.71588814258575 2.51852130889893 5.45460653305054 5.52569484710693 5.87108564376831 2.91945290565491 1.43702638149261 2.14339995384216 3.50502586364746 5.74308204650879
1.44438755512238 1.62458920478821 2.45391058921814 4.13014125823975 4.75098943710327 6.72212934494019 8.56216812133789 14.4004325866699 11.5663738250732 5.20759296417236 1.70152807235718 -2.93270802497864 -2.6275622844696 -2.31507134437561 -2.05889844894409 -1.87784469127655 -1.42472958564758 -1.77471745014191 -1.72197961807251 -1.48637437820435 -1.17530882358551 -0.682973563671112 0.24079629778862 1.84476602077484 3.36463165283203 4.21009922027588 5.16870737075806 5.4279351234436 6.68169641494751 7.81868839263916 4.41278123855591 4.63618659973145 1.28246021270752 2.04447317123413 1.90764451026917 2.58779692649841 3.74606871604919 6.65828657150269 5.48779773712158 2.97294068336487 2.86612248420715 2.51716184616089 3.48597359657288 1.239537358284 2.86744213104248
2.88494634628296 3.16498064994812 3.88877296447754 5.8104567527771 7.11505746841431 12.326545715332 11.334771156311 14.1136150360107 6.22296142578125 2.21261835098267 0.704430222511292 -2.73236393928528 -2.54375672340393 -2.19397282600403 -1.98886871337891 -1.81039392948151 -1.55541908740997 -1.31784403324127 -1.2842128276825 -1.19743800163269 -0.835256278514862 -0.306009560823441 0.648598968982697 2.27885174751282 2.45953321456909 3.08836030960083 3.88541460037231 4.42240142822266 5.9224157333374 7.47125482559204 4.25277376174927 1.45524275302887 1.39031267166138 1.40548932552338 2.31235647201538 3.21409606933594 4.33270597457886 7.08972024917603 4.32562732696533 2.89678835868835 3.86929702758789 8.70810604095459 2.77342939376831 0.556588470935822 1.75272738933563
4.05884838104248 4.45607376098633 5.64135265350342 6.67822027206421 10.1059341430664 19.8453788757324 14.9858474731445 7.15939235687256 2.51402592658997 1.44209480285645 -1.27386617660522 -2.55097031593323 -2.48524451255798 -2.14675068855286 -1.80543744564056 -1.53451824188232 -1.2953794002533 -0.97945100069046 -1.03029441833496 -0.933511853218079 -0.551654994487762 -0.00453589484095573 0.81745058298111 1.6274379491806 2.17469239234924 2.63804507255554 3.20204639434814 3.94296097755432 5.15711784362793 5.74469614028931 2.51542019844055 2.0047402381897 1.79155313968658 1.97060108184814 2.42406630516052 3.1522524356842 3.96271920204163 6.72797822952271 3.80127024650574 5.27517223358154 8.06461143493652 9.14569473266602 3.17524218559265 0.667210042476654 1.78501880168915
4.43191480636597 5.74970626831055 6.61967372894287 9.80087471008301 12.6850557327271 18.1847496032715 16.465991973877 7.8079891204834 0.989623308181763 -0.593124210834503 -2.03331303596497 -2.28390407562256 -2.18916916847229 -1.99810659885406 -1.68053495883942 -1.46210360527039 -1.13781726360321 -0.436120718717575 -0.732506573200226 -0.546033442020416 -0.257770150899887 0.148380190134048 0.810799419879913 1.39063334465027 1.78441977500916 1.58844661712646 2.0127284526825 2.33546447753906 3.36255764961243 4.34336566925049 1.6776111125946 1.66829907894135 1.94339883327484 2.34743237495422 2.62860155105591 3.25448775291443 3.69159173965454 4.39408826828003 4.96582698822021 6.4043345451355 8.43185615539551 5.85894584655762 0.756568908691406 0.479911237955093 1.74655890464783
5.58330535888672 6.56136608123779 7.54365921020508 10.3528966903687 12.3965330123901 14.621919631958 15.4160251617432 7.5097131729126 1.21485388278961 -1.31017506122589 -1.98603236675262 -1.99323999881744 -1.89231669902802 -1.7339346408844 -1.46785700321198 -1.29384338855743 -0.976524829864502 -0.698465645313263 -0.399946123361588 -0.044720821082592 0.189537063241005 0.397194564342499 0.851294696331024 1.05387628078461 2.66739106178284 3.34808564186096 1.03908061981201 1.15353000164032 1.55376195907593 1.72671747207642 1.90495753288269 1.94809889793396 2.22797799110413 2.48802089691162 2.76936745643616 3.14771318435669 3.26544046401978 4.26408338546753 5.42833423614502 8.15514278411865 7.11716270446777 4.01203680038452 0.431802839040756 -0.68913322687149 0.462571769952774
5.91423463821411 6.98084878921509 7.99676370620728 9.41623878479004 9.82407760620117 15.365460395813 10.0243625640869 4.73942089080811 -1.44138491153717 -2.0679247379303 -1.97334659099579 -1.72485458850861 -1.57017064094543 -1.42147719860077 -1.32778537273407 -1.00419771671295 -0.504741311073303 -0.163992896676064 0.120487429201603 0.355251759290695 0.555850863456726 0.74746572971344 0.995262205600739 6.66453981399536 13.5707416534424 0.280084729194641 0.281375527381897 0.559388995170593 1.08763766288757 1.58036184310913 1.93854677677155 2.10539269447327 2.21901202201843 1.94358968734741 2.15925002098083 2.33464670181274 2.17136287689209 3.86309790611267 5.09649133682251 8.64687633514404 8.62727832794189 6.73398542404175 0.728349566459656 -2.18842816352844 -2.03548192977905
5.95631122589111 6.9353175163269 10.0079364776611 7.19901990890503 7.12829875946045 12.1297626495361 5.56207084655762 1.43311190605164 -1.96162581443787 -1.89985156059265 -1.80141377449036 -1.52937829494476 -1.25936079025269 -1.0234922170639 -0.906622111797333 -0.613587915897369 -0.101863622665405 0.236186146736145 0.48216712474823 0.685611426830292 0.703613221645355 3.59580731391907 5.14418792724609 13.615421295166 7.00969219207764 -0.206771612167358 -0.0899188816547394 0.251271992921829 0.929330170154572 1.37190937995911 1.31537413597107 1.50152003765106 1.79596984386444 1.08996665477753 1.24871599674225 0.261556595563889 0.27116984128952 2.71636867523193 3.88807344436646 5.43846273422241 8.50069046020508 6.75190353393555 2.40524435043335 -0.975310206413269 -1.70290970802307
6.45668268203735 9.58000659942627 9.64762496948242 6.71394395828247 8.07997035980225 6.63521337509155 3.39003849029541 2.48670268058777 -1.85075926780701 -1.69711148738861 -1.35345983505249 -1.11903774738312 -1.00460481643677 -0.885966300964355 -0.719870269298553 -0.378416836261749 0.18764291703701 0.50899338722229 1.9726722240448 2.5609142780304 4.93907022476196 6.20956897735596 5.78164005279541 8.09689521789551 1.87653791904449 -0.359003394842148 -0.358577698469162 0.0390484370291233 0.564899742603302 0.895061016082764 0.887225270271301 2.47756743431091 1.58553779125214 0.526784002780914 -1.16408741474152 -1.02363359928131 -0.786112785339355 0.770106494426727 2.55227160453796 2.45845127105713 5.00534009933472 3.77566528320312 3.07735919952393 0.444349199533463 -1.4478006362915
6.6571798324585 9.73111438751221 6.94533252716064 5.85256576538086 6.19585227966309 4.46902465820312 4.1372127532959 2.17737174034119 -1.42240595817566 -1.36119973659515 -1.15690183639526 -0.939251065254211 -0.886751294136047 -0.612633764743805 -0.326814442873001 -0.0568162277340889 0.578152716159821 2.20155477523804 3.40371179580688 7.08049201965332 11.0222949981689 4.31514120101929 2.37377095222473 3.95997333526611 -0.238071709871292 -0.660695672035217 -0.664242744445801 -0.51403146982193 -0.075932003557682 1.1846125125885 4.16909599304199 2.88042974472046 -0.91522216796875 -1.90996885299683 -2.52733182907104 -2.21624231338501 -1.99254274368286 -2.22597670555115 -0.973619163036346 -0.147471442818642 -0.372546404600143 0.883526742458344 0.913667798042297 0.649017810821533 -1.41165232658386
12.2191743850708 6.00503826141357 4.45405626296997 5.04638719558716 4.30891942977905 3.67714619636536 4.32977914810181 2.52131032943726 0.187817707657814 -0.990367591381073 -0.779278516769409 -0.711874425411224 -0.60488361120224 -0.359268814325333 -0.0743624418973923 0.948606610298157 2.07204294204712 4.35156488418579 5.90867233276367 12.0562038421631 9.92705154418945 3.09652161598206 0.220195561647415 1.79354071617126 0.0669631436467171 -1.11789345741272 -1.17233240604401 -1.33069479465485 0.736156523227692 2.45526480674744 3.21707940101624 1.49676942825317 -0.114117965102196 -1.53281235694885 -2.5624635219574 -2.45297837257385 -2.2946879863739 -2.1590793132782 -1.87260544300079 -1.63603401184082 -0.394683420658112 0.902545869350433 1.75448179244995 0.736571073532104 -1.28572082519531
9.25599098205566 6.77224636077881 4.08067750930786 4.66368961334229 3.25302052497864 2.54430890083313 1.81041753292084 0.0419084653258324 -0.868930578231812 -0.794043064117432 -0.661579787731171 -0.555677592754364 -0.427413791418076 -0.27379697561264 0.791765093803406 2.23880171775818 3.41909313201904 6.22898530960083 8.09103107452393 12.7458925247192 6.55115032196045 0.5616694688797 0.201184287667274 0.695194482803345 -0.770781338214874 -1.66519701480865 -1.82751154899597 -1.50734126567841 0.129141584038734 1.37317419052124 2.6242241859436 1.80261790752411 0.152043089270592 0.650750756263733 -0.460714489221573 -0.268004566431046 -2.04655766487122 -1.86692631244659 -1.64237689971924 -0.511104881763458 0.117706328630447 0.86080002784729 0.644819557666779 0.435845822095871 -1.16838347911835
6.97627687454224 5.99204683303833 5.08713245391846 4.3220043182373 3.32638072967529 1.62889647483826 1.66847133636475 3.1021876335144 -0.935013592243195 -0.829679489135742 -0.666275799274445 -0.521327793598175 -0.354757577180862 0.34036311507225 2.09660196304321 3.57918238639832 4.99225234985352 6.50729322433472 8.78667831420898 10.1302728652954 4.28751230239868 -0.140116453170776 0.0736294016242027 0.268479108810425 -2.41810536384583 -2.47049951553345 -1.70242154598236 -1.42492830753326 -1.02766668796539 -0.870355367660522 0.565452814102173 1.54886770248413 1.67582428455353 1.06580626964569 -0.012914652004838 -0.402296394109726 -1.56229174137115 -1.24733030796051 -0.946131944656372 -0.0228350888937712 0.738006472587585 0.70870578289032 -0.0114790117368102 -1.02508425712585 -1.10826110839844
4.24686861038208 4.39259433746338 3.77781248092651 3.53232431411743 2.86318874359131 3.65786147117615 5.02065896987915 4.12830209732056 -1.0871639251709 -0.991590738296509 -0.782731950283051 -0.64738655090332 -0.166317969560623 0.916909635066986 2.81366419792175 4.11990070343018 7.72765827178955 12.0936937332153 1.51804256439209 3.21380829811096 2.88522601127625 -0.0991909429430962 0.304279536008835 0.201844051480293 -2.27274107933044 -2.53886890411377 -2.44276309013367 -1.78169476985931 -2.31902003288269 -2.10613965988159 -2.48705792427063 -0.525600612163544 0.591389417648315 -0.883636713027954 -1.18422830104828 -0.750931203365326 -0.873320817947388 -0.512280702590942 -0.191817089915276 -0.0570712573826313 0.180883944034576 0.105870701372623 -0.0715742558240891 -0.699372470378876 -1.04790413379669
2.49141573905945 5.20068311691284 5.19201231002808 1.50520539283752 2.94279408454895 3.77650666236877 5.29008817672729 1.63527679443359 -1.15787148475647 -1.10023307800293 -0.98945540189743 -0.817738473415375 0.083063043653965 1.41755306720734 4.29687309265137 6.15522289276123 14.8034362792969 9.18366622924805 -0.937496721744537 -0.306923806667328 0.446248203516006 -1.5219794511795 -1.32519543170929 -0.615786492824554 -2.23076105117798 -2.93350672721863 -2.93081855773926 -2.07826161384583 -1.35632264614105 -2.37448024749756 -2.24068975448608 -1.3136248588562 -0.56048047542572 -1.34933769702911 -1.12921965122223 -0.283857315778732 -0.561299026012421 -0.516456782817841 -0.563041150569916 -0.572197616100311 -0.643982708454132 -0.696697056293488 -0.794933199882507 -0.786137759685516 -1.004887342453
-0.54995059967041 0.160919412970543 0.974246263504028 0.0149257574230433 0.164748162031174 1.29425704479218 1.8412766456604 -0.91912180185318 -1.17850589752197 -1.36730372905731 -1.20156311988831 -0.720312595367432 0.312038451433182 2.97255253791809 6.75242614746094 8.7497034072876 13.8893766403198 6.62065649032593 0.516184389591217 -1.26758551597595 2.75047874450684 -0.527275741100311 -3.39919209480286 -3.26619005203247 -3.10971283912659 -2.99434161186218 -2.86450505256653 -2.58577108383179 -1.83198535442352 -1.43650591373444 -1.39276087284088 -1.12991607189178 -0.718063473701477 -0.991958022117615 -0.29330176115036 0.197360023856163 0.234342485666275 -0.0191928315907717 -0.994662463665009 -1.17155182361603 -1.14229190349579 -1.10526823997498 -1.06510865688324 -1.00042951107025 -0.984187126159668
1.93668627738953 -1.69849765300751 -1.57585799694061 -1.33154201507568 -1.26867651939392 -1.31030106544495 -0.973624587059021 -0.355692058801651 -1.34414875507355 -1.3350191116333 -0.913829565048218 0.391845673322678 2.29022979736328 4.22744274139404 6.31140184402466 9.2117395401001 10.70458984375 7.92029333114624 3.50829315185547 3.22750735282898 3.42257452011108 -1.2673944234848 -3.47022461891174 -3.30413961410522 -3.08068585395813 -2.87262868881226 -2.62718534469604 -2.25626850128174 -2.09388446807861 -1.80052447319031 -1.10647213459015 -0.977747082710266 -0.652204513549805 -0.193194478750229 0.580748498439789 0.82636433839798 1.04972362518311 0.329949140548706 -0.813297986984253 -1.17901146411896 -1.14713907241821 -1.10565841197968 -1.05157792568207 -0.999944746494293 -0.946587383747101
2.57946634292603 -2.02062034606934 -2.04848098754883 -1.83043217658997 -1.74210917949677 -1.68635785579681 -1.76889503002167 -1.64524400234222 -1.46829509735107 -1.22408044338226 -0.713113248348236 0.926559269428253 2.60028696060181 4.26969337463379 5.34342002868652 7.24187564849854 9.07878112792969 7.59544134140015 5.09456300735474 4.63811492919922 3.20797991752625 0.935789287090302 -3.4204249382019 -3.28795647621155 -3.04211616516113 -2.6405942440033 -2.33987236022949 -2.05195593833923 -1.90060985088348 -1.48893773555756 -0.945951998233795 -0.630950629711151 -0.214148312807083 0.273912459611893 0.663935124874115 1.00686657428741 1.14218413829803 0.06239228323102 -0.554811775684357 -0.92596834897995 -1.12450742721558 -1.09708094596863 -1.04831004142761 -0.989139318466187 -0.928141057491302
4.76761198043823 -2.27559471130371 -2.35070395469666 -2.29433274269104 -2.14232921600342 -2.35838913917542 -2.0927677154541 -1.74248766899109 -1.52701926231384 -1.43556725978851 -0.650909781455994 1.12975370883942 2.70943260192871 4.00532579421997 4.87998867034912 7.14578247070312 4.01925992965698 4.09197044372559 3.58595037460327 4.12319803237915 3.7752091884613 0.287382185459137 -3.27990078926086 -3.20494771003723 -2.90777182579041 -2.44178605079651 -2.13463282585144 -1.89426469802856 -1.7041836977005 -1.17740380764008 -0.565516889095306 -0.195662438869476 0.0580990090966225 0.338448524475098 0.649711906909943 1.17014062404633 0.776358902454376 0.0861261263489723 -0.20067723095417 -0.453060239553452 -0.669792473316193 -1.0846494436264 -1.05365192890167 -1.0081228017807 -0.877417147159576
