slauniainen/Data/DEM/Vihti_slope_16m.asc
ncols         196
nrows         178
xllcorner     353680
yllcorner     6699024
cellsize      16
NODATA_value  -9999
[rows 30 to 59 of 178, columns 0 to 67 of 196]
-9999 -9999 -9999 -9999 -9999 -9999 -9999 -9999 -9999 -9999 -9999 -9999 -9999 -9999 -9999 -9999 -9999 -9999 -9999 14.80441 11.51052 11.46648 11.71536 14.64129 14.30319 7.902932 2.630226 1.168737 6.407748 9.176732 10.43973 8.453678 3.856717 4.244196 7.503615 12.80924 14.76552 13.37619 12.7017 12.11275 12.08488 15.00616 17.60355 18.75141 17.68852 13.08966 6.956743 4.603768 8.02166 10.10989 8.185412 4.569271 0.6100935 6.65217 9.487417 7.815914 8.317099 9.27403 7.75704 6.193844 8.231362 13.40498 14.95955 10.32938 8.239594 7.911222 7.816141 7.173756
-9999 -9999 -9999 -9999 -9999 -9999 -9999 -9999 -9999 -9999 -9999 -9999 -9999 -9999 -9999 -9999 -9999 -9999 18.79011 16.67184 13.54536 12.65294 12.96155 15.02235 14.19697 9.475433 6.177067 1.704494 4.621474 9.021798 9.25868 6.305818 5.235167 4.089573 5.736509 8.609994 10.64889 11.87928 12.9349 14.03939 15.1092 16.73263 17.273 16.67835 14.22274 10.81249 7.119436 8.225753 10.42465 9.308801 7.462835 5.516228 3.018405 3.396618 9.129492 11.05352 10.84368 10.01574 8.810065 8.350716 9.678057 13.10174 16.05834 10.86939 5.754995 6.591149 6.511138 4.728376
-9999 -9999 -9999 -9999 -9999 -9999 -9999 -9999 -9999 -9999 -9999 -9999 -9999 -9999 -9999 -9999 -9999 -9999 19.50637 16.93354 13.72491 12.36089 12.26477 13.38416 12.84457 11.06903 13.40524 10.20033 9.455615 10.39868 11.56744 11.93226 10.97359 7.978278 7.435504 6.942499 7.095994 8.789416 10.64373 11.76582 12.28876 13.62887 14.28989 14.10857 13.11197 11.75513 9.761383 12.14219 12.84373 10.52087 8.835378 7.129858 4.5488 8.553337 13.72741 14.24427 12.6848 12.9307 13.53095 13.75942 14.12703 14.88191 15.43181 11.17295 6.719159 5.893889 3.576192 1.307174
-9999 -9999 -9999 -9999 -9999 -9999 -9999 -9999 -9999 -9999 -9999 -9999 -9999 -9999 -9999 -9999 20.12714 21.31919 19.84373 17.92317 14.42503 11.04099 10.46538 12.88812 13.4959 12.81646 16.70474 18.69559 16.41865 14.46605 14.24867 15.60178 15.22175 13.04201 12.04777 8.21187 6.975766 8.368326 9.99646 10.72427 10.85469 13.23808 14.4628 13.98176 13.34612 12.6556 12.01696 15.42673 17.19314 16.66086 15.82686 15.99796 17.20611 19.26254 18.23739 15.78932 14.58214 14.61829 14.24068 14.13008 14.67444 14.33772 13.34276 10.83205 6.872372 3.571885 1.289703 0.1685829
-9999 -9999 -9999 -9999 -9999 -9999 -9999 -9999 -9999 -9999 -9999 -9999 -9999 -9999 -9999 12.35036 17.95247 20.36143 19.22275 18.21195 16.75873 14.00361 13.3158 14.86234 14.28996 13.30495 15.29515 18.23811 18.79301 17.12351 15.37407 14.38899 13.88106 15.12274 17.19651 13.13644 8.688145 8.700644 11.64342 15.20406 17.30401 17.79484 16.49349 14.63013 13.23498 11.79855 11.65439 15.22287 18.26904 19.87287 21.02275 23.20144 24.15843 23.00392 20.61493 17.65607 15.68922 14.64131 13.83143 13.30126 12.26112 11.47306 11.33099 8.681578 3.853459 1.091233 0.02153608 0.8809165
-9999 -9999 -9999 -9999 -9999 -9999 -9999 -9999 -9999 -9999 -9999 -9999 -9999 -9999 -9999 8.847086 14.87504 19.44346 19.50114 17.67335 17.40627 16.73114 16.16547 15.33853 13.55955 11.87491 11.10962 12.0913 14.06446 14.44354 13.17634 11.84745 11.75414 14.41016 19.27769 19.55874 15.50246 13.50904 14.21218 15.71412 17.39913 17.46492 16.02224 14.23109 11.99413 10.18876 9.992175 12.25757 15.10011 17.80674 19.51726 20.83096 21.56359 21.89653 21.52483 18.84193 15.54057 14.68951 13.77996 12.48094 11.40252 10.78594 8.426197 3.779981 0.2907959 1.180817 1.827317 2.277912
-9999 -9999 -9999 -9999 -9999 -9999 -9999 -9999 -9999 -9999 -9999 -9999 -9999 -9999 2.445448 5.371867 10.1363 15.85349 18.90047 17.28462 16.15319 15.96041 15.87097 14.2718 11.83895 9.65374 8.040471 7.548716 8.091283 8.793881 9.009157 9.118069 9.643237 11.45189 16.0829 20.48593 20.24662 17.73176 15.61211 14.42357 14.56466 14.80174 14.02021 11.83965 9.364123 8.251233 8.352347 9.917571 12.05663 14.18227 15.64422 16.30277 17.09686 17.05076 15.43672 14.49828 13.79751 13.85664 12.94833 11.92846 10.50576 7.377489 2.732734 0.684541 2.021703 2.465591 2.507308 2.167726
-9999 -9999 -9999 -9999 -9999 -9999 -9999 -9999 -9999 -9999 -9999 -9999 -9999 1.137768 1.41214 3.011921 6.142939 10.90799 15.63568 15.98592 14.31618 13.93539 14.79081 13.69604 11.08725 8.715834 7.112844 5.905545 5.102557 4.958616 5.610241 6.268939 6.645661 7.67673 10.68335 15.40385 18.29042 18.09859 17.18806 16.20758 15.19996 13.65885 11.63957 9.712601 8.722874 8.063235 7.556217 7.921798 8.875537 9.613809 10.48355 10.86687 10.21428 8.74252 7.625647 8.739288 11.11037 12.32985 11.41308 9.243584 5.739606 1.520392 1.496662 2.311016 2.256494 1.93777 1.49034 1.081499
-9999 -9999 -9999 -9999 -9999 -9999 -9999 -9999 -9999 -9999 -9999 0.8324512 0.8345587 0.8526844 0.9159539 1.537643 3.403385 7.009219 11.62558 14.03346 13.44076 13.06009 12.86556 11.81046 10.27785 8.149127 6.130249 4.651322 3.983547 3.766742 4.041701 4.406634 4.505584 4.933691 6.116075 8.509563 11.71253 13.75156 14.16254 13.16817 11.34103 9.112758 7.744877 7.294459 7.668138 8.006503 7.533432 7.237291 7.405274 7.39578 8.53002 10.27073 10.63396 10.01709 9.668896 9.894326 10.03718 9.269794 6.595402 3.010323 0.3608201 1.59129 2.439592 1.914228 1.365467 0.9444674 0.6665446 0.4838193
-9999 -9999 -9999 -9999 -9999 -9999 -9999 -9999 -9999 0.7178563 0.6326248 0.5773911 0.5716946 0.5895588 0.6184013 0.784519 1.498149 3.726583 7.457825 10.92375 11.64127 10.70892 9.17547 8.528007 8.14093 6.954265 4.541215 0.937755 1.483585 2.476713 3.254554 3.734612 3.68148 3.06682 2.251744 2.588926 4.710346 7.331217 8.841344 8.90389 7.841094 6.396953 5.499914 5.19095 5.721228 6.315181 6.328589 6.280611 6.708329 7.210589 8.533391 9.384297 9.623308 9.864327 9.610728 8.142363 5.487712 2.717218 0.6533532 1.167326 1.435537 1.971645 1.981849 1.035872 0.5938432 0.3206089 0.1474407 0.1622278
-9999 -9999 -9999 -9999 -9999 -9999 -9999 -9999 0.6286708 0.5634769 0.4890292 0.4165802 0.413634 0.4442601 0.4470521 0.4531714 0.6132986 1.46776 3.425583 6.103107 7.196383 6.633049 6.116573 6.130728 6.339309 7.725239 7.060303 2.077491 2.398417 3.006939 3.10509 3.32318 2.656286 1.727954 1.971303 3.549696 5.106052 5.706024 5.667061 5.430907 5.151645 4.839733 4.665296 4.644558 4.614558 4.215272 4.120127 4.239652 4.881682 5.654917 5.831906 4.373258 2.98831 2.704651 2.393518 1.82471 1.339172 0.9610237 1.132525 0.8955511 0.8139071 1.535081 1.429234 0.6058635 0.3717457 0.4854618 0.69278 0.8304306
-9999 -9999 -9999 -9999 -9999 -9999 0.8932728 0.7598565 0.6338954 0.5216181 0.4299169 0.3649255 0.3368211 0.321197 0.3066225 0.2745481 0.3750236 0.7402372 1.482962 2.854527 3.919552 4.313476 4.738676 5.015575 5.666635 8.251867 9.525357 6.924907 2.857451 3.167519 3.724814 3.032186 2.073475 2.761174 4.87728 5.464991 4.454044 3.042895 1.894884 1.484372 1.702147 2.129804 2.627701 2.966043 2.72245 2.244969 2.228621 2.375989 2.682234 3.053656 2.65748 1.386352 0.5055133 0.5136483 0.8071347 1.822945 1.921408 0.6427688 0.134589 0.1854291 0.4845309 1.308962 0.911713 0.9678362 1.375606 1.5867 1.677061 1.67761
-9999 -9999 -9999 -9999 1.635641 1.105207 0.9271284 0.7704204 0.6063505 0.45938 0.4015332 0.3590554 0.3101258 0.2744473 0.2235677 0.1651074 0.3189135 0.5495284 0.8781652 1.456851 2.001301 2.60426 3.479413 4.359767 5.391487 6.959322 8.919787 9.675311 7.517129 3.715448 3.209136 2.770617 2.841917 5.017958 5.361413 3.393012 1.840874 1.127745 0.8301305 0.7710903 0.8057309 0.9858835 1.263778 1.419871 1.284874 1.160265 1.104359 1.185281 1.410577 1.344925 0.8182946 0.3901901 0.6588781 0.83548 0.8331777 1.451159 1.638862 0.8280421 0.7172696 0.7149894 0.874205 1.50033 1.627221 1.760707 1.733732 1.514798 1.24342 1.09349
-9999 -9999 1.771461 0.7221089 0.8605949 1.123489 1.162573 1.109451 1.026058 0.9365013 0.803803 0.5519754 0.2763877 0.1353018 0.03874955 0.0728475 0.2672816 0.4470764 0.7751995 1.081157 1.144676 1.457308 2.219198 3.464694 4.782198 5.478162 6.249798 7.377568 7.603879 5.289905 2.445342 1.841022 3.515723 5.875391 4.466269 2.051211 1.214112 0.8365188 0.7180876 0.6609855 0.5779788 0.6517534 0.8610695 0.8680584 0.8090811 0.7893032 0.7277369 0.7890426 0.8429837 0.5374715 0.2837562 0.5646667 0.8976321 0.8638092 0.7949414 1.077372 1.267889 0.6605981 0.9165129 0.9097365 0.8112757 0.9872028 1.014453 0.7893161 0.4676838 0.345671 0.1903978 0.1135796
-9999 -9999 2.430776 1.97602 1.119045 0.5498601 0.4200262 0.4668171 0.3475835 0.2046213 0.3280704 0.5658128 0.5098726 0.2543857 0.0897893 0.1284396 0.2400445 0.3240769 0.6328143 0.910287 0.8611183 0.9158919 1.368196 2.390679 3.722598 4.643777 5.073277 5.420405 5.974523 5.1604 2.72074 0.1240458 3.290396 6.461769 5.502765 2.603593 1.158087 0.7484889 0.6518469 0.5474868 0.5008203 0.6439669 0.8322666 0.8034409 0.7997116 0.78794 0.6071578 0.298362 1.144317 1.903988 2.46129 2.789753 2.725909 2.41936 1.972075 1.237856 0.8291996 0.1156264 0.3957329 0.3311384 0.530553 0.435401 0.2118536 0.244879 0.3235198 0.1977334 0.1391321 0.245593
-9999 0.8503828 1.167372 1.463227 1.560852 1.400424 1.224997 1.099225 0.905393 0.7359578 0.5089302 0.1121713 0.3599467 0.498633 0.481024 0.4102577 0.3437294 0.3221613 0.4329706 0.6491659 0.7402511 0.7170087 0.8710483 1.438507 2.417959 3.550954 4.551992 4.951419 5.263487 4.515975 3.455386 2.298049 1.40393 5.789265 6.44758 3.824171 1.765958 0.8655263 0.6365075 0.5684754 0.642615 0.8031829 0.8173948 0.4554687 0.3463792 0.8640842 1.614865 2.747013 3.303579 3.489735 3.465535 3.183881 2.662435 2.124449 1.670311 1.275243 0.761266 0.3692754 0.4577635 0.5067887 0.5804608 0.323065 0.0854739 0.2270458 0.3045411 0.1909498 0.1517343 0.2523006
0.4695542 0.7432025 1.0601 1.282146 1.360054 1.21063 0.9401408 0.6738725 0.433966 0.2916904 0.3527313 0.4208973 0.3016945 0.1313776 0.1451771 0.3696662 0.5337059 0.5395517 0.4765367 0.5126457 0.6685061 0.7259004 0.7136626 0.8541732 1.254835 2.269949 3.892128 4.988024 5.135786 3.823141 3.395526 3.73307 2.090556 4.966153 6.022418 3.990588 2.502213 0.979961 0.5251352 0.5154159 0.4640335 0.4955333 0.4802049 0.4562275 1.085518 0.9210536 2.185045 3.061032 2.272647 1.695894 1.19133 0.72306 0.3335194 0.1360992 0.1557904 0.3294372 0.5226636 0.6194299 0.5846329 0.5119446 0.3994695 0.1271724 0.1803945 0.2712175 0.1858889 0.2368019 0.2490819 0.2722577
-9999 0.9267955 1.516905 2.045283 2.317535 2.246501 1.83952 1.344966 0.9420097 0.6608651 0.4786861 0.3629035 0.3193117 0.3692541 0.3267364 0.17567 0.320837 0.4096239 0.3899086 0.3028587 0.3132432 0.3234456 0.3000554 0.487178 0.7559734 1.469935 3.306157 5.186082 4.569675 3.050564 4.562588 6.579174 7.458825 6.381572 3.364352 3.53059 4.452151 2.664663 0.9568919 0.4682753 0.3694387 0.3073199 0.3844147 0.7748498 0.878574 0.8458382 2.73622 2.346104 0.5937105 0.261161 0.1796772 0.05476107 0.3907097 0.3782219 0.2419989 0.2046201 0.1592532 0.09383198 0.2393758 0.4133525 0.393991 0.2817702 0.2136688 0.3015727 0.1982268 0.2606989 0.2743621 0.2944352
-9999 1.255255 1.892802 2.55339 3.119771 3.334186 3.067699 2.480372 1.846817 1.292141 0.9011337 0.6437135 0.3881072 0.2563912 0.2631876 0.2611019 0.3329046 0.4146572 0.4206136 0.4451101 0.5187005 0.5273167 0.4257338 0.4515258 0.6961091 1.660078 3.511055 4.477551 3.456736 3.622757 3.675835 2.985985 1.838827 1.310519 4.111755 5.676543 6.598685 5.893918 3.558001 1.262025 0.3907367 0.2698451 0.545289 0.5458585 0.948234 1.582384 3.494106 1.806315 0.3525476 0.1584305 0.08113065 0.2568252 0.447683 0.3113403 0.1384118 0.196627 0.311444 0.4113779 0.3348855 0.2820312 0.1022872 0.1560063 0.2684071 0.2534598 0.2349566 0.2939889 0.2841144 0.2310654
-9999 1.461483 1.922184 2.277297 2.807094 3.54959 3.965677 3.774835 3.211886 2.475888 1.770755 1.261865 0.8531283 0.5939007 0.4675612 0.3394509 0.1845492 0.2933913 0.3733231 0.4548388 0.4895347 0.3921028 0.2663634 0.6730196 1.699439 2.757362 2.356217 2.830602 3.283734 1.7282 2.471731 4.607164 5.744822 5.680315 3.979863 2.97208 4.319059 5.70063 5.476537 3.303579 1.344089 0.5915503 0.6788299 0.2901417 0.4962778 2.882748 3.40812 1.04422 0.300673 0.204664 0.1839047 0.3639269 0.3505073 0.2432437 0.1969664 0.209054 0.2112415 0.1697245 0.3167417 0.4095165 0.417519 0.3611339 0.2356471 0.1679736 0.20628 0.3180738 0.2634446 0.205171
-9999 1.577789 2.287266 2.654088 2.731379 3.428881 4.692461 5.431558 5.132524 4.360135 3.456035 2.560798 1.811357 1.279909 1.016825 0.8069481 0.5329718 0.3423106 0.3458098 0.3829523 0.4441315 0.5547501 1.054422 1.976726 2.637946 1.896756 0.3847525 1.266776 2.55075 3.166933 3.872765 3.768964 2.814872 1.738313 1.088312 1.85339 3.212698 4.54152 5.412194 4.53042 2.913481 1.818887 1.257467 0.8355224 0.8888796 3.250394 2.876627 0.7611326 0.3192913 0.07569974 0.22277 0.3952231 0.3218121 0.3081891 0.2476321 0.104112 0.05458192 0.07210059 0.1297503 0.143283 0.3194821 0.5404909 0.5906805 0.4464932 0.4772685 0.5150959 0.4327897 0.3217704
-9999 -9999 2.572439 2.80004 2.435269 2.820658 3.610266 4.858284 5.550156 5.459308 5.239707 4.544703 3.67424 2.839044 2.283251 1.821456 1.278554 0.8432076 0.7032233 0.7523706 1.290194 2.22275 2.729952 2.508165 1.645319 0.5403593 0.4083884 1.2355 2.715816 3.736415 3.693854 3.26911 2.695694 2.192652 1.914522 2.06668 3.15186 4.099086 4.797084 4.370867 3.550868 2.897207 2.176426 1.44185 0.6090197 2.534542 2.892572 1.400937 0.594748 0.1711655 0.468837 0.4272198 0.3403471 0.2998382 0.133737 0.03403593 0.02485846 0.1145125 0.03589123 0.1453482 0.4559434 0.4782315 0.5925679 0.3630268 0.7236102 1.050022 1.094124 0.8134189
-9999 -9999 2.260239 2.418061 1.692633 1.951623 2.090567 2.110435 3.901307 4.827953 5.655019 5.839118 5.470706 4.798989 4.090948 3.386478 2.517462 1.818365 2.263116 3.389145 3.892997 3.171173 1.961251 1.236296 1.012898 1.080804 1.319695 1.803335 2.790065 3.557314 3.598159 3.360207 3.166507 2.959863 2.853934 2.669026 3.668632 4.534492 4.924347 4.229287 3.769733 3.60566 2.954425 1.894357 0.71949 1.372526 2.838795 2.694068 2.137107 1.329593 0.9162475 0.5950076 0.4114784 0.200393 0.09195644 0.05899125 0.02278106 0.0756444 0.2712479 0.5969051 0.5527757 0.5671862 0.4221004 0.3804374 0.4576521 0.5927779 1.102198 1.362876
-9999 -9999 1.825571 2.104964 1.720321 1.873978 2.222659 1.238757 2.372161 3.758778 4.680662 5.327483 5.687237 5.79748 5.685584 5.43422 5.027874 5.197592 5.50185 4.710295 3.40923 2.372833 1.939439 2.266637 2.584728 2.808891 3.16573 3.493788 3.738387 3.706589 3.323422 3.304571 3.625148 3.555397 3.401294 2.580438 3.498417 4.762323 5.803672 4.929356 4.167472 4.341659 4.048169 2.758684 1.54151 0.3299493 1.357151 1.96878 2.333819 2.352129 1.959869 1.218794 0.7284746 0.4647953 0.2369714 0.04625658 0.1381919 0.5399184 0.9794648 1.13142 0.6391668 1.014422 0.1171339 0.4806874 0.2862755 0.1083751 0.3371034 0.8391006
-9999 -9999 -9999 1.972175 2.10228 2.087834 2.084167 1.962349 2.000077 2.744305 3.590166 4.121958 4.472448 5.043897 5.84387 6.735182 7.161934 6.930602 6.080863 5.149457 5.099215 6.408521 7.857479 7.518553 5.941035 5.188127 5.196697 4.910702 4.315004 3.716015 3.159271 3.247557 3.816478 3.855769 3.416342 1.735167 2.470859 4.043309 6.379147 6.19921 4.995079 5.274427 5.680113 4.935831 3.366595 1.490806 0.2834339 1.161692 1.04808 0.1065784 0.979494 1.638763 1.559253 1.164009 0.6147771 0.2395521 0.4110859 1.146126 1.303172 0.738686 1.183479 0.9953262 0.3023574 0.4705502 0.1664258 0.1453071 0.1481017 0.1894778
-9999 -9999 -9999 1.967017 2.357181 2.036474 1.76061 2.131705 2.142278 1.759912 2.509285 3.291325 3.334647 3.63558 4.477654 5.543777 6.29951 6.33978 6.82345 8.944924 11.08598 13.09383 14.83455 14.25505 11.23897 8.107882 6.581514 5.455937 4.366913 3.578808 3.074999 3.039488 3.464679 3.667484 2.965464 0.7581048 1.233574 2.924528 5.472978 6.53257 5.411883 5.743092 6.711209 7.219245 6.801758 5.253199 2.733369 1.501123 2.253916 2.179135 1.774615 0.5260653 0.8401946 1.882654 1.880203 1.151245 0.986261 1.566513 0.7853336 1.015284 1.531363 0.403378 0.502537 0.3302776 0.09514305 0.06357368 0.1818201 0.1987605
-9999 -9999 -9999 -9999 2.13562 1.763558 1.500803 1.90217 2.232022 1.890229 1.226203 2.095906 2.59168 2.953069 3.405437 4.043722 4.963891 6.149146 8.023868 10.41689 11.75172 13.13348 14.44018 15.59741 15.31159 11.0891 7.738889 6.027404 4.838383 3.915408 3.0832 2.581582 2.923292 3.084718 2.027745 -9999 1.46364 2.223344 2.94582 5.181789 4.66598 5.266413 6.418025 7.755819 9.104158 9.607696 7.761693 3.016862 2.609631 1.394083 2.212752 2.459561 1.819385 0.2400214 1.380266 1.997909 1.716826 1.42398 0.56172 1.738464 1.119438 0.1837972 0.4623853 0.2159083 0.1572732 0.03228406 0.04500877 0.1731755
-9999 -9999 -9999 -9999 1.96915 2.036446 1.984826 1.963284 2.216858 2.153212 1.065263 1.43149 2.08814 2.535002 2.70169 3.210526 3.930552 4.655648 6.273813 8.590206 9.60062 10.45653 10.52225 11.09805 14.92101 13.47833 9.339722 6.444588 4.494075 3.245908 2.408421 1.868922 2.238448 1.926264 -9999 -9999 -9999 -9999 0.5016006 3.129102 2.718191 3.946017 5.874766 7.380365 7.831781 8.699044 9.461046 4.251115 1.702325 0.6456017 1.072216 1.760237 2.598598 2.550305 1.59185 0.2245661 0.8772491 0.8604621 1.404777 1.806409 0.5413786 0.5721943 0.3956105 0.09693871 0.1661239 0.1811723 0.1308479 0.1095875
-9999 -9999 -9999 -9999 -9999 2.25305 2.073476 1.692876 2.018481 2.219326 1.513676 1.648202 1.976353 2.249753 2.660373 2.940003 3.106242 3.711483 5.047532 7.089657 8.257277 8.963737 8.744338 8.650672 13.01706 16.38627 13.0781 8.01589 4.212732 2.396471 1.745718 1.045692 -9999 -9999 -9999 -9999 -9999 -9999 -9999 -9999 -9999 2.076885 4.547353 6.327954 6.684262 7.29196 9.432377 5.461623 0.5430211 0.6922068 0.3404458 0.7379802 1.494981 2.147971 2.598595 2.60444 2.198349 1.226238 1.00857 1.757603 1.207171 0.7707149 0.552105 0.4525687 0.2614083 0.3078982 0.4255184 0.3998772
-9999 -9999 -9999 -9999 -9999 -9999 -9999 -9999 1.983365 2.039157 1.629696 1.562898 2.221713 2.695998 2.944297 2.752674 2.93821 3.355026 3.920358 5.18288 8.313497 8.105285 5.325985 6.21809 7.922934 14.77722 17.26965 12.41016 6.071468 2.741477 1.45882 -9999 -9999 -9999 -9999 -9999 -9999 -9999 -9999 -9999 -9999 -9999 -9999 -9999 5.72863 8.2274 10.10317 6.763433 0.3250094 1.299409 0.4369949 0.3702484 0.7157628 1.181552 1.605223 2.163091 2.849013 2.947286 1.894731 0.3735924 1.108807 1.302948 0.7954212 0.6087631 0.5651197 0.3856128 0.3135498 0.3975026
