slauniainen/Data/DEM/Vihti_dem1500b_cl_horizonAngle_60.asc
NCOLS 196 
NROWS 178 
XLLCORNER 353680 
YLLCORNER 6699024 
CELLSIZE 16 
NODATA_value -3.4e+38 
[rows 20 to 39 of 178, columns 135 to 179 of 196]
0.698674499988556 0.67449939250946 0.686620891094208 0.702387034893036 0.685214281082153 0.723501205444336 0.734107494354248 0.77078640460968 0.838588237762451 0.946385502815247 0.982086956501007 0.95807272195816 0.86147129535675 0.883129477500916 0.806948900222778 0.768130481243134 0.766089498996735 0.700210809707642 0.617598056793213 0.562495768070221 0.509055912494659 0.591945290565491 0.462619125843048 0.459836155176163 0.443877100944519 0.426671624183655 0.323462128639221 0.280540347099304 0.215098813176155 0.164661064743996 0.126068636775017 0.121156446635723 0.127135723829269 0.141962453722954 0.179342210292816 0.319194585084915 0.598111510276794 0.778234720230103 0.884474575519562 1.27557802200317 1.35972380638123 1.63307535648346 1.79319369792938 1.8644722700119 1.95031130313873
0.649924695491791 0.661419570446014 0.655203223228455 0.69052267074585 0.692605912685394 0.710382640361786 0.778968870639801 0.81728857755661 0.91000908613205 0.882732570171356 0.788793444633484 0.813218295574188 0.748902797698975 0.702806234359741 0.709279954433441 0.650237560272217 0.580886900424957 0.575015902519226 0.525817394256592 0.482988864183426 0.702353298664093 0.629667401313782 0.403735667467117 0.382802873849869 0.288830161094666 0.248569458723068 0.18952751159668 0.139841571450233 0.107245482504368 0.0969735607504845 0.111250333487988 0.131319776177406 0.16501958668232 0.229601681232452 0.331683814525604 0.577414810657501 0.825292348861694 1.19881021976471 1.26799464225769 1.40000092983246 1.58241844177246 1.78809916973114 1.88416790962219 1.91088712215424 2.17295789718628
0.611681163311005 0.636710464954376 0.662418365478516 0.678881287574768 0.732352733612061 0.756012558937073 0.843507349491119 0.867240190505981 0.850400388240814 0.754549384117126 0.68743884563446 0.644864737987518 0.652820587158203 0.594655513763428 0.532041549682617 0.527493417263031 0.476132780313492 0.425476968288422 0.437345087528229 0.448202669620514 0.403811603784561 0.329387336969376 0.350371658802032 0.272814750671387 0.180835738778114 0.131668165326118 0.119370028376579 0.0839227885007858 0.0986936315894127 0.10702833533287 0.145520731806755 0.22054398059845 0.314988821744919 0.546609461307526 0.710161328315735 0.809088170528412 1.15642893314362 1.22385108470917 1.40188503265381 1.54350388050079 1.73688387870789 1.83122360706329 2.06577444076538 2.15320611000061 2.45997548103333
0.621441304683685 0.622578620910645 0.656610548496246 0.706829130649567 0.800278544425964 0.818104326725006 0.793982267379761 0.696370959281921 0.712841093540192 0.65931499004364 0.602146923542023 0.544000387191772 0.479573994874954 0.474009901285172 0.434429317712784 0.386299669742584 0.392937421798706 0.405824840068817 0.372504949569702 0.464172005653381 0.385257214307785 0.213023781776428 0.197722584009171 0.141297712922096 0.108602061867714 0.0957832410931587 0.0972663536667824 0.0977116301655769 0.115548513829708 0.152648255228996 0.274966657161713 0.519062638282776 0.674242436885834 0.767319917678833 1.09171676635742 1.1569299697876 1.27948391437531 1.35065150260925 1.49053144454956 1.70321130752563 1.94248640537262 2.03591799736023 2.297114610672 2.60668563842773 3.00139713287354
0.624310314655304 0.685534536838531 0.703691720962524 0.765063345432281 0.75106942653656 0.660885035991669 0.672981441020966 0.617570579051971 0.573230564594269 0.573717057704926 0.517580032348633 0.526670694351196 0.72869074344635 0.790258288383484 0.344480574131012 0.356581836938858 0.332276195287704 0.317576140165329 0.294202893972397 0.242475122213364 0.13892374932766 0.124154664576054 0.0872046500444412 0.0713888332247734 0.0821788534522057 0.0884006544947624 0.10590472817421 0.134531170129776 0.201505124568939 0.291160970926285 0.499763578176498 0.705445051193237 1.03545880317688 1.09658133983612 1.21117234230042 1.27568125724792 1.4082248210907 1.47461354732513 1.64533174037933 1.91821217536926 2.16909408569336 2.46533203125 2.77908444404602 3.10961556434631 3.61545944213867
0.668042182922363 0.748114407062531 0.757324159145355 0.730032086372375 0.648417055606842 0.593470275402069 0.549222886562347 0.550526320934296 0.494336307048798 0.433494806289673 0.43027400970459 0.379006922245026 0.30303019285202 0.303161144256592 0.351225316524506 0.308748364448547 0.27357080578804 0.206872180104256 0.286148190498352 0.515379846096039 0.0503673367202282 0.0479774102568626 0.0487730838358402 0.0624665208160877 0.0803190544247627 0.0893903449177742 0.126227751374245 0.251228839159012 0.47459676861763 0.619668424129486 0.705995559692383 1.00173270702362 1.06063032150269 1.20830285549164 1.32769560813904 1.38884949684143 1.55392873287201 1.76954162120819 1.84508538246155 2.3270857334137 2.63390398025513 2.91725540161133 3.35222005844116 3.72122430801392 4.07726955413818
0.727779030799866 0.705418884754181 0.614188730716705 0.627508580684662 0.574038028717041 0.527312338352203 0.468951910734177 0.419997334480286 0.410739779472351 0.36572590470314 0.529302418231964 0.646173179149628 0.339889079332352 0.267363041639328 0.282031297683716 0.246939137578011 0.231778249144554 0.168483331799507 0.796857178211212 0.643468916416168 1.00051963329315 0.0888272747397423 0.0405453816056252 0.0516330376267433 0.0616514421999454 0.0930915698409081 0.237027212977409 0.456984579563141 0.648887097835541 0.944931149482727 1.00514853000641 1.10918354988098 1.1687023639679 1.29104554653168 1.47109401226044 1.67281699180603 1.74143278598785 1.9784517288208 2.24192667007446 2.75740242004395 3.16971135139465 3.47485995292664 3.79575634002686 4.24623966217041 4.5122652053833
0.575742900371552 0.601556599140167 0.545006513595581 0.50590443611145 0.50761890411377 0.464942127466202 0.38800060749054 0.358161777257919 0.3107970058918 0.302264213562012 0.301577419042587 0.503731608390808 0.413364559412003 0.235383823513985 0.449642986059189 0.129805251955986 0.169227883219719 0.520466923713684 0.0515946000814438 0.0445201769471169 0.168519228696823 0.888936221599579 0.628073811531067 0.193224832415581 0.0628548786044121 0.110168755054474 0.333314746618271 0.62400221824646 0.91005665063858 0.963024199008942 1.10345959663391 1.21897041797638 1.27502977848053 1.42116916179657 1.65401482582092 1.87324178218842 2.11827945709229 2.40110230445862 2.66517305374146 3.25276207923889 3.57536768913269 3.93470597267151 4.21718549728394 4.70403003692627 4.96024894714355
0.424233227968216 0.47724986076355 0.482285469770432 0.431070238351822 0.385276824235916 0.383353501558304 0.343524932861328 0.290859133005142 0.290520220994949 0.262059241533279 0.253637135028839 0.224986270070076 0.170423373579979 0.503120899200439 0.20388862490654 0.613557517528534 0.436920970678329 0.159068509936333 0.0919375792145729 0.251469790935516 0.113134443759918 0.0451229512691498 0.0505439713597298 0.365639925003052 0.702208936214447 0.558727145195007 0.35457780957222 0.669098734855652 0.922236621379852 1.06708872318268 1.17794620990753 1.3428943157196 1.53371143341064 1.59025931358337 2.00456738471985 2.27210783958435 2.50033688545227 2.87639307975769 3.1983368396759 3.70050978660583 3.93437814712524 4.37762212753296 4.67061281204224 4.85191631317139 5.07871055603027
0.240378424525261 0.314472049474716 0.362283259630203 0.355476319789886 0.312683343887329 0.279945939779282 0.272062808275223 0.271122753620148 0.252301156520844 0.219227269291878 0.483322888612747 0.315828442573547 0.34906393289566 0.737672507762909 0.166240558028221 0.143530115485191 0.180566281080246 0.305174499750137 0.30099293589592 0.476218342781067 0.661065995693207 0.0505384393036366 0.0683997720479965 0.0935123860836029 0.108771100640297 0.163772642612457 0.322066009044647 0.707849144935608 0.861774325370789 1.08002805709839 1.30189335346222 1.51175904273987 1.71869421005249 1.93992972373962 2.37198901176453 2.73033046722412 3.03273057937622 3.28136587142944 3.73009061813354 4.12647676467896 4.35788869857788 4.57800245285034 4.75927543640137 4.90575504302979 5.00317335128784
0.0577778033912182 0.148513332009315 0.220400243997574 0.316717088222504 0.26715612411499 0.253232687711716 0.219624862074852 0.200573801994324 0.199542865157127 0.157333970069885 0.220064222812653 0.338702708482742 0.204024985432625 0.46331974864006 0.535401999950409 0.724837303161621 0.592241704463959 0.315214514732361 0.361267387866974 0.519485890865326 0.877173960208893 0.44531586766243 0.33459198474884 0.5481898188591 0.563662648200989 0.380804449319839 0.415151506662369 0.594141185283661 0.873952269554138 1.16911447048187 1.46039736270905 1.83762800693512 2.09079813957214 2.29842042922974 2.81357336044312 3.10725092887878 3.37767577171326 3.59268999099731 3.98099279403687 4.25441980361938 4.48997020721436 4.58066844940186 4.7027006149292 4.75782442092896 4.79078531265259
-0.0332553349435329 0.0370519980788231 0.121951408684254 0.20434607565403 0.23455174267292 0.392375826835632 0.274255722761154 0.144013822078705 0.116145811975002 0.0989250913262367 0.238424852490425 0.345684498548508 0.297676056623459 0.335016399621964 0.349405407905579 0.303027212619781 0.352619647979736 0.441548943519592 0.449877023696899 0.432575017213821 0.480840623378754 0.538463711738586 0.472109168767929 0.343480080366135 0.397256642580032 0.615160822868347 0.618067920207977 0.718096196651459 0.962516844272614 1.43198013305664 1.78860878944397 2.18288373947144 2.52419424057007 2.77289485931396 3.22950959205627 3.40546274185181 3.76858067512512 4.00138664245605 4.18529081344604 4.3352837562561 4.42813682556152 4.47562789916992 4.50244855880737 4.54907894134521 4.49920797348022
-0.041536457836628 -0.00341175752691925 0.0709515586495399 0.125476539134979 0.154972389340401 0.138183638453484 0.113828107714653 0.0804371312260628 0.0744354277849197 0.0536987707018852 0.210278317332268 0.221338212490082 0.221773952245712 0.20528456568718 0.265263944864273 0.269686579704285 0.308397084474564 0.291642278432846 0.312353074550629 0.327993452548981 0.336640208959579 0.299595654010773 0.307382881641388 0.366498649120331 0.471695005893707 0.615550756454468 0.750425279140472 0.871508300304413 1.1716502904892 1.70739459991455 2.15003728866577 2.58830809593201 2.84742283821106 3.198162317276 3.58135771751404 3.77471303939819 3.9670557975769 4.11155939102173 4.20495557785034 4.29783868789673 4.33601427078247 4.28741312026978 4.24548435211182 4.25044441223145 4.24041604995728
-0.042198084294796 -0.0350645296275616 -0.0198580715805292 0.0449869595468044 0.0786146149039268 0.0746055319905281 0.150791704654694 0.23540660738945 0.104958340525627 0.0865007564425468 0.155416056513786 0.176711067557335 0.193733900785446 0.219102635979652 0.231584057211876 0.219888061285019 0.195104956626892 0.228957831859589 0.248617172241211 0.252409070730209 0.257924765348434 0.269727289676666 0.315823465585709 0.457791924476624 0.601592838764191 0.752807259559631 0.880303263664246 1.0599719285965 1.4945285320282 2.04970645904541 2.56004333496094 2.98039436340332 3.1406888961792 3.45790767669678 3.66476583480835 3.85930395126343 3.96559977531433 4.06106424331665 4.10754728317261 4.10913038253784 4.14024972915649 4.09851980209351 4.04407358169556 4.01383876800537 4.16434383392334
-0.114697478711605 -0.0888659060001373 -0.091509535908699 -0.0529134087264538 -0.00348502094857395 0.0292272865772247 0.0331832729279995 0.061406783759594 0.0702227726578712 0.0738703310489655 0.157129287719727 0.18685944378376 0.180704727768898 0.201949879527092 0.193260565400124 0.192904651165009 0.204352080821991 0.216452836990356 0.214057877659798 0.218071728944778 0.257468342781067 0.300214260816574 0.42234218120575 0.5742107629776 0.741819262504578 0.862335741519928 1.08906614780426 1.37976098060608 1.97558069229126 2.52964544296265 2.94948816299438 3.30731773376465 3.47633743286133 3.64965724945068 3.74631476402283 3.83518624305725 3.88248682022095 3.8684196472168 3.90975403785706 3.87497901916504 3.85683917999268 3.84653949737549 3.8532567024231 4.22253084182739 4.50929403305054
-0.238786637783051 -0.19231379032135 -0.166401877999306 -0.119200326502323 -0.0600686259567738 -0.0178492777049541 0.0104727502912283 0.0221410859376192 0.0561014711856842 0.0802712813019753 0.138338446617126 0.162465929985046 0.155633389949799 0.161624222993851 0.182127743959427 0.185679882764816 0.18132595717907 0.181762188673019 0.232274636626244 0.240742594003677 0.249860718846321 0.32066947221756 0.463519930839539 0.645293593406677 0.837611675262451 1.06128668785095 1.46847367286682 1.98415887355804 2.46616673469543 2.87119722366333 3.19592499732971 3.37949085235596 3.58203053474426 3.66198492050171 3.70771956443787 3.74210834503174 3.70956969261169 3.66371512413025 3.64224910736084 3.63419079780579 3.63328814506531 3.77300786972046 4.14188480377197 4.34722757339478 4.61055850982666
-0.326611876487732 -0.293505012989044 -0.234014719724655 -0.173939362168312 -0.113554805517197 -0.0504398122429848 -0.0156211378052831 0.0163040421903133 0.0588473081588745 0.0708808228373528 0.106459319591522 0.113110303878784 0.143920734524727 0.156395718455315 0.157025024294853 0.149144604802132 0.19174662232399 0.198708862066269 0.184870883822441 0.610276699066162 0.466613382101059 0.360970109701157 0.504931509494781 0.717249035835266 0.960420370101929 1.42716145515442 2.05929136276245 2.43327569961548 2.71323609352112 3.00581240653992 3.28187036514282 3.46188187599182 3.53616905212402 3.57112455368042 3.54641056060791 3.57387971878052 3.5380392074585 3.50328254699707 3.47407341003418 3.52578091621399 3.72060871124268 3.93354725837708 4.19184970855713 4.54049062728882 4.95722913742065
-0.375930458307266 -0.344879478216171 -0.287325084209442 -0.224929481744766 -0.165079787373543 -0.101970180869102 -0.0544150397181511 -0.0115257184952497 0.0344161279499531 0.0462458245456219 0.0985583662986755 0.126411870121956 0.141559228301048 0.139947488903999 0.136484116315842 0.16849310696125 0.158252209424973 0.323684543371201 0.373402118682861 0.737291872501373 0.793068587779999 0.431698769330978 0.58748996257782 0.84890604019165 1.35692632198334 2.0002818107605 2.36732220649719 2.64016556739807 2.83708953857422 2.96368932723999 3.18094205856323 3.31037902832031 3.38244152069092 3.41442680358887 3.3825421333313 3.33420062065125 3.33225178718567 3.35847234725952 3.48133611679077 3.66783165931702 3.83448195457458 4.17057800292969 4.58040952682495 4.86617231369019 5.11213302612305
-0.435103327035904 -0.395758807659149 -0.334406226873398 -0.281261026859283 -0.235018491744995 -0.179570764303207 -0.121739283204079 -0.0549012646079063 -0.000777218258008361 0.0183981470763683 0.0687092766165733 0.101452834904194 0.0859150737524033 0.147238835692406 0.157758086919785 0.220584511756897 0.252653032541275 0.395485073328018 0.46350035071373 0.276477932929993 0.357790350914001 0.482118129730225 0.68330979347229 1.12298893928528 1.79936897754669 2.27308583259583 2.5147066116333 2.75539970397949 2.85296249389648 2.88489460945129 2.94410562515259 3.06217336654663 3.13801741600037 3.18707513809204 3.17912435531616 3.17154431343079 3.27068686485291 3.43896842002869 3.60216879844666 3.82872700691223 4.21022891998291 4.42007303237915 4.80071115493774 5.06063270568848 5.23181009292603
-0.49145182967186 -0.460493206977844 -0.39839830994606 -0.346322864294052 -0.296767920255661 -0.239780068397522 -0.178955718874931 -0.109934411942959 -0.0500191450119019 -0.00629106862470508 0.0299180150032043 0.087074838578701 0.0841322615742683 0.0885269269347191 0.136336535215378 0.268949419260025 0.281524270772934 0.141767144203186 0.195201501250267 0.283212810754776 0.377981960773468 0.521543025970459 0.802597999572754 1.47670567035675 1.97397410869598 2.35911083221436 2.60636401176453 2.701979637146 2.77359414100647 2.79488945007324 2.796466588974 2.85331106185913 2.93406963348389 3.00347828865051 3.06083512306213 3.21985793113708 3.40775346755981 3.63242149353027 3.96826887130737 4.18693351745605 4.44349765777588 4.63132047653198 4.88496971130371 5.08449983596802 5.32921457290649
