slauniainen/Data/DEM/Vihti_dem1500b_cl_horizonAngle_282.asc
NCOLS 196 
NROWS 178 
XLLCORNER 353680 
YLLCORNER 6699024 
CELLSIZE 16 
NODATA_value -3.4e+38 
[rows 20 to 39 of 178, columns 90 to 134 of 196]
4.87834072113037 4.77052545547485 4.72064399719238 4.59039402008057 4.43867635726929 4.37489461898804 4.3192982673645 4.20694732666016 4.11722183227539 4.04392766952515 4.05343580245972 4.07047510147095 4.03916501998901 4.01534366607666 3.99385190010071 3.91802024841309 3.86222672462463 3.80566596984863 3.76086711883545 3.70550084114075 3.66470813751221 3.60033202171326 3.52438116073608 3.45548844337463 3.37672233581543 3.28852915763855 3.22231483459473 3.12887072563171 3.03889942169189 2.99133968353271 2.93690466880798 2.88372087478638 2.86781692504883 2.846031665802 2.79964137077332 2.75007152557373 2.63562250137329 2.44068765640259 2.25748777389526 1.91241359710693 1.72064137458801 1.57776069641113 1.45734977722168 1.4268856048584 1.4325464963913
5.01684093475342 4.96452951431274 4.88792133331299 4.69741153717041 4.44125938415527 4.26120090484619 4.1724328994751 4.06054830551147 3.9793848991394 3.90792441368103 3.94779109954834 3.98731637001038 3.97067260742188 3.95635676383972 3.88826417922974 3.87482213973999 3.83441948890686 3.76950287818909 3.71820998191833 3.65377831459045 3.60002303123474 3.53845310211182 3.46482968330383 3.38955855369568 3.32835793495178 3.28891062736511 3.22583603858948 3.14524412155151 2.96822881698608 2.77486085891724 2.72859001159668 2.76281523704529 2.79231476783752 2.74713349342346 2.69168472290039 2.5788733959198 2.48834729194641 2.33692359924316 2.16455936431885 1.87912559509277 1.64030313491821 1.44557857513428 1.3557288646698 1.33567094802856 1.30584168434143
5.131995677948 5.06196069717407 4.99612331390381 4.77368068695068 4.64603996276855 4.51737928390503 4.38833379745483 4.27868700027466 4.10983037948608 3.94269442558289 3.87760448455811 3.87713718414307 3.85482859611511 3.81658148765564 3.75957226753235 3.76347088813782 3.73497581481934 3.6706964969635 3.5978147983551 3.58428549766541 3.54769420623779 3.48975348472595 3.42755889892578 3.35882425308228 3.28771638870239 3.23911714553833 3.18300294876099 3.08704257011414 2.93583083152771 2.73700308799744 2.64700388908386 2.63576245307922 2.60278129577637 2.54775619506836 2.43570613861084 2.34456038475037 2.20360517501831 2.03735971450806 1.85830068588257 1.65032982826233 1.47119474411011 1.33168542385101 1.27799141407013 1.25182735919952 1.22563254833221
5.06896257400513 4.97490549087524 4.88559055328369 4.85959720611572 4.75675010681152 4.6371865272522 4.50441741943359 4.38753414154053 4.19971084594727 4.14917373657227 4.12368297576904 4.08395051956177 4.03959941864014 3.90064215660095 3.73548436164856 3.64815974235535 3.5926616191864 3.52055168151855 3.46176624298096 3.45699167251587 3.42365574836731 3.36925363540649 3.31590890884399 3.26093530654907 3.2554497718811 3.20300078392029 3.1436493396759 2.96417427062988 2.84342479705811 2.76200747489929 2.63393592834473 2.50730228424072 2.34019780158997 2.23874497413635 2.12532186508179 2.03171038627625 1.89948296546936 1.69504261016846 1.56409096717834 1.41796100139618 1.28553903102875 1.21715545654297 1.1913857460022 1.16664612293243 1.14006102085114
4.91205549240112 4.77453374862671 4.66733932495117 4.75477647781372 4.65611886978149 4.54798030853271 4.43519496917725 4.31699705123901 4.30126810073853 4.26390218734741 4.21979856491089 4.15726089477539 4.09506464004517 3.94019150733948 3.88073372840881 3.81209707260132 3.74372220039368 3.59185004234314 3.42466163635254 3.34369492530823 3.29021954536438 3.23800849914551 3.18364024162292 3.15482807159424 3.14260172843933 3.10475754737854 3.04766273498535 2.9234025478363 2.72245717048645 2.68221664428711 2.53423357009888 2.44220781326294 2.12984776496887 1.98529171943665 1.90783631801605 1.77173316478729 1.56425130367279 1.42464542388916 1.32480847835541 1.23834562301636 1.18727171421051 1.15679240226746 1.13479328155518 1.10788059234619 1.07714307308197
4.60240793228149 4.45950031280518 4.4257698059082 4.50063467025757 4.43040609359741 4.32697439193726 4.22701072692871 4.15257358551025 4.24731302261353 4.1907844543457 4.10152673721313 4.03224229812622 3.97392296791077 3.96991658210754 3.89908242225647 3.83912634849548 3.77381372451782 3.6305615901947 3.56583070755005 3.50353646278381 3.44142389297485 3.37823581695557 3.23962616920471 3.09036684036255 3.03303050994873 2.98502564430237 2.9194860458374 2.82975459098816 2.59115099906921 2.4664933681488 2.3031644821167 2.17026090621948 1.94905710220337 1.77342426776886 1.63646137714386 1.48292064666748 1.29530549049377 1.2277272939682 1.19742572307587 1.17928862571716 1.15176391601562 1.12100374698639 1.09737658500671 1.07924354076385 1.03902924060822
4.19748020172119 4.12298440933228 4.18674850463867 4.21980714797974 4.11788177490234 4.02497053146362 3.95240497589111 3.96951103210449 4.01735401153564 3.93521237373352 3.84511423110962 3.76882028579712 3.75497078895569 3.83175134658813 3.77952980995178 3.7224657535553 3.67063665390015 3.66026568412781 3.59427547454834 3.5337495803833 3.47213172912598 3.40381455421448 3.27394270896912 3.22345852851868 3.10321378707886 2.95572972297668 2.86063599586487 2.73326706886292 2.47421360015869 2.22094082832336 1.98074448108673 1.80184996128082 1.66089653968811 1.50458788871765 1.35354125499725 1.25380671024323 1.2120875120163 1.19342565536499 1.16692388057709 1.14169216156006 1.1161812543869 1.07985007762909 1.05965518951416 1.32692313194275 1.01225411891937
4.22748947143555 4.13365936279297 4.01424551010132 3.90121674537659 3.74119544029236 3.66564583778381 3.64768314361572 3.69152641296387 3.71594285964966 3.63824987411499 3.56641602516174 3.4962694644928 3.5314359664917 3.5919828414917 3.5444712638855 3.49950838088989 3.49565243721008 3.54899191856384 3.49270057678223 3.43181324005127 3.37366247177124 3.3171067237854 3.29675769805908 3.25364589691162 3.1006555557251 2.89967203140259 2.708251953125 2.47618889808655 2.09854388237 1.96706533432007 1.70673894882202 1.5147590637207 1.37121725082397 1.24932181835175 1.22149956226349 1.19840252399445 1.16210246086121 1.1308012008667 1.12485027313232 1.09087455272675 1.03724551200867 0.991221725940704 0.991125524044037 1.62325179576874 3.19268727302551
4.22357988357544 4.14285182952881 4.07719564437866 3.97930431365967 3.8654944896698 3.76360774040222 3.5878632068634 3.44860863685608 3.35366415977478 3.27968740463257 3.22425079345703 3.23403811454773 3.28714060783386 3.32602477073669 3.27869892120361 3.23967719078064 3.28944683074951 3.33140540122986 3.28539180755615 3.2291157245636 3.17572116851807 3.16975736618042 3.20637154579163 3.16028380393982 3.04931926727295 2.82225584983826 2.44141793251038 2.15751171112061 1.87842261791229 1.74310731887817 1.48357784748077 1.27813649177551 1.20159363746643 1.18367302417755 1.17419278621674 1.13569319248199 1.11251258850098 1.08248174190521 1.06881368160248 1.01718664169312 0.939617931842804 0.877299726009369 0.852090835571289 2.15564179420471 3.42381310462952
4.13627672195435 4.12611389160156 4.06611347198486 3.97496151924133 3.88628268241882 3.80780649185181 3.66496682167053 3.42931079864502 3.33052730560303 3.26764225959778 3.2119402885437 3.14935898780823 3.05833721160889 3.01399064064026 2.97087645530701 2.99376273155212 3.0465202331543 3.07911252975464 3.0392587184906 2.99151420593262 2.957035779953 2.99466609954834 3.01354718208313 2.96437525749207 2.91685199737549 2.64045238494873 2.19856429100037 1.91134893894196 1.69162952899933 1.52445900440216 1.29144358634949 1.14933836460114 1.10677301883698 1.10000932216644 1.09831261634827 1.07370233535767 1.04489612579346 1.03528499603271 0.994150817394257 0.952487707138062 0.887467801570892 0.823450863361359 0.781165599822998 1.10896122455597 2.23880672454834
3.89874172210693 3.98208045959473 3.97686839103699 3.91184830665588 3.80626749992371 3.60898280143738 3.46302604675293 3.30882406234741 3.2505145072937 3.18131518363953 3.13309192657471 3.09965658187866 3.06276822090149 3.02655673027039 2.97735691070557 2.93557620048523 2.87973785400391 2.80662178993225 2.74465799331665 2.7236156463623 2.74919772148132 2.78644561767578 2.77129125595093 2.74678111076355 2.60945296287537 2.19371676445007 1.94526374340057 1.66187453269958 1.44035828113556 1.27335953712463 1.12024199962616 1.02817177772522 1.00209724903107 1.00089263916016 0.991742312908173 0.976066708564758 0.949957966804504 0.962028026580811 0.9449542760849 0.901440441608429 0.860884130001068 0.794006824493408 0.757237553596497 0.723027050495148 0.716910302639008
3.69319367408752 3.64548373222351 3.66083741188049 3.59357833862305 3.47027444839478 3.31568479537964 3.15928769111633 3.02335381507874 2.96758842468262 3.00288033485413 2.98027014732361 3.00487327575684 2.97638607025146 2.93298768997192 2.88572311401367 2.84069418907166 2.82948470115662 2.79716944694519 2.72752380371094 2.66033315658569 2.59871959686279 2.56298899650574 2.5084228515625 2.39636516571045 2.09654974937439 1.88642311096191 1.67260360717773 1.39850211143494 1.44967138767242 1.31032776832581 0.964122712612152 0.906403422355652 1.06286036968231 0.890016436576843 0.883474171161652 0.869124233722687 0.871609508991241 0.871665477752686 0.871637463569641 0.833479344844818 0.801470458507538 0.760264992713928 0.734583616256714 0.712204098701477 0.692384541034698
3.44315195083618 3.34463763237 3.31366968154907 3.24206805229187 3.15461945533752 2.99428129196167 2.80604934692383 2.61006021499634 2.44388580322266 2.60133385658264 2.75592374801636 2.72836923599243 2.70629096031189 2.74473595619202 2.71696543693542 2.7121958732605 2.72966146469116 2.70080423355103 2.64461231231689 2.60828447341919 2.5133068561554 2.44128322601318 2.29396438598633 1.92576694488525 1.76047134399414 1.54981088638306 1.58787190914154 1.50311636924744 1.89208030700684 1.73075556755066 1.10474181175232 0.823922157287598 0.798756718635559 0.981088101863861 0.793342709541321 0.791611552238464 1.01442301273346 0.869129538536072 0.785381555557251 0.766572535037994 0.758030414581299 0.732050955295563 0.704808115959167 0.681460022926331 0.663865745067596
3.29857802391052 3.23264312744141 3.02872848510742 2.90394020080566 2.80564785003662 2.68964743614197 2.4081916809082 2.22533679008484 2.07811188697815 2.20906043052673 2.28490781784058 2.24564075469971 2.21672582626343 2.1800742149353 2.35123300552368 2.5018196105957 2.47444367408752 2.43921089172363 2.47286677360535 2.44063305854797 2.41978120803833 2.29355072975159 1.94073104858398 1.62026369571686 1.43445956707001 1.25672459602356 1.04630088806152 0.977250635623932 1.67047762870789 1.99273705482483 1.89038145542145 1.55290710926056 0.863256931304932 0.736864149570465 0.720979392528534 0.709225416183472 0.920698523521423 1.12346315383911 0.76542741060257 0.719144403934479 0.719995021820068 0.695667207241058 0.667086780071259 0.638440549373627 0.628714680671692
3.17868804931641 3.10722708702087 2.80762648582458 2.53910279273987 2.39672207832336 2.25138926506042 2.04242968559265 1.91378200054169 1.8319628238678 1.78830695152283 1.84233808517456 1.8320220708847 1.79857218265533 1.80623161792755 1.97989296913147 2.06298303604126 2.04144787788391 1.96434855461121 1.93785727024078 1.91305446624756 1.85254907608032 1.71127116680145 1.55137073993683 1.34821355342865 1.14676570892334 0.948060929775238 0.798329174518585 1.00894689559937 1.17031311988831 1.68393528461456 2.07009410858154 2.13056921958923 1.88920104503632 0.793982207775116 0.668798208236694 0.629069864749908 1.71188712120056 1.11050426959991 0.851456999778748 1.07889211177826 0.671822190284729 0.649049878120422 0.618088126182556 0.588642060756683 0.564987540245056
3.08383083343506 2.81128835678101 2.4562668800354 2.12548851966858 1.93058466911316 1.82721066474915 1.77883470058441 1.73993444442749 1.70280492305756 1.60053622722626 1.63967621326447 1.60337257385254 1.56831622123718 1.54418921470642 1.59011602401733 1.65148890018463 1.65575313568115 1.62913799285889 1.5943683385849 1.56448817253113 1.49704706668854 1.36053955554962 1.19842958450317 1.03409945964813 0.846750557422638 0.662493646144867 0.621167719364166 1.05412077903748 1.46326839923859 1.80235660076141 1.80489492416382 2.05540084838867 1.89092040061951 1.21923005580902 0.799921572208405 1.8091527223587 1.24917340278625 0.58149254322052 0.652009010314941 1.2174209356308 0.853655815124512 0.585096895694733 0.5594881772995 0.53257954120636 0.493605047464371
2.79104685783386 2.43339228630066 2.08507680892944 1.86217963695526 1.81958341598511 1.77710711956024 1.72091019153595 1.67193412780762 1.61338889598846 1.51635575294495 1.48267614841461 1.46144688129425 1.40641975402832 1.37019217014313 1.41718530654907 1.46526253223419 1.43814492225647 1.34879207611084 1.26149499416351 1.14946508407593 1.06530928611755 0.952714562416077 0.804186344146729 0.671437442302704 0.634252786636353 0.390422493219376 0.450305104255676 0.721735239028931 1.34484946727753 1.97809708118439 2.26723098754883 2.15989112854004 1.69769287109375 1.24025738239288 1.00901913642883 0.890131771564484 1.64171922206879 1.26633620262146 0.812437534332275 0.780137002468109 0.533246040344238 0.500901222229004 0.480588495731354 0.460213512182236 0.447110652923584
2.65753412246704 2.54105234146118 2.31787490844727 1.9737241268158 1.92496740818024 1.88329839706421 1.82351315021515 1.6448187828064 1.59870731830597 1.48527598381042 1.44540286064148 1.42612946033478 1.36648881435394 1.32096374034882 1.27708148956299 1.289421916008 1.26869559288025 1.08211421966553 0.962761163711548 0.761166155338287 0.641906976699829 0.549157023429871 0.433368504047394 0.634416699409485 0.523901879787445 0.306959420442581 0.332804054021835 0.484645009040833 1.24229860305786 1.61033940315247 2.45970559120178 2.29615187644958 1.83660960197449 1.62776970863342 1.56899392604828 2.09676480293274 0.789425790309906 2.83869218826294 1.40341198444366 0.993378758430481 0.536686897277832 0.473439544439316 0.447327703237534 0.4083471596241 0.606020092964172
2.58516716957092 2.50540804862976 2.43460249900818 2.32383680343628 2.25752902030945 2.20413970947266 2.15899586677551 1.98225474357605 1.69482684135437 1.59318220615387 1.54419600963593 1.43201315402985 1.37454736232758 1.33613097667694 1.21698832511902 1.09169387817383 1.03881049156189 0.855827331542969 0.745964765548706 0.67548805475235 0.407598316669464 0.253908723592758 0.14143218100071 0.289160430431366 0.228605225682259 0.406047940254211 0.280103832483292 0.172502741217613 0.922487616539001 1.18187856674194 2.46173715591431 2.09419322013855 1.67152178287506 2.16017079353333 3.01909685134888 1.93017768859863 0.991158664226532 2.08331370353699 1.5900285243988 0.897106170654297 0.575528144836426 0.567679405212402 0.481351345777512 0.894067466259003 0.767810702323914
2.52102017402649 2.44487905502319 2.37118411064148 2.29861307144165 2.23553466796875 2.18096446990967 2.14094471931458 2.09405779838562 2.02307319641113 1.85798299312592 1.60643565654755 1.51993846893311 1.47453987598419 1.35931038856506 1.12933385372162 0.995479822158813 0.879653751850128 0.682886898517609 0.820959866046906 0.626918017864227 0.33171808719635 0.0865759328007698 -0.0214572697877884 -0.0737606585025787 0.0553928166627884 0.526893258094788 0.268731832504272 0.0322248302400112 0.329634964466095 0.980309665203094 2.45812392234802 1.8458958864212 1.24444234371185 2.32235765457153 2.62173986434937 2.19290828704834 0.855433821678162 0.559215903282166 0.456514120101929 3.50348925590515 2.08024406433105 0.273859679698944 2.96980857849121 2.2288293838501 1.32401502132416
