slauniainen/Data/DEM/Vihti_dem1500b_cl_horizonAngle_156.asc
NCOLS 196 
NROWS 178 
XLLCORNER 353680 
YLLCORNER 6699024 
CELLSIZE 16 
NODATA_value -3.4e+38 
[rows 140 to 159 of 178, columns 0 to 44 of 196]
1.6553236246109 1.7107560634613 1.69778847694397 1.76089203357697 1.6170779466629 1.91656589508057 2.04530596733093 2.15536379814148 2.4842631816864 2.61955451965332 2.56407809257507 2.53525257110596 2.64263987541199 2.94082093238831 3.04479575157166 2.91939377784729 2.71354126930237 2.65669894218445 2.6736798286438 2.80119490623474 2.97594475746155 3.15277004241943 3.28767204284668 2.93742728233337 2.66867637634277 2.73633885383606 2.98115658760071 3.15795397758484 3.37953233718872 3.57449054718018 3.85698938369751 4.28359127044678 4.59370183944702 5.39375829696655 5.63020849227905 5.17853498458862 5.45461893081665 5.69358825683594 5.8033390045166 5.90519237518311 6.1608419418335 6.32793855667114 6.4635329246521 6.64528512954712 6.82665300369263
1.66865313053131 1.76559686660767 1.7454559803009 1.8212034702301 1.81937181949615 1.87037575244904 2.10790371894836 2.21688318252563 2.44283699989319 2.64437294006348 2.76871395111084 2.6787281036377 2.74436831474304 2.94129681587219 3.19201445579529 3.14174318313599 2.94478178024292 2.79318284988403 2.80682063102722 2.88588571548462 3.03408265113831 3.37232303619385 3.51662182807922 3.29366970062256 2.98332548141479 2.79324507713318 2.89148807525635 3.0474317073822 3.27892446517944 3.57638382911682 4.01656341552734 4.25603532791138 5.1916446685791 5.7986421585083 5.77456283569336 5.14024066925049 5.3712043762207 5.55913305282593 5.82540464401245 5.97267436981201 6.24220752716064 6.45510196685791 6.63285350799561 6.86748600006104 7.02779960632324
1.67167246341705 1.7959440946579 1.86788201332092 1.85272336006165 1.94632482528687 1.96078085899353 2.17006921768188 2.346116065979 2.43749308586121 2.74349331855774 2.88622975349426 2.81482672691345 2.78989839553833 3.01384377479553 3.34892320632935 3.28848171234131 3.08245062828064 2.92643928527832 2.94961810112 3.04210042953491 3.19926047325134 3.55578637123108 3.87685441970825 3.6007604598999 3.18243312835693 3.0640754699707 2.85661482810974 3.08711719512939 3.28642797470093 3.54822564125061 3.77532196044922 4.0899224281311 4.43275117874146 5.01719808578491 4.69553089141846 4.89417791366577 5.31463003158569 5.58051824569702 5.86380100250244 6.08225345611572 6.35983753204346 6.59882831573486 6.73475933074951 6.96876525878906 7.20087480545044
1.72103369235992 1.83597636222839 1.9530748128891 1.93873751163483 2.04804515838623 1.95930457115173 2.1811671257019 2.48879885673523 2.6241991519928 2.71148681640625 2.91687250137329 3.0708692073822 2.97650170326233 3.06687951087952 3.44429135322571 3.60171818733215 3.44488978385925 3.20806384086609 3.14120507240295 3.17348957061768 3.31786346435547 3.81917810440063 4.14547157287598 3.85321307182312 3.39088416099548 3.37803316116333 3.14067959785461 2.9858238697052 3.18208384513855 3.41664791107178 3.7392110824585 4.23742246627808 4.31062746047974 4.2862720489502 4.57454633712769 4.92344522476196 5.39845848083496 5.69218349456787 5.93750333786011 6.1348180770874 6.285400390625 6.6301007270813 6.90601539611816 7.14187669754028 7.43728113174438
1.82286894321442 1.86310541629791 2.00429606437683 2.10626983642578 2.1656768321991 2.2204532623291 2.3504958152771 2.57026743888855 2.78232645988464 2.80029273033142 3.05906367301941 3.21406865119934 3.11754202842712 3.21547913551331 3.4179093837738 3.79712557792664 3.70137095451355 3.46893191337585 3.30589556694031 3.36094403266907 3.47482585906982 3.96807599067688 4.29421472549438 4.16849327087402 3.82573127746582 3.64894604682922 3.51756572723389 3.26385354995728 3.19242119789124 3.41330194473267 3.6638925075531 3.89370274543762 4.12034511566162 4.43724918365479 4.68751859664917 5.00262784957886 5.34658241271973 5.52481317520142 5.72060346603394 6.07094860076904 6.39517545700073 6.79087829589844 7.08840322494507 7.28461933135986 7.5706992149353
1.92301225662231 1.91919124126434 2.08921384811401 2.22985529899597 2.24074602127075 2.43772411346436 2.28037309646606 2.57722330093384 2.89587306976318 3.06363010406494 3.1990270614624 3.36896562576294 3.33760905265808 3.25774073600769 3.45796346664429 3.8954803943634 4.11293172836304 3.9272027015686 3.64910101890564 3.56363296508789 3.66664814949036 4.13131141662598 4.28767395019531 4.30014371871948 4.16299247741699 3.84193634986877 3.84024572372437 3.54820823669434 3.00796937942505 3.27289462089539 3.60323572158813 3.84741139411926 4.30463743209839 4.619713306427 4.81153154373169 4.82293033599854 5.1588454246521 5.48899936676025 5.78101491928101 6.14392805099487 6.45506620407104 6.6897873878479 7.15060138702393 7.47854375839233 7.76221323013306
2.04912328720093 2.05139803886414 2.21714043617249 2.36991190910339 2.39766836166382 2.59998369216919 2.65099048614502 2.7474102973938 2.97501397132874 3.29774570465088 3.27759265899658 3.47215390205383 3.62714505195618 3.51201963424683 3.63806772232056 3.93278813362122 4.36106443405151 4.23315477371216 3.942223072052 3.81516242027283 3.90757703781128 4.24699592590332 4.44232797622681 4.6367130279541 4.6602578163147 4.28266477584839 4.62768793106079 4.08454322814941 2.98193287849426 3.42071008682251 3.696120262146 3.9808464050293 4.48343801498413 4.65020084381104 4.57708024978638 4.80090284347534 5.15468645095825 5.48696565628052 5.66781711578369 5.96661710739136 6.43776750564575 6.84844636917114 7.39275169372559 7.74048662185669 7.99473571777344
2.25429773330688 2.23001527786255 2.26443719863892 2.45642113685608 2.63617038726807 2.672438621521 2.82381510734558 2.6396496295929 3.04533982276917 3.42614030838013 3.70030331611633 3.6344587802887 3.82357406616211 3.81281757354736 3.68002128601074 3.94414401054382 4.54218339920044 4.78904581069946 4.56433296203613 4.20382881164551 4.42452001571655 4.43189239501953 4.36996173858643 4.56429100036621 5.09083557128906 4.91319990158081 4.29222631454468 3.84774422645569 3.08823847770691 3.38670897483826 3.68140530586243 3.92598438262939 4.10398292541504 4.4099817276001 4.7648663520813 4.90270471572876 4.90967130661011 5.29187631607056 5.74694681167603 6.09682512283325 6.52666091918945 6.94579219818115 7.31448602676392 7.93931865692139 8.33417415618896
2.4235999584198 2.44312715530396 2.44420671463013 2.62879514694214 2.78537273406982 2.76239275932312 3.03468751907349 3.10561466217041 3.24775719642639 3.51966905593872 4.04423904418945 3.95766687393188 4.00407361984253 4.14031982421875 3.99977159500122 4.1756477355957 4.61967182159424 5.1247501373291 5.03402709960938 4.58530521392822 4.56286764144897 4.08375930786133 4.06177091598511 4.79018115997314 5.10676956176758 5.39694976806641 4.26513147354126 3.10112142562866 2.8489031791687 3.12254357337952 3.51040315628052 3.7676854133606 4.08483457565308 4.64876699447632 4.72354555130005 4.63538646697998 4.84778261184692 5.25976419448853 5.76602697372437 5.97387886047363 6.41120481491089 6.96588468551636 7.40627193450928 8.12820434570312 8.69293594360352
2.60491156578064 2.64642715454102 2.63995313644409 2.642254114151 2.85860419273376 3.02265858650208 3.16747188568115 3.39799642562866 3.42001819610596 3.71843910217285 4.43850231170654 4.44269371032715 4.18431234359741 4.39840650558472 4.43513250350952 4.25788450241089 4.6316294670105 5.48653173446655 5.65712118148804 5.22918176651001 4.42403936386108 3.986971616745 4.06804084777832 4.405433177948 4.84963369369507 4.32391166687012 4.09494256973267 3.38108944892883 2.76370692253113 2.95484352111816 3.4481565952301 3.74177932739258 4.02179718017578 4.24126005172729 4.52489614486694 4.82095956802368 4.98909378051758 5.1080436706543 5.69169902801514 6.19936943054199 6.65193462371826 7.20477724075317 7.55682754516602 7.95772409439087 8.96828937530518
2.77631092071533 2.82368421554565 2.89916920661926 2.89688324928284 3.04022693634033 3.21136236190796 3.21941232681274 3.69534540176392 3.71809935569763 4.06141996383667 4.56398487091064 5.1537618637085 4.86883115768433 4.70031356811523 4.8022027015686 4.63674545288086 4.95795726776123 6.00621938705444 6.1048002243042 5.44690990447998 4.57988977432251 4.14779901504517 4.15690279006958 4.19102334976196 3.92853665351868 4.02169036865234 3.24562811851501 3.62371230125427 3.02915406227112 2.97363829612732 3.18795204162598 3.59231853485107 3.89719772338867 4.23814058303833 4.78961992263794 4.88067102432251 4.7438383102417 5.22272634506226 5.77580690383911 6.14079332351685 6.49781131744385 7.16166305541992 7.72595691680908 8.30888938903809 9.28049087524414
3.1009669303894 3.05307650566101 3.12104511260986 3.11538648605347 3.12471747398376 3.33955383300781 3.51322913169861 4.0126051902771 4.01763916015625 4.47583532333374 4.83205795288086 5.80531978607178 6.10940742492676 5.36062526702881 5.22040843963623 5.26537179946899 5.03091955184937 6.03334283828735 6.64657163619995 6.03522634506226 4.94162321090698 4.41077327728271 4.31353950500488 4.23458957672119 3.99420619010925 3.8282036781311 3.00146579742432 3.21391701698303 3.22883129119873 3.04097485542297 3.15347290039062 3.53544878959656 3.8534209728241 4.13108730316162 4.36288642883301 4.7502064704895 5.24558877944946 5.43656778335571 5.62405586242676 6.08655548095703 6.91651153564453 7.63652229309082 8.24563789367676 8.90048694610596 9.76497173309326
3.3073399066925 3.28247952461243 3.35945916175842 3.49462652206421 3.48220634460449 3.57422733306885 3.74860787391663 4.16723346710205 4.66641807556152 4.94954395294189 5.51316595077515 6.17409515380859 7.18636751174927 6.57210540771484 6.04136991500854 5.65164470672607 5.41912031173706 6.098304271698 7.07269144058228 6.62142705917358 5.72328424453735 4.8135552406311 4.4570164680481 4.61789226531982 4.04723405838013 3.21112966537476 2.84920835494995 3.17200088500977 3.22902846336365 3.04092812538147 3.14129972457886 3.2970666885376 3.65406203269958 3.97938704490662 4.459388256073 5.1648964881897 5.30934429168701 5.36744928359985 5.8686089515686 6.7393627166748 7.68356323242188 8.28318786621094 8.86825180053711 9.40312004089355 10.3540849685669
3.34574937820435 3.62685203552246 3.68166136741638 3.81936454772949 3.79555678367615 3.78725600242615 3.97101926803589 4.19989681243896 5.23923301696777 5.68791961669922 6.64077138900757 7.35013866424561 8.20974063873291 9.51146411895752 8.05244541168213 6.70960187911987 5.55472040176392 5.78148221969604 6.84039354324341 7.66229915618896 6.94253349304199 5.3546986579895 4.70087957382202 4.39007377624512 3.8047149181366 3.14427924156189 2.85452103614807 3.09587383270264 3.25307273864746 3.24400591850281 3.11422967910767 3.24354839324951 3.62192177772522 3.98987603187561 4.4240345954895 4.73881864547729 5.16808938980103 5.89710378646851 6.49135637283325 7.02609395980835 7.92746448516846 8.5561580657959 9.24442863464355 10.3316068649292 11.3302612304688
3.50399994850159 3.90956330299377 4.04734182357788 4.20204782485962 4.1854681968689 4.15980577468872 4.32931804656982 4.56845235824585 5.45208406448364 6.28735113143921 8.90814018249512 9.55383014678955 10.1899852752686 13.1087455749512 13.1444387435913 11.2627859115601 7.62970447540283 6.52767610549927 7.25474309921265 8.65077209472656 7.66499757766724 6.45147562026978 4.99420976638794 4.44448328018188 3.85410571098328 3.31740617752075 3.07657933235168 3.32733058929443 3.22027659416199 3.26091456413269 3.05132007598877 3.31346082687378 3.7556529045105 3.88842535018921 4.53526592254639 4.99450874328613 5.77298164367676 6.31279325485229 6.71578741073608 7.09885835647583 8.68581485748291 9.7300500869751 10.5482244491577 11.5393924713135 12.1418933868408
3.56479811668396 4.00040578842163 4.43542385101318 4.74419498443604 4.9175443649292 4.8781533241272 4.84420585632324 4.9814600944519 5.92480945587158 7.90164852142334 9.83048057556152 14.0206346511841 10.6115264892578 8.58376979827881 12.1112852096558 8.63194465637207 6.40132761001587 5.9425163269043 6.18040561676025 8.45784091949463 9.30808925628662 8.18129730224609 5.91912221908569 4.8026294708252 4.08028221130371 3.56671452522278 3.46773600578308 3.24133491516113 3.10640454292297 3.26780867576599 3.27939558029175 3.39033675193787 3.4677848815918 4.09980344772339 4.58087205886841 5.31901979446411 6.2974967956543 6.39329862594604 6.8401403427124 8.10650444030762 9.07587814331055 10.1424436569214 11.6620674133301 12.7781991958618 13.4863014221191
3.80513906478882 4.37895822525024 4.78277206420898 5.38776206970215 5.58203220367432 5.52106285095215 5.61311864852905 5.70379447937012 6.00630664825439 6.70453882217407 6.94783592224121 4.01394271850586 4.87904977798462 5.55037593841553 5.84983539581299 7.49535942077637 5.81002044677734 6.20742988586426 5.81638050079346 8.17763137817383 10.3925676345825 8.80615615844727 7.76584243774414 5.11485958099365 4.15224599838257 3.34446334838867 2.92679286003113 2.89687275886536 3.06259393692017 3.21710801124573 3.30841302871704 3.37002754211426 3.29790377616882 3.91994047164917 4.48836374282837 4.96555042266846 5.44096803665161 6.52844285964966 7.76888275146484 8.51011848449707 9.40552520751953 11.8807172775269 13.1202516555786 14.5401735305786 15.7794027328491
4.06447124481201 4.72021532058716 5.31080198287964 5.89563512802124 6.65732002258301 6.85863924026489 6.72101259231567 6.69441223144531 6.46949434280396 7.8090558052063 6.61629247665405 4.11189842224121 3.83236360549927 4.19124841690063 2.15782976150513 5.0625433921814 5.54201221466064 6.25728273391724 6.12073516845703 6.34471654891968 7.23488235473633 10.5292329788208 9.97449493408203 6.93076753616333 3.92121171951294 3.46320366859436 2.56187415122986 2.77586317062378 3.0301353931427 3.16340756416321 3.34963226318359 3.46443700790405 3.4944441318512 3.45939254760742 4.46931219100952 5.00110816955566 5.45578479766846 7.10742998123169 7.77684497833252 9.59946155548096 10.9391069412231 11.9093799591064 15.474609375 18.489013671875 19.1736812591553
4.37308263778687 5.04650640487671 5.81561088562012 6.96038341522217 7.94758462905884 8.1434154510498 8.87620067596436 8.61661338806152 8.63339900970459 9.24796295166016 7.1233344078064 6.86738252639771 3.05549621582031 2.49811482429504 2.04243922233582 2.21450877189636 5.13039350509644 7.19666004180908 7.46156454086304 6.26471662521362 5.05738306045532 4.15264892578125 7.37286233901978 8.60884284973145 5.44369554519653 3.3875367641449 2.67130327224731 2.66735076904297 2.90436935424805 3.11644196510315 3.38877201080322 3.37627601623535 2.94764685630798 3.12190628051758 4.31727838516235 5.10538959503174 5.69917392730713 6.21265983581543 8.10538482666016 9.86142063140869 10.7573223114014 14.1912479400635 18.6876487731934 22.8394470214844 22.9910583496094
4.66258144378662 5.39621877670288 6.71600580215454 7.80540418624878 9.42299652099609 10.613865852356 11.5691995620728 10.8816061019897 11.1388425827026 10.7567310333252 4.20961093902588 2.84747838973999 6.40410709381104 1.97296929359436 2.11919856071472 2.26529455184937 4.24416780471802 8.21640205383301 9.6397647857666 7.79272985458374 6.16752529144287 2.66392803192139 1.84943032264709 4.5702657699585 4.68043947219849 2.67659187316895 2.4516236782074 2.55092453956604 2.78504204750061 3.0649197101593 3.33776021003723 3.40925455093384 3.10130405426025 2.85640215873718 3.54447984695435 5.06610298156738 5.99498319625854 6.74115800857544 8.51708698272705 8.91999912261963 12.7712669372559 15.1545581817627 17.0206184387207 11.515362739563 9.23299503326416
