slauniainen/Data/DEM/Vihti_dsm1500b_cl_horizonAngle_180.asc
NCOLS 196 
NROWS 178 
XLLCORNER 353680 
YLLCORNER 6699024 
CELLSIZE 16 
NODATA_value -3.4e+38 
[rows 140 to 159 of 178, columns 46 to 91 of 196]
5.52704524993896 10.5137205123901 18.8713417053223 5.87854194641113 7.4586763381958 5.00261735916138 5.42605876922607 24.4239826202393 5.93636989593506 32.1897735595703 7.32671451568604 24.5537948608398 12.0653228759766 8.23043060302734 7.71697902679443 23.9980278015137 23.0325660705566 33.6368179321289 20.5103282928467 10.1609973907471 11.9666728973389 11.214916229248 19.0397548675537 12.7439870834351 10.2104015350342 8.32779788970947 10.6562547683716 19.2554607391357 13.0002603530884 10.0604333877563 17.4120559692383 21.4909648895264 19.0238990783691 19.2058219909668 16.7794132232666 12.7666997909546 8.68196487426758 7.71810483932495 7.73704147338867 6.57993078231812 16.0094528198242 29.5047054290771 23.8057231903076 22.6391487121582 14.1163177490234 4.9035005569458
5.63326644897461 22.8044662475586 25.8805999755859 10.5196447372437 6.61034393310547 6.9760365486145 7.11055850982666 7.27158641815186 8.94942092895508 7.38036680221558 13.4842166900635 7.23510551452637 14.3046092987061 10.0949535369873 7.96248197555542 8.13466835021973 8.15667247772217 9.30180931091309 21.2418479919434 15.9099025726318 15.5294370651245 11.94349193573 11.5774993896484 13.5854654312134 12.9102191925049 11.6967554092407 12.4784202575684 35.7204055786133 15.0588264465332 15.7816362380981 29.41286277771 26.2862949371338 22.3853702545166 21.2887725830078 25.1878681182861 14.3081674575806 13.3132991790771 12.8023824691772 18.6316032409668 7.6849250793457 30.2092685699463 13.1936874389648 17.3664169311523 14.7925233840942 22.1797161102295 6.84997415542603
8.67291259765625 11.9823112487793 7.44028472900391 18.0077018737793 35.1259536743164 5.88509130477905 11.5574789047241 9.19833087921143 20.4750938415527 7.58510065078735 7.57927274703979 8.43202209472656 8.36617851257324 15.9627151489258 12.7104749679565 8.33646869659424 9.28974723815918 8.27049446105957 26.2562522888184 27.1248779296875 16.0561580657959 12.373101234436 12.849946975708 15.4557828903198 14.4518461227417 15.4350633621216 14.34521484375 12.357479095459 17.798282623291 20.0511360168457 47.5870704650879 35.2768211364746 28.2558422088623 24.9891948699951 17.8639793395996 15.8286066055298 14.3107442855835 13.8387222290039 7.78928470611572 7.75318622589111 8.03406810760498 21.6835842132568 7.01074075698853 6.57470989227295 6.14480781555176 11.5871200561523
9.08907604217529 14.1251964569092 10.6203098297119 21.1243534088135 8.03839683532715 12.4518127441406 8.84254455566406 10.7055282592773 7.69822645187378 8.52583408355713 7.67261791229248 8.8272123336792 9.12499713897705 8.52707576751709 9.10166072845459 9.21073246002197 12.3218088150024 13.1224966049194 9.48828315734863 17.2288188934326 12.8816680908203 18.4383316040039 19.4932041168213 17.0292949676514 16.2358512878418 13.5279502868652 14.2325973510742 18.9223728179932 22.0680923461914 16.8204669952393 24.9528369903564 52.1672134399414 36.907657623291 32.6758575439453 25.4361705780029 19.3239192962646 15.7817401885986 15.196496963501 13.4139451980591 12.2433500289917 7.58275413513184 7.27827167510986 12.5604839324951 6.75515222549438 6.3654351234436 6.11112880706787
14.7485570907593 28.6462593078613 10.6943893432617 32.1394500732422 8.76478385925293 8.24829006195068 10.4333381652832 11.2101593017578 8.44381523132324 10.4342355728149 8.56058692932129 12.3923063278198 10.8453826904297 9.36130905151367 9.80862426757812 9.87168216705322 14.1318273544312 16.4630661010742 16.734432220459 11.2961940765381 24.3908309936523 33.9655952453613 23.0664768218994 19.2877922058105 20.1085968017578 19.6704845428467 22.6712856292725 27.5497379302979 22.931324005127 26.215389251709 9.10912322998047 20.3760032653809 54.1590843200684 49.7436103820801 25.6351013183594 18.8884124755859 17.5944347381592 16.8237380981445 14.8566179275513 13.7402372360229 8.63218402862549 8.43548488616943 7.52408409118652 7.62396430969238 7.41105270385742 7.48555278778076
23.7043647766113 30.793966293335 10.0478658676147 7.22798109054565 9.6219367980957 8.42292404174805 23.4933834075928 23.081823348999 9.68115234375 13.5287017822266 11.6969060897827 21.2803325653076 29.287956237793 10.0723009109497 10.6522178649902 10.0923700332642 9.78457927703857 10.1969633102417 22.305513381958 24.7369518280029 35.9979934692383 19.9513378143311 21.6735248565674 21.6984329223633 24.6001052856445 22.8696479797363 31.6137790679932 37.4661445617676 32.6599006652832 37.9871788024902 10.5179243087769 20.6567935943604 16.822208404541 27.638599395752 54.4580574035645 16.1087779998779 21.9184684753418 21.4396324157715 18.6783218383789 16.1307029724121 35.8027877807617 8.86029052734375 9.68742370605469 8.39467525482178 7.75109052658081 9.99940586090088
16.7551250457764 6.9635534286499 22.5888977050781 8.08110427856445 18.4159889221191 37.2392845153809 11.2113914489746 11.6481161117554 11.2336626052856 11.5215063095093 12.0933132171631 10.6788845062256 10.6009092330933 10.1060705184937 11.0076389312744 10.645318031311 15.6336536407471 21.432056427002 11.7582387924194 22.74880027771 19.3093490600586 22.6001930236816 24.9165019989014 33.6077728271484 38.6879692077637 26.3124504089355 20.0325489044189 32.6968650817871 18.4849605560303 19.5406951904297 41.7953567504883 7.09724283218384 21.1559143066406 15.8290987014771 15.0466690063477 41.0256309509277 30.7430324554443 30.6394939422607 24.7030506134033 18.9951953887939 10.316011428833 10.1994295120239 8.0722713470459 8.69504833221436 8.40034961700439 12.0477647781372
17.4276256561279 13.4677953720093 7.71582078933716 8.15472602844238 10.885534286499 9.12441444396973 9.21908092498779 11.9854955673218 12.6319007873535 14.2544374465942 30.4410495758057 19.6468601226807 20.3795032501221 16.0241165161133 11.0367622375488 14.0819129943848 13.3698720932007 12.1302967071533 16.2985057830811 18.0062770843506 16.0096321105957 11.4016313552856 32.7012023925781 21.3030109405518 16.0171432495117 14.623724937439 9.91714763641357 7.52817869186401 9.59366989135742 17.3383769989014 12.7906122207642 51.4279708862305 19.3165740966797 20.8144073486328 9.20099067687988 31.9502296447754 47.5781097412109 49.2948455810547 34.4922904968262 22.3886699676514 10.4449548721313 10.305700302124 9.90253734588623 9.31030941009521 13.7602815628052 22.2736396789551
5.98751068115234 7.12230443954468 8.58358955383301 8.31726169586182 22.683464050293 9.337327003479 14.1312637329102 16.6004943847656 19.3745803833008 32.7338333129883 14.1044263839722 14.4377994537354 17.4809875488281 18.5970211029053 14.8719005584717 15.7328729629517 16.2887344360352 13.6311416625977 12.6900062561035 10.9211101531982 12.8870220184326 13.2187643051147 13.8948984146118 24.0231418609619 14.3474321365356 10.3847122192383 8.32999038696289 8.56068801879883 8.48349094390869 7.63230752944946 15.2012128829956 11.104697227478 54.4225921630859 34.0221633911133 9.92005634307861 14.8348140716553 17.938304901123 17.1378440856934 53.1486968994141 31.2330169677734 12.4872713088989 11.0134935379028 10.4161424636841 10.47265625 33.6771049499512 30.8573684692383
6.85393476486206 7.42567348480225 10.5984830856323 9.36839962005615 11.3690824508667 11.4622945785522 16.0490837097168 21.1050987243652 21.4116706848145 18.3522109985352 26.0261783599854 21.9150409698486 29.6547260284424 19.9451732635498 16.1117572784424 21.8419589996338 15.002007484436 16.2647438049316 20.6324863433838 12.025333404541 9.91015529632568 14.2889804840088 22.4269104003906 14.7659168243408 15.0201263427734 23.898401260376 9.46035480499268 14.2714862823486 10.9681034088135 7.64686489105225 16.2139358520508 5.44191265106201 26.3439884185791 6.76953983306885 29.5534934997559 15.9462985992432 23.6288909912109 24.1972141265869 14.7499351501465 49.2313766479492 12.7731342315674 13.2057962417603 12.2602252960205 14.2856550216675 11.022123336792 19.2760696411133
10.7650346755981 10.9688377380371 11.7424297332764 11.4451732635498 17.3341159820557 20.1854190826416 18.6979560852051 29.9982986450195 32.4868202209473 28.3489780426025 42.2671241760254 33.787712097168 29.7965755462646 28.1592674255371 21.7936630249023 20.0423736572266 21.7297477722168 16.2951736450195 23.4224720001221 12.8544406890869 17.7668743133545 13.3066310882568 12.7870836257935 21.0537261962891 21.1778926849365 11.1052103042603 15.3534393310547 14.1366920471191 15.0098218917847 11.9635972976685 20.0050773620605 6.29388046264648 4.70433330535889 20.2393646240234 19.5179271697998 48.8693580627441 34.7814140319824 33.9823455810547 21.9269676208496 22.8715724945068 52.9614105224609 37.4914970397949 23.2045021057129 13.3741884231567 26.767463684082 13.8962087631226
9.17007255554199 14.483359336853 11.8397073745728 20.1903629302979 23.0004100799561 22.5435638427734 28.6989040374756 35.0471839904785 32.4843788146973 30.1637878417969 16.7798557281494 25.0878868103027 19.0388565063477 20.8748378753662 28.5718173980713 20.3476963043213 22.2891826629639 16.1692733764648 9.83795547485352 13.3198080062866 11.2970037460327 12.7530241012573 14.7263526916504 30.6528968811035 33.4980278015137 19.4727554321289 9.49086952209473 16.7269992828369 19.9495658874512 27.7803249359131 44.2137451171875 13.2599325180054 5.7302827835083 14.9601821899414 22.4309272766113 16.1301555633545 21.4180717468262 55.4181938171387 27.657018661499 31.084056854248 20.6612777709961 53.3184661865234 35.4609909057617 13.449686050415 16.8874359130859 6.93103456497192
11.7188348770142 16.3360958099365 20.8013210296631 23.7740097045898 28.4725131988525 31.2607116699219 26.4988670349121 23.6024284362793 14.0335006713867 19.2887535095215 22.4197387695312 14.4355163574219 22.881067276001 20.2009315490723 17.8525257110596 8.61322212219238 11.2652740478516 12.3778810501099 14.8075294494629 16.3584003448486 11.5696363449097 10.4447288513184 7.91324758529663 9.82637882232666 8.40159225463867 11.7083473205566 11.4413166046143 27.7412929534912 15.9644575119019 8.04222583770752 4.82183742523193 18.0635776519775 8.12179660797119 9.61385059356689 34.8199005126953 19.9541244506836 21.2185535430908 26.2169876098633 55.5944976806641 9.45041847229004 10.4956521987915 11.4499139785767 51.1663055419922 26.8773422241211 8.16531658172607 8.23687171936035
18.1900959014893 16.2314853668213 21.5916728973389 37.9041061401367 43.0705146789551 10.685733795166 15.665020942688 15.1119031906128 27.8273601531982 22.7460079193115 22.3797473907471 17.0606174468994 16.3471698760986 9.5564079284668 9.59506988525391 9.39588165283203 15.761589050293 16.0093536376953 19.8088626861572 19.9453163146973 20.0860996246338 14.973482131958 9.11399936676025 15.9890213012695 21.8816661834717 15.974292755127 16.3175163269043 9.47716808319092 7.98233556747437 10.6052713394165 6.36992931365967 21.4625663757324 12.6357469558716 14.4190320968628 7.97731113433838 31.9914360046387 7.35712909698486 6.67668437957764 8.35509014129639 32.9601631164551 11.5714712142944 11.8464403152466 10.196964263916 43.5186500549316 8.61433792114258 9.4678201675415
12.3160352706909 29.7012577056885 41.2230453491211 14.6049995422363 12.9655952453613 11.5724439620972 14.7060375213623 22.6293640136719 15.2597332000732 16.3566036224365 8.78017711639404 14.0617532730103 9.04192924499512 9.72520160675049 14.4933319091797 18.2696514129639 6.57211065292358 7.84915494918823 12.6862344741821 7.08863878250122 6.27416229248047 12.6516094207764 18.7901630401611 13.9592981338501 24.7432727813721 20.2541160583496 9.87911796569824 14.6494464874268 9.31070327758789 12.7019805908203 11.2618179321289 6.79644584655762 10.8955545425415 19.1775512695312 8.35445594787598 5.15945196151733 5.96217203140259 10.6939496994019 30.8066177368164 22.2767505645752 32.1122131347656 14.5618362426758 11.3459014892578 13.7530889511108 16.1652584075928 23.6130752563477
35.8722114562988 16.411262512207 11.672402381897 12.0004510879517 15.0167264938354 15.1170167922974 18.315013885498 16.6917686462402 10.3156423568726 9.68706226348877 16.0754375457764 9.83915138244629 16.8584327697754 12.2313451766968 16.0954093933105 11.6095294952393 9.66233158111572 12.6902980804443 8.95007419586182 10.2095584869385 11.415732383728 10.0877323150635 4.88447141647339 13.2600078582764 3.56692624092102 9.83948516845703 11.5221796035767 15.4672241210938 17.2782249450684 19.5821266174316 12.5119247436523 15.0042524337769 11.978476524353 21.4218368530273 12.7039089202881 15.5812034606934 12.5615329742432 14.0044507980347 10.00110912323 13.6708965301514 29.1961727142334 15.1943378448486 12.4213171005249 17.0033988952637 17.7516002655029 12.3053216934204
19.3502025604248 20.9472351074219 16.3698863983154 20.2412929534912 17.8666362762451 21.737154006958 14.9538421630859 16.2614650726318 13.2177228927612 14.3847742080688 9.67382335662842 8.56302738189697 10.077000617981 11.1141300201416 19.653356552124 10.087215423584 22.1475639343262 14.8634567260742 15.1288080215454 14.0958423614502 15.6281862258911 19.192232131958 6.16728210449219 2.1634521484375 4.50734806060791 17.3999805450439 12.2939500808716 16.4409923553467 30.0118865966797 13.2474765777588 12.8260555267334 10.5456809997559 13.43918800354 25.9547519683838 16.1842269897461 18.7017211914062 14.1623916625977 18.7935466766357 30.2894401550293 24.6069526672363 12.7277212142944 48.2746086120605 12.1561737060547 23.6989650726318 20.1914806365967 15.5854835510254
20.1451950073242 21.4524803161621 24.3841571807861 16.884859085083 19.6306209564209 11.3021717071533 11.5306129455566 5.24076700210571 5.71995401382446 15.04310131073 12.7394304275513 10.6433067321777 15.123438835144 4.58102130889893 12.927375793457 10.6002397537231 10.9111051559448 14.7339630126953 12.8654661178589 2.92454051971436 3.73760557174683 1.43426239490509 3.8784646987915 2.59945893287659 4.60427141189575 3.66769409179688 18.134952545166 19.1965141296387 9.62990951538086 24.7908096313477 23.3941841125488 28.0699844360352 16.6841659545898 35.4101867675781 15.8107881546021 22.2978744506836 13.7805233001709 19.0664539337158 13.2315311431885 24.508768081665 16.2087001800537 16.8143463134766 51.299503326416 23.4411220550537 28.4591255187988 16.9548110961914
0.895071029663086 1.32606506347656 0.273739516735077 1.37033355236053 0.0996199622750282 6.6109356880188 7.19486856460571 4.98565053939819 6.95888137817383 -1.31268358230591 26.6747150421143 17.026237487793 16.4616851806641 5.24592542648315 -0.1369339376688 0.844958424568176 0.603838324546814 0.606652915477753 0.792654633522034 4.6629319190979 20.6556949615479 10.5948915481567 1.8876097202301 8.88512897491455 5.23809576034546 4.22586917877197 28.950023651123 32.5767822265625 30.9925155639648 31.5573902130127 17.0045337677002 18.1880340576172 28.1617088317871 45.9618949890137 25.7603931427002 8.18329524993896 23.6397457122803 25.3720188140869 18.4212551116943 12.7957563400269 19.5039157867432 16.9866695404053 14.7411050796509 36.1287727355957 23.8122291564941 19.0320606231689
1.30984210968018 2.92126131057739 4.03348970413208 0.0853515416383743 0.984711587429047 0.098733477294445 10.0371160507202 12.8496522903442 11.9058952331543 -1.0994793176651 -1.33885884284973 -0.640672564506531 -0.385776311159134 0.270450443029404 2.46865558624268 3.53228306770325 3.98976492881775 0.971055805683136 1.13630998134613 1.57039105892181 1.90470826625824 2.22311067581177 2.70356225967407 2.60249876976013 4.15867805480957 5.92002868652344 3.58781981468201 3.46820211410522 4.20285844802856 4.50397396087646 9.15620899200439 13.6945648193359 13.9607906341553 4.99495887756348 11.2765369415283 13.0848331451416 6.16639089584351 11.2182998657227 13.8201131820679 21.5356063842773 10.7050943374634 22.4425392150879 23.8858890533447 50.5920715332031 19.2487621307373 22.1487522125244
