slauniainen/Data/DEM/Vihti_aspect_cl.asc
NCOLS 196 
NROWS 178 
XLLCORNER 353680 
YLLCORNER 6699024 
CELLSIZE 16 
NODATA_value -3.4e+38 
[rows 0 to 19 of 178, columns 46 to 91 of 196]
163.912414550781 161.916961669922 158.165985107422 163.177581787109 161.960266113281 157.068023681641 282.909057617188 297.884918212891 311.711486816406 343.355834960938 19.9514312744141 36.1885261535645 31.712085723877 10.2300796508789 359.727966308594 1.1004638671875 353.486419677734 342.913635253906 26.6148986816406 75.5061721801758 87.4796981811523 91.7757263183594 91.658073425293 87.2294845581055 75.1869659423828 48.8442535400391 293.555053710938 279.515625 273.549407958984 266.689514160156 256.580749511719 86.5146331787109 66.8505783081055 290.358245849609 328.637084960938 111.525634765625 178.912124633789 218.643997192383 225.088790893555 217.892272949219 110.369987487793 77.8311920166016 50.574764251709 2.51581573486328 273.319274902344 266.908477783203
168.455764770508 168.444961547852 157.433975219727 158.642517089844 213.931091308594 311.77392578125 310.188659667969 310.891052246094 312.463806152344 329.421539306641 28.7718811035156 46.5720825195312 42.5450820922852 25.4287414550781 11.1513977050781 13.7971267700195 15.054328918457 21.3201370239258 82.4697570800781 94.2791900634766 98.4641494750977 100.822158813477 100.726745605469 96.5877380371094 77.9821014404297 44.9104881286621 315.344848632812 279.514404296875 272.471923828125 260.158081054688 238.834808349609 130.808456420898 104.236885070801 214.482238769531 171.060638427734 145.930389404297 180.303405761719 241.075714111328 252.34538269043 249.237319946289 17.0561904907227 26.7560539245605 22.2195434570312 39.0287322998047 245.123672485352 246.119979858398
163.412658691406 169.653961181641 152.537292480469 304.327423095703 307.980224609375 315.293060302734 315.136840820312 314.490020751953 317.132690429688 325.130279541016 40.6957740783691 60.4642715454102 56.1866683959961 45.8020973205566 43.578483581543 59.5302085876465 87.8701477050781 107.035903930664 111.26342010498 106.364898681641 103.881538391113 103.283798217773 102.540100097656 95.9616470336914 69.851692199707 44.9815444946289 334.831481933594 274.653472900391 268.664642333984 261.582275390625 241.210327148438 189.284133911133 129.651641845703 158.082534790039 160.6318359375 154.809173583984 236.981674194336 273.421447753906 270.188629150391 237.140670776367 245.730316162109 314.539245605469 28.4422988891602 75.4449615478516 131.747650146484 220.351974487305
347.667053222656 27.6979827880859 25.7610931396484 288.985412597656 292.770233154297 304.534790039062 312.662719726562 313.115661621094 318.533630371094 330.725341796875 59.8545799255371 73.0469665527344 66.4388427734375 61.7302742004395 73.8517608642578 102.231315612793 126.629928588867 132.364059448242 121.669715881348 112.379974365234 104.639953613281 99.7090454101562 95.5469589233398 79.7392349243164 51.6158714294434 38.9028549194336 2.16175079345703 282.14990234375 269.366027832031 259.055450439453 224.855194091797 190.616882324219 151.054473876953 134.217575073242 143.751586914062 177.648620605469 264.794860839844 258.792785644531 208.763717651367 196.261825561523 230.106231689453 244.97509765625 126.131912231445 104.957725524902 123.125267028809 190.374084472656
339.898834228516 57.5084762573242 18.9486923217773 280.742797851562 280.691467285156 286.639465332031 297.591430664062 307.196868896484 315.844848632812 357.507110595703 97.5472030639648 87.0208282470703 79.1220397949219 76.3140716552734 83.6569747924805 102.291091918945 130.661804199219 144.007095336914 132.444732666016 121.962387084961 109.227142333984 98.4791488647461 87.5695724487305 54.3522033691406 29.4921417236328 21.6741561889648 9.32030487060547 308.749237060547 275.181030273438 255.988403320312 205.462463378906 180.846817016602 160.102294921875 135.154998779297 132.830200195312 239.212356567383 241.657775878906 211.139862060547 179.551116943359 199.596038818359 230.576797485352 217.78547668457 156.777633666992 123.971000671387 124.401382446289 158.443420410156
30.5133438110352 67.2078094482422 315.943328857422 294.094573974609 281.153381347656 275.435668945312 275.210845947266 283.343627929688 315.0830078125 132.430892944336 128.956909179688 114.984382629395 105.952270507812 101.721206665039 98.2897567749023 105.425498962402 130.889572143555 149.554916381836 143.558624267578 134.852493286133 119.701866149902 103.248161315918 81.3755187988281 17.7504577636719 0.152229309082031 3.48814392089844 12.4935760498047 358.944854736328 292.145324707031 253.065551757812 197.462829589844 168.658737182617 156.415710449219 137.787902832031 151.423965454102 166.022048950195 181.146224975586 176.549194335938 180.471435546875 215.989807128906 223.049819946289 192.425354003906 157.650421142578 132.945663452148 128.087997436523 139.604431152344
208.180328369141 316.103973388672 316.829162597656 309.656555175781 296.761474609375 287.729583740234 282.764221191406 277.891937255859 124.859390258789 126.276306152344 135.755889892578 136.232345581055 129.285522460938 126.01383972168 120.989028930664 120.49382019043 133.414489746094 148.529846191406 147.917190551758 141.500610351562 129.52848815918 108.37491607666 31.8952522277832 339.416076660156 346.381286621094 1.62596893310547 20.2786102294922 27.9655265808105 3.24988555908203 285.36181640625 210.766693115234 187.988052368164 26.9018859863281 24.1606826782227 83.1201934814453 127.619674682617 148.688354492188 159.903228759766 181.767395019531 204.770767211914 201.494369506836 181.469970703125 156.241729736328 137.173126220703 132.436569213867 137.238677978516
314.709503173828 322.023559570312 325.224304199219 322.140045166016 308.790588378906 299.8271484375 295.255798339844 279.958282470703 118.475204467773 117.530899047852 128.602783203125 139.432586669922 133.390228271484 126.221252441406 124.987083435059 127.616943359375 134.653564453125 146.218933105469 150.738525390625 139.172332763672 112.70677947998 44.5583763122559 332.341735839844 326.076568603516 341.202209472656 11.4008483886719 40.2802238464355 49.4708251953125 35.6587066650391 16.5714569091797 350.699768066406 336.733215332031 348.613800048828 355.476379394531 31.4662628173828 82.0423355102539 117.644111633301 146.496307373047 171.7666015625 189.929290771484 195.166351318359 181.420654296875 160.626037597656 145.723175048828 135.508483886719 136.040649414062
303.411865234375 308.536804199219 316.651306152344 318.193603515625 303.814056396484 289.915649414062 271.839874267578 189.575408935547 120.254943847656 113.257583618164 118.242149353027 130.649017333984 123.872344970703 114.113189697266 115.398544311523 121.739822387695 130.036590576172 139.554443359375 152.647674560547 143.836898803711 0.530197143554688 346.029510498047 325.591491699219 318.465087890625 339.410278320312 49.505126953125 73.3660583496094 73.0932540893555 48.2934646606445 15.0611190795898 354.286682128906 345.143798828125 349.638946533203 357.025848388672 41.9069366455078 81.7452392578125 99.3069076538086 125.215057373047 155.066223144531 175.836456298828 185.801971435547 175.931427001953 163.916290283203 153.182235717773 136.399642944336 129.730972290039
298.331024169922 295.545532226562 295.954742431641 293.349731445312 281.469665527344 256.579010009766 221.945693969727 175.157196044922 129.620483398438 115.600486755371 113.565368652344 123.470520019531 129.094436645508 125.047622680664 116.842437744141 115.202163696289 121.775901794434 126.264602661133 311.713073730469 315.782379150391 331.361602783203 338.555969238281 325.790344238281 317.223754882812 10.0668640136719 80.2605667114258 87.6064224243164 86.3540573120117 63.5785026550293 352.891662597656 340.201721191406 343.698699951172 354.168304443359 27.7693099975586 88.6898040771484 93.1766510009766 90.7813339233398 99.2362670898438 127.221267700195 154.151504516602 167.558380126953 168.392395019531 164.977508544922 150.801422119141 121.549949645996 113.581146240234
302.729064941406 300.186401367188 289.416656494141 274.192535400391 251.326934814453 213.622283935547 195.281890869141 171.051940917969 148.121185302734 133.690994262695 131.475601196289 135.224349975586 132.269973754883 132.127151489258 123.89533996582 115.930595397949 116.609848022461 114.191619873047 307.018890380859 310.479736328125 323.064727783203 337.165893554688 327.224487304688 318.093963623047 56.3475341796875 82.7529830932617 86.7506484985352 88.3473815917969 87.7332534790039 285.568298339844 289.167144775391 294.133636474609 134.641357421875 136.325469970703 122.529296875 107.794090270996 95.0783538818359 95.1896514892578 111.056106567383 133.004364013672 149.826904296875 162.333724975586 169.583419799805 152.030654907227 111.381736755371 103.439735412598
285.714599609375 285.066101074219 265.426696777344 245.660308837891 214.438598632812 188.600509643555 179.339233398438 163.36669921875 149.71403503418 142.673522949219 141.835571289062 135.620788574219 126.035766601562 126.518478393555 126.627059936523 121.979499816895 118.240036010742 303.105285644531 298.896118164062 300.319274902344 310.043609619141 337.398132324219 326.643768310547 272.511596679688 102.435897827148 93.0984649658203 88.8715209960938 86.258903503418 87.7313461303711 224.67529296875 205.730529785156 169.999176025391 154.45686340332 151.315826416016 145.598449707031 140.604156494141 128.770202636719 120.622680664062 123.581787109375 131.846054077148 147.824813842773 163.804641723633 167.124145507812 161.126098632812 132.173095703125 110.305618286133
252.63053894043 233.813674926758 223.392486572266 218.107070922852 198.550094604492 183.197036743164 176.528930664062 131.594833374023 111.783874511719 120.164047241211 129.796661376953 126.469146728516 120.578811645508 121.459930419922 125.177810668945 122.337219238281 28.5530624389648 304.917663574219 295.661315917969 293.254425048828 296.727783203125 345.6923828125 1.37589263916016 158.319732666016 118.152244567871 113.747329711914 102.398536682129 87.9088821411133 89.6704788208008 150.199111938477 167.188385009766 162.763824462891 158.468551635742 156.135787963867 152.969268798828 152.088989257812 146.21418762207 139.570007324219 137.796691894531 141.371856689453 155.510528564453 164.446807861328 157.558319091797 149.591888427734 133.558990478516 113.54362487793
249.918746948242 232.60124206543 219.306060791016 214.659088134766 209.289733886719 222.764038085938 294.359375 23.9923553466797 67.2347106933594 83.2765502929688 101.152755737305 111.285179138184 111.611991882324 111.552139282227 111.070220947266 359.654602050781 330.862548828125 327.583251953125 312.422546386719 293.917053222656 287.86279296875 122.34977722168 156.920471191406 149.424346923828 118.870880126953 114.620056152344 116.341613769531 107.421760559082 107.247901916504 125.851425170898 145.430130004883 157.457809448242 157.341567993164 153.981628417969 151.439208984375 151.725219726562 149.244293212891 145.333923339844 144.189849853516 149.386001586914 158.475891113281 160.327758789062 154.035430908203 140.216156005859 123.6591796875 110.53581237793
296.583435058594 292.500244140625 301.323852539062 282.8125 259.916015625 276.957550048828 292.316650390625 20.7622451782227 72.0663299560547 76.6265716552734 87.4484252929688 100.158981323242 103.26001739502 100.690200805664 55.4906806945801 318.950927734375 321.74169921875 337.758209228516 344.832733154297 315.772644042969 308.678283691406 115.614860534668 144.102874755859 152.48747253418 129.064910888672 113.915534973145 124.810585021973 136.849487304688 136.362045288086 130.134414672852 132.245559692383 149.583557128906 153.155700683594 149.025451660156 149.186172485352 151.278930664062 149.404602050781 144.426513671875 139.334991455078 142.782257080078 147.592651367188 145.88850402832 145.354522705078 140.461364746094 126.286224365234 111.36930847168
347.893615722656 340.148956298828 350.368225097656 4.08424377441406 340.833679199219 301.895538330078 276.646697998047 140.740768432617 98.5165557861328 90.5865859985352 93.545783996582 100.242782592773 102.54084777832 94.5109710693359 328.551452636719 298.323791503906 299.433288574219 328.700500488281 14.0800399780273 350.284881591797 357.272186279297 42.9445152282715 74.4642181396484 112.187286376953 122.857872009277 112.913223266602 121.432037353516 139.105163574219 147.041046142578 145.154724121094 139.892288208008 147.311325073242 151.694488525391 148.647735595703 149.033218383789 153.063690185547 149.82649230957 132.179626464844 109.350250244141 108.41397857666 117.4619140625 122.253387451172 126.901695251465 130.981582641602 124.593856811523 112.048294067383
359.422302246094 0.252151489257812 7.42929840087891 18.4512939453125 12.4738845825195 337.703735351562 169.593902587891 148.853668212891 133.244781494141 118.546073913574 110.900238037109 106.475616455078 101.510833740234 87.6680603027344 286.909301757812 268.268341064453 260.355346679688 246.29670715332 5.75196838378906 341.644714355469 352.007659912109 38.8063316345215 68.4136962890625 95.2498626708984 121.190475463867 123.822967529297 128.754547119141 137.094146728516 142.856109619141 148.811920166016 148.290985107422 148.990676879883 150.548309326172 150.165710449219 152.679061889648 163.430801391602 170.99755859375 113.237487792969 85.6153793334961 85.859748840332 97.0436401367188 107.851226806641 115.015899658203 120.142776489258 118.251258850098 112.057304382324
3.83879089355469 16.4855499267578 23.2974014282227 29.0002822875977 35.9132766723633 51.8441581726074 109.901107788086 128.793182373047 127.535949707031 119.576400756836 115.583267211914 111.002471923828 103.288932800293 97.0494613647461 246.091049194336 251.646987915039 244.930999755859 230.498870849609 221.27897644043 242.539886474609 246.865768432617 91.188232421875 91.8315353393555 105.435333251953 125.484298706055 131.258102416992 134.709915161133 136.05078125 134.638000488281 143.442047119141 147.020874023438 145.986679077148 145.658584594727 149.571914672852 165.497451782227 201.764068603516 215.869262695312 146.711090087891 116.87361907959 105.110229492188 98.5318832397461 98.4176025390625 102.629776000977 108.58821105957 113.004066467285 114.339904785156
14.1717834472656 50.2815437316895 45.1078109741211 42.7435073852539 52.8092956542969 65.5936737060547 82.5038528442383 93.1046981811523 93.6252288818359 96.898307800293 103.479385375977 110.724540710449 113.96411895752 105.71607208252 308.799926757812 290.679504394531 268.554443359375 243.503265380859 219.274917602539 210.310501098633 197.010833740234 145.681549072266 110.693618774414 109.601005554199 120.267135620117 127.317108154297 131.118911743164 131.297607421875 128.047943115234 135.373672485352 140.230117797852 135.393798828125 129.275909423828 138.874176025391 187.001617431641 219.595352172852 201.017639160156 157.856353759766 142.434906005859 130.833129882812 106.48152923584 87.9804916381836 84.0841217041016 92.7725982666016 106.496002197266 116.110275268555
175.868591308594 109.396980285645 104.703109741211 107.898132324219 103.554397583008 99.8666915893555 101.532356262207 111.941558837891 120.003227233887 116.143676757812 117.652603149414 126.935363769531 138.093017578125 313.275207519531 324.036987304688 333.476226806641 328.690277099609 267.842895507812 203.165466308594 196.269668579102 188.983963012695 160.673370361328 130.708724975586 121.568756103516 121.270156860352 124.903869628906 131.728759765625 131.9287109375 127.043296813965 130.27424621582 135.996444702148 132.25114440918 123.227996826172 132.556915283203 181.392211914062 200.126266479492 179.378631591797 163.787536621094 153.356597900391 142.466751098633 128.218505859375 96.5228958129883 79.8109436035156 83.8808975219727 93.6321563720703 107.251403808594
