slauniainen/Data/DEM/Vihti_dem1500b_cl_horizonAngle_186.asc
NCOLS 196 
NROWS 178 
XLLCORNER 353680 
YLLCORNER 6699024 
CELLSIZE 16 
NODATA_value -3.4e+38 
[rows 120 to 139 of 178, columns 90 to 134 of 196]
10.0278596878052 9.47526836395264 5.20887756347656 4.7764253616333 4.70117378234863 4.49035406112671 4.38311386108398 4.90444374084473 5.25337696075439 5.51936197280884 5.62945747375488 6.04474020004272 7.20391798019409 7.00281524658203 6.97263288497925 6.63765716552734 6.4900598526001 6.44892072677612 6.28943729400635 5.86846017837524 5.2221474647522 5.21234083175659 5.10848379135132 4.77672910690308 4.18549060821533 3.58975005149841 8.18241786956787 12.298041343689 16.795747756958 22.0989074707031 20.7292995452881 16.4588069915771 16.0679454803467 15.7334089279175 18.0817699432373 20.4444885253906 27.567943572998 31.6519470214844 22.8859786987305 17.4429721832275 18.5046367645264 29.6807136535645 36.3804206848145 36.4463081359863 32.470344543457
8.78023433685303 7.68338537216187 4.65097188949585 4.81981372833252 4.79637050628662 4.58644819259644 4.63012409210205 5.17626190185547 5.55843162536621 5.8354434967041 5.97144174575806 6.50013732910156 7.74756956100464 7.54365539550781 7.17091464996338 6.96988010406494 6.74057912826538 6.69751644134521 6.51949262619019 6.09059238433838 5.41168689727783 5.46727561950684 5.37044525146484 5.026535987854 4.34257793426514 3.65825033187866 9.21728992462158 11.8313083648682 18.2050113677979 21.6773738861084 16.3801383972168 14.4061737060547 13.895432472229 13.6142082214355 19.2906246185303 23.1161994934082 18.4774856567383 20.3948440551758 21.840970993042 17.6258163452148 21.9365234375 22.7824783325195 33.7905502319336 45.9156341552734 39.7842292785645
7.98141479492188 4.47721481323242 4.69881200790405 4.87656354904175 4.90006589889526 4.68764972686768 4.91417455673218 5.48762083053589 5.90090179443359 6.18491172790527 6.84392261505127 7.0294303894043 8.37466907501221 8.11718654632568 7.6995677947998 7.37494564056396 7.01873350143433 6.96866273880005 6.77147150039673 6.32585859298706 5.61360883712769 5.74480819702148 5.65263652801514 5.30149412155151 4.21622705459595 4.12777614593506 8.5887565612793 8.96762847900391 18.6426753997803 12.4154853820801 18.575611114502 16.8624877929688 14.142614364624 12.6640815734863 14.0766839981079 15.4395847320557 12.3878870010376 17.3207149505615 20.2927398681641 18.0154933929443 11.1294393539429 9.92312812805176 15.836615562439 27.6539669036865 43.260440826416
11.1745414733887 4.53523731231689 4.78639030456543 4.97935056686401 5.00854444503784 4.79161548614502 5.67427921295166 6.25092267990112 6.60403251647949 6.84524059295654 7.35428524017334 7.656090259552 9.11666870117188 8.78342056274414 8.32876586914062 7.98774862289429 7.29616212844849 7.17122554779053 7.04761743545532 6.57519054412842 5.87382841110229 6.05249118804932 5.97103691101074 5.59943294525146 4.16869020462036 4.37868404388428 5.57356262207031 9.73725891113281 5.80699872970581 4.74329328536987 10.1512403488159 18.1337623596191 15.3933238983154 12.7018432617188 7.8047308921814 6.68607711791992 7.33339881896973 5.19919300079346 14.3927946090698 11.2357692718506 7.43816232681274 8.47753810882568 11.6816787719727 17.6176528930664 21.1257591247559
8.59913444519043 4.53954935073853 4.88609266281128 5.06514549255371 5.12054634094238 5.64365196228027 6.2978515625 6.76906776428223 7.10253190994263 7.35972356796265 7.95430326461792 8.40105628967285 10.0017595291138 9.56219673156738 9.07836818695068 8.7017068862915 7.64280223846436 7.3840446472168 7.11092948913574 6.78119087219238 6.23504877090454 6.41006183624268 6.32691717147827 5.91790866851807 4.38832092285156 6.09778785705566 5.61022281646729 6.51291418075562 6.33257532119751 4.84820032119751 5.05230331420898 7.64995384216309 14.6026048660278 14.2625560760498 8.44248294830322 7.21291351318359 5.68023061752319 4.52557420730591 3.41571831703186 4.73274087905884 5.26520967483521 5.24882125854492 5.95974254608154 6.77971267700195 12.2746706008911
3.93481826782227 4.63031244277954 5.00964641571045 5.20961809158325 5.24040794372559 6.06941843032837 6.77817344665527 7.28460741043091 7.67569541931152 7.96174716949463 8.65041255950928 9.29300308227539 11.0681867599487 10.5179967880249 9.95821189880371 9.55625820159912 8.39629077911377 7.71816539764404 7.19089460372925 6.82238054275513 6.69445180892944 6.81059503555298 6.73246908187866 6.31966686248779 5.12772703170776 7.4381308555603 6.39708280563354 7.372145652771 6.67807340621948 5.86046934127808 5.43848037719727 5.44817495346069 6.93114042282104 8.42744827270508 8.55923366546631 8.71718883514404 7.81423950195312 8.08457660675049 3.893150806427 4.82841444015503 5.73168849945068 5.92891931533813 6.47605991363525 7.78494596481323 8.92256641387939
4.17245149612427 4.88079977035522 5.27836799621582 5.45488595962524 5.52194213867188 6.57042121887207 7.33386182785034 7.92425680160522 8.35892677307129 8.66414451599121 9.48152637481689 10.4018392562866 12.3734331130981 11.7758893966675 11.0287618637085 10.5757875442505 9.29434585571289 8.0717945098877 7.52454376220703 7.14131927490234 7.34255123138428 7.24621534347534 7.047278881073 6.33421230316162 6.88483238220215 9.19806957244873 9.2189474105835 11.9385919570923 8.80003261566162 6.6299204826355 6.47897052764893 6.04473638534546 7.5975399017334 9.05241584777832 8.76204013824463 10.173303604126 12.0477180480957 11.7054672241211 6.77754020690918 5.73137521743774 7.21222829818726 8.81674098968506 9.09598636627197 9.68562698364258 10.4821748733521
4.57301712036133 5.07414293289185 5.51619720458984 5.65576696395874 6.03917741775513 7.16248369216919 7.98357725143433 8.69920539855957 9.16540241241455 9.50220966339111 10.5134763717651 11.8207778930664 14.0295648574829 13.352029800415 12.3491544723511 11.8473501205444 10.391170501709 8.69876861572266 7.88724040985107 7.70417022705078 7.86873292922974 7.77774143218994 7.3142991065979 6.31177997589111 7.06753635406494 7.64211702346802 9.56738758087158 15.572564125061 12.2109279632568 7.39886999130249 7.10016918182373 7.72207832336426 10.3090353012085 11.8751268386841 12.6028289794922 12.8429050445557 15.2539777755737 16.0871677398682 9.54177570343018 8.38086223602295 9.91217041015625 12.3751153945923 12.407693862915 12.8040723800659 11.5772171020508
4.93877935409546 5.37085247039795 5.68986225128174 5.79446315765381 6.61006927490234 7.85763072967529 8.78175163269043 9.62979412078857 10.1460609436035 10.5653696060181 11.7627086639404 13.6681098937988 16.1855564117432 15.4078130722046 13.9870386123657 13.4148530960083 11.7801284790039 9.72678852081299 8.28328323364258 8.37389469146729 8.50102043151855 8.42801666259766 7.90901231765747 6.26421117782593 4.48734951019287 3.78961181640625 6.15707206726074 6.97787427902222 7.29884338378906 7.56117343902588 8.21461391448975 11.8633728027344 14.1957750320435 15.1529903411865 15.9309816360474 17.4366340637207 20.2383193969727 21.0309906005859 14.4441509246826 11.242431640625 10.6056528091431 11.7911806106567 14.3660564422607 12.2235326766968 12.1547517776489
5.30165576934814 5.60219478607178 5.84674263000488 6.23947286605835 7.32606792449951 8.69954967498779 9.84452247619629 10.7915687561035 11.3509645462036 12.018479347229 16.8949203491211 19.0724983215332 19.0966949462891 18.2040309906006 16.312255859375 15.559229850769 13.6599311828613 11.0671367645264 9.06964492797852 9.20967769622803 9.29142093658447 9.21886348724365 8.6051721572876 6.43446779251099 4.61183309555054 4.11065769195557 6.38543367385864 8.2950267791748 12.1300954818726 12.4806394577026 12.5854015350342 14.5910406112671 17.2244052886963 18.5988922119141 18.5060634613037 21.0977020263672 23.0386905670166 11.6650409698486 10.3506088256836 13.2829027175903 12.6486749649048 9.30314445495605 8.73274326324463 8.4606990814209 10.3755912780762
5.6475772857666 5.8471794128418 6.05141687393188 7.08683443069458 8.22255420684814 9.75086402893066 11.1916694641113 12.2568349838257 13.4531307220459 15.8005104064941 21.8712635040283 24.7374267578125 22.7496356964111 20.4579334259033 19.569953918457 18.3283386230469 16.1822834014893 12.842999458313 10.4825735092163 10.2257022857666 10.3004713058472 10.2038421630859 9.43026065826416 6.71877956390381 5.30572462081909 8.14979362487793 14.8192195892334 14.4429206848145 16.1052913665771 16.0089359283447 15.1409673690796 18.6472129821777 20.8312149047852 19.4209537506104 19.5513648986816 12.7523374557495 5.77049779891968 5.49706935882568 7.46642017364502 9.00820255279541 9.37111186981201 6.71528673171997 3.77604413032532 2.56013488769531 3.29802513122559
6.06528806686401 6.14107513427734 6.76039934158325 7.99585580825806 9.37191581726074 11.1873073577881 13.6729402542114 14.3231000900269 15.4310255050659 16.7754955291748 24.4823913574219 31.3417816162109 29.9530181884766 26.3330860137939 25.3309688568115 20.3140163421631 17.5422554016113 15.224458694458 12.4466876983643 11.4534606933594 11.5379886627197 11.4341726303101 10.4305267333984 6.78136014938354 8.74517726898193 11.6798419952393 18.7684898376465 18.2620315551758 22.1669254302979 20.0736217498779 17.873025894165 16.8843784332275 17.1764869689941 12.1988430023193 10.1160554885864 7.43507289886475 5.70953273773193 6.03800249099731 7.56953620910645 8.40921211242676 7.67896223068237 5.12003469467163 3.65873217582703 1.78598022460938 3.57813048362732
6.41370105743408 6.85911130905151 7.98576021194458 9.01427936553955 11.4659814834595 14.7862930297852 16.6742515563965 16.6673030853271 16.6841259002686 16.4183883666992 25.9540004730225 28.3882274627686 33.6833572387695 32.5252723693848 33.1790237426758 25.755672454834 19.7336311340332 15.5250406265259 14.1571493148804 12.9589586257935 13.2991132736206 12.9164485931396 11.5596656799316 7.11414813995361 10.4640302658081 14.3904619216919 22.5278377532959 23.0656623840332 29.9574584960938 25.3926868438721 18.030933380127 3.9903576374054 1.73843252658844 3.61470508575439 0.683205127716064 1.74733078479767 3.35440230369568 3.54816651344299 2.09538698196411 3.37939620018005 2.31384754180908 0.194441080093384 -0.770945250988007 0.417180567979813 0.741198122501373
7.3992395401001 8.43507957458496 9.2724609375 12.4487075805664 14.3228340148926 17.1354598999023 18.681827545166 16.0770263671875 15.5493640899658 16.8887825012207 14.7415161132812 20.9099788665771 26.2533206939697 35.9230155944824 40.7646751403809 29.3189086914062 23.3955535888672 16.6249332427979 13.797119140625 14.8671312332153 15.3711786270142 14.5206499099731 12.942102432251 7.90583276748657 12.3563270568848 18.5709342956543 29.3631076812744 19.9516410827637 12.0767917633057 10.3049955368042 5.73788022994995 4.87479400634766 0.119391530752182 -1.21323215961456 -1.85716080665588 -2.04493689537048 -0.898041665554047 -1.54267609119415 -3.3729887008667 -3.33243680000305 -2.71272540092468 -2.69664216041565 -2.67628931999207 -2.21251535415649 -1.95134747028351
9.67402362823486 10.2524042129517 11.1885232925415 13.3708276748657 15.5426826477051 19.4421653747559 20.8182792663574 16.8538551330566 15.2542657852173 16.6678924560547 6.20500564575195 5.15082216262817 10.0917730331421 15.2130107879639 15.0557546615601 30.2685298919678 27.1627006530762 19.0022258758545 14.9627752304077 17.8925647735596 17.6116027832031 16.4322681427002 14.5971374511719 9.25857925415039 13.6534805297852 15.8054714202881 9.95607566833496 8.37195587158203 5.49407768249512 7.14642810821533 5.3387622833252 1.80434906482697 -0.446150124073029 -1.17251574993134 -1.90695226192474 -2.29183745384216 -2.9243438243866 -3.19261646270752 -3.20331645011902 -3.01926159858704 -2.75856161117554 -2.62331461906433 -2.46467924118042 -2.29439878463745 -1.50556838512421
10.3696508407593 10.8535070419312 12.5343503952026 15.3945112228394 16.8707504272461 16.7791652679443 17.822811126709 17.7431812286377 15.8281955718994 13.3494176864624 7.21231842041016 3.50509548187256 4.82786560058594 6.06219673156738 6.65676403045654 7.61793231964111 16.5879383087158 18.9260120391846 16.2120552062988 20.6707344055176 22.9436378479004 18.3088436126709 15.2291603088379 10.0730495452881 10.1897926330566 16.3764781951904 12.1256628036499 8.4920768737793 4.947829246521 5.34493780136108 3.57067370414734 0.349947214126587 0.294341415166855 -0.604134380817413 -1.61522054672241 -2.20327877998352 -2.786541223526 -3.00895142555237 -2.91594409942627 -2.73948383331299 -2.49897813796997 -2.34398460388184 -2.32304382324219 -1.8052020072937 -1.10650789737701
11.0891418457031 12.4039869308472 14.5688991546631 19.9625034332275 17.9910545349121 17.24778175354 13.5337409973145 14.5648365020752 10.0073270797729 5.11038541793823 4.26966238021851 3.98220992088318 4.96805906295776 6.14150762557983 6.87789678573608 7.63101720809937 8.26220893859863 9.33972549438477 16.8782997131348 25.2303161621094 33.2009315490723 25.2759685516357 14.3254232406616 7.43791818618774 3.03556895256042 7.88887882232666 6.37832546234131 8.96158313751221 7.38958883285522 0.236896932125092 0.669792473316193 1.25187456607819 1.36048865318298 0.428619235754013 -1.2285578250885 -2.09094619750977 -2.7088634967804 -2.86698198318481 -2.73357200622559 -2.60815453529358 -2.42660665512085 -2.27879118919373 -1.33904695510864 -0.238672748208046 -0.382621496915817
11.8656816482544 13.7556238174438 15.0394601821899 12.8818683624268 12.8237628936768 8.53416442871094 7.168053150177 7.10397911071777 4.34301280975342 2.69219398498535 3.85853457450867 4.56120491027832 5.7314772605896 7.01131820678711 8.15073585510254 8.78202342987061 8.77478981018066 8.6935567855835 16.1569213867188 23.6264190673828 19.9290428161621 28.4867553710938 13.3872766494751 7.7634801864624 3.05911111831665 2.12166118621826 2.87661457061768 3.17382597923279 4.39725542068481 1.25715410709381 -0.532698452472687 1.75818061828613 1.84544336795807 0.687930941581726 -0.907477557659149 -1.99497556686401 -2.6336772441864 -2.74223351478577 -2.6479229927063 -2.50597357749939 -2.33268022537231 -2.23982620239258 -0.0375933572649956 0.729424774646759 0.092016227543354
11.1739635467529 11.0155038833618 10.212366104126 5.33354711532593 4.71182489395142 4.14574241638184 3.66131138801575 3.10065770149231 2.57376837730408 3.05527782440186 4.44218492507935 5.39703750610352 7.20576858520508 8.47157192230225 9.7484302520752 10.1517248153687 9.69261837005615 11.0565891265869 13.8039951324463 11.5605525970459 15.3093566894531 17.6719627380371 14.1871147155762 8.04884243011475 3.4475302696228 0.287541836500168 3.57483768463135 3.33557438850403 2.67625117301941 2.4128532409668 -0.287384629249573 2.58936357498169 2.41270327568054 -0.663147628307343 -0.765088140964508 -1.48533952236176 -2.57100486755371 -2.67400860786438 -2.5413990020752 -2.40145349502563 -2.21163010597229 -2.21275901794434 -2.31830072402954 -1.66254770755768 -2.09654760360718
7.13023519515991 6.19563865661621 5.84176206588745 5.37074327468872 4.93273162841797 4.41490077972412 3.93983912467957 3.36445617675781 2.93927216529846 3.8227174282074 5.29559564590454 6.57243633270264 9.39807796478271 10.7185573577881 11.5840463638306 11.4549388885498 10.6633415222168 8.40231227874756 7.1266303062439 9.26943111419678 8.87535190582275 9.90560436248779 15.6870012283325 7.89624643325806 4.46231651306152 0.665201425552368 -1.03651213645935 3.80759763717651 2.45340609550476 0.402728646993637 -0.984282493591309 -0.0457622595131397 3.34449148178101 0.442123025655746 -0.484333962202072 -0.831075549125671 -2.33981418609619 -2.59555268287659 -2.45902538299561 -2.2539427280426 -2.1210081577301 -2.14671993255615 -2.29060125350952 -2.17232656478882 -2.06557154655457
