slauniainen/Data/DEM/Vihti_dsm1500b_cl_horizonAngle_354.asc
NCOLS 196 
NROWS 178 
XLLCORNER 353680 
YLLCORNER 6699024 
CELLSIZE 16 
NODATA_value -3.4e+38 
[rows 100 to 119 of 178, columns 90 to 134 of 196]
7.03182125091553 3.70292472839355 2.5858998298645 3.49537944793701 3.82433581352234 4.22019147872925 4.63758707046509 4.79787874221802 5.29739999771118 23.2082576751709 7.71334838867188 10.9979152679443 12.0964288711548 3.6557400226593 12.6749229431152 15.3298387527466 23.0105361938477 24.635570526123 26.6349830627441 24.8350067138672 23.4913024902344 22.735034942627 22.2810115814209 15.7439460754395 3.39430809020996 0.913457691669464 10.2972784042358 34.0506324768066 9.18841361999512 11.884747505188 11.8631057739258 18.4648132324219 16.2782249450684 10.3461542129517 36.5953178405762 23.6858558654785 23.1779727935791 17.0332622528076 23.258129119873 18.3103523254395 7.44515466690063 6.54496192932129 16.8724174499512 6.79618835449219 7.67980670928955
6.20022535324097 3.56051635742188 1.67282807826996 1.44170212745667 3.1468517780304 1.77554452419281 3.36739230155945 4.32251739501953 4.91957426071167 14.3903350830078 10.7413749694824 7.61203289031982 10.3874263763428 3.53573369979858 9.833740234375 6.82862854003906 19.3839015960693 18.1978816986084 16.7385997772217 19.9306221008301 19.5198059082031 18.8332023620605 17.894510269165 15.3710165023804 19.0525379180908 26.8977108001709 21.1877670288086 16.5100021362305 27.0182247161865 30.3337669372559 19.4399375915527 13.6649580001831 10.6011972427368 23.5207252502441 29.4967594146729 44.2563552856445 22.617919921875 12.702184677124 17.4221534729004 15.1178207397461 6.46872186660767 6.45534753799438 9.67332744598389 13.771203994751 5.80243825912476
5.30024290084839 3.33079624176025 0.568309843540192 9.71394443511963 2.75447678565979 1.59872078895569 2.47162866592407 4.16228866577148 4.35706901550293 9.08812522888184 13.7156200408936 15.9212684631348 8.34736061096191 20.6896991729736 30.2163887023926 6.2517147064209 18.3445911407471 32.6509857177734 39.0027770996094 18.752779006958 17.8068523406982 14.9950151443481 16.918041229248 14.5646963119507 19.5124492645264 22.906120300293 20.7656803131104 38.9628791809082 21.2245674133301 20.8057079315186 7.90283346176147 10.1288795471191 14.0781621932983 23.2565364837646 25.0486927032471 21.068546295166 19.8694114685059 11.8769397735596 7.27993869781494 7.03705024719238 5.83359146118164 6.15446281433105 15.2958850860596 9.08247661590576 25.8155517578125
4.52740526199341 2.66509175300598 11.6709785461426 0.591479361057281 6.84867334365845 23.4147510528564 12.8864612579346 3.6664879322052 3.97384023666382 7.24386930465698 8.23946857452393 12.9020824432373 10.4670553207397 15.1697359085083 8.36999130249023 28.6494674682617 21.1410522460938 19.4370098114014 23.9292106628418 24.4168395996094 15.3259706497192 29.1834049224854 18.7549533843994 13.5092878341675 12.7812566757202 33.8244895935059 33.6171035766602 16.4481239318848 11.833758354187 7.87631130218506 6.13600206375122 10.2608127593994 8.50418567657471 14.5682687759399 19.0125179290771 15.511944770813 16.2959899902344 23.3189754486084 29.4454078674316 5.50295543670654 5.29331493377686 5.72142648696899 8.72965526580811 5.68734455108643 16.9627208709717
5.81876468658447 2.50511455535889 6.3854923248291 10.3436555862427 4.57376098632812 14.0938472747803 8.09025001525879 3.27117586135864 3.69694185256958 4.4762077331543 5.90738010406494 8.48107814788818 14.3163499832153 18.4370288848877 25.0625495910645 24.5560035705566 11.4820747375488 17.2558174133301 23.0008583068848 24.9079685211182 32.1738739013672 18.900447845459 16.5374298095703 23.2555561065674 38.625415802002 20.802267074585 17.5418930053711 12.4571466445923 9.59622955322266 14.7743806838989 21.7871112823486 6.11099767684937 8.32464408874512 10.6181764602661 9.95353317260742 14.4055137634277 14.3013010025024 12.4543800354004 10.6054353713989 25.6124420166016 27.7368812561035 29.8443698883057 12.751389503479 15.8783416748047 16.4320068359375
4.89588642120361 2.31811809539795 13.0138683319092 2.95725274085999 2.4269757270813 9.46383285522461 5.55861473083496 3.11233353614807 3.46195697784424 4.1069130897522 5.01598262786865 6.28446388244629 9.03575134277344 12.7454328536987 13.2424468994141 16.0636672973633 17.7552223205566 11.499945640564 15.9596767425537 16.9347801208496 19.7205066680908 18.6205863952637 16.5539264678955 21.0786437988281 22.4180278778076 16.0534210205078 15.8512620925903 9.6422004699707 6.68970251083374 5.87862682342529 3.7427818775177 5.33859300613403 5.63779830932617 5.43956327438354 8.79997539520264 12.7923431396484 12.0203561782837 19.8966407775879 10.5941562652588 17.127613067627 11.1167402267456 14.2932443618774 8.19415378570557 12.6592016220093 10.1607046127319
4.26673078536987 2.17647051811218 8.62705230712891 22.4760665893555 13.9523601531982 7.18698453903198 5.71272563934326 2.91001963615417 3.09616041183472 3.78960990905762 4.55423784255981 5.00602531433105 6.76584005355835 7.31196880340576 9.77982139587402 12.9422578811646 11.1707754135132 27.3823261260986 13.1181402206421 13.6067905426025 15.4347076416016 17.7903137207031 15.5103960037231 15.0618600845337 16.1406955718994 14.5509805679321 14.835844039917 13.0635633468628 25.7141017913818 11.0368556976318 13.735279083252 6.85636234283447 5.32610654830933 12.7307176589966 8.55950450897217 12.7724771499634 21.0868854522705 13.688286781311 24.323127746582 25.5247669219971 27.7735614776611 24.5724258422852 8.67899608612061 21.1237850189209 22.424015045166
3.72867631912231 2.00272107124329 6.03810167312622 11.8145341873169 8.04540729522705 4.01905155181885 5.70131063461304 3.51805281639099 2.92400860786438 3.51933789253235 4.20881080627441 4.59045553207397 5.30649137496948 6.47236347198486 8.23714256286621 8.13535690307617 10.5729732513428 16.1339359283447 17.5408744812012 27.8584995269775 12.4206371307373 11.9414148330688 12.3703870773315 11.1713104248047 11.4352540969849 12.7250089645386 11.8153829574585 16.0909309387207 18.4893112182617 8.89540672302246 10.8082962036133 20.3161525726318 18.7129535675049 21.9168281555176 14.8062810897827 24.6350650787354 23.1644477844238 14.8147840499878 16.1912536621094 17.3277912139893 23.534704208374 22.7734127044678 28.6574325561523 20.1675090789795 20.3996963500977
3.2725772857666 1.90742170810699 4.36563348770142 8.37867641448975 5.26471090316772 2.41268634796143 4.77490186691284 2.9289882183075 2.76614141464233 2.85419511795044 3.8531494140625 4.2697925567627 4.78142070770264 5.74051427841187 7.07609176635742 7.26410293579102 9.68006801605225 11.9616508483887 12.7303848266602 13.7980365753174 26.1295299530029 29.797290802002 27.9483299255371 25.4000091552734 8.54599094390869 9.61430072784424 11.6698932647705 14.3618698120117 19.601131439209 16.451868057251 10.6517543792725 17.7424793243408 27.4489097595215 17.756462097168 14.3008918762207 12.604058265686 14.8122301101685 12.2024450302124 12.0021934509277 11.164529800415 16.4206829071045 15.2805709838867 15.8782052993774 14.1700458526611 12.9107208251953
1.0248327255249 1.5810067653656 0.792411744594574 0.844321846961975 0.935543298721313 1.40189409255981 4.09200000762939 2.55885362625122 2.64140343666077 2.68515706062317 3.56620693206787 5.05966472625732 4.63764190673828 5.15175199508667 6.17397832870483 6.36335229873657 8.97818183898926 10.7604351043701 11.9291152954102 12.9396944046021 12.4125356674194 14.2654695510864 12.8040504455566 12.0427179336548 29.5012874603271 9.17205715179443 8.2274169921875 7.15271997451782 9.29104518890381 6.8581714630127 10.0782022476196 17.4835910797119 20.7274856567383 12.7453079223633 10.7900724411011 11.9050464630127 11.5090236663818 11.1144437789917 10.8561735153198 9.07515048980713 11.690803527832 12.1928806304932 12.3062953948975 10.2553329467773 10.9243583679199
-0.135665744543076 0.349497646093369 0.392352074384689 0.647012531757355 1.21284675598145 3.56602549552917 3.70945978164673 2.38292956352234 2.512775182724 2.54189968109131 3.03386044502258 3.66317939758301 4.44160747528076 5.72611951828003 5.79642534255981 5.64028882980347 7.24425268173218 10.0082931518555 11.0917148590088 12.2661962509155 11.8121500015259 11.723180770874 11.7289266586304 10.5961256027222 15.240216255188 17.3033847808838 9.80322456359863 7.29031848907471 7.38637113571167 16.6531391143799 16.0216846466064 7.72756052017212 14.6858062744141 11.0543813705444 5.31179332733154 6.6762900352478 7.67391681671143 8.85564613342285 9.87145137786865 17.8703269958496 10.5515508651733 9.9567232131958 9.90384674072266 8.19198226928711 10.1668043136597
1.29473698139191 0.0769458115100861 0.137071326375008 0.410889387130737 0.275882124900818 1.16325271129608 3.44678688049316 2.27621865272522 2.86773300170898 5.34226989746094 2.99957966804504 3.49809503555298 4.16803693771362 4.87405204772949 5.62368583679199 5.19098138809204 6.03181743621826 8.46913433074951 10.3169469833374 11.236834526062 11.4195318222046 11.0798206329346 10.9864950180054 10.1656637191772 10.7032442092896 8.87293243408203 18.4614295959473 17.7679595947266 11.1548299789429 8.74140453338623 8.29103946685791 6.64096069335938 5.38160371780396 4.64357376098633 4.42436647415161 6.2718358039856 6.56054258346558 6.72942399978638 6.94420671463013 9.17012786865234 10.7474279403687 9.45871639251709 8.65097713470459 5.6473970413208 7.32513666152954
3.27935838699341 -0.0583679042756557 -0.217162728309631 -0.0716097876429558 -0.330543845891953 1.04812359809875 3.22150611877441 2.15733957290649 2.28768968582153 2.29935097694397 2.7257387638092 3.29784297943115 3.88818717002869 4.51992082595825 5.11369323730469 4.83964681625366 5.85614347457886 7.87236595153809 8.81350898742676 9.57407760620117 10.7566833496094 10.4773054122925 10.3489027023315 10.3464975357056 9.44679641723633 8.65853881835938 11.0358848571777 9.25610542297363 6.70795679092407 7.57582664489746 5.95975112915039 3.55567932128906 5.1448278427124 4.41625547409058 9.14142608642578 4.77462434768677 6.22358083724976 5.37358140945435 8.046630859375 8.03317546844482 8.65869998931885 9.34598541259766 9.51399230957031 14.8906002044678 6.63015460968018
-0.51447594165802 -0.328623682260513 -0.663016200065613 -0.126326322555542 10.5956754684448 1.00483727455139 2.20356488227844 2.02278232574463 2.04795289039612 2.19111680984497 2.7023446559906 3.0622034072876 3.42357397079468 4.16932249069214 4.65951490402222 4.63292980194092 5.58666706085205 6.91472673416138 8.25970840454102 8.99196147918701 10.1065015792847 9.860107421875 9.74083137512207 9.69944000244141 8.88912200927734 8.03561687469482 8.70536518096924 6.98665189743042 6.3523063659668 5.368821144104 4.02704858779907 12.9495973587036 4.42236280441284 6.07422924041748 3.95115399360657 4.4269437789917 5.44885921478271 5.61998176574707 5.78251028060913 7.47326707839966 7.62874221801758 7.34082269668579 10.1727819442749 9.61658096313477 5.25648880004883
5.88798475265503 -0.59137088060379 16.3795719146729 17.9205150604248 -0.291744261980057 0.878725230693817 1.09972786903381 1.94215393066406 1.96359980106354 2.0798032283783 2.48427200317383 2.84300398826599 3.20723867416382 3.55399179458618 4.21227264404297 4.05792903900146 5.21981906890869 6.52989292144775 7.84336376190186 8.50691986083984 9.42644596099854 9.29071807861328 9.23249340057373 9.02387428283691 8.30624198913574 7.59332847595215 7.804368019104 6.71715641021729 6.60320949554443 4.68344259262085 3.66756367683411 3.01944446563721 3.80326342582703 4.34663963317871 3.80656695365906 11.5936822891235 6.83836317062378 20.6443672180176 5.60684776306152 4.63787460327148 5.10379791259766 6.29207563400269 7.48450756072998 6.40569400787354 5.02670001983643
0.399916112422943 -0.766767144203186 1.92607593536377 6.75852727890015 27.8880748748779 1.02416241168976 1.01984238624573 1.93763709068298 1.89415156841278 3.85870933532715 2.37236595153809 2.78401684761047 3.10681653022766 3.4280731678009 3.71005153656006 3.8647723197937 4.95476055145264 6.23360681533813 7.47813129425049 7.96713399887085 8.88882446289062 8.84707641601562 8.75654220581055 8.53130531311035 7.69158744812012 6.81130075454712 6.60165643692017 7.05249786376953 4.44138431549072 4.30771636962891 2.96004605293274 2.45930576324463 4.15705394744873 4.05413627624512 3.67867660522461 2.8986222743988 4.81275177001953 5.51410818099976 5.0989465713501 4.19946336746216 4.33570528030396 4.17992496490479 5.06331014633179 5.24061346054077 4.36731719970703
-0.965770602226257 6.70075607299805 -1.00515460968018 1.01821756362915 13.6785192489624 2.37043881416321 0.98993593454361 1.86813139915466 3.2407374382019 2.04439997673035 2.26884937286377 2.56623005867004 2.87500619888306 3.35338950157166 3.50361800193787 3.47940039634705 4.60202884674072 5.84805679321289 7.11678695678711 7.70713043212891 8.55267429351807 8.36502552032471 8.32951068878174 8.22172355651855 7.31336641311646 6.58218622207642 5.03828096389771 4.9818286895752 3.19925951957703 3.01875758171082 2.52891659736633 2.47614860534668 3.62713837623596 3.70724105834961 3.56746125221252 1.99512553215027 4.1243896484375 4.42746067047119 4.80582761764526 3.54002690315247 3.72008943557739 4.00046873092651 4.79788064956665 4.66656064987183 12.5707931518555
3.12138652801514 0.383464306592941 5.68056869506836 6.61973190307617 -0.231225237250328 5.35869264602661 5.07074642181396 1.91430163383484 2.71296405792236 2.03688478469849 1.94096088409424 7.42765045166016 2.85833096504211 3.14123034477234 3.22637939453125 3.37298727035522 3.92985582351685 5.40955305099487 6.83186864852905 7.3682599067688 8.18067455291748 8.0164680480957 7.92277336120605 7.81840801239014 6.93786525726318 5.12028121948242 4.13321733474731 3.24932217597961 2.34923577308655 2.75712895393372 1.96008813381195 1.5796560049057 2.84945893287659 2.83430695533752 2.60058736801147 2.37378072738647 2.90208411216736 3.3436758518219 3.74335026741028 3.12100267410278 8.6936559677124 3.96218347549438 4.0678563117981 4.0194091796875 4.24151039123535
-1.23805236816406 -0.78632527589798 21.9994735717773 4.98840045928955 20.8630027770996 2.93870568275452 0.91855251789093 1.79433727264404 1.81224322319031 1.97594928741455 1.88123834133148 3.70402979850769 2.67533206939697 2.96351051330566 3.15093231201172 3.29126119613647 3.28525900840759 5.19123220443726 6.10803413391113 6.91312217712402 8.04797744750977 7.62252616882324 7.59630489349365 7.28152179718018 6.73780536651611 12.8964948654175 2.65255284309387 2.99507331848145 2.23111414909363 1.51484286785126 1.42863512039185 2.09755873680115 1.934210896492 2.51990437507629 2.43217062950134 2.29286742210388 2.38243246078491 3.18061995506287 3.14171409606934 3.41741967201233 3.69494247436523 3.94891881942749 6.83144950866699 5.09640216827393 5.23400449752808
-1.37595820426941 -0.827006936073303 1.48211538791656 2.61453151702881 11.9875802993774 0.0478387251496315 0.702453672885895 5.02855253219604 1.63948130607605 1.9105532169342 7.80685997009277 2.46631121635437 2.58608388900757 2.79080080986023 3.07597851753235 3.21398258209229 3.20552182197571 4.2360577583313 5.80502462387085 6.25589418411255 7.45762395858765 7.29730272293091 7.26825952529907 6.82898569107056 5.96083116531372 4.62345933914185 2.53578400611877 2.37778782844543 1.99675035476685 1.1775027513504 1.18052542209625 1.35402011871338 1.19869101047516 2.04280567169189 2.20751547813416 2.03798294067383 1.55427348613739 2.00184154510498 1.94412755966187 1.64670765399933 1.86214375495911 2.44633769989014 3.42086243629456 3.80156898498535 3.79429364204407
