slauniainen/Data/DEM/Vihti_dem1500b_cl_horizonAngle_162.asc
NCOLS 196 
NROWS 178 
XLLCORNER 353680 
YLLCORNER 6699024 
CELLSIZE 16 
NODATA_value -3.4e+38 
[rows 0 to 19 of 178, columns 45 to 89 of 196]
0.542871952056885 1.02435564994812 1.93898093700409 3.8071084022522 5.17021751403809 7.28664827346802 9.36420822143555 12.6457681655884 14.0047693252563 12.5784778594971 12.1654558181763 14.9346170425415 11.1012134552002 9.22817707061768 8.23344707489014 6.21337604522705 6.56417417526245 5.91598701477051 3.47410559654236 0.128707870841026 0.841446101665497 0.156734436750412 1.3428281545639 2.99905133247375 4.31084442138672 4.12214803695679 2.7903139591217 2.14937448501587 2.93941783905029 4.27174139022827 1.06605052947998 -0.411513477563858 0.976321995258331 -0.454225391149521 -0.46266695857048 -1.20723485946655 -1.39499485492706 -0.579238295555115 1.0283454656601 -0.202601581811905 -0.0686296746134758 1.08330035209656 5.24727439880371 6.64510583877563 3.15110969543457
1.80187594890594 2.93303084373474 3.91972136497498 4.8596715927124 5.95968103408813 8.01957416534424 12.6700811386108 16.0407314300537 14.2467241287231 12.6118383407593 3.98642897605896 5.34962320327759 10.0150899887085 7.13125705718994 5.73604106903076 3.58926105499268 2.19346761703491 2.0637092590332 0.665066599845886 -0.728277504444122 -0.599601805210114 0.219874829053879 1.73592662811279 4.27476978302002 5.16723346710205 4.65024518966675 3.21286702156067 2.44816064834595 2.51284718513489 3.20172071456909 1.15598046779633 0.25798487663269 -0.370423704385757 0.670967102050781 -1.25333476066589 -1.33242475986481 -1.20478427410126 1.9538266658783 2.81336307525635 2.15901112556458 -1.20146071910858 1.41597366333008 4.15175676345825 9.66429901123047 6.04351425170898
2.83369517326355 3.52056217193604 4.24567842483521 4.97669649124146 6.85461378097534 11.0235204696655 14.8503637313843 14.5556936264038 12.4171009063721 7.10010528564453 4.12128973007202 3.12773895263672 3.25858044624329 5.39928960800171 4.61648082733154 1.72961592674255 -0.142012998461723 -0.436105579137802 -0.789697647094727 -0.962563037872314 -0.557333171367645 0.522549092769623 2.59927248954773 5.44187068939209 6.06919145584106 5.27905321121216 3.89255833625793 2.70005893707275 2.68142127990723 2.61835956573486 1.33118307590485 0.711849749088287 0.14602467417717 0.100435934960842 -0.919302225112915 -1.14585113525391 -0.401960432529449 2.82299208641052 0.421333104372025 -0.749392926692963 -1.4288854598999 -0.255823254585266 2.10534572601318 1.39133656024933 0.694104492664337
2.92994022369385 3.50111603736877 4.53526067733765 5.7784628868103 8.03120994567871 9.99547100067139 11.8983011245728 12.9250240325928 5.91839265823364 2.20653486251831 1.43600606918335 -0.542218863964081 2.21578288078308 3.57358574867249 3.78548312187195 1.06492245197296 -0.464872390031815 -0.3205426633358 -0.376295328140259 -0.70106840133667 -0.314435392618179 1.02921044826508 3.67442679405212 6.72492790222168 7.59708547592163 8.042799949646 6.97420692443848 4.38933229446411 2.85034251213074 2.41622948646545 1.78096783161163 1.18658399581909 0.994696080684662 0.345717310905457 -0.435547739267349 -0.131272256374359 0.426715016365051 -0.425185143947601 -0.792196810245514 -1.30288672447205 -1.3246021270752 -1.38639199733734 -1.58603453636169 -1.6642838716507 -1.49596464633942
3.07718873023987 4.10097503662109 5.21264028549194 6.70204448699951 7.92669296264648 10.0821256637573 7.79578542709351 4.35465860366821 3.01776194572449 1.49429774284363 -1.07964313030243 -1.83922970294952 -1.46912479400635 0.488182783126831 0.192583292722702 1.69085502624512 -0.610873222351074 -0.0684712380170822 -0.0132390912622213 -0.374592036008835 0.11069979518652 1.55792629718781 4.5377459526062 7.14676666259766 9.47328281402588 9.98750495910645 8.49866771697998 5.22729015350342 3.53432893753052 2.71449375152588 2.25980162620544 1.79003977775574 1.87623047828674 1.25506961345673 1.57712781429291 0.296959668397903 -0.258835077285767 -1.04226875305176 -1.17915689945221 -1.16005611419678 -1.13548493385315 -0.744148254394531 -1.43300545215607 -1.51101171970367 -1.31842947006226
3.84354567527771 4.4999828338623 5.56175565719604 7.69389581680298 9.75729465484619 13.0069208145142 9.26576900482178 3.89230799674988 -0.260050684213638 -0.236022680997849 -2.5592896938324 -2.83744335174561 -2.76414155960083 -2.60846996307373 -2.24245595932007 -1.57185328006744 -0.580171287059784 0.255753695964813 0.397960811853409 0.143961042165756 1.48788952827454 2.66405916213989 5.677001953125 8.79069042205811 12.2007274627686 12.6901025772095 11.238712310791 10.8133344650269 5.1037449836731 3.07880663871765 2.80676817893982 2.4645824432373 2.86337041854858 3.16828536987305 2.50141167640686 0.430942863225937 -0.997571051120758 -0.976673483848572 -0.963328003883362 -0.949443459510803 -0.998261094093323 -1.1758668422699 -1.23108398914337 -1.22596192359924 -1.04142487049103
4.13222789764404 4.6205039024353 7.68100118637085 10.8108100891113 12.2592992782593 13.7005968093872 9.70170497894287 4.11718559265137 1.32129800319672 -1.33495104312897 -2.83628034591675 -2.67286562919617 -2.51193976402283 -2.32049989700317 -2.21749567985535 -1.48723232746124 -0.420311093330383 0.75949901342392 1.29687190055847 1.836305975914 3.46043920516968 4.48711013793945 7.10828495025635 11.6905012130737 14.636830329895 20.4569129943848 17.6757068634033 13.4193086624146 8.51297473907471 4.09163570404053 3.38465213775635 3.77465009689331 4.00467681884766 4.15278387069702 3.4566216468811 2.16763234138489 -0.901375293731689 -0.850795149803162 -0.793876349925995 -0.759001314640045 -0.861453711986542 -1.00444972515106 -1.0116970539093 -0.970793902873993 -0.821495354175568
4.51176643371582 5.5623950958252 9.76521492004395 13.2224349975586 12.6314287185669 9.8227596282959 6.46214962005615 1.94064319133759 -1.37519931793213 -2.03852462768555 -2.72003102302551 -2.41098427772522 -2.16917753219604 -2.0029981136322 -1.95083105564117 -1.02502310276031 0.227383956313133 1.45590555667877 2.65911555290222 3.79259490966797 5.56632852554321 7.91795969009399 10.1383905410767 13.3822679519653 15.7908878326416 9.3342981338501 6.25989437103271 4.52426147460938 3.8894624710083 3.87159514427185 4.11566305160522 5.21520137786865 5.62671756744385 5.46483755111694 5.46841430664062 6.17411422729492 4.49920034408569 -0.707768678665161 -0.625625133514404 -0.56793886423111 -0.580979585647583 -0.633119940757751 -0.780558109283447 -0.701382100582123 -0.542632758617401
5.57211017608643 7.62607049942017 7.63053560256958 5.68818283081055 5.26245498657227 5.05985975265503 -0.576175332069397 -2.3591148853302 -1.73092615604401 -2.17524385452271 -2.94971561431885 -2.14828610420227 -1.73045814037323 -1.73714959621429 -1.7466893196106 -0.32549837231636 1.74784708023071 2.68480157852173 3.88977789878845 5.25984144210815 7.93401193618774 9.87380695343018 12.128978729248 13.0764760971069 7.5381498336792 2.4128532409668 2.00332474708557 0.499356150627136 0.968838274478912 2.296226978302 4.36403703689575 6.33690214157104 7.69388055801392 7.48693990707397 6.93251752853394 2.52665114402771 -0.95130330324173 -0.0837653800845146 -0.476067453622818 -0.389149576425552 -0.351906180381775 -0.369499415159225 -0.43497097492218 -0.297641575336456 -0.186009839177132
7.25020694732666 8.65347957611084 5.58827066421509 3.4350368976593 2.35307717323303 0.0211735852062702 -1.61645579338074 -2.5553834438324 -3.86483502388 -3.80101084709167 -3.12831974029541 -2.10336709022522 -1.16403186321259 -1.70375490188599 -1.43307626247406 -0.312634587287903 3.15800380706787 4.10474729537964 4.73114919662476 7.28744125366211 11.2081689834595 13.1280508041382 11.3030920028687 7.97394371032715 3.83515048027039 1.72508490085602 0.103627517819405 -0.290881603956223 -0.0519913844764233 0.198190852999687 1.60773921012878 4.08182287216187 4.48331594467163 1.99044489860535 -0.920548319816589 -1.19042527675629 -0.882931649684906 2.85001611709595 0.699185431003571 -0.228965550661087 -0.174236789345741 -0.115180730819702 -0.0403226502239704 0.0268719773739576 0.0925629585981369
7.48657560348511 8.61988639831543 4.87506484985352 1.39518582820892 0.133738100528717 -0.790078580379486 -1.26561200618744 -1.86733996868134 -3.59533882141113 -3.67821192741394 -3.41065454483032 -1.97054851055145 -1.68060564994812 -1.23246443271637 -0.62374883890152 0.661870539188385 4.66139984130859 5.42077732086182 5.64313554763794 9.64027118682861 9.40673160552979 7.03722333908081 5.82885408401489 2.58205652236938 0.411634773015976 0.716640710830688 1.38057839870453 1.83753752708435 0.285936653614044 0.0225396230816841 -0.141849085688591 -1.37981390953064 -1.89019441604614 -1.68747198581696 -1.44403266906738 -1.15686964988708 -0.82469654083252 -0.603150129318237 -0.315012097358704 -0.140621289610863 -0.000454441993497312 0.10820746421814 0.138841837644577 0.154978454113007 0.15729096531868
8.2821626663208 5.76066160202026 4.13223552703857 2.62724113464355 0.563741624355316 -0.391193866729736 -0.737103879451752 -0.116971135139465 -0.905541718006134 -1.63046050071716 -2.77274107933044 -1.58277595043182 -1.18734359741211 -0.230784326791763 0.419170647859573 2.34219074249268 5.37517929077148 8.3131275177002 7.47979402542114 9.44888305664062 6.41283512115479 2.98928999900818 0.454143434762955 0.594724655151367 -1.0939267873764 -1.93111908435822 -2.48972964286804 -1.31848549842834 1.42437469959259 0.434938102960587 -1.71555852890015 -2.01454472541809 -1.90283584594727 -1.65698671340942 -1.32801198959351 -1.03293550014496 -0.72437047958374 -0.520833492279053 -0.192554533481598 0.0388015098869801 0.205771207809448 0.265183746814728 0.276956051588058 0.287019193172455 0.319325715303421
9.46539497375488 6.98466396331787 4.99531602859497 3.5291314125061 1.42718148231506 0.204412534832954 0.67994636297226 2.6921820640564 3.53869533538818 2.22726774215698 -1.73021650314331 -1.77100992202759 -0.701798439025879 0.317651122808456 1.27307188510895 2.765305519104 7.65353870391846 11.010573387146 9.93540287017822 7.78405570983887 3.43226528167725 1.71213245391846 -0.0874797776341438 0.754856169223785 0.629800021648407 -1.14436888694763 -2.52446389198303 -2.35895657539368 1.68184697628021 0.876436173915863 -1.99899709224701 -1.94815909862518 -1.7828882932663 -1.47102856636047 -1.15737402439117 -0.770326673984528 -0.483763337135315 -0.163903370499611 0.159547612071037 0.397377252578735 0.467809706926346 0.460222363471985 0.411786198616028 0.415353000164032 0.47484502196312
13.1902475357056 11.1427659988403 7.65444803237915 5.28654193878174 3.16078758239746 1.64394044876099 2.69440078735352 3.08102107048035 4.1071834564209 4.36221694946289 3.5570662021637 0.705386281013489 -0.188881456851959 1.1677393913269 2.47653198242188 3.45292067527771 10.7956733703613 14.621467590332 17.9735794067383 8.85702800750732 3.63919615745544 2.27085423469543 0.360278099775314 -2.23837637901306 -2.64677500724792 -2.59805178642273 -1.51032400131226 -2.27714848518372 -2.1828019618988 -2.05836296081543 -1.92269480228424 -1.74583089351654 -1.52893912792206 -1.22755289077759 -0.937646448612213 -0.545525312423706 -0.0985976904630661 0.261252820491791 0.656515836715698 0.888111293315887 0.888252913951874 0.697362959384918 0.605174422264099 0.59495609998703 0.591051995754242
16.7439613342285 14.5265655517578 10.856595993042 8.67635822296143 6.15638160705566 3.72966003417969 2.91806721687317 1.27616000175476 -1.22318303585052 0.269298702478409 2.59129953384399 0.28418818116188 -0.0898955389857292 1.60546803474426 3.40386509895325 4.85002183914185 10.3636226654053 13.6663274765015 10.7887659072876 7.40256595611572 4.29208040237427 2.80190467834473 0.576707184314728 -2.05449104309082 -2.5602068901062 -2.51508283615112 -2.38520216941833 -2.16976404190063 -2.1184606552124 -1.97599720954895 -1.87727355957031 -1.56481790542603 -1.34893310070038 -1.10778343677521 -0.761409878730774 -0.340802133083344 0.0721568837761879 0.711744844913483 1.0711807012558 1.24608075618744 1.17409992218018 1.01580464839935 0.802953481674194 0.71313750743866 0.727211833000183
22.45285987854 18.8785610198975 14.1967124938965 10.1549463272095 10.1344566345215 6.60003328323364 3.67892122268677 0.220723301172256 -3.5519073009491 -1.54947400093079 -2.12861847877502 -0.73188328742981 -0.648808002471924 2.40402483940125 4.18260478973389 4.02152633666992 4.8107762336731 1.72292852401733 -0.889328479766846 3.89770269393921 4.60298490524292 6.4339861869812 7.73680591583252 4.77339124679565 0.0589035302400589 -2.23201417922974 -2.31043338775635 -2.05869579315186 -1.93038260936737 -1.7682398557663 -1.6353520154953 -1.40841937065125 -1.21700668334961 -0.946379840373993 -0.57595157623291 -0.145747989416122 0.135879695415497 0.701574981212616 1.22729527950287 1.44438874721527 1.37754333019257 1.28030395507812 1.09881997108459 0.893637418746948 0.816203534603119
22.6998443603516 25.7699432373047 22.0050163269043 13.0902404785156 8.68869781494141 5.88581943511963 1.59222614765167 -2.78253769874573 -3.41818952560425 -3.44129610061646 -3.24421000480652 -3.00854110717773 -0.656311690807343 3.36694574356079 4.78035974502563 5.12497663497925 3.1357696056366 -0.94286435842514 -2.22845530509949 -1.39482450485229 2.73123455047607 3.40335440635681 2.66512846946716 1.48935604095459 -1.53923618793488 -2.37183713912964 -2.2470076084137 -1.96800410747528 -1.70873630046844 -1.47475492954254 -1.30298745632172 -1.14836490154266 -0.979111731052399 -0.753241121768951 -0.380893111228943 -0.1359583735466 0.150428652763367 0.454085052013397 1.01574683189392 1.41007280349731 1.51262903213501 1.44920182228088 1.36407494544983 1.14511609077454 0.962276935577393
8.7689323425293 9.39666938781738 8.45938968658447 11.0108976364136 11.4645681381226 9.50755023956299 2.92934465408325 -1.1618744134903 -1.04957342147827 -1.6246030330658 -1.02644026279449 -2.84825491905212 0.23481810092926 3.38784599304199 5.71449708938599 6.8041524887085 4.94854116439819 0.939410924911499 -1.72831618785858 -2.52993178367615 -2.80912256240845 -2.87534499168396 -2.59511637687683 -0.88807201385498 -1.96801400184631 -2.25333666801453 -2.00877952575684 -1.64296066761017 -1.4820808172226 -1.23370742797852 -1.05546295642853 -0.894276142120361 -0.758679151535034 -0.614056944847107 -0.362056732177734 -0.154547244310379 0.102557279169559 0.364614754915237 0.915264844894409 1.31536221504211 1.53842926025391 1.54695546627045 1.5212277173996 1.33099722862244 1.13263237476349
-1.78148877620697 -0.221297025680542 -0.0890382751822472 1.31523609161377 3.21669507026672 4.54679584503174 3.24289441108704 1.59817755222321 -0.0851314142346382 1.18994832038879 -0.291018187999725 -2.3902440071106 -0.0922889932990074 2.77625417709351 7.66020059585571 9.73329067230225 8.89066028594971 2.92689228057861 -1.19188725948334 -2.6724808216095 -2.71929049491882 -2.78635168075562 -2.80647611618042 -2.67112708091736 -2.42798948287964 -2.02891039848328 -1.73448514938354 -1.45019483566284 -1.30184268951416 -1.05335640907288 -0.852410197257996 -0.747572004795074 -0.67664909362793 -0.507210254669189 -0.404940545558929 -0.205010071396828 0.0582236647605896 0.259455502033234 0.807989239692688 1.37656533718109 1.5953803062439 1.5899977684021 1.55299258232117 1.45726501941681 1.2781583070755
-4.1454439163208 -4.25130271911621 -2.47988533973694 -3.17695808410645 -4.00877523422241 -3.8751380443573 -3.63944339752197 -2.79580688476562 -3.38731169700623 -3.29048109054565 -3.06680464744568 -2.72413754463196 -1.67958045005798 5.40279245376587 11.0864143371582 12.3113946914673 10.3482294082642 6.2498517036438 0.0940926000475883 -2.60479140281677 -2.6404082775116 -2.67310070991516 -2.67773962020874 -2.59937787055969 -2.30481195449829 -1.84063971042633 -1.5434855222702 -1.30939066410065 -1.14463460445404 -0.902659177780151 -0.765560328960419 -0.689537823200226 -0.646016955375671 -0.593568444252014 -0.439179062843323 -0.219450354576111 -0.0338196381926537 0.220671772956848 0.564464092254639 1.17785739898682 1.59803128242493 1.68856251239777 1.60770857334137 1.51406812667847 1.36820995807648
