slauniainen/Data/DEM/Vihti_dem1500b_cl_horizonAngle_162.asc
NCOLS 196 
NROWS 178 
XLLCORNER 353680 
YLLCORNER 6699024 
CELLSIZE 16 
NODATA_value -3.4e+38 
[rows 60 to 79 of 178, columns 0 to 44 of 196]
1.61586058139801 1.69029724597931 2.13451790809631 1.95097470283508 1.94473111629486 1.93508660793304 2.05623030662537 1.64448034763336 1.33786821365356 2.48147535324097 2.5865113735199 3.54049158096313 3.77358222007751 3.81392526626587 4.29249095916748 2.84920787811279 2.48602509498596 2.78892874717712 3.58290672302246 2.63139128684998 1.82428348064423 0.0671024024486542 -0.7184037566185 -0.704730868339539 -0.655026853084564 -0.490864038467407 6.27358102798462 7.8435583114624 4.48175477981567 1.8016060590744 0.366939812898636 0.365159779787064 0.448313474655151 0.486471265554428 0.512144267559052 0.479926347732544 0.441345185041428 0.392306298017502 0.316407352685928 0.385924577713013 0.515079736709595 0.391277700662613 0.141658619046211 -0.0342493131756783 -0.0154953775927424
1.68595099449158 2.01067709922791 2.19600939750671 2.34002542495728 2.37054991722107 2.26165008544922 2.12605381011963 2.39764881134033 2.10712504386902 2.59475994110107 2.59808826446533 1.7692152261734 2.04465007781982 3.67381811141968 5.5585036277771 4.04857730865479 3.11862564086914 3.34544968605042 2.02241635322571 1.4749675989151 2.11422657966614 0.832655429840088 -0.641288816928864 -0.631725370883942 -0.538942813873291 -0.467622101306915 -0.286948055028915 9.78406715393066 7.23495864868164 3.93374729156494 2.36993885040283 0.938780128955841 0.476596772670746 0.53176486492157 0.559104204177856 0.530039608478546 0.504663109779358 0.496517926454544 0.437119513750076 0.565585672855377 0.770967900753021 0.741106331348419 0.450351387262344 0.205656304955482 0.106166802346706
1.73395586013794 2.11708784103394 1.9228949546814 2.67734146118164 3.35659408569336 3.92987251281738 2.22436237335205 1.99101638793945 1.83833229541779 1.98272240161896 1.27310609817505 1.72393989562988 2.38590478897095 4.28647899627686 6.43871068954468 4.41357898712158 3.75307011604309 3.51493048667908 2.83550357818604 0.161000788211823 0.961791515350342 -0.109856627881527 -0.58510285615921 -0.542103469371796 -0.44315505027771 -0.405794948339462 -0.329108893871307 -0.107989005744457 7.66491460800171 4.42408847808838 2.15731978416443 1.46134352684021 0.464421361684799 0.570615291595459 0.596209049224854 0.611674308776855 0.584064126014709 0.589658200740814 0.54373574256897 0.620371758937836 0.841939210891724 0.886231184005737 0.812560975551605 0.51292085647583 0.28265255689621
0.949964582920074 1.91006195545197 1.52841079235077 1.03528070449829 1.24841403961182 1.29449391365051 1.98938405513763 2.30168962478638 1.63141107559204 1.20927476882935 1.3845978975296 1.78360056877136 2.66395854949951 4.47431325912476 4.91717195510864 11.1979818344116 5.32107591629028 3.40061831474304 0.0493412725627422 -0.152476787567139 -0.554286181926727 -0.520637989044189 -0.501515209674835 -0.424558848142624 -0.357838481664658 -0.238593637943268 -0.0264756642282009 -0.079741358757019 -0.00316612794995308 0.152349501848221 0.298783987760544 0.392986565828323 0.465033292770386 0.578791916370392 0.625952243804932 0.658005356788635 0.650478422641754 0.671046257019043 0.669718444347382 0.60341876745224 0.744552075862885 0.944644391536713 0.954262256622314 0.871726155281067 0.584547340869904
0.655227541923523 1.18153536319733 1.13941812515259 1.14379048347473 1.28620910644531 1.58506679534912 2.10247659683228 2.49081826210022 2.39779448509216 1.41514432430267 1.84515237808228 1.93924236297607 1.7126727104187 2.56509733200073 4.56737422943115 2.20894932746887 5.77825927734375 4.19940996170044 -0.273260146379471 -0.577505946159363 -0.507106006145477 -0.47019436955452 -0.400207996368408 -0.339275002479553 -0.27381557226181 -0.0693372413516045 0.240444466471672 0.284826725721359 0.166445821523666 0.214574426412582 0.350748538970947 0.426267772912979 0.487882792949677 0.602541446685791 0.658937096595764 0.710994124412537 0.72524505853653 0.736808121204376 0.74216216802597 0.66261214017868 0.79868346452713 1.03137314319611 1.05011546611786 0.991464853286743 0.869534432888031
0.996716320514679 0.987848520278931 0.893915832042694 1.11908876895905 1.45113396644592 1.6066038608551 2.49657416343689 2.72275400161743 2.82431793212891 1.80338907241821 2.33280277252197 1.74918568134308 1.5548437833786 0.788165271282196 -0.876315891742706 -0.917186617851257 -0.0174989439547062 2.68723726272583 1.69070494174957 -0.546381115913391 -0.447226941585541 -0.369148373603821 -0.27134245634079 -0.22681437432766 -0.14411872625351 0.0397109054028988 0.231244131922722 0.476595103740692 0.542629599571228 0.372608631849289 0.373251646757126 0.471090167760849 0.5694859623909 0.619622945785522 0.729977309703827 0.778548777103424 0.817144751548767 0.793962478637695 0.797975420951843 0.757264673709869 0.815657496452332 1.0761342048645 1.13762199878693 1.08924376964569 0.971224129199982
0.412736356258392 0.781106650829315 0.602451801300049 0.834787011146545 0.992490112781525 1.29097783565521 2.29408574104309 2.88755655288696 3.11300730705261 2.37070369720459 1.94266676902771 2.2828893661499 2.34730863571167 1.59562826156616 0.599825203418732 -0.812835097312927 -0.839798212051392 -0.793225347995758 1.34293806552887 -0.129991933703423 -0.416181772947311 -0.337232112884521 -0.222898930311203 -0.165996134281158 -0.0609808042645454 0.100664295256138 0.296749025583267 0.682183682918549 0.745837152004242 0.634963274002075 0.497507482767105 0.537400364875793 0.620244979858398 0.66478556394577 0.766427755355835 0.821386992931366 0.857008337974548 0.835805594921112 0.845878124237061 0.852181196212769 0.778049111366272 0.954851984977722 1.18889486789703 1.20780670642853 1.16437637805939
0.127310514450073 -0.0760676935315132 0.386841088533401 0.497128307819366 0.344366371631622 0.664017975330353 1.02385067939758 2.48327422142029 3.11049604415894 3.47726249694824 2.5985643863678 3.71675729751587 3.35567784309387 0.754173278808594 1.98029375076294 -0.545756578445435 -0.756921827793121 -0.748876929283142 -0.694537699222565 -0.526159644126892 -0.384832292795181 -0.283533483743668 -0.197926566004753 -0.118814237415791 0.0103684952482581 0.17175105214119 0.388245224952698 0.765449464321136 0.911923348903656 0.788644313812256 0.619488179683685 0.627774298191071 0.650775492191315 0.682980239391327 0.794000923633575 0.853089869022369 0.887474715709686 0.884352624416351 0.889057040214539 0.908882260322571 0.852660179138184 1.01216721534729 1.27512192726135 1.30278241634369 1.27857828140259
0.131720244884491 0.191067725419998 -0.0384018421173096 0.125207230448723 0.269285678863525 0.331549763679504 0.751041114330292 2.00632667541504 3.34723973274231 4.06260681152344 3.10247993469238 3.89543342590332 3.2162458896637 2.53608560562134 -0.801981866359711 -0.758284389972687 -0.68823629617691 -0.606894075870514 -0.576217949390411 -0.457342386245728 -0.28645446896553 -0.235282719135284 -0.134634673595428 -0.0516859963536263 0.0112650180235505 0.225903630256653 0.412300646305084 0.655840158462524 0.999097585678101 1.0561226606369 0.759830415248871 0.704259991645813 0.692020237445831 0.741089999675751 0.786729514598846 0.893443703651428 0.912273526191711 0.938719511032104 0.93181300163269 0.971411406993866 0.968711614608765 1.02422833442688 1.32158100605011 1.40315437316895 1.38999271392822
0.312188535928726 0.481377333402634 -0.0427251011133194 0.0961205959320068 -0.059429369866848 0.512179970741272 0.5257288813591 1.53262305259705 3.2264883518219 4.12374925613403 4.14647102355957 2.00939607620239 1.9124391078949 -0.785692811012268 -0.736059665679932 -0.671316921710968 -0.5999636054039 -0.512964367866516 -0.443827748298645 -0.316057741641998 -0.23710073530674 -0.144090354442596 -0.0406261868774891 -0.0154490116983652 0.0781569331884384 0.302093505859375 0.427810817956924 0.655030846595764 1.14196264743805 1.20183610916138 1.01633739471436 0.815021336078644 0.792701303958893 0.799887537956238 0.818646013736725 0.907459080219269 0.926987946033478 0.966411113739014 0.986136853694916 1.05610871315002 1.11627745628357 1.04770076274872 1.19118881225586 1.46730768680573 1.50378906726837
0.556217432022095 0.435192197561264 0.0683809444308281 0.393695205450058 0.557597219944 0.891863703727722 0.448380976915359 1.33168601989746 1.76698136329651 3.05369687080383 5.29132080078125 1.68605077266693 -0.762044787406921 -0.694996654987335 -0.586934804916382 -0.542381942272186 -0.510591268539429 -0.460213422775269 -0.378418564796448 -0.252808928489685 -0.167229577898979 -0.0739190727472305 -0.010313356295228 0.0430343262851238 0.177251756191254 0.332667320966721 0.470989882946014 0.697555959224701 1.14996671676636 1.31403529644012 1.18008494377136 0.925999999046326 0.88155734539032 0.858901262283325 0.848122179508209 0.976784825325012 1.37049388885498 2.36043381690979 4.97853851318359 3.56016874313354 2.03357219696045 1.80797910690308 1.19484078884125 1.49227333068848 1.53961825370789
0.75604110956192 0.635210037231445 0.650813281536102 0.510310769081116 0.643219172954559 0.872893273830414 0.206688523292542 0.787676930427551 0.0781659707427025 -0.785168170928955 0.489330172538757 -0.716485798358917 -0.628641128540039 -0.544638991355896 -0.503069639205933 -0.51092267036438 -0.473979413509369 -0.387051701545715 -0.315155506134033 -0.222610384225845 -0.121545776724815 0.26685357093811 -0.000343567371601239 0.143472611904144 0.224534273147583 0.348603218793869 0.501937031745911 0.659462213516235 0.943994283676147 1.41920292377472 1.40072405338287 1.61155664920807 1.38635313510895 1.19713973999023 1.40647172927856 2.1446750164032 6.1677680015564 3.89354181289673 1.39442193508148 1.09196043014526 1.10081553459167 1.30132341384888 1.17669928073883 1.48048651218414 1.58489406108856
1.09823286533356 1.24254417419434 1.23612642288208 0.302269697189331 -0.0820391401648521 -0.360408127307892 -0.490133911371231 0.000543710542842746 -0.659156620502472 -0.735958576202393 -0.80363804101944 -0.661174833774567 0.0553245134651661 -0.474663317203522 -0.458583235740662 -0.409470915794373 -0.363173484802246 -0.354922741651535 -0.324378281831741 -0.227530539035797 -0.121639885008335 -0.0925792083144188 0.0916033908724785 0.200426831841469 0.257605999708176 0.360602349042892 0.514667630195618 0.628851115703583 0.959318995475769 2.47973155975342 2.58926701545715 3.30877232551575 3.97098207473755 3.98588347434998 7.49060583114624 2.88765144348145 1.32748293876648 1.00440418720245 1.04075253009796 1.04905498027802 1.12445545196533 1.17020797729492 1.17036581039429 1.27751541137695 1.60941660404205
1.22434592247009 1.32337594032288 0.898087322711945 0.84323525428772 0.06803098320961 -0.427134066820145 -0.596883058547974 -0.469315528869629 -0.61529541015625 -0.63959938287735 -0.672153413295746 -0.623519659042358 -0.535313367843628 -0.432696580886841 -0.398437261581421 -0.330637454986572 -0.264116197824478 -0.284327745437622 -0.241960138082504 -0.147455736994743 -0.084043487906456 0.0186350010335445 0.160948067903519 0.234984368085861 0.28622829914093 0.376116842031479 0.535842657089233 0.717799067497253 2.67811918258667 5.86066293716431 12.4379186630249 12.9168090820312 8.93864345550537 7.29050159454346 3.70833253860474 2.19743680953979 1.00750768184662 1.02275335788727 1.06593072414398 1.09779560565948 1.15493202209473 1.19745981693268 1.2013190984726 1.31350111961365 1.6615104675293
1.57112872600555 1.65081763267517 0.839530169963837 -0.0448855757713318 -0.0733752548694611 -0.101472161710262 -0.492825120687485 -0.551195800304413 -0.55968052148819 -0.579096376895905 -0.599635362625122 -0.570863962173462 -0.50516802072525 1.12545669078827 -0.325804620981216 -0.243253171443939 -0.210866183042526 -0.15384840965271 -0.130223616957664 -0.101792022585869 -0.0443731732666492 0.0971603542566299 0.189182251691818 0.262789756059647 0.328855723142624 0.486798495054245 2.10429430007935 4.24546766281128 6.21654891967773 5.6827244758606 1.87264883518219 1.37898707389832 0.997305691242218 2.21849727630615 1.31616449356079 1.44422447681427 0.994126737117767 1.06736934185028 1.09628462791443 1.15264058113098 1.18519973754883 1.23731970787048 1.28483664989471 1.28939461708069 1.64131999015808
1.84723019599915 2.28585290908813 1.83684325218201 0.225840300321579 -0.0648080706596375 -0.154418960213661 -0.414498299360275 -0.505402147769928 -0.522922933101654 -0.52419114112854 -0.541137933731079 -0.513935327529907 -0.447558104991913 -0.41149765253067 -0.298471808433533 -0.18815703690052 -0.132443696260452 -0.0907947272062302 -0.0654784962534904 -0.0720572397112846 0.0502250455319881 0.144744947552681 0.225673347711563 0.309295177459717 0.402817100286484 2.76625752449036 4.3480110168457 2.28306579589844 1.84693717956543 1.04545152187347 1.32143592834473 1.38386046886444 1.14718532562256 1.4953625202179 1.52342879772186 1.64383459091187 1.13531565666199 1.0940123796463 1.12573659420013 1.18313252925873 1.20561826229095 1.28402352333069 1.32728266716003 1.32339751720428 1.42047989368439
2.66640973091125 2.68317532539368 1.73373007774353 1.49383366107941 0.0062916842289269 0.0138982180505991 -0.258990883827209 -0.466921329498291 -0.473212242126465 -0.476262956857681 -0.418777853250504 -0.386973083019257 -0.37676990032196 -0.365673393011093 -0.249169439077377 -0.159970939159393 -0.095806248486042 -0.0469278953969479 -0.0154406605288386 0.0586708039045334 0.137977600097656 0.192020028829575 0.268244087696075 0.361105561256409 2.18228387832642 2.16471314430237 0.856530725955963 0.940950036048889 1.22588014602661 1.38766884803772 1.27502870559692 1.43711471557617 1.27410519123077 0.970549285411835 1.88800024986267 1.65833210945129 1.42990374565125 1.50953221321106 1.17263925075531 1.22617828845978 1.25849902629852 1.32141280174255 1.36811649799347 1.38059818744659 1.46026253700256
1.39713096618652 1.18729305267334 0.905776798725128 0.204388290643692 0.365179151296616 0.391569316387177 -0.0217616651207209 -0.303287923336029 -0.419701933860779 -0.377658575773239 -0.344656974077225 -0.313167035579681 -0.301237255334854 -0.247537449002266 -0.181149259209633 -0.100187659263611 0.13368022441864 -0.0242962297052145 0.0909767374396324 0.154120266437531 0.193544328212738 0.238032639026642 0.311622619628906 0.430212289094925 1.82958173751831 0.44434466958046 0.453914612531662 0.563925683498383 0.685355424880981 1.11625528335571 1.01649808883667 1.44774973392487 1.46332144737244 1.03232395648956 1.54728996753693 1.90778613090515 3.22071218490601 1.84526133537292 1.74472415447235 1.27423512935638 1.30353426933289 1.35576331615448 1.42340433597565 1.4916205406189 1.46571433544159
1.64698779582977 1.64974200725555 0.81243234872818 0.329096049070358 0.232439309358597 0.0318379364907742 -0.016328813508153 -0.141913518309593 -0.361147582530975 -0.326920241117477 -0.319080352783203 -0.259228885173798 -0.214030250906944 -0.182846337556839 -0.118086501955986 0.595420777797699 -0.0464800745248795 0.0757722556591034 0.153021886944771 0.192405939102173 0.236030891537666 0.275321483612061 0.348496288061142 0.48501655459404 0.457075148820877 0.452804893255234 0.459147959947586 0.53329735994339 0.650434672832489 0.719327867031097 0.903702020645142 1.46827781200409 1.50026488304138 1.21247577667236 1.31935930252075 2.33307695388794 2.34713745117188 2.41129875183105 1.74690771102905 1.86492538452148 3.72770309448242 2.96448159217834 1.47837972640991 1.52976322174072 1.53912997245789
2.73276090621948 1.78487479686737 1.72601294517517 0.523103535175323 0.28749093413353 0.04376320540905 -0.00127426465041935 0.0391829200088978 -0.206789344549179 -0.296592175960541 -0.267492175102234 -0.22501040995121 0.24916373193264 -0.146239578723907 0.490682452917099 -0.0597124472260475 0.0293739996850491 0.132514819502831 0.175978511571884 0.230598405003548 0.260390609502792 0.454922020435333 0.796963393688202 0.645015835762024 0.459288477897644 0.470103949308395 0.481656581163406 0.527192950248718 0.622059524059296 0.74241042137146 1.07164454460144 1.42610418796539 1.57086646556854 1.34280097484589 1.01879286766052 1.01496922969818 0.878432750701904 1.77162337303162 2.48668909072876 2.1862108707428 1.23474943637848 1.61291909217834 1.49271893501282 1.56448185443878 1.58819091320038
