slauniainen/Data/DEM/Vihti_dsm1500b_cl_horizonAngle_228.asc
NCOLS 196 
NROWS 178 
XLLCORNER 353680 
YLLCORNER 6699024 
CELLSIZE 16 
NODATA_value -3.4e+38 
[rows 40 to 59 of 178, columns 45 to 89 of 196]
2.26142525672913 2.11122226715088 2.28909254074097 2.0640869140625 0.892790198326111 2.65552473068237 3.66460728645325 2.54396271705627 4.09170484542847 1.09990394115448 29.8719596862793 0.211816176772118 -0.0301811993122101 -0.191921532154083 -0.0598839297890663 8.37001705169678 4.47262668609619 1.2811199426651 2.00183987617493 1.35454225540161 1.35045456886292 1.51141953468323 1.8102513551712 0.509036898612976 0.655877888202667 0.143680244684219 0.0643582865595818 0.451675206422806 0.227785333991051 0.534268081188202 0.251030087471008 7.81150436401367 11.0952596664429 40.6117477416992 30.199520111084 19.5787906646729 15.5653400421143 13.7474184036255 10.4804239273071 7.42112398147583 7.80707693099976 5.9936695098877 6.93530368804932 5.91847658157349 3.33931040763855
2.31891798973083 2.51606011390686 2.28614449501038 1.97329950332642 3.43968963623047 13.1431121826172 2.11613631248474 1.070072889328 40.7344627380371 12.1731929779053 0.244049325585365 1.69185066223145 -0.0241072475910187 1.45341777801514 0.249735146760941 0.87758857011795 0.294631123542786 2.63550305366516 2.06894445419312 1.97426331043243 1.73970973491669 1.8335485458374 0.61448872089386 0.84438019990921 0.27108559012413 0.125171139836311 0.241277530789375 0.390592187643051 0.139838755130768 1.56085968017578 0.0673639997839928 -0.0300995633006096 -0.0586146041750908 12.8227272033691 37.1634902954102 30.9899272918701 20.9960136413574 15.852858543396 10.2412376403809 10.7402820587158 8.03095245361328 9.16613960266113 5.21410799026489 5.57077503204346 4.64237833023071
2.69569158554077 2.45199608802795 16.4945201873779 3.8268883228302 21.0910663604736 2.87320065498352 40.5719413757324 -0.0120352450758219 1.26738154888153 1.08760833740234 1.80909633636475 2.34838175773621 0.0143934423103929 3.8165454864502 5.64402437210083 4.87178564071655 2.98259496688843 2.35625338554382 2.17915916442871 2.05250430107117 2.04931783676147 1.33590197563171 1.58556032180786 7.93367338180542 3.56795191764832 1.81198585033417 2.44317317008972 0.369252324104309 0.321997582912445 0.142157316207886 4.69835996627808 0.133362144231796 0.0148395132273436 0.246886074542999 14.1269683837891 39.1574516296387 31.3591117858887 16.1842403411865 17.232759475708 11.29465675354 12.5763702392578 7.08568382263184 7.47921133041382 5.87903833389282 5.98761987686157
2.6052577495575 24.1317920684814 4.64075994491577 1.51281011104584 40.9537086486816 1.35072588920593 1.58800315856934 3.63503766059875 2.17962455749512 0.789763331413269 0.184785738587379 0.119413182139397 4.08104133605957 4.81184864044189 19.0949230194092 16.0883846282959 4.31165885925293 2.67564010620117 2.6365168094635 2.73094058036804 1.52026188373566 2.84746623039246 2.97852325439453 2.3502779006958 2.80312395095825 2.39146828651428 2.24419069290161 0.360405921936035 0.203789547085762 0.127363532781601 0.755283772945404 3.59330868721008 3.41547584533691 -0.18697564303875 -0.0704939886927605 12.5824279785156 31.9460620880127 33.3669471740723 17.551362991333 19.8461151123047 10.1502857208252 10.6588096618652 7.98340940475464 8.11184787750244 2.99569630622864
42.1738357543945 4.91011476516724 41.0120658874512 2.34454250335693 1.38788080215454 0.182707116007805 16.098482131958 7.68013715744019 2.16331601142883 0.88884961605072 0.71314811706543 0.259354680776596 0.276357531547546 3.04306936264038 4.72732877731323 12.2266082763672 5.91544485092163 8.64079093933105 3.06168270111084 1.70906937122345 3.60439968109131 4.60846328735352 4.9204797744751 4.94326734542847 5.77710628509521 3.23968458175659 1.04800343513489 0.980737745761871 1.05795443058014 0.971316933631897 11.5785102844238 13.7168684005737 0.723946869373322 1.99758529663086 -0.0453620962798595 8.45640277862549 1.19284284114838 34.127140045166 37.2984580993652 16.0427532196045 17.2250556945801 11.4726915359497 11.6647176742554 4.05438089370728 0.276763111352921
5.21309041976929 1.7820907831192 2.63485503196716 9.58061981201172 3.01007056236267 2.18101739883423 0.893994569778442 7.95873308181763 4.14147329330444 1.18162941932678 0.734018564224243 -0.11458145827055 3.14652013778687 2.27966618537903 2.88786458969116 11.7233285903931 13.2858409881592 3.25366687774658 1.90450000762939 4.75952434539795 7.17682552337646 5.42366313934326 5.21861219406128 11.2393989562988 2.56998634338379 1.30367469787598 2.41033816337585 1.28769016265869 1.21445941925049 0.463575512170792 0.254763692617416 0.0132005242630839 0.0936227142810822 0.807649433612823 3.19583582878113 4.23954725265503 0.814214825630188 0.514668107032776 31.9321880340576 33.3261604309082 18.1572666168213 18.6720771789551 10.4732637405396 1.04090785980225 5.08184146881104
2.01282143592834 2.81180191040039 1.49372315406799 1.48062002658844 0.258562713861465 5.62917184829712 13.0191965103149 4.50584840774536 2.17070317268372 3.31347894668579 0.422681033611298 4.28204298019409 2.95111298561096 3.07545375823975 2.89541006088257 2.69963526725769 5.63406038284302 1.72285711765289 6.27313184738159 10.290638923645 7.38329839706421 5.89372968673706 4.66644859313965 7.53801918029785 1.79308879375458 1.34394109249115 2.76726961135864 4.5385594367981 5.16929769515991 2.69163823127747 1.54961264133453 0.248954623937607 0.0632568076252937 0.0714775323867798 0.550514578819275 7.63193893432617 0.844511568546295 1.31048941612244 0.829882740974426 35.1572227478027 35.7778587341309 16.996711730957 15.7739419937134 7.90888452529907 3.12455654144287
3.13712215423584 2.20192074775696 0.237616062164307 1.42517626285553 2.41296648979187 0.236761301755905 10.5155963897705 3.35944390296936 4.25103044509888 2.49016356468201 5.85341310501099 4.29369020462036 3.36202502250671 3.45861554145813 3.217533826828 2.29731106758118 2.00773954391479 10.1818647384644 12.4161329269409 6.86833000183105 11.584174156189 8.81246471405029 3.81611180305481 7.45256805419922 1.91482615470886 1.79740858078003 2.17770457267761 2.86782336235046 3.28303098678589 5.07803964614868 0.912703633308411 6.05084753036499 0.133231163024902 3.61614942550659 0.936194777488708 7.59544086456299 2.35198163986206 4.09138202667236 0.782489001750946 0.407249927520752 33.6090660095215 31.8410377502441 13.8223695755005 17.7692947387695 11.6611642837524
2.22644472122192 0.429753452539444 1.84049022197723 8.41856861114502 1.621009349823 12.2637748718262 7.91183185577393 3.73013067245483 5.9914927482605 6.47506809234619 5.35229301452637 4.66077899932861 4.58529853820801 4.12781476974487 4.37421655654907 2.92059516906738 0.471806675195694 0.269568800926208 9.95214176177979 10.3996868133545 11.8429727554321 5.18665885925293 2.06718945503235 4.56161546707153 1.22826766967773 2.95300459861755 4.6797947883606 4.43195486068726 1.28119349479675 1.26603722572327 0.0837236344814301 0.16756609082222 5.40139007568359 4.56470584869385 1.24829196929932 12.474534034729 3.6379508972168 4.30035543441772 3.52638006210327 1.19317269325256 0.664942502975464 28.4609451293945 35.1225280761719 19.3849010467529 16.8114051818848
5.21005058288574 0.51655513048172 -1.21725678443909 5.70607376098633 1.04420590400696 13.1979551315308 6.4216513633728 2.81205463409424 6.62311697006226 5.99642896652222 5.71525239944458 5.46494340896606 7.26530790328979 4.72085094451904 2.62446784973145 6.77718687057495 0.434501796960831 0.523256659507751 0.432072639465332 0.224546685814857 8.20597648620605 2.29723381996155 4.35466623306274 2.40699315071106 3.39132905006409 7.83599472045898 7.04697608947754 2.49357271194458 1.3421436548233 1.2674173116684 0.330256998538971 9.78978729248047 1.18641769886017 1.62694096565247 1.85404753684998 7.59280633926392 15.9494314193726 8.87315940856934 4.84660625457764 0.95335179567337 1.53055143356323 0.2227533608675 37.2936973571777 34.2920532226562 18.2980079650879
0.703798651695251 -1.12266325950623 1.52598965167999 5.05770921707153 4.21414279937744 13.9005012512207 8.79254150390625 7.73235368728638 6.31129741668701 7.48136615753174 10.8722743988037 8.4632625579834 6.47403717041016 5.2891263961792 3.25287818908691 2.9721782207489 2.97763705253601 1.2356082201004 1.97123169898987 1.0132749080658 2.6898627281189 2.49518370628357 4.8546929359436 12.9387245178223 12.667387008667 16.384786605835 1.53074204921722 1.63962590694427 1.46013963222504 4.86346960067749 0.302028656005859 1.23186123371124 3.36122131347656 12.2649183273315 0.889754474163055 1.53550112247467 6.28323888778687 16.5863132476807 3.11308717727661 4.08545637130737 0.6421257853508 0.336651295423508 0.76826548576355 36.3835067749023 19.432071685791
-0.966710269451141 -1.20320463180542 5.39899444580078 5.59656763076782 3.62299847602844 4.32606267929077 8.17507553100586 6.88725900650024 13.5549297332764 8.36697292327881 11.4720458984375 9.92188739776611 3.76865768432617 4.42182445526123 3.50157499313354 2.982914686203 3.39331865310669 2.86597776412964 2.2730860710144 4.74848604202271 3.31698727607727 2.82214593887329 1.44327127933502 4.56755256652832 0.307575762271881 1.62564992904663 1.77924335002899 1.70896565914154 1.26896727085114 1.36037933826447 1.29159820079803 1.7557030916214 1.00293850898743 4.8301043510437 1.10010290145874 0.533539712429047 0.648406147956848 13.0321788787842 2.5479633808136 3.63910102844238 3.12815833091736 1.61069297790527 0.383755624294281 3.29295945167542 33.6844711303711
4.10613918304443 0.486264914274216 3.270099401474 7.95518684387207 10.3055028915405 8.25910758972168 6.29562711715698 6.96877241134644 5.57506465911865 17.5184955596924 17.5898742675781 5.39949607849121 6.08871793746948 4.69368267059326 4.08358430862427 3.54318809509277 3.02660775184631 3.35250496864319 3.8170223236084 3.64640212059021 6.48963260650635 5.8467230796814 0.669305443763733 1.33750486373901 2.53070592880249 2.11805725097656 2.21647620201111 2.55099034309387 1.40740895271301 2.1383228302002 1.84156501293182 5.20982837677002 0.906579434871674 0.278652191162109 0.547583401203156 0.362591356039047 1.72422122955322 6.61097621917725 3.93667578697205 4.22442054748535 1.65405094623566 2.03609085083008 1.21276247501373 0.56195604801178 37.1892471313477
-1.25425434112549 -0.324009656906128 0.0524251200258732 10.9312953948975 8.98701763153076 6.62284326553345 5.77312755584717 5.85047245025635 4.54994869232178 1.9827344417572 17.9946823120117 8.2729024887085 6.15687894821167 6.02293539047241 5.23924207687378 4.89420080184937 5.02497243881226 4.17835521697998 3.25073647499084 6.38661861419678 4.41438484191895 3.04932308197021 8.7495756149292 7.60432577133179 2.43418049812317 2.61357688903809 1.57434117794037 1.74120771884918 3.86289000511169 2.35265302658081 1.6858229637146 4.6403489112854 1.44015908241272 1.42470574378967 0.856773793697357 1.0778865814209 6.63900136947632 5.84784746170044 3.44966197013855 3.54721617698669 2.25397109985352 2.88177013397217 1.17855989933014 0.302297621965408 5.09915924072266
10.3384056091309 7.55400896072388 15.063009262085 10.6852283477783 14.3811721801758 6.49685955047607 5.67105007171631 5.10262441635132 2.48277688026428 5.04215240478516 11.2346019744873 12.3079662322998 8.77431106567383 8.21101474761963 7.38247299194336 8.035813331604 7.69512414932251 5.06729745864868 16.7807884216309 6.16520738601685 3.5438871383667 3.25423288345337 2.731121301651 3.07553768157959 3.57529258728027 2.54501724243164 3.69508409500122 1.97191870212555 2.39662432670593 2.05073690414429 1.97123086452484 5.35898685455322 2.20577716827393 2.0989818572998 1.80604195594788 0.648618400096893 0.816319644451141 1.44139933586121 10.4308385848999 2.28810477256775 3.88600325584412 6.9455418586731 0.900318026542664 0.24513278901577 20.3363342285156
-0.839179337024689 24.0300197601318 17.1046676635742 9.58335590362549 9.24361228942871 13.9164142608643 6.73489093780518 2.39108157157898 2.41114139556885 0.476893693208694 4.69254970550537 1.49855482578278 10.1100015640259 13.9501218795776 13.1683540344238 9.56203556060791 6.16028213500977 1.95932269096375 7.51787853240967 6.54876041412354 4.58607339859009 3.70192527770996 3.01583647727966 4.20761013031006 3.55325698852539 2.70197701454163 2.72762131690979 2.71234321594238 2.26659464836121 2.26324319839478 1.83829414844513 3.04215025901794 7.06667470932007 7.50722789764404 3.31867051124573 1.95973062515259 1.84693276882172 2.02753901481628 3.42375779151917 3.04543304443359 1.57635223865509 1.74113976955414 3.02184963226318 0.584332942962646 0.374390244483948
26.6248035430908 25.3053646087646 16.5836124420166 13.7873830795288 7.87396669387817 6.62808275222778 3.37564444541931 3.95668601989746 1.29488527774811 0.530999362468719 2.29026508331299 0.703767836093903 2.28647613525391 6.23795413970947 8.5526237487793 8.35063648223877 12.3823909759521 8.13393115997314 6.81084632873535 8.32119083404541 7.43070697784424 7.15241384506226 5.95900726318359 4.12602186203003 3.17411017417908 3.20317935943604 2.93625473976135 2.65599775314331 3.04479146003723 2.17839097976685 6.02475214004517 8.64011478424072 14.5497884750366 8.99219417572021 6.31814813613892 4.36729764938354 4.38398265838623 6.79314994812012 7.80229043960571 1.97440755367279 5.81990098953247 3.43031764030457 1.84473013877869 1.58469426631927 0.253694087266922
-1.91813731193542 21.4924659729004 16.2143058776855 10.6311502456665 7.12374210357666 17.8442077636719 10.310076713562 3.91404795646667 1.77637016773224 4.78894376754761 2.86513113975525 0.429526269435883 0.810395777225494 0.257940948009491 3.5896430015564 3.37180399894714 1.79548823833466 7.8146858215332 4.9294490814209 10.0638551712036 9.68736839294434 9.26217842102051 5.23703336715698 5.86552667617798 4.22613477706909 4.54819345474243 2.7079906463623 2.85341620445251 2.84103298187256 3.25664401054382 1.78906548023224 1.62213277816772 5.7796311378479 16.6094913482666 5.56384897232056 4.47965621948242 2.67925906181335 1.45526933670044 1.28788197040558 2.27641797065735 5.09566926956177 1.76118302345276 1.6731595993042 1.8369916677475 0.347074091434479
-0.0807230994105339 23.9184055328369 21.1545886993408 7.49939203262329 5.01073932647705 20.2889423370361 6.25512456893921 8.91396713256836 2.15058660507202 1.86266803741455 2.10716700553894 1.84149396419525 0.677508056163788 0.228046879172325 -0.320607364177704 -0.111571326851845 0.875974535942078 0.132930055260658 7.71937704086304 16.6851787567139 15.5560922622681 11.7461853027344 8.59068298339844 5.37449932098389 7.03721475601196 4.97589302062988 5.14659690856934 3.59099102020264 3.63841509819031 3.60540843009949 4.36927318572998 2.81051421165466 2.7349853515625 10.6140995025635 6.34810161590576 4.20682764053345 2.0716552734375 1.39795660972595 6.30391597747803 6.67860269546509 2.41671824455261 2.02628445625305 3.22578883171082 1.73288571834564 0.524965465068817
-2.22998261451721 8.71249294281006 1.33789110183716 8.27064418792725 1.11978423595428 18.2312622070312 9.55868625640869 7.43511295318604 5.77016544342041 2.76026892662048 2.30250072479248 2.07558465003967 1.47667014598846 1.45755696296692 0.225601196289062 0.0700961276888847 0.168551474809647 0.359911322593689 3.47398018836975 1.4091032743454 7.55942296981812 12.3814735412598 11.6964235305786 7.25239229202271 5.96892309188843 7.14327383041382 7.20533752441406 5.57508039474487 1.76846253871918 1.61894702911377 0.949781239032745 1.07603132724762 2.01408910751343 7.77819490432739 13.0090589523315 2.91653084754944 4.72635126113892 8.12181758880615 15.5722990036011 5.75189638137817 2.1989758014679 15.2231969833374 2.89582347869873 1.56759715080261 -0.000380261830287054
