slauniainen/Data/DEM/Vihti_dsm1500b_cl_horizonAngle_288.asc
NCOLS 196 
NROWS 178 
XLLCORNER 353680 
YLLCORNER 6699024 
CELLSIZE 16 
NODATA_value -3.4e+38 
[rows 80 to 99 of 178, columns 90 to 134 of 196]
1.3749623298645 1.14411449432373 0.436986327171326 0.393563270568848 11.1502065658569 7.15245294570923 2.3348913192749 30.4218845367432 13.9904890060425 10.7993478775024 4.04425859451294 1.73198890686035 2.31722259521484 4.32297611236572 5.26480913162231 11.7101097106934 10.5091962814331 6.13077592849731 5.73874998092651 13.1254930496216 7.80754804611206 7.01726913452148 6.38495826721191 5.44290399551392 15.390230178833 22.3958492279053 9.24551677703857 4.78743505477905 15.2837448120117 8.29891395568848 9.48368358612061 5.37662792205811 4.19614791870117 3.03265905380249 0.582745671272278 11.6647472381592 -0.774079442024231 -1.50765073299408 -2.25698804855347 -2.95868253707886 5.76722002029419 7.72143983840942 9.89807891845703 8.99142360687256 14.4200134277344
11.5167293548584 8.03369426727295 1.90783214569092 0.694914877414703 2.03261065483093 4.96361589431763 5.06435680389404 17.3711490631104 15.4190454483032 6.98973178863525 3.70776224136353 0.0890223011374474 29.5913505554199 1.28483438491821 0.508669912815094 1.29677486419678 -0.0625088140368462 -0.106330700218678 3.37204265594482 1.14317667484283 0.671836376190186 3.01116299629211 0.144634187221527 18.898380279541 13.1711883544922 8.27291202545166 6.02260732650757 4.2450475692749 8.91658496856689 3.14980030059814 2.49052882194519 2.88819003105164 24.2937717437744 3.46310663223267 2.78715467453003 2.21884822845459 0.623783588409424 -0.185088112950325 -1.61722815036774 -1.69221758842468 5.91703653335571 8.62649917602539 9.77487468719482 8.75774383544922 11.8712205886841
9.14994525909424 7.75357151031494 5.58963203430176 2.75485134124756 0.541653692722321 12.6279067993164 0.578974843025208 0.273551970720291 38.5734100341797 0.460460364818573 31.8788719177246 0.680328786373138 18.8498764038086 9.43017959594727 8.82340621948242 6.15729236602783 0.0851776823401451 0.427815973758698 -0.516430854797363 3.77914524078369 -0.23401466012001 5.28503084182739 -0.606812417507172 24.4644374847412 14.2801551818848 4.93201971054077 2.91186285018921 -0.0721355378627777 36.8578758239746 0.523979902267456 0.267539888620377 27.5191745758057 0.948848187923431 32.1873970031738 3.34687542915344 1.91781115531921 11.9315013885498 0.748828291893005 0.333846509456635 -0.396857053041458 1.45517194271088 5.18701314926147 4.64472055435181 8.98567008972168 8.38428783416748
4.45593214035034 5.35419321060181 2.25490093231201 1.6559396982193 1.31754469871521 1.58338105678558 0.509427070617676 0.285409808158875 8.41701030731201 5.18614768981934 1.33856499195099 32.2580795288086 8.97631549835205 0.286383032798767 9.39845848083496 5.75153636932373 8.11496543884277 0.223333790898323 9.69007587432861 -0.583214044570923 -0.651415765285492 25.0066928863525 7.46239995956421 7.16763782501221 12.8738889694214 6.45842409133911 4.95851421356201 -1.88179290294647 0.191894814372063 -1.48046338558197 -1.43858194351196 -0.342510789632797 22.5397300720215 35.3495826721191 14.5112495422363 6.92075490951538 2.85512280464172 2.29821729660034 0.575097560882568 0.43234920501709 3.64616560935974 11.4407920837402 4.44277095794678 9.72452735900879 15.3009424209595
6.30924844741821 5.25902938842773 1.96423721313477 0.420462876558304 0.121046409010887 4.49328660964966 -0.0637572333216667 0.093380406498909 4.05484628677368 -0.0769001021981239 28.8137645721436 1.90510249137878 30.4707183837891 3.26252675056458 1.09494185447693 0.166250929236412 18.5304088592529 13.3695363998413 0.105122059583664 8.37380981445312 4.39837408065796 14.8549499511719 16.744592666626 14.0873680114746 11.2979230880737 2.87044286727905 -1.67994213104248 -1.76500034332275 -0.25060623884201 -2.86534905433655 -2.99553465843201 -2.44053411483765 25.8416213989258 16.4708423614502 34.195613861084 13.3759183883667 5.37448358535767 0.558091223239899 19.81325340271 0.316816598176956 3.56752395629883 6.90621280670166 2.1818630695343 2.65212512016296 13.7149953842163
6.40864515304565 -0.339981377124786 -0.70781809091568 1.24202013015747 0.15546515583992 1.99419152736664 1.45249176025391 7.95145082473755 3.54631447792053 7.18726921081543 5.94185781478882 9.36970329284668 6.45442485809326 4.38662576675415 1.79463791847229 15.2848863601685 6.2057056427002 5.70624971389771 11.1657276153564 16.2894115447998 15.6190853118896 10.326226234436 9.99306392669678 9.34970855712891 8.78239345550537 4.39743757247925 0.911708652973175 1.7910487651825 -1.99654376506805 -2.32052564620972 -3.10228967666626 28.9429531097412 16.5057201385498 28.5182971954346 20.4980087280273 22.4264945983887 7.41566276550293 5.51258325576782 5.04110288619995 39.7852439880371 12.3043508529663 29.9576511383057 10.4796056747437 8.01746368408203 5.75784063339233
18.8551940917969 -0.719465672969818 -0.886528134346008 8.19600868225098 5.24683284759521 6.49625825881958 0.443023353815079 7.39525270462036 2.21572351455688 7.24898290634155 4.92549896240234 -0.138854384422302 3.36089873313904 26.0472145080566 -0.463057667016983 18.9115905761719 11.7910652160645 0.103322640061378 20.922945022583 0.161219477653503 30.6909580230713 5.02819490432739 3.91040921211243 4.31504106521606 3.15383195877075 2.54456257820129 0.972033083438873 1.18347346782684 4.25733423233032 0.382351696491241 -0.408421099185944 3.63274073600769 17.0576019287109 8.92197799682617 34.5831756591797 13.0643787384033 19.6275291442871 9.6932954788208 29.9280281066895 26.6647319793701 26.3822975158691 19.3627262115479 11.863187789917 0.862927913665771 1.30036723613739
20.6568584442139 5.92055082321167 -1.56597459316254 12.1718006134033 2.51069116592407 15.7231645584106 1.39005696773529 0.112548291683197 3.92084169387817 14.1567411422729 1.648561835289 -0.146700873970985 11.2077693939209 1.48742640018463 -0.74320262670517 -0.802892088890076 0.50530344247818 13.139274597168 1.92254054546356 -0.554408371448517 38.2284545898438 -0.244630381464958 35.9310493469238 4.9659104347229 1.7050222158432 1.05518412590027 0.537651598453522 -0.928742349147797 -0.863568425178528 12.9775695800781 1.86792922019958 4.55067205429077 9.71681118011475 16.9796981811523 18.658670425415 22.107141494751 21.1667976379395 12.153938293457 22.1677322387695 21.8205471038818 16.1204376220703 12.3407125473022 11.9710302352905 4.55426549911499 2.76496982574463
1.24230134487152 12.5460033416748 0.236799225211143 0.0638644993305206 -0.0502718277275562 1.75474965572357 8.83528327941895 0.41499325633049 0.246119439601898 5.31923151016235 -0.685521006584167 7.73545932769775 0.466595411300659 -0.952144920825958 -1.30306577682495 -1.38682687282562 -1.55728089809418 15.7987298965454 19.2546901702881 3.63900232315063 -0.517118275165558 29.3330974578857 14.2905359268188 5.52788209915161 -0.45171982049942 27.0293998718262 -0.727914154529572 -0.859736204147339 -0.978811621665955 8.54066467285156 3.87293601036072 0.645942091941833 -0.79514217376709 -1.68862795829773 21.0996913909912 5.37192726135254 23.5499172210693 7.55285120010376 8.92473316192627 28.7412376403809 11.064019203186 9.58257293701172 9.94753837585449 9.08890819549561 5.44570302963257
13.4423551559448 6.79336833953857 4.05373907089233 -1.50982522964478 -1.57987368106842 -0.129997402429581 -1.29926741123199 7.25638151168823 2.04688239097595 2.24098801612854 -0.427610963582993 7.01300811767578 -0.939554989337921 -1.79676187038422 -1.96469044685364 -2.26149964332581 -2.08050560951233 1.91475057601929 19.1274814605713 3.33989429473877 11.4884510040283 5.73803424835205 16.182731628418 13.6628503799438 4.16358470916748 17.4936809539795 1.41691946983337 -1.80456697940826 16.6574115753174 30.1137313842773 0.972811102867126 0.663848698139191 15.0187959671021 0.459288507699966 0.0746385827660561 6.00894832611084 15.4051113128662 8.96323585510254 5.16425228118896 5.32545280456543 21.417947769165 11.8961715698242 9.27995109558105 8.50600147247314 7.12625741958618
4.66318416595459 -0.290766090154648 -1.04421508312225 -1.63386833667755 5.35996866226196 16.0509586334229 7.45350217819214 0.587014555931091 5.96235370635986 3.08509111404419 1.98218834400177 0.569571733474731 -0.816989183425903 -1.90178644657135 -2.93324398994446 -2.96127462387085 -2.81637334823608 -1.54733908176422 5.53719234466553 -2.35372710227966 30.5182323455811 22.8586711883545 2.85432052612305 35.8280372619629 11.3707666397095 8.96691799163818 1.27511703968048 1.6934210062027 -1.41781842708588 13.0616245269775 5.89103031158447 28.6556453704834 8.65222930908203 2.89703774452209 -1.51023757457733 10.2736215591431 -1.54654085636139 32.3575248718262 5.32314968109131 0.34184518456459 41.4553070068359 13.2789516448975 10.1885242462158 8.57859516143799 8.35335159301758
0.407408893108368 0.316347599029541 11.544846534729 -1.64791142940521 3.83871912956238 10.3440074920654 5.14295387268066 0.838152408599854 1.27008140087128 12.9783401489258 4.3084282875061 -0.189024746417999 11.4833269119263 -2.18777894973755 -2.69126605987549 -3.31471633911133 -3.38235259056091 -1.1040426492691 7.78285503387451 4.71068954467773 -2.05206775665283 6.09257984161377 25.2562026977539 30.1901016235352 17.9196224212646 14.1685590744019 10.5964069366455 2.82480096817017 -1.72805237770081 6.0143575668335 17.9072971343994 13.2957277297974 12.317928314209 6.16385316848755 1.02406084537506 -2.02584648132324 -2.16132116317749 17.0056838989258 -0.867056369781494 15.6944131851196 3.50391554832458 38.3080444335938 20.1458339691162 16.0889453887939 7.87359714508057
-0.0851246118545532 19.0168209075928 2.10061550140381 0.0592985153198242 -0.313680827617645 11.0242509841919 6.34010982513428 3.68045473098755 0.951061367988586 1.10037755966187 9.59757423400879 0.822560787200928 4.11020278930664 -2.2710907459259 -2.68907332420349 -3.33285641670227 -3.58108019828796 -3.90612173080444 -3.90519261360168 7.26097345352173 8.89250564575195 10.7244777679443 24.3220405578613 32.1062698364258 24.4562225341797 20.4521026611328 14.7667179107666 5.30823850631714 3.7711009979248 2.44870924949646 15.7204704284668 14.6802453994751 13.2458448410034 6.75091314315796 -1.31246113777161 -2.17476725578308 1.35153663158417 18.224142074585 43.0397872924805 16.4113483428955 23.8844604492188 22.1983032226562 23.3320083618164 17.9011001586914 14.3303546905518
1.24787199497223 1.39593434333801 6.92852830886841 6.15093660354614 0.486947238445282 -0.144173145294189 4.21798849105835 3.33264517784119 0.400824129581451 -0.477355659008026 25.5827960968018 0.798410832881927 0.321664661169052 -0.887586772441864 -2.70281767845154 -3.12844824790955 -3.56717824935913 -3.88229990005493 -4.01208972930908 13.9863843917847 8.17749404907227 3.6432626247406 42.3413467407227 26.3227272033691 22.3036041259766 18.4040393829346 12.3272657394409 15.1466083526611 8.82092475891113 6.64497137069702 15.3458156585693 11.9662466049194 7.29281949996948 1.79913318157196 0.909716427326202 -2.10548710823059 -2.17499351501465 18.2864418029785 10.3876161575317 46.8243064880371 14.0058736801147 32.497615814209 14.4389982223511 14.894889831543 13.3912296295166
27.0133152008057 0.608001887798309 16.8233222961426 7.16970682144165 6.90376472473145 5.7509651184082 12.6149950027466 2.42797017097473 0.389653831720352 -0.979309678077698 14.3500308990479 0.174465775489807 1.87919068336487 -1.15742456912994 -2.43727040290833 -2.95223307609558 -3.71074461936951 -3.96710443496704 -4.14576721191406 13.7108211517334 0.980518579483032 20.2926387786865 42.4768104553223 28.5926036834717 25.2740707397461 18.4195327758789 12.8608522415161 10.7032175064087 9.14806842803955 9.05953788757324 13.6601181030273 11.3712902069092 6.42271995544434 1.24276852607727 -0.885311424732208 5.56852293014526 -1.50074887275696 17.2105655670166 21.1947269439697 13.794641494751 41.9427680969238 21.7543258666992 17.7211761474609 13.9356241226196 12.1532363891602
7.99398279190063 19.091682434082 7.5038537979126 17.0607585906982 6.37097787857056 4.82783937454224 2.59979271888733 1.95869028568268 0.533296465873718 -0.733727395534515 -0.878064095973969 21.187572479248 2.32314252853394 0.876588463783264 -1.25496935844421 -3.04711961746216 -3.46514511108398 -3.73151922225952 -3.91811227798462 -0.416509121656418 14.471643447876 4.33370113372803 41.8901329040527 15.6283769607544 38.9246559143066 18.852087020874 16.3562660217285 13.9294023513794 13.1629705429077 10.0969696044922 9.89698886871338 5.36963653564453 21.2331104278564 3.4824960231781 1.43397510051727 0.228701934218407 16.0171089172363 14.36634349823 18.1864604949951 15.0212593078613 12.1242389678955 26.5421257019043 25.9795036315918 14.5726537704468 12.8945875167847
19.5953235626221 9.51199245452881 6.81560182571411 5.29419374465942 10.3428010940552 7.43961429595947 6.49635934829712 2.24152183532715 0.295808494091034 -0.319503307342529 -0.635819554328918 1.79534542560577 7.42771768569946 2.95806813240051 -1.03270411491394 -2.01239490509033 -2.99195504188538 -3.4934241771698 -4.00336933135986 3.92284035682678 1.07095277309418 17.1270866394043 6.17647361755371 28.7795944213867 24.8198204040527 20.2407054901123 14.0753679275513 13.3655014038086 9.09257793426514 8.17070579528809 15.8345022201538 10.4966859817505 5.02350664138794 2.39253187179565 1.53078734874725 0.287763386964798 29.0356597900391 11.7587261199951 12.7335977554321 10.4075813293457 13.6552066802979 37.8993797302246 23.7301445007324 18.5905647277832 15.6849517822266
2.90404748916626 15.7051563262939 5.17313814163208 5.84191465377808 4.82790040969849 4.38471794128418 3.32524514198303 5.58507251739502 4.58505868911743 1.40837442874908 -0.546790063381195 -0.725567042827606 6.76549196243286 -0.980469107627869 4.01304054260254 -1.18026220798492 -1.9079293012619 -3.00102663040161 -3.27267074584961 2.13465881347656 8.51814746856689 5.28676986694336 17.6418952941895 11.8962564468384 32.0513648986816 22.9446449279785 18.3154773712158 8.42399883270264 17.7261238098145 8.62471771240234 7.66342163085938 5.31579780578613 4.35811328887939 2.92884659767151 1.52846002578735 0.953921616077423 0.0874449759721756 31.5132293701172 9.32114410400391 16.8040828704834 9.24533748626709 7.16699171066284 45.6565551757812 16.2686405181885 13.8300094604492
20.1869583129883 4.00388717651367 9.59051704406738 5.58806133270264 3.79493236541748 2.75247859954834 6.32081413269043 3.60359621047974 2.84737277030945 0.316161185503006 1.14146542549133 -0.430880963802338 1.66265141963959 -0.99473637342453 17.3696460723877 3.31049561500549 -2.16868996620178 -2.32766628265381 2.60051488876343 13.1158266067505 16.2610454559326 7.73377990722656 9.79414558410645 26.1986122131348 15.501636505127 14.3719806671143 13.3763618469238 10.8455209732056 10.278998374939 12.1655540466309 9.22703742980957 6.75413942337036 6.09674835205078 4.23994588851929 1.96374297142029 1.23304772377014 6.8460578918457 22.7161464691162 20.7625579833984 15.2224102020264 13.6206121444702 9.48649215698242 8.9240665435791 39.4985275268555 21.802152633667
29.8412437438965 7.65657138824463 6.53401947021484 5.61637592315674 2.70556974411011 2.83569955825806 2.64418268203735 2.41165232658386 2.31329345703125 0.176956459879875 0.174617767333984 0.021828006953001 -0.451691418886185 22.0921993255615 -0.750248551368713 31.6288890838623 -1.16991794109344 -1.70168805122375 11.057222366333 15.7277126312256 8.71073246002197 2.98960566520691 9.89614200592041 18.0384750366211 14.8287143707275 8.57046794891357 9.8809061050415 10.605297088623 21.063196182251 14.9607391357422 15.9098176956177 16.1718101501465 7.42536067962646 5.29002046585083 2.82463359832764 2.44776701927185 9.31395435333252 21.1201419830322 15.5566835403442 10.3515796661377 10.3580408096313 20.7887382507324 6.82335758209229 22.3006801605225 45.6550712585449
