slauniainen/Data/DEM/Vihti_dem_16m.asc
ncols         196
nrows         178
xllcorner     353680
yllcorner     6699024
cellsize      16
NODATA_value  -9999
[rows 90 to 119 of 178, columns 68 to 135 of 196]
-9999 -9999 -9999 -9999 -9999 -9999 -9999 -9999 -9999 -9999 -9999 -9999 50.30433 49.12984 47.66281 47.06125 48.39861 49.62645 49.74424 49.3048 47.46695 44.8005 44.59541 44.62663 44.68042 44.73261 44.73144 44.72811 44.63192 44.48227 44.31123 44.27355 44.41737 44.53114 45.9398 55.27274 66.08917 69.90408 71.37357 70.90578 70.25467 66.64886 64.71728 63.27221 61.36377 60.9123 61.32159 61.88723 61.91014 61.93711 62.05122 62.1392 62.44525 63.2016 65.03208 67.28694 68.08385 68.08376 68.05448 68.6172 68.9324 67.35683 65.22346 63.26003 62.61022 62.26794 61.80781 61.5693
-9999 -9999 -9999 -9999 -9999 -9999 -9999 -9999 -9999 -9999 -9999 -9999 51.97553 50.77881 49.19381 47.90762 48.66736 49.9053 50.03798 49.4977 47.96647 45.76405 44.69055 44.71281 44.74453 44.79514 44.82156 44.80117 44.67876 44.5675 44.41277 44.32525 44.37042 44.48481 44.93442 52.91972 66.04716 72.68086 75.17647 74.78481 73.99796 71.77952 69.33731 67.7295 65.48129 63.47277 62.49886 62.29044 62.02216 61.95705 61.928 61.94228 62.07217 62.59119 64.73286 69.28101 68.78375 68.20583 68.08604 68.29261 68.23476 66.83904 64.91508 62.07539 60.79525 60.32944 59.78791 59.42225
-9999 -9999 -9999 -9999 -9999 -9999 -9999 -9999 -9999 -9999 -9999 -9999 -9999 51.74231 49.80861 48.57347 48.75355 49.43549 49.54297 49.07833 47.87595 46.50288 45.09342 44.87892 44.87828 44.87514 44.86342 44.82506 44.74638 44.65167 44.50225 44.38031 44.37481 44.42035 44.57059 48.77262 63.29044 71.99122 76.15533 76.96429 76.0453 74.80673 73.40334 70.37303 68.54134 66.40212 64.51804 63.42728 62.59234 62.1947 61.99381 61.90263 61.95772 62.26952 63.83227 68.13319 70.46963 69.73135 69.05386 67.68586 66.44483 64.4838 62.59214 60.83992 59.28333 58.3718 57.86239 57.37262
-9999 -9999 -9999 -9999 -9999 -9999 -9999 -9999 -9999 -9999 -9999 -9999 -9999 50.30616 49.38375 49.09372 48.89769 48.62751 48.25262 47.81711 47.10259 46.11435 45.19894 45.02998 44.94584 44.94072 44.93274 44.87597 44.79595 44.71712 44.59236 44.43824 44.37823 44.42753 44.48044 46.82056 58.78628 69.26044 74.43142 76.82483 77.02676 77.24155 75.90409 72.62369 69.94369 67.77323 66.2182 65.22267 65.70005 64.66895 63.25361 62.18822 61.89736 62.22 63.42752 65.62154 68.52117 71.04131 70.61756 67.93027 65.29553 63.04277 61.49859 60.0064 58.53069 57.01688 55.84358 55.03984
-9999 -9999 -9999 -9999 -9999 -9999 -9999 -9999 -9999 -9999 -9999 -9999 -9999 48.98122 48.80472 49.08225 48.90422 48.22469 47.4012 46.58036 45.98716 45.35797 45.10088 45.05691 45.01912 45.0295 45.01395 45.01583 44.92578 44.75897 44.63187 44.50136 44.40813 44.4293 44.50434 45.47005 54.4157 65.82978 71.95872 75.80923 77.07147 78.26789 77.11443 74.59819 70.3488 67.92338 66.53487 66.05351 66.7011 66.68711 64.61543 62.83206 61.84348 62.09295 63.15108 65.53288 68.20025 72.34031 71.66192 68.10586 64.70156 62.1949 61.01735 59.90517 59.01505 57.75067 56.30111 54.71939
-9999 -9999 -9999 -9999 -9999 -9999 -9999 -9999 -9999 -9999 -9999 -9999 -9999 48.37992 48.13274 48.44241 48.53119 47.76428 46.70102 45.61922 45.21008 45.10981 45.06287 45.07486 45.09336 45.08311 45.00756 44.985 45.01767 44.89917 44.72097 44.54626 44.46578 44.46378 44.54873 44.88189 50.49775 63.04374 69.80721 73.81033 75.34814 77.66931 76.63988 76.13718 71.28617 68.66064 66.73889 65.57333 65.13609 64.52586 63.68255 62.57383 61.57327 61.63472 62.51809 64.79362 67.916 72.17827 71.28517 67.78709 64.40838 61.78452 60.69005 60.09805 59.50141 58.2447 56.92933 55.47264
-9999 -9999 -9999 -9999 -9999 -9999 -9999 -9999 -9999 -9999 -9999 -9999 -9999 48.08977 47.60389 47.48858 47.47391 46.95089 45.98977 45.23081 45.13645 45.10211 45.10624 45.13225 45.12545 45.09673 45.06395 45.04416 44.99405 44.99603 44.8978 44.67294 44.54037 44.52483 44.53892 44.65126 46.69003 58.34766 67.23847 71.56754 73.06776 74.67058 74.77148 75.14095 72.3938 68.90514 66.40539 64.71183 63.54278 62.23867 61.85631 61.69567 60.85772 59.99325 61.47717 63.61063 66.9809 71.16672 70.88475 67.43094 64.31532 61.66154 60.47441 60.21903 59.56255 58.27174 56.7655 55.16526
-9999 -9999 -9999 -9999 -9999 -9999 -9999 -9999 -9999 -9999 -9999 -9999 48.64124 48.06666 47.18708 46.55545 46.21177 45.69361 45.44014 45.16916 45.13739 45.13922 45.16412 45.16517 45.12139 45.09431 45.06305 45.07855 45.04202 44.98998 44.98513 44.85105 44.63485 44.55645 44.55834 44.62911 44.90662 51.79944 63.1741 68.28812 70.24448 70.34809 70.80925 71.35997 69.77159 67.61259 64.89472 63.07455 61.45664 59.751 58.53671 58.69147 58.93766 58.17791 57.45136 61.30208 65.78869 69.24089 70.094 67.58411 63.96206 61.43013 60.35299 60.15386 59.5829 57.90903 56.43406 54.69437
-9999 -9999 -9999 -9999 -9999 -9999 -9999 -9999 -9999 -9999 -9999 -9999 50.10803 48.39836 46.83015 45.82745 45.42513 45.20386 45.17416 45.16866 45.15685 45.17056 45.18784 45.15161 45.11897 45.11374 45.18828 45.14208 45.06978 45.05074 45.00177 44.95808 44.82652 44.65902 44.59459 44.6698 44.76501 47.55964 56.37806 62.39939 64.67269 64.55211 64.20892 64.88936 65.23324 64.16074 62.32678 60.24524 58.38087 56.88644 55.24225 55.03823 53.93166 53.05387 53.19725 58.68061 64.13062 67.43681 68.11588 66.51764 63.23031 61.126 60.40913 60.10738 59.07603 57.48734 55.71452 54.18417
-9999 -9999 -9999 -9999 -9999 -9999 -9999 -9999 -9999 -9999 -9999 53.33367 51.96267 49.46155 47.14537 45.93288 45.21981 45.18117 45.17045 45.18464 45.17735 45.15017 45.17158 45.15699 45.1498 45.18539 45.19249 45.15948 45.1208 45.09552 45.07001 45.05389 44.99694 44.8404 44.66789 44.6735 44.72978 45.67539 50.30536 54.18672 57.28661 58.52423 58.99117 58.93025 59.43891 59.43811 58.36134 56.5238 54.55177 53.05592 50.79384 49.92627 48.64425 47.46311 49.53008 56.59797 61.63828 63.70005 62.97595 62.3956 60.95589 59.87389 60.45811 59.98388 58.38564 56.72334 55.05323 53.38722
-9999 -9999 -9999 -9999 -9999 -9999 -9999 -9999 -9999 -9999 -9999 55.49424 54.274 51.71984 48.08533 46.16284 45.18576 45.19002 45.17062 45.17939 45.18547 45.15512 45.15319 45.145 45.19765 45.2152 45.21 45.23045 45.21312 45.16706 45.13345 45.09355 45.12986 45.04006 44.83883 44.68595 44.73138 44.90341 46.38792 49.22461 53.2712 54.73338 54.94692 55.58047 55.52147 55.08066 54.12177 52.76833 50.24486 48.2432 46.86602 46.00367 45.50972 45.56867 46.65795 53.53905 55.55766 56.18125 56.02562 57.09375 57.87906 57.87919 58.76725 58.93034 57.73288 56.04045 54.37428 52.54137
-9999 -9999 -9999 -9999 -9999 -9999 -9999 -9999 -9999 -9999 -9999 56.16003 55.01817 53.37481 49.69949 46.43798 45.22734 45.22264 45.1671 45.20017 45.17697 45.17583 45.1669 45.17819 45.28769 45.30578 45.35475 45.33698 45.21242 45.23781 45.22691 45.14344 45.19466 45.14419 45.00205 44.78417 44.68301 44.83905 45.08975 47.84861 50.89655 52.34172 52.72076 53.0312 52.33474 51.16613 50.09611 48.95187 46.8428 45.57101 45.3072 45.24137 45.26269 45.28383 45.3727 45.97517 46.73594 48.09128 51.64389 53.89845 54.11411 54.82895 55.63458 56.38711 56.23111 55.119 53.53698 51.95037
-9999 -9999 -9999 -9999 -9999 -9999 -9999 -9999 -9999 -9999 58.43747 56.28386 54.61917 53.15042 50.73005 47.21651 45.36049 45.23147 45.18595 45.2117 45.17941 45.20494 45.19081 45.216 45.32811 45.36684 45.39255 45.38911 45.34402 45.3189 45.20239 45.17574 45.18966 45.18005 45.12492 44.94156 44.76466 44.78303 44.85681 45.39611 47.93872 50.04592 50.94347 50.24658 49.1447 48.17414 46.8263 45.94697 45.31113 45.23162 45.23825 45.24436 45.2477 45.32045 45.36026 45.28644 45.30583 45.50866 48.62917 51.33578 50.42403 51.04872 52.34831 53.48763 53.85524 53.42492 52.39692 51.05083
-9999 -9999 -9999 -9999 -9999 -9999 -9999 -9999 -9999 -9999 59.69155 56.61856 54.80153 53.40136 51.11366 47.84034 45.60199 45.23139 45.20891 45.20034 45.17211 45.20059 45.28545 45.26715 45.32312 45.32362 45.37088 45.3604 45.38351 45.31011 45.28341 45.21902 45.1792 45.21399 45.16901 45.10811 45.01333 44.94162 44.86975 44.85639 45.19658 46.58233 47.67578 47.11056 46.41189 45.93259 45.23295 45.126 45.17387 45.16127 45.15906 45.17287 45.16753 45.22406 45.25492 45.26437 45.28567 45.33691 45.38609 46.33881 46.69178 48.10806 49.49199 50.35294 50.65836 50.90401 50.77636 50.11972
-9999 -9999 -9999 -9999 -9999 -9999 -9999 -9999 -9999 -9999 -9999 56.271 54.37405 52.98906 50.72108 47.80223 45.73369 45.24006 45.20969 45.20156 45.17403 45.2145 45.23614 45.26423 45.34694 45.40333 45.33264 45.35492 45.3953 45.31026 45.28819 45.25758 45.20777 45.18675 45.1858 45.17413 45.13113 45.062 45.01352 44.93887 44.92091 44.95267 45.11023 45.19025 45.06683 45.05661 45.04869 45.05411 45.11428 45.12897 45.12295 45.15314 45.17216 45.19684 45.21305 45.24076 45.24755 45.28262 45.32683 45.36828 45.43225 45.63787 47.07866 47.87319 48.03752 48.35283 48.78067 48.81374
-9999 -9999 -9999 -9999 -9999 -9999 -9999 -9999 -9999 -9999 -9999 55.70734 53.53139 51.88617 49.73822 47.27167 45.5836 45.31644 45.22388 45.20695 45.20461 45.21088 45.21358 45.24852 45.34897 45.37051 45.37692 45.38781 45.37258 45.32077 45.28183 45.25856 45.23306 45.19609 45.19176 45.20781 45.18278 45.16151 45.09027 45.06119 44.99358 44.96691 45.0052 44.97359 45.01748 44.99852 45.03172 45.0455 45.10344 45.11687 45.12094 45.15489 45.15294 45.18784 45.18666 45.20927 45.23248 45.24044 45.24677 45.27742 45.34614 45.24669 45.40413 46.20026 46.35042 46.41644 46.86687 47.39241
-9999 -9999 -9999 -9999 -9999 -9999 -9999 -9999 -9999 -9999 -9999 54.63866 52.70894 50.718 48.47336 46.43486 45.35249 45.29723 45.23722 45.23236 45.23297 45.22559 45.20941 45.25864 45.29194 45.35092 45.4018 45.4188 45.37548 45.32686 45.28637 45.2742 45.2693 45.28555 45.23208 45.25067 45.2217 45.17539 45.14476 45.17384 45.12369 45.04645 45.02309 45.01036 45.05117 45.01547 45.04152 45.05961 45.08902 45.10428 45.11581 45.13412 45.14212 45.16399 45.1677 45.1945 45.19484 45.19131 45.17709 45.17445 45.21409 45.20659 45.17772 45.1842 45.20808 45.23492 45.3643 45.81684
-9999 -9999 -9999 -9999 -9999 -9999 -9999 -9999 -9999 -9999 -9999 53.80205 52.21235 49.98834 47.42712 45.71883 45.27264 45.28584 45.21906 45.26458 45.2625 45.25998 45.24353 45.26191 45.26966 45.27689 45.35375 45.36036 45.34403 45.32831 45.29958 45.28095 45.268 45.29658 45.30178 45.23366 45.19513 45.18969 45.15477 45.20433 45.16636 45.18972 45.14816 45.09608 45.09335 45.12039 45.0873 45.07333 45.10106 45.08886 45.12053 45.14645 45.14381 45.14028 45.14797 45.15708 45.16558 45.15409 45.13123 45.14265 45.15458 45.16277 45.16708 45.16617 45.16378 45.16333 45.16637 45.21037
-9999 -9999 -9999 -9999 -9999 -9999 -9999 -9999 -9999 -9999 54.3908 53.37098 51.71134 49.44745 46.87694 45.45444 45.26987 45.34892 45.24734 45.24455 45.2638 45.27422 45.26566 45.26711 45.26102 45.30074 45.30595 45.35559 45.3595 45.36442 45.33139 45.31305 45.29572 45.29058 45.30894 45.30285 45.24014 45.16169 45.1593 45.19205 45.16275 45.18766 45.19961 45.2338 45.2045 45.22303 45.1557 45.17059 45.1252 45.11077 45.12283 45.12165 45.1251 45.12534 45.13702 45.14724 45.13761 45.14161 45.15366 45.14294 45.14499 45.17331 45.15813 45.18644 45.2058 45.19727 45.26395 45.23681
-9999 -9999 -9999 -9999 -9999 -9999 -9999 -9999 -9999 -9999 55.0955 53.37209 51.11761 48.70069 46.56086 45.37001 45.26777 45.31328 45.27187 45.25931 45.27423 45.28434 45.274 45.27516 45.30542 45.36078 45.38594 45.40367 45.39522 45.38791 45.36408 45.37742 45.35044 45.27397 45.32314 45.37064 45.32998 45.19753 45.16289 45.19241 45.18486 45.23653 45.25586 45.25992 45.22075 45.19364 45.20286 45.22784 45.21914 45.17305 45.15081 45.15744 45.17792 45.14476 45.13863 45.13734 45.14697 45.13803 45.15256 45.14409 45.13875 45.15273 45.16108 45.16241 45.22163 45.2372 45.21941 45.22244
-9999 -9999 -9999 -9999 -9999 -9999 -9999 -9999 -9999 -9999 55.74977 53.70616 50.61453 48.10853 46.19234 45.3477 45.30441 45.27512 45.30153 45.27947 45.26805 45.29206 45.2827 45.29422 45.34201 45.47136 45.5472 45.50656 45.42592 45.40327 45.38869 45.39727 45.37683 45.34505 45.29347 45.36626 45.3763 45.27619 45.20155 45.20708 45.19091 45.2422 45.30561 45.27036 45.24814 45.24186 45.23737 45.24336 45.25453 45.22615 45.20717 45.17147 45.18344 45.1795 45.19456 45.19111 45.20619 45.17845 45.17672 45.19128 45.18858 45.19402 45.23403 45.23097 45.29953 45.24431 45.2151 45.2245
-9999 -9999 -9999 -9999 -9999 -9999 -9999 -9999 53.85466 54.18227 54.80392 52.91805 49.84141 47.61623 46.18894 45.39656 45.31694 45.30625 45.28056 45.34348 45.31109 45.31287 45.32108 45.34335 45.33173 45.45837 45.55798 45.56501 45.46255 45.39969 45.3872 45.40109 45.40817 45.37539 45.35633 45.33852 45.35067 45.32642 45.22484 45.2153 45.20808 45.22823 45.26111 45.2563 45.26278 45.27664 45.28319 45.33278 45.31298 45.29898 45.25219 45.25626 45.21744 45.22163 45.21952 45.22045 45.22623 45.40316 45.64487 45.29608 45.30487 45.28698 45.29708 45.30098 45.3267 45.32083 45.3217 45.28678
-9999 -9999 -9999 -9999 -9999 -9999 -9999 54.04763 53.78808 53.5905 53.47147 52.35223 49.63892 47.69261 46.62161 45.85162 45.49395 45.34813 45.32834 45.39056 45.36916 45.3428 45.40431 45.37042 45.3692 45.3948 45.47184 45.42012 45.43856 45.43378 45.44386 45.41511 45.43925 45.40414 45.39584 45.37659 45.36924 45.36655 45.33692 45.22669 45.22963 45.24859 45.25522 45.26023 45.25883 45.25558 45.26694 45.28247 45.31356 45.31112 45.31998 45.27381 45.24405 45.24635 45.26085 45.26444 45.25158 47.07305 47.24711 45.39217 45.36473 45.33039 45.34423 45.34655 45.3452 45.36637 45.36283 45.35886
-9999 -9999 -9999 -9999 -9999 -9999 -9999 54.21202 53.89853 53.5032 53.04908 51.95067 49.91908 48.125 47.17012 46.60299 46.41991 46.33408 46.43425 46.65128 46.24275 45.93269 45.75242 45.55376 45.46325 45.45936 45.47877 45.49577 45.48898 45.44453 45.41061 45.44414 45.51309 45.44858 45.43048 45.39733 45.38123 45.43134 45.35708 45.30186 45.2844 45.2383 45.25097 45.26806 45.25611 45.26314 45.25925 45.29058 45.31963 45.33106 45.35555 45.30519 45.27374 45.26728 45.25144 45.26181 45.52991 47.95227 48.33484 45.6111 45.36767 45.35634 45.37092 45.37683 45.37419 45.39891 45.38955 45.39495
-9999 -9999 -9999 -9999 -9999 -9999 -9999 54.65819 54.32442 54.05022 53.48772 52.25733 50.43998 48.77402 47.95216 47.61692 47.80695 48.44556 48.94447 49.02931 48.47509 47.94223 47.40237 46.97236 46.76039 45.78517 45.49788 45.52951 45.50389 45.45123 45.43656 45.47019 45.44873 45.48756 45.5058 45.4145 45.41955 45.39775 45.3518 45.35439 45.35755 45.30667 45.25883 45.26674 45.26994 45.2653 45.28835 45.3022 45.28853 45.30727 45.32333 45.31398 45.28164 45.29092 45.2598 45.27723 46.45339 48.66978 47.91609 45.58295 45.40719 45.38842 45.40099 45.40602 45.43516 45.43194 45.43372 45.43656
-9999 -9999 -9999 -9999 -9999 -9999 -9999 56.65363 55.67925 55.24076 54.75194 53.08317 51.20844 49.71888 49.03838 48.75611 49.40076 50.546 51.22626 51.09837 50.64617 50.10794 49.32906 48.59106 48.08712 46.46708 45.53058 45.54348 45.60617 45.52934 45.49992 45.491 45.44912 45.4933 45.50011 45.4795 45.52227 45.41839 45.34447 45.31636 45.35437 45.37125 45.3607 45.29167 45.28716 45.29133 45.31 45.30136 45.29998 45.31403 45.31289 45.32366 45.32153 45.29478 45.29689 45.54331 47.711 49.02983 47.19088 45.5975 45.53788 45.50803 45.49695 45.46069 45.45872 45.46631 45.48131 45.479
-9999 -9999 -9999 -9999 -9999 -9999 -9999 60.67085 58.6203 56.86775 55.9063 54.16563 52.19525 50.84345 50.33058 50.62138 51.69765 52.81404 53.19858 52.75216 52.30941 51.72972 51.02916 50.11128 48.43706 46.00625 45.60983 45.58075 45.63381 45.53972 45.49397 45.48469 45.45733 45.45997 45.4673 45.50847 45.51108 45.46261 45.45281 45.37363 45.32883 45.37591 45.40261 45.38198 45.28651 45.29256 45.32014 45.34056 45.37667 45.37938 45.34328 45.33066 45.35384 45.44933 45.72987 46.94567 49.08913 49.88642 48.14651 46.50034 45.99406 45.74119 45.7207 45.62259 45.60236 45.57838 45.51345 45.61367
-9999 -9999 -9999 -9999 -9999 -9999 -9999 65.25861 63.04251 59.5074 56.9458 55.36535 53.56323 51.96786 52.114 53.49625 55.10011 55.664 55.31042 54.76991 54.08088 52.89552 52.05664 50.97689 48.24553 45.7494 45.59159 45.51919 45.51408 45.49653 45.48358 45.47609 45.47609 45.47408 45.46844 45.53039 45.51798 45.51869 45.53992 45.47327 45.40339 45.34208 45.34653 45.33625 45.29991 45.30153 45.323 45.39616 45.4305 45.41978 45.36389 45.66353 46.72186 47.84248 48.5392 49.81934 51.76884 52.16969 50.38561 48.67764 48.15297 46.8597 46.87417 46.0308 45.70703 45.70528 45.80499 46.12494
-9999 -9999 -9999 -9999 -9999 -9999 -9999 66.9627 63.65145 61.25914 58.41491 55.89906 54.56983 53.24664 54.51361 57.62872 58.60939 57.83114 56.91556 56.0907 55.63706 54.34186 52.87186 51.08781 48.28128 45.84219 45.59362 45.57569 45.5262 45.5069 45.48945 45.50689 45.49088 45.48836 45.46853 45.53636 45.55784 45.59592 45.60431 45.58373 45.47856 45.42355 45.39153 45.36863 45.33417 45.33325 45.33633 45.4327 45.49694 45.40699 45.8425 48.22522 50.63217 52.05647 52.41312 53.50106 55.20186 55.71781 53.84606 52.86592 53.66809 52.7525 50.92799 50.27784 47.69024 47.07833 46.7393 46.88535
-9999 -9999 -9999 -9999 -9999 -9999 65.46881 66.08208 63.62516 61.6575 59.01767 56.96766 55.37999 54.40088 56.56648 61.03484 61.81831 60.17638 58.7352 57.52573 56.86047 56.07119 54.52637 51.7733 48.39513 45.91905 45.59703 45.62976 45.57089 45.52522 45.54167 45.50894 45.4972 45.49252 45.48131 45.55028 45.63305 45.66181 45.63258 45.63814 45.58461 45.54208 45.51472 45.46847 45.45967 45.43206 45.43052 45.42889 45.4222 45.67527 48.23965 52.09481 55.0252 56.96189 56.34248 57.62342 60.14045 62.19245 62.19819 61.13948 63.69628 68.81375 69.72489 66.31892 58.71738 52.08558 49.63978 48.44289
