slauniainen/Data/DEM/Vihti_dem1500b_cl_horizonAngle_144.asc
NCOLS 196 
NROWS 178 
XLLCORNER 353680 
YLLCORNER 6699024 
CELLSIZE 16 
NODATA_value -3.4e+38 
[rows 20 to 39 of 178, columns 90 to 134 of 196]
0.841824531555176 0.890760838985443 0.920152187347412 0.943201124668121 0.954626739025116 0.967134952545166 0.962818443775177 0.977447330951691 1.00985527038574 1.02925705909729 1.08300638198853 1.17272913455963 1.28983736038208 1.38156545162201 1.44854295253754 1.43233680725098 1.47471535205841 1.6221776008606 1.75153779983521 1.9095287322998 2.06697297096252 2.11922359466553 2.04232621192932 2.0063624382019 1.88635110855103 1.73823738098145 1.77381443977356 1.81308746337891 1.85705673694611 1.91003513336182 1.97651445865631 2.067138671875 2.24101328849792 2.41763305664062 2.68753790855408 2.94419932365417 3.23031139373779 3.49186897277832 3.82110786437988 4.21764421463013 4.59054517745972 4.81844615936279 4.84417057037354 4.75773000717163 4.57831811904907
0.874133467674255 0.927247703075409 0.961319506168365 0.990050256252289 1.00658559799194 1.01159930229187 1.02660644054413 1.03799057006836 1.05811142921448 1.09188330173492 1.1585705280304 1.25462818145752 1.37476003170013 1.51408803462982 1.56486988067627 1.55032753944397 1.49770879745483 1.61950254440308 1.75259554386139 1.87075614929199 2.01059770584106 2.16262984275818 2.20265007019043 2.12007474899292 1.95161247253418 1.83773279190063 1.805743932724 1.83482432365417 1.88912451267242 1.94027924537659 1.98961234092712 2.07154846191406 2.25952315330505 2.45482182502747 2.61257171630859 2.80025482177734 3.17309617996216 3.42007684707642 3.65930342674255 4.12965202331543 4.44995927810669 4.74827432632446 4.98650789260864 5.01335191726685 4.92175579071045
1.1064041852951 1.06702756881714 1.03858983516693 1.0542768239975 1.07319462299347 1.08517265319824 1.09215247631073 1.10213994979858 1.1220064163208 1.18166851997375 1.25380027294159 1.34406352043152 1.44887280464172 1.55600893497467 1.64215934276581 1.64578568935394 1.6452751159668 1.63537585735321 1.71955013275146 1.82895684242249 2.00666069984436 2.09834051132202 2.25493884086609 2.30242037773132 2.13518571853638 2.02388262748718 1.93165767192841 1.88116347789764 1.91751599311829 1.9772025346756 2.0200502872467 2.1215033531189 2.29957222938538 2.43975472450256 2.52734875679016 2.69640445709229 3.06145095825195 3.27822780609131 3.53612518310547 3.96426129341125 4.29471683502197 4.73147869110107 5.09102296829224 5.11935377120972 5.09469223022461
1.3158620595932 1.25653398036957 1.21937966346741 1.18700957298279 1.13183689117432 1.14975690841675 1.15353715419769 1.16167974472046 1.19368004798889 1.25896430015564 1.34463894367218 1.42230010032654 1.50160884857178 1.58780646324158 1.67610967159271 1.73045122623444 1.74804627895355 1.71304619312286 1.65983617305756 1.78893625736237 1.90848445892334 2.09099626541138 2.18961048126221 2.36091446876526 2.28267526626587 2.24337840080261 2.12565493583679 1.96467804908752 1.99105024337769 2.0688853263855 2.13017463684082 2.24271678924561 2.34653568267822 2.42062592506409 2.50835704803467 2.59948801994324 2.84682202339172 3.09652161598206 3.39269471168518 3.74673843383789 4.14634704589844 4.61861848831177 5.01750946044922 5.28061485290527 5.309250831604
1.64354205131531 1.47291254997253 1.39633178710938 1.37093579769135 1.28062605857849 1.19336462020874 1.21773421764374 1.22089171409607 1.26899385452271 1.34349572658539 1.42013669013977 1.46946346759796 1.53028452396393 1.60908758640289 1.6975702047348 1.77161037921906 1.82409238815308 1.78289115428925 1.75815677642822 1.76758563518524 1.91597700119019 2.02924156188965 2.16919875144958 2.38069176673889 2.45137166976929 2.38820719718933 2.18757057189941 2.08482456207275 2.02636694908142 2.07254695892334 2.20615458488464 2.31020927429199 2.38427519798279 2.43018198013306 2.49958157539368 2.60149836540222 2.71136856079102 2.94015717506409 3.23957061767578 3.56067752838135 3.99083209037781 4.51176691055298 4.86429643630981 5.20681571960449 5.48565053939819
2.03404378890991 1.74792182445526 1.56938219070435 1.51020979881287 1.44739401340485 1.3445428609848 1.27647614479065 1.322585105896 1.3720725774765 1.43104922771454 1.44991230964661 1.47399592399597 1.5392552614212 1.60682606697083 1.68153429031372 1.77040731906891 1.84956872463226 1.8602489233017 1.90121603012085 1.89368450641632 1.88181805610657 1.99743711948395 2.12031698226929 2.28116464614868 2.48063230514526 2.56140923500061 2.38770747184753 2.29238343238831 2.21178317070007 2.21392035484314 2.33707141876221 2.38285040855408 2.41249537467957 2.4805793762207 2.55429553985596 2.61346125602722 2.69295358657837 2.84716534614563 3.06065344810486 3.48159861564636 3.85347533226013 4.31384181976318 4.67614889144897 5.04455184936523 5.40771150588989
2.30740284919739 2.14128971099854 1.84807586669922 1.65996634960175 1.58625960350037 1.51600325107574 1.41743099689484 1.39697206020355 1.43471205234528 1.44661486148834 1.45578074455261 1.46426427364349 1.52037215232849 1.5801477432251 1.68972063064575 1.77949941158295 1.84816586971283 1.93004679679871 1.97834718227386 2.01484060287476 1.99992883205414 1.94215619564056 2.07394576072693 2.2594153881073 2.38660192489624 2.58642554283142 2.54754900932312 2.5175096988678 2.42095875740051 2.33458423614502 2.45980668067932 2.49801254272461 2.5048041343689 2.586993932724 2.65147590637207 2.67945432662964 2.70858860015869 2.78099465370178 2.92306137084961 3.32751536369324 3.8900580406189 4.0203013420105 4.44020891189575 4.84668254852295 5.42601251602173
2.52953147888184 2.41528987884521 2.23938250541687 1.93739902973175 1.73669302463531 1.66124033927917 1.58991384506226 1.46083128452301 1.4167867898941 1.43773663043976 1.45755755901337 1.47235405445099 1.51410353183746 1.57063937187195 1.64949345588684 1.77130222320557 1.85919439792633 1.95053625106812 2.02125787734985 2.05816340446472 2.05775952339172 2.01818799972534 2.07126522064209 2.21337032318115 2.36925148963928 2.62511563301086 2.73108339309692 2.68661975860596 2.65093040466309 2.56274962425232 2.53123712539673 2.64739441871643 2.68385887145996 2.70940566062927 2.73710346221924 2.82558917999268 2.82592010498047 2.8207004070282 2.86946630477905 3.24599432945251 3.5119833946228 3.7143280506134 4.07850551605225 4.62000370025635 5.25781774520874
2.69725775718689 2.63709354400635 2.51530289649963 2.33088684082031 1.98267102241516 1.79091513156891 1.70447289943695 1.54433619976044 1.41809642314911 1.44098997116089 1.47255086898804 1.50043928623199 1.5257374048233 1.56334805488586 1.70136249065399 1.90964698791504 1.95219743251801 2.12324333190918 2.18745088577271 2.11748623847961 2.16958451271057 2.24463796615601 2.12775659561157 2.16751766204834 2.32269096374512 2.51133036613464 2.75801420211792 2.8786244392395 2.82829451560974 2.60337495803833 2.54830455780029 2.71030759811401 2.78983187675476 2.83282208442688 2.9041862487793 3.05760502815247 3.13048338890076 3.03420782089233 2.96109938621521 2.97932100296021 3.13616561889648 3.53736424446106 3.84465384483337 4.32040405273438 5.01358985900879
2.74914813041687 2.79633593559265 2.66991138458252 2.47226619720459 2.15063261985779 1.91402554512024 1.79432952404022 1.65886807441711 1.48071229457855 1.45741510391235 1.48928129673004 1.51339793205261 1.53911077976227 1.57970821857452 1.68675625324249 1.90344083309174 1.96552407741547 2.52234077453613 2.33915948867798 2.11222124099731 2.36539649963379 2.74844193458557 2.47370100021362 2.22358727455139 2.25013089179993 2.46004867553711 2.62458348274231 2.88895559310913 3.03399276733398 2.87533664703369 2.73131632804871 2.80588459968567 2.95499467849731 3.0385422706604 3.1360604763031 3.22570586204529 3.31627130508423 3.31866598129272 3.21691179275513 3.04265165328979 3.00075960159302 3.37552309036255 3.63550591468811 4.06304883956909 4.65684938430786
2.76264929771423 2.84925985336304 2.78514766693115 2.65358090400696 2.45466661453247 2.11728763580322 1.87643337249756 1.75692629814148 1.64973640441895 1.50699436664581 1.48551869392395 1.49757444858551 1.54889118671417 1.60991609096527 1.61773836612701 1.65326678752899 1.75971233844757 2.48794507980347 2.3532600402832 2.18404078483582 2.5374801158905 2.7087619304657 2.2319004535675 2.5361020565033 2.62964987754822 2.51054835319519 2.55182552337646 2.73351120948792 3.03646802902222 3.04677414894104 3.01588940620422 2.88898539543152 3.07781291007996 3.24465680122375 3.4589581489563 3.50330257415771 3.49028921127319 3.48922061920166 3.39096999168396 3.27120804786682 3.08438277244568 3.1209192276001 3.46995282173157 3.82189083099365 4.27107763290405
2.78957486152649 2.90622997283936 2.9511604309082 2.87793350219727 2.73648619651794 2.52493953704834 2.12796854972839 1.88907587528229 1.79044413566589 1.65377354621887 1.6715259552002 1.87103998661041 1.93678832054138 1.83550620079041 1.6183385848999 1.63755059242249 1.814701795578 2.14331459999084 2.03796911239624 2.18959808349609 2.44406533241272 2.30451822280884 2.24891400337219 2.35159277915955 2.68871355056763 2.8720977306366 3.1828351020813 2.96140098571777 3.00959229469299 3.18700671195984 3.18643069267273 3.10558032989502 3.24547100067139 3.45544171333313 3.68681311607361 3.73792457580566 3.7360303401947 3.6174418926239 3.55943894386292 3.4539954662323 3.33762049674988 3.14375305175781 3.33509206771851 3.65701961517334 4.04558515548706
2.77053236961365 2.88535118103027 2.99959588050842 3.03604531288147 2.87601518630981 2.64842438697815 2.28904867172241 2.02574682235718 1.88742280006409 1.78444862365723 1.94050145149231 2.08455991744995 2.26580739021301 2.45273900032043 2.28806781768799 1.68179380893707 1.98390281200409 2.10936427116394 1.85369217395782 2.00516510009766 2.19696569442749 2.26879096031189 2.32896208763123 2.46329808235168 2.6942241191864 2.80790233612061 3.06626033782959 3.17691516876221 3.26979684829712 3.14465188980103 3.31616425514221 3.26192402839661 3.30927014350891 3.58733510971069 3.80781221389771 3.90690493583679 3.88654136657715 3.82283759117126 3.69631791114807 3.62828826904297 3.52974247932434 3.41536831855774 3.24417281150818 3.47655510902405 3.98668718338013
2.71735620498657 2.85850024223328 3.02119302749634 3.08128452301025 2.98281073570251 2.82473587989807 2.60402083396912 2.23569846153259 1.96865320205688 1.99029409885406 2.20515060424805 2.39479970932007 2.47791314125061 2.69062733650208 2.75488448143005 2.32986783981323 2.11440348625183 1.99388527870178 1.90118300914764 1.93201768398285 2.1184995174408 2.47820091247559 2.8179886341095 2.66743922233582 2.83691740036011 2.81068158149719 2.80609846115112 2.55939269065857 2.59226179122925 2.84680795669556 3.24863648414612 3.48647618293762 3.38533425331116 3.6194543838501 3.7928159236908 3.8870050907135 3.99594306945801 3.97733235359192 3.90730929374695 3.77957773208618 3.71955370903015 3.61445879936218 3.36432576179504 3.35508918762207 3.8422749042511
2.64999437332153 2.79486894607544 3.02018880844116 3.12143898010254 3.14784789085388 3.05858492851257 2.89513039588928 2.65909719467163 2.27617406845093 2.28344368934631 2.55253672599792 2.78633522987366 2.67703604698181 2.80587267875671 2.94835710525513 2.80849862098694 2.36794781684875 1.87578451633453 1.88672637939453 1.87706732749939 2.18088531494141 2.64000129699707 2.67401075363159 2.53425455093384 2.73580074310303 2.65964269638062 2.69382786750793 2.54385757446289 2.5751211643219 2.74393248558044 2.97387981414795 3.44853591918945 3.60514259338379 3.59758043289185 3.67425155639648 3.85879969596863 3.98848247528076 4.09469032287598 4.06940317153931 4.01554584503174 3.88044404983521 3.66080331802368 3.55066132545471 3.35928630828857 3.53137588500977
2.52999663352966 2.71045827865601 2.95167875289917 3.07107377052307 3.1846935749054 3.23194527626038 3.13797497749329 2.95567202568054 2.7140040397644 2.66206622123718 2.81036734580994 2.94167256355286 2.94119620323181 2.95660591125488 3.08543109893799 3.02420425415039 2.8609447479248 2.39297652244568 1.67903316020966 1.8770477771759 2.24815154075623 2.75113606452942 2.52160286903381 2.56573343276978 2.73097324371338 2.63380742073059 2.69473600387573 2.61072683334351 2.65321779251099 2.82221841812134 3.02417516708374 3.3585798740387 3.67748308181763 3.69929838180542 3.64754986763 3.76534175872803 3.97035622596741 4.0760760307312 4.19175100326538 4.1741156578064 3.94575238227844 3.85079264640808 3.74674439430237 3.63449382781982 3.43651747703552
2.46369457244873 2.58899545669556 2.85274291038513 2.99025845527649 3.13272619247437 3.2656364440918 3.3064444065094 3.11099767684937 2.84014558792114 2.81137609481812 3.00884389877319 3.10472559928894 3.13384509086609 3.11163449287415 3.14049196243286 3.15376377105713 3.0783269405365 2.90531611442566 2.19738960266113 1.67993259429932 2.11411666870117 2.59151673316956 2.38744306564331 2.60097861289978 2.69739985466003 2.64999270439148 2.77395534515381 2.68436121940613 2.75711512565613 2.89994740486145 3.12840867042542 3.3098361492157 3.58026003837585 3.91170620918274 3.84057116508484 3.73058533668518 3.84830188751221 4.10593223571777 4.23076581954956 4.20248460769653 4.12680196762085 3.98664426803589 3.92996597290039 3.81994915008545 3.56807661056519
2.67459917068481 2.51120090484619 2.74758696556091 2.88730525970459 3.04568195343018 3.25838541984558 3.33376097679138 3.24585962295532 3.04815459251404 2.79856443405151 3.03210639953613 3.18514084815979 3.23575305938721 3.23419713973999 3.17752146720886 3.20866870880127 3.20710635185242 3.13301515579224 2.81771922111511 1.73048794269562 1.76065838336945 2.15378904342651 2.06984210014343 2.32841920852661 2.27773451805115 2.3625545501709 2.49673771858215 2.5713369846344 2.77888917922974 3.00855016708374 3.23629832267761 3.37286019325256 3.46096444129944 3.92007398605347 4.28176832199097 4.46286916732788 4.05118894577026 4.54797029495239 4.19542551040649 4.32991504669189 4.28360795974731 4.20906352996826 4.06638097763062 3.84581732749939 3.7576277256012
2.67432689666748 2.31585955619812 2.57689046859741 2.77584314346313 2.93286323547363 3.2052264213562 3.35443353652954 3.42245483398438 3.32700943946838 3.13525438308716 3.06968855857849 3.16331672668457 3.26164627075195 3.3671612739563 3.30261301994324 3.24104905128479 3.26460766792297 3.27799105644226 3.20884895324707 2.48287010192871 1.79354321956635 1.9847697019577 2.04045414924622 2.08996534347534 2.16074109077454 2.30729722976685 2.54252171516418 2.67289543151855 2.84873533248901 3.03932237625122 3.21472787857056 3.34622025489807 3.41752505302429 3.75851035118103 4.37762641906738 4.88712787628174 4.71894693374634 4.82702970504761 5.58911180496216 4.42810297012329 4.56721878051758 4.37271404266357 4.11101865768433 4.03337526321411 3.9444465637207
2.87133002281189 2.78299927711487 2.39218688011169 2.62726712226868 2.81406879425049 3.1181104183197 3.29526567459106 3.44658350944519 3.51749491691589 3.44210457801819 3.25401377677917 3.14872694015503 3.24300098419189 3.33869504928589 3.44124174118042 3.37655854225159 3.31843304634094 3.34744334220886 3.23114371299744 3.05578279495239 2.27099561691284 1.91501951217651 1.99229228496552 2.05634498596191 2.14178037643433 2.3920624256134 2.57369446754456 2.70743441581726 2.82375288009644 2.95723938941956 3.12087607383728 3.26356434822083 3.38856148719788 3.47740650177002 4.12761974334717 4.93261909484863 4.6133279800415 4.38119506835938 4.04317855834961 5.30673408508301 4.61218070983887 4.2825026512146 4.27919721603394 4.15787172317505 4.12615537643433
