slauniainen/Data/DEM/Vihti_dem1500b_cl_horizonAngle_252.asc
NCOLS 196 
NROWS 178 
XLLCORNER 353680 
YLLCORNER 6699024 
CELLSIZE 16 
NODATA_value -3.4e+38 
[rows 100 to 119 of 178, columns 135 to 179 of 196]
6.53513240814209 5.22126245498657 5.47617053985596 4.87403440475464 4.77362155914307 3.6193859577179 3.19627714157104 2.55470371246338 1.94265305995941 1.71611404418945 1.46947169303894 1.14922952651978 0.83353990316391 0.77011376619339 0.658998847007751 0.468564182519913 0.327966183423996 0.299181640148163 0.228950142860413 0.112295247614384 0.0102710230275989 -0.00580493081361055 -0.024508798494935 -0.0743395462632179 -0.103950180113316 -0.120084829628468 -0.00682922964915633 -0.0221187677234411 -0.0535088367760181 -0.0311759281903505 -0.035369448363781 -0.0534891784191132 1.04135251045227 2.44075226783752 2.03325843811035 1.16759407520294 0.875769376754761 0.85265851020813 0.956288516521454 0.85397469997406 0.728286147117615 0.555656969547272 0.447169870138168 0.327767014503479 0.278851211071014
5.66311073303223 6.03120756149292 4.72711515426636 4.19359445571899 3.98040652275085 3.28805494308472 2.44226455688477 2.14172744750977 1.71440076828003 1.18415534496307 1.05627810955048 0.931256294250488 0.653304576873779 0.443470597267151 0.414380759000778 0.309184312820435 0.163461461663246 0.149184659123421 0.0497673451900482 0.0675368756055832 -0.0309217516332865 -0.0503216646611691 -0.05865578353405 0.0788074657320976 0.074678935110569 0.0476350970566273 0.0961310938000679 0.111716493964195 0.088098980486393 0.0920227691531181 0.0661912634968758 0.0383120812475681 0.061394389718771 0.615799784660339 1.41899585723877 1.86868107318878 1.60831296443939 1.36139035224915 0.937157392501831 0.723764359951019 0.653399765491486 0.533716320991516 0.616911828517914 0.665726959705353 0.629299402236938
4.80899953842163 4.63818168640137 5.03628826141357 3.46659278869629 3.43470239639282 2.90993738174438 2.02775835990906 1.56404960155487 1.39993023872375 1.03304743766785 0.673758387565613 0.600162625312805 0.461968064308167 0.260524332523346 0.118533812463284 0.111659370362759 0.075721487402916 -0.0182085204869509 0.0571959838271141 -0.0127374874427915 0.129647076129913 0.136376410722733 0.119628913700581 0.177483543753624 0.206192940473557 0.164456725120544 0.167297825217247 0.140050798654556 0.112684547901154 0.115604758262634 0.0878655686974525 0.0685575157403946 0.107351310551167 0.0927094295620918 0.592238247394562 0.975188553333282 1.42124831676483 1.30478954315186 1.00143718719482 0.720540404319763 0.789299607276917 0.795751810073853 0.866588592529297 1.00536215305328 1.05393815040588
2.35009670257568 3.34730958938599 4.13546371459961 3.93518853187561 3.132737159729 2.35168886184692 1.85256242752075 1.07650423049927 0.921710014343262 0.76826548576355 0.472057104110718 0.225487604737282 0.175939694046974 0.15872485935688 0.0559836439788342 -0.0187435727566481 -0.0195447485893965 0.147862270474434 0.159087404608727 0.150582581758499 0.210267901420593 0.245171263813972 0.232462137937546 0.235201865434647 0.214906677603722 0.189673990011215 0.195867195725441 0.168614000082016 0.144678801298141 0.191501602530479 0.204069510102272 0.294155299663544 0.304726272821426 0.374450862407684 0.502950131893158 0.548311591148376 0.734783172607422 0.920441031455994 0.950398206710815 0.950724303722382 1.12793982028961 1.15670323371887 1.16712999343872 1.66784036159515 1.44383215904236
0.431260198354721 1.36266624927521 2.68862748146057 3.2523033618927 3.19054913520813 1.64510726928711 1.36843609809875 0.902557373046875 0.491291761398315 0.382809847593307 0.312826097011566 0.175643369555473 0.120845437049866 -0.00447973562404513 0.177712395787239 0.196500033140182 0.173928692936897 0.24525174498558 0.28535008430481 0.259389460086823 0.272081702947617 0.255636513233185 0.231854438781738 0.231410339474678 0.202607005834579 0.451618582010269 0.835953652858734 0.986089646816254 0.624197721481323 0.508451700210571 0.692768454551697 0.651193141937256 0.692421317100525 0.890648782253265 1.01442611217499 1.02241015434265 1.04595601558685 1.46272099018097 1.33201885223389 1.5174332857132 1.57439863681793 1.42105209827423 1.51345360279083 1.72070503234863 1.18022978305817
0.641967236995697 0.420729994773865 1.28463888168335 2.00085520744324 1.78239107131958 1.65493154525757 0.778460502624512 0.716328799724579 0.527120590209961 0.30313515663147 0.0721707195043564 0.258679062128067 0.271508544683456 0.232149735093117 0.289755076169968 0.327436059713364 0.315104782581329 0.315030068159103 0.296959757804871 0.277216970920563 0.290952682495117 0.258526802062988 0.215859636664391 0.252213299274445 0.244603022933006 0.359296292066574 1.22202098369598 1.79513549804688 1.63138699531555 0.897097885608673 1.17034232616425 1.46137237548828 1.52342319488525 1.66353094577789 3.07839465141296 2.61273860931396 1.89136564731598 1.86009919643402 1.94918024539948 2.36631751060486 2.54470705986023 2.14211273193359 1.80902647972107 1.76899254322052 1.45646703243256
0.873311161994934 0.603922724723816 0.312577545642853 0.306454002857208 0.906017363071442 0.254436522722244 1.51970207691193 0.443616151809692 0.580143749713898 0.369263589382172 0.324909448623657 0.397445857524872 0.433253824710846 0.384142071008682 0.369854807853699 0.340610206127167 0.315970361232758 0.427275240421295 0.517097413539886 0.580559134483337 0.338844329118729 0.312148958444595 0.410030692815781 0.404800087213516 0.540208399295807 0.670599281787872 1.06272220611572 2.23700714111328 2.81013917922974 1.78254473209381 1.29819440841675 1.77205371856689 1.42829751968384 2.08348393440247 3.13532257080078 2.8396475315094 3.17927837371826 3.07683515548706 2.85049486160278 3.20830392837524 3.7223904132843 3.63361787796021 3.49557614326477 2.52912592887878 1.6505411863327
1.10559272766113 0.747457981109619 0.424132943153381 0.14450304210186 0.374893397092819 0.411392062902451 0.352474927902222 1.19205117225647 0.590384721755981 0.569316029548645 0.508473753929138 0.494186639785767 0.455090373754501 0.40082848072052 0.384572803974152 0.329795211553574 0.293510645627975 0.482540845870972 0.90321159362793 1.06939709186554 0.74675327539444 0.648577392101288 0.771461546421051 0.736029624938965 0.974284112453461 1.00233614444733 1.07876408100128 1.77438461780548 3.25299024581909 3.10004949569702 2.00344657897949 1.71158623695374 2.13332343101501 2.59577131271362 2.79079985618591 2.66132545471191 2.66674137115479 3.8484947681427 5.46757698059082 5.28897047042847 8.58947944641113 8.45706367492676 6.74107694625854 3.17891716957092 1.63773953914642
1.19036996364594 0.790532886981964 0.614373087882996 0.557879030704498 0.63751232624054 0.720251023769379 0.634640336036682 0.597017288208008 0.933262825012207 0.548639357089996 0.510075449943542 0.980751872062683 0.524947881698608 0.404523849487305 0.43708524107933 0.381402969360352 0.523175477981567 0.525808453559875 0.707715392112732 0.953940510749817 0.901037335395813 1.11614716053009 1.15353035926819 1.19485700130463 1.38957762718201 1.29242968559265 1.46872889995575 1.6414008140564 2.35740733146667 3.4662082195282 4.44833087921143 4.60578298568726 3.42724609375 4.06556081771851 7.60405588150024 11.4265050888062 11.6986026763916 6.37317085266113 4.91654253005981 4.6765308380127 4.38431024551392 6.90458011627197 8.85459995269775 4.08055591583252 1.6086790561676
1.42994236946106 0.86634087562561 0.937485814094543 0.874127209186554 0.825377523899078 0.744724571704865 0.653746068477631 0.638696551322937 0.583028554916382 0.461152613162994 1.38564348220825 0.586063504219055 0.504545032978058 0.674353003501892 0.65237957239151 0.79315972328186 0.9647176861763 0.917595565319061 1.21461200714111 1.29162013530731 1.37096691131592 1.55684053897858 1.46646583080292 1.68143594264984 1.8421938419342 1.85240077972412 2.1254141330719 2.62278819084167 2.87830853462219 2.7462944984436 5.82198143005371 7.78775596618652 9.07408142089844 8.33928203582764 7.07091236114502 11.6323919296265 12.6828107833862 8.07455253601074 6.34432411193848 5.97637176513672 6.07717275619507 4.56868934631348 8.15702247619629 6.23161125183105 2.50805497169495
1.6123172044754 1.06162643432617 0.967069387435913 0.893097281455994 0.901325404644012 0.788151443004608 0.653500020503998 0.703705608844757 0.623056352138519 0.598355054855347 0.905758500099182 0.813763856887817 0.921900153160095 1.11656200885773 1.05414760112762 1.37716317176819 1.44890534877777 1.55287098884583 1.73290884494781 1.65252256393433 1.92181050777435 2.114830493927 2.13244009017944 2.46025609970093 3.01881432533264 3.26894497871399 3.03536200523376 2.90092396736145 2.97759962081909 2.80528569221497 2.4389111995697 2.48776817321777 5.70645046234131 10.5026321411133 8.46908283233643 4.84251642227173 6.18609952926636 5.04516267776489 3.10429501533508 6.05328702926636 6.9966926574707 3.89465522766113 5.90088605880737 5.35116386413574 2.25427937507629
1.50078630447388 1.12814044952393 1.03934323787689 0.978814125061035 1.07860839366913 0.91767406463623 1.07093453407288 1.04719650745392 0.897217810153961 1.02722799777985 1.2719419002533 1.16629672050476 1.5112053155899 1.5972421169281 1.74562931060791 1.92776250839233 1.86024415493011 2.1936821937561 2.46576309204102 2.51452016830444 2.82709693908691 3.44174718856812 3.70541977882385 3.50109362602234 3.41612958908081 3.58491706848145 3.49961948394775 3.17196750640869 3.34661984443665 3.09118580818176 2.32229781150818 2.00065135955811 1.96509754657745 6.45492506027222 7.07822847366333 4.06447267532349 3.945148229599 1.47708022594452 1.17986190319061 1.17218148708344 4.00396347045898 4.1984429359436 5.77770757675171 5.24487495422363 3.15689706802368
1.25892674922943 1.36791718006134 1.26496291160583 1.54043805599213 1.57593441009521 1.43673503398895 1.64745926856995 1.63467597961426 1.44221103191376 1.76093566417694 1.81737530231476 1.99003124237061 2.10133218765259 2.0196316242218 2.4233615398407 2.79398322105408 2.92178225517273 3.25564956665039 3.96035242080688 4.28968906402588 4.05399751663208 3.91201186180115 4.10651540756226 4.01721429824829 3.75435948371887 4.05774641036987 3.97962093353271 3.66315698623657 3.43028569221497 3.10557317733765 2.57602667808533 1.88120174407959 1.70609593391418 1.68137395381927 2.5239565372467 4.11842107772827 4.67693138122559 2.21248555183411 0.902900516986847 0.794112205505371 0.966735482215881 3.55928421020508 5.75830745697021 5.76747560501099 5.06727027893066
1.94930279254913 2.05771017074585 1.94560778141022 2.3555212020874 2.32026481628418 2.10798764228821 2.4757444858551 2.75368571281433 2.62977123260498 2.474524974823 2.58562278747559 3.45459723472595 3.57547450065613 3.33583307266235 3.64931392669678 4.49986791610718 4.93720483779907 4.69271898269653 4.48782348632812 4.72906875610352 4.70570755004883 4.45773983001709 4.77952575683594 4.72880744934082 4.37967729568481 4.12143611907959 3.9434061050415 3.59918141365051 3.30312943458557 3.00664377212524 2.55762672424316 1.99944996833801 1.52451550960541 1.34132170677185 1.21949708461761 1.17374956607819 1.67891275882721 0.889447808265686 0.730335414409637 0.653918862342834 0.692071735858917 3.00648236274719 7.24533700942993 6.93657255172729 6.85699415206909
2.98493361473083 3.13660478591919 3.1090874671936 3.48979210853577 3.73289155960083 3.47887468338013 3.27206659317017 3.77280616760254 4.52276659011841 4.56103229522705 4.63518857955933 5.59980964660645 6.04972219467163 5.70623302459717 5.38403940200806 5.13228178024292 5.44782543182373 5.44911003112793 5.16641187667847 5.49930953979492 5.50633144378662 5.2186336517334 5.02495002746582 4.92499732971191 4.54936122894287 4.12503480911255 3.94132781028748 3.51022601127625 3.04581713676453 2.73943376541138 2.29498958587646 1.84638428688049 1.35861217975616 1.04382514953613 0.962399244308472 0.90239030122757 0.868567526340485 0.887463986873627 0.898599565029144 0.810231328010559 0.837454497814178 2.5799298286438 10.0904750823975 8.62763118743896 12.3094911575317
4.47645616531372 5.08299446105957 5.02071285247803 4.5702166557312 5.03795433044434 6.20880079269409 6.19933319091797 5.93457508087158 7.04888772964478 7.56193351745605 6.96992683410645 6.45248508453369 6.72745609283447 6.72243404388428 6.38228034973145 6.03075361251831 6.33411693572998 6.37215805053711 6.05897331237793 5.8099422454834 5.75636911392212 5.44878673553467 5.1356725692749 5.02122449874878 4.61933517456055 4.20376920700073 3.77460527420044 3.26204872131348 2.72878670692444 2.11224889755249 1.77286756038666 1.46998035907745 1.16462731361389 1.05451667308807 1.11902177333832 1.18371880054474 1.11242032051086 1.08192157745361 1.22438049316406 1.26295781135559 1.2741916179657 4.07130336761475 8.58690071105957 11.7966003417969 14.4737901687622
6.47945642471313 7.41111421585083 9.39754390716553 9.59530544281006 8.28683662414551 9.54193210601807 10.087986946106 9.07878303527832 8.19125938415527 8.30912685394287 8.26264476776123 7.67795944213867 7.8450984954834 7.90015649795532 7.43775177001953 7.05858945846558 6.69122886657715 6.66844654083252 6.34518909454346 6.02197790145874 5.9466814994812 5.62337207794189 5.28572225570679 4.86473560333252 4.45439338684082 4.04261016845703 3.63197302818298 2.95310759544373 2.27146482467651 1.66319310665131 1.43510115146637 1.4051707983017 1.38134324550629 1.36957716941833 1.39545786380768 1.58940553665161 1.6554114818573 1.62906575202942 1.72878801822662 4.32269334793091 2.20517086982727 3.88995218276978 5.67582607269287 9.17173767089844 8.64311981201172
15.317645072937 12.9162302017212 13.8450860977173 14.8741035461426 13.1176261901855 11.4909954071045 11.1132154464722 10.9175415039062 9.86393070220947 9.65247631072998 9.64199161529541 8.971435546875 8.37735080718994 8.28053951263428 7.74797868728638 7.33523988723755 6.96241283416748 6.86949110031128 6.55580425262451 6.27012968063354 5.88111066818237 5.52785968780518 5.14214611053467 4.77564287185669 4.28281688690186 3.81228566169739 3.40398478507996 2.80765867233276 1.99877595901489 1.74956119060516 1.51533639431 1.44979560375214 1.79070210456848 3.7873055934906 2.96533107757568 4.89085054397583 5.2723445892334 3.65138554573059 3.12768840789795 4.14773464202881 2.77877616882324 2.5650680065155 2.53142285346985 3.92715334892273 2.36445188522339
23.0122566223145 20.2249908447266 17.3030242919922 16.2432250976562 16.0851364135742 14.0808935165405 12.8574018478394 12.6612215042114 11.4975891113281 10.523756980896 10.1119604110718 9.38511753082275 8.7692289352417 8.47821807861328 7.95705080032349 7.57317972183228 7.19674730300903 6.84559106826782 6.48692893981934 6.14870882034302 5.77699756622314 5.33988857269287 4.93914794921875 4.58788061141968 4.13588762283325 3.7543933391571 3.40386605262756 2.83353281021118 2.29746246337891 1.97472560405731 1.77653121948242 1.74705255031586 5.74791479110718 5.64390134811401 6.36680316925049 9.22599506378174 8.66138458251953 5.17440462112427 4.86785125732422 3.83182835578918 3.14464163780212 2.68424272537231 2.54088306427002 2.46290707588196 2.33495831489563
24.8560123443604 24.9386615753174 21.4958972930908 18.774845123291 18.3743705749512 16.2173728942871 14.3829441070557 13.3139753341675 12.2317676544189 11.1237020492554 10.5061292648315 9.92597770690918 9.45865917205811 8.72379302978516 7.93794775009155 7.31697559356689 6.94678497314453 6.60519790649414 6.29970836639404 5.89373302459717 5.5391788482666 5.15444374084473 4.87153673171997 4.55906915664673 4.25256681442261 4.00978851318359 3.49418520927429 3.0503990650177 2.53006625175476 2.12351679801941 2.00741124153137 4.05406904220581 7.11191558837891 9.74703788757324 10.6660995483398 9.24824619293213 7.46973609924316 5.52080059051514 4.86977338790894 3.78980946540833 3.2259509563446 2.86131715774536 2.62924909591675 2.46799492835999 2.29435157775879
