slauniainen/Data/DEM/Vihti_dem1500b_cl_horizonAngle_300.asc
NCOLS 196 
NROWS 178 
XLLCORNER 353680 
YLLCORNER 6699024 
CELLSIZE 16 
NODATA_value -3.4e+38 
[rows 40 to 59 of 178, columns 45 to 89 of 196]
7.95893049240112 7.33661985397339 6.98532867431641 6.83200263977051 6.79515933990479 6.98412179946899 7.35597944259644 7.13130855560303 6.964195728302 6.91881418228149 7.07144832611084 6.69318056106567 6.73566865921021 6.51299047470093 6.36937379837036 6.5800576210022 6.90041303634644 6.7632908821106 7.31486845016479 7.74191236495972 7.3632173538208 7.41225814819336 7.02317428588867 6.52987766265869 6.22803592681885 5.90160322189331 5.55948972702026 5.14805030822754 4.89658498764038 4.85076379776001 4.82333469390869 4.82455348968506 4.90375947952271 4.85166454315186 4.84185409545898 4.87351894378662 4.79371738433838 4.68953037261963 4.52103471755981 4.37908315658569 4.23459577560425 4.0932822227478 3.88062739372253 3.59143805503845 3.29526782035828
6.13320827484131 6.64636993408203 6.68170547485352 6.20825529098511 6.11772918701172 6.21719980239868 6.37515211105347 6.41217803955078 6.52137231826782 6.14133071899414 6.01525545120239 5.93988704681396 6.04709339141846 5.93141222000122 6.04356002807617 6.01586771011353 6.03850412368774 5.79489088058472 6.11550331115723 6.67508363723755 7.09256219863892 6.73090744018555 6.51143217086792 6.54578447341919 6.24465608596802 5.87311363220215 5.63832378387451 5.34674453735352 4.90861177444458 4.69662237167358 4.58765363693237 4.58100271224976 4.63266468048096 4.71717834472656 4.62489891052246 4.53803205490112 4.52366781234741 4.56229782104492 4.48679876327515 4.3687219619751 4.23907279968262 4.10205698013306 3.92911791801453 3.7366304397583 3.54029321670532
5.60356664657593 5.44665956497192 5.28503084182739 5.67265558242798 5.78148937225342 5.71090507507324 5.62477159500122 5.62427520751953 5.5865478515625 5.48842859268188 5.57250833511353 5.24597644805908 5.19212770462036 5.31644487380981 5.59430313110352 5.69498872756958 5.48282194137573 5.41891622543335 5.51245784759521 5.36716985702515 5.47399759292603 5.98030042648315 6.34887313842773 6.03450536727905 5.85503911972046 5.89003419876099 5.62443685531616 5.29268169403076 4.98722982406616 4.78808450698853 4.48835611343384 4.37459135055542 4.41331100463867 4.36925411224365 4.39136409759521 4.45916700363159 4.31854248046875 4.25015926361084 4.24363899230957 4.27740573883057 4.21766233444214 4.11124706268311 3.9357123374939 3.76805114746094 3.61872863769531
5.21217441558838 5.36232995986938 5.19867992401123 5.09083938598633 5.2813572883606 5.29863834381104 5.07070446014404 4.95350790023804 4.83207273483276 4.82217884063721 4.81292819976807 4.7825984954834 4.83683061599731 4.85963201522827 5.04900932312012 5.18019199371338 5.14907836914062 5.21341323852539 5.09625816345215 5.06300401687622 5.11737060546875 4.95343923568726 4.94360780715942 5.31532764434814 5.60903978347778 5.35377073287964 5.23532152175903 5.25733232498169 4.94806528091431 4.77962112426758 4.51012802124023 4.34572839736938 4.20439147949219 4.13226747512817 4.17340230941772 4.15684413909912 4.16486072540283 4.16661882400513 4.10072803497314 4.09856700897217 4.12104988098145 4.0252571105957 3.94875025749207 3.77781248092651 3.60690855979919
4.83286666870117 4.92879581451416 4.84851169586182 4.99918270111084 4.87670087814331 4.74082231521606 4.70251226425171 4.54923677444458 4.54194831848145 4.41563367843628 4.43267440795898 4.41670846939087 4.31593942642212 4.39323377609253 4.47421646118164 4.43970203399658 4.58579587936401 4.69695663452148 4.71462821960449 4.76616287231445 4.70209836959839 4.66518878936768 4.72605800628662 4.7181134223938 4.65668869018555 4.75009870529175 5.01150512695312 4.90033531188965 4.91378784179688 4.75050163269043 4.49336194992065 4.34334659576416 4.15229511260986 4.04327392578125 3.96696424484253 3.92326307296753 3.98651242256165 4.02165985107422 4.0268669128418 3.89849448204041 3.85691571235657 3.82719826698303 3.83775734901428 3.74573564529419 3.55449533462524
4.47470235824585 4.5416202545166 4.44163608551025 4.55529737472534 4.65751123428345 4.49251079559326 4.37275505065918 4.25250816345215 4.24103546142578 4.14276838302612 4.19054508209229 4.25770282745361 4.16156005859375 4.17104864120483 4.10439109802246 4.09195518493652 4.02276277542114 4.05119228363037 4.21053123474121 4.30374479293823 4.34229612350464 4.49238920211792 4.45987176895142 4.51218843460083 4.37817621231079 4.39311933517456 4.44889831542969 4.67866849899292 4.50176525115967 4.44109964370728 4.43868160247803 4.32323551177979 4.13234615325928 3.99926209449768 3.88822460174561 3.82876968383789 3.78325057029724 3.86511826515198 3.79465794563293 3.76843452453613 3.77097296714783 3.64747953414917 3.53032660484314 3.47094702720642 3.26082706451416
3.84928369522095 3.932448387146 4.00130414962769 4.07267951965332 4.15746355056763 4.12578821182251 4.25067901611328 4.14227247238159 4.08025312423706 3.98311185836792 3.99668836593628 4.02796649932861 3.95453596115112 4.01485824584961 3.93582820892334 3.94195795059204 3.94615888595581 3.87367486953735 3.77672910690308 3.86511588096619 3.95306706428528 4.14962100982666 4.20149564743042 4.18379497528076 4.14213943481445 4.18521404266357 4.06564950942993 4.08447074890137 4.028883934021 4.21408271789551 4.07128953933716 4.08567333221436 4.07715702056885 3.95940494537354 3.83585596084595 3.76040554046631 3.69662666320801 3.66563582420349 3.62323522567749 3.64161443710327 3.55225944519043 3.39003372192383 3.2822413444519 3.17577171325684 3.00019574165344
3.55670118331909 3.54459071159363 3.60140681266785 3.7231023311615 3.7733268737793 3.78451108932495 3.86418151855469 3.86500000953674 4.00398826599121 3.91063618659973 3.85218524932861 3.8646252155304 3.77043128013611 3.81842041015625 3.74142050743103 3.7940731048584 3.81415557861328 3.75971221923828 3.75116658210754 3.61686444282532 3.56973624229431 3.7080225944519 3.78853702545166 3.85596132278442 3.90954899787903 3.9015052318573 3.84036087989807 3.89570331573486 3.8025598526001 3.80300784111023 3.79394054412842 3.87363719940186 3.74835014343262 3.75572371482849 3.764240026474 3.63410568237305 3.64108848571777 3.58125972747803 3.54450058937073 3.49651122093201 3.40737867355347 3.33755469322205 3.0964298248291 2.91849184036255 2.725905418396
3.22963619232178 3.14353370666504 3.21528196334839 3.26175594329834 3.33302283287048 3.46508932113647 3.51984024047852 3.56162309646606 3.65226340293884 3.66396760940552 3.77242660522461 3.72381639480591 3.64491415023804 3.66175031661987 3.5760350227356 3.61282110214233 3.67308664321899 3.60440897941589 3.63044309616089 3.56803059577942 3.30819225311279 3.24008345603943 3.32022190093994 3.43927979469299 3.51188349723816 3.59014296531677 3.63257932662964 3.64940309524536 3.58274483680725 3.64307332038879 3.69401574134827 3.61336708068848 3.5710597038269 3.59086680412292 3.57084488868713 3.59437823295593 3.51807451248169 3.52551698684692 3.47222685813904 3.42357301712036 3.36842942237854 3.2654390335083 2.92836403846741 2.6159656047821 2.38672852516174
2.66271209716797 2.5470552444458 2.82556486129761 2.93967628479004 2.98863172531128 3.03936839103699 3.13076519966125 3.26857137680054 3.323486328125 3.37009525299072 3.5426139831543 3.65358662605286 3.57967567443848 3.53170847892761 3.45184683799744 3.47278618812561 3.50763964653015 3.43830943107605 3.49378490447998 3.4256796836853 3.19825506210327 2.97455501556396 2.97706151008606 3.01860523223877 3.09146499633789 3.18968105316162 3.26736855506897 3.36163854598999 3.48134255409241 3.45731639862061 3.50738072395325 3.43493700027466 3.48217010498047 3.42882061004639 3.39986562728882 3.4071192741394 3.3972704410553 3.36556768417358 3.35146069526672 3.36530685424805 3.27907800674438 3.02329635620117 2.83137583732605 2.54849123954773 2.16197609901428
1.99461758136749 2.03629326820374 2.39786458015442 2.62398815155029 2.67379665374756 2.74217867851257 2.81103777885437 2.87333106994629 3.02225470542908 3.16590619087219 3.26049828529358 3.33089685440063 3.35813856124878 3.45837545394897 3.3859658241272 3.34688401222229 3.37380838394165 3.30391764640808 3.34177899360657 3.2294614315033 3.01762628555298 2.78350901603699 2.87848520278931 2.81793904304504 2.78245139122009 2.79967999458313 3.00867938995361 3.06027698516846 3.21530938148499 3.27645707130432 3.28001403808594 3.25374627113342 3.32949352264404 3.26533532142639 3.28218364715576 3.27276206016541 3.27004551887512 3.25044727325439 3.24098372459412 3.18844056129456 3.08523225784302 3.01053476333618 2.90177321434021 2.75913453102112 2.53310084342957
1.60897302627563 1.59644293785095 1.8373544216156 2.1189661026001 2.21075797080994 2.45154714584351 2.51074552536011 2.59341979026794 2.66524124145508 2.87939620018005 2.98729467391968 3.0377357006073 3.0849404335022 3.14714193344116 3.18405342102051 3.28094410896301 3.26408362388611 3.18355751037598 3.20919227600098 3.07145929336548 2.87126207351685 2.58395576477051 2.68983745574951 2.78439021110535 2.71722435951233 2.66918849945068 2.66132068634033 2.75996518135071 2.86495637893677 2.93100714683533 3.02141213417053 3.0835645198822 3.12516665458679 3.10528945922852 3.15275740623474 3.17943096160889 3.13004922866821 3.11798405647278 3.12189364433289 3.09670853614807 2.94680333137512 2.97442388534546 2.90473818778992 2.81452465057373 2.60597825050354
1.37741732597351 1.2994829416275 1.40095210075378 1.59655034542084 1.69958353042603 1.99954986572266 2.11162424087524 2.32346296310425 2.37140774726868 2.57883286476135 2.62252354621887 2.72052597999573 2.826828956604 2.87097978591919 2.92853188514709 3.10165071487427 3.20632934570312 3.11459994316101 3.09384369850159 2.94186329841614 2.71374988555908 2.4627149105072 2.51367259025574 2.60784006118774 2.54209589958191 2.64034509658813 2.54728221893311 2.45583200454712 2.52493691444397 2.58463025093079 2.68169331550598 2.82328319549561 2.88673233985901 3.01557660102844 2.99255871772766 3.03157949447632 3.00126719474792 3.02916598320007 2.99097466468811 2.90159273147583 2.81039261817932 2.84495210647583 2.87191915512085 2.81704044342041 2.66456246376038
1.46419811248779 1.28406429290771 1.25447380542755 1.40994119644165 1.31965923309326 1.52947795391083 1.63461542129517 1.89974403381348 1.99904811382294 2.26383328437805 2.36282706260681 2.43849921226501 2.48226642608643 2.65233945846558 2.77484560012817 2.87992691993713 2.90204977989197 2.93658208847046 3.04037070274353 2.93279075622559 2.59994792938232 2.39093637466431 2.30669593811035 2.45013618469238 2.36966300010681 2.47672486305237 2.38501572608948 2.24954390525818 2.26923942565918 2.30713319778442 2.35474610328674 2.58513188362122 2.63374876976013 2.7906768321991 2.82824659347534 2.8669867515564 2.84343886375427 2.88652801513672 2.80082631111145 2.65109252929688 2.55099010467529 2.71515202522278 2.66318726539612 2.70676255226135 2.69517946243286
1.33705103397369 1.22047650814056 1.17098689079285 1.04918086528778 1.33743155002594 1.79354095458984 1.26088118553162 1.45210802555084 1.63189697265625 1.92335653305054 2.1121814250946 2.15616178512573 2.2504677772522 2.36025953292847 2.555340051651 2.65143656730652 2.63224172592163 2.69805884361267 2.77080750465393 2.72061824798584 2.42231941223145 2.37288498878479 2.32533144950867 2.21464657783508 2.18771743774414 2.33105754852295 2.23325371742249 2.09194707870483 2.07751154899597 2.09840226173401 2.14204430580139 2.27381944656372 2.37852549552917 2.49897408485413 2.53990983963013 2.63971161842346 2.67899489402771 2.59905433654785 2.47848200798035 2.28938245773315 2.02038145065308 2.20709848403931 2.41939878463745 2.58162522315979 2.53503489494324
1.38683843612671 1.24190485477448 1.15172111988068 0.85608184337616 0.860475957393646 0.91543185710907 1.03894972801208 1.19183969497681 1.29509127140045 1.49251866340637 1.72174203395844 1.8222177028656 2.03777885437012 2.10612773895264 2.3069920539856 2.3006899356842 2.38218450546265 2.4847195148468 2.52603363990784 2.43447685241699 2.14113211631775 2.31225347518921 2.26543855667114 2.25624394416809 2.09187340736389 2.10566759109497 2.03448867797852 2.01164674758911 1.91800761222839 1.96017706394196 2.03320574760437 2.06661605834961 2.13219380378723 2.18605494499207 2.26884961128235 2.3449432849884 2.40546941757202 2.22541236877441 2.09075093269348 1.90999031066895 1.75647437572479 1.73386168479919 1.88009893894196 2.10517120361328 2.31200742721558
0.743297457695007 1.06887400150299 1.22156095504761 0.667130649089813 0.705802500247955 0.731343269348145 0.777943909168243 0.818148553371429 1.04702460765839 1.31564211845398 1.32900512218475 1.42205023765564 2.11897015571594 1.80768489837646 2.01663446426392 2.05881237983704 2.13180041313171 2.1888747215271 2.22621488571167 2.14677500724792 1.94359743595123 1.8958181142807 2.00261044502258 2.20004820823669 2.09446144104004 1.87549996376038 1.81354951858521 1.83988773822784 1.80551397800446 1.88346576690674 1.92793917655945 1.91905725002289 1.95963537693024 1.96920740604401 2.01583242416382 2.05115628242493 2.02461123466492 1.93207252025604 1.77932167053223 1.63460278511047 1.51695084571838 1.41995298862457 1.61735701560974 1.82692420482635 2.04636931419373
-0.092401847243309 0.511351585388184 2.51967000961304 0.700220167636871 0.568459093570709 0.519148588180542 0.630600869655609 0.703817844390869 0.737860918045044 0.897409796714783 1.01100444793701 1.12228989601135 2.00056457519531 1.48060357570648 1.69385313987732 1.83368194103241 1.88632476329803 1.97484660148621 2.00386142730713 1.93727946281433 1.7273131608963 1.60216951370239 1.66350293159485 1.80231642723083 1.85435664653778 1.71732044219971 1.52592527866364 1.48383903503418 1.50749516487122 1.75285947322845 1.81032979488373 1.78202223777771 1.83223128318787 1.81348311901093 1.83646893501282 1.84485936164856 1.87894034385681 1.74668788909912 1.54606819152832 1.38593423366547 1.23577511310577 1.15562665462494 1.17420613765717 1.41120624542236 1.61383140087128
-0.0902192443609238 3.22398352622986 6.8425874710083 3.29202795028687 0.6829993724823 0.562079608440399 0.471512913703918 0.570805013179779 0.604600310325623 0.65370762348175 0.672442018985748 0.831370949745178 1.18773627281189 1.16829240322113 1.31435024738312 1.49884295463562 1.61313283443451 1.77794396877289 1.80374956130981 1.6546938419342 1.47931277751923 1.36281669139862 1.29585123062134 1.30689656734467 1.39170396327972 1.38383233547211 1.21978843212128 1.14138627052307 1.10310709476471 1.42082786560059 1.6295337677002 1.65766251087189 1.69393467903137 1.64021384716034 1.59259963035583 1.59059703350067 1.59173989295959 1.48669099807739 1.23547101020813 1.11514496803284 0.99092173576355 0.898052334785461 0.856489837169647 0.99532812833786 1.14596557617188
2.279381275177 4.76036310195923 7.78125524520874 5.47532224655151 3.27550840377808 1.2692586183548 0.560139536857605 0.460081607103348 0.428468436002731 0.520723938941956 0.533724248409271 0.581504464149475 0.622868955135345 0.87308806180954 1.04004156589508 1.16224539279938 1.25453221797943 1.45570886135101 1.46800673007965 1.34272348880768 1.21684050559998 1.10660195350647 1.0275707244873 0.997735500335693 0.983287870883942 1.00334692001343 0.928666889667511 0.859573125839233 0.850444078445435 0.921895027160645 1.16912424564362 1.33701372146606 1.51558458805084 1.48926496505737 1.36101460456848 1.17732393741608 1.09633648395538 1.02029836177826 0.933357119560242 0.814722836017609 0.713288486003876 0.676290214061737 0.639286518096924 0.696136236190796 0.833556532859802
