slauniainen/Data/DEM/Vihti_dsm1500b_cl_horizonAngle_222.asc
NCOLS 196 
NROWS 178 
XLLCORNER 353680 
YLLCORNER 6699024 
CELLSIZE 16 
NODATA_value -3.4e+38 
[rows 0 to 19 of 178, columns 135 to 179 of 196]
0.833496749401093 22.0994873046875 11.2175226211548 7.89172172546387 28.6646823883057 10.7855997085571 6.91637897491455 8.19051265716553 8.0617790222168 8.66849517822266 8.52774047851562 8.03839778900146 7.15189981460571 5.72200393676758 4.75238132476807 3.53531885147095 2.90087676048279 3.82102012634277 4.83877849578857 6.13817358016968 6.67095041275024 4.59446668624878 3.70836329460144 2.27859354019165 1.13905715942383 2.0061149597168 0.355552315711975 0.11389571428299 0.060804758220911 -0.256442189216614 -0.965630948543549 -0.581852495670319 -0.974276781082153 0.616007804870605 24.4901504516602 34.7855110168457 21.434591293335 12.083703994751 8.67656993865967 5.6618218421936 5.23554563522339 5.2881441116333 0.0768505036830902 20.3340606689453 11.3528919219971
39.0238609313965 3.23118662834167 6.05187940597534 5.78690958023071 14.3014106750488 8.27176189422607 9.29471206665039 3.95800971984863 4.70643091201782 7.02142858505249 8.46814918518066 9.00088787078857 7.58952283859253 5.87397861480713 3.90615558624268 2.44600129127502 1.50554740428925 1.38266909122467 0.867825865745544 2.44412755966187 4.65157604217529 5.50586557388306 3.23236036300659 1.80458998680115 0.975370943546295 2.46261954307556 0.305648177862167 0.253968358039856 0.184562265872955 -0.10324089974165 0.0425267852842808 -0.798557460308075 6.81794309616089 -1.78632128238678 5.10210704803467 38.7967720031738 18.7723197937012 12.4020843505859 7.85090303421021 6.35316753387451 5.98157262802124 3.64332580566406 -0.453469336032867 1.97891962528229 1.60169720649719
39.0144920349121 12.3525266647339 15.7863502502441 13.9115591049194 11.1061849594116 12.42529296875 4.94571161270142 3.88862752914429 1.23273372650146 1.65990948677063 3.82313585281372 5.941565990448 6.49603128433228 5.17851448059082 3.23190784454346 1.60294938087463 1.48067343235016 0.767731070518494 0.3413425385952 0.717277765274048 1.39683175086975 3.07554388046265 2.89973020553589 1.24910807609558 3.37111306190491 0.430977016687393 0.39753270149231 0.365724444389343 0.305105239152908 0.191404297947884 0.118501618504524 14.717227935791 -0.966274440288544 2.15351510047913 1.2705785036087 34.8169403076172 19.0772590637207 11.3017024993896 8.53149032592773 7.43239450454712 5.2075514793396 -0.399704337120056 2.94586133956909 0.159885615110397 2.07564806938171
0.393411248922348 1.9600841999054 16.986946105957 14.7188138961792 19.0292224884033 8.8738260269165 6.10369873046875 1.59544813632965 0.246675059199333 0.255167484283447 0.701470017433167 2.17982530593872 3.89706993103027 3.97879672050476 2.00954627990723 1.66906595230103 0.869496285915375 0.448317766189575 0.740469992160797 0.516359508037567 0.832991659641266 1.10954630374908 1.37033224105835 4.24440670013428 0.810027122497559 0.546547889709473 0.464906364679337 0.45168599486351 0.400951683521271 0.197832405567169 31.4408321380615 4.73107719421387 5.26732778549194 9.56831359863281 -0.575778007507324 35.6904182434082 17.5150928497314 12.0253419876099 9.3876838684082 7.12746429443359 4.99694395065308 4.6005392074585 0.256997734308243 1.26764571666718 0.431416869163513
7.18716621398926 5.75422191619873 15.0643138885498 21.6703262329102 18.5992069244385 11.1238985061646 4.08952665328979 0.424056589603424 0.319432139396667 0.743961095809937 0.321283668279648 0.353481650352478 0.533032774925232 1.6586982011795 1.81556570529938 0.968780100345612 0.587720513343811 0.565848290920258 0.84776771068573 0.877293109893799 0.834648251533508 0.608810544013977 5.92954730987549 0.640743553638458 0.641213595867157 0.99594247341156 0.582962393760681 0.542406022548676 0.566930294036865 -1.28584659099579 6.47207641601562 -1.25777351856232 2.492840051651 -0.433868527412415 2.69817781448364 34.111644744873 19.0479469299316 12.093433380127 10.502610206604 8.05923366546631 5.97430562973022 0.999711632728577 1.72332227230072 -0.393973469734192 -0.440799534320831
6.02201652526855 -0.211001262068748 -0.473534911870956 0.0556407161056995 23.1970863342285 8.87916278839111 1.93472349643707 1.3460545539856 1.52831971645355 0.446828633546829 0.430410742759705 0.543589413166046 1.73053526878357 1.95198118686676 1.03021156787872 1.04286241531372 0.745127856731415 0.94552081823349 0.72505521774292 1.02688312530518 0.97014445066452 11.1075315475464 0.682547330856323 0.742148339748383 0.738440573215485 1.00365793704987 0.754151046276093 0.661744058132172 0.633961141109467 -0.923164665699005 -0.924998462200165 -1.15523874759674 -0.769510865211487 8.51479530334473 3.70239114761353 36.0075416564941 17.3601531982422 13.9915103912354 10.9662170410156 7.61951589584351 4.7454252243042 2.55897331237793 -0.195063710212708 -0.340065628290176 -0.34499916434288
-0.0530711971223354 0.232239112257957 4.18794870376587 -0.0409779213368893 19.0705871582031 4.0095329284668 2.4657096862793 2.97900366783142 1.4567483663559 1.01925277709961 1.59043347835541 2.22003746032715 2.53691148757935 1.38764572143555 1.37813496589661 1.16920006275177 1.13437867164612 0.814585387706757 1.12313652038574 1.0271053314209 0.46965092420578 0.752226650714874 0.765057325363159 0.833025634288788 0.84181159734726 0.86858993768692 0.830572843551636 0.818406641483307 1.89052581787109 -0.385197818279266 -0.638523101806641 -0.61914187669754 12.2248401641846 7.00397348403931 5.59012126922607 32.6217803955078 18.9211673736572 15.4856157302856 10.4852647781372 9.00273036956787 3.56078362464905 0.177658379077911 -0.154985830187798 -0.165099769830704 -0.0839432999491692
0.472406417131424 0.232414409518242 0.24959571659565 0.215734496712685 6.9244818687439 6.8981785774231 3.93147778511047 2.29945993423462 2.04280781745911 6.07734870910645 3.16637897491455 3.78049468994141 2.70596528053284 2.76505780220032 1.81531655788422 1.27110552787781 0.94299453496933 1.28979349136353 1.27301418781281 0.936021566390991 0.899623692035675 0.8093421459198 0.862455308437347 0.920370161533356 0.949036180973053 0.992266416549683 0.961678385734558 1.97707664966583 2.06176090240479 -0.274306565523148 8.79799938201904 -0.923986256122589 4.86221599578857 2.9401798248291 16.0647792816162 32.5489387512207 22.8773708343506 14.3338842391968 11.6971883773804 3.69595503807068 4.26437425613403 0.0471177808940411 0.00128614355344325 0.131304085254669 0.0250395368784666
0.66596645116806 0.508977234363556 0.547185301780701 7.1410813331604 2.49812626838684 4.84853935241699 2.86576581001282 2.6456184387207 14.5802688598633 5.83012723922729 5.54191493988037 4.84788799285889 6.0611457824707 4.75072431564331 1.67230117321014 1.06621694564819 1.47094011306763 1.4379073381424 1.04344201087952 1.02470552921295 0.976091742515564 0.902103543281555 0.972133636474609 1.03330731391907 1.08488583564758 1.10939276218414 2.88157510757446 2.14651441574097 2.01474952697754 -0.271983206272125 -0.320943862199783 11.8271150588989 12.5121402740479 1.41251039505005 21.4784126281738 40.1511573791504 21.2528667449951 15.8319330215454 5.35364818572998 5.56356811523438 0.322718381881714 0.364697575569153 0.329351097345352 0.461243122816086 0.146727487444878
0.620071291923523 0.753088772296906 0.601266741752625 3.34225392341614 4.51418828964233 5.47494983673096 3.22430515289307 0.631980776786804 12.393310546875 12.3331270217896 7.8276629447937 13.7198076248169 11.9496822357178 3.07161617279053 1.49447846412659 1.89229297637939 1.66197681427002 1.14262437820435 1.15274620056152 1.12483215332031 1.06916844844818 1.02264189720154 1.08466148376465 1.13347899913788 1.18239295482635 2.9862105846405 2.21606040000916 2.24873661994934 0.777767896652222 3.12131667137146 5.27923107147217 1.55251049995422 14.871997833252 -0.95454603433609 -0.656877934932709 37.9690818786621 29.1754779815674 10.0115795135498 8.08623886108398 0.588947772979736 0.520213663578033 0.465492814779282 0.502410471439362 0.372517824172974 0.853018045425415
3.27029347419739 3.97699856758118 6.9942421913147 5.65499639511108 6.82025766372681 3.84792685508728 3.59746146202087 3.45788836479187 0.791650950908661 10.2271184921265 0.728595793247223 0.778806090354919 4.57411241531372 2.27813529968262 2.26344799995422 1.98293364048004 1.21476352214813 1.23593711853027 1.25660216808319 1.21798610687256 1.1509952545166 1.14390051364899 1.18709707260132 1.23531019687653 3.10566973686218 2.3340904712677 2.34015011787415 1.9896125793457 0.602303862571716 -0.750070929527283 1.02140629291534 7.07791996002197 -0.258010983467102 -0.26523357629776 0.134017691016197 17.068323135376 7.64382791519165 12.849983215332 1.55753993988037 0.871646583080292 0.788399457931519 0.76740300655365 0.701732337474823 0.876680612564087 1.57472705841064
5.32500600814819 10.4928665161133 7.53790712356567 9.04306411743164 4.83854913711548 4.4471001625061 3.64314556121826 5.12835359573364 5.02493333816528 0.89297479391098 8.9682559967041 7.02745532989502 3.19842982292175 2.56390357017517 2.29032254219055 1.35690402984619 1.28323698043823 1.30163812637329 1.30896210670471 1.28076350688934 1.2086945772171 1.23435688018799 1.28077697753906 3.21675205230713 2.42819595336914 2.4506528377533 2.07841992378235 0.951844394207001 0.222299635410309 -0.59142404794693 -0.668119013309479 -0.0117305517196655 0.167698875069618 0.817331969738007 -0.411001682281494 0.486895680427551 17.993236541748 2.94102263450623 1.06488406658173 1.06705486774445 1.2974716424942 1.09385633468628 0.994611144065857 1.63474416732788 0.861115336418152
20.3081817626953 11.2443170547485 13.5057535171509 6.44874382019043 5.99579000473022 4.55146169662476 7.91056251525879 14.8470430374146 3.11542844772339 0.891730964183807 9.42874908447266 4.76544332504272 2.89221167564392 2.5866756439209 1.50433611869812 1.3234885931015 1.34113466739655 1.3473801612854 1.32297563552856 1.31254100799561 1.27605950832367 1.32612192630768 3.32851314544678 2.51174402236938 2.53689670562744 2.16572022438049 2.07660269737244 0.906635940074921 0.471557468175888 0.0546863488852978 10.2152185440063 0.46156519651413 0.857203304767609 3.01428961753845 0.745039999485016 0.358521908521652 3.32271504402161 1.18998551368713 1.19753324985504 1.37898921966553 1.26536905765533 1.24680936336517 1.7244428396225 1.13902032375336 1.4111442565918
14.9022245407104 20.2683029174805 9.61728858947754 8.96617603302002 6.05352926254272 10.5405082702637 0.542475342750549 3.67952561378479 1.0117415189743 1.47444927692413 9.41657161712646 3.32783770561218 2.96459078788757 1.67660534381866 1.3687047958374 1.38526105880737 1.39016425609589 1.36324059963226 1.35162281990051 1.33722174167633 1.37328672409058 3.44332242012024 2.60724544525146 2.62376236915588 2.24955463409424 2.1702835559845 2.00452542304993 1.24472320079803 1.18619203567505 0.185598194599152 0.885848581790924 1.17045557498932 0.933787763118744 0.96614271402359 1.17723166942596 1.05352294445038 1.29034328460693 1.29646325111389 1.43313682079315 1.33365070819855 1.35632252693176 1.79828786849976 1.57816123962402 1.45724475383759 1.74228501319885
0.552426874637604 14.1665849685669 17.2964725494385 9.0423698425293 15.6165504455566 2.78697729110718 3.1834921836853 1.27709579467773 0.97452449798584 2.574294090271 3.90261101722717 3.5015332698822 1.88538157939911 1.41149592399597 1.43327784538269 1.43422830104828 1.40745186805725 1.39339780807495 1.37756538391113 1.42079424858093 3.56922888755798 2.71477341651917 2.71724343299866 2.32660937309265 2.25533366203308 2.07560229301453 1.83787953853607 1.76715636253357 1.37350344657898 1.00868809223175 1.63614428043365 1.05184721946716 1.10048592090607 1.30694186687469 1.34073901176453 1.34820258617401 1.36479675769806 1.49330592155457 1.40071725845337 1.43825101852417 1.8807452917099 1.6468071937561 1.51367473602295 1.79646623134613 1.59102272987366
0.837430000305176 0.882718682289124 11.6668453216553 29.211893081665 4.20073366165161 10.8317785263062 1.44004261493683 3.72746181488037 2.9355525970459 4.67613744735718 4.28035640716553 3.85779452323914 1.46548628807068 1.479416847229 1.48321831226349 1.45397114753723 1.4406658411026 1.42107594013214 1.47028398513794 3.70314836502075 2.81263637542725 2.81846165657043 2.4115252494812 2.34028887748718 2.15973782539368 1.88955020904541 1.82480216026306 2.05709743499756 2.37824106216431 1.69488108158112 1.48806524276733 1.42858326435089 1.40623152256012 1.3905816078186 1.38737726211548 1.40667057037354 1.54449450969696 1.44267904758453 1.48556005954742 1.94696819782257 1.70309638977051 1.58237707614899 1.87553608417511 1.65023481845856 2.01909017562866
6.90319585800171 1.1091001033783 0.497029930353165 8.18982887268066 21.1538581848145 1.75836443901062 5.83882331848145 4.28677988052368 9.18119430541992 5.20659017562866 4.78014183044434 1.51105439662933 1.53108155727386 1.53103470802307 1.50230371952057 1.48915183544159 1.46799874305725 1.52631878852844 3.84920644760132 2.93087458610535 2.93037056922913 2.49920964241028 2.43173980712891 2.25352072715759 1.94866716861725 1.8830326795578 2.11954355239868 2.4523651599884 2.1201114654541 1.54624485969543 1.47465789318085 1.46482872962952 1.44789290428162 1.43151378631592 1.45319294929504 1.60066044330597 1.48985505104065 1.53351700305939 2.0200047492981 1.76030790805817 1.63346016407013 1.94193243980408 1.7167946100235 2.09424328804016 2.10520648956299
4.03182458877563 1.18027305603027 1.44104433059692 0.846271157264709 1.34725713729858 10.8981599807739 10.3144645690918 3.82679009437561 9.4509162902832 6.15308666229248 2.75660729408264 1.58626687526703 1.5858359336853 1.55806374549866 1.54151284694672 1.52574932575226 1.58110237121582 3.99977564811707 2.93028903007507 3.03669881820679 2.59098982810974 2.52211332321167 2.33820676803589 2.03557562828064 1.93681645393372 2.18751859664917 2.53255224227905 2.21128845214844 1.60994803905487 1.52389621734619 1.51613819599152 1.49658405780792 1.47847127914429 1.50010251998901 1.66162741184235 1.54085791110992 1.58456993103027 2.0998215675354 1.82517862319946 1.6960963010788 2.01269507408142 1.78110694885254 2.17583990097046 2.18833351135254 2.50478482246399
3.77857208251953 3.84263682365417 1.05265891551971 1.81739664077759 1.05791008472443 6.49983406066895 2.17074108123779 5.6102557182312 9.23131656646729 3.34105587005615 1.63740265369415 1.63480687141418 1.60201251506805 1.58867490291595 1.58147633075714 1.64473247528076 1.70666658878326 4.08964872360229 3.15993809700012 2.91127419471741 2.62051057815552 2.4240403175354 2.12335300445557 2.00424361228943 2.26082253456116 2.61276650428772 2.31068181991577 2.25780248641968 1.61128306388855 1.56384444236755 1.5451078414917 1.53325259685516 1.55093610286713 1.72240483760834 1.59669375419617 1.64060044288635 2.18229699134827 1.88952529430389 1.76004338264465 2.08307123184204 1.98783874511719 2.25883436203003 2.27471661567688 2.60785818099976 2.91778135299683
4.3492259979248 4.01146507263184 5.90735578536987 1.89982843399048 0.954202473163605 6.48600912094116 13.8296928405762 17.7706661224365 4.43369436264038 2.89491438865662 2.8779764175415 1.6666077375412 1.64273571968079 1.61478650569916 1.64605474472046 1.71626114845276 4.25281667709351 3.24997019767761 3.22423219680786 2.71935486793518 2.5134482383728 2.19805097579956 2.09220337867737 2.32356595993042 2.70044183731079 2.38047480583191 2.35511374473572 1.82830226421356 1.78433799743652 1.59810674190521 1.58822178840637 1.60652244091034 1.7906721830368 1.65111351013184 1.69389033317566 2.27346014976501 1.95595955848694 1.82473254203796 2.15931034088135 2.29338765144348 2.3379967212677 2.36018300056458 2.72918367385864 3.26953649520874 2.32167434692383
