slauniainen/Data/DEM/Vihti_dem1500b_cl_horizonAngle_78.asc
NCOLS 196 
NROWS 178 
XLLCORNER 353680 
YLLCORNER 6699024 
CELLSIZE 16 
NODATA_value -3.4e+38 
[rows 0 to 19 of 178, columns 135 to 179 of 196]
1.33077824115753 1.2649998664856 1.29163634777069 1.53430151939392 2.96818041801453 3.58981895446777 3.32360744476318 0.947153508663177 0.999236464500427 1.02186059951782 1.08800101280212 1.23490130901337 1.34220623970032 1.47317934036255 1.68615996837616 1.6019994020462 1.11331284046173 1.18072497844696 1.41910207271576 1.85209739208221 1.98247861862183 2.27257108688354 2.76544761657715 3.35714936256409 4.04463577270508 3.83903980255127 3.34484934806824 2.58169364929199 2.31988930702209 1.44294118881226 1.28080773353577 1.25499820709229 1.41766500473022 1.76728892326355 2.16111302375793 2.67841124534607 3.26874256134033 3.98928380012512 4.16015481948853 2.69927287101746 0.995378375053406 1.57661068439484 2.36535692214966 -0.117195971310139 0.0433383882045746
1.44250786304474 1.69263851642609 2.12135434150696 3.85221743583679 5.60330009460449 6.54206275939941 5.4608473777771 0.499884366989136 0.523652970790863 0.601831078529358 0.698889076709747 0.804781138896942 0.908628463745117 1.92856752872467 2.26822662353516 1.54453253746033 0.749590575695038 0.763058841228485 0.80909126996994 0.943771064281464 1.12655699253082 1.76220738887787 2.05300712585449 2.18695139884949 2.91289305686951 3.16773700714111 3.4725387096405 3.18893790245056 2.45208692550659 1.70490252971649 1.46355068683624 1.53462409973145 1.70774149894714 2.09430074691772 2.43223738670349 2.88558530807495 3.48436570167542 3.92312860488892 4.21465444564819 3.11982583999634 2.99355411529541 1.13759613037109 0.103345550596714 0.176182076334953 0.44067645072937
2.96237683296204 3.41741514205933 3.87766551971436 5.76003122329712 6.98382663726807 7.34076261520386 4.9779691696167 1.33507394790649 0.216735169291496 0.252285867929459 0.350038856267929 0.437583178281784 0.576367974281311 0.670616209506989 0.702240765094757 0.706244647502899 0.648384094238281 0.647730529308319 0.675414800643921 0.775330901145935 0.936139762401581 1.1564713716507 1.66707336902618 1.85578274726868 2.08269047737122 2.42472314834595 2.94626688957214 2.99469518661499 2.51063108444214 2.0077588558197 1.74640274047852 1.85879027843475 1.9985146522522 2.20022296905518 2.66116070747375 2.97599029541016 3.30051374435425 3.54811406135559 4.3731837272644 5.42395734786987 5.68889236450195 0.191355511546135 0.347062140703201 0.589224219322205 0.897970497608185
3.55985403060913 3.94677066802979 4.40578603744507 5.60206890106201 5.4332447052002 5.27902221679688 4.97627449035645 1.73878729343414 0.113608844578266 0.114407524466515 0.155907735228539 0.218147218227386 0.344533979892731 0.492622375488281 0.584771037101746 0.626775324344635 0.650457203388214 0.634810090065002 0.688068568706512 0.778967380523682 0.919761300086975 1.12761259078979 1.33987987041473 1.49320936203003 1.70035016536713 1.93892669677734 2.3222222328186 2.62110805511475 2.83479499816895 1.97323977947235 2.01833081245422 2.16344046592712 2.27791476249695 2.4530725479126 3.18853282928467 3.53303551673889 3.83504033088684 4.26836776733398 5.03198528289795 3.94535446166992 2.95845985412598 1.12839257717133 0.918854415416718 1.12802922725677 1.23400723934174
2.66844081878662 2.33005046844482 2.57193660736084 3.27592897415161 3.86761522293091 3.9775767326355 5.20094060897827 3.1746973991394 0.995126783847809 0.0953250154852867 0.104975268244743 0.157990708947182 0.268935203552246 0.452830344438553 0.563771724700928 0.622859477996826 0.649369597434998 0.677015364170074 0.740354359149933 0.862786769866943 1.00064444541931 1.20634913444519 1.38422286510468 1.51944553852081 1.66127860546112 1.9338241815567 2.00976872444153 2.18475031852722 2.18220043182373 2.10380053520203 2.38959217071533 2.51295900344849 2.68484973907471 2.92382645606995 2.76377153396606 2.68035626411438 2.89861989021301 3.03642606735229 3.18067383766174 2.85919213294983 1.55833876132965 1.26530170440674 1.31840837001801 1.43250262737274 1.5118111371994
2.19177627563477 0.687775731086731 0.797238707542419 1.55685901641846 3.34236526489258 5.15019989013672 5.23775959014893 4.65258026123047 3.32104778289795 1.26340746879578 0.206822246313095 0.257072955369949 0.395806223154068 0.498944252729416 0.58994996547699 0.655056595802307 0.694058001041412 0.739226937294006 0.833093106746674 0.962536096572876 1.20122146606445 1.35884177684784 1.48967957496643 1.61742866039276 1.72206997871399 2.1010639667511 2.19285178184509 2.26811718940735 2.34887528419495 2.42983078956604 2.21384644508362 1.95684206485748 2.03021359443665 2.18841767311096 2.27639007568359 2.42046284675598 2.89452934265137 2.98542428016663 2.52818727493286 2.04012203216553 1.64902210235596 1.69185054302216 1.74114465713501 1.77244162559509 1.81793427467346
0.466010928153992 0.467755287885666 0.683215856552124 1.35436499118805 2.92881727218628 4.51318264007568 5.67443132400513 5.63478422164917 4.35444307327271 2.42163491249084 0.491006433963776 0.513089656829834 0.574295282363892 0.61266165971756 0.641681730747223 0.712465167045593 0.843982636928558 0.927499830722809 1.02004325389862 1.14255475997925 1.41985630989075 1.57417142391205 1.66262137889862 1.77158272266388 1.87737309932709 1.89997100830078 1.74050545692444 1.80168151855469 1.8600355386734 1.93883454799652 1.91841459274292 1.59699463844299 1.61407196521759 1.59199404716492 1.63992834091187 1.80125784873962 2.34950375556946 2.65478277206421 2.23644185066223 1.73077094554901 1.74018049240112 1.8300633430481 1.88233888149261 1.93468022346497 1.97474563121796
0.729123055934906 1.24848639965057 1.76268398761749 2.04068970680237 1.97960388660431 2.53445601463318 3.34026455879211 3.99872732162476 3.66592597961426 2.76070046424866 1.93531620502472 1.62985360622406 1.33230245113373 1.45386242866516 0.786190271377563 0.841643571853638 1.03984677791595 1.14300656318665 1.32073354721069 1.40222024917603 1.38310670852661 1.24329435825348 1.31911408901215 1.41267108917236 1.52087593078613 1.61231756210327 1.45927393436432 1.4888790845871 1.52564632892609 1.52862060070038 1.51657152175903 1.56666660308838 1.76043248176575 1.12339913845062 1.14194178581238 1.41572797298431 1.58249235153198 1.65372884273529 1.73736703395844 1.8187552690506 1.84010982513428 1.80577099323273 1.85312557220459 1.92757821083069 1.99722707271576
1.32658684253693 1.29344642162323 1.59615039825439 1.70566761493683 1.5913782119751 1.48238360881805 1.47987723350525 1.89923453330994 2.02119922637939 1.90857648849487 2.04601097106934 2.35741710662842 1.94587028026581 2.34524178504944 0.997227311134338 1.01880156993866 1.05405068397522 1.02352666854858 1.06852030754089 1.13741230964661 1.20358884334564 1.10270619392395 1.10194730758667 1.17473471164703 1.26896154880524 1.29852676391602 1.28521597385406 1.24677050113678 1.30405330657959 1.36755871772766 1.45235252380371 1.37572288513184 1.36692595481873 1.30933785438538 1.35066914558411 1.5782173871994 1.69385933876038 1.73229658603668 1.7559916973114 1.77578377723694 1.81417798995972 1.84822607040405 1.90128660202026 2.0204975605011 2.15512299537659
1.08875513076782 1.04510104656219 1.01092708110809 0.910652637481689 1.00730979442596 1.112748503685 1.22358083724976 1.14227330684662 1.0756653547287 1.27494978904724 1.50534117221832 1.92166388034821 2.03066492080688 1.26347219944 0.913827836513519 0.992809772491455 1.02672338485718 0.948751926422119 0.925117313861847 0.97856605052948 1.02854907512665 1.03081524372101 0.986532092094421 1.05275285243988 1.04593908786774 1.27637851238251 0.953789710998535 0.997547388076782 1.12813591957092 1.13799476623535 1.26653516292572 1.38815236091614 1.04840064048767 1.25519049167633 1.46245276927948 1.60717046260834 1.72180187702179 1.7721540927887 1.97810387611389 1.99223232269287 1.88917756080627 1.95772612094879 2.08665251731873 2.25349974632263 2.47048306465149
0.768908500671387 0.784288108348846 0.866369962692261 0.889603018760681 0.907609701156616 0.931643605232239 0.90824693441391 0.853688597679138 0.81792551279068 0.833819210529327 0.900095224380493 0.95911568403244 0.844879269599915 0.808276474475861 0.847151815891266 0.862066924571991 0.898111760616302 0.912976443767548 0.858226835727692 0.851095199584961 0.829017281532288 0.840715765953064 0.841615438461304 0.889821290969849 0.964728593826294 1.32673192024231 0.980798900127411 0.862555861473083 0.845033288002014 0.924471199512482 1.00875663757324 1.18906342983246 1.18456864356995 1.35990357398987 1.50360715389252 1.62478637695312 1.76058864593506 2.01932239532471 2.04434132575989 2.05840468406677 2.1214771270752 2.22928786277771 2.46056509017944 2.72291135787964 3.13665866851807
0.82661384344101 0.845959722995758 0.81939423084259 0.713397741317749 0.738138914108276 0.749558806419373 0.778355836868286 0.701907813549042 0.652899026870728 0.682055830955505 0.734960913658142 0.765335023403168 0.778508424758911 0.714824080467224 0.736361682415009 0.726888120174408 0.707732677459717 0.724281251430511 0.720007717609406 0.687693297863007 0.728834629058838 0.780871510505676 0.827205300331116 0.817870795726776 0.886807262897491 1.18238377571106 1.12954640388489 1.6550680398941 0.817851126194 0.961074531078339 1.12207102775574 1.20123469829559 1.34194576740265 1.55068290233612 1.69042158126831 1.86153554916382 2.00726056098938 2.30408143997192 2.36465239524841 2.41396808624268 2.45442676544189 2.63951134681702 2.97961115837097 3.33072757720947 3.54203271865845
0.669946670532227 0.685890555381775 0.698469877243042 0.639846503734589 0.596685767173767 0.612403512001038 0.6211998462677 0.629255473613739 0.572620570659637 0.566510021686554 0.585474133491516 0.590283930301666 0.601865887641907 0.59966105222702 0.570616781711578 0.57763534784317 0.559560120105743 0.594251394271851 0.584557950496674 0.599213421344757 0.643856287002563 0.683896481990814 0.738699436187744 0.730671286582947 0.903763949871063 1.31852650642395 1.0301628112793 1.17520141601562 1.25393176078796 1.15038192272186 1.25313675403595 1.38990294933319 1.59371304512024 1.82134115695953 1.95550513267517 2.22397708892822 2.29700112342834 2.5294189453125 2.6690502166748 2.73011422157288 2.81430721282959 3.1809298992157 3.38674545288086 3.58131742477417 3.80422616004944
0.526972115039825 0.549381732940674 0.564894676208496 0.568877756595612 0.516877710819244 0.483245342969894 0.459503471851349 0.475982666015625 0.470363050699234 0.424142777919769 0.479329913854599 0.464230418205261 0.45152959227562 0.463913202285767 0.481998026371002 0.495792895555496 0.507796585559845 0.526864767074585 0.5511075258255 0.584771990776062 0.617460191249847 0.641340553760529 0.67722874879837 0.966603398323059 1.02283716201782 1.11165130138397 1.14646530151367 1.26826703548431 1.31194472312927 1.35603082180023 1.43181383609772 1.65782725811005 1.87022340297699 2.06878399848938 2.22195506095886 2.44146871566772 2.70388388633728 2.87698674201965 3.10422921180725 3.39303112030029 3.46559762954712 3.53693175315857 3.7033224105835 3.79482936859131 3.8915114402771
0.433167010545731 0.431080430746078 0.416551232337952 0.43259596824646 0.428222894668579 0.384866386651993 0.353508979082108 0.34728616476059 0.35373455286026 0.358737111091614 0.404402941465378 0.413178622722626 0.427817285060883 0.444644540548325 0.466394007205963 0.487841606140137 0.509739458560944 0.528386414051056 0.55267071723938 0.567197382450104 0.520135402679443 0.539020121097565 0.732292711734772 0.986464381217957 1.12034606933594 1.21074402332306 1.27016532421112 1.39964878559113 1.59805238246918 1.61707973480225 1.67751204967499 1.87002551555634 2.08786201477051 2.2719190120697 2.58317255973816 2.76594281196594 2.9756760597229 3.31151628494263 3.38432240486145 3.46440362930298 3.5616934299469 3.63650035858154 3.8076491355896 4.1764235496521 4.31079769134521
0.338196337223053 0.328261286020279 0.315920025110245 0.317508935928345 0.443639248609543 0.305896937847137 0.303006500005722 0.313530832529068 0.317373365163803 0.34408500790596 0.387717574834824 0.412733525037766 0.4285728931427 0.445880681276321 0.466927945613861 0.477287948131561 0.439935833215714 0.422967374324799 0.44183623790741 0.461520820856094 0.439535796642303 0.387200385332108 0.669573843479156 0.921329975128174 1.13158977031708 1.33235013484955 1.52606117725372 1.57799530029297 1.78984999656677 1.91859650611877 2.07148694992065 2.16893148422241 2.27486062049866 2.63409972190857 2.8157696723938 3.16128826141357 3.22710132598877 3.39339399337769 3.61930060386658 3.71800851821899 3.82384753227234 3.94099187850952 4.31963872909546 4.6136040687561 4.97815656661987
0.269519627094269 0.276554882526398 0.276732802391052 0.280980706214905 0.37976661324501 0.29262113571167 0.296333312988281 0.325226366519928 0.330462127923965 0.348423182964325 0.384836047887802 0.360846668481827 0.34312829375267 0.356207728385925 0.372931599617004 0.390025913715363 0.375151544809341 0.301209390163422 0.273294627666473 0.297696501016617 0.366793096065521 0.477663904428482 0.915099203586578 1.63681924343109 1.19351160526276 1.50519824028015 1.70872938632965 1.91832554340363 2.17456936836243 2.298504114151 2.34816765785217 2.43391537666321 2.63286709785461 2.9460301399231 3.24887323379517 3.3293399810791 3.41161632537842 3.71571779251099 3.98361277580261 4.30535554885864 4.42484569549561 4.55313968658447 4.75369739532471 4.98621654510498 5.26658964157104
0.257306009531021 0.262375384569168 0.269814640283585 0.271219462156296 0.432083249092102 0.278097301721573 0.267606526613235 0.245581910014153 0.262375950813293 0.275178998708725 0.304044991731644 0.305898815393448 0.244898870587349 0.222524091601372 0.231954246759415 0.235650852322578 0.242725178599358 0.254923909902573 0.304435819387436 0.332438617944717 0.455525547266006 0.611573576927185 0.9488245844841 1.02215230464935 1.43955814838409 1.83100438117981 2.07866716384888 2.27720761299133 2.6208667755127 2.88343501091003 2.94778394699097 3.01903772354126 3.08168482780457 3.33370161056519 3.57777261734009 3.86499357223511 3.96312069892883 4.09016370773315 4.30455589294434 4.55758142471313 4.68590593338013 4.98098468780518 5.25751304626465 5.47943496704102 5.64339828491211
0.255997776985168 0.263916969299316 0.234842240810394 0.420691102743149 0.213764607906342 0.220266729593277 0.221980035305023 0.159004181623459 0.154694363474846 0.157126784324646 0.180248782038689 0.188708171248436 0.153568163514137 0.142782971262932 0.177274242043495 0.189603462815285 0.224710121750832 0.288070172071457 0.352697730064392 0.48865219950676 0.625603914260864 0.916744887828827 1.70491290092468 1.20016610622406 1.75885963439941 2.170578956604 2.50194382667542 2.7535343170166 2.95991468429565 3.17363476753235 3.43099808692932 3.50618004798889 3.58457946777344 3.66835498809814 3.86257314682007 4.09076166152954 4.27597045898438 4.52231597900391 4.72587633132935 4.85612201690674 4.99651670455933 5.14522123336792 5.38198089599609 5.53662157058716 5.71405649185181
0.201119840145111 0.205587804317474 0.19668735563755 0.142818957567215 0.287350475788116 0.337612330913544 0.114130020141602 0.104164302349091 0.0866502001881599 0.0717149525880814 0.0968353524804115 0.105426624417305 0.111841134727001 0.138391777873039 0.147936522960663 0.191795721650124 0.257631152868271 0.343910902738571 0.490607917308807 0.638615787029266 0.783052623271942 1.02011752128601 1.078568816185 1.52118480205536 2.10205388069153 2.56547164916992 2.82550311088562 3.06832432746887 3.27588748931885 3.42774438858032 3.62830448150635 3.70773458480835 3.83535504341125 4.05606460571289 4.23529100418091 4.34725093841553 4.45457077026367 4.62609148025513 4.75601673126221 4.89311647415161 5.03855752944946 5.18969964981079 5.30266427993774 5.3381495475769 5.45153093338013
