slauniainen/Data/DEM/Vihti_dem1500b_cl_horizonAngle_318.asc
NCOLS 196 
NROWS 178 
XLLCORNER 353680 
YLLCORNER 6699024 
CELLSIZE 16 
NODATA_value -3.4e+38 
[rows 40 to 59 of 178, columns 0 to 44 of 196]
3.46235704421997 3.65913081169128 3.92851591110229 3.99272918701172 3.88110160827637 3.76533341407776 3.78182029724121 3.8494598865509 3.95765328407288 3.98241305351257 4.06877994537354 4.08312606811523 4.15454339981079 4.23526430130005 4.24918031692505 3.99129462242126 3.52491998672485 3.31736469268799 3.10861086845398 2.95719623565674 2.74382066726685 4.65723752975464 6.3503885269165 6.33701181411743 7.2566876411438 8.15074253082275 7.77458333969116 7.27534580230713 7.53205251693726 7.98134803771973 8.36026382446289 8.54730129241943 8.7922191619873 8.59146976470947 8.83255958557129 8.38561344146729 7.81506490707397 8.05213165283203 8.29221343994141 8.95343208312988 10.2395124435425 10.4864730834961 10.2939262390137 9.90976905822754 10.1529140472412
3.11836862564087 3.48764657974243 3.80364370346069 3.87049221992493 3.72298216819763 3.65991830825806 3.60471725463867 3.62409400939941 3.69136834144592 3.80509948730469 3.82391428947449 3.97848129272461 4.04869222640991 4.11848211288452 4.16762208938599 4.07570838928223 3.76645588874817 3.34662890434265 3.18640995025635 2.9921293258667 2.85876870155334 2.70466113090515 3.17985773086548 4.80346441268921 5.9653844833374 6.37243366241455 6.33760690689087 6.34730291366577 6.25815057754517 6.70991373062134 7.38329267501831 7.78774929046631 8.01053905487061 8.09197521209717 7.93599700927734 8.38756942749023 8.21876811981201 7.75549554824829 7.5950493812561 7.62884283065796 8.67447566986084 9.79896545410156 9.77939033508301 9.0922212600708 8.96659851074219
4.80357885360718 3.94838047027588 3.44097781181335 3.70101284980774 3.58092308044434 3.53379726409912 3.49381113052368 3.45531153678894 3.47606539726257 3.54321813583374 3.72477912902832 3.83731698989868 3.85020184516907 3.89944887161255 3.99409866333008 4.0146746635437 3.8431224822998 3.52768731117249 3.21784162521362 3.05947470664978 2.86848664283752 2.76605248451233 2.64019107818604 3.35108327865601 4.73220109939575 5.01329946517944 5.39332294464111 5.73972415924072 5.96285057067871 5.91607332229614 6.35543394088745 6.92517423629761 7.14387655258179 7.50570487976074 7.99938058853149 7.83109092712402 7.83101558685303 7.53075265884399 7.34324407577515 7.19634532928467 7.0353856086731 7.44561910629272 8.44262504577637 8.52774715423584 8.06736946105957
2.37950778007507 2.94088435173035 3.26856255531311 3.27593040466309 3.45022392272949 3.41152954101562 3.36642789840698 3.32993102073669 3.30393886566162 3.37209796905518 3.58849000930786 3.60644435882568 3.69665622711182 3.71070408821106 3.76167750358582 3.84229588508606 3.8610782623291 3.69567084312439 3.39519572257996 3.09008359909058 2.9362485408783 2.77390766143799 2.68764066696167 2.56545829772949 3.26586842536926 3.97214508056641 4.3764476776123 4.84697198867798 5.34134292602539 5.53366994857788 5.64887666702271 6.03266716003418 6.43975925445557 6.91477203369141 7.33026933670044 7.58137464523315 7.37446308135986 7.2016921043396 7.06988334655762 6.95899248123169 6.83486890792847 6.56564664840698 6.556715965271 7.46754741668701 7.510009765625
1.86534595489502 2.22591400146484 2.70016360282898 2.95556592941284 3.05088806152344 3.2705225944519 3.26433372497559 3.23271083831787 3.20524382591248 3.30202436447144 3.36959075927734 3.46033120155334 3.46873354911804 3.5579400062561 3.56756091117859 3.62254500389099 3.69256711006165 3.7139618396759 3.5598406791687 3.26186108589172 2.97798252105713 2.8412082195282 2.69212293624878 2.61004853248596 2.48705840110779 2.98204183578491 3.52095437049866 3.88680744171143 4.28484964370728 4.75974082946777 5.09483814239502 5.32538986206055 5.55926942825317 6.13325214385986 6.6281795501709 6.93804836273193 7.14156246185303 6.92922210693359 6.78367042541504 6.72324895858765 6.59903860092163 6.49463176727295 6.27599859237671 6.28338098526001 6.66359186172485
1.12420058250427 1.75289332866669 2.09564757347107 2.53087663650513 2.75461626052856 2.81673073768616 3.02812242507935 3.02428674697876 3.01185345649719 3.0158576965332 3.13840818405151 3.23220610618591 3.34049654006958 3.34295964241028 3.43210124969482 3.437748670578 3.48816132545471 3.54835629463196 3.57483053207397 3.42969965934753 3.15176796913147 2.88718390464783 2.76123237609863 2.61932587623596 2.53475666046143 2.42375063896179 2.58789277076721 3.05109047889709 3.36430549621582 3.67612195014954 4.31553840637207 4.53461503982544 4.82782554626465 5.3321647644043 6.01562213897705 6.60180616378784 6.88730049133301 6.70143842697144 6.52309274673462 6.44575548171997 6.39020538330078 6.28970813751221 6.21800470352173 6.01825904846191 5.94172286987305
0.343656331300735 1.05345380306244 1.65102446079254 1.96327567100525 2.37361764907837 2.59340119361877 2.65349507331848 2.84828805923462 2.86347794532776 2.86876773834229 2.95628118515015 3.01915812492371 3.09625744819641 3.21994400024414 3.23648524284363 3.32416868209839 3.32785558700562 3.37092995643616 3.41751837730408 3.44710969924927 3.31330013275146 3.05555963516235 2.80601596832275 2.68208122253418 2.54459500312805 2.46381640434265 2.31023764610291 2.07539391517639 2.5681779384613 2.81648921966553 3.32863616943359 3.92572045326233 4.20792436599731 4.98672199249268 5.5469765663147 5.96971130371094 6.31105136871338 6.5317907333374 6.32659006118774 6.20142841339111 6.14260339736938 6.11276721954346 6.03352928161621 5.95910120010376 5.71786308288574
-0.36800280213356 0.303705960512161 0.96102899312973 1.51956188678741 1.80920171737671 2.21123552322388 2.42226648330688 2.49371147155762 2.68766856193542 2.71922636032104 2.78356122970581 2.84030675888062 2.90750217437744 2.96878695487976 3.08983254432678 3.11541509628296 3.20859599113464 3.21753001213074 3.26463532447815 3.30829524993896 3.34416007995605 3.21694302558899 2.97408151626587 2.72363638877869 2.59494471549988 2.37356281280518 2.15528321266174 1.98091447353363 1.70962190628052 2.06591105461121 2.59218883514404 3.16084885597229 3.6892466545105 4.42172193527222 8.59652042388916 5.54683399200439 5.82319402694702 6.0262975692749 6.17481803894043 5.98157501220703 5.89231872558594 5.8468656539917 5.83141279220581 5.77629852294922 5.63309907913208
-0.568819284439087 -0.384412884712219 0.209566220641136 0.809092938899994 1.34068214893341 1.62688970565796 2.03361201286316 2.25836491584778 2.34736275672913 2.54808306694031 2.5965416431427 2.68413281440735 2.72990655899048 2.80115032196045 2.86568737030029 2.98556470870972 3.00352191925049 3.08507823944092 3.09865808486938 3.13975358009338 3.18357968330383 3.20717287063599 3.09243607521057 2.86883354187012 2.6055908203125 2.33882594108582 2.11554908752441 1.78073728084564 1.54839766025543 1.48379778862 3.68562817573547 5.67609310150146 7.53662347793579 8.85541534423828 4.51959323883057 4.64842844009399 4.99539661407471 5.32831716537476 5.6716194152832 5.85219669342041 5.67370891571045 5.60233926773071 5.57326889038086 5.58552360534668 5.47458553314209
-0.714678108692169 -0.601502299308777 -0.447130084037781 0.0754186734557152 0.642141044139862 1.16237854957581 1.45471835136414 1.86547875404358 2.10639119148254 2.22014904022217 2.42197442054749 2.54321813583374 2.57124495506287 2.61906385421753 2.69910335540771 2.76384592056274 2.88167881965637 2.8996787071228 2.98197412490845 2.9989595413208 3.03688812255859 3.07932496070862 3.10764932632446 2.99600696563721 2.68070340156555 2.33806848526001 2.05701398849487 1.74384593963623 1.52443647384644 3.1253559589386 2.55450701713562 1.98732841014862 2.63011956214905 3.15122032165527 3.65350842475891 4.00405216217041 4.35724306106567 4.71358585357666 5.04925918579102 5.36370801925659 5.57099962234497 5.39195680618286 5.34836149215698 5.35103988647461 5.35725355148315
-0.756706476211548 -0.751613140106201 -0.662254393100739 -0.521192193031311 -0.0415173731744289 0.49635922908783 1.00566840171814 1.2954934835434 1.71133315563202 1.96973836421967 2.21246337890625 2.37946534156799 2.42842388153076 2.45932626724243 2.51722884178162 2.60553026199341 2.66949057579041 2.78669214248657 2.80494594573975 2.88458442687988 2.90136909484863 2.94227504730225 2.98212075233459 3.00469493865967 2.78375506401062 2.36195588111877 2.13915276527405 1.87196683883667 1.48943781852722 1.23791396617889 0.942646682262421 1.34278213977814 1.9445253610611 2.45022749900818 2.98125076293945 3.38965463638306 3.77257609367371 4.15098762512207 4.51720714569092 4.82585525512695 5.06515407562256 5.27243423461914 5.15063047409058 5.12111377716064 5.1134147644043
-0.773738861083984 -0.7894366979599 -0.817659437656403 -0.790007650852203 -0.535431563854218 -0.176898986101151 0.297713339328766 0.788845539093018 1.12780380249023 1.54193818569183 1.93551921844482 2.157231092453 2.24995374679565 2.30359363555908 2.34062695503235 2.41121387481689 2.50955677032471 2.57106447219849 2.68521857261658 2.70856356620789 2.78737711906433 2.7842264175415 2.75700688362122 2.80726385116577 2.76200723648071 2.56169509887695 2.17553162574768 1.86410415172577 1.40599524974823 1.08137810230255 0.810507595539093 0.673925876617432 1.30551731586456 1.76969301700592 2.21304774284363 2.71610713005066 3.1808979511261 3.59951710700989 4.00728464126587 4.34884262084961 4.57613515853882 4.8028769493103 4.99739170074463 4.91789960861206 4.91779375076294
-0.802272617816925 -0.816853106021881 -0.836910426616669 -0.898496270179749 -0.718121469020844 -0.596314907073975 -0.284485250711441 0.183391153812408 0.736881911754608 1.14740490913391 1.61747908592224 1.77002370357513 1.99705231189728 2.0937442779541 2.15648937225342 2.21860861778259 2.31314086914062 2.41559934616089 2.47117924690247 2.58086395263672 2.57975482940674 2.45024371147156 2.38847041130066 2.46712112426758 2.57040095329285 2.46952366828918 2.17863059043884 1.87750327587128 1.37141287326813 0.990842759609222 0.740677773952484 0.591214179992676 0.550418734550476 1.0942370891571 1.49759197235107 1.94328188896179 2.51527166366577 3.02152037620544 3.47663593292236 3.88076019287109 4.13830518722534 4.34102249145508 4.58390426635742 4.77243900299072 4.68409967422485
-0.827928185462952 -0.844610989093781 -0.859250903129578 -0.895352125167847 -0.879980146884918 -0.66513592004776 -0.629759728908539 -0.356619477272034 0.22611391544342 0.869891464710236 1.21709585189819 1.46896088123322 1.61564874649048 1.82267034053802 1.92133367061615 2.01440405845642 2.11039614677429 2.20532631874084 2.28345346450806 2.26785802841187 2.17648935317993 2.15104269981384 2.20256018638611 2.21082425117493 2.23015451431274 2.18915176391602 2.07832527160645 1.84527742862701 1.35703790187836 0.90938013792038 0.656332850456238 0.515466690063477 0.363897114992142 0.327505618333817 0.836658239364624 1.21062481403351 1.77383518218994 2.34865093231201 2.89536261558533 3.3352062702179 3.6749575138092 3.92635798454285 4.14914846420288 4.40963745117188 4.58304977416992
-0.84594863653183 -0.865514576435089 -0.877462863922119 -0.898780345916748 -0.922014892101288 -0.835260093212128 -0.709704875946045 -0.662984430789948 -0.246478334069252 0.51376485824585 0.762280941009521 1.11221921443939 1.34303951263428 1.46293222904205 1.64931321144104 1.75389873981476 1.85899806022644 1.89389288425446 1.92312180995941 2.04511952400208 2.00478029251099 1.93292665481567 1.90607285499573 1.91428208351135 1.93230140209198 1.8948849439621 1.81957221031189 1.66056132316589 1.28355526924133 0.863216459751129 0.555113017559052 0.42140331864357 0.291296184062958 0.152532532811165 0.0931498855352402 0.582739114761353 1.12923192977905 1.63072621822357 2.19889307022095 2.75624847412109 3.11776041984558 3.48206472396851 3.76100778579712 3.99632501602173 4.2800235748291
-0.869499862194061 -0.8976930975914 -0.909207046031952 -0.915966749191284 -0.956804931163788 -0.980006158351898 -0.888502299785614 -0.758266091346741 -0.717751741409302 0.0053475727327168 0.432750999927521 0.686345279216766 1.02539753913879 1.22314250469208 1.32289719581604 1.46951854228973 1.55571508407593 1.63396823406219 1.7355215549469 1.77725040912628 1.68553268909454 1.52087867259979 1.42530584335327 1.39212095737457 1.50534772872925 1.50809931755066 1.46191477775574 1.35037243366241 1.11056673526764 0.862484097480774 0.489032626152039 0.375266283750534 0.262548327445984 0.13934999704361 -0.0616233944892883 -0.0542614012956619 0.562226176261902 0.981759250164032 1.43380665779114 2.09322667121887 2.54465985298157 2.91445541381836 3.37888884544373 3.69587874412537 4.03414154052734
-0.897271335124969 -0.921235382556915 -0.94632750749588 -0.952767729759216 -0.969961047172546 -1.00074827671051 -0.981001257896423 -0.917746126651764 -0.793469071388245 -0.475361108779907 -0.0525321587920189 0.379301786422729 0.631714761257172 0.926991045475006 1.09972131252289 1.18832659721375 1.33325982093811 1.38396179676056 1.42555618286133 1.41257572174072 1.33484268188477 1.1023827791214 0.814775407314301 0.814691543579102 0.966008543968201 1.05338561534882 0.969302892684937 0.955221831798553 0.882930636405945 0.782113373279572 0.424519002437592 0.34214586019516 0.232776880264282 0.125886619091034 -0.165824487805367 -0.286901533603668 0.535382628440857 0.415101826190948 0.811501801013947 1.42974591255188 2.03239798545837 2.48978066444397 3.03799796104431 3.2766900062561 3.45548105239868
-0.926682591438293 -0.939846575260162 -0.97103226184845 -0.985467195510864 -1.00012910366058 -1.03054893016815 -1.0149028301239 -1.00403118133545 -0.945234537124634 -0.849363803863525 -0.511688113212585 0.107315212488174 0.341536939144135 0.55068439245224 0.803684771060944 0.974765062332153 1.03250277042389 1.15429413318634 1.18126606941223 1.11449646949768 1.05340945720673 0.77045613527298 0.496220678091049 0.300720363855362 0.423598438501358 0.593391895294189 0.689517974853516 0.699606597423553 0.707230985164642 0.511141121387482 0.309832006692886 0.295541942119598 0.208297312259674 0.0645911693572998 -0.225398018956184 1.09526538848877 1.78111171722412 -0.0975046306848526 0.326844722032547 2.19939541816711 1.5684255361557 1.99400532245636 2.4349889755249 2.80000805854797 2.97320771217346
-0.954204261302948 -0.964724481105804 -0.986549615859985 -1.00872492790222 -1.02338218688965 -1.04521882534027 -1.08105063438416 -1.07417476177216 -1.05335760116577 -0.99229770898819 -0.881559431552887 -0.529821634292603 -0.0973317250609398 0.265708386898041 0.475279927253723 0.706266522407532 0.852987587451935 0.912169992923737 0.988384604454041 0.935288727283478 0.806585133075714 0.494320273399353 0.208321511745453 0.0692682340741158 0.0772803351283073 0.23968967795372 0.425083845853806 0.527600347995758 0.501886487007141 0.400572627782822 0.261776089668274 0.24901282787323 0.181183189153671 -0.0306565910577774 0.367484778165817 2.83835434913635 2.44239211082458 0.443142652511597 -0.127667829394341 2.39759469032288 1.36635005474091 1.58570110797882 1.90574765205383 2.15438652038574 2.55392169952393
-0.982503592967987 -0.996273875236511 -1.00836718082428 -1.02688193321228 -1.04259562492371 -1.06377303600311 -1.11280632019043 -0.776051998138428 -1.10291349887848 -1.08204698562622 -1.03517937660217 -0.884169280529022 -0.571058571338654 -0.152835190296173 0.179329097270966 0.350383132696152 0.593918740749359 0.717570424079895 0.761515319347382 0.794215798377991 0.737203359603882 0.297149509191513 0.0295133199542761 -0.118894226849079 -0.340018093585968 -0.293372690677643 -0.0414302349090576 1.54303586483002 0.959054529666901 0.343699812889099 0.207612335681915 0.182461827993393 0.163035899400711 1.2006162405014 2.8618745803833 3.45753264427185 2.33276081085205 0.748228371143341 -0.0643666386604309 2.8546769618988 1.9491605758667 1.17582714557648 1.43419921398163 1.62399017810822 1.98684453964233
