slauniainen/Data/DEM/Vihti_dem1500b_cl_horizonAngle_180.asc
NCOLS 196 
NROWS 178 
XLLCORNER 353680 
YLLCORNER 6699024 
CELLSIZE 16 
NODATA_value -3.4e+38 
[rows 140 to 159 of 178, columns 135 to 179 of 196]
-1.56066071987152 -0.759051859378815 2.45172619819641 5.42690324783325 5.24189424514771 1.36897385120392 -1.43551456928253 -1.68124449253082 -1.81465470790863 -1.79652941226959 -1.65672731399536 -1.10249400138855 -1.00924026966095 -1.01296401023865 -0.772269666194916 -0.778986990451813 -0.471152007579803 -0.140616610646248 -0.284972667694092 -0.497925698757172 -0.311665713787079 -0.326968938112259 -0.498756289482117 -0.562099575996399 -0.293503195047379 0.0795249789953232 0.146520897746086 0.633621871471405 0.875373482704163 0.99931925535202 1.13279950618744 1.15571415424347 1.06492626667023 0.68204540014267 0.645477592945099 0.775932312011719 0.809551656246185 1.46994388103485 1.42028212547302 1.34981405735016 1.22455930709839 1.01669633388519 1.05310094356537 5.21493577957153 8.26429080963135
-1.48029339313507 0.91522216796875 3.82689118385315 5.87478923797607 3.71793079376221 0.715652763843536 -1.30138885974884 -1.58720505237579 -1.67586660385132 -1.69322574138641 -1.58544063568115 -0.985256433486938 -0.845661699771881 -0.773459076881409 -0.489577651023865 -0.558568060398102 -0.23459991812706 0.0457296818494797 -0.196527555584908 -0.344161242246628 -0.227960288524628 -0.0731974989175797 -0.123280942440033 -0.150106281042099 0.481207400560379 0.80266547203064 0.815499722957611 1.10954165458679 1.1635103225708 1.18157875537872 1.27620160579681 1.37606763839722 1.33250725269318 0.781646490097046 0.682903230190277 0.80569064617157 0.884682178497314 1.2376002073288 1.5356822013855 1.48531210422516 1.34507286548615 1.14348137378693 3.28698325157166 7.50020694732666 10.1737670898438
-1.43051099777222 3.29605102539062 5.80665397644043 6.89471483230591 4.76008749008179 1.50987076759338 -1.16243636608124 -1.39025831222534 -1.52470266819 -1.58894729614258 -1.48905420303345 -0.814061999320984 -0.61371237039566 -0.491873234510422 -0.190427452325821 -0.356299459934235 0.047515157610178 0.358839243650436 0.00823510624468327 -0.157978683710098 0.0199061408638954 0.155031844973564 0.120330318808556 0.105777710676193 3.77539134025574 4.0400824546814 1.55057513713837 1.39933383464813 2.13216519355774 2.26976776123047 1.45248913764954 1.64369332790375 1.71303284168243 1.23435342311859 1.04898118972778 1.03891324996948 1.22139883041382 1.44611597061157 1.69829177856445 1.62600219249725 1.48749494552612 1.30209302902222 2.08507347106934 4.57025194168091 12.3510284423828
-1.39245414733887 5.06769418716431 6.40117931365967 8.36985206604004 6.18610382080078 2.93416786193848 -0.884217262268066 -1.19329166412354 -1.36752784252167 -1.46412146091461 -1.36277389526367 -0.604719996452332 -0.383843660354614 -0.270530611276627 0.0270338859409094 -0.120147123932838 0.373634517192841 0.797565460205078 0.555727183818817 0.375712931156158 0.342770844697952 0.455543667078018 0.405579149723053 0.302982032299042 6.76847457885742 7.98385763168335 3.02059531211853 1.51102471351624 1.23739838600159 1.26812303066254 1.57592523097992 1.83991658687592 1.98856961727142 1.75250327587128 1.70470356941223 1.58062827587128 1.5283590555191 1.76630091667175 1.87258064746857 1.78619134426117 1.58739900588989 1.32204139232635 1.05490660667419 0.876772046089172 5.90087652206421
-0.213620007038116 -0.636301577091217 3.11098623275757 6.11804628372192 6.47738981246948 4.17291402816772 -0.58568549156189 -0.923842787742615 -1.16068625450134 -1.28459441661835 -1.10519862174988 -0.340704590082169 -0.101744949817657 0.03562967851758 0.325037717819214 0.175381079316139 0.761898934841156 1.19092905521393 1.00547707080841 0.828511357307434 0.718223929405212 0.821606695652008 0.659925758838654 0.467219352722168 0.208222776651382 1.58373594284058 3.94265270233154 1.70846784114838 1.44677972793579 1.29153847694397 1.70229399204254 2.05982351303101 2.25976324081421 2.08933305740356 2.1984326839447 2.15700840950012 1.99978065490723 2.04646253585815 2.05764412879944 1.88924586772919 1.66336667537689 1.41417586803436 1.19609582424164 1.00381529331207 0.627887785434723
-0.862724304199219 -1.77116703987122 -1.86118590831757 -0.00322384922765195 4.36664485931396 4.96409940719604 -0.248125568032265 -0.698041021823883 -0.928243815898895 -1.00883793830872 -0.833564937114716 -0.0357399508357048 0.126508995890617 0.238444492220879 0.637441635131836 0.58593738079071 1.20100975036621 1.57817673683167 1.33714985847473 1.27645087242126 1.19277894496918 0.964897513389587 0.773509979248047 0.525158822536469 0.312918365001678 0.534950733184814 1.12547588348389 1.87499940395355 1.86377739906311 1.66152966022491 1.88679146766663 2.30336999893188 2.52542567253113 2.323162317276 2.4375307559967 2.40997934341431 2.3014440536499 2.23630452156067 2.14603328704834 1.97401964664459 1.78216814994812 1.67330300807953 1.39310610294342 1.2540979385376 0.992410361766815
-1.3680545091629 -1.71206104755402 -1.84988653659821 -1.79657161235809 1.47354793548584 1.85576891899109 0.200069084763527 -0.530016303062439 -0.718769073486328 -0.719910562038422 -0.466644942760468 0.336185336112976 0.451683789491653 0.467543393373489 0.931447386741638 0.984073102474213 1.49788856506348 1.91058397293091 1.66829013824463 1.59453177452087 1.47102117538452 1.09750711917877 1.76660120487213 0.675287246704102 0.700376749038696 0.888958215713501 1.36540853977203 2.05202031135559 2.30675745010376 2.14402461051941 2.23306274414062 2.60963940620422 2.79939746856689 2.53824329376221 2.59647965431213 2.54552721977234 2.41505074501038 2.39609146118164 2.25153231620789 2.0264093875885 2.49482893943787 2.3836030960083 1.72421824932098 1.48511493206024 1.40525949001312
-1.30688548088074 -1.55015468597412 -1.72043919563293 -1.73232078552246 -1.44489276409149 -0.442614763975143 0.806428134441376 -0.459520637989044 -0.506100952625275 -0.457375198602676 -0.0627675950527191 0.754384219646454 0.868378400802612 0.873414635658264 1.19884133338928 1.29814064502716 1.80574536323547 2.35022497177124 2.11579656600952 1.95098841190338 1.67988550662994 1.11801195144653 0.796050667762756 0.757855117321014 1.32701635360718 1.79059982299805 1.95026576519012 2.45221400260925 2.72841715812683 2.64495062828064 2.65786600112915 2.91918444633484 3.03293132781982 2.69490337371826 2.73210096359253 2.67789649963379 2.57186841964722 2.57690954208374 2.34229874610901 2.03532958030701 1.8653210401535 2.56539726257324 2.47407698631287 1.83255517482758 1.75569415092468
-1.17103409767151 -1.42833650112152 -1.54207098484039 -1.68990731239319 -1.40910863876343 -0.98354959487915 0.345931231975555 -0.411238044500351 -0.404311418533325 -0.312413811683655 0.20661373436451 1.19058525562286 1.3170313835144 1.28929376602173 1.52074813842773 1.78031265735626 2.32504296302795 2.78658437728882 2.53748989105225 2.30237865447998 1.98318493366241 1.28540849685669 0.90560245513916 0.914278924465179 2.21049809455872 2.95693016052246 3.042804479599 3.12985515594482 3.30551028251648 3.19601321220398 3.07370567321777 3.16804122924805 3.20271110534668 2.83946466445923 2.86662769317627 2.81393384933472 2.72732877731323 2.65124869346619 2.44312191009521 2.09124255180359 1.75212025642395 1.86494016647339 2.3992714881897 2.72150301933289 1.99020338058472
-1.01301574707031 -1.23662674427032 -1.31387257575989 -1.52028155326843 -1.3429833650589 -0.967373311519623 -0.424201637506485 -0.372903019189835 -0.275349825620651 -0.168833643198013 0.413852512836456 1.55951154232025 1.7210328578949 1.686772108078 1.88202559947968 2.30748200416565 2.88350749015808 3.25326251983643 2.95926189422607 2.73126173019409 2.38612723350525 1.66126465797424 1.30461263656616 1.77667558193207 2.91916966438293 3.95026898384094 4.14057302474976 4.01372766494751 4.00486469268799 3.69285178184509 3.35905599594116 3.37049102783203 3.40005350112915 2.99590873718262 3.0479576587677 2.97652220726013 2.97723340988159 3.10045790672302 2.71064686775208 2.20073318481445 1.80717718601227 1.87661516666412 1.97072923183441 2.02050566673279 2.055997133255
-0.800890564918518 -0.955285787582397 -1.02555561065674 -1.23440182209015 -1.18936467170715 -0.917481541633606 -0.512749433517456 -0.323034107685089 -0.130884796380997 0.0481740385293961 0.731497824192047 1.83695816993713 1.99411404132843 1.99377071857452 2.16782212257385 2.77496671676636 3.32988452911377 3.66916370391846 3.45725107192993 3.18794894218445 2.8157913684845 2.23782300949097 2.29729080200195 2.95839786529541 3.89423370361328 4.70856761932373 4.95855569839478 4.85597229003906 4.64021110534668 4.04022932052612 3.56469631195068 3.59648990631104 3.75137090682983 3.74680066108704 3.26369118690491 3.39924359321594 3.46480965614319 3.36722087860107 2.9299623966217 2.33471369743347 1.8210676908493 1.88470876216888 1.97526371479034 2.021071434021 2.06932759284973
-0.455785185098648 -0.746099710464478 -0.805702805519104 -0.933283567428589 -0.875299394130707 -0.703646779060364 -0.432077586650848 -0.249625265598297 0.0188675969839096 0.265676438808441 0.985047280788422 2.05945730209351 2.21313667297363 2.16928291320801 2.38619303703308 3.13577938079834 3.72037315368652 4.04482793807983 3.88374423980713 3.55915307998657 3.26644110679626 3.36120223999023 4.00969839096069 4.63479804992676 5.24569606781006 5.68693447113037 6.05127859115601 5.74765920639038 5.19054889678955 4.29127788543701 3.73686027526855 3.74457550048828 3.57094049453735 3.05822467803955 3.68309760093689 4.10828399658203 3.98270392417908 3.71254253387451 3.13886880874634 2.63735723495483 2.01373481750488 1.91962218284607 2.01413607597351 2.06880927085876 2.13565993309021
-0.264717131853104 -0.440987020730972 -0.406429380178452 -0.505840122699738 -0.440947145223618 -0.382329702377319 -0.284659594297409 -0.100924514234066 0.160289883613586 0.417876929044724 1.14305448532104 2.24937629699707 2.40052032470703 2.34997153282166 2.64375185966492 3.4651563167572 4.09727764129639 4.39659738540649 4.2922248840332 3.88161563873291 3.82316160202026 4.21790170669556 4.89620733261108 5.80631160736084 7.02351903915405 7.21257829666138 7.21949815750122 6.37059259414673 5.48291873931885 4.54200410842896 3.92918968200684 3.85549449920654 3.66565251350403 3.06376171112061 4.47606563568115 4.17673254013062 4.60098123550415 4.32491207122803 3.44932079315186 2.98429846763611 2.41518306732178 1.99068486690521 2.09669923782349 2.17186737060547 2.23463749885559
0.0401500016450882 -0.0806426256895065 -0.137351021170616 -0.387866854667664 -0.320799291133881 -0.134827688336372 -0.022315826267004 0.179194509983063 0.336032152175903 0.525469779968262 1.2848858833313 2.44129180908203 2.57974314689636 2.50756287574768 2.92294216156006 3.81872224807739 4.49454164505005 4.73778676986694 4.73313522338867 4.32773923873901 4.43784618377686 4.83045482635498 5.72963047027588 5.83508634567261 7.14051055908203 7.89416599273682 7.78766107559204 6.77237176895142 5.76501131057739 4.87076854705811 4.07357978820801 4.04600524902344 3.95067763328552 3.1825008392334 3.12049984931946 3.41089558601379 5.14748859405518 5.39826059341431 4.00395154953003 3.07820844650269 2.97547602653503 2.43890690803528 2.20670127868652 2.40646243095398 2.55765581130981
0.461656153202057 0.257525146007538 0.246832013130188 -0.0198633279651403 -0.0273591205477715 0.151501387357712 0.288923263549805 0.426690608263016 0.568252503871918 0.607349634170532 1.38977360725403 2.59996223449707 2.73318457603455 2.6545398235321 3.23529481887817 4.18309116363525 4.94848155975342 5.12850427627563 5.17668056488037 4.9215087890625 5.70188093185425 5.54903221130371 4.6184458732605 6.15815401077271 7.89868974685669 8.46486949920654 8.50081634521484 7.50293254852295 6.07743310928345 5.04978895187378 4.428053855896 4.27017879486084 4.17116498947144 3.28039312362671 3.16251063346863 2.87805509567261 3.06080722808838 4.95089340209961 4.89578676223755 3.34935617446899 2.68909096717834 3.32050323486328 2.522132396698 2.729896068573 2.8923659324646
0.876434564590454 0.829202950000763 0.712699353694916 0.538424015045166 0.275711983442307 0.440846741199493 0.602928996086121 0.678174734115601 0.759747445583344 0.731556057929993 1.58027029037476 2.79085278511047 2.89846301078796 2.84145975112915 3.64144992828369 4.62914180755615 5.37730503082275 5.59022569656372 5.74742937088013 6.36920022964478 6.99686288833618 6.52524423599243 5.33539485931396 4.96222829818726 8.03071403503418 9.49925899505615 9.35536575317383 8.49391174316406 6.94937038421631 5.63549566268921 4.11704969406128 4.18882513046265 4.27182722091675 3.45001029968262 3.47956776618958 3.04511523246765 2.65084314346313 2.78305101394653 3.64069199562073 3.81340479850769 2.78562664985657 2.83181071281433 2.71645545959473 3.00030970573425 3.18450546264648
1.91631948947906 1.73354017734528 1.19391393661499 1.07753038406372 1.17796945571899 1.03460454940796 0.974239587783813 1.03322947025299 1.03547346591949 1.24970042705536 2.05674147605896 3.10045170783997 3.11739659309387 3.19161581993103 3.96493721008301 5.09753513336182 6.01821374893188 6.2009449005127 6.24160575866699 7.58695888519287 7.45411825180054 7.88961601257324 7.11710739135742 4.92719221115112 6.01822423934937 7.97279167175293 8.78479671478271 8.76239490509033 8.59437942504883 6.54870986938477 4.12407302856445 4.31817865371704 4.51450347900391 3.65671873092651 3.7250804901123 3.28299641609192 2.56776261329651 1.89729285240173 2.87955784797668 4.05192136764526 2.7929904460907 2.41556000709534 2.72851943969727 3.21054339408875 3.53124165534973
3.5658586025238 3.04897785186768 2.66435146331787 2.89064693450928 2.90960097312927 2.57011413574219 2.07998585700989 1.75578606128693 1.70650660991669 1.7630969285965 2.35831022262573 3.33641123771667 3.26962018013 3.60435652732849 4.5149302482605 5.7870569229126 6.7239818572998 6.71048212051392 6.36925411224365 6.98379945755005 7.60392379760742 8.2967529296875 7.70871782302856 3.89079523086548 4.59035396575928 7.34901332855225 10.2081451416016 8.6070671081543 7.45393037796021 7.46330451965332 4.45802783966064 4.72032451629639 5.00997018814087 3.98465490341187 4.01068735122681 3.39634418487549 2.78743028640747 1.91237092018127 2.2819881439209 2.43109822273254 3.05004620552063 2.74062037467957 2.89597678184509 3.44854092597961 3.86192226409912
5.29616212844849 5.04903125762939 4.53487062454224 5.07853698730469 4.80078172683716 4.14745855331421 3.20548796653748 2.41614985466003 2.12247514724731 1.9943391084671 2.49917674064636 3.54156064987183 3.92466235160828 4.26032304763794 5.14654922485352 6.49555349349976 7.4527792930603 7.12715482711792 6.47861957550049 5.16599798202515 4.70984315872192 3.95951128005981 4.88398838043213 3.86591100692749 4.75811576843262 6.52650308609009 6.74524974822998 6.98886013031006 6.22545862197876 4.52753782272339 5.04635953903198 5.50577211380005 5.89310932159424 4.36250686645508 4.38399219512939 3.73277688026428 3.13874340057373 2.05856609344482 1.83234989643097 1.79198217391968 3.07154083251953 3.18177914619446 3.63942217826843 3.96372556686401 4.44117069244385
8.31385135650635 7.74904298782349 6.17008447647095 6.17036437988281 5.75921392440796 4.85851192474365 3.6828453540802 2.6701123714447 2.3198606967926 2.20190715789795 2.69706034660339 3.77556896209717 4.85733270645142 5.21553611755371 5.87779569625854 7.22215747833252 7.95967054367065 7.60688209533691 6.92235374450684 5.17651224136353 3.30916213989258 2.39496231079102 1.62603378295898 1.50508487224579 1.27532303333282 1.05555462837219 2.86083555221558 5.91825771331787 6.72183465957642 4.69605731964111 4.55158758163452 6.6490683555603 7.80159330368042 5.31951856613159 5.27062463760376 4.5519814491272 3.76249718666077 2.46605944633484 1.8621689081192 1.8020966053009 1.82776391506195 2.99814510345459 4.47736930847168 4.97454786300659 5.25403118133545
