slauniainen/Data/DEM/Vihti_dsm1500b_cl_horizonAngle_282.asc
NCOLS 196 
NROWS 178 
XLLCORNER 353680 
YLLCORNER 6699024 
CELLSIZE 16 
NODATA_value -3.4e+38 
[rows 100 to 119 of 178, columns 45 to 89 of 196]
-1.58048093318939 34.3666648864746 13.6916351318359 -1.31635427474976 -1.92172050476074 9.29606151580811 23.4543323516846 41.5190277099609 6.1991229057312 3.52028250694275 44.5335464477539 26.3776607513428 8.20615100860596 7.05592203140259 6.47374820709229 6.00104570388794 4.93658113479614 4.70623540878296 4.53084325790405 4.99734973907471 4.90075349807739 4.77163076400757 4.59653854370117 4.42120504379272 3.51523804664612 3.04664087295532 2.95397901535034 2.816401720047 1.76806139945984 1.6599600315094 1.43733441829681 -1.09969508647919 -2.22794342041016 -0.476804494857788 33.4794082641602 17.1942615509033 11.1415863037109 18.7604084014893 33.0804443359375 19.9249000549316 13.6114091873169 13.7301149368286 12.8541212081909 10.2185192108154 10.0314149856567
7.34590911865234 0.920863330364227 0.893169105052948 4.46718692779541 1.51274418830872 3.50146126747131 19.4339256286621 43.9436302185059 26.2778091430664 17.5441703796387 14.3098392486572 14.7885265350342 17.1972351074219 13.4009485244751 10.9737520217896 9.39779663085938 8.27205848693848 5.16116762161255 4.90256547927856 4.71119022369385 4.63245391845703 4.16479730606079 4.02720165252686 3.87509059906006 4.19198989868164 4.05367136001587 3.88349866867065 3.71122527122498 2.88871836662292 2.45062732696533 2.20318174362183 -0.337253212928772 -2.27780842781067 21.9437313079834 29.3495388031006 24.5823783874512 26.6891345977783 18.5027351379395 15.6386995315552 17.5406799316406 13.6307258605957 12.8115129470825 12.2435436248779 8.74779987335205 23.3315658569336
1.50092720985413 8.34782886505127 13.8152494430542 7.8770489692688 1.19631552696228 3.16223907470703 9.59402370452881 9.5649881362915 39.6955795288086 22.986478805542 14.5371589660645 12.3022041320801 10.4489097595215 8.89568042755127 8.26936721801758 7.616126537323 6.87716722488403 7.12193298339844 6.56201601028442 6.1272611618042 5.87695598602295 4.43744325637817 4.2829065322876 4.1003999710083 3.92066264152527 3.73483848571777 3.35551166534424 3.20705199241638 3.43543076515198 3.23291063308716 2.03992629051208 0.906960964202881 0.0996310710906982 -0.9048992395401 39.4236450195312 32.4133758544922 27.1135330200195 23.238374710083 21.4743232727051 15.2961673736572 12.906587600708 12.3094320297241 8.69689655303955 28.3476696014404 15.5538120269775
9.5969934463501 7.72985887527466 4.59951639175415 1.28065145015717 1.65076041221619 22.1537017822266 4.64383554458618 0.894982695579529 54.7344360351562 35.3375091552734 14.8195848464966 11.1669607162476 9.28326797485352 9.06591510772705 8.18530941009521 7.38321781158447 6.81943368911743 6.46451091766357 6.17715644836426 5.92499923706055 5.74715089797974 5.42686080932617 5.1140570640564 4.80777168273926 4.51131296157837 4.24340057373047 3.43073678016663 3.26502370834351 3.06505441665649 2.8229033946991 2.48416376113892 0.968467533588409 0.528671085834503 0.489542007446289 9.48435401916504 34.549919128418 23.0567741394043 19.8563079833984 18.3732109069824 11.8583116531372 13.7444305419922 17.7527275085449 10.9952802658081 21.2691860198975 10.0994510650635
5.29031419754028 33.1952514648438 5.62541961669922 0.962225556373596 5.04020023345947 6.55079174041748 7.70248079299927 7.73268556594849 44.7742156982422 25.8193073272705 23.4289264678955 18.7745132446289 15.6465730667114 13.2611846923828 11.4689121246338 6.44678211212158 6.33854818344116 6.22344541549683 5.94020128250122 5.69805908203125 5.49149703979492 5.37625122070312 5.12665367126465 4.86996746063232 4.64661169052124 4.43839645385742 3.98035216331482 3.50980615615845 3.27543258666992 3.0462818145752 2.55139136314392 1.99612259864807 1.49934506416321 0.139924958348274 24.9675121307373 24.889575958252 17.034797668457 16.6145858764648 15.2750005722046 5.60882902145386 24.2087707519531 13.2313356399536 8.45819854736328 19.0585289001465 10.6701860427856
37.4982833862305 21.2732353210449 7.5014386177063 3.24917602539062 2.04252576828003 1.27795028686523 4.87175846099854 1.56151008605957 48.8419723510742 27.9851169586182 13.7774658203125 11.5851964950562 0.871307253837585 54.1400604248047 34.7343711853027 9.62542819976807 8.7602481842041 8.12986755371094 7.61493062973022 4.97922325134277 4.78130578994751 4.93701362609863 4.72807788848877 4.48069524765015 4.27673006057739 4.08982753753662 4.0099835395813 3.71292185783386 3.4736762046814 3.27630734443665 2.69748401641846 2.31134271621704 2.06808567047119 1.73994207382202 0.185312300920486 45.8396339416504 29.5222949981689 16.4533176422119 15.0581426620483 7.68758869171143 15.9312582015991 10.5499649047852 4.22006702423096 31.2324714660645 16.1986980438232
26.4267463684082 14.3892612457275 14.2003984451294 5.48763799667358 1.17378485202789 0.887659966945648 31.9619750976562 10.811203956604 36.8725776672363 16.9891910552979 14.3231134414673 10.923095703125 -0.427391767501831 28.4130306243896 44.724235534668 26.5421123504639 18.5852909088135 15.5558395385742 13.2964782714844 11.4816551208496 6.3412013053894 5.95235252380371 5.60739088058472 5.30561923980713 3.66730785369873 3.43568515777588 3.48615264892578 3.28938436508179 3.15142750740051 2.96619868278503 2.82948470115662 2.66151905059814 2.54853081703186 2.3414785861969 2.1038544178009 13.7991380691528 10.4823637008667 23.0547351837158 19.662971496582 13.8104791641235 10.9955768585205 10.4027328491211 5.22458028793335 4.41143846511841 27.438850402832
2.70520091056824 2.5171844959259 9.78066635131836 0.624992549419403 26.5347919464111 1.87903344631195 2.54522728919983 15.8532524108887 21.1137866973877 13.8782072067261 8.98123168945312 6.97348976135254 -0.0962910726666451 51.9086990356445 34.9346237182617 25.500280380249 20.3835430145264 17.0225620269775 14.1552429199219 11.787787437439 9.25585460662842 8.64874649047852 7.94887113571167 7.35592889785767 3.0270528793335 24.9219913482666 11.7804088592529 3.75788903236389 3.57964038848877 2.46429562568665 2.64998149871826 2.52657413482666 2.40057969093323 0.908952951431274 12.2996692657471 33.994010925293 22.1305198669434 10.3182048797607 9.39883232116699 4.18242692947388 1.97306084632874 2.74372982978821 8.0425329208374 6.78277111053467 14.0447416305542
2.00568437576294 2.19987344741821 1.98181509971619 1.72500693798065 1.05493998527527 0.57271146774292 28.3013801574707 15.0987787246704 8.92085361480713 11.0978202819824 -1.24661469459534 -0.835522532463074 47.6439819335938 29.5881404876709 8.08949089050293 23.6483707427979 19.0337963104248 15.8148736953735 13.0721168518066 10.7264385223389 10.1135129928589 9.48045635223389 7.78108692169189 9.46292781829834 6.16742944717407 5.55866670608521 5.17986488342285 6.7453145980835 5.03918981552124 0.455206245183945 14.029709815979 9.71214485168457 -0.0363567508757114 1.60468292236328 22.4767780303955 45.2844085693359 29.9305553436279 17.6771049499512 6.59754037857056 14.9912567138672 5.62428283691406 3.26530599594116 29.6366100311279 15.3488473892212 1.40539705753326
4.72916269302368 3.99619841575623 3.63875341415405 3.22084712982178 1.58575487136841 4.50066137313843 2.00839734077454 8.80133533477783 9.65270614624023 6.76762962341309 3.48065376281738 -2.08337211608887 39.8483963012695 22.5329055786133 21.3520431518555 18.0225677490234 15.2413940429688 13.0541639328003 11.1035346984863 3.98759698867798 9.28207874298096 8.50502109527588 8.04240036010742 7.28552484512329 6.74186515808105 6.18246841430664 5.71418285369873 5.32182693481445 0.397300630807877 1.41677868366241 11.4158163070679 2.47576904296875 0.186468601226807 7.15173244476318 4.87799692153931 55.0048408508301 38.2992515563965 22.9466018676758 8.38176250457764 20.563081741333 7.19251489639282 3.64092135429382 1.33248353004456 1.19943583011627 25.9599781036377
1.66684722900391 1.631511926651 1.82013833522797 2.72340035438538 2.82577538490295 2.49721145629883 2.22623872756958 2.00376677513123 0.880025565624237 0.607232809066772 0.294573247432709 -0.0415730327367783 1.81400430202484 2.15676736831665 16.8352508544922 13.3270883560181 11.0813837051392 9.45176982879639 8.09320735931396 9.30411529541016 8.21540451049805 7.46359443664551 7.14377450942993 3.32914614677429 6.3864221572876 5.84690237045288 5.33069562911987 0.972066879272461 0.127358481287956 0.207553938031197 1.72815835475922 1.36663508415222 -0.12232456356287 16.5662269592285 3.93850874900818 11.6250972747803 12.3595924377441 10.6580286026001 8.81218433380127 12.1451377868652 6.56291961669922 4.78500080108643 11.041316986084 8.76435375213623 2.87980699539185
1.56457090377808 1.50217437744141 1.41434895992279 1.40670800209045 1.5073310136795 1.54957365989685 1.51126229763031 1.79353547096252 1.80996322631836 1.60653567314148 1.35839414596558 1.01512598991394 0.643900275230408 -0.262072831392288 1.05681097507477 0.826416075229645 1.30451238155365 1.57879233360291 1.56209194660187 6.88133430480957 6.07004261016846 5.47695255279541 5.24596118927002 5.70690822601318 7.92054224014282 3.4835524559021 1.44189810752869 0.653290033340454 -0.272028565406799 18.0213890075684 9.82513999938965 4.78238677978516 0.586666703224182 -0.290804266929626 2.81193661689758 15.9626388549805 28.0497550964355 12.086763381958 7.00816345214844 16.3029460906982 6.33211421966553 6.06731939315796 4.71558904647827 4.31322574615479 3.14282560348511
3.16873931884766 2.88412070274353 2.66875243186951 2.54948043823242 1.44542372226715 1.41382849216461 1.37745928764343 1.28238844871521 1.07275414466858 0.952983677387238 0.276276886463165 0.2194794267416 0.792452573776245 0.659294843673706 0.585548639297485 0.511164426803589 0.440872639417648 0.421382933855057 0.879413425922394 0.863932967185974 0.397945702075958 0.9541255235672 -2.2654345035553 47.0512886047363 12.4425449371338 0.242164090275764 4.41664743423462 0.284559667110443 0.918424248695374 0.767564535140991 17.904634475708 2.44432544708252 0.484108775854111 10.3392953872681 3.46622395515442 2.42569518089294 9.73958301544189 14.9459133148193 13.0904178619385 11.2472772598267 7.18552112579346 6.6995792388916 11.4399538040161 7.40546655654907 4.47267770767212
4.13611936569214 3.82567143440247 3.54497718811035 2.39328169822693 2.40351176261902 2.27949070930481 2.15197372436523 2.03363180160522 1.91837787628174 1.15692329406738 0.26517978310585 0.230328649282455 0.16154171526432 0.110401675105095 -1.67623317241669 -1.75392198562622 55.5637092590332 35.9907836914062 0.588768899440765 0.513026237487793 -2.3059229850769 17.6611766815186 16.3463153839111 10.7502279281616 -1.7593594789505 3.3149995803833 2.32502007484436 -0.167481169104576 -1.08511507511139 25.9503650665283 1.96933889389038 -1.03205335140228 4.62845945358276 6.25649547576904 3.67001724243164 19.3907604217529 12.5536432266235 7.18917989730835 4.44811868667603 24.4746685028076 7.95013380050659 3.93239426612854 15.9836006164551 6.22687768936157 4.16612195968628
5.65541219711304 5.25486135482788 4.90965461730957 3.86496710777283 3.13322830200195 2.96851658821106 2.8138747215271 2.64520049095154 1.80398750305176 1.78334057331085 1.68004286289215 1.57248938083649 1.4458624124527 0.0624191500246525 -0.911729991436005 -1.54864203929901 17.6511707305908 43.5953712463379 25.5186138153076 4.47659254074097 3.63324022293091 1.32990002632141 32.88427734375 16.1879959106445 36.2181587219238 4.79012727737427 1.25058078765869 1.23324501514435 -2.33542108535767 -2.63220691680908 0.522727191448212 14.1500053405762 5.54740142822266 3.44255065917969 2.31364989280701 19.9804821014404 14.0081157684326 9.42460155487061 6.85765790939331 2.73074269294739 1.71261274814606 1.22177231311798 0.899274706840515 1.62611269950867 13.1324138641357
5.62673711776733 5.22234535217285 4.88053894042969 4.57448577880859 4.31761693954468 4.07009744644165 3.85091352462769 3.62884879112244 2.84927248954773 2.35586905479431 2.23331618309021 2.1161892414093 1.39146649837494 1.30313050746918 -0.497187435626984 -1.1487352848053 -1.3327454328537 -1.79301202297211 23.7395324707031 1.67785620689392 11.3722810745239 5.46762228012085 35.6803550720215 12.8622636795044 13.6656675338745 4.96570062637329 0.503211796283722 -1.64484095573425 14.5741128921509 1.54795336723328 -2.07167458534241 11.5658130645752 6.26468181610107 20.2061977386475 11.2368974685669 5.70455884933472 16.0054035186768 4.54155540466309 13.9764671325684 2.98663592338562 1.30193948745728 2.57564377784729 3.31904935836792 0.434638738632202 14.1650218963623
5.41631031036377 5.01275062561035 4.66180801391602 4.52471256256104 4.24774503707886 3.98744630813599 3.76481151580811 3.56737589836121 3.39967656135559 3.23039102554321 3.07287573814392 2.92363452911377 2.24001026153564 1.81739771366119 1.6447628736496 -0.306513130664825 -0.615500032901764 -1.22835612297058 8.02545070648193 3.22262287139893 2.49121952056885 23.349702835083 31.144079208374 20.3538475036621 4.57999038696289 1.01168847084045 0.81637316942215 0.602864384651184 -0.232298791408539 -1.21777999401093 -1.22629976272583 12.5117206573486 1.97431218624115 21.3724212646484 9.58211040496826 11.8953714370728 4.3286452293396 11.354229927063 11.1757011413574 3.63088274002075 1.94604980945587 1.5881222486496 0.385572493076324 8.33015727996826 1.4722455739975
6.05471897125244 4.65371131896973 4.29274320602417 4.27182197570801 4.01225757598877 3.77033400535583 3.54490780830383 3.36379933357239 3.32256460189819 3.15736865997314 3.00817227363586 2.85610508918762 2.71591687202454 2.53339171409607 2.35080170631409 1.02034103870392 0.154691368341446 6.51973104476929 -0.730875968933105 -1.32985150814056 7.64725112915039 46.937068939209 27.7478084564209 17.6962661743164 15.1744241714478 1.01772105693817 0.750322878360748 -1.03044867515564 -2.84727263450623 0.60989373922348 -1.51289176940918 18.0563011169434 11.2259149551392 11.5218782424927 7.55133581161499 19.9322910308838 7.93905353546143 5.28983545303345 3.80423879623413 11.9836769104004 3.81214141845703 1.35881567001343 -0.0444856993854046 17.9686222076416 9.01063251495361
6.13825225830078 5.33833456039429 4.87889814376831 4.49322414398193 4.16246175765991 3.87835335731506 3.20670104026794 3.01586842536926 3.12791585922241 2.96465158462524 2.82330632209778 2.67889475822449 2.6289803981781 2.41675329208374 2.24333739280701 2.10685968399048 0.669625461101532 0.702933251857758 -0.155855149030685 -0.522643744945526 -0.573692917823792 46.8015747070312 29.0872955322266 19.0034809112549 15.2021217346191 -1.33289039134979 15.0057182312012 8.06018352508545 -1.61542677879333 -2.31989598274231 9.49178504943848 10.6585636138916 6.0712251663208 18.4700622558594 11.0688419342041 6.14855480194092 11.3897686004639 12.7929086685181 2.31859803199768 0.917141675949097 6.34186792373657 1.77887141704559 6.85994148254395 5.49512815475464 4.98357391357422
6.42789173126221 5.42258882522583 4.95546627044678 4.55154705047607 4.21589994430542 3.92616319656372 3.52751660346985 3.28725981712341 3.08802151679993 2.89540457725525 2.73317790031433 2.35217237472534 2.44503688812256 2.23369216918945 2.06209516525269 1.91842031478882 0.715043187141418 27.9213275909424 13.7637166976929 -0.954051494598389 7.28365468978882 48.9222373962402 29.7405338287354 19.458532333374 -0.577293038368225 0.793964147567749 4.85035181045532 -0.360643178224564 -1.13652956485748 -1.33602583408356 8.83428001403809 2.04682779312134 11.2674980163574 7.27371549606323 11.8255138397217 10.3386373519897 7.39171028137207 5.35061359405518 2.44069361686707 1.99575066566467 8.32728481292725 3.36781287193298 2.89622735977173 6.64945650100708 2.60255289077759
