slauniainen/Data/DEM/Vihti_dsm1500b_cl_horizonAngle_336.asc
NCOLS 196 
NROWS 178 
XLLCORNER 353680 
YLLCORNER 6699024 
CELLSIZE 16 
NODATA_value -3.4e+38 
[rows 120 to 139 of 178, columns 0 to 44 of 196]
3.06402611732483 7.27880811691284 4.61483860015869 3.61514043807983 8.11921405792236 5.57548046112061 1.76462554931641 3.34052705764771 1.80669808387756 3.12371110916138 3.11342096328735 3.75762224197388 5.05367040634155 6.72730922698975 6.82358026504517 6.09023523330688 5.5891375541687 4.10778617858887 3.7918541431427 1.81216335296631 35.5972747802734 1.23362278938293 9.49277973175049 3.80606079101562 6.42109346389771 4.64779758453369 1.94337487220764 -0.0127478651702404 5.8391637802124 -0.117556035518646 -1.8753719329834 1.39859676361084 1.66915261745453 8.35837078094482 0.304818093776703 0.665194809436798 0.0623928941786289 -0.444431066513062 -0.246868833899498 -0.1932253241539 -0.350037723779678 -0.424909651279449 -0.354075640439987 -0.0851965621113777 0.238979578018188
3.02391672134399 3.74376749992371 13.6136846542358 5.54518222808838 4.21604013442993 3.8512716293335 3.09534096717834 1.94608736038208 2.94530057907104 2.91770195960999 2.81896471977234 2.64321517944336 4.14642095565796 6.40917062759399 5.9632682800293 6.38328695297241 5.73727178573608 5.32015132904053 1.2177574634552 3.44188451766968 1.68943011760712 29.8399047851562 2.96688222885132 -1.5047994852066 -0.276567280292511 3.23335576057434 15.4693536758423 7.24578905105591 -1.30492889881134 -1.67367506027222 8.31999015808105 -1.58520436286926 -0.959657192230225 0.1911880671978 1.04367411136627 4.25741720199585 -0.788059592247009 15.0853805541992 -0.183963686227798 -0.33314311504364 -0.381828278303146 -0.467506468296051 -0.488536894321442 -0.308749943971634 -0.0589192919433117
3.18723344802856 2.92444014549255 6.85053157806396 12.1963634490967 7.2186107635498 6.2044792175293 5.09915065765381 3.85016393661499 2.97855138778687 3.34383630752563 3.02946734428406 2.82173085212708 3.49013066291809 4.69858503341675 6.0767502784729 6.06418561935425 5.48207521438599 5.08082342147827 3.58287978172302 3.28557205200195 1.6557914018631 -0.937082052230835 -1.24390411376953 7.4526515007019 -0.991154074668884 2.09702134132385 1.9270920753479 2.65187644958496 14.6297845840454 7.5116548538208 5.59364223480225 10.2156257629395 9.09386730194092 -0.80416601896286 5.54142284393311 1.92505514621735 0.329207181930542 -0.750508964061737 3.5356752872467 -0.340412586927414 -0.386218190193176 -0.406403094530106 -0.486857831478119 -0.474939972162247 -0.24089726805687
3.27818131446838 2.87709498405457 2.65840315818787 9.69376850128174 9.97623062133789 7.02270460128784 5.38017129898071 4.09727573394775 3.05836915969849 3.49237465858459 2.84986519813538 2.57280445098877 2.55543899536133 3.84554696083069 5.80258655548096 5.35055303573608 5.71733570098877 4.86296415328979 4.42393589019775 1.11967587471008 2.9292106628418 32.6085243225098 7.41578149795532 -1.49494779109955 -1.78909873962402 2.812908411026 -1.49823427200317 2.48147702217102 -0.858344435691833 -1.4706848859787 0.319535970687866 2.65711045265198 3.67028594017029 8.42030715942383 2.61902713775635 2.36018347740173 17.6262168884277 13.1558456420898 0.455867826938629 -0.207773447036743 -0.378933370113373 -0.326069712638855 -0.399095147848129 -0.393904477357864 -0.398748457431793
3.39614748954773 2.66895246505737 2.61839747428894 2.35685062408447 10.8616170883179 6.76676368713379 5.65070581436157 4.60509395599365 3.73204231262207 3.32345819473267 2.81950616836548 2.823397397995 2.59710431098938 3.25638961791992 5.53147315979004 5.11807537078857 5.47286891937256 5.03233051300049 4.60974168777466 3.08917474746704 2.78901743888855 24.251766204834 23.7124099731445 33.8974533081055 18.5402908325195 2.04240965843201 16.1916122436523 -0.996566355228424 12.6521501541138 28.4514923095703 23.6876926422119 24.177490234375 3.42787718772888 7.64944648742676 10.7969856262207 23.4249496459961 2.86453771591187 10.7288904190063 3.72066879272461 -0.505307793617249 -0.379042655229568 -0.338582187891006 -0.468267351388931 -0.332066416740417 -0.47821643948555
3.33172750473022 2.73168802261353 2.34223651885986 2.12137532234192 3.91979146003723 3.88817453384399 5.30058479309082 5.45813989639282 4.2607102394104 3.42862701416016 3.05971479415894 2.74814677238464 2.45484519004822 2.50261926651001 3.85154223442078 5.28768110275269 5.22907018661499 4.83784627914429 4.43283987045288 3.63686466217041 2.67631411552429 1.4657701253891 5.61233234405518 0.644582390785217 7.61887741088867 5.99829959869385 -0.511945962905884 27.1575660705566 11.3630847930908 17.7937164306641 8.74996566772461 6.82245397567749 20.548828125 20.0730247497559 3.62346124649048 5.76629257202148 24.2644863128662 6.53156805038452 17.1851329803467 -0.907122135162354 -0.455012321472168 -0.517052590847015 -0.498864412307739 -0.568526268005371 -0.565540611743927
3.06352496147156 2.68160080909729 2.44716715812683 2.08648538589478 2.0483410358429 10.6467819213867 4.55476951599121 4.82103061676025 5.25115966796875 4.15503168106079 3.10985851287842 2.70638561248779 2.36243271827698 2.15120244026184 3.05209374427795 5.04830360412598 4.65677881240845 4.99286079406738 4.62966823577881 4.12634944915771 0.968557775020599 2.39007878303528 34.6097297668457 11.4765682220459 2.851557970047 5.91856288909912 11.6860227584839 10.3134260177612 17.0406837463379 10.3636608123779 31.7717514038086 23.1328659057617 24.4465103149414 3.74478030204773 2.42250514030457 4.39798259735107 4.36597633361816 2.30312418937683 6.53272390365601 11.5126342773438 25.7663421630859 -0.565309107303619 -0.611742734909058 -0.664779782295227 -0.648797452449799
3.00090193748474 2.30900168418884 2.39737820625305 2.08761620521545 2.03448390960693 2.96306252479553 10.4420557022095 8.8429708480835 4.3574013710022 4.67765760421753 3.8861038684845 2.74660325050354 2.64663410186768 2.3796112537384 2.38374638557434 3.5534884929657 4.84750175476074 4.79310274124146 4.46284198760986 3.97425723075867 2.52383041381836 2.29224920272827 2.13155674934387 -1.02470147609711 -0.892793476581573 -0.376787185668945 0.629927396774292 8.56225395202637 4.46072244644165 2.72647571563721 8.23123645782471 7.44251394271851 4.23367214202881 3.40815401077271 1.47232413291931 5.63577938079834 1.51906764507294 1.52127552032471 6.08446264266968 4.96599817276001 -1.06704211235046 -2.09403276443481 -2.2750027179718 -2.56467366218567 -2.42519474029541
2.30740237236023 2.05159950256348 2.02944183349609 2.32456016540527 1.99684882164001 1.97223353385925 3.9112069606781 5.81878185272217 12.3936290740967 6.90641975402832 5.87714147567749 4.15836095809937 2.83904647827148 2.34502625465393 2.11797690391541 3.19874620437622 4.66602373123169 4.31789445877075 4.58362054824829 4.1469464302063 3.64584565162659 0.839229226112366 2.03785395622253 31.1215553283691 14.4131298065186 -1.65778863430023 6.74966859817505 3.12766671180725 5.51010036468506 7.60645532608032 2.82435488700867 4.13339948654175 14.9540891647339 21.8189086914062 5.67531490325928 2.4955940246582 2.08387899398804 0.621326148509979 1.29473304748535 1.29091930389404 -0.955340087413788 -1.1542763710022 -2.51336288452148 2.36983251571655 1.63327586650848
2.15002846717834 1.79742252826691 1.48673796653748 2.27837324142456 1.98917973041534 1.93976354598999 2.57746601104736 3.67796158790588 4.71263790130615 6.69926071166992 8.51329517364502 2.94647693634033 5.96397542953491 3.2451274394989 2.35976219177246 2.83920454978943 3.69428515434265 4.57249546051025 4.38887500762939 4.00669479370117 3.52883696556091 2.16099238395691 1.96283137798309 26.5360240936279 2.99170422554016 -1.85350334644318 -1.85260224342346 1.87767386436462 -0.74693500995636 0.358871936798096 0.877508878707886 1.02101695537567 2.74967479705811 1.68794691562653 6.99462270736694 3.58637142181396 2.04179334640503 -0.0676568001508713 0.243346124887466 0.513065338134766 6.09381151199341 -1.31133496761322 7.7659125328064 5.72459650039673 4.06197595596313
2.10380053520203 1.68196308612823 1.4802610874176 1.92760670185089 2.21283173561096 1.90280270576477 2.14859938621521 2.81175708770752 3.32927560806274 4.21801137924194 4.1830472946167 9.98457813262939 7.85448360443115 8.20244312286377 5.65790271759033 2.71350240707397 3.1325581073761 4.44082832336426 3.9458315372467 4.10556936264038 3.72660422325134 3.26319003105164 0.732471942901611 1.76521146297455 3.30811667442322 16.7571811676025 8.00145530700684 1.44218063354492 3.24044060707092 10.1503057479858 1.14398837089539 4.66433191299438 5.48575639724731 1.16481423377991 1.85328340530396 2.25908231735229 0.93781840801239 0.552227854728699 0.561658501625061 0.336836189031601 1.06154131889343 0.255081623792648 2.37511825561523 0.474181711673737 4.82667064666748
1.8361542224884 2.04189229011536 1.45004761219025 1.41386449337006 2.17022395133972 1.82052421569824 1.52053380012512 2.32747197151184 3.01208448410034 3.41883969306946 3.46702814102173 3.57224059104919 4.83254098892212 4.28235960006714 4.24397039413452 4.83765983581543 3.12548589706421 3.57791113853455 4.18659639358521 3.96466112136841 3.62975835800171 3.17893362045288 1.8824006319046 1.70503079891205 37.1836853027344 6.63422393798828 8.57650947570801 4.53278636932373 -0.321979522705078 1.72856283187866 0.0707324221730232 -0.518366038799286 1.4942284822464 1.45883166790009 7.85933637619019 1.67232763767242 0.590836644172668 0.670046508312225 0.248059988021851 1.71381425857544 2.33264875411987 8.89492416381836 -1.88926708698273 2.99527883529663 3.32666516304016
2.84449481964111 2.00038480758667 1.60216522216797 1.40770411491394 1.8355153799057 1.50622069835663 1.26723682880402 1.79200279712677 2.3612699508667 2.82611441612244 3.12734699249268 3.22391676902771 3.76848554611206 3.23037362098694 3.1446487903595 2.98497200012207 2.34990572929382 3.01140379905701 4.0761833190918 3.61616230010986 3.74540948867798 3.10596895217896 2.56408762931824 0.638301491737366 9.88614559173584 23.3586101531982 4.15279483795166 1.75581240653992 23.1014595031738 0.477943539619446 -0.684179067611694 9.35229682922363 -0.934721231460571 0.316923797130585 4.70708799362183 7.47205543518066 0.238240242004395 0.182761028409004 8.09365272521973 22.4757041931152 20.5378360748291 -0.350874155759811 10.7211570739746 6.00991821289062 11.8946571350098
2.78851127624512 1.51865410804749 1.94086456298828 1.37849771976471 1.15546059608459 1.07927238941193 1.24343621730804 0.978315949440002 1.93738424777985 2.5058434009552 2.94554352760315 2.94335126876831 2.93925714492798 2.85429191589355 2.69115710258484 2.62661337852478 2.31750655174255 2.69364213943481 3.99205923080444 3.59013891220093 3.69154810905457 3.32475018501282 2.88620066642761 1.64233827590942 1.46511960029602 4.29859685897827 13.0989589691162 4.28306770324707 2.38120055198669 3.15130591392517 13.816011428833 -0.134156957268715 11.142632484436 0.357763379812241 0.453611552715302 -0.0398584567010403 0.171663105487823 -0.511354684829712 6.34971284866333 6.57309818267822 7.1922025680542 16.3480644226074 -0.0530899204313755 11.1930208206177 11.0360250473022
2.45422554016113 2.70812106132507 1.90278291702271 1.25393640995026 1.13425803184509 0.800006866455078 0.653216540813446 0.879785120487213 1.72176909446716 2.01370406150818 2.41209268569946 2.69912767410278 2.68632912635803 2.61653137207031 2.62915539741516 2.55928230285645 2.26870203018188 2.24952864646912 2.97219276428223 3.86937975883484 3.6727511882782 3.29919981956482 2.84376621246338 2.02061223983765 1.43760132789612 36.7657318115234 0.928041458129883 1.24192225933075 0.173976376652718 0.827075362205505 -0.225146442651749 2.32285189628601 1.47693884372711 5.35544395446777 -0.899857640266418 -1.00819706916809 4.07504653930664 9.92749977111816 0.447007715702057 5.12346363067627 5.59953546524048 8.63619613647461 8.04493045806885 8.77069854736328 20.3925800323486
2.57811784744263 2.65761184692383 1.44697070121765 1.3023726940155 0.755614101886749 0.685206472873688 0.776635944843292 0.861275017261505 0.776096701622009 1.64694714546204 2.13834023475647 2.5679407119751 2.57057857513428 2.48073673248291 2.51307463645935 2.50507354736328 2.24403381347656 2.02843356132507 2.58853387832642 3.80843329429626 3.40405893325806 3.46922516822815 3.09625720977783 2.65850496292114 1.15507435798645 1.29006493091583 29.9689044952393 -1.84152841567993 -0.834907174110413 -0.0207774788141251 0.125891998410225 3.73526334762573 -0.93010276556015 2.93307781219482 11.5120754241943 10.3073329925537 2.71750140190125 2.40143156051636 3.42669987678528 0.510914444923401 3.81878590583801 2.64966583251953 15.0579881668091 -0.613337576389313 8.64526653289795
0.699608266353607 2.3359534740448 1.52962827682495 1.2804993391037 1.1960357427597 0.490986347198486 0.758923232555389 0.618490159511566 0.667510211467743 1.54946374893188 1.75815749168396 2.10616779327393 2.37862682342529 2.36330604553223 2.45413708686829 2.26215362548828 2.42028331756592 2.17312717437744 2.15831995010376 2.79424214363098 3.66387891769409 3.4538094997406 3.12724852561951 2.64706373214722 1.46120977401733 1.57173764705658 -0.826438546180725 23.2728443145752 14.6327619552612 4.78592586517334 -0.675487518310547 1.38567352294922 8.46494388580322 -1.03316342830658 1.36733663082123 1.51848936080933 22.0285987854004 2.41250348091125 4.52484273910522 -0.011113379150629 -0.472026467323303 -0.0078497463837266 -0.0634097754955292 2.14687061309814 0.400951981544495
17.4069900512695 0.892526209354401 -0.0344024114310741 0.930339753627777 1.17429566383362 0.473814845085144 0.651359736919403 0.735761284828186 0.549168527126312 0.762084662914276 1.46574211120605 1.86635279655457 2.27840065956116 2.28906798362732 2.23085236549377 2.33598065376282 2.36203718185425 2.11596536636353 1.90868306159973 2.68610143661499 3.5805778503418 3.18211460113525 3.22701835632324 2.88445043563843 2.45233845710754 0.783469498157501 37.7259368896484 -0.522578239440918 22.5067405700684 0.911670625209808 2.2228946685791 0.127893939614296 3.21628403663635 19.8098678588867 0.411710977554321 -1.13792455196381 4.71597766876221 14.2359590530396 1.47475111484528 2.72811603546143 15.1870546340942 -0.382755964994431 -0.213949546217918 -0.552162766456604 2.47360515594482
0.602373600006104 0.661930561065674 -0.833618521690369 -0.593744099140167 0.518335402011871 0.424825102090836 0.315215080976486 0.723774135112762 0.417920738458633 0.634972810745239 1.41133010387421 1.66300296783447 2.1798369884491 2.19488501548767 2.07177925109863 2.26427125930786 2.04101967811584 2.28723382949829 2.04346823692322 2.41320252418518 2.9825713634491 3.41735291481018 3.20725655555725 2.86578345298767 2.42549061775208 1.29974913597107 1.14320075511932 2.98293900489807 0.32534846663475 6.82649898529053 -0.0704082846641541 2.03844738006592 -0.855228662490845 2.35134267807007 3.44665837287903 2.37860107421875 -1.13889670372009 -1.19558787345886 -0.55543041229248 -1.01401543617249 -0.627293467521667 -1.32358241081238 -0.404377937316895 -0.628450870513916 3.70462679862976
8.50775051116943 7.47184324264526 5.66038084030151 -1.03223490715027 -1.4353951215744 -1.39959394931793 0.273875832557678 0.330608934164047 0.374382793903351 0.518379807472229 1.12555885314941 1.48714458942413 1.83770084381104 2.04711842536926 2.06834483146667 2.01016616821289 2.14813375473022 2.23710203170776 1.99664103984833 1.80353081226349 2.54611945152283 3.35504937171936 2.9761917591095 2.96767950057983 2.64886045455933 2.25406765937805 0.463513851165771 33.0079307556152 26.0501117706299 4.73944234848022 22.2847747802734 21.8155517578125 16.2753067016602 0.132269740104675 2.86238837242126 6.07919454574585 11.7118797302246 8.5216588973999 10.2455911636353 13.0829648971558 4.04921913146973 12.8889846801758 15.5202827453613 32.8037757873535 14.9763784408569
