slauniainen/Data/DEM/Vihti_dem1500b_cl_horizonAngle_84.asc
NCOLS 196 
NROWS 178 
XLLCORNER 353680 
YLLCORNER 6699024 
CELLSIZE 16 
NODATA_value -3.4e+38 
[rows 100 to 119 of 178, columns 45 to 89 of 196]
0.328624129295349 0.726711392402649 1.7235289812088 1.98021197319031 -0.377096831798553 -0.363536953926086 -0.295529425144196 -0.0776273310184479 0.188177868723869 0.209194108843803 0.0106268720701337 0.0820298120379448 0.232484698295593 0.934299111366272 1.46592426300049 1.79091787338257 1.92764341831207 2.13069820404053 2.21435546875 2.31347751617432 2.4349799156189 2.54328036308289 2.48341655731201 2.70401334762573 3.07770466804504 3.54705476760864 4.14189004898071 4.71075010299683 6.56910181045532 8.31593704223633 10.0782737731934 12.6666078567505 7.5940055847168 1.75860345363617 1.81112110614777 2.03002882003784 2.44040203094482 3.02904343605042 3.42079877853394 3.70490980148315 3.71955800056458 3.79040241241455 3.87028312683105 3.63522601127625 3.65336298942566
0.307929277420044 0.143620356917381 0.751585066318512 1.11251163482666 0.0751593559980392 -0.135309129953384 -0.0453325323760509 -0.00472674751654267 0.924877524375916 0.163254737854004 0.433226138353348 0.47283747792244 0.521556317806244 0.567705273628235 1.24887347221375 1.59849834442139 1.73783934116364 1.89206719398499 1.96119785308838 2.04534459114075 2.16664528846741 2.53070616722107 2.87298369407654 3.22564482688904 3.63235950469971 4.18040561676025 4.73290634155273 5.39965867996216 7.63675975799561 9.59033966064453 11.9922714233398 13.974308013916 6.6091456413269 1.32972824573517 1.19778263568878 1.27698934078217 1.4889280796051 2.04779767990112 2.59155583381653 2.87657284736633 2.85945868492126 2.81697607040405 2.91258263587952 2.96678733825684 2.80857014656067
0.545046329498291 0.128944143652916 0.137031495571136 0.164455324411392 0.18244506418705 0.199565023183823 0.286547631025314 0.328206092119217 0.352723330259323 0.410563290119171 0.682294011116028 1.28765630722046 0.697281956672668 0.720376491546631 0.929367482662201 1.33219885826111 1.5011134147644 1.55967843532562 1.63211226463318 2.04061532020569 2.44252586364746 2.90360951423645 3.29750800132751 3.68586587905884 4.12666606903076 4.61612510681152 5.23825931549072 6.00115585327148 8.7742395401001 10.9025077819824 13.6448440551758 14.8751840591431 4.83154249191284 0.818451285362244 1.04619097709656 1.19744884967804 1.33983635902405 1.56548810005188 1.89177024364471 1.93069016933441 1.98850691318512 2.04307293891907 2.09116172790527 2.14856863021851 2.20346689224243
2.09091234207153 0.259837806224823 0.283468037843704 0.290832132101059 0.345108419656754 0.409990787506104 0.475726634263992 0.515593290328979 0.53968745470047 0.571056544780731 1.3026750087738 0.858115971088409 0.901595056056976 1.02912926673889 1.11371803283691 1.16001760959625 1.27662456035614 1.4706529378891 1.85118448734283 2.35029816627502 2.75273180007935 3.16906809806824 3.55199289321899 3.96093201637268 4.41121482849121 4.97014999389648 5.72433280944824 6.71069955825806 9.31677341461182 11.3219833374023 14.9114360809326 16.1713008880615 4.38123035430908 0.586789071559906 0.871012330055237 1.03030920028687 1.16362273693085 1.37463140487671 1.67674243450165 1.72964608669281 1.64474284648895 1.68850994110107 1.73323976993561 1.78223419189453 1.82829976081848
0.432059556245804 0.441903501749039 0.454159319400787 0.477293461561203 0.556355059146881 0.606179773807526 0.642275750637054 0.747112035751343 1.4023265838623 0.693564176559448 0.923620045185089 1.04625296592712 1.16775631904602 1.24098551273346 1.30880665779114 1.3757997751236 1.4870730638504 1.70653212070465 2.12785482406616 2.60483908653259 2.98798942565918 3.37658262252808 3.7357931137085 4.10484170913696 4.59541034698486 5.24902200698853 6.02005529403687 6.96961641311646 7.36753082275391 8.65861225128174 10.3790082931519 12.8366327285767 3.32464218139648 0.422690808773041 0.574927449226379 0.737559676170349 0.866084814071655 1.07351279258728 1.25499033927917 1.37803077697754 1.29981255531311 1.23288249969482 1.26183903217316 1.22490477561951 1.17795300483704
0.622708439826965 0.662340581417084 0.672577559947968 0.705585300922394 0.759744882583618 1.30305731296539 3.10615468025208 4.2291464805603 5.80478143692017 6.96097326278687 0.620731174945831 0.829804182052612 1.19714379310608 1.35179531574249 1.43162477016449 1.51422774791718 1.67633736133575 1.90765058994293 2.17595648765564 2.08207130432129 2.38194417953491 2.6586127281189 2.88273692131042 3.17055749893188 3.58892750740051 4.14172267913818 4.62634468078613 4.91031122207642 5.11986589431763 5.40289115905762 4.30600881576538 4.76681184768677 4.82763624191284 -0.0163527857512236 0.0366767905652523 0.269895434379578 0.454033851623535 0.630007863044739 0.870880305767059 1.02019715309143 1.06371247768402 1.09505939483643 1.12158358097076 1.1352630853653 1.035724401474
1.15940475463867 1.38867676258087 1.57247567176819 1.81231546401978 2.07527422904968 2.4090735912323 5.13160037994385 6.86052846908569 9.53708648681641 11.144115447998 0.670584678649902 0.018181499093771 0.510658740997314 0.848724126815796 1.01409554481506 1.09688425064087 1.26859927177429 1.46399247646332 1.62826919555664 1.31091618537903 1.56832480430603 1.74647843837738 1.95081162452698 2.20005917549133 2.52671909332275 3.56841492652893 2.56892085075378 2.78221845626831 3.28428506851196 4.80672073364258 2.05974388122559 2.14268279075623 3.6424605846405 -0.542093992233276 -0.226893618702888 0.0901216045022011 0.257300108671188 0.481511622667313 0.696970164775848 0.835964262485504 0.858200490474701 0.881783664226532 0.901961207389832 0.922606348991394 0.91031539440155
2.01359438896179 2.33117866516113 2.73237705230713 3.12431001663208 3.50719499588013 4.07559680938721 5.14801406860352 6.90103816986084 9.38303279876709 12.0137901306152 3.54098153114319 -0.365681111812592 -0.351315289735794 0.150076746940613 0.521567523479462 0.656042873859406 1.07648420333862 2.44711327552795 3.34630227088928 0.498146921396255 0.689267456531525 1.02462148666382 1.34488010406494 2.16235327720642 3.0966169834137 2.72196650505066 1.15910053253174 1.33804774284363 1.57008624076843 1.20559287071228 1.2399001121521 1.44290018081665 1.74135315418243 -0.688042044639587 -0.391910463571548 -0.066411979496479 0.104280740022659 0.309135943651199 0.502260804176331 0.622373282909393 0.649221539497375 0.668338298797607 0.679409921169281 0.694823026657104 0.710975468158722
2.17149233818054 2.49816679954529 2.90590214729309 3.33458614349365 3.75592255592346 4.28097248077393 4.98264932632446 5.04260492324829 6.44619369506836 8.21334934234619 6.02133178710938 4.46975231170654 -0.538725674152374 -0.454860180616379 -0.0522948913276196 0.648471474647522 1.58379054069519 3.00055646896362 4.1701283454895 0.0245038773864508 0.250483274459839 0.791408061981201 1.60753667354584 2.17247486114502 2.18641543388367 0.5006964802742 0.629444897174835 0.598780870437622 0.559422552585602 0.657868564128876 1.52016627788544 2.60516357421875 -0.17270764708519 -0.685923278331757 -0.604942202568054 -0.407035946846008 -0.20877867937088 0.0932738929986954 0.305896610021591 0.385106205940247 0.402256160974503 0.428562104701996 0.437986791133881 0.446079403162003 0.455246895551682
1.95673537254333 2.21140837669373 2.60436820983887 2.95990943908691 3.37314963340759 3.77376818656921 4.30435276031494 5.02971506118774 4.74815797805786 5.6973123550415 6.15753269195557 4.81007099151611 0.276593178510666 -0.419165402650833 -0.299758791923523 0.073339119553566 1.01165533065796 2.11956715583801 2.94170212745667 -0.0408625118434429 0.0106761455535889 0.172318682074547 1.62057650089264 2.57714867591858 0.973140060901642 0.719030916690826 0.443748503923416 0.0179280061274767 0.534095048904419 1.30364441871643 2.36763429641724 4.20339107513428 0.330959975719452 -0.743418276309967 -0.609515309333801 -0.435582190752029 -0.247627526521683 -0.0699290037155151 0.129453286528587 0.197395652532578 0.20639780163765 0.23342353105545 0.266789138317108 0.271367222070694 0.276525259017944
1.55694544315338 1.71024215221405 2.06049060821533 2.37805867195129 2.69992685317993 3.03778314590454 3.47728061676025 4.08692216873169 4.02419185638428 4.05393266677856 4.53075075149536 3.57989954948425 1.04446613788605 -0.140173062682152 -0.0930698290467262 -0.032035231590271 0.38592717051506 0.781429886817932 0.967704772949219 1.13946676254272 0.116291753947735 0.149322763085365 0.932740449905396 1.50209248065948 1.43060445785522 1.7338604927063 1.51282215118408 0.0480748079717159 0.145936653017998 1.56576561927795 2.30509185791016 3.47776675224304 3.36390447616577 -0.796174347400665 -0.640887975692749 -0.404352277517319 -0.209287628531456 -0.0654887408018112 0.0166455302387476 0.0678729489445686 0.0945707112550735 0.0844696313142776 0.120267264544964 0.160948842763901 0.162549152970314
1.14124941825867 1.1578483581543 1.35113787651062 1.61577820777893 1.85475039482117 2.08987498283386 2.38130378723145 2.78388690948486 2.9755916595459 3.64743113517761 4.4761266708374 5.03468894958496 2.2427077293396 0.0179585218429565 0.0863191559910774 0.300566554069519 0.47965931892395 0.111478082835674 0.355698019266129 0.845953047275543 0.334150671958923 0.349486023187637 0.564116537570953 0.902449488639832 0.995604753494263 1.37741100788116 1.04122960567474 0.559387922286987 0.914205193519592 0.681545615196228 1.07158184051514 1.69914650917053 2.22500348091125 -0.728247463703156 -0.586463093757629 -0.353581696748734 -0.181994467973709 -0.0744263604283333 0.0488381087779999 0.0820461437106133 0.0952835977077484 0.225313112139702 0.103169433772564 0.139000564813614 0.164566427469254
1.2136412858963 1.23188459873199 1.29991674423218 1.4958827495575 1.70321202278137 1.91602504253387 2.1491174697876 2.48726534843445 2.83539009094238 2.60207915306091 3.09599041938782 4.02170467376709 2.93247818946838 0.840722262859344 0.902480185031891 0.932948708534241 0.201995447278023 0.215426877140999 0.287662029266357 0.223129332065582 0.252851963043213 0.223343431949615 0.313841432332993 0.419771373271942 0.579241752624512 0.945977210998535 0.196649998426437 0.241329371929169 0.360923588275909 -0.606197655200958 -0.674240052700043 -0.56686669588089 -0.426236927509308 -0.630129814147949 -0.547072947025299 -0.340649902820587 -0.192289963364601 -0.110526904463768 -0.0518632419407368 0.023038225248456 0.0829860419034958 0.222813308238983 0.0847858116030693 0.111160114407539 0.220258861780167
1.09040367603302 1.12131834030151 1.14759862422943 1.21020841598511 1.35043752193451 1.52337670326233 1.7014012336731 1.92707622051239 2.20646977424622 2.18993520736694 2.21551012992859 2.79441690444946 2.41455769538879 2.69142174720764 1.35872066020966 0.946400582790375 0.337298154830933 0.0474836193025112 0.0895038545131683 0.0720174759626389 0.0378723628818989 0.0411818958818913 0.186613768339157 0.366769313812256 0.447060972452164 0.544978022575378 0.418792426586151 -0.282180160284042 -0.310005605220795 -0.704599320888519 -0.68752247095108 -0.663000285625458 -0.633781969547272 -0.599077224731445 -0.514952540397644 -0.361853003501892 -0.225775435566902 -0.151285395026207 0.0432316735386848 0.276174277067184 0.567925274372101 0.777132272720337 -0.105109043419361 -0.0757507756352425 -0.0528910830616951
1.11024820804596 1.13045656681061 1.12267351150513 1.1313089132309 1.20128083229065 1.30613660812378 1.42836248874664 1.50835633277893 1.68309342861176 1.89424240589142 2.0248658657074 2.26335287094116 2.55237746238708 2.54834198951721 1.88027679920197 1.1055611371994 0.622188687324524 0.63159841299057 1.02226150035858 1.73424255847931 -0.233005329966545 -0.224331542849541 0.267775624990463 0.477255254983902 0.538480818271637 0.539118230342865 0.676949501037598 -0.378776282072067 0.0756238102912903 -0.522727191448212 -0.721198976039886 -0.696012794971466 -0.674511969089508 -0.632577478885651 -0.538267731666565 -0.401229619979858 -0.275419533252716 0.888290524482727 1.5842410326004 2.2856433391571 1.78600752353668 0.303803980350494 -0.288649469614029 -0.246431306004524 -0.20411778986454
1.09593665599823 1.1112859249115 1.13086652755737 1.15590608119965 1.23332786560059 1.2954066991806 1.38263404369354 1.43112766742706 1.54297208786011 1.68647027015686 1.87374866008759 2.11235427856445 2.46909999847412 2.34912848472595 2.23781108856201 1.38635337352753 2.06810569763184 2.95137882232666 3.85723519325256 6.00078201293945 4.48535251617432 -0.960164129734039 -0.696929335594177 0.320090055465698 0.74904465675354 1.21896040439606 1.60113954544067 1.67408096790314 2.1304874420166 0.184209570288658 -0.868114769458771 -0.794569134712219 -0.760211527347565 -0.725284099578857 -0.599000096321106 -0.455872446298599 0.740436673164368 1.95793092250824 3.20145034790039 4.09410905838013 2.43453431129456 -0.453205287456512 -0.445729225873947 -0.410758852958679 -0.368858754634857
1.10675644874573 1.11949026584625 1.14698350429535 1.17890512943268 1.21694755554199 1.24333727359772 1.52161705493927 1.8032990694046 1.87876963615417 1.97815763950348 2.09220027923584 2.21958422660828 2.59793829917908 3.16858267784119 2.22558903694153 2.23946857452393 2.37383913993835 4.77257394790649 6.06407403945923 8.43466377258301 10.5949230194092 -1.12354040145874 -1.01518726348877 -0.0420799665153027 2.10587096214294 4.14744567871094 5.39643287658691 6.51113748550415 7.14014720916748 1.32282721996307 -1.17048668861389 -1.01511561870575 -0.881934583187103 -0.795705378055573 -0.645536780357361 -0.445466220378876 1.76360893249512 2.96177053451538 3.91981792449951 3.99130916595459 1.3767694234848 -0.530144274234772 -0.502823889255524 -0.474421441555023 -0.431321173906326
1.44757521152496 1.45673298835754 1.48084771633148 1.52124810218811 1.5721880197525 1.61991059780121 1.66541182994843 2.32539582252502 2.44146752357483 2.5891273021698 2.77018857002258 2.95111179351807 3.09874939918518 3.18188548088074 3.23767924308777 3.36942362785339 3.72576332092285 4.26247262954712 5.32688140869141 6.65127849578857 7.05392074584961 1.02301263809204 0.199091747403145 0.658008217811584 3.65674591064453 8.32965087890625 10.8022766113281 13.6847372055054 14.8076877593994 -1.56767356395721 -1.51475119590759 -1.34668409824371 -1.07994556427002 -0.747953355312347 -0.615044116973877 1.37562263011932 3.73355221748352 5.33117198944092 5.72427463531494 2.01845526695251 -0.63708621263504 -0.621363043785095 -0.587765038013458 -0.538495540618896 -0.438832640647888
1.78785347938538 1.82371592521667 1.86773872375488 1.92689538002014 1.99898540973663 2.08763194084167 2.15889382362366 2.22985100746155 2.35249733924866 2.48091268539429 2.6527156829834 2.8235547542572 3.31176257133484 2.86013031005859 2.89198017120361 3.0574779510498 3.14897990226746 4.6992359161377 5.82465362548828 7.12248086929321 8.04262065887451 2.17710399627686 2.86721634864807 3.71031451225281 4.773108959198 7.51357364654541 9.72933197021484 11.9502487182617 12.3193483352661 0.805226266384125 -1.64447343349457 -1.39299237728119 -1.19153249263763 -0.792637467384338 1.54809534549713 3.64634728431702 7.79758405685425 11.0173330307007 3.50738143920898 -0.863968968391418 -0.816041886806488 -0.753134429454803 -0.695444524288177 -0.670379996299744 -0.560743570327759
1.73504340648651 1.7654949426651 1.80532264709473 1.8506418466568 1.91723644733429 1.99838578701019 2.29549431800842 2.45370316505432 2.59030079841614 2.72888398170471 2.9175066947937 3.12019014358521 3.46493220329285 3.1980721950531 3.259526014328 3.42068886756897 3.54603576660156 3.80207252502441 4.30396699905396 4.82196664810181 6.57602453231812 2.65434646606445 2.98888969421387 3.84164667129517 4.8066029548645 5.10103464126587 6.55228281021118 6.30024337768555 6.66055059432983 2.19502258300781 -1.57717382907867 -1.38983416557312 -1.15176439285278 -0.240356966853142 3.63623976707458 6.71900987625122 11.7121534347534 15.6035900115967 2.80335664749146 -1.11154270172119 -0.992839276790619 -0.886427223682404 -0.796173334121704 -0.753442168235779 -0.696098744869232
