slauniainen/Data/DEM/Vihti_dem1500b_cl_horizonAngle_216.asc
NCOLS 196 
NROWS 178 
XLLCORNER 353680 
YLLCORNER 6699024 
CELLSIZE 16 
NODATA_value -3.4e+38 
[rows 80 to 99 of 178, columns 90 to 134 of 196]
2.49918913841248 2.46052813529968 2.19569826126099 1.85535776615143 1.98823988437653 2.04895043373108 1.64344477653503 1.36138117313385 0.880499362945557 0.657546401023865 0.57613217830658 0.679780244827271 0.630476474761963 0.561961948871613 0.255261093378067 0.0554698370397091 -0.238198414444923 -0.497495383024216 -0.608370900154114 -0.731699585914612 -0.650928735733032 1.04994797706604 2.33180952072144 2.88328790664673 3.48690390586853 3.12284398078918 2.83757567405701 2.20646357536316 1.95472598075867 1.83943629264832 1.40425646305084 4.07021284103394 4.31769371032715 3.97521615028381 1.61080074310303 -0.397692143917084 -0.880407452583313 -2.55294871330261 -2.84450268745422 -2.85863447189331 -2.76810717582703 -2.68704724311829 -2.59412384033203 1.82588672637939 4.50896310806274
3.06252098083496 2.7476167678833 2.1661741733551 2.02948188781738 2.11085820198059 1.84573876857758 1.5989066362381 1.32467114925385 1.01150131225586 1.02624535560608 1.20945906639099 1.08719217777252 1.01770865917206 0.859516382217407 0.615037977695465 0.403010696172714 0.138785928487778 -0.0798046588897705 -0.219770312309265 -0.321966528892517 1.03507089614868 1.92705845832825 3.74635553359985 4.40983247756958 4.13344717025757 3.90263986587524 2.98898673057556 2.25247883796692 2.1712429523468 1.68273293972015 7.76186561584473 8.80680656433105 7.89416837692261 7.06722784042358 2.65501236915588 1.35396683216095 -1.146444439888 -1.64932668209076 -2.55450630187988 -2.53384447097778 -2.52668952941895 -2.51120495796204 -2.06602334976196 0.586842715740204 1.93648278713226
3.73917555809021 2.69307923316956 2.06111717224121 2.18333268165588 1.87735748291016 1.67150318622589 1.52253782749176 1.26543927192688 1.32303440570831 1.42130935192108 1.38033640384674 1.36446332931519 1.21204686164856 0.980084836483002 0.82086980342865 0.629736840724945 0.415147691965103 0.209298655390739 0.05110764503479 2.70027136802673 3.38483452796936 4.41669321060181 4.72239351272583 5.07463788986206 5.02655458450317 4.33908939361572 3.4413857460022 2.63233780860901 2.20155906677246 1.48709905147552 8.94754886627197 12.4646463394165 12.8901071548462 9.53472328186035 5.23666191101074 1.46840107440948 -0.0422925241291523 -1.57697653770447 -1.54560506343842 -2.23743367195129 -1.91548717021942 -1.64122629165649 -2.13169717788696 -1.2450338602066 -0.515727281570435
3.64289236068726 2.45836663246155 2.16931748390198 2.23208069801331 1.80467712879181 1.56975889205933 1.3914692401886 1.33318543434143 1.58662533760071 1.66507828235626 1.56191372871399 1.45787370204926 1.23756980895996 1.13292467594147 0.934850335121155 0.696799635887146 0.539929568767548 0.857250392436981 4.05539226531982 4.79299449920654 6.10027980804443 6.31943321228027 6.43180274963379 5.97217512130737 5.59929323196411 4.86165809631348 4.21940469741821 3.13311576843262 1.95076537132263 0.249866768717766 1.38588452339172 7.53088045120239 12.0099687576294 11.525541305542 4.97078657150269 1.36045849323273 -1.40214037895203 1.60687446594238 2.36214828491211 -0.873598158359528 -1.10129523277283 -0.501516699790955 -0.780616939067841 -0.400201320648193 -0.199256762862206
3.07020878791809 2.62404370307922 2.34504055976868 1.98672235012054 1.72738540172577 1.47840011119843 1.3593442440033 1.55579221248627 1.91211152076721 1.8804544210434 1.83179581165314 1.49280285835266 1.31869578361511 1.20140707492828 1.03776872158051 0.834888815879822 2.17309069633484 2.11265182495117 6.51485395431519 8.06366920471191 8.29900646209717 8.07095623016357 7.51403522491455 6.86647605895996 6.14657735824585 5.20586585998535 4.52457284927368 3.23769426345825 1.81696462631226 -0.445142686367035 -1.39072668552399 -2.32772016525269 2.2399423122406 10.7504348754883 9.31443405151367 0.873446345329285 -1.84115517139435 -2.13047194480896 1.80774545669556 0.673476576805115 0.527532517910004 0.194820836186409 0.540908515453339 0.413086235523224 0.26702356338501
3.30194091796875 2.78698253631592 2.08916091918945 1.80075132846832 1.63201141357422 1.35782825946808 1.61819708347321 1.99624514579773 1.97270011901855 1.96444082260132 1.77784931659698 1.52360117435455 1.32456338405609 1.1546870470047 0.949281811714172 2.34672212600708 5.90278387069702 7.58890247344971 7.77905225753784 9.5878210067749 10.2507362365723 9.51830101013184 8.65286064147949 7.64588832855225 6.74156951904297 6.1970739364624 4.72673225402832 3.24118876457214 1.98981094360352 -0.309845149517059 -2.25849390029907 -2.59705305099487 -2.7510027885437 -2.50810885429382 5.94503450393677 3.86562848091125 -1.74239504337311 -1.20604014396667 -0.455567300319672 0.995723068714142 0.918574810028076 1.26696562767029 1.11845874786377 0.758088350296021 0.604416131973267
3.55036282539368 2.82627272605896 1.93866527080536 1.70089304447174 1.46270430088043 1.42089521884918 1.73577558994293 2.06898021697998 2.06603407859802 1.89498543739319 1.63696312904358 1.50869691371918 1.36936235427856 1.10938549041748 0.807066738605499 2.54812622070312 8.8952112197876 10.0098886489868 10.7633676528931 11.7296915054321 11.1992483139038 10.5541620254517 9.61738967895508 8.37926769256592 7.65698337554932 6.64867401123047 5.16202926635742 3.01720142364502 2.26535940170288 0.443712741136551 -1.29911243915558 -2.14729046821594 -2.39225149154663 -2.38623571395874 -2.18000411987305 3.03995418548584 0.988593935966492 0.341202706098557 1.19958698749542 1.30881607532501 1.70054233074188 1.94014656543732 1.40292727947235 0.894712090492249 0.556735396385193
3.59220838546753 2.56150364875793 1.85509169101715 1.57429218292236 1.41438245773315 1.66362714767456 2.08260583877563 2.10133934020996 2.11259531974792 1.78128051757812 1.61081969738007 1.47068107128143 1.34442949295044 1.05172383785248 5.52636671066284 12.3313074111938 13.1742076873779 15.1692476272583 14.5859289169312 14.4608325958252 13.9498338699341 12.550199508667 10.4804096221924 9.35640811920166 8.19814586639404 6.95545053482056 5.2998194694519 4.10657691955566 2.68748092651367 1.57100284099579 0.229568049311638 -0.982429802417755 -1.94794297218323 -2.07727193832397 -2.06833553314209 -1.192467212677 1.53257262706757 1.38764142990112 2.19632816314697 2.13512969017029 2.47289085388184 2.09307980537415 1.55522632598877 1.04560470581055 0.0657896772027016
3.40594029426575 2.38363313674927 1.74976694583893 1.4956191778183 1.71215617656708 2.14370846748352 2.148029088974 2.18284797668457 2.03250074386597 1.78533601760864 1.58373153209686 1.43201768398285 1.32509362697601 0.830290138721466 2.84299874305725 13.3568305969238 16.3487186431885 18.5299339294434 19.1340713500977 19.3716678619385 16.2688980102539 14.3029851913452 12.0422582626343 10.3838262557983 8.77610111236572 6.61153650283813 5.92159271240234 4.51041698455811 3.18739104270935 1.66119790077209 0.583161890506744 -0.308015137910843 -1.74809229373932 -1.86115920543671 -1.87233102321625 -0.520016074180603 -0.0469572283327579 1.53077828884125 3.02490854263306 3.90349674224854 2.80262970924377 2.17787146568298 1.76549303531647 1.29416036605835 0.370991945266724
3.28913259506226 1.99072670936584 1.60754442214966 1.77170407772064 2.20838165283203 2.2081036567688 2.24536824226379 2.08967018127441 1.86997711658478 1.74562156200409 1.60407114028931 1.41083157062531 1.17607128620148 0.323380619287491 -0.188943341374397 5.78742551803589 11.3702716827393 15.8018074035645 20.1514720916748 22.3392429351807 18.5060081481934 16.4158878326416 14.0620193481445 11.4750595092773 9.06968212127686 7.11101961135864 5.43427562713623 4.29127645492554 2.75637292861938 2.07709264755249 1.74706745147705 1.00076234340668 -1.0005362033844 -1.68253445625305 1.01559376716614 0.142757311463356 2.06859111785889 1.1616176366806 2.21164727210999 5.37486553192139 4.87383031845093 2.61146688461304 2.00716662406921 1.23399257659912 0.781193017959595
3.0518593788147 1.79206275939941 1.59026753902435 1.92571878433228 2.28899216651917 2.31270337104797 2.14430356025696 1.9138355255127 1.80766189098358 1.68792998790741 1.54997956752777 1.45141851902008 1.19137501716614 0.396236926317215 -0.395979076623917 -0.603994786739349 3.30656290054321 10.6882543563843 11.3212785720825 17.9931564331055 17.3336601257324 15.8107328414917 15.7127895355225 12.0373640060425 9.42278385162354 7.91856479644775 5.22903537750244 3.75478839874268 3.61914944648743 3.26368927955627 3.03516578674316 1.01247835159302 -0.754690945148468 -1.64335346221924 3.02856874465942 3.81523084640503 2.68348956108093 2.40617918968201 2.43925786018372 3.08032369613647 4.08395719528198 4.18336391448975 2.06963396072388 1.52145349979401 0.509380698204041
4.57929277420044 1.67403864860535 1.88629996776581 2.3503839969635 2.3344349861145 2.36053037643433 2.02117729187012 1.85254430770874 1.73984205722809 1.61707103252411 1.52141010761261 1.35978960990906 1.25816571712494 0.844481766223907 -0.269772052764893 -0.689646601676941 -0.651190936565399 3.46609830856323 7.46855640411377 10.6762599945068 13.5886917114258 14.0767250061035 12.1988344192505 12.6259126663208 9.78728675842285 7.14938974380493 5.78070783615112 5.97255897521973 4.72980880737305 4.70192050933838 2.52430033683777 0.781579256057739 -1.44037532806396 -1.79284274578094 -1.64687049388885 5.71323108673096 4.72205352783203 4.0135440826416 3.39981651306152 3.18103265762329 3.33480525016785 2.99239945411682 2.38075184822083 1.20739781856537 0.557003736495972
2.58338832855225 1.95614910125732 2.44716858863831 2.42972016334534 2.45598268508911 2.26428866386414 2.01118111610413 1.81179392337799 1.66244661808014 1.57975792884827 1.47706663608551 1.34265398979187 1.48164510726929 1.51669502258301 0.211693346500397 -0.477042108774185 -0.59738302230835 -0.570876240730286 1.97308778762817 5.60347747802734 9.62722969055176 13.7360601425171 10.2270488739014 9.57848644256592 8.18642425537109 7.03148603439331 6.63061094284058 8.80604076385498 7.47348785400391 4.33616352081299 1.71256518363953 0.302233755588531 -1.37308716773987 -1.70569610595703 -1.88534224033356 -1.82878065109253 5.24840116500854 7.38235235214233 4.79612827301025 4.57459545135498 4.18798732757568 3.76629328727722 2.61479139328003 1.71397709846497 1.68733096122742
2.00993633270264 2.54465293884277 2.53153300285339 2.55821585655212 2.35053277015686 2.08403134346008 1.94967234134674 1.82150757312775 1.6217520236969 1.52645981311798 1.44727611541748 1.53418898582458 1.84025228023529 1.9335720539093 0.791375637054443 -0.120371647179127 -0.449966758489609 -0.569883108139038 -0.498056590557098 -0.430644184350967 5.96383953094482 11.2253293991089 11.6237154006958 7.27812385559082 6.11025333404541 3.65242767333984 1.36949265003204 5.131920337677 8.62828636169434 6.12262725830078 2.36544609069824 -0.520743489265442 -1.34484612941742 -1.511922955513 -1.73601162433624 -1.90576457977295 4.3538384437561 9.36476898193359 7.07988166809082 5.03705549240112 4.35005331039429 3.63655853271484 3.47610712051392 5.0465521812439 4.81763982772827
2.20791292190552 2.63794136047363 2.66985440254211 2.44574356079102 2.16240930557251 2.0098295211792 1.87735557556152 1.74411332607269 1.65655589103699 1.48980820178986 1.60927832126617 1.92956030368805 2.09472012519836 2.20292639732361 1.39773976802826 0.361077636480331 -0.122923627495766 -0.481652915477753 -0.512624442577362 -0.564998507499695 1.40474760532379 5.15587472915649 14.34925365448 8.45318984985352 5.36699533462524 1.73494493961334 -1.05737900733948 -1.2186324596405 -0.226800262928009 2.15253782272339 1.84870755672455 -1.21706712245941 -1.30159175395966 -1.47141301631927 -1.59464836120605 -1.78924226760864 1.30724287033081 7.99810695648193 7.76508808135986 5.58705949783325 3.93310284614563 2.3800847530365 2.74021649360657 4.42430353164673 4.90939617156982
2.74656581878662 2.71031498908997 2.73609614372253 2.32359743118286 2.10182905197144 1.95552814006805 1.79104673862457 1.69873690605164 1.53626656532288 1.53280520439148 2.01656913757324 2.19430589675903 2.32268881797791 2.40552639961243 1.9346399307251 0.763852596282959 0.0998234003782272 -0.217997178435326 -0.3052037358284 -0.525008499622345 -0.39310947060585 -0.370932102203369 9.66803073883057 9.36849308013916 5.46858644485474 2.10592842102051 -1.07416725158691 -1.17422127723694 -1.23226761817932 -1.22444939613342 0.30993640422821 -1.14177143573761 -1.11430490016937 -1.23749673366547 -1.33007550239563 -1.41382622718811 -0.299939274787903 7.79526090621948 7.6085033416748 6.38182497024536 2.52132439613342 1.02083873748779 1.81649768352509 3.33321022987366 3.39519262313843
2.84523344039917 2.87134695053101 2.62206864356995 2.31860876083374 2.07670640945435 1.86911475658417 1.76468551158905 1.6305900812149 1.51769769191742 1.72086000442505 2.28896236419678 2.43562960624695 2.53850555419922 2.59267377853394 2.49524021148682 1.29625046253204 0.4307621717453 0.0609945394098759 -0.0852920636534691 -0.218331307172775 -0.253419697284698 -0.504236459732056 -0.623927772045135 2.19289445877075 3.0539014339447 0.463097602128983 -1.09575271606445 -1.15692639350891 -1.14257919788361 -1.08442044258118 -0.940874457359314 -0.811060965061188 -0.808548033237457 -0.827848792076111 -0.899967312812805 -1.02322113513947 -0.752999663352966 6.71236944198608 8.22014904022217 5.80528545379639 2.41857647895813 0.703945100307465 1.49693524837494 3.31633448600769 2.89312076568604
3.02197432518005 2.75137805938721 2.43436408042908 2.25287508964539 2.09641146659851 1.83805024623871 1.69623374938965 1.59738004207611 1.75388145446777 2.12944746017456 2.52752947807312 2.65660881996155 2.70539164543152 2.75783252716064 2.74487805366516 2.05410766601562 0.936893343925476 0.408659875392914 0.215817153453827 0.179087772965431 -0.106244303286076 -0.290910094976425 -0.591136336326599 -0.851870834827423 -0.994381189346313 -1.03258383274078 -1.07102811336517 -0.904975950717926 -0.711865782737732 -0.673021554946899 -0.644483923912048 -0.47625145316124 -0.226604774594307 -0.224297106266022 -0.348047345876694 -0.530151426792145 -0.375115990638733 1.34628438949585 6.44377994537354 4.54872274398804 1.95660901069641 1.03890264034271 1.32781612873077 2.95239067077637 2.66512799263
3.11594343185425 2.64801979064941 2.36526465415955 2.19736385345459 1.99508857727051 1.88213443756104 1.65782749652863 1.62708616256714 2.22363805770874 2.41963791847229 2.65503978729248 2.82127547264099 2.89261245727539 2.89621496200562 2.91424870491028 2.61025500297546 1.68333220481873 1.04597783088684 0.776945531368256 0.614984154701233 0.386488527059555 0.00625042384490371 -0.463230460882187 -0.77943342924118 -0.939716994762421 -0.949245750904083 -0.649982810020447 -0.444409757852554 -0.287216424942017 -0.235209509730339 -0.086086168885231 0.140019655227661 0.438169986009598 0.32972115278244 0.167995885014534 -0.00490193162113428 0.119079902768135 0.592882692813873 0.944502234458923 1.10796105861664 1.19566762447357 1.15204381942749 2.29756641387939 2.27342772483826 2.55278158187866
2.99248385429382 2.64349317550659 2.36321306228638 2.09789180755615 1.97214019298553 1.74981665611267 1.63615584373474 1.90242850780487 2.53485298156738 2.70201730728149 2.81404280662537 2.95050716400146 3.02113795280457 3.06332683563232 3.07589507102966 2.94448709487915 2.43492722511292 1.94059145450592 1.58246374130249 1.16932988166809 0.658578634262085 0.126056864857674 -0.224940493702888 -0.517509281635284 -0.626776874065399 -0.524644672870636 -0.272677958011627 0.0620407536625862 0.269173055887222 0.389393419027328 0.619837522506714 1.00496923923492 1.11044597625732 0.864519059658051 0.649227559566498 0.593957543373108 0.906933665275574 1.04149353504181 1.15651226043701 1.27396941184998 1.15978109836578 1.10379540920258 1.37899172306061 2.55460357666016 2.49819660186768
