slauniainen/Data/DEM/Vihti_aspect_cl.asc
NCOLS 196 
NROWS 178 
XLLCORNER 353680 
YLLCORNER 6699024 
CELLSIZE 16 
NODATA_value -3.4e+38 
[rows 100 to 119 of 178, columns 92 to 137 of 196]
324.620544433594 346.042114257812 356.709716796875 18.8427734375 29.9550018310547 20.1518630981445 27.4148712158203 11.9050064086914 22.0636825561523 44.0869102478027 48.7607002258301 42.8580665588379 241.22541809082 233.2744140625 228.874038696289 227.559753417969 218.113815307617 195.372436523438 186.463958740234 182.753814697266 175.252639770508 169.15185546875 163.234344482422 154.538787841797 152.448486328125 156.835250854492 161.067443847656 164.941864013672 166.424163818359 195.467864990234 230.664291381836 217.806091308594 194.510192871094 187.125061035156 187.705001831055 186.741333007812 179.957183837891 187.331573486328 191.649047851562 165.956939697266 132.693450927734 118.361534118652 114.218452453613 114.795074462891 116.41194152832 113.800102233887
315.439025878906 341.107940673828 351.583953857422 27.6212158203125 30.1143264770508 20.9049835205078 47.4683685302734 15.4157562255859 7.93985748291016 49.8132362365723 53.5994987487793 53.0885047912598 320.104614257812 235.840454101562 237.377258300781 236.063003540039 224.946044921875 203.99560546875 187.666290283203 174.582092285156 165.847534179688 163.396850585938 162.428009033203 155.301940917969 148.648727416992 152.60124206543 157.669784545898 157.155624389648 169.856842041016 215.760955810547 220.024917602539 202.414703369141 190.203186035156 199.23698425293 210.448150634766 198.042114257812 184.903945922852 192.001388549805 194.73974609375 184.496124267578 160.858306884766 137.369171142578 123.431091308594 116.705284118652 114.49983215332 113.844909667969
290.089538574219 289.698577880859 303.15966796875 44.0894165039062 33.5044555664062 44.7439994812012 61.0597534179688 40.1137924194336 357.831726074219 48.7798194885254 52.3412704467773 46.2261848449707 21.5188369750977 305.182739257812 231.262283325195 225.930435180664 217.599807739258 204.854309082031 184.253219604492 167.044021606445 162.644943237305 159.244567871094 158.301467895508 155.90673828125 147.761978149414 147.245697021484 159.308502197266 177.417877197266 217.653381347656 231.802139282227 213.408813476562 203.260818481445 202.471878051758 221.406967163086 218.963943481445 194.346252441406 184.174224853516 196.829971313477 199.120178222656 191.356323242188 177.745040893555 161.857849121094 143.048004150391 126.432464599609 114.936019897461 111.425712585449
286.895751953125 282.360900878906 201.96923828125 207.089279174805 74.5068664550781 75.0579147338867 57.0712699890137 48.4168853759766 31.5413856506348 49.2176666259766 52.0461196899414 39.138011932373 25.8761444091797 16.1280822753906 292.928894042969 223.975891113281 215.009216308594 203.182098388672 183.91943359375 167.688903808594 164.391174316406 158.780212402344 153.072372436523 157.367324829102 157.693023681641 169.72102355957 188.059448242188 191.450393676758 211.264984130859 214.931671142578 191.047180175781 187.971282958984 226.500549316406 223.383850097656 211.739654541016 192.572784423828 189.359771728516 203.508926391602 203.023376464844 192.135192871094 183.893096923828 178.598022460938 166.534942626953 146.719848632812 124.604705810547 110.757759094238
279.931091308594 339.447021484375 26.3378486633301 290.490051269531 85.5158920288086 88.7527160644531 79.6924743652344 67.28564453125 58.2625427246094 66.8423309326172 43.1649513244629 34.9803314208984 33.5725631713867 29.5976066589355 26.5088768005371 353.995910644531 222.408065795898 205.176483154297 186.338073730469 170.881652832031 166.37532043457 160.87727355957 151.649673461914 198.388259887695 223.966949462891 185.796539306641 215.254470825195 237.444580078125 244.072525024414 232.568267822266 213.285278320312 212.143249511719 216.001770019531 215.333984375 220.113555908203 204.127578735352 199.002182006836 208.870239257812 206.788604736328 193.567413330078 185.713562011719 187.032104492188 184.235931396484 171.046508789062 147.12646484375 122.941680908203
250.537933349609 239.089752197266 340.146362304688 351.118133544922 81.418701171875 88.2462158203125 82.6657333374023 64.5117797851562 37.7149963378906 24.9044342041016 5.13291931152344 15.9764556884766 37.0391616821289 40.2351341247559 28.0386009216309 20.904182434082 22.365104675293 339.731719970703 219.52702331543 181.143280029297 162.68424987793 180.382568359375 249.762588500977 265.226196289062 255.111328125 220.747100830078 245.970184326172 241.666000366211 231.24169921875 223.496658325195 214.637023925781 218.808288574219 202.569519042969 193.172424316406 193.724060058594 204.300643920898 192.754302978516 210.0654296875 210.761108398438 195.912399291992 184.799560546875 188.800033569336 193.023498535156 187.386962890625 170.669281005859 149.123977661133
233.393783569336 228.866912841797 234.711349487305 147.973983764648 105.225051879883 89.2217864990234 73.0692443847656 49.589168548584 7.13339233398438 13.3282470703125 19.2510223388672 38.0812873840332 71.9033050537109 65.0823364257812 16.4650039672852 13.6596298217773 27.0719718933105 15.2644424438477 14.1509017944336 358.317260742188 351.462432861328 1.69591522216797 341.319061279297 301.096069335938 268.397979736328 237.001586914062 256.508117675781 256.244384765625 229.357955932617 211.920074462891 209.259948730469 209.276840209961 184.580810546875 171.10627746582 178.963821411133 198.836532592773 185.094207763672 179.784530639648 209.81071472168 196.036926269531 183.86393737793 188.76416015625 197.739288330078 195.089477539062 183.740997314453 172.742065429688
236.396759033203 234.884994506836 223.518615722656 181.870666503906 111.374206542969 63.1911544799805 50.0545387268066 37.8559036254883 348.235321044922 338.977996826172 35.1341934204102 55.6806716918945 76.0908813476562 88.662239074707 300.0341796875 356.459350585938 34.1286315917969 11.3700103759766 13.8715972900391 5.63658905029297 356.667358398438 5.90111541748047 10.6067199707031 353.1806640625 355.212738037109 311.559814453125 272.958038330078 245.048751831055 193.985504150391 200.134033203125 210.29296875 199.033721923828 175.987548828125 158.645309448242 163.312652587891 205.754547119141 206.845184326172 180.653228759766 177.996765136719 256.301208496094 234.417953491211 230.976379394531 221.164291381836 202.640625 191.842742919922 187.897644042969
315.135101318359 312.810974121094 309.061767578125 327.897644042969 8.35117340087891 29.3008193969727 29.3982162475586 18.9297103881836 29.0735664367676 330.658538818359 339.6455078125 28.8924903869629 50.3053245544434 66.743408203125 279.821166992188 273.927368164062 343.919769287109 330.073822021484 357.039459228516 8.10443878173828 7.35502624511719 17.3310165405273 14.3916168212891 3.26690673828125 18.5028610229492 9.60235595703125 337.742248535156 327.541900634766 7.79639434814453 18.5126876831055 237.462921142578 201.917556762695 169.477233886719 186.487075805664 5.56541442871094 43.0027465820312 245.774291992188 235.554061889648 236.747924804688 286.197052001953 333.263916015625 335.718994140625 329.887298583984 345.418212890625 244.474243164062 216.80224609375
313.278442382812 328.212707519531 347.664276123047 4.61085510253906 21.3270874023438 32.3629302978516 18.2504501342773 13.696533203125 43.0975456237793 35.5528335571289 290.973937988281 353.615234375 52.0566329956055 55.3616981506348 12.8937454223633 339.903076171875 316.620483398438 309.645843505859 338.227447509766 28.8666572570801 50.2946739196777 30.3284339904785 356.083068847656 356.915771484375 22.6668090820312 22.7541046142578 12.6654281616211 352.297637939453 3.53736114501953 13.9132385253906 354.991333007812 352.304718017578 4.44104766845703 0.777366638183594 348.67724609375 8.50668334960938 342.129333496094 327.310668945312 342.255310058594 317.837036132812 328.090179443359 12.4641723632812 171.155776977539 214.291564941406 289.652099609375 298.650726318359
291.483154296875 298.756042480469 339.961273193359 30.3208084106445 51.5523109436035 57.7827415466309 14.4709396362305 7.28528594970703 44.1647682189941 39.9274291992188 323.002471923828 266.441284179688 69.2888641357422 62.0807266235352 42.7088623046875 6.99515533447266 295.617797851562 271.923828125 269.24560546875 74.8945465087891 32.1972961425781 3.772216796875 345.012390136719 348.173522949219 16.3761978149414 26.5963287353516 21.4181823730469 9.24693298339844 6.990234375 3.1220703125 357.39892578125 353.309600830078 342.675445556641 341.6572265625 3.07746887207031 18.9311218261719 359.534973144531 349.529541015625 349.84716796875 336.888000488281 344.324981689453 25.1754913330078 14.0805816650391 343.312377929688 332.463897705078 352.413238525391
277.136474609375 255.172760009766 221.113235473633 124.295516967773 94.1717910766602 54.8006401062012 7.84455108642578 350.560791015625 29.5943984985352 39.1592826843262 16.2826080322266 338.838317871094 55.1446151733398 56.0315475463867 48.5584335327148 35.3752975463867 321.300018310547 270.255523681641 222.550567626953 139.887420654297 343.217346191406 330.591369628906 308.5185546875 323.516906738281 13.0602645874023 25.4347381591797 23.2522277832031 24.1026382446289 16.9824829101562 352.979888916016 354.275115966797 356.508178710938 313.606689453125 334.604278564453 16.7947998046875 43.9221839904785 6.39237213134766 359.040008544922 350.256103515625 342.006652832031 347.509460449219 9.95382690429688 9.81031036376953 348.874633789062 340.448303222656 6.16912078857422
351.681640625 276.922485351562 220.517013549805 141.564437866211 81.447998046875 45.7299995422363 15.0940856933594 331.955871582031 7.54598999023438 34.2094573974609 27.0606498718262 25.9340438842773 359.537322998047 29.9375457763672 48.7708053588867 38.5378112792969 1.57089233398438 320.652709960938 271.098999023438 295.45849609375 202.070587158203 214.611434936523 232.982711791992 240.997222900391 272.839904785156 3.94966888427734 26.4567794799805 46.1867065429688 31.6053848266602 355.741363525391 348.918762207031 327.483123779297 296.2294921875 318.280090332031 35.1743049621582 64.4361724853516 37.2240104675293 9.39537811279297 347.14892578125 352.728820800781 341.855285644531 350.457794189453 9.35484313964844 335.465026855469 329.825927734375 22.6234283447266
15.8056869506836 27.1840782165527 15.9290771484375 1.26545715332031 32.9799308776855 66.9834747314453 0.498214721679688 297.859832763672 354.453826904297 27.8953056335449 30.7579917907715 41.8321800231934 346.351043701172 49.3037223815918 66.8959655761719 31.8028450012207 19.1016540527344 29.4727478027344 336.496520996094 317.964050292969 22.5035247802734 327.742736816406 301.340393066406 282.069458007812 253.402236938477 255.437377929688 62.4080123901367 66.6728439331055 38.3054046630859 21.5647277832031 6.77225494384766 305.15673828125 290.7685546875 299.18212890625 71.6991271972656 83.9576263427734 66.4527816772461 5.36576080322266 342.068359375 351.0791015625 343.576782226562 350.873992919922 2.17055511474609 326.60009765625 325.343902587891 347.929412841797
26.3000373840332 47.2006225585938 50.3488693237305 339.697631835938 31.169002532959 40.3274078369141 0.149330139160156 327.434356689453 228.77978515625 319.059020996094 38.4295272827148 28.0203094482422 9.78807067871094 73.1015625 94.2558212280273 30.6920013427734 19.913948059082 26.7444877624512 19.0264663696289 13.801872253418 4.08397674560547 335.555572509766 321.614501953125 316.08251953125 234.253753662109 230.868927001953 178.072113037109 74.9591522216797 38.5776100158691 31.4314727783203 331.661987304688 298.773254394531 293.815795898438 301.495483398438 95.8493804931641 95.9291458129883 56.8740386962891 4.77268981933594 359.017547607422 354.954162597656 346.056274414062 353.571899414062 356.928314208984 337.274139404297 327.773406982422 326.989624023438
54.8663063049316 76.3742523193359 78.8962860107422 332.250152587891 20.2747344970703 49.0403594970703 27.3621025085449 52.9983062744141 33.7882614135742 243.275863647461 101.522476196289 359.560974121094 28.3973503112793 56.2132720947266 49.6187973022461 41.6232490539551 295.760589599609 2.77005004882812 22.2407302856445 32.8214073181152 27.5284805297852 316.472595214844 320.911254882812 349.438323974609 346.427368164062 353.845825195312 10.0265808105469 6.29278564453125 353.245086669922 340.458953857422 324.417388916016 304.480346679688 301.507507324219 5.60564422607422 78.9904174804688 71.5890197753906 24.8652038574219 12.6360244750977 9.19551849365234 9.90338134765625 0.579139709472656 4.78267669677734 352.301879882812 329.346160888672 327.526062011719 323.06640625
82.7306976318359 96.3854827880859 107.182861328125 210.026596069336 153.773635864258 112.683784484863 115.46314239502 98.2937545776367 68.072998046875 235.71484375 257.213348388672 292.452453613281 49.08642578125 34.811149597168 26.661018371582 33.860294342041 17.6250305175781 256.39697265625 100.003211975098 76.0151443481445 69.4287261962891 292.185241699219 303.136596679688 327.707458496094 346.136352539062 17.0412750244141 344.104370117188 326.928375244141 337.231750488281 345.354827880859 338.59033203125 322.051330566406 322.965942382812 15.640495300293 47.3664054870605 34.3818855285645 19.5221862792969 15.5760650634766 13.3932647705078 27.5376968383789 17.365234375 3.12199401855469 341.829406738281 328.627746582031 330.726196289062 327.674621582031
88.5511627197266 92.6456069946289 99.9204483032227 124.016174316406 148.491271972656 126.805076599121 101.579612731934 34.3607063293457 21.8833312988281 16.8191757202148 285.690002441406 294.082916259766 2.18519592285156 356.053131103516 16.5429000854492 35.9291801452637 37.0272331237793 28.4956398010254 78.678955078125 87.879997253418 57.7255401611328 330.559448242188 296.132415771484 306.5830078125 350.488494873047 345.146270751953 320.282379150391 326.983642578125 337.501495361328 347.044616699219 345.431640625 334.050567626953 338.171936035156 12.1752624511719 29.2640800476074 14.5916137695312 8.91995239257812 11.6990509033203 10.8972320556641 18.9153060913086 20.6564254760742 7.613525390625 352.56494140625 334.586791992188 333.941497802734 333.682037353516
86.6434783935547 87.3859710693359 74.5401306152344 40.0836143493652 46.3154182434082 37.7161865234375 11.6802597045898 18.718635559082 30.6783332824707 43.9254760742188 286.958129882812 293.821655273438 330.885772705078 346.961181640625 10.7294006347656 35.8417778015137 36.9768753051758 21.8691635131836 15.8060989379883 20.0676727294922 13.6962432861328 0.188644409179688 322.490661621094 291.390777587891 321.175720214844 314.466247558594 315.320892333984 323.603332519531 335.421020507812 348.967163085938 350.356262207031 338.366821289062 341.819702148438 2.8988037109375 12.5313873291016 1.1949462890625 355.087890625 0.508445739746094 5.37413024902344 13.7118530273438 21.6909255981445 20.180778503418 12.4343643188477 358.788940429688 345.760131835938 337.288726806641
80.5089645385742 83.7736053466797 80.5692901611328 30.2542381286621 59.0766372680664 33.617000579834 11.929443359375 47.2157249450684 46.1167106628418 53.4044532775879 288.514190673828 289.916656494141 314.062469482422 354.577026367188 14.4783782958984 36.4955215454102 36.4232330322266 21.2084350585938 17.9753189086914 17.018913269043 9.99526214599609 1.29899597167969 356.385803222656 333.944213867188 314.466064453125 310.837615966797 312.662048339844 322.293395996094 336.266021728516 354.409606933594 355.511413574219 337.062042236328 336.907958984375 351.155090332031 1.81196594238281 354.288513183594 344.545440673828 350.753845214844 4.22237396240234 20.3154907226562 31.7951545715332 30.3849334716797 24.0191879272461 20.2360687255859 8.92022705078125 353.553588867188
