slauniainen/Data/DEM/Vihti_dsm1500b_cl_horizonAngle_222.asc
NCOLS 196 
NROWS 178 
XLLCORNER 353680 
YLLCORNER 6699024 
CELLSIZE 16 
NODATA_value -3.4e+38 
[rows 120 to 139 of 178, columns 135 to 179 of 196]
32.6709976196289 35.9537582397461 32.1881942749023 29.5119915008545 25.9863777160645 19.7121696472168 16.6815299987793 14.6596393585205 12.537202835083 10.4454870223999 10.1202545166016 15.1367568969727 22.8345108032227 14.1155395507812 23.1448669433594 14.0600862503052 18.4465408325195 11.051887512207 12.7382869720459 9.8938627243042 14.317533493042 21.8706111907959 11.8862419128418 18.8011093139648 5.50151681900024 13.8079023361206 19.1386642456055 15.8774919509888 5.41264772415161 3.34063744544983 1.65800738334656 7.00243616104126 6.17896270751953 20.3555030822754 2.58015847206116 2.64061689376831 4.05062580108643 3.9739236831665 6.31196546554565 11.578803062439 2.90830111503601 1.52321267127991 10.5208911895752 6.25443267822266 6.42394828796387
38.6265602111816 43.1093215942383 35.5572891235352 28.3678798675537 25.0738964080811 20.8275718688965 17.8332614898682 15.9986133575439 14.2562379837036 12.4817705154419 9.1595458984375 8.53304672241211 8.28605461120605 8.9497127532959 25.9458522796631 10.5930948257446 13.2815475463867 11.6900339126587 10.4516696929932 20.2134208679199 19.151029586792 27.7470245361328 3.81804728507996 8.54075622558594 7.23176002502441 6.45510530471802 15.1906642913818 9.635986328125 5.35417079925537 2.07091569900513 7.60181283950806 16.7380809783936 2.50807762145996 3.6113600730896 14.4260015487671 4.79514694213867 6.3236870765686 9.15149021148682 2.71209907531738 2.20897054672241 1.88420951366425 0.575381338596344 4.21514368057251 1.4264725446701 1.6162520647049
45.0418243408203 38.0475082397461 45.3288497924805 32.813533782959 26.0856685638428 20.4322490692139 20.2009544372559 17.064661026001 26.7144145965576 24.8091125488281 24.2704620361328 13.8327484130859 8.93220901489258 11.100471496582 14.2278509140015 28.7218418121338 14.2158918380737 13.5589838027954 9.36826992034912 7.1383171081543 5.16271257400513 4.51902723312378 11.0419702529907 8.4903039932251 10.4510135650635 13.2557706832886 14.1484842300415 6.61756324768066 6.03765249252319 11.2040758132935 28.3264064788818 4.59464693069458 20.176965713501 3.3775007724762 11.3974609375 5.29643201828003 3.01448512077332 11.9853258132935 5.84325122833252 7.4881591796875 2.94157958030701 0.809374213218689 1.9359917640686 1.32895410060883 0.850906252861023
39.9022483825684 43.4621810913086 39.5156517028809 41.2743377685547 30.8085231781006 21.1975650787354 18.3782138824463 12.4889717102051 10.8377885818481 10.0632524490356 16.4606742858887 21.4151439666748 25.8912506103516 16.5630321502686 14.1424951553345 15.6738882064819 13.5732936859131 25.9041290283203 8.44394302368164 7.39027881622314 6.46601676940918 15.7040348052979 12.6089324951172 8.95236110687256 3.0032320022583 23.2994651794434 8.57774925231934 8.27408599853516 3.25275301933289 2.44945073127747 13.1226873397827 3.56562876701355 18.4371204376221 6.68664216995239 3.39773559570312 6.17770099639893 2.8681960105896 6.24744081497192 5.21121454238892 3.40084362030029 3.51274561882019 3.4962432384491 1.72177529335022 3.27483820915222 2.31434106826782
25.9021949768066 39.9845924377441 28.6209297180176 33.8609046936035 25.1483631134033 20.731409072876 14.9696941375732 16.8073768615723 20.7541999816895 18.945520401001 9.52897548675537 12.3118467330933 17.2822856903076 14.7794256210327 17.4170436859131 17.4262046813965 11.1503705978394 9.71388626098633 5.86936283111572 5.486412525177 3.060063123703 2.62868452072144 2.08009123802185 11.4578561782837 11.1031789779663 17.4832725524902 8.81645584106445 8.46953868865967 5.28411388397217 8.02366924285889 15.2228298187256 3.56610298156738 13.2909698486328 3.37030410766602 4.42351245880127 7.90383148193359 7.93846035003662 6.07964658737183 3.95451664924622 3.01722526550293 3.58065819740295 2.50041699409485 1.48482573032379 3.16635155677795 17.2702217102051
10.7269649505615 31.9365844726562 28.3538951873779 26.7330474853516 22.186595916748 21.5634803771973 11.2323961257935 9.02811336517334 7.20512962341309 15.9404201507568 19.4160938262939 17.6960296630859 23.3150291442871 19.7891998291016 20.5165767669678 12.6543846130371 9.84637832641602 6.77347898483276 9.46617031097412 3.4639937877655 4.49653339385986 5.30598592758179 1.48034811019897 7.64495325088501 28.7640132904053 12.0614185333252 14.0063915252686 13.5333127975464 8.61282444000244 10.8738842010498 14.3171110153198 3.02366137504578 4.4673810005188 7.01084756851196 10.0481634140015 11.6969814300537 7.09740781784058 7.70909309387207 9.88040351867676 6.02678871154785 10.7924098968506 11.5756397247314 3.45520782470703 0.677749633789062 5.56691837310791
15.0093421936035 22.9482975006104 23.9047679901123 27.9004802703857 24.2183074951172 17.0117816925049 13.3307485580444 7.98888206481934 6.35528802871704 4.64348983764648 27.4024810791016 13.1833333969116 20.7408676147461 23.1373844146729 26.7001323699951 11.0087003707886 32.8833885192871 6.38307428359985 5.65735006332397 2.77963256835938 3.73991322517395 1.71420395374298 1.60239350795746 6.46428871154785 15.1590938568115 6.90926361083984 7.83281993865967 11.5621824264526 18.2615394592285 7.98324775695801 7.91987323760986 8.87353706359863 3.68854761123657 2.91486883163452 3.44065499305725 11.2309503555298 6.70167922973633 12.8258123397827 6.54196214675903 4.58841562271118 2.00437045097351 9.23347187042236 17.1479377746582 6.36888647079468 11.0501756668091
25.62282371521 22.8479270935059 33.2157249450684 25.951452255249 18.5900287628174 26.3875732421875 13.3536796569824 7.13867473602295 5.12080335617065 3.34856200218201 14.0816993713379 9.83212947845459 15.2941303253174 12.001148223877 16.5914058685303 19.7408351898193 26.2133617401123 7.30847358703613 3.21993136405945 2.038578748703 1.74207782745361 12.1380043029785 0.537513136863708 10.7245807647705 11.6731824874878 5.31884145736694 11.2140951156616 6.36542272567749 9.49233245849609 5.17896032333374 11.8853816986084 6.60213470458984 4.52383661270142 4.2535400390625 7.38284635543823 20.4257068634033 4.97118139266968 10.2215843200684 6.45621299743652 5.20372247695923 6.52072954177856 2.15189647674561 5.12815284729004 0.664600849151611 29.2208614349365
27.8119773864746 30.6525440216064 48.1114196777344 20.694974899292 16.055212020874 17.7168216705322 18.908203125 7.2683629989624 4.05992078781128 14.4388914108276 13.1457242965698 2.6532301902771 5.14526987075806 11.7932424545288 8.75579166412354 17.8129711151123 22.6076583862305 10.024640083313 3.47795224189758 2.9247727394104 4.73658275604248 0.747686386108398 1.94995558261871 3.08292150497437 2.96829128265381 8.17532539367676 8.17127418518066 8.31499862670898 11.1635046005249 16.8575019836426 12.9556818008423 5.55604839324951 12.6771783828735 11.3988571166992 10.2692937850952 10.6696872711182 13.2245407104492 8.54915904998779 8.02103614807129 2.04230785369873 5.69577503204346 1.10501885414124 1.00319051742554 -0.570834517478943 -0.247103616595268
14.9465961456299 11.5562524795532 41.4569129943848 19.6136856079102 27.9089031219482 8.74598693847656 10.7899961471558 5.16503858566284 2.16254258155823 1.71240091323853 3.62651872634888 2.46258473396301 2.48561882972717 5.21568727493286 8.74331378936768 19.1474189758301 26.2910442352295 10.5402660369873 8.43199062347412 0.464544415473938 0.812589526176453 0.118404790759087 8.43182563781738 3.4449942111969 1.01899969577789 15.091365814209 17.7805500030518 14.0867099761963 24.4899845123291 8.82097816467285 6.60628271102905 5.22787237167358 4.59188270568848 19.4070911407471 11.6312551498413 17.2776870727539 25.7774772644043 25.2103843688965 11.9380750656128 10.5543355941772 6.78747510910034 0.515720725059509 0.101872116327286 -0.235317572951317 -0.615133166313171
7.47347545623779 17.5919513702393 39.5257415771484 18.3581352233887 19.7107048034668 13.6988515853882 9.04368591308594 5.19646883010864 4.79368829727173 2.072340965271 4.25257539749146 10.8957796096802 18.0974674224854 9.27272701263428 9.49146938323975 11.2101612091064 13.5144357681274 11.0350427627563 4.7817268371582 1.96662580966949 0.462965905666351 0.175663903355598 6.05508708953857 4.2624773979187 0.880927085876465 1.35802161693573 8.55252265930176 3.93119931221008 17.819429397583 13.4805269241333 12.5623178482056 13.9613590240479 2.59833359718323 2.67965745925903 6.57485437393188 4.036696434021 1.60572385787964 8.18188953399658 12.1575012207031 6.69617986679077 3.56861567497253 1.24652230739594 1.27086877822876 -0.373850166797638 -0.213598996400833
6.67519617080688 8.52652931213379 41.9726371765137 11.1003828048706 10.8136281967163 9.66379547119141 7.83408975601196 4.98304796218872 3.55361247062683 2.69347620010376 13.2843971252441 16.034252166748 31.2526626586914 20.9607067108154 13.7025003433228 16.5083808898926 17.302095413208 16.2248229980469 5.98570966720581 1.40433359146118 13.2999057769775 -0.0194968394935131 12.1978006362915 8.30856037139893 2.24783420562744 11.2850732803345 5.2581148147583 4.78443670272827 8.53393173217773 19.9365825653076 9.38747978210449 19.4958553314209 2.77725338935852 1.30457544326782 9.35022354125977 2.0491828918457 1.18004679679871 0.215964317321777 1.34715604782104 10.5987815856934 1.36645841598511 18.1750049591064 13.206995010376 16.1007022857666 12.3908338546753
17.4009056091309 9.45138835906982 11.3651933670044 16.1282176971436 12.1212062835693 10.0805883407593 5.42375373840332 4.8332085609436 7.00889158248901 5.96011304855347 1.97651386260986 5.30504369735718 21.4035129547119 15.1849250793457 13.5340356826782 24.6920471191406 34.6879196166992 26.3502521514893 5.21422433853149 0.533696413040161 0.263367593288422 -0.34564670920372 3.53370547294617 12.0307741165161 26.5296478271484 7.35351800918579 10.8319129943848 21.1603584289551 6.02157211303711 4.64632177352905 7.12791156768799 5.30262041091919 2.90559267997742 2.27336382865906 1.96744167804718 11.1074390411377 2.13086247444153 1.67240869998932 1.63056409358978 2.46676635742188 0.17033651471138 0.00429364340379834 -0.0459441058337688 -0.0280492678284645 1.52742028236389
19.0492191314697 19.1622753143311 16.2487125396729 14.7716617584229 11.6396331787109 10.3186120986938 5.47369337081909 3.71343088150024 2.66379022598267 8.79756355285645 1.9626384973526 1.99746131896973 2.26473832130432 3.34946370124817 5.06542348861694 3.72756123542786 31.1342868804932 21.8425846099854 2.39593625068665 5.84824514389038 0.0480275563895702 6.2178201675415 7.29537725448608 -0.755890786647797 13.7041797637939 7.97252130508423 8.09460735321045 11.1062831878662 21.7346134185791 9.53785133361816 6.89618062973022 12.0727233886719 4.05070495605469 3.15309476852417 8.35400867462158 2.27629542350769 8.56354713439941 5.27353239059448 3.37174248695374 0.280133038759232 0.776348352432251 2.03843998908997 4.11484336853027 2.52411389350891 0.971758723258972
12.7985057830811 6.69635343551636 13.669020652771 14.406213760376 14.1507091522217 19.8918113708496 15.2268371582031 5.75238609313965 2.27028274536133 3.04993295669556 4.50333023071289 6.45753288269043 9.80533885955811 11.8065662384033 12.5439786911011 1.18211877346039 24.9084720611572 21.365047454834 2.19643330574036 0.275228381156921 4.65441846847534 -1.03644573688507 1.89465057849884 8.41971206665039 14.6856327056885 13.1452112197876 17.7676906585693 7.96088457107544 16.9998474121094 7.99084854125977 4.67483234405518 3.78963279724121 4.6959924697876 2.63192629814148 3.34053492546082 11.9516592025757 8.50545406341553 10.1103115081787 7.7992115020752 6.19610595703125 5.45282745361328 5.56775140762329 4.72428035736084 4.49020862579346 6.46943473815918
20.0201091766357 18.7516536712646 24.1655673980713 11.9170036315918 9.10845184326172 4.96388483047485 6.76634073257446 9.1540470123291 4.208815574646 3.15701293945312 2.42408967018127 2.80496883392334 0.906572580337524 2.37651085853577 5.97882556915283 7.20356702804565 13.7997179031372 29.4370536804199 5.37889194488525 -1.15078687667847 8.23980617523193 -0.860622704029083 -1.40458881855011 18.3837413787842 15.8543548583984 15.2992067337036 10.9726428985596 27.959680557251 16.4517631530762 17.4702892303467 14.6572647094727 13.3718023300171 24.6139125823975 10.2906770706177 17.968578338623 11.6845750808716 21.3116645812988 22.8603706359863 9.85896301269531 4.04999732971191 5.63377332687378 6.9111123085022 1.64180111885071 1.74452674388885 1.44858539104462
6.39832305908203 14.7314682006836 8.83884906768799 11.8885850906372 13.3696622848511 8.45138454437256 5.69200277328491 8.20787048339844 3.34535145759583 4.46515941619873 3.68072009086609 1.69636964797974 4.69385862350464 1.02909302711487 13.412880897522 25.0250205993652 7.3714919090271 22.9440956115723 11.7091999053955 -1.27713060379028 3.46711826324463 -1.38009321689606 2.19023251533508 0.384818702936172 3.8205873966217 14.0921802520752 -0.16525936126709 13.620267868042 11.9947090148926 24.4626121520996 18.9028625488281 10.1819124221802 19.6431198120117 32.8216323852539 17.2184925079346 38.1728363037109 40.4291954040527 23.9413986206055 13.1244373321533 4.85775375366211 8.32792949676514 7.4120774269104 2.51572585105896 4.65127086639404 12.3576278686523
4.03461074829102 9.03285694122314 23.2738399505615 21.6361198425293 11.9037017822266 15.8348569869995 8.68379497528076 5.89627933502197 20.3637866973877 3.92551803588867 1.80936753749847 3.37540316581726 8.3056697845459 0.847951591014862 0.632664382457733 4.28354454040527 7.43428039550781 0.149876639246941 -0.920892834663391 -0.385318905115128 0.29425972700119 -1.67131388187408 -1.56112611293793 -0.695551633834839 -0.451175481081009 13.6376161575317 0.424045294523239 4.60801410675049 5.40195274353027 22.9951992034912 17.0712985992432 9.57834243774414 2.46526551246643 30.8647232055664 1.26040315628052 0.954973638057709 26.1407604217529 30.4752826690674 14.6315813064575 11.5139665603638 8.87161827087402 3.64695572853088 1.67081344127655 1.28319203853607 1.99065494537354
12.4242563247681 4.91470050811768 17.2154197692871 18.4034748077393 18.7600593566895 9.76698589324951 10.006254196167 3.05110311508179 7.48961448669434 3.49464106559753 4.14390087127686 2.91635537147522 6.88110494613647 4.17789697647095 1.22172069549561 1.08769690990448 1.86886286735535 4.39083766937256 0.352386832237244 -0.869783580303192 -0.744860827922821 -1.15389716625214 0.466856777667999 -0.0657656192779541 -0.296755820512772 -0.0731417834758759 0.26654040813446 3.47817420959473 8.05502033233643 19.9750003814697 12.9740390777588 5.12162923812866 3.84808969497681 1.22054922580719 0.986251771450043 0.675234854221344 14.3342094421387 26.2027130126953 20.0253295898438 19.1586227416992 6.52198791503906 2.81564331054688 1.88353490829468 2.54111742973328 13.8878784179688
5.74082279205322 2.56781339645386 11.1375293731689 10.7623462677002 17.6165370941162 13.9530229568481 11.1780300140381 8.4879150390625 6.77203607559204 5.93045043945312 1.69649088382721 12.81884765625 4.3758339881897 7.76314973831177 1.34557771682739 15.2690525054932 31.4908962249756 5.26405811309814 1.20299136638641 0.0528543554246426 -0.592217266559601 10.2337770462036 11.0936727523804 8.85100936889648 3.8674464225769 0.728268504142761 0.560422539710999 0.456045657396317 3.04109859466553 10.0435962677002 3.15164542198181 5.64611101150513 1.32462847232819 1.25265145301819 13.0285778045654 8.99412631988525 16.2724704742432 33.9648246765137 27.8770275115967 18.3751182556152 6.27243232727051 3.35327005386353 2.54253625869751 1.8106472492218 7.64070844650269
