slauniainen/Data/DEM/Vihti_dem1500b_cl_horizonAngle_6.asc
NCOLS 196 
NROWS 178 
XLLCORNER 353680 
YLLCORNER 6699024 
CELLSIZE 16 
NODATA_value -3.4e+38 
[rows 20 to 39 of 178, columns 45 to 89 of 196]
4.89090490341187 6.31898164749146 2.47988533973694 3.17695808410645 8.63118362426758 8.67911338806152 6.61917400360107 2.79580688476562 5.14158058166504 9.52705574035645 11.9935846328735 11.9336557388306 7.14112901687622 3.66505932807922 2.78251457214355 1.27166700363159 0.8611661195755 1.71856904029846 2.63268613815308 4.04993677139282 6.28356838226318 6.96735286712646 7.5780463218689 11.6131734848022 17.9202194213867 9.88436698913574 10.9674301147461 10.493577003479 10.1287240982056 8.76417064666748 7.94021224975586 7.95824384689331 7.83137178421021 7.35670757293701 6.94166946411133 6.2652473449707 5.50867938995361 4.4825587272644 4.50353288650513 4.7942099571228 5.14955472946167 5.42006826400757 4.92741060256958 4.24856519699097 4.52569675445557
10.2128553390503 15.3114156723022 13.7359552383423 14.5913219451904 12.7822742462158 13.3156089782715 12.2615232467651 15.3738431930542 14.3069429397583 14.8596029281616 14.6159591674805 9.81541156768799 5.05251359939575 3.29055333137512 1.70762491226196 0.707882165908813 0.570203006267548 0.983634352684021 2.04727697372437 3.5097222328186 5.06000900268555 6.89880800247192 12.7980709075928 19.9333648681641 14.5485324859619 9.86823081970215 10.4416341781616 8.84734535217285 8.5241174697876 8.29248905181885 7.35173654556274 7.34409952163696 7.18990182876587 6.82880449295044 6.47794532775879 5.83164834976196 5.22965431213379 4.35092926025391 4.34934186935425 4.64993572235107 5.00520038604736 5.204758644104 4.74595594406128 3.9195020198822 4.29845142364502
13.0842790603638 14.4780292510986 15.0768222808838 13.9051189422607 13.5837268829346 15.1049394607544 16.1270618438721 16.9064903259277 16.5336074829102 14.6485443115234 12.7128143310547 7.98149967193604 3.94133400917053 2.85743355751038 1.29043018817902 1.16348576545715 2.47797656059265 0.974423348903656 1.56803286075592 3.33780956268311 4.84953308105469 7.53734445571899 18.5502986907959 16.1054019927979 13.6261310577393 10.7324171066284 8.80071926116943 8.12397193908691 7.75272178649902 7.75726842880249 6.88047027587891 6.88442230224609 6.74465036392212 6.50214195251465 6.14203405380249 5.44141244888306 4.83761119842529 4.23952960968018 4.24619293212891 4.48304748535156 4.81237840652466 4.99832582473755 4.58634185791016 3.82524991035461 4.13741588592529
9.30317974090576 13.3142375946045 14.9397439956665 14.5554180145264 13.0167369842529 16.5546703338623 16.1177062988281 15.7568321228027 14.9748582839966 13.7779607772827 11.4288558959961 7.40523958206177 3.72854495048523 2.81676936149597 4.60554170608521 7.47568655014038 9.52806568145752 9.23930358886719 5.16071367263794 3.01504254341125 4.73185539245605 14.1751670837402 15.0796871185303 14.7945318222046 12.7675666809082 10.609375 9.10298824310303 7.90694046020508 7.58309459686279 7.25548028945923 6.55722761154175 6.60593843460083 6.43720293045044 6.11107635498047 5.68347358703613 5.05064535140991 4.59512281417847 4.09214019775391 4.08020496368408 4.28258657455444 4.62079238891602 4.8127589225769 4.43482303619385 3.73040509223938 4.10750675201416
8.37661838531494 12.4324026107788 15.8592195510864 17.4661598205566 18.2731094360352 15.8620252609253 14.9262762069702 14.1849517822266 13.2523622512817 12.2819290161133 10.1167306900024 6.99634265899658 8.66886043548584 9.97823143005371 14.5628395080566 17.166036605835 18.6830158233643 18.7155208587646 21.2129020690918 22.6408061981201 23.2827968597412 14.6762113571167 13.2348794937134 13.6570892333984 10.9635095596313 10.3970327377319 9.91717624664307 7.87532615661621 7.28021001815796 6.95730972290039 6.29915571212769 6.30093479156494 6.06003522872925 5.71203279495239 5.37543487548828 4.77985334396362 4.30759000778198 3.917729139328 3.90290498733521 4.09179353713989 4.46152019500732 4.64455413818359 4.29688167572021 3.84272122383118 4.31449127197266
12.6421461105347 14.5848741531372 17.5819568634033 19.8987827301025 18.2195987701416 14.6315431594849 12.8024101257324 11.4463424682617 10.8765306472778 9.54132461547852 7.13325452804565 5.63969850540161 8.07061100006104 11.6906127929688 15.4776287078857 16.7204074859619 15.9247121810913 16.0544338226318 17.5069961547852 18.4269771575928 18.48193359375 13.9268178939819 12.770318031311 11.3088188171387 10.6901512145996 10.1053647994995 9.39678192138672 7.69341278076172 7.06955766677856 6.66403961181641 6.03756380081177 6.01692056655884 5.74100637435913 5.28512287139893 4.96378517150879 4.47358989715576 4.05080318450928 3.77105808258057 3.75113534927368 3.93356323242188 4.33217477798462 4.5037841796875 4.17666530609131 3.80011248588562 4.24936199188232
15.8259191513062 15.1690168380737 15.2938432693481 15.7716684341431 14.7840938568115 11.9494123458862 10.0357065200806 9.08396911621094 8.59374809265137 7.70453596115112 5.67586946487427 4.69619989395142 6.43990325927734 8.93836307525635 11.986909866333 13.4524173736572 14.1878528594971 15.1093111038208 17.2174129486084 17.9927310943604 17.6358051300049 15.0564289093018 13.7860994338989 12.3119163513184 10.1735286712646 9.50594902038574 8.46230316162109 7.47092008590698 6.83150148391724 6.37743473052979 5.82579708099365 5.57356643676758 5.2431492805481 4.83151435852051 4.25241279602051 3.76836276054382 3.56139659881592 3.64945030212402 3.72012329101562 3.85529708862305 4.20673656463623 4.3804874420166 4.05994510650635 3.70205616950989 4.13144588470459
11.4217443466187 13.0491514205933 13.2928915023804 13.0499029159546 12.0569677352905 9.72224807739258 8.59134578704834 7.64779233932495 7.47995519638062 6.76056146621704 5.02048397064209 4.01421546936035 5.57194089889526 8.88641357421875 10.545334815979 11.5675802230835 13.2135152816772 14.9108905792236 16.9957962036133 17.7173442840576 17.1492195129395 14.5518598556519 13.0050468444824 11.1362714767456 9.97275257110596 8.87380790710449 7.83762502670288 7.23480176925659 6.60295820236206 6.13548135757446 5.57329368591309 5.28577661514282 5.04298257827759 4.66655492782593 4.09740924835205 3.62489557266235 3.49134945869446 3.50389552116394 3.63828277587891 3.99757099151611 4.18228530883789 4.22388601303101 3.8481810092926 3.58887267112732 3.98506021499634
11.1907386779785 11.9399852752686 11.9897165298462 11.0156841278076 9.94281101226807 8.11514377593994 6.72071409225464 5.93644332885742 6.23763275146484 5.83298254013062 4.52454948425293 3.66432237625122 4.65590858459473 8.05869770050049 10.2404470443726 10.3304815292358 11.8591709136963 14.1531438827515 15.1912145614624 14.8419857025146 14.3368587493896 13.4107265472412 12.2749710083008 11.0940618515015 9.95550632476807 8.49421787261963 7.42290306091309 6.83477783203125 6.23447513580322 5.779700756073 5.27125406265259 5.03395986557007 4.8254132270813 4.4904727935791 3.95241236686707 3.48537397384644 3.40001797676086 3.39820313453674 3.54547691345215 3.90979242324829 4.06153678894043 3.77291107177734 3.41739821434021 3.47401523590088 3.84909749031067
14.5354776382446 11.4965353012085 11.1755523681641 9.94718170166016 8.63637065887451 6.17886734008789 4.53319692611694 3.59633946418762 3.95482277870178 4.44456243515015 3.67214012145996 3.2236921787262 3.51027584075928 7.25485324859619 9.16938400268555 9.66776561737061 10.9062061309814 13.44020652771 14.17209815979 13.8556642532349 12.8376331329346 12.1296186447144 11.7231225967407 10.2871742248535 8.75852108001709 8.23200035095215 7.23583078384399 6.47053813934326 5.71448707580566 5.18113851547241 5.06768751144409 4.80857467651367 4.61223983764648 4.29799270629883 3.79682874679565 3.34591841697693 3.30948066711426 3.31117486953735 3.4450695514679 3.79132032394409 3.93429136276245 3.63901543617249 3.14818072319031 3.37297129631042 3.71798300743103
12.4864730834961 10.9676475524902 10.4268856048584 8.82645606994629 7.16152286529541 5.16453456878662 4.16515493392944 3.2332661151886 3.03188443183899 3.03812694549561 2.7010931968689 2.72501564025879 3.17499184608459 6.29638004302979 7.9583477973938 8.60225009918213 9.66229343414307 12.3438291549683 13.8205070495605 13.2583150863647 11.7804441452026 11.0678644180298 10.7705154418945 10.0481786727905 8.5516242980957 7.92829084396362 6.99061298370361 6.03909635543823 5.52192401885986 5.02744197845459 4.91661071777344 4.62089443206787 4.42471218109131 4.10721302032471 3.63833379745483 3.20872092247009 3.20949459075928 3.20941734313965 3.3432924747467 3.66709399223328 3.81081438064575 3.53401303291321 3.05017614364624 3.27167105674744 3.60792064666748
10.9903888702393 10.5480184555054 9.82694149017334 8.02945709228516 6.76960229873657 5.1585841178894 5.30048990249634 3.22991371154785 2.73047089576721 2.51099610328674 3.22140669822693 4.95658826828003 3.02941656112671 5.37145376205444 6.9117693901062 7.79030990600586 8.64554119110107 10.5661897659302 12.5788011550903 12.3518228530884 10.9195861816406 10.7729167938232 10.5221853256226 9.43445014953613 8.0067024230957 7.17476081848145 6.19789791107178 5.7531852722168 5.359619140625 4.91051387786865 4.77058267593384 4.49601984024048 4.26194286346436 3.939857006073 3.47708511352539 3.08002066612244 3.12333011627197 3.10844993591309 3.22676634788513 3.54917430877686 3.68476414680481 3.42907166481018 2.96734189987183 3.16418766975403 3.50070762634277
10.4911804199219 10.4146890640259 9.49898242950439 7.69230270385742 6.43144273757935 5.06362056732178 4.01156759262085 2.98232746124268 2.58910775184631 2.708909034729 6.65823268890381 7.03571653366089 7.4039363861084 10.4326400756836 11.6874303817749 9.0336389541626 8.58221530914307 9.99973106384277 11.51891040802 11.2139291763306 10.5160341262817 10.2130746841431 9.81958961486816 8.76653957366943 7.24596166610718 6.23745536804199 5.88553190231323 5.47607088088989 5.1623363494873 4.76106071472168 4.64474582672119 4.3667631149292 4.13582515716553 3.79634547233582 3.34194588661194 2.96112322807312 3.03013253211975 3.02561044692993 3.12724995613098 3.42622566223145 3.56038379669189 3.31680846214294 2.88635873794556 3.06968879699707 3.3865430355072
12.3277711868286 11.8104219436646 9.46243572235107 10.0233821868896 10.5219173431396 7.60220575332642 5.57608938217163 5.03901290893555 14.4208335876465 17.2112693786621 10.7993898391724 9.22370529174805 10.9781856536865 11.3792705535889 12.7612781524658 15.3181381225586 13.996470451355 10.9279527664185 10.6820278167725 10.8661136627197 9.81625461578369 9.5045166015625 9.14909934997559 8.15457153320312 6.59472608566284 5.79911613464355 5.57835578918457 5.20437097549438 4.93020486831665 4.62355995178223 4.47863292694092 4.25872230529785 4.02192449569702 3.68410038948059 3.2417471408844 2.87864351272583 2.93988966941833 2.94370722770691 3.03567934036255 3.30727338790894 3.44131684303284 3.2084014415741 2.85219097137451 3.09813690185547 3.2822699546814
12.2631406784058 11.6929578781128 14.4388341903687 19.256591796875 18.0671901702881 18.9666938781738 22.8770046234131 28.335485458374 24.0063323974609 16.806884765625 13.1854572296143 12.8463983535767 11.4558820724487 10.9414310455322 11.4659547805786 13.3381795883179 12.3771162033081 9.77905082702637 10.538143157959 10.2540035247803 9.16358852386475 8.86334037780762 8.31217670440674 6.82716417312622 6.16886949539185 5.42764711380005 5.25177574157715 4.92242288589478 4.69446849822998 4.47020244598389 4.33061981201172 4.0962815284729 3.77299046516418 3.4608952999115 3.0821418762207 2.81207680702209 2.86225128173828 2.86952018737793 2.95209431648254 3.19783759117126 3.32562017440796 3.10650777816772 2.87114143371582 3.17953014373779 3.23300385475159
11.6599397659302 11.0227203369141 13.5944128036499 16.7596549987793 18.1955375671387 20.293773651123 23.8837985992432 25.6518077850342 21.7759857177734 25.1188220977783 19.6959037780762 13.5557155609131 12.0314702987671 10.6597232818604 11.4608316421509 11.6103601455688 10.6185731887817 11.2070121765137 9.99946784973145 9.47132873535156 8.46698379516602 7.9511022567749 7.01616621017456 6.09176683425903 5.77583789825439 5.07234621047974 4.95160245895386 4.63196802139282 4.44539976119995 4.35029602050781 4.08975410461426 3.86114478111267 3.58385610580444 3.18131184577942 2.75185751914978 2.76441073417664 2.80369853973389 2.83691382408142 2.87808394432068 3.10379576683044 3.21036767959595 2.98881697654724 2.7745349407196 3.06729984283447 3.1466965675354
10.9618272781372 10.5054702758789 12.5816974639893 15.4422330856323 17.4443550109863 19.3663101196289 21.5906372070312 24.2099666595459 22.8581237792969 22.140588760376 19.7477245330811 13.4118709564209 13.2271604537964 13.3069152832031 10.5310087203979 11.079005241394 11.2455596923828 9.42821884155273 9.23558139801025 8.64563083648682 7.72626781463623 7.31831502914429 6.43824291229248 5.68869209289551 5.39689636230469 4.77541732788086 4.66588830947876 4.3768367767334 4.21619844436646 4.21905708312988 4.01729679107666 3.79483222961426 3.50424075126648 3.13088846206665 3.40855431556702 2.73149394989014 2.75987815856934 2.82143974304199 2.86902475357056 3.02178931236267 3.1092324256897 2.8668520450592 2.65221357345581 2.93994975090027 3.00905871391296
10.0610504150391 10.7895317077637 13.3878498077393 14.9309177398682 15.8964376449585 17.98464012146 19.7007389068604 21.5411739349365 19.8889293670654 17.9824028015137 16.5060596466064 14.4883766174316 11.9564065933228 11.2513341903687 12.5497703552246 9.35138893127441 8.71116924285889 8.7295970916748 8.45570755004883 7.86156988143921 7.04300880432129 6.81890821456909 6.04745721817017 5.37419986724854 5.09153842926025 4.51059722900391 4.41206312179565 4.11487627029419 3.97814965248108 4.06595134735107 3.97143340110779 3.77610373497009 3.47338342666626 3.08773446083069 2.91078758239746 3.74801135063171 2.7253303527832 2.77340054512024 2.95217394828796 3.01953864097595 2.96866464614868 2.65994071960449 2.53553152084351 2.79868125915527 2.86013174057007
10.0231294631958 10.4394197463989 12.806113243103 14.3326683044434 15.6853923797607 17.1666660308838 18.4388122558594 16.8722343444824 15.2819929122925 14.6093273162842 14.0673208236694 12.7768239974976 11.9179964065552 11.0868310928345 9.22753143310547 8.17609691619873 8.13090801239014 7.79995346069336 7.24275588989258 6.64289474487305 6.63233947753906 6.42340612411499 5.71338319778442 5.10513019561768 4.8368182182312 4.2474308013916 3.99164938926697 3.69893884658813 3.720130443573 3.82561206817627 3.84879922866821 3.73916602134705 3.45779919624329 3.06115174293518 2.77292776107788 2.98900389671326 2.98388171195984 2.73190760612488 2.91015720367432 2.96239924430847 2.71267437934875 2.33867120742798 2.44871473312378 2.67932343482971 2.71746516227722
9.91003227233887 9.94140434265137 11.9468574523926 13.2683391571045 14.2749814987183 15.9128561019897 17.6197280883789 16.5091018676758 15.1541900634766 14.7075395584106 13.0603647232056 11.9605875015259 10.4067058563232 8.80982685089111 7.77605962753296 7.62527322769165 7.53526735305786 7.25070953369141 6.75781011581421 6.28068923950195 6.30107593536377 6.09084892272949 5.43902492523193 4.88550424575806 4.62838888168335 4.04687595367432 3.72431254386902 3.53840756416321 3.57186460494995 3.63570356369019 3.64958572387695 3.63749980926514 3.41520762443542 3.03243470191956 2.73563814163208 2.75446343421936 2.72032594680786 2.72338056564331 2.87477588653564 2.9241771697998 2.66273188591003 2.29198169708252 2.39671015739441 2.59959483146667 2.60152006149292
