slauniainen/Data/DEM/Vihti_dem1500b_cl_horizonAngle_102.asc
NCOLS 196 
NROWS 178 
XLLCORNER 353680 
YLLCORNER 6699024 
CELLSIZE 16 
NODATA_value -3.4e+38 
[rows 120 to 139 of 178, columns 135 to 179 of 196]
6.059814453125 6.60689640045166 6.67527532577515 7.03188037872314 7.25439882278442 7.37357473373413 7.52044534683228 7.48699235916138 7.29388380050659 7.57690858840942 7.9183874130249 8.28723239898682 8.26103687286377 8.16877460479736 8.13768672943115 7.99921703338623 8.84051704406738 9.22640419006348 9.77210712432861 10.1391324996948 10.2445983886719 11.662558555603 12.9173059463501 14.1239776611328 15.5721416473389 15.3958377838135 14.7367630004883 12.8536825180054 8.90993976593018 0.137368500232697 -2.50479030609131 -2.33145618438721 -1.73393142223358 -0.512241899967194 0.721955418586731 1.75384426116943 2.51762747764587 3.19922041893005 3.83498024940491 4.22089624404907 3.62779402732849 2.84446358680725 1.56113135814667 0.690553307533264 -0.269845128059387
5.78525161743164 6.02311658859253 6.70838499069214 7.10402488708496 7.44178152084351 7.59242057800293 7.76038408279419 7.57820892333984 7.7966742515564 8.11551761627197 8.41730403900146 8.77182769775391 8.89203834533691 9.040696144104 9.53552341461182 10.203104019165 10.4556484222412 10.4657049179077 10.3943586349487 11.707389831543 13.6839418411255 15.597375869751 15.6472253799438 14.5835304260254 12.2837829589844 11.1705713272095 11.4034385681152 8.1716480255127 1.79324042797089 -2.99159574508667 -2.72582674026489 -2.40913510322571 -1.63982284069061 -0.419299423694611 0.587436854839325 2.25472545623779 2.92172193527222 3.53446388244629 4.24148797988892 5.61589622497559 7.20938730239868 3.62504553794861 1.10741817951202 1.28162145614624 -1.84992682933807
5.07367658615112 5.9359712600708 6.65677165985107 7.18041038513184 7.52704238891602 7.59420680999756 7.82505035400391 7.66786050796509 7.85470914840698 8.14540481567383 8.42067050933838 8.79983901977539 8.93834781646729 9.61831378936768 10.2584590911865 11.0746145248413 11.2116050720215 12.1555337905884 13.5713405609131 15.5974607467651 18.5665016174316 18.0813369750977 18.0812644958496 10.5543985366821 7.04011154174805 5.71718788146973 5.29174041748047 2.89882445335388 -2.84306645393372 -3.0642101764679 -2.80518865585327 -2.20800089836121 -1.62910187244415 -0.687011361122131 0.487792909145355 1.6963769197464 2.16835641860962 2.62634778022766 3.06567740440369 5.24821996688843 6.72482585906982 6.15969324111938 0.582267224788666 -1.06519556045532 -1.74894607067108
3.60086727142334 5.74906826019287 6.54661226272583 9.32191562652588 9.7407922744751 8.0958833694458 7.78014278411865 7.63541126251221 7.75027561187744 7.97364234924316 8.31685543060303 8.00831031799316 8.81527805328369 9.53835868835449 10.2646999359131 11.0921669006348 11.4241542816162 12.5902605056763 14.1545143127441 16.1710643768311 18.6955680847168 19.7824478149414 21.3705825805664 3.60657429695129 2.70974063873291 3.50440096855164 -0.6811563372612 -2.66047501564026 -2.9815411567688 -3.04204964637756 -2.49379014968872 -1.87911331653595 -1.45181477069855 -0.744407773017883 0.19632351398468 0.614538788795471 0.846393942832947 1.07369899749756 1.96353876590729 3.47552108764648 4.79780864715576 5.20198392868042 0.0154908690601587 -1.78186774253845 -1.56681835651398
1.46764969825745 4.56478500366211 6.9287314414978 10.6522798538208 13.7058553695679 10.0572385787964 6.69524765014648 6.98756504058838 7.35031938552856 7.7074761390686 7.58417367935181 8.29258346557617 8.95394515991211 9.79254531860352 10.3105411529541 10.0388345718384 11.7134981155396 13.7757396697998 16.1189060211182 15.7224216461182 16.5318946838379 17.5621662139893 15.1011962890625 4.10283422470093 -1.79501664638519 -1.77868592739105 -1.76409924030304 -1.6616382598877 -1.83136594295502 -2.04111814498901 -1.36112463474274 -0.645376741886139 -0.372162908315659 -0.391710519790649 -0.0306085329502821 0.183673024177551 0.45585697889328 0.791636824607849 1.47993671894073 1.6769335269928 1.65793430805206 0.946687340736389 -1.73534560203552 -1.59707224369049 -1.40823411941528
0.682146847248077 3.43455076217651 8.25277137756348 13.229344367981 17.6894931793213 14.6813898086548 10.2082509994507 5.41469526290894 5.99512767791748 6.74549055099487 7.4374418258667 8.24120998382568 8.9212818145752 9.69794940948486 9.52994251251221 10.9927816390991 13.1543884277344 16.3497772216797 16.5529651641846 15.5202512741089 14.3388500213623 10.1360445022583 10.2804250717163 -1.40722751617432 -1.35152852535248 -1.12978708744049 -0.541153430938721 -1.27460610866547 -1.33399212360382 -1.08166909217834 -0.24292841553688 0.760252058506012 1.33880352973938 1.06673502922058 1.1703405380249 1.39987921714783 0.892938375473022 0.63199907541275 1.1782054901123 1.13890695571899 0.109200932085514 -0.911999106407166 -1.67022490501404 -1.54186618328094 -1.3545902967453
0.620643198490143 3.00944948196411 6.8147759437561 11.5701513290405 16.7294368743896 19.2445259094238 22.1940765380859 3.69978189468384 4.17668724060059 5.1883339881897 6.25710344314575 7.21356391906738 8.10950183868408 8.55131816864014 9.32883930206299 10.305495262146 12.0208711624146 14.2427053451538 14.9667739868164 19.0086135864258 9.03010749816895 7.17372798919678 -1.37247216701508 -1.255939245224 -0.0237007550895214 2.32931303977966 0.32710787653923 -1.22684800624847 -0.970418155193329 -0.36853015422821 0.490051865577698 1.66930890083313 2.11969971656799 2.31919574737549 2.73380279541016 3.16715574264526 3.07718062400818 2.14784646034241 2.58906960487366 3.08855843544006 3.34820294380188 1.68924844264984 -1.3681892156601 -1.59132146835327 -1.39181876182556
0.205896928906441 1.82521426677704 4.75805807113647 8.92420291900635 12.4064931869507 19.4791088104248 26.0861148834229 6.62615585327148 2.48867392539978 3.50388765335083 4.490647315979 5.62339687347412 6.51928281784058 6.83837604522705 7.69801330566406 8.62764739990234 10.5513381958008 12.1646203994751 14.1241502761841 17.1621704101562 8.85884189605713 -1.42178082466125 -1.80590999126434 -1.10491442680359 0.469742566347122 2.60326862335205 3.03094840049744 -1.17741894721985 -0.773762047290802 -0.0407526604831219 0.773789584636688 1.79704988002777 2.64321255683899 3.24786448478699 3.84496355056763 4.43557357788086 4.0240626335144 4.60256052017212 5.59155225753784 6.54327583312988 6.61832237243652 5.49213743209839 2.09500241279602 -1.87296855449677 -1.67432284355164
-0.482094019651413 0.8708615899086 3.58494997024536 6.68839359283447 9.80017948150635 13.3778524398804 19.6512355804443 13.3368988037109 2.19653916358948 2.23571157455444 2.65304374694824 3.21445035934448 4.35387372970581 5.10471773147583 6.07143020629883 7.49974536895752 9.57004737854004 11.2584476470947 13.3819637298584 14.168360710144 5.30606985092163 -2.32299375534058 -2.1170802116394 -1.20823049545288 0.0410494282841682 0.127587720751762 -0.838031768798828 -1.32465982437134 -0.59283858537674 0.0564576610922813 0.773816645145416 1.45407247543335 2.22827482223511 2.72679781913757 3.78810095787048 4.45580720901489 5.27427387237549 6.13543891906738 7.11267423629761 8.1866340637207 8.85834980010986 7.75877475738525 3.48869562149048 -1.23399698734283 -2.08338499069214
-1.1739753484726 0.38390189409256 3.45256423950195 5.61896181106567 8.04393672943115 10.9480104446411 13.0191230773926 11.9625778198242 4.9346227645874 1.93976044654846 1.47219693660736 1.54544293880463 1.93123626708984 3.21825051307678 4.44439125061035 6.01377487182617 7.85368251800537 9.66989231109619 13.869987487793 12.0594701766968 0.261157304048538 -2.52371287345886 -2.31207489967346 -1.74731719493866 0.291455328464508 -0.260856777429581 -1.92809474468231 -1.76417768001556 -0.858495652675629 -0.269164592027664 0.289366871118546 1.6516284942627 0.9864621758461 1.68797338008881 2.71761083602905 3.5063054561615 5.27486753463745 6.10805892944336 7.03399753570557 8.28470230102539 10.5815000534058 12.7698793411255 8.03762531280518 -2.43011736869812 -2.26839876174927
-1.4240550994873 -0.275453567504883 2.35312104225159 5.17504787445068 7.73223209381104 9.86750507354736 9.68795871734619 9.70746517181396 4.9129433631897 2.52448391914368 1.44044172763824 0.751300036907196 0.899072825908661 1.61263847351074 2.65331745147705 3.99158763885498 5.25503063201904 7.61109066009521 10.7268781661987 10.3035936355591 -1.2562255859375 -2.55930590629578 -2.44816613197327 -2.24198055267334 -1.4970006942749 -1.6100527048111 -2.07604384422302 -1.86513257026672 -1.11381840705872 -0.662343740463257 -0.290826946496964 0.364617884159088 -0.169351279735565 0.816395103931427 0.969819962978363 1.94582426548004 3.91013026237488 4.50530004501343 4.863365650177 5.77690076828003 8.42347526550293 12.0860786437988 13.2705583572388 -0.742509305477142 -2.38087797164917
-1.39116227626801 -0.511685788631439 1.46236562728882 4.83605289459229 7.37378597259521 9.31612777709961 8.57170104980469 9.06333446502686 3.75882482528687 2.3524968624115 1.03720116615295 -0.249832704663277 0.150041297078133 0.523170411586761 1.41810953617096 2.62550830841064 3.91724872589111 4.91657495498657 6.34788608551025 6.24042940139771 0.522850155830383 -2.74866962432861 -2.67502474784851 -2.15978264808655 -2.08720707893372 -1.96644842624664 -1.85971689224243 -1.59826791286469 -1.02525222301483 2.09085774421692 -1.08526849746704 -0.937442004680634 -0.472810238599777 0.156764179468155 0.273547351360321 0.89384263753891 4.61375284194946 5.4531717300415 2.25973439216614 2.95955801010132 4.36770391464233 9.69859981536865 12.1677532196045 5.57354545593262 -2.34604167938232
-1.94078361988068 -1.32223176956177 -0.507475972175598 3.86999320983887 7.0297064781189 9.02231407165527 8.36830043792725 9.09900569915771 2.14411520957947 1.18641650676727 1.22792851924896 0.953624904155731 -0.575434625148773 -0.540457904338837 0.256466299295425 1.7264918088913 3.00983333587646 3.53216314315796 3.17992687225342 2.81635737419128 -0.124828338623047 -2.83435082435608 -2.72085428237915 -2.33916711807251 -2.22302317619324 -2.02268648147583 -1.81804990768433 -1.46885919570923 -0.881877422332764 -0.126945689320564 0.378933370113373 -0.793356478214264 -0.483252495527267 0.140983238816261 0.662430644035339 1.13087272644043 6.06778860092163 7.59324026107788 1.9296727180481 0.828675806522369 2.09724235534668 6.01586008071899 7.12907838821411 6.7382984161377 -2.02059745788574
-2.28605914115906 -1.7949606180191 -0.902644634246826 2.42945146560669 7.09225368499756 7.42444705963135 6.99365091323853 8.10822296142578 0.0986639261245728 -0.0466417372226715 0.123271062970161 -0.0245098453015089 -0.00376371387392282 -0.675936281681061 -0.671503245830536 0.313120633363724 1.25383508205414 2.51184463500977 2.28809833526611 0.181573137640953 -2.63903856277466 -2.98660683631897 -2.88136124610901 -2.69729804992676 -2.54369616508484 -2.38060808181763 -2.15731477737427 -1.53349995613098 -0.993268251419067 -0.788898468017578 -0.479500979185104 -0.0300255082547665 -0.064236007630825 0.631758689880371 1.09657406806946 1.56294941902161 2.3249626159668 3.43837738037109 3.47277188301086 2.07503318786621 2.40530204772949 3.77415347099304 5.36388206481934 6.04932308197021 -0.487035393714905
-2.0439932346344 -1.80121576786041 -0.620061874389648 4.8797173500061 8.60406303405762 12.008563041687 3.58079743385315 2.30274605751038 0.00478113256394863 -0.398019522428513 -0.340072423219681 -0.261571884155273 0.277002990245819 0.0630016401410103 -0.0115278251469135 0.372716277837753 0.647175550460815 1.64518928527832 1.22960042953491 0.0622639805078506 -0.586840510368347 -0.233034163713455 -1.34122288227081 -3.02621698379517 -2.80781531333923 -2.65793871879578 -2.32137632369995 -1.51281607151031 -1.14289534091949 -0.84464693069458 -0.566490948200226 -0.296071767807007 0.284923940896988 0.638353288173676 0.883165657520294 1.16804337501526 2.09042859077454 2.75913619995117 3.12282514572144 3.6708402633667 3.51776504516602 4.1102409362793 4.60151100158691 4.77271270751953 -1.50158739089966
-1.91170167922974 -1.65334582328796 0.420401930809021 6.53603601455688 13.1038599014282 13.9477033615112 0.54779177904129 -1.27548909187317 -1.08020162582397 -0.724442839622498 -0.687380850315094 -0.528188169002533 0.0852048695087433 0.848657250404358 0.157943308353424 0.25798162817955 0.636889576911926 1.09600460529327 1.484987616539 1.83723735809326 0.822944402694702 1.76225578784943 0.0367700569331646 0.276483923196793 -3.35997867584229 -3.25507760047913 -3.02824091911316 -2.27977466583252 -1.40512704849243 -1.02384829521179 -0.752383828163147 -0.392130106687546 0.162689968943596 0.292506337165833 0.457256257534027 0.665244042873383 1.49921715259552 1.86510932445526 2.16924452781677 2.50510931015015 3.44029664993286 5.52892875671387 6.15272569656372 4.24594306945801 -1.85321700572968
-2.14607667922974 -1.63505530357361 0.0929887220263481 6.05601787567139 14.2815189361572 15.933087348938 -1.18213796615601 -1.49748408794403 -1.38340151309967 -0.922323703765869 -1.03227233886719 -0.68509703874588 -0.284863352775574 0.0628398135304451 0.151543021202087 0.277689039707184 0.721966981887817 1.51443290710449 1.88366091251373 1.27129936218262 0.25693079829216 1.45685219764709 3.87338995933533 1.62037169933319 -3.60957860946655 -3.46539974212646 -3.18121910095215 -2.93509411811829 -1.95077013969421 -1.40974521636963 -0.959821939468384 -0.653035223484039 -0.278191894292831 -0.163792192935944 -0.040680892765522 0.322039216756821 0.931445956230164 1.14193511009216 1.39349639415741 1.47781777381897 2.26112079620361 4.31561660766602 5.58677911758423 2.27094078063965 -1.32252681255341
-2.4375536441803 -1.8733959197998 0.367361277341843 6.00647020339966 12.1504831314087 16.76149559021 0.125347435474396 -1.46364974975586 -1.31854927539825 -0.964800953865051 -0.485527336597443 0.109938591718674 1.01521503925323 -0.252851963043213 -1.15206170082092 -0.850427508354187 0.90869414806366 2.42204403877258 0.94696044921875 1.22880852222443 -0.356203436851501 2.11469030380249 4.33087015151978 -1.59662139415741 -3.41470003128052 -3.24308919906616 -2.93184328079224 -2.62317180633545 -1.86960959434509 -1.2414493560791 -0.972310841083527 -0.419962555170059 -0.618440449237823 -0.527010679244995 -0.397846609354019 -0.234488010406494 0.197633296251297 0.349349409341812 0.923088490962982 1.00453591346741 1.19071304798126 2.76540231704712 3.75814461708069 -1.62880516052246 -1.53758704662323
-2.66615128517151 -2.31226444244385 -0.826881229877472 4.15049743652344 12.1996917724609 16.5349884033203 -0.241951182484627 -1.65815877914429 -1.48238551616669 -1.39614772796631 -0.878962755203247 0.102712273597717 0.675556361675262 -0.0229767542332411 -1.41136586666107 -1.3449569940567 -1.11491215229034 1.86511635780334 3.51230788230896 4.19341802597046 0.618968665599823 0.867476999759674 0.0350798480212688 -2.15138363838196 -2.13948750495911 -2.45595502853394 -2.39145183563232 -1.95145511627197 -1.29650604724884 -0.695657432079315 0.526600301265717 1.82359707355499 1.32987654209137 -0.311180353164673 -0.799216091632843 -0.71361380815506 -0.435027092695236 -0.0406259596347809 0.724043488502502 0.990988910198212 -0.314649999141693 0.935270369052887 2.21613740921021 -1.53893482685089 -1.43155694007874
-2.75133013725281 -2.59072709083557 -2.14787173271179 1.78674733638763 10.2185840606689 16.8295269012451 1.5424576997757 -1.42554879188538 -1.67229914665222 -1.09698557853699 -1.62702310085297 -1.58791351318359 -1.38731372356415 -1.37385618686676 -1.29687130451202 -1.0654388666153 0.0376134440302849 0.859678685665131 3.28052926063538 3.85448837280273 1.40214908123016 -0.766192257404327 -1.15421104431152 -1.13092398643494 -1.08557963371277 -1.19977235794067 -1.36758518218994 -0.829175472259521 -0.145158693194389 0.342706650495529 2.05862593650818 3.25687575340271 2.97711086273193 1.57579171657562 -0.547559499740601 -0.578585088253021 -0.667591691017151 -0.210329696536064 0.256205081939697 0.374097794294357 0.504737913608551 -0.753189861774445 -1.46511781215668 -1.45694744586945 -1.36321413516998
