slauniainen/Data/DEM/Vihti_dem1500b_cl_horizonAngle_318.asc
NCOLS 196 
NROWS 178 
XLLCORNER 353680 
YLLCORNER 6699024 
CELLSIZE 16 
NODATA_value -3.4e+38 
[rows 80 to 99 of 178, columns 0 to 44 of 196]
0.526386499404907 0.466879069805145 0.314137935638428 0.298968195915222 0.203179642558098 0.0979649946093559 0.621622145175934 0.30565744638443 0.26448068022728 0.171279013156891 0.228592038154602 0.38622310757637 0.6722691655159 1.22626709938049 1.58702611923218 2.02780652046204 3.42448210716248 2.93859505653381 2.73875164985657 2.38196325302124 2.1137273311615 2.31994271278381 2.27285242080688 3.38009977340698 2.5531542301178 2.34815788269043 2.26539587974548 2.08743929862976 1.99999904632568 1.99427533149719 1.85900688171387 1.49562418460846 1.15922689437866 1.0401850938797 0.926775872707367 0.983522415161133 1.04399120807648 1.25807249546051 1.50778651237488 1.74170804023743 1.92776095867157 2.14827251434326 2.65694093704224 2.69368505477905 2.31467080116272
0.559035658836365 0.465878278017044 0.37115141749382 0.301893502473831 0.189292550086975 0.00320050376467407 -0.0473868735134602 0.153472155332565 0.137167289853096 0.059647224843502 0.119171887636185 0.330178648233414 0.465851455926895 0.881384968757629 1.20239508152008 1.65166771411896 3.31102991104126 2.36831498146057 2.63755297660828 2.3980016708374 2.18045449256897 1.95224547386169 2.23593258857727 2.31992053985596 2.56009101867676 2.21888828277588 2.11948537826538 2.03264832496643 1.85887730121613 1.88091123104095 1.74494445323944 1.55278551578522 1.23686122894287 0.960052013397217 0.897426724433899 0.8377965092659 0.880070149898529 0.991832375526428 1.20043301582336 1.44435632228851 1.68461406230927 1.88906717300415 2.34987258911133 2.56060719490051 2.58968257904053
0.747349262237549 0.549501061439514 0.425536543130875 0.340225130319595 0.204331487417221 0.170472487807274 -0.0242094621062279 0.336624354124069 0.0848186537623405 0.0113529516384006 0.00207138317637146 0.229155227541924 0.307765483856201 0.61830085515976 1.21002984046936 2.58715748786926 3.60555863380432 2.18845295906067 2.2193591594696 2.42623448371887 2.22497367858887 2.08810067176819 1.92801642417908 2.19576811790466 2.77158498764038 2.19378089904785 1.98474168777466 1.92343688011169 1.83625948429108 1.67507994174957 1.70631241798401 1.57755434513092 1.36535954475403 0.981962859630585 0.83607029914856 0.808753669261932 0.784308254718781 0.858624517917633 0.956094980239868 1.1480804681778 1.41529285907745 1.64749908447266 1.74832403659821 2.03051090240479 2.45653128623962
0.928754210472107 0.722695887088776 0.529179632663727 0.318724870681763 0.381132870912552 0.873166263103485 0.155790686607361 0.104175932705402 0.107237935066223 -0.0137162711471319 0.190346375107765 0.300837576389313 0.38589471578598 0.618570148944855 1.10155129432678 1.57360434532166 1.92259395122528 2.70388770103455 2.06884813308716 2.04069638252258 2.30529379844666 2.18187260627747 2.05540871620178 1.90091264247894 2.61800360679626 2.07311391830444 1.94907450675964 1.78845405578613 1.73858046531677 1.64275634288788 1.54737341403961 1.52348780632019 1.40434229373932 1.077392578125 0.844423592090607 0.76233035326004 0.766615450382233 0.751638829708099 0.816595494747162 0.915029168128967 1.11371326446533 1.38475430011749 1.53778421878815 3.34353971481323 2.02064394950867
0.893385887145996 0.909226596355438 0.935009300708771 0.50456428527832 0.31338956952095 0.297345817089081 0.156452804803848 0.13376647233963 0.241511195898056 0.280331313610077 0.550082862377167 0.39470362663269 1.16426420211792 1.25718426704407 0.917472541332245 1.55470538139343 1.82313656806946 2.50374960899353 2.35149264335632 1.95560002326965 1.98893690109253 2.24358320236206 2.11204218864441 1.99351799488068 1.89619588851929 2.12392592430115 1.79284000396729 1.75516390800476 1.68715298175812 1.61191272735596 1.44587934017181 1.36642050743103 1.34139716625214 1.21244239807129 0.938416123390198 0.759700536727905 0.715113937854767 0.736018478870392 0.714002728462219 0.810329794883728 0.91450035572052 1.09666311740875 1.32183599472046 2.45391392707825 1.92911624908447
0.721179604530334 0.872508406639099 0.892776548862457 0.85716438293457 0.433185696601868 0.309626400470734 0.174488916993141 0.518441617488861 0.11785714328289 -0.0468245036900043 0.00528732454404235 0.228625848889351 1.8441241979599 1.71741950511932 0.964336693286896 2.26139163970947 2.26207637786865 2.55689787864685 2.24369406700134 2.10808682441711 1.90863215923309 1.93083596229553 2.14764142036438 2.03558135032654 1.92970836162567 1.85729765892029 1.83540773391724 1.7134895324707 1.55532085895538 1.52186870574951 1.4270156621933 1.25482499599457 1.18498754501343 1.16318476200104 1.0628753900528 0.847768306732178 0.707717061042786 0.690705597400665 0.698353350162506 0.71280038356781 0.796623647212982 0.905348241329193 1.06791615486145 1.30288946628571 1.42705082893372
0.530353486537933 0.756322205066681 1.42668998241425 2.05127048492432 0.835013866424561 1.1010684967041 0.262533217668533 0.491725921630859 0.192997843027115 0.0836853981018066 0.428132891654968 1.08552265167236 2.73462700843811 2.18185067176819 1.63130760192871 2.09853935241699 1.74303197860718 1.56109523773193 2.1997377872467 2.03231072425842 1.98333179950714 1.83738338947296 1.85753285884857 2.06570482254028 1.95233082771301 1.90343379974365 1.81633293628693 1.56396543979645 1.53882455825806 1.38848876953125 1.35123825073242 1.25281012058258 1.09275734424591 1.00262343883514 1.03300189971924 0.964506387710571 0.790691256523132 0.670079708099365 0.651231110095978 0.675392091274261 0.684086382389069 0.772609949111938 0.893303036689758 1.07793307304382 1.21669375896454
0.48955637216568 0.816178858280182 1.54466700553894 1.56044852733612 1.00534784793854 1.48747551441193 0.520730674266815 0.370652914047241 0.305575340986252 0.144160777330399 0.744857847690582 2.07253217697144 2.69064998626709 1.9686062335968 1.11487627029419 0.937952220439911 1.47927534580231 2.02984428405762 3.05625152587891 1.84042525291443 1.91770076751709 1.74868679046631 1.76528799533844 1.7918792963028 1.97959506511688 1.81454789638519 1.5979551076889 1.616215467453 1.40564477443695 1.38884472846985 1.23920965194702 1.2062201499939 1.10455727577209 0.955774128437042 0.888226509094238 0.926002085208893 0.883881568908691 0.732251226902008 0.629616796970367 0.616265654563904 0.646656632423401 0.665705382823944 0.825749278068542 0.876362562179565 1.0064343214035
0.733848035335541 2.07289886474609 2.72834324836731 2.5198016166687 1.44822633266449 2.0773458480835 0.799137353897095 0.381232678890228 0.250814408063889 0.418532013893127 1.68126738071442 2.24372315406799 1.98095071315765 1.9355034828186 1.17250347137451 0.975323438644409 2.38552236557007 3.34724569320679 2.31289029121399 2.22455906867981 1.60310769081116 1.69283485412598 1.65339517593384 1.68744254112244 1.92146933078766 1.82592499256134 1.69260120391846 1.40660464763641 1.47874438762665 1.27307140827179 1.26017677783966 1.10883617401123 1.07577419281006 0.97913920879364 0.826820433139801 0.771400511264801 0.849380850791931 0.818064153194427 0.681582272052765 0.585926055908203 0.584985375404358 0.621708810329437 0.657550156116486 0.756846725940704 0.866018712520599
1.70358037948608 1.86967527866364 2.29706501960754 2.29021310806274 1.71890568733215 1.38609445095062 1.11160778999329 0.554547011852264 0.311162352561951 0.244864761829376 0.985107958316803 1.54583978652954 2.3047993183136 2.31736493110657 1.86800599098206 3.9793062210083 4.38647031784058 3.346186876297 2.35826683044434 1.97404932975769 1.50228869915009 1.77201175689697 1.63155329227448 1.54279935359955 1.67014825344086 1.854771733284 1.74021649360657 1.48232221603394 1.26606976985931 1.33649933338165 1.14128220081329 1.12937593460083 0.988041341304779 0.964700996875763 0.841345191001892 0.699674129486084 0.709613442420959 0.799276649951935 0.761937439441681 0.645129144191742 0.555171251296997 0.562194526195526 0.614229083061218 0.688201367855072 0.773056089878082
1.70248973369598 2.07614970207214 2.58467054367065 1.91524660587311 1.86747527122498 1.56519734859467 1.22222995758057 0.851794958114624 0.51803594827652 0.28597167134285 1.36082315444946 2.22055649757385 3.19093632698059 3.02219223976135 3.26474046707153 4.14966726303101 3.49306869506836 2.70545387268066 1.95501708984375 2.04105424880981 1.85331511497498 3.11585998535156 1.58499586582184 1.52597284317017 1.50557053089142 1.60619962215424 1.75126016139984 1.53632485866547 1.34041452407837 1.1323584318161 1.19705426692963 1.0128767490387 1.01778090000153 0.884393692016602 0.840107977390289 0.716790080070496 0.633204460144043 0.667371153831482 0.747949302196503 0.717027902603149 0.608842015266418 0.533076584339142 0.569685637950897 0.593775570392609 0.666947066783905
1.37735056877136 1.50198841094971 1.73535025119781 1.67391645908356 1.54458022117615 1.4857861995697 1.31195223331451 0.946402311325073 0.685789942741394 0.436744809150696 0.818583548069 2.08555507659912 2.90158009529114 2.77050566673279 2.68568634986877 2.52988576889038 2.46358442306519 2.2591347694397 2.05610680580139 2.43492937088013 1.97658264636993 1.76143324375153 1.8292543888092 1.45106780529022 1.48595142364502 1.67126893997192 1.442023396492 1.56157493591309 1.40405094623566 1.2138557434082 1.01069819927216 1.06854891777039 0.899907648563385 0.916419982910156 0.782569944858551 0.743387997150421 0.650169909000397 0.667337357997894 0.740166127681732 0.661472380161285 0.681460022926331 0.562389552593231 0.516146838665009 0.547272264957428 0.561162233352661
0.715520739555359 0.378837257623672 0.850836515426636 1.32910490036011 1.21753430366516 1.24402868747711 1.28521537780762 1.13673460483551 0.86918979883194 0.678656041622162 0.436663717031479 2.33124184608459 3.00683784484863 2.58145570755005 2.48426842689514 2.31072688102722 2.12464928627014 1.6486576795578 1.79125869274139 1.84285533428192 1.910404920578 1.76309502124786 1.57662558555603 1.41392242908478 1.48051583766937 1.4361834526062 1.34522390365601 1.295081615448 1.41313910484314 1.27587723731995 1.07751095294952 0.884289085865021 0.945664882659912 0.794468343257904 0.822037696838379 0.700994908809662 0.678874015808105 0.605956017971039 0.61707615852356 0.682425022125244 0.657898426055908 0.588105976581573 0.480322659015656 0.476432323455811 0.5031778216362
0.056882094591856 -0.0707948952913284 0.08879304677248 0.851775646209717 1.04795122146606 1.1722127199173 1.3047810792923 1.56515872478485 0.957183182239532 0.858197093009949 0.67778617143631 2.4599494934082 3.25947403907776 2.75993394851685 2.32305479049683 2.29579448699951 2.06612491607666 1.77207934856415 1.47030019760132 1.64111053943634 1.75027859210968 1.56916284561157 1.4944144487381 1.47889399528503 1.27775812149048 1.17714631557465 1.26105570793152 1.24557507038116 1.20607078075409 1.26301503181458 1.13885200023651 0.944589614868164 0.772903323173523 0.840573310852051 0.70145446062088 0.736129760742188 0.623957872390747 0.611672282218933 0.548139572143555 0.568004727363586 0.644253313541412 0.628874719142914 0.531999528408051 0.445172816514969 0.441963076591492
0.246099308133125 -0.104246072471142 -0.10858092457056 1.22468614578247 0.759472787380219 0.911357820034027 1.12601184844971 1.1622006893158 1.06118428707123 0.935379147529602 1.18145072460175 2.04305124282837 3.19094610214233 2.91978907585144 2.44495034217834 2.16638708114624 2.01519203186035 1.78594815731049 1.57182931900024 2.46316027641296 2.58129644393921 1.63818943500519 1.42023313045502 1.3674601316452 1.14743340015411 1.06490886211395 1.07723534107208 1.16714036464691 1.13666081428528 1.10167014598846 1.12677001953125 1.00288999080658 0.824735879898071 0.669687867164612 0.736706137657166 0.608414828777313 0.651652991771698 0.620156466960907 0.551740765571594 0.490948140621185 0.524138987064362 0.61514276266098 0.592814683914185 0.498287171125412 0.415941596031189
0.9048992395401 -0.097852535545826 0.0654806792736053 1.59498345851898 1.30377697944641 0.730222284793854 0.84913969039917 1.06308031082153 1.72692537307739 2.02254128456116 1.68776249885559 2.24617266654968 2.72167420387268 2.83118534088135 2.5813319683075 2.2036030292511 1.91657614707947 1.77201616764069 1.61007797718048 3.22325158119202 1.79054939746857 1.22527778148651 1.40984678268433 1.17225229740143 1.11782348155975 1.03291261196136 0.992579638957977 0.993953585624695 1.0596227645874 1.00144004821777 0.961054444313049 1.00631308555603 0.873171150684357 0.70939701795578 0.566676557064056 0.638416767120361 0.624078631401062 0.535559415817261 0.54321551322937 0.48777762055397 0.447028338909149 0.493518531322479 0.583760201931 0.541407704353333 0.459613353013992
1.02766036987305 0.126759395003319 0.450406044721603 1.80284333229065 2.18445491790771 2.32467484474182 1.81422996520996 2.45550489425659 2.69284749031067 2.14682769775391 2.07561922073364 2.9130163192749 2.20095300674438 2.55521082878113 2.46759843826294 2.26547884941101 1.91355037689209 1.6142692565918 1.6885644197464 3.02786564826965 1.44285869598389 1.30255556106567 1.22021794319153 1.12522506713867 1.03261935710907 1.00362277030945 0.928103685379028 0.910255074501038 0.894206523895264 0.923282444477081 0.85572350025177 0.834970593452454 0.899185299873352 0.761203765869141 0.601529002189636 0.607090711593628 0.491442829370499 0.542928874492645 0.462174475193024 0.482967913150787 0.441466867923737 0.418649077415466 0.460230141878128 0.520343840122223 0.502478122711182
0.800923347473145 0.303380310535431 -0.063700944185257 1.11357271671295 1.95835530757904 3.00883173942566 2.02921724319458 1.67576146125793 2.06474733352661 2.39280724525452 1.61347305774689 1.77084410190582 2.01205945014954 2.01549553871155 2.0199511051178 2.16462779045105 1.94665789604187 1.64283204078674 2.48904705047607 2.62404751777649 1.48510479927063 1.22851872444153 1.14601492881775 1.04098153114319 0.963832378387451 0.906817376613617 0.88242906332016 0.809676110744476 0.807889997959137 0.777525663375854 0.7878338098526 0.748592913150787 0.773328363895416 0.78236335515976 0.5819953083992 0.448634386062622 0.516832768917084 0.412272930145264 0.475005507469177 0.408890426158905 0.429834216833115 0.376895219087601 0.350536853075027 0.398943394422531 0.490680694580078
0.610621452331543 0.308012098073959 0.0902549251914024 -0.122534416615963 0.939316213130951 1.70032155513763 1.97018051147461 1.98821222782135 2.89789009094238 1.8839750289917 1.92709171772003 1.95377242565155 1.83438789844513 1.80891621112823 1.91918325424194 2.01386833190918 1.97663426399231 1.61720681190491 1.52743983268738 1.57217860221863 1.35305500030518 1.22579991817474 1.10696840286255 1.03378021717072 0.89605188369751 0.850098788738251 0.825004994869232 0.767209649085999 0.694982349872589 0.699309349060059 0.663685142993927 0.681189358234406 0.712520956993103 0.756528794765472 0.642787933349609 0.476903736591339 0.344686627388 0.425350069999695 0.329780966043472 0.380850523710251 0.304510742425919 0.338496714830399 0.30851149559021 0.299647122621536 0.358074605464935
0.711042404174805 0.286499589681625 0.0338420197367668 -0.396012723445892 -0.458096444606781 -0.414097607135773 0.631741523742676 1.69085085391998 1.90791368484497 2.02406072616577 2.06092715263367 2.23990368843079 2.1978907585144 1.70627868175507 1.73362040519714 1.7953132390976 1.81183683872223 1.68191385269165 1.51381123065948 1.48707342147827 1.29756450653076 1.23211741447449 1.12119615077972 0.993593692779541 0.90175986289978 0.811014831066132 0.7545405626297 0.722641050815582 0.647056698799133 0.579360961914062 0.585642337799072 0.588191509246826 0.59413069486618 0.603521168231964 0.646005213260651 0.5270094871521 0.364159643650055 0.243721589446068 0.282599985599518 0.191784679889679 0.280485033988953 0.228699579834938 0.274463832378387 0.25798436999321 0.2349843531847
