slauniainen/Data/DEM/Vihti_dem1500b_cl_horizonAngle_192.asc
NCOLS 196 
NROWS 178 
XLLCORNER 353680 
YLLCORNER 6699024 
CELLSIZE 16 
NODATA_value -3.4e+38 
[rows 120 to 139 of 178, columns 135 to 179 of 196]
33.8131904602051 27.3992385864258 18.3722648620605 15.763710975647 14.3541460037231 12.5379009246826 10.042893409729 10.584753036499 13.65735912323 13.8005418777466 12.3939504623413 11.8827362060547 11.2910375595093 10.648509979248 10.062744140625 9.41535663604736 8.88089561462402 8.57295703887939 9.10265350341797 9.4890193939209 10.5027084350586 12.9097242355347 13.5268688201904 18.4893550872803 20.2780418395996 17.9946632385254 13.3434562683105 9.79814147949219 5.0355429649353 0.395963817834854 -0.450834631919861 -0.783281207084656 -0.593190550804138 -0.107370182871819 0.429953306913376 0.873484075069427 0.925218462944031 0.543969333171844 0.417384505271912 0.289909392595291 0.198817849159241 3.15418767929077 4.34589195251465 3.72076559066772 4.30911016464233
35.7518157958984 31.6085014343262 19.0490550994873 16.5410346984863 14.3595771789551 12.8908233642578 10.5356416702271 11.9479751586914 15.5172681808472 15.3973226547241 13.6178827285767 12.8051919937134 12.1068897247314 11.3875284194946 10.696436882019 10.0170564651489 9.52425956726074 9.23868751525879 9.3714542388916 9.53324508666992 10.5375728607178 13.3420848846436 18.6350231170654 24.4868946075439 22.5364437103271 18.4425792694092 13.5148096084595 7.47880220413208 2.19428586959839 0.419703930616379 -0.214033052325249 -0.568068146705627 -0.40496364235878 0.192861959338188 0.941289305686951 1.32202160358429 1.2150114774704 0.581772863864899 0.452079594135284 0.33301043510437 0.21434910595417 0.0612837672233582 0.696235239505768 0.41660413146019 0.906300246715546
37.024772644043 32.4692344665527 21.5275897979736 17.2312526702881 14.5479049682617 12.2045269012451 14.7332563400269 13.502552986145 17.4335594177246 16.8672485351562 14.6990900039673 13.6447324752808 13.0665922164917 12.273003578186 11.5267686843872 10.7148113250732 10.0613985061646 9.53717041015625 9.61379623413086 11.7239608764648 12.9306945800781 16.6491737365723 20.9250926971436 24.0932292938232 17.1061096191406 14.5915012359619 12.4863958358765 6.66957998275757 1.88885223865509 1.13647437095642 0.973414421081543 -0.0367293357849121 0.13780152797699 0.924257516860962 1.51553857326508 1.40416717529297 1.45678663253784 0.557565033435822 0.475909292697906 0.368142127990723 0.279457986354828 0.10605239123106 -0.113546915352345 1.18928492069244 2.48276686668396
39.5519561767578 29.9681148529053 23.1044616699219 18.2467002868652 15.0682506561279 13.8419418334961 17.2442054748535 20.2582550048828 19.362060546875 18.0083408355713 15.6613349914551 14.4725799560547 13.7783269882202 12.8436698913574 12.1207265853882 11.2778177261353 10.5891561508179 9.71897220611572 10.5306854248047 14.145037651062 16.5334568023682 19.2248592376709 17.7622261047363 11.2480688095093 12.6099910736084 8.75767135620117 3.30579924583435 1.17126572132111 2.58935856819153 2.47783279418945 2.70972657203674 2.14967632293701 0.929005920886993 1.47881436347961 1.85517382621765 1.66308081150055 1.18431115150452 0.590696632862091 0.467742949724197 0.376849174499512 0.554954826831818 0.149818226695061 0.231980457901955 2.36291575431824 4.57563877105713
15.6591291427612 24.4878959655762 22.781530380249 19.748571395874 15.4847230911255 11.1368637084961 16.0016613006592 24.1292819976807 22.3295269012451 19.6208477020264 16.9243659973145 15.7030515670776 14.6809034347534 13.3234510421753 12.4103412628174 11.4258584976196 11.9793109893799 12.7704906463623 13.2105121612549 12.8747282028198 18.4864177703857 20.0800075531006 12.6931982040405 7.78800964355469 1.26537358760834 0.333869010210037 0.809800565242767 1.75584697723389 2.28553748130798 2.39421463012695 2.33202052116394 2.10218954086304 1.23839807510376 2.27353024482727 2.43169498443604 1.99381816387177 0.825315296649933 0.549111545085907 0.516471266746521 1.10841846466064 0.680140554904938 0.920129060745239 2.27326250076294 4.84544229507446 7.1447548866272
12.8280220031738 21.0675239562988 21.1731567382812 18.3102626800537 14.9197130203247 11.0148344039917 13.6025943756104 25.1673374176025 24.8931083679199 20.6535301208496 18.3224773406982 17.4725208282471 16.2273616790771 14.1448888778687 12.6825065612793 13.1051559448242 13.6668691635132 15.7766189575195 13.9813833236694 13.9768295288086 18.9427680969238 13.8481483459473 11.1006345748901 -0.0633318647742271 0.0704672932624817 0.901419639587402 1.77257871627808 2.63955640792847 0.989568710327148 0.416083574295044 0.964086353778839 1.73177766799927 1.96808564662933 3.18978762626648 3.24807333946228 2.47441124916077 1.02587485313416 0.571642875671387 0.687589406967163 1.39283764362335 1.71630918979645 2.84354329109192 4.58740854263306 7.44302558898926 9.72278308868408
16.3280735015869 20.280445098877 19.7592964172363 15.9373645782471 13.7244567871094 10.9939985275269 7.6285834312439 11.0953998565674 19.4351692199707 21.7488021850586 21.0835762023926 19.4078197479248 16.7690601348877 16.6521701812744 15.0187549591064 13.7530717849731 11.3782863616943 11.9856634140015 10.5500679016113 10.9341688156128 8.95172023773193 8.78038024902344 0.668267250061035 0.164494097232819 0.629137337207794 1.24254655838013 1.17297649383545 0.292967110872269 0.0889022052288055 -0.0027145566418767 -0.282976418733597 1.46219730377197 2.75996446609497 4.48021507263184 4.26110792160034 3.12167119979858 1.2896956205368 0.591184794902802 0.814983487129211 1.70955955982208 3.91023898124695 6.58419370651245 10.4741611480713 12.8706254959106 14.1682968139648
18.1925048828125 18.950267791748 18.3889255523682 15.8456115722656 12.3798837661743 11.2662286758423 7.7940034866333 5.270423412323 4.94289207458496 13.2387714385986 17.5127105712891 20.6647834777832 16.7875423431396 15.8882112503052 13.6870908737183 9.68790149688721 8.03481292724609 6.87012910842896 6.77114152908325 8.39899826049805 5.21507120132446 1.62026250362396 0.0214813388884068 1.24023425579071 1.26090133190155 1.81542038917542 1.75522208213806 0.488594532012939 -0.222191035747528 -0.246068954467773 -0.271655559539795 2.13998103141785 4.84739780426025 5.5226354598999 3.97722434997559 4.09830093383789 1.74561417102814 0.557594895362854 0.977337718009949 1.73452210426331 3.1892147064209 7.31566047668457 12.3754806518555 14.0502824783325 17.3938159942627
15.4763345718384 17.4235820770264 17.8018207550049 16.5641078948975 12.0403165817261 11.6281538009644 10.4509916305542 6.97962760925293 5.15691709518433 5.4827184677124 7.26351165771484 10.5389776229858 14.9372444152832 12.4749097824097 9.16702461242676 7.1874794960022 6.48038387298584 5.22261333465576 4.77661991119385 6.1147780418396 3.90838980674744 -0.499153226613998 0.519321978092194 1.77730882167816 1.64348697662354 2.11892199516296 2.29973196983337 1.353515625 0.439000815153122 0.109724052250385 -0.214931383728981 2.98924112319946 4.82713460922241 5.46917200088501 5.53090476989746 3.20313596725464 1.83732008934021 1.14308536052704 1.77294719219208 2.04095458984375 0.187211215496063 0.631029307842255 5.7903208732605 10.2956066131592 7.59034109115601
12.5727710723877 16.4206295013428 19.4628944396973 18.3073310852051 11.4720697402954 11.7822265625 11.2911901473999 8.05608081817627 6.58060789108276 5.99639081954956 7.0614013671875 7.1954174041748 6.82272815704346 6.9897198677063 7.71659135818481 7.2120509147644 6.26161956787109 5.35720062255859 4.37422275543213 1.15100431442261 -0.383161216974258 -0.240280628204346 0.53588879108429 2.17071509361267 2.49557423591614 2.68318819999695 1.92741727828979 1.62274706363678 0.837890088558197 0.32036292552948 2.3602020740509 2.6473400592804 1.22250032424927 0.337919682264328 7.28198003768921 3.89199161529541 0.656079292297363 2.04162168502808 4.14633512496948 2.65133380889893 0.504391670227051 -0.0247104428708553 -0.428632736206055 0.211434379220009 3.47162842750549
9.72991180419922 12.9258337020874 17.0577735900879 17.6252918243408 11.617223739624 9.41350078582764 9.79803562164307 9.00575065612793 8.35910129547119 8.08372020721436 9.01987457275391 8.73565292358398 6.60324144363403 6.78011274337769 7.16207599639893 7.62586307525635 6.24231052398682 5.38108968734741 4.41667461395264 1.15946114063263 -0.324530214071274 0.0910561978816986 0.609550535678864 1.28527104854584 2.91033840179443 3.42139148712158 2.267169713974 1.42839121818542 1.30776941776276 0.40536442399025 4.86269664764404 2.78610372543335 0.237311646342278 0.359723448753357 0.502120673656464 0.643375337123871 0.638323247432709 2.17734456062317 5.36321830749512 3.85843181610107 0.319267064332962 0.0767745524644852 -0.27784076333046 -0.819442272186279 -0.861511468887329
10.0339260101318 15.6409406661987 20.2045783996582 13.1940031051636 9.14049911499023 7.92592144012451 8.89998054504395 7.8044490814209 7.65974855422974 6.06385803222656 3.81548571586609 3.36025619506836 7.47176504135132 7.53522348403931 7.04518890380859 6.85848474502563 6.32005786895752 5.48618793487549 4.96323156356812 1.99695301055908 0.54550713300705 0.692310929298401 1.03325057029724 2.40132093429565 3.84616184234619 5.03656578063965 4.10980415344238 2.64704489707947 1.55540013313293 0.199873596429825 -0.264744132757187 0.0585057400166988 0.388199329376221 0.579171121120453 0.496524393558502 0.584003806114197 0.665464222431183 0.449942290782928 0.282138764858246 0.978151977062225 0.263641446828842 0.205866664648056 -0.142916485667229 -0.621099650859833 -0.879641771316528
1.54513418674469 4.20154285430908 8.26130294799805 10.1009883880615 7.01889657974243 7.87933540344238 10.2692623138428 8.27518939971924 6.98867177963257 4.41050910949707 4.0807900428772 3.70299983024597 2.47246789932251 4.38973188400269 7.40820837020874 7.43867254257202 7.17448091506958 4.59976005554199 3.10147929191589 2.20953583717346 1.0775408744812 1.58379340171814 2.93723201751709 4.2323842048645 5.88791847229004 7.77557277679443 7.13440847396851 5.26367092132568 3.35277104377747 -0.0503714643418789 0.00580845260992646 0.220976740121841 0.490274667739868 0.76322728395462 0.817712306976318 0.769309520721436 0.79701441526413 0.586645126342773 0.369268387556076 0.201457053422928 0.338441401720047 0.354239612817764 0.0654376074671745 -0.244040355086327 -0.55348527431488
0.503450036048889 2.6804575920105 3.10363340377808 4.31757164001465 4.49157524108887 6.7858510017395 10.8082733154297 8.56502246856689 2.76844143867493 3.23112940788269 2.58088421821594 1.1575049161911 -0.268998205661774 0.0548873841762543 2.85930943489075 5.07642269134521 5.84331941604614 5.07829284667969 2.70863652229309 1.82686603069305 2.65373301506042 2.88305950164795 4.15027570724487 6.95517206192017 9.64105224609375 10.8995752334595 10.2967205047607 8.47328758239746 6.38915538787842 0.925256431102753 0.425530523061752 0.738200306892395 0.851493060588837 1.07418119907379 1.09355545043945 1.4678453207016 1.44368493556976 0.965321123600006 0.834641695022583 0.593723118305206 0.58577173948288 0.529968976974487 0.310848623514175 0.0800608322024345 -0.219257354736328
1.00480127334595 4.42118406295776 5.19543552398682 4.3071756362915 4.53816890716553 8.04868793487549 10.0403633117676 7.07064390182495 1.5282883644104 -0.0526190921664238 -0.670706987380981 -0.705939769744873 -0.702195107936859 -0.87748247385025 -1.05741381645203 -0.289068013429642 0.147586405277252 2.56596970558167 2.0999162197113 2.00302457809448 3.77397680282593 3.27745223045349 4.49387884140015 9.0241117477417 17.4109554290771 17.4569625854492 13.8051290512085 9.48303318023682 7.07394409179688 3.50698184967041 0.936427175998688 1.14002680778503 1.26416623592377 1.41337049007416 1.96127557754517 2.40849280357361 1.97600376605988 1.46353936195374 1.13969612121582 0.940739750862122 0.835796654224396 0.709470272064209 0.454269409179688 0.224354356527328 -0.0376299507915974
3.10491180419922 5.74260330200195 7.78704643249512 6.07653760910034 4.99674558639526 3.095547914505 2.14471530914307 0.415596067905426 0.0208645891398191 0.318970054388046 -0.660005629062653 -0.468240648508072 -0.266711533069611 -0.233755096793175 -0.442147731781006 -0.237163811922073 -0.947140216827393 -0.834726631641388 0.644769966602325 1.39608752727509 0.829946517944336 1.03924953937531 3.2615487575531 8.19185733795166 9.50430870056152 8.79182815551758 7.90287113189697 12.0526247024536 6.6241021156311 4.38202810287476 2.13220572471619 1.37151980400085 1.4472815990448 1.70696318149567 2.83305716514587 3.29342246055603 2.76714468002319 2.12389707565308 1.2731055021286 1.0663161277771 1.00587844848633 0.922746956348419 0.599875450134277 0.290476769208908 0.0465285629034042
2.77487397193909 5.82823181152344 9.10610198974609 8.89421844482422 5.62498092651367 3.42131972312927 0.568750500679016 0.00819226168096066 0.162216350436211 0.767166316509247 -0.15765468776226 0.0986380055546761 0.249535471200943 1.2984424829483 1.52290999889374 0.751387000083923 -1.2100020647049 -1.32028460502625 -1.50187158584595 -1.22461152076721 -1.03481841087341 -0.989474177360535 -0.589834272861481 -0.130019262433052 -1.28469681739807 -1.07435631752014 -0.767588317394257 0.304896593093872 4.2477388381958 3.58060240745544 2.39691400527954 1.47229278087616 1.63744401931763 2.33784317970276 3.74383854866028 4.25738906860352 3.66852903366089 2.88452792167664 1.3179851770401 1.22340095043182 1.17425501346588 1.00961661338806 0.816354513168335 0.497762978076935 0.319502949714661
0.469086915254593 8.86374950408936 9.07110023498535 9.9671573638916 6.02803516387939 4.50455522537231 0.658675193786621 -0.0634574294090271 0.337434768676758 -0.263721376657486 0.277535766363144 0.469974786043167 0.257742285728455 -0.0819895341992378 0.14788693189621 -1.26008296012878 -1.30564713478088 -1.34873807430267 -1.49088644981384 -0.96416312456131 -1.0175176858902 -0.977746307849884 -1.10331809520721 -1.28834795951843 -1.21885299682617 -1.04157388210297 -0.701750040054321 -0.323754489421844 0.876538157463074 2.29900217056274 1.88425254821777 1.52960991859436 1.88374280929565 3.82481503486633 5.21814632415771 5.51599454879761 4.90485572814941 4.00096273422241 1.30352258682251 1.31530928611755 1.26432847976685 1.13352310657501 0.986249148845673 0.732648432254791 0.754039704799652
-2.12772393226624 0.905935406684875 6.23735189437866 8.36648368835449 6.60529613494873 4.45298480987549 0.709283590316772 -0.562876582145691 -0.626401722431183 0.0536033101379871 1.40733695030212 1.00740373134613 -0.490832716226578 -0.990182876586914 -1.36309063434601 -1.23941147327423 -1.15902626514435 -1.22310864925385 -1.11157047748566 -0.708141386508942 -0.823304176330566 -0.847984373569489 -0.974267601966858 -0.982726454734802 -0.985871553421021 -0.890619993209839 -0.664577186107635 -0.282946228981018 0.0900997072458267 0.946781992912292 1.36033797264099 1.57518565654755 3.63029742240906 5.81772708892822 7.51782321929932 7.08719110488892 5.75221490859985 3.91368007659912 1.43219614028931 1.41192734241486 1.35940754413605 1.26793301105499 1.20814502239227 1.01212382316589 2.19010901451111
-2.04996728897095 -1.10138261318207 3.81730794906616 6.98893642425537 7.39455842971802 4.30371236801147 1.1649010181427 -0.602921724319458 -0.667621910572052 -0.660547971725464 -0.715899765491486 -0.767427265644073 -0.844497382640839 -1.00071287155151 -1.23018145561218 -0.983483254909515 -0.90047961473465 -1.0088427066803 -0.823168039321899 -0.398484140634537 -0.515612304210663 -0.680432260036469 -0.637918889522552 -0.491745740175247 -0.512395441532135 -0.580724537372589 -0.477257400751114 -0.266652435064316 0.250661104917526 1.01199388504028 1.4902606010437 1.58314728736877 4.45409727096558 5.97990655899048 5.71004676818848 5.87954759597778 7.47270536422729 2.19117593765259 1.47426331043243 1.53566074371338 1.51399004459381 1.32768797874451 1.29292058944702 1.31441211700439 3.88860750198364
