slauniainen/Data/DEM/Vihti_dsm1500b_cl_horizonAngle_180.asc
NCOLS 196 
NROWS 178 
XLLCORNER 353680 
YLLCORNER 6699024 
CELLSIZE 16 
NODATA_value -3.4e+38 
[rows 120 to 139 of 178, columns 92 to 137 of 196]
7.68169069290161 12.6001586914062 5.56196451187134 6.86828756332397 6.61679649353027 7.88630199432373 8.59719276428223 9.98619365692139 11.0070533752441 12.1139240264893 11.3756408691406 10.5915374755859 9.80256366729736 8.76557922363281 7.95945739746094 7.95273065567017 8.35950946807861 7.8202953338623 7.7710485458374 7.48573446273804 6.22484350204468 7.41045045852661 8.10449600219727 15.3263998031616 12.3012161254883 8.83867645263672 11.1209487915039 23.0150890350342 18.7508296966553 20.1284580230713 32.5390625 16.3947582244873 18.8207626342773 21.5416431427002 27.2858238220215 31.9107112884521 24.9797859191895 16.1694068908691 16.3865165710449 26.3328285217285 36.3804206848145 34.3042297363281 28.3916435241699 29.1964511871338 28.3968353271484 20.0347480773926
3.5246946811676 3.85444664955139 23.3702983856201 8.34747886657715 7.03745365142822 8.66225528717041 9.17858600616455 10.7304601669312 11.8963060379028 12.9481554031372 12.6184711456299 11.6757173538208 10.4371881484985 9.3349723815918 8.47735214233398 8.38356781005859 8.7624568939209 8.20737552642822 8.48853206634521 7.87318658828735 6.5032434463501 8.8796443939209 10.0419855117798 10.7686891555786 7.50012493133545 7.89836359024048 17.76513671875 11.8592844009399 21.2548522949219 24.0200099945068 17.2877616882324 13.9164724349976 19.7864837646484 23.7192630767822 19.7561779022217 22.5650463104248 19.9661426544189 16.9072113037109 20.0641193389893 21.2436676025391 30.4535179138184 43.1899833679199 36.5782737731934 35.5643424987793 39.3673133850098 25.553747177124
14.5087938308716 4.95255470275879 6.37255001068115 9.54944801330566 7.4948148727417 8.79626560211182 10.1148347854614 11.5259780883789 12.9420280456543 13.9087886810303 13.6268911361694 12.9433116912842 11.5245733261108 10.3375482559204 9.4292106628418 8.86760139465332 9.46913051605225 8.62899208068848 8.97653484344482 8.5910758972168 7.00376510620117 11.1388559341431 13.6173830032349 5.74257135391235 18.7027626037598 15.0565948486328 8.17273998260498 9.30788612365723 27.3531303405762 21.366117477417 27.1950435638428 16.7295246124268 19.9635562896729 23.3855533599854 12.0458250045776 11.9619188308716 17.4071044921875 9.19438076019287 12.4014205932617 10.7647180557251 18.1290588378906 28.2129936218262 41.5023880004883 38.9159202575684 34.4256896972656 34.2252655029297
3.78881430625916 5.76944780349731 13.4566192626953 10.2648906707764 8.7005558013916 9.60751628875732 11.4279108047485 12.4617729187012 13.7383518218994 15.1174640655518 14.8122205734253 13.9853687286377 12.8789720535278 11.5198669433594 10.5329179763794 10.0359745025635 10.2753763198853 9.38062381744385 9.5177640914917 9.08255767822266 9.14475345611572 24.2534084320068 24.9455509185791 6.25858640670776 6.53846883773804 11.1226348876953 7.09689331054688 8.44875907897949 22.0011692047119 20.6816577911377 16.8200550079346 19.7525100708008 9.59980869293213 7.45212411880493 10.4781980514526 8.37621116638184 6.57710266113281 9.43665027618408 20.8345565795898 11.9448232650757 5.74519968032837 11.992377281189 23.8743419647217 44.8451843261719 16.6874504089355 39.256965637207
4.03349637985229 5.98609066009521 7.95444345474243 10.7992553710938 14.336277961731 11.1796360015869 14.9253931045532 13.5504779815674 15.0475940704346 16.5470962524414 16.2183494567871 15.2008037567139 14.1286220550537 12.4673805236816 11.4047908782959 10.7035284042358 10.8661403656006 9.9767427444458 10.1419982910156 9.63542175292969 12.6574783325195 11.9194431304932 17.9091796875 6.68414926528931 7.59845066070557 7.9139518737793 7.35467004776001 12.0443620681763 5.06524229049683 6.72048807144165 22.012451171875 11.4654331207275 10.1182727813721 11.9228496551514 9.42670822143555 7.26064729690552 7.45334720611572 10.0632181167603 5.32725429534912 5.1735987663269 6.04144668579102 20.9207153320312 26.5110397338867 8.20937919616699 18.3820152282715 16.073429107666
6.4262490272522 7.25037336349487 10.4462833404541 11.3859691619873 10.6473894119263 11.4305562973022 18.7971172332764 15.349497795105 16.8545780181885 18.2548122406006 17.9046897888184 16.6327247619629 15.6230115890503 13.6769504547119 12.4167356491089 11.456392288208 11.5282402038574 10.7209777832031 10.8437871932983 9.90182209014893 18.5318012237549 20.641544342041 4.37162303924561 6.91029834747314 10.2312297821045 13.1716413497925 7.76712942123413 7.90851736068726 7.94503927230835 7.00125122070312 8.88405323028564 11.749135017395 11.6364049911499 10.9543104171753 10.7942523956299 7.40775346755981 8.29482460021973 10.2136116027832 9.45294761657715 13.3960590362549 11.7010049819946 8.45704364776611 4.71166038513184 8.75517463684082 17.0902805328369 20.3084182739258
4.16546010971069 7.76529502868652 9.36451721191406 13.1259117126465 11.1213083267212 24.2149982452393 25.9006462097168 17.7675704956055 19.0834674835205 19.6755962371826 19.9574966430664 18.3595371246338 17.4657974243164 15.1230211257935 13.6065368652344 12.3511915206909 11.9748439788818 11.1549100875854 11.2503643035889 10.6466808319092 6.60761404037476 5.20747327804565 5.5501651763916 9.19553470611572 7.52974987030029 9.07809162139893 7.97615480422974 9.8118257522583 8.46159076690674 14.1042575836182 13.4363946914673 14.6179094314575 13.5918989181519 20.3721523284912 20.4455642700195 7.7134575843811 12.0473918914795 15.5620603561401 20.6972770690918 21.7044830322266 15.6869096755981 11.3703804016113 11.5173282623291 11.0933666229248 15.4710035324097 7.01135635375977
4.78942346572876 9.05364418029785 12.457724571228 21.853006362915 13.4730587005615 15.1099328994751 28.5782833099365 19.7039623260498 21.739917755127 22.1831912994385 22.5262336730957 20.4580421447754 19.7795829772949 17.0211391448975 15.0319385528564 13.2645711898804 12.7468528747559 12.11767578125 12.1307611465454 11.4939441680908 6.66724300384521 5.56335830688477 7.34266519546509 9.35027599334717 8.14757442474365 9.51326656341553 11.2684183120728 16.2810115814209 17.2881317138672 21.5534191131592 26.0190334320068 35.3720626831055 20.0808296203613 18.158561706543 32.2413482666016 27.9146575927734 20.5229988098145 26.8435516357422 27.9681415557861 30.8986072540283 24.9447917938232 18.121675491333 13.7301435470581 17.8218364715576 16.6103401184082 10.7205820083618
5.36506414413452 10.0042324066162 23.9479579925537 15.0825233459473 16.2013244628906 12.0689544677734 10.34681224823 20.7537841796875 22.0192127227783 25.1129417419434 24.9337368011475 23.3624725341797 22.7300338745117 19.6576919555664 16.7857227325439 16.1970291137695 13.6788759231567 13.2715663909912 13.2093105316162 12.5235862731934 10.6952524185181 9.76328086853027 11.2454357147217 9.9959831237793 9.54245281219482 10.6319646835327 19.6244316101074 15.2988128662109 21.0532665252686 25.2589416503906 41.0298767089844 17.5702075958252 24.7922439575195 18.8913745880127 23.9262809753418 8.11264133453369 30.7559413909912 34.4608383178711 26.6965446472168 43.9795799255371 7.22319507598877 11.4952878952026 12.8374090194702 25.7725143432617 26.8471031188965 15.2598028182983
6.44900512695312 10.1968812942505 11.1057500839233 34.755672454834 16.6995449066162 16.3999881744385 12.6322937011719 24.3988800048828 23.2816715240479 31.0118255615234 29.2638607025146 26.379322052002 27.0775737762451 24.0887680053711 19.734037399292 21.1891956329346 19.1971054077148 15.2636318206787 15.0299501419067 16.5369110107422 7.25325489044189 6.39475584030151 19.2336502075195 17.7662658691406 9.81794166564941 8.7509126663208 15.3638858795166 16.0943145751953 14.2791328430176 14.4791927337646 15.6712713241577 20.8200912475586 14.8937692642212 31.1559753417969 30.7112426757812 18.0147228240967 21.5611267089844 35.1771354675293 30.142391204834 1.03063762187958 11.1642179489136 12.6725406646729 6.52309942245483 0.422712534666061 2.58009028434753 17.0428314208984
9.04884243011475 10.9314155578613 13.5242938995361 12.9968786239624 12.8685169219971 14.3332023620605 19.7998600006104 33.8569679260254 27.6897926330566 42.6227264404297 31.5115165710449 30.4176445007324 33.6835556030273 28.1835823059082 22.7014999389648 26.2298545837402 23.4182758331299 15.8994731903076 16.1812572479248 21.0771751403809 7.11277484893799 14.7803630828857 12.4502115249634 9.35990810394287 13.5570869445801 11.087197303772 10.4961557388306 17.649206161499 17.8095397949219 14.6340465545654 16.4252529144287 28.6485176086426 24.4716014862061 8.60470581054688 2.41894578933716 12.295334815979 12.9105978012085 3.186115026474 2.20956563949585 1.98503649234772 0.966866314411163 18.054027557373 -0.378143340349197 0.662153720855713 8.22209548950195 19.1037445068359
9.80604076385498 15.2294292449951 18.5805759429932 27.2389183044434 29.9653415679932 21.2948989868164 15.0977487564087 13.5863819122314 24.0359230041504 26.1168098449707 46.0134658813477 40.0543518066406 42.5708923339844 31.5143737792969 25.117654800415 47.0396118164062 43.6431312561035 18.0317840576172 18.7038555145264 37.6506767272949 8.9475269317627 19.2973155975342 14.975715637207 10.9183893203735 20.3612384796143 15.094500541687 16.9247016906738 21.9457912445068 27.729829788208 25.8629684448242 26.1211185455322 15.9041881561279 11.1537303924561 1.19921517372131 4.39204788208008 5.53752088546753 4.93524837493896 7.85964918136597 7.66277551651001 12.1501932144165 7.97441339492798 -1.82859110832214 1.11700236797333 0.704962134361267 4.2165265083313 35.9146537780762
15.9711475372314 25.4584083557129 23.9156913757324 32.7260704040527 41.7995338439941 15.1958513259888 16.9411296844482 18.9105091094971 34.4789123535156 23.7702503204346 32.8415336608887 31.2635917663574 26.1676044464111 41.9612045288086 29.5575523376465 15.8027114868164 13.8289165496826 33.6374359130859 36.5868644714355 12.7739152908325 25.9174995422363 28.4423789978027 6.61333227157593 21.1411819458008 15.829776763916 17.7227344512939 24.8847332000732 28.7966499328613 17.7065505981445 7.71536064147949 -0.650148749351501 -2.34314489364624 -1.35902488231659 3.60629916191101 10.5971612930298 13.1247444152832 6.4516749382019 8.98688793182373 10.049898147583 12.3402786254883 12.1698160171509 9.98356914520264 6.65806293487549 4.31337547302246 2.87756013870239 4.57625389099121
23.0625 29.9222965240479 37.9775276184082 47.5938186645508 23.809606552124 20.5781745910645 25.2674331665039 19.366907119751 10.9994144439697 23.0649070739746 33.9983825683594 31.2050323486328 34.4930191040039 19.3971366882324 18.1237335205078 18.7654819488525 29.6912670135498 18.7222938537598 18.9452152252197 16.3994293212891 10.0113458633423 6.37815380096436 26.0571022033691 12.3938045501709 28.2634983062744 11.300196647644 11.7607612609863 12.4667692184448 8.90756130218506 1.35374438762665 1.90917789936066 5.87780380249023 2.79525089263916 12.4371423721313 20.0811462402344 18.8713874816895 10.3883905410767 9.98180961608887 12.7831134796143 28.1089000701904 28.3033046722412 4.47836589813232 6.87242364883423 2.43670153617859 23.5587005615234 4.67806005477905
23.7895030975342 43.7158813476562 35.8141975402832 18.4310836791992 30.3907470703125 23.8533897399902 12.6487216949463 20.5260848999023 8.14363479614258 13.8415040969849 7.2930121421814 21.3399829864502 12.693603515625 16.1650905609131 21.6095409393311 12.8440160751343 17.8895683288574 21.6549015045166 28.179407119751 19.6163864135742 11.7577714920044 12.7084140777588 10.2269325256348 17.8630542755127 7.68347501754761 13.6517572402954 12.1303052902222 15.3812551498413 7.11374473571777 2.87682175636292 -0.643731892108917 15.0783548355103 1.54590857028961 0.117268718779087 -2.84027171134949 -2.50651621818542 -3.13908219337463 -2.85731554031372 18.0637588500977 -0.497505754232407 -1.67795133590698 5.55773496627808 0.282460719347 2.73290348052979 3.69744920730591 6.31189012527466
29.4563217163086 14.7880010604858 23.9359893798828 23.8524284362793 14.3648691177368 16.1179485321045 8.10897827148438 7.46611404418945 11.7388792037964 4.81119346618652 6.3204607963562 7.63710927963257 11.7553415298462 12.3148574829102 22.618257522583 27.9407558441162 16.5416851043701 18.873929977417 34.6919021606445 21.0965805053711 9.45962619781494 18.140962600708 5.97351408004761 12.3456468582153 13.1485090255737 11.0995826721191 5.65789985656738 25.9803581237793 16.0346946716309 1.84580397605896 24.6308193206787 -1.86761665344238 -1.25621199607849 11.1400814056396 -2.6542375087738 -2.67775559425354 -2.47252058982849 -2.6927182674408 9.227783203125 3.0049102306366 0.566130518913269 -0.908844351768494 1.09815907478333 17.2492580413818 9.60530948638916 23.2146110534668
33.0687294006348 17.0227222442627 35.221981048584 38.1484222412109 24.3801136016846 20.6364326477051 18.7245426177979 3.73035621643066 4.34616374969482 5.91250848770142 5.87053060531616 6.6542797088623 7.07984781265259 7.78105783462524 7.2592511177063 12.139012336731 20.4132328033447 26.6777305603027 32.1865119934082 20.4145011901855 8.42684078216553 5.59326124191284 19.5209064483643 3.84180235862732 5.80510997772217 14.1142578125 8.79353046417236 0.147373303771019 0.345592439174652 9.95764923095703 5.30552291870117 -1.3220362663269 8.58432579040527 -2.50539612770081 -2.46573519706726 -2.34103679656982 -1.94480717182159 -2.2789409160614 -2.39975810050964 11.1814203262329 6.2861328125 9.10073184967041 1.43008518218994 3.48892426490784 5.49704837799072 6.87367725372314
14.3415555953979 19.5833683013916 3.06519317626953 1.89183962345123 9.96865463256836 25.3902835845947 5.76421785354614 4.36968278884888 19.9696807861328 13.4971647262573 16.0205535888672 22.7088890075684 27.3878765106201 22.9804077148438 15.2024221420288 15.3646068572998 14.4916286468506 20.5529556274414 13.3639268875122 29.3101348876953 16.4895153045654 5.83551454544067 4.48963117599487 4.00483894348145 6.32221841812134 2.61251020431519 4.4512038230896 2.87991380691528 6.59991216659546 12.6457061767578 10.267315864563 4.26107692718506 -2.44837975502014 -2.48508977890015 0.304101765155792 -2.16730189323425 -1.56638216972351 1.03141379356384 17.4166374206543 -1.93972837924957 -0.934018015861511 1.32822012901306 1.88543689250946 2.85132956504822 8.08928489685059 17.9219760894775
22.0553913116455 20.004861831665 3.25559496879578 2.69737863540649 1.59588229656219 0.656827330589294 3.37667536735535 10.468355178833 6.61149549484253 14.1726093292236 16.5923328399658 10.5388927459717 9.33369159698486 9.3683500289917 19.3859977722168 20.6391582489014 14.1583337783813 9.69922924041748 12.9524698257446 19.282470703125 8.51815509796143 6.34968900680542 5.55489444732666 18.0365867614746 8.7227897644043 3.22018671035767 5.88983106613159 9.38099193572998 23.0853595733643 13.0391216278076 0.102546527981758 -1.02116775512695 0.590636074542999 1.176673412323 6.12759160995483 5.56233310699463 -0.278385400772095 8.48175048828125 -1.95451653003693 11.5432024002075 6.77886295318604 2.73533201217651 2.39680361747742 6.81938552856445 8.71631145477295 12.0247936248779
12.3102550506592 3.5177915096283 5.07762050628662 7.8222279548645 13.6783885955811 4.18866014480591 5.4107460975647 4.83680391311646 6.99286127090454 9.77634811401367 10.0009460449219 10.4985637664795 11.8338222503662 17.8266887664795 7.53271436691284 6.59803867340088 17.9678344726562 10.6737432479858 5.37650728225708 9.90560436248779 12.9566993713379 17.0056037902832 6.21570444107056 4.88098859786987 22.4471569061279 2.67736339569092 15.6606388092041 9.62181854248047 -1.66383397579193 14.3298282623291 1.87651610374451 3.22341656684875 0.957031786441803 7.05881023406982 12.1552267074585 13.2743883132935 6.70796203613281 3.90834379196167 2.25046491622925 1.38435065746307 20.1869010925293 5.43262338638306 2.65967416763306 7.30241298675537 5.47020578384399 12.910493850708
