slauniainen/Data/DEM/Vihti_dem1500b_cl_horizonAngle_300.asc
NCOLS 196 
NROWS 178 
XLLCORNER 353680 
YLLCORNER 6699024 
CELLSIZE 16 
NODATA_value -3.4e+38 
[rows 100 to 119 of 178, columns 0 to 44 of 196]
2.28905034065247 2.27861738204956 2.17205023765564 2.05618262290955 1.8247435092926 1.74977815151215 1.84262037277222 3.63103342056274 4.7558126449585 3.21654367446899 2.29829549789429 2.40835452079773 2.09951782226562 1.93251895904541 1.6535861492157 1.60506784915924 1.54067301750183 1.49413788318634 1.57453072071075 1.62214863300323 1.60146570205688 1.39743757247925 1.32424068450928 1.23752188682556 1.095627784729 0.964632034301758 0.863090515136719 0.743492722511292 0.659556090831757 0.559491217136383 0.463696002960205 0.361858427524567 0.266696989536285 0.0789957344532013 -0.0362298488616943 -0.129511684179306 -0.233246073126793 -0.378101080656052 -0.498452693223953 -0.650540053844452 -0.512758195400238 -0.425502836704254 -0.399102807044983 -0.401049017906189 -0.423208326101303
2.06297039985657 1.92122864723206 2.00779247283936 1.93502819538116 1.81299781799316 1.6320925951004 2.45194697380066 5.26000165939331 7.08188009262085 5.46215534210205 4.0036473274231 2.52366995811462 2.09686779975891 1.96480226516724 1.89253795146942 1.6464935541153 1.58533132076263 1.43107426166534 1.43297111988068 1.41617143154144 1.50173258781433 1.36719381809235 1.24673104286194 1.16071772575378 1.03359007835388 0.956888198852539 0.86422872543335 0.749276876449585 0.672492921352386 0.576452732086182 0.501087009906769 0.416309356689453 0.316986471414566 0.189220696687698 0.0525865256786346 -0.0866665169596672 -0.214082509279251 -0.328022330999374 -0.553690850734711 -0.869023561477661 -0.729084312915802 1.5467677116394 0.0330502651631832 -0.455806970596313 -0.479912579059601
1.96886610984802 1.83277451992035 1.75966703891754 1.87469148635864 1.75059068202972 1.62652742862701 3.37437224388123 4.09481525421143 6.28120756149292 7.22219657897949 5.91273021697998 3.98317503929138 3.13965725898743 2.11625289916992 1.91401290893555 1.87234210968018 1.79389822483063 1.5456041097641 1.39444494247437 1.35905873775482 1.36236619949341 1.36781144142151 1.20154356956482 1.07336270809174 0.975300073623657 0.880846798419952 0.82731419801712 0.739450335502625 0.670108020305634 0.606044709682465 0.539551496505737 0.447997361421585 0.374126732349396 0.261943727731705 0.128346309065819 0.000414779671700671 -0.127961844205856 -0.267068088054657 -0.525751352310181 -0.914753437042236 -0.877011001110077 4.19476652145386 2.47806692123413 0.179362788796425 -0.53088766336441
1.67398190498352 1.58978092670441 1.70002698898315 1.65436434745789 1.60404396057129 1.61853647232056 2.45181202888489 3.17981433868408 4.49718570709229 6.92630815505981 6.858811378479 5.46575450897217 4.4166316986084 2.84781360626221 2.08158206939697 2.03686499595642 1.81015634536743 1.74753129482269 1.55252993106842 1.53719449043274 1.4330747127533 1.36447978019714 1.17498421669006 1.05410611629486 0.919150292873383 0.854330897331238 0.763107001781464 0.710218489170074 0.658921778202057 0.641817808151245 0.573547184467316 0.483726292848587 0.413482189178467 0.294385194778442 0.195632234215736 0.0624775178730488 -0.0575452893972397 -0.177247136831284 -0.414620757102966 -0.786993861198425 -0.93891304731369 3.82890558242798 4.99648857116699 1.96842861175537 0.512265503406525
0.999507963657379 1.13906717300415 1.48967611789703 1.44417655467987 1.59697341918945 1.49437618255615 1.4025239944458 2.14594984054565 3.05574107170105 4.98488426208496 6.98671388626099 6.16449689865112 5.04800987243652 4.05245971679688 2.96119999885559 2.32671356201172 1.98172831535339 1.76716291904449 1.7400074005127 1.71048212051392 1.49889361858368 1.36007535457611 1.28596949577332 1.08984434604645 0.906696319580078 0.813871085643768 0.747252762317657 0.663782894611359 0.627013087272644 0.627968728542328 0.587861776351929 0.505678772926331 0.412656992673874 0.324190855026245 0.240031659603119 0.129387989640236 0.00976298749446869 -0.137978106737137 -0.273003935813904 -0.533778965473175 -0.819909751415253 3.7921314239502 5.61839199066162 2.36480236053467 2.07494258880615
0.491521805524826 0.637176096439362 0.899909853935242 1.06385695934296 1.42745292186737 1.54497039318085 1.41824662685394 2.29395961761475 1.38100206851959 2.98898792266846 5.87332773208618 6.70027875900269 5.3895320892334 4.69090890884399 4.03362464904785 3.30889678001404 2.44121909141541 1.92897403240204 1.86853623390198 1.7000480890274 1.66959595680237 1.44442248344421 1.27540969848633 1.21614849567413 0.947837352752686 0.788000524044037 0.706063687801361 0.648203134536743 0.617906153202057 0.58720862865448 0.538186430931091 0.455114006996155 0.380524843931198 0.337451934814453 0.255521386861801 0.177863329648972 0.06245406717062 -0.0814938843250275 -0.202221572399139 -0.3857202231884 -0.572627127170563 3.58706641197205 3.59236788749695 3.53380870819092 3.54842734336853
0.420309454202652 0.462719142436981 0.552409172058105 0.6898193359375 0.975336313247681 1.37084257602692 1.2827730178833 1.40327167510986 1.33678710460663 2.85851168632507 4.30306959152222 6.05975103378296 5.66396713256836 4.81777238845825 4.10378885269165 3.73735451698303 3.35868048667908 2.69250917434692 1.90450632572174 1.8255512714386 1.62519145011902 1.37012326717377 1.73438310623169 1.29390501976013 1.03065896034241 0.937095582485199 0.749477207660675 0.636629521846771 0.586241066455841 0.542505502700806 0.477778881788254 0.402922421693802 0.340513676404953 0.315630555152893 0.268034487962723 0.200722381472588 0.100110530853271 -0.0183450151234865 -0.150676235556602 -0.323072582483292 -0.458243072032928 0.681058049201965 2.04529905319214 2.61794257164001 3.07781195640564
0.20420116186142 0.227752283215523 0.388714224100113 0.431929618120193 0.794382035732269 1.98892939090729 1.2909961938858 1.26875221729279 1.20952546596527 2.12360024452209 3.00058245658875 4.64070653915405 5.76843070983887 5.19873666763306 4.24121427536011 3.72899794578552 3.46273732185364 3.09411287307739 2.43288540840149 1.86016654968262 1.55034101009369 1.55877864360809 2.78508591651917 1.22182655334473 1.10842430591583 1.03189253807068 0.863187074661255 0.792514264583588 0.540326356887817 0.475682348012924 0.416298359632492 0.378669440746307 0.320589959621429 0.279897212982178 0.248690322041512 0.191701024770737 0.137265503406525 0.0389813035726547 -0.0932503864169121 -0.232598930597305 -0.388154625892639 -0.187303707003593 1.61866879463196 2.4738621711731 3.75171852111816
0.00196787458844483 0.379867553710938 0.910867214202881 1.6237359046936 2.57151222229004 3.32705879211426 2.17082595825195 1.66309440135956 1.6673698425293 2.06441926956177 3.11903810501099 3.64725470542908 4.90357542037964 4.78653526306152 4.09671115875244 3.82112240791321 3.35127234458923 3.1475203037262 2.80550980567932 2.57556104660034 2.10612225532532 2.79361414909363 1.57121658325195 1.12641537189484 1.06413817405701 0.994565188884735 0.948413550853729 0.850077688694 0.668965697288513 0.509325623512268 0.406672030687332 0.362063974142075 0.308922290802002 0.265729546546936 0.215013116598129 0.176141440868378 0.138674885034561 0.0615444295108318 -0.0304567106068134 -0.157484009861946 -0.283992022275925 2.71992969512939 3.53843665122986 3.14012908935547 3.35898017883301
0.121805794537067 0.607714295387268 1.61765539646149 2.22786712646484 2.5691020488739 2.96751546859741 2.93639850616455 2.2053656578064 1.67911517620087 1.76318180561066 2.45355725288391 3.08594584465027 3.9949357509613 4.58377361297607 4.1382794380188 3.77295446395874 3.16654109954834 3.08038949966431 3.00125885009766 2.82878923416138 2.56573343276978 2.39776158332825 1.86547791957855 1.4751101732254 1.14844512939453 0.930439233779907 0.900631427764893 0.801930606365204 0.758049547672272 0.606334686279297 0.51527065038681 0.364453762769699 0.302021324634552 0.238293096423149 0.210599973797798 0.167667150497437 0.112602360546589 0.0634339824318886 0.00206761434674263 -0.0800872445106506 -0.171538293361664 2.21992945671082 1.74712383747101 1.78607189655304 1.95741629600525
0.292540937662125 0.716657102108002 1.60604441165924 2.11433982849121 2.52556681632996 2.29679417610168 2.10771059989929 1.84698367118835 1.53829443454742 1.30408346652985 1.62668931484222 3.16046810150146 3.67601823806763 4.33810091018677 3.92940616607666 3.60782599449158 3.61609959602356 3.25135493278503 2.81664752960205 2.7358067035675 2.63529348373413 2.28738522529602 2.00915908813477 1.93413150310516 1.53854966163635 0.997163951396942 0.839974105358124 0.778891742229462 0.740676581859589 0.660638630390167 0.587805867195129 0.444106698036194 0.353070139884949 0.227242007851601 0.189287304878235 0.142556831240654 0.106976054608822 0.0637522488832474 0.0259045865386724 -0.0262699536979198 -0.112581633031368 1.06793916225433 1.71324074268341 1.5539139509201 1.04882025718689
0.53109335899353 0.310509353876114 0.441346108913422 1.72773599624634 2.17807936668396 2.09380960464478 1.88783180713654 1.86639904975891 1.58227789402008 1.29714918136597 2.33508968353271 3.87683033943176 3.55786395072937 3.44350409507751 3.47700572013855 3.37227702140808 3.16704106330872 2.99342083930969 2.85518717765808 2.58090257644653 2.23682355880737 2.0926296710968 2.02192521095276 1.91637492179871 1.75826227664948 1.4114271402359 1.09992504119873 0.828339874744415 0.694997847080231 0.663506984710693 0.594671130180359 0.520113527774811 0.423309415578842 0.301406741142273 0.223722130060196 0.12830325961113 0.09565469622612 0.0644256398081779 0.0344607010483742 -0.00982003659009933 -0.0577076449990273 0.6311354637146 0.938118815422058 0.476532846689224 0.62509673833847
0.67945408821106 0.454733669757843 0.415609389543533 1.15794003009796 1.59797835350037 1.6916207075119 1.62516009807587 1.61708879470825 1.56962108612061 1.50469934940338 2.32858991622925 3.42804312705994 2.92451000213623 3.07727551460266 3.01107954978943 2.96138691902161 2.89417099952698 2.81653666496277 2.76945185661316 2.43349361419678 2.08580923080444 1.83526229858398 1.78758096694946 1.76257681846619 1.77116644382477 1.60625994205475 1.51467609405518 1.18134009838104 0.937553584575653 0.65937215089798 0.551641166210175 0.515982687473297 0.432540237903595 0.353450775146484 0.284761756658554 0.174925670027733 0.0843416079878807 0.0456860177218914 0.0215283408761024 0.00184657622594386 -0.0318443812429905 -0.0744445398449898 0.44177109003067 0.326318174600601 0.340343058109283
0.854221165180206 0.582231998443604 0.498755544424057 0.395594090223312 0.385243028402328 0.476937979459763 1.25823712348938 1.33220946788788 1.39922535419464 1.47575759887695 1.69008839130402 2.40417098999023 2.29836392402649 2.52870941162109 2.37300705909729 2.66025900840759 2.57948780059814 2.62297749519348 2.61482119560242 2.2419331073761 1.92676866054535 1.82916903495789 1.66095757484436 1.53726243972778 1.51127898693085 1.60095953941345 1.51484596729279 1.37741243839264 1.3030594587326 1.00025367736816 0.746084749698639 0.477735817432404 0.403145432472229 0.350732654333115 0.282706886529922 0.229129388928413 0.136264696717262 0.0615276619791985 0.00775780575349927 -0.013083029538393 -0.0471216142177582 -0.08980443328619 0.0446937866508961 0.188694640994072 0.323603987693787
1.24137949943542 0.803476870059967 0.586671113967896 0.445259183645248 0.36717814207077 0.300795614719391 0.644709587097168 2.12479305267334 1.29141139984131 1.35429990291595 1.46114647388458 1.96189606189728 1.97085106372833 2.03718900680542 1.98783540725708 2.15791773796082 2.1858696937561 2.50222849845886 2.40067958831787 2.01301836967468 1.80591130256653 1.70463216304779 1.52391850948334 1.4411952495575 1.32280111312866 1.35515511035919 1.33500754833221 1.3679506778717 1.29630923271179 1.19231855869293 1.10387408733368 0.784189879894257 0.385290205478668 0.318029880523682 0.250359922647476 0.22684246301651 0.176427990198135 0.118959926068783 0.0446073971688747 -0.00379846547730267 -0.0655956938862801 -0.108973458409309 -0.166440114378929 -0.220792144536972 -0.0564588606357574
1.71139979362488 1.12086117267609 0.803358435630798 0.60764342546463 0.340035736560822 0.162305742502213 0.267902135848999 2.81046199798584 2.6951322555542 1.81749391555786 1.55312263965607 1.93923056125641 1.8723121881485 1.7160325050354 1.67704606056213 1.76934123039246 2.01561450958252 3.19997835159302 2.19583010673523 1.84952008724213 1.51363825798035 1.48833334445953 1.39416944980621 1.32221519947052 1.21853756904602 1.16435313224792 1.14027786254883 1.14737260341644 1.13469862937927 1.17464590072632 1.11100256443024 0.981997668743134 0.675965428352356 0.464265197515488 0.216993287205696 0.208239153027534 0.174222052097321 0.122227318584919 0.0911645293235779 0.0610608719289303 -0.018673550337553 -0.081666886806488 -0.150846764445305 -0.216379642486572 -0.189380452036858
1.9586398601532 1.51048946380615 1.10304725170135 0.675582706928253 0.45347785949707 0.164846211671829 0.135936841368675 4.85793113708496 4.69240570068359 2.87271928787231 2.31145453453064 2.14115500450134 2.00490498542786 1.81375896930695 1.71331357955933 1.89307391643524 2.49612379074097 2.5155177116394 1.79658830165863 1.58656346797943 1.39965832233429 1.2901052236557 1.21467518806458 1.14979457855225 1.08342826366425 1.06858992576599 1.01921379566193 0.956859350204468 0.954206049442291 0.98218160867691 0.957406222820282 1.01005482673645 0.86929327249527 0.775575339794159 0.495827674865723 0.325487196445465 0.152016162872314 0.11654232442379 0.0999171510338783 0.0656244829297066 0.0406410917639732 -0.0134498560801148 -0.0494349449872971 -0.151242062449455 -0.0703393220901489
2.06217193603516 1.75491333007812 1.35364854335785 0.972015261650085 0.760798513889313 0.415555059909821 0.199409663677216 4.39132928848267 7.28212738037109 4.55479097366333 3.62131309509277 2.54103255271912 2.19436430931091 1.93817794322968 1.78868746757507 1.69044899940491 1.86042416095734 1.88061833381653 1.44253170490265 1.37093091011047 1.24224972724915 1.1536670923233 1.02282106876373 0.950441062450409 0.915636479854584 0.900902271270752 0.859322428703308 0.851106345653534 0.830609381198883 0.787851095199585 0.782810866832733 0.795908629894257 0.906525254249573 0.856131851673126 0.74997878074646 0.828607857227325 0.429330736398697 0.211333692073822 0.0544847175478935 0.0346622467041016 0.0300630163401365 0.0146877141669393 -0.00725190900266171 -0.078089252114296 -0.203025653958321
1.94460129737854 1.75973832607269 1.42928278446198 1.14953482151031 0.947909295558929 0.678593277931213 0.646549880504608 6.90702056884766 7.24508476257324 6.14878082275391 5.57073402404785 3.84764099121094 3.083247423172 2.28661322593689 1.88255631923676 1.79266166687012 1.85716032981873 1.87217175960541 1.40228509902954 1.32917261123657 1.10106039047241 1.06239438056946 0.967220664024353 0.890954256057739 0.819615125656128 0.739130914211273 0.717779576778412 0.717208027839661 0.7128746509552 0.648950517177582 0.6651651263237 0.606724858283997 0.685715436935425 0.656181752681732 0.702221572399139 0.62672358751297 0.542747497558594 0.473499953746796 0.239685654640198 -0.0133016929030418 0.00218134373426437 -0.00706990668550134 -0.0262583587318659 -0.0483588948845863 -0.146441340446472
1.75479972362518 1.61786329746246 1.33236289024353 1.21375489234924 0.959504961967468 0.840912222862244 1.69365930557251 2.16609978675842 2.76853704452515 5.84493350982666 6.2871561050415 4.77787494659424 4.47736930847168 2.93106007575989 2.29981112480164 1.99158275127411 1.78112173080444 1.76287996768951 1.38365018367767 1.2812647819519 1.14405882358551 1.04142844676971 0.920121073722839 0.834464967250824 0.752408862113953 0.674118041992188 0.635974407196045 0.579539656639099 0.573328495025635 0.529718399047852 0.534404039382935 0.467811346054077 0.500370442867279 0.500000953674316 0.518394291400909 0.482128798961639 0.538175761699677 0.481443732976913 0.408811420202255 0.189732477068901 0.0682488456368446 -0.0455427058041096 -0.0551675260066986 -0.0649182572960854 -0.126490846276283
