slauniainen/Data/DEM/Vihti_dem1500b_cl_horizonAngle_282.asc
NCOLS 196 
NROWS 178 
XLLCORNER 353680 
YLLCORNER 6699024 
CELLSIZE 16 
NODATA_value -3.4e+38 
[rows 100 to 119 of 178, columns 0 to 44 of 196]
0.483524948358536 0.444558471441269 0.342209428548813 0.0903904885053635 -0.114160269498825 -0.132507503032684 6.88064527511597 11.1055679321289 9.64321041107178 6.32752370834351 4.44585180282593 4.11999320983887 3.62892770767212 2.87429618835449 1.96751344203949 1.899653673172 1.75275790691376 1.74007904529572 1.73252928256989 1.73102974891663 1.67213177680969 1.5204952955246 1.41884446144104 1.43358302116394 1.37785959243774 1.30126774311066 1.01214945316315 0.913016498088837 0.822851419448853 0.733604907989502 0.641080737113953 0.556290507316589 0.454178243875504 0.292087316513062 0.192585900425911 0.113908380270004 0.012035308405757 -0.171123087406158 -0.295340210199356 -0.444878607988358 4.98059940338135 3.91902947425842 1.62611818313599 -0.0193567555397749 -0.272688060998917
0.810348570346832 0.62195497751236 0.444034576416016 0.26052325963974 0.0472272261977196 -0.0612324327230453 3.86528539657593 8.26732349395752 10.9022312164307 9.2277250289917 6.57224655151367 5.72838163375854 5.12000370025635 4.16400527954102 2.86251521110535 2.615318775177 2.42567706108093 2.06705617904663 1.75016951560974 1.71816527843475 1.99766254425049 1.53238761425018 1.41309928894043 1.29731702804565 1.17532730102539 1.05954027175903 0.942863345146179 0.831105172634125 0.781061947345734 0.699995875358582 0.616600930690765 0.539436936378479 0.447757482528687 0.355685830116272 0.248715087771416 0.127804383635521 0.00272120581939816 -0.09905094653368 -0.351445078849792 -0.673170685768127 6.56634473800659 7.47518968582153 4.55312156677246 1.35067451000214 0.68962162733078
1.10030877590179 0.920981764793396 0.863904178142548 0.795758366584778 0.482923328876495 0.252449750900269 0.130357712507248 4.38571214675903 8.73274326324463 10.3449382781982 7.88939476013184 6.35407590866089 5.46420431137085 4.68233680725098 4.00404596328735 3.60968828201294 3.2584536075592 2.74124360084534 2.20122504234314 2.19839382171631 2.18069887161255 2.11034822463989 1.65783262252808 1.33761763572693 1.20912253856659 1.03502786159515 0.894635140895844 0.768099665641785 0.704859554767609 0.655914783477783 0.571805417537689 0.49122342467308 0.420588403940201 0.378695249557495 0.245878532528877 0.11299940943718 0.00791963376104832 -0.102308884263039 -0.340281188488007 -0.755819201469421 1.9953430891037 10.8037128448486 6.80622959136963 2.77625441551208 2.39131093025208
1.28836536407471 1.23462629318237 1.15875208377838 1.13445377349854 0.866500318050385 0.666261553764343 0.620218813419342 0.639975786209106 5.55765914916992 9.78491592407227 9.18501758575439 6.65000295639038 5.4414849281311 4.67655324935913 4.1918044090271 3.7599835395813 3.3132963180542 2.98572540283203 2.86870503425598 2.83664608001709 2.78384232521057 2.73606944084167 2.22558975219727 1.73100423812866 1.55935573577881 1.38042843341827 1.21410894393921 0.837335407733917 0.715348124504089 0.644514322280884 0.556779563426971 0.472642570734024 0.384119063615799 0.32105565071106 0.219540044665337 0.0946852117776871 -0.0274517107754946 -0.121853597462177 -0.296065866947174 -0.72432941198349 -0.836128950119019 10.7880277633667 8.28931522369385 3.26737761497498 2.52637124061584
1.37720263004303 1.33625268936157 1.28796315193176 1.25602507591248 1.11457228660583 1.02012300491333 0.933689713478088 0.926582098007202 1.92859482765198 6.81682920455933 9.99833106994629 8.14142417907715 5.58002710342407 4.94388246536255 4.4693660736084 3.82505321502686 3.32819628715515 3.03802943229675 2.83743238449097 2.75483417510986 2.69982361793518 2.66548347473145 2.54766082763672 2.31146001815796 2.07929134368896 1.87932443618774 1.68347322940826 1.26287233829498 0.980972170829773 0.914281666278839 0.846249103546143 0.51523894071579 0.390162438154221 0.304633915424347 0.197661072015762 0.0862341150641441 -0.0455057136714458 -0.181961536407471 -0.259699374437332 -0.536136448383331 -0.816841959953308 2.49200654029846 7.19474506378174 4.4264702796936 3.57949471473694
1.24725747108459 1.20589423179626 1.16274440288544 1.21486926078796 1.25541603565216 1.19449400901794 1.10323870182037 1.07533705234528 1.03213858604431 4.39447164535522 8.87673854827881 8.76557731628418 6.14249801635742 5.30060052871704 4.65768671035767 3.92757630348206 3.44068837165833 2.91943979263306 2.68014454841614 2.51593351364136 2.4493350982666 2.4042866230011 2.5148766040802 2.36482262611389 2.10198640823364 1.9033271074295 1.71912515163422 1.53282487392426 1.41522777080536 1.33745348453522 1.22894406318665 0.813313186168671 0.560449123382568 0.483765542507172 0.396402090787888 0.276052623987198 -0.00113059487193823 -0.151750445365906 -0.257625132799149 -0.464994937181473 -0.65180516242981 -0.701844215393066 2.49951910972595 3.1213526725769 3.32255721092224
1.05417287349701 1.02278077602386 1.00111591815948 1.09069073200226 1.0840665102005 2.10123944282532 1.04514563083649 0.995236277580261 1.01275765895844 2.65276503562927 5.57650899887085 8.30512619018555 7.92162656784058 5.76218175888062 4.78949213027954 4.09025573730469 3.50379967689514 2.97713279724121 2.51205801963806 2.35811758041382 2.23955702781677 2.2176148891449 2.69906830787659 2.21874594688416 1.93934273719788 1.76048505306244 1.59923446178436 1.58296084403992 1.45731258392334 1.33153903484344 1.17943346500397 1.02445781230927 0.904181480407715 0.815537333488464 0.719470858573914 0.615325510501862 0.279944270849228 0.0375845804810524 -0.096625342965126 -0.317221879959106 -0.475212901830673 -0.613973140716553 -0.610941290855408 1.47214186191559 4.14850902557373
0.856881499290466 0.83279013633728 0.86918717622757 0.968664109706879 0.943143606185913 1.6219277381897 0.939756155014038 0.910471975803375 0.985614418983459 0.990269362926483 3.70587015151978 6.31303024291992 8.08280944824219 6.60606527328491 4.81881046295166 4.22491788864136 3.66662955284119 3.16888236999512 2.71436190605164 2.35119986534119 2.10674095153809 2.08083868026733 3.60469102859497 1.91581392288208 1.79129993915558 1.63906288146973 1.48896729946136 1.40703761577606 1.29931461811066 1.12978172302246 1.00933301448822 1.03501880168915 0.909388720989227 0.820124566555023 0.727566361427307 0.636215329170227 0.517772793769836 0.378331929445267 0.213780239224434 0.0260283406823874 -0.15684899687767 -0.395321100950241 -0.0258590951561928 0.510857284069061 3.28145527839661
0.598974168300629 0.569971084594727 0.708666622638702 1.40965783596039 1.34248065948486 1.42839705944061 1.44421482086182 1.27998292446136 0.921602427959442 0.894378960132599 1.91213893890381 3.74584865570068 6.50794839859009 6.28032255172729 4.69986391067505 4.30002307891846 3.67102575302124 3.18513059616089 2.75281929969788 2.42561006546021 2.25105500221252 2.33715462684631 2.07741713523865 1.81371772289276 1.61619937419891 1.4724543094635 1.38636362552643 1.22204685211182 1.13688611984253 1.0226571559906 0.889312624931335 0.85927814245224 0.772328734397888 0.674304842948914 0.58793967962265 0.506803274154663 0.551173627376556 0.438248813152313 0.290467649698257 0.12935996055603 -0.040751725435257 0.107028938829899 -0.0577488839626312 0.892098665237427 1.65681719779968
0.48221230506897 0.467839181423187 0.888194918632507 1.51698565483093 1.89268064498901 2.17646837234497 2.01585793495178 1.32055270671844 0.878498673439026 0.80589085817337 0.719399154186249 2.80703616142273 4.56932926177979 5.06208276748657 4.4447193145752 4.07496881484985 3.47235584259033 3.32006573677063 3.0369770526886 2.72607088088989 2.45992207527161 2.21903681755066 1.8675924539566 1.69847822189331 1.53257751464844 1.4363499879837 1.30931806564331 1.13806486129761 1.06038999557495 0.947088837623596 0.813671231269836 0.692721605300903 0.659384846687317 0.54628187417984 0.465820372104645 0.38141655921936 0.395445168018341 0.328913629055023 0.215243071317673 0.0809978395700455 -0.0284892953932285 0.0457308106124401 0.0296934228390455 0.694605648517609 0.509981036186218
0.473923295736313 0.408942878246307 0.387656837701797 1.60744559764862 2.0989203453064 2.10219812393188 1.85262644290924 1.51214075088501 1.04928910732269 0.870541989803314 0.801549196243286 2.76687407493591 3.53649067878723 4.50374841690063 4.17691993713379 3.7419216632843 3.76335787773132 3.33863234519958 2.93634867668152 2.63665413856506 2.34106993675232 1.95446336269379 1.66470193862915 1.56510210037231 1.38400304317474 1.32806706428528 1.21760845184326 1.10375761985779 0.978694379329681 0.84924453496933 0.787561237812042 0.65304958820343 0.573794662952423 0.47447270154953 0.388866484165192 0.304002076387405 0.248205095529556 0.223622381687164 0.152003854513168 0.0565868206322193 -0.0603894963860512 -0.0118785966187716 -0.0181008949875832 0.03194485232234 0.170458450913429
0.649023711681366 0.53467333316803 0.412726700305939 2.00123715400696 2.24434447288513 1.95008146762848 1.68658542633057 1.54270541667938 1.24897038936615 1.07019650936127 0.993696391582489 2.27005434036255 2.49391078948975 3.30981755256653 3.43866968154907 3.25469136238098 2.96086192131042 2.85719060897827 2.78141736984253 2.38379454612732 1.92487108707428 1.7028329372406 1.46608507633209 1.3368616104126 1.22125732898712 1.19648444652557 1.09985768795013 0.994258940219879 0.874068200588226 0.774594783782959 0.74938440322876 0.633251488208771 0.490212678909302 0.383619219064713 0.336997300386429 0.250482648611069 0.16468845307827 0.15871325135231 0.104795947670937 0.0406831875443459 -0.0394769571721554 -0.0698209851980209 -0.069980263710022 -0.10183984786272 -0.12099976092577
0.754046857357025 0.583234012126923 0.516839802265167 0.948367118835449 1.93558096885681 2.08388662338257 1.64025926589966 1.49131774902344 1.40431785583496 1.22642207145691 1.19421148300171 1.81545758247375 2.10763812065125 2.49224662780762 2.52417778968811 2.45587706565857 2.40430998802185 2.30252695083618 2.52751040458679 2.1493980884552 1.65812933444977 1.41832447052002 1.34460163116455 1.18028342723846 1.05413424968719 0.982645273208618 0.956966280937195 0.843872010707855 0.76596462726593 0.673453688621521 0.634645879268646 0.5349982380867 0.410282403230667 0.337799996137619 0.295177310705185 0.218666166067123 0.129972964525223 0.0604915544390678 0.0163685567677021 -0.00451756874099374 -0.0610154308378696 -0.113651365041733 -0.0817288234829903 -0.120309710502625 -0.149586409330368
0.807315170764923 0.598822355270386 0.553392887115479 0.510285079479218 0.501977264881134 1.39402604103088 3.90220332145691 2.80161905288696 1.47031939029694 1.34347498416901 1.34149563312531 1.74426007270813 1.81138443946838 1.92371344566345 1.81912100315094 1.86270689964294 1.96284019947052 2.1403911113739 2.20614004135132 1.65463125705719 1.26216101646423 1.28841304779053 1.18940460681915 1.00861966609955 0.897324919700623 0.783919513225555 0.769579589366913 0.675841093063354 0.630444765090942 0.59212189912796 0.524381220340729 0.43377560377121 0.346941560506821 0.253802925348282 0.206981778144836 0.136666715145111 0.071940653026104 0.00190848624333739 -0.0253641474992037 -0.0353831760585308 -0.075142577290535 -0.110674649477005 -0.130296513438225 -0.162192761898041 -0.175034657120705
1.03296756744385 0.633955955505371 0.519165098667145 0.445026874542236 0.375441908836365 0.387211203575134 4.61398363113403 4.69544696807861 3.37062954902649 2.02316546440125 1.9834052324295 2.00196027755737 1.94426512718201 1.79908525943756 1.6108558177948 1.54771423339844 1.7382550239563 2.63732099533081 1.78189504146576 1.30685603618622 1.11654078960419 1.00084400177002 0.862898707389832 0.842278838157654 0.767922103404999 0.699059367179871 0.642162203788757 0.626534461975098 0.578806936740875 0.533945262432098 0.465658843517303 0.380073249340057 0.317266345024109 0.235965594649315 0.1549012362957 0.10613652318716 0.0446849055588245 -0.0230565220117569 -0.0553594753146172 -0.0717367902398109 -0.098726712167263 -0.125214323401451 -0.158441841602325 -0.17909848690033 -0.178330987691879
1.31514549255371 0.739570677280426 0.542102813720703 0.425037801265717 0.247615441679955 0.144124165177345 7.37775278091431 7.70582008361816 6.03662443161011 3.20564460754395 2.90918827056885 2.83516263961792 2.66841268539429 2.18903255462646 1.81459593772888 1.76523458957672 2.08149909973145 3.41322326660156 1.55454015731812 1.2708535194397 1.03575575351715 0.915392816066742 0.821437895298004 0.729642271995544 0.677251935005188 0.615343272686005 0.544055044651031 0.556470572948456 0.510962665081024 0.45388463139534 0.411728918552399 0.349130660295486 0.294585853815079 0.218582570552826 0.144679397344589 0.0942410007119179 0.0466027781367302 -0.00349749624729156 -0.0413416437804699 -0.0712462365627289 -0.105963043868542 -0.141146406531334 -0.15549136698246 -0.163610577583313 -0.182623475790024
1.53911972045898 0.914139330387115 0.657073676586151 0.477047204971313 0.331497758626938 0.0807035267353058 1.44093430042267 12.5914516448975 9.82468223571777 5.34029960632324 4.66677236557007 4.32849407196045 3.98358774185181 3.17858552932739 2.42367625236511 2.35110592842102 2.33464026451111 2.18116164207458 1.61887454986572 1.38868319988251 1.17621695995331 1.0030665397644 0.775941610336304 0.677231907844543 0.639328122138977 0.575398147106171 0.509476482868195 0.459485769271851 0.416310906410217 0.381279498338699 0.330535262823105 0.302099168300629 0.253035485744476 0.176150292158127 0.10853374004364 0.0579354949295521 0.0311837214976549 -0.00232363841496408 -0.0403308719396591 -0.0747329965233803 -0.0896982997655869 -0.115244299173355 -0.134501487016678 -0.156554073095322 -0.174120157957077
1.68465733528137 1.24163317680359 0.918356776237488 0.695989370346069 0.507119476795197 0.195964023470879 0.0592382997274399 10.4935512542725 10.2693948745728 7.99744176864624 6.17154121398926 5.44505310058594 4.94314479827881 4.53998422622681 3.4375376701355 3.24684715270996 3.16323494911194 2.64189577102661 1.93872594833374 1.74272990226746 1.4997820854187 1.29432952404022 0.902678251266479 0.754790782928467 0.669979810714722 0.58453494310379 0.488024204969406 0.410386800765991 0.372609823942184 0.341695129871368 0.280502706766129 0.226354032754898 0.211423829197884 0.179420992732048 0.115003861486912 0.0790314003825188 0.0379390493035316 -0.039406280964613 -0.090745210647583 -0.124145291745663 -0.121049426496029 -0.130105882883072 -0.150894165039062 -0.180273875594139 -0.198795899748802
1.84174966812134 1.47698175907135 1.03875279426575 0.841836035251617 0.547531008720398 0.389222294092178 0.373285114765167 3.34941983222961 6.44449377059937 8.07332897186279 7.08974695205688 6.27967500686646 5.64052248001099 5.19259214401245 4.12559175491333 3.84778523445129 3.69007873535156 3.50572085380554 2.64305830001831 2.4080536365509 2.02264142036438 1.88633072376251 1.29856419563293 0.969522953033447 0.836503028869629 0.735563695430756 0.669506132602692 0.422586917877197 0.35764268040657 0.307378232479095 0.227298393845558 0.17475101351738 0.119105510413647 0.0948439240455627 0.0381082221865654 -0.0221413541585207 -0.0720341950654984 -0.107048377394676 -0.148426741361618 -0.181840166449547 -0.178545564413071 -0.180759519338608 -0.200854614377022 -0.225751221179962 -0.242613658308983
1.95976901054382 1.53297758102417 1.11966097354889 0.930602610111237 0.599262356758118 0.510182619094849 2.56249332427979 1.46412837505341 3.12756180763245 8.42847442626953 7.7388916015625 5.42464780807495 4.82689142227173 4.43840217590332 4.70334243774414 4.36466312408447 4.11942291259766 3.9169716835022 3.06607484817505 2.77838230133057 2.41896343231201 2.1598002910614 1.88908851146698 1.45252251625061 1.27441966533661 1.14234304428101 1.04114174842834 0.64705890417099 0.479284763336182 0.405325651168823 0.352173715829849 0.16329787671566 0.108305223286152 0.0596394427120686 -0.00286164041608572 -0.0611472614109516 -0.108179114758968 -0.146296307444572 -0.173261478543282 -0.206529080867767 -0.236271321773529 -0.240431904792786 -0.263328641653061 -0.285538852214813 -0.301426082849503
