slauniainen/Data/DEM/Vihti_dsm1500b_cl_horizonAngle_42.asc
NCOLS 196 
NROWS 178 
XLLCORNER 353680 
YLLCORNER 6699024 
CELLSIZE 16 
NODATA_value -3.4e+38 
[rows 80 to 99 of 178, columns 46 to 91 of 196]
5.72097492218018 5.54408311843872 6.25469207763672 5.22603416442871 5.84920358657837 4.71281147003174 4.84303760528564 4.73004293441772 4.68337774276733 5.81744384765625 5.75311851501465 6.43591547012329 6.43985271453857 8.56601142883301 9.21375560760498 9.08235359191895 10.4702863693237 10.6954526901245 12.5983972549438 10.6899862289429 6.90063428878784 10.9005279541016 11.5235214233398 17.8743286132812 19.7060146331787 12.5065593719482 2.74504828453064 1.87548458576202 3.93299078941345 2.96485090255737 6.57650899887085 11.7883939743042 17.4360847473145 18.1941146850586 14.1530199050903 21.6406383514404 6.18042373657227 3.5899121761322 3.06171321868896 4.07387542724609 4.31195831298828 3.7697765827179 5.50501203536987 7.28803062438965 9.2368106842041 8.6051082611084
5.0779709815979 5.69777297973633 4.78718185424805 5.36626148223877 4.2340874671936 4.50327777862549 4.33505821228027 4.26663208007812 5.30806350708008 5.31882476806641 5.89643478393555 5.88315391540527 6.62654066085815 8.09381866455078 8.35939693450928 9.08093547821045 9.44626998901367 10.3072395324707 8.45952987670898 6.46598482131958 9.26968479156494 9.69016170501709 10.9123840332031 11.1990022659302 8.86992931365967 20.0279083251953 18.865592956543 3.35269689559937 2.69446396827698 4.34695625305176 6.25133943557739 10.2646465301514 10.8446216583252 9.27842330932617 15.0069713592529 4.98370933532715 28.1251602172852 21.8057651519775 14.0479125976562 6.83172178268433 7.688889503479 4.74632740020752 7.03623723983765 9.52228832244873 15.270902633667 22.5836544036865
5.23606872558594 4.3679518699646 4.93234348297119 3.87409687042236 4.20133686065674 3.99602389335632 3.93972015380859 4.88471174240112 4.94211006164551 5.37397766113281 5.37705898284912 6.0430850982666 7.26578187942505 7.22047281265259 8.02195930480957 8.19246673583984 7.41297769546509 9.42602634429932 7.60215950012207 7.45033645629883 8.20270156860352 9.02932643890381 9.05646419525146 7.53853034973145 11.4212827682495 10.3935241699219 3.11962223052979 2.67239499092102 2.7982292175293 4.55945014953613 6.91827869415283 7.07368278503418 6.12919235229492 9.7509126663208 12.1003017425537 17.0185680389404 15.4606981277466 18.1843757629395 8.00114917755127 3.45071864128113 9.56819343566895 12.5093421936035 7.82383394241333 10.5023012161255 12.631947517395 14.4213075637817
4.32304286956787 4.49342346191406 3.47953748703003 3.7700572013855 4.00509023666382 3.81768298149109 4.504319190979 4.60756731033325 4.97197103500366 4.98815488815308 5.48182344436646 6.50927019119263 6.28266477584839 7.14351558685303 7.35414981842041 6.50191354751587 8.12661361694336 6.59496593475342 6.1663670539856 6.79467058181763 7.19711017608643 7.43480110168457 6.86882925033569 8.71461772918701 7.62782430648804 2.94934368133545 2.64711046218872 2.86583471298218 3.89278984069824 5.47334432601929 5.24378347396851 4.92502975463867 6.52739763259888 5.39942073822021 11.2550649642944 11.9669628143311 12.9459209442139 28.4862003326416 13.1782989501953 7.04880666732788 6.90145111083984 7.06254959106445 7.8588752746582 10.384801864624 9.26109218597412 12.1185121536255
4.0686502456665 3.08919978141785 2.97101187705994 3.72843217849731 3.55974626541138 4.1922492980957 4.21695613861084 4.6121187210083 4.61132431030273 4.98721647262573 5.87979030609131 5.53439855575562 6.40224695205688 6.56424236297607 5.66105842590332 7.21161699295044 5.92272138595581 4.57945871353149 5.64854001998901 6.20019340515137 6.51089096069336 6.1318998336792 6.9732813835144 6.22283697128296 2.87093043327332 2.57420635223389 2.61071372032166 3.62757349014282 4.05860614776611 5.13435125350952 4.8143458366394 4.65809392929077 4.65036153793335 8.15289211273193 8.82723331451416 9.67402839660645 15.912202835083 29.7787475585938 24.5516242980957 11.4656810760498 6.38445615768433 7.10938405990601 6.98169755935669 8.75720500946045 9.20052337646484 11.795841217041
3.87644720077515 2.64515399932861 3.44323015213013 3.35410213470459 3.23453283309937 4.02267599105835 4.25338983535767 4.24616432189941 4.54682207107544 5.34201717376709 4.94908809661865 5.80565023422241 5.95584201812744 5.00769233703613 6.39324235916138 5.23101902008057 4.07799959182739 4.97689342498779 5.60558652877808 5.66816139221191 5.47579622268677 5.49385166168213 5.08627557754517 4.34347057342529 1.90935468673706 1.45869958400726 3.32076096534729 3.83620834350586 4.83208560943604 4.53954124450684 4.37270975112915 4.32722043991089 6.02839946746826 6.85709095001221 7.60952281951904 10.5799131393433 16.0689353942871 13.7522010803223 6.93043613433838 19.4190101623535 11.6030111312866 18.0909862518311 9.15513038635254 8.03507518768311 8.87783908843994 6.64111280441284
2.4228880405426 3.1443350315094 3.0354368686676 2.98571515083313 3.77518701553345 3.85168099403381 4.02801084518433 4.1614408493042 4.89664173126221 4.51330518722534 5.28412389755249 5.43338441848755 4.49245309829712 5.73455572128296 4.6975417137146 3.67661309242249 4.40940856933594 4.91927433013916 5.13548040390015 4.99556064605713 4.45964527130127 4.72575187683105 1.63754045963287 1.41342496871948 24.6840362548828 1.4399219751358 1.83963549137115 3.18587732315063 4.21978712081909 4.47690963745117 4.31377410888672 3.85472369194031 5.172194480896 5.86230278015137 7.73167896270752 11.323618888855 9.36322975158691 6.92385101318359 10.8988075256348 7.07804203033447 9.91094493865967 8.01624774932861 15.2715358734131 6.9252815246582 14.3205213546753 9.54790687561035
2.87598705291748 2.78963041305542 2.70681762695312 3.38863205909729 3.55791974067688 3.79610109329224 3.8829243183136 4.51429080963135 4.17372989654541 4.86165857315063 5.01740169525146 4.11156845092773 5.22991132736206 4.28207635879517 3.33914566040039 3.92296981811523 4.35894441604614 4.5247688293457 4.48579835891724 4.08709907531738 4.27710771560669 17.8657627105713 18.1568336486816 8.27373600006104 7.08814382553101 1.64195609092712 5.11024475097656 4.041100025177 4.16399383544922 3.65800523757935 4.08875179290771 4.25148010253906 4.33276796340942 5.17075967788696 8.571457862854 7.08185863494873 7.45667552947998 7.70644092559814 6.6831431388855 6.96859121322632 7.46552181243896 7.90756034851074 24.5270938873291 5.24869775772095 11.6480474472046 21.0390701293945
2.4567723274231 2.41527199745178 3.10221529006958 3.27071738243103 3.39111828804016 3.42205142974854 4.03759717941284 3.79698801040649 4.36430406570435 4.53236675262451 3.65613222122192 4.74086332321167 3.90856146812439 3.07868885993958 3.51137232780457 3.87156081199646 4.01470232009888 4.0669150352478 3.65186738967896 3.73980379104614 9.8971700668335 9.08610248565674 7.91596603393555 6.32024621963501 14.2058839797974 3.13717436790466 3.87920093536377 3.84961152076721 3.60022068023682 3.76753830909729 3.0285804271698 4.02132844924927 4.50023794174194 5.10157012939453 7.31009817123413 6.07736110687256 5.8564600944519 6.34344291687012 6.5262598991394 6.88778305053711 7.20976066589355 11.3918943405151 4.82437562942505 7.3580756187439 12.0560817718506 25.3329830169678
2.12959766387939 2.77341032028198 3.01580691337585 3.1482367515564 3.16159319877625 3.25679039955139 3.80995750427246 3.93501687049866 4.05376863479614 3.1415581703186 4.12306451797485 3.38003706932068 2.68595504760742 2.99699902534485 3.35727477073669 3.52376246452332 3.69156885147095 3.31883597373962 3.29190397262573 6.53096342086792 6.95273208618164 7.19826936721802 15.0931901931763 12.5741281509399 2.23839569091797 3.73174214363098 2.81423783302307 3.34252071380615 4.68183040618896 16.3828048706055 3.00086855888367 4.02554988861084 3.73069596290588 3.13719916343689 4.53346300125122 5.13995599746704 5.81451082229614 6.06820058822632 6.15222978591919 6.66864347457886 6.92005729675293 25.738208770752 5.6646876335144 9.38751602172852 13.7778549194336 13.933876991272
2.455730676651 2.68243885040283 2.75749731063843 2.90871906280518 3.01258707046509 3.48064732551575 3.27541637420654 3.73293471336365 3.83917832374573 3.68781805038452 2.96022868156433 2.39090013504028 2.48756432533264 2.86730813980103 3.08539414405823 3.37200021743774 2.94263672828674 2.83117485046387 4.74481725692749 5.14034223556519 5.71259069442749 8.48873138427734 8.47641754150391 30.8532028198242 3.60770440101624 29.9814834594727 15.0033330917358 2.59273719787598 3.28883790969849 6.61668825149536 2.90268683433533 11.3511648178101 6.85979652404785 3.96199107170105 4.48566341400146 5.16894960403442 4.88554096221924 4.64140605926514 6.22007513046265 6.34679555892944 12.5420789718628 10.1846590042114 7.63428020477295 7.59983015060425 9.29050064086914 7.43715333938599
2.40836882591248 2.43711233139038 2.46637606620789 2.58113408088684 3.17877960205078 3.01142263412476 3.38541579246521 3.47560667991638 3.27560830116272 2.61235022544861 2.19861125946045 2.22449493408203 2.39703726768494 2.61258554458618 2.97284865379333 2.53479695320129 2.49006533622742 3.3944833278656 3.75077939033508 2.746248960495 5.86299133300781 6.3139533996582 16.2961273193359 3.48553133010864 15.9511957168579 7.61457443237305 27.3234233856201 10.3382577896118 2.49680376052856 13.2446956634521 3.24536466598511 15.7279005050659 3.91913080215454 4.06589126586914 4.52286243438721 4.85286855697632 15.4818964004517 5.09062385559082 6.10446500778198 8.30299186706543 5.60094261169434 6.60526275634766 13.2643480300903 7.74672698974609 6.98878765106201 9.98951721191406
2.21344685554504 2.29135608673096 2.36389350891113 2.76051187515259 2.73424863815308 3.05086326599121 3.14548182487488 2.28195190429688 3.10407400131226 2.44090151786804 2.08289003372192 2.06200909614563 2.21274828910828 1.98432970046997 2.66907453536987 2.03195238113403 2.1978862285614 2.56390523910522 2.9100513458252 4.10445499420166 4.94021654129028 10.7754669189453 3.31325793266296 10.5327653884888 5.02906703948975 14.391770362854 5.17205715179443 15.1060562133789 2.81430983543396 10.7203998565674 10.1562767028809 3.13027000427246 5.56982755661011 4.39628171920776 4.48126459121704 4.69788026809692 4.96331262588501 4.83419370651245 6.96577787399292 5.3633713722229 5.54343461990356 6.69442319869995 7.25512981414795 16.2322158813477 4.45392656326294 14.3218421936035
0.741462349891663 2.13949012756348 2.54141592979431 2.45056843757629 2.77025723457336 2.87043213844299 1.96484518051147 2.73274445533752 2.15618634223938 1.93819892406464 1.9460357427597 1.96601700782776 1.8017657995224 2.35498809814453 1.73673939704895 1.91888630390167 1.84269630908966 2.15901803970337 3.03744864463806 3.87757992744446 7.84249639511108 3.19124555587769 7.4691367149353 3.31555032730103 9.59495067596436 3.28618311882019 7.60470008850098 22.1760425567627 3.12437772750854 3.20772075653076 22.1471748352051 8.58706760406494 3.95903730392456 4.86355972290039 4.610764503479 4.70435237884521 13.6372442245483 5.14756679534912 5.14288139343262 5.37496566772461 6.19349002838135 6.79156351089478 7.53739547729492 25.4718246459961 8.98532390594482 13.2608680725098
0.973198890686035 0.799070656299591 2.16740441322327 2.47972846031189 2.59124135971069 1.74822247028351 2.41559910774231 1.82676351070404 1.74635875225067 1.77992296218872 1.77407193183899 1.76941728591919 2.1368579864502 1.63639044761658 1.70520150661469 1.5622478723526 1.63450241088867 2.47310543060303 3.06409215927124 5.7366771697998 3.03915500640869 5.78928327560425 3.1890754699707 6.53627634048462 2.91453266143799 5.06883335113525 2.32425475120544 21.608081817627 3.03489208221436 4.65963649749756 5.35946273803711 18.3974475860596 4.03606081008911 4.0974326133728 8.65708923339844 4.38076210021973 4.05718278884888 3.79157209396362 5.073646068573 5.87445306777954 6.49285173416138 6.740149974823 13.5497093200684 4.07258892059326 9.36419868469238 8.0202112197876
0.223668828606606 -0.0810458138585091 2.21495532989502 2.31462240219116 1.5220251083374 2.1886146068573 1.62712383270264 1.5791027545929 1.58453917503357 1.56949496269226 1.53660607337952 1.93735766410828 1.49946355819702 1.54379451274872 1.46355640888214 1.37843143939972 2.09297966957092 2.61952996253967 2.48691272735596 4.90934801101685 3.10481762886047 5.0639796257019 5.10072565078735 2.79419636726379 3.32342314720154 16.6798629760742 2.74357724189758 14.6065244674683 13.4616069793701 4.03415775299072 9.63640308380127 7.88900375366211 15.3348579406738 6.03574085235596 15.1253356933594 24.527027130127 5.17551946640015 3.84726238250732 5.54498910903931 6.12621927261353 6.37355804443359 9.42987155914307 9.40479946136475 5.98270606994629 6.71638870239258 8.45333862304688
-0.575232326984406 -0.712081372737885 -0.148937627673149 1.29726779460907 1.95564198493958 1.51649963855743 1.47446346282959 1.45750856399536 1.40085756778717 1.36682081222534 1.69799506664276 1.37440419197083 1.37876081466675 1.36336708068848 1.30073261260986 1.81604373455048 2.27541470527649 2.20997953414917 4.19789171218872 1.93045580387115 4.04574346542358 2.86121416091919 4.70538759231567 2.59798169136047 15.4413585662842 26.3186626434326 2.96025681495667 7.03182363510132 3.88174533843994 6.7986273765564 3.76941084861755 3.65749979019165 4.78285026550293 8.66296768188477 12.9423398971558 17.0580444335938 21.3361682891846 5.40756559371948 5.87183904647827 6.02687501907349 6.86928701400757 5.71269845962524 6.23812198638916 4.60837984085083 6.65299987792969 13.8078384399414
5.89271402359009 -0.426945358514786 -0.346786558628082 -0.188738077878952 1.36973559856415 1.367147564888 1.36331737041473 1.32050228118896 1.25731647014618 1.47099435329437 1.22197532653809 1.18352961540222 1.23631799221039 1.19771099090576 1.54164910316467 1.95618617534637 1.87402451038361 3.60241150856018 1.26571655273438 3.48723173141479 2.37912225723267 3.85447025299072 1.97023105621338 10.2869482040405 13.6201429367065 11.3015241622925 4.84820604324341 2.91189622879028 2.74558329582214 15.0209341049194 3.07598400115967 4.47728633880615 2.45355272293091 8.49654865264893 8.03891754150391 11.3400964736938 5.19802618026733 5.71181392669678 5.83062314987183 3.71364307403564 3.48391270637512 4.07918882369995 5.19324016571045 5.34080982208252 3.92790555953979 5.3896222114563
12.0427408218384 2.65267109870911 -0.198341399431229 -0.321296185255051 -0.010093186981976 1.22935688495636 1.20553016662598 1.18063366413116 1.37556409835815 1.124267578125 0.993104040622711 1.11551225185394 1.08740401268005 1.24839663505554 1.62400019168854 1.52543950080872 2.95334720611572 1.11918675899506 2.99877762794495 1.54465937614441 3.25417590141296 1.68826544284821 7.52094888687134 8.9184045791626 5.36051797866821 3.51588082313538 14.9269361495972 24.346887588501 7.12560701370239 23.6696300506592 4.2082200050354 2.25822043418884 1.01647198200226 3.77678298950195 5.91622829437256 4.84136533737183 5.43554639816284 4.17351007461548 2.5540497303009 3.1011745929718 3.91803812980652 3.75911974906921 3.83454966545105 3.76702833175659 5.07158613204956 5.31214952468872
6.73064613342285 3.1614773273468 -0.471934854984283 -0.551571667194366 -0.237973064184189 1.07592296600342 1.06068909168243 1.2339118719101 1.06505882740021 0.924728155136108 1.01943063735962 0.983149588108063 0.963457465171814 1.31800258159637 1.2187659740448 2.44935250282288 0.965139508247375 2.49734878540039 1.44818437099457 2.76123881340027 1.44341707229614 5.86017179489136 6.47406101226807 3.85666990280151 2.79396677017212 7.15926599502563 12.5738649368286 4.92889451980591 3.14826774597168 3.94083738327026 38.35791015625 12.7560195922852 0.624751210212708 1.53437888622284 4.26743602752686 4.93551969528198 3.61872577667236 7.53308248519897 18.0731620788574 5.03353595733643 3.75196719169617 3.69068145751953 14.1228532791138 3.51275539398193 4.87147998809814 4.48995923995972
