slauniainen/Data/DEM/Vihti_dsm1500b_cl_horizonAngle_72.asc
NCOLS 196 
NROWS 178 
XLLCORNER 353680 
YLLCORNER 6699024 
CELLSIZE 16 
NODATA_value -3.4e+38 
[rows 0 to 19 of 178, columns 90 to 134 of 196]
-0.2958003282547 22.7336826324463 7.29531288146973 -4.6310076713562 0.081722691655159 -2.74063873291016 -4.04430484771729 -3.54365181922913 -1.60126960277557 -1.19104623794556 -0.813305258750916 0.17000250518322 0.608086407184601 38.1292724609375 -1.3157057762146 0.683719158172607 0.185101434588432 0.341125220060349 0.386348307132721 0.429372817277908 0.770448267459869 0.78161484003067 0.801841795444489 0.577216982841492 0.610114276409149 0.635524272918701 0.816378533840179 2.46247124671936 2.71943235397339 3.02152729034424 3.83668851852417 4.41134357452393 5.18195390701294 4.98876476287842 4.83994722366333 6.74697494506836 5.60299682617188 2.98898196220398 3.83261299133301 5.53369808197021 6.09037828445435 6.76286602020264 7.71219635009766 9.04551124572754 12.7800159454346
7.77949142456055 20.2860431671143 -3.97916412353516 -2.05405569076538 -4.2371187210083 -3.78752017021179 -3.64272546768188 -3.33164668083191 -1.48232400417328 -0.976445436477661 6.23456192016602 11.7446756362915 40.012638092041 -1.36530017852783 20.3804683685303 -0.631302773952484 0.300960630178452 0.720868349075317 0.744989931583405 0.766548454761505 0.534466207027435 0.543077528476715 0.572572886943817 0.603872001171112 1.87817776203156 2.02268290519714 2.17965722084045 2.66081380844116 2.94077897071838 3.26805257797241 3.15019989013672 2.43718481063843 2.86513829231262 2.9265513420105 19.485408782959 2.78754091262817 2.8235194683075 4.55305004119873 4.91905450820923 5.1492338180542 5.72108030319214 7.29680204391479 8.39485549926758 9.84611415863037 12.6554298400879
1.2415988445282 11.6586313247681 1.54245781898499 7.64958333969116 -4.12282705307007 -3.90617990493774 -3.81305623054504 -3.35344886779785 -0.928990721702576 3.39399099349976 9.18499565124512 18.8119068145752 27.9651412963867 -0.93278557062149 22.2689247131348 17.8267421722412 -0.295844823122025 0.206650882959366 0.524715602397919 0.534602761268616 0.492488026618958 1.50824737548828 1.61666429042816 1.72828257083893 2.04278469085693 2.19985389709473 2.38145065307617 2.29415369033813 1.61941683292389 1.80099296569824 2.21967482566833 4.93292760848999 6.4165735244751 8.95883941650391 20.589599609375 2.51322412490845 3.92360949516296 4.1481728553772 5.09713411331177 5.61262035369873 6.2255392074585 6.66434907913208 13.4987659454346 48.9174766540527 0.833560228347778
2.65648984909058 2.55902242660522 6.06419944763184 -0.242796450853348 3.04155206680298 -3.64183616638184 -3.06333875656128 -1.60616087913513 -0.160330727696419 -1.06892430782318 4.3233118057251 15.8904228210449 3.43236422538757 10.282247543335 8.14809703826904 11.210355758667 -0.43133419752121 0.334395468235016 0.895491123199463 1.33883357048035 1.41984534263611 1.65972352027893 1.76256799697876 1.87617588043213 1.80879521369934 1.34902691841125 1.39962208271027 1.92627990245819 2.7990391254425 3.22331690788269 3.78304052352905 5.3296856880188 6.90954065322876 13.7392749786377 2.43223094940186 3.90401101112366 4.18807172775269 4.53843832015991 4.63233089447021 7.72260522842407 15.558723449707 19.993371963501 48.5245971679688 0.875690460205078 11.190990447998
2.70750260353088 11.9169645309448 27.6682548522949 10.6052494049072 -2.53228998184204 -3.53903532028198 -1.63390839099884 -1.21547615528107 0.54436993598938 1.83361780643463 5.16572284698486 18.5058765411377 4.51064538955688 1.64004957675934 3.95029425621033 13.4825248718262 -0.860331773757935 0.266744583845139 1.37483191490173 1.45592105388641 1.54232287406921 1.48973619937897 1.20207500457764 1.24299323558807 1.70306301116943 1.98092174530029 2.47050619125366 2.57279896736145 3.02781772613525 3.48510670661926 4.08951091766357 4.50357294082642 6.29586029052734 12.0863218307495 2.81570363044739 3.54443979263306 5.37894201278687 8.95429515838623 10.2107200622559 15.3153581619263 19.7094955444336 26.8895931243896 42.7299346923828 23.1621131896973 0.0197241567075253
5.00149059295654 20.9055080413818 24.6249504089355 27.4896373748779 23.6318397521973 -2.96702480316162 -1.1357045173645 0.535307288169861 1.43068408966064 2.644127368927 19.5439720153809 0.886531412601471 7.36500072479248 19.7304058074951 4.55605173110962 -0.414563745260239 0.0469446368515491 0.838348388671875 1.04649150371552 1.08084344863892 1.11667060852051 1.52461433410645 1.77370750904083 2.1836302280426 2.26285600662231 2.34826064109802 2.37386512756348 2.578444480896 2.62535643577576 2.75157380104065 3.14167428016663 4.08526372909546 5.72625684738159 10.9118986129761 5.33243846893311 6.86319732666016 8.75032424926758 10.1060924530029 11.8552751541138 12.6345529556274 18.2245121002197 23.1309375762939 34.1648597717285 14.0916328430176 1.3090238571167
9.65519905090332 4.08718013763428 8.20096683502197 20.9893817901611 -1.66261315345764 -2.09255957603455 -0.194735050201416 1.16195893287659 3.75734376907349 8.31112670898438 15.2479410171509 2.83166337013245 11.7048778533936 2.0167396068573 -0.0137801328673959 0.407747805118561 0.740752696990967 1.00232446193695 1.37644708156586 1.60234987735748 1.95361375808716 2.01861906051636 2.08644723892212 2.10853004455566 1.99326813220978 2.28044652938843 2.37411165237427 2.47594451904297 2.39937353134155 2.51364541053772 3.45864248275757 4.92952489852905 5.30059814453125 6.31347322463989 6.87625789642334 7.4238977432251 8.02413749694824 10.4455213546753 12.0056171417236 14.047345161438 17.5118598937988 24.0495586395264 29.1772727966309 41.6112594604492 -0.0874024704098701
2.72194337844849 -1.83963012695312 3.58375716209412 8.87634658813477 -0.976116716861725 -0.395399510860443 1.89049744606018 0.738556385040283 0.937049984931946 20.2334728240967 -0.316191017627716 -0.312069743871689 4.30556774139404 13.4987897872925 -0.0216317120939493 0.553355753421783 1.05181384086609 1.76174938678741 1.81961715221405 1.87540471553802 1.89727318286896 1.77044296264648 2.01436519622803 2.08770394325256 2.16699123382568 2.08353686332703 2.77689981460571 2.93502187728882 4.00325632095337 4.24296855926514 4.8642315864563 5.22894144058228 5.76170063018799 6.19912958145142 8.04246616363525 7.4468150138855 8.95584297180176 9.66621971130371 11.0643138885498 12.9712448120117 18.9936275482178 24.1814994812012 32.3528823852539 19.5855598449707 1.04078316688538
-2.54900312423706 3.74078035354614 -1.77012085914612 -1.36278915405273 1.10956370830536 4.44486331939697 30.6545028686523 -1.01379144191742 8.88180065155029 8.96454429626465 11.3980569839478 3.97936964035034 8.42297267913818 12.6736640930176 0.830453813076019 1.52711272239685 1.68351900577545 1.72026121616364 1.5903776884079 1.80271553993225 1.86316168308258 1.92421758174896 1.84123015403748 2.41319227218628 3.21788907051086 3.37108874320984 3.53980159759521 3.94942116737366 4.18466997146606 4.67546892166138 4.96465492248535 5.80542278289795 6.24139261245728 6.74769115447998 6.98460578918457 8.47065830230713 9.76752090454102 8.78209209442139 12.6038026809692 14.6996421813965 11.0556364059448 14.3593368530273 22.1122455596924 4.81622457504272 7.2296347618103
-2.34066367149353 8.76260852813721 -0.0102883325889707 4.68987560272217 8.19468688964844 13.9982633590698 2.25279068946838 2.12943720817566 3.02810478210449 4.39266729354858 4.46434259414673 6.6363263130188 13.2474279403687 1.06455326080322 1.50068640708923 1.33629143238068 1.61830878257751 1.67221760749817 1.72870767116547 1.64765584468842 2.13116860389709 2.79205727577209 2.9078061580658 3.17261648178101 3.32549643516541 3.75557661056519 3.9324746131897 4.13287019729614 4.70720243453979 4.99130487442017 5.31140184402466 5.3622670173645 5.76972532272339 6.23055076599121 7.90792560577393 8.68909645080566 9.59217166900635 42.4417495727539 0.750767469406128 8.01934146881104 7.13191270828247 10.1939897537231 9.39255142211914 21.945987701416 2.04545307159424
-1.86640882492065 0.995235443115234 2.70274114608765 -0.343210846185684 0.360868543386459 1.01111626625061 1.55017149448395 1.39699363708496 2.11338639259338 3.03660273551941 2.88400197029114 5.33439302444458 1.20310771465302 1.39943850040436 1.46222448348999 1.52470624446869 1.46830213069916 1.89770841598511 2.46033143997192 2.55267548561096 2.75378680229187 2.8677134513855 3.26119089126587 3.39646029472351 3.7788405418396 3.95759963989258 4.16360235214233 4.38324117660522 4.35550260543823 4.61860752105713 4.90563869476318 6.08291435241699 6.53581571578979 7.05522680282593 12.7432622909546 16.4580478668213 22.6601066589355 10.0926284790039 3.37097764015198 3.16198873519897 5.43308782577515 7.1144847869873 10.0891971588135 10.5615577697754 7.55041027069092
-1.92935967445374 -0.947045922279358 -0.634741365909576 -0.186971008777618 -0.270295202732086 0.70279324054718 0.851283609867096 0.934346497058868 1.01897585391998 0.927061796188354 1.12975466251373 1.22379899024963 1.31687104701996 1.27507519721985 1.65985333919525 2.15351486206055 2.2494204044342 2.39732003211975 2.48587608337402 2.86319375038147 2.98179054260254 3.28033709526062 15.251030921936 2.8381290435791 3.49135613441467 3.66682291030884 3.85081958770752 4.05147838592529 4.93954753875732 5.2394642829895 5.5632758140564 7.29026937484741 8.38801193237305 9.82821464538574 3.42957067489624 3.36473560333252 4.66986513137817 4.75181818008423 15.852294921875 1.73608648777008 4.3852014541626 3.65225076675415 4.33079767227173 2.31795620918274 2.38119173049927
-0.897190749645233 -0.750326931476593 -0.636606156826019 -0.488511383533478 0.560912370681763 0.667313456535339 0.608009278774261 0.836578190326691 0.934928715229034 1.01829695701599 1.00041246414185 1.37044775485992 1.8297483921051 1.93980097770691 2.09867715835571 2.19420766830444 2.53152632713318 2.62962055206299 2.84609150886536 3.61441826820374 18.3774909973145 2.20901536941528 13.3243818283081 2.52918577194214 3.96763968467712 4.15586137771606 4.36465311050415 4.59578418731689 5.10210657119751 5.61343145370483 6.22655439376831 2.82425093650818 2.64150667190552 2.55773639678955 2.61158442497253 3.96158742904663 5.15774631500244 7.08319902420044 2.59187722206116 7.12205457687378 20.5868339538574 1.46366167068481 2.23092675209045 2.74356484413147 2.81400108337402
-0.780480325222015 -0.709550499916077 -0.609427094459534 0.259018898010254 0.418812781572342 0.503858864307404 0.620498478412628 0.640266418457031 0.997573614120483 1.42402505874634 1.54712808132172 1.69956505298615 1.8107784986496 2.17527270317078 2.29302716255188 2.51469445228577 2.60555577278137 4.2642502784729 5.81422805786133 28.9969997406006 1.56971824169159 5.90094757080078 17.3982830047607 2.76499390602112 2.33703851699829 3.9183087348938 4.21808195114136 4.56102991104126 2.07432961463928 2.17878985404968 2.11069679260254 2.16455960273743 2.30191850662231 2.65594077110291 3.09816122055054 1.96699702739716 2.11328721046448 7.12975120544434 9.23945903778076 12.8083515167236 11.4654083251953 2.122882604599 2.58160662651062 27.4251041412354 1.44624948501587
-0.973064243793488 -0.918957233428955 -0.854579627513885 0.320385634899139 0.271858036518097 0.554752230644226 0.912283658981323 1.03635537624359 1.19299101829529 1.33700585365295 1.7235734462738 1.85796272754669 2.07094764709473 2.20368909835815 2.33850526809692 2.54448294639587 7.29764890670776 9.60127830505371 13.674654006958 30.8835563659668 1.73436641693115 7.96346521377563 2.95812320709229 22.452672958374 1.72342371940613 1.77405071258545 1.7204395532608 1.76300275325775 1.49233543872833 1.60267734527588 1.76719892024994 1.96555984020233 1.60346567630768 1.87537097930908 4.1155047416687 4.69914579391479 5.4970965385437 4.84446477890015 6.23981332778931 8.58912754058838 18.9264640808105 4.11252164840698 3.29272818565369 29.026388168335 6.82649374008179
-0.964934587478638 -0.904293298721313 0.345060080289841 0.627254843711853 0.688979685306549 0.76876163482666 0.855205059051514 1.2098776102066 1.33005237579346 1.53458392620087 1.68360722064972 1.83441293239594 1.82094419002533 3.29734969139099 4.16709613800049 5.24188566207886 8.41909217834473 11.1343145370483 15.0993585586548 2.38773155212402 5.70067691802979 7.54508972167969 10.6114616394043 26.014310836792 0.249859869480133 1.18631827831268 1.314981341362 1.3863160610199 1.43241047859192 1.33775424957275 1.40714192390442 2.87525725364685 3.17448258399963 3.52143692970276 2.76402544975281 3.16628336906433 3.68796300888062 4.77495384216309 6.33265495300293 8.84795570373535 10.4241895675659 9.3188304901123 13.9632987976074 16.7413635253906 25.1851654052734
0.46877133846283 0.519854784011841 0.57997727394104 0.641541540622711 0.947675049304962 1.00581359863281 1.12292230129242 1.19447720050812 1.2905513048172 1.26407432556152 1.41500127315521 1.5900114774704 2.17754626274109 3.73664832115173 4.69782876968384 5.92853784561157 2.09195804595947 11.6193885803223 1.86318755149841 4.36580514907837 6.97839450836182 9.06786823272705 19.1659832000732 0.0894126296043396 0.406620889902115 0.845857322216034 0.927801728248596 0.605175077915192 2.2053644657135 2.37951755523682 2.57355403900146 1.94731044769287 2.14549350738525 2.37938284873962 3.03920078277588 3.3480052947998 3.81149220466614 4.59359836578369 5.56815576553345 6.36812448501587 7.43377113342285 5.77189826965332 7.81025743484497 11.1431312561035 11.1344194412231
0.483115792274475 0.773615479469299 0.834296584129333 0.936258018016815 0.990370512008667 1.04594242572784 0.95584100484848 1.02445471286774 1.09419476985931 1.46459317207336 1.60662627220154 1.86078119277954 2.47685289382935 1.47062301635742 1.63457310199738 2.09062027931213 18.4557266235352 0.878231883049011 3.81684565544128 5.33770418167114 6.27536344528198 8.80953121185303 5.78403043746948 9.93415832519531 0.059133518487215 1.02559804916382 1.14879107475281 1.94074249267578 1.43402779102325 1.56962764263153 1.71111798286438 2.34432768821716 2.52577590942383 2.72375345230103 3.25296902656555 3.90163946151733 4.28201055526733 4.74628257751465 4.00622081756592 4.57105159759521 4.858802318573 9.55119228363037 3.21376848220825 10.2651681900024 10.9119806289673
0.762769937515259 0.826133251190186 0.882350504398346 0.807628452777863 0.871577560901642 0.912915408611298 1.20359551906586 1.26642227172852 1.34509682655334 0.772511065006256 0.890852272510529 1.03809404373169 0.794194102287292 2.07046818733215 3.66778707504272 6.46824645996094 2.77581715583801 2.65872621536255 8.02011394500732 0.556810677051544 2.3801965713501 3.19359827041626 4.49297904968262 3.0276026725769 3.83985280990601 1.02987396717072 1.10128402709961 1.23500227928162 1.81686449050903 1.93947291374207 2.10178852081299 2.48079681396484 2.9941041469574 3.22337532043457 3.48585915565491 2.8032500743866 3.07901406288147 3.41272616386414 3.42443656921387 15.9019269943237 4.19246196746826 4.43848943710327 4.68442583084106 5.85571146011353 8.2763786315918
0.648105144500732 0.729235470294952 0.783052921295166 1.0522962808609 1.1079181432724 1.154372215271 0.560693144798279 0.617805063724518 0.686276197433472 0.519325256347656 0.316038250923157 0.594742238521576 0.846893608570099 1.17288458347321 0.820558190345764 1.27360486984253 0.836619257926941 2.22610068321228 1.12763559818268 2.47777462005615 9.33250045776367 0.208996564149857 0.810169517993927 0.864043891429901 1.33910822868347 1.41453790664673 1.48395383358002 1.60283899307251 1.91574966907501 2.34664702415466 2.52758383750916 2.71220064163208 2.11597681045532 2.28096508979797 2.48560404777527 2.3322331905365 4.01191186904907 5.20465469360352 21.3159446716309 2.85860371589661 4.12994384765625 1.78071403503418 2.50008034706116 5.48606538772583 6.28293037414551
