slauniainen/Data/DEM/Vihti_dem1500b_cl_horizonAngle_120.asc
NCOLS 196 
NROWS 178 
XLLCORNER 353680 
YLLCORNER 6699024 
CELLSIZE 16 
NODATA_value -3.4e+38 
[rows 80 to 99 of 178, columns 45 to 89 of 196]
1.29278922080994 1.18075692653656 1.00597870349884 1.00093007087708 0.888607382774353 0.784611284732819 0.799733996391296 0.831443905830383 0.88088583946228 1.10161340236664 1.13299429416656 1.16046440601349 1.20881021022797 1.45287454128265 1.52561223506927 1.64050447940826 1.63457834720612 1.56930875778198 1.44076693058014 1.18562734127045 1.63569045066833 1.54792141914368 0.743300199508667 0.58045756816864 0.589907228946686 0.608732044696808 0.693972587585449 1.06852650642395 2.07831048965454 2.95087814331055 1.6204000711441 1.92241549491882 2.52018165588379 2.80807089805603 3.17992734909058 3.35698795318604 3.69550848007202 4.11753797531128 4.27964210510254 4.6004433631897 4.92883968353271 5.09852504730225 5.24684572219849 5.16558170318604 5.07192087173462
1.31604909896851 1.34329569339752 1.26769304275513 1.21643924713135 1.0851149559021 1.0811939239502 0.975348711013794 0.870029151439667 0.870420336723328 0.928622722625732 0.958845317363739 1.25537800788879 1.08437073230743 1.2645308971405 1.32310771942139 1.58668029308319 1.73421680927277 1.75476253032684 1.76484227180481 1.73173415660858 1.5709764957428 1.23080337047577 1.01564538478851 0.878299593925476 0.838282704353333 0.85465943813324 0.965608716011047 1.27226984500885 1.92254102230072 1.12996804714203 0.721415042877197 1.09933495521545 1.79558801651001 2.15800619125366 2.79214286804199 3.02953100204468 3.4266722202301 3.85679483413696 4.04134941101074 4.42187356948853 4.60683107376099 4.97120094299316 5.32305383682251 5.48550367355347 5.70730447769165
1.41218602657318 1.39353489875793 1.42125046253204 1.43398606777191 1.39260065555573 1.32318580150604 1.16586148738861 1.15359890460968 1.02417767047882 0.895016729831696 0.943210899829865 1.08532130718231 1.42107224464417 1.50780189037323 1.27983677387238 1.41898930072784 1.66992449760437 1.73027443885803 1.8763016462326 1.93943750858307 1.96767914295197 1.93441355228424 1.71184599399567 1.30634951591492 1.13871598243713 1.11545026302338 1.17074823379517 1.2907886505127 1.82881188392639 1.26765954494476 0.576949417591095 0.730291843414307 0.885881423950195 1.32831621170044 2.10847520828247 2.39861154556274 3.03310441970825 3.56645035743713 3.73816823959351 4.05167293548584 4.22471809387207 4.66778659820557 4.94854736328125 5.61790084838867 5.84906005859375
1.5186482667923 1.4914299249649 1.54943156242371 1.49614310264587 1.53534007072449 1.52137243747711 1.45254790782928 1.37942397594452 1.23772072792053 1.08799660205841 1.08034515380859 1.08909380435944 1.22713923454285 1.29026484489441 1.65487313270569 1.82730722427368 1.51584839820862 1.50823533535004 1.82235729694366 1.91997051239014 2.11500382423401 2.19022750854492 2.20556163787842 1.9345406293869 1.53046369552612 1.17151260375977 1.23862326145172 1.26497209072113 1.99448943138123 1.05633270740509 0.811809480190277 0.888304710388184 1.00648593902588 1.54871475696564 1.88475275039673 2.24882864952087 2.6276216506958 3.36007046699524 4.15784454345703 4.71418333053589 6.87125253677368 5.41613912582397 4.4749903678894 5.16020727157593 5.69337463378906
1.61641216278076 1.58200919628143 1.66756176948547 1.63150131702423 1.66871500015259 1.57547831535339 1.63316893577576 1.64324343204498 1.5195187330246 1.31306207180023 1.31777596473694 1.16391289234161 1.13534164428711 1.22195076942444 1.4277640581131 1.53304278850555 2.04793572425842 1.79712283611298 1.73803186416626 1.70085680484772 2.02346611022949 2.18471789360046 2.64394283294678 2.77075505256653 2.36918783187866 2.02951765060425 1.56895577907562 1.30375146865845 1.72581374645233 1.22781050205231 1.06170105934143 1.0384361743927 1.23348569869995 1.83281421661377 2.20257210731506 2.30624079704285 2.77614808082581 3.22982239723206 4.00314283370972 3.81415438652039 3.25684523582458 3.62404870986938 3.84994792938232 4.44376564025879 5.41248989105225
1.51613092422485 1.67478132247925 1.73010635375977 1.72296333312988 1.81782865524292 1.72627866268158 1.78582811355591 1.71491873264313 1.70059144496918 1.64432895183563 1.56131541728973 1.38844478130341 1.41641736030579 1.33674609661102 1.3525595664978 1.47729432582855 1.79365277290344 2.45419597625732 2.8035352230072 2.56369113922119 2.34179472923279 2.25276899337769 2.82656955718994 3.90904974937439 4.50189781188965 3.85772466659546 2.57951211929321 2.31174516677856 1.79798424243927 1.42259538173676 1.29569375514984 1.23403739929199 1.49618375301361 1.87742745876312 2.39319396018982 2.82858657836914 3.13147258758545 3.36116647720337 3.69776439666748 3.55930233001709 2.84366345405579 3.0926787853241 3.28689694404602 3.8956606388092 5.00021123886108
1.29133570194244 1.48333036899567 1.64539039134979 1.80353713035583 1.89375579357147 1.89266061782837 1.91724896430969 1.83633732795715 1.75956416130066 1.83667600154877 1.84181535243988 1.78868806362152 1.70051205158234 1.50614988803864 1.53809785842896 1.6289097070694 1.73598396778107 2.25389742851257 2.74326109886169 3.72630500793457 4.13296461105347 2.5090537071228 2.51694798469543 2.11008477210999 2.09553050994873 2.34503936767578 2.42174386978149 2.78057312965393 2.57772970199585 2.14793992042542 1.46859419345856 1.44703185558319 1.68700969219208 1.8380241394043 2.29358267784119 3.0007598400116 3.42232966423035 4.1045184135437 4.00472927093506 3.87690734863281 3.31464004516602 2.20420408248901 2.46221208572388 3.39270949363708 4.59214782714844
1.03990769386292 1.26761913299561 1.47628557682037 1.59895837306976 1.77160036563873 1.94074690341949 2.16198110580444 2.02563095092773 1.95137774944305 2.02086305618286 1.94388377666473 2.02534604072571 2.02653408050537 1.984250664711 1.87840974330902 1.83602547645569 2.00914120674133 2.72538471221924 2.55326342582703 2.71995902061462 3.46721267700195 5.35375547409058 6.31408214569092 2.64430856704712 1.71085488796234 2.18634366989136 2.28386449813843 2.98662662506104 3.17959713935852 3.6789972782135 3.13905429840088 2.75879549980164 2.52844929695129 1.62279009819031 1.86580467224121 2.79617094993591 3.66752743721008 4.46849203109741 4.96137714385986 5.31530570983887 4.0852255821228 1.54261112213135 1.35320138931274 2.76189804077148 4.05925846099854
0.916928350925446 1.02648317813873 1.162837266922 1.3687858581543 1.57898604869843 1.70298171043396 1.89592039585114 2.06218218803406 2.02678918838501 2.12054061889648 2.07547044754028 2.18155360221863 2.12355351448059 2.22008848190308 2.21723246574402 2.30297660827637 3.07150816917419 2.33107733726501 2.12500381469727 2.32961535453796 2.63158369064331 3.98497748374939 2.17492532730103 0.642328858375549 1.07263278961182 1.76374340057373 2.07941341400146 2.71919751167297 3.50694537162781 4.07817602157593 4.64852666854858 5.68986034393311 4.60892581939697 3.40604043006897 1.66084563732147 2.34064316749573 3.52342963218689 4.48812580108643 5.47272109985352 5.29205322265625 2.83255362510681 0.480990648269653 0.708300173282623 1.69792187213898 3.09590363502502
0.825746178627014 0.923428952693939 1.03892266750336 1.19908761978149 1.31778466701508 1.47870337963104 1.68154871463776 1.94233369827271 2.11964726448059 2.18844032287598 2.1471893787384 2.24313902854919 2.20064091682434 2.32616806030273 2.25519490242004 2.3232045173645 2.35143971443176 2.15904521942139 2.53146600723267 2.6971492767334 2.78970193862915 3.15736722946167 3.05115628242493 0.773203909397125 0.917470991611481 1.05285632610321 1.34069776535034 2.3430323600769 3.22705459594727 3.68502116203308 5.22700023651123 6.48601531982422 8.43803215026855 9.19456577301025 5.36754083633423 3.53642535209656 2.4489893913269 3.88105845451355 5.20614385604858 4.43167781829834 1.68440401554108 0.0879899337887764 0.29508849978447 0.854492902755737 1.67090809345245
0.815841734409332 1.10893797874451 2.04983305931091 1.61910319328308 1.20110380649567 1.30920422077179 1.37620508670807 1.73864996433258 2.34444355964661 2.07611584663391 2.24427962303162 2.32416081428528 2.28871583938599 2.38714027404785 2.35503721237183 2.58863687515259 2.79861545562744 3.39371991157532 3.32135009765625 3.13446640968323 3.18988680839539 3.02155637741089 2.1657235622406 0.904406309127808 0.881024241447449 0.957978308200836 1.11773145198822 1.56274342536926 2.56667041778564 3.42914748191833 4.69364976882935 6.94650506973267 9.73130512237549 8.90985870361328 2.82827544212341 1.20127272605896 0.244741559028625 1.76004707813263 4.54509305953979 3.80952835083008 1.04193544387817 -0.109382756054401 -0.0767147615551949 0.381825476884842 0.994223594665527
0.81745320558548 0.838170170783997 0.875799059867859 0.889057397842407 0.954717636108398 1.51225399971008 2.34315133094788 1.82852101325989 1.55674493312836 1.7822105884552 1.9232964515686 2.16233110427856 2.34309840202332 2.43742394447327 2.73389434814453 3.10629653930664 3.46260476112366 3.67042922973633 3.3707914352417 3.08993315696716 2.99308204650879 2.5754451751709 1.97740030288696 1.18534314632416 1.02087485790253 1.03494548797607 1.0820175409317 1.18165445327759 1.64623212814331 2.35023188591003 3.63439202308655 6.60294008255005 7.83315563201904 3.9489381313324 0.291217118501663 -0.503559470176697 -0.413201510906219 -0.2751604616642 2.44534587860107 1.94426894187927 -0.0958879366517067 -0.10821171849966 -0.125090658664703 0.0300423167645931 0.362517029047012
0.726246893405914 0.831305146217346 0.917130768299103 0.958241760730743 1.01502668857574 1.89539933204651 2.30798172950745 1.82098472118378 1.71414792537689 1.97567331790924 2.06548047065735 2.12045550346375 2.17216682434082 2.31549406051636 2.44878458976746 2.72352457046509 3.08081221580505 3.13469743728638 3.08495378494263 2.759770154953 2.36542534828186 2.31563472747803 1.98253893852234 1.53264033794403 1.7335250377655 1.48530006408691 1.25032520294189 1.33898854255676 1.39535772800446 1.69900858402252 2.31655335426331 4.24897050857544 5.16472291946411 1.1292382478714 -0.440286755561829 -0.480082213878632 -0.45318815112114 -0.215797662734985 0.82091099023819 0.0853918716311455 -0.0314829610288143 -0.0405844487249851 -0.0333192013204098 0.00642399815842509 0.154197737574577
0.727547645568848 0.754800975322723 0.936881840229034 1.22537195682526 1.47816300392151 1.86023032665253 2.67285799980164 2.3645396232605 2.26902985572815 2.23525500297546 2.19184327125549 2.06435179710388 2.09927248954773 2.0717990398407 2.22798633575439 2.42953610420227 2.64427947998047 2.71589159965515 3.01943731307983 2.63382148742676 2.4935290813446 2.39681363105774 2.37384724617004 2.34636259078979 2.15840315818787 2.08373641967773 2.24496912956238 1.85154926776886 1.50218319892883 1.57098460197449 1.85329937934875 2.33318257331848 3.33723044395447 1.52698838710785 -0.239045992493629 -0.177866533398628 -0.133187308907509 0.0328332260251045 0.201640874147415 0.246630847454071 0.132519364356995 0.12921829521656 0.0989031791687012 0.131912156939507 0.219565868377686
0.746589541435242 0.75228214263916 0.827291250228882 1.13678348064423 1.32877993583679 1.90422785282135 2.60210847854614 2.4528534412384 2.18481183052063 1.8157160282135 1.87008059024811 1.87429714202881 2.01605844497681 1.91279590129852 1.94259977340698 2.15131282806396 2.30628633499146 2.50734925270081 2.58895301818848 2.46850895881653 2.59387993812561 2.58043026924133 2.52519536018372 2.7473771572113 2.75615048408508 3.00488567352295 3.06571435928345 2.64072918891907 2.09083342552185 1.89079117774963 1.94624006748199 2.37641978263855 3.42283797264099 2.39394998550415 0.503374218940735 0.225785762071609 0.258683383464813 0.353989809751511 0.4612657725811 0.513571977615356 0.423712521791458 0.411905348300934 0.534233927726746 0.509935140609741 0.419841885566711
0.772843897342682 0.780911564826965 0.910017251968384 1.13675582408905 1.19682168960571 1.80236089229584 2.17898607254028 2.13454842567444 2.02949714660645 1.60186517238617 1.7130960226059 1.85525941848755 2.04601287841797 2.06199789047241 1.93935799598694 1.82619547843933 1.92556893825531 2.07271122932434 2.41053748130798 2.62535643577576 2.7395031452179 2.77043151855469 2.83424925804138 3.15155124664307 3.16739273071289 3.62453627586365 3.82528257369995 3.52009034156799 3.38082242012024 3.48184561729431 2.78645992279053 3.11592102050781 2.96352124214172 2.94953203201294 1.47752332687378 0.647966802120209 0.600169122219086 0.715338587760925 0.881689548492432 1.02962946891785 1.08784914016724 1.08819210529327 1.36233162879944 1.77859437465668 1.85475444793701
1.23549914360046 1.40177309513092 1.72670340538025 1.8375529050827 1.42801249027252 1.62670862674713 1.83466780185699 1.51422321796417 1.44554352760315 1.48610484600067 1.69075429439545 1.95685982704163 2.50529217720032 2.28973579406738 1.77340137958527 1.48229193687439 1.41005253791809 1.66355717182159 2.08171033859253 2.26609516143799 2.68105387687683 3.06952619552612 3.21449303627014 3.63120365142822 3.79259991645813 4.3099479675293 4.55196857452393 4.61558961868286 5.26410150527954 4.84502172470093 5.82387971878052 5.55481719970703 4.70911741256714 4.39083003997803 2.66960024833679 1.04512560367584 0.93793123960495 1.09647274017334 1.3269190788269 1.56777143478394 1.76343679428101 1.90061247348785 2.24189686775208 2.66488933563232 2.89041566848755
1.55269420146942 1.87618267536163 2.3774995803833 2.15378212928772 1.54658782482147 1.60902678966522 1.89358532428741 1.31167137622833 1.61030685901642 1.62907326221466 1.92661249637604 1.98194444179535 2.14935493469238 1.51078689098358 1.40394639968872 1.43557095527649 1.27434051036835 1.37319600582123 1.55745792388916 1.87770843505859 2.40886330604553 3.13267636299133 3.63848376274109 4.09546041488647 4.36575031280518 4.88629865646362 5.20877695083618 5.51487684249878 6.17941951751709 6.78568744659424 8.41663837432861 8.99977588653564 9.42069244384766 8.35007476806641 3.90406942367554 1.37591409683228 1.28691136837006 1.46746098995209 1.76234471797943 2.04677772521973 2.4868369102478 2.68423414230347 2.75466203689575 3.03437542915344 3.20828151702881
1.69061684608459 2.14992666244507 2.53615188598633 2.19816088676453 1.24645781517029 1.42597556114197 1.10914075374603 1.30302238464355 1.48618865013123 2.28070902824402 2.19838261604309 1.73795592784882 1.65814328193665 1.21792769432068 1.31344091892242 1.25565886497498 1.02272486686707 1.16582572460175 1.30712854862213 1.58399450778961 1.90125203132629 2.8498477935791 3.25071001052856 4.24725723266602 4.80437517166138 5.34356164932251 5.76683712005615 6.2813663482666 7.10303926467896 7.73015928268433 9.50410842895508 9.58773136138916 11.1609869003296 6.14232730865479 1.85173749923706 1.46356594562531 1.54352927207947 1.78619241714478 2.23875784873962 2.61993265151978 2.92577362060547 3.15146017074585 3.23675346374512 3.40585374832153 3.68987989425659
1.53664588928223 1.99761199951172 2.77199935913086 2.65368700027466 1.29489493370056 0.994561314582825 0.868750751018524 1.3623389005661 2.37629437446594 2.74738669395447 1.66641438007355 0.828559577465057 0.842717170715332 0.749039173126221 0.952913761138916 0.961377382278442 1.01016414165497 1.06136429309845 1.21215963363647 1.482137799263 1.75394010543823 2.30879259109497 2.80643224716187 3.80772256851196 4.26414728164673 5.61949777603149 6.23839855194092 7.03229856491089 7.79460573196411 8.8243236541748 10.3223371505737 11.0771188735962 9.77953815460205 3.81693315505981 2.37966918945312 1.65975940227509 1.72864961624146 2.03148460388184 2.53271126747131 2.96767139434814 3.19161939620972 3.52657556533813 3.67987751960754 3.79498863220215 3.92761945724487
