slauniainen/Data/DEM/Vihti_dem1500b_cl_horizonAngle_252.asc
NCOLS 196 
NROWS 178 
XLLCORNER 353680 
YLLCORNER 6699024 
CELLSIZE 16 
NODATA_value -3.4e+38 
[rows 140 to 159 of 178, columns 135 to 179 of 196]
1.87754774093628 1.15114176273346 14.3295660018921 19.4248428344727 12.8553295135498 10.0523767471313 5.03944540023804 3.56277370452881 3.28976511955261 3.12203311920166 2.97232747077942 2.89527225494385 3.42298293113708 5.19420719146729 7.92208862304688 9.69817447662354 5.08687496185303 4.3051872253418 4.01410675048828 3.51737546920776 3.03281235694885 2.8815279006958 6.22949504852295 4.12335538864136 3.0739381313324 2.85566282272339 2.81762719154358 6.66338062286377 8.57870006561279 7.90391635894775 5.98793268203735 3.50447130203247 2.7490918636322 2.44289183616638 2.0924277305603 2.98307776451111 3.59856796264648 10.3772830963135 6.39468336105347 4.78115224838257 3.58844137191772 2.16656446456909 1.9259740114212 3.63560366630554 1.64818525314331
1.21591889858246 2.91920781135559 10.9416751861572 13.9432249069214 10.5348052978516 9.17862796783447 6.56896591186523 4.72699213027954 4.23995876312256 4.3934907913208 4.11335611343384 4.02178239822388 5.1059136390686 7.6605806350708 8.88820648193359 7.63562250137329 5.04854726791382 4.55959272384644 4.09220504760742 3.56134104728699 2.96178007125854 4.79222011566162 7.85432291030884 6.62912130355835 3.25366115570068 3.19725680351257 3.19123268127441 3.01269435882568 4.63537263870239 5.87405920028687 5.04714584350586 3.769935131073 2.90125179290771 2.22779488563538 1.80833184719086 2.69996786117554 4.39356184005737 8.34431171417236 6.46970224380493 4.10217666625977 2.59404897689819 1.81872236728668 1.64868927001953 1.39475953578949 1.248415350914
-0.2456394135952 3.74500513076782 7.33823680877686 10.3708600997925 13.1753044128418 12.1034603118896 9.2742919921875 7.60843467712402 6.12740564346313 5.42790126800537 5.0525074005127 5.06100988388062 7.23858880996704 9.01475811004639 8.90119361877441 5.73404788970947 5.57950115203857 4.77043342590332 4.1484227180481 3.79646110534668 3.40812849998474 3.73999953269958 6.35271644592285 3.89356899261475 3.3534517288208 3.14666104316711 3.12501192092896 2.98293662071228 2.6052086353302 6.28556632995605 6.32597875595093 5.60585832595825 4.33371734619141 3.00097751617432 2.21801114082336 2.02083301544189 5.93247509002686 5.72403144836426 5.03456687927246 2.45122885704041 1.92087459564209 1.44580221176147 1.25988304615021 0.947220504283905 0.763141274452209
-0.596230804920197 -0.341286867856979 3.66675901412964 10.1760692596436 16.4765949249268 16.9386730194092 13.0377063751221 9.99471473693848 7.94756507873535 6.73528051376343 5.99596691131592 6.7636251449585 7.9326753616333 8.39592361450195 8.26831340789795 5.9911527633667 5.80900239944458 5.32489109039307 4.78465795516968 4.45393705368042 3.96359300613403 3.60877442359924 3.55208826065063 3.35928297042847 3.11083340644836 2.84113144874573 6.0508828163147 5.60092973709106 3.53778624534607 6.14937686920166 8.85297393798828 6.39032697677612 4.99238348007202 3.82649040222168 2.7359344959259 2.29618453979492 2.04074048995972 5.72527551651001 1.96386623382568 1.73500168323517 1.32526504993439 1.09957540035248 0.90086030960083 0.511260986328125 0.236663937568665
-0.474519848823547 -0.712476909160614 2.32350325584412 8.22549915313721 18.7603569030762 19.2383365631104 16.2832736968994 12.9984760284424 9.45309829711914 7.95659685134888 7.33254623413086 6.41388177871704 8.48015785217285 8.84073066711426 7.4277663230896 6.43831348419189 6.17253828048706 5.70338153839111 4.94802474975586 4.62313652038574 4.28844261169434 3.57858514785767 3.2904109954834 2.92786335945129 2.40597653388977 1.97992086410522 9.77906608581543 7.11682605743408 4.76707315444946 4.38429975509644 10.3566370010376 5.76054525375366 4.24621820449829 3.86042308807373 2.85121273994446 2.32431530952454 2.01943731307983 1.84586179256439 1.25496113300323 1.17572927474976 0.954677402973175 0.85232675075531 0.580682277679443 0.162257209420204 -0.424658626317978
-0.486561983823776 -0.712685406208038 -0.768396079540253 5.2404580116272 18.433629989624 21.2056846618652 17.9665946960449 14.2506341934204 11.3219881057739 8.92577648162842 8.03044033050537 7.67439746856689 7.04693937301636 7.93449783325195 10.1579647064209 6.6788763999939 6.35734844207764 5.92261219024658 4.85219097137451 4.69453763961792 4.42174673080444 3.52714824676514 2.96310949325562 2.5195107460022 1.93250036239624 1.48027205467224 7.4678168296814 9.35964870452881 4.72735691070557 4.22005414962769 6.87222957611084 6.16112470626831 3.56476736068726 3.23272013664246 2.58722925186157 1.53969359397888 1.29729890823364 1.08219945430756 0.955015420913696 0.785833299160004 0.553869664669037 0.366272628307343 0.120533548295498 -0.179403781890869 -0.62628436088562
-0.557811439037323 -0.707327485084534 -0.78505152463913 3.03171110153198 14.4072504043579 20.6810932159424 20.576545715332 15.7753858566284 13.6343431472778 10.5856676101685 9.3066291809082 8.76922512054443 7.49262523651123 7.27353000640869 11.369647026062 6.6274676322937 6.12959861755371 5.73753356933594 4.92042684555054 4.40906763076782 4.10518026351929 3.30592966079712 2.40527129173279 2.13839268684387 1.85466206073761 1.49307823181152 3.90121078491211 7.9403133392334 7.35170078277588 4.1642484664917 4.48972415924072 4.81148147583008 2.76748204231262 2.02054762840271 1.70569276809692 1.07461619377136 0.872960865497589 0.606708645820618 0.317224860191345 0.166908577084541 0.419834762811661 1.1163957118988 0.957769870758057 -0.366168200969696 -0.52634060382843
-0.591774582862854 -0.643291592597961 -0.722352802753448 1.79354071617126 8.5539083480835 20.3455257415771 22.6579322814941 15.9438352584839 13.9800844192505 11.6677198410034 10.5740900039673 9.76894760131836 8.18700313568115 7.62095737457275 7.5706524848938 6.77465629577637 5.68195104598999 5.49184083938599 4.88629388809204 4.153639793396 3.68708896636963 2.82440400123596 2.15437698364258 2.10012173652649 2.46646857261658 1.7242032289505 1.47250664234161 5.2910361289978 7.39907312393188 5.46050882339478 3.61168456077576 3.04411053657532 1.72226142883301 1.00372850894928 0.704877853393555 0.382341891527176 0.224162623286247 0.0186842530965805 -0.213244631886482 -0.176039472222328 -0.055006381124258 0.791579902172089 1.67763102054596 1.1350702047348 -0.114868022501469
-0.536707401275635 -0.700515985488892 -0.723838210105896 -0.894164741039276 8.06261539459229 18.014232635498 21.5860118865967 15.4632377624512 14.1578969955444 12.3217220306396 10.562292098999 10.236629486084 9.33884429931641 7.66841220855713 7.30974292755127 6.65162086486816 5.49354982376099 5.2000789642334 4.80770778656006 4.27561616897583 3.76972198486328 2.72256112098694 1.82749366760254 1.81874346733093 7.06297540664673 1.76068377494812 1.40110087394714 1.31251752376556 5.83618116378784 5.20577716827393 2.02515435218811 1.30232548713684 0.452661335468292 0.273479431867599 0.048586193472147 -0.163540348410606 -0.277742266654968 -0.162030428647995 -0.192181587219238 -0.161260589957237 0.0277939550578594 0.137918934226036 1.32457482814789 2.20183491706848 1.40167486667633
-0.127305179834366 -0.153105154633522 -0.120976127684116 -0.873543500900269 4.78714656829834 15.6092920303345 19.7995853424072 15.2529182434082 13.8630590438843 12.5680179595947 10.5643825531006 10.8077726364136 9.52486705780029 8.12881851196289 7.14093923568726 6.58139801025391 5.80266523361206 5.39208984375 4.86698055267334 4.12021350860596 3.45683073997498 2.43595099449158 1.63175630569458 1.57677054405212 4.17713975906372 3.78801298141479 1.30691349506378 1.06276524066925 3.45464253425598 2.8846538066864 0.704541027545929 0.10595278441906 -0.167614325881004 -0.269653975963593 0.0384995862841606 -0.124064199626446 -0.0123648317530751 0.349015921354294 0.313087731599808 0.00862663518637419 0.302304208278656 0.365143090486526 0.852853834629059 1.65731704235077 2.6551558971405
0.405574947595596 2.718177318573 0.714974403381348 -0.769495010375977 3.21707653999329 11.0302963256836 17.3842353820801 17.2280693054199 13.189341545105 12.4335670471191 11.5788192749023 9.93890190124512 9.25457096099854 8.36693286895752 7.3278021812439 6.67046165466309 5.77116584777832 4.87357044219971 4.40926599502563 3.85955047607422 3.03406405448914 2.1377010345459 1.55236828327179 1.51820623874664 1.28371703624725 0.922544419765472 0.96932989358902 1.58084213733673 1.85347628593445 0.63851124048233 0.161139875650406 0.111255787312984 -0.0369486063718796 0.00845202896744013 0.904720187187195 0.97143816947937 0.652033507823944 0.526222169399261 0.644880175590515 0.43109318614006 0.478507161140442 0.73005348443985 0.738834261894226 1.3796501159668 3.1021876335144
2.21324586868286 0.857288658618927 1.49170398712158 0.294296592473984 4.11348915100098 9.03207969665527 13.3072261810303 15.0823488235474 16.4457149505615 12.8289060592651 11.8771696090698 10.3115701675415 9.21617031097412 8.24936485290527 6.63427400588989 5.91239356994629 5.23811626434326 4.15297794342041 3.60061311721802 2.97073030471802 2.43684816360474 1.76585066318512 1.05378985404968 0.997403681278229 0.925696671009064 0.751220107078552 1.64854383468628 0.955700695514679 0.847292065620422 0.491867542266846 0.184619039297104 0.5108722448349 0.164669066667557 0.05158980935812 1.03635799884796 1.43803834915161 1.09127223491669 1.29158854484558 1.00650894641876 0.962267994880676 0.922405183315277 1.0477032661438 1.1692191362381 1.77197825908661 3.82282948493958
1.3321658372879 4.63952541351318 4.60054731369019 1.61878108978271 2.03017497062683 6.52774333953857 10.2588129043579 13.1261329650879 16.3073444366455 14.3739786148071 11.7732715606689 10.0551910400391 8.24462795257568 7.47042942047119 5.98449516296387 4.77286005020142 4.00495624542236 3.25477409362793 2.63063716888428 1.8254656791687 1.25825762748718 1.19728136062622 0.961535155773163 0.787525355815887 1.09373939037323 3.06149649620056 2.54693055152893 1.18140769004822 1.4001145362854 1.03937220573425 0.587626457214355 0.912814259529114 0.760919868946075 0.557889103889465 0.793202936649323 1.07176780700684 1.86871159076691 2.3247537612915 1.52999198436737 1.44128823280334 1.70463538169861 1.77737557888031 1.71584248542786 2.69187164306641 3.48864102363586
2.31706619262695 6.72062206268311 3.58019876480103 0.443188339471817 1.57603740692139 7.29074335098267 9.60141563415527 13.5974588394165 13.8257904052734 14.6796636581421 10.4205179214478 9.21016502380371 6.92551517486572 5.70373678207397 4.57368898391724 3.48855710029602 2.53292608261108 1.75554776191711 1.41966021060944 1.23545968532562 1.04681754112244 0.963313698768616 0.777524352073669 0.515079975128174 0.667328655719757 3.59223008155823 3.11220145225525 1.8275545835495 1.91671693325043 1.95196688175201 1.38425815105438 1.22224521636963 1.54515957832336 1.29766690731049 0.985825896263123 1.2302987575531 1.49457991123199 2.67873477935791 2.8758270740509 2.43236923217773 2.67556953430176 3.15858912467957 3.10458493232727 3.20653343200684 3.17219424247742
1.5608856678009 5.69154357910156 6.12082862854004 0.915596783161163 3.30171489715576 6.64979600906372 7.12770652770996 11.6787443161011 13.4444580078125 9.57471942901611 9.0820369720459 6.82835960388184 5.25933456420898 4.08683252334595 2.5414674282074 1.69697296619415 1.3975168466568 1.24413478374481 1.19526016712189 1.14229929447174 0.927995324134827 0.773695349693298 0.496948421001434 0.154853492975235 0.151701211929321 3.36170530319214 4.39887428283691 3.54559135437012 2.37125134468079 2.67918753623962 2.45061063766479 2.00703310966492 1.97016668319702 1.94394779205322 1.53326618671417 1.31709170341492 1.68480110168457 1.86549055576324 2.85374307632446 3.6355664730072 3.47001242637634 3.93645310401917 4.24694156646729 4.39840030670166 4.04947566986084
1.70629715919495 9.07676219940186 5.97409629821777 1.2120795249939 2.66869974136353 7.56816673278809 8.10763359069824 8.69131469726562 10.2640247344971 6.20784091949463 7.22527933120728 5.81260299682617 3.15798735618591 1.53976666927338 1.39066362380981 1.337517619133 1.28111851215363 1.07407855987549 1.04307222366333 0.998546063899994 0.636378407478333 0.468168497085571 0.209014967083931 -0.248019352555275 -0.29147881269455 2.24992656707764 4.83284425735474 5.79889583587646 5.17083692550659 3.18851828575134 3.11526322364807 2.58415675163269 2.09031319618225 2.54307198524475 2.5447633266449 2.04274368286133 1.98276460170746 2.02023601531982 2.33485007286072 3.79758048057556 4.06737804412842 3.83306312561035 5.22151947021484 5.52666330337524 4.95110511779785
5.0010838508606 7.88381242752075 1.64127421379089 1.79643392562866 6.06934213638306 8.3014612197876 9.90202522277832 7.97142505645752 6.89460706710815 5.91671657562256 3.10989665985107 1.76593244075775 1.48260796070099 1.43831288814545 1.19610679149628 1.15872359275818 1.13201880455017 0.805831730365753 0.725753962993622 0.622010469436646 0.185928195714951 0.089934267103672 -0.124396339058876 -0.421204119920731 -0.556877315044403 0.173376992344856 3.32056021690369 5.73618459701538 6.32002830505371 4.97595310211182 3.72600555419922 3.8376133441925 3.23544073104858 3.02626800537109 3.07311797142029 2.56068992614746 2.09294939041138 2.02688932418823 2.10956048965454 3.44476103782654 4.11912631988525 4.37789678573608 5.39609432220459 5.64974546432495 5.18201065063477
3.5175473690033 2.57369589805603 5.11168670654297 2.42932558059692 4.92035818099976 5.92325782775879 6.56878471374512 6.1705493927002 3.23562288284302 1.92989110946655 1.61671388149261 1.34685802459717 1.29052329063416 1.25603544712067 0.917044818401337 0.88787043094635 0.845628023147583 0.400943040847778 0.254634499549866 0.101077660918236 -0.0126368654891849 -0.13711242377758 -0.330193102359772 -0.565870761871338 -0.716292321681976 -0.785294592380524 1.99984669685364 5.09715700149536 7.0515022277832 6.31493425369263 4.5913462638855 4.5890908241272 3.92128348350525 3.40705108642578 3.10585618019104 2.78732252120972 2.35015630722046 2.0464301109314 2.22110748291016 2.27102255821228 4.66425085067749 4.81900215148926 5.1372537612915 6.16112470626831 5.33217716217041
3.48076796531677 3.22092175483704 6.22360944747925 5.34946060180664 2.54128193855286 2.47838544845581 1.88820362091064 1.85144114494324 1.55878984928131 1.48921763896942 1.4185631275177 1.03376066684723 1.00130701065063 0.961878061294556 0.646904945373535 0.521575570106506 0.450665175914764 0.285356104373932 0.097971610724926 -0.0906325951218605 -0.240509673953056 -0.370536714792252 -0.505537390708923 0.00071168557042256 0.0800802335143089 -0.0630958005785942 0.241258904337883 4.15635585784912 6.73428678512573 6.10186576843262 5.63829660415649 4.68270254135132 4.58429718017578 3.84237694740295 3.17859435081482 2.9794933795929 2.57156562805176 2.29215574264526 1.93039226531982 2.12187957763672 4.06891107559204 4.67274522781372 6.20610904693604 6.84978437423706 6.03007030487061
3.92626285552979 3.70346879959106 3.40371608734131 3.11425161361694 2.83460259437561 2.37521529197693 1.84279274940491 1.64150321483612 1.19417154788971 1.1469292640686 1.10225439071655 0.821928024291992 0.781878590583801 0.655511856079102 0.581286251544952 0.455493062734604 0.327501684427261 0.198759332299232 -0.0244413763284683 -0.0932716056704521 0.541124105453491 0.749853134155273 0.473153233528137 0.600858747959137 0.537291705608368 0.268126219511032 0.232671305537224 3.57840275764465 5.77801609039307 6.87080097198486 6.14048337936401 5.2260217666626 4.98037385940552 4.17416572570801 3.3953013420105 2.60798072814941 1.93962955474854 2.06120371818542 2.19024467468262 2.06414341926575 2.4076988697052 4.56289482116699 7.35855340957642 7.76575183868408 6.48965835571289
