slauniainen/Data/DEM/Vihti_dem1500b_cl_horizonAngle_312.asc
NCOLS 196 
NROWS 178 
XLLCORNER 353680 
YLLCORNER 6699024 
CELLSIZE 16 
NODATA_value -3.4e+38 
[rows 20 to 39 of 178, columns 135 to 179 of 196]
1.44055879116058 1.18841552734375 1.00060641765594 0.773483574390411 0.503656148910522 0.318905025720596 0.273389428853989 0.641643524169922 0.274583071470261 0.26836422085762 0.76405543088913 1.44669795036316 1.7490531206131 1.97054243087769 2.04766654968262 1.71766185760498 1.64465141296387 1.77586615085602 1.84566271305084 1.60651636123657 1.09862232208252 0.661998152732849 0.610585272312164 0.707100212574005 0.810438513755798 1.02739429473877 1.15949332714081 1.1972051858902 1.18857538700104 1.12247622013092 1.00076961517334 0.83976137638092 0.677092015743256 0.5899498462677 0.575134634971619 0.57595419883728 0.569982469081879 0.57087630033493 0.567556858062744 0.512766420841217 0.422915250062943 0.253946006298065 0.228801250457764 0.22479584813118 0.226398229598999
1.70234525203705 1.38817584514618 1.08349764347076 0.768031179904938 0.462733745574951 0.291636675596237 0.257241696119308 0.431397557258606 0.322222739458084 0.231084614992142 0.256004095077515 0.737628400325775 1.39998829364777 1.68533325195312 1.56270289421082 1.27236557006836 1.30432891845703 1.31384515762329 1.38900518417358 1.06067514419556 0.993268132209778 0.828132092952728 0.560196757316589 0.648481488227844 0.666355431079865 0.762586414813995 0.966914057731628 1.08729672431946 1.12690949440002 1.11954510211945 1.05415499210358 0.943929076194763 0.794046103954315 0.643108546733856 0.564843595027924 0.545005142688751 0.544156491756439 0.542295396327972 0.542337834835052 0.538153648376465 0.48052915930748 0.396026134490967 0.23302535712719 0.152112424373627 0.163742125034332
1.74531650543213 1.37747371196747 0.998121857643127 0.667758285999298 0.387090772390366 0.24865335226059 0.233429878950119 0.223905086517334 0.223060250282288 0.211480796337128 0.203084826469421 0.241257801651955 0.677634418010712 1.03566002845764 0.946912705898285 0.856962561607361 0.811003804206848 0.853556036949158 1.03535544872284 1.05580472946167 0.967039227485657 0.870604515075684 0.774211287498474 0.555071949958801 0.575412511825562 0.630164742469788 0.724660396575928 0.910625100135803 1.02688241004944 1.06791543960571 1.0613762140274 1.00335359573364 0.898674070835114 0.756029069423676 0.61171168088913 0.536119222640991 0.518371820449829 0.513676702976227 0.514183163642883 0.516122817993164 0.512658894062042 0.456718176603317 0.372969269752502 0.193203166127205 0.148088067770004
1.76937258243561 1.33415484428406 0.906612634658813 0.549485921859741 0.332409799098969 0.205833360552788 0.212529569864273 0.199532061815262 0.191131755709648 0.193652451038361 0.172972977161407 0.166775345802307 0.223734557628632 0.400746315717697 0.482614487409592 0.503722071647644 0.457102745771408 0.548464417457581 0.808901727199554 0.963897824287415 0.961784660816193 0.867946445941925 0.851127922534943 0.722777187824249 0.510611951351166 0.549709141254425 0.597310841083527 0.683244943618774 0.869490206241608 0.978717863559723 1.01505208015442 1.00846695899963 0.952942371368408 0.85542356967926 0.719380497932434 0.583502531051636 0.510726153850555 0.489318192005157 0.490139365196228 0.485702812671661 0.487268507480621 0.480506956577301 0.410511046648026 0.309316217899323 0.347413450479507
1.69126999378204 1.28041172027588 0.821510314941406 0.457298308610916 0.307976722717285 0.18377473950386 0.184103980660439 0.178365215659142 0.170517653226852 0.155826359987259 0.142762213945389 0.39382466673851 0.67382425069809 0.982925534248352 0.264123648405075 0.269365459680557 0.301208019256592 0.318002879619598 0.501150548458099 0.742287337779999 0.861515879631042 0.906904697418213 0.82992148399353 0.805245220661163 0.694210410118103 0.492339968681335 0.521870076656342 0.568593561649323 0.650174975395203 0.827992618083954 0.929923832416534 0.957920074462891 0.959668219089508 0.909179747104645 0.814143896102905 0.684474050998688 0.55704528093338 0.48690402507782 0.467742145061493 0.46061697602272 0.448738008737564 0.444989562034607 0.421372592449188 0.373487949371338 0.729366779327393
1.50065493583679 1.08019232749939 0.683247148990631 0.420100271701813 0.53619396686554 0.287469387054443 0.212900668382645 0.2186478972435 0.141065612435341 0.127162665128708 0.121172979474068 0.109769701957703 0.0907328203320503 0.07913738489151 0.15067096054554 0.125358790159225 0.131099134683609 0.127866953611374 0.0615954548120499 0.457397282123566 0.664007067680359 0.830774009227753 0.847913086414337 0.785964012145996 0.762350082397461 0.657576203346252 0.465344667434692 0.493086218833923 0.536359310150146 0.618800938129425 0.78658539056778 0.889176249504089 0.919993102550507 0.91185462474823 0.860584676265717 0.768896579742432 0.692753374576569 0.565053164958954 0.454671084880829 0.432262480258942 0.422220945358276 0.406170517206192 0.39892253279686 0.49175488948822 0.409495741128922
1.2976188659668 0.94047337770462 0.628233671188354 0.451495051383972 0.349349141120911 0.301779329776764 0.136004030704498 0.144187197089195 0.120708644390106 0.105890832841396 0.266711950302124 0.0937371701002121 0.0794335007667542 0.201077789068222 0.951696157455444 0.041546031832695 0.0613126754760742 0.0445717088878155 0.275298893451691 0.107160657644272 0.729897975921631 0.653872132301331 0.780846893787384 0.796947956085205 0.740609526634216 0.722150087356567 0.622090995311737 0.438515990972519 0.464584171772003 0.504016816616058 0.58582991361618 0.741457879543304 0.845808863639832 0.879668831825256 0.872120797634125 0.837924063205719 0.801827788352966 0.717499375343323 0.599080264568329 0.478711724281311 0.405483990907669 0.377210438251495 0.375362366437912 0.967137098312378 0.37987095117569
1.1305935382843 0.884531259536743 0.625423491001129 0.465921103954315 0.371468484401703 0.253969222307205 0.146083995699883 0.348601490259171 0.107422679662704 0.0934983789920807 0.192085042595863 0.150738582015038 0.0625267177820206 0.256473243236542 0.758098542690277 0.152245432138443 0.0031532843131572 0.510115921497345 -0.00601448584347963 -0.0291161797940731 0.0343168713152409 0.4328852891922 0.638496458530426 0.76589298248291 0.762805342674255 0.705085158348083 0.68336284160614 0.589094281196594 0.40496638417244 0.428284466266632 0.477961748838425 0.553660273551941 0.703695833683014 0.807671368122101 0.836603820323944 0.822134435176849 0.804103851318359 0.762451410293579 0.678115546703339 0.561749637126923 0.439362466335297 0.370178371667862 0.404198288917542 0.692782819271088 0.365428328514099
0.985791862010956 0.802158415317535 0.568938672542572 0.424752295017242 0.325705379247665 0.229769110679626 0.167882025241852 0.219333708286285 0.188327595591545 0.0797512233257294 0.0992400199174881 0.0691512227058411 0.0738971754908562 0.513602674007416 0.0842439234256744 0.412929892539978 0.696636378765106 0.0106542585417628 -0.0336664170026779 0.166362449526787 0.130729362368584 0.0217865742743015 0.378372669219971 0.601307213306427 0.752917051315308 0.762305080890656 0.696153819561005 0.654243886470795 0.634208679199219 0.546649038791656 0.379074364900589 0.407136887311935 0.442927777767181 0.573424339294434 0.675613522529602 0.742831408977509 0.762048006057739 0.745609164237976 0.711128234863281 0.632954239845276 0.528066575527191 0.417951226234436 1.04165542125702 0.353118717670441 0.353622376918793
0.874012649059296 0.644551694393158 0.511098742485046 0.38616070151329 0.261411994695663 0.183726638555527 0.118137523531914 0.0753218829631805 0.1156270429492 0.11488489061594 0.313500612974167 0.259998828172684 0.356087207794189 0.482231467962265 0.124808214604855 0.0899670794606209 0.137488454580307 0.135394796729088 0.355130970478058 0.512617468833923 0.180464968085289 -0.00809453241527081 0.194625422358513 0.369010448455811 0.560847520828247 0.681460022926331 0.694924771785736 0.714325726032257 0.63362854719162 0.607219040393829 0.524401426315308 0.361230343580246 0.385496884584427 0.426932692527771 0.48639252781868 0.617640793323517 0.729095101356506 0.751905143260956 0.895193994045258 0.697459280490875 0.615390002727509 0.681975603103638 0.443190932273865 0.569926083087921 0.436410486698151
0.793511986732483 0.528035879135132 0.403460770845413 0.337171971797943 0.268479555845261 0.284735858440399 0.0668463110923767 0.0480179376900196 0.0409941263496876 0.069505400955677 0.300055176019669 0.248934268951416 0.169463068246841 0.297563135623932 0.184956520795822 0.410756647586823 0.535479247570038 0.470940470695496 0.375530689954758 0.276849180459976 0.384552121162415 0.108561262488365 0.426056236028671 0.382823169231415 0.363361477851868 0.493300467729568 0.529247343540192 0.634129166603088 0.689127027988434 0.615644156932831 0.580520868301392 0.495285004377365 0.343014091253281 0.368812322616577 0.40993919968605 0.481165558099747 0.594515919685364 0.680087089538574 0.710002183914185 0.722935020923615 0.692977488040924 0.605710089206696 0.520584762096405 0.685616612434387 0.377906769514084
0.81868976354599 1.00054860115051 0.519079089164734 0.26051077246666 0.199738293886185 0.129814445972443 0.165261298418045 0.397871732711792 0.315326184034348 0.159523695707321 0.703068494796753 0.300031036138535 0.161078825592995 0.217430844902992 0.242728263139725 0.299678474664688 0.254729777574539 0.380157321691513 0.37667527794838 0.376428961753845 0.240290924906731 0.285469949245453 0.40961691737175 0.335861265659332 0.254908472299576 0.222738564014435 0.337126046419144 0.507240355014801 0.615682423114777 0.66336578130722 0.586011350154877 0.559854984283447 0.480611801147461 0.321157187223434 0.640146553516388 0.387172520160675 0.459997802972794 0.849322736263275 0.849699378013611 0.708571195602417 0.697140634059906 0.671867430210114 0.751067757606506 0.519140183925629 0.41873162984848
1.07281541824341 1.40279757976532 1.29648792743683 0.821953952312469 0.376590937376022 0.134234473109245 0.0956950560212135 0.107524491846561 0.145551547408104 0.176577121019363 0.738657593727112 0.301006615161896 0.183916538953781 0.142863854765892 0.174843281507492 0.175826117396355 0.158997252583504 0.185713157057762 0.278000235557556 0.285251021385193 0.252603143453598 0.190896958112717 0.202000245451927 0.131632506847382 0.256521552801132 0.165659740567207 0.0365074947476387 0.318395286798477 0.490193337202072 0.591241538524628 0.64207535982132 0.562155306339264 0.53660523891449 0.459587633609772 0.791822791099548 0.347260653972626 0.844552040100098 0.900881946086884 0.658530712127686 0.675925076007843 0.69607013463974 0.686100780963898 0.666030704975128 0.601219832897186 0.507049858570099
0.654730260372162 0.999650537967682 1.25904273986816 1.17638170719147 1.12571954727173 0.593178808689117 0.22259995341301 0.0745145678520203 0.19180491566658 0.276380717754364 0.57189154624939 0.417503356933594 0.191321954131126 0.138355374336243 0.118262648582458 0.124910600483418 0.130026161670685 0.113414093852043 0.123175792396069 0.191225364804268 0.193478375673294 0.12305399030447 0.108200922608376 0.130051285028458 0.0992784649133682 0.119396589696407 0.0699027180671692 0.184975832700729 0.306346774101257 0.46444246172905 0.581477522850037 0.614401280879974 0.542085707187653 0.531405389308929 0.456838577985764 0.308478176593781 0.404024422168732 0.493691444396973 0.458687990903854 0.585362911224365 0.65307229757309 0.675443649291992 0.675162553787231 0.647475302219391 0.580089628696442
0.407050549983978 0.487336069345474 0.909763097763062 1.61155557632446 1.69021391868591 1.15377855300903 0.718814551830292 0.267893821001053 0.0481363758444786 0.0928494185209274 0.530437469482422 0.417836576700211 0.239057764410973 0.16074076294899 0.11513152718544 0.102187320590019 0.0789140164852142 0.0844605267047882 0.0994025841355324 0.0959114208817482 0.121947132050991 0.130951523780823 0.125976994633675 0.171047195792198 0.0871758237481117 0.0546530857682228 0.0837136283516884 0.216493889689445 0.040741641074419 0.289516150951385 0.453356444835663 0.583819627761841 0.567542910575867 0.54431676864624 0.516259610652924 0.44216713309288 0.571814298629761 0.342410743236542 0.379029154777527 0.439036458730698 0.556537568569183 0.625637948513031 0.658378720283508 0.657507479190826 0.629223227500916
0.279317647218704 0.0628726556897163 0.637847900390625 1.4860372543335 1.59469389915466 1.49560225009918 1.24745404720306 0.640678763389587 0.268509447574615 0.0318761095404625 0.597862839698792 0.305116534233093 0.257603377103806 0.200844049453735 0.173449248075485 0.110461741685867 0.0903981328010559 0.0708158612251282 0.0834828391671181 0.0854140371084213 0.053179282695055 0.00553035922348499 0.0523716472089291 0.101765841245651 0.0815244391560555 0.035923857241869 0.141499474644661 0.0672483369708061 0.0293060690164566 0.0219077076762915 0.285053908824921 0.443439602851868 0.564972937107086 0.715845882892609 0.50685316324234 0.487606465816498 0.418438732624054 0.304014056921005 0.333519011735916 0.363184809684753 0.417155385017395 0.532130539417267 0.605929493904114 0.638754725456238 0.637724876403809
0.0910151079297066 -0.0416076742112637 0.723794281482697 1.16763401031494 1.27567291259766 1.32920444011688 1.34842276573181 1.01927220821381 0.655120432376862 0.249534890055656 0.451874166727066 0.298562854528427 0.214426830410957 0.186617910861969 0.171604245901108 0.12680459022522 0.0930595472455025 0.0779407545924187 0.0625100955367088 0.0624166689813137 0.0248983185738325 -0.0247587002813816 0.168207377195358 0.0899670794606209 0.0601855218410492 0.0664640367031097 0.0397095642983913 0.037976261228323 0.0141125982627273 0.0214116740971804 0.12601563334465 0.277129679918289 0.42678827047348 0.522254109382629 0.538213670253754 0.494191974401474 0.477732121944427 0.533074259757996 0.292107313871384 0.315967291593552 0.348289161920547 0.397685348987579 0.509528994560242 0.584649920463562 0.607743859291077
-0.0287220478057861 -0.132766366004944 0.521677196025848 0.603841304779053 0.749961912631989 0.926009178161621 1.05981826782227 1.12395310401917 0.94422048330307 0.555582940578461 0.32446363568306 0.284050077199936 0.227740421891212 0.170685932040215 0.1506018191576 0.139340102672577 0.113292053341866 0.0796800032258034 0.0643065869808197 0.049749169498682 0.0224529597908258 0.0095025384798646 0.425573319196701 0.155713111162186 0.0328972078859806 0.0591582804918289 0.0554281249642372 0.0223695691674948 0.0651039630174637 0.00712512340396643 0.146464347839355 0.15621055662632 0.270512223243713 0.422655940055847 0.517505288124084 0.519482731819153 0.487083822488785 0.673215806484222 0.41145259141922 0.28555291891098 0.232582166790962 0.243043676018715 0.319118171930313 0.417339742183685 0.491387575864792
-0.132097229361534 -0.220107778906822 0.302788704633713 0.325299143791199 0.290747046470642 0.463243812322617 0.676679611206055 0.899648189544678 0.997801125049591 0.808952152729034 0.501157999038696 0.232702627778053 0.0891202762722969 0.165746673941612 0.127108335494995 0.129639342427254 0.122308671474457 0.0852241888642311 0.0640233680605888 0.0482013151049614 0.0287941843271255 0.0151368575170636 0.0538122020661831 0.317238658666611 0.119946368038654 0.0327939130365849 0.0554960183799267 0.0457703657448292 0.0222097262740135 0.0253505147993565 0.0816890373826027 0.0594435967504978 0.0951573476195335 0.267191618680954 0.412706702947617 0.501146554946899 0.519021511077881 0.517446756362915 0.345950096845627 0.266708731651306 0.1195437759161 0.110389582812786 0.139555379748344 0.193150967359543 0.262149095535278
-0.244900420308113 -0.27743124961853 -0.150076910853386 -0.0567438118159771 0.0628050416707993 0.197758793830872 0.467616111040115 0.705704033374786 0.828548908233643 0.885653674602509 0.761219203472137 0.460051298141479 0.166416302323341 0.0603394992649555 0.0737915709614754 0.101727105677128 0.0959318727254868 0.0600376687943935 0.034261554479599 0.020431337878108 0.0349071696400642 0.0213567968457937 0.0388885214924812 0.0503300093114376 0.234408482909203 0.0942703038454056 0.0288051683455706 0.0486228838562965 0.0411958135664463 0.0433302968740463 0.0825970098376274 0.122171223163605 0.11962117254734 0.0839275866746902 0.259331166744232 0.360296934843063 0.629493594169617 0.404367327690125 0.309661120176315 0.265916675329208 0.173761442303658 0.0834736004471779 0.093550905585289 0.0645102262496948 0.0879960581660271
