slauniainen/Data/DEM/Vihti_dsm1500b_cl_horizonAngle_144.asc
NCOLS 196 
NROWS 178 
XLLCORNER 353680 
YLLCORNER 6699024 
CELLSIZE 16 
NODATA_value -3.4e+38 
[rows 120 to 139 of 178, columns 138 to 183 of 196]
18.4822883605957 16.7542133331299 14.6612005233765 13.5248947143555 11.6335916519165 9.84727573394775 7.51170063018799 9.61811256408691 16.0108375549316 21.5189266204834 12.7891893386841 26.3088779449463 17.0307865142822 17.3495216369629 19.2673053741455 23.6744937896729 23.2845058441162 31.791446685791 48.8633155822754 25.1382312774658 18.8029632568359 18.2951412200928 19.5844917297363 15.4259090423584 25.6400585174561 17.4455223083496 0.145179122686386 -0.584076702594757 10.6031904220581 -0.0207737404853106 0.145758479833603 -0.45460456609726 -1.51983153820038 2.24271655082703 6.95947408676147 7.16645288467407 22.7673759460449 18.3292808532715 -1.39209008216858 -1.23520767688751 -0.180421307682991 13.2088479995728 0.73761260509491 1.42847585678101 0.0727500468492508 -0.538826107978821
13.612021446228 17.2310600280762 18.3307571411133 18.8329811096191 16.6670970916748 20.1143989562988 17.5065822601318 8.85857772827148 8.82741451263428 9.93222999572754 12.9761333465576 17.6120796203613 14.5643978118896 20.5488376617432 18.550708770752 20.7787399291992 35.8189010620117 34.2476234436035 28.0176601409912 13.5946111679077 27.7113742828369 20.8832664489746 3.64751148223877 11.3150453567505 17.23388671875 4.64857816696167 -0.370910882949829 0.716713666915894 1.5266660451889 -0.112829208374023 -0.14976093173027 1.05135464668274 6.70603942871094 3.04269218444824 2.75875639915466 3.30858588218689 2.69314336776733 0.519724249839783 -1.35754930973053 -1.07536816596985 -0.121296800673008 6.42908763885498 -0.154462084174156 -0.880465030670166 -0.589621543884277 0.0831018313765526
18.8882808685303 22.1213436126709 22.9927368164062 35.2203025817871 28.9906997680664 32.2322311401367 25.1458740234375 23.4806327819824 12.6327238082886 10.1971731185913 10.6474103927612 16.174783706665 30.7402725219727 20.8108081817627 26.4395580291748 18.5458335876465 21.1878356933594 18.9992122650146 20.8600978851318 29.0698986053467 28.145959854126 1.66485607624054 -1.64633572101593 9.18775653839111 10.7541122436523 13.173152923584 0.00668462598696351 14.6514930725098 0.943828880786896 6.30939292907715 0.707708120346069 3.04940915107727 5.0810546875 0.887980043888092 3.56957364082336 9.12142372131348 12.1493225097656 5.21615028381348 -0.296113073825836 2.41308879852295 1.31923174858093 0.220923200249672 1.52701687812805 0.673889100551605 0.471128553152084 2.22671151161194
25.4881973266602 33.4920196533203 29.691930770874 28.5131664276123 18.0436382293701 14.546745300293 12.6886405944824 23.7054309844971 13.2250099182129 16.4776878356934 16.5873050689697 18.1764831542969 27.9987163543701 22.8660469055176 36.0709686279297 21.3011589050293 23.7572860717773 27.6216697692871 31.1453762054443 19.7922039031982 5.12583351135254 -2.20798373222351 11.0138835906982 -1.02921044826508 2.71199417114258 -0.952396094799042 -0.629007160663605 22.4293384552002 1.00295686721802 3.88191676139832 1.28748977184296 0.949306130409241 1.58737504482269 1.658123254776 3.0637800693512 8.26304817199707 6.55559635162354 6.6334547996521 11.6266660690308 3.65894269943237 3.86995410919189 3.39088773727417 1.45767533779144 3.08808732032776 6.81816101074219 3.26517009735107
21.8617515563965 21.1320018768311 29.0109939575195 19.8521900177002 24.8101215362549 23.7734146118164 16.5288505554199 14.5492076873779 12.1807098388672 12.8172035217285 10.2451486587524 25.5113372802734 30.0555534362793 15.8557710647583 20.66162109375 17.3995265960693 21.8224220275879 15.316463470459 18.719705581665 7.70372819900513 -0.964386463165283 1.78923988342285 8.42920207977295 -1.41903007030487 -0.761647164821625 -0.361760646104813 0.869285881519318 23.4301242828369 0.997842609882355 2.18179965019226 1.59217965602875 1.44624364376068 2.21465516090393 3.40581560134888 4.42485904693604 3.72804927825928 5.7280707359314 9.85793304443359 8.38638973236084 5.52518749237061 5.24503374099731 5.76581478118896 7.42397403717041 5.1519947052002 7.87560796737671 2.15420913696289
9.93920803070068 13.4196214675903 23.3557453155518 14.5883121490479 14.605055809021 19.1500015258789 19.5444507598877 16.9253444671631 16.2305793762207 22.1376609802246 17.6146621704102 26.3843460083008 10.9963340759277 16.352481842041 15.6329278945923 27.9058036804199 20.1309223175049 17.9588737487793 17.3239974975586 3.12627077102661 -2.12880229949951 17.5686111450195 4.3627815246582 2.34143567085266 0.274025559425354 0.235875099897385 0.672228276729584 1.6722731590271 0.58400547504425 3.19138503074646 1.76159775257111 1.81502091884613 2.38934540748596 4.98683309555054 4.59760808944702 11.1515111923218 18.0714359283447 14.9005784988403 14.1079740524292 12.4239711761475 3.27877235412598 8.27347850799561 10.4760313034058 18.6092224121094 15.2011461257935 6.13162231445312
16.9637222290039 12.3487882614136 16.8042507171631 24.0690059661865 16.4394283294678 23.628942489624 9.2769021987915 21.2230243682861 15.0398359298706 19.9926910400391 16.9361419677734 9.70393371582031 9.11109352111816 35.0971412658691 19.2251014709473 31.9118499755859 14.9273672103882 7.90344667434692 12.39817237854 -1.40318655967712 -1.65621519088745 3.98668599128723 -1.78577828407288 1.18415606021881 -1.18111276626587 -0.222811445593834 1.44473993778229 2.35804891586304 4.82334280014038 1.24414706230164 1.83674490451813 2.08556318283081 10.5308961868286 2.84482645988464 5.95862054824829 7.61764192581177 6.17594718933105 6.08596801757812 16.378698348999 23.412446975708 20.9071598052979 9.27463817596436 18.7472991943359 8.33961296081543 10.7962789535522 4.4897780418396
8.54493999481201 13.6014375686646 17.260871887207 20.4574794769287 25.9392566680908 19.0604343414307 4.51701736450195 14.4361267089844 11.1842365264893 7.50093126296997 4.11613082885742 6.49819135665894 10.8776588439941 21.3379440307617 29.0991287231445 17.5100917816162 8.79679012298584 7.9972825050354 14.9982862472534 -1.91067779064178 -0.618545055389404 -1.34986126422882 -1.56627428531647 -1.16575014591217 -1.18707156181335 -0.601701974868774 0.0631424263119698 9.55932331085205 7.64146280288696 2.62914514541626 2.19937682151794 3.50430512428284 5.22634696960449 2.84437990188599 11.1734523773193 8.17294406890869 6.48622179031372 11.0411014556885 7.08970403671265 26.1020965576172 20.9418544769287 14.008261680603 18.4427452087402 13.3093662261963 -0.126437216997147 5.77163219451904
7.39258766174316 9.7476978302002 15.3347625732422 27.7552375793457 39.3964385986328 16.4296054840088 2.795893907547 9.90940761566162 3.30742168426514 0.100525289773941 2.02241635322571 4.53021955490112 8.71766471862793 24.0454196929932 21.1302471160889 20.1161441802979 17.2646579742432 4.96585130691528 -1.28288733959198 -1.94277012348175 -1.78249418735504 -0.155417740345001 -1.29782557487488 -1.47502458095551 -0.926907122135162 1.81317627429962 3.89578700065613 8.27586460113525 13.3927183151245 12.7647733688354 5.43341207504272 3.27814984321594 9.86149024963379 6.72842025756836 5.74695730209351 6.89242696762085 5.67652082443237 9.53287220001221 6.81082057952881 20.1031265258789 3.25651812553406 -0.232290104031563 11.813907623291 8.76769542694092 0.345749914646149 0.578094720840454
5.93497562408447 18.04811668396 10.3090400695801 21.0157089233398 8.6876974105835 2.09584140777588 2.01696062088013 2.89173913002014 3.19179010391235 1.72953951358795 0.371065318584442 4.19826889038086 11.1676769256592 29.7162456512451 24.2260036468506 27.6508255004883 -1.13690114021301 4.40682029724121 -1.3207585811615 -1.11358618736267 5.11521244049072 -1.62604749202728 -1.12188518047333 2.91571187973022 1.90283751487732 2.40523958206177 1.3724240064621 4.26496982574463 17.4271697998047 2.31922793388367 7.48030853271484 6.54248714447021 14.0060682296753 18.9316158294678 18.0320377349854 11.079662322998 9.9662389755249 14.719165802002 6.76973485946655 12.5049123764038 0.484789997339249 -0.0463660471141338 1.10649049282074 0.39738917350769 0.388740330934525 0.868412494659424
4.70124626159668 9.39477825164795 12.1939735412598 17.780029296875 9.99571990966797 24.8976631164551 4.26119899749756 6.17821836471558 10.935320854187 14.4968214035034 6.67554378509521 1.87800121307373 8.42804050445557 14.1971731185913 17.25270652771 14.0487775802612 -0.68697851896286 -0.858556687831879 -1.27086293697357 -0.840517938137054 1.72644865512848 -1.69818520545959 -1.59784519672394 -0.768459260463715 -1.35270857810974 7.48962259292603 13.0663537979126 12.9564533233643 16.7704944610596 -0.0620342120528221 1.17579245567322 1.71297979354858 2.34456157684326 4.01464509963989 5.29094791412354 4.55276536941528 12.1974477767944 15.2342767715454 10.6909742355347 7.91959285736084 0.936099052429199 0.817755818367004 11.426459312439 3.98686552047729 3.12115120887756 1.26623344421387
4.36438655853271 6.19252252578735 11.4738578796387 19.0544490814209 18.059061050415 11.3717288970947 6.8399076461792 18.1851863861084 9.52107429504395 21.4767475128174 24.9938869476318 16.4152278900146 5.39864683151245 10.1363964080811 20.2823524475098 17.3709125518799 -0.273806273937225 5.55602741241455 -0.76109379529953 8.39239311218262 -0.539981305599213 -0.811781764030457 -0.932737648487091 -0.935391962528229 -0.687416791915894 8.96137142181396 16.8386573791504 1.69594848155975 18.6342906951904 0.827010571956635 0.516216456890106 1.85280239582062 2.31885457038879 2.93860960006714 2.94183421134949 6.23173666000366 22.4609127044678 14.9793291091919 23.2049217224121 18.2979831695557 4.35430335998535 14.3699512481689 0.929076254367828 0.90291166305542 1.19840729236603 1.31335937976837
6.82754278182983 6.98179531097412 16.7460613250732 16.0019054412842 21.3039131164551 10.5963516235352 10.4950838088989 4.98279857635498 2.29465317726135 17.5998630523682 18.7069931030273 11.6661987304688 2.36154866218567 10.0450000762939 39.653377532959 2.37732315063477 -0.907065451145172 0.70263671875 -0.672297418117523 5.28508520126343 2.07885265350342 -0.0664180889725685 -0.291130602359772 3.58986663818359 0.707774877548218 0.214055821299553 -0.491644680500031 -0.41110822558403 -0.180551066994667 -0.119438879191875 0.508827388286591 1.57207155227661 4.23215389251709 4.6092734336853 4.58568477630615 9.90229892730713 16.0177173614502 2.42053079605103 1.41191840171814 1.26248979568481 1.11276113986969 1.9129182100296 0.920076549053192 1.27407264709473 1.81498312950134 1.88881766796112
8.04892063140869 14.8004846572876 15.4376735687256 8.32635402679443 12.3473739624023 0.523865103721619 5.39127826690674 1.99021673202515 5.35525035858154 3.92453813552856 0.807934463024139 2.2946674823761 -0.789302825927734 4.70406627655029 35.3636054992676 4.72949981689453 12.4084768295288 7.19835519790649 2.18430638313293 -0.450762718915939 -0.722430646419525 4.48654365539551 0.159207135438919 -0.826735198497772 0.418324649333954 17.6947689056396 0.761977970600128 0.698831379413605 4.91919755935669 0.176290363073349 0.734985291957855 2.18950605392456 4.11682415008545 10.3375329971313 7.35957431793213 5.52160167694092 3.46258926391602 2.6578357219696 4.97673606872559 5.04321098327637 2.13888669013977 1.76619672775269 2.00531077384949 1.1923645734787 2.1525342464447 4.57813215255737
6.98103952407837 24.9534091949463 22.4214496612549 7.17776393890381 13.04163646698 1.65363729000092 5.9873251914978 12.6302871704102 17.2602996826172 8.12281131744385 0.479076951742172 4.76000165939331 -1.11954915523529 6.38911390304565 16.316198348999 11.2551803588867 2.62997388839722 -0.742012500762939 -0.768499493598938 0.404513895511627 -0.376769989728928 7.89138603210449 10.1937265396118 11.1597967147827 -0.518962025642395 0.193930998444557 -0.289640367031097 0.928264677524567 1.49357855319977 0.669494152069092 0.584422707557678 2.95387697219849 7.57242774963379 8.00707626342773 6.67213153839111 10.93909740448 6.85527324676514 5.94983863830566 8.80823516845703 10.3716840744019 15.7687635421753 2.17059350013733 1.93428695201874 2.13950490951538 2.42010855674744 8.58082103729248
0.96567577123642 2.46375560760498 5.67317676544189 7.06498336791992 21.0369529724121 7.7254638671875 4.80331516265869 3.91003799438477 -1.28594148159027 -0.813776075839996 0.158281669020653 -1.56797683238983 -0.891112327575684 7.07711410522461 19.2157897949219 21.2652778625488 -1.02877497673035 8.25080680847168 -0.5507972240448 -0.518854975700378 11.3840379714966 -0.101674750447273 16.2649574279785 3.85939764976501 3.15304327011108 0.0547952651977539 2.16139245033264 6.00788640975952 10.0274791717529 17.2570629119873 25.3301391601562 27.4884281158447 13.3934373855591 8.8580207824707 9.34693622589111 6.90165090560913 6.03708124160767 6.63033056259155 12.4281101226807 10.0842580795288 2.95129728317261 1.99533808231354 4.0637993812561 2.5471396446228 2.75739574432373 3.26322484016418
0.39357990026474 7.04456567764282 2.81077980995178 10.2319269180298 10.6391687393188 2.6228232383728 11.135986328125 0.803360879421234 -1.26082491874695 14.6599082946777 -1.63899159431458 -1.17824792861938 3.20316529273987 -0.488148361444473 28.3052368164062 10.3982582092285 -0.721978604793549 9.64466667175293 1.68544054031372 -0.528134822845459 -0.725749552249908 -0.280237376689911 9.81663799285889 -0.636888206005096 -0.104111805558205 -0.330248892307281 3.28606677055359 8.80785942077637 9.14150619506836 25.7963237762451 37.2346992492676 39.8629722595215 21.1088275909424 7.66197109222412 10.4246025085449 9.89189720153809 7.35040426254272 9.23943901062012 18.2372093200684 21.8145904541016 6.50821781158447 4.284912109375 4.72976350784302 2.7269241809845 2.76157593727112 3.22198963165283
9.5460090637207 4.26970100402832 12.1429195404053 26.5010032653809 0.409514397382736 10.8895330429077 1.64562666416168 -0.706764280796051 -0.536884665489197 -0.818770885467529 -1.64797186851501 -1.61941480636597 -1.15866267681122 -0.434280216693878 -0.558811247348785 -0.406066477298737 -0.407660037279129 -0.35094740986824 -0.91609925031662 -0.700147688388824 -0.501139760017395 -0.366353660821915 3.76050353050232 -0.464775234460831 -0.0874581634998322 0.204401656985283 0.923762202262878 9.43592834472656 14.6736640930176 7.80137825012207 39.0682754516602 5.18068933486938 1.12465929985046 4.25198745727539 8.83080768585205 12.5167322158813 10.6732568740845 8.93270301818848 12.1343326568604 6.90127944946289 5.29419422149658 7.11256885528564 7.76668500900269 2.20001554489136 6.74526977539062 6.12060976028442
-0.0146469185128808 0.482145220041275 0.451605141162872 2.9704864025116 -0.703112125396729 11.4275360107422 11.7550621032715 -0.369935989379883 -0.612327814102173 -0.720437109470367 -0.615458011627197 -1.42220878601074 -0.841679096221924 -0.604049205780029 1.8635470867157 0.126550272107124 -0.427416771650314 0.133154168725014 -0.334567099809647 -0.210602879524231 0.0778475627303123 -0.47807988524437 -0.226341292262077 0.0658408030867577 0.17603425681591 0.144330710172653 1.43415236473083 6.24117851257324 12.0703363418579 7.59229040145874 6.25984668731689 3.86625862121582 1.12036430835724 1.66591703891754 8.13161945343018 14.1257677078247 14.7468204498291 13.9938077926636 12.495719909668 13.3007736206055 10.2663593292236 8.73215007781982 4.57603740692139 14.112530708313 6.98083829879761 8.71555709838867
-0.46170300245285 3.52099657058716 4.87098789215088 1.00996327400208 5.95532417297363 2.58524107933044 18.499698638916 -0.680782675743103 1.32851696014404 -0.18724037706852 -0.718483984470367 -0.484225243330002 -0.0843120217323303 18.0553188323975 1.37218928337097 3.55522060394287 2.92138457298279 8.51471519470215 0.913261711597443 0.611284792423248 0.419681161642075 0.641198396682739 0.430807113647461 0.302979528903961 0.165743499994278 0.356730580329895 1.68352174758911 1.51035070419312 5.18524169921875 1.0332795381546 12.3155326843262 16.2329502105713 6.9620213508606 5.55446481704712 7.02272367477417 11.6892614364624 18.0366115570068 16.7255058288574 19.6001262664795 12.0894451141357 7.38159513473511 10.3992309570312 12.9101886749268 5.48273372650146 31.0411491394043 14.7603826522827
