slauniainen/Data/DEM/Vihti_dem1500b_cl_horizonAngle_186.asc
NCOLS 196 
NROWS 178 
XLLCORNER 353680 
YLLCORNER 6699024 
CELLSIZE 16 
NODATA_value -3.4e+38 
[rows 40 to 59 of 178, columns 0 to 44 of 196]
0.610215842723846 0.649000227451324 0.840535342693329 0.983815550804138 1.07302331924438 1.09218573570251 1.23329293727875 1.41815912723541 1.54838216304779 1.50799512863159 1.56389605998993 1.6033194065094 1.63423001766205 1.6332631111145 1.7405549287796 1.79161882400513 1.90620458126068 2.01845002174377 2.11357498168945 1.90312886238098 1.68283438682556 1.63404154777527 1.99029445648193 2.37273621559143 2.43834900856018 2.30751895904541 2.18220186233521 2.02018737792969 2.31252479553223 1.60818266868591 1.14880740642548 0.924959063529968 0.73960018157959 1.32554411888123 0.613765358924866 0.715592384338379 1.12914979457855 1.36587965488434 1.44922280311584 1.61470031738281 1.66449248790741 1.34347152709961 1.17107498645782 1.16466045379639 1.41680312156677
0.742488622665405 0.820373356342316 0.965909898281097 1.11850476264954 1.21528017520905 1.29252660274506 1.42001926898956 1.61881160736084 1.7475643157959 1.66782736778259 1.75612390041351 1.74565267562866 1.76855313777924 1.73232734203339 1.84231472015381 1.88747692108154 2.03674507141113 2.28247880935669 2.23702764511108 2.09692430496216 1.95611119270325 1.98137223720551 2.35933327674866 2.76423454284668 2.80101323127747 2.63398432731628 2.53961443901062 2.29791188240051 1.78503453731537 1.51448011398315 1.21460771560669 0.753033220767975 1.39103615283966 0.580698013305664 0.855738759040833 1.29544758796692 1.73400378227234 1.68538653850555 1.80442202091217 1.84457266330719 1.93605673313141 1.60228884220123 1.46303331851959 1.49591827392578 1.70192563533783
4.14715051651001 2.64704012870789 1.42782175540924 1.32993423938751 1.43910503387451 1.54020667076111 1.65585005283356 1.88845002651215 1.9804972410202 1.84131014347076 1.92411148548126 1.92624056339264 1.87042689323425 1.83289444446564 1.95145213603973 1.98815512657166 2.24215364456177 2.3920111656189 2.26278853416443 2.13397860527039 2.12986874580383 2.2678427696228 2.72669267654419 3.15093374252319 3.15072131156921 3.02375888824463 3.24566054344177 2.97036576271057 2.26269149780273 1.64083552360535 1.25002312660217 0.781302988529205 0.988198518753052 1.19836294651031 1.64700186252594 1.67037904262543 1.98270809650421 1.91281938552856 2.02145838737488 2.13868308067322 2.046471118927 1.7809317111969 1.66850459575653 1.71095812320709 1.89534628391266
2.21741962432861 2.45894193649292 4.22711324691772 2.43588447570801 1.79479193687439 1.8693014383316 1.95222783088684 2.19415831565857 2.2519896030426 2.03790831565857 2.11251401901245 2.10154795646667 2.0382091999054 1.96418607234955 2.06703305244446 2.08908581733704 2.34659242630005 2.50915336608887 2.37616491317749 2.25659728050232 2.47658491134644 2.8164701461792 3.04619979858398 3.52794361114502 3.55309581756592 3.48331212997437 3.77978420257568 3.61819767951965 2.84679698944092 2.01008915901184 1.37083256244659 0.803496718406677 2.05746102333069 2.69947719573975 1.89735651016235 2.11049675941467 2.24757647514343 2.14860510826111 2.21853351593018 2.35763502120972 2.01529574394226 1.85255873203278 1.82411479949951 1.88974559307098 2.06103658676147
0.845439553260803 0.962558627128601 1.19182240962982 1.68891358375549 2.2708044052124 2.27128863334656 2.43712568283081 2.70239496231079 2.70544147491455 2.39626669883728 2.43803882598877 2.33279490470886 2.21914005279541 2.10974359512329 2.17983508110046 2.19225382804871 2.45510625839233 2.63892149925232 2.49733853340149 2.44801998138428 2.79582834243774 3.40515637397766 3.71953368186951 3.9400634765625 4.07436275482178 3.96943640708923 4.29310989379883 4.09273862838745 3.29896283149719 2.38500928878784 1.59196209907532 1.00042545795441 1.24227130413055 3.02648019790649 2.40229201316833 2.58033967018127 2.67731666564941 2.43899369239807 2.45805025100708 2.60221433639526 2.16277360916138 2.03099417686462 2.05545234680176 2.24333453178406 2.31048941612244
0.86778324842453 1.02368831634521 1.33312845230103 1.90458965301514 2.28594350814819 2.31809568405151 2.54132556915283 2.8675491809845 2.8611307144165 2.5267174243927 2.59022378921509 2.63509368896484 2.49301218986511 2.31042003631592 2.32628297805786 2.36487412452698 2.56579828262329 2.76735162734985 2.62116003036499 2.72835230827332 3.05503582954407 3.71156239509583 4.32768154144287 4.55121946334839 4.65775585174561 5.10186052322388 4.47636604309082 4.54604005813599 3.65498089790344 2.68472051620483 1.84540057182312 0.846294522285461 0.402084738016129 1.33800935745239 2.73311519622803 2.91964840888977 2.96402549743652 2.87683868408203 2.73904252052307 2.87075209617615 2.38226318359375 2.25032687187195 2.27638363838196 2.47001099586487 2.852379322052
0.89923369884491 1.08195829391479 1.54650509357452 2.23271441459656 2.69878196716309 2.97636151313782 2.89503121376038 3.34191060066223 3.29736614227295 2.86095905303955 2.89150524139404 2.82687497138977 2.7189953327179 2.57856512069702 2.57098150253296 2.60475659370422 2.72929549217224 2.93112802505493 2.79129004478455 2.94656562805176 3.35058498382568 4.06750440597534 4.69595432281494 4.95446157455444 5.10818862915039 5.64104986190796 5.37054395675659 4.46470594406128 4.03807544708252 2.94604802131653 2.0807318687439 1.12392687797546 0.502857744693756 0.327619463205338 1.55527091026306 3.2417299747467 3.86450576782227 3.32555985450745 3.07672238349915 3.19787430763245 2.68680238723755 2.54325842857361 2.51045155525208 2.71716332435608 2.97319006919861
0.939639806747437 1.10931932926178 1.82082068920135 2.76523876190186 3.22876000404358 3.42983865737915 3.97635865211487 3.94807052612305 3.80683565139771 3.27109146118164 3.26268601417542 3.16092944145203 2.98932862281799 2.77010107040405 2.7468569278717 2.85868096351624 2.89457583427429 3.12912964820862 3.0769190788269 3.22841668128967 3.7184112071991 4.49980640411377 5.15062189102173 5.38743352890015 5.54865217208862 6.15204286575317 5.89312267303467 4.82232761383057 3.94294142723083 3.25435352325439 2.35464406013489 1.36475670337677 0.706324875354767 0.641722798347473 5.13926362991333 8.07062435150146 8.22646331787109 5.59917306900024 3.47657871246338 3.54316806793213 2.97398233413696 2.78832840919495 2.75480198860168 2.9778892993927 3.14978814125061
1.03163301944733 1.16509699821472 1.52345609664917 2.42668008804321 3.44372653961182 3.81465601921082 4.52212142944336 4.69242572784424 3.83271622657776 3.73875761032104 3.69220781326294 3.60005807876587 3.38832306861877 3.14862108230591 3.08858108520508 3.14010977745056 3.17298936843872 3.29328489303589 3.31370234489441 3.47808051109314 4.00131845474243 4.84090805053711 5.5212721824646 5.8677453994751 6.08719730377197 6.70484256744385 6.42550897598267 5.03727006912231 3.77582502365112 3.37081742286682 2.94732236862183 5.23142242431641 9.74188995361328 11.5948619842529 6.12281370162964 2.8851580619812 3.89947032928467 4.65553855895996 4.67104911804199 3.99937343597412 3.32135558128357 3.06620955467224 3.03433108329773 3.27897715568542 3.49834585189819
1.14110887050629 1.16113710403442 1.28521919250488 2.14915561676025 2.34479188919067 3.50738143920898 4.96572637557983 5.53230571746826 4.55796098709106 4.38467121124268 4.24144268035889 4.15275764465332 3.93083214759827 3.64549541473389 3.53126382827759 3.51735496520996 3.54156255722046 3.6904833316803 3.69314575195312 3.89271235466003 4.49863052368164 5.39589405059814 6.07425594329834 6.4021053314209 6.7077808380127 7.3285665512085 6.63884830474854 5.53502416610718 4.36880779266357 3.38868927955627 4.10362243652344 2.3163161277771 1.28242707252502 0.838284432888031 1.44592750072479 2.32691621780396 2.70283961296082 3.15217208862305 3.9210410118103 4.53712797164917 3.82288193702698 3.41614508628845 3.40655016899109 3.65771913528442 4.06312131881714
1.1504772901535 1.21475839614868 1.41477727890015 2.95963144302368 2.57271814346313 2.7862401008606 5.67953252792358 6.87715768814087 5.48745918273926 5.23983478546143 4.94584989547729 4.65874099731445 4.38919925689697 4.1622200012207 4.10585689544678 4.07580471038818 4.06538677215576 4.21332788467407 4.22424364089966 4.41852903366089 5.15612363815308 6.07600831985474 6.73876142501831 7.07798624038696 7.49518203735352 7.60394763946533 7.40969467163086 6.358238697052 4.97166681289673 3.49510526657104 2.15130615234375 1.32596433162689 0.894462287425995 1.13184726238251 1.79033029079437 2.56045293807983 2.55590415000916 2.95537734031677 3.84470820426941 4.77306365966797 4.07407855987549 3.86681509017944 3.86394381523132 4.04772567749023 4.45735216140747
1.27071225643158 1.28046095371246 1.11886870861053 0.994742393493652 1.17894279956818 1.63688743114471 1.03171145915985 3.50014114379883 3.99662446975708 5.0493688583374 5.73069906234741 5.42399120330811 5.18488597869873 4.99041032791138 4.76662492752075 4.8327465057373 4.70742130279541 4.78898429870605 4.83919334411621 5.09513282775879 5.96607160568237 6.87554502487183 7.42014360427856 7.59824848175049 8.11950492858887 8.71440887451172 8.19474124908447 6.85728359222412 5.3631739616394 3.81710624694824 2.33464574813843 1.49393057823181 1.08127844333649 1.47212815284729 2.04932522773743 2.92682409286499 2.8635675907135 3.30463767051697 4.21526575088501 4.8728141784668 4.34575510025024 4.1628098487854 4.23809766769409 4.53096675872803 4.96829700469971
1.19476842880249 1.20708918571472 1.21713757514954 1.00570285320282 1.02011406421661 0.921498477458954 0.866471588611603 0.730578601360321 3.13202905654907 3.85935664176941 5.20591259002686 5.56604909896851 5.82934045791626 5.66885948181152 5.44430494308472 5.67884683609009 5.80108785629272 5.80822229385376 6.00179529190063 6.84317779541016 7.45928573608398 7.40150117874146 8.85910511016846 8.78042030334473 9.81533145904541 9.76859951019287 9.13177108764648 7.61644506454468 5.79263305664062 4.1119499206543 2.52146863937378 1.66789412498474 1.2312490940094 1.49028432369232 2.14420366287231 3.27720713615417 3.14474964141846 3.74502563476562 4.97828102111816 4.53311347961426 4.23918628692627 4.38983297348022 4.74368572235107 5.01735353469849 5.48476982116699
1.12477743625641 1.20950829982758 1.40414237976074 1.13845062255859 1.1219094991684 1.41077041625977 0.917464971542358 0.843088388442993 2.28231549263 3.63144040107727 3.62448787689209 4.19943714141846 4.92658185958862 5.76813125610352 5.98335218429565 6.55045604705811 7.19628477096558 8.07873916625977 9.11617279052734 7.42964315414429 8.29412746429443 9.24918746948242 12.1832256317139 12.2637042999268 10.6401357650757 11.0967588424683 10.1339864730835 8.37671852111816 6.15641593933105 4.30657768249512 2.72592926025391 1.89239871501923 1.45157241821289 1.56560862064362 2.23190522193909 2.19086217880249 2.06650614738464 3.78866577148438 5.80248308181763 4.69208860397339 4.34252834320068 4.62976408004761 5.14901638031006 5.81937837600708 6.32740306854248
1.23114335536957 1.23058354854584 1.28086364269257 1.2187317609787 1.40386927127838 2.32533073425293 1.26020574569702 1.00206410884857 1.01667618751526 2.29419469833374 3.17447948455811 3.32829070091248 3.23806047439575 4.03702402114868 5.17874813079834 6.8541054725647 8.3660945892334 6.47624349594116 6.09203433990479 9.11216449737549 11.48180103302 12.0035638809204 15.8734130859375 15.0551424026489 12.6562929153442 12.4669303894043 11.0199584960938 8.98777866363525 6.43056154251099 4.44001245498657 2.91561532020569 2.21924066543579 1.56139075756073 1.07652962207794 1.24898910522461 0.924700021743774 1.52822017669678 3.28984236717224 6.32782077789307 5.30888700485229 4.70935487747192 5.15204191207886 5.8442554473877 7.07056999206543 7.32242631912231
1.34108471870422 1.18172836303711 1.33196103572845 1.34917736053467 1.18192386627197 0.955130338668823 1.33056390285492 1.09650766849518 0.794757306575775 0.811173975467682 2.17619872093201 2.79639291763306 2.79906392097473 2.8496208190918 3.70551657676697 4.00952482223511 5.06101179122925 6.52156782150269 8.76407623291016 11.38108253479 13.6163759231567 13.3708963394165 19.3907566070557 17.5991230010986 14.9762477874756 12.803656578064 11.9520292282104 9.64812469482422 6.73849010467529 4.59171009063721 3.06419229507446 2.24834084510803 1.46777331829071 0.92968475818634 0.547764480113983 -0.470532685518265 0.464510977268219 2.32561707496643 3.68792700767517 4.54968738555908 4.58835887908936 4.91292715072632 5.84533834457397 7.5659294128418 8.85765552520752
1.38314962387085 1.39519667625427 1.1847528219223 1.21154963970184 1.23670268058777 1.02259790897369 1.66875112056732 1.3564201593399 1.14109170436859 0.964208722114563 0.959499597549438 1.32463395595551 2.57335877418518 2.79188203811646 3.26126289367676 3.61859655380249 5.43344783782959 5.30803394317627 6.61666679382324 8.20718002319336 10.3580513000488 10.8883466720581 8.0818452835083 14.8683576583862 16.6211833953857 13.9186372756958 10.6145448684692 9.76983070373535 7.12277555465698 4.74540281295776 3.37783074378967 1.76834797859192 1.56776535511017 1.00168180465698 -0.471260398626328 -0.43667671084404 -0.3717982172966 -0.406477630138397 0.688231408596039 2.48443937301636 3.65334486961365 4.88903331756592 5.87549877166748 7.73062944412231 8.93685722351074
1.391193151474 1.5760600566864 1.36598384380341 1.18314385414124 1.28827655315399 1.0334460735321 2.36847972869873 1.93264734745026 1.35427892208099 0.872873544692993 1.52535355091095 2.02465295791626 2.47341561317444 2.77253007888794 2.56489968299866 2.90605282783508 3.31894707679749 3.5060613155365 3.99879956245422 3.98738050460815 7.47886943817139 10.1552248001099 8.45818710327148 6.13434648513794 13.5232944488525 15.4291257858276 11.6329326629639 8.4212760925293 7.48061561584473 4.80328321456909 2.57411551475525 1.46007394790649 0.835423171520233 -0.246117517352104 -0.426611930131912 -0.300744235515594 -0.254891782999039 -0.391806125640869 -0.425289630889893 0.407509535551071 0.951234996318817 2.53479027748108 6.02646541595459 8.2623872756958 6.1477427482605
1.40815603733063 1.71010601520538 1.52213191986084 1.31121861934662 1.29713153839111 1.11255383491516 0.933481335639954 0.883871912956238 1.42253851890564 0.915281116962433 1.17476785182953 2.07841157913208 2.71799111366272 2.53279304504395 3.63058304786682 3.2818500995636 3.45494556427002 3.37572073936462 3.37992715835571 1.89172554016113 -0.335772067308426 7.59213972091675 7.25910234451294 5.92855596542358 13.913125038147 18.0398139953613 12.9072704315186 7.8104395866394 6.63720750808716 5.352454662323 2.77935934066772 1.38817632198334 0.218762397766113 -0.442553102970123 -0.327296406030655 -0.153248474001884 -0.074405811727047 -0.271744728088379 -0.396473497152328 -0.281143486499786 -0.170088991522789 -0.0552459359169006 2.35020589828491 6.61252880096436 6.0603461265564
1.33119654655457 1.85748827457428 1.6215728521347 1.69945693016052 1.58518624305725 1.47252750396729 0.846609055995941 0.989740669727325 1.48595690727234 1.06927514076233 1.2304060459137 2.37735748291016 2.99061155319214 3.52535891532898 2.84330487251282 2.89102077484131 3.63075089454651 2.66691327095032 2.4420952796936 1.80899584293365 0.00284477369859815 -1.28943264484406 0.940610110759735 1.60565757751465 -0.907779097557068 10.7849960327148 14.4728803634644 8.83870315551758 5.70948219299316 3.63714408874512 2.35542798042297 0.945785164833069 0.23141522705555 -0.322237551212311 -0.171076998114586 -0.0210186094045639 0.0293499268591404 -0.116055816411972 -0.297322809696198 -0.219397827982903 -0.109840646386147 -0.044864896684885 0.0241790674626827 0.229691028594971 1.208340883255
