slauniainen/Data/DEM/Vihti_dsm1500b_cl_horizonAngle_234.asc
NCOLS 196 
NROWS 178 
XLLCORNER 353680 
YLLCORNER 6699024 
CELLSIZE 16 
NODATA_value -3.4e+38 
[rows 60 to 79 of 178, columns 0 to 44 of 196]
4.65861749649048 27.8159046173096 28.7170696258545 18.6205291748047 14.7293148040771 3.50177454948425 3.78055381774902 3.91601276397705 3.99304699897766 3.89873170852661 3.80399966239929 7.29806613922119 6.12564563751221 5.9703893661499 5.21921396255493 4.20390224456787 4.17402076721191 1.77702212333679 1.455437541008 0.428602248430252 1.07574772834778 -0.935656070709229 0.237521797418594 0.379265695810318 -0.0870793461799622 -0.501815676689148 5.99149084091187 17.6825332641602 16.2793254852295 27.1278457641602 18.1887321472168 21.6622581481934 14.0488405227661 12.8181619644165 6.25053739547729 7.3871169090271 4.83189868927002 0.850679159164429 0.350876837968826 -0.0684027224779129 -0.118193171918392 1.54395484924316 -1.35201358795166 0.301581263542175 -2.07420587539673
1.28887832164764 1.77948200702667 33.9410591125488 22.9349784851074 3.64547896385193 3.96142268180847 4.1145453453064 4.22973918914795 4.10613679885864 3.97595524787903 10.1971559524536 6.33390998840332 7.18518829345703 5.5359034538269 5.05062580108643 4.87553930282593 2.0374960899353 1.54414534568787 0.882232964038849 1.23295116424561 1.3984534740448 0.65675687789917 0.574214518070221 0.135725781321526 -0.262433975934982 -0.620849192142487 -0.552167117595673 45.2520904541016 37.0527420043945 23.5257511138916 28.4880924224854 17.4502544403076 7.99164438247681 9.97238636016846 9.02955722808838 7.44622278213501 1.60199534893036 0.845738410949707 0.422796964645386 2.53525519371033 2.24206757545471 -0.122475758194923 0.522583901882172 -0.818098902702332 -1.64884328842163
3.55493068695068 1.77452802658081 3.78096699714661 3.77275657653809 4.30713605880737 4.37497472763062 4.39204692840576 4.26999425888062 26.4493503570557 16.6718311309814 8.36770534515381 10.1712846755981 6.91080474853516 6.28993082046509 5.50346803665161 3.63259315490723 2.26775574684143 1.8335098028183 2.13874673843384 1.37982487678528 0.91625189781189 0.867038607597351 0.329827725887299 -0.0651682913303375 -0.21804042160511 -0.473579555749893 -2.27864503860474 35.4832153320312 49.1323776245117 39.1469306945801 22.3666591644287 8.74171829223633 12.1346664428711 18.071195602417 12.3355474472046 1.6277779340744 1.38115572929382 1.05679881572723 3.43501806259155 0.146829694509506 0.00526625011116266 0.775597214698792 0.561898946762085 -1.07983827590942 -0.29551774263382
3.89033484458923 4.11309671401978 4.40299558639526 4.47114038467407 4.64014863967896 4.50790405273438 4.43867301940918 6.70221853256226 21.0421295166016 27.0972595214844 16.7394695281982 9.98354053497314 7.87058734893799 2.23425936698914 2.02932691574097 3.71315813064575 7.80452442169189 4.29056787490845 1.96485614776611 1.26388204097748 0.913368582725525 0.721363723278046 0.134245485067368 0.0353117696940899 -0.22687703371048 -1.96359837055206 -2.59943747520447 -2.9723014831543 37.0660820007324 30.3872966766357 11.4185924530029 15.3245058059692 0.572636842727661 3.21481418609619 2.5127375125885 1.64168381690979 1.31489765644073 4.32568645477295 0.751373112201691 0.963207244873047 0.908478140830994 0.797918736934662 -0.0187183860689402 2.38322925567627 1.93451774120331
5.77302980422974 4.87700462341309 4.68881320953369 4.83846187591553 4.72720098495483 4.61129808425903 2.69787907600403 30.5297775268555 2.39902234077454 26.3561668395996 16.9299774169922 11.725757598877 2.27838921546936 2.14260911941528 1.77075445652008 1.33841896057129 5.62433338165283 4.40061521530151 2.17067503929138 1.30129945278168 1.84831213951111 0.697855114936829 0.855548739433289 -0.0489457324147224 -0.366140723228455 -1.47472858428955 -1.42711210250854 -2.34161782264709 18.4126510620117 28.8378715515137 22.3871459960938 3.60209393501282 3.73540258407593 2.76382565498352 2.13017725944519 5.73555517196655 5.31121158599854 1.02684569358826 1.07587397098541 1.04147124290466 0.969215273857117 2.49701523780823 3.10994124412537 3.04115748405457 1.95524859428406
5.11822986602783 5.13922309875488 5.07512235641479 4.93436479568481 4.44153070449829 4.22384119033813 2.33606171607971 2.59138584136963 1.94980156421661 30.4900074005127 19.8936901092529 2.42260313034058 2.03857779502869 1.87942385673523 1.41441857814789 0.996002972126007 0.923975586891174 1.42186319828033 4.08709001541138 3.16240167617798 2.48083519935608 2.33374953269958 1.4234881401062 0.302804052829742 -0.288829147815704 -1.12316298484802 -1.26655626296997 -1.31758868694305 -1.53865873813629 11.6690673828125 3.87371444702148 1.55134618282318 2.76283240318298 2.74343800544739 7.2199764251709 1.9440633058548 1.59500110149384 1.16019487380981 1.30564904212952 0.657054245471954 4.08887958526611 3.86462759971619 3.61506605148315 2.48652720451355 0.972755134105682
5.63562488555908 5.42208862304688 5.20098829269409 5.14010238647461 4.35769653320312 3.95272350311279 3.85938596725464 2.05278277397156 1.60309970378876 4.45734691619873 2.58655405044556 2.20830655097961 1.79610133171082 1.64290285110474 1.24092829227448 1.04735064506531 0.517057597637177 0.535076916217804 1.39751935005188 3.98353576660156 3.86260151863098 1.97165036201477 1.30913090705872 0.687217116355896 -0.401612520217896 -0.0610550381243229 -0.982858002185822 -0.945358097553253 4.53794765472412 0.50793594121933 0.694333016872406 0.452406615018845 2.22815275192261 9.4423999786377 2.35984683036804 2.3238570690155 1.72050678730011 1.36025083065033 3.72915387153625 4.86305952072144 4.45460653305054 3.23717713356018 2.58155798912048 2.7854962348938 2.5669207572937
5.80904579162598 5.52733182907104 6.98811292648315 4.35381841659546 4.13822937011719 3.80323958396912 3.22433066368103 2.72321248054504 2.78834414482117 2.44859743118286 2.35973215103149 1.95965719223022 1.4789491891861 1.35306084156036 1.21408522129059 0.687584698200226 1.48663723468781 1.41106045246124 1.02956545352936 0.87948739528656 2.15655255317688 1.72456252574921 0.128934934735298 0.617900013923645 0.468997895717621 0.322917848825455 -0.691330373287201 0.0727194547653198 1.43681311607361 0.0429601930081844 -0.00520471250638366 19.0538711547852 13.9123830795288 1.23653268814087 2.07910346984863 2.34334945678711 1.76337432861328 4.28784990310669 5.71534442901611 5.06422901153564 3.78078198432922 1.88411581516266 3.3241446018219 3.4611656665802 3.26179981231689
5.54903697967529 10.5949897766113 4.45578575134277 4.40663909912109 3.69860291481018 3.39270782470703 3.06146121025085 2.82742786407471 2.4918167591095 2.583909034729 2.05213809013367 1.59259128570557 1.46608924865723 1.31673216819763 0.75303328037262 1.58276867866516 1.20651662349701 1.22554802894592 0.907442450523376 1.27073097229004 1.38440847396851 0.15149849653244 0.161090612411499 0.190458118915558 0.14324314892292 1.00383734703064 0.306759774684906 3.26081228256226 0.14705915749073 0.189192593097687 -0.0852705836296082 0.634809851646423 1.10858345031738 1.1426328420639 1.37991416454315 1.88371777534485 7.47963857650757 6.77407073974609 5.27740573883057 3.97212338447571 4.13509893417358 3.90223073959351 4.04150390625 2.16091680526733 2.36986899375916
18.4198150634766 5.00013303756714 4.75460767745972 3.92405581474304 3.58132243156433 3.14542174339294 2.97820138931274 2.55883121490479 2.10035800933838 1.6745662689209 3.11797881126404 1.56324672698975 0.918583512306213 1.7026652097702 1.70925676822662 1.32183241844177 1.14866065979004 1.06130170822144 1.37926268577576 1.04915845394135 1.11358046531677 0.552936434745789 0.684211909770966 0.254478722810745 0.509412348270416 9.91762542724609 6.68242645263672 0.405160129070282 0.316602110862732 0.877592027187347 0.740217447280884 1.2022522687912 1.28994524478912 1.38832497596741 6.02486991882324 9.24850082397461 7.16555452346802 5.30234050750732 2.94788074493408 4.78653144836426 5.00738096237183 4.70873117446899 2.57642531394958 2.78603291511536 4.48823738098145
5.62269735336304 4.86919736862183 4.11667490005493 3.75647926330566 3.34925222396851 2.88139724731445 2.74530291557312 2.24613499641418 1.70164513587952 1.29476451873779 2.34396147727966 3.53140234947205 1.80318439006805 1.41330361366272 1.48556458950043 1.18187630176544 1.48385739326477 1.45862293243408 1.07340002059937 0.80799800157547 1.39418339729309 1.4187821149826 0.619170784950256 0.324805527925491 -0.169199004769325 0.80197149515152 0.73469614982605 1.01000034809113 0.995887815952301 0.850137889385223 1.33969259262085 1.47552502155304 1.46226048469543 7.57941102981567 12.3391342163086 9.9903621673584 7.6900372505188 4.19793319702148 5.78503608703613 5.68605995178223 2.99825835227966 3.42870664596558 5.32106733322144 4.97256374359131 3.97257733345032
4.97059774398804 4.56204986572266 4.01040554046631 3.65253138542175 3.10378789901733 2.56935954093933 2.42987608909607 1.89535021781921 1.79567444324493 1.5409597158432 0.920011222362518 2.68736338615417 3.17960119247437 1.80721342563629 1.28332006931305 1.57102298736572 1.13857471942902 1.15172815322876 0.0766587629914284 0.504721343517303 1.63877904415131 1.13510072231293 0.742230951786041 2.65911841392517 1.21910035610199 0.983466982841492 1.09717464447021 0.914417922496796 1.51561570167542 1.46786308288574 1.68532979488373 1.77656102180481 29.4780769348145 23.1844787597656 18.1044673919678 12.453423500061 7.54768466949463 6.39726972579956 6.05276584625244 3.1010468006134 3.52627468109131 6.04786825180054 4.65165901184082 4.35162258148193 4.09988689422607
4.76313304901123 4.19917488098145 3.92354798316956 3.38275980949402 2.79401421546936 2.17818546295166 2.31739187240601 2.08179688453674 1.30102634429932 2.08826494216919 1.9120842218399 1.58885526657104 2.15967583656311 2.47960352897644 1.70045483112335 1.25421404838562 0.384432792663574 0.259755790233612 0.105547346174717 0.722797274589539 1.58917582035065 0.214850172400475 2.19536876678467 2.22358751296997 0.778520047664642 1.18045341968536 1.01004934310913 1.62762331962585 2.07220029830933 1.97428178787231 26.4553833007812 0.578300297260284 6.57847213745117 5.0296483039856 4.02967214584351 8.89175987243652 7.72062587738037 6.86513137817383 3.50677990913391 3.83899712562561 6.72159957885742 4.99947166442871 5.06840419769287 2.06000781059265 3.3301637172699
4.74747943878174 4.22676849365234 3.68778681755066 3.30204057693481 2.63894176483154 3.12301707267761 2.27799940109253 1.59258079528809 2.38828611373901 1.76014757156372 1.6379646062851 1.29035890102386 1.72552442550659 2.29162883758545 1.65963053703308 1.09829878807068 1.49061465263367 0.331164866685867 0.124268770217896 0.206548184156418 0.226028293371201 1.32978093624115 2.92257642745972 1.50258123874664 1.26762270927429 1.83293390274048 1.79902267456055 2.44169235229492 1.86228382587433 0.828066945075989 19.9517860412598 15.3865375518799 11.252968788147 2.13848042488098 11.519679069519 9.75426864624023 4.73091268539429 4.64065980911255 8.46308517456055 7.75227785110474 4.92164850234985 5.54269313812256 2.15293335914612 3.80688667297363 4.2696385383606
5.32627248764038 5.04341983795166 4.97703218460083 5.03557205200195 4.42004060745239 2.38337755203247 1.78824067115784 2.66274571418762 2.0057258605957 1.62657499313354 1.37531530857086 1.75268971920013 1.29343104362488 1.72794997692108 2.5897216796875 2.95914673805237 1.56173503398895 0.645841121673584 0.289022088050842 0.246685177087784 0.182768955826759 2.32798624038696 1.67358410358429 1.17991709709167 1.99128019809723 3.15076875686646 3.12174367904663 2.36700034141541 1.21185731887817 0.342748910188675 0.522059917449951 14.6735897064209 23.2854862213135 16.2385883331299 12.476411819458 7.00234603881836 5.68276500701904 10.4845285415649 6.49931383132935 6.9565601348877 6.41003179550171 4.76861333847046 4.52277231216431 4.93799638748169 6.20602321624756
6.41784763336182 8.32512664794922 7.6354341506958 3.41836309432983 2.27376389503479 3.09825897216797 2.93228960037231 2.25573134422302 1.68427670001984 2.007488489151 1.87598824501038 1.33469974994659 0.438862323760986 0.08653574436903 2.1200795173645 3.19200086593628 1.65646255016327 0.620850324630737 0.386525183916092 0.186017692089081 1.28134250640869 1.3531482219696 1.21342647075653 2.12789607048035 3.67386150360107 2.2857928276062 2.45444965362549 2.20154356956482 1.09721827507019 0.618432402610779 0.435516655445099 -0.236279144883156 26.9499740600586 13.7345123291016 11.1750535964966 7.65501403808594 13.8725852966309 7.52266454696655 8.523193359375 2.19353580474854 5.81746959686279 6.16508197784424 5.63019132614136 7.27921009063721 7.43178701400757
13.024245262146 11.1562480926514 4.4101619720459 2.60099840164185 3.34381246566772 2.70596408843994 2.47367858886719 1.90829801559448 2.24352979660034 1.57288944721222 1.54234576225281 0.513815462589264 0.0168641917407513 0.0426975674927235 0.793865382671356 1.38818168640137 1.10576987266541 0.511630415916443 0.435077309608459 1.40978753566742 1.20315206050873 2.22584986686707 2.22682738304138 4.17997026443481 2.96186399459839 2.52940201759338 2.59069490432739 2.46203446388245 1.19016206264496 1.02266705036163 0.0830561220645905 -0.672613918781281 12.9987258911133 6.38544034957886 30.0755920410156 20.5884170532227 9.45770740509033 11.2099828720093 2.53604507446289 7.49520826339722 7.53662586212158 9.14348697662354 9.32520484924316 8.68549060821533 7.48406505584717
16.9184722900391 5.17157220840454 3.79139614105225 4.23833417892456 2.86732029914856 2.41562676429749 2.11923694610596 2.48524570465088 1.79065561294556 0.64427775144577 0.608246266841888 0.282133370637894 0.80128800868988 0.81743997335434 0.380005210638046 1.39501988887787 0.710116744041443 0.464385956525803 2.02688264846802 1.37419056892395 2.43447422981262 5.07735157012939 4.76999235153198 2.73661947250366 2.70792508125305 2.76300287246704 2.09853553771973 1.22193896770477 1.00554752349854 0.57242476940155 1.23310577869415 0.883417904376984 1.1834625005722 0.868805587291718 20.0458507537842 23.6574382781982 16.1887855529785 15.3825855255127 10.8895578384399 9.75362396240234 11.2342386245728 11.5806837081909 9.95656204223633 8.94835472106934 2.58117628097534
4.69481420516968 4.70751237869263 6.54238986968994 3.00405192375183 2.3434419631958 2.78057909011841 2.66992139816284 1.98573541641235 0.737730383872986 0.651767611503601 0.440577208995819 0.903701603412628 0.561928868293762 0.394848555326462 0.610708355903625 1.10444474220276 1.52069532871246 2.30569386482239 1.93337821960449 2.64386367797852 6.56290340423584 2.4564220905304 2.76432752609253 3.61388087272644 2.9920666217804 2.25915813446045 1.33108949661255 1.09907388687134 0.859554529190063 1.37100994586945 1.99781477451324 2.28460121154785 29.6966743469238 7.6680064201355 1.64505898952484 2.19321846961975 1.98302614688873 20.066743850708 14.0467777252197 14.6573524475098 15.1930866241455 11.9564428329468 3.42147898674011 2.76972556114197 2.9166316986084
16.0361213684082 10.3586835861206 2.83247923851013 2.49494576454163 2.95158982276917 2.19559550285339 2.1188051700592 1.057661652565 0.940328776836395 1.01712238788605 0.966338217258453 0.517912328243256 0.480568140745163 0.347084909677505 0.988007366657257 1.61117839813232 1.97120642662048 3.03960871696472 2.88906002044678 8.95710277557373 2.89358377456665 2.8258843421936 3.15660119056702 4.39507436752319 1.59355247020721 1.4602552652359 1.22152137756348 1.24840903282166 1.88983249664307 2.22428297996521 2.49180507659912 1.03661847114563 2.74938464164734 2.62783026695251 2.20365810394287 2.45393919944763 1.34884667396545 30.0360050201416 31.6842002868652 22.1713581085205 14.9012155532837 2.70658659934998 3.79119849205017 3.11515545845032 2.98891448974609
