slauniainen/Data/DEM/Vihti_dsm1500b_cl_horizonAngle_240.asc
NCOLS 196 
NROWS 178 
XLLCORNER 353680 
YLLCORNER 6699024 
CELLSIZE 16 
NODATA_value -3.4e+38 
[rows 120 to 139 of 178, columns 135 to 179 of 196]
32.2143783569336 35.1714096069336 29.0060977935791 28.2203216552734 23.694429397583 18.3863773345947 17.9818649291992 16.821964263916 13.9665288925171 10.5640745162964 10.5994262695312 15.1367568969727 22.8345108032227 14.1155395507812 23.1448669433594 14.7825393676758 18.4465408325195 12.2454309463501 12.7382869720459 7.02451229095459 10.4631910324097 21.8706111907959 5.67174434661865 18.8011093139648 4.70591306686401 13.8079023361206 19.1386642456055 15.8774919509888 2.51003932952881 2.48626685142517 0.884559869766235 15.9694261550903 4.94581985473633 20.3555030822754 6.66245460510254 4.12251853942871 6.16622304916382 7.65201950073242 4.90568161010742 11.578803062439 3.96851944923401 3.00129795074463 10.5208911895752 11.0182991027832 7.93542385101318
37.6250762939453 41.0466194152832 36.2765197753906 25.0745506286621 25.0833721160889 23.6769409179688 21.1683406829834 16.7850131988525 14.615424156189 13.5405797958374 10.6529216766357 10.1556844711304 10.2219762802124 9.69340896606445 25.9458522796631 8.95260334014893 10.1539793014526 8.43190288543701 6.86266183853149 20.2134208679199 19.151029586792 27.7470245361328 3.66240668296814 6.17877388000488 4.69469499588013 2.5479474067688 15.1906642913818 13.4034290313721 5.62661695480347 1.36178648471832 5.0527663230896 16.5318279266357 3.94524669647217 7.27734375 14.4260015487671 9.22932243347168 7.30317878723145 9.15149021148682 5.90214347839355 4.02828025817871 3.19341397285461 2.04242086410522 4.21514368057251 6.54862880706787 3.42670321464539
45.0418243408203 39.2539939880371 45.3288497924805 36.1112327575684 30.5198745727539 25.061595916748 22.4828548431396 17.7052536010742 26.7144145965576 24.8091125488281 24.2704620361328 12.5117712020874 10.3012580871582 9.99698448181152 12.5353879928589 28.7218418121338 10.3295450210571 10.7782602310181 7.2189621925354 6.01219940185547 5.28370904922485 3.90531849861145 6.22735834121704 4.28150796890259 10.4510135650635 13.2557706832886 21.687780380249 5.67110157012939 6.75860738754272 11.2040758132935 28.3264064788818 12.3598709106445 20.176965713501 5.2964768409729 11.3974609375 7.52267551422119 4.390549659729 11.9853258132935 13.9610328674316 7.4881591796875 3.95982360839844 2.50989723205566 3.68062949180603 3.13391590118408 3.1978166103363
39.9022483825684 43.4621810913086 44.8907318115234 41.2743377685547 33.8200416564941 22.7138690948486 19.2191390991211 14.4398927688599 13.1941728591919 11.9921789169312 13.9105129241943 21.4151439666748 25.8912506103516 17.1762542724609 12.8580017089844 13.0883674621582 11.033055305481 25.9041290283203 7.79854106903076 7.39027881622314 6.46601676940918 15.7040348052979 12.6089324951172 8.95236110687256 1.08185231685638 23.2994651794434 8.19256591796875 9.67252635955811 3.89420604705811 4.5466947555542 16.3767948150635 5.65057182312012 18.4371204376221 8.82861232757568 7.01642036437988 6.90200662612915 5.09118747711182 7.04966974258423 6.38980960845947 4.50953722000122 4.49197387695312 7.26319694519043 3.45298981666565 3.50646877288818 3.15600323677063
25.9021949768066 39.9845924377441 34.1299362182617 33.8609046936035 27.1661624908447 20.193941116333 15.6454944610596 16.8073768615723 20.7541999816895 18.945520401001 10.9712800979614 8.34281444549561 16.4492282867432 11.1991481781006 15.6450910568237 13.4562721252441 9.08163356781006 9.18288421630859 5.80194664001465 5.06809568405151 3.04523587226868 2.03652119636536 1.34748232364655 11.4578561782837 11.1031789779663 19.0020236968994 11.4791698455811 9.51678562164307 8.28092193603516 10.3280935287476 15.2228298187256 5.17415285110474 13.2909698486328 9.1407470703125 5.76253795623779 7.59526872634888 9.00876235961914 8.19443225860596 5.49589252471924 4.55544567108154 4.42381858825684 3.87328004837036 3.20938730239868 3.84914398193359 17.2702217102051
10.7269649505615 31.9365844726562 30.8811798095703 26.7330474853516 21.8851776123047 21.2062549591064 14.9668674468994 12.48890209198 11.5167551040649 15.9404201507568 19.4160938262939 13.2983226776123 23.3150291442871 18.826021194458 17.8029365539551 9.3938455581665 8.77522754669189 7.00670146942139 9.46617031097412 3.27696871757507 4.49653339385986 5.30598592758179 0.794929504394531 7.64495325088501 28.7640132904053 18.0110397338867 14.0063915252686 15.7578182220459 9.79597949981689 9.7063102722168 14.3171110153198 5.37392854690552 6.74849081039429 7.01084756851196 10.0481634140015 11.8704299926758 14.5253992080688 7.70909309387207 11.4387006759644 6.87269496917725 10.7924098968506 11.5756397247314 4.45813608169556 2.98455691337585 6.90620565414429
15.0093421936035 23.0889434814453 23.9047679901123 30.5132789611816 23.2359027862549 20.6960182189941 16.7494888305664 12.9387006759644 9.10745620727539 6.77715015411377 27.4024810791016 12.9250469207764 20.7408676147461 23.1373844146729 26.7001323699951 10.9269504547119 32.8833885192871 6.97518920898438 6.22288227081299 1.9329354763031 3.73991322517395 1.38394677639008 0.903051197528839 6.46428871154785 16.5866680145264 7.48547697067261 9.96237087249756 12.4844903945923 18.2615394592285 12.663426399231 10.5393600463867 10.777419090271 5.49560594558716 4.5684814453125 4.61513710021973 11.2309503555298 4.98959064483643 12.8258123397827 8.5436897277832 5.936607837677 3.93435788154602 9.23347187042236 17.1479377746582 8.11625289916992 11.0501756668091
25.62282371521 23.3186302185059 33.2157249450684 25.3540191650391 23.701940536499 26.3875732421875 15.8563938140869 10.2411432266235 7.13238954544067 5.36639451980591 13.7233867645264 10.5668048858643 15.2941303253174 12.001148223877 16.5914058685303 19.7408351898193 28.628210067749 8.21710681915283 2.63069033622742 1.49963676929474 1.390740275383 12.1380043029785 0.840941190719604 10.7245807647705 11.6731824874878 11.101655960083 11.2140951156616 7.00622367858887 10.7885847091675 11.2719888687134 12.3288507461548 10.2026824951172 7.46299123764038 6.44378757476807 6.52767944335938 20.4257068634033 4.94865894317627 10.4700565338135 7.34314012527466 4.81039714813232 6.52072954177856 3.31533050537109 5.12815284729004 2.72067165374756 29.2208614349365
27.8119773864746 30.6525440216064 48.1114196777344 28.7032775878906 18.7897472381592 19.5600280761719 18.908203125 10.3615827560425 6.71027803421021 14.4388914108276 13.1457242965698 4.16979551315308 5.14526987075806 11.7932424545288 9.93962097167969 18.3597850799561 24.2981414794922 10.6309289932251 2.1539294719696 2.44225764274597 4.73658275604248 3.02216005325317 1.94995558261871 4.58084917068481 7.26183795928955 8.17532539367676 9.54369735717773 9.38248252868652 16.0353012084961 15.4799251556396 14.543212890625 10.3671407699585 12.6771783828735 11.3988571166992 6.94451141357422 12.3335580825806 12.3260011672974 7.84889602661133 6.54766082763672 4.36322116851807 4.34069156646729 3.15902233123779 2.89766263961792 1.14056158065796 0.770516097545624
14.9465961456299 17.6034641265869 41.4569129943848 21.1132965087891 27.9089031219482 12.9754905700684 13.6807279586792 7.93671464920044 3.38856554031372 3.95058798789978 4.12736463546753 3.35605931282043 2.41693544387817 2.91740918159485 7.68004608154297 19.1474189758301 26.2910442352295 8.73790645599365 6.22682189941406 0.00377857615239918 0.610845685005188 0.429374665021896 8.43182563781738 10.3831787109375 1.77104139328003 15.091365814209 17.7805500030518 20.4314861297607 24.4899845123291 15.259388923645 9.66974353790283 7.11932706832886 4.9583797454834 19.4070911407471 13.7355079650879 17.2776870727539 25.7774772644043 25.2103843688965 15.3250207901001 8.93428230285645 10.3369703292847 2.85315179824829 1.93502926826477 0.579938769340515 0.380765229463577
18.621545791626 17.5919513702393 39.5257415771484 21.1456050872803 19.9902324676514 15.3406314849854 12.7330465316772 7.85390090942383 7.25065898895264 3.68316459655762 4.25257539749146 13.5336589813232 18.0974674224854 7.64966583251953 9.17109775543213 10.7587909698486 10.9241313934326 7.37678861618042 4.08275842666626 1.23591780662537 1.23902595043182 0.771088063716888 6.05508708953857 7.66945219039917 1.2154289484024 2.04976582527161 11.2721061706543 4.07806062698364 17.819429397583 17.9094581604004 12.1978282928467 13.9613590240479 3.31943273544312 4.97089052200317 6.57485437393188 5.99550294876099 4.41313695907593 8.18188953399658 12.1575012207031 12.3435430526733 4.57949686050415 2.22308230400085 1.80197942256927 0.766941428184509 0.261732041835785
7.76386451721191 8.01054763793945 41.9726371765137 19.7982616424561 13.0633993148804 13.5719232559204 11.2182931900024 7.47758007049561 5.32530736923218 2.86339974403381 13.2843971252441 16.034252166748 31.2526626586914 23.1546745300293 12.8998527526855 16.5083808898926 12.7591562271118 14.7457590103149 4.9608325958252 2.68182826042175 13.2999057769775 2.72499012947083 12.1978006362915 8.30856037139893 2.4204728603363 5.68483114242554 9.07813739776611 9.05255031585693 8.57934093475342 19.9365825653076 9.38747978210449 19.4958553314209 5.34930801391602 4.18970155715942 9.35022354125977 6.46795845031738 4.55199337005615 3.28314757347107 3.56587934494019 10.5987815856934 2.82579517364502 18.1750049591064 13.206995010376 16.1007022857666 12.3908338546753
17.4009056091309 8.90415000915527 15.7772464752197 16.9206428527832 16.808292388916 13.4413862228394 7.92159557342529 5.81232070922852 7.00889158248901 5.96011304855347 2.26958823204041 5.30504369735718 21.4035129547119 15.1849250793457 13.5340356826782 24.6920471191406 34.6879196166992 28.5853233337402 7.63004302978516 0.963851869106293 2.03605556488037 2.19422483444214 2.60322499275208 12.0307741165161 26.5296478271484 15.0926113128662 12.0126428604126 21.1603584289551 7.58880519866943 5.00358819961548 6.83153247833252 5.58211755752563 4.60295581817627 4.85746383666992 4.88359451293945 12.593846321106 7.66199541091919 4.25847816467285 2.98188710212708 3.72789287567139 1.1440601348877 0.759470403194427 0.745344698429108 0.266943335533142 0.652050197124481
19.0492191314697 23.6370677947998 16.2487125396729 22.6592140197754 12.653546333313 12.5536527633667 6.57431411743164 4.06123208999634 2.10922956466675 8.79756355285645 2.08728766441345 1.99057590961456 1.25707852840424 1.27537035942078 1.60336995124817 5.96330213546753 31.1342868804932 30.7238960266113 2.81966924667358 5.84824514389038 3.84410548210144 6.2178201675415 7.29537725448608 2.12374234199524 13.7041797637939 12.5219469070435 7.84539890289307 11.5390148162842 21.7346134185791 8.23897647857666 6.29857540130615 12.0727233886719 7.40836906433105 5.85547256469727 8.35400867462158 11.8770847320557 13.1480073928833 6.51066780090332 4.48998117446899 1.47203755378723 0.996333360671997 2.30796003341675 3.2536301612854 1.64678740501404 1.09340226650238
14.072003364563 9.56179141998291 13.905873298645 15.9261379241943 14.6795797348022 19.8918113708496 15.2268371582031 6.31271600723267 2.56860756874084 3.20726823806763 4.50333023071289 6.45753288269043 9.80533885955811 11.8065662384033 12.7754373550415 1.2220778465271 24.9084720611572 25.0456123352051 4.7795581817627 5.24731111526489 4.65441846847534 4.01646280288696 2.44254994392395 8.41971206665039 20.881175994873 10.3749322891235 17.9090156555176 10.4330043792725 10.6253604888916 10.6430864334106 9.13645648956299 7.68182134628296 6.95236825942993 4.71342182159424 7.09058856964111 10.6164665222168 9.47065830230713 6.25405502319336 4.3108024597168 4.76370429992676 5.45282745361328 7.25205135345459 4.00544786453247 4.49020862579346 6.46943473815918
20.0201091766357 18.7516536712646 24.1655673980713 13.6551818847656 11.5833921432495 5.47035646438599 6.55971002578735 9.1540470123291 4.11692523956299 1.82475590705872 1.65582919120789 1.65821266174316 1.03784036636353 1.41138780117035 5.97882556915283 6.46986198425293 13.2519884109497 29.4370536804199 10.858250617981 1.59062218666077 8.23980617523193 1.63059020042419 2.21500158309937 18.3837413787842 15.8543548583984 16.7052440643311 12.4657049179077 27.959680557251 20.6401691436768 17.4702892303467 17.2546482086182 14.4872903823853 24.6139125823975 16.6378612518311 12.8517990112305 14.5472860336304 11.8797779083252 17.0963363647461 10.8738784790039 3.93691420555115 4.98630142211914 6.37347555160522 3.78530621528625 2.52420258522034 1.16474652290344
6.39832305908203 14.7314682006836 14.4809017181396 11.7353639602661 13.3411827087402 8.27195072174072 5.43377113342285 7.70343589782715 1.83119368553162 2.9483687877655 2.58876919746399 1.93382465839386 5.98206901550293 1.44158852100372 13.412880897522 25.0250205993652 10.2675542831421 24.0008697509766 11.7091999053955 2.91447854042053 3.46711826324463 2.48625659942627 2.19023251533508 1.37455642223358 7.48302841186523 14.0921802520752 1.59268391132355 13.620267868042 14.7995615005493 24.4626121520996 21.0439701080322 13.1253461837769 19.6431198120117 32.8216323852539 22.68678855896 38.1728363037109 40.4291954040527 28.4412498474121 16.4540958404541 8.23462200164795 6.82321071624756 6.1637282371521 3.39269590377808 4.65127086639404 12.3576278686523
2.75183510780334 11.0177526473999 23.2738399505615 21.6361198425293 13.0787544250488 13.6155347824097 8.78633594512939 4.8904824256897 20.3637866973877 2.71435117721558 1.7898805141449 2.45275592803955 8.3056697845459 1.40454816818237 1.698686003685 4.28354454040527 12.6741304397583 3.68360900878906 3.49000597000122 3.30932569503784 2.58322405815125 1.70681512355804 1.56450200080872 1.98031103610992 1.67535161972046 13.6376161575317 1.89124464988708 7.66101789474487 9.37546062469482 22.9951992034912 22.9601097106934 14.966851234436 6.81449890136719 30.8647232055664 1.46066904067993 0.884626924991608 26.1407604217529 30.4752826690674 20.5221195220947 10.3276329040527 7.08493375778198 4.22869777679443 3.67784357070923 1.95863819122314 0.828272104263306
12.4242563247681 8.11141204833984 17.2154197692871 18.4034748077393 18.7600593566895 11.4047060012817 9.72875308990479 3.30308818817139 6.85265588760376 4.29271268844604 3.11051487922668 2.91635537147522 5.56200981140137 8.0632963180542 3.30293965339661 4.31056594848633 4.75946140289307 8.09898853302002 3.64500331878662 2.73382663726807 2.81470656394958 2.51040554046631 2.55696153640747 2.51630640029907 1.58007645606995 1.66096448898315 1.56302237510681 3.47817420959473 8.05502033233643 19.9750003814697 19.1619873046875 9.00463199615479 5.00827407836914 1.22153925895691 0.904630422592163 0.622228682041168 14.3342094421387 28.2113761901855 17.7643527984619 14.9064626693726 10.7642574310303 9.37030410766602 4.73594045639038 2.51079130172729 13.8878784179688
7.81502485275269 5.65190267562866 11.1375293731689 10.7623462677002 26.0561046600342 11.3185482025146 10.9123344421387 9.01126670837402 6.53406000137329 5.09993600845337 2.73785996437073 12.81884765625 10.4496307373047 7.76314973831177 7.61934852600098 15.2690525054932 31.4908962249756 8.39538478851318 4.549889087677 3.70678663253784 3.81450319290161 10.2337770462036 11.0936727523804 4.96036100387573 7.44758605957031 5.52410697937012 1.15717792510986 0.870938003063202 3.04109859466553 13.2452688217163 7.79434871673584 4.09330463409424 1.33062875270844 1.88588237762451 13.0285778045654 8.99412631988525 18.0203132629395 33.9648246765137 23.7074661254883 22.5709609985352 15.9211158752441 5.22055149078369 2.04613184928894 0.0453634709119797 7.0156626701355
