slauniainen/Data/DEM/Vihti_dsm1500b_cl_horizonAngle_132.asc
NCOLS 196 
NROWS 178 
XLLCORNER 353680 
YLLCORNER 6699024 
CELLSIZE 16 
NODATA_value -3.4e+38 
[rows 0 to 19 of 178, columns 138 to 183 of 196]
-0.771118462085724 6.0263237953186 8.55569171905518 9.85299110412598 7.35283422470093 6.4869818687439 5.2024941444397 3.80904746055603 3.48266577720642 3.55667567253113 4.50625610351562 5.2146315574646 5.11521816253662 4.31722354888916 4.88032722473145 5.65970516204834 5.46093416213989 6.08168745040894 6.21385478973389 5.93763065338135 9.5526294708252 10.386833190918 14.5582504272461 10.8148336410522 12.888991355896 11.9318895339966 11.4491720199585 6.47865295410156 11.9040899276733 25.6181793212891 0.991562783718109 1.69499456882477 2.72688031196594 3.02790570259094 2.99429273605347 3.64477777481079 16.8466892242432 6.72914838790894 30.3826141357422 2.83493876457214 4.69915151596069 5.39429712295532 5.88615608215332 6.55148029327393 6.63367986679077 7.21598720550537
-0.0980214625597 7.54276561737061 9.41674423217773 8.32604598999023 5.43982219696045 4.99921989440918 4.29102516174316 3.43006443977356 3.48038959503174 3.51679491996765 3.59549474716187 2.88283085823059 2.15702176094055 2.50287199020386 4.3209433555603 4.97598886489868 5.93540382385254 5.90264225006104 6.7460560798645 6.89443111419678 6.86951208114624 8.75699043273926 12.789324760437 19.1826076507568 14.0169038772583 17.1964893341064 13.899585723877 20.6480903625488 17.0295066833496 13.1892232894897 1.06117153167725 2.21154594421387 3.17483806610107 2.88315224647522 3.52455067634583 3.39992594718933 3.72310543060303 29.7184104919434 3.70003509521484 2.81540489196777 3.73446702957153 5.37691307067871 5.96266984939575 6.30279111862183 6.89280366897583 6.99833345413208
-0.140812993049622 6.87579441070557 5.92468023300171 4.24643516540527 1.95451533794403 1.07097113132477 0.866705656051636 0.93293309211731 1.07952630519867 0.820360481739044 0.80498594045639 0.542703807353973 0.664797425270081 2.19757390022278 2.65350341796875 4.70821571350098 5.52377510070801 6.71957111358643 6.6995530128479 7.69315052032471 7.78512525558472 7.6392297744751 10.2459726333618 16.9187698364258 27.6392230987549 20.5017127990723 24.290153503418 30.7852249145508 21.0076084136963 1.44479143619537 1.51710343360901 1.60091125965118 3.52574491500854 3.44375824928284 3.30825257301331 3.5827476978302 3.4553005695343 3.87945413589478 2.98212814331055 3.97510075569153 4.25419521331787 4.81538152694702 5.83179712295532 6.3738055229187 6.63743925094604 7.27902460098267
1.87850224971771 3.44179677963257 1.36479091644287 1.30914485454559 0.335550338029861 -0.241902351379395 -0.332498639822006 -0.304230123758316 -0.534088373184204 -0.46274009346962 -0.37638846039772 -0.327503025531769 -0.319852948188782 0.716616809368134 2.46169686317444 3.01273202896118 5.47393131256104 6.46114492416382 8.00544357299805 7.84060478210449 8.92237949371338 9.03519725799561 9.50315570831299 12.5247097015381 24.414514541626 46.0562973022461 33.1340026855469 29.3471622467041 12.7642507553101 1.90730822086334 2.72374820709229 1.74561667442322 3.18651008605957 3.60753226280212 3.51183438301086 3.67406988143921 3.67468523979187 3.62090039253235 4.02634620666504 4.11148881912231 4.41766452789307 4.61923837661743 5.25489330291748 6.15706729888916 6.81459379196167 7.00948333740234
-0.372835606336594 0.26327982544899 0.0527045913040638 0.677440941333771 -0.224363386631012 0.347533345222473 -0.230800941586494 -0.337280929088593 -0.274856299161911 -0.48262944817543 -0.392011612653732 -0.330696552991867 -0.305129438638687 -0.305820435285568 0.848120987415314 2.90723395347595 3.75020933151245 6.63912105560303 7.7950234413147 9.58571529388428 9.14629459381104 10.5233373641968 11.7909059524536 12.5676870346069 18.1744804382324 41.8420104980469 1.15915608406067 12.2977409362793 0.941300094127655 1.62156057357788 2.15949630737305 2.02522230148315 3.34459972381592 3.45147466659546 3.724200963974 3.61041760444641 3.76440787315369 3.94572567939758 4.77801895141602 4.65060663223267 4.39509582519531 4.66898727416992 5.00136280059814 5.69140625 6.45451068878174 7.35292673110962
-0.627703785896301 0.829443335533142 1.27958488464355 0.813360452651978 0.8055619597435 0.1012082695961 0.479143798351288 0.452421754598618 -0.197401210665703 -0.0430925562977791 -0.290052443742752 -0.317190319299698 -0.285888195037842 -0.273402661085129 -0.261507332324982 1.23083734512329 8.19657421112061 4.81974411010742 8.09057521820068 9.22225570678711 11.4206075668335 12.6121263504028 12.0950956344604 14.5045261383057 18.1536865234375 32.8298759460449 2.91138410568237 2.25470232963562 1.52649569511414 2.34367871284485 7.39265584945679 2.58619523048401 3.93434071540833 3.78037452697754 3.88370037078857 3.9171576499939 3.93687582015991 4.52081775665283 4.33605480194092 5.02833604812622 4.91003847122192 4.66733884811401 4.94416522979736 5.41706418991089 6.21183347702026 7.00493049621582
-0.652093827724457 3.17259788513184 0.544608294963837 2.61455535888672 1.9135046005249 1.01080632209778 0.934863328933716 0.0428456217050552 0.771503865718842 0.108626656234264 0.167111232876778 -0.18086414039135 -0.248226761817932 -0.218228280544281 -0.197283282876015 -0.165956139564514 1.79601192474365 3.03490924835205 6.14541101455688 9.74723434448242 10.9676570892334 12.0984907150269 15.8455095291138 14.9004564285278 19.8527011871338 32.9296531677246 4.37444925308228 11.3630142211914 7.25012254714966 8.24226379394531 2.4881055355072 2.39127659797668 4.03039264678955 4.06686925888062 4.03598690032959 4.18642663955688 4.44599723815918 4.54966831207275 4.7485613822937 4.67289733886719 5.28391790390015 5.16531944274902 4.92820596694946 5.21692943572998 5.86775922775269 6.76200485229492
-0.136116653680801 3.44289398193359 6.90629148483276 1.35889494419098 4.16120100021362 3.36926031112671 0.443385571241379 1.16351699829102 0.311691403388977 1.05259990692139 0.2803555727005 0.275711089372635 -0.0749625265598297 -0.173396691679955 -0.138527616858482 -0.0505903847515583 -0.0291469339281321 2.50841522216797 5.84063768386841 6.78157997131348 8.61945629119873 13.5574531555176 15.20521068573 20.65114402771 19.9626579284668 35.5269775390625 10.4056024551392 13.9736576080322 3.5769944190979 8.98182106018066 1.93631219863892 2.57960557937622 3.80196070671082 4.167799949646 4.20864772796631 4.41954183578491 4.43418121337891 4.62036657333374 5.02210760116577 5.05549478530884 4.87282180786133 5.52114725112915 5.41291618347168 5.24959468841553 5.51218843460083 6.35491371154785
0.724861025810242 0.879838526248932 6.0695366859436 14.7952184677124 2.58822178840637 6.80801010131836 5.78108072280884 0.554865658283234 1.35030376911163 0.477475702762604 1.20677411556244 0.363649606704712 0.402425110340118 0.0779048651456833 -0.0233413483947515 -0.0226682554930449 -0.00038915267214179 0.0187384225428104 3.08777165412903 3.46186447143555 8.28613948822021 11.7583913803101 17.9333782196045 21.5126209259033 32.9056930541992 35.7459335327148 16.8815803527832 13.4395980834961 2.04497480392456 17.5378150939941 1.7580668926239 2.35435748100281 3.87532591819763 3.9545738697052 4.32136583328247 4.34648609161377 4.54500913619995 4.56169843673706 4.98566484451294 5.19763612747192 5.72305870056152 6.4937801361084 5.78446245193481 5.7158350944519 5.64554023742676 5.89893674850464
1.30701971054077 3.69458889961243 3.2970507144928 12.481351852417 -0.00392118189483881 5.63543796539307 14.0017156600952 12.0719509124756 0.637944400310516 1.48117125034332 0.579069674015045 1.34176421165466 0.597467958927155 0.663654565811157 0.259387224912643 0.0500737875699997 0.0597143210470676 0.0688310042023659 0.0759880617260933 1.49201881885529 4.55211687088013 11.2528018951416 17.3283634185791 25.6444931030273 37.8499641418457 25.4093837738037 18.3559226989746 0.317271947860718 0.644723415374756 6.22634267807007 1.35705423355103 1.98827588558197 9.11213493347168 4.0583028793335 4.12390565872192 4.47800493240356 4.48637342453003 4.66622972488403 4.75178861618042 5.21000719070435 5.62760972976685 5.48967599868774 8.70711612701416 6.06820011138916 6.61193466186523 6.18397378921509
8.71992969512939 3.53170418739319 5.50396871566772 6.25258827209473 3.39655184745789 0.131349891424179 0.580090999603271 -0.275541037321091 -0.263679981231689 0.728660345077515 1.61623573303223 0.71000611782074 1.53113925457001 0.716867864131927 0.801256895065308 0.36613804101944 0.19719386100769 0.219515293836594 0.222801357507706 0.197740525007248 1.82786059379578 6.22699308395386 16.692590713501 31.6430206298828 43.766716003418 16.4412822723389 0.200980946421623 0.500942289829254 0.447772562503815 1.13059437274933 8.47253608703613 1.9246701002121 2.66041445732117 3.47237229347229 4.24745988845825 4.30658626556396 4.65432405471802 4.67160177230835 4.95895957946777 5.01149988174438 5.44906091690063 7.12115144729614 8.03887176513672 12.0330829620361 6.31985092163086 9.54601383209229
4.14816379547119 12.9556732177734 4.68011426925659 11.0626573562622 3.49126529693604 0.247455507516861 0.226719066500664 0.705035746097565 0.615624964237213 0.610752046108246 0.804007053375244 1.73120677471161 0.769059121608734 1.64859294891357 0.796611785888672 0.876674175262451 0.402137249708176 0.240576192736626 0.325330525636673 0.343353450298309 0.341279983520508 0.537280559539795 9.25320911407471 30.4930667877197 3.19346308708191 -0.200570642948151 -0.800469934940338 0.251017898321152 1.29218888282776 1.33696067333221 1.69396376609802 1.10927927494049 2.96544694900513 3.655442237854 4.02768611907959 4.45138072967529 4.51139545440674 4.87752485275269 4.92375898361206 5.1918420791626 6.36067771911621 7.14074468612671 5.97948789596558 10.2178173065186 17.9214782714844 6.54950189590454
2.1427538394928 6.31243419647217 24.7342891693115 8.73775196075439 -0.0676316693425179 6.63719987869263 0.38171511888504 0.630928099155426 1.08581948280334 0.664523005485535 0.658256351947784 0.853670597076416 1.82356762886047 0.817189872264862 1.7479681968689 1.12125504016876 0.933201253414154 0.969498991966248 0.443653404712677 0.428268104791641 0.433401763439178 0.488644808530807 0.679821848869324 17.0576362609863 -0.628076672554016 1.04720377922058 0.234093308448792 0.366317987442017 1.49833416938782 1.81890833377838 2.36816501617432 2.19215393066406 2.04956316947937 3.70860695838928 4.12772274017334 4.20902919769287 4.64637470245361 4.71219253540039 5.09062528610229 5.16823673248291 6.0798864364624 7.33697509765625 9.11372089385986 8.0650463104248 13.4918689727783 32.5726089477539
2.33697581291199 2.85221529006958 12.4302606582642 -0.43936288356781 5.29403972625732 0.0556936524808407 0.702428638935089 1.05250442028046 0.946291387081146 1.15598094463348 1.20682871341705 0.743149697780609 0.904602289199829 1.93411076068878 0.886203527450562 1.8563004732132 1.20604503154755 0.94978004693985 1.03400850296021 0.4658522605896 0.515336394309998 0.909186899662018 0.301069378852844 0.0879190042614937 -0.438735872507095 -0.0647716447710991 0.274221360683441 1.26512396335602 0.713651537895203 2.03278875350952 2.59235429763794 2.95502138137817 2.63784742355347 3.2107470035553 3.99476790428162 4.30505037307739 4.38171625137329 4.83714532852173 4.89830827713013 5.2878565788269 5.50238800048828 6.06784915924072 8.40293979644775 12.0213775634766 11.8566179275513 19.6793174743652
2.37807202339172 3.10566210746765 4.49688482284546 0.0788443982601166 4.99067449569702 0.127262964844704 0.165045902132988 1.44248235225677 1.10440456867218 1.00719082355499 0.993023276329041 1.29861414432526 0.795271515846252 0.967123568058014 2.05175924301147 1.24585711956024 1.98366916179657 2.05213093757629 1.02902543544769 1.10357546806335 0.526342272758484 0.853668451309204 0.0886915773153305 0.0964221507310867 0.108710832893848 1.13242626190186 0.0811308398842812 1.40379548072815 1.49051177501678 1.20988857746124 2.53186583518982 2.43549013137817 3.26260566711426 3.10711765289307 3.3434579372406 4.16569757461548 4.48553228378296 4.56494379043579 5.04323482513428 5.13729953765869 5.49137878417969 5.59571361541748 7.5698037147522 11.1332330703735 17.6914978027344 22.6655673980713
4.37995767593384 4.38000202178955 4.4982852935791 4.01221704483032 0.485493659973145 0.312413722276688 0.8629110455513 0.592229962348938 1.52397382259369 1.15904462337494 1.07558119297028 1.12064397335052 1.4033168554306 0.862918436527252 0.827774047851562 2.19054317474365 2.27030229568481 1.04321134090424 2.19477343559265 1.1006201505661 1.19468510150909 0.496529281139374 0.0880921557545662 0.102562136948109 0.122998349368572 0.140143573284149 -0.117300860583782 0.618779897689819 1.79373097419739 1.99352550506592 2.0350341796875 2.68328809738159 2.58532929420471 3.40854001045227 3.2489857673645 3.48022603988647 4.33347034454346 4.66646909713745 4.77125692367554 4.86675214767456 5.35633230209351 5.71260404586792 6.26694917678833 10.0044288635254 16.3650035858154 32.5954627990723
7.33958387374878 6.51808834075928 2.56403636932373 4.8172082901001 0.260920464992523 0.787037968635559 0.855974435806274 0.961713135242462 0.633071839809418 1.60966289043427 1.22071063518524 1.17905879020691 1.20576977729797 1.52163422107697 0.942506432533264 0.92261004447937 1.16250646114349 2.44092321395874 1.13483798503876 2.3740758895874 1.2571359872818 1.20268607139587 0.501496613025665 0.111676298081875 0.137962758541107 0.15438324213028 0.166707366704941 0.181312516331673 0.639524936676025 1.86178970336914 1.93769478797913 2.13289856910706 2.79357504844666 3.00256514549255 3.57177090644836 3.41453671455383 3.5938196182251 4.1012716293335 4.61816644668579 4.96882152557373 5.03989839553833 5.58519172668457 5.72454977035522 9.31937503814697 14.8506727218628 30.6580505371094
0.877244293689728 8.71516609191895 7.92346239089966 5.00416231155396 0.254739224910736 0.54160737991333 0.844968914985657 0.939454436302185 1.03310000896454 1.07540261745453 1.71246731281281 1.36916327476501 1.33360493183136 1.29333579540253 1.66110122203827 1.04526484012604 1.00602340698242 1.25095176696777 2.62484407424927 1.35006868839264 2.5216965675354 1.18836748600006 1.3508312702179 0.561904489994049 0.148509934544563 0.172778248786926 0.189952194690704 0.20758843421936 0.227997064590454 0.293810814619064 1.94142687320709 2.46775937080383 2.2268500328064 2.90708518028259 3.09868931770325 3.75227379798889 3.59618353843689 3.71795749664307 4.2389931678772 4.82150936126709 5.17977571487427 5.25576639175415 5.84273052215576 6.61066150665283 18.3502578735352 28.0876178741455
15.0562925338745 1.47845995426178 1.23701608181 1.15519690513611 1.15226399898529 0.556233465671539 0.564549326896667 0.926970243453979 1.0070139169693 1.04551792144775 1.14999711513519 1.81570136547089 1.55823016166687 1.54209470748901 1.41328930854797 1.82737934589386 1.17571914196014 1.1486599445343 1.36698687076569 2.83757734298706 1.22785520553589 2.72693586349487 1.36147129535675 1.51183938980103 0.621902883052826 0.171956732869148 0.193040639162064 0.212836340069771 0.235165640711784 0.314586699008942 0.434668451547623 1.78073680400848 2.54325032234192 2.40138173103333 2.46589374542236 3.19727301597595 3.94676971435547 3.79537010192871 3.92401909828186 4.37586355209351 5.02966117858887 5.40941524505615 5.48720836639404 6.12921380996704 7.18473958969116 5.77457189559937
6.68246507644653 1.4863908290863 7.36598920822144 1.64917552471161 1.85212600231171 1.78118062019348 0.571224272251129 0.618601858615875 0.998312830924988 1.04598033428192 1.12665104866028 1.22891354560852 1.91583490371704 1.98860740661621 1.98568320274353 1.96566772460938 2.02770113945007 1.32613730430603 1.49281346797943 1.41871106624603 2.98945355415344 1.40468883514404 3.00558638572693 1.54397690296173 1.71090972423553 0.69970703125 0.181529134511948 0.214516222476959 0.257395774126053 0.785414457321167 0.37989416718483 1.50684177875519 1.83619892597198 2.62100839614868 2.47405505180359 2.54818844795227 3.30008363723755 4.16569471359253 4.01433801651001 4.14163303375244 4.51627540588379 5.2672119140625 5.65866422653198 5.84567594528198 7.87515592575073 8.24655914306641
