slauniainen/Data/DEM/Vihti_dsm1500b_cl_horizonAngle_54.asc
NCOLS 196 
NROWS 178 
XLLCORNER 353680 
YLLCORNER 6699024 
CELLSIZE 16 
NODATA_value -3.4e+38 
[rows 140 to 159 of 178, columns 46 to 91 of 196]
1.85304820537567 8.52314853668213 21.3683319091797 1.45158731937408 5.86755800247192 -0.102956496179104 -0.194582253694534 14.4865942001343 1.91006016731262 9.26565074920654 2.16751050949097 14.3403720855713 22.8835315704346 20.2068920135498 0.984100461006165 6.2892894744873 2.81218194961548 4.38295459747314 6.08536434173584 10.0987482070923 24.6006278991699 22.5396385192871 6.30421018600464 8.8175802230835 3.81655955314636 4.71960878372192 14.7896175384521 24.8226375579834 37.6302719116211 21.2115364074707 2.51940417289734 8.54848384857178 17.6874179840088 29.8939838409424 40.9286575317383 35.9993019104004 18.3289012908936 5.24181127548218 1.81655371189117 -1.50570607185364 0.616281867027283 10.0117034912109 11.71031665802 16.7776870727539 19.0759696960449 5.59341239929199
2.50190258026123 24.5533790588379 26.5145301818848 22.4168834686279 10.2835502624512 10.8855333328247 11.0787076950073 10.3839359283447 4.21093082427979 2.8464150428772 5.59065008163452 2.24615907669067 6.09112119674683 11.1351709365845 1.55224788188934 2.03257632255554 1.86498308181763 1.945720911026 9.09517765045166 10.5307331085205 5.43088531494141 5.80659246444702 5.08611106872559 14.391185760498 22.5769081115723 10.9764270782471 14.7316560745239 16.0848026275635 20.3490409851074 13.2231750488281 4.99408721923828 10.4802274703979 17.1217212677002 20.3767356872559 29.0574588775635 36.3610687255859 35.4837112426758 28.6938400268555 16.327054977417 -0.941296994686127 1.86439228057861 1.01377463340759 6.24423694610596 12.2723178863525 23.7772903442383 25.3571014404297
7.76470899581909 9.41405200958252 9.51918697357178 32.4221725463867 32.3816833496094 1.8934131860733 22.9575462341309 14.5628070831299 17.0031299591064 0.118115544319153 0.923362195491791 2.19152903556824 1.34114348888397 10.7935914993286 6.1773099899292 1.73703396320343 1.89604365825653 1.24686241149902 3.32389068603516 4.9283185005188 4.73014831542969 2.90192079544067 3.30249261856079 8.34616947174072 9.01058673858643 11.1452178955078 9.93124771118164 0.522227108478546 3.39127779006958 3.71167707443237 6.10899591445923 12.1244812011719 14.2639322280884 17.6821441650391 14.3994798660278 15.182689666748 17.3742961883545 25.4472522735596 -1.35128700733185 -0.930107653141022 0.359715312719345 4.61682367324829 5.12555503845215 6.31649494171143 6.13190460205078 12.5077257156372
4.77846384048462 11.4609184265137 9.03812503814697 21.108325958252 12.5849618911743 4.61769342422485 9.26280117034912 21.2593059539795 5.26951551437378 0.884201884269714 0.387054473161697 4.24013710021973 1.77734398841858 1.57993113994598 1.60596930980682 3.25100636482239 8.54618358612061 2.33761382102966 1.90282046794891 3.36295676231384 2.3877375125885 10.6378803253174 6.21995973587036 7.18255710601807 8.05670738220215 9.47831439971924 11.9446458816528 0.857659041881561 3.67867112159729 4.51336193084717 0.87527334690094 11.6077470779419 13.1808242797852 13.7254600524902 9.89741706848145 13.1361293792725 25.3003711700439 35.7113227844238 32.5946960449219 30.2596645355225 1.48069405555725 3.39015030860901 9.14487266540527 4.91545867919922 6.73196172714233 8.17465496063232
8.99537563323975 19.255823135376 7.26363039016724 15.9064655303955 1.97127747535706 5.07940864562988 13.4122982025146 25.3260288238525 4.46320152282715 16.3116874694824 1.1595311164856 13.2733640670776 9.52864265441895 1.54061317443848 1.61238300800323 1.64829754829407 1.62248194217682 3.07444977760315 2.13146138191223 1.70509517192841 3.51590132713318 4.74146318435669 5.12244415283203 5.35067558288574 7.96156120300293 8.22844505310059 8.39989376068115 3.81316542625427 16.2799606323242 29.3418102264404 -0.109229855239391 0.0561632625758648 9.46141052246094 9.90157032012939 6.55347490310669 11.5842132568359 15.7684202194214 14.7048616409302 24.7551898956299 34.4282608032227 5.89472103118896 4.29669809341431 4.49708318710327 7.88313341140747 11.3859634399414 11.4935388565063
11.4549655914307 7.39886093139648 1.21566367149353 1.126913189888 4.04342269897461 4.70265626907349 14.4521312713623 27.9125156402588 4.84039497375488 14.3159809112549 4.6535472869873 9.23042297363281 14.7025966644287 1.14132964611053 1.55992805957794 1.34962844848633 0.95283830165863 1.06004190444946 3.76328682899475 2.16302609443665 2.58966851234436 0.809144377708435 1.89118099212646 3.56024861335754 0.99051433801651 0.334478586912155 1.25119769573212 10.1721248626709 22.2150554656982 36.7597694396973 -1.05756366252899 -2.58412265777588 -1.18566524982452 -1.4224967956543 14.2602834701538 3.77962827682495 11.1008033752441 16.7615699768066 21.3132781982422 31.1011371612549 29.9612731933594 5.05642604827881 5.65590810775757 4.97476816177368 5.00074052810669 6.57265424728394
5.18463516235352 0.306285530328751 9.705397605896 2.13080835342407 14.1727342605591 13.1948404312134 3.61806583404541 8.27650928497314 1.66224694252014 1.40659701824188 1.59217238426208 1.12235808372498 1.23640167713165 1.21344316005707 3.36572217941284 0.946831583976746 8.66898918151855 1.27716732025146 0.210599109530449 0.45634588599205 -0.242105931043625 -0.676769733428955 -0.300428748130798 0.466225951910019 0.159595534205437 0.818752527236938 0.438583105802536 5.47909784317017 6.51264333724976 10.9186630249023 32.5367584228516 -3.23189926147461 -1.79229950904846 -2.05745506286621 -1.69814562797546 8.42861652374268 12.4578075408936 14.134202003479 13.1840314865112 21.3257007598877 5.18936157226562 5.30953693389893 2.99116683006287 4.38929891586304 5.32982301712036 5.35978221893311
5.57966136932373 1.59963583946228 0.260153323411942 0.511813938617706 3.50896000862122 2.32296586036682 1.03495037555695 3.32987308502197 7.20752811431885 5.51921415328979 19.7408180236816 23.6297950744629 28.704683303833 17.7276840209961 0.642971158027649 1.05224919319153 0.612679839134216 -0.18125419318676 -0.388135522603989 -0.821252405643463 -1.4602587223053 -1.62177288532257 -1.34181118011475 -1.54681837558746 -1.45476126670837 -0.524442195892334 0.962060272693634 -2.09520673751831 1.48967039585114 11.4633331298828 15.2394523620605 23.0946578979492 -2.22968530654907 -1.6848555803299 -0.818900108337402 2.5748565196991 9.36700916290283 9.42613410949707 18.4224662780762 27.5835227966309 2.83862614631653 5.93910264968872 5.03347826004028 3.56080937385559 5.04665517807007 8.1580114364624
0.866623222827911 0.0370231531560421 0.388738960027695 0.353119999170303 11.7704620361328 1.02668106555939 17.6352367401123 15.7602024078369 13.6951007843018 14.6470794677734 1.83916735649109 4.29026412963867 14.320258140564 23.0800132751465 1.61262023448944 0.875855505466461 -0.248329877853394 -0.0401026159524918 -1.48956000804901 -1.87708282470703 -2.35200667381287 -2.27217173576355 -2.86717486381531 -1.3575028181076 -0.355822831392288 6.77833795547485 8.25554084777832 -0.803958833217621 4.78391885757446 -2.21960806846619 6.38935947418213 -2.99875473976135 27.6063175201416 -0.969480514526367 -0.14795446395874 0.135242894291878 1.79283130168915 2.60331058502197 20.910472869873 32.0396041870117 2.7821204662323 2.84587502479553 3.45289468765259 4.06919717788696 6.91815233230591 8.91161918640137
2.96845364570618 0.143187627196312 8.30192279815674 0.865806221961975 1.07393145561218 1.26123738288879 5.30018901824951 7.40115928649902 10.4053497314453 8.68267345428467 7.86809396743774 10.0485754013062 16.6212387084961 8.61613941192627 -0.0287251509726048 3.41450333595276 -0.814511477947235 5.79470920562744 7.81401491165161 -0.589975893497467 -3.11585831642151 -1.15950798988342 -2.73005747795105 -1.60363733768463 -0.0614725090563297 8.58229160308838 7.68601131439209 14.3113651275635 7.64921951293945 4.78231048583984 11.9684362411499 -2.34269142150879 -1.79513394832611 -2.03595376014709 21.5293388366699 0.182217419147491 2.54352402687073 2.32413578033447 1.34071624279022 31.294807434082 1.48431348800659 2.06827569007874 3.4120922088623 6.36469030380249 2.61179041862488 6.13018989562988
15.3498296737671 5.25058317184448 6.3930606842041 2.20200157165527 9.97195625305176 2.65897822380066 4.58979988098145 14.5371971130371 11.6539897918701 4.28613615036011 6.72481536865234 6.51590204238892 6.98057222366333 8.82912921905518 6.16094589233398 -0.961162447929382 1.23786747455597 0.726734578609467 4.6298246383667 2.50668430328369 -2.97740530967712 -3.14383339881897 -2.75278043746948 -2.11715602874756 -1.1600170135498 1.59825682640076 4.79021978378296 10.1006631851196 13.921178817749 11.4664926528931 13.9706192016602 7.38652849197388 -2.75853753089905 -0.0705218762159348 6.11125755310059 2.74638819694519 1.70903372764587 19.5378379821777 1.57911002635956 1.16748023033142 28.9333381652832 23.1545639038086 15.0621576309204 19.3375034332275 21.9092674255371 10.2354984283447
0.674366176128387 12.1572504043579 0.842277765274048 3.0946044921875 2.10821652412415 1.50422668457031 6.00589036941528 2.77164936065674 1.22795367240906 1.09244501590729 0.0981428101658821 0.22264575958252 -0.701613187789917 -0.304194003343582 0.606340885162354 -2.09900569915771 -2.39603471755981 -0.790302991867065 -3.28582787513733 -2.60661768913269 -0.615209877490997 -1.01545798778534 -3.63510704040527 -2.90516781806946 0.598053455352783 0.616916000843048 2.52488946914673 4.92523097991943 9.11581134796143 11.856990814209 27.9814834594727 35.6782493591309 -1.71182441711426 -0.328146308660507 0.193117931485176 -0.689166128635406 -0.227255821228027 17.6425857543945 0.835789203643799 0.854840636253357 0.888123750686646 9.4176197052002 13.0073938369751 17.213264465332 11.5995502471924 8.93487453460693
4.67748212814331 17.5036602020264 1.18857192993164 2.14563393592834 2.66004061698914 0.985426068305969 2.75689697265625 0.389674514532089 -0.130280777812004 -0.293810695409775 -0.596071600914001 -1.05359077453613 -1.31678485870361 -0.883260428905487 -2.28301024436951 -2.95925688743591 -3.33951306343079 -3.44977474212646 2.10775589942932 0.423249393701553 -0.583988428115845 -2.44238829612732 -4.18838596343994 -3.68263816833496 -2.96290349960327 0.148924648761749 2.54108762741089 6.30018949508667 3.56802201271057 9.77523231506348 0.217348769307137 28.0689659118652 2.73081827163696 -1.20360517501831 13.6935119628906 -1.00136744976044 -0.212944284081459 -0.210081651806831 19.3171062469482 0.0667582973837852 0.259995669126511 0.588347971439362 20.5596199035645 32.1445808410645 9.27210712432861 19.7618236541748
0.962635517120361 0.973505198955536 0.551254868507385 5.22513008117676 5.61312484741211 0.0894810929894447 6.27320861816406 -0.197028443217278 1.1248254776001 -1.23778831958771 -1.54364168643951 -1.64267468452454 -2.32490277290344 -0.808684527873993 -1.95763421058655 -1.45058178901672 -3.49023938179016 -3.28475642204285 2.65392708778381 0.350296705961227 5.01654243469238 5.71041202545166 -3.81363701820374 -2.96020150184631 -0.230658277869225 1.31724607944489 3.91077661514282 1.78069472312927 7.78726291656494 20.9160041809082 -0.819402992725372 7.88382244110107 22.0251770019531 8.00811100006104 -1.37188744544983 -0.885253489017487 -1.22059381008148 -0.713020801544189 -0.374115407466888 24.7665939331055 0.175997495651245 0.660091817378998 2.26084017753601 38.5806999206543 7.28430604934692 14.6365671157837
0.338834077119827 7.98215103149414 0.914138555526733 0.844588816165924 -0.142289787530899 -0.0752788186073303 0.56012761592865 3.51709222793579 -1.49449968338013 -1.9874449968338 -2.4466507434845 -0.0785850584506989 -2.99440860748291 -2.30581641197205 5.09764957427979 5.8265528678894 -3.2266047000885 -3.2571496963501 -3.19768285751343 -2.32997298240662 -1.87623977661133 -1.21096253395081 -3.19830203056335 -3.46284914016724 -1.20364964008331 0.389666229486465 5.28514575958252 15.8687448501587 3.3498260974884 15.2190561294556 5.66675567626953 -1.07455027103424 12.9700937271118 26.9934139251709 3.43392658233643 -1.88733494281769 -1.2972446680069 1.13587915897369 -0.168187111616135 2.62290048599243 19.8383445739746 1.69232404232025 3.49548268318176 8.12737846374512 28.5646171569824 37.4261016845703
8.54797077178955 3.20274615287781 -0.582567155361176 -0.364820331335068 -0.392014265060425 -0.133305355906487 6.45863819122314 3.57813930511475 -0.206007972359657 -2.73470258712769 2.57450079917908 -1.46348989009857 -0.715079069137573 -2.06458330154419 7.22154331207275 3.90072727203369 0.721298694610596 5.01907634735107 -1.84986412525177 0.398016601800919 1.24168837070465 -3.61797142028809 -3.35436010360718 -3.08083939552307 -2.22623038291931 1.229940533638 4.53567123413086 8.97894668579102 -0.162849962711334 9.78635311126709 13.2616500854492 6.28875303268433 12.9456615447998 25.5174999237061 26.2064952850342 22.1740036010742 -1.56411492824554 -1.00783050060272 -0.847054839134216 -0.0202105101197958 0.785296380519867 1.04231703281403 3.41168308258057 6.59062957763672 18.1446113586426 10.2961988449097
12.0970544815063 12.0322704315186 0.290062814950943 4.52372312545776 -0.751792550086975 6.88701295852661 4.98237276077271 3.41566228866577 3.69761395454407 -2.45348620414734 -3.10330700874329 -3.39312481880188 -3.62076306343079 -1.02502989768982 0.496579498052597 -3.16024827957153 6.98606109619141 5.81877088546753 -1.36551809310913 2.09622764587402 5.29300737380981 2.37904620170593 -2.64284014701843 -2.81568431854248 0.470930397510529 -0.369076043367386 0.867433309555054 0.867605984210968 4.56776714324951 -0.762273252010345 2.43063569068909 3.53004360198975 13.0023078918457 12.480658531189 2.65135216712952 1.20437014102936 -1.41025841236115 8.11286735534668 4.31348562240601 0.543150842189789 0.263507276773453 19.7614459991455 3.36003708839417 10.517746925354 18.1696376800537 29.6881408691406
4.50068521499634 -0.439158648252487 0.953279733657837 -1.17480206489563 -1.57651937007904 4.37915754318237 2.35684299468994 -2.80685806274414 -2.84659361839294 -3.46815514564514 0.401840686798096 -0.662989318370819 0.178565964102745 -3.35462665557861 -3.79407119750977 -2.26502847671509 -2.21165585517883 -2.385498046875 -2.14713835716248 -1.63279223442078 -0.496486902236938 -2.28977346420288 1.17496430873871 -1.68966042995453 -1.14482390880585 -1.50459611415863 0.395572632551193 0.0433022975921631 -1.42541754245758 5.15391826629639 5.58720874786377 11.3850564956665 6.44146013259888 10.7687635421753 -0.980284035205841 -1.47827184200287 -1.29515314102173 -0.540128707885742 -0.301011294126511 0.170711651444435 0.608440160751343 1.8999844789505 7.42361497879028 6.94780540466309 15.7426271438599 29.5910911560059
-1.37166428565979 -1.73897445201874 -1.83398425579071 -0.877811133861542 -2.27387571334839 6.70989799499512 4.15022850036621 -0.169324398040771 1.76114761829376 -4.20541143417358 3.59352612495422 2.58492374420166 -0.29145810008049 -1.32536888122559 -3.60405206680298 -3.1620409488678 -2.09290885925293 -2.7165834903717 -3.36030769348145 4.24421691894531 17.7770042419434 12.2860956192017 -2.17703747749329 -1.57683026790619 4.0273289680481 -1.5829256772995 8.4102258682251 9.47287654876709 1.17926716804504 4.26753568649292 3.14389371871948 2.80106830596924 7.64059829711914 6.91430330276489 3.33486819267273 -1.87307608127594 -1.29095351696014 -0.4971062541008 -0.234865874052048 0.0378289185464382 0.606922626495361 1.52730107307434 2.80725789070129 7.48870611190796 12.7997941970825 40.3801918029785
14.8204278945923 21.2745456695557 26.0045909881592 8.86099433898926 2.98161125183105 6.098219871521 4.80427551269531 8.03823661804199 11.1588859558105 -2.54569745063782 -3.33640885353088 -2.73878121376038 -1.98060917854309 4.12879276275635 5.5403151512146 6.38552474975586 15.7193984985352 8.85665702819824 1.46790885925293 -0.0576631687581539 0.661655306816101 7.60141229629517 0.823549389839172 -1.99759066104889 -1.51252424716949 4.51353549957275 -1.65236520767212 -2.16786122322083 -0.19110332429409 -1.57375061511993 -2.30916428565979 -2.468581199646 -2.39299511909485 -2.97533297538757 -2.17961478233337 -1.652263879776 -1.68020820617676 -0.969280421733856 -0.222406432032585 0.263369351625443 0.468429237604141 1.01707339286804 1.87018692493439 8.14740085601807 6.13612937927246 32.250602722168
