slauniainen/Data/DEM/Vihti_dsm1500b_cl_horizonAngle_294.asc
NCOLS 196 
NROWS 178 
XLLCORNER 353680 
YLLCORNER 6699024 
CELLSIZE 16 
NODATA_value -3.4e+38 
[rows 40 to 59 of 178, columns 135 to 179 of 196]
1.2334508895874 1.61360156536102 1.77051794528961 2.24438524246216 3.1334183216095 4.12491798400879 2.85984063148499 3.46898818016052 3.22912764549255 2.17516207695007 1.68615996837616 1.34860408306122 1.12443053722382 1.0350729227066 0.906397998332977 0.796387195587158 0.674892723560333 0.47191971540451 2.68913745880127 0.583718240261078 0.5769944190979 0.637503564357758 0.556164860725403 0.46173557639122 0.378777027130127 0.357645243406296 0.285356223583221 0.703305661678314 0.82922899723053 0.958138525485992 0.934218466281891 0.911837339401245 0.793568193912506 0.569946229457855 0.495019823312759 0.469873636960983 0.519326031208038 0.505548894405365 0.636849999427795 0.633534669876099 1.64783322811127 1.91228771209717 1.95729851722717 1.81244647502899 1.33586966991425
1.39694762229919 1.35361456871033 0.878880798816681 2.04755616188049 4.55108547210693 -0.0549480728805065 13.4617023468018 2.94194722175598 3.653235912323 3.52406597137451 1.99906778335571 1.19684934616089 1.16419577598572 1.02387297153473 0.895096957683563 0.742562711238861 0.571251153945923 0.399517863988876 0.370276689529419 0.597715497016907 1.68211996555328 1.87730205059052 1.20715296268463 0.527295827865601 0.513631582260132 0.445447236299515 0.409246653318405 0.333637058734894 -1.05425584316254 -1.19363832473755 -1.33982694149017 6.827880859375 44.0438613891602 0.864267885684967 0.747484922409058 0.746881544589996 0.484890460968018 0.461692929267883 0.492249429225922 0.47823178768158 0.468879014253616 0.445777088403702 0.768082737922668 1.55669748783112 1.64124846458435
1.35031056404114 0.755293190479279 0.131603851914406 2.7066056728363 -0.362904489040375 5.09647274017334 16.0799255371094 4.85209989547729 4.37186098098755 4.11594867706299 2.35234689712524 1.30214262008667 1.49634540081024 1.14614403247833 0.833989143371582 0.474570482969284 0.31754595041275 0.167096421122551 0.343376815319061 1.50205159187317 2.52196097373962 3.38593053817749 1.83452177047729 -0.776840686798096 28.0016460418701 -0.624178767204285 2.12869763374329 -0.554500818252563 -0.834179580211639 -1.13709425926208 -1.32859539985657 0.801090717315674 0.0693261101841927 2.63690114021301 46.203369140625 0.84098219871521 0.77447384595871 0.711596965789795 0.33086684346199 0.435165047645569 0.464201927185059 0.452530324459076 0.244555339217186 0.374368816614151 0.658402860164642
11.1762685775757 9.33709049224854 0.455386430025101 4.0338568687439 -1.01743412017822 27.8728542327881 13.9524326324463 5.90935897827148 4.81123018264771 0.775575816631317 8.8738317489624 2.56842374801636 1.74401438236237 0.661269545555115 0.315310567617416 0.146191254258156 0.00323592405766249 -0.0902534872293472 1.79410028457642 2.6970374584198 3.40761494636536 -0.352847427129745 7.66692686080933 -0.656836748123169 14.9892835617065 13.7693309783936 10.5406398773193 8.17912006378174 6.52423048019409 -0.737553298473358 0.0297696758061647 4.6821174621582 3.63317632675171 22.4025573730469 27.9667091369629 25.2030277252197 18.3887252807617 0.799412190914154 0.738023459911346 0.67675518989563 0.311480551958084 0.234092578291893 0.231171414256096 0.232217490673065 0.230935737490654
11.6736030578613 9.72952365875244 6.90866470336914 6.48873710632324 -0.622526705265045 14.6358108520508 16.1276779174805 12.4248208999634 3.43754029273987 2.4712393283844 1.38339912891388 7.97484397888184 -0.669104337692261 23.5379085540771 -0.0832265168428421 -0.256448328495026 -0.320965558290482 0.438626170158386 2.88758325576782 2.95709753036499 -1.45994627475739 3.14994668960571 12.301121711731 29.1228313446045 3.35841012001038 6.12464046478271 -0.976820468902588 -0.117662139236927 -1.2773756980896 -1.38035845756531 -1.41953039169312 6.46525430679321 6.55209684371948 2.48625826835632 42.4040260314941 16.6865749359131 13.6648063659668 13.1703863143921 11.0502462387085 0.712546110153198 0.69711846113205 0.634113788604736 0.215973600745201 0.21508252620697 0.223487660288811
10.0849418640137 8.41158962249756 7.29929542541504 6.698073387146 4.75646686553955 4.47956562042236 4.92112684249878 3.48238682746887 7.03776073455811 5.83955478668213 3.46106696128845 5.73122358322144 -1.31560528278351 36.0758590698242 4.46826314926147 5.07366323471069 -0.435963571071625 1.19538283348083 2.85022044181824 -1.65957570075989 0.368125736713409 12.0085783004761 2.59598350524902 17.1600589752197 23.4993419647217 6.26222562789917 -1.06610286235809 -1.43137264251709 -1.4854279756546 4.62740325927734 -1.45470499992371 -0.255862653255463 -1.55742466449738 36.9746780395508 10.2285976409912 28.6968784332275 15.9548873901367 9.94579982757568 9.24665355682373 8.87985610961914 7.81898736953735 5.14841938018799 0.64777934551239 0.383167892694473 0.205396056175232
11.8626794815063 10.53981590271 6.19495820999146 5.63267850875854 5.07986164093018 4.71577310562134 4.37264537811279 3.23107004165649 2.11377835273743 8.52755355834961 4.12608671188354 6.08262538909912 2.25772452354431 0.234003841876984 16.8658599853516 12.3773565292358 1.73434340953827 1.64919328689575 -1.85197782516479 34.3989067077637 23.8280487060547 23.5956401824951 23.5152053833008 20.3645820617676 0.017927173525095 15.3368358612061 18.6549987792969 2.16305136680603 -1.29338479042053 -1.37937867641449 3.78314113616943 1.18205618858337 6.31398057937622 0.298174262046814 40.8555030822754 22.1338844299316 13.3088064193726 11.4042158126831 9.5529899597168 7.02450323104858 6.88521718978882 4.58169078826904 17.6890754699707 5.53730297088623 0.409482091665268
7.47368860244751 7.22912740707397 8.64306926727295 7.98024272918701 7.29332399368286 3.9786958694458 3.6350736618042 3.37261891365051 2.97309565544128 2.1887788772583 1.98135411739349 6.15502119064331 0.890120267868042 13.4951839447021 5.53826665878296 1.28350567817688 -1.52925837039948 17.100025177002 -1.40202844142914 20.4363899230957 22.9114532470703 16.4948806762695 4.82348823547363 10.050461769104 10.5341396331787 8.89734649658203 6.12560701370239 5.22271203994751 -0.177318796515465 -1.78487205505371 17.9647960662842 1.99716317653656 0.879559576511383 0.257270753383636 42.937931060791 27.5309581756592 20.4169006347656 13.3613166809082 7.89073944091797 7.53539133071899 6.67451190948486 3.2015438079834 21.95334815979 8.14626502990723 5.95894718170166
6.21504402160645 5.04490232467651 4.64418983459473 5.26182746887207 4.71403551101685 6.18953943252563 5.72627210617065 2.77068448066711 2.46823930740356 2.46555662155151 1.55532658100128 10.2781867980957 0.457798361778259 18.7229976654053 -1.21113085746765 18.6261615753174 0.107529118657112 -1.57290625572205 -0.552129924297333 -0.514151930809021 -1.7034672498703 0.32400706410408 1.14776110649109 1.07361924648285 2.46709299087524 -0.560067117214203 2.52077484130859 -1.85599839687347 33.7843704223633 -1.65641510486603 31.5667457580566 2.49008774757385 25.415979385376 8.23208427429199 33.0666427612305 27.093053817749 20.2356224060059 14.4987993240356 12.1578102111816 9.38156986236572 0.776720643043518 35.6253356933594 17.0066108703613 3.12954330444336 17.5793628692627
4.7995924949646 4.63472890853882 4.14803838729858 3.53259444236755 3.14770030975342 2.77857494354248 3.43298864364624 4.79677677154541 4.46207046508789 2.00969171524048 1.76461350917816 1.3395162820816 1.31202220916748 -0.121446155011654 -0.165914714336395 22.9103260040283 2.79981875419617 1.85800063610077 -1.89062893390656 -2.58572459220886 -2.67426586151123 5.05642795562744 9.98635101318359 4.15402364730835 -2.46581411361694 -2.76052308082581 -2.84696984291077 10.4776191711426 34.7009773254395 20.1910381317139 2.83076119422913 9.85631561279297 16.6533737182617 30.3084735870361 22.4798812866211 18.1612911224365 13.9371728897095 14.163426399231 11.7452926635742 -0.478794723749161 20.0925407409668 0.959344327449799 35.7279167175293 12.341136932373 11.3010215759277
3.21035575866699 3.59669303894043 3.1971116065979 3.24094390869141 2.82035517692566 2.49381995201111 2.15382480621338 1.89641177654266 2.52684855461121 3.88515949249268 3.63702487945557 1.37994790077209 0.993165254592896 0.794249415397644 0.711233377456665 2.48756456375122 3.71408176422119 2.36879086494446 -2.5392746925354 -3.03414988517761 -3.23970484733582 -3.40752005577087 7.24161052703857 17.0069923400879 -3.24944353103638 -2.30200409889221 26.3206787109375 19.9234924316406 17.2822151184082 8.1071252822876 21.3217601776123 22.4619789123535 27.8580722808838 22.5291328430176 22.4415054321289 4.53024053573608 42.5479164123535 1.04834961891174 -1.0228236913681 -1.62887227535248 19.0660171508789 3.59134840965271 37.2211418151855 26.385570526123 17.7027206420898
1.69134449958801 2.40624976158142 2.15394592285156 2.47036266326904 2.11183738708496 1.8227766752243 1.93238818645477 1.71282386779785 1.4987336397171 1.31767165660858 1.88038170337677 3.04166555404663 2.5425968170166 2.02798175811768 0.085098035633564 0.36527356505394 -0.20541188120842 -0.300813496112823 -2.52758145332336 -3.68514561653137 -4.15272855758667 -4.57699060440063 0.550829589366913 28.3531055450439 -4.33299160003662 -4.17584085464478 16.8922691345215 46.9691429138184 22.8972301483154 25.4348545074463 12.2970333099365 16.4384765625 24.329122543335 7.4250111579895 12.9279623031616 2.18860960006714 3.97644782066345 5.31886577606201 1.00262045860291 -1.03607404232025 22.3159713745117 11.4868173599243 31.201509475708 27.0866069793701 15.2995147705078
9.62370014190674 8.06388854980469 1.05144131183624 1.58439087867737 1.32582056522369 1.08212399482727 1.362025141716 1.17966985702515 1.34054636955261 1.17997646331787 0.763075470924377 0.915678262710571 1.00445163249969 0.460945636034012 1.54995608329773 1.38469576835632 -0.39363369345665 -1.05977439880371 -3.03244066238403 -4.16323709487915 -4.60885715484619 4.98816156387329 -4.05690670013428 4.48176288604736 2.99699544906616 8.3228235244751 16.0359306335449 25.0985260009766 31.9088306427002 32.1131248474121 27.3176860809326 17.0517101287842 12.886079788208 11.4011688232422 9.58875846862793 4.28656959533691 2.80858397483826 1.79869782924652 0.255460351705551 1.36269903182983 3.24161982536316 13.6996355056763 28.5986080169678 13.4882822036743 28.8028469085693
2.33574557304382 4.12661790847778 6.27603816986084 5.41156244277954 0.469429522752762 0.296602129936218 0.753632366657257 0.627818048000336 0.907470226287842 0.770894765853882 0.962032496929169 0.751654326915741 0.318725824356079 -0.0823638215661049 -0.370127886533737 -0.153669938445091 -0.436137765645981 -0.581899583339691 -2.87023043632507 -4.82627773284912 18.6051292419434 -4.77416753768921 -4.95959091186523 17.8409442901611 -4.79943418502808 14.0744581222534 10.7946977615356 29.0173149108887 27.0954990386963 37.3706970214844 28.6028366088867 23.511739730835 15.6871910095215 12.4768848419189 7.2243971824646 7.01414394378662 6.34664535522461 5.9003734588623 2.44255971908569 0.0744292661547661 4.97384214401245 23.7231788635254 21.1911926269531 17.6592597961426 23.2261276245117
-0.0543262362480164 -0.177437171339989 1.50718867778778 2.75130367279053 4.34201860427856 3.85094165802002 3.41003942489624 0.00938236806541681 0.42793282866478 0.355579972267151 0.621288657188416 0.422019749879837 0.320926904678345 -0.12607641518116 -0.470226407051086 -0.526605129241943 -2.26680278778076 -1.70086336135864 -1.35663843154907 -3.24025821685791 -4.57340383529663 -5.07282161712646 4.91988611221313 18.1820755004883 10.5803442001343 7.33388566970825 23.4733276367188 27.3794136047363 22.9534111022949 38.2513084411621 25.9735641479492 23.8487777709961 20.1846504211426 17.4916400909424 8.41278266906738 7.87307357788086 9.07138824462891 5.49416255950928 4.71341991424561 3.89368891716003 1.2896534204483 9.86119937896729 26.7005653381348 14.235447883606 32.1119728088379
1.21882486343384 0.852707982063293 -0.398777723312378 -0.463077753782272 -0.514212012290955 0.757526576519012 1.71233534812927 2.90763449668884 2.66272616386414 -0.129024967551231 0.216767176985741 0.0674745813012123 -1.38643610477448 16.2651290893555 0.429045349359512 -0.496098905801773 -2.31783556938171 -2.45258545875549 -3.12194800376892 -4.29408502578735 -2.14525008201599 -4.29813003540039 15.3289051055908 10.008002281189 20.0092906951904 12.0113611221313 31.8173046112061 13.5427799224854 13.6184978485107 23.4324550628662 37.5907211303711 23.2992477416992 18.751859664917 15.1707563400269 14.0739612579346 12.8129777908325 11.3529739379883 6.6273512840271 3.51207041740417 1.14877760410309 7.26706266403198 -0.32449272274971 18.6525611877441 28.7939319610596 33.468318939209
5.8814549446106 4.96455097198486 0.539514124393463 0.35693570971489 0.217821165919304 -0.618485867977142 -0.632321655750275 0.473211914300919 1.3187313079834 2.29146265983582 2.04046821594238 -1.261470079422 -1.51849973201752 19.7309799194336 8.59517383575439 -1.41154634952545 -2.74678158760071 4.95011806488037 2.30202054977417 -3.52188801765442 -3.75531482696533 0.358191817998886 -1.9692987203598 21.4601154327393 7.34079837799072 36.3081932067871 18.420841217041 20.6495952606201 10.7127952575684 22.0357933044434 32.8887329101562 31.7128753662109 19.1181373596191 23.9461250305176 11.7413873672485 13.186671257019 10.7607393264771 10.2432870864868 5.20380353927612 0.777999758720398 -1.84996283054352 20.3585739135742 11.7068634033203 9.87954616546631 41.839599609375
3.24464273452759 2.62778735160828 4.05221319198608 3.52090716362 3.10447430610657 0.0648950561881065 -0.00590044260025024 -0.667232990264893 -0.704112946987152 0.224541947245598 0.885065257549286 1.63248896598816 1.37323606014252 -1.50464200973511 16.7136249542236 -2.92189359664917 49.4815444946289 -2.77554368972778 -2.89149713516235 -3.09181213378906 -3.82349133491516 -3.96131539344788 -4.13981580734253 14.9526491165161 10.370304107666 26.8432445526123 24.1796455383301 20.0357341766357 16.33127784729 14.0977306365967 21.4039726257324 31.2912330627441 22.953441619873 19.4412574768066 13.7178592681885 11.9855861663818 11.6069803237915 8.7483377456665 4.69135808944702 3.96856141090393 2.04889512062073 13.4756879806519 3.28965330123901 27.6856632232666 19.5805053710938
3.04848790168762 2.59406542778015 2.17426633834839 1.82446312904358 1.52286887168884 2.63677716255188 2.38232898712158 -0.0983545184135437 -0.194521233439445 -0.791595160961151 -0.838286399841309 -0.183099389076233 0.41502457857132 -0.394243091344833 22.5777645111084 -2.53370523452759 42.2679901123047 7.93801736831665 5.09191274642944 -3.46680927276611 -3.89823746681213 4.98239707946777 -1.84420561790466 17.5408725738525 7.24653005599976 26.314790725708 21.1228466033936 19.3865776062012 19.9157371520996 14.5922412872314 25.96555519104 22.7351779937744 21.7916164398193 18.5208797454834 12.5219640731812 11.5249156951904 11.0744009017944 9.71072864532471 7.63838052749634 5.11367034912109 4.64876842498779 11.0566415786743 21.1228084564209 19.8680515289307 21.3125476837158
4.81992769241333 2.37844395637512 1.97884178161621 1.63149118423462 1.4510840177536 1.28875827789307 1.09908044338226 2.0327455997467 1.80928862094879 -0.356751888990402 -0.448103547096252 -0.920681715011597 -2.05883073806763 -1.62682521343231 39.2067527770996 6.38618087768555 -1.99944996833801 26.3810520172119 5.64629316329956 -1.92637324333191 -3.59513163566589 -3.69001936912537 4.91501760482788 3.54084324836731 22.1638317108154 19.7206211090088 21.8710632324219 17.69557762146 15.3393287658691 12.6889677047729 12.6507415771484 29.8809280395508 28.4438228607178 14.1293115615845 11.2287817001343 9.50812530517578 9.07455730438232 8.19180297851562 7.6819224357605 7.04279327392578 5.68296384811401 5.00777816772461 7.11145067214966 15.559024810791 38.2964096069336
