slauniainen/Data/DEM/Vihti_dem1500b_cl_horizonAngle_336.asc
NCOLS 196 
NROWS 178 
XLLCORNER 353680 
YLLCORNER 6699024 
CELLSIZE 16 
NODATA_value -3.4e+38 
[rows 140 to 159 of 178, columns 45 to 89 of 196]
-1.06046807765961 -1.0663206577301 -1.0648649930954 -0.727539956569672 -0.677632451057434 -1.18209135532379 -1.26112568378448 -1.28857934474945 -0.521019816398621 1.15189409255981 1.14648354053497 2.25217342376709 3.23130631446838 3.35241341590881 4.42782688140869 3.62537217140198 2.28821635246277 1.23600029945374 0.463634431362152 -0.0826116278767586 -0.159812346100807 -0.448177814483643 -0.632889926433563 -0.798527717590332 -0.714154899120331 -0.193730741739273 -0.0549966655671597 -0.0373201481997967 4.28214645385742 6.90315294265747 7.40557050704956 6.51307153701782 6.20730447769165 5.23171663284302 5.45262479782104 3.44323778152466 1.28316676616669 -0.25525313615799 0.0755492150783539 0.371359407901764 0.614440739154816 0.275357514619827 1.08866095542908 1.51102018356323 1.44238519668579
-1.08881223201752 -1.08729696273804 -1.08816623687744 -1.08946359157562 -1.13195550441742 -1.22286713123322 -1.31688094139099 -1.35704839229584 -0.952450454235077 0.854529500007629 1.09651803970337 1.34730172157288 2.06081318855286 2.37509393692017 2.91623091697693 3.4571692943573 2.72485375404358 1.55299437046051 0.717813074588776 0.0185365565121174 -0.248730719089508 0.809583067893982 0.61133337020874 -0.699999570846558 -0.688805043697357 -0.497272402048111 0.885176718235016 2.04276752471924 2.66223573684692 4.86051273345947 4.12479972839355 5.06676959991455 4.09592771530151 4.03898191452026 3.74512910842896 3.44924879074097 1.1624538898468 2.04911160469055 -0.258767753839493 0.178495943546295 0.364944726228714 0.216958865523338 0.109433233737946 0.630734741687775 0.851126253604889
-1.12502086162567 -1.11363792419434 -1.11644470691681 -1.12566363811493 -1.17762959003448 -1.28488647937775 -1.36758530139923 -1.41041958332062 -1.0776903629303 1.21345376968384 1.06355583667755 0.720198273658752 1.17319488525391 1.66058099269867 2.1395320892334 2.81388902664185 2.60527849197388 1.76093709468842 0.970173954963684 0.280689835548401 -0.256157219409943 0.0458715409040451 1.58697104454041 2.16654109954834 2.10205793380737 2.39299869537354 2.06812953948975 1.62147986888885 1.87690126895905 2.19769310951233 3.53920125961304 2.86893105506897 3.4157280921936 3.20980477333069 3.11489367485046 2.99136471748352 0.908002018928528 -0.446925431489944 -0.288437813520432 -0.0161790251731873 0.124993853271008 0.256076484918594 -0.0817591026425362 0.234312608838081 0.617681682109833
-1.17000937461853 -1.15874338150024 -1.17326319217682 -1.17614269256592 -1.2127388715744 -1.35233545303345 -1.42156052589417 -1.3317289352417 1.73009359836578 2.16031050682068 1.06109166145325 0.800756096839905 0.66062068939209 1.13598942756653 1.52874827384949 2.00151467323303 2.24353814125061 1.80474174022675 1.11001408100128 0.41236674785614 -0.089846558868885 -0.337228983640671 0.0269425343722105 0.489617019891739 0.823628067970276 0.617710649967194 0.639169335365295 0.589928686618805 0.54978883266449 1.24457037448883 2.1175594329834 1.71681702136993 2.05444312095642 1.88955330848694 2.49330186843872 1.7013281583786 0.569075226783752 1.15785992145538 0.374726146459579 -0.359170138835907 -0.0833736136555672 0.0956540629267693 0.0303293168544769 -0.17720302939415 0.28110060095787
-1.22884547710419 -1.21147131919861 -1.20930600166321 -1.20699894428253 -0.756481468677521 0.50934112071991 -1.4721268415451 0.95956552028656 3.49004292488098 2.63890385627747 0.969691455364227 0.726419389247894 0.559461891651154 0.898788392543793 1.13821911811829 1.40048241615295 1.89364647865295 1.82885909080505 1.17603647708893 0.364976018667221 -0.212953329086304 -0.546178877353668 -0.719016849994659 -0.750816643238068 -0.80145138502121 -0.859072089195251 -0.557472050189972 -0.496573716402054 -0.402852028608322 -0.40997576713562 -0.631881773471832 -0.53030526638031 0.0833098292350769 1.11395907402039 1.73929929733276 1.14047133922577 0.805841684341431 1.58859527111053 0.289105802774429 -0.312655627727509 0.180207118391991 -0.0302692092955112 0.15910042822361 -0.134172335267067 0.238615423440933
-1.30012488365173 -1.24726247787476 -1.24461591243744 -1.25785112380981 -1.26468658447266 0.0946116968989372 1.89071571826935 1.74580228328705 2.27590465545654 1.84044861793518 1.09648442268372 0.612326383590698 0.562209188938141 0.553076028823853 0.763155102729797 1.0581042766571 1.35283899307251 1.43267750740051 0.855093896389008 0.312420755624771 -0.343076646327972 -0.857469320297241 -0.915054202079773 -1.00795102119446 -1.06667304039001 -1.13799262046814 -1.03195583820343 -0.82819402217865 -0.794660091400146 -0.843747496604919 -1.02647483348846 -1.48459351062775 -1.16210961341858 -0.502605140209198 0.408523559570312 1.15656042098999 0.74752551317215 0.347212970256805 -0.0819895341992378 1.48332226276398 3.91108202934265 3.69402170181274 1.42577886581421 0.575886130332947 0.344317346811295
-1.35974752902985 -1.3033492565155 -1.28254592418671 -1.3103643655777 -1.3245609998703 -0.676266610622406 2.61127066612244 2.30919694900513 1.65756738185883 1.03432202339172 1.21754193305969 0.524688363075256 0.477802038192749 0.33870592713356 0.606795370578766 0.791058003902435 1.00769293308258 1.0550764799118 0.756696045398712 -0.00390714965760708 -0.723261773586273 -1.04063332080841 -1.10716283321381 -1.20240664482117 -1.27706098556519 -1.34216499328613 -1.32354032993317 -1.04758095741272 -1.03526103496552 -1.14166188240051 -1.27975404262543 -1.6012796163559 -1.67050242424011 -1.35111260414124 -1.18446135520935 -0.0257424563169479 0.525505185127258 0.479392230510712 0.376802444458008 1.59244453907013 2.34166884422302 3.57588529586792 4.03905200958252 2.08522891998291 0.809158504009247
-1.42669630050659 -1.38648152351379 -1.34960556030273 -1.34800732135773 -1.36301219463348 -1.40569221973419 -1.42750012874603 0.710081100463867 1.042121052742 1.01544415950775 0.854925751686096 0.505888104438782 0.250287681818008 0.154648587107658 0.257416844367981 0.226783335208893 0.338369935750961 0.464469999074936 0.354022145271301 -0.304160445928574 -0.979710698127747 -1.18605494499207 -1.26319980621338 -1.38756155967712 -1.49749720096588 -1.59304118156433 -1.60693025588989 -1.52507984638214 -1.40748131275177 -1.47962415218353 -1.53375923633575 -1.81130528450012 -1.93997776508331 -1.82959127426147 -1.58329904079437 -1.38891518115997 -0.401715457439423 0.0923626869916916 0.120600737631321 -0.153360858559608 0.75770765542984 2.31395030021667 2.99363541603088 1.78750658035278 0.890745997428894
-1.48545002937317 -1.47106194496155 -1.43229985237122 -1.40455985069275 -1.42662918567657 -1.08856022357941 -0.213100925087929 -0.168773740530014 0.361797899007797 0.52242511510849 0.0538049265742302 0.131384253501892 -0.178990557789803 -0.241776049137115 -0.407337218523026 -0.341902613639832 -0.33724981546402 -0.139119118452072 -0.202557355165482 -0.592185378074646 -1.14291048049927 -1.37717151641846 -1.52042555809021 -1.70329749584198 -1.81385016441345 -1.90970170497894 -1.98215866088867 -1.92530262470245 -1.74614524841309 -1.76943159103394 -1.86718463897705 -2.07444620132446 -2.286616563797 -2.100506067276 -1.85238242149353 -1.62503945827484 -1.50074315071106 -0.66994172334671 -0.114921368658543 -0.248766407370567 0.230381846427917 0.575575470924377 1.94992136955261 2.25559306144714 1.29318821430206
-1.57420992851257 -1.54542863368988 -1.53803730010986 -1.50369942188263 -1.48207700252533 -1.47914230823517 -1.46179819107056 -1.40060031414032 -0.329730302095413 -0.442931562662125 -0.433677226305008 -0.55299711227417 -0.709000527858734 -0.619427800178528 -0.851913571357727 -1.03595507144928 -0.907734870910645 -0.84779292345047 -0.820509374141693 -0.993523955345154 -1.41481268405914 -1.65120160579681 -1.81744277477264 -2.00778126716614 -2.15275740623474 -2.25451683998108 -2.43289613723755 -2.33760905265808 -2.18842220306396 -2.00963163375854 -2.04241919517517 -2.2040011882782 -2.5955274105072 -2.62496042251587 -2.31339359283447 -2.03394460678101 -1.76319301128387 -1.3829208612442 -0.685086846351624 -0.32224503159523 -0.399305403232574 0.148034572601318 1.50048196315765 1.67528116703033 0.923181295394897
-1.68366038799286 -1.64597117900848 -1.60656678676605 -1.59834361076355 -1.58785021305084 -1.60934805870056 -1.59565615653992 -1.57658398151398 -1.5573136806488 -1.51987636089325 -1.35679543018341 -1.48109424114227 -1.41845333576202 -1.33504152297974 -1.24749946594238 -1.30894792079926 -1.42420589923859 -1.48458969593048 -1.64382410049438 -1.72401034832001 -1.86691379547119 -2.01984834671021 -2.17036533355713 -2.33560252189636 -2.47842741012573 -2.66197323799133 -2.72805595397949 -2.60669636726379 -2.49120235443115 -2.29804110527039 -2.22920823097229 -2.31394243240356 -2.56924557685852 -2.81189465522766 -2.53817772865295 -2.31576943397522 -2.1583685874939 -1.86319351196289 -1.22581923007965 -0.706827461719513 -0.689830780029297 -0.488589227199554 -0.0785834267735481 1.19193065166473 0.801853477954865
-1.81117570400238 -1.74139249324799 -1.71559584140778 -1.74190926551819 -1.76160299777985 -1.77177429199219 -1.76524829864502 -1.74348247051239 -1.71483635902405 -1.7179913520813 -1.71690726280212 -1.70777261257172 -1.68611633777618 -1.65106809139252 -1.62885630130768 -1.80393493175507 -1.92245328426361 -1.95596325397491 -2.05381774902344 -2.14809823036194 -2.25686550140381 -2.37684631347656 -2.49685573577881 -2.62756252288818 -2.74359583854675 -2.90251135826111 -2.8974461555481 -2.87284135818481 -2.75407218933105 -2.63005518913269 -2.5436589717865 -2.46069765090942 -2.58859324455261 1.8102171421051 -1.56305480003357 -2.51488661766052 -2.31032633781433 -2.05503106117249 -1.76268410682678 -1.51965689659119 -1.56826555728912 -1.21219837665558 -0.609924793243408 0.0227476451545954 0.0859795063734055
-1.87035000324249 -1.83021914958954 -1.86390244960785 -1.89979195594788 -1.91584241390228 -1.92631852626801 -1.92556858062744 -1.88416910171509 -1.89174246788025 -1.91039252281189 -1.98020803928375 -2.02954459190369 -2.02530956268311 -2.00366282463074 -2.06316232681274 -2.20415854454041 -2.30630087852478 -2.36133170127869 -2.4224865436554 -2.47142362594604 -2.57721948623657 -2.69843101501465 -2.77275156974792 -2.84508419036865 -2.97765922546387 -3.02669358253479 -3.02961301803589 -2.98729634284973 -2.90963292121887 -2.81974411010742 -2.75486540794373 -2.68274831771851 0.449116706848145 0.788946270942688 2.83460760116577 -2.65543532371521 -2.5002748966217 -2.35026359558105 -2.26695084571838 -2.01586961746216 -2.17626237869263 -2.09775495529175 -1.63303101062775 -0.651094973087311 -0.255737841129303
-1.92880141735077 -1.96607756614685 -2.0031521320343 -2.03311824798584 -2.0636830329895 -2.08485913276672 -2.11236548423767 -2.1354033946991 -2.16224980354309 -2.23193573951721 -2.35567426681519 -2.42847561836243 -2.41526699066162 -2.42205572128296 -2.45216703414917 -2.53902173042297 -2.62846207618713 -2.69421672821045 -2.72499895095825 -2.73023343086243 -2.79711627960205 -2.94353055953979 -2.99743938446045 -3.05571174621582 -3.11807012557983 -3.11632776260376 -3.11243605613708 -3.08138871192932 -3.06276941299438 -3.06623077392578 -3.05689311027527 -2.9428071975708 -2.84195780754089 -0.514592885971069 -0.58563095331192 -2.84753966331482 -2.80161166191101 -2.7590160369873 -2.6935019493103 -2.37031316757202 -2.24309587478638 -2.27955508232117 -1.842444896698 -1.13375747203827 -0.476811498403549
-2.01876068115234 -2.06735444068909 -2.12712025642395 -2.19722104072571 -2.2770779132843 -2.37505722045898 -2.40869760513306 -2.42341947555542 -2.4594738483429 -2.61400723457336 -2.7949070930481 -2.9143226146698 -2.86057496070862 -2.82669401168823 -2.81937718391418 -2.82775211334229 -2.87319111824036 -2.91642999649048 -2.95065307617188 -2.96088337898254 -2.99255228042603 -3.0900707244873 -3.17366290092468 -3.23454761505127 -3.21527123451233 -3.20612978935242 -3.19331669807434 -3.21402144432068 -3.30055952072144 -3.38584089279175 -3.38181400299072 -3.30897402763367 -3.03817176818848 -2.15988254547119 -2.50656080245972 -2.55402135848999 -3.00758838653564 -2.92593932151794 -2.66903257369995 -2.56385350227356 -2.44792914390564 -2.36678147315979 -0.356498450040817 -0.408118098974228 -0.894153833389282
-2.11539220809937 -2.18825149536133 -2.32025456428528 -2.49880456924438 -2.60923266410828 -2.68720459938049 -2.70970392227173 -2.69927477836609 -2.76708245277405 -2.95657086372375 -3.1296923160553 -3.20592570304871 -3.16447782516479 -3.11441040039062 -3.08512401580811 -3.06161141395569 -3.066237449646 -3.09007978439331 -3.10896563529968 -3.14953112602234 -3.21110248565674 -3.2369372844696 -3.30305957794189 -3.34655213356018 -3.311279296875 -3.28757786750793 -3.29262018203735 -3.37897968292236 -3.46299171447754 -3.51231455802917 -3.52320408821106 -3.50902652740479 -3.3187301158905 -3.15341830253601 -2.74979519844055 -2.6787269115448 -2.19682312011719 -0.737619698047638 -1.21865630149841 -0.846184194087982 -2.53708720207214 -2.45273280143738 -0.739014327526093 1.00114405155182 -0.639096021652222
-2.25188684463501 -2.40046977996826 -2.64598345756531 -2.80825352668762 -2.88810873031616 -2.97127389907837 -3.009446144104 -3.01499366760254 -3.12132573127747 -3.37378191947937 -3.44163918495178 -3.44848084449768 -3.41852974891663 -3.37736034393311 -3.35300016403198 -3.32253003120422 -3.27388596534729 -3.27083349227905 -3.28611588478088 -3.32003045082092 -3.36966252326965 -3.38350319862366 -3.43486452102661 -3.4397554397583 -3.26744031906128 -2.90611219406128 -2.99092483520508 -1.74113476276398 -0.876763939857483 -0.0412543341517448 -0.328446537256241 1.88240551948547 -0.206132590770721 -2.37314176559448 -2.30923795700073 1.70990812778473 2.3178026676178 2.05446696281433 1.40422689914703 -0.191580876708031 -1.39819467067719 -1.04252624511719 1.26639485359192 3.60822153091431 3.57412052154541
-2.49597907066345 -2.70369219779968 -3.0259702205658 -3.17203187942505 -3.2194721698761 -3.27505111694336 -3.42421317100525 -3.50341844558716 -3.49634408950806 -3.54984426498413 -3.59863519668579 -3.58850193023682 -3.56998205184937 -3.5427873134613 -3.52827906608582 -3.52149748802185 -3.47890162467957 -3.45174527168274 -3.44559860229492 -3.4645299911499 -3.49262261390686 -3.54076099395752 -3.58097958564758 -3.54353260993958 -2.82239484786987 -3.11315155029297 -3.34593677520752 -1.71678686141968 0.633460581302643 1.63953542709351 2.7894561290741 2.45746922492981 3.4749915599823 2.19639372825623 -0.409940958023071 -0.331452012062073 2.2816686630249 1.85662829875946 0.654208064079285 -0.115461967885494 -0.0969636514782906 0.902985632419586 1.90575361251831 4.27011299133301 6.00594425201416
-2.77017331123352 -3.02573466300964 -3.28069591522217 -3.39246225357056 -3.50046110153198 -3.54324746131897 -3.58917665481567 -3.62349200248718 -3.63661360740662 -3.65551495552063 -2.14790725708008 -1.41899585723877 -1.48209357261658 -2.57845759391785 -2.84434723854065 -3.12144660949707 -3.59127163887024 -3.57142162322998 -3.57657670974731 -3.57729005813599 -3.60925531387329 -3.63732600212097 -1.70952606201172 -2.80785369873047 -2.39169359207153 -2.69747304916382 -2.57575821876526 -1.89763402938843 1.00937020778656 3.50979018211365 4.81232261657715 5.63296985626221 4.49767112731934 3.41533851623535 0.311048239469528 -0.323962479829788 -0.267125308513641 -1.2615954875946 -1.36545062065125 -1.19169044494629 -2.16228103637695 -2.57082986831665 -2.54133081436157 -0.10314604640007 2.60462427139282
-3.19099855422974 -3.28629565238953 -3.43773865699768 -3.57149004936218 -3.64124321937561 -3.66220235824585 -2.34194159507751 -1.10176491737366 -0.866056680679321 -0.11583985388279 0.855048894882202 2.01055574417114 2.1486439704895 2.04823851585388 1.5428671836853 0.825821936130524 1.05888664722443 -0.239437714219093 -0.664793431758881 -1.42306411266327 -0.37606480717659 -0.113736160099506 1.45771217346191 3.73537492752075 4.64052963256836 5.11846256256104 4.5408501625061 2.68123984336853 2.06428241729736 1.75082457065582 2.10045695304871 2.99948573112488 3.1529004573822 1.65609014034271 -1.24516975879669 -3.41456651687622 -3.39966082572937 -3.54418897628784 -3.35438847541809 -3.04688048362732 -2.87737774848938 -2.7633740901947 -2.66066455841064 -1.61813473701477 0.624283254146576
