slauniainen/Data/DEM/Vihti_dsm1500b_cl_horizonAngle_84.asc
NCOLS 196 
NROWS 178 
XLLCORNER 353680 
YLLCORNER 6699024 
CELLSIZE 16 
NODATA_value -3.4e+38 
[rows 20 to 39 of 178, columns 0 to 44 of 196]
11.4693384170532 11.4686193466187 13.1494522094727 14.9485902786255 16.4047374725342 17.9884357452393 19.9205665588379 22.0727672576904 30.5042400360107 49.4933967590332 22.0167694091797 26.5376300811768 34.7719230651855 38.1586036682129 31.455924987793 17.4482936859131 20.420431137085 7.84259414672852 12.6334009170532 7.83892250061035 5.23237895965576 0.461252987384796 1.02380955219269 2.38786458969116 5.37060499191284 5.11967325210571 6.73837661743164 11.522780418396 7.34095907211304 18.8167057037354 0.878668069839478 1.22845184803009 2.47918653488159 5.83097362518311 5.11856412887573 5.79554891586304 5.99223232269287 18.322114944458 1.6102751493454 13.7644748687744 2.26555967330933 15.0515146255493 3.83125972747803 4.25128316879272 4.93777942657471
13.697226524353 11.2525720596313 13.3010749816895 14.9838981628418 16.145679473877 17.4107685089111 19.265193939209 21.2094268798828 28.2252635955811 46.7325553894043 21.8898830413818 27.494592666626 32.2118186950684 41.8818473815918 46.6426658630371 19.4003849029541 17.7761688232422 10.7848587036133 7.57364082336426 8.63242244720459 7.37447452545166 8.78531742095947 0.494978845119476 4.98994016647339 0.83462005853653 3.68136405944824 4.68975877761841 9.89183235168457 19.1638431549072 13.0164260864258 15.7400074005127 2.23297047615051 3.92698812484741 4.60935306549072 16.3123435974121 4.64580059051514 15.6877508163452 19.9825973510742 1.67469203472137 2.34149265289307 2.71736216545105 3.09528660774231 16.7853240966797 2.57606673240662 2.26380491256714
22.5807209014893 10.6575222015381 13.8783483505249 14.5022811889648 15.556568145752 16.80739402771 18.289421081543 22.0592555999756 31.1649856567383 50.1410903930664 18.8500423431396 24.885290145874 36.5058822631836 45.801097869873 47.8169174194336 15.0013217926025 22.2865905761719 21.369213104248 25.6995811462402 0.641312181949615 3.14909410476685 2.54660511016846 0.794506967067719 7.48880910873413 0.78695672750473 1.36283707618713 4.72342967987061 16.0929126739502 8.16322994232178 11.262622833252 23.3146667480469 2.24568438529968 2.39419174194336 5.30046606063843 4.85169887542725 5.26243305206299 6.57782554626465 8.64631366729736 1.95153617858887 1.77451574802399 2.27043962478638 3.33607816696167 5.83233118057251 -0.226266756653786 -1.20544135570526
7.91663789749146 9.97033309936523 13.7370481491089 14.9838991165161 16.2794380187988 17.8998889923096 19.582405090332 21.6836433410645 26.3205089569092 44.3567008972168 23.4205932617188 23.0502643585205 21.9538650512695 26.8545017242432 35.218318939209 42.9489135742188 24.0512447357178 18.585807800293 11.2534093856812 24.0035343170166 6.28473472595215 0.53855699300766 0.878405570983887 0.97247314453125 1.0650475025177 0.980531990528107 5.79129362106323 6.61672925949097 10.0511770248413 9.11297416687012 11.9348726272583 19.2807922363281 4.63042163848877 4.4686450958252 8.614013671875 18.4107112884521 38.1639938354492 17.4314098358154 -0.344676494598389 5.09648895263672 8.5633659362793 3.59952044487 -0.0565101690590382 -0.870649337768555 -0.424121797084808
10.4829893112183 10.8091850280762 14.0456666946411 14.9560966491699 15.9331951141357 16.2139987945557 17.3411827087402 21.4093475341797 30.2847023010254 49.1643714904785 17.6919212341309 30.4083824157715 17.8465061187744 21.7807655334473 44.2405700683594 24.5623016357422 18.3676948547363 16.7981433868408 15.5596590042114 6.17618274688721 13.1601037979126 8.62792491912842 17.814115524292 0.00997029989957809 1.15197050571442 1.99150204658508 7.56649541854858 11.0940446853638 33.7161636352539 4.77937889099121 11.0260429382324 14.7554817199707 5.80168867111206 10.9479608535767 8.05708885192871 35.8405113220215 16.2022380828857 24.4384136199951 0.558597087860107 8.92383193969727 3.21167302131653 -2.34954571723938 2.57103037834167 -2.3267879486084 -1.10905134677887
9.55677890777588 12.165322303772 13.1302175521851 14.0380659103394 14.6026573181152 15.5330858230591 16.6425170898438 19.515567779541 20.1602840423584 36.1301879882812 19.8398551940918 33.5663833618164 19.4592800140381 19.7783508300781 20.9061241149902 24.1126747131348 37.9303970336914 26.8576240539551 15.4701709747314 23.3745918273926 7.04163312911987 15.4836902618408 21.5308647155762 0.190932944417 0.155787080526352 3.24631428718567 5.36930131912231 28.2329730987549 5.20872926712036 6.76250171661377 8.66899967193604 7.03794860839844 9.01259899139404 12.3230428695679 15.4919939041138 15.3330869674683 19.8644962310791 22.6646366119385 29.2432250976562 13.7316551208496 1.95214653015137 5.77052211761475 11.8783483505249 -4.63650751113892 -4.06535720825195
9.76149272918701 11.8355302810669 12.6375560760498 13.4779319763184 14.4005928039551 14.1423721313477 15.1840000152588 16.3892440795898 18.9076480865479 22.7834205627441 37.0330963134766 25.3452739715576 20.5915126800537 23.6207523345947 16.4030170440674 36.1412506103516 22.0736217498779 11.8509063720703 23.7348880767822 11.7295618057251 15.3832178115845 25.0088176727295 0.312572240829468 0.858425319194794 1.75369727611542 2.84831237792969 11.0751113891602 24.3774833679199 4.73968935012817 6.80645322799683 6.40002536773682 8.36581802368164 8.46560287475586 12.7721529006958 25.8784427642822 14.3619470596313 18.1253280639648 17.153902053833 24.4652290344238 6.58683347702026 19.01123046875 -2.73832440376282 0.88872754573822 -4.15302085876465 7.79590511322021
9.60422229766846 11.0866718292236 11.8088531494141 12.5568141937256 13.4005212783813 14.3186645507812 14.8198232650757 16.1576595306396 23.3300914764404 29.9602870941162 42.8119430541992 38.0642585754395 13.1525106430054 15.7257766723633 26.8356666564941 13.8709945678711 19.2618160247803 21.1765232086182 31.4404792785645 22.9061641693115 2.24017071723938 4.52338743209839 1.46150612831116 1.78231036663055 2.4316246509552 7.87612056732178 13.5395669937134 30.0847492218018 3.91815876960754 5.01793766021729 7.86001205444336 6.41307544708252 11.3090553283691 12.2045001983643 12.7359504699707 17.1937217712402 14.1534538269043 14.5341548919678 15.2632389068604 23.4587516784668 -3.86113023757935 -3.84153366088867 -3.78149938583374 -3.65960311889648 -3.32822680473328
9.68930530548096 10.3754358291626 10.9808950424194 11.6308746337891 12.4364404678345 14.1652822494507 16.139030456543 18.8502941131592 19.2032852172852 25.0107002258301 35.6935348510742 33.5608215332031 16.1960163116455 16.7301712036133 18.0425701141357 13.9370918273926 19.0969333648682 23.1340866088867 23.2399482727051 26.6790542602539 1.20564424991608 2.02178835868835 17.8834457397461 2.3031861782074 2.4927990436554 6.43923330307007 9.43851661682129 19.4019889831543 23.2816162109375 4.01462650299072 17.1987285614014 6.6937255859375 11.6170740127563 19.5040073394775 20.0411548614502 31.120304107666 47.7537841796875 0.83521980047226 8.40209197998047 25.4724979400635 -0.192334666848183 7.27752304077148 -1.77370309829712 -1.4425847530365 -0.311778992414474
9.48214817047119 10.1341009140015 10.796516418457 11.5326461791992 12.3373136520386 13.3192052841187 14.3189363479614 15.859845161438 18.3224143981934 21.1116409301758 29.318567276001 36.2413711547852 26.3181076049805 38.6450691223145 16.4947052001953 11.3812456130981 11.9758281707764 10.8624124526978 20.452449798584 37.4651718139648 17.4068965911865 0.881750702857971 2.15452671051025 3.71181106567383 4.8216609954834 5.16144990921021 8.39168834686279 10.2390031814575 5.31926679611206 5.35028028488159 9.6065092086792 12.3119974136353 16.4625625610352 12.5129442214966 11.735424041748 15.5079832077026 11.2725563049316 7.99513006210327 6.21246767044067 6.28984355926514 14.069712638855 9.17966175079346 0.479407727718353 1.29299640655518 3.43039631843567
9.16813564300537 9.7799768447876 10.4339056015015 11.1584606170654 12.1947011947632 13.6884088516235 15.1186103820801 16.8402824401855 19.4172344207764 22.829568862915 27.7901458740234 38.1520042419434 49.6543655395508 16.1768836975098 20.4344882965088 18.5756931304932 32.7811050415039 7.9700288772583 26.9042701721191 31.7694702148438 16.3720874786377 0.898662030696869 1.14971911907196 1.54518723487854 5.20978212356567 3.14541888237 31.9850921630859 4.31073760986328 15.1068897247314 1.95854365825653 4.41599273681641 6.52875137329102 8.65616035461426 11.2190885543823 23.8038787841797 10.2369918823242 8.74997997283936 6.7391185760498 13.3687810897827 20.3767147064209 6.80424976348877 0.948320686817169 -0.197442919015884 0.467506796121597 3.87399649620056
8.88579177856445 9.45730495452881 10.0792331695557 10.7900218963623 11.7582597732544 12.9710550308228 14.0691823959351 15.4152202606201 17.5007514953613 18.9910430908203 22.28440284729 27.4254474639893 38.2878265380859 24.6509799957275 19.6835327148438 17.6436882019043 21.8145294189453 8.59323310852051 7.34862804412842 12.2906265258789 30.6245498657227 1.39291346073151 5.79667043685913 1.75681090354919 3.43531680107117 31.9308624267578 2.66336393356323 15.3114461898804 5.84896469116211 3.29551005363464 5.64030170440674 6.27786302566528 6.91898727416992 8.53214836120605 9.79415893554688 12.0031118392944 12.7659502029419 32.2672119140625 12.119402885437 27.0221252441406 1.002192735672 1.55131006240845 3.59971690177917 4.57328224182129 6.52692937850952
8.41179656982422 9.14876556396484 9.94516277313232 10.2088136672974 10.9241352081299 11.8663959503174 12.8688793182373 14.0937604904175 15.5851402282715 17.416898727417 20.3274097442627 23.6078929901123 33.0880928039551 42.2441062927246 20.7842845916748 15.8619346618652 36.2762718200684 4.16894006729126 4.60776042938232 6.21526098251343 10.7336559295654 5.66385173797607 2.21753597259521 2.32272601127625 11.8296003341675 18.1260051727295 14.4074506759644 2.52198195457458 3.55013966560364 5.90276479721069 6.37741899490356 7.07618570327759 9.35443496704102 24.2895355224609 7.77706575393677 13.9229650497437 8.73438453674316 7.94634294509888 8.03275203704834 8.62090969085693 17.7154960632324 2.73705053329468 4.062903881073 5.15834331512451 8.88300514221191
7.54550266265869 8.23816776275635 9.04639625549316 8.9708137512207 9.82515621185303 10.8590087890625 11.6892251968384 12.8337287902832 14.2347021102905 15.9179048538208 18.7573089599609 21.8081912994385 27.8537559509277 39.9381790161133 30.3110046386719 8.03069305419922 15.3553142547607 9.01251316070557 10.5055074691772 14.4343891143799 4.90481853485107 5.73653888702393 5.8388671875 4.09720897674561 4.60148620605469 16.7104015350342 9.44401836395264 2.60094118118286 2.69436526298523 4.43229866027832 8.06276321411133 11.8908061981201 8.17013072967529 21.730167388916 20.0646591186523 3.05358815193176 3.34754943847656 17.2666683197021 3.74251627922058 4.13132190704346 4.43876361846924 5.38999843597412 6.29692363739014 9.19584274291992 11.9162464141846
6.70283699035645 7.37822818756104 8.21158790588379 8.60400485992432 8.40965557098389 9.24996185302734 10.0934419631958 11.3295488357544 12.9244699478149 15.0096979141235 17.7998180389404 16.4343013763428 19.0757846832275 27.1172847747803 29.9983768463135 11.3661985397339 28.7605972290039 11.177773475647 14.3504076004028 14.4223937988281 4.20054578781128 9.11520576477051 2.26528358459473 2.63842439651489 2.71979522705078 3.33911299705505 5.81017208099365 16.556978225708 5.38938903808594 7.14387130737305 13.1794118881226 8.40282440185547 7.61624956130981 15.1965084075928 20.0450687408447 4.8847017288208 15.9510917663574 2.98757719993591 3.24148344993591 5.31393671035767 5.34863901138306 7.01807689666748 8.28870391845703 10.5875768661499 10.9635162353516
5.26735782623291 5.69325637817383 6.37656593322754 6.81088924407959 7.3184232711792 7.92796230316162 8.09763240814209 8.73838520050049 9.48118591308594 10.3596534729004 11.8889513015747 13.7468233108521 17.9133625030518 29.955114364624 21.3255214691162 11.5490522384644 23.8917560577393 12.505952835083 10.8675842285156 19.2092971801758 12.855149269104 2.27844429016113 2.51480197906494 2.52060270309448 2.6910605430603 3.17840790748596 4.73279666900635 11.4483528137207 5.21872329711914 7.37564516067505 8.89049816131592 10.897274017334 15.6633272171021 30.480318069458 45.6063385009766 8.58822536468506 3.60299825668335 3.08103108406067 2.95486855506897 12.2070331573486 4.65431213378906 5.57339954376221 5.92255687713623 7.49387454986572 8.89911460876465
5.32526302337646 5.74063539505005 6.1974630355835 6.69816207885742 7.23052406311035 7.68750524520874 7.65211486816406 8.17223644256592 8.52587127685547 9.29024791717529 11.087459564209 11.1145439147949 12.8942193984985 15.2401885986328 21.3664302825928 27.3160972595215 13.0876188278198 10.6648721694946 15.5481958389282 17.5368003845215 13.4340963363647 2.75481367111206 11.4418802261353 2.81734895706177 3.67231130599976 4.88561105728149 5.72591304779053 8.02755641937256 10.127124786377 12.1689863204956 13.0288305282593 12.6740789413452 17.4223918914795 17.2499809265137 23.1233310699463 34.9907455444336 4.64052152633667 8.73804378509521 2.56136918067932 2.2516942024231 21.2366580963135 3.41143178939819 12.5810499191284 2.48132753372192 5.49298572540283
5.08273887634277 5.42613554000854 5.79345846176147 6.19264841079712 6.68210792541504 6.96743535995483 7.38092660903931 7.09213542938232 7.33077812194824 7.94615888595581 8.67241764068604 9.54292488098145 10.5639057159424 13.6267642974854 17.9479389190674 24.5221900939941 33.0603256225586 7.37357139587402 16.2559947967529 4.62893056869507 10.0379104614258 3.91436886787415 4.40219068527222 3.80829524993896 16.8700313568115 3.19533371925354 4.86655330657959 5.55944108963013 6.47786855697632 7.60296058654785 9.06351375579834 11.3148136138916 11.8736114501953 13.7206716537476 18.1759796142578 31.6780586242676 8.42218971252441 12.7848062515259 17.3958721160889 0.565377175807953 0.684826850891113 4.16828584671021 5.08920431137085 6.30695152282715 11.1177577972412
4.41741275787354 4.69331312179565 5.00046443939209 5.3366117477417 5.76912975311279 5.9848747253418 6.35062694549561 6.2197208404541 6.64241743087769 6.92148590087891 7.9179310798645 9.20345783233643 10.9336700439453 10.1313409805298 12.0613870620728 21.4725608825684 9.38022708892822 9.72121715545654 8.70006370544434 7.21266317367554 7.66189765930176 6.03537559509277 11.6460952758789 25.4446086883545 2.67588710784912 4.06843709945679 4.56035566329956 4.857497215271 5.31819772720337 5.95477151870728 6.80930709838867 7.97853326797485 9.48417282104492 11.5876560211182 17.8197898864746 32.8638534545898 2.1231541633606 3.34058523178101 7.87681150436401 9.28540992736816 2.12074732780457 3.17945551872253 6.79624366760254 9.54274845123291 10.9624376296997
3.52562165260315 3.64304542541504 3.77829241752625 3.95077729225159 4.27368354797363 4.38443660736084 4.66675996780396 4.43527936935425 4.6428074836731 4.82782030105591 5.14442539215088 4.67328214645386 5.0606575012207 5.60622024536133 6.71213293075562 7.62873601913452 9.043212890625 11.6699514389038 15.747540473938 24.2826080322266 3.20613741874695 9.18924808502197 13.5571031570435 23.1997928619385 3.31927394866943 4.44337844848633 2.9329400062561 2.99493908882141 3.41366624832153 4.00651884078979 4.90691995620728 6.36939382553101 7.13705730438232 10.4071378707886 16.3563385009766 30.9400825500488 2.47762584686279 3.25206232070923 3.50195550918579 3.49286961555481 3.71691608428955 5.63965225219727 6.07636737823486 6.53717470169067 7.21131038665771
