slauniainen/Data/DEM/Vihti_dsm1500b_cl_horizonAngle_288.asc
NCOLS 196 
NROWS 178 
XLLCORNER 353680 
YLLCORNER 6699024 
CELLSIZE 16 
NODATA_value -3.4e+38 
[rows 60 to 79 of 178, columns 45 to 89 of 196]
-2.66909623146057 30.8330574035645 16.9360885620117 16.077709197998 10.9967470169067 10.042028427124 8.84430980682373 9.54015254974365 9.08564949035645 8.11261940002441 5.8017749786377 5.6690354347229 6.06737232208252 2.48384404182434 0.957328379154205 14.4323720932007 0.465912878513336 0.269008874893188 1.79759931564331 1.52384650707245 0.910217106342316 5.59183692932129 21.5221328735352 6.23082208633423 3.61624693870544 1.17101407051086 1.75566947460175 0.584713101387024 0.0363089703023434 12.4214525222778 0.122575223445892 2.49476075172424 -0.117330715060234 7.57126235961914 5.41055154800415 10.9614105224609 0.224611610174179 0.0345930270850658 13.5401477813721 13.3877716064453 0.598893284797668 9.82368469238281 0.906336426734924 0.627935528755188 -0.0852197930216789
6.00818347930908 7.64779615402222 19.7437763214111 14.2277002334595 12.1297426223755 8.93283367156982 8.30099391937256 14.7991228103638 8.91612243652344 6.78471994400024 7.37981605529785 6.71762704849243 5.69075965881348 5.18353891372681 6.03704881668091 2.22981739044189 1.34440350532532 2.61944985389709 0.85547286272049 0.210714817047119 0.0805932283401489 2.77538657188416 8.8647632598877 2.39011287689209 7.67124462127686 0.720755279064178 5.97988796234131 0.241008281707764 6.1613974571228 6.4193639755249 3.39680314064026 5.17005205154419 3.46082520484924 2.2422559261322 5.13824033737183 4.2559494972229 3.15250086784363 1.38654184341431 4.0308723449707 11.4369630813599 6.67097139358521 3.09409976005554 0.52084094285965 15.5274229049683 0.0519114434719086
3.5532386302948 22.807954788208 14.3545074462891 7.13544273376465 6.43252038955688 8.6976900100708 7.60806369781494 8.24172401428223 14.4484348297119 6.24004983901978 6.16801881790161 5.26429510116577 5.04021215438843 5.35599899291992 5.01188850402832 11.4132537841797 3.09806323051453 1.03533959388733 0.954634547233582 0.951025485992432 2.35531997680664 3.32779932022095 0.0927191898226738 1.01901686191559 0.0226700659841299 6.66119194030762 0.559322357177734 0.19638229906559 13.3127470016479 1.81527924537659 5.16187620162964 15.1638298034668 7.4376368522644 4.50342464447021 3.06458640098572 7.23366022109985 6.34713268280029 5.71146726608276 5.53548908233643 2.84471416473389 1.77085947990417 1.76081168651581 2.00058722496033 11.7430429458618 0.929312348365784
18.7520923614502 16.1303520202637 8.30737972259521 -0.0183992031961679 4.35153245925903 2.53290176391602 9.27746772766113 7.0232081413269 14.0876331329346 6.49813318252563 6.37354707717896 5.39293813705444 7.85781908035278 4.69778442382812 4.42511796951294 7.48275566101074 3.35822582244873 2.92207384109497 2.42248582839966 8.44823551177979 1.64410984516144 5.90073585510254 0.615188002586365 0.495183378458023 7.73085069656372 0.0743579119443893 0.407618403434753 3.22698163986206 3.57023549079895 3.51246070861816 2.66958594322205 17.2437152862549 5.19828653335571 3.75421237945557 4.75423002243042 2.25186562538147 1.88758063316345 1.51372897624969 4.53990268707275 6.23331260681152 2.69044303894043 1.66422629356384 1.56298112869263 -0.0608238056302071 -0.0755598843097687
4.71193981170654 7.10543870925903 6.10882377624512 5.38594436645508 1.86367118358612 0.377876579761505 3.82385492324829 8.38656520843506 13.9103965759277 6.96975469589233 5.37661838531494 6.180006980896 5.71808910369873 5.56892156600952 4.93117904663086 3.68000197410583 2.78480195999146 1.60837531089783 10.4895915985107 15.6829166412354 6.97273063659668 2.53254175186157 2.1864218711853 6.06902885437012 1.93837130069733 5.31954574584961 2.97842955589294 12.477219581604 2.46350049972534 9.07603740692139 3.09081745147705 2.23294711112976 1.18690538406372 13.9266557693481 6.91770935058594 1.90802979469299 1.48125994205475 9.18936920166016 1.65297472476959 1.21947717666626 0.741375982761383 0.435068219900131 4.2418999671936 0.144704908132553 -0.18499094247818
4.74348020553589 4.57965469360352 4.50515031814575 4.50588417053223 2.06747722625732 1.72391307353973 2.86801648139954 7.37873649597168 8.27269554138184 9.23877620697021 6.52229404449463 4.67986631393433 2.45125603675842 3.28518128395081 4.03285837173462 2.89576101303101 2.78445100784302 2.31195187568665 4.05277490615845 7.33941793441772 19.7090148925781 4.96428728103638 1.17096018791199 10.0693044662476 3.37229037284851 2.50319504737854 2.00430202484131 2.40865874290466 3.42324686050415 9.20210838317871 0.615093529224396 0.458249479532242 1.61785209178925 0.453877121210098 0.184027522802353 10.4245624542236 0.562097668647766 5.76774454116821 0.57459682226181 -0.0210808720439672 3.69774889945984 19.5650844573975 -0.045438926666975 40.276424407959 14.1332187652588
4.40746688842773 4.04096126556396 4.50987815856934 4.4437255859375 4.19152784347534 2.34349274635315 1.90642392635345 1.76348996162415 4.80324268341064 4.36471891403198 0.989447295665741 0.717370927333832 0.410364061594009 1.52590358257294 0.40674901008606 2.47199606895447 21.9574451446533 2.27825403213501 33.1538734436035 6.3723349571228 2.49462056159973 1.87738478183746 12.939323425293 1.78179097175598 4.07354545593262 7.43220138549805 10.1726474761963 5.41415739059448 6.4471869468689 1.3884083032608 3.55917525291443 0.393742889165878 0.511597633361816 -0.188758224248886 1.33753967285156 4.26116943359375 0.623604416847229 0.214822098612785 2.18641543388367 -0.019958795979619 5.17291927337646 1.09717631340027 49.3802452087402 15.4591436386108 18.742525100708
5.05185985565186 4.8559136390686 4.70720148086548 4.10562038421631 3.86355590820312 1.75295376777649 3.31437397003174 1.70864796638489 1.75898611545563 1.61377131938934 2.17082977294922 1.4691207408905 0.930368900299072 0.501789629459381 -0.204336881637573 2.3395414352417 27.7822341918945 12.7897443771362 6.70429468154907 0.947068214416504 3.84701991081238 5.67130279541016 13.0477619171143 1.94880974292755 1.89776492118835 2.80022215843201 10.0746440887451 7.43227100372314 6.85930490493774 4.86323499679565 2.30505800247192 1.61630547046661 1.09889423847198 4.14292144775391 0.266830831766129 2.41957640647888 2.78605103492737 2.14501166343689 1.88174796104431 11.9875354766846 2.37233448028564 34.0075874328613 19.8331909179688 14.8467922210693 14.7386026382446
6.49456787109375 6.193359375 3.9376904964447 4.63483858108521 4.50814628601074 2.17505192756653 5.94963264465332 1.24280166625977 1.54577744007111 1.38738787174225 1.32446610927582 4.16687822341919 1.31223142147064 1.16818881034851 3.15019989013672 15.3137130737305 17.0750350952148 16.6589012145996 5.28905582427979 7.69548225402832 2.73161697387695 3.1393609046936 0.153864040970802 25.5624618530273 4.35043621063232 5.46249580383301 1.74084234237671 14.5834360122681 8.88629722595215 3.74743986129761 3.87035918235779 3.37327098846436 2.40022349357605 7.37699842453003 9.29926586151123 20.1890392303467 18.5539512634277 20.2887191772461 17.3594493865967 19.3634300231934 21.0361881256104 14.8059530258179 16.5480632781982 3.48768043518066 15.9971656799316
7.17084503173828 6.83152866363525 6.52724981307983 5.74667024612427 5.52437496185303 2.52768111228943 2.08954548835754 4.16417980194092 2.08157539367676 1.25218462944031 0.742159962654114 6.69093322753906 2.65772414207458 0.880192756652832 15.0829706192017 1.0506386756897 35.4688987731934 13.1208057403564 3.59092330932617 5.09809112548828 1.58961594104767 1.39479243755341 21.45751953125 3.50320339202881 10.2392358779907 9.10618782043457 7.41317319869995 1.77728533744812 20.3865795135498 5.57573556900024 5.26550722122192 4.18081474304199 2.6876585483551 15.9309997558594 12.2397727966309 9.24688243865967 8.00575923919678 14.1891832351685 6.88207101821899 7.15068769454956 18.6068019866943 11.9074964523315 9.51382350921631 5.28711843490601 3.27817893028259
5.90714597702026 5.63317251205444 5.38755464553833 6.19312000274658 5.94236755371094 4.66571569442749 3.91704750061035 9.368332862854 5.30622529983521 1.86952126026154 1.82463979721069 5.73756647109985 8.3466911315918 8.70057678222656 10.0444993972778 17.4775485992432 18.2001781463623 22.2140464782715 21.8142948150635 12.7910089492798 9.00133991241455 0.44485792517662 1.05651259422302 0.825655877590179 11.4856386184692 2.28705501556396 12.8463048934937 4.9255633354187 27.0511360168457 8.60886669158936 6.51634740829468 2.17562699317932 25.1363010406494 9.03514003753662 10.8023738861084 7.17084312438965 17.6938877105713 6.27221441268921 6.64347076416016 15.3935346603394 11.058162689209 8.16487503051758 2.15492081642151 11.51380443573 2.85811448097229
4.51957273483276 4.29998636245728 4.09299516677856 5.0914363861084 4.89254570007324 4.70844888687134 5.4298415184021 10.9730367660522 2.68015551567078 2.29388189315796 4.00160264968872 2.0942497253418 15.7595901489258 6.84233474731445 7.49331903457642 22.4743022918701 19.9377212524414 9.74119663238525 14.7698593139648 9.99888229370117 5.60156631469727 1.3804270029068 1.14247584342957 0.806902587413788 1.26378440856934 5.39127683639526 37.0833320617676 5.85963869094849 21.9504489898682 11.8803787231445 6.18343162536621 4.4599404335022 5.05675840377808 8.19304180145264 8.18713283538818 8.27118968963623 4.2674708366394 5.18199300765991 11.7022294998169 4.12272787094116 3.69150876998901 1.39010071754456 29.7922763824463 2.89892554283142 0.900176763534546
3.0370466709137 3.25928163528442 3.12399959564209 3.24922132492065 3.70973253250122 3.54163718223572 4.44889450073242 4.28055667877197 2.76103234291077 3.40490317344666 14.8589134216309 11.1548938751221 12.0138301849365 13.793664932251 18.1742897033691 13.8067874908447 22.5153999328613 15.7940769195557 7.12469244003296 4.03644514083862 2.64023995399475 1.48596930503845 0.940024852752686 0.879509449005127 0.713499009609222 36.4390029907227 19.4289417266846 17.1734447479248 5.31748580932617 7.86776542663574 7.27477312088013 4.46509170532227 1.47456085681915 4.27587604522705 33.2710113525391 8.39372730255127 6.68911790847778 6.61995410919189 2.52618145942688 17.0850982666016 1.60132777690887 7.28365230560303 1.60702884197235 3.84811663627625 12.312912940979
3.08226466178894 2.9176926612854 2.63290548324585 2.61942911148071 2.86075949668884 2.74805331230164 2.83542513847351 3.23399353027344 1.73457181453705 2.61280870437622 16.6496906280518 10.740104675293 14.9357423782349 17.1721878051758 14.5102491378784 14.227876663208 11.6416425704956 9.79548263549805 7.78329944610596 3.27293801307678 1.52768981456757 0.671476423740387 11.5636186599731 0.73969554901123 19.2914886474609 24.6209449768066 19.1213073730469 14.3118839263916 8.39479064941406 6.64795064926147 8.42665576934814 4.69803762435913 3.58909463882446 3.11594724655151 27.2895793914795 14.975564956665 16.4837493896484 3.92213773727417 19.1836776733398 1.49406611919403 3.41896200180054 10.8306646347046 1.31928896903992 1.30358588695526 13.9030284881592
1.53921103477478 1.48011708259583 2.73162031173706 2.59803652763367 2.47415590286255 2.36103940010071 2.29463911056519 2.55874252319336 2.46856594085693 2.51272082328796 16.4772872924805 16.3943271636963 11.8336811065674 9.09631633758545 7.34818077087402 6.25345611572266 7.28450965881348 7.21198034286499 6.76392126083374 2.82245874404907 0.995906293392181 1.44219303131104 0.673671245574951 -0.260419338941574 22.7023906707764 9.70703411102295 23.9545021057129 9.94368457794189 9.13845443725586 4.64473104476929 13.6151351928711 4.97528600692749 7.1956672668457 19.7711029052734 3.7130606174469 18.8479537963867 10.7447147369385 6.93923234939575 6.12596082687378 3.77513670921326 2.64135479927063 3.56370091438293 2.02362728118896 1.79439318180084 15.7493162155151
1.61693179607391 1.5820460319519 1.48530697822571 1.42697298526764 1.37174570560455 1.94959795475006 2.28286147117615 2.18342566490173 2.10626792907715 2.02436661720276 2.25872921943665 2.19297647476196 2.25111746788025 6.99203872680664 6.989013671875 5.90753746032715 5.08266735076904 4.52565670013428 3.87329030036926 1.98515629768372 1.82338976860046 1.65997660160065 1.34242355823517 26.9635791778564 14.6297330856323 14.388331413269 11.4018468856812 9.79494476318359 15.4650087356567 5.82701206207275 4.1985878944397 9.26031589508057 13.6461324691772 5.64556980133057 15.5158138275146 6.25012350082397 10.7876653671265 3.61563372612 4.17103719711304 3.62774205207825 3.95462870597839 1.57924354076385 1.17759883403778 1.56470966339111 14.6410484313965
3.26420831680298 2.54810047149658 1.56310379505157 1.52452826499939 1.47638559341431 1.37676608562469 1.30611670017242 1.25105595588684 1.73760759830475 1.93170952796936 1.84538865089417 1.82676780223846 1.81276953220367 2.05162239074707 1.99251306056976 2.03851938247681 4.38715744018555 4.35679340362549 3.72397232055664 2.9042603969574 1.61940050125122 22.5594635009766 2.72451710700989 1.43985164165497 13.7762689590454 13.5293169021606 7.1788501739502 11.0974597930908 10.1232128143311 3.05642700195312 19.2867870330811 3.58373117446899 36.5651626586914 15.0583877563477 6.66869783401489 3.35296297073364 3.21092057228088 1.98785853385925 31.7708396911621 3.37455248832703 3.26788330078125 2.99845385551453 2.90304088592529 9.87879848480225 9.24516677856445
3.87085437774658 3.66367840766907 3.44812083244324 2.71599459648132 2.06717681884766 1.3978385925293 1.35823857784271 1.32314229011536 1.26761519908905 1.18947613239288 1.11580801010132 1.49601709842682 1.70039665699005 1.64099025726318 1.65985226631165 1.64550352096558 1.87776553630829 1.81492507457733 1.82304227352142 2.79204750061035 2.21756362915039 2.2716863155365 1.50692653656006 1.54929506778717 19.5787811279297 15.5681676864624 12.8513870239258 10.2689437866211 5.22819852828979 6.215087890625 6.42358636856079 18.6220188140869 15.6369276046753 23.2663955688477 10.4224510192871 3.02727007865906 2.9494194984436 4.21148586273193 16.7939796447754 14.0385913848877 9.26061630249023 6.54480409622192 2.5889253616333 2.38989281654358 1.56678807735443
3.04109120368958 2.37670183181763 2.01623868942261 3.15778231620789 3.01173424720764 2.86714172363281 2.72743153572083 2.15904116630554 1.66383111476898 1.24647068977356 1.18534862995148 1.13143253326416 1.08185756206512 1.03577470779419 1.36568796634674 1.52562141418457 1.46579921245575 1.48613226413727 1.44232165813446 1.62965285778046 1.48071587085724 1.35644376277924 1.47106659412384 1.44776964187622 2.11270618438721 1.39049589633942 1.39421916007996 15.9981327056885 4.50101280212402 4.09084320068359 34.6451263427734 9.67895984649658 11.5569972991943 9.1967945098877 4.72130060195923 2.42543196678162 2.38974809646606 9.48794174194336 8.41953945159912 9.12964916229248 3.05794668197632 3.13659977912903 11.9938802719116 4.05329990386963 2.59544634819031
4.13097715377808 3.14852070808411 2.69533443450928 2.57079863548279 2.45218896865845 1.89637982845306 1.61868870258331 2.58500862121582 2.49407982826233 2.38847398757935 1.86070048809052 1.41386234760284 1.13763725757599 1.10502958297729 1.06580591201782 1.0047961473465 0.933936178684235 1.19357895851135 1.3169492483139 1.24472105503082 1.23347198963165 1.08723378181458 1.21292972564697 1.13741624355316 1.168208360672 0.870086908340454 0.893021821975708 16.0539627075195 8.14678192138672 4.38137483596802 28.8955745697021 18.7200031280518 13.7677097320557 10.8898658752441 6.08810234069824 3.28458738327026 11.7650194168091 3.72403430938721 11.3501720428467 4.25613260269165 4.39190196990967 1.61551332473755 17.4910087585449 2.27627778053284 0.972516655921936
