slauniainen/Data/DEM/Vihti_dsm1500b_cl_horizonAngle_108.asc
NCOLS 196 
NROWS 178 
XLLCORNER 353680 
YLLCORNER 6699024 
CELLSIZE 16 
NODATA_value -3.4e+38 
[rows 40 to 59 of 178, columns 92 to 137 of 196]
1.10794997215271 0.894123494625092 0.905251562595367 0.733364343643188 0.615994155406952 1.07041347026825 1.45379674434662 1.91537547111511 1.990114569664 2.08463406562805 1.48611426353455 1.14259469509125 1.43074297904968 1.48101854324341 2.17419242858887 2.2795717716217 2.91989755630493 4.07430410385132 4.12596750259399 4.63523435592651 4.89516735076904 4.98705005645752 5.08878946304321 5.1490216255188 5.02822065353394 5.14091634750366 5.2640700340271 8.84686374664307 9.94388675689697 11.152925491333 7.02584362030029 6.83911752700806 8.69367790222168 10.1713342666626 11.555793762207 13.2685718536377 17.2723350524902 23.4777870178223 4.55469655990601 5.07593584060669 3.70877075195312 3.87771606445312 4.02692222595215 3.72017359733582 4.00388097763062 2.92021107673645
0.466664880514145 1.5205442905426 0.920263946056366 0.874377489089966 0.75878494977951 0.573310434818268 0.592794716358185 0.631808638572693 1.16788029670715 1.60765326023102 2.1382520198822 2.23465323448181 2.32162165641785 1.58729112148285 2.59105896949768 2.48381972312927 2.44164824485779 3.34067249298096 4.16377353668213 4.24896955490112 4.72345399856567 4.81155204772949 4.90555143356323 5.20277547836304 5.30837345123291 5.42707872390747 5.52278089523315 5.41266059875488 6.07288837432861 6.73920774459839 12.6187953948975 14.7429609298706 17.8677520751953 11.3122444152832 10.313346862793 13.9168119430542 17.9468860626221 25.0627288818359 42.1456298828125 3.73504877090454 5.41468048095703 6.43333673477173 7.80048274993896 4.125084400177 4.66326713562012 6.96797800064087
19.7828216552734 1.07985639572144 1.50161802768707 1.55435574054718 1.60434067249298 0.72904372215271 0.770304918289185 0.818071246147156 0.676253437995911 0.745228469371796 1.11243903636932 1.39447128772736 1.8132232427597 2.78490114212036 2.50471162796021 2.64318442344666 2.73596382141113 2.93129873275757 3.66992950439453 3.79499483108521 4.09755420684814 4.40805816650391 4.49889278411865 5.00550317764282 5.10779905319214 5.22943925857544 5.55845022201538 5.69278430938721 5.84230279922485 5.99474287033081 5.84534311294556 8.64704322814941 10.6057910919189 21.8546485900879 27.0301837921143 35.5613975524902 22.3593044281006 21.7869453430176 43.5487785339355 4.2036600112915 6.35854530334473 6.56306552886963 6.02319431304932 9.48453044891357 12.5164051055908 17.4831581115723
45.5541915893555 -0.546559154987335 -0.197913274168968 1.08554089069366 1.15203273296356 1.5966511964798 1.66756963729858 1.75390625 0.8178830742836 0.875560820102692 0.931519150733948 1.46656680107117 1.39258551597595 2.43688297271729 2.84006023406982 2.90932846069336 2.96442198753357 3.29957151412964 3.73806500434875 3.71055197715759 3.84353804588318 4.01831483840942 4.10271406173706 4.34301424026489 4.70463609695435 4.79233455657959 5.32137632369995 5.44461488723755 5.57915353775024 5.96616506576538 6.1645827293396 6.57856369018555 8.26352310180664 8.99742221832275 13.9444551467896 17.4469013214111 55.8603477478027 3.67153692245483 5.08218050003052 5.36927556991577 7.52724599838257 7.60150051116943 6.86056566238403 7.16146850585938 7.32832479476929 7.55985260009766
43.525463104248 8.29251766204834 -0.548517644405365 -0.51386022567749 1.05571043491364 1.11378908157349 1.17679834365845 1.2697685956955 1.78529477119446 1.87797939777374 1.98069941997528 1.91620373725891 1.46977746486664 1.51579868793488 2.47410917282104 2.53254818916321 2.58643436431885 2.98221325874329 3.40961360931396 3.76659464836121 3.84583687782288 3.92933440208435 3.93350124359131 4.08316659927368 4.25300168991089 4.33550977706909 4.59576749801636 4.99320983886719 5.11316967010498 5.69629716873169 5.89358615875244 6.17346143722534 7.68369960784912 8.33652496337891 10.1979055404663 12.5215835571289 21.5112342834473 26.138916015625 5.39798736572266 6.0116925239563 7.33583879470825 7.82703113555908 8.21998023986816 8.59097099304199 8.56505298614502 7.66684627532959
19.715669631958 16.8860549926758 54.3700866699219 -0.141616404056549 0.63395231962204 0.995713770389557 1.41439521312714 1.37536668777466 1.74299418926239 1.98101890087128 1.75731933116913 1.9933123588562 2.06792235374451 2.16465425491333 2.05651187896729 2.23436403274536 2.28595328330994 2.87129807472229 3.58377051353455 3.43008041381836 3.53884863853455 3.62249898910522 3.99928307533264 4.07735538482666 4.17134284973145 4.16289949417114 4.31683015823364 4.49923086166382 4.58733367919922 4.87273740768433 5.4082236289978 5.6625018119812 6.43552875518799 6.9070291519165 9.5312557220459 11.6126403808594 15.2537975311279 28.8656406402588 6.36975526809692 6.19760608673096 7.79007768630981 8.161545753479 8.55150032043457 8.36131381988525 8.88272571563721 9.34656143188477
-0.76248961687088 37.7114486694336 -0.346544057130814 -0.124418266117573 48.6037902832031 0.0391582138836384 1.59234583377838 1.40700614452362 1.46497058868408 1.76030969619751 1.99993693828583 2.05572390556335 2.09912586212158 1.83587801456451 2.1615743637085 2.26892471313477 2.37454462051392 2.13796615600586 2.86713933944702 3.62028408050537 3.69238042831421 3.75186419487 3.61499309539795 3.73549723625183 3.83063793182373 4.24570798873901 4.35263633728027 4.43481063842773 4.55664920806885 4.56040906906128 4.81871366500854 5.04261159896851 5.51626443862915 6.0001745223999 7.7418065071106 9.23023891448975 11.9391374588013 27.1479835510254 6.43822479248047 6.95549392700195 8.478102684021 8.9153356552124 8.46103954315186 8.86154365539551 9.30150318145752 9.78883075714111
0.940158247947693 28.3345985412598 0.117623515427113 2.40569424629211 0.690226435661316 0.746636390686035 0.890740215778351 1.6088742017746 1.66727602481842 1.74380922317505 2.02102589607239 1.59330534934998 1.875816822052 2.10647821426392 2.14665031433105 2.1935658454895 2.02091765403748 2.36002731323242 2.48575329780579 2.7403450012207 2.77250480651855 2.98930835723877 3.80365967750549 3.89342045783997 3.99842715263367 3.86225414276123 3.99903273582458 4.08239221572876 4.52786111831665 4.94749546051025 5.50116968154907 6.35464429855347 5.13628959655762 5.39072322845459 6.05305290222168 6.83580255508423 14.2476682662964 10.8483934402466 6.37492227554321 7.09934568405151 7.91533803939819 8.67247581481934 9.3574914932251 9.84364604949951 10.3252820968628 10.8536310195923
23.7777481079102 0.659096240997314 2.12023639678955 3.88677501678467 3.82484579086304 0.903031468391418 0.932182252407074 1.22513747215271 1.63359236717224 1.68866014480591 1.75881683826447 2.81739354133606 2.08704805374146 2.12867569923401 1.65280318260193 1.94285297393799 2.19170475006104 2.25668931007385 2.29661798477173 2.10345911979675 2.15746665000916 2.74943590164185 2.91837310791016 3.11529850959778 3.19675540924072 4.07991218566895 4.19908332824707 4.29718112945557 4.14251565933228 4.27391481399536 4.397216796875 4.96535348892212 7.1841139793396 8.64634418487549 9.9730224609375 5.42266416549683 5.55478000640869 12.125186920166 5.60588121414185 6.49793004989624 7.44522857666016 8.28466320037842 8.66354084014893 9.0780668258667 9.91887950897217 10.4043865203857
51.3339996337891 -0.465542197227478 5.82884836196899 3.353431224823 4.22203159332275 4.43128299713135 4.69423055648804 4.60361003875732 1.79127037525177 1.79194593429565 1.34468233585358 2.59714698791504 2.84678387641907 2.89878058433533 2.94984793663025 2.16157722473145 2.20820784568787 1.69983541965485 2.01993918418884 2.29988932609558 2.3695375919342 2.53278350830078 2.94506406784058 3.05378293991089 3.27038526535034 3.5571403503418 3.91949462890625 3.44293236732483 4.3891167640686 4.50753784179688 4.64519691467285 4.50051832199097 4.64975786209106 5.68990325927734 9.23181915283203 12.1033897399902 14.7308073043823 19.3712005615234 5.5179967880249 5.84952831268311 6.40897130966187 7.06304788589478 8.20627403259277 8.64227485656738 9.5001916885376 9.97071361541748
30.9081611633301 11.7987833023071 0.987832963466644 9.47410774230957 3.4528181552887 3.85709118843079 4.35586547851562 5.05098676681519 5.46362447738647 5.89591979980469 5.82076644897461 2.2444372177124 2.62014055252075 2.67788028717041 2.74328017234802 2.97504448890686 3.03935146331787 3.11252355575562 2.272625207901 2.3293399810791 1.80820620059967 2.1652352809906 2.55005431175232 3.17030477523804 3.15118956565857 3.2603645324707 3.34933233261108 4.21407842636108 4.64255666732788 5.14733552932739 3.73573637008667 4.77593994140625 4.92207908630371 5.11011266708374 5.05457305908203 5.19514989852905 20.4988822937012 12.2959842681885 14.9830656051636 4.51127958297729 6.3646092414856 6.60432720184326 6.96313571929932 7.28681564331055 8.1326732635498 8.52772521972656
6.31512212753296 16.6641826629639 3.13220643997192 29.8323841094971 0.372816234827042 3.57221627235413 4.90479040145874 5.45050811767578 6.10225820541382 5.70961856842041 6.51496505737305 7.17946004867554 7.93520212173462 7.77565765380859 2.53848052024841 2.74307370185852 2.95423483848572 3.28716850280762 3.16844010353088 3.24265050888062 3.32637143135071 2.43062973022461 2.5171480178833 2.20206952095032 3.23482179641724 3.31478261947632 3.40324854850769 3.37954688072205 3.48852276802063 3.81831479072571 5.918625831604 6.8794264793396 8.16038990020752 4.15096712112427 5.36840629577637 7.86676740646362 6.81530714035034 5.31772661209106 5.62211942672729 5.77692079544067 6.57587862014771 6.79075765609741 7.07592725753784 7.27651119232178 7.65808010101318 8.05056285858154
7.74994993209839 5.26962232589722 4.25601959228516 3.30310750007629 3.73600554466248 3.85034847259521 4.05200052261353 3.0630099773407 4.69238424301147 7.05275869369507 8.15866756439209 9.40798568725586 8.53457164764404 9.28967571258545 10.6018972396851 12.0165634155273 11.7364521026611 3.27599883079529 3.33866763114929 3.40242695808411 3.47407293319702 3.39729356765747 3.49102759361267 3.60387206077576 2.97831749916077 3.17593622207642 2.96500158309937 3.46558046340942 3.54481530189514 3.63273549079895 4.25111389160156 5.14240884780884 6.98687553405762 10.7562475204468 14.4865083694458 20.8331890106201 13.4995985031128 5.39121627807617 6.09030199050903 6.24944829940796 6.04083299636841 6.23124980926514 6.54394435882568 7.51442384719849 7.88358449935913 8.25501346588135
2.68699216842651 7.0289888381958 4.19405651092529 4.33779573440552 4.39394903182983 4.56542205810547 4.86409568786621 4.29148530960083 4.50311708450317 4.71647262573242 4.99238872528076 6.56749725341797 11.9179306030273 15.3298740386963 21.0482540130615 19.1277389526367 20.6231899261475 23.3987216949463 26.5896263122559 25.9455718994141 4.59659767150879 3.50975680351257 3.60570359230042 3.71459484100342 3.69244170188904 3.81688594818115 3.93815159797668 3.76568412780762 4.24003839492798 3.18218898773193 3.85963535308838 4.70399761199951 6.73965406417847 9.2468957901001 13.6924209594727 29.8671398162842 14.1022109985352 3.10355234146118 4.6592845916748 5.15700531005859 6.52165031433105 6.74029779434204 7.00606155395508 6.902916431427 7.20909833908081 7.98926830291748
34.6355285644531 3.33782887458801 6.72915029525757 5.58220720291138 3.88529086112976 2.35087156295776 4.44936037063599 5.17558145523071 5.53824043273926 5.89665126800537 4.84089136123657 5.50941514968872 6.34264469146729 6.08548927307129 10.9073610305786 38.5328102111816 2.54968070983887 4.44331884384155 7.31040048599243 8.61133193969727 2.24846053123474 2.32846879959106 8.04251956939697 10.6188173294067 3.78734397888184 3.89723062515259 4.00415945053101 4.04868507385254 4.19779682159424 4.87709808349609 5.84097003936768 7.06195640563965 6.14744234085083 8.56131458282471 12.7084665298462 29.1839561462402 3.50772356987 4.87463235855103 4.70539522171021 4.81163930892944 5.00302124023438 5.15454578399658 5.7979884147644 7.40581512451172 7.70819473266602 8.0339183807373
35.0695953369141 9.79068374633789 4.02019357681274 3.91125297546387 6.33148431777954 6.12356758117676 6.91090106964111 5.62664651870728 4.6926097869873 5.42064905166626 6.33783483505249 6.77332735061646 7.2503604888916 7.85294008255005 10.0111951828003 12.8881797790527 15.4820690155029 20.9894313812256 2.91419410705566 3.14392852783203 3.19973635673523 4.84651660919189 2.95792365074158 10.9383115768433 4.3350944519043 3.44747447967529 3.99239230155945 4.11091756820679 4.23036766052246 4.37312984466553 4.5670485496521 4.78480625152588 9.2348051071167 12.5662317276001 18.1915874481201 27.5599422454834 3.73006582260132 4.74310111999512 5.15309906005859 5.40494298934937 5.7088737487793 5.11370420455933 5.44477081298828 5.71859073638916 6.03442001342773 6.06348276138306
32.2223930358887 20.7879123687744 7.59598112106323 6.23108863830566 9.743408203125 7.62905406951904 7.13797807693481 7.59707355499268 8.93549156188965 10.7271699905396 6.73028707504272 5.61529922485352 6.88183259963989 8.47188854217529 10.8684864044189 13.7518301010132 23.5722484588623 5.1254620552063 5.73049640655518 9.08834838867188 6.09899282455444 7.5029091835022 21.4874172210693 3.46078515052795 3.57915711402893 3.81350088119507 4.13427925109863 4.54212951660156 5.07759714126587 4.36460971832275 4.53378248214722 4.70582103729248 5.1263952255249 7.28221368789673 11.0584583282471 36.9602699279785 3.00553750991821 5.84597635269165 5.09422969818115 5.03796529769897 5.50099849700928 6.12741470336914 6.48718166351318 6.8707799911499 5.73319530487061 6.601149559021
30.8452320098877 19.4940013885498 22.0320873260498 23.887622833252 21.6656703948975 15.2931661605835 5.08756065368652 19.7171993255615 8.72761631011963 8.49697780609131 13.4204807281494 17.578742980957 24.1232376098633 8.3655424118042 7.69724273681641 12.5115194320679 14.7005310058594 7.55903387069702 13.6402320861816 8.52143669128418 10.0444564819336 11.3527956008911 17.6761436462402 3.66523313522339 26.4390296936035 3.57297945022583 4.56872844696045 4.82077169418335 5.23936891555786 5.89669942855835 6.90748071670532 8.30686092376709 5.68866443634033 8.02614498138428 12.1440057754517 24.1520290374756 5.00555181503296 6.52062034606934 6.8502516746521 7.17934083938599 7.81461381912231 5.99326181411743 6.1576099395752 6.74613189697266 7.53544950485229 8.11655235290527
47.960334777832 16.4095554351807 32.1680908203125 35.9882583618164 23.8391399383545 36.9214706420898 2.41414308547974 3.3227334022522 5.54621887207031 5.98017644882202 10.3188438415527 11.2714786529541 11.3159246444702 44.0752296447754 5.39291620254517 16.4002723693848 8.64816379547119 8.54436206817627 14.5764083862305 18.3546752929688 24.2353019714355 28.1848907470703 22.7673053741455 11.4301977157593 18.8632640838623 24.8044548034668 4.57702732086182 4.72348356246948 5.57611894607544 6.45180130004883 7.67688512802124 8.41532325744629 10.7046003341675 14.5060920715332 21.0825729370117 26.350513458252 4.7704029083252 6.09554672241211 6.39747953414917 6.70333003997803 7.65602397918701 8.93081665039062 10.1106586456299 11.6343631744385 7.60136079788208 8.45600032806396
15.9005813598633 24.4138851165771 28.9737930297852 26.115514755249 46.9046478271484 12.1896505355835 2.79500985145569 3.01623177528381 5.17445039749146 6.90317726135254 8.72361278533936 10.0032262802124 12.4394836425781 13.6000423431396 25.8347244262695 11.9918117523193 30.8845672607422 10.019079208374 17.4349899291992 15.5614261627197 12.0003147125244 42.5528717041016 11.3812484741211 2.39313840866089 3.18333220481873 13.8029546737671 12.9456167221069 2.66099214553833 4.89055442810059 5.57546329498291 6.68305969238281 9.93157386779785 13.168119430542 19.2551116943359 22.8205051422119 23.0383129119873 4.14737796783447 6.08235120773315 6.27570199966431 6.54801940917969 7.15039587020874 7.53077745437622 7.95199775695801 9.17245578765869 14.6092348098755 18.2617416381836
