slauniainen/Data/DEM/Vihti_dem1500b_cl_horizonAngle_24.asc
NCOLS 196 
NROWS 178 
XLLCORNER 353680 
YLLCORNER 6699024 
CELLSIZE 16 
NODATA_value -3.4e+38 
[rows 60 to 79 of 178, columns 135 to 179 of 196]
0.462046176195145 0.406404584646225 0.227324783802032 -0.0654437765479088 -0.071268804371357 0.186968550086021 0.273546993732452 0.0866957977414131 0.690118551254272 1.5743008852005 1.7017822265625 1.92349088191986 2.44273400306702 3.44602012634277 4.82148504257202 8.11584568023682 9.40053653717041 11.0979290008545 12.1379327774048 10.5334062576294 8.1938591003418 7.2910304069519 5.79753446578979 2.63391923904419 2.91246604919434 9.55192565917969 12.8006429672241 12.9615354537964 8.80711650848389 2.75699329376221 0.428135603666306 -1.12182450294495 -1.59230136871338 -1.55246722698212 -1.74127781391144 -1.87361323833466 -0.534299194812775 2.5362241268158 3.84629702568054 6.25004053115845 11.2977848052979 5.07371187210083 -2.07009387016296 -1.3498694896698 1.75138413906097
0.320416271686554 0.283872604370117 -0.00607856130227447 -0.135393843054771 -0.122276641428471 -0.10381805151701 -0.149080201983452 -0.0918488129973412 0.437079787254333 1.11473655700684 1.30727171897888 1.29926681518555 1.94655299186707 3.04912424087524 5.48831272125244 7.96500968933105 9.13651657104492 10.5145301818848 11.2559051513672 11.547438621521 8.87036418914795 6.46714925765991 6.50406455993652 12.6705226898193 10.7199153900146 8.18861865997314 7.54752063751221 4.25096940994263 2.50227332115173 1.29101502895355 -0.973030805587769 -1.81789588928223 -1.73955190181732 -0.863298118114471 -1.62270069122314 -1.72174870967865 0.529045820236206 5.89623165130615 8.0387134552002 8.52303218841553 8.68074226379395 10.7735538482666 7.33600616455078 0.511922717094421 -0.411697953939438
0.0203453619033098 0.0889139100909233 0.345526903867722 0.957284867763519 1.34899985790253 1.39913201332092 1.08348035812378 1.48992943763733 1.74450576305389 2.44701099395752 3.43873143196106 3.4576096534729 2.01168394088745 3.03890514373779 5.57679748535156 7.23192167282104 8.70919990539551 9.24234485626221 9.98985385894775 10.8799915313721 9.10008239746094 8.47374248504639 8.79785823822021 9.11805057525635 5.56929683685303 3.80152988433838 1.20853281021118 -1.48078835010529 -2.55944180488586 -2.28347492218018 -2.08094167709351 -1.89963901042938 -1.84189891815186 -1.83296525478363 -0.750485301017761 -0.331647485494614 2.09014630317688 6.7660608291626 7.78530311584473 8.47201156616211 6.99221467971802 8.28142356872559 11.3067693710327 7.42831707000732 1.03548049926758
0.758898913860321 0.631002485752106 0.941157639026642 0.997968316078186 0.998731732368469 1.05925345420837 1.29629623889923 1.79495847225189 1.84669923782349 2.16509318351746 2.24185657501221 0.923806309700012 1.05398309230804 2.27827429771423 5.50023078918457 6.54767847061157 7.71928977966309 8.44656753540039 8.54115390777588 8.00111675262451 7.99571561813354 6.35279560089111 7.52498340606689 4.00012874603271 1.43787956237793 -0.8417888879776 -3.17815327644348 -3.00217413902283 -2.75125885009766 -2.49754428863525 -2.23890089988708 -1.99042236804962 -1.91769576072693 -1.88895070552826 -0.592824935913086 0.613220930099487 3.97757863998413 6.45193910598755 7.33058261871338 7.34293985366821 9.0884838104248 8.61732292175293 8.08511257171631 4.36588430404663 -0.592974781990051
0.391147822141647 0.638271391391754 0.761590421199799 0.852586030960083 0.712845325469971 0.624660193920135 0.866315543651581 1.12263476848602 1.06681215763092 1.17615354061127 0.931433916091919 0.745314538478851 1.19672739505768 2.96049904823303 5.08437490463257 6.2446141242981 6.4122257232666 7.10052347183228 7.04001569747925 6.48449516296387 5.5460376739502 6.13161134719849 3.55743479728699 1.59132480621338 0.100091770291328 -2.83087587356567 -3.32738876342773 -3.1239070892334 -2.87357354164124 -0.705249726772308 -0.738247931003571 -2.10676431655884 -2.04637026786804 -1.96780622005463 -0.906578958034515 1.39430749416351 4.04423713684082 5.53013229370117 6.46645307540894 6.22828483581543 7.08027648925781 7.62571859359741 5.86592197418213 5.28720331192017 0.517154216766357
0.366443663835526 0.629438698291779 0.711375057697296 0.847048401832581 0.880961537361145 0.92264586687088 0.986843883991241 1.05347621440887 1.11817693710327 0.834471940994263 0.3695929646492 0.436405926942825 1.52366495132446 3.9785635471344 4.18815851211548 5.2225022315979 5.74089384078979 6.021399974823 5.72215127944946 5.25038385391235 4.64567995071411 4.6395263671875 2.2780487537384 0.969655513763428 -0.961969077587128 -3.38922691345215 -3.38837599754333 -3.21129512786865 1.28123915195465 1.03791129589081 -2.35115814208984 -2.2742965221405 -2.31840586662292 -2.43585729598999 -1.50812041759491 2.0311598777771 4.24865865707397 5.14039659500122 4.45801496505737 5.14900588989258 4.1658616065979 2.84846234321594 3.08153867721558 2.21166348457336 1.0686913728714
0.29168289899826 0.461866617202759 0.548393249511719 0.643878281116486 0.876057088375092 0.686752378940582 0.768954038619995 0.880612730979919 0.9551882147789 0.632519364356995 0.572798490524292 0.92144376039505 2.49102258682251 3.94939041137695 4.40145778656006 4.36088848114014 4.87890243530273 4.70008993148804 3.84682035446167 3.13219594955444 2.82549381256104 2.24451231956482 1.10841608047485 -0.371702969074249 -1.83401131629944 -1.31641018390656 1.77994823455811 2.5433931350708 2.27988791465759 -2.57947206497192 -2.52767086029053 -2.62943553924561 -2.65114450454712 -2.78099465370178 -1.75352346897125 1.60083222389221 2.99971961975098 3.92588353157043 3.63894867897034 2.53768658638 1.1817626953125 -1.29347610473633 -1.35394787788391 -1.01231813430786 -0.623098433017731
0.32613930106163 0.444414347410202 0.542484700679779 0.647024691104889 0.888587951660156 0.871529221534729 0.871955931186676 0.852210402488708 0.58369654417038 0.305931806564331 0.42487570643425 1.29843640327454 3.56711149215698 3.64996600151062 3.79943823814392 3.81632900238037 3.6772677898407 3.38842272758484 2.71096611022949 1.87400186061859 1.21402835845947 0.762834489345551 0.460475146770477 1.59151637554169 3.3600492477417 9.76781558990479 10.0343236923218 4.95555782318115 -2.8932032585144 -2.7749342918396 -2.81530785560608 -2.95151853561401 -2.79545974731445 -1.49716448783875 -1.67167353630066 0.456896543502808 1.79097616672516 1.54407250881195 2.31545424461365 1.82084155082703 -1.41633939743042 -2.04774403572083 -1.56176698207855 -1.04206693172455 -0.654754459857941
0.1701620221138 0.293392211198807 0.368129432201385 0.455902934074402 0.611795544624329 0.751008629798889 0.679160296916962 0.452269196510315 0.11125560104847 0.268923431634903 0.753213465213776 2.12871742248535 3.48241686820984 3.87281441688538 3.19403553009033 3.07653713226318 2.57422542572021 1.67846179008484 1.25089848041534 0.785291731357574 0.138544768095016 -0.529673993587494 -0.8743035197258 2.15128803253174 7.0755090713501 9.19583320617676 8.43931484222412 4.99804735183716 -2.96638250350952 -2.94615316390991 -2.93157362937927 -1.11812388896942 -1.2586156129837 2.74510908126831 1.88289678096771 -0.355264723300934 0.531075894832611 0.372357428073883 0.185960561037064 0.302955955266953 -0.837021112442017 -0.659466624259949 -1.89371395111084 -1.37469983100891 -0.630359709262848
0.106461755931377 0.196911007165909 0.269812822341919 0.43832141160965 0.59913033246994 0.830079734325409 0.603387892246246 0.106096632778645 -0.158314421772957 0.183793574571609 1.04939448833466 3.05788040161133 3.12754106521606 3.26462697982788 2.95757007598877 2.20577001571655 1.59602987766266 0.589409112930298 -0.0034654198680073 -0.515253841876984 -0.760778188705444 -0.782881438732147 1.89586007595062 2.82842206954956 6.3050103187561 6.15653800964355 3.79568076133728 1.77967524528503 -2.89806151390076 -3.03331995010376 0.657372176647186 6.76327466964722 4.23295497894287 6.1448392868042 5.07894325256348 7.13123035430908 0.427750468254089 0.201854571700096 -0.322346776723862 -1.95608615875244 -1.56853663921356 -2.21939420700073 -2.05570006370544 -1.60070085525513 -0.784209549427032
-0.178089052438736 -0.132041230797768 -0.0454201214015484 0.0662722811102867 0.314347863197327 0.584987699985504 0.363099008798599 0.0392180718481541 0.0661399438977242 0.458808273077011 1.65135228633881 2.76204967498779 3.14662170410156 2.69628286361694 2.43638825416565 1.74188899993896 0.848455607891083 -0.0211441852152348 -0.71891313791275 -1.20989310741425 -1.43385088443756 -0.752288460731506 -0.98200386762619 3.39079332351685 4.52326822280884 3.77086400985718 2.78068447113037 0.341739386320114 -1.40231287479401 -3.14084959030151 0.405137002468109 4.26278877258301 8.31531715393066 5.8622989654541 6.64788341522217 5.27318429946899 1.70668721199036 -0.346185088157654 -0.529509425163269 -2.353355884552 -2.28858327865601 -1.68329381942749 -2.02744626998901 -1.40254855155945 -0.895776689052582
-0.427258282899857 -0.365824937820435 -0.24927806854248 0.0384559705853462 0.345018327236176 0.302041202783585 0.564023375511169 -0.358198136091232 -0.24859918653965 0.25595697760582 1.42364752292633 2.27468466758728 2.64149069786072 2.49221110343933 1.84895062446594 1.32726573944092 0.443920493125916 -0.424573332071304 -1.16067516803741 2.99866271018982 3.42733860015869 2.10856509208679 0.27590548992157 2.49119281768799 3.65986609458923 2.60797786712646 3.13890695571899 5.3268723487854 5.20572328567505 9.38677597045898 3.42192125320435 3.56694531440735 5.79115915298462 4.09729528427124 5.62222766876221 5.84473848342896 4.67016744613647 1.16419577598572 -1.5478663444519 -2.44219732284546 -1.43436288833618 1.75322663784027 3.69268846511841 0.332817703485489 -0.819304943084717
-0.57655918598175 -0.537642240524292 -0.419166475534439 -0.0826334878802299 0.252780348062515 0.13592641055584 -0.171873867511749 -0.562866389751434 -0.529258668422699 0.092916876077652 1.87383639812469 1.93768489360809 2.10682916641235 1.98946094512939 1.45877265930176 0.801154613494873 2.29873466491699 3.18673610687256 5.9736909866333 6.48356676101685 6.21982908248901 3.0928168296814 2.27874231338501 1.8439028263092 1.78932189941406 1.98645520210266 3.46230673789978 7.68361711502075 11.8289012908936 12.9518575668335 13.3824167251587 7.35497903823853 3.72865962982178 4.92662572860718 4.14659595489502 6.28555345535278 4.85179233551025 -0.754965424537659 -2.63407325744629 0.295881152153015 4.24971961975098 6.26245880126953 8.05900001525879 5.85032224655151 -0.0702962726354599
-0.870599329471588 -0.613232851028442 -0.360126823186874 -0.0887779220938683 -0.169467866420746 -0.242754906415939 -0.412302285432816 -0.47261518239975 -0.370849192142487 0.525899231433868 1.54460906982422 1.95315623283386 1.72152924537659 1.62303972244263 1.1792448759079 0.616995930671692 3.30108833312988 5.37608909606934 5.06997108459473 2.40123510360718 0.152094289660454 0.51050215959549 1.54884612560272 1.77502548694611 1.55028927326202 1.2547755241394 2.53143167495728 5.79896879196167 8.78456497192383 9.03631687164307 10.6026840209961 9.31147193908691 5.93928623199463 4.8194785118103 4.68596696853638 4.91757440567017 3.02059555053711 -1.62985491752625 0.476599603891373 7.33786058425903 5.83580303192139 4.93779563903809 7.11145830154419 7.38945436477661 6.42316818237305
-1.2611231803894 -0.854090511798859 -0.499719768762589 -0.23572663962841 -0.646767437458038 -0.67597109079361 -0.720412850379944 -0.604569375514984 -0.0840387046337128 1.45058786869049 1.51746642589569 1.60506188869476 1.55278253555298 1.1507602930069 0.800253987312317 1.44485175609589 2.38474488258362 3.77373719215393 1.77358865737915 -1.20592474937439 -1.91044855117798 -1.42308640480042 0.347370207309723 0.758997619152069 1.1768399477005 1.95284152030945 6.10067796707153 6.19091176986694 8.02065849304199 7.91231489181519 5.48292636871338 5.97825813293457 5.20696973800659 4.28155851364136 4.58021640777588 2.5160505771637 2.54000425338745 6.2520923614502 11.5937213897705 5.94755697250366 6.45465040206909 7.64426422119141 7.44134569168091 6.83751487731934 8.19290161132812
-1.45502209663391 -0.910057306289673 -0.489750325679779 -0.675067007541656 -1.1058109998703 -1.12618350982666 -0.78864723443985 -0.432542413473129 0.429004013538361 1.29538595676422 1.57940530776978 1.27054798603058 1.08994269371033 0.713729560375214 0.374391555786133 0.73375529050827 1.53614556789398 1.05928337574005 -0.718306303024292 -2.09472060203552 -2.64234614372253 -2.18256092071533 -0.335237234830856 0.620239436626434 0.436684668064117 4.74905300140381 6.60801315307617 7.92334842681885 6.54117250442505 7.67949867248535 5.82788038253784 3.27228879928589 4.4730486869812 4.64052248001099 4.07699918746948 2.66759777069092 5.13721704483032 10.8319692611694 8.81685447692871 7.32584667205811 9.05078506469727 8.50078964233398 6.50746297836304 7.37953948974609 6.74242067337036
-1.54657983779907 -1.03746247291565 -0.597975254058838 -0.842345476150513 -1.1033970117569 -1.09561884403229 -0.781866669654846 -0.173787608742714 1.18823087215424 1.08867645263672 1.19569396972656 1.12358427047729 0.787897825241089 0.481238394975662 0.146944060921669 0.564573168754578 1.27772116661072 0.401517629623413 -1.21086692810059 0.893043220043182 1.90371978282928 5.15618801116943 2.5628342628479 0.283952355384827 2.55530881881714 5.52702045440674 6.1417064666748 5.76085519790649 6.08512210845947 4.7383394241333 4.91582918167114 7.36145544052124 3.89755010604858 5.32252979278564 9.4291353225708 14.6479053497314 17.1216068267822 12.0225715637207 8.49699401855469 7.89811325073242 5.59871339797974 6.66493034362793 7.30786561965942 5.20996379852295 4.71786165237427
-1.43794929981232 -0.859420478343964 -0.725606560707092 2.00971913337708 1.54374086856842 2.74475455284119 2.15268182754517 0.39521336555481 1.0046614408493 1.21050238609314 1.01411390304565 0.998945951461792 1.40179693698883 0.976153016090393 1.39420354366302 2.03055691719055 1.25914752483368 1.34920465946198 2.00867295265198 2.29128980636597 6.13125419616699 6.35301351547241 1.89130246639252 -0.231528088450432 0.971102297306061 3.28911566734314 4.91999626159668 4.69159269332886 3.97747683525085 3.78177523612976 3.3895149230957 4.04423904418945 5.48093509674072 8.04129505157471 11.0318374633789 11.3339977264404 9.53366565704346 7.86103868484497 7.83367776870728 5.10340642929077 4.00607824325562 3.04755806922913 2.47688007354736 1.81444299221039 1.56461119651794
-1.21433508396149 -0.786449253559113 2.36639666557312 4.73478364944458 5.48276233673096 5.00891923904419 3.30536270141602 1.33424425125122 1.07053506374359 1.16363334655762 4.35990858078003 5.67674589157104 5.73574352264404 5.15496873855591 4.44407653808594 3.37136459350586 2.30901956558228 2.29652690887451 0.637272477149963 3.8657751083374 3.38377952575684 4.24569845199585 4.50137281417847 3.02489995956421 2.61600089073181 3.21405291557312 3.6942400932312 4.36869096755981 3.42606997489929 3.16669416427612 3.14140558242798 3.91170310974121 4.66484260559082 6.94811868667603 9.71721649169922 10.7881107330322 8.81490135192871 8.47402381896973 8.14337825775146 6.27464723587036 3.11839556694031 1.86242282390594 1.37125146389008 0.904926896095276 0.129261195659637
0.00256815110333264 -0.220750615000725 3.37008237838745 5.72051954269409 5.10346031188965 5.52794647216797 5.99706220626831 3.64290428161621 3.38553357124329 7.56059598922729 8.35343170166016 8.66206550598145 8.1098461151123 6.64948654174805 4.13243579864502 3.16069746017456 2.8270411491394 1.8444699048996 3.96437835693359 2.24748134613037 2.10861968994141 3.56484961509705 5.22368717193604 6.51501417160034 4.83600521087646 3.06791591644287 3.09774422645569 2.87005472183228 2.92348456382751 2.63771629333496 3.37159180641174 3.49201846122742 5.07240056991577 7.36918497085571 8.61775875091553 8.31664657592773 7.08623647689819 6.71173238754272 6.46653270721436 6.01860284805298 4.52100372314453 2.79220914840698 1.47006678581238 0.335604339838028 0.12339311093092
