slauniainen/Data/DEM/Vihti_dsm1500b_cl_horizonAngle_342.asc
NCOLS 196 
NROWS 178 
XLLCORNER 353680 
YLLCORNER 6699024 
CELLSIZE 16 
NODATA_value -3.4e+38 
[rows 40 to 59 of 178, columns 0 to 44 of 196]
8.26091575622559 6.80140352249146 6.52607297897339 6.26215028762817 6.25220823287964 6.25565147399902 5.79523611068726 5.67454290390015 5.43723917007446 5.24232816696167 5.06912326812744 4.9309458732605 4.24021863937378 4.17029619216919 3.76973938941956 5.15384578704834 9.7183313369751 13.3489837646484 17.2042198181152 13.8774862289429 25.709716796875 17.2357635498047 19.7954864501953 17.7563781738281 26.2758731842041 16.147253036499 13.8377275466919 12.2863855361938 13.5547304153442 14.0009765625 14.6340351104736 13.6259298324585 13.7915954589844 12.851300239563 13.5268602371216 12.200535774231 32.8394432067871 20.4769191741943 20.9805755615234 21.6802997589111 25.2257499694824 24.7109107971191 21.1349086761475 18.9267673492432 21.9496307373047
7.3730583190918 6.63976049423218 6.36441230773926 5.98118686676025 6.08218812942505 6.10917663574219 5.73714399337769 5.5284686088562 5.37468719482422 5.28628635406494 5.08296251296997 4.83001899719238 4.59040594100952 4.08511447906494 3.72302985191345 4.1868896484375 6.94611263275146 9.51053142547607 13.5634593963623 12.1606283187866 14.0076532363892 13.834267616272 14.8673696517944 15.9475202560425 15.1956491470337 15.0027456283569 13.7278671264648 18.076587677002 12.6800117492676 12.4003286361694 13.2644205093384 12.4450979232788 12.4524402618408 12.420952796936 11.7665939331055 12.0977115631104 13.2789840698242 19.3281173706055 18.4183673858643 18.9673118591309 20.3926448822021 20.0506801605225 16.3265800476074 16.6604175567627 16.3196964263916
5.84432792663574 6.13902902603149 6.48297309875488 6.0376501083374 5.9346923828125 5.80267238616943 5.9092378616333 5.43536043167114 5.24933481216431 5.17764806747437 4.97914886474609 4.70581865310669 4.70117282867432 4.04523897171021 3.72726035118103 3.55030179023743 5.72249698638916 8.30084323883057 10.3088436126709 10.8759899139404 12.8227338790894 12.8553838729858 13.0832824707031 14.4437093734741 13.3406476974487 14.2305335998535 13.6977205276489 10.9711208343506 11.7837228775024 12.0902233123779 12.0480432510376 11.3252696990967 10.5445222854614 11.7536716461182 11.2882995605469 11.47825050354 10.450662612915 15.0685863494873 16.2268409729004 16.7201824188232 15.360447883606 16.0186290740967 15.8047780990601 14.4624834060669 15.1271800994873
33.871166229248 25.8741989135742 5.00732469558716 6.0005145072937 5.71680545806885 5.74206590652466 5.77388906478882 5.33039426803589 5.20710229873657 5.07145309448242 4.87760496139526 4.73293113708496 4.60998582839966 3.96818280220032 3.89327216148376 3.53391456604004 4.36264276504517 7.49833583831787 9.40858459472656 9.40042018890381 10.0653057098389 12.0120248794556 11.5481834411621 12.6162061691284 12.6660022735596 13.5787391662598 13.1495990753174 32.2163124084473 11.886157989502 11.7784366607666 11.1438398361206 11.0835227966309 10.2793636322021 11.0892286300659 10.6757154464722 10.5494766235352 9.89410400390625 11.1650285720825 13.0312643051147 14.0401887893677 14.4515514373779 13.8378505706787 13.6955347061157 12.761570930481 14.1030883789062
11.3759965896606 16.05592918396 31.2719345092773 5.72592544555664 5.39408445358276 5.61789751052856 5.66535949707031 5.33123826980591 5.10895729064941 4.98651695251465 4.95603322982788 4.74893617630005 4.51855421066284 4.29799365997314 3.80908107757568 3.48147869110107 4.16154479980469 5.64271879196167 7.08545207977295 8.49378299713135 9.40903759002686 11.0092782974243 11.0335330963135 11.0480966567993 11.4828586578369 11.8330230712891 12.5123138427734 12.0986223220825 15.7568778991699 11.4624032974243 10.7630176544189 10.2879028320312 9.78562545776367 9.80556488037109 10.4709396362305 9.68928909301758 9.56477069854736 9.65982437133789 11.8300838470459 12.7524890899658 13.1105375289917 12.4812355041504 12.1856107711792 11.3938865661621 13.1996555328369
7.96870565414429 11.3358354568481 8.01566028594971 15.0825786590576 5.35057783126831 5.41994380950928 5.3109827041626 5.42095708847046 4.98483085632324 4.83144092559814 4.82949352264404 4.66545820236206 4.4126238822937 4.40241861343384 3.78472566604614 3.47947144508362 3.29962420463562 4.62558507919312 6.44293308258057 7.92729616165161 8.87597179412842 10.0055561065674 10.4462509155273 9.73922729492188 10.6700582504272 11.1709051132202 12.0144939422607 11.5668458938599 12.0364685058594 11.0785045623779 10.6483993530273 9.58223152160645 9.33753108978271 8.70716381072998 9.73030281066895 9.50032520294189 9.19866180419922 9.22311592102051 10.8114471435547 11.6558427810669 11.9942016601562 11.301778793335 11.274115562439 11.4149894714355 6.91701364517212
6.15059232711792 8.61932563781738 6.1224799156189 10.5081281661987 5.26492738723755 5.16204166412354 5.22404050827026 5.27919435501099 4.86857986450195 4.7657356262207 4.72738313674927 4.55071020126343 4.43367576599121 4.29604196548462 3.5605137348175 3.64620232582092 2.88208079338074 3.75652956962585 6.07615947723389 7.24137735366821 7.68799304962158 8.27053165435791 9.89457702636719 9.29680633544922 9.26880264282227 10.6661148071289 11.4758472442627 11.0702257156372 10.7444000244141 10.0819635391235 10.4436712265015 9.82973957061768 9.02662372589111 8.69071197509766 9.02851486206055 8.91766548156738 8.8427152633667 8.79193878173828 9.39218044281006 10.2030506134033 10.4990396499634 10.8220176696777 10.4939212799072 10.8861398696899 51.8186531066895
5.83141231536865 5.99503993988037 6.48443365097046 7.73830080032349 5.06227445602417 4.83793258666992 5.06499147415161 5.13185214996338 4.85506391525269 4.6392822265625 4.5650520324707 4.60181045532227 4.42830419540405 4.04481220245361 3.99851107597351 3.27990961074829 2.40551233291626 3.62779068946838 5.50790166854858 5.76919841766357 7.04164123535156 7.90191459655762 9.07361125946045 9.21556568145752 8.64752006530762 9.06302642822266 10.2075214385986 10.6506633758545 10.034779548645 9.97953796386719 10.1214046478271 9.54900646209717 8.89107322692871 8.75509548187256 7.31318759918213 8.03307342529297 8.1411190032959 8.44524097442627 8.57161521911621 9.07178497314453 9.72557830810547 10.0260744094849 9.77340888977051 10.3866539001465 6.54174947738647
5.90733432769775 5.73493671417236 5.73792123794556 5.62793779373169 5.44879627227783 4.72277927398682 4.88634443283081 4.80670928955078 4.95024156570435 4.57010221481323 4.44804096221924 4.32968711853027 4.17287111282349 3.99525189399719 3.78366422653198 3.3691418170929 3.17785215377808 2.7261848449707 4.52418184280396 5.35662603378296 6.66650342941284 7.47792148590088 8.15525150299072 8.76209735870361 7.98980236053467 8.49123191833496 9.77693462371826 10.0558948516846 9.56237888336182 9.70508575439453 8.79251480102539 9.26264667510986 8.26737594604492 7.89108371734619 6.83429718017578 7.93965816497803 7.50245332717896 8.10640907287598 8.30923843383789 8.71340560913086 9.04575443267822 9.31881427764893 9.00823307037354 9.92404937744141 6.31439256668091
5.73037624359131 5.55550050735474 5.54872798919678 5.41189622879028 4.84719181060791 4.56553411483765 4.57580804824829 4.6857967376709 4.78667879104614 4.43346452713013 4.36032819747925 4.21535730361938 4.13908052444458 3.9331579208374 3.69663143157959 3.29201674461365 3.10743403434753 2.25955963134766 3.71634578704834 5.11757898330688 6.36673498153687 7.1505823135376 7.38589525222778 8.32874584197998 7.63678932189941 7.73174810409546 8.87271308898926 9.65144729614258 9.30933094024658 7.96318435668945 28.5524082183838 9.36073684692383 11.8358678817749 13.7567291259766 25.3599262237549 7.4226655960083 7.34521198272705 7.64224576950073 7.79941368103027 8.42219257354736 8.33771705627441 8.40920925140381 8.55923843383789 8.472487449646 6.86952495574951
5.55246305465698 5.24724769592285 5.35962915420532 5.28889226913452 4.67626857757568 4.34694957733154 4.24386930465698 4.48145866394043 4.59732818603516 4.40082693099976 4.22922229766846 4.18746566772461 4.03082323074341 3.95504069328308 3.62193894386292 3.21621227264404 3.03926825523376 2.20980834960938 3.19533753395081 4.88481712341309 5.18038558959961 6.17284440994263 6.73697566986084 7.94370174407959 7.41715049743652 7.21547365188599 5.88102293014526 9.27492713928223 9.16719818115234 32.6295318603516 8.85171508789062 10.4201917648315 8.40139293670654 7.93290567398071 7.72412919998169 11.6071720123291 6.95079469680786 7.12259340286255 7.46339225769043 7.64474964141846 8.06282997131348 8.05280208587646 8.04617023468018 7.96987867355347 6.35516691207886
5.11328887939453 5.32010269165039 5.1445140838623 5.08488130569458 4.95129871368408 4.40843200683594 4.01844692230225 4.22288513183594 4.20786905288696 3.29424786567688 4.09801197052002 4.03102779388428 3.9432327747345 3.60552930831909 3.50632977485657 3.4949414730072 3.11817979812622 2.9454972743988 2.34494376182556 3.91299438476562 4.60074853897095 5.74019479751587 6.41292333602905 7.09412240982056 7.26720762252808 5.06170415878296 43.8181114196777 8.37015628814697 8.77004337310791 8.34205913543701 14.4888668060303 8.63384628295898 8.3963737487793 7.67597723007202 7.47137308120728 7.69704484939575 6.65807056427002 6.62295579910278 7.17349195480347 7.33657217025757 7.75157117843628 7.72893810272217 7.54219532012939 7.51507663726807 21.5524654388428
5.18534374237061 5.15823459625244 5.00402355194092 4.94255495071411 4.80085515975952 4.25931692123413 3.93086791038513 3.93776607513428 4.09011268615723 37.5204086303711 3.88567972183228 3.84137487411499 3.7605254650116 3.74059462547302 3.40156579017639 3.01947140693665 2.06204605102539 1.81835412979126 2.06296896934509 3.16772794723511 4.33404541015625 5.36614370346069 5.97445344924927 6.33970880508423 7.00597190856934 36.6537208557129 6.7936692237854 22.8022556304932 8.38623428344727 7.98484420776367 10.2755060195923 7.78718996047974 8.13293743133545 7.63358592987061 7.19957113265991 6.86880540847778 6.3871750831604 6.36963796615601 6.83213949203491 6.96996736526489 7.44485521316528 7.37590360641479 7.4228720664978 7.25268888473511 33.3991889953613
5.02888679504395 5.00565052032471 4.72249412536621 4.80811548233032 4.75252342224121 4.19326114654541 3.86579537391663 3.7416250705719 3.9354944229126 4.02457571029663 17.7866630554199 3.68081760406494 3.66312408447266 3.49046301841736 3.22650194168091 2.82095837593079 1.93775451183319 1.8560106754303 1.95664572715759 2.60903668403625 3.87758183479309 4.39365577697754 4.65478229522705 5.68048524856567 6.65584993362427 6.29892206192017 17.6430416107178 15.9402151107788 7.81001615524292 7.77454233169556 7.60903882980347 7.73114776611328 7.85057878494263 7.34235668182373 6.96626567840576 6.42991971969604 6.11421871185303 5.16504096984863 6.27478075027466 6.7060432434082 6.79432964324951 7.1562671661377 7.13932085037231 7.02445459365845 7.00008869171143
4.88565301895142 4.61143112182617 4.7997260093689 4.65649652481079 4.63758897781372 4.49774789810181 3.9782407283783 3.66856002807617 3.80537343025208 3.70156383514404 11.6848630905151 3.55184054374695 3.35435342788696 3.38563370704651 2.98929142951965 2.71342802047729 2.30828142166138 1.71595561504364 1.71742272377014 1.69493591785431 2.58356523513794 3.14766097068787 6.89970731735229 4.66978406906128 5.90767049789429 6.1599645614624 11.2806711196899 11.3023662567139 7.09894418716431 7.38104629516602 7.23377561569214 7.44280004501343 7.56459379196167 7.35937309265137 6.6973443031311 6.50712537765503 6.11999750137329 5.11632442474365 4.68781852722168 6.42359972000122 6.51901960372925 6.86951589584351 6.84305381774902 6.72629165649414 6.78026676177979
4.44354820251465 4.67901372909546 4.66276931762695 4.52870845794678 4.50291728973389 4.34157752990723 3.86384248733521 3.55208158493042 3.59319162368774 3.6408224105835 8.25981616973877 3.39205074310303 3.34483551979065 3.1195375919342 2.61389207839966 2.07326698303223 1.38429617881775 1.52379906177521 1.38283622264862 -0.00178015709389001 1.66636335849762 2.63309574127197 2.44373440742493 2.60119986534119 5.04890251159668 5.70684671401978 7.27924108505249 5.78176689147949 7.70068216323853 7.00945949554443 6.95321893692017 7.14052772521973 6.76531553268433 7.11439418792725 6.45651626586914 6.34957885742188 6.10248136520386 25.9321823120117 38.4972457885742 6.01895475387573 6.14937257766724 6.55382776260376 6.50519466400146 6.55555105209351 4.59950304031372
4.39316940307617 4.55008029937744 4.52921152114868 4.25720310211182 4.34970855712891 4.30913686752319 3.79907846450806 3.45840120315552 3.39027142524719 3.44697403907776 3.28113007545471 6.08612012863159 2.9623544216156 2.92364692687988 2.6111421585083 2.04699277877808 1.02900838851929 1.33789336681366 1.236328125 4.21554565429688 0.341832250356674 0.700240194797516 0.589642763137817 0.775091767311096 2.02390313148499 5.16218900680542 4.97225427627563 5.33399391174316 5.89298105239868 6.46017360687256 6.68608665466309 6.5968918800354 6.72710037231445 6.88890981674194 6.42682647705078 6.20380687713623 6.0473165512085 5.40258598327637 10.6899175643921 20.3328514099121 5.88903522491455 5.96194791793823 6.2656192779541 6.21563577651978 47.1185607910156
4.26200103759766 4.43006277084351 4.17787504196167 4.34654998779297 4.22465705871582 4.1981840133667 4.07147312164307 3.60082459449768 3.27062320709229 3.16898727416992 3.2589066028595 5.08867835998535 3.0061297416687 2.65033721923828 2.19443583488464 1.20737969875336 1.07184100151062 0.840675473213196 1.13976800441742 9.55167293548584 -0.930237054824829 -0.062495369464159 -0.423505544662476 0.0502539947628975 0.768942892551422 4.2149715423584 4.71558141708374 4.63589668273926 5.18351411819458 5.94632625579834 6.42296314239502 6.37410116195679 6.49913835525513 6.65685606002808 6.56590032577515 6.10254716873169 6.06509780883789 5.5056357383728 7.38897562026978 13.9449100494385 5.65279245376587 5.69869947433472 5.96774578094482 5.8809757232666 3.0614116191864
4.23418378829956 4.03317832946777 4.24819135665894 4.23026180267334 4.11153125762939 4.09872150421143 3.93408417701721 3.48279571533203 3.20524883270264 2.99259448051453 3.03143715858459 4.16900634765625 2.87062072753906 2.57751822471619 1.94712042808533 0.951273858547211 1.08112716674805 0.766239047050476 1.02729618549347 -0.386668801307678 -1.15104901790619 -0.966649770736694 9.65055084228516 2.4350061416626 11.5411586761475 17.9865550994873 4.25539493560791 4.39716815948486 4.9452109336853 5.51909399032593 5.99300384521484 6.18887615203857 6.3092565536499 6.0497612953186 6.45346546173096 6.15628242492676 6.01095771789551 5.61541223526001 5.93673992156982 10.6870412826538 5.38803100585938 5.45016479492188 5.67584276199341 3.86557555198669 18.5743026733398
4.11458301544189 3.96970772743225 4.13016986846924 4.1191143989563 3.8676655292511 3.95980405807495 3.91280674934387 3.4533052444458 3.10809397697449 2.94995951652527 2.53037762641907 1.98588907718658 3.27942776679993 1.77047061920166 1.46117103099823 1.40097308158875 1.00309312343597 -0.187686085700989 0.93285745382309 41.1281509399414 0.963293731212616 -1.32912158966064 -0.241100490093231 46.9676704406738 34.8391494750977 24.3354606628418 3.74621176719666 4.16862916946411 4.62074041366577 5.15775585174561 5.61595487594604 6.00606775283813 5.96542453765869 6.14570236206055 6.38893413543701 6.07887649536133 5.92616701126099 5.15245771408081 4.40571784973145 5.29690504074097 8.6074686050415 5.34134149551392 5.23370218276978 17.5013370513916 3.42410826683044
