slauniainen/Data/DEM/Vihti_dsm1500b_cl_horizonAngle_198.asc
NCOLS 196 
NROWS 178 
XLLCORNER 353680 
YLLCORNER 6699024 
CELLSIZE 16 
NODATA_value -3.4e+38 
[rows 120 to 139 of 178, columns 46 to 91 of 196]
10.9356060028076 11.1311626434326 14.8401384353638 13.3425951004028 13.8503465652466 11.0745439529419 13.1580686569214 15.6093826293945 15.6576929092407 14.8522624969482 14.6026859283447 14.2473268508911 12.2275533676147 10.5308742523193 9.17063045501709 7.71191453933716 18.5435657501221 9.26023960113525 9.11538696289062 2.84809565544128 2.78546977043152 3.00518298149109 2.88343930244446 15.1363773345947 4.84573841094971 13.2782545089722 3.28096103668213 32.1065216064453 28.4559745788574 29.3239650726318 3.2966480255127 3.30136561393738 3.15719699859619 3.60080862045288 5.61550951004028 3.82156038284302 4.23336219787598 5.20426797866821 4.28025960922241 7.92962265014648 6.09248685836792 10.6492862701416 10.1250438690186 12.9608926773071 10.0259265899658 8.87358379364014
12.3986072540283 12.6219062805176 17.1434364318848 15.4151086807251 15.9633731842041 16.8463897705078 19.9539318084717 19.9750518798828 18.9813117980957 18.7007331848145 18.4552955627441 15.354151725769 14.2957715988159 12.192569732666 8.6845064163208 40.2019691467285 17.9924068450928 10.3681774139404 8.71630954742432 8.14409065246582 2.93208622932434 3.12305688858032 11.9297647476196 3.23803615570068 5.36077451705933 3.14116454124451 3.48311257362366 3.1273021697998 2.98282623291016 3.22010540962219 10.9092798233032 3.30717921257019 4.98447179794312 5.65226125717163 4.17442464828491 18.5163135528564 7.16027212142944 4.00685977935791 7.86572313308716 6.93605470657349 7.41593360900879 8.5490198135376 7.56058120727539 9.88060283660889 8.67938709259033 16.3264293670654
14.3667430877686 21.9038162231445 19.7774772644043 20.4854850769043 16.369930267334 21.2442359924316 24.9863471984863 25.003999710083 23.7893352508545 23.4903240203857 23.1859321594238 18.5276298522949 15.5995197296143 14.1705360412598 9.34739017486572 3.75621390342712 23.6369132995605 13.2695760726929 15.0747556686401 3.17782258987427 3.35523271560669 3.52283263206482 3.34533214569092 24.2135696411133 3.59745955467224 6.88541126251221 10.7833108901978 3.79724025726318 3.39923357963562 3.53901028633118 3.55748963356018 3.89737224578857 4.01088094711304 3.69064426422119 5.89260959625244 3.3391752243042 16.152587890625 15.5816450119019 15.859411239624 10.621922492981 11.5848541259766 6.33197927474976 10.7872457504272 10.5004863739014 8.94704818725586 10.7827081680298
18.8097248077393 27.3838634490967 24.7152576446533 25.5785636901855 20.5207958221436 28.334098815918 32.9390144348145 32.894718170166 31.4670104980469 31.1384525299072 30.8114910125732 23.2468681335449 18.355676651001 14.7468738555908 11.7224798202515 13.2422018051147 37.134391784668 11.754150390625 38.7918167114258 3.44173049926758 3.59726548194885 9.67490386962891 19.5481414794922 3.15880346298218 17.3123588562012 4.43812036514282 8.0174560546875 10.3561086654663 16.4859848022461 9.41267681121826 4.99668884277344 3.48149967193604 7.2071475982666 3.81737327575684 4.2914867401123 13.1705121994019 4.823890209198 11.5544528961182 20.8290920257568 10.3076190948486 6.51975727081299 10.4190969467163 12.5401487350464 16.6657619476318 18.4208316802979 20.8093376159668
23.6265506744385 35.8500289916992 32.535099029541 33.4551811218262 49.8050689697266 55.0881576538086 55.1684112548828 53.397216796875 52.8972854614258 52.6728401184082 32.6010932922363 30.8459930419922 23.0469570159912 13.7743663787842 13.9167623519897 3.48385262489319 3.73706340789795 38.4751129150391 3.30013489723206 3.50437068939209 20.7551383972168 3.58782076835632 3.27693939208984 3.67851567268372 3.4646372795105 20.6582298278809 14.8468809127808 3.93446230888367 3.59167885780334 3.99398636817932 3.46592140197754 4.9274525642395 4.02286434173584 4.15694046020508 29.8791484832764 7.83904552459717 17.310791015625 4.36920690536499 2.58628273010254 9.71861362457275 15.4709444046021 4.55261945724487 12.4684238433838 15.6213846206665 15.1079902648926 15.592095375061
58.3283576965332 55.0257759094238 55.8975257873535 48.7192420959473 2.06386923789978 5.23290729522705 2.87072420120239 2.32456564903259 2.29404330253601 6.87546110153198 52.868480682373 32.9930801391602 30.6383304595947 17.4486637115479 17.5698299407959 12.1622152328491 5.65879774093628 4.32586431503296 12.7772560119629 4.76734209060669 3.62292718887329 3.62981486320496 3.75235462188721 19.3026084899902 3.6719925403595 3.79905128479004 3.92927527427673 20.810173034668 4.07434558868408 4.21342849731445 9.71046924591064 8.6502742767334 5.01129102706909 4.75382614135742 8.60954570770264 5.26237010955811 9.18266010284424 2.30238509178162 2.33291172981262 2.23692536354065 12.0998058319092 21.1421585083008 2.49124693870544 4.28828477859497 3.63916444778442 4.21557235717773
1.23776948451996 2.93777275085449 1.29970037937164 1.73995769023895 4.01703596115112 2.25303268432617 5.11188983917236 8.96812438964844 4.73712205886841 3.67697596549988 8.13939189910889 52.6079368591309 31.4913387298584 23.4098091125488 23.7951545715332 16.3284893035889 11.4826574325562 13.8206424713135 15.3410530090332 10.3572044372559 4.69462203979492 3.95712208747864 3.9808235168457 3.76253938674927 4.22809505462646 4.07687568664551 4.04986715316772 3.98369431495667 4.38816833496094 13.76291847229 5.14275169372559 8.51843166351318 8.6564826965332 6.34659051895142 3.41838884353638 2.94982862472534 1.84252750873566 2.57225370407104 2.70130348205566 6.80396938323975 2.30659532546997 2.41418218612671 2.44836831092834 3.01186227798462 3.94490671157837 4.65134429931641
1.93423235416412 1.44548380374908 9.4413480758667 16.1576557159424 4.3480052947998 0.843903064727783 2.8847348690033 15.652512550354 19.2433032989502 2.64826273918152 2.36812591552734 4.28267621994019 43.6024932861328 44.4734725952148 26.1936569213867 21.4020977020264 18.2430038452148 20.381986618042 10.3284139633179 12.3179683685303 5.96126222610474 4.49836826324463 4.64869594573975 6.77309942245483 11.787428855896 4.31963634490967 4.28539896011353 14.7149724960327 14.8512897491455 3.94317698478699 21.7289218902588 10.7625322341919 6.51663494110107 6.04809522628784 3.58614230155945 3.36697959899902 2.7411937713623 2.94887971878052 2.99725699424744 3.21740460395813 8.88433933258057 3.1014575958252 2.82501697540283 3.67820405960083 4.33253860473633 4.75077819824219
2.58550548553467 1.44702839851379 8.97382640838623 2.16157603263855 7.81791591644287 13.9466943740845 21.9650192260742 4.22547245025635 2.17734575271606 5.86686229705811 2.60273909568787 2.95122289657593 10.9364070892334 12.0793838500977 41.2380256652832 28.0960903167725 23.1068000793457 25.6138935089111 16.4871349334717 6.54766178131104 6.34520196914673 4.96693658828735 4.8334641456604 13.3331289291382 4.18123388290405 4.3864312171936 14.2521390914917 4.33416557312012 5.91435956954956 16.6920127868652 4.45807981491089 9.80322551727295 7.51764154434204 10.2902460098267 6.10510444641113 3.20560145378113 3.44965696334839 3.5570285320282 3.1156108379364 3.35095262527466 2.95076823234558 2.74442791938782 3.11819767951965 4.42739629745483 4.73243284225464 5.31461811065674
1.91514825820923 1.69522798061371 14.7268657684326 22.382080078125 24.973934173584 1.45050191879272 2.24290609359741 12.8876810073853 2.4441556930542 8.83961582183838 7.3783073425293 4.83524751663208 18.0851898193359 4.56533670425415 18.2587547302246 39.7275161743164 30.7831420898438 33.9016723632812 20.9002056121826 6.97812461853027 6.53394794464111 5.17562818527222 27.5193481445312 4.8648567199707 4.47438716888428 11.6695423126221 6.08192014694214 7.739013671875 4.15590524673462 4.15413570404053 5.57480955123901 11.4566059112549 10.645866394043 7.54811668395996 7.71394824981689 3.25665855407715 3.87912631034851 4.13147306442261 3.59843158721924 4.56566476821899 3.44956946372986 3.49300384521484 3.84594917297363 4.79154968261719 5.15922164916992 5.49546432495117
10.7109470367432 2.19044613838196 2.71294260025024 1.35723972320557 0.877047121524811 7.69366073608398 2.51189684867859 3.43520379066467 33.4326438903809 6.02487421035767 8.01108074188232 10.0084857940674 3.18015313148499 5.01360130310059 3.84819650650024 27.6403179168701 56.8243980407715 23.5908870697021 28.1777362823486 7.63512849807739 6.70940685272217 6.90999984741211 3.71176695823669 5.2268705368042 5.17347097396851 4.53977489471436 4.34052896499634 4.90715408325195 4.4892897605896 25.4288673400879 10.9580678939819 23.7592372894287 8.50076484680176 4.60053062438965 4.22859001159668 5.37013053894043 14.2992677688599 8.11433029174805 4.90833377838135 4.25853967666626 3.9521689414978 4.13640832901001 5.09194993972778 5.43424034118652 5.40638637542725 5.75869703292847
6.89115571975708 5.55873394012451 3.4583728313446 2.97907114028931 16.8542594909668 1.65568399429321 16.8133411407471 2.30206775665283 2.80984854698181 3.40001940727234 12.4166736602783 13.0011520385742 15.2417793273926 23.2855930328369 9.01637744903564 4.61711978912354 3.88127613067627 50.2816696166992 10.54953956604 7.39816999435425 6.88589668273926 7.09441661834717 7.00776958465576 5.28949546813965 8.66422557830811 8.50837898254395 6.19318723678589 5.75480222702026 10.9216156005859 4.43846607208252 3.94293642044067 13.651008605957 6.04077577590942 3.99220991134644 4.22637176513672 25.0307807922363 4.69994401931763 4.40351009368896 5.93317556381226 4.92799758911133 4.35724592208862 4.82617521286011 5.85766458511353 5.71279621124268 6.01211404800415 6.17618560791016
5.35218286514282 6.15615558624268 4.48766899108887 12.7022953033447 3.00896739959717 5.51470756530762 1.85842227935791 23.2081661224365 3.10446810722351 3.23822999000549 3.3766016960144 12.3639354705811 41.4353828430176 3.92258024215698 13.0410165786743 5.931809425354 5.67713308334351 6.18529319763184 16.6219749450684 7.36984872817993 7.08270025253296 7.29233121871948 7.42105531692505 6.52827787399292 5.09637689590454 8.98737049102783 7.23918342590332 7.07975769042969 5.39203310012817 4.94096422195435 4.15876865386963 4.32280111312866 7.7708535194397 4.74067783355713 8.70435523986816 4.54319000244141 5.07976722717285 16.9501457214355 6.64151430130005 5.79393815994263 5.03599691390991 5.85544729232788 6.90396118164062 6.69104480743408 6.41469192504883 7.93537616729736
11.0673980712891 5.98265790939331 5.33031606674194 4.62450838088989 7.78024959564209 3.92981767654419 3.52025103569031 3.37288546562195 6.11476564407349 4.0843300819397 3.92670059204102 3.19100546836853 4.12809467315674 14.9872722625732 30.1704273223877 13.440601348877 13.2732219696045 9.66193962097168 8.81130695343018 7.97332286834717 7.63580942153931 7.40693998336792 7.65489721298218 10.447301864624 5.30424547195435 7.47898817062378 7.44185018539429 8.22843742370605 7.29172039031982 4.94249773025513 5.07953929901123 5.72671175003052 4.39999723434448 5.27395153045654 5.08125829696655 5.14787244796753 5.74857902526855 5.65898513793945 7.26322889328003 6.64105224609375 8.27731990814209 10.6576089859009 8.21949768066406 10.4986238479614 8.33680152893066 16.2657337188721
15.0509929656982 9.19666957855225 7.75905656814575 4.58177423477173 13.3040590286255 5.98341798782349 4.47350597381592 6.28887844085693 13.0881586074829 21.1187839508057 34.0457954406738 12.178747177124 4.50436305999756 4.16168117523193 5.60937547683716 11.8177442550659 25.0113124847412 14.5582065582275 9.21225643157959 8.49094772338867 8.30291175842285 7.74505472183228 20.6969985961914 9.58106422424316 6.90279865264893 8.00387954711914 7.83604764938354 10.4471168518066 7.70589065551758 8.18221855163574 5.55323028564453 3.98969960212708 5.03752708435059 5.24373435974121 5.38696956634521 5.92435932159424 6.01324129104614 8.0078649520874 7.44114446640015 16.4666042327881 17.7250461578369 15.0035495758057 11.9020795822144 17.1398258209229 17.872013092041 12.6104745864868
19.1361923217773 7.25870990753174 8.6491060256958 32.153190612793 11.206280708313 8.0952615737915 12.9551401138306 7.9599084854126 6.80616092681885 4.37677097320557 4.16030168533325 18.5991306304932 5.02573776245117 33.0154342651367 13.696044921875 49.8308868408203 32.0945014953613 18.4242362976074 10.3181285858154 9.43147659301758 8.10830593109131 8.36461353302002 7.39800310134888 11.9678449630737 8.40773296356201 18.2063541412354 8.23659133911133 13.3833084106445 8.09470844268799 11.9341869354248 15.4743633270264 5.45168972015381 5.46181678771973 5.48669385910034 5.85903692245483 8.45911598205566 7.56035184860229 10.5868234634399 23.9461860656738 26.7863922119141 20.6337127685547 20.1213207244873 13.4871692657471 11.1369295120239 12.3327226638794 35.2747230529785
21.9429244995117 8.73231220245361 9.59272575378418 3.64116621017456 16.9673385620117 10.539740562439 7.88200950622559 15.3968944549561 22.264741897583 16.831615447998 4.71926689147949 9.75308322906494 4.87870645523071 3.6692841053009 4.85310125350952 22.9038791656494 18.7601871490479 24.9715576171875 11.8863401412964 10.8800840377808 8.71283531188965 8.8262357711792 16.2522487640381 15.3091106414795 8.91093826293945 7.86846876144409 31.219217300415 8.78765869140625 8.48746395111084 19.1235103607178 31.8819675445557 5.10864591598511 6.33051013946533 6.25289297103882 8.81917381286621 11.4324188232422 8.33397960662842 21.4794692993164 28.4407482147217 26.2955665588379 22.5477657318115 19.3976612091064 14.0701293945312 12.2015819549561 15.9073696136475 11.2086124420166
18.8368492126465 17.3100566864014 10.1920070648193 26.1492824554443 11.9613513946533 21.7618141174316 15.238808631897 9.45110416412354 5.43512487411499 10.3862733840942 19.2547740936279 5.13290929794312 28.1682872772217 5.62008380889893 5.07352828979492 4.31276082992554 25.374605178833 17.3628540039062 14.4426097869873 12.6035280227661 9.83190822601318 9.24880695343018 22.0910816192627 21.0476131439209 9.53902053833008 9.26442241668701 7.1447639465332 9.32441902160645 37.2082633972168 43.3184928894043 8.50219440460205 7.90447378158569 6.94797945022583 8.63237762451172 9.42442798614502 8.71818733215332 18.1640453338623 30.8332424163818 28.988941192627 30.8221416473389 28.0336685180664 18.5932502746582 20.406795501709 15.6418886184692 22.604772567749 35.2718658447266
14.5826902389526 28.0633888244629 6.35669946670532 4.69543838500977 32.0959091186523 13.7575569152832 37.0673713684082 16.0631275177002 13.1584873199463 25.6388835906982 17.3504772186279 9.10366153717041 4.95021963119507 9.23005962371826 5.46069812774658 6.23654842376709 6.10854339599609 19.8667984008789 18.5611419677734 10.398419380188 12.606315612793 41.6274337768555 40.5743751525879 14.4542675018311 10.212984085083 10.2553358078003 11.0509300231934 9.97719764709473 7.20706176757812 7.20308303833008 25.539342880249 8.10909175872803 11.7577180862427 13.9952001571655 19.4941520690918 25.0044689178467 23.8632545471191 31.0853214263916 32.6851997375488 34.7692985534668 26.1230449676514 22.0040626525879 18.9876461029053 36.3675842285156 21.3695678710938 17.0749225616455
37.1852264404297 8.82521820068359 7.44670677185059 27.9494132995605 3.66706275939941 24.1578388214111 12.3070993423462 5.47925186157227 19.1819877624512 4.84684658050537 29.5498504638672 5.37780332565308 5.53294229507446 5.56465339660645 5.5801043510437 7.10545253753662 7.52549171447754 26.7786808013916 25.3532905578613 27.5438098907471 14.1667709350586 7.46137046813965 7.45626831054688 9.73926162719727 19.7801704406738 31.5274448394775 11.5409994125366 11.1430797576904 12.1732149124146 7.62223529815674 6.10159015655518 11.5791931152344 19.2784156799316 16.4980888366699 10.4798574447632 8.46231651306152 8.99561405181885 4.96049404144287 5.5693507194519 15.9297142028809 20.4372882843018 15.9986839294434 19.8366641998291 8.29020214080811 8.14101600646973 12.9153842926025
