slauniainen/Data/DEM/Vihti_dsm1500b_cl_horizonAngle_36.asc
NCOLS 196 
NROWS 178 
XLLCORNER 353680 
YLLCORNER 6699024 
CELLSIZE 16 
NODATA_value -3.4e+38 
[rows 0 to 19 of 178, columns 0 to 45 of 196]
1.838938593864440 6.01186037063599 7.14096546173096 8.63549900054932 15.9734926223755 14.7897472381592 9.43760967254639 21.8063926696777 13.0113735198975 4.27926588058472 7.99275684356689 6.00606203079224 10.62779712677 19.7494144439697 13.0637197494507 17.7614307403564 16.3633995056152 9.38191699981689 19.4431419372559 5.59970760345459 7.53733968734741 4.41000461578369 3.4458794593811 8.94196701049805 3.95466589927673 1.58578741550446 1.66216361522675 11.5388832092285 5.72696352005005 3.27555227279663 17.1754951477051 20.3764801025391 16.8738765716553 8.05223751068115 3.59103989601135 0.925331771373749 0.296322762966156 9.19282341003418 9.36322689056396 8.41785907745361 8.99899578094482 10.9941892623901 11.8594350814819 5.57816505432129 4.541259765625 10.2707452774048
1.28785693645477 4.33025026321411 2.72229194641113 2.60168743133545 12.5141668319702 28.55051612854 5.63416242599487 43.0182838439941 27.6986904144287 10.6521415710449 4.96846675872803 5.94304466247559 12.8295793533325 9.3620023727417 16.7855129241943 11.9819898605347 19.191162109375 13.7053251266479 13.2272958755493 4.84009647369385 4.6623592376709 2.37223720550537 2.73430752754211 1.91970360279083 8.97000503540039 0.814730048179626 3.59250164031982 15.0065488815308 6.44008684158325 5.8064866065979 8.88869285583496 12.0165452957153 12.5144309997559 10.5367488861084 7.69748592376709 6.5449047088623 2.48058652877808 5.73971605300903 3.30115818977356 1.859659075737 1.62426400184631 9.06748867034912 1.46313369274139 21.0578861236572 25.5488357543945 21.295726776123
14.4151039123535 28.5500431060791 31.9707374572754 2.76616263389587 3.03193354606628 29.3927459716797 3.48244881629944 38.4609451293945 49.0618629455566 17.8032779693604 40.4364204406738 7.31743621826172 17.1195659637451 12.0291395187378 23.2062168121338 12.6091318130493 20.1792278289795 18.8845558166504 13.8580131530762 6.5338568687439 3.14600944519043 4.68122005462646 1.59240567684174 1.22493946552277 -0.453812569379807 2.52640557289124 5.9330735206604 2.9174439907074 3.81764626502991 3.72088527679443 4.00675249099731 8.24710845947266 5.70259475708008 12.4367990493774 0.582428395748138 10.6169538497925 4.57322788238525 4.77300930023193 15.918890953064 3.46742248535156 3.29299187660217 12.5304183959961 3.43833374977112 25.199535369873 18.5238933563232 24.0171184539795
11.5672674179077 20.2147331237793 36.1578674316406 32.4138717651367 2.71340537071228 38.5322151184082 3.41064167022705 13.889349937439 49.1010932922363 39.5970764160156 8.39099884033203 30.3594150543213 7.75778150558472 16.2997016906738 12.1521759033203 10.7995691299438 14.6964263916016 16.713415145874 14.9190082550049 11.7999658584595 7.14521265029907 2.42300796508789 4.36470222473145 2.70383667945862 -0.580100059509277 0.989609062671661 1.68158626556396 1.47581744194031 1.66837978363037 2.92020392417908 5.80975246429443 16.1353645324707 5.56125783920288 8.84158992767334 13.4682149887085 2.12969517707825 3.53565812110901 3.9178569316864 11.8248529434204 10.6900234222412 5.33602333068848 11.2827405929565 13.613260269165 14.0625514984131 19.0129489898682 16.5513477325439
13.140266418457 13.7771492004395 24.5849666595459 32.6628303527832 2.34605073928833 40.3189582824707 23.5438098907471 5.58350515365601 35.5999069213867 44.2787742614746 6.32617998123169 41.399787902832 33.1762199401855 42.6156005859375 31.1113948822021 15.5255365371704 16.4568939208984 14.4066915512085 17.9940280914307 9.06845283508301 11.384955406189 2.5694305896759 16.0963096618652 -0.52237069606781 -0.837509393692017 -0.123625196516514 2.21557593345642 3.01768803596497 3.73178648948669 3.3514461517334 5.5122594833374 16.6246223449707 11.4693422317505 15.7008476257324 19.6667022705078 4.19729709625244 2.95252013206482 7.51177453994751 3.26735520362854 3.15264701843262 7.79835891723633 15.5448780059814 9.04493045806885 16.6417369842529 14.3851404190063 15.1470537185669
11.1097421646118 17.1262874603271 13.6765766143799 41.0748481750488 2.72919106483459 5.18865966796875 38.7128448486328 10.2107563018799 19.1411571502686 44.7409133911133 15.7474451065063 32.8635902404785 20.7180938720703 35.2901420593262 32.5140647888184 22.7717781066895 19.0134220123291 16.310676574707 22.7468433380127 22.0333976745605 14.6787366867065 10.8163766860962 15.7453260421753 -0.474769175052643 -1.20533525943756 -0.102154821157455 1.42799258232117 1.3870267868042 2.50920939445496 3.11408352851868 4.90484571456909 9.31406497955322 11.6255054473877 4.69740009307861 10.7426929473877 2.55257773399353 3.89382028579712 16.0012664794922 7.48279619216919 5.95019912719727 13.5933227539062 7.34799861907959 12.961296081543 12.0825452804565 12.784815788269 8.39378356933594
1.68118894100189 1.82819640636444 2.64122462272644 38.225887298584 3.26688981056213 3.86756467819214 33.4874038696289 5.70551252365112 21.3395175933838 32.3441581726074 22.51686668396 18.5025501251221 13.9788885116577 22.1693572998047 30.5236644744873 23.7478179931641 9.77732563018799 11.4441375732422 15.0214309692383 15.4037790298462 12.6591291427612 8.08126831054688 20.8432540893555 10.5664577484131 -0.199131652712822 0.300992608070374 0.874785006046295 1.42955923080444 2.35412931442261 3.13460803031921 3.87181258201599 7.76493358612061 5.50885629653931 12.6849308013916 25.9236030578613 22.9961986541748 7.19762659072876 7.97727918624878 4.99368619918823 3.71760654449463 7.94230318069458 6.22368955612183 10.6748237609863 11.0421752929688 7.23325204849243 8.30689907073975
1.79215490818024 38.4735794067383 23.0529365539551 43.2599792480469 38.8840255737305 9.84689331054688 36.4005088806152 6.64534282684326 21.1382160186768 16.7195529937744 13.5743570327759 28.7131824493408 13.1852521896362 15.3374757766724 16.8811721801758 48.7692718505859 28.4829006195068 7.5903787612915 11.5858430862427 12.1496896743774 20.1237201690674 11.1297426223755 8.91166019439697 8.63932609558105 -0.0420754551887512 -0.12700292468071 0.919488668441772 0.86074960231781 1.9944121837616 2.0295295715332 6.07864141464233 4.86641597747803 7.75610971450806 6.92522573471069 17.416654586792 17.2113952636719 20.6876831054688 21.2651081085205 6.87910556793213 3.42464780807495 4.06490564346313 8.46084499359131 9.71569061279297 7.48279571533203 7.15981960296631 4.96208763122559
3.28047347068787 28.955249786377 21.455322265625 32.1801528930664 30.4387264251709 9.21635246276855 31.0213871002197 15.6702289581299 13.2007865905762 11.0673742294312 8.72450065612793 9.3801212310791 26.610466003418 15.0764875411987 19.1229705810547 29.7542381286621 46.1689414978027 28.3564949035645 11.6827535629272 16.0162677764893 23.0264148712158 18.406608581543 12.4969310760498 0.313473552465439 -0.528857171535492 0.252870798110962 0.357686936855316 1.49298310279846 1.93868732452393 2.66981863975525 5.8593955039978 3.71742653846741 3.7654070854187 9.93201351165771 9.22237396240234 10.6764030456543 19.8506259918213 18.1767177581787 21.9251403808594 7.95631837844849 16.2209167480469 8.36342144012451 8.25763607025146 5.39201307296753 5.38020181655884 5.93819713592529
2.81843400001526 5.44979476928711 22.0647602081299 20.2950611114502 18.259880065918 15.3493270874023 22.0974884033203 8.84945106506348 11.7653865814209 38.6866722106934 29.3625431060791 19.7768993377686 18.2978744506836 17.4969215393066 22.1303787231445 23.0963268280029 36.0301628112793 43.4906425476074 8.15823650360107 12.0445079803467 21.0882053375244 14.7532939910889 14.1863918304443 3.05441761016846 5.08963441848755 0.0508537590503693 0.697813332080841 0.980284452438354 2.55975866317749 2.29376196861267 6.41596651077271 3.74720358848572 2.46222805976868 2.74744129180908 2.56933927536011 3.4310417175293 11.0835971832275 13.2872200012207 15.8778038024902 3.59156012535095 4.06871747970581 4.43513584136963 3.68330025672913 5.04519939422607 3.82501339912415 5.55087661743164
5.74857568740845 12.3340759277344 10.3410148620605 7.19816446304321 5.43826293945312 12.3773193359375 10.9663467407227 9.90378665924072 10.6419773101807 25.9296035766602 12.0099382400513 12.7887907028198 12.4511232376099 16.1965808868408 18.2784366607666 29.4229431152344 28.7444286346436 47.2022933959961 22.6603527069092 24.2178649902344 19.6774215698242 24.7754745483398 22.0850563049316 11.8427743911743 3.68273091316223 4.27541065216064 0.0644256547093391 1.14668929576874 3.73144507408142 1.88700890541077 5.27169942855835 15.5475368499756 2.75374722480774 1.995481133461 2.59932637214661 2.4936637878418 4.24607133865356 6.3596658706665 18.2390747070312 15.4366903305054 3.3152117729187 2.66802906990051 3.88050889968872 4.1596417427063 4.99092388153076 6.39040517807007
4.06659889221191 19.2937965393066 16.2306518554688 23.799280166626 5.94383907318115 6.25511598587036 8.45216083526611 8.73155117034912 17.8533992767334 13.1171627044678 17.4391555786133 29.4158897399902 32.5992126464844 13.2682943344116 23.7417430877686 22.2826194763184 23.0112838745117 29.6078796386719 26.3678150177002 33.7199783325195 30.8474197387695 31.8826084136963 31.2267112731934 9.23985576629639 9.16360092163086 9.82796382904053 0.217556640505791 0.00154298089910299 1.29250419139862 1.94719588756561 9.15069198608398 4.12937259674072 9.85384082794189 5.65986680984497 2.65310645103455 3.70212411880493 3.52943420410156 7.80567312240601 13.6774730682373 28.5419769287109 29.7434864044189 3.00629663467407 2.45607447624207 1.54120254516602 12.8126134872437 5.27481508255005
8.57737064361572 13.5308990478516 11.7444791793823 16.7251892089844 6.03846311569214 7.64380645751953 5.54531669616699 13.6622743606567 16.4257621765137 17.8132038116455 13.5517911911011 19.9598960876465 36.2740173339844 23.0021343231201 15.4775457382202 12.0174131393433 15.01930809021 16.6993274688721 18.3337783813477 13.3315134048462 16.9201030731201 20.3053131103516 29.4248313903809 15.1366281509399 23.5727214813232 17.8050880432129 1.6302855014801 0.421452969312668 0.745483160018921 1.57621002197266 2.8280200958252 10.530291557312 6.31671857833862 5.45416307449341 5.63983678817749 2.40677785873413 2.93452000617981 5.72103404998779 12.2583770751953 17.0001487731934 23.4574851989746 4.51527214050293 9.16798782348633 1.40269792079926 2.89480113983154 11.6223030090332
9.72051811218262 7.66810750961304 10.6280651092529 11.7149715423584 5.6213207244873 35.4919967651367 8.16680335998535 10.7081289291382 11.6967601776123 11.9077844619751 15.2614765167236 16.1235580444336 24.8859100341797 34.7212409973145 17.6603717803955 10.7914609909058 11.2555446624756 12.6848039627075 32.5283355712891 15.7673597335815 19.5220279693604 10.8924884796143 17.8534908294678 14.2839164733887 5.86792325973511 13.6502590179443 14.820894241333 5.36036920547485 8.1103343963623 2.29593753814697 1.31360757350922 2.48032712936401 2.01990485191345 2.32029485702515 1.34536790847778 2.05476760864258 2.1234188079834 2.87168097496033 2.5555260181427 3.10700678825378 1.02034819126129 0.554158568382263 1.11688458919525 2.57946300506592 4.00589466094971 8.15087985992432
4.88338708877563 8.09729862213135 6.41571664810181 17.3941402435303 5.7331337928772 25.3456230163574 7.69734477996826 9.62907123565674 10.9900369644165 11.8646879196167 14.4906873703003 18.1973285675049 10.802318572998 10.3838319778442 12.5585489273071 8.24031352996826 8.79214096069336 9.74440765380859 13.3893098831177 18.6513175964355 26.7510242462158 14.9606056213379 8.10901260375977 19.1835498809814 7.57464361190796 6.52490186691284 0.104808278381824 0.829021871089935 0.910151898860931 0.740688800811768 1.80339312553406 1.17717301845551 1.47889280319214 1.41473245620728 1.90278744697571 1.75268089771271 1.31223917007446 6.08989524841309 1.61287987232208 5.83436489105225 1.6937403678894 0.729021072387695 3.47236919403076 3.8796398639679 21.4893741607666 14.8567838668823
5.33549880981445 5.71904802322388 5.12259531021118 8.86754608154297 5.4650444984436 20.5598659515381 7.62948751449585 8.22147464752197 10.649055480957 12.7713193893433 14.1802682876587 13.8096494674683 10.0185194015503 16.915548324585 18.0515289306641 7.37357664108276 7.64153718948364 7.42105674743652 10.0047178268433 9.9434814453125 19.0602531433105 10.4285440444946 15.1462106704712 16.0841064453125 5.05740118026733 9.68301868438721 1.63743913173676 0.565302729606628 0.430325150489807 0.925329506397247 0.445820569992065 0.944327533245087 0.265008509159088 0.014382166787982 0.807393908500671 1.19628202915192 1.26871109008789 0.578934550285339 0.918443858623505 0.268029689788818 -0.167177975177765 -0.997794389724731 2.99184465408325 11.1300449371338 8.52626609802246 16.7499980926514
5.13348960876465 5.04422807693481 4.92053842544556 10.3489179611206 8.1015157699585 18.147367477417 24.6019668579102 9.037672996521 9.7250280380249 10.1295890808105 17.9897136688232 9.8258581161499 10.0471849441528 19.2364025115967 18.9625968933105 7.26050853729248 7.16213941574097 7.70464563369751 8.76645565032959 7.35299921035767 9.42200946807861 10.4399080276489 13.4170989990234 17.839958190918 2.35724806785583 10.2345180511475 6.83061695098877 0.661494314670563 0.191491350531578 -0.344103515148163 0.0889143124222755 -0.107442356646061 -0.16468246281147 0.380039125680923 0.14814555644989 0.798727989196777 15.5211715698242 -0.136155232787132 -0.57485157251358 -1.00291860103607 -0.777818560600281 -1.40049386024475 -0.230807781219482 0.574453592300415 -0.590506672859192 -0.651006281375885
18.8677234649658 4.32861614227295 5.43531513214111 13.4432802200317 9.61011505126953 7.38969993591309 9.43039989471436 8.20891571044922 8.71468830108643 18.8722591400146 26.6256942749023 20.1540470123291 18.5818061828613 30.5842456817627 29.6389274597168 17.0566654205322 7.23322057723999 7.50500154495239 4.49534559249878 5.33666944503784 4.01963567733765 7.04634380340576 8.16932582855225 23.5455513000488 12.9221563339233 2.64990854263306 14.655460357666 14.8297691345215 5.82983732223511 2.35785508155823 -0.464692234992981 -0.302663654088974 -0.226471066474915 -0.343677878379822 0.0252004079520702 0.887584865093231 10.0317916870117 0.00124421366490424 -0.8769211769104 -1.23993110656738 4.93554735183716 -1.59357571601868 -2.30431985855103 0.0389348864555359 -0.866770088672638 0.0241473522037268
30.3190174102783 19.8466949462891 13.4342260360718 7.52185869216919 19.3142108917236 12.4311046600342 28.2647914886475 19.647403717041 16.1065711975098 28.0319232940674 17.713306427002 16.5698223114014 15.8577165603638 26.0848484039307 18.0107440948486 11.5966119766235 10.3416948318481 5.7683629989624 4.0590500831604 3.22949051856995 3.54140114784241 2.30713796615601 2.921546459198 10.7558431625366 16.7736282348633 17.5255470275879 8.07518482208252 15.8240776062012 4.83207035064697 11.1236324310303 11.3504114151001 10.901686668396 12.9231910705566 -0.28285750746727 0.0843959450721741 0.210324183106422 4.02300119400024 -0.538848102092743 -0.986071646213531 -1.58472418785095 16.7169380187988 6.05148792266846 1.94316709041595 -0.921904265880585 0.162189021706581 2.20941853523254
5.63219308853149 13.9071159362793 6.70073843002319 7.43313980102539 14.3374872207642 15.2547798156738 21.7102108001709 21.2941036224365 14.5653610229492 28.3413696289062 15.7795076370239 30.4279670715332 31.0405902862549 23.0162925720215 11.6305437088013 6.87987661361694 23.3900337219238 7.79125595092773 8.4787425994873 6.02799272537231 2.10924673080444 1.04950559139252 0.11733902990818 4.18239116668701 18.875114440918 23.7922039031982 12.7729864120483 16.3701705932617 1.26586019992828 4.59909296035767 2.61790347099304 6.37992525100708 5.42048692703247 13.3939456939697 7.4371485710144 2.4788658618927 7.65092325210571 4.4939603805542 9.35587692260742 -1.48796963691711 -1.98998880386353 4.09393978118896 5.12494087219238 2.59779739379883 5.40361881256104 -0.769096612930298
