slauniainen/Data/DEM/Vihti_dem1500b_cl_horizonAngle_246.asc
NCOLS 196 
NROWS 178 
XLLCORNER 353680 
YLLCORNER 6699024 
CELLSIZE 16 
NODATA_value -3.4e+38 
[rows 0 to 19 of 178, columns 0 to 44 of 196]
11.293555259704601 7.40182304382324 6.39907503128052 8.95067977905273 6.71576452255249 8.58298683166504 16.3210849761963 14.3505306243896 6.42613220214844 2.7767117023468 1.93733191490173 6.47536659240723 17.3362770080566 6.4018988609314 2.53072333335876 1.83151817321777 0.76719057559967 -0.135651454329491 -0.648838698863983 -1.05106449127197 -1.33718073368073 -1.47295939922333 -1.56151258945465 -1.79889225959778 -1.88489389419556 2.27459597587585 5.35428142547607 4.96735572814941 4.63843059539795 3.43582653999329 4.61455392837524 4.10944128036499 3.32041096687317 2.6832959651947 2.41117310523987 2.17439436912537 2.12446331977844 1.95788633823395 1.90198934078217 1.70214426517487 2.5216338634491 5.10577774047852 6.63602209091187 7.64410305023193 7.91257381439209
7.62561130523682 5.83482933044434 5.55078458786011 7.5061149597168 7.60808420181274 8.10672283172607 12.1159076690674 20.0905017852783 8.05728530883789 3.12051510810852 2.26909112930298 8.91200637817383 16.2818603515625 4.16636657714844 2.47978758811951 1.98234391212463 1.10884761810303 0.127557680010796 -0.495209485292435 -0.936812937259674 -1.35495626926422 -1.64604842662811 -1.84714210033417 -1.93514978885651 -2.02658367156982 1.42493641376495 6.55737400054932 7.60724878311157 7.44212961196899 5.48347043991089 4.90277528762817 4.70293283462524 3.98743677139282 3.31695365905762 2.75709056854248 2.52710437774658 2.44271159172058 2.30837535858154 1.91365540027618 1.74494135379791 4.13406372070312 5.45679950714111 10.8765830993652 10.8152322769165 11.3122596740723
5.38300609588623 6.94912815093994 5.07173299789429 5.57443857192993 8.96595573425293 7.78670930862427 10.4457597732544 20.5126781463623 10.7246417999268 3.79831790924072 2.76080083847046 10.4691028594971 10.615406036377 2.93939352035522 2.71782493591309 1.98212277889252 1.30530679225922 0.321387946605682 -0.403504878282547 -1.04614913463593 -1.50366115570068 -1.84179699420929 -2.11593961715698 -2.24621772766113 -2.38974452018738 3.29267430305481 10.4874410629272 10.3059396743774 7.53279876708984 5.95474672317505 5.01380920410156 4.87232160568237 4.38698577880859 3.74203443527222 3.23076891899109 2.83206224441528 2.38048601150513 2.28831648826599 2.03966045379639 1.8394935131073 4.52732944488525 8.859055519104 13.5001640319824 14.0674295425415 13.1863117218018
5.59935474395752 4.66680192947388 3.7698962688446 4.49086475372314 7.31278467178345 10.7454977035522 8.39990615844727 17.1536273956299 10.8463592529297 4.18862438201904 3.02473068237305 8.5800085067749 5.20090007781982 3.20481514930725 2.93551278114319 2.09042477607727 1.17502188682556 0.300924301147461 -0.437329649925232 -1.03676748275757 -1.74002003669739 -2.08556938171387 -2.24415373802185 -2.82195901870728 -3.01292586326599 8.49608612060547 11.4517621994019 11.0816488265991 8.79980373382568 6.51957273483276 5.71074914932251 5.26325607299805 4.39278554916382 3.79563045501709 3.07723736763 2.78823184967041 2.38699221611023 2.19114685058594 3.23273611068726 4.35941934585571 7.18276453018188 9.12681293487549 12.6028099060059 14.963231086731 6.1952052116394
6.2638087272644 3.16537404060364 2.7544686794281 4.93776845932007 10.6910314559937 10.1104021072388 6.75655269622803 13.610595703125 8.78236865997314 6.16510820388794 3.7926025390625 3.6839451789856 3.7338879108429 3.45678472518921 3.0503978729248 2.04961037635803 1.08682024478912 0.0803470239043236 -0.561461389064789 -1.20302426815033 -1.88025307655334 -2.57652902603149 -2.61551928520203 -3.11754965782166 -3.30822992324829 6.54640436172485 12.2799663543701 10.8665466308594 9.22381973266602 7.39753150939941 5.99220323562622 5.35925006866455 4.50778007507324 3.89490270614624 3.33108830451965 2.77886152267456 2.55227375030518 3.26849293708801 8.33053684234619 7.5308198928833 7.10720777511597 10.3483352661133 10.3675556182861 8.08460330963135 3.96359705924988
7.29214096069336 3.99867463111877 3.33738374710083 8.28843307495117 11.3021593093872 8.46116733551025 7.4848804473877 7.50518894195557 10.8479661941528 5.30973196029663 4.29240560531616 5.12265014648438 4.0915093421936 3.57647562026978 3.22922229766846 1.92906975746155 0.926722347736359 0.0893793031573296 -0.803763449192047 -1.45598793029785 -2.23873114585876 -2.78908920288086 -3.2535879611969 -3.44836902618408 -3.35172057151794 5.92855596542358 11.2469129562378 11.0600624084473 9.24065399169922 7.48686552047729 6.39983987808228 5.76099538803101 4.87460136413574 4.3755931854248 3.91180777549744 3.06925559043884 3.06568384170532 7.45430612564087 6.76648092269897 6.63173580169678 9.75483989715576 9.28246974945068 6.12247753143311 3.91405248641968 3.5381133556366
7.92801189422607 5.98542451858521 4.87798595428467 4.13944816589355 3.67458558082581 14.2205514907837 8.46311855316162 5.77975559234619 8.027419090271 5.07085466384888 4.82649517059326 4.53805732727051 4.06305265426636 3.49439811706543 3.23607563972473 2.4954309463501 0.823154211044312 -0.182716250419617 -0.945873618125916 -1.7722100019455 -2.49670195579529 -3.18534564971924 -3.5776515007019 -3.79304146766663 1.29467415809631 8.97640514373779 11.4266176223755 9.16449546813965 8.60233974456787 7.77464437484741 6.9250602722168 5.96561098098755 5.29618310928345 4.48163414001465 4.26356935501099 4.11870622634888 4.20705938339233 3.07876634597778 4.38755893707275 5.48528003692627 9.0393009185791 9.70613861083984 4.0294041633606 3.68786191940308 3.26071929931641
9.06637001037598 7.35284852981567 6.40242004394531 5.17434310913086 4.5461745262146 9.49173736572266 9.67904758453369 5.36281633377075 5.28021097183228 5.10134172439575 4.85291481018066 4.31386375427246 3.97266387939453 3.6945366859436 3.0556001663208 2.48670601844788 1.30082952976227 -0.468402534723282 -1.25149428844452 -1.82667911052704 -2.5928008556366 -3.40535640716553 -3.78965091705322 -4.0140380859375 5.81836271286011 8.78102111816406 10.2532052993774 9.58515930175781 8.94878101348877 8.01640701293945 7.28058815002441 5.88886260986328 5.09974193572998 4.50216722488403 3.52032232284546 6.1226110458374 7.7596869468689 5.5152153968811 4.57973098754883 6.71164846420288 5.24725818634033 5.11613178253174 3.70529341697693 3.50927758216858 3.28147912025452
9.90429401397705 9.13358879089355 6.41555643081665 5.54979944229126 5.60969257354736 7.16439533233643 6.51036214828491 5.70595169067383 5.24582195281982 5.01255941390991 4.70102787017822 4.3061580657959 3.68193769454956 3.2040228843689 2.90188884735107 2.07484078407288 1.41380023956299 -0.252278745174408 -1.42451751232147 -1.89600241184235 -2.47220945358276 -3.21945405006409 -3.81925368309021 -4.08198165893555 3.52995872497559 7.79605531692505 9.13320541381836 10.8270139694214 9.73734951019287 9.15168285369873 7.04450511932373 5.84325790405273 3.96495032310486 3.50575518608093 3.06690216064453 10.8207416534424 11.6872072219849 8.55584621429443 6.01794528961182 5.49208164215088 4.33946514129639 4.03397035598755 3.75922632217407 3.67305278778076 3.48070430755615
10.6509675979614 8.23706245422363 6.61121892929077 6.2588996887207 6.06627559661865 6.05484390258789 5.84418249130249 5.68529415130615 5.3904242515564 4.7912917137146 4.08261203765869 3.73997068405151 3.41351652145386 2.64598608016968 2.36032009124756 1.891960978508 1.12857902050018 0.00696966052055359 -1.33419609069824 -1.91580510139465 -2.42813992500305 -3.09129762649536 -3.65892124176025 -4.127357006073 1.21662902832031 5.80489635467529 7.82697439193726 10.9837808609009 10.1756725311279 8.87776470184326 7.323899269104 4.87532472610474 3.60951852798462 2.13892412185669 4.10253524780273 14.3107652664185 12.6282548904419 8.452317237854 5.46616697311401 4.76511907577515 4.18098831176758 4.0813045501709 4.38358163833618 3.78782057762146 3.63059306144714
11.1239156723022 7.70553731918335 6.88491058349609 6.52415800094604 6.16774082183838 6.42229127883911 6.10503673553467 5.49668741226196 4.79873275756836 4.45455074310303 3.63671183586121 3.14625668525696 2.85827040672302 2.48444628715515 1.86120164394379 1.50328242778778 0.775734305381775 -0.294726848602295 -1.17805898189545 -1.93724846839905 -2.39056873321533 -3.01649737358093 -3.44091057777405 -4.00198364257812 -4.05914831161499 3.69973516464233 6.47852277755737 10.1320209503174 9.64643001556396 9.28576946258545 6.73908948898315 4.39347743988037 3.0459086894989 2.24635624885559 6.14654111862183 13.7054786682129 11.232063293457 7.23986053466797 5.14005517959595 4.89337396621704 3.9585485458374 3.83768844604492 6.95569658279419 3.95204067230225 3.93614172935486
10.525218963623 7.98246097564697 7.17543888092041 6.71681022644043 6.51862001419067 6.85891246795654 5.55184650421143 5.21276807785034 4.4835729598999 3.98130512237549 3.52225661277771 2.77899885177612 2.45962452888489 2.11602568626404 1.55868148803711 0.890779078006744 0.225516140460968 -0.528147280216217 -1.18901038169861 -1.94829392433167 -2.29009485244751 -2.91122961044312 -3.351318359375 -3.70488691329956 -3.96287488937378 0.918090105056763 3.75036430358887 6.27185297012329 7.62947607040405 8.60249900817871 6.38418054580688 3.81069040298462 3.45238089561462 4.20556497573853 6.31593179702759 9.76590538024902 10.8591136932373 6.23253679275513 6.39022254943848 5.64630270004272 5.00339698791504 4.76922702789307 4.68875980377197 4.39838790893555 4.30256748199463
9.18913078308105 8.33428287506104 7.68621444702148 6.8250412940979 6.10315752029419 6.61568307876587 5.11726045608521 4.81555080413818 4.54818868637085 3.78153443336487 3.39378952980042 2.58525705337524 1.98414885997772 1.55848217010498 0.988202929496765 0.249605938792229 -0.265962332487106 -0.864211976528168 -1.26780021190643 -2.12834930419922 -2.56711578369141 -2.99157071113586 -3.38684272766113 -3.6968674659729 -3.82468056678772 -3.92810845375061 -0.231378227472305 1.98504185676575 6.59404802322388 7.46910619735718 5.45196676254272 5.64244794845581 4.74912691116333 6.69698858261108 9.29627990722656 7.86182975769043 8.56419467926025 8.11070823669434 6.85039854049683 6.89437246322632 6.07033967971802 5.66175937652588 5.22261095046997 4.81219911575317 4.48240184783936
9.56827735900879 7.85465431213379 7.15111684799194 6.70661497116089 5.78390121459961 6.7955756187439 4.90183782577515 4.88078784942627 4.04687786102295 3.58754634857178 2.90045666694641 2.28777456283569 1.35864210128784 0.953305661678314 0.347524464130402 -0.566840589046478 -1.16725265979767 -0.881572306156158 4.86239528656006 0.915212988853455 -1.14901781082153 -3.20337843894958 -3.64438629150391 -3.90458750724792 -4.06719589233398 -2.72908091545105 -2.93154859542847 1.3800595998764 5.00562477111816 8.41592025756836 8.89632129669189 7.68013715744019 7.52280759811401 9.40947914123535 12.3613719940186 12.1523714065552 10.0530042648315 10.0050277709961 8.9703197479248 7.54789638519287 6.92925214767456 6.42409992218018 6.54089498519897 6.79960584640503 6.66862010955811
9.38369560241699 7.70336055755615 6.27993106842041 5.91517972946167 5.92385816574097 5.47775459289551 4.22618103027344 5.19970798492432 3.32702255249023 2.99716711044312 2.2462260723114 1.69831800460815 1.10942685604095 0.725363671779633 -0.359532356262207 -1.520054936409 -2.24635052680969 -2.44932150840759 4.65491390228271 5.62898015975952 1.46534073352814 1.01467156410217 -1.73510944843292 -2.61549830436707 -2.82774972915649 -3.09017086029053 -3.61401128768921 -0.315934032201767 4.10685729980469 5.20840549468994 6.02613639831543 5.87629556655884 4.22562217712402 6.05132246017456 9.14622783660889 12.4620723724365 12.3763408660889 11.9417676925659 10.8512506484985 12.1162624359131 12.2490081787109 9.74563980102539 9.84010696411133 8.90496730804443 7.80899000167847
8.50756359100342 7.55416345596313 6.38369941711426 5.49751091003418 5.73924589157104 5.23484802246094 3.69752502441406 3.41835808753967 2.63110184669495 2.13164472579956 1.91987979412079 1.63330066204071 0.881539285182953 0.391374468803406 -1.05525529384613 -2.36863017082214 -2.96616458892822 -3.18990468978882 1.00046002864838 5.54801559448242 7.06211614608765 5.80688953399658 3.02781462669373 -0.753728687763214 -3.00057625770569 -3.07206749916077 -3.02912044525146 -1.96978783607483 0.909732043743134 3.18504738807678 4.78261566162109 5.46115684509277 4.00072193145752 3.28640794754028 5.80089426040649 8.18240165710449 8.80517196655273 5.61642599105835 5.11073350906372 10.5869722366333 12.7710227966309 13.4013690948486 12.4767265319824 9.64775276184082 7.87764263153076
9.08381938934326 6.92632532119751 6.15964508056641 4.79981756210327 5.76990270614624 4.43890237808228 3.12822890281677 2.45234131813049 2.17130470275879 1.91847026348114 6.43400001525879 1.51591801643372 0.702768385410309 0.13065966963768 -1.59043002128601 -3.1078245639801 -3.53810167312622 -3.78875875473022 -3.31513905525208 0.968469977378845 6.46358633041382 8.84836101531982 9.13913917541504 2.96857070922852 -0.787267684936523 -2.78689765930176 -3.08191967010498 -1.3953230381012 0.936636030673981 0.297132074832916 4.23184108734131 5.52848243713379 3.6574809551239 1.93790507316589 4.29693937301636 8.25437355041504 6.7355637550354 1.96344864368439 1.38336443901062 3.83308339118958 5.75080823898315 7.78867340087891 8.53633213043213 6.29748010635376 3.63573884963989
8.94808959960938 5.97712421417236 5.47614622116089 4.96207904815674 5.04150724411011 3.05582308769226 2.55517411231995 2.26600456237793 4.25090169906616 4.63871097564697 1.80703222751617 1.33666086196899 0.80907928943634 -0.256993979215622 -2.18984341621399 -3.70230412483215 -4.05389642715454 -4.29077625274658 -4.42154598236084 -1.20253777503967 -0.969193339347839 8.8193883895874 10.4822778701782 10.2430067062378 3.1511218547821 -0.864672303199768 -2.15879893302917 -2.70925760269165 0.701316118240356 -2.12867307662964 4.00586843490601 5.40462398529053 2.46390581130981 -0.191819131374359 1.46852421760559 8.62589550018311 3.6322808265686 0.754183292388916 -0.199874266982079 2.58881831169128 4.45876789093018 4.81912326812744 3.79650664329529 0.977026402950287 -0.165512084960938
7.92874097824097 6.28005027770996 4.70570945739746 4.34571266174316 4.07613801956177 2.90614128112793 4.39952325820923 4.6519832611084 2.44555306434631 1.94937682151794 1.76478719711304 1.0985449552536 0.571076989173889 -0.577310681343079 -3.0802857875824 -3.91343688964844 -4.13880825042725 -4.26252698898315 -4.39765167236328 -3.99526500701904 -4.60542869567871 1.11637604236603 10.4309892654419 10.3854455947876 9.56002044677734 2.50574374198914 -0.158549249172211 -1.31674909591675 -1.86419153213501 -0.499028325080872 5.38011741638184 0.817682027816772 1.95527017116547 -0.509877383708954 -0.660723209381104 6.00138998031616 4.65404605865479 -0.149481698870659 -1.13901507854462 1.53134620189667 3.61968493461609 4.09024953842163 1.45820200443268 -1.08080494403839 -1.56135404109955
7.19945764541626 5.61868572235107 5.27149248123169 4.42405796051025 3.59428811073303 3.52778649330139 3.13851618766785 2.50786375999451 2.14568710327148 1.86310935020447 1.46210467815399 0.992992281913757 0.154161125421524 -0.968732297420502 -3.18416428565979 -3.81087231636047 -4.10843324661255 -4.24796581268311 -4.38746643066406 -3.81396245956421 -4.5888295173645 -4.66953706741333 4.69757699966431 8.8791389465332 9.89874458312988 8.51008987426758 4.22308158874512 2.09600162506104 -0.286156326532364 -1.02524590492249 2.40355324745178 0.275527715682983 1.14529752731323 0.234502866864204 0.21981580555439 1.53956377506256 4.92095470428467 1.68665242195129 -0.984124362468719 -0.208046644926071 2.32374882698059 4.28569221496582 0.316438734531403 -1.73351168632507 -2.01016592979431
