slauniainen/Data/DEM/Vihti_dem1500b_cl_horizonAngle_360.asc
NCOLS 196 
NROWS 178 
XLLCORNER 353680 
YLLCORNER 6699024 
CELLSIZE 16 
NODATA_value -3.4e+38 
[rows 100 to 119 of 178, columns 135 to 179 of 196]
4.01175022125244 4.68189764022827 4.99188280105591 5.17978143692017 5.36406707763672 5.37705278396606 4.90500545501709 5.60880517959595 6.04908180236816 6.12962865829468 6.19809246063232 6.37110710144043 6.60206699371338 6.98011350631714 7.37548017501831 7.56089735031128 7.61177110671997 7.50494718551636 7.34547710418701 7.31034803390503 6.95507335662842 6.38707399368286 5.82763195037842 5.74494981765747 5.12088823318481 4.88735389709473 4.39733409881592 3.79743814468384 3.58463191986084 3.64420795440674 3.32127070426941 3.11754775047302 2.98060774803162 2.93004631996155 2.90808892250061 3.19678068161011 3.34891819953918 3.51720118522644 3.45008707046509 3.10429930686951 2.9174497127533 2.7853991985321 2.69048595428467 2.87605595588684 5.29517555236816
3.8765389919281 4.55712890625 4.7915358543396 4.89739847183228 5.00676107406616 4.99955177307129 4.65526056289673 5.36991739273071 5.79283952713013 5.87971448898315 5.94608974456787 6.11394739151001 6.33157730102539 6.66042995452881 7.04572439193726 7.21103811264038 7.26845169067383 7.18153953552246 7.00435733795166 6.9718542098999 6.65035772323608 6.10426044464111 5.49959945678711 5.26985359191895 4.61463212966919 4.2937593460083 3.82448673248291 3.38437294960022 3.52112531661987 3.60713529586792 3.31206226348877 3.10478377342224 2.9338915348053 2.82965016365051 2.78976774215698 3.04952192306519 3.19602155685425 3.37266898155212 3.30246114730835 2.97465467453003 2.79559111595154 2.68181157112122 2.59398627281189 2.53568339347839 4.74118900299072
3.8326563835144 4.37485647201538 4.61438083648682 4.64826393127441 4.71101379394531 4.67765951156616 4.46343946456909 5.15215682983398 5.5596981048584 5.65034914016724 5.71791315078735 5.8713550567627 6.08232545852661 6.3780403137207 6.74014854431152 6.90556621551514 6.9513988494873 6.84499359130859 6.69735193252563 6.65978050231934 6.35824632644653 5.83623170852661 5.25418901443481 4.85637092590332 4.22247219085693 3.9155969619751 3.4880645275116 3.27912092208862 3.40712594985962 3.4847366809845 3.19701290130615 3.01028275489807 2.81744146347046 2.68354535102844 2.6187424659729 2.84026694297791 3.03935217857361 3.23052644729614 3.16846394538879 2.84932518005371 2.67862200737 2.57985067367554 2.49760103225708 2.24699950218201 4.31669235229492
3.80129051208496 4.22903823852539 4.39735746383667 4.44571208953857 4.48423910140991 4.39237642288208 4.29230213165283 4.95887804031372 5.33871173858643 5.44055128097534 5.50374555587769 5.64983749389648 5.84574794769287 6.11811447143555 6.46240234375 6.59287452697754 6.64167499542236 6.55037879943848 6.39348793029785 6.35658740997314 6.05816888809204 5.56453895568848 5.01745986938477 4.50599145889282 3.97914934158325 3.72410488128662 3.38848972320557 3.17457461357117 3.30276989936829 3.38097786903381 3.10776948928833 2.93274617195129 2.75308585166931 2.62644743919373 2.54511570930481 2.71644258499146 2.88781309127808 3.07145929336548 3.01426959037781 2.70690083503723 2.54931735992432 2.44290661811829 2.37433910369873 2.04850625991821 3.71049046516418
4.66635417938232 4.13845014572144 4.21196269989014 4.20311212539673 4.24285888671875 4.14961051940918 4.12671709060669 4.77459907531738 5.14157962799072 5.24189710617065 5.30313205718994 5.45478677749634 5.64528226852417 5.85725927352905 6.17318248748779 6.31827449798584 6.3511962890625 6.2641658782959 6.11674022674561 6.06513166427612 5.78215885162354 5.30820798873901 4.76809740066528 4.27900314331055 3.76036477088928 3.4858820438385 3.266845703125 3.06048846244812 3.18039870262146 3.2428286075592 2.98584508895874 2.83398103713989 2.66989517211914 2.55579352378845 2.47229409217834 2.6105785369873 2.74669718742371 2.91115045547485 2.85339188575745 2.55574631690979 2.39091324806213 2.26404762268066 2.19126272201538 1.82801902294159 2.51702427864075
5.07643604278564 4.11427354812622 4.10601758956909 4.01804876327515 3.97288870811462 3.92013096809387 3.97957968711853 4.6092677116394 4.96147871017456 5.04838085174561 5.11006164550781 5.26107454299927 5.43799304962158 5.61856126785278 5.91562557220459 6.04442167282104 6.09161329269409 5.99239253997803 5.85515785217285 5.80796766281128 5.52490282058716 5.05722713470459 4.5056357383728 4.03470945358276 3.51364517211914 3.20141577720642 3.11384963989258 2.89723491668701 3.02782368659973 3.08434891700745 2.83105182647705 2.70064902305603 2.53178429603577 2.44463706016541 2.37459063529968 2.52052235603333 2.6236572265625 2.77488470077515 2.70191049575806 2.43020033836365 2.22746610641479 2.04028820991516 1.91708278656006 1.35711812973022 0.455706834793091
5.62396001815796 4.4072093963623 4.05362796783447 3.87388706207275 3.78272080421448 3.65536427497864 3.84566116333008 4.44589567184448 4.77410125732422 4.87483406066895 4.92738676071167 5.07800245285034 5.24078464508057 5.40545034408569 5.66894626617432 5.79292154312134 5.8256688117981 5.73901319503784 5.60735177993774 5.54767894744873 5.25442552566528 4.79166984558105 4.25002574920654 3.78907918930054 3.26108002662659 2.99044227600098 2.92581915855408 2.70530223846436 2.84968519210815 2.88659358024597 2.63313937187195 2.52428889274597 2.30988311767578 2.2465980052948 2.22095274925232 2.36337447166443 2.43822169303894 2.55402684211731 2.4579770565033 2.16272592544556 1.93488466739655 1.65068411827087 1.35822987556458 0.673606693744659 -0.218444004654884
4.38648986816406 4.0868706703186 3.99053835868835 3.77805781364441 3.64316534996033 3.54663062095642 3.66973686218262 4.27555418014526 4.60001754760742 4.71320104598999 4.7501392364502 4.89542102813721 5.05764722824097 5.20534944534302 5.42662143707275 5.52202606201172 5.54158878326416 5.44669485092163 5.33611488342285 5.24840259552002 4.95689916610718 4.5505690574646 3.99002242088318 3.51896643638611 3.00895738601685 2.7956018447876 2.70762968063354 2.48843884468079 2.63265490531921 2.6947774887085 2.41693663597107 2.3001651763916 2.15856242179871 2.09140515327454 1.98044633865356 2.08431696891785 2.08579683303833 2.19021725654602 2.00053000450134 1.62598240375519 1.41520547866821 1.05078136920929 0.712015748023987 0.00743715278804302 -0.831192374229431
3.727858543396 3.89827370643616 3.82670545578003 3.63154649734497 3.49911975860596 3.45489859580994 3.56654477119446 4.09101676940918 4.43702077865601 4.52132749557495 4.56996822357178 4.71109628677368 4.86496162414551 4.99825859069824 5.17231702804565 5.24333047866821 5.24206304550171 5.12289428710938 5.01791858673096 4.93609142303467 4.64114236831665 4.28760623931885 3.72830820083618 3.25589346885681 2.75574684143066 2.61043453216553 2.49618124961853 2.2640221118927 2.35813784599304 2.45118880271912 2.24935173988342 2.11872172355652 1.99622440338135 1.88140773773193 1.73874235153198 1.7518482208252 1.65397787094116 1.57246458530426 1.14956331253052 0.658078730106354 0.388116419315338 0.236144185066223 0.134528592228889 -0.621065616607666 -1.33846688270569
3.56118607521057 3.71668291091919 3.64815330505371 3.46406316757202 3.34350490570068 3.3430871963501 3.4429349899292 3.93724608421326 4.22592258453369 4.27878427505493 4.37934637069702 4.51867818832397 4.64323997497559 4.76607179641724 4.90146636962891 4.97078132629395 4.96040153503418 4.83441591262817 4.70981502532959 4.60617160797119 4.33221387863159 4.01706027984619 3.45503354072571 2.99778294563293 2.52078247070312 2.44157767295837 2.30332708358765 2.04467439651489 2.05589413642883 2.09501910209656 1.96850204467773 1.82408046722412 1.44179606437683 1.05678844451904 0.879406929016113 1.11599743366241 0.968703091144562 0.634790003299713 0.368874579668045 -0.062819741666317 -0.3075892329216 -0.472233504056931 -0.55007392168045 -1.14717280864716 -1.7788428068161
3.40640544891357 3.55686902999878 3.4925525188446 3.30203485488892 3.19423055648804 3.22379922866821 3.29530477523804 3.74974536895752 4.0159969329834 4.13517951965332 4.16311836242676 4.27485036849976 4.38834667205811 4.50559949874878 4.62577056884766 4.69192504882812 4.68533277511597 4.56280517578125 4.44175291061401 4.30862188339233 4.05307006835938 3.77032542228699 3.19764828681946 2.76541018486023 2.30442070960999 2.28692245483398 2.12816143035889 1.82384991645813 1.70949900150299 1.61373126506805 1.07973599433899 0.770511448383331 0.618206977844238 0.455258429050446 0.206120237708092 0.203564807772636 0.055112611502409 -0.215613648295403 -0.426777541637421 -0.628219127655029 -0.93990033864975 -1.11014795303345 -1.0845263004303 -1.4802759885788 -2.10568976402283
3.25552248954773 3.3937656879425 3.33180165290833 3.15342736244202 3.08782482147217 3.09928941726685 3.15171074867249 3.57117557525635 3.7983820438385 3.87955522537231 3.92318439483643 4.01393222808838 4.10947179794312 4.22830581665039 4.32304048538208 4.40470790863037 4.40952348709106 4.30281352996826 4.18985986709595 4.0428466796875 3.80035495758057 3.55379605293274 2.97552132606506 2.53273057937622 2.08996868133545 2.11967468261719 1.9748352766037 1.60353827476501 1.41923856735229 1.23087060451508 0.431537836790085 0.0599671341478825 -0.123112857341766 -0.0385886989533901 -0.288257628679276 -0.358511626720428 -0.483569175004959 -0.778301179409027 -1.10939717292786 -1.22431421279907 -1.3365033864975 -1.38755643367767 -1.38414072990417 -1.6935122013092 -2.1450400352478
3.12695693969727 3.24796342849731 3.19034266471863 3.01325917243958 2.9775664806366 2.96678447723389 3.0036358833313 3.39954710006714 3.61234974861145 3.66784334182739 3.67351603507996 3.76388883590698 3.85390663146973 3.96879506111145 4.05297517776489 4.1163969039917 4.1406078338623 4.04315233230591 3.9440803527832 3.78658056259155 3.57483458518982 3.34591770172119 2.78211140632629 2.31213045120239 1.82848823070526 1.89871072769165 1.74122798442841 1.42283022403717 1.18672657012939 0.974949896335602 0.398885697126389 -0.214536488056183 -0.537992000579834 -0.540670216083527 -0.67113584280014 -0.65663868188858 -0.777149617671967 -1.02250099182129 -1.33292841911316 -1.51555323600769 -1.62312889099121 -1.59223854541779 -1.55842995643616 -1.78823328018188 0.16203898191452
3.02847480773926 3.11964297294617 3.06746220588684 2.8903341293335 2.84990286827087 2.81110739707947 2.84007120132446 3.21235871315002 3.41453957557678 3.46067142486572 3.43872237205505 3.50950527191162 3.62740898132324 3.7410786151886 3.81680941581726 3.8717577457428 3.8818895816803 3.79432916641235 3.71272325515747 3.54864025115967 3.37349367141724 3.1557035446167 2.59947538375854 2.14552998542786 1.66757047176361 1.66177785396576 1.46581077575684 1.11105000972748 0.882045745849609 0.673476457595825 0.175689712166786 -0.172284170985222 -0.687308669090271 -0.824493050575256 -0.980575680732727 -0.946312248706818 -1.04148542881012 -1.23247647285461 -1.45376527309418 -1.68300843238831 -1.79064691066742 -1.71381652355194 -1.58323061466217 0.517741560935974 3.58819961547852
2.93518948554993 3.00379610061646 2.95082688331604 2.75469517707825 2.71568322181702 2.66668391227722 2.66840434074402 3.02502155303955 3.21021676063538 3.26148176193237 3.25609683990479 3.33445501327515 3.41297340393066 3.53262948989868 3.61412644386292 3.6556499004364 3.65439796447754 3.56618976593018 3.5046055316925 3.34628963470459 3.18922328948975 2.9739875793457 2.41505837440491 1.96882307529449 1.52575290203094 1.29544019699097 1.06719505786896 0.761854290962219 0.522014439105988 0.438182860612869 -0.0502186417579651 -0.339038908481598 -0.760851442813873 -0.957864820957184 -1.08625757694244 -1.07188320159912 -1.18584132194519 -1.35039699077606 -1.50575613975525 -1.69441890716553 -1.70084571838379 -1.7230212688446 0.782936811447144 3.29901909828186 9.51568222045898
2.84713625907898 2.89063453674316 2.81630039215088 2.5882248878479 2.58452153205872 2.53409218788147 2.52129411697388 2.84132480621338 3.01150488853455 3.06208968162537 3.08125162124634 3.16115832328796 3.24715089797974 3.3481240272522 3.45067286491394 3.46771192550659 3.4578320980072 3.3729248046875 3.32234930992126 3.16116213798523 3.01463222503662 2.80176830291748 2.23635840415955 1.7650887966156 1.23799765110016 0.993067622184753 0.766014397144318 0.482186019420624 0.265583783388138 -0.0287966821342707 -0.362747400999069 -0.522654235363007 -0.855384767055511 -1.04743373394012 -0.0825086310505867 0.151575207710266 0.419311493635178 0.0128680765628815 2.46589589118958 5.52412462234497 7.81630182266235 9.27964973449707 7.76934289932251 10.9545793533325 13.1419124603271
2.75480890274048 2.74918866157532 2.66979932785034 2.44424343109131 2.48146557807922 2.41754269599915 2.38163495063782 2.67991542816162 2.82891273498535 2.87789869308472 2.90826153755188 3.00065732002258 3.09768271446228 3.19901561737061 3.26673555374146 3.281893491745 3.27165532112122 3.19092726707458 3.14754557609558 2.99160265922546 2.84776425361633 2.63827800750732 2.07365846633911 1.59562540054321 1.06327569484711 0.81950169801712 0.601759374141693 0.325035721063614 0.0146991610527039 -0.305542945861816 -0.660647809505463 -0.856475055217743 -1.02405774593353 1.76395356655121 2.31624794006348 4.71627426147461 7.61530494689941 10.5121459960938 12.7457885742188 16.8569831848145 18.0443706512451 17.8794727325439 15.1619415283203 12.6034860610962 9.95251083374023
2.6310887336731 2.58630728721619 2.51048517227173 2.3002781867981 2.38400387763977 2.31623363494873 2.24751472473145 2.52873277664185 2.68152332305908 2.7375853061676 2.75963473320007 2.84662842750549 2.94024324417114 3.04373121261597 3.08471894264221 3.0889732837677 3.08155632019043 3.00145125389099 2.9745512008667 2.82969188690186 2.68776059150696 2.47517251968384 1.89876973628998 1.44000673294067 0.933848738670349 0.649697542190552 0.452054381370544 0.172977060079575 -0.28689169883728 -0.483699023723602 -0.811310648918152 -1.10747170448303 -0.741607844829559 2.56016206741333 4.78777074813843 8.65703201293945 12.8533964157104 16.5570049285889 18.3069019317627 18.1481952667236 17.8272571563721 16.5378875732422 13.6872072219849 10.2119731903076 7.5383448600769
2.49042391777039 2.4274275302887 2.35894918441772 2.17916893959045 2.27411460876465 2.2162880897522 2.14799189567566 2.39322662353516 2.54471063613892 2.60860180854797 2.62366962432861 2.69671535491943 2.78823447227478 2.85045051574707 2.86946749687195 2.83943772315979 2.83354449272156 2.80332636833191 2.77609896659851 2.65674304962158 2.52124285697937 2.28779411315918 1.73459458351135 1.29229652881622 0.801776230335236 0.507032096385956 0.197048723697662 -0.147403299808502 -0.429932862520218 -0.772845149040222 -1.00291514396667 -1.22733271121979 1.91103363037109 3.77566337585449 8.37685775756836 12.6321315765381 15.8633899688721 16.1470279693604 16.8478851318359 15.8340702056885 15.1947269439697 13.6522760391235 10.8685293197632 8.12659072875977 5.61911106109619
2.28387212753296 2.26756405830383 2.20189690589905 2.0756504535675 2.15772676467896 2.11121678352356 2.04973554611206 2.28412485122681 2.4202983379364 2.47991752624512 2.50220322608948 2.56352114677429 2.63189888000488 2.68874526023865 2.66433715820312 2.62491035461426 2.60466074943542 2.57499957084656 2.57585620880127 2.43515491485596 2.31945037841797 2.11058020591736 1.56743717193604 1.09412050247192 0.638079524040222 0.350978404283524 -0.0258721616119146 -0.459608972072601 -0.792521119117737 -1.14253854751587 -0.761002242565155 3.541743516922 4.91555786132812 9.03202629089355 13.263388633728 13.2850246429443 13.050952911377 13.8624420166016 13.6513566970825 13.0364780426025 12.2639293670654 10.6518115997314 8.26209926605225 6.38387298583984 4.65351676940918
