slauniainen/Data/DEM/Vihti_dsm1500b_cl_horizonAngle_258.asc
NCOLS 196 
NROWS 178 
XLLCORNER 353680 
YLLCORNER 6699024 
CELLSIZE 16 
NODATA_value -3.4e+38 
[rows 20 to 39 of 178, columns 138 to 183 of 196]
15.8203048706055 0.19673790037632 0.0871473029255867 3.36016082763672 24.4781761169434 12.8593521118164 4.78562450408936 3.96228742599487 3.34973382949829 2.9130494594574 2.38227963447571 2.12117719650269 1.92162775993347 1.73691725730896 1.21510303020477 1.15459537506104 0.70079642534256 1.37513375282288 1.31217384338379 1.18753695487976 1.17855978012085 0.895112991333008 1.16693639755249 1.12596380710602 1.08453297615051 1.04921114444733 1.01528084278107 0.334908246994019 0.754250586032867 0.728727281093597 0.705683410167694 0.687926232814789 0.672517657279968 0.546374261379242 0.548255801200867 0.532228827476501 0.725928723812103 0.713853597640991 0.673086047172546 0.634662330150604 0.570180296897888 0.507469356060028 0.997953653335571 0.457216590642929 0.426507592201233 1.32730543613434
13.716362953186 2.13975048065186 1.03851926326752 18.5458679199219 9.72025394439697 5.90544128417969 4.53225898742676 3.70718240737915 3.14020252227783 2.72523045539856 1.63377273082733 0.950440526008606 1.76062190532684 1.65890431404114 1.5751565694809 1.50776875019073 1.44356620311737 1.08758556842804 1.37841129302979 1.29431402683258 1.26965165138245 1.21997439861298 0.404862731695175 0.901705145835876 0.866017580032349 0.837001025676727 0.810532510280609 0.781785607337952 0.638927936553955 0.637732028961182 0.618306517601013 1.02781939506531 1.00412249565125 0.937158048152924 0.869754314422607 0.808798491954803 0.753861427307129 0.654228568077087 0.669184625148773 0.627459406852722 0.557247817516327 0.533755600452423 0.545409679412842 0.491452187299728 0.451461017131805 0.75812041759491
4.76935386657715 1.937007188797 1.69122982025146 17.5237045288086 9.07237911224365 2.92490744590759 2.5228157043457 2.42798590660095 2.25099444389343 2.10955309867859 1.97449707984924 1.85765194892883 1.38136947154999 1.79503738880157 1.69896411895752 1.61969518661499 1.54456055164337 1.46720063686371 0.518679618835449 1.05970776081085 0.949542701244354 1.65176498889923 1.68323445320129 1.29991340637207 1.00992262363434 0.838581740856171 0.736833393573761 1.54829287528992 1.52003729343414 1.35461521148682 1.22247469425201 1.11156845092773 0.971243977546692 0.961679697036743 0.887578785419464 0.827273726463318 0.867245614528656 0.834845542907715 0.768903017044067 0.70951235294342 0.607262670993805 0.589357793331146 0.835797965526581 0.779177486896515 0.739319443702698 0.680951952934265
14.9266109466553 8.57779312133789 3.38531541824341 5.24617290496826 3.98887777328491 3.23648834228516 2.77277493476868 2.36654353141785 2.48128819465637 2.29639506340027 2.1385383605957 2.02090215682983 1.901691198349 0.688894093036652 1.39372456073761 1.32386255264282 1.24147641658783 1.15770161151886 1.08617722988129 0.672065258026123 2.34909844398499 1.58769166469574 4.05325651168823 3.96024107933044 3.43806719779968 2.65272378921509 2.12911939620972 1.79062211513519 1.54562258720398 1.44381701946259 1.29013180732727 1.16367053985596 1.31224644184113 1.27308797836304 1.13182306289673 1.02939879894257 0.926149845123291 0.466987699270248 1.38921928405762 1.17918860912323 0.982612907886505 1.16717255115509 1.58424627780914 1.50537550449371 1.43409872055054 1.32535600662231
2.54815316200256 16.0872669219971 8.20259666442871 3.23341512680054 3.71877336502075 3.31959676742554 2.99234342575073 2.71814489364624 1.00689220428467 1.99414038658142 1.87738823890686 1.64629149436951 1.5536892414093 1.47637367248535 1.21716976165771 1.15958166122437 1.09024739265442 0.981310606002808 0.972536683082581 0.368885010480881 0.359828412532806 1.58493173122406 7.22495651245117 4.39133834838867 3.77506113052368 2.87749457359314 2.34163761138916 3.39439845085144 3.24356007575989 2.55533909797668 2.06265258789062 1.71738409996033 1.4744588136673 3.76251649856567 2.88069820404053 2.32880616188049 1.91944754123688 1.80778789520264 2.45484948158264 2.11462926864624 1.97602999210358 1.85484516620636 1.61277782917023 1.53580677509308 1.32110929489136 1.22701907157898
4.91435670852661 10.5385494232178 5.34276151657104 4.36397933959961 1.59880578517914 2.86084198951721 2.55533313751221 2.3154923915863 2.08453798294067 1.64289081096649 1.54770517349243 1.53116941452026 1.40327680110931 1.32624483108521 1.24862957000732 0.755926549434662 0.742398738861084 0.708996415138245 0.696933686733246 0.693674981594086 0.687880396842957 0.434212654829025 6.95186853408813 4.07486963272095 0.428826481103897 0.413144558668137 8.24011325836182 4.14700889587402 1.33376836776733 1.35615408420563 0.195128425955772 11.4762086868286 5.74549531936646 6.66153335571289 5.06858396530151 5.53655242919922 4.22225332260132 3.35642838478088 2.7269651889801 2.27281546592712 1.94365358352661 1.71697127819061 1.86266851425171 1.73691833019257 3.19824385643005 2.97908926010132
7.5217981338501 6.16710186004639 4.76294803619385 3.87378287315369 3.38723182678223 2.7382447719574 2.41773962974548 2.19996333122253 1.96263980865479 1.75515723228455 0.858070492744446 1.10119140148163 0.838816523551941 0.836053729057312 0.819475173950195 1.05570483207703 0.796431362628937 0.969671308994293 0.761113286018372 0.754280686378479 0.741118788719177 0.734663009643555 0.739086270332336 0.733249127864838 0.590882122516632 0.583132445812225 0.552309215068817 2.30447006225586 6.09722471237183 4.73665809631348 0.348464488983154 4.97793674468994 1.61940944194794 10.5751638412476 8.66387176513672 5.1849422454834 4.47418689727783 3.34131717681885 2.66542148590088 2.37632751464844 4.81040525436401 4.17548084259033 3.91004824638367 3.58439517021179 3.32830309867859 3.09558653831482
9.68194198608398 6.37684869766235 4.93548727035522 3.92229247093201 3.35533618927002 2.86690878868103 1.1231974363327 1.18066823482513 1.15038442611694 1.03930604457855 0.969446778297424 0.938343107700348 0.878520309925079 0.87485283613205 1.11966693401337 0.847669959068298 0.82752138376236 0.826586008071899 0.880355775356293 0.842180609703064 0.822119414806366 0.801541566848755 0.801570296287537 0.795858085155487 0.790300190448761 0.298568069934845 9.47617244720459 8.09913158416748 3.40023183822632 0.958719193935394 0.647687017917633 0.451121687889099 0.534224271774292 2.79753756523132 13.8727426528931 12.2576732635498 9.41643905639648 7.56598615646362 6.29770278930664 5.51064682006836 4.75100231170654 4.24525690078735 3.94126629829407 1.03906714916229 0.991568326950073 1.24632740020752
9.81681346893311 2.07899522781372 1.8015753030777 1.77548694610596 1.72523069381714 1.55742979049683 1.3994402885437 1.269655585289 1.15046501159668 1.07295799255371 1.03301501274109 0.946367502212524 0.956022143363953 0.951180696487427 0.9393270611763 0.918354213237762 0.916559875011444 0.904721975326538 0.886980473995209 0.880110681056976 0.88355827331543 0.894615471363068 0.882913649082184 0.876225113868713 0.852360188961029 0.706622540950775 0.426288694143295 11.6553869247437 6.63552188873291 0.781230688095093 0.185822695493698 13.1602907180786 -0.275204509496689 34.3036880493164 18.6694011688232 10.352575302124 8.39374256134033 7.06423425674438 6.07292699813843 1.31489729881287 1.6731413602829 1.55422794818878 1.52328753471375 1.43205809593201 1.35437822341919 1.12307167053223
3.33640050888062 2.63609766960144 2.28401756286621 1.94771528244019 1.72058320045471 1.5869767665863 1.42701971530914 1.33387923240662 1.19901204109192 1.08744418621063 1.07688164710999 1.04396343231201 1.023646235466 1.01527965068817 1.00701224803925 1.00562274456024 1.00145363807678 0.988384246826172 0.966388463973999 0.964333951473236 0.943642973899841 0.923318684101105 0.908397257328033 0.908564329147339 1.18942952156067 0.837516844272614 0.458404779434204 13.3107805252075 4.58146381378174 5.66250705718994 1.13260793685913 -0.217195406556129 35.5162124633789 21.1821575164795 2.30961871147156 1.90708494186401 2.53420996665955 2.23351430892944 2.10120224952698 1.87892150878906 1.61387670040131 1.23086857795715 1.28022956848145 1.25040888786316 1.17615532875061 2.27666640281677
4.02244758605957 3.14826560020447 2.48828673362732 2.01978087425232 1.74921989440918 1.51805639266968 1.39853549003601 1.31592583656311 1.22153854370117 1.19594395160675 1.1869603395462 1.14445161819458 1.1324383020401 1.11710250377655 1.10751938819885 1.09994006156921 1.07618069648743 1.0590478181839 1.04604887962341 1.0424473285675 1.03507089614868 1.00777149200439 0.97917240858078 0.963155150413513 0.953457653522491 1.54746747016907 0.915579736232758 2.66313481330872 5.0980749130249 2.78413438796997 1.71564972400665 5.32588815689087 5.56797409057617 4.08297300338745 3.41719841957092 2.96448302268982 2.53194904327393 1.66580259799957 1.89931559562683 1.76198279857635 3.18148398399353 2.93866753578186 2.70062112808228 2.56168222427368 2.44312524795532 1.7881486415863
3.7914674282074 3.42104339599609 2.63247084617615 2.11244940757751 1.79437661170959 1.53751385211945 1.38659489154816 1.3642783164978 1.31270849704742 1.30132162570953 1.29673075675964 1.27022290229797 1.23309290409088 1.19303596019745 1.19063532352448 1.18656468391418 1.17833077907562 1.14498353004456 1.11806726455688 1.11698818206787 1.10343790054321 1.07524573802948 1.04980993270874 1.01658236980438 0.589598655700684 12.8422527313232 10.1428461074829 5.59881544113159 0.478058755397797 3.78673458099365 13.3282928466797 8.9704418182373 2.76536345481873 5.00500965118408 3.98175668716431 3.25194549560547 4.75907516479492 4.23002624511719 3.8401997089386 3.53316307067871 2.59710693359375 3.22611594200134 2.965008020401 2.76538848876953 2.61302185058594 2.46958804130554
3.4603590965271 3.20454835891724 2.95642161369324 2.28335475921631 1.85338580608368 1.65979719161987 1.50302445888519 1.4702388048172 1.4168404340744 1.38587534427643 1.38439583778381 1.37682223320007 1.34150838851929 1.30121266841888 1.26323747634888 1.25661873817444 1.24887359142303 1.21834778785706 1.18169713020325 1.16986179351807 1.15578377246857 1.12886440753937 1.09531581401825 1.05699479579926 0.624770283699036 0.617117047309875 7.15974760055542 13.4629163742065 5.33814811706543 3.34020113945007 0.84484076499939 15.876916885376 9.26247406005859 7.69052839279175 6.54142713546753 5.62837600708008 4.13316249847412 4.8616886138916 4.32511281967163 3.9446964263916 3.60698413848877 2.83486413955688 1.68461501598358 1.55381762981415 1.47622263431549 1.22062849998474
3.28281688690186 3.55824995040894 3.07470178604126 2.53490233421326 2.06449699401855 1.8853805065155 1.69638252258301 1.59053146839142 1.54921448230743 1.48872148990631 1.45922791957855 1.45226776599884 1.42014181613922 1.37395823001862 1.33316075801849 1.31147015094757 1.3027069568634 1.26658511161804 1.22464644908905 1.1989027261734 1.20280945301056 1.20013952255249 1.18651676177979 1.06343853473663 0.679133951663971 0.671970188617706 7.30688190460205 4.43423223495483 0.270748198032379 10.5687246322632 8.48039817810059 20.7161540985107 12.0717840194702 9.66621208190918 7.80136442184448 6.5969762802124 5.71725797653198 4.47358560562134 2.40188670158386 2.19355058670044 1.96811830997467 1.74773764610291 1.59817445278168 1.42160773277283 1.21407961845398 1.14303195476532
3.33353233337402 3.3937714099884 3.19088864326477 2.65096497535706 2.27361822128296 2.07658243179321 1.91565895080566 1.8104202747345 1.65741729736328 1.61130487918854 1.5282666683197 1.51676118373871 1.47274589538574 1.42720699310303 1.4114305973053 1.40737497806549 1.36971688270569 1.38983023166656 1.34096491336823 1.31969690322876 1.31657588481903 1.30620121955872 1.26542723178864 1.25691211223602 2.49345874786377 7.41171169281006 2.28369116783142 7.73886871337891 7.44381427764893 1.63085412979126 8.54686641693115 14.3658227920532 15.4673080444336 8.08228492736816 4.51801156997681 4.9645938873291 3.852543592453 3.12179970741272 2.60196423530579 2.30437111854553 1.7636421918869 1.88151776790619 1.83843398094177 1.79443979263306 1.74653351306915 1.71144473552704
3.11157202720642 3.46298599243164 3.28562951087952 2.95091223716736 2.42825150489807 2.28550481796265 2.15482950210571 2.01475381851196 1.83737623691559 1.78677272796631 1.7811952829361 1.69227373600006 1.62781751155853 1.65689265727997 1.58677446842194 1.58590805530548 1.5758330821991 1.51686930656433 1.48637020587921 3.45180606842041 3.34074115753174 3.21791076660156 3.10270047187805 3.00664949417114 3.13428616523743 2.87572598457336 2.78589153289795 3.1043906211853 2.99343919754028 22.6497707366943 11.7288227081299 2.1480872631073 2.25572514533997 11.8579912185669 7.58175086975098 3.36081337928772 3.92958760261536 3.01013946533203 2.44951796531677 2.08951997756958 1.93810749053955 1.43218696117401 1.3961980342865 1.36775314807892 1.33241653442383 1.30232381820679
3.01588201522827 3.44285345077515 3.51916527748108 3.07230687141418 2.82170438766479 2.79061603546143 2.40626120567322 2.21556973457336 2.13467788696289 2.02849698066711 1.94241893291473 1.88975667953491 1.86655592918396 1.81502664089203 1.82236862182617 4.11324644088745 3.94023203849792 3.75486946105957 3.56828546524048 3.72627854347229 3.61621904373169 3.48019194602966 4.31168127059937 4.18110322952271 4.05426359176636 3.93563437461853 3.8217716217041 2.64969062805176 2.78225755691528 2.46720719337463 2.34068083763123 4.91580486297607 6.18274450302124 1.97949731349945 12.012414932251 5.99551153182983 2.1301908493042 2.06491708755493 2.01862859725952 1.89132487773895 1.45648014545441 1.24652647972107 1.23292684555054 1.22858011722565 1.22228145599365 1.2762713432312
2.92148303985596 3.29162263870239 3.40885758399963 3.26913857460022 3.16835713386536 2.92540526390076 2.68254518508911 2.52607035636902 2.44941115379333 2.35973715782166 5.31338119506836 5.03230428695679 4.7789134979248 4.55197954177856 4.34069681167603 4.45350074768066 4.26400709152222 5.13496160507202 4.94669103622437 4.76853132247925 4.62074184417725 4.47607612609863 3.27737665176392 3.39511895179749 3.29052567481995 3.19604301452637 3.09636402130127 3.01349997520447 2.7455940246582 2.64390325546265 2.5579206943512 2.47953677177429 2.31119894981384 2.25725913047791 2.21961426734924 2.16744661331177 2.11685466766357 1.98276054859161 1.90830886363983 1.62999904155731 1.44670367240906 1.40931522846222 2.81455206871033 3.19486713409424 3.62062788009644 3.44202399253845
2.71455407142639 3.06215858459473 3.12887692451477 3.27579522132874 3.4095892906189 7.21818828582764 6.78867816925049 6.40631198883057 6.03751850128174 5.66490745544434 5.75505256652832 5.45450115203857 5.17792844772339 6.10110092163086 5.84410619735718 5.60852241516113 5.38304853439331 3.96714305877686 4.04475831985474 3.90143775939941 3.76613521575928 3.64350652694702 3.52906179428101 3.38206958770752 3.23591899871826 3.10771203041077 2.98149991035461 2.66519165039062 2.58846664428711 2.50850605964661 2.44517350196838 2.38343977928162 2.22913146018982 2.14787769317627 2.10471391677856 2.0552089214325 2.0133593082428 3.96692252159119 4.48464393615723 5.03728723526001 4.66483592987061 4.34396362304688 4.06007766723633 3.82184815406799 3.58429050445557 3.56878924369812
3.26653361320496 9.20483875274658 8.51306533813477 7.97085809707642 7.58071136474609 7.68095779418945 7.27792882919312 6.90229749679565 7.82062005996704 7.40512132644653 7.05376863479614 6.72493743896484 6.43142032623291 4.78666877746582 4.79108333587646 4.59168481826782 4.40845203399658 4.23828315734863 4.36701679229736 4.14097166061401 3.93214297294617 3.74172711372375 3.56904292106628 3.03392958641052 2.90826988220215 2.82052779197693 2.7435610294342 2.66573524475098 2.49563527107239 2.37742185592651 2.3164758682251 2.25767421722412 3.18938088417053 6.00867748260498 6.78068971633911 7.59789514541626 6.79172992706299 6.12915229797363 5.57581567764282 5.0210223197937 4.94376373291016 4.99831962585449 4.77302503585815 4.42891454696655 4.16310358047485 3.93210983276367
