slauniainen/Data/DEM/Vihti_dem1500b_cl_horizonAngle_156.asc
NCOLS 196 
NROWS 178 
XLLCORNER 353680 
YLLCORNER 6699024 
CELLSIZE 16 
NODATA_value -3.4e+38 
[rows 120 to 139 of 178, columns 45 to 89 of 196]
3.96195530891418 3.95205545425415 3.95348691940308 3.98434090614319 4.00666570663452 4.02494239807129 4.08405733108521 4.02772045135498 3.97193837165833 3.93092942237854 3.90686345100403 3.97234296798706 4.0515718460083 4.08940267562866 4.18409824371338 4.27155685424805 4.14473390579224 5.50509166717529 5.3516001701355 9.11538696289062 4.01286888122559 3.45067048072815 3.31692981719971 3.27374839782715 3.22655630111694 2.85386300086975 2.37138938903809 2.09775495529175 1.63303101062775 0.9668949842453 0.783544898033142 1.09337091445923 1.33923506736755 2.89288926124573 5.16149091720581 8.51944732666016 11.6024761199951 12.3561954498291 7.32701587677002 6.59598922729492 10.3725118637085 14.2089080810547 14.4015607833862 13.5541276931763 9.16843605041504
4.05220317840576 4.02823209762573 4.0319242477417 4.03866958618164 4.07155132293701 4.09177780151367 4.14161968231201 4.08732080459595 4.07254362106323 4.00834655761719 4.00338983535767 3.98850011825562 4.06049156188965 4.1402473449707 4.27436828613281 4.3754563331604 4.24724578857422 4.02246141433716 3.82870745658875 3.70783019065857 3.75504899024963 3.61697387695312 3.46823525428772 3.38354563713074 3.31022906303406 3.17483496665955 2.66594767570496 2.32315993309021 2.03177452087402 1.43715012073517 1.00342726707458 1.17636120319366 1.44727635383606 1.65437698364258 5.95256185531616 8.44070148468018 11.2101917266846 10.5496082305908 5.95148611068726 5.20699644088745 6.93270587921143 9.29239559173584 13.7163343429565 13.017333984375 10.3170146942139
4.13121795654297 4.10558891296387 4.09920072555542 4.10646295547485 4.14123725891113 4.1623740196228 4.21108818054199 4.17426300048828 4.15163850784302 4.1251654624939 4.08948469161987 4.06330299377441 4.12901258468628 4.22565126419067 4.33699178695679 4.45834493637085 4.34304285049438 4.17493438720703 3.90526413917542 3.77334690093994 3.76865816116333 3.75508332252502 3.67596435546875 3.55333542823792 3.44790387153625 3.36850547790527 2.97679495811462 2.54783987998962 2.45768022537231 2.02727293968201 1.30685865879059 1.12270903587341 1.44178676605225 1.7234058380127 5.54839086532593 9.09267234802246 10.7343254089355 10.0241451263428 6.43238878250122 4.72355842590332 4.30115270614624 4.92928028106689 6.87648439407349 7.09157657623291 6.6577205657959
4.24391746520996 4.19452142715454 4.16670751571655 4.16330623626709 4.19942140579224 4.2196216583252 4.24609470367432 4.29600715637207 4.22560024261475 4.23073816299438 4.1713080406189 4.17865371704102 4.16142988204956 4.22070789337158 4.31323480606079 4.43724870681763 4.46364784240723 4.35565948486328 4.17200803756714 4.03813743591309 3.96787285804749 3.96084880828857 3.88470935821533 3.73280668258667 3.60746908187866 3.48148560523987 3.35004067420959 2.90845894813538 2.66379499435425 2.35072898864746 1.68818891048431 1.17935156822205 1.40456640720367 1.81864821910858 3.96856236457825 9.85361003875732 9.29791164398193 6.27145338058472 5.60802173614502 5.66495037078857 4.68026304244995 4.26115846633911 3.36962223052979 4.85447788238525 9.33467102050781
4.31509780883789 4.28623104095459 4.24794626235962 4.23647546768188 4.23334503173828 4.26563024520874 4.2988543510437 4.3559513092041 4.33386611938477 4.295325756073 4.29138851165771 4.26575136184692 4.23641443252563 4.29470491409302 4.39031505584717 4.46560430526733 4.57529830932617 4.52955627441406 4.39056396484375 4.25759029388428 4.16298770904541 4.10682010650635 4.06633806228638 3.96126008033752 3.81738710403442 3.70535159111023 3.63422036170959 3.26644659042358 2.83954644203186 2.72187089920044 2.24738121032715 1.42407119274139 1.30229771137238 1.746994972229 3.58944916725159 7.76834297180176 5.72065019607544 2.81507635116577 1.43610823154449 1.45974230766296 2.64904379844666 4.03430557250977 4.48950672149658 7.25848388671875 10.182183265686
4.42970132827759 4.40747833251953 4.34143304824829 4.30791091918945 4.29856872558594 4.45128774642944 4.47424936294556 4.36635732650757 4.47516965866089 4.33357524871826 4.39608430862427 4.34262990951538 4.36115455627441 4.35921287536621 4.39326620101929 4.47835111618042 4.56132745742798 4.63512992858887 4.58808851242065 4.45820379257202 4.35375452041626 4.25818204879761 4.2468466758728 4.17593765258789 3.99996209144592 3.88377404212952 3.78859663009644 3.62602353096008 3.28438353538513 2.87753582000732 2.55410146713257 1.85104095935822 1.45434260368347 1.72930479049683 2.74890518188477 3.80029916763306 1.78746056556702 1.73202252388 1.55152213573456 1.32775115966797 1.82042169570923 2.13525724411011 2.30139064788818 2.50098252296448 2.93657445907593
4.52868318557739 4.50082111358643 4.4354190826416 4.39216995239258 4.33445453643799 4.3799524307251 4.65954160690308 5.11188983917236 4.51719236373901 4.70019292831421 4.42618417739868 4.48388862609863 4.45026350021362 4.43862915039062 4.47291040420532 4.57933759689331 4.61636972427368 4.74987030029297 4.74942207336426 4.66409540176392 4.55992698669434 4.4275074005127 4.36959886550903 4.32770252227783 4.18385696411133 4.03989410400391 3.93277382850647 3.8958592414856 3.82418608665466 3.88077616691589 3.08390212059021 2.84421348571777 2.04356908798218 2.19333744049072 2.55150938034058 1.8130738735199 1.55258429050446 1.67788565158844 1.72255098819733 1.57219076156616 1.57264685630798 2.14870572090149 2.33860421180725 2.46218466758728 2.95629453659058
4.67240810394287 4.6270866394043 4.56749868392944 4.50289011001587 4.35250759124756 4.33245086669922 4.78416299819946 4.52184152603149 5.65063810348511 4.89563703536987 4.44803380966187 4.53709268569946 4.71589851379395 4.77995681762695 4.55788946151733 4.58571434020996 4.69444513320923 4.75026988983154 4.85525751113892 4.83973598480225 4.69946908950806 4.61237382888794 4.53943300247192 4.62430238723755 4.32812547683716 4.20692205429077 4.08835315704346 4.30107498168945 4.46538209915161 4.54251527786255 4.25979375839233 3.84923911094666 3.99629831314087 2.65301060676575 2.92099261283875 1.87116932868958 1.59246599674225 1.96439695358276 2.03609800338745 1.97141218185425 1.74856126308441 2.1105899810791 2.49189186096191 2.80329036712646 3.51151895523071
4.79413032531738 4.73449611663818 4.67816114425659 4.59771680831909 4.7845516204834 4.76458549499512 4.7529125213623 4.4780478477478 5.23340034484863 5.06925249099731 5.43503141403198 4.771888256073 5.40459728240967 5.68102025985718 4.60572862625122 4.70357227325439 4.81518650054932 4.87810945510864 4.94629859924316 4.96648788452148 4.90717697143555 4.78568124771118 4.69325304031372 4.79132556915283 4.53019094467163 4.39925765991211 4.22668600082397 4.16887950897217 4.86301755905151 5.25168609619141 4.97971534729004 3.48718476295471 3.90345430374146 3.40063190460205 1.69625926017761 1.91485512256622 1.88466453552246 2.00868368148804 2.25692367553711 2.32194089889526 2.08503484725952 1.89870631694794 2.69437336921692 3.05168724060059 3.83794713020325
4.97618818283081 4.89902305603027 4.84110879898071 4.74672937393188 4.60925674438477 4.40209817886353 4.33408689498901 4.31212568283081 4.32224655151367 5.09530210494995 5.97885274887085 5.67060279846191 4.88021850585938 4.48162126541138 4.63323736190796 4.78852224349976 4.91820049285889 4.99835729598999 5.03494167327881 5.09835433959961 5.11490964889526 4.97790145874023 4.8875560760498 4.91053867340088 5.0380654335022 4.53168249130249 4.29810047149658 4.40829944610596 4.91097402572632 5.41783857345581 5.75899028778076 5.2198805809021 4.60456466674805 1.75201725959778 1.67119097709656 1.93094074726105 2.14686274528503 2.10167765617371 2.61588978767395 2.66856813430786 2.54165291786194 2.2473886013031 3.07220149040222 3.55050110816956 4.31874465942383
5.10443735122681 5.0323224067688 4.97567510604858 4.88056802749634 4.65661478042603 4.48800325393677 4.3531231880188 4.29858541488647 4.33768033981323 4.38155126571655 6.73222208023071 7.08390760421753 5.127685546875 4.47538566589355 4.73487043380737 4.83423233032227 4.95881986618042 5.08216762542725 5.16123151779175 5.24056196212769 5.2806601524353 5.13561487197876 5.02683162689209 5.06005764007568 5.16593074798584 4.70771265029907 4.43754053115845 4.37393665313721 5.3917179107666 5.12044763565063 6.44438600540161 5.70327043533325 2.65964889526367 2.01864314079285 1.89767563343048 2.05728507041931 2.44732666015625 2.4578959941864 2.58469343185425 3.01507067680359 3.21114587783813 3.10402297973633 3.46784090995789 4.25051975250244 4.95174264907837
5.24013519287109 5.16806745529175 5.09660243988037 5.01457786560059 4.78180122375488 4.58722448348999 5.4069037437439 4.34716892242432 4.3582649230957 4.38821697235107 4.85238742828369 6.91006469726562 6.75178384780884 5.49114084243774 5.30584001541138 4.80881595611572 5.00615978240967 5.1393256187439 5.2922420501709 5.35922861099243 5.4222936630249 5.4268798828125 5.21486854553223 5.13021993637085 5.26212739944458 5.35714435577393 4.67553949356079 4.40589618682861 5.54646635055542 5.40399169921875 4.20662450790405 4.86641263961792 2.96113061904907 2.69471120834351 1.93287980556488 2.52100443840027 2.55379128456116 2.87671160697937 2.95850276947021 3.74924111366272 3.9611508846283 4.00220537185669 4.20035886764526 4.87521028518677 5.61165809631348
5.44146347045898 5.38300466537476 5.27771139144897 5.1566801071167 5.05439233779907 5.56627988815308 4.55198669433594 4.34383773803711 4.38504934310913 4.42055749893188 4.44985294342041 6.24902820587158 9.60373973846436 8.26254749298096 5.97539377212524 4.86580944061279 5.04863405227661 5.21902465820312 5.31915187835693 5.49224805831909 5.57605266571045 5.60780715942383 5.37237071990967 5.26598024368286 5.46709871292114 5.5623254776001 4.87747812271118 4.48992490768433 4.28229761123657 4.17378425598145 5.01466703414917 3.07465100288391 3.02147555351257 3.00124955177307 2.45133948326111 2.87633657455444 3.28433012962341 3.37483263015747 3.44973158836365 3.81604528427124 4.48761940002441 4.84462356567383 5.01587343215942 5.32844734191895 6.26372194290161
5.60869169235229 5.54135036468506 5.43982219696045 5.32464790344238 5.17341375350952 4.92492818832397 4.63075351715088 4.44291877746582 4.45565891265869 4.49065685272217 4.49024438858032 4.43134737014771 4.30462408065796 4.7318229675293 4.72358798980713 4.94395351409912 5.12606763839722 5.34256839752197 5.43763303756714 5.61793661117554 5.65870237350464 5.7864727973938 5.81035566329956 5.49195146560669 5.65809345245361 5.76840448379517 5.04311227798462 4.73131370544434 4.5116400718689 4.12676048278809 3.9149055480957 3.41718888282776 3.24483609199524 3.51559472084045 3.30482792854309 3.69868612289429 4.15184926986694 4.03649759292603 3.92147707939148 4.12294816970825 5.11025381088257 5.40895223617554 5.61028385162354 6.34269285202026 7.92969083786011
5.80694341659546 5.75185871124268 5.68376588821411 5.54768562316895 5.42047357559204 5.22086906433105 4.82395362854004 4.56091928482056 4.56696939468384 4.62155294418335 4.53091526031494 4.47954416275024 4.41402244567871 4.46604347229004 4.77968835830688 5.00609016418457 5.3550124168396 5.52208518981934 5.59306478500366 5.66934871673584 5.80808782577515 5.96679782867432 6.03043031692505 5.70691776275635 5.77057075500488 5.9499397277832 5.92176628112793 4.96310567855835 4.67826080322266 4.29605865478516 3.9925799369812 3.90025854110718 3.59420323371887 3.82059359550476 3.7370240688324 4.51090097427368 4.91748189926147 4.91311979293823 4.94320583343506 5.06338596343994 5.89791250228882 6.79064893722534 7.31124877929688 8.42452430725098 9.94241237640381
5.99241399765015 5.94097232818604 5.86990833282471 5.7430248260498 5.60397243499756 5.44218492507935 5.08536386489868 4.73760557174683 4.70491695404053 4.75882482528687 4.64365148544312 4.60244941711426 4.58358955383301 4.60446119308472 4.89777994155884 5.26944971084595 5.5068039894104 5.68742609024048 5.96841096878052 5.86933946609497 5.91663122177124 6.11165046691895 6.31286096572876 6.35683584213257 5.9754433631897 6.25146055221558 6.29676961898804 5.5005202293396 4.98677968978882 4.62836837768555 4.30205154418945 4.37860441207886 4.17709589004517 4.20848846435547 4.19785165786743 5.93324279785156 6.70239496231079 7.21742725372314 7.43301963806152 7.44908428192139 7.32528066635132 8.58251571655273 9.93058109283447 10.7048540115356 11.3344821929932
6.10048866271973 6.18617105484009 6.11874437332153 6.01818943023682 5.86763715744019 5.73181533813477 5.49964046478271 5.04082489013672 4.8191499710083 4.89538431167603 4.84550952911377 4.8045129776001 4.75388431549072 4.81424474716187 5.04331827163696 5.46652507781982 5.70476818084717 5.92180633544922 6.25307369232178 6.12863540649414 6.1351957321167 6.34421968460083 6.57462406158447 6.63045740127563 6.27333784103394 6.41892242431641 6.60181427001953 6.43759059906006 5.1283130645752 4.85327434539795 4.78524446487427 4.90245151519775 4.83278179168701 4.82091522216797 5.17991971969604 7.43122434616089 10.2904939651489 12.022819519043 11.4221687316895 11.5898675918579 10.5395097732544 9.67464828491211 12.7342195510864 11.4665689468384 11.0007839202881
6.29689168930054 6.3984375 6.36179685592651 6.28960275650024 6.10855340957642 5.92390871047974 5.72023916244507 5.25831270217896 5.01800537109375 5.12016725540161 5.09106063842773 5.11703014373779 5.13767099380493 5.10462093353271 5.33573532104492 5.68377113342285 5.8988471031189 6.27109956741333 6.40294981002808 6.69512462615967 6.59528064727783 6.58959579467773 6.80507183074951 6.90539455413818 6.75652551651001 6.69847393035889 7.01803398132324 6.79599285125732 5.92036771774292 5.28548622131348 5.59572839736938 5.79469633102417 5.57890462875366 5.34902715682983 5.54933071136475 8.98674583435059 17.0183334350586 16.5328922271729 12.1698160171509 10.4300413131714 10.2799797058105 17.2620468139648 19.3848609924316 15.8651475906372 11.0556764602661
6.44082403182983 6.5365571975708 6.64541578292847 6.5687313079834 6.41039085388184 6.2080135345459 5.94328546524048 5.62358808517456 5.34250736236572 5.40667343139648 5.4339017868042 5.46332120895386 5.53952217102051 5.62116050720215 5.74365234375 5.94151401519775 6.32536506652832 6.55173969268799 6.80364274978638 7.11787796020508 7.03745603561401 7.15129232406616 7.06119966506958 7.26619291305542 7.32524394989014 7.05530786514282 7.2380690574646 7.32868766784668 7.17852544784546 6.13320255279541 6.28105020523071 6.41881561279297 6.19698762893677 6.00732707977295 6.38526010513306 11.9000558853149 20.1229667663574 20.4867916107178 16.5224208831787 14.594277381897 13.3859071731567 14.0486497879028 9.80716133117676 12.3498163223267 11.2488050460815
6.64347410202026 6.77194118499756 6.89296007156372 6.87881278991699 6.72307586669922 6.43469381332397 6.14308595657349 5.92224407196045 5.63981437683105 5.68570518493652 5.78287363052368 5.86253213882446 5.96356010437012 6.14323568344116 6.18909740447998 6.27844190597534 6.63420820236206 6.83355712890625 7.17751312255859 7.40151405334473 7.78116893768311 7.69510316848755 7.59692001342773 7.59757280349731 7.63364028930664 7.65453147888184 7.61409473419189 8.22236251831055 8.47341060638428 8.26956844329834 7.43607997894287 7.51849317550659 7.51532316207886 8.28920841217041 7.35196685791016 8.86466693878174 6.03163480758667 5.79510736465454 8.74723625183105 13.255054473877 12.5668058395386 9.64234066009521 9.20351409912109 6.96237897872925 7.22276496887207
