slauniainen/Data/DEM/Vihti_dsm1500b_cl_horizonAngle_132.asc
NCOLS 196 
NROWS 178 
XLLCORNER 353680 
YLLCORNER 6699024 
CELLSIZE 16 
NODATA_value -3.4e+38 
[rows 100 to 119 of 178, columns 138 to 183 of 196]
5.81962585449219 5.80342626571655 6.08141374588013 6.8188533782959 6.7522144317627 7.23753547668457 7.88459444046021 7.73337411880493 7.69624376296997 7.64238834381104 8.38465881347656 7.8985447883606 7.65209341049194 9.04586410522461 9.359206199646 9.62769412994385 10.2696905136108 10.1526412963867 10.0936145782471 10.2851696014404 10.8999862670898 12.3608989715576 12.1135396957397 11.795841217041 10.992504119873 13.1006059646606 11.7415866851807 10.9979724884033 12.4655427932739 12.0782279968262 12.1618366241455 13.5120143890381 9.95864295959473 12.3988065719604 15.435510635376 11.5435609817505 12.0026779174805 10.0281744003296 10.3068914413452 11.2164335250854 5.28493118286133 7.18561172485352 14.7800464630127 38.8310508728027 8.99926280975342 5.88509321212769
5.94023895263672 6.23675870895386 6.14937210083008 6.40120458602905 7.15482139587402 7.10510873794556 7.61002779006958 8.3460054397583 8.19778633117676 8.17781066894531 8.14939117431641 8.94319248199463 9.25416564941406 8.05401515960693 8.89334774017334 10.048939704895 10.4561681747437 11.1350831985474 11.0198698043823 10.9543523788452 11.1574354171753 11.8196115493774 13.3789405822754 13.1212663650513 12.8797016143799 12.5069675445557 14.3452425003052 13.040301322937 12.4014234542847 15.5406103134155 17.484977722168 17.1430225372314 17.4957714080811 11.9679479598999 14.3949661254883 26.1329288482666 12.4263925552368 12.7846851348877 13.0462713241577 15.4039611816406 11.4166059494019 16.6224250793457 22.7231121063232 0.601537704467773 0.354503601789474 13.2134428024292
6.41949796676636 6.40294504165649 6.61031866073608 6.45685768127441 6.73486423492432 7.52972030639648 7.48913478851318 8.01272773742676 8.87092399597168 8.70462512969971 8.72191905975342 9.02700614929199 9.06993293762207 9.93796348571777 9.25392913818359 9.4178524017334 10.8393154144287 11.4223947525024 12.1476373672485 12.1262922286987 11.9551200866699 12.1817579269409 14.6010751724243 16.7335720062256 14.2704029083252 15.4085140228271 16.2238464355469 15.6847829818726 14.4107217788696 13.8760433197021 22.1611709594727 31.3861351013184 23.1697597503662 14.3994169235229 16.5095710754395 15.2963981628418 12.5372171401978 14.8174829483032 16.1380214691162 20.1056289672852 19.2804756164551 16.940315246582 13.4728174209595 0.407097667455673 1.47327995300293 3.68170166015625
6.33160924911499 6.90172338485718 6.82647800445557 6.95495414733887 6.77968120574951 7.10406970977783 7.93438148498535 7.9072904586792 8.45584678649902 9.44803047180176 9.78920936584473 9.60600280761719 9.66557884216309 9.75778293609619 10.6942281723022 9.91032314300537 10.2650918960571 11.7149982452393 12.5238466262817 13.3344488143921 13.435209274292 13.0935153961182 13.3170928955078 21.0563869476318 27.0862197875977 17.1613674163818 22.1657085418701 23.338550567627 17.3741912841797 16.1789608001709 15.9049644470215 39.4334411621094 14.1039667129517 12.5058946609497 14.9092426300049 13.6760025024414 18.2345657348633 18.459659576416 18.8945503234863 27.5509967803955 41.7654838562012 32.0728378295898 24.4039859771729 12.4271450042725 8.56893634796143 14.2806730270386
7.47534418106079 6.79830121994019 7.32111930847168 7.2368049621582 7.31157064437866 7.12898683547974 7.5091757774353 8.37175464630127 8.3712100982666 8.95219612121582 8.67498970031738 10.4622354507446 10.2672252655029 10.3962631225586 10.5566082000732 11.5625982284546 10.6410160064697 11.2505321502686 12.7361164093018 13.845721244812 14.6769895553589 14.9459857940674 14.7065334320068 17.6788101196289 36.8847885131836 20.667387008667 30.5303173065186 38.3518333435059 40.1963958740234 19.4227390289307 18.4484577178955 19.2683429718018 13.1255483627319 12.0680322647095 14.3952865600586 18.1017017364502 20.7394027709961 29.2087821960449 26.4644107818604 27.7224235534668 23.0876770019531 22.3100490570068 19.7050304412842 16.9017505645752 0.328679800033569 2.26131701469421
4.89770936965942 7.96616506576538 7.22094774246216 7.74794387817383 7.67812442779541 7.70996904373169 7.49973058700562 7.94062089920044 8.85122394561768 8.86973476409912 9.4634370803833 9.65466213226318 11.237548828125 11.0354127883911 11.235405921936 11.4813871383667 12.5697765350342 11.4867372512817 12.4136562347412 13.8562498092651 15.3061475753784 16.506462097168 16.7500686645508 17.644603729248 30.9787979125977 12.1606483459473 13.6852560043335 15.2103071212769 13.49986743927 12.1230888366699 21.945650100708 27.4118328094482 20.9416828155518 21.9275131225586 22.0034637451172 23.9674377441406 17.6088199615479 21.3051013946533 19.5981101989746 23.7772960662842 20.1220722198486 21.3612155914307 20.4943962097168 7.30834007263184 -1.10934615135193 3.78489542007446
6.05611753463745 6.42644739151001 8.43178081512451 7.66632509231567 8.21574020385742 8.14749813079834 8.12178421020508 7.90610408782959 8.41813564300537 9.36471748352051 9.40077304840088 10.0290927886963 10.3643999099731 12.1328153610229 11.8992290496826 12.2005043029785 12.5560998916626 13.6965827941895 12.3467979431152 13.6488656997681 15.0675182342529 17.0222778320312 19.5205268859863 20.3812580108643 22.1136894226074 13.7538166046143 12.9390087127686 16.1850776672363 23.9830627441406 16.1691474914551 19.8105392456055 22.511287689209 22.914722442627 27.8535041809082 26.8254127502441 20.7481498718262 19.088586807251 20.4319076538086 21.9539089202881 19.1022262573242 26.3642444610596 20.8923473358154 15.3136205673218 -3.25449085235596 -2.80582356452942 -0.441706657409668
14.6006832122803 12.7689714431763 11.4750032424927 8.92841148376465 8.21026802062988 8.70416259765625 8.68203830718994 8.95906829833984 8.51280689239502 8.92863368988037 9.92161846160889 10.2164163589478 10.3023672103882 10.9994478225708 13.0885181427002 12.8328018188477 13.2239379882812 13.6697416305542 14.8829040527344 13.3386869430542 15.0675735473633 16.8123111724854 19.1200313568115 24.1021690368652 24.042781829834 30.0416202545166 32.4683380126953 27.8657684326172 24.7662220001221 17.976713180542 18.6818695068359 22.6049518585205 25.1497440338135 26.1835823059082 23.1909122467041 21.9681224822998 22.5184383392334 25.9231109619141 23.1493301391602 24.6932754516602 15.2996301651001 20.4964141845703 23.5734615325928 18.0856266021729 -3.10447072982788 -2.62194800376892
6.65143442153931 6.43972826004028 6.28147029876709 6.76731252670288 9.47863674163818 8.80007648468018 9.23046875 9.54490375518799 9.54685115814209 9.21854209899902 8.82015514373779 9.72348690032959 10.7825746536255 10.9108619689941 11.6629695892334 14.1110830307007 13.8107538223267 14.3037986755371 14.8909330368042 16.1984748840332 14.6317262649536 16.8472385406494 23.7879428863525 21.1452674865723 32.1069564819336 27.9264335632324 38.1828536987305 15.7526874542236 14.2027168273926 17.0259494781494 22.8858489990234 23.2869930267334 29.677698135376 27.7664909362793 26.7301597595215 23.6876258850098 23.9028377532959 23.2632713317871 10.8590784072876 22.9451751708984 24.2076930999756 5.39965915679932 -1.56292140483856 -3.08930897712708 -3.79581761360168 -2.95858788490295
6.7163872718811 6.69070768356323 6.90530872344971 6.93696212768555 7.11548328399658 9.95212936401367 10.3174047470093 9.49518394470215 10.1334190368652 10.1403827667236 9.77766418457031 9.43026638031006 10.2442207336426 11.3923349380493 11.5581350326538 12.5721492767334 15.2815284729004 14.8671903610229 15.5121803283691 16.3185920715332 20.4863681793213 16.3131408691406 25.0680179595947 16.9441757202148 22.2682991027832 43.8708305358887 24.4486713409424 18.9749984741211 22.6080360412598 20.9792957305908 20.4000110626221 23.3313369750977 26.5169296264648 25.155424118042 24.5515060424805 27.040470123291 23.067741394043 3.95286226272583 22.3783226013184 9.29624843597412 -0.747986972332001 -1.74909973144531 9.48015785217285 9.5813102722168 -0.376348972320557 -2.26431059837341
9.02670860290527 8.85072326660156 8.36493873596191 7.28577470779419 13.8335103988647 9.91323757171631 10.167308807373 10.9927539825439 10.0062208175659 10.6439590454102 10.6915645599365 10.2116250991821 9.85559940338135 10.8251724243164 12.0565538406372 12.2892208099365 13.7029609680176 16.6800765991211 16.1434669494629 17.0133857727051 18.3432769775391 33.5673332214355 25.3031196594238 15.539740562439 20.7797164916992 29.3239288330078 15.599084854126 31.9196586608887 21.2468452453613 15.689172744751 15.3026351928711 17.0112400054932 24.0521335601807 21.7175979614258 23.378604888916 10.8374376296997 30.3619155883789 2.8510115146637 4.39517831802368 -1.98729181289673 0.749383687973022 0.136180594563484 -0.703454196453094 0.534522831439972 -1.62445783615112 2.99285006523132
10.5469360351562 26.6555557250977 11.4726285934448 7.38165140151978 11.1930990219116 7.22736883163452 10.416187286377 10.6836471557617 11.5161561965942 10.4570093154907 11.1683692932129 11.2714185714722 10.6846742630005 10.3351755142212 11.4885778427124 12.8128328323364 13.134162902832 15.1033563613892 18.9211654663086 17.7570838928223 20.2438259124756 21.433931350708 15.8486557006836 20.6302795410156 24.6242904663086 33.5404014587402 29.7481117248535 19.5386180877686 14.6441650390625 10.5706548690796 18.4613418579102 16.4470462799072 21.7168884277344 32.1050682067871 28.2644672393799 10.1781568527222 11.1945695877075 -3.51794505119324 -1.57689833641052 11.2137641906738 -0.108168534934521 1.47389209270477 2.19556283950806 1.35991728305817 7.51945924758911 31.8457355499268
31.0222358703613 23.8016719818115 7.48796319961548 14.882098197937 8.00482940673828 8.00193691253662 7.9717960357666 10.9235372543335 11.1827754974365 12.0783729553223 11.0297899246216 11.8134813308716 11.9944353103638 11.3241901397705 10.9984941482544 12.2367420196533 13.6712703704834 14.1188297271729 16.9228057861328 25.2513828277588 28.4480438232422 31.9955043792725 25.55810546875 20.3664684295654 34.2891616821289 36.2912864685059 27.2252006530762 15.3598966598511 3.98309540748596 5.0607647895813 13.175350189209 7.83040428161621 3.51110577583313 6.54438591003418 -2.73587775230408 -2.95710635185242 4.34244060516357 19.6500587463379 -3.14117360115051 -0.603303134441376 0.438725203275681 0.220138043165207 -2.11295604705811 5.22940349578857 3.50613355636597 20.0839691162109
14.0345449447632 7.36386680603027 12.7703018188477 9.20780754089355 10.6205320358276 19.4719924926758 8.12989044189453 9.10403919219971 11.4084768295288 11.7965354919434 12.8361444473267 11.7577123641968 12.6351203918457 12.970498085022 12.1826248168945 11.8695249557495 13.1230020523071 14.7363481521606 18.7204933166504 17.6220817565918 40.3519477844238 20.511999130249 18.2521800994873 27.1393280029297 28.5112323760986 25.8737850189209 19.5154991149902 6.65807437896729 15.2572402954102 8.46554279327393 17.7909336090088 2.43547940254211 2.28439879417419 0.451038360595703 14.6896190643311 3.2732093334198 10.2812643051147 -3.59007143974304 -3.44066119194031 -2.93948292732239 7.76721239089966 0.91956639289856 3.45713686943054 3.85287737846375 7.57834959030151 4.29066801071167
7.2531361579895 10.1340789794922 11.3556146621704 20.7179508209229 13.0571489334106 16.7405242919922 7.67264413833618 13.2909021377563 10.2397193908691 12.1129264831543 12.6291780471802 13.7799263000488 12.746356010437 13.6890935897827 14.1643238067627 13.4059820175171 14.5134325027466 14.3007745742798 16.0700969696045 30.6674938201904 25.3134307861328 13.1938829421997 26.1484470367432 36.0284576416016 37.5651359558105 28.8379135131836 33.290096282959 12.7929258346558 6.76085901260376 2.76624035835266 2.6346755027771 8.4722204208374 13.3755302429199 4.41979074478149 3.14599394798279 -2.73105955123901 0.508531928062439 -2.58259296417236 -1.85510575771332 -2.63567972183228 -0.447948962450027 -0.475135385990143 4.69239521026611 8.67089080810547 8.43282508850098 10.264310836792
7.90207195281982 9.22581768035889 14.904613494873 11.1464805603027 7.20283794403076 7.43665027618408 7.73340320587158 8.15657424926758 8.32320690155029 8.04354858398438 13.0352611541748 13.7686939239502 15.0445671081543 13.9750232696533 15.0107345581055 15.7589616775513 16.5536956787109 16.9993209838867 18.6613960266113 25.4063053131104 14.1306447982788 19.2018489837646 25.7163696289062 36.8502197265625 21.8771991729736 17.52512550354 4.11210870742798 -0.87616229057312 18.2921581268311 12.4448862075806 8.16572093963623 5.50224208831787 14.4201784133911 17.9853420257568 23.6312236785889 15.0198163986206 13.5083332061768 -1.28378963470459 -2.32816505432129 8.00222206115723 0.66798597574234 2.25957155227661 -1.36170291900635 8.55851268768311 11.5653038024902 10.2222948074341
6.96789121627808 8.21528148651123 9.83841991424561 8.14102840423584 7.81839227676392 7.82486343383789 8.21034908294678 19.7455520629883 8.48112010955811 9.93345546722412 9.17684268951416 15.2163791656494 15.1368818283081 16.5184650421143 17.8770179748535 16.726900100708 17.8322525024414 19.424144744873 22.6877098083496 30.0791759490967 16.1588516235352 15.758207321167 37.8358764648438 45.8679466247559 39.202075958252 21.73464012146 2.3772873878479 10.547947883606 4.40658760070801 -1.0042005777359 9.28541851043701 -1.34203684329987 -1.33075273036957 -1.80731642246246 -1.6650652885437 -1.42430353164673 -2.05108761787415 -2.07516121864319 0.0433710925281048 1.78491866588593 -1.50620698928833 4.35094594955444 7.04533290863037 12.8896350860596 21.7742862701416 12.8684988021851
7.4086709022522 8.89236450195312 12.9977884292603 8.40468692779541 7.40764188766479 8.72601890563965 9.03279781341553 17.1796054840088 8.28640079498291 9.2973690032959 10.2626171112061 15.9483995437622 25.7560119628906 16.9425525665283 18.3296413421631 21.2240467071533 19.0940818786621 23.6547775268555 23.7909774780273 19.89182472229 13.6970195770264 18.5420036315918 29.3484573364258 14.3060665130615 11.7842435836792 -1.27036929130554 0.188317939639091 1.08242499828339 3.20214676856995 8.50807094573975 1.66771721839905 -1.73483228683472 -1.09234762191772 -1.1988126039505 1.68780303001404 -0.152682945132256 1.51268196105957 10.3226041793823 14.067138671875 2.38250088691711 4.36069917678833 5.57759094238281 12.5128164291382 16.4695091247559 0.108011968433857 9.56724166870117
10.3524007797241 18.3162460327148 7.17295122146606 7.43547344207764 8.79805660247803 7.93984270095825 9.02566337585449 11.2928514480591 8.35626697540283 10.134521484375 11.0298719406128 14.440990447998 22.2932815551758 13.8755464553833 19.8228397369385 30.3117141723633 26.2611141204834 19.2984657287598 19.7029819488525 24.0582714080811 32.748218536377 33.8537902832031 15.583348274231 20.2915019989014 22.7220306396484 26.6803436279297 9.12984180450439 -1.23626673221588 -1.0649733543396 -0.692955374717712 -0.698811113834381 -1.66555774211884 0.651898384094238 1.6124222278595 3.16288256645203 8.07553672790527 10.4346036911011 9.39562892913818 22.2332553863525 7.10576581954956 8.56350135803223 11.0161247253418 15.6970024108887 14.2930908203125 5.10138654708862 11.4501333236694
12.0034971237183 12.3290205001831 7.66214609146118 7.99149370193481 13.9648628234863 11.8507928848267 11.7930021286011 10.5813598632812 9.66407299041748 11.1430854797363 12.7021636962891 14.3871831893921 16.2559833526611 16.5186100006104 18.2865467071533 20.4556922912598 17.8705101013184 26.8327236175537 19.5809574127197 35.3899765014648 41.5598220825195 12.7561798095703 15.4342555999756 14.6177129745483 31.313024520874 22.9576377868652 11.1533260345459 -1.31613838672638 -0.742803692817688 -0.495059698820114 -0.512044012546539 15.7398567199707 1.94270408153534 1.07710242271423 0.781315803527832 8.14252376556396 12.0019264221191 22.9562892913818 12.7686386108398 -1.48155081272125 -1.67427313327789 21.0298919677734 24.9035987854004 -2.37909007072449 -0.914461493492126 16.7228088378906
