slauniainen/Data/DEM/Vihti_dem1500b_cl_horizonAngle_30.asc
NCOLS 196 
NROWS 178 
XLLCORNER 353680 
YLLCORNER 6699024 
CELLSIZE 16 
NODATA_value -3.4e+38 
[rows 0 to 19 of 178, columns 90 to 134 of 196]
6.29386043548584 5.2944860458374 0.848762631416321 -2.95433664321899 -3.01758480072021 -2.84592127799988 -2.67168474197388 -1.98610150814056 -1.45046401023865 -0.919585883617401 0.646626710891724 1.75018286705017 2.62977433204651 3.6747670173645 4.73692989349365 6.22234392166138 6.66140699386597 6.8231086730957 6.90554523468018 7.09256410598755 7.09372186660767 6.64114189147949 5.35691261291504 3.98057508468628 2.83441233634949 1.83752989768982 1.11247336864471 1.07814013957977 1.0212926864624 0.793171882629395 0.984816193580627 1.08571577072144 1.11684954166412 1.20069539546967 1.21301782131195 1.27087163925171 1.42503726482391 1.74443483352661 2.03021621704102 2.27706432342529 2.26358389854431 2.26158785820007 2.45878863334656 2.58492112159729 2.70248174667358
5.95453310012817 9.15629959106445 3.74551486968994 -0.332509607076645 -2.97695088386536 -2.72169637680054 -2.54565382003784 -1.95604383945465 -1.23902177810669 -0.453060388565063 1.25233769416809 2.22185587882996 2.81547141075134 4.21913957595825 5.06924057006836 5.94409418106079 6.36683654785156 6.40588426589966 6.58598899841309 6.58888626098633 6.54762935638428 5.90964841842651 4.05623531341553 2.58099460601807 1.76759421825409 1.02579021453857 1.07285451889038 0.967476785182953 0.895507752895355 0.851953566074371 0.966401755809784 1.08230316638947 1.16496956348419 1.17759048938751 1.23563468456268 1.31276440620422 1.38052117824554 1.58011364936829 1.92488825321198 2.14437222480774 2.19286131858826 2.38103032112122 2.40392708778381 2.60543274879456 2.64385509490967
6.95749807357788 11.7245244979858 4.89341163635254 1.76833510398865 -0.217605337500572 -0.161817595362663 -2.38270235061646 -1.65732657909393 -1.15475118160248 0.113902688026428 1.25496971607208 2.45983695983887 3.28555464744568 4.2686824798584 5.4228572845459 5.81150341033936 6.01354122161865 6.1479115486145 6.32911586761475 6.31532669067383 5.94140148162842 4.73678779602051 3.27367448806763 2.00581669807434 0.983133256435394 1.03187227249146 0.997002959251404 0.94162517786026 0.755768299102783 0.937888979911804 1.03541028499603 1.06402575969696 1.1422997713089 1.1734983921051 1.23808693885803 1.28366768360138 1.44319725036621 1.60078680515289 1.81094634532928 2.03957986831665 2.30896902084351 2.32909035682678 2.45353364944458 2.55199193954468 2.59286332130432
7.39522361755371 16.3718967437744 11.617413520813 6.69356536865234 3.15896677970886 1.3748471736908 -1.16401565074921 -1.30711340904236 -0.888659358024597 0.596515774726868 1.78565418720245 2.8917179107666 3.76593852043152 4.50767850875854 5.31059980392456 5.59297800064087 5.69315958023071 5.86828660964966 5.88238716125488 5.81636810302734 5.27302980422974 3.61263990402222 2.249516248703 1.45202112197876 0.989795207977295 0.953914165496826 0.900701284408569 0.826434969902039 0.746483504772186 0.913039982318878 1.03159129619598 1.10950875282288 1.12076902389526 1.17461585998535 1.23768532276154 1.31684398651123 1.42214643955231 1.62402999401093 1.83929228782654 2.08835983276367 2.26550531387329 2.38001561164856 2.46853303909302 2.49193358421326 2.59227705001831
8.11204624176025 14.9991321563721 18.0511207580566 13.1925287246704 8.17259788513184 11.2505931854248 4.90031909942627 5.52337884902954 6.24193048477173 1.1262811422348 2.14581942558289 3.37110280990601 4.14739036560059 4.84920120239258 5.17398262023926 5.37404489517212 5.46564340591431 5.62659978866577 5.65090370178223 5.31848096847534 4.18659543991089 2.88940072059631 1.76825356483459 0.918943226337433 0.96410059928894 0.861881732940674 0.789473474025726 0.672809779644012 0.668914139270782 0.843751311302185 0.984766781330109 1.08486068248749 1.11963951587677 1.17654931545258 1.2112957239151 1.37133967876434 1.52749955654144 1.60663414001465 1.84288275241852 2.19693422317505 2.21720623970032 2.39737415313721 2.41941356658936 2.45598340034485 2.47897624969482
8.8656644821167 13.0606660842896 18.3814373016357 18.8470897674561 17.2725524902344 12.7071313858032 6.64779901504517 9.43349838256836 5.96600198745728 1.71826708316803 2.60510635375977 3.45138764381409 4.36407470703125 4.77053451538086 5.01215696334839 5.11646795272827 5.26871681213379 5.2891001701355 5.19571208953857 4.70687866210938 3.22288489341736 1.9784529209137 1.27725493907928 0.924970865249634 0.887934386730194 0.838831961154938 0.643989205360413 0.636975646018982 0.66253274679184 0.741828441619873 0.907957017421722 1.02386784553528 1.10567891597748 1.56684792041779 1.22643876075745 1.35470139980316 1.53729391098022 1.66794657707214 1.84348368644714 2.14778971672058 2.26854133605957 2.3454966545105 2.38293623924255 2.4263801574707 2.07767295837402
9.43560886383057 12.6001901626587 15.1498117446899 19.4249439239502 14.6245107650757 9.81314373016357 5.15983390808105 4.21035003662109 3.48365879058838 2.05340433120728 3.03852939605713 3.70492076873779 4.38683986663818 4.60286998748779 4.73576307296753 4.93110227584839 4.95553541183472 4.86478281021118 4.41678047180176 3.73296761512756 2.57534289360046 1.57773995399475 0.859908044338226 0.900906980037689 0.804531097412109 0.735123157501221 0.625962436199188 0.623239815235138 0.650691032409668 0.681603491306305 0.801220715045929 0.933286428451538 1.07427644729614 1.63442981243134 1.25609076023102 1.2836275100708 1.45394027233124 1.6650995016098 1.90140151977539 2.08065795898438 2.28159618377686 2.30563998222351 2.40527319908142 7.19985151290894 1.86936235427856
9.7773904800415 12.6641969680786 14.4151611328125 15.0412006378174 12.1789331436157 9.473557472229 7.11058473587036 5.34639167785645 3.52637219429016 2.46062922477722 3.13450741767883 3.90842485427856 4.2501745223999 4.44536828994751 4.5670018196106 4.74736928939819 4.78312540054321 4.53070974349976 3.50292778015137 2.49522256851196 1.76360487937927 1.13802456855774 0.866731524467468 0.829937815666199 0.784339606761932 0.600605607032776 0.602572441101074 0.626605987548828 0.642412841320038 0.65892231464386 0.731404006481171 0.830389618873596 0.931166350841522 1.1800332069397 1.82942807674408 1.27292776107788 1.39129281044006 1.68527948856354 1.95576691627502 2.07362723350525 2.23725438117981 2.278000831604 3.67287278175354 12.807578086853 8.14991092681885
10.1752138137817 11.3297853469849 13.0762996673584 11.1685838699341 8.89284515380859 7.12103080749512 4.21135234832764 3.2261016368866 1.97802996635437 2.85013508796692 3.39166593551636 3.97813487052917 4.16059589385986 4.28616714477539 4.43665790557861 4.48951578140259 4.40528249740601 4.00971269607544 2.74313926696777 1.65232539176941 1.09011018276215 0.806626319885254 0.846676290035248 0.75466787815094 0.688154578208923 0.585958063602448 0.591030836105347 0.615332841873169 0.637054562568665 0.645732343196869 0.662625372409821 0.734792411327362 0.800525546073914 0.926210224628448 1.79161095619202 1.32920062541962 1.40694427490234 1.62101721763611 1.93998122215271 2.07356476783752 2.18375682830811 2.29054117202759 4.3048243522644 9.14631938934326 10.9474925994873
9.57825183868408 10.6609373092651 10.9515771865845 9.05984687805176 6.28963565826416 5.59128427505493 4.01724672317505 1.84352254867554 2.31256103515625 2.89658093452454 3.60654091835022 3.90214729309082 4.08884620666504 4.18334102630615 4.32146883010864 4.34963130950928 4.14065647125244 3.17129993438721 2.18986940383911 1.34196555614471 0.778231620788574 0.815243482589722 0.778909146785736 0.736536264419556 0.563755750656128 0.57235985994339 0.593789160251617 0.610674142837524 0.624878644943237 0.632901012897491 0.631652772426605 0.669751346111298 0.726324617862701 0.817190289497375 1.10984921455383 1.64057779312134 1.53790080547333 1.67903470993042 1.93484842777252 2.01093769073486 2.06655550003052 2.16959738731384 5.68830728530884 6.84271621704102 7.69659471511841
7.76883935928345 8.6790246963501 7.37155675888062 5.77184581756592 4.11533880233765 2.97615504264832 1.96022963523865 2.15725231170654 2.64194822311401 3.12319660186768 3.63854074478149 3.83390212059021 3.95004272460938 4.09608602523804 4.1217188835144 3.99876689910889 3.64665770530701 2.50184416770935 1.49275088310242 0.963075816631317 0.786816298961639 0.750687837600708 0.709212899208069 0.644865155220032 0.553555607795715 0.574671566486359 0.592883408069611 0.607492208480835 0.614579319953918 0.612590312957764 0.621179640293121 0.638959646224976 0.684393405914307 0.736513614654541 0.881703913211823 1.06226778030396 1.22307920455933 1.69841837882996 1.82638037204742 1.90732169151306 1.87973999977112 2.54629564285278 4.51662635803223 5.53869533538818 5.63965606689453
6.79022550582886 6.70159292221069 4.29528045654297 3.41423869132996 1.98250699043274 1.53463160991669 1.69287252426147 2.44535613059998 2.91242742538452 3.2788257598877 3.53147888183594 3.71222877502441 3.82790613174438 3.9781436920166 4.00427198410034 3.7759952545166 2.87811279296875 1.97086977958679 1.19251322746277 0.721918344497681 0.76674222946167 0.682235062122345 0.606964945793152 0.51837819814682 0.543176412582397 0.568851888179779 0.589721858501434 0.596201539039612 0.593317568302155 0.604874670505524 0.606944739818573 0.622022151947021 0.649749040603638 0.683056533336639 0.763562679290771 0.91616678237915 1.1084178686142 1.47395169734955 1.71010649204254 1.75892102718353 1.78103315830231 3.46616959571838 4.23361110687256 4.31593656539917 3.98396468162537
6.69433450698853 5.13297462463379 3.11785554885864 2.64844679832458 1.73234701156616 1.34630954265594 1.87347221374512 2.40379905700684 3.03490042686462 3.2665102481842 3.44418430328369 3.55861639976501 3.71373271942139 3.76841688156128 3.66133952140808 3.33270311355591 2.26489615440369 1.33502924442291 0.828128755092621 0.715295910835266 0.68844997882843 0.629726409912109 0.424014896154404 0.494474500417709 0.551233470439911 0.564657688140869 0.577431619167328 0.585287868976593 0.581725239753723 0.591953814029694 0.602752923965454 0.606946527957916 0.605718553066254 0.619762659072876 0.696464836597443 0.774392008781433 0.88525390625 1.17221856117249 1.69785737991333 1.58111000061035 1.83261454105377 3.02406597137451 3.63064193725586 3.71751976013184 3.40675497055054
5.54032802581787 3.28247809410095 2.00503945350647 1.07232761383057 0.828013062477112 1.29841864109039 2.00667309761047 2.49314427375793 2.95580911636353 3.14408993721008 3.2719738483429 3.44265651702881 3.50011587142944 3.39580607414246 3.11367869377136 2.59708738327026 1.7707976102829 1.05478048324585 0.662933945655823 0.693783283233643 0.570788145065308 0.493798911571503 0.408899068832397 0.441898345947266 0.540796458721161 0.560411989688873 0.568416893482208 0.56687867641449 0.575437903404236 0.575405418872833 0.578906118869781 0.580926716327667 0.561541020870209 0.557390511035919 0.606757879257202 0.673276364803314 0.745694637298584 0.916232883930206 1.23143100738525 1.72711396217346 2.59519004821777 3.01353216171265 3.07045102119446 2.84312057495117 1.9162517786026
4.21334648132324 2.39759230613708 1.89886128902435 0.879249751567841 1.02726101875305 1.45993864536285 1.8876713514328 2.49555802345276 2.74508261680603 2.95011472702026 3.08140516281128 3.26437640190125 3.33518934249878 3.18730711936951 2.39894199371338 1.66422533988953 1.16172742843628 0.725589275360107 0.658919274806976 0.595071971416473 0.54329526424408 0.394750535488129 0.299221515655518 0.263866186141968 0.389421463012695 0.453785061836243 0.486145108938217 0.502974092960358 0.523638427257538 0.530992209911346 0.532909095287323 0.533426880836487 0.513806879520416 0.489213496446609 0.500754475593567 0.548585176467896 0.589105188846588 0.795183420181274 0.817024409770966 2.27838182449341 2.74404120445251 2.60631322860718 2.41352534294128 1.91348707675934 1.55929374694824
2.40522456169128 1.53282308578491 0.615846753120422 0.923497438430786 1.07661652565002 1.65038204193115 2.04466128349304 2.40309596061707 2.58542203903198 2.74700236320496 2.93043899536133 3.03294372558594 2.96261382102966 2.72814106941223 1.84761321544647 1.06547296047211 0.646899282932281 0.612509429454803 0.575222074985504 0.526099741458893 0.460035026073456 0.387360841035843 0.230345189571381 0.0960634276270866 0.128652840852737 0.248550713062286 0.324704974889755 0.361698418855667 0.408463686704636 0.434342831373215 0.447915881872177 0.451042950153351 0.446648180484772 0.417094588279724 0.387907356023788 0.404929429292679 0.442067116498947 0.542454183101654 1.44950079917908 2.13053226470947 2.49569129943848 2.37964081764221 2.21812176704407 1.51024687290192 1.72809386253357
1.41330206394196 0.454899430274963 0.604174017906189 0.988970875740051 1.29911530017853 1.63686311244965 2.13387823104858 2.27595353126526 2.43839287757874 2.57264614105225 2.75338053703308 2.87020063400269 2.76565194129944 2.02588891983032 1.36127328872681 0.792227387428284 0.534399688243866 0.58423638343811 0.506677627563477 0.445139467716217 0.375438362360001 0.28356260061264 0.666426181793213 0.533576488494873 -0.0144338887184858 0.0380802378058434 0.128197953104973 0.178965494036674 0.224834606051445 0.260512977838516 0.290959775447845 0.3073890209198 0.32763546705246 0.336143761873245 0.312713533639908 0.295358449220657 0.4655522108078 0.546194612979889 1.894366979599 2.24001717567444 2.2618682384491 1.88866865634918 1.56148529052734 1.47411000728607 1.80909383296967
1.2914514541626 0.554368317127228 0.860988080501556 1.20949077606201 1.5496016740799 1.84696900844574 2.12394762039185 2.23654508590698 2.33463907241821 2.46248078346252 2.55959463119507 2.49968838691711 2.30437016487122 1.50223755836487 0.79510486125946 0.43941342830658 0.505012035369873 0.510201156139374 0.488464564085007 0.36215403676033 0.274705022573471 0.207664296030998 0.421526879072189 1.77678859233856 0.624200880527496 -0.0191202014684677 0.0191728211939335 0.0925122946500778 0.0864146426320076 0.171353235840797 0.148217514157295 0.212236076593399 0.237490251660347 0.227904871106148 0.234108746051788 0.27598562836647 0.421027988195419 1.21475732326508 1.76823031902313 2.08844804763794 2.04753541946411 1.81429588794708 1.24881029129028 1.51727247238159 1.71108329296112
0.388966232538223 0.568518161773682 0.925953030586243 1.43302810192108 1.76285743713379 1.965980052948 2.07429099082947 2.20271229743958 2.28600597381592 2.38223600387573 2.45432710647583 2.35115599632263 1.64120280742645 1.0284663438797 0.519715428352356 0.344689399003983 0.415820002555847 0.426075965166092 0.399531811475754 0.334803462028503 0.196186199784279 0.260153591632843 0.356357425451279 1.23561358451843 0.639163255691528 -0.0352957099676132 -0.0159795228391886 -0.00220266985706985 0.0799713730812073 0.0877983644604683 0.132084369659424 0.173372447490692 0.159461244940758 0.192790538072586 0.241576626896858 0.363478004932404 1.11264359951019 1.59343540668488 1.89171469211578 1.92262279987335 1.66079390048981 1.15288722515106 1.31397712230682 1.567591547966 1.6700394153595
0.518770039081573 0.819583654403687 1.14132630825043 1.4613299369812 1.88918304443359 1.98881030082703 2.10381650924683 2.17264723777771 2.25367879867554 2.30267238616943 2.18723487854004 1.9825656414032 1.21541285514832 0.558386206626892 0.221354693174362 0.230569198727608 0.266441613435745 0.315404236316681 0.284024506807327 0.218177631497383 0.164223685860634 0.019272156059742 0.61328113079071 0.233087569475174 -0.0186877567321062 -0.0643432065844536 -0.0664617642760277 -0.0296299420297146 0.0238331165164709 0.0382399745285511 0.0953917056322098 0.139600902795792 0.126646906137466 0.123517028987408 0.291692167520523 0.443128377199173 1.45846366882324 1.7330230474472 1.74351620674133 1.53214514255524 1.24150490760803 1.11859953403473 1.37096154689789 1.52036809921265 1.58239543437958
