slauniainen/Data/DEM/Vihti_dsm1500b_cl_horizonAngle_30.asc
NCOLS 196 
NROWS 178 
XLLCORNER 353680 
YLLCORNER 6699024 
CELLSIZE 16 
NODATA_value -3.4e+38 
[rows 80 to 99 of 178, columns 0 to 45 of 196]
3.59928631782532 1.25969207286835 1.53922975063324 1.898108959198 2.34205508232117 2.8034462928772 2.88683199882507 4.02676057815552 4.2055492401123 4.9409351348877 4.21852397918701 3.96894550323486 2.22895359992981 2.50562977790833 2.54300975799561 5.10005712509155 5.94541168212891 6.53994798660278 5.73718595504761 4.28801202774048 1.89692139625549 1.71653151512146 1.9462753534317 3.54345345497131 2.32400941848755 7.25245809555054 9.46448135375977 6.83675289154053 7.45571613311768 10.8022623062134 32.8032417297363 12.9746379852295 12.7653999328613 13.6641187667847 3.62780261039734 15.3560256958008 0.579801499843597 0.579805374145508 3.0961012840271 3.14218735694885 3.5234682559967 3.78627991676331 4.53919124603271 4.74068403244019 4.64190673828125 5.60666704177856
0.794839203357697 1.11513364315033 1.45326662063599 2.07659530639648 2.43820524215698 2.56504368782043 3.33665013313293 4.00808477401733 4.72290468215942 4.01532697677612 4.10086536407471 3.56691837310791 2.18377232551575 2.42191958427429 2.28241562843323 5.34431934356689 3.86532020568848 6.23580932617188 3.50094795227051 4.10123252868652 1.36732447147369 1.69771671295166 2.87388372421265 1.74341404438019 5.4944167137146 8.14262199401855 6.75779056549072 5.87590360641479 8.79942035675049 5.99350118637085 22.3881549835205 10.3477649688721 9.11366081237793 4.18213844299316 3.39017343521118 26.6879081726074 0.00977400969713926 0.623314678668976 2.79968023300171 2.83860445022583 3.34401369094849 3.60141682624817 4.23394203186035 4.17306661605835 4.88778400421143 4.91072750091553
0.628207683563232 1.09057998657227 1.40265727043152 2.30224943161011 2.26724815368652 2.6465277671814 3.71694231033325 3.88177537918091 4.58586120605469 3.94675898551941 3.73353576660156 2.12269711494446 2.30753612518311 2.30204153060913 5.07165336608887 18.3738288879395 5.76394462585449 5.04476976394653 3.77088475227356 1.6706622838974 1.63440728187561 1.77194857597351 2.79796528816223 3.74279046058655 7.37315702438354 5.94987440109253 3.53339600563049 5.78408622741699 7.79025602340698 15.2392606735229 8.82743453979492 7.33763551712036 7.65392780303955 3.39068031311035 5.89358329772949 33.0540428161621 28.0630912780762 2.43994116783142 2.45017552375793 2.90880966186523 3.14759802818298 3.65334367752075 3.60700368881226 4.09109783172607 4.58450269699097 4.56682205200195
0.604255199432373 0.917641699314117 1.51994907855988 2.23061990737915 2.06975245475769 3.12324976921082 3.6902494430542 4.36460161209106 3.76211476325989 3.83990669250488 3.36981987953186 2.08340239524841 2.28014779090881 4.30130290985107 4.90253591537476 11.9050207138062 4.63448810577393 3.08884263038635 3.64569973945618 1.21305537223816 1.64357376098633 2.59280824661255 1.64687025547028 4.62209224700928 6.68568325042725 5.07802629470825 5.13404273986816 6.72230672836304 4.55064058303833 12.5498151779175 7.79319143295288 6.62226724624634 4.00158929824829 2.98056697845459 11.3489542007446 22.4103870391846 18.512866973877 2.29617476463318 2.5512068271637 2.64353632926941 2.88958978652954 3.37437987327576 3.25911998748779 4.04612827301025 4.08431816101074 4.3704776763916
0.481682628393173 1.03194451332092 2.01474666595459 2.05116105079651 2.94745659828186 3.45440173149109 3.53393745422363 4.2234582901001 3.6947455406189 3.24846577644348 2.04142189025879 2.22659492492676 2.22632169723511 4.69816970825195 7.07241725921631 5.16482973098755 2.81008124351501 3.38808608055115 1.52670407295227 1.5465704202652 1.6202050447464 2.49892854690552 3.09965991973877 5.76683664321899 4.85092163085938 4.3910813331604 5.9905571937561 3.98917675018311 10.0257959365845 6.89065980911255 5.66839790344238 5.85636043548584 3.28799629211426 4.25825071334839 14.7778825759888 11.795973777771 2.15664005279541 2.10830783843994 2.42667984962463 2.52436971664429 2.86101317405701 2.93895649909973 3.23727083206177 3.76561045646667 3.81242084503174 4.12388372421265
0.521020948886871 0.866787791252136 1.908895611763 2.20925283432007 3.22693800926208 3.40596628189087 3.99272108078003 3.50791096687317 3.35968041419983 1.87681126594543 1.95664072036743 2.16530752182007 4.1075587272644 4.64081335067749 6.11687421798706 4.21403980255127 3.1133234500885 1.40318930149078 1.02764022350311 1.54529535770416 2.30929684638977 1.56137454509735 3.73678660392761 5.39418029785156 4.19509410858154 4.62051296234131 5.58325481414795 3.78449773788452 8.75281429290771 5.00397682189941 5.27451515197754 3.8455958366394 2.91374087333679 7.69086265563965 12.1105146408081 9.63169288635254 2.07921862602234 2.28287553787231 2.28725790977478 2.2184739112854 2.66593194007874 2.62919950485229 3.17161107063293 3.26122164726257 3.48460483551025 3.81519985198975
0.663061380386353 1.74208056926727 1.77253019809723 2.64696907997131 3.17319512367249 3.84573554992676 3.33028483390808 3.40536546707153 2.99300026893616 1.83775305747986 2.04839968681335 2.08455944061279 4.46166229248047 5.48015117645264 4.88062858581543 2.58573198318481 3.00702691078186 0.959421515464783 1.49066960811615 1.55004596710205 2.27340722084045 3.15523767471313 4.79935503005981 3.89414954185486 3.44188523292542 5.2655463218689 3.50968766212463 7.58980226516724 5.57534742355347 4.7115626335144 3.76193737983704 2.79301619529724 3.66838932037354 9.88602256774902 7.79230308532715 2.01970720291138 1.92673277854919 2.19638466835022 2.19463324546814 2.38628101348877 2.33516597747803 2.52837038040161 2.95692586898804 3.03785443305969 3.25601410865784 4.17263793945312
0.664586842060089 1.6914781332016 1.93785679340363 2.92023754119873 3.04859709739685 3.73734641075134 3.2689208984375 3.14130973815918 1.78037703037262 1.94390070438385 1.94384288787842 3.77654361724854 4.35979223251343 4.77440738677979 3.94403672218323 2.83588838577271 1.20913779735565 1.37870645523071 1.42625439167023 2.1102294921875 2.40548324584961 4.40752649307251 3.49785542488098 2.53524780273438 3.73930692672729 4.86465978622437 6.92395114898682 5.19080781936646 4.16123676300049 4.35101556777954 3.12519407272339 3.48479700088501 6.19316434860229 8.82616424560547 6.91144323348999 1.95839953422546 2.0981273651123 2.06098866462708 2.20600605010986 2.10779571533203 2.16358184814453 2.56736183166504 2.61685395240784 2.90417098999023 3.03000164031982 3.92230582237244
1.662233710289 1.64131486415863 2.4053738117218 2.91088247299194 3.50821161270142 2.04172706604004 3.18425941467285 2.80254936218262 1.73002409934998 1.92012751102448 1.8435925245285 4.09555196762085 3.91056132316589 4.56316041946411 2.40818476676941 2.80284452438354 0.954059600830078 1.42227411270142 1.95672214031219 0.827378451824188 2.83111429214478 4.17571306228638 3.20763468742371 3.3800356388092 4.28019332885742 3.04298400878906 6.45392942428589 4.91813707351685 4.14393091201782 3.60181713104248 2.78925275802612 5.6015157699585 7.8048267364502 6.29510068893433 2.46253347396851 1.81639206409454 2.03116798400879 1.98830926418304 2.10290837287903 1.97089564800262 2.31709241867065 2.29651498794556 2.53777432441711 2.67570853233337 3.48036432266235 3.29526352882385
1.60057461261749 1.85371601581573 2.74377489089966 2.84896469116211 24.2853088378906 3.03831577301025 2.93703174591064 1.64407658576965 1.82849967479706 1.80138504505157 3.86905550956726 3.64563727378845 4.34257888793945 3.76846694946289 2.79436540603638 2.45762705802917 2.08131194114685 1.40056383609772 1.95355069637299 2.10501384735107 3.7593891620636 3.06798410415649 2.64595890045166 3.84182095527649 2.68618178367615 5.69266557693481 4.68093013763428 3.72995781898499 3.91380643844604 3.03764748573303 3.11548328399658 6.96588468551636 5.70251321792603 3.04609942436218 2.99014377593994 2.00386905670166 1.92577564716339 2.01336526870728 1.87298011779785 1.93929946422577 2.20571041107178 2.17347550392151 2.39288949966431 3.06887483596802 2.8786518573761 2.87094736099243
0.799535036087036 2.32070398330688 2.76888370513916 3.01804637908936 10.541916847229 2.96951484680176 2.62328958511353 1.60841798782349 1.78219187259674 3.23840165138245 3.76636052131653 4.10166931152344 3.58201789855957 2.40746426582336 3.39661312103271 3.42996621131897 2.24171018600464 1.8965380191803 0.820218443870544 2.60054850578308 3.75497841835022 2.93074083328247 3.04515695571899 3.74865460395813 2.60726618766785 5.29444169998169 3.55715250968933 3.67828488349915 3.47223019599915 2.72029733657837 4.84868001937866 6.45416402816772 5.28606843948364 2.82444024085999 3.2367799282074 1.92448365688324 1.88498032093048 1.96123206615448 1.7987425327301 2.06751227378845 2.0087366104126 2.1736581325531 2.25320339202881 2.89763951301575 2.6907525062561 2.664217710495
2.23345923423767 2.60753870010376 1.81982481479645 10.2785606384277 2.83748555183411 2.49117159843445 1.54373753070831 1.70452868938446 1.68907809257507 3.54917454719543 3.29680275917053 3.98689746856689 2.23765397071838 2.66135787963867 1.91044330596924 1.9184159040451 2.05526447296143 1.89358901977539 1.95127975940704 3.54545855522156 2.81971049308777 2.41285824775696 3.50253057479858 2.39438247680664 4.78868961334229 4.05922508239746 3.38968372344971 3.39143633842468 2.93222713470459 2.87581300735474 5.96702766418457 4.90807628631592 2.10275411605835 2.50985240936279 3.34386682510376 2.71210408210754 1.93716859817505 1.77643930912018 1.78892469406128 1.99238753318787 1.93456363677979 2.07620453834534 2.64500451087952 2.42070627212524 2.39557409286499 2.83164715766907
2.09095788002014 20.1179580688477 2.99929928779602 8.29157543182373 2.63499999046326 1.44090008735657 1.49266767501831 1.68154895305634 3.05398559570312 3.49054932594299 3.69161486625671 3.19987463951111 2.46029281616211 1.42461884021759 1.50766360759735 1.37418568134308 1.89066326618195 1.40680944919586 2.37440896034241 3.40927076339722 2.68691349029541 2.79104042053223 3.38855838775635 4.4419584274292 3.83713531494141 3.12265157699585 3.24167847633362 3.27786874771118 2.71981263160706 4.29693984985352 5.57262372970581 4.58800220489502 1.95310974121094 2.31008243560791 2.63725280761719 3.0809760093689 2.28166365623474 1.7446608543396 1.94270193576813 1.8389185667038 1.96114385128021 1.98572742938995 2.51987099647522 2.27568459510803 2.25253319740295 2.66348314285278
1.17487871646881 9.99882888793945 5.31594705581665 1.12326192855835 2.34496307373047 1.42648386955261 1.60876488685608 1.61101996898651 3.36769556999207 3.10091233253479 3.63825058937073 1.91848683357239 2.38232445716858 1.03429591655731 1.33832311630249 1.73332786560059 1.84538722038269 2.30693697929382 3.19177532196045 2.52801752090454 2.1881468296051 3.15039443969727 2.14969801902771 4.27626085281372 3.59775471687317 3.07205724716187 3.22172713279724 2.4855363368988 4.00275659561157 5.13277006149292 4.32371664047241 1.94802963733673 1.91750156879425 2.04394698143005 2.11816835403442 2.22392249107361 2.377605676651 1.96381604671478 1.90551817417145 1.79666674137115 1.89563465118408 2.38101124763489 2.13733267784119 2.0918083190918 2.42105555534363 2.31794738769531
0.907568216323853 2.199467420578 33.9826240539551 2.39298176765442 1.32599627971649 1.50795638561249 1.51467907428741 2.85813450813293 3.29443883895874 3.51452922821045 2.96315288543701 2.16281199455261 0.987853050231934 1.24694693088531 1.28070020675659 1.73429906368256 1.80097317695618 3.12436962127686 2.42296147346497 1.94839346408844 2.6282901763916 3.09025597572327 3.92086863517761 3.36180305480957 2.89900898933411 3.11836552619934 2.73636150360107 2.51559543609619 4.88402700424194 4.093581199646 1.98796474933624 1.8975590467453 1.969402551651 1.88433825969696 1.9137579202652 1.76481831073761 1.86653935909271 2.05426120758057 1.79040026664734 1.84798526763916 1.8340836763382 2.29918098449707 2.05846977233887 2.22042369842529 2.32198548316956 25.2884006500244
1.36270296573639 1.28623151779175 21.1463794708252 2.08455944061279 1.27048420906067 1.45274078845978 1.38586235046387 3.15367650985718 2.95303392410278 3.48593664169312 1.81700658798218 2.15668153762817 0.750959515571594 1.17237079143524 1.61248409748077 0.817366421222687 2.13038992881775 3.01450324058533 2.35231399536133 2.56182074546814 2.98191070556641 1.89451098442078 3.77557969093323 3.18173670768738 2.90876698493958 3.05453491210938 2.44353008270264 3.61805629730225 4.62761545181274 3.87698817253113 1.89292776584625 1.77061855792999 1.90732109546661 1.82562386989594 1.84600746631622 1.68850922584534 1.87743973731995 1.7829612493515 1.84052157402039 1.80629801750183 2.20889973640442 1.96044921875 1.93288052082062 0.531674325466156 0.985623121261597 0.0271886307746172
14.7963027954102 9.00212955474854 1.77076399326324 0.842358946800232 1.35508871078491 1.40496063232422 3.02451157569885 2.83009505271912 3.3632218837738 2.86074590682983 2.0998477935791 0.935151219367981 0.673553287982941 1.08653044700623 1.52414166927338 1.59035134315491 2.8265962600708 2.22018766403198 1.9588075876236 2.91063547134399 2.67290616035461 3.51859498023987 3.05785226821899 2.78552031517029 2.97957158088684 2.60802268981934 2.38911151885986 4.32531976699829 3.68784880638123 1.89197313785553 1.78106355667114 1.90849411487579 1.8234498500824 1.81882381439209 1.66371667385101 1.64878225326538 1.80304253101349 1.71620845794678 1.79091393947601 2.16855621337891 1.90952706336975 1.86466324329376 32.6402397155762 0.606229066848755 -0.40136131644249 -0.440737307071686
17.2551078796387 8.18019771575928 9.62591743469238 0.0900041610002518 1.33412539958954 2.56847763061523 2.99146318435669 3.18548846244812 2.72354602813721 1.7785257101059 2.05396318435669 0.717094898223877 1.01032829284668 1.38279211521149 0.69061279296875 1.85375213623047 2.71465373039246 2.14998459815979 2.31735849380493 2.82987070083618 2.40514183044434 3.39235401153564 2.72867441177368 2.81025362014771 2.92946648597717 2.33083200454712 3.23945021629333 4.10132360458374 3.49802660942078 1.91009426116943 1.90317714214325 1.82268118858337 2.10334324836731 1.77980470657349 1.60913395881653 1.75611770153046 1.65892684459686 1.72968983650208 1.7266845703125 2.11473059654236 1.85933697223663 1.79020702838898 29.1183223724365 32.2211647033691 2.12460732460022 17.7639026641846
17.911283493042 6.58830642700195 29.3419303894043 -0.13247312605381 -0.499331772327423 2.8035945892334 2.62597322463989 3.16191077232361 1.68104648590088 1.96615171432495 0.876345217227936 0.653934717178345 1.01765835285187 1.36705446243286 1.3583128452301 2.5120005607605 1.99373936653137 1.73026204109192 2.52206182479858 1.84555816650391 3.20335912704468 2.82073569297791 2.75084590911865 2.87406635284424 2.21301746368408 2.2881543636322 3.86325240135193 3.30310654640198 1.82832515239716 1.73756659030914 1.86612188816071 1.78072285652161 1.79279780387878 1.61471045017242 1.57953774929047 1.69274377822876 1.57295322418213 1.64592361450195 2.00314426422119 1.76521193981171 1.71740090847015 13.77024269104 18.947624206543 38.1918983459473 8.14333248138428 20.1252765655518
11.4473943710327 0.611746072769165 36.6469039916992 0.799243569374084 0.413047432899475 0.559573173522949 2.81680488586426 2.49651718139648 1.87970387935638 0.816852211952209 0.621285796165466 0.992907881736755 1.3396782875061 0.582907378673553 1.67472469806671 2.42832684516907 1.90238964557648 1.9996737241745 2.43416094779968 3.08135914802551 2.69694566726685 2.61901569366455 2.80912208557129 2.47026586532593 2.25121593475342 2.95787525177002 3.68999147415161 3.15890502929688 1.77918863296509 1.85196793079376 1.77364897727966 1.72402048110962 1.91454231739044 1.74750018119812 1.69259750843048 1.5644805431366 1.58940577507019 1.54195642471313 1.84419417381287 1.61023426055908 1.62718224525452 11.9016914367676 18.9875030517578 30.2335739135742 3.33180522918701 3.60159039497375
