slauniainen/Data/DEM/Vihti_dsm1500b_cl_horizonAngle_18.asc
NCOLS 196 
NROWS 178 
XLLCORNER 353680 
YLLCORNER 6699024 
CELLSIZE 16 
NODATA_value -3.4e+38 
[rows 20 to 39 of 178, columns 0 to 45 of 196]
37.4263610839844 6.95773696899414 9.52953243255615 8.62817287445068 11.2766971588135 11.3517169952393 16.2012672424316 15.4442501068115 9.202956199646 19.1804752349854 5.87607479095459 9.239670753479 17.1986122131348 21.0211238861084 19.8325862884521 7.75564193725586 9.86179637908936 4.80569553375244 7.15885972976685 4.96424150466919 9.32823848724365 11.8810272216797 21.4731006622314 3.90125346183777 9.02519607543945 8.00201034545898 7.97674655914307 11.9993581771851 9.60686588287354 15.3171901702881 0.87408584356308 1.27971696853638 10.5118923187256 6.33234882354736 1.5265976190567 1.20862805843353 1.53503692150116 3.03804397583008 -0.311307430267334 7.12083053588867 -0.382031708955765 16.5053672790527 4.85337257385254 1.94448435306549 0.764484941959381 8.77270126342773
13.4566249847412 4.5742564201355 7.84609031677246 8.07348918914795 9.10678958892822 9.22127914428711 12.8204250335693 12.0998687744141 9.21394157409668 16.7402172088623 7.01597118377686 16.1584243774414 23.1624851226807 38.0131568908691 33.1391181945801 11.615873336792 12.0295991897583 9.16868686676025 4.31205081939697 8.04683971405029 7.69200038909912 7.71778535842896 1.75824618339539 2.44628143310547 1.79198884963989 4.59940147399902 7.51196575164795 24.2206611633301 37.4543991088867 18.5435104370117 26.3673248291016 7.38367223739624 6.42762422561646 3.59755063056946 18.38551902771 5.34299850463867 26.8397998809814 10.5758790969849 8.76762008666992 3.48311591148376 11.105544090271 2.71203184127808 11.4193258285522 0.730560898780823 6.82638311386108 9.18675422668457
6.30194664001465 4.12781858444214 8.85922908782959 7.53483152389526 7.09640836715698 9.93625640869141 9.80076789855957 6.4035005569458 8.7247371673584 28.2626571655273 5.23212003707886 5.98329019546509 19.2191200256348 32.0807342529297 25.3663711547852 5.44050312042236 17.5175113677979 7.66147136688232 4.39786100387573 2.93765306472778 4.36190843582153 5.26701307296753 5.62856531143188 9.87052536010742 7.39878845214844 3.77496218681335 7.58970260620117 20.3831386566162 13.0527009963989 18.9540958404541 17.7636909484863 8.85554504394531 4.81405735015869 12.1994695663452 7.60577249526978 8.3935604095459 4.77154111862183 10.5293655395508 6.23902559280396 6.86458873748779 5.42657327651978 7.53881072998047 4.37756204605103 7.02747106552124 6.91102647781372 22.473316192627
2.72263669967651 3.9183874130249 6.63584470748901 6.26643037796021 7.08227396011353 8.77237319946289 8.3938570022583 5.69802045822144 9.07843112945557 26.0789375305176 13.2411460876465 18.5744037628174 12.404712677002 19.7658615112305 32.4166603088379 49.9089736938477 16.9366188049316 10.764479637146 5.18634176254272 30.6998882293701 3.5921573638916 3.52566051483154 8.69406986236572 4.92385959625244 4.85982131958008 3.4826967716217 14.1247930526733 12.1447267532349 28.3533554077148 21.527099609375 21.7048645019531 33.4782409667969 18.4943084716797 5.48667764663696 10.4963140487671 31.8917369842529 38.2422790527344 8.92104721069336 0.672069072723389 18.9501399993896 16.3552761077881 6.75866222381592 7.52707529067993 19.1873054504395 24.26513671875 16.6715793609619
29.2072887420654 3.49065756797791 6.2475414276123 6.03863143920898 6.51975297927856 7.7898416519165 7.40704917907715 6.21494245529175 10.3905000686646 28.811803817749 5.58138036727905 10.3769855499268 11.9372482299805 16.5482921600342 37.8784065246582 16.0910472869873 14.9687519073486 14.2312393188477 18.460994720459 8.57601261138916 22.977596282959 16.7166633605957 9.77461338043213 1.38463175296783 8.78792190551758 13.2789640426636 21.2734851837158 18.3483276367188 19.1626968383789 12.0168571472168 18.7406787872314 16.3331661224365 7.01924324035645 26.8714561462402 11.0205354690552 28.8302593231201 14.4124994277954 20.1612949371338 12.7739276885986 7.99377489089966 4.31605625152588 3.4408872127533 7.65422534942627 6.28584003448486 10.8717021942139 12.4395751953125
3.78196454048157 37.9047660827637 5.91889762878418 5.4549560546875 6.72484683990479 6.63947820663452 5.1371169090271 5.90419626235962 13.2186346054077 24.5410404205322 24.3906116485596 22.8699817657471 19.0415744781494 15.2169551849365 23.0243644714355 30.3197746276855 44.561954498291 28.2590770721436 18.8481311798096 26.1111927032471 12.3025121688843 20.3438930511475 10.9464893341064 6.85491895675659 2.90113472938538 27.1521015167236 11.0600643157959 27.9467620849609 13.203351020813 28.5185508728027 17.5985164642334 15.4421482086182 29.832389831543 19.5085582733154 45.8737335205078 21.5721874237061 36.5494842529297 31.7696647644043 38.6047668457031 6.17948293685913 2.86018466949463 7.02928447723389 5.8382682800293 3.8494279384613 7.57999038696289 15.0053329467773
12.5354413986206 5.24904775619507 5.53127670288086 5.35269260406494 6.08722066879272 6.04572629928589 5.03804016113281 6.9333028793335 12.1828470230103 28.3843231201172 35.8626747131348 24.841667175293 13.1438322067261 14.8856163024902 16.7768096923828 27.9659461975098 19.4342823028564 17.0392227172852 24.1205348968506 15.5692701339722 23.3141002655029 13.0097618103027 9.43244934082031 21.9508304595947 25.1475162506104 7.56035614013672 22.8331775665283 13.5411262512207 11.9611978530884 14.3157224655151 14.9259977340698 24.3651123046875 16.5753517150879 25.788631439209 21.8601989746094 17.8169631958008 22.0931167602539 24.8325233459473 17.1143188476562 10.140380859375 28.2277145385742 5.36552476882935 11.0539417266846 21.3149070739746 40.6995811462402 17.1429080963135
9.77533531188965 4.95946979522705 5.35186386108398 4.98187589645386 5.61040687561035 5.62619018554688 5.1359429359436 7.89933919906616 13.6034812927246 21.3238639831543 21.4283638000488 15.9131813049316 10.8931322097778 16.9768047332764 18.9719696044922 14.2756538391113 21.82834815979 29.7042636871338 23.9699535369873 18.2340030670166 11.004056930542 9.04971694946289 19.5537338256836 16.2064399719238 10.4309463500977 29.7011337280273 11.6395015716553 14.818733215332 9.93880558013916 12.7786731719971 18.3991527557373 16.3003101348877 32.5113868713379 20.253101348877 15.4149169921875 18.0044536590576 16.383394241333 18.6700038909912 14.9717464447021 18.0923118591309 5.77852582931519 10.2442998886108 14.2892227172852 16.634744644165 9.88062477111816 11.207142829895
14.1089563369751 5.02988958358765 4.84607934951782 4.86942386627197 4.91621780395508 4.88106632232666 5.38083934783936 8.80355072021484 11.8298435211182 16.9709510803223 20.1079158782959 15.3964242935181 19.4690475463867 14.4923315048218 12.8218116760254 12.7930822372437 22.2587509155273 20.2134456634521 19.4904365539551 16.5320453643799 8.59858226776123 21.1441650390625 38.9173736572266 21.6772804260254 14.1837749481201 10.6521024703979 11.0059795379639 19.1790142059326 29.589958190918 9.36954498291016 14.7373104095459 13.1358194351196 16.2436599731445 18.5847454071045 13.7284898757935 17.0929927825928 19.0885143280029 7.40406513214111 13.2716102600098 21.854621887207 19.7302665710449 22.6185073852539 13.5854654312134 9.47300148010254 9.68970394134521 18.8554668426514
4.29888868331909 4.84096193313599 4.44768333435059 4.47903108596802 4.55076599121094 4.79747629165649 5.80783843994141 8.20489978790283 13.3407564163208 13.6545248031616 23.8955516815186 31.7472648620605 16.5447769165039 20.6851024627686 10.8436031341553 10.1588125228882 12.0511407852173 13.0246629714966 17.6917095184326 28.0025405883789 14.9970693588257 9.2943229675293 15.564061164856 25.9361114501953 29.44118309021 10.2359457015991 10.602611541748 15.7618045806885 10.0375576019287 12.6737623214722 13.985987663269 27.0153255462646 15.3309564590454 14.9633417129517 15.7945613861084 15.5662746429443 16.269567489624 39.9128494262695 18.1806221008301 21.4312000274658 30.9898204803467 13.5271215438843 12.9205045700073 11.8873376846313 16.0578479766846 11.3000440597534
4.11519718170166 4.69021368026733 4.1933479309082 4.19063186645508 4.26997709274292 4.83300685882568 6.5827317237854 9.17254161834717 11.7075424194336 11.9577531814575 19.2674007415771 32.692512512207 36.6557922363281 11.3462467193604 23.7745742797852 20.0042152404785 23.1837329864502 10.8517808914185 24.378101348877 25.6006469726562 10.4364538192749 11.5256500244141 8.5966329574585 8.74985694885254 10.9696502685547 8.55803394317627 21.0564880371094 9.68452644348145 12.3029165267944 8.5481071472168 12.2778348922729 14.0028257369995 13.6275310516357 13.0653495788574 13.8454532623291 12.2742233276367 23.1217422485352 11.5252285003662 15.2129669189453 18.5959148406982 11.0249176025391 10.2319612503052 7.8070125579834 7.87187004089355 9.68398761749268 11.1315603256226
4.43104934692383 4.31947946548462 3.73526573181152 3.87862658500671 4.54074859619141 4.97237110137939 6.85744762420654 8.43135070800781 10.3565282821655 10.6588506698608 14.9022789001465 27.3870964050293 26.1875305175781 28.9724216461182 22.9542617797852 16.9540119171143 16.3959217071533 14.6429538726807 13.7137622833252 21.6628952026367 40.7027587890625 29.3372650146484 34.4429702758789 17.3613567352295 8.31473445892334 36.132381439209 9.38784122467041 26.5257301330566 10.6354160308838 15.3057327270508 12.1209802627563 10.6011991500854 10.8871097564697 11.6678924560547 12.8313999176025 20.3415050506592 22.678201675415 34.9449844360352 12.5667905807495 16.1481380462646 8.38015079498291 10.7328176498413 26.7297401428223 25.1873645782471 15.2269659042358 20.0381641387939
4.29733085632324 4.00163793563843 3.62994790077209 3.80710196495056 4.25122785568237 5.06422328948975 6.42408752441406 8.95767116546631 9.14750480651855 12.958872795105 18.8975105285645 20.5260887145996 35.738883972168 33.4390563964844 20.115026473999 15.3988952636719 30.5748348236084 14.4203901290894 13.8364706039429 20.5500144958496 26.272439956665 21.1141738891602 12.4243535995483 9.91464519500732 28.9224948883057 9.91948890686035 10.3684062957764 8.0114107131958 11.0821685791016 29.2135925292969 11.0050401687622 10.3392343521118 10.8659410476685 11.996527671814 10.265025138855 14.8830146789551 17.5141315460205 13.6847534179688 22.2809066772461 17.6235599517822 36.3262748718262 18.6181182861328 15.9910411834717 13.2886009216309 20.5150184631348 11.7555084228516
4.1711540222168 3.76359820365906 3.60035395622253 3.6976146697998 4.49136257171631 5.66815185546875 7.00775098800659 8.21856021881104 9.35188770294189 11.8966102600098 16.5168495178223 18.3554649353027 27.3742580413818 31.6652908325195 21.9159812927246 13.8825740814209 25.7198677062988 28.6062526702881 33.3006858825684 24.5790729522705 22.8422145843506 22.8827285766602 23.3456764221191 26.0272159576416 11.4503698348999 18.7428779602051 15.4058685302734 20.1083202362061 14.5593280792236 10.7972917556763 18.3193130493164 14.441014289856 9.98438930511475 12.5213069915771 15.3668727874756 12.3503618240356 9.63266468048096 17.6481781005859 13.461106300354 22.5162143707275 20.2522850036621 28.6297702789307 19.7549819946289 26.4702987670898 16.0193271636963 13.1610460281372
3.86434531211853 3.05373072624207 3.55090641975403 3.73507595062256 4.59592485427856 5.71835613250732 6.5817723274231 7.58376312255859 8.95064258575439 11.2932767868042 14.675986289978 16.0225200653076 22.429666519165 31.2146282196045 29.9987545013428 30.3113803863525 33.2877998352051 23.0553245544434 19.3339004516602 19.1117057800293 18.8162078857422 18.3515663146973 12.7848491668701 10.9937887191772 9.88848304748535 13.3443126678467 28.3291645050049 38.632682800293 21.8322944641113 15.4675035476685 14.4785032272339 10.354395866394 13.8173360824585 18.0415458679199 15.3824186325073 15.40305519104 22.6184692382812 10.8907995223999 11.990309715271 20.3283920288086 17.6410007476807 18.2102947235107 17.3168926239014 14.0284299850464 9.90493869781494 12.9398946762085
4.42828464508057 3.71354246139526 3.5399603843689 3.93983197212219 4.55157566070557 5.48720073699951 6.84085702896118 7.00273609161377 9.84645652770996 12.6726713180542 12.2594699859619 17.5687885284424 19.6026515960693 25.2905464172363 25.4642467498779 19.3093605041504 27.4465065002441 21.2836742401123 18.1208877563477 21.5384330749512 17.1087017059326 12.1329908370972 17.072696685791 9.9508228302002 8.92895412445068 12.7803764343262 21.0963459014893 20.9788341522217 14.6639890670776 16.7259788513184 12.2978858947754 25.6806964874268 31.0599689483643 38.525218963623 39.3098678588867 12.521782875061 9.58524990081787 10.9167222976685 16.3509788513184 22.7991027832031 17.4568767547607 15.1655139923096 12.8701839447021 11.9379816055298 14.6729898452759 16.2043933868408
6.32799625396729 5.38176918029785 3.41595888137817 4.27304267883301 4.68396759033203 5.84824180603027 6.43520784378052 7.26244068145752 10.0310802459717 11.5515594482422 13.228533744812 15.2550296783447 17.3966274261475 20.2612171173096 31.4140529632568 36.3229789733887 21.0534286499023 19.7378368377686 27.3327960968018 22.5301647186279 17.2657470703125 16.5671463012695 19.1815986633301 10.5486602783203 22.8397903442383 24.5885334014893 19.9347953796387 23.7472457885742 37.9329452514648 34.4718170166016 28.5697269439697 18.6975345611572 28.5877952575684 28.1826000213623 33.5969352722168 49.4589500427246 31.8076477050781 34.001220703125 18.2218379974365 15.1443796157837 28.4071273803711 13.7398700714111 13.3887586593628 9.92076015472412 11.3488674163818 13.4366502761841
4.45840167999268 3.6536169052124 3.397296667099 4.38199377059937 4.96155595779419 5.51195192337036 6.05468320846558 7.82274580001831 9.59986209869385 10.8755083084106 12.5193099975586 15.0849208831787 16.9149513244629 18.6805934906006 24.5768966674805 23.4122123718262 25.7863178253174 15.6409978866577 18.7128295898438 18.2357501983643 22.9146842956543 25.2077522277832 21.8952903747559 28.9072322845459 24.0933380126953 14.6171922683716 25.0879688262939 21.1930599212646 18.7598724365234 19.176830291748 19.9889621734619 26.2790927886963 20.0102596282959 23.1055450439453 34.3531761169434 36.2550621032715 25.8992519378662 22.8234577178955 23.4615669250488 13.5710391998291 13.5502281188965 29.1530780792236 25.651948928833 35.9518966674805 41.2002983093262 34.3136863708496
3.34297800064087 3.41118502616882 3.76551032066345 4.31326150894165 4.80496692657471 5.64858865737915 5.88308334350586 7.97822284698486 9.55387115478516 10.3980884552002 11.8909034729004 13.7370491027832 15.4089784622192 17.6467876434326 18.9171524047852 20.8248481750488 17.915599822998 34.6317901611328 19.6042098999023 26.6053161621094 24.9013710021973 26.4910583496094 27.7830905914307 32.7222900390625 13.0010013580322 33.4296226501465 16.9260082244873 17.0080223083496 15.340874671936 14.8836574554443 16.4781742095947 17.7353038787842 17.339282989502 21.1983222961426 27.9601097106934 30.095251083374 21.5632839202881 18.9371528625488 22.945240020752 31.9413146972656 23.6623458862305 14.2432909011841 29.1216697692871 36.8079452514648 27.203556060791 25.7222728729248
3.32090330123901 3.26011347770691 4.05951023101807 4.41315603256226 5.17076730728149 5.3724513053894 6.3479266166687 8.02768707275391 9.07810211181641 11.109790802002 10.8711757659912 12.586935043335 14.1278400421143 15.2489194869995 17.4045429229736 18.3886375427246 24.1060237884521 19.4836044311523 24.6695365905762 22.4574508666992 18.9219074249268 22.1812191009521 24.4948348999023 20.3974933624268 13.5636119842529 17.2745227813721 15.2298288345337 13.9720315933228 12.2004051208496 12.9845628738403 13.8981695175171 12.8040199279785 15.4010124206543 19.154052734375 22.929988861084 24.829273223877 18.3956642150879 34.4196243286133 30.7469215393066 35.6763954162598 41.7284927368164 37.5214462280273 26.2249488830566 21.8984794616699 21.6248054504395 21.0027713775635
