slauniainen/Data/DEM/Vihti_dem1500b_cl_horizonAngle_168.asc
NCOLS 196 
NROWS 178 
XLLCORNER 353680 
YLLCORNER 6699024 
CELLSIZE 16 
NODATA_value -3.4e+38 
[rows 40 to 59 of 178, columns 0 to 44 of 196]
1.04967868328094 1.11380958557129 1.34202432632446 1.54881274700165 1.61990225315094 1.49017882347107 1.58805239200592 1.62786161899567 1.73655605316162 1.99725353717804 2.14467406272888 2.05991053581238 1.98067164421082 2.02978038787842 2.13297009468079 2.23494672775269 2.72027468681335 3.20415306091309 3.32374095916748 3.29756379127502 3.47801828384399 3.40069389343262 2.89622282981873 1.90587592124939 1.09361529350281 0.512399137020111 -0.144904047250748 -0.26029646396637 2.31252479553223 1.60818266868591 0.123487427830696 0.345904499292374 0.688751041889191 1.32554411888123 1.00903856754303 1.05472898483276 0.901579201221466 1.1539318561554 1.458744764328 1.76135802268982 1.54913449287415 1.20883047580719 0.612244725227356 0.0255122948437929 -0.0153254680335522
1.16645193099976 1.19889557361603 1.35984563827515 1.69182205200195 1.69278752803802 1.77638900279999 1.75484979152679 1.76596534252167 1.84082186222076 2.10069060325623 2.24679565429688 2.15576529502869 2.10220575332642 2.13376760482788 2.16093897819519 2.37868857383728 2.88839864730835 3.39369344711304 3.54765462875366 3.62338876724243 3.91771745681763 3.82628488540649 3.24786782264709 2.58892560005188 1.62797725200653 0.866368591785431 0.154672831296921 -0.183646485209465 -0.237888649106026 -0.154537230730057 0.462120592594147 0.452521830797195 1.39103615283966 0.711240351200104 1.05997288227081 1.56989526748657 1.46962320804596 1.45055496692657 1.66356492042542 1.95649993419647 1.76462697982788 1.41609454154968 1.09930980205536 0.591058075428009 0.232657417654991
4.14715051651001 2.64704012870789 1.77423024177551 1.94497776031494 1.96066224575043 2.04125285148621 1.95413410663605 1.94482004642487 1.93444609642029 2.20605945587158 2.36290287971497 2.26053166389465 2.1972348690033 2.14477682113647 2.28291273117065 2.50092339515686 2.84318494796753 3.59114241600037 3.76311802864075 3.85799217224121 4.23006916046143 4.17185688018799 3.59564065933228 2.90351390838623 2.13861656188965 1.26395046710968 0.704283475875854 0.183788225054741 -0.068939097225666 -0.118302658200264 0.0214777067303658 0.472757995128632 0.861146867275238 1.01765918731689 1.63362050056458 1.88229250907898 1.64678680896759 1.59964001178741 1.7977123260498 2.10902833938599 1.91937756538391 1.67208862304688 1.39315974712372 0.946616470813751 0.456890612840652
2.21741962432861 2.45894193649292 4.22711324691772 2.43588447570801 2.36627340316772 2.37957310676575 2.16791534423828 2.15180277824402 2.0635199546814 2.3164119720459 2.47629618644714 2.5044322013855 2.30219793319702 2.28243613243103 2.41217303276062 2.56757211685181 2.72374796867371 3.29892206192017 3.83120346069336 3.98714852333069 4.21765947341919 4.53445672988892 4.0881404876709 3.2021689414978 2.40684342384338 1.54178988933563 1.02300107479095 0.741910099983215 0.382659465074539 0.063873179256916 0.105724595487118 0.48250225186348 2.05746102333069 2.69947719573975 1.81003105640411 2.09691071510315 1.82262456417084 1.75285756587982 1.79038071632385 2.07623171806335 2.31512999534607 2.08693647384644 1.60395503044128 1.10488140583038 0.485215932130814
1.27827668190002 1.44380748271942 1.7803293466568 2.15217113494873 2.53038716316223 2.79846525192261 2.72678971290588 2.49827671051025 2.43677091598511 2.28249216079712 2.50327825546265 2.65144395828247 2.51061272621155 2.4088568687439 2.53972935676575 2.70466661453247 2.9066104888916 3.51843619346619 4.08622217178345 4.25964641571045 4.38044834136963 4.8738260269165 4.82837200164795 4.05249881744385 2.73023962974548 1.83175957202911 1.35576105117798 1.05681359767914 0.729565918445587 0.403541475534439 0.328090280294418 1.00042545795441 1.24227130413055 3.02648019790649 2.40229201316833 2.28762626647949 2.31518912315369 1.91815686225891 1.95132219791412 2.15812039375305 2.49184226989746 2.25731086730957 1.86078834533691 1.22027719020844 0.537232637405396
1.32356357574463 1.39480543136597 1.84625625610352 2.17486429214478 2.49055290222168 2.93083834648132 2.97076559066772 2.58274555206299 2.51653671264648 2.4138503074646 2.57242846488953 2.82201313972473 2.67129278182983 2.54917621612549 2.64250683784485 2.78725576400757 3.10274028778076 3.76261901855469 4.36510705947876 4.58857583999634 4.72024393081665 5.24768447875977 5.19767570495605 4.5183367729187 3.35377788543701 2.32665348052979 1.70401585102081 1.32684051990509 0.952854216098785 0.640619397163391 0.597285687923431 0.394578516483307 0.473067492246628 1.33800935745239 2.73311519622803 2.34518885612488 2.63053011894226 2.24158930778503 2.12251114845276 2.33197093009949 2.69619655609131 2.45470428466797 2.03457498550415 1.35411906242371 1.26746261119843
1.37914621829987 1.44325625896454 2.06192302703857 2.41391944885254 2.76557850837708 3.35396242141724 3.33866143226624 2.88369607925415 2.78008460998535 2.63759207725525 2.69484996795654 2.92364120483398 2.79519104957581 2.70416474342346 2.86096239089966 3.00866723060608 3.39253187179565 4.07514238357544 4.6782922744751 4.93232250213623 5.1026782989502 5.67386627197266 5.58612442016602 4.85540437698364 4.0353045463562 2.89459085464478 2.11433267593384 1.63372850418091 1.22339856624603 0.816814124584198 0.755134224891663 0.636617243289948 0.658026397228241 1.06421518325806 1.86539113521576 3.2417299747467 3.84702253341675 2.49516081809998 2.39098024368286 2.54432511329651 2.95332670211792 2.70871710777283 2.2121741771698 2.04808735847473 1.17150115966797
1.41408896446228 1.45370233058929 2.24134039878845 2.76523876190186 3.22876000404358 3.75564551353455 3.7699921131134 3.2119300365448 3.20273804664612 3.09114098548889 2.9054012298584 3.08029913902283 2.92012095451355 2.8391420841217 3.03576636314392 3.241703748703 3.56792068481445 4.03658390045166 5.09747457504272 5.35510015487671 5.56041622161865 6.17598628997803 6.053053855896 5.20688104629517 4.30925178527832 3.40221118927002 2.52366375923157 2.02117872238159 1.31718218326569 0.956847667694092 0.940424561500549 0.973391234874725 1.07296538352966 1.55727541446686 5.13926362991333 8.07062435150146 8.22646331787109 5.59917306900024 2.62284564971924 2.73032593727112 3.17962002754211 2.95226550102234 2.70749402046204 2.34312009811401 1.43706274032593
1.47024524211884 1.57400357723236 2.34654116630554 2.54159545898438 3.44372653961182 3.95835995674133 4.17632293701172 3.59450650215149 3.53196835517883 3.47070693969727 3.28971123695374 3.18333435058594 3.29552841186523 3.11470651626587 3.27366328239441 3.35792207717896 3.62411141395569 4.06101322174072 4.91124200820923 5.55026817321777 5.84094095230103 6.02359771728516 6.72130918502808 6.17848634719849 4.76054000854492 3.62201309204102 4.03429174423218 2.01916074752808 1.49551296234131 1.34884393215179 1.93573904037476 5.23142242431641 9.74188995361328 11.5948619842529 6.12281370162964 2.8851580619812 3.89947032928467 4.65553855895996 4.67104911804199 2.88152313232422 3.10795950889587 3.52195858955383 3.23191547393799 2.57516360282898 1.64614534378052
1.51792633533478 1.50476253032684 2.13683438301086 2.14915561676025 2.41697859764099 3.50738143920898 4.96572637557983 5.53230571746826 4.55796098709106 4.05186700820923 3.73437213897705 3.54570746421814 3.49708867073059 3.48101902008057 3.61635661125183 3.6814432144165 3.91916942596436 4.55230760574341 5.4364595413208 6.11082363128662 6.40484380722046 6.72688865661621 7.37170076370239 7.10370969772339 5.99001264572144 4.78055381774902 2.7450897693634 2.37964868545532 2.13375449180603 2.11341166496277 4.10362243652344 2.3163161277771 1.53607165813446 1.66026532649994 2.10141062736511 1.89755809307098 2.38913679122925 3.15217208862305 3.67941093444824 3.25818562507629 3.46563482284546 3.83896899223328 3.54189109802246 2.89484167098999 2.06059527397156
1.5455596446991 1.53894293308258 1.62998747825623 2.95963144302368 2.57271814346313 2.7862401008606 5.67953252792358 6.87715768814087 5.48745918273926 5.23983478546143 4.81574106216431 4.20417881011963 3.97788667678833 3.96835255622864 3.9839231967926 4.18235874176025 4.35647296905518 5.03946876525879 6.08652114868164 6.75439739227295 7.10091781616211 7.48178577423096 8.14724063873291 7.76188516616821 6.4629602432251 4.49380970001221 3.5439887046814 3.39590096473694 2.94635987281799 2.26680970191956 1.74844598770142 1.47766554355621 1.58861219882965 1.95812451839447 2.42518448829651 2.20176076889038 2.41366529464722 3.0880241394043 2.90937089920044 3.28736972808838 3.60200166702271 4.20620584487915 3.90230822563171 3.4398238658905 3.26504468917847
1.58733761310577 1.56701934337616 1.49976241588593 1.26300954818726 1.34646093845367 1.63688743114471 1.43449652194977 3.50014114379883 3.99662446975708 5.0493688583374 5.73069906234741 5.42399120330811 5.18488597869873 4.60083913803101 4.56212663650513 4.66618871688843 4.82512998580933 5.18914461135864 6.04874753952026 7.51536703109741 7.91276741027832 8.152024269104 8.95819282531738 8.24720668792725 6.75941514968872 5.50755643844604 4.19144773483276 3.65639519691467 3.32478475570679 2.7010612487793 1.9797500371933 1.7770369052887 2.11089515686035 2.51747345924377 2.79720306396484 2.92682409286499 2.8635675907135 3.3096649646759 2.93654751777649 3.29912090301514 3.67248296737671 4.4242639541626 4.43626928329468 4.22667789459229 3.74690866470337
1.54253017902374 1.56150054931641 1.52077007293701 1.28787314891815 1.33543312549591 1.44455146789551 1.45373034477234 1.17462229728699 3.13202905654907 3.85935664176941 5.20591259002686 5.56604909896851 5.82934045791626 5.66885948181152 5.44430494308472 5.11710691452026 5.48564004898071 5.94091939926147 7.03475475311279 8.0419454574585 8.63570117950439 9.11880493164062 9.67313194274902 9.90915393829346 9.02447032928467 6.7128210067749 4.79438638687134 4.23772096633911 3.76962900161743 3.1163535118103 2.39857864379883 2.13777470588684 2.20839238166809 2.45847272872925 2.50203394889832 3.27720713615417 3.14474964141846 3.74502563476562 4.30133390426636 3.49225449562073 3.78678035736084 4.35883665084839 5.14673948287964 4.86959743499756 4.22252321243286
1.51013970375061 1.59401309490204 1.63459289073944 1.4558492898941 1.48263597488403 1.54139494895935 1.51524567604065 1.20757460594177 2.28231549263 3.63144040107727 3.62448787689209 4.19943714141846 4.92658185958862 5.76813125610352 5.98335218429565 6.55045604705811 7.19628477096558 8.07873916625977 9.11617279052734 8.52147960662842 8.92133522033691 11.0246658325195 12.2256011962891 11.3540916442871 10.275053024292 8.57319164276123 5.78596639633179 4.98324966430664 4.06752252578735 3.33646988868713 2.70193386077881 2.42243766784668 2.26250171661377 2.1846079826355 2.23190522193909 2.19086217880249 2.20261240005493 3.78866577148438 5.80248308181763 4.69208860397339 4.2195520401001 4.5618462562561 5.60406351089478 5.52215671539307 5.15521287918091
1.55245506763458 1.63427948951721 1.59398317337036 1.54569971561432 1.67308902740479 2.32533073425293 1.59537374973297 1.29673111438751 1.41275131702423 2.29419469833374 3.17447948455811 3.32829070091248 3.23806047439575 4.03702402114868 5.17874813079834 6.8541054725647 8.3660945892334 6.47624349594116 7.54678392410278 10.0630302429199 11.48180103302 12.785439491272 15.8734130859375 15.0551424026489 11.4728765487671 9.33878898620605 6.4866886138916 5.54122400283813 4.24864673614502 3.37864756584167 2.68436121940613 2.52647137641907 2.16531777381897 1.45808970928192 1.24898910522461 0.924700021743774 1.52822017669678 3.28984236717224 6.32782077789307 5.30888700485229 4.70935487747192 5.15204191207886 6.04826021194458 6.40861940383911 6.36450386047363
1.61824977397919 1.67794275283813 1.63299131393433 1.58842349052429 1.42316472530365 1.5076779127121 1.60155558586121 1.53807246685028 1.42296266555786 1.3046600818634 2.17619872093201 2.79639291763306 2.92697215080261 3.45029020309448 3.70551657676697 4.00952482223511 5.06101179122925 6.52156782150269 8.76407623291016 11.38108253479 13.6163759231567 13.3708963394165 19.3907566070557 17.5991230010986 14.9762477874756 10.1223831176758 7.27474880218506 5.83096981048584 4.74273777008057 3.90053081512451 3.06419229507446 2.24834084510803 1.59423065185547 0.92968475818634 0.547764480113983 0.157295718789101 0.464510977268219 2.32561707496643 3.68792700767517 4.54968738555908 4.58835887908936 4.91292715072632 6.06343650817871 7.23615550994873 8.85765552520752
1.64543676376343 1.64309966564178 1.62488448619843 1.54586589336395 1.44356191158295 1.65794801712036 1.66875112056732 1.59907162189484 1.42869067192078 1.42814671993256 1.57142519950867 2.12397742271423 2.93402862548828 3.51195406913757 3.26126289367676 3.61859655380249 5.43344783782959 5.30803394317627 6.61666679382324 8.20718002319336 10.3580513000488 10.8883466720581 8.22307395935059 14.8683576583862 16.6211833953857 11.7986488342285 8.28692817687988 6.02008867263794 5.17458868026733 4.33782434463501 3.37783074378967 1.76834797859192 1.56776535511017 1.00168180465698 0.204741388559341 0.214682191610336 0.228291168808937 0.163889303803444 0.688231408596039 2.48443937301636 3.65334486961365 4.88903331756592 6.07688856124878 7.73062944412231 8.93685722351074
1.71308124065399 1.7145653963089 1.70559632778168 1.59784722328186 1.52873170375824 1.37516438961029 2.36847972869873 1.93264734745026 1.44423639774323 1.42049527168274 1.85260546207428 2.47356128692627 2.96828007698059 3.44138813018799 3.57725811004639 2.90605282783508 3.09327912330627 3.5060613155365 3.99879956245422 3.98738050460815 7.47886943817139 10.1552248001099 8.45818710327148 6.13434648513794 13.5232944488525 15.4291257858276 10.1899909973145 4.75598573684692 3.07272601127625 1.91321682929993 1.55984830856323 1.46007394790649 0.835423171520233 0.328019648790359 0.290731430053711 0.278176575899124 0.311483860015869 0.204496473073959 0.146060049533844 0.407509535551071 0.951234996318817 2.53479027748108 6.02646541595459 8.2623872756958 6.1477427482605
1.54700326919556 1.82190120220184 1.85858809947968 1.68018841743469 1.58396911621094 1.43367350101471 1.56147766113281 1.63009858131409 1.42253851890564 1.66944348812103 1.93313717842102 2.63582062721252 2.49576568603516 3.09703731536865 3.91156840324402 3.2818500995636 2.74112939834595 3.37572073936462 3.5242862701416 1.89172554016113 0.0358413010835648 7.59213972091675 7.25910234451294 5.92855596542358 13.913125038147 18.0398139953613 12.9072704315186 6.79965019226074 2.96309208869934 1.90774512290955 1.63488101959229 1.28947222232819 0.428952693939209 0.371745139360428 0.361577987670898 0.369621932506561 0.39734211564064 0.28026095032692 0.172352775931358 0.194700375199318 0.204391568899155 0.176061928272247 2.35020589828491 6.61252880096436 6.0603461265564
1.44882965087891 1.85748827457428 1.97753965854645 1.80496156215668 1.73631286621094 1.45137977600098 1.60874474048615 1.75621628761292 1.48595690727234 1.92914164066315 1.97968912124634 2.37735748291016 2.99061155319214 3.52535891532898 3.95422148704529 3.1427481174469 2.71705389022827 2.74545764923096 2.92266058921814 1.80899584293365 0.251233100891113 -1.02118909358978 0.940610110759735 1.60565757751465 -0.907779097557068 10.7849960327148 14.4728803634644 8.83870315551758 3.95828771591187 1.58402264118195 0.642012476921082 0.72733199596405 0.511429846286774 0.461754024028778 0.451170802116394 0.46261939406395 0.435982167720795 0.367081224918365 0.253677427768707 0.26687154173851 0.247104242444038 0.190972283482552 0.0554576367139816 -0.0367161855101585 1.208340883255
