slauniainen/Data/DEM/Vihti_dem1500b_cl_horizonAngle_60.asc
NCOLS 196 
NROWS 178 
XLLCORNER 353680 
YLLCORNER 6699024 
CELLSIZE 16 
NODATA_value -3.4e+38 
[rows 120 to 139 of 178, columns 45 to 89 of 196]
0.963115572929382 0.938924252986908 0.931329607963562 0.922752141952515 0.916230440139771 0.872909426689148 0.893443405628204 0.925412893295288 0.96356874704361 1.1822315454483 1.47831404209137 1.96165549755096 2.43489384651184 2.4771888256073 2.58876705169678 2.55454969406128 1.94252407550812 2.09849548339844 1.48190271854401 2.73412466049194 3.0641303062439 0.795272350311279 0.887849152088165 2.7475643157959 3.36184883117676 5.00953817367554 5.99875593185425 5.34045648574829 6.73381471633911 7.31990098953247 0.101631805300713 -0.00176770298276097 0.00317500694654882 0.152877867221832 0.235409826040268 2.07037878036499 8.14962291717529 5.61372375488281 0.273699790239334 0.499420970678329 0.556777000427246 0.643068552017212 0.792495906352997 0.769018352031708 0.738945126533508
0.884890854358673 0.891026556491852 0.883277416229248 0.800351977348328 0.779281497001648 0.784685790538788 0.788858354091644 0.859796702861786 1.00683403015137 1.17960715293884 1.49881458282471 1.82896435260773 2.39329409599304 2.45069932937622 4.18538475036621 5.53464651107788 4.2367525100708 1.20214772224426 -0.172221317887306 -0.73991060256958 0.991622865200043 0.53665167093277 2.14839839935303 3.1096978187561 3.70852613449097 3.90285348892212 4.67469215393066 4.94131851196289 4.8977746963501 5.71096467971802 3.79165053367615 0.561740577220917 -0.195407956838608 -0.112182095646858 2.38318920135498 4.08983707427979 8.50387001037598 5.101393699646 0.0287631116807461 0.214813724160194 0.276439130306244 0.175157263875008 0.311142832040787 0.314346879720688 0.252417236566544
0.87259840965271 0.770487070083618 0.714682698249817 0.700728595256805 0.715855836868286 0.760018646717072 0.770797491073608 0.821263670921326 1.01682531833649 1.28770363330841 2.01221632957458 2.09515452384949 2.62258434295654 3.66361212730408 4.2223858833313 6.79216861724854 6.58047771453857 5.20960235595703 -0.447003841400146 -0.213513776659966 1.48995792865753 1.83031749725342 2.64324331283569 2.78518962860107 2.88952374458313 3.24967575073242 2.37526416778564 3.15359663963318 3.04895067214966 3.50221586227417 2.86172032356262 0.640600442886353 0.30254054069519 1.42981648445129 4.16396713256836 5.11209917068481 8.6584529876709 5.42809581756592 -0.189763054251671 -0.0310760755091906 -0.0193065255880356 -0.14768148958683 -0.366080641746521 -0.304218262434006 -0.157826006412506
0.732277095317841 0.679517924785614 0.643101751804352 0.62497091293335 0.670227110385895 0.708915531635284 0.915054440498352 1.12872815132141 1.11257112026215 1.7470645904541 1.8563220500946 2.56149625778198 3.02812743186951 4.09680843353271 5.19662523269653 5.99798059463501 8.41089248657227 9.23374652862549 5.91569709777832 1.82636916637421 2.05455684661865 2.34459495544434 2.55303645133972 2.62325143814087 1.68356192111969 1.77683782577515 1.53264319896698 1.90491533279419 2.14870452880859 2.21132636070251 2.34537887573242 0.234628766775131 1.62755966186523 3.09694695472717 5.57617425918579 6.30600214004517 7.92039585113525 4.40817785263062 0.579868853092194 -0.406613171100616 -0.491404116153717 -0.56238317489624 -0.68293434381485 -0.630026042461395 -0.328705668449402
0.663553714752197 0.68286806344986 0.60452401638031 0.558549463748932 0.789955139160156 0.979378283023834 0.988384068012238 1.50722134113312 1.50712728500366 1.55559635162354 2.01935720443726 2.80311417579651 3.62957715988159 4.01723527908325 5.55658197402954 6.4039945602417 5.92469501495361 6.50475645065308 4.85605049133301 2.03817367553711 2.0523374080658 2.05965733528137 2.39832639694214 2.28290772438049 2.38367104530334 1.51363432407379 1.0482337474823 1.20587873458862 1.51364171504974 1.73534750938416 2.2898416519165 1.3963178396225 2.89348244667053 4.13821744918823 6.35304403305054 7.76797103881836 6.5298056602478 3.76318955421448 -0.137039229273796 -1.09286177158356 -1.11390352249146 -1.05177819728851 -0.985800206661224 -0.882763266563416 -0.654376089572906
0.84396094083786 0.863524079322815 0.77261620759964 0.920691311359406 0.88741010427475 1.32159471511841 1.3089405298233 1.31521356105804 1.38862681388855 1.66648757457733 2.13240051269531 2.91724586486816 3.8384211063385 4.31340217590332 4.3848123550415 4.22988796234131 4.42925119400024 4.42781782150269 4.96900320053101 2.34737515449524 1.90164256095886 1.24789869785309 1.4476398229599 1.41680812835693 1.50726366043091 1.03241443634033 0.895501017570496 0.956988096237183 1.22414577007294 1.50224554538727 2.23954701423645 2.57072925567627 3.87813496589661 5.07940435409546 8.00323390960693 9.26782131195068 6.47959423065186 5.1840615272522 4.1929235458374 1.03210747241974 -0.939850687980652 -1.37754118442535 -1.36412310600281 -1.26615118980408 -1.10700833797455
1.19541537761688 1.05507016181946 0.868620216846466 1.2270416021347 1.11740386486053 1.0592805147171 1.06189894676208 1.32959866523743 1.40446090698242 1.89126884937286 2.16725850105286 3.04492211341858 3.21283960342407 3.00588083267212 3.28177905082703 3.30856537818909 3.43159294128418 3.50341534614563 4.06238126754761 3.10603642463684 1.7414493560791 1.09915041923523 0.770968556404114 0.858250617980957 0.695003151893616 0.634028136730194 0.798525929450989 1.18668401241302 1.53889727592468 2.20676374435425 2.52779412269592 3.33119201660156 4.79265213012695 6.26314735412598 10.0724067687988 11.471492767334 6.27107906341553 5.4125771522522 5.46316862106323 5.32066869735718 4.19050264358521 1.53790080547333 -1.65619206428528 -1.58928680419922 -1.29244017601013
1.41147398948669 1.30052149295807 1.50734913349152 1.69468510150909 0.927535891532898 1.1015111207962 1.05035245418549 1.30388355255127 1.52943444252014 1.88941073417664 2.06977868080139 2.40336680412292 2.27180123329163 2.27219009399414 2.49742722511292 2.46318531036377 2.66481161117554 2.67311716079712 2.47570085525513 3.00648140907288 1.27626180648804 0.792807877063751 0.573667585849762 0.600323438644409 0.573528945446014 0.570950388908386 1.0507025718689 1.70975041389465 2.00789570808411 2.51210570335388 2.88839673995972 3.70396161079407 5.39533472061157 6.69860315322876 8.9728946685791 11.2208404541016 9.37255573272705 7.33488607406616 7.7342848777771 9.1059045791626 8.74066829681396 5.80106925964355 2.30710411071777 -0.526303648948669 -1.21911180019379
1.91094672679901 1.63430786132812 2.7141318321228 2.57618737220764 1.89462900161743 0.883791983127594 1.03963732719421 1.20486092567444 1.28039479255676 1.44618439674377 1.38884127140045 1.65041148662567 1.76426792144775 1.77620816230774 1.80284786224365 1.98078060150146 1.97601628303528 1.96932911872864 1.55760335922241 1.79773855209351 1.68579375743866 0.510863304138184 0.430366337299347 0.482973158359528 0.889261603355408 1.12240469455719 1.46349012851715 1.80646729469299 2.19515085220337 2.69226622581482 2.98810935020447 3.86344027519226 4.50736331939697 5.70549774169922 6.6795825958252 7.39124059677124 9.52915000915527 9.21396446228027 7.51129293441772 7.9430365562439 8.2480411529541 6.6111102104187 0.535401999950409 -1.70197641849518 -1.23000860214233
2.30370855331421 2.18567872047424 2.28473663330078 3.03399205207825 2.6597888469696 0.98803585767746 0.974291026592255 0.882838070392609 0.981685280799866 1.0603609085083 1.39854764938354 1.47896647453308 1.31289529800415 1.32766425609589 1.15846836566925 1.29432082176208 1.40111613273621 1.37819838523865 0.991958737373352 1.1302946805954 1.19702446460724 0.452721804380417 0.763974964618683 0.985458254814148 1.30607128143311 1.43628454208374 1.50508511066437 1.97708201408386 2.21310305595398 2.80108523368835 3.19249153137207 3.35058259963989 3.88089203834534 4.75464534759521 5.61655187606812 6.47878980636597 7.19921493530273 8.29259490966797 7.8495044708252 8.70044612884521 10.8461542129517 9.1496524810791 5.37536334991455 -1.48534440994263 -1.11812353134155
2.00401711463928 2.71310496330261 3.08706879615784 4.36516666412354 2.95466232299805 1.89423847198486 0.912748754024506 0.834659516811371 0.957087934017181 0.963365077972412 1.09381973743439 1.1000634431839 0.645555555820465 0.656563580036163 0.816589176654816 0.702657341957092 0.794534683227539 1.11198353767395 0.981906473636627 0.885542273521423 0.757697522640228 0.892305314540863 1.08690702915192 1.28071260452271 1.4700779914856 1.64639484882355 1.75161397457123 2.30992889404297 2.44499754905701 2.369309425354 2.53644394874573 2.86336183547974 3.26219344139099 4.15050268173218 5.23717069625854 5.98504829406738 7.17823934555054 8.34355068206787 8.42978858947754 9.30623149871826 12.4029941558838 11.2135076522827 9.72629451751709 1.46480071544647 -0.892122149467468
2.44528698921204 3.31278491020203 4.03541707992554 4.98110675811768 4.49928617477417 3.10471534729004 2.57243752479553 0.850736737251282 0.805493891239166 0.674558520317078 0.668739795684814 0.378569513559341 0.338251054286957 0.201931610703468 0.314653128385544 0.318519830703735 0.396736711263657 0.414932459592819 0.692616820335388 0.945151925086975 1.05906438827515 1.15750098228455 1.2681519985199 1.47201776504517 1.66373145580292 1.83679699897766 2.09958553314209 2.10721349716187 2.07769632339478 2.12386798858643 2.0748176574707 2.23221135139465 2.75329303741455 3.8216700553894 4.74582815170288 5.75968503952026 7.11696767807007 8.90467357635498 10.0862617492676 10.1540927886963 11.3095579147339 10.5077991485596 9.26919364929199 5.94902896881104 0.489069789648056
2.92410564422607 3.55761981010437 4.08703231811523 4.64331007003784 4.78607368469238 5.41669464111328 2.20878291130066 0.577611327171326 0.556652009487152 0.190315619111061 0.143233969807625 0.0131210759282112 -0.169369921088219 -0.160688623785973 -0.08516725897789 0.0431594364345074 0.264712154865265 0.562927842140198 0.771802127361298 1.01468062400818 1.21561300754547 1.36771309375763 1.47622013092041 1.62070381641388 1.96457290649414 2.31121373176575 2.1072838306427 1.769850730896 1.88485980033875 1.72117555141449 1.57808518409729 1.75304484367371 2.43390464782715 3.24189448356628 4.36022472381592 5.24154281616211 6.07075929641724 6.83483266830444 7.2447566986084 7.5027494430542 7.03036308288574 6.41142606735229 5.36395978927612 3.74521660804749 0.715517520904541
3.44414734840393 3.59308505058289 3.71698546409607 4.37707996368408 5.23260736465454 5.64640474319458 3.13989806175232 0.169893279671669 0.171036154031754 0.143013894557953 -0.238069698214531 -0.486860275268555 -0.690172255039215 -0.425280809402466 -0.15017606317997 0.253240555524826 0.548548519611359 0.770375192165375 0.963571012020111 1.1393461227417 1.3679803609848 1.51842164993286 1.74016523361206 1.88239467144012 1.95816481113434 3.44190311431885 2.33741521835327 2.4536452293396 2.74898648262024 1.31572878360748 1.26470005512238 1.30473351478577 2.04202389717102 2.49010920524597 3.71887278556824 4.21123695373535 4.24306726455688 4.2060022354126 3.80766010284424 3.79606461524963 3.74889063835144 2.5067093372345 2.01925158500671 1.16880226135254 0.0286399591714144
3.20959091186523 3.66447520256042 4.25498247146606 5.05701971054077 6.50243949890137 6.72710466384888 3.98500657081604 0.491825997829437 1.01114153862 2.66634202003479 2.16828370094299 0.953192949295044 -0.654748201370239 -0.301488995552063 0.0546851716935635 0.423495352268219 0.741862297058105 0.893341183662415 1.13445484638214 1.24131453037262 1.54935932159424 1.73018562793732 1.79612767696381 1.89839422702789 2.24432706832886 3.5055820941925 3.02681565284729 3.95953369140625 5.00920820236206 2.14005637168884 0.945296406745911 0.725964903831482 1.72375297546387 1.99052751064301 2.4949254989624 3.0903172492981 2.01989889144897 1.36866497993469 0.943367123603821 0.710548043251038 3.75265145301819 3.97570133209229 2.69537258148193 2.38639974594116 1.14022219181061
3.55139708518982 4.17012405395508 4.53700685501099 5.25892972946167 6.60254240036011 7.40427875518799 6.00078678131104 1.63590097427368 1.8720954656601 3.24908685684204 2.99743270874023 2.44061803817749 -0.375877469778061 -0.122683919966221 0.22385610640049 0.521033823490143 0.867088973522186 1.04849219322205 1.27770888805389 1.42104816436768 1.52487599849701 1.62720334529877 1.84801244735718 2.34151363372803 2.45646858215332 3.77580833435059 4.04847431182861 4.298264503479 4.26769495010376 3.933758020401 0.668484807014465 0.858466804027557 1.06075263023376 1.20642066001892 0.937867999076843 1.28536260128021 0.817127585411072 0.0181173402816057 1.12100756168365 0.365734100341797 0.770826578140259 2.24260425567627 1.40366649627686 0.112134538590908 0.0728995278477669
3.77733993530273 4.3786883354187 4.58342456817627 5.35340166091919 5.66126155853271 7.69549655914307 7.83563947677612 2.27892398834229 2.20195698738098 3.28380799293518 3.25490832328796 3.176598072052 0.263099431991577 -0.00779868429526687 0.344010442495346 0.665038287639618 0.98786723613739 1.25551795959473 1.48392927646637 1.46249401569366 1.45240724086761 1.66691839694977 1.96077263355255 2.87212228775024 3.12833023071289 3.71024799346924 4.39378452301025 3.82285118103027 1.56218588352203 1.02382040023804 0.711989462375641 0.409729331731796 0.0781247466802597 0.186226904392242 -0.0765769481658936 -0.470578372478485 -0.472233325242996 -0.320759892463684 -0.440494924783707 -0.237282827496529 -0.132632866501808 -0.0704167559742928 0.396578550338745 0.0799022018909454 0.110740751028061
3.77647686004639 4.37161874771118 4.60054636001587 5.26281261444092 5.43177652359009 6.74821615219116 6.92487907409668 3.59616827964783 2.09879755973816 2.92120790481567 3.48473000526428 4.48726749420166 3.98303580284119 0.232120916247368 0.508864402770996 0.850386261940002 1.16769337654114 1.33835029602051 1.3706864118576 1.55076730251312 1.59307241439819 1.61788940429688 2.25180006027222 2.77386593818665 3.41095757484436 3.67200016975403 5.17720556259155 3.75344014167786 1.61171960830688 0.152232885360718 0.268238127231598 -0.30015829205513 -0.263369888067245 -0.948704123497009 -0.873472452163696 -0.750021934509277 -0.557998061180115 -0.574047207832336 -0.663157522678375 -0.418343603610992 -0.3063023686409 -0.113064661622047 2.49065852165222 0.798823952674866 0.410264521837234
3.70974206924438 4.23707866668701 4.52835369110107 4.91363334655762 5.0969877243042 6.00801086425781 5.80724048614502 3.92996048927307 1.98951959609985 2.88939261436462 3.25759983062744 3.728759765625 5.35895204544067 2.03110814094543 0.794802665710449 0.934080481529236 1.10494422912598 1.37243187427521 1.51365530490875 1.55617141723633 1.84061849117279 2.05057907104492 2.17925572395325 2.80969429016113 3.1999180316925 3.51617479324341 5.02979564666748 4.33486127853394 -0.122392125427723 -0.731003522872925 -0.666111707687378 -0.719425976276398 -0.987364232540131 -0.905272960662842 -0.332065284252167 -0.635806858539581 -0.735181927680969 -0.930816829204559 -0.853602528572083 -0.574873805046082 -0.427242934703827 -0.26780304312706 0.265513092279434 0.55015504360199 0.774868547916412
3.53635025024414 3.87082123756409 4.32163572311401 4.89768981933594 5.25510120391846 5.43502759933472 5.01929569244385 4.2689995765686 1.95744407176971 2.3519549369812 3.22074031829834 2.58626103401184 2.59735608100891 3.40551090240479 0.892716348171234 1.01002860069275 1.21906864643097 1.34609723091125 1.5346941947937 1.82514572143555 1.9158331155777 2.27256464958191 2.36670470237732 2.36707139015198 2.80014729499817 3.204594373703 4.05821800231934 6.54275178909302 2.22022867202759 0.298413127660751 -0.978908479213715 -1.03345704078674 -0.935559093952179 -0.800929486751556 -0.160467490553856 2.45962119102478 -1.17415344715118 -1.29432570934296 -1.00092709064484 -0.707526326179504 -0.375238090753555 -0.117605991661549 0.629373967647552 0.799038469791412 1.57470226287842
