slauniainen/Data/DEM/Vihti_dsm1500b_cl_horizonAngle_336.asc
NCOLS 196 
NROWS 178 
XLLCORNER 353680 
YLLCORNER 6699024 
CELLSIZE 16 
NODATA_value -3.4e+38 
[rows 140 to 159 of 178, columns 0 to 44 of 196]
1.73262190818787 5.26163578033447 0.504721343517303 -1.44168341159821 6.19930839538574 6.22461366653442 -1.19861912727356 -1.26924669742584 0.356892973184586 0.421994090080261 0.585960686206818 1.29883241653442 1.57584059238434 1.95605933666229 1.97900652885437 1.91187167167664 2.06722688674927 1.81320786476135 2.1555540561676 1.92878663539886 2.28697609901428 2.82898283004761 3.22162580490112 2.93929195404053 2.62670135498047 2.24181437492371 1.14536941051483 24.1784076690674 1.44908010959625 9.48672771453857 6.82798910140991 5.4967303276062 1.52668559551239 -0.956062197685242 0.899619519710541 -1.16646301746368 -0.834274113178253 6.56814575195312 2.90702629089355 0.869896829128265 1.61198163032532 -0.732694804668427 10.1037893295288 7.83456516265869 10.9122247695923
-0.603156507015228 -1.2962726354599 3.53570675849915 12.7463579177856 1.84538960456848 7.12560701370239 9.24079990386963 16.85595703125 -0.26063933968544 0.360012829303741 0.486133724451065 1.00774788856506 1.33036851882935 1.73515713214874 1.85785055160522 1.87674605846405 1.81335306167603 1.96550142765045 2.10730838775635 1.88725197315216 1.70430886745453 2.41745853424072 3.15401554107666 2.74723720550537 2.69944763183594 2.22037506103516 1.71674239635468 0.238823011517525 7.51689672470093 -1.60707461833954 3.88861489295959 -0.351282268762589 0.169820845127106 22.8662128448486 -0.777249455451965 13.2449817657471 11.2370491027832 2.01941299438477 9.54311752319336 9.51082229614258 17.5746173858643 -1.07444512844086 -0.762154519557953 4.19349098205566 5.76064348220825
9.45941352844238 -0.584554314613342 -0.664081752300262 -0.380341291427612 1.07422041893005 13.0197172164917 9.96479225158691 23.4303359985352 27.654634475708 0.341522961854935 0.39996549487114 0.543549120426178 1.19825780391693 1.42577612400055 1.79226779937744 1.80893588066101 1.72606325149536 1.90230798721313 1.71160125732422 2.03426742553711 1.81949198246002 2.1635730266571 3.08374381065369 2.64948320388794 2.65319490432739 2.41321492195129 2.03774929046631 0.972372174263 -0.686647236347198 11.5672159194946 0.765136659145355 10.8642778396606 16.7976512908936 2.93785905838013 1.60336983203888 -0.457990676164627 0.0247724261134863 8.49381160736084 2.40346431732178 14.9529266357422 4.03469610214233 15.7672271728516 -0.367620319128036 3.85768032073975 -0.297436982393265
10.9010448455811 11.4123220443726 10.4278259277344 5.90017890930176 28.1500339508057 18.5736999511719 29.4593124389648 25.996711730957 21.3052921295166 10.7979707717896 0.364609777927399 0.49411877989769 1.16322040557861 1.22128558158875 1.65264177322388 1.70234763622284 1.71728324890137 1.66569805145264 1.8109450340271 1.98603665828705 1.77629292011261 1.70770406723022 2.27736949920654 2.85280585289001 2.58208918571472 2.36799931526184 2.01464557647705 1.26261556148529 46.2151489257812 5.27871608734131 3.78499221801758 17.2255191802979 0.921965479850769 2.63941359519958 2.47757005691528 -0.1890639513731 -1.22147381305695 3.23035359382629 0.598307847976685 0.374547481536865 0.371553838253021 2.34815740585327 3.63960909843445 10.8053073883057 -0.426380693912506
-1.21754348278046 4.29061508178711 2.81071448326111 23.3844623565674 5.19747352600098 30.4842128753662 25.9092350006104 23.1509132385254 15.3786487579346 14.7008256912231 0.323802351951599 0.449873864650726 0.587004542350769 1.11524772644043 1.29756367206573 1.64411342144012 1.65691351890564 1.6048709154129 1.7507289648056 1.93635499477386 1.72650480270386 1.56094086170197 1.99747383594513 2.76471662521362 2.35569190979004 2.39040780067444 2.1806435585022 1.81999242305756 0.0706241205334663 12.4941482543945 10.9732437133789 4.90325880050659 22.7755565643311 8.65214347839355 7.2392258644104 4.23099851608276 -1.46309852600098 2.53572535514832 0.147381260991096 3.96774983406067 6.32923221588135 2.04590797424316 19.5758590698242 12.1598148345947 31.8965072631836
31.4459934234619 1.75487244129181 12.0725622177124 11.234673500061 45.1700325012207 26.2820682525635 19.0606269836426 16.8206443786621 13.7611227035522 12.285213470459 5.43300485610962 0.345273435115814 0.508004665374756 1.08403480052948 1.12130868434906 1.56972062587738 1.56152498722076 1.57202923297882 1.69145977497101 1.57089757919312 1.85530996322632 1.63434267044067 1.49143528938293 1.96311342716217 2.5553126335144 2.32267594337463 2.12766647338867 1.77781474590302 0.775562405586243 17.6163959503174 -0.216651171445847 4.56966304779053 2.13256025314331 1.91699171066284 0.0160717386752367 0.613775610923767 14.9725437164307 5.01964378356934 8.6057767868042 1.39788138866425 0.406972080469131 -0.739736199378967 -0.434687674045563 1.09260439872742 6.35571336746216
5.71356105804443 18.5119934082031 3.30419731140137 21.1771144866943 18.5809307098389 29.6415309906006 19.3375034332275 13.823751449585 12.0806112289429 9.72983837127686 9.91651248931885 0.308750510215759 0.42752942442894 0.579361021518707 1.03686583042145 1.18249881267548 1.50690031051636 1.52093386650085 1.47958981990814 1.60484206676483 1.80483484268188 1.56605553627014 1.33236908912659 1.5117210149765 2.46822285652161 2.08925008773804 2.13287687301636 1.93200266361237 1.57347512245178 32.3800849914551 23.7460460662842 3.68780946731567 0.756043910980225 10.9791679382324 7.1541314125061 -0.535046696662903 -0.702634155750275 1.13296699523926 -1.18844723701477 4.60029363632202 4.05850791931152 0.610789775848389 -0.646599948406219 0.319310009479523 0.695977568626404
24.3382530212402 17.5467643737793 37.0846557617188 24.081563949585 18.8203468322754 21.910888671875 16.2483959197998 12.3068590164185 11.1688203811646 9.26552867889404 8.75944232940674 3.63918018341064 0.328397542238235 0.476788252592087 1.00689685344696 1.10845792293549 1.45898234844208 1.47053027153015 1.3971209526062 1.54825496673584 1.45109283924103 1.65411329269409 1.36475765705109 1.23046123981476 1.66346681118011 2.26634383201599 2.03764462471008 1.5246479511261 1.07535719871521 0.603054046630859 31.1960563659668 12.599684715271 4.3668155670166 -0.0485746115446091 0.458377689123154 11.1748180389404 13.1319036483765 3.85829043388367 -1.43966889381409 -1.71960043907166 -1.77326440811157 -1.33950233459473 7.10748195648193 -1.20027339458466 -0.214385032653809
18.5608730316162 16.9445610046387 15.6254940032959 26.4791946411133 16.4332904815674 14.3034334182739 15.8837308883667 13.1684226989746 9.85976982116699 8.57756996154785 7.3288426399231 7.47411775588989 0.273202896118164 0.400476932525635 0.748475968837738 0.986614406108856 1.18386340141296 1.38612878322601 1.38975143432617 1.36871528625488 1.38564002513885 1.54610109329224 1.27563881874084 1.07410216331482 1.22806477546692 2.16454267501831 1.07450866699219 0.694578170776367 0.329631060361862 0.24225141108036 1.27306008338928 8.27717590332031 2.92580223083496 14.9967346191406 -0.537376582622528 -0.649444341659546 -1.31197822093964 -1.62737321853638 -1.14743852615356 -1.69896566867828 -1.80810308456421 -1.89075410366058 -0.752673923969269 5.01475143432617 -1.26207506656647
19.2740001678467 16.5150947570801 15.4463386535645 19.4097518920898 13.8728733062744 10.3467397689819 13.2927846908569 11.6404123306274 9.27707958221436 8.40587902069092 6.96372699737549 6.78096580505371 2.70590877532959 0.306713879108429 0.444327771663666 0.934244275093079 1.03673708438873 1.33504295349121 1.33118200302124 1.2206906080246 1.24888610839844 1.17141354084015 1.35871505737305 1.08806884288788 0.435060679912567 0.907830059528351 7.40648603439331 33.9279556274414 35.4430541992188 29.7337875366211 -0.5161412358284 12.4951696395874 14.6168060302734 16.4652042388916 -0.808604717254639 -1.25983536243439 -1.40811717510223 0.581707239151001 -1.70066928863525 1.79899954795837 0.624404847621918 4.7375373840332 -1.44950985908508 -1.28269612789154 -1.22472321987152
10.4737586975098 13.8204832077026 11.8672285079956 12.1649856567383 13.9911270141602 11.1078004837036 10.1928339004517 10.7043943405151 9.91889476776123 7.61483144760132 6.837082862854 6.16730642318726 2.42961311340332 0.249560937285423 0.368726283311844 0.678651928901672 0.898667573928833 1.07650101184845 1.24415111541748 1.14418196678162 1.10697531700134 1.01831197738647 1.28521001338959 0.471812129020691 6.57316637039185 15.1228628158569 15.1600017547607 4.04784679412842 18.1982250213623 15.4109220504761 22.6395797729492 0.890019536018372 0.150110572576523 1.3486340045929 5.03081226348877 12.6241340637207 -1.42466282844543 18.301441192627 -1.92656242847443 -2.00183320045471 0.24115888774395 0.929542481899261 -1.998690366745 8.26640796661377 -1.52022457122803
9.2508544921875 11.5540428161621 9.90389251708984 9.10929775238037 11.6808795928955 9.80671215057373 8.00061511993408 9.38979434967041 8.97731399536133 7.00089454650879 6.34667825698853 5.37115478515625 5.46388578414917 0.123614244163036 0.255673170089722 0.404029041528702 0.852599620819092 0.919581770896912 1.15371894836426 1.02917051315308 0.876329481601715 0.939584255218506 -0.354508459568024 10.602707862854 6.21537685394287 -0.341289490461349 -0.420859575271606 7.78238868713379 12.3187866210938 10.8508033752441 13.6356315612793 -1.55724048614502 30.6735858917236 25.5105628967285 37.1138305664062 0.476726591587067 18.933443069458 -1.70771169662476 17.2133731842041 1.80577385425568 12.9211883544922 10.1884508132935 26.1545639038086 -1.50048875808716 12.6091556549072
6.14462184906006 7.88533496856689 9.31324577331543 7.9693775177002 8.64878559112549 9.38383674621582 8.30344104766846 7.83557605743408 8.1948070526123 6.80765438079834 6.3118314743042 5.72668838500977 5.02582597732544 1.84672164916992 0.0587893724441528 0.246223971247673 0.807738065719604 0.744117438793182 0.829338312149048 0.89995265007019 0.795800268650055 0.13532766699791 32.4473876953125 8.21601486206055 1.08619248867035 -0.816798269748688 -0.598935306072235 -0.579604744911194 3.05724763870239 7.97018575668335 6.55208921432495 21.4131927490234 1.60586714744568 -0.672525703907013 2.40261340141296 31.7229347229004 0.0998674184083939 6.42762231826782 4.84879207611084 2.8903329372406 12.1530952453613 -0.0137421190738678 0.0903077945113182 8.92541885375977 5.75560855865479
4.92195749282837 7.17172574996948 8.22293567657471 7.02814388275146 7.04340124130249 8.26063346862793 7.55057430267334 7.16358375549316 7.21656799316406 7.24890851974487 5.86331224441528 5.30654716491699 4.3902440071106 4.42989206314087 -0.00726160872727633 -0.0327867865562439 0.164876997470856 0.64514571428299 0.638310074806213 0.83323085308075 -0.110983639955521 0.975103855133057 0.541410028934479 11.9154205322266 0.16542162001133 13.0251808166504 0.0615481771528721 -0.675991237163544 -0.0716243237257004 6.11019134521484 5.12998247146606 14.5668277740479 -1.78384792804718 29.3619136810303 -0.17724746465683 9.81733512878418 1.52586400508881 -1.53111433982849 0.956002414226532 23.0003108978271 2.59788513183594 13.589524269104 15.5354223251343 9.63474559783936 3.19073152542114
4.37238645553589 6.57296943664551 4.46467447280884 7.0044264793396 6.45215082168579 6.66937446594238 7.00780391693115 6.01998090744019 6.58799028396606 6.68074226379395 5.60701513290405 5.27535533905029 4.67624044418335 1.68215990066528 -0.656159102916718 -1.05961215496063 -0.940670549869537 0.545377433300018 0.472173541784286 -0.370084881782532 -0.20827329158783 -0.259389787912369 0.0782133713364601 4.2827787399292 9.12316703796387 12.2949333190918 4.14499998092651 -0.423554182052612 -1.08313024044037 1.22010636329651 4.39220333099365 2.69963574409485 -1.37050557136536 2.25529408454895 7.29575395584106 1.25443363189697 -1.1301064491272 17.6678161621094 3.7720890045166 4.55971908569336 19.1951217651367 14.612229347229 -0.572104275226593 6.51333093643188 4.54586982727051
3.73699188232422 4.20386791229248 5.85737609863281 6.3723840713501 5.48544979095459 6.11045408248901 6.3679575920105 6.10941362380981 5.82200384140015 5.67948722839355 5.89744901657104 2.34266424179077 1.76427495479584 0.533203423023224 0.541562020778656 -1.25096988677979 -1.27703762054443 -1.10114848613739 -0.340829133987427 1.26471555233002 -0.295563668012619 -0.445602834224701 -0.106832504272461 0.0153452241793275 1.9232861995697 -0.593134462833405 2.75935244560242 -0.83831524848938 3.93211579322815 -0.972184836864471 1.88968133926392 2.31904339790344 -1.96018540859222 11.1690149307251 13.2386913299561 -1.11489534378052 20.9425601959229 9.39242172241211 15.1089353561401 14.0796604156494 21.84348487854 8.7196626663208 20.720760345459 2.74157762527466 4.72678661346436
3.50492072105408 3.62186408042908 5.44561433792114 5.83438682556152 5.10226964950562 5.32582426071167 5.80928564071655 5.63238430023193 4.90119791030884 4.13618469238281 4.19377756118774 15.0582666397095 15.3840742111206 16.5038414001465 4.88192987442017 3.47324275970459 0.733836352825165 -1.18217158317566 -0.576818108558655 -0.600186884403229 -0.593643069267273 -0.73473197221756 -0.576912581920624 -0.430964231491089 0.610376000404358 -0.6637943983078 -0.808491289615631 -1.21391260623932 0.408055931329727 -1.49336361885071 -1.26880574226379 2.05259609222412 18.1090087890625 12.6829080581665 -1.80241429805756 34.2047576904297 3.08351111412048 9.0750617980957 24.2712669372559 5.60130596160889 2.32962369918823 3.31103014945984 2.44089841842651 6.0735239982605 7.5849723815918
2.55916523933411 3.22186946868896 3.66169238090515 4.94380903244019 5.18484020233154 4.60343837738037 5.00125980377197 5.03777885437012 4.79825973510742 3.19162344932556 2.51128077507019 2.71599173545837 2.95336818695068 1.39258420467377 3.07925033569336 5.33764410018921 -1.40914332866669 -1.46588706970215 -1.3005975484848 -0.83466100692749 -1.15533411502838 2.58124947547913 5.41967678070068 -0.653354227542877 -0.663499116897583 -1.03644943237305 -1.04825401306152 6.77488613128662 -1.20009362697601 14.2562456130981 -1.75445067882538 -0.203753516077995 -2.0495719909668 10.1917104721069 11.8018045425415 2.59188151359558 15.3535747528076 4.31016969680786 3.81030344963074 5.24740743637085 3.47615456581116 2.75425815582275 12.3064031600952 13.8346319198608 -0.455194532871246
2.49747228622437 3.04955506324768 3.08605217933655 4.6404333114624 4.80254125595093 4.29920721054077 4.45983982086182 4.59886646270752 3.31699824333191 2.51937317848206 2.0871319770813 1.57790505886078 1.65269696712494 1.38159954547882 1.77039766311646 0.227715983986855 -1.53866291046143 -1.60833477973938 10.1452016830444 -0.970902562141418 -1.33789932727814 -1.35864067077637 -1.16506028175354 -0.906883299350739 -0.881578683853149 4.40206003189087 2.42548298835754 2.55805444717407 18.275484085083 -1.36578333377838 -1.84492003917694 -2.02800035476685 -2.16674113273621 2.56975722312927 -2.24349403381348 8.51360988616943 1.74024713039398 2.07407236099243 2.57845139503479 4.05173015594482 16.2099876403809 22.7843704223633 3.43518543243408 -2.32951712608337 -2.13137197494507
2.45700860023499 2.35327458381653 2.81838011741638 3.49954509735107 4.19859838485718 4.23596429824829 3.78221654891968 2.77211236953735 13.9214668273926 5.34268951416016 2.33718752861023 1.03188991546631 1.64295947551727 1.35179507732391 0.920781433582306 0.141932800412178 -1.69792222976685 9.84697532653809 2.15044856071472 5.30740022659302 -1.50338053703308 0.27863672375679 -1.30880463123322 -1.15972411632538 -1.10229015350342 1.62145829200745 5.3726167678833 4.9723916053772 -1.8076913356781 -1.50140237808228 18.5169906616211 1.48209357261658 24.9721622467041 16.5929050445557 -2.29752016067505 3.16430282592773 0.439844608306885 -0.0527515113353729 2.4894905090332 11.4309177398682 4.35021638870239 -0.799200177192688 0.584410488605499 22.6033458709717 -2.31733965873718
