slauniainen/Data/DEM/Vihti_dem1500b_cl_horizonAngle_336.asc
NCOLS 196 
NROWS 178 
XLLCORNER 353680 
YLLCORNER 6699024 
CELLSIZE 16 
NODATA_value -3.4e+38 
[rows 0 to 19 of 178, columns 135 to 179 of 196]
0.866214215755463 0.809211134910583 0.776325106620789 0.944121658802032 1.02001559734344 0.948920547962189 0.858373820781708 0.584328591823578 0.0653210952877998 -0.0357385091483593 -0.0190660655498505 0.115098811686039 0.276780515909195 0.449971556663513 0.533121585845947 0.543083488941193 0.522481977939606 0.522854924201965 0.553162097930908 0.640078723430634 0.741432011127472 0.801854193210602 0.819303810596466 1.25161063671112 2.16092085838318 2.89762544631958 3.82971096038818 4.33961725234985 3.87432837486267 2.88958644866943 2.15234065055847 2.14869046211243 2.25243711471558 2.37425661087036 2.52133297920227 2.58125638961792 2.50608921051025 2.68792366981506 3.57891035079956 4.02697896957397 4.39927244186401 4.78391361236572 4.35895729064941 3.34011054039001 5.1201024055481
0.864465296268463 0.81246417760849 0.733441531658173 0.753578066825867 0.745846092700958 0.703587412834167 0.515038371086121 0.241908013820648 -0.123500026762486 -0.292418152093887 -0.245557889342308 -0.0864473655819893 0.0805265083909035 0.208918407559395 0.337213814258575 0.320854276418686 0.356843739748001 0.338810980319977 0.328798443078995 0.395796746015549 0.558951199054718 0.694905936717987 0.765384078025818 0.771647989749908 1.04864823818207 1.74887299537659 3.29362750053406 4.07165670394897 3.71532034873962 3.38817644119263 3.24972987174988 3.15134119987488 2.96613001823425 2.2777214050293 2.41466021537781 2.53983902931213 2.46189403533936 2.29074764251709 2.92697072029114 3.41269659996033 3.82014203071594 4.07709503173828 4.05526161193848 3.27993607521057 3.26616501808167
0.833680033683777 0.773585319519043 0.692364096641541 0.586547553539276 0.570783138275146 0.423249453306198 0.212742820382118 0.0771494284272194 -0.10598362237215 -0.537622332572937 -0.429200351238251 -0.354444295167923 -0.192874744534492 -0.0194029361009598 0.116820685565472 0.215165764093399 0.256243258714676 0.272676020860672 0.282612025737762 0.327729523181915 0.433772563934326 0.58687549829483 0.700085997581482 0.731211185455322 0.763397097587585 1.24549961090088 1.72215056419373 2.63531708717346 2.92319989204407 2.9126558303833 2.23150968551636 2.33583188056946 2.16138410568237 2.21595644950867 2.30053687095642 2.40321063995361 2.42272520065308 2.30952715873718 2.10623669624329 2.93164777755737 3.24883604049683 3.37052512168884 3.77159929275513 3.77414488792419 3.84599280357361
0.545623362064362 0.666942000389099 0.557512164115906 0.416522413492203 0.273208498954773 0.220957458019257 0.172611281275749 0.0400510430335999 -0.151109278202057 -0.494710326194763 -0.518863916397095 -0.477147847414017 -0.421864539384842 -0.26094189286232 0.0109127378091216 0.193414375185966 0.465303242206573 0.847960710525513 1.0759152173996 1.03528940677643 0.771252572536469 0.545409083366394 0.648995995521545 0.70572155714035 0.739665985107422 0.879644513130188 1.30380260944366 1.64538633823395 2.22605133056641 2.55888676643372 2.28478956222534 2.09537768363953 2.04095768928528 2.13856554031372 2.19555950164795 2.3034131526947 2.37243580818176 2.27159404754639 2.0818943977356 2.63767528533936 4.25504541397095 6.97479581832886 4.84541797637939 3.91212010383606 4.49944400787354
0.184028103947639 0.245975315570831 0.176266133785248 0.160366967320442 0.129657030105591 0.576270937919617 3.35968446731567 3.13396310806274 1.69796586036682 0.78808581829071 -0.196162268519402 -0.471657276153564 -0.407396912574768 -0.380936443805695 -0.00114747183397412 0.548775255680084 0.65285587310791 0.768746316432953 1.65206527709961 2.31781625747681 2.59727191925049 2.60107612609863 1.33777952194214 0.668552100658417 0.685391306877136 0.73335462808609 1.07489943504333 1.22180795669556 1.62761521339417 2.13827753067017 2.1918842792511 1.78305888175964 1.88047659397125 2.07192611694336 2.17700147628784 2.29100036621094 2.37352395057678 2.2673237323761 2.12524056434631 1.99147653579712 3.30633044242859 5.34180927276611 5.51118564605713 4.58326387405396 3.76644444465637
-0.182966604828835 -0.136828303337097 -0.075814500451088 0.0135697070509195 1.46917951107025 5.41420984268188 7.18322134017944 8.81761455535889 7.36222124099731 5.06026649475098 3.58225345611572 3.44427108764648 3.669602394104 2.27607536315918 1.30903327465057 0.981415867805481 1.33246624469757 1.799067735672 2.28130626678467 2.81197953224182 3.09962296485901 2.86976385116577 1.71681702136993 0.64638215303421 0.669534027576447 0.712028503417969 0.747449696063995 1.03520846366882 1.12610590457916 1.56085538864136 1.95185256004333 1.89351224899292 1.77934157848358 2.048006772995 2.12497186660767 2.19813323020935 2.29444980621338 3.18586444854736 3.28524041175842 2.93077516555786 3.22645878791809 4.3177490234375 5.77423000335693 5.5331244468689 3.90753555297852
-0.294612556695938 -0.21196560561657 0.21943923830986 4.03346252441406 5.25115966796875 5.35849285125732 6.43969202041626 8.56092166900635 10.5317945480347 10.5255756378174 9.40085697174072 8.24915504455566 5.908362865448 4.45656490325928 2.40745806694031 1.82110726833344 2.57567644119263 2.99535250663757 2.75195288658142 3.08957839012146 2.90621566772461 2.59525680541992 1.96236634254456 0.946739852428436 0.637817919254303 0.681430578231812 0.677399218082428 0.869337499141693 1.01253890991211 1.32991528511047 1.73431885242462 1.82467246055603 1.76023280620575 1.92361497879028 2.01879954338074 2.09712815284729 2.21716475486755 2.32205820083618 3.3977735042572 4.3162145614624 4.41177225112915 3.95883131027222 4.4670295715332 4.94983148574829 4.53889179229736
6.91559600830078 11.3154125213623 12.3002586364746 9.03734302520752 7.29753923416138 5.09418153762817 4.54371356964111 5.22636032104492 6.60994672775269 8.02867889404297 8.48638439178467 7.74256420135498 7.10688829421997 4.73163461685181 2.74597358703613 2.24708414077759 2.34985685348511 2.81178450584412 4.42061233520508 3.45066857337952 2.73771166801453 2.42148089408875 1.90839290618896 1.15843725204468 0.777951717376709 0.661312937736511 0.6651211977005 0.699827492237091 0.861562728881836 1.17618811130524 1.63734149932861 1.76919889450073 1.5261287689209 1.76305603981018 1.94739663600922 2.03487491607666 2.1112117767334 2.21657538414001 2.25666427612305 2.2148711681366 2.64304089546204 3.03198385238647 3.37683081626892 4.41278171539307 4.33701848983765
14.2750787734985 9.80403137207031 10.0059690475464 9.64489650726318 6.77232027053833 4.16519355773926 3.35526752471924 3.56368708610535 4.59505891799927 5.94474267959595 6.74095106124878 6.98896217346191 6.37092065811157 5.02282381057739 3.62695050239563 2.46214556694031 2.71453428268433 3.94747924804688 3.08819651603699 2.76148915290833 2.54856443405151 2.17096018791199 1.9522625207901 1.53318274021149 0.955140769481659 0.647395074367523 0.644627511501312 0.630212247371674 0.746426105499268 0.869559109210968 1.14819741249084 1.49953007698059 1.52434086799622 1.67947673797607 1.8292829990387 1.93602681159973 2.02655577659607 2.14315629005432 2.22905540466309 2.15547704696655 2.06313562393188 2.34563803672791 2.87950468063354 3.3531608581543 3.92266702651978
6.29194688796997 7.73655986785889 7.7697868347168 7.19741678237915 5.17314863204956 4.43793439865112 3.10484933853149 3.12651300430298 3.54865598678589 4.5046010017395 5.03643703460693 5.1960129737854 5.39456081390381 4.97157573699951 4.45743751525879 6.13202381134033 4.12046051025391 3.19680595397949 2.77706456184387 2.71261715888977 2.40940833091736 2.17115688323975 1.96203172206879 1.61092162132263 1.05524516105652 0.630091667175293 0.605969667434692 0.606469333171844 0.655759155750275 0.73313957452774 0.953030347824097 1.35626840591431 1.46167325973511 1.45906519889832 1.6958783864975 1.88751804828644 1.99028503894806 2.05918574333191 2.1445460319519 2.15935969352722 2.0722804069519 1.94448292255402 2.5477306842804 3.06665182113647 3.70623826980591
4.15940570831299 5.58744239807129 5.48228073120117 5.59156274795532 5.10653924942017 3.67528653144836 2.62779593467712 2.2851574420929 2.49906492233276 2.93616580963135 3.96082520484924 4.52257061004639 4.77774000167847 4.53778886795044 4.20501518249512 3.55996370315552 3.65674614906311 2.90661191940308 2.62424445152283 2.52231907844543 2.29500794410706 2.11278462409973 1.88421666622162 1.70179283618927 1.35307598114014 0.754670858383179 0.646381676197052 0.594106256961823 0.577087581157684 0.63772040605545 0.75052797794342 0.970082104206085 1.27754533290863 1.36051166057587 1.92216801643372 2.05227661132812 1.92565488815308 1.99914729595184 2.28449773788452 3.03643798828125 3.16455173492432 2.31785726547241 2.23371195793152 2.78397989273071 3.24000930786133
0.947273135185242 3.80597519874573 4.58048868179321 4.5993185043335 4.27862071990967 3.42661619186401 2.98556041717529 2.06785917282104 2.17517352104187 2.54893779754639 3.37155652046204 3.81963109970093 3.98942232131958 3.97099828720093 3.76951694488525 3.24593162536621 2.81240677833557 2.51137757301331 2.23198103904724 2.15175771713257 2.07256102561951 1.91136109828949 1.79143702983856 1.62081599235535 1.31271207332611 0.851131498813629 0.592711269855499 0.675406098365784 0.558840155601501 0.580544948577881 0.99918270111084 1.11014926433563 1.22135746479034 1.55022478103638 2.0930814743042 2.00685834884644 1.88713419437408 1.97026884555817 2.12301182746887 3.139315366745 4.3395357131958 4.34289026260376 3.42182588577271 2.79706025123596 3.00351762771606
0.583800911903381 2.44361972808838 3.2773277759552 3.67466187477112 3.73909711837769 3.44385504722595 2.59515595436096 1.85613918304443 1.74414718151093 1.90155518054962 2.40187954902649 2.97448420524597 3.31755876541138 3.49711322784424 3.3869321346283 3.20104312896729 2.76526260375977 2.21965765953064 1.95210158824921 1.89917206764221 1.83110904693604 1.74978971481323 1.64350342750549 1.44583737850189 1.1851441860199 0.750516176223755 0.566209137439728 0.585790157318115 1.07356643676758 0.543232858181 0.803655624389648 1.5596981048584 2.22653102874756 2.14947605133057 2.07117176055908 1.83302628993988 1.80178773403168 1.89654660224915 1.87732291221619 1.90139973163605 2.33392238616943 2.83553051948547 2.96237587928772 2.8734872341156 2.71773433685303
0.886027574539185 0.639698505401611 2.67797636985779 3.24204635620117 3.29314184188843 3.02403044700623 2.55924797058105 2.21900963783264 1.57129335403442 1.71307253837585 2.25143384933472 2.71620416641235 2.97453546524048 3.09412360191345 3.07629561424255 2.91117143630981 2.51829767227173 2.02174687385559 1.81503903865814 1.66631889343262 1.62351870536804 1.58477592468262 1.48292994499207 1.39901506900787 1.26919877529144 0.95660537481308 0.559615910053253 0.567744433879852 0.648129999637604 1.20521402359009 0.857300281524658 0.906078338623047 1.00114786624908 1.30274415016174 1.44682669639587 1.60672664642334 1.6801038980484 1.77916169166565 1.77952921390533 1.65192425251007 1.55230724811554 1.99545896053314 2.25554037094116 2.12525606155396 2.437087059021
1.13567781448364 0.539779245853424 1.67707109451294 2.3267970085144 2.75705885887146 2.79873943328857 2.54056811332703 2.01351809501648 1.44065594673157 1.58988392353058 1.92455399036407 2.42832469940186 2.72417283058167 2.82075691223145 2.81369805335999 2.66191625595093 2.30298113822937 1.9168289899826 1.64706373214722 1.52060353755951 1.465611577034 1.46792149543762 1.3364086151123 1.31586182117462 1.16071009635925 0.865967988967896 0.559793293476105 0.550834000110626 0.731487154960632 0.550006508827209 0.988550901412964 0.658953189849854 0.763247668743134 0.932102739810944 1.17241883277893 1.28753805160522 1.48493087291718 1.57502901554108 1.54478526115417 1.44862568378448 1.3163468837738 1.51663434505463 1.78740346431732 1.74241518974304 2.11079144477844
1.36802542209625 0.833396375179291 0.45874086022377 2.07343101501465 2.50455522537231 2.50410532951355 2.31046748161316 1.83290648460388 1.27626585960388 1.30380868911743 1.49139380455017 1.86517727375031 2.25225520133972 2.43130993843079 2.52399349212646 2.50991034507751 2.37911462783813 2.05034065246582 1.64364039897919 1.40966629981995 1.32682728767395 1.29066836833954 1.28465807437897 1.21742403507233 1.13368904590607 0.967574417591095 0.772498369216919 0.537587344646454 0.539221167564392 0.723606407642365 0.767917811870575 0.598172843456268 0.703830599784851 0.840052425861359 1.09255683422089 1.22778391838074 1.20541453361511 1.27923631668091 1.23753929138184 1.17766618728638 1.06158030033112 1.11817753314972 1.29698002338409 1.43900620937347 1.82920110225677
1.88218772411346 1.0641930103302 0.509384036064148 1.87325429916382 2.28152108192444 2.28703093528748 2.08698058128357 1.93515801429749 1.65037965774536 1.21872651576996 1.39734041690826 1.60797798633575 2.01004457473755 2.25714230537415 2.34237265586853 2.33235120773315 2.20724940299988 1.91033983230591 1.62718844413757 1.34544682502747 1.23868203163147 1.20317208766937 1.19733011722565 1.12734878063202 1.00674700737 0.919802486896515 0.732886731624603 0.491956532001495 0.491701424121857 0.490619957447052 0.470153480768204 0.508731663227081 0.602496147155762 0.751707017421722 1.05610966682434 1.175044298172 1.07466745376587 0.98785525560379 0.962500989437103 0.938982367515564 0.887513220310211 0.941055536270142 1.10013365745544 1.26585781574249 1.6550909280777
2.05587649345398 1.28298473358154 0.785642445087433 1.15341198444366 1.65196454524994 1.96835398674011 2.05499362945557 1.88797318935394 1.54334819316864 1.10849595069885 1.15438532829285 1.27999746799469 1.59507548809052 1.93492078781128 2.06479668617249 2.12553811073303 2.10712575912476 1.99901640415192 1.72811913490295 1.37173187732697 1.17525970935822 1.1005654335022 1.08931994438171 1.02089822292328 0.926874995231628 0.944217562675476 0.852693915367126 0.670169472694397 0.407243579626083 0.410170435905457 0.403717547655106 0.458023816347122 0.533369541168213 0.654301285743713 0.785311996936798 1.00266432762146 1.1046952009201 1.01457583904266 0.926177620887756 0.888129651546478 0.882131338119507 0.832453846931458 0.938119351863861 1.05121493339539 1.33281397819519
2.2604808807373 1.77910470962524 0.998447000980377 0.387420356273651 1.51423335075378 1.84393763542175 1.90484285354614 1.73410618305206 1.65213060379028 1.417116522789 1.08632731437683 1.18364286422729 1.35096108913422 1.71035444736481 1.93265700340271 1.99399924278259 1.98626339435577 1.88531839847565 1.63211309909821 1.39369893074036 1.15096747875214 1.02718782424927 1.01058340072632 0.891794681549072 0.900513172149658 0.893309414386749 0.805479288101196 0.648319721221924 0.397487759590149 0.263278961181641 0.282418787479401 0.300459176301956 0.409931868314743 0.559353053569794 0.690244019031525 0.955494940280914 1.06347417831421 0.983602285385132 0.901493012905121 0.848516345024109 0.841754198074341 0.796795129776001 0.812625169754028 0.945097506046295 1.12494921684265
2.5595428943634 1.93541157245636 1.06125545501709 0.461309850215912 0.985461294651031 1.3910266160965 1.66470348834991 1.75063669681549 1.62687385082245 1.32900035381317 0.991559028625488 1.01223993301392 1.09478271007538 1.37496697902679 1.65821671485901 1.75817227363586 1.81685423851013 1.80197584629059 1.71323728561401 1.4753725528717 1.17431998252869 1.0011214017868 0.870621800422668 0.824323654174805 0.844559490680695 0.832363188266754 0.831392526626587 0.747841358184814 0.584539949893951 0.322279930114746 0.137053236365318 0.194401323795319 0.399532943964005 0.516065895557404 0.602093577384949 0.710554003715515 0.905703723430634 1.00360119342804 0.919535279273987 0.839404463768005 0.805296242237091 0.768004715442657 0.741494119167328 0.850395023822784 0.970073223114014
