slauniainen/Data/DEM/Vihti_dem1500b_cl_horizonAngle_264.asc
NCOLS 196 
NROWS 178 
XLLCORNER 353680 
YLLCORNER 6699024 
CELLSIZE 16 
NODATA_value -3.4e+38 
[rows 120 to 139 of 178, columns 135 to 179 of 196]
23.7386245727539 25.024133682251 21.5799903869629 18.8914527893066 16.4176406860352 14.1925821304321 12.3993949890137 10.9019594192505 9.71134281158447 8.75237083435059 8.78185749053955 8.73278045654297 8.01976013183594 7.38331127166748 6.77006721496582 6.21129894256592 5.86933374404907 5.5298810005188 5.23223924636841 5.05806922912598 4.94877290725708 4.6009578704834 4.23163461685181 3.81963491439819 3.44977211952209 2.99896121025085 2.37798380851746 1.81882297992706 1.39177858829498 1.19757401943207 1.25620210170746 3.4844491481781 8.54036331176758 13.8892478942871 12.7492580413818 10.8921451568604 8.92569160461426 6.31570243835449 5.36095905303955 4.4231276512146 3.69829344749451 3.09236145019531 2.6701819896698 2.36965155601501 2.05553388595581
27.000524520874 27.0997886657715 25.4353847503662 21.958854675293 19.0868225097656 16.3709602355957 14.3294363021851 12.7025871276855 11.3564052581787 10.2836256027222 9.29904747009277 9.03967571258545 8.33503246307373 7.7199273109436 7.07087469100952 6.51545286178589 6.16923570632935 5.79445266723633 5.35024452209473 4.98799610137939 4.8774266242981 4.51986885070801 4.17946338653564 3.68464946746826 3.09499025344849 2.67137217521667 2.21674990653992 1.77536451816559 1.46461999416351 1.36652219295502 3.71962308883667 4.50829648971558 8.53290843963623 13.7900810241699 11.4446105957031 9.54476070404053 7.63895034790039 5.61203813552856 4.94231224060059 4.26477766036987 3.5191822052002 2.6454758644104 2.2908935546875 2.09232425689697 1.89627659320831
36.1679573059082 29.3285312652588 26.6576595306396 25.507080078125 21.7852993011475 18.1292953491211 15.7895097732544 13.6151533126831 11.8675508499146 10.5542001724243 9.45392799377441 9.10787582397461 8.628249168396 8.21285629272461 7.50574254989624 6.8951849937439 6.36018228530884 5.87233018875122 5.37304019927979 4.94576263427734 4.52769231796265 4.18528699874878 3.55676007270813 2.74038934707642 2.26539063453674 2.02951169013977 1.77253890037537 1.54567980766296 1.40761518478394 2.84306645393372 8.20285797119141 8.33024311065674 8.18686103820801 10.1755399703979 8.28475379943848 6.98995018005371 6.01492023468018 5.35058450698853 4.74974012374878 4.20278167724609 3.5945770740509 2.9159140586853 2.35411810874939 2.18376231193542 2.12281513214111
42.6505241394043 39.1685180664062 31.0215930938721 26.9323959350586 23.9038314819336 19.3248710632324 16.4586296081543 14.5050525665283 12.5975379943848 11.0787801742554 9.95041656494141 9.03592681884766 8.32164096832275 7.74729681015015 7.12978982925415 6.53823328018188 6.02282285690308 5.52450847625732 5.06969499588013 4.58698987960815 4.1017484664917 3.47061085700989 2.58166742324829 1.65921425819397 1.5154345035553 1.40559184551239 1.25295889377594 1.23586583137512 4.19415140151978 5.68012762069702 10.1951780319214 10.0675010681152 9.2077693939209 8.78838539123535 7.48747682571411 6.69823789596558 5.97947263717651 5.35237598419189 4.8249397277832 4.31423854827881 3.79024195671082 3.20910811424255 2.69047212600708 2.54837584495544 5.40378475189209
25.7201137542725 47.2211151123047 35.5471076965332 27.8384323120117 24.0908050537109 19.0827121734619 15.6095705032349 13.494101524353 11.8551263809204 10.4517765045166 9.37166500091553 8.59799194335938 7.8038854598999 7.14641904830933 6.53931665420532 5.9903302192688 5.60632562637329 5.17851972579956 4.6489200592041 3.89056158065796 3.37215709686279 2.77361440658569 1.98377847671509 1.29209005832672 1.08611106872559 2.07544207572937 2.04144430160522 3.50687789916992 5.22105884552002 7.61463356018066 10.938777923584 10.5073652267456 9.7310791015625 8.91833972930908 7.90549278259277 6.98769760131836 6.25122880935669 5.59291839599609 5.01283025741577 4.44758892059326 3.97776079177856 3.57826519012451 3.43105220794678 3.3299880027771 3.75901508331299
22.7314605712891 42.6903305053711 34.204906463623 27.9111881256104 22.1518173217773 17.0833110809326 13.136417388916 10.3343238830566 9.50794792175293 9.02495670318604 8.40451049804688 7.84581470489502 7.17487573623657 6.7720308303833 6.11485719680786 5.64387512207031 5.25178909301758 4.87301540374756 4.21714162826538 3.51158165931702 2.9869589805603 2.34412455558777 1.9885915517807 1.49789977073669 2.45937824249268 5.39585065841675 3.71922850608826 2.66144800186157 4.39179611206055 8.70751857757568 12.0662889480591 12.4459171295166 10.9597673416138 9.44402408599854 8.22611999511719 7.19405746459961 6.39834213256836 5.76809978485107 5.24359512329102 4.71472263336182 4.26884984970093 3.95880103111267 3.63280320167542 3.52756285667419 3.49263644218445
20.3722286224365 32.9863662719727 27.523645401001 23.0569038391113 20.4365615844727 16.8633785247803 12.391640663147 8.08740997314453 7.46285390853882 10.2167186737061 8.0589599609375 7.18564987182617 6.89050388336182 7.43000268936157 6.26465606689453 5.66515636444092 5.20192956924438 4.70844221115112 4.15557527542114 3.45305156707764 2.66921329498291 2.36685156822205 2.03693747520447 3.23161959648132 5.68494272232056 4.03415584564209 2.24538087844849 1.98675954341888 6.02981567382812 9.48182392120361 11.6515712738037 13.8401641845703 11.6852159500122 9.7421817779541 7.79292774200439 6.90398359298706 6.20645380020142 5.63463497161865 5.10496616363525 4.60984325408936 4.18995141983032 3.86393094062805 3.35555005073547 3.13877177238464 3.97332382202148
24.057861328125 24.7305450439453 22.7023792266846 21.1746940612793 19.9426975250244 16.9273853302002 13.0073385238647 8.075026512146 6.59380340576172 7.64005088806152 7.13877534866333 6.79278326034546 6.72307109832764 6.57491254806519 6.08320569992065 5.57194137573242 5.25023460388184 4.7213773727417 4.24175262451172 3.51650667190552 2.68408560752869 2.36483860015869 2.37985777854919 9.32112979888916 7.14550018310547 5.18658399581909 3.35268020629883 2.33063054084778 7.27617359161377 11.1285715103149 10.9537763595581 11.7440223693848 10.2973260879517 8.42678356170654 6.85525798797607 6.10072231292725 5.50100421905518 4.97680473327637 4.49502754211426 3.93062353134155 3.38243246078491 3.01881313323975 2.75411796569824 2.61868381500244 4.83245134353638
22.9952487945557 23.2816219329834 22.827766418457 20.8427543640137 19.966365814209 17.0991764068604 13.9208841323853 9.8204402923584 7.33564233779907 6.59607219696045 6.22424459457397 5.94842004776001 6.28005933761597 6.0666618347168 5.74998188018799 5.49909973144531 5.27404260635376 4.80556106567383 4.32684326171875 3.5194845199585 2.74665212631226 2.45402002334595 7.09085035324097 8.51725006103516 6.41893243789673 4.83430957794189 3.54712462425232 3.11198329925537 6.29998016357422 10.3989849090576 10.2546329498291 9.59429740905762 7.73047494888306 5.89642810821533 7.10981702804565 5.56185722351074 5.04212474822998 4.58494424819946 4.12372446060181 3.62084341049194 3.01503992080688 2.68771266937256 2.46641635894775 2.31998348236084 2.2571964263916
22.1429271697998 23.0592784881592 25.0647068023682 21.2832508087158 19.6660385131836 16.9279155731201 14.0265264511108 10.7815885543823 8.31462860107422 7.01735687255859 6.37287998199463 5.7865686416626 5.49622678756714 5.40499258041382 5.33931636810303 5.24507713317871 5.05791044235229 4.70689821243286 4.21671581268311 3.35597610473633 2.79694366455078 2.6765022277832 7.41855144500732 7.27411699295044 6.11470603942871 4.52124786376953 3.16025376319885 4.89887857437134 8.12158393859863 9.76327800750732 8.98534774780273 7.43391799926758 5.00601148605347 4.54698705673218 8.78795909881592 6.71379089355469 5.00771760940552 4.26285362243652 3.80819058418274 3.39179563522339 2.92542934417725 2.615558385849 2.28636407852173 2.04308891296387 4.00048542022705
22.4920063018799 21.7176132202148 24.9906635284424 21.2371883392334 18.4910621643066 15.5747947692871 12.9004688262939 10.2878932952881 8.12208557128906 6.93124008178711 6.18690347671509 5.56927490234375 5.20799112319946 5.08835029602051 5.16808128356934 5.11244535446167 4.89521169662476 4.5864372253418 4.11661434173584 3.41878294944763 2.86000156402588 2.79953837394714 5.11222887039185 5.0876989364624 5.99752569198608 4.42097902297974 3.54639744758606 5.90266036987305 9.61602306365967 8.70522308349609 7.37087821960449 5.77578496932983 4.11071586608887 4.24428558349609 3.8473756313324 8.00285339355469 6.40781688690186 3.8307626247406 3.32855486869812 3.13736343383789 2.8452308177948 2.58665823936462 2.2994921207428 1.93293678760529 1.87214004993439
17.4026222229004 21.0642108917236 22.6442260742188 20.6210250854492 17.4928703308105 15.2815465927124 12.1570100784302 9.62636375427246 7.59801626205444 6.48418664932251 5.69318723678589 5.13945627212524 5.01799201965332 4.80713939666748 4.91620874404907 4.83718490600586 4.65736722946167 4.36093854904175 3.95338749885559 3.44601631164551 2.99467706680298 2.84310150146484 3.70550298690796 7.89700078964233 5.7098708152771 5.29937934875488 4.94682598114014 6.35752010345459 7.61098337173462 6.03831768035889 4.11514520645142 4.00949382781982 6.62993001937866 4.5904221534729 3.87479758262634 5.10819005966187 5.1742091178894 3.3567590713501 2.84382343292236 2.7678906917572 2.70763182640076 2.60784840583801 2.36054348945618 2.04994368553162 1.83536612987518
11.2562160491943 15.7544279098511 18.2175159454346 25.8978271484375 18.0583744049072 13.9528408050537 11.0476331710815 8.78908348083496 6.84107732772827 5.95855379104614 5.44087791442871 4.95167446136475 4.50209426879883 4.32306051254272 5.7755823135376 5.79310607910156 4.66108417510986 3.8866822719574 3.54236221313477 3.25247597694397 2.93218088150024 2.8112735748291 6.44073057174683 7.26340389251709 5.83974123001099 6.24974346160889 6.09424924850464 6.07660913467407 5.88032484054565 5.19754028320312 4.67109203338623 4.1731104850769 4.59783267974854 4.86966753005981 5.1655101776123 4.57534885406494 4.33286476135254 3.78685522079468 3.12312293052673 2.84578943252563 3.99945211410522 2.79887557029724 2.44647455215454 2.23009324073792 2.03188252449036
11.2568731307983 12.4934787750244 14.4340553283691 24.3503971099854 18.5489845275879 12.774453163147 9.12613201141357 7.30163526535034 5.61677694320679 5.10934448242188 4.69681787490845 4.30417919158936 4.01927137374878 3.7137885093689 3.43227672576904 5.76243829727173 4.22060537338257 3.64334964752197 3.205561876297 2.9410092830658 2.77678537368774 2.73581314086914 5.71575450897217 6.7365198135376 5.96750211715698 5.9152569770813 6.64578008651733 7.89418649673462 7.23095035552979 6.73708963394165 6.52972269058228 5.99145889282227 5.37840986251831 5.21307277679443 5.12352561950684 4.97955226898193 4.9052791595459 4.61421346664429 4.3178768157959 4.10752058029175 3.81478714942932 3.51544523239136 3.16497039794922 2.75585174560547 2.3181266784668
9.56170272827148 12.974871635437 16.9273471832275 18.5064563751221 15.6069602966309 10.7421550750732 7.18627262115479 5.87068367004395 4.97820138931274 4.48723030090332 4.18887186050415 3.95100092887878 3.78016948699951 3.49261617660522 3.0675151348114 3.5493369102478 3.03030371665955 3.25681042671204 2.89545035362244 2.71758031845093 2.54653692245483 2.50793123245239 4.40407276153564 5.68142604827881 8.52793884277344 8.22305107116699 8.94785404205322 10.2291288375854 10.1241464614868 11.1975355148315 10.5579490661621 9.50434589385986 8.44540977478027 7.65689754486084 7.09022569656372 6.58383846282959 6.07218933105469 5.6477518081665 5.35927200317383 5.35122919082642 4.79753351211548 4.33181619644165 3.88645362854004 3.45332789421082 3.04552245140076
11.5098533630371 11.7012233734131 16.5187168121338 18.3691329956055 14.3830280303955 9.06438827514648 5.41211605072021 4.68250799179077 4.53037261962891 4.3557710647583 4.0563178062439 3.8778030872345 3.77454257011414 3.603022813797 3.23006558418274 3.11813354492188 3.00778889656067 2.88260722160339 2.7431366443634 2.54141545295715 2.32713317871094 2.32093167304993 3.18738985061646 2.30411386489868 2.20738315582275 7.86810302734375 12.7461519241333 16.9937858581543 16.1314487457275 13.5579481124878 12.8093376159668 11.3966245651245 10.1719026565552 9.08377838134766 8.27416801452637 7.63089609146118 7.03023481369019 6.52157163619995 6.06236743927002 5.33668565750122 4.82071590423584 4.42777872085571 3.91569042205811 3.39045667648315 3.01201415061951
5.98274421691895 18.243444442749 17.132511138916 18.2322559356689 14.5309839248657 9.59112644195557 5.41073656082153 4.82414865493774 5.40359544754028 4.73239755630493 4.35718774795532 4.13764476776123 3.97535610198975 3.76621174812317 3.53319430351257 3.34106993675232 3.13986968994141 2.95858311653137 2.73345756530762 2.4929735660553 2.30658102035522 2.29119467735291 2.23164319992065 1.96763527393341 1.70936763286591 8.58409595489502 13.6070594787598 13.3049879074097 22.6294250488281 16.7646503448486 13.2593851089478 11.2390851974487 9.97142028808594 8.94022369384766 8.11333656311035 7.40188407897949 6.84020471572876 6.34894990921021 5.91241407394409 5.31699419021606 4.48564672470093 4.11937570571899 3.70422387123108 3.1931324005127 2.90867280960083
2.36891603469849 18.2572937011719 19.4095802307129 18.2375469207764 15.2364635467529 10.7521305084229 6.25856351852417 5.37181329727173 5.00195360183716 4.7960319519043 4.6119327545166 4.38840770721436 4.09231758117676 3.70285677909851 3.45836687088013 3.04191970825195 3.04424333572388 2.91005349159241 2.63228726387024 2.46915221214294 2.29462647438049 2.21863126754761 2.12766313552856 1.80321300029755 1.63001453876495 7.3844838142395 14.3442096710205 14.0977344512939 16.3153228759766 14.6316137313843 12.4704103469849 10.3020792007446 9.17548942565918 8.17419624328613 7.42132377624512 6.82181835174561 6.30480813980103 5.84669160842896 5.42336702346802 4.98057413101196 4.15177059173584 3.3748025894165 3.07630491256714 2.70053243637085 2.66996788978577
1.99238240718842 10.322211265564 23.5030860900879 20.9286918640137 16.9487571716309 11.0167217254639 5.59041452407837 4.84699726104736 4.47624540328979 4.79148721694946 4.31190156936646 4.04059553146362 3.74616026878357 3.40885472297668 3.16879224777222 3.55203127861023 8.56315231323242 6.49287176132202 4.04081153869629 2.79652261734009 2.43175411224365 2.29313516616821 2.1439847946167 2.04584670066833 2.36853432655334 2.28292942047119 10.580641746521 14.9339284896851 14.3315153121948 13.4276151657104 11.9689970016479 9.14664745330811 7.56491661071777 6.50161743164062 5.74615240097046 5.41727590560913 5.09356117248535 4.76882028579712 4.42032718658447 4.06022834777832 3.691570520401 2.90500664710999 2.76942563056946 2.57108426094055 3.09308910369873
3.15702033042908 5.58150196075439 18.8496437072754 20.0313110351562 16.9046649932861 12.0474634170532 5.95616626739502 4.74643325805664 4.28603410720825 4.23556852340698 3.89308166503906 3.6761589050293 3.52320861816406 3.38361310958862 3.93729591369629 8.78275585174561 8.68923187255859 6.66565370559692 5.25424814224243 3.15504741668701 2.79679560661316 2.59869527816772 2.51633358001709 2.48042273521423 2.44608497619629 2.29275441169739 4.19950485229492 11.2448101043701 12.5505514144897 11.1516370773315 10.1448535919189 7.97593307495117 5.14882373809814 4.01316499710083 3.43507313728333 3.41570901870728 5.2040433883667 5.17961502075195 4.01506662368774 4.13064050674438 3.50014662742615 2.87558913230896 2.76598644256592 2.73996496200562 2.84193253517151
