slauniainen/Data/DEM/Vihti_dsm1500b_cl_horizonAngle_60.asc
NCOLS 196 
NROWS 178 
XLLCORNER 353680 
YLLCORNER 6699024 
CELLSIZE 16 
NODATA_value -3.4e+38 
[rows 0 to 19 of 178, columns 46 to 91 of 196]
19.1206359863281 11.6643075942993 10.0724239349365 19.176908493042 12.640248298645 25.8119869232178 7.15381669998169 -0.685726463794708 -0.264790445566177 -0.724787175655365 -0.861196398735046 -0.118911869823933 0.381276667118073 9.3630952835083 -0.437434315681458 -0.203469842672348 9.0664758682251 34.950569152832 -1.39777851104736 -0.270218461751938 -0.777292370796204 2.15695738792419 2.5473415851593 4.93769979476929 4.37038087844849 6.25202798843384 12.3697414398193 19.7263698577881 8.26874351501465 -1.43565404415131 -1.82901453971863 -1.64430940151215 6.81190633773804 0.779363989830017 -2.00544953346252 -1.61923360824585 -0.753778755664825 -0.0924437269568443 -0.789018094539642 9.00825595855713 13.1254987716675 10.8298425674438 4.16340017318726 -0.749140560626984 -0.2958003282547 5.2944860458374
34.646656036377 29.8632678985596 27.6855354309082 28.8220558166504 20.5477180480957 33.1409301757812 12.0124893188477 3.81403636932373 5.18665170669556 -0.966813564300537 -0.6060751080513 0.0617819651961327 2.54066514968872 4.20317316055298 -0.680795967578888 -0.872582495212555 -1.39857888221741 37.1086921691895 -1.16410291194916 -0.966233015060425 0.2912258207798 2.10143566131592 8.20498657226562 3.35200357437134 4.7279200553894 11.0749435424805 12.530779838562 16.6931285858154 6.55110931396484 -1.93968713283539 -1.49391710758209 0.270504355430603 12.5244760513306 14.1495065689087 -1.62163686752319 -1.30234801769257 -0.877099990844727 1.550253033638 2.41857647895813 0.482178807258606 2.93747234344482 4.12885236740112 3.46788048744202 -0.785688042640686 7.74219465255737 17.0676803588867
11.4193172454834 12.3806457519531 12.8430871963501 15.0149097442627 23.5819835662842 4.3127269744873 3.23986721038818 6.40748310089111 1.62831270694733 -0.857632040977478 -0.981650710105896 -0.739099442958832 -0.961854457855225 -1.20263862609863 -1.40832138061523 -1.63676106929779 -1.52386677265167 34.1844291687012 8.90782260894775 3.96117210388184 1.72659611701965 2.96016144752502 3.78801321983337 5.74922227859497 8.7543306350708 8.6955509185791 15.6537494659424 24.4419536590576 7.82807636260986 7.43339109420776 0.0111234616488218 -0.380989819765091 -0.997342944145203 6.03419017791748 10.0814399719238 11.5817470550537 13.512318611145 -0.353487998247147 1.62540948390961 -0.821302950382233 -0.771382451057434 4.00045728683472 0.0128254592418671 2.7547869682312 3.82474327087402 16.018030166626
8.26734924316406 11.6217975616455 12.4435501098633 21.8139419555664 3.51152467727661 6.05227851867676 7.75884485244751 -0.784731686115265 -1.00572371482849 -1.50993740558624 -1.39650022983551 -1.29416275024414 -1.96293246746063 -1.6730443239212 0.674647092819214 12.0777702331543 4.97670078277588 33.0511741638184 0.548042356967926 -0.141980901360512 1.17252063751221 3.08019971847534 2.70657753944397 10.3205604553223 6.49124956130981 10.5400838851929 12.1548471450806 8.08497619628906 17.6230087280273 -0.93534779548645 4.56548547744751 -1.54968070983887 0.984032094478607 -0.902641713619232 6.95481634140015 15.0146188735962 8.47681427001953 3.31027030944824 -1.19059300422668 -1.04508376121521 0.860151410102844 8.75937366485596 1.52006924152374 -1.07398784160614 3.17218089103699 7.17269420623779
9.70546340942383 13.5289077758789 23.0464172363281 36.3165130615234 2.5290355682373 9.10548114776611 2.234135389328 -1.11766874790192 -1.52698349952698 -1.75051546096802 2.17869091033936 2.9152147769928 -2.34502911567688 -0.837547779083252 0.859522700309753 -0.189930588006973 -0.396514564752579 1.80525195598602 17.1891555786133 4.35096502304077 2.11025094985962 0.0860289260745049 3.17666506767273 5.98051500320435 6.97256183624268 2.78751134872437 8.6856164932251 21.272289276123 27.7026214599609 19.7519874572754 9.03153228759766 14.4274663925171 5.80406332015991 12.8838119506836 18.3010959625244 3.51037549972534 12.4807357788086 9.61068153381348 8.2073221206665 6.85110902786255 2.08463096618652 -1.1316773891449 -1.26912653446198 -0.978870689868927 7.00558757781982 15.7902641296387
14.196985244751 14.7768592834473 29.2527122497559 15.3959531784058 6.10346031188965 8.8641185760498 9.16461372375488 0.739507853984833 -1.04967570304871 -2.3574640750885 -2.72423219680786 -2.74303150177002 -1.93268430233002 -1.84857428073883 -0.868364751338959 12.382134437561 31.1926956176758 0.383470833301544 1.20578849315643 9.60597610473633 5.01029348373413 1.09027457237244 4.57748889923096 2.50360131263733 4.93004369735718 6.59631156921387 11.1914234161377 6.12126588821411 9.07842636108398 19.0337409973145 0.914969265460968 15.0126981735229 6.53152799606323 17.5655708312988 7.46181488037109 7.09190702438354 8.14313316345215 2.14499545097351 4.48023843765259 14.0531005859375 10.9642925262451 10.0380220413208 3.25192356109619 3.10319423675537 9.89491081237793 20.9055080413818
14.5939788818359 21.0961456298828 31.3853015899658 6.67311096191406 8.16849136352539 6.61647939682007 3.54178667068481 4.13913297653198 4.9249849319458 -0.133905336260796 2.2192177772522 -0.668767273426056 1.98664486408234 -0.961452841758728 0.811131119728088 7.52077579498291 17.9331130981445 28.3057880401611 9.54706287384033 7.18661117553711 1.16900217533112 3.27302527427673 1.83834505081177 4.67471599578857 3.82107949256897 1.22517955303192 3.59290862083435 4.31040906906128 8.01774883270264 12.5629215240479 4.66136360168457 4.82677841186523 8.36345767974854 6.370201587677 4.02524948120117 4.63114500045776 4.45821952819824 5.74605941772461 13.4055519104004 11.4940881729126 18.8442802429199 17.5709953308105 0.781456232070923 2.35494208335876 12.1202402114868 12.7981414794922
16.9321899414062 28.8395156860352 5.53142356872559 6.61607933044434 8.54129791259766 3.09967184066772 4.21005153656006 9.83905029296875 -1.22455704212189 -1.81159663200378 12.1051330566406 5.10520839691162 0.388060241937637 -1.08519351482391 -0.88140881061554 0.24264657497406 3.672696352005 5.40713214874268 34.4658432006836 4.50912809371948 2.74459004402161 5.18601226806641 6.79539728164673 2.44833874702454 -0.682633340358734 -1.42962515354156 -1.02935457229614 4.86205244064331 2.65004420280457 2.81091523170471 5.69968938827515 5.98761081695557 3.07264709472656 15.4268455505371 3.79410719871521 3.06686282157898 3.57938241958618 6.0817437171936 11.4817247390747 22.7406101226807 16.5172023773193 36.3758239746094 7.73304462432861 10.6145830154419 7.19609642028809 7.56121492385864
27.9841995239258 5.18659543991089 2.77128577232361 7.48285531997681 6.87083768844604 3.95524835586548 0.771523773670197 0.459589570760727 4.25704002380371 0.905793845653534 4.93500280380249 -1.44817888736725 -1.45824801921844 -1.81272876262665 -1.40491247177124 -0.506197273731232 4.44907140731812 8.2581262588501 4.9674654006958 36.0275764465332 35.5196151733398 1.90391397476196 13.8378047943115 1.60700917243958 -2.17529582977295 -0.851550221443176 -0.374731957912445 0.50634378194809 1.75100493431091 3.09568119049072 3.72115039825439 5.87603378295898 3.64796924591064 3.12475371360779 10.7705497741699 4.68830108642578 5.13006544113159 9.91869258880615 21.7819652557373 22.7546920776367 12.6588249206543 25.5537948608398 4.86099004745483 -1.68008553981781 3.24127721786499 4.50343179702759
6.31570434570312 21.3818035125732 6.17734813690186 2.52918457984924 2.68889284133911 3.08375954627991 8.24391937255859 1.76058793067932 -1.45983219146729 -1.68071496486664 0.873276352882385 0.322332620620728 -1.65473437309265 -2.06472277641296 -1.55575621128082 0.212206616997719 6.87893009185791 1.64559841156006 2.76680755615234 10.1187763214111 3.80367970466614 32.3705177307129 8.46765327453613 2.65689468383789 -1.02415359020233 -1.33999514579773 -0.0481779538094997 1.65895187854767 2.24905109405518 1.57537972927094 0.99517410993576 4.2274866104126 2.71281552314758 2.82874584197998 13.7988109588623 9.12551403045654 4.23678064346313 4.67308855056763 6.88415098190308 25.7549114227295 18.9169330596924 21.1253795623779 13.444263458252 8.95207500457764 -2.26469993591309 23.367301940918
5.46626663208008 10.7657785415649 14.7413339614868 8.86962890625 7.44115257263184 5.78653287887573 9.03754329681396 -1.57337462902069 -2.10953235626221 -1.99685275554657 -1.88055574893951 -0.0216213501989841 -2.28362202644348 -1.88419103622437 -0.958627164363861 -0.176835671067238 10.7679615020752 3.63283801078796 8.85279083251953 1.49893462657928 2.76486444473267 -0.349297821521759 43.1817741394043 5.18086576461792 15.3116178512573 -0.150076702237129 1.42545914649963 1.09912550449371 3.49302172660828 8.11027336120605 2.3703887462616 6.27560567855835 2.34374570846558 9.45054244995117 3.61861562728882 8.09829235076904 22.3497257232666 20.0415630340576 6.01748037338257 16.2755813598633 21.0254058837891 35.1926345825195 6.80118608474731 9.74400234222412 -1.88929641246796 -0.942020118236542
4.7077374458313 6.53593254089355 6.14854288101196 1.47825884819031 9.8048620223999 0.974868059158325 -2.18800568580627 3.15367102622986 13.435417175293 8.83986186981201 14.3362808227539 17.5742797851562 0.170765146613121 -1.27400600910187 -0.183052837848663 2.13793349266052 1.2920309305191 10.3279466629028 7.55083417892456 4.52659034729004 2.35910868644714 0.533358514308929 9.99076271057129 32.8647003173828 3.09606051445007 1.90106499195099 0.600930750370026 4.22566556930542 2.18408346176147 1.36710381507874 1.02367758750916 0.437899798154831 2.51279091835022 12.5311365127563 7.17032861709595 3.10446357727051 2.93401741981506 5.10329389572144 11.9964361190796 13.8299865722656 10.3958129882812 24.7150325775146 26.0134811401367 4.09414577484131 -1.86073291301727 1.29207253456116
11.5630311965942 12.0731468200684 24.1244106292725 7.3792576789856 5.41246318817139 16.0324401855469 14.6480855941772 5.16534948348999 21.2213115692139 13.3202171325684 8.02610874176025 9.16703128814697 7.24269104003906 2.51190972328186 0.948717415332794 17.29736328125 7.77166318893433 6.84630823135376 15.1367244720459 7.30816125869751 -0.432258367538452 -0.800213694572449 -0.0339643880724907 0.842527866363525 29.5900707244873 0.658491134643555 0.620130598545074 8.80042552947998 2.81249523162842 11.0034255981445 0.28153133392334 0.443166792392731 0.301123410463333 2.0696177482605 1.19905662536621 2.77438402175903 2.13738918304443 8.77205371856689 6.44106578826904 6.08484840393066 11.3505172729492 15.1735105514526 23.923656463623 23.9527988433838 0.833166897296906 -0.22394485771656
9.34032917022705 19.6643199920654 11.5384092330933 20.3482704162598 4.98478984832764 -0.332446366548538 1.19981038570404 -0.687322854995728 3.64279365539551 1.39183509349823 9.05257892608643 -1.01125526428223 -0.551782310009003 0.23287296295166 3.91986584663391 5.95536613464355 6.68704175949097 6.71794748306274 16.1459312438965 7.05125427246094 -0.627391755580902 -0.592666804790497 -0.606615841388702 -0.285410046577454 0.305422335863113 37.1849479675293 3.13422131538391 15.1628017425537 6.14470338821411 11.269061088562 11.3613929748535 14.2818326950073 8.99853420257568 22.7794895172119 12.5476379394531 32.200267791748 2.9821765422821 5.75712871551514 2.49674582481384 8.08418560028076 10.2971086502075 9.87741470336914 0.843933999538422 0.655152261257172 -0.164156019687653 0.0350891761481762
5.62871551513672 10.8474092483521 6.86681699752808 6.83660745620728 13.6647396087646 10.7794713973999 6.56963062286377 0.705601871013641 2.36187052726746 2.95516443252563 5.30098676681519 -0.985104024410248 -0.511827886104584 9.18712425231934 14.5878410339355 9.81558799743652 6.90743398666382 0.635778069496155 0.26432940363884 4.96734666824341 -0.995481491088867 -0.68930447101593 -0.452484011650085 -0.422092616558075 -0.534180045127869 2.9099006652832 29.0098342895508 10.8772821426392 14.7818059921265 1.33171653747559 21.7364673614502 19.033073425293 6.5357518196106 7.41694688796997 7.37549066543579 14.7757329940796 8.39223861694336 1.71816098690033 6.38814544677734 6.21379232406616 1.02943062782288 1.1281430721283 0.882301867008209 0.000482967298012227 -0.657923996448517 -0.887823879718781
2.72228813171387 2.84831571578979 6.04210424423218 4.50870180130005 2.07198739051819 -0.532796084880829 -1.51819348335266 -1.01643168926239 -0.596281588077545 -1.24582147598267 -1.29052269458771 1.5484025478363 1.31435739994049 3.00040078163147 10.9597263336182 10.3998861312866 2.90200519561768 5.11870813369751 4.51641225814819 14.2584543228149 1.89328038692474 -0.207910716533661 4.17184019088745 12.7564077377319 -0.368765741586685 0.389253586530685 7.25701761245728 10.379225730896 22.3078346252441 5.43119859695435 1.87372863292694 10.179238319397 5.72843885421753 5.71252870559692 1.58240842819214 0.0386024415493011 18.9847316741943 4.22904062271118 -0.0226729940623045 0.32973450422287 -0.0859998017549515 -0.150637149810791 0.162817507982254 0.0782213360071182 -0.694284796714783 -0.535135626792908
-0.398042172193527 -0.349316835403442 6.35789680480957 6.54306268692017 6.56695365905762 2.66371488571167 -0.518715918064117 -1.4554078578949 7.57626533508301 4.54169654846191 -0.498934119939804 -0.207993239164352 1.01266896724701 5.00140523910522 10.2980108261108 7.98782730102539 2.27062010765076 1.56889641284943 6.07920742034912 1.19719362258911 -0.653045773506165 -0.856437027454376 0.111280739307404 10.4656076431274 -0.367574244737625 -0.392873525619507 7.54932641983032 22.2234649658203 0.783291220664978 23.6589431762695 3.31684613227844 11.330904006958 2.41516757011414 -0.301368355751038 10.9021635055542 3.95934200286865 3.64508724212646 0.104734122753143 0.175804734230042 -0.313181728124619 -0.250878661870956 -0.775598108768463 -0.526438891887665 -0.381335705518723 -0.830259263515472 -0.889080107212067
-1.89783263206482 -2.08862066268921 -1.74258649349213 1.37807500362396 2.23773574829102 3.98439025878906 13.1995859146118 9.86640071868896 11.9437894821167 11.9638586044312 -0.575832009315491 4.63545656204224 4.14226770401001 9.49348449707031 9.2117395401001 8.60274219512939 9.42412185668945 2.4325864315033 10.1539478302002 23.6418972015381 5.80708837509155 -0.724266171455383 -0.492784380912781 26.1019744873047 17.3216915130615 0.125836253166199 5.53313446044922 33.5838432312012 6.1821084022522 2.40094065666199 8.72307109832764 8.88465785980225 19.4668064117432 0.801401555538177 3.1081109046936 1.1020051240921 0.346215724945068 -0.38447242975235 -0.365671306848526 -0.785948693752289 -0.854013085365295 -0.759272813796997 -0.685848414897919 -0.719766974449158 -0.82156765460968 -0.845761656761169
-2.2164101600647 -2.32389950752258 -2.16267132759094 -1.72084724903107 -1.44848847389221 -1.39095056056976 -0.684533774852753 -0.782523214817047 -0.624420821666718 7.55694770812988 3.25074887275696 3.28646874427795 7.70090961456299 8.81184482574463 19.8728179931641 14.1176204681396 3.62132477760315 16.4646263122559 9.05619812011719 40.6630706787109 1.7378671169281 -1.27294015884399 -1.36797523498535 0.0175944343209267 10.8586015701294 6.57043504714966 2.99668121337891 3.77236366271973 13.2633609771729 4.95075941085815 4.54753637313843 3.35770893096924 19.8959217071533 0.723419010639191 1.00686657428741 1.24802196025848 0.673747003078461 0.181170091032982 -0.0249694082885981 -0.688485026359558 -1.0588047504425 -0.987180829048157 -0.994565784931183 -0.886000216007233 -0.422685563564301 -0.380135953426361
-0.27543306350708 4.00680923461914 1.21560084819794 -1.72447919845581 -1.54749083518982 -0.897228240966797 -0.968414008617401 -0.806054055690765 -0.90676736831665 0.837004661560059 14.7470827102661 7.45263481140137 7.24652338027954 3.1002140045166 9.95580291748047 7.23891878128052 4.0851879119873 5.62257289886475 8.70693206787109 25.9248600006104 42.379524230957 34.5942420959473 3.3738911151886 -0.0561757758259773 0.535498261451721 1.37004601955414 2.12732076644897 3.69366645812988 4.52625370025635 0.666837215423584 0.453728765249252 2.29042601585388 0.339957386255264 0.74258291721344 1.17014062404633 1.3098977804184 0.988371849060059 0.458384156227112 0.308014273643494 -0.083736814558506 -0.992095828056335 -1.05072093009949 -0.934739112854004 -0.471450686454773 -0.356544554233551 -0.305479556322098
