slauniainen/Data/DEM/Vihti_dem1500b_cl_horizonAngle_252.asc
NCOLS 196 
NROWS 178 
XLLCORNER 353680 
YLLCORNER 6699024 
CELLSIZE 16 
NODATA_value -3.4e+38 
[rows 20 to 39 of 178, columns 135 to 179 of 196]
0.922346889972687 0.901080191135406 0.880295753479004 0.879527390003204 0.866962373256683 0.862236618995667 0.843914091587067 0.856822788715363 0.856878638267517 0.848763585090637 0.845294952392578 0.847126185894012 0.850432097911835 0.840058505535126 0.819546699523926 0.805163502693176 0.787206709384918 0.779867053031921 0.773368418216705 0.759568274021149 0.735462784767151 0.716550886631012 0.676640152931213 0.934655785560608 0.673142194747925 0.670950055122375 0.657952427864075 0.633904039859772 0.603368699550629 0.565149426460266 0.526728928089142 0.481526702642441 0.443016827106476 0.426638007164001 0.436848521232605 0.401314973831177 0.384517252445221 0.374367922544479 0.359121412038803 0.336000144481659 0.333465278148651 0.330103665590286 0.321466535329819 0.315143704414368 0.311716198921204
0.944693326950073 0.938988447189331 0.926603615283966 0.916360855102539 0.901529729366302 0.903951585292816 0.900527477264404 0.891959190368652 0.891456067562103 0.88975328207016 0.883642852306366 0.869354844093323 0.871362507343292 0.867891371250153 0.859420418739319 0.839257478713989 0.832630038261414 0.825446009635925 0.81391453742981 0.804965674877167 0.784896373748779 0.758301615715027 0.748465716838837 0.748778462409973 0.735182046890259 0.733055591583252 0.723464012145996 0.705977916717529 0.677942872047424 0.636969566345215 0.587353765964508 0.544570982456207 0.51592606306076 0.49164667725563 0.4812171459198 0.467260271310806 0.434387534856796 0.414543509483337 0.397363722324371 0.378800690174103 0.375752210617065 0.37052059173584 0.361683815717697 0.351325064897537 0.33270800113678
0.991681516170502 0.986979246139526 0.978171646595001 0.972641408443451 0.946098685264587 0.93968391418457 0.942748486995697 0.936246633529663 0.929798305034637 0.926662385463715 0.918448328971863 0.906982183456421 0.891702890396118 0.88787579536438 0.890277564525604 0.877953290939331 0.87167489528656 0.86446624994278 0.846714735031128 0.836046874523163 0.829810082912445 0.797878861427307 0.839820921421051 0.814877331256866 0.803249657154083 0.800781488418579 0.794529974460602 0.779878556728363 0.752658665180206 0.721008777618408 0.67011821269989 0.625580191612244 0.592123746871948 0.55732673406601 0.524652183055878 0.480768203735352 0.518727362155914 0.457705527544022 0.458474665880203 0.436181873083115 0.432707816362381 0.428116708993912 0.418142288923264 0.391918450593948 0.385566055774689
1.07533514499664 1.03626418113708 1.02151191234589 1.0166403055191 1.0099686384201 0.98802649974823 0.981597423553467 0.975085377693176 0.963962078094482 0.958436787128448 0.941644012928009 0.939477443695068 0.924404382705688 0.917536795139313 0.916948199272156 0.915413081645966 0.91630357503891 0.90108996629715 0.889158129692078 0.886650860309601 0.861188232898712 0.851406693458557 0.873354911804199 0.863966405391693 0.862734138965607 0.861742258071899 0.85761284828186 0.852441787719727 0.834263145923615 0.807580947875977 0.756378531455994 0.720743000507355 0.686015129089355 0.640204071998596 0.575921356678009 0.558377504348755 0.572786331176758 0.52750962972641 0.505714595317841 0.487983465194702 0.494762152433395 0.478737473487854 0.466576933860779 0.42977973818779 1.16717255115509
1.13105392456055 1.11252129077911 1.07855033874512 1.04691076278687 1.05765771865845 1.04421472549438 1.01717829704285 1.01479315757751 1.00998973846436 0.992815554141998 0.982732832431793 0.998954772949219 0.99648916721344 1.00083041191101 0.948113739490509 0.938150346279144 0.953141748905182 0.941926300525665 0.927806258201599 0.93546724319458 0.905223548412323 0.919096171855927 0.908299744129181 0.916077852249146 0.918133854866028 0.909168243408203 0.91113817691803 0.91044545173645 0.901792764663696 0.882657289505005 0.827725231647491 0.798299849033356 0.777860164642334 0.728442251682281 0.671612918376923 0.633972823619843 0.68024206161499 0.671891391277313 0.672526836395264 0.594341278076172 0.572504162788391 0.616700351238251 0.538214266300201 0.507620632648468 0.805526733398438
1.20720458030701 1.32998502254486 1.14752149581909 1.11308300495148 1.32218170166016 1.29829978942871 1.15760838985443 1.07632350921631 1.1491619348526 1.06053113937378 1.04302418231964 1.01466763019562 0.989337921142578 1.0001232624054 1.28428387641907 0.997471392154694 1.01192712783813 1.00582349300385 0.986316502094269 0.978606939315796 0.957048892974854 0.966291904449463 0.955438375473022 0.960734844207764 0.964266180992126 0.960939347743988 0.955325067043304 0.956894159317017 0.951613962650299 0.931498110294342 0.885582804679871 0.860288500785828 0.835719168186188 0.811506032943726 0.757349133491516 0.729211330413818 0.776934742927551 0.763533115386963 0.747086226940155 0.759028673171997 0.682721853256226 0.667633235454559 0.636687099933624 0.880820095539093 0.597556352615356
2.0584876537323 2.13150978088379 2.02413940429688 1.73512244224548 1.51425457000732 1.62880825996399 1.44302725791931 1.33970308303833 1.19756484031677 1.22449052333832 1.21148812770844 1.09974420070648 1.07472395896912 1.07258248329163 1.10119140148163 1.07203078269958 1.06824469566345 1.05288052558899 1.07615005970001 1.03862249851227 1.06194746494293 1.03093278408051 1.01117038726807 1.00013518333435 1.00796985626221 1.00895071029663 0.992835402488708 0.99778550863266 0.989916920661926 0.959677636623383 0.933694303035736 0.918169260025024 0.92300933599472 0.883634746074677 0.821495413780212 0.80008190870285 0.857786476612091 0.863164007663727 0.858062028884888 0.829428017139435 0.826600611209869 0.766115605831146 0.740832507610321 1.3200010061264 0.685867071151733
3.96917629241943 2.83977508544922 2.54530191421509 2.35292553901672 1.99787724018097 1.75653600692749 1.68684661388397 1.67586255073547 1.49421954154968 1.34618377685547 1.22226715087891 1.18900728225708 1.17372441291809 1.16246116161346 1.17163729667664 1.14121246337891 1.12111663818359 1.15033638477325 1.11719536781311 1.10233330726624 1.08525121212006 1.10720670223236 1.09412956237793 1.06252026557922 1.05105936527252 1.04721355438232 1.02675867080688 1.02030825614929 1.02100467681885 1.01952028274536 1.01934814453125 1.00510156154633 0.97887134552002 0.93747341632843 0.929479122161865 0.920051217079163 0.934499561786652 0.948676764965057 0.97864818572998 0.948445558547974 0.928546190261841 0.906938076019287 0.859423041343689 0.830372989177704 0.780262649059296
4.85583877563477 4.55435085296631 3.26302027702332 2.63751125335693 2.62563920021057 2.25055456161499 1.94288921356201 1.68830823898315 1.54508924484253 1.38594913482666 1.28865230083466 1.27861857414246 1.27583205699921 1.26169848442078 1.22770404815674 1.24671125411987 1.23733115196228 1.18456566333771 1.17667376995087 1.1801346540451 1.14587724208832 1.13069343566895 1.12451720237732 1.10977804660797 1.10886943340302 1.11057937145233 1.10788023471832 1.08002281188965 1.07194364070892 1.08258068561554 1.08335041999817 1.07523500919342 1.04230213165283 0.995382070541382 1.01781213283539 1.04912996292114 1.02044796943665 1.0474066734314 1.08024275302887 1.10919606685638 1.10188221931458 1.06503701210022 1.31399357318878 0.913160741329193 0.873223900794983
4.2275071144104 5.35244178771973 4.75344038009644 3.33640050888062 2.53293704986572 2.36490106582642 1.99456799030304 1.7626736164093 1.51282393932343 1.42450737953186 1.40618109703064 1.37596595287323 1.37408149242401 1.37196731567383 1.32265210151672 1.29831755161285 1.28922271728516 1.26084125041962 1.25301659107208 1.24313616752625 1.20944547653198 1.16843783855438 1.17567110061646 1.17828214168549 1.16339039802551 1.1438227891922 1.14980268478394 1.18942952156067 1.1470764875412 1.12258386611938 1.13849174976349 1.13813996315002 1.12797129154205 1.10643661022186 1.13319933414459 1.1629011631012 1.21769464015961 1.20490765571594 1.20565819740295 1.27897584438324 1.2612851858139 1.20784139633179 1.06462931632996 1.03491222858429 0.987411320209503
3.25954723358154 4.80562210083008 4.79450035095215 4.11653089523315 3.14826560020447 2.32631707191467 1.91714608669281 1.67688322067261 1.50333094596863 1.51537621021271 1.52226388454437 1.49616360664368 1.45313775539398 1.45284116268158 1.41334581375122 1.38702595233917 1.37174391746521 1.32971048355103 1.29516077041626 1.30188477039337 1.30487859249115 1.28305780887604 1.26049983501434 1.26054549217224 1.25800931453705 1.24087131023407 1.20503389835358 1.20455265045166 1.54746747016907 1.22821426391602 1.18371963500977 1.21744978427887 1.2589453458786 1.29396378993988 1.28872346878052 1.28506910800934 1.36452007293701 1.35604631900787 1.33133506774902 1.34398567676544 1.37583744525909 1.2460298538208 1.18346762657166 1.14533841609955 1.10064518451691
1.35579895973206 3.51590061187744 4.12873697280884 4.07621002197266 3.42104339599609 2.63247084617615 2.09535813331604 1.7990528345108 1.64350974559784 1.59306907653809 1.62591671943665 1.588707447052 1.5306042432785 1.51968169212341 1.48021030426025 1.43709325790405 1.43627309799194 1.43780601024628 1.42562901973724 1.40508413314819 1.38579046726227 1.38581490516663 1.37182295322418 1.32940673828125 1.33019506931305 1.33118808269501 1.34228885173798 1.29309499263763 1.31572496891022 1.3935409784317 1.40329933166504 1.38506543636322 1.37235069274902 1.46783018112183 1.48633682727814 1.42822968959808 1.43030619621277 1.47725701332092 1.44968843460083 1.41793751716614 1.49227952957153 1.38981902599335 1.2735447883606 1.24004602432251 1.21175539493561
1.47684514522552 1.82232177257538 3.3660147190094 3.4603590965271 3.59723210334778 2.95642161369324 2.29986238479614 1.92193138599396 1.78253650665283 1.67926442623138 1.69287633895874 1.64469683170319 1.59696388244629 1.58430063724518 1.58820307254791 1.57403421401978 1.55027747154236 1.52294087409973 1.52553641796112 1.509969830513 1.4751513004303 1.45809733867645 1.45715510845184 1.50063419342041 1.4611691236496 1.46677589416504 1.49525332450867 1.53493189811707 1.51679146289825 1.47797691822052 1.63229525089264 1.58427834510803 1.53848123550415 1.52886927127838 1.5872505903244 1.53736162185669 1.52483570575714 1.61899065971375 1.58419597148895 1.55241346359253 1.55166411399841 1.487961769104 1.33890926837921 1.30391621589661 1.28266739845276
1.65742433071136 1.67706274986267 2.08908438682556 3.28281688690186 3.55824995040894 3.07470178604126 2.57235980033875 2.20221138000488 2.0120005607605 1.86575257778168 1.80697250366211 1.77948391437531 1.74877095222473 1.72558128833771 1.68529450893402 1.69026827812195 1.66839361190796 1.66118896007538 1.61258780956268 1.63481020927429 1.68696999549866 1.62948966026306 1.62511432170868 1.67423713207245 1.71456515789032 1.6930685043335 1.63340675830841 1.76011312007904 1.73565924167633 1.6746826171875 1.66360187530518 1.72662460803986 1.65553140640259 1.62370347976685 1.7140656709671 1.66638040542603 1.64628458023071 1.65882539749146 1.63017165660858 1.60211586952209 1.53628754615784 1.51637947559357 1.38692998886108 1.36133289337158 1.35305440425873
1.73271572589874 1.76630389690399 2.25117087364197 3.33353233337402 3.46063280105591 3.19088864326477 2.83559846878052 2.4951913356781 2.21893715858459 2.07507872581482 2.08568072319031 2.08240556716919 1.97174286842346 1.91429948806763 1.90786826610565 1.84925127029419 1.85795390605927 1.90101718902588 1.85161399841309 1.82702898979187 1.8760941028595 1.92439472675323 1.9078540802002 1.84684252738953 1.96072900295258 1.92736685276031 1.86919367313385 1.83200550079346 1.86299324035645 1.80352282524109 1.75421500205994 1.87187314033508 1.79984378814697 1.77522253990173 1.76240611076355 1.72495579719543 1.69651019573212 1.63421630859375 1.61625504493713 1.58607375621796 1.55394268035889 1.53158497810364 1.4321516752243 1.43778741359711 1.44786703586578
1.75835204124451 1.77521014213562 2.53338885307312 3.33212232589722 3.55035042762756 3.29804396629333 3.08646535873413 2.64080381393433 2.45476102828979 2.3158802986145 2.33233404159546 2.27326369285583 2.28764247894287 2.17245888710022 2.18317532539368 2.12166571617126 2.09445023536682 2.12087488174438 2.17894053459167 2.15732026100159 2.07799959182739 2.14779806137085 2.15350699424744 2.09375739097595 2.0282347202301 2.06720066070557 2.0099036693573 1.94774854183197 2.02560257911682 1.96552193164825 1.91474938392639 1.90318489074707 1.88216280937195 1.83426558971405 1.73704886436462 1.70612227916718 1.67267298698425 1.65229141712189 1.63488149642944 1.60001075267792 1.56653499603271 1.55892586708069 1.53479790687561 1.57704889774323 1.63442885875702
1.79926097393036 1.88886344432831 2.97479486465454 3.5421347618103 3.67470645904541 3.67042946815491 3.21678471565247 2.9390721321106 2.72879815101624 2.71183562278748 2.6574342250824 2.59755635261536 2.5726854801178 2.53556418418884 2.42805886268616 2.48746061325073 2.47107791900635 2.392249584198 2.47259116172791 2.44887828826904 2.33349108695984 2.21294498443604 2.28921437263489 2.23510050773621 2.15272903442383 2.2478711605072 2.1797878742218 2.11172771453857 2.09027552604675 2.02860879898071 1.97587525844574 1.89698576927185 1.85360419750214 1.80834019184113 1.77198278903961 1.73605871200562 1.6967945098877 1.67626786231995 1.70010840892792 1.65684306621552 1.69223439693451 1.74822962284088 1.73708772659302 1.70169234275818 1.72025978565216
2.03925204277039 2.29922413825989 2.69377303123474 3.40212249755859 3.56067156791687 3.73616909980774 3.60954809188843 3.34107828140259 3.20734786987305 3.09314274787903 3.04554629325867 3.05011796951294 3.03324675559998 2.94090890884399 2.79291796684265 2.82738494873047 2.80494904518127 2.68670582771301 2.57594537734985 2.61360478401184 2.49903655052185 2.40318822860718 2.48258709907532 2.41165256500244 2.33876132965088 2.31103014945984 2.24287581443787 2.17561101913452 2.09323668479919 2.03712749481201 1.98500549793243 1.93377685546875 1.88964855670929 1.84449291229248 1.84349477291107 1.87360799312592 1.82070422172546 1.86635541915894 1.92924821376801 1.90938520431519 1.85552763938904 1.85681462287903 1.84324300289154 1.84794080257416 1.83260095119476
2.42723917961121 2.51092624664307 2.75463461875916 3.31701040267944 3.28526306152344 3.49838805198669 3.57703542709351 3.72942328453064 3.75793242454529 3.54394698143005 3.5708966255188 3.45335984230042 3.41408133506775 3.27152395248413 3.1173574924469 2.97162652015686 2.99791073799133 2.86874032020569 2.75093936920166 2.82322335243225 2.71405363082886 2.61192536354065 2.56833219528198 2.48292589187622 2.40648651123047 2.31679224967957 2.25566506385803 2.18544793128967 2.14046931266785 2.09412503242493 2.06699585914612 2.0753858089447 2.12512564659119 2.04788422584534 2.05799603462219 2.12990164756775 2.12749934196472 2.06707882881165 2.05693554878235 2.04429125785828 2.0382285118103 2.01363730430603 1.98286855220795 2.00887012481689 2.0446720123291
3.23303461074829 3.20058798789978 3.69290351867676 3.89675307273865 4.15943670272827 4.27457809448242 4.10099649429321 4.39119291305542 4.47829341888428 4.13686895370483 4.14581918716431 3.91942048072815 3.63182854652405 3.52369379997253 3.31117177009583 3.41276025772095 3.25808906555176 3.08702158927917 3.11099743843079 2.92412900924683 2.79115295410156 2.74003839492798 2.65738797187805 2.60055160522461 2.59844779968262 2.48146224021912 2.40738224983215 2.37539267539978 2.38323307037354 2.44146060943604 2.34051012992859 2.32594561576843 2.40592980384827 2.38536047935486 2.29619908332825 2.27596116065979 2.27908182144165 2.28322768211365 2.25637722015381 2.20286560058594 2.22125959396362 2.25593280792236 2.22178888320923 2.1778404712677 2.1605327129364
