slauniainen/Data/DEM/Vihti_dsm1500b_cl_horizonAngle_354.asc
NCOLS 196 
NROWS 178 
XLLCORNER 353680 
YLLCORNER 6699024 
CELLSIZE 16 
NODATA_value -3.4e+38 
[rows 40 to 59 of 178, columns 135 to 179 of 196]
0.187125235795975 -0.0399617776274681 1.05194771289825 1.6936194896698 1.52444744110107 1.35075116157532 1.56908404827118 1.15677988529205 0.990442872047424 1.23630928993225 1.28992509841919 1.13611805438995 0.765292823314667 0.990445196628571 0.780921339988708 0.734527230262756 0.60311096906662 0.373031109571457 0.368867129087448 0.349787592887878 0.362288147211075 0.389288514852524 0.397356033325195 0.359809279441833 0.781582951545715 0.765126943588257 0.774060428142548 0.865853548049927 2.77219319343567 2.89549565315247 2.39581894874573 4.34359836578369 5.51260280609131 6.44872331619263 5.05141878128052 4.0305004119873 3.37017488479614 2.62777996063232 2.12443065643311 1.62102830410004 1.57630729675293 1.00183367729187 0.980575025081635 0.887615740299225 0.883044719696045
-0.186460763216019 -0.0367329753935337 0.875745236873627 1.47894251346588 1.36810517311096 0.879872560501099 1.37742733955383 0.956295788288116 0.851751685142517 1.11518001556396 1.17466807365417 1.03237533569336 0.671638906002045 0.917095959186554 0.713956952095032 0.652882695198059 0.509002864360809 0.326228976249695 0.243520885705948 0.237341344356537 0.285578995943069 0.343534022569656 0.373866111040115 0.345505774021149 0.733090281486511 0.714146077632904 0.722649872303009 0.844919681549072 -0.522833287715912 0.359137684106827 -0.369704365730286 0.758889675140381 4.80689477920532 5.53705596923828 4.35028409957886 3.73379755020142 3.1029908657074 2.56374406814575 2.08013510704041 1.74686539173126 0.559033334255219 0.622274160385132 0.680096089839935 0.719698905944824 0.764461040496826
-0.420931041240692 -0.331982016563416 0.712129950523376 1.30361568927765 0.765627682209015 0.614996373653412 1.16043210029602 0.770419239997864 0.804040491580963 0.96107679605484 1.02707648277283 0.899940133094788 0.532918453216553 0.794320642948151 0.574376702308655 0.47793373465538 0.339390605688095 0.174551531672478 0.109161496162415 0.129620894789696 0.200249895453453 0.294380515813828 0.339579224586487 -0.64808464050293 0.284657210111618 -0.677630245685577 -0.622615039348602 -0.546924352645874 9.01316452026367 2.42860007286072 0.288190573453903 0.549369096755981 0.913778960704803 0.967432796955109 3.82470488548279 3.45448350906372 2.88720154762268 2.47139120101929 2.03414368629456 1.92061793804169 0.546896398067474 0.605512619018555 0.612496495246887 0.630383551120758 0.699043154716492
-0.646413147449493 -0.613657891750336 0.574429869651794 1.17491817474365 -0.0055311624892056 0.474204003810883 0.938487231731415 0.558395683765411 0.60283488035202 0.62698620557785 0.834014534950256 0.740414619445801 0.360562324523926 0.628508925437927 0.36368203163147 0.288890808820724 0.14881519973278 -0.00342270871624351 -0.0294180884957314 0.0230319537222385 0.116086661815643 -0.178147882223129 0.0086449570953846 5.04929542541504 0.00664423825219274 23.2718124389648 23.4303131103516 16.7251319885254 22.7842693328857 13.7345371246338 21.2257957458496 18.0971355438232 8.21142482757568 27.0430889129639 3.39698433876038 3.20041394233704 2.06412076950073 2.70324945449829 2.25441861152649 1.88045656681061 0.509286820888519 0.54659640789032 0.547137141227722 0.591830790042877 0.687409222126007
-0.821340560913086 -0.753097832202911 0.448499619960785 0.997883021831512 17.915412902832 3.18065690994263 0.723657965660095 0.520082414150238 0.381672948598862 0.512818515300751 0.510289192199707 0.249441295862198 -0.360936880111694 0.461043834686279 0.15070404112339 0.0789307281374931 -0.061036117374897 -0.173253610730171 -0.167928889393806 -0.110417880117893 -1.45297479629517 -1.36406707763672 -1.06625747680664 6.00308704376221 -0.149337515234947 6.0059380531311 -1.04183900356293 -1.00357067584991 -0.814808547496796 -0.177976101636887 -0.46096134185791 0.51598048210144 3.74596953392029 3.67081308364868 3.06223654747009 2.39955568313599 2.92678213119507 2.6161196231842 2.32694315910339 1.83600974082947 0.600986003875732 0.471489548683167 0.503289043903351 0.549172878265381 0.675509750843048
-0.945438027381897 -0.848724842071533 0.315927088260651 0.814652740955353 13.2488327026367 0.410261392593384 0.519399881362915 0.274262696504593 0.167037025094032 -0.245848283171654 -0.445639669895172 -0.191103532910347 -1.03769290447235 -0.180502638220787 -0.19438524544239 -0.109312310814857 -0.226444959640503 -0.317575722932816 -0.309858649969101 -1.70998620986938 -1.68814790248871 -1.38127517700195 -1.31352138519287 -0.914986491203308 -0.2652268409729 -0.69333279132843 -1.11708199977875 -1.48389828205109 -1.48685586452484 -0.21007339656353 -0.509937345981598 -0.493449598550797 0.0942974016070366 19.4180698394775 1.69706702232361 2.31740164756775 2.71571397781372 2.5382194519043 2.26752424240112 1.82224154472351 0.571445286273956 0.387716472148895 0.435825824737549 0.503115653991699 0.573507249355316
-0.841971933841705 -0.937148809432983 0.0208689980208874 0.657090306282043 7.32188987731934 0.528025507926941 0.365174353122711 0.132918357849121 -0.255437135696411 -0.574465990066528 -0.773406207561493 -0.505110204219818 31.6142959594727 -0.336113721132278 -0.242957934737206 -0.249605342745781 -0.308267593383789 -0.375092297792435 -1.88555872440338 26.1304359436035 42.7924728393555 37.1465950012207 35.5618553161621 25.4491100311279 -1.40658581256866 -1.12331771850586 12.8089847564697 20.8648490905762 7.78289270401001 -1.15190637111664 0.816373646259308 1.88317251205444 12.436821937561 0.593625009059906 10.9293699264526 2.22239208221436 2.50810623168945 2.45182943344116 2.20334672927856 1.76664638519287 0.537068724632263 -0.0478424578905106 0.391814827919006 0.47493177652359 0.554469704627991
-0.897458553314209 -0.992598235607147 -0.0713698714971542 0.544705629348755 4.52680921554565 0.411923855543137 0.230973184108734 -0.00159959273878485 3.38125586509705 -1.04841947555542 -0.728107929229736 -0.747746348381042 5.14161062240601 -0.573174893856049 -0.445812076330185 -0.444084703922272 -1.39764714241028 -1.08145046234131 18.4854316711426 14.3808422088623 20.4183177947998 14.6582098007202 13.8453397750854 6.25902509689331 32.4389915466309 20.4421825408936 -1.25088500976562 5.57230091094971 -0.717895925045013 -1.85743188858032 0.0767193734645844 0.875555276870728 2.23769235610962 0.547249317169189 8.11734676361084 2.11663675308228 2.29610109329224 2.35314750671387 2.13136005401611 1.70137321949005 0.500471770763397 -0.180717796087265 0.365018635988235 0.443236470222473 0.546857714653015
-0.942567229270935 -1.16613125801086 -0.758607685565948 0.466625183820724 0.343098133802414 2.79190373420715 0.0578273087739944 0.0889617800712585 -0.254248023033142 -1.11156117916107 -1.11350226402283 -0.9541916847229 -1.24305057525635 -0.780521214008331 -1.07611036300659 -0.676353514194489 12.1253881454468 -1.54254722595215 3.5660445690155 -1.49826657772064 -1.7333984375 -1.69573140144348 -1.67770791053772 -1.67112576961517 -1.66204261779785 -1.7461746931076 -1.79816877841949 -2.12201380729675 11.0978412628174 -1.94194602966309 13.1462335586548 -0.899256587028503 14.261528968811 19.9131698608398 7.58597803115845 2.00244736671448 2.08328032493591 2.24395036697388 2.04073667526245 1.6284042596817 -0.975745558738708 4.98263263702393 0.344746440649033 0.0464196354150772 0.519794881343842
-0.987431526184082 -1.19477999210358 -0.912748992443085 0.000792681414168328 0.365943610668182 1.77220821380615 -0.0298505797982216 -0.0150669813156128 -0.474948972463608 -1.19209969043732 5.85429382324219 -1.18766272068024 7.07779836654663 -1.40530908107758 -1.42477989196777 -0.927755355834961 7.68320417404175 18.3000545501709 -1.95002567768097 -2.65490937232971 -2.73797416687012 -2.61756372451782 -2.39619898796082 -2.30868816375732 -2.42895245552063 -2.75899791717529 -2.92697906494141 -2.77813959121704 -1.95875513553619 18.9478321075439 -1.93206548690796 1.12495696544647 2.79866051673889 19.0766468048096 8.53635311126709 1.88437831401825 1.84764349460602 2.12056183815002 1.79849970340729 0.0682807490229607 5.1544075012207 -1.08441615104675 -0.163134530186653 -0.00928340945392847 0.30892875790596
-1.02509999275208 -1.21480417251587 -1.02820003032684 -0.0514716245234013 0.292351633310318 1.11117732524872 -0.0924117639660835 -0.0701882392168045 -0.526147842407227 -1.24265289306641 1.27131164073944 1.8739424943924 2.11277365684509 9.31419944763184 9.38549137115479 -1.28179633617401 0.0997998937964439 1.67726922035217 -2.61992907524109 -3.14521741867065 -3.36352348327637 -3.50498080253601 -3.35125613212585 -2.98680806159973 -3.29206299781799 -3.39445114135742 1.82612371444702 11.8271999359131 -2.17402911186218 -2.4908812046051 -2.01884126663208 10.1428880691528 22.2105922698975 13.7755327224731 6.55635452270508 0.513897180557251 1.64556097984314 0.673644006252289 -0.17670314013958 -0.47101303935051 -1.27338302135468 -1.15644145011902 -0.194455876946449 17.0968227386475 0.448400974273682
-1.04745578765869 -1.2314864397049 -1.08700597286224 -0.257125169038773 0.243870824575424 0.707833588123322 -0.165569648146629 -0.117107376456261 -0.563891768455505 -1.27295434474945 -0.254341810941696 -1.16983652114868 -1.01712226867676 -0.532739400863647 -1.41897261142731 -1.46849250793457 -1.6408863067627 -1.77405405044556 -2.85951638221741 -3.85886240005493 -4.33619403839111 -4.74376440048218 -4.73438358306885 -4.10787773132324 -4.50154829025269 -4.58714008331299 -4.33878135681152 -3.0900297164917 -2.60069036483765 20.0430469512939 7.6355152130127 1.04116415977478 5.36679458618164 0.512088894844055 2.19303345680237 0.0907882750034332 0.160506919026375 0.492350429296494 4.48922443389893 -0.62583464384079 -1.37792265415192 2.63474464416504 -0.365700393915176 8.14870452880859 -0.00947115384042263
-0.421114563941956 -0.895678997039795 -1.09616124629974 -0.288854032754898 0.204715713858604 0.431096285581589 -0.394377052783966 -0.153761953115463 -0.59754890203476 -1.3452650308609 -1.17297399044037 -1.4418808221817 -1.28323936462402 -1.54991090297699 -1.68583035469055 -1.708979845047 -1.80977511405945 -2.16147541999817 -3.31872057914734 -4.41151809692383 -4.85604429244995 0.513201236724854 -4.09434843063354 -4.79789638519287 -4.78440952301025 1.52622985839844 0.595418035984039 -3.81161522865295 -3.07854509353638 3.56897020339966 7.15181446075439 11.2782497406006 2.13711977005005 5.67669439315796 1.04329574108124 7.80341672897339 2.94737243652344 -0.239605605602264 0.0507009215652943 11.6332330703735 -1.54621005058289 -1.0885956287384 -0.608312606811523 -0.467190891504288 14.9552936553955
0.0519913844764233 -0.649987578392029 -1.08666205406189 -0.880075752735138 0.170040503144264 0.243128553032875 -0.809343039989471 -0.871191501617432 -0.608601033687592 -1.14608943462372 3.43818950653076 -0.271569013595581 -0.378496259450912 1.80423986911774 0.035271093249321 -2.0331609249115 -2.80600333213806 -2.92330121994019 1.25242984294891 -5.16627597808838 4.9222240447998 -5.14806604385376 -5.3426079750061 -4.98416471481323 -5.22150850296021 -4.6344747543335 -4.7729172706604 -4.10824108123779 -3.49889183044434 -1.64374661445618 1.31510138511658 2.25558590888977 4.19568300247192 10.1478042602539 0.293710500001907 2.98741149902344 0.602642238140106 12.1104621887207 17.4785213470459 -0.0446885526180267 -1.02205264568329 1.06793761253357 -0.822752177715302 5.22794389724731 6.78439235687256
-0.0382080711424351 -0.664889097213745 -0.963730752468109 -1.00253450870514 -0.593540966510773 0.160534515976906 -0.794996678829193 -0.874838769435883 -0.687767028808594 -0.147422477602959 1.44342029094696 -0.47122597694397 0.189602628350258 0.546005189418793 -0.940003752708435 4.31936264038086 0.389779210090637 2.63756084442139 0.0816480293869972 28.8377323150635 -2.56883811950684 -5.55962324142456 -4.19916820526123 -3.82381963729858 14.9222459793091 0.292766690254211 13.9663581848145 11.9637441635132 -3.65111470222473 -2.58780193328857 -2.28374361991882 1.08975791931152 2.57509136199951 0.301337331533432 0.105993717908859 0.108412854373455 0.184356033802032 2.25581908226013 3.60809516906738 17.1003799438477 12.320704460144 -1.31200921535492 3.2585654258728 -0.856982350349426 2.02293133735657
-0.104233123362064 -0.753982067108154 -1.05043363571167 -0.786515176296234 -0.71318519115448 0.0635164082050323 -0.740037143230438 -0.41901096701622 0.0541770458221436 -0.263739049434662 0.789998829364777 -0.0128953969106078 -2.03779745101929 -0.225079074501991 5.85209560394287 2.57073307037354 -0.314895868301392 -1.52160227298737 -3.31756973266602 9.62768459320068 8.02710342407227 6.79818868637085 17.0791664123535 -1.14091694355011 12.627875328064 10.890588760376 20.7359066009521 -4.37893581390381 -4.10879755020142 -3.60121583938599 -1.48683178424835 -1.03386700153351 -0.934878528118134 -0.28551772236824 1.01731526851654 0.0612489879131317 -0.0395216420292854 -0.371810168027878 -0.0962062850594521 -1.10500299930573 -1.52677583694458 -2.61303853988647 -2.36742281913757 -1.68080461025238 -0.852907180786133
-0.0281699001789093 -0.215573415160179 -0.385531038045883 -0.701698541641235 -0.803396165370941 0.0039085615426302 -0.515228271484375 -0.492123514413834 -0.183649495244026 -0.398758232593536 0.353895604610443 -1.47810518741608 3.26964497566223 7.07029724121094 4.03916597366333 -2.18109440803528 -3.26023244857788 -3.44875645637512 20.7336940765381 30.3501396179199 22.9883213043213 25.5010471343994 10.8078594207764 25.0038776397705 4.11660194396973 26.6791515350342 13.0574789047241 26.4040832519531 1.4053601026535 -0.236350521445274 -2.4444477558136 3.4307713508606 -1.25943446159363 9.48183727264404 -0.366225749254227 -0.119228571653366 -0.244490951299667 -0.633045315742493 -1.06341516971588 -1.73967802524567 -2.60253882408142 -2.81568026542664 -2.80787205696106 -2.58229637145996 -1.45680630207062
-0.0569163300096989 0.010395547375083 -0.145919844508171 -0.419680297374725 -0.501896798610687 -0.0334504172205925 -0.574734330177307 -0.415896564722061 -0.525185883045197 -0.620775043964386 -0.783336341381073 15.008397102356 23.141565322876 -1.97322762012482 2.75940656661987 -3.36839461326599 44.3880271911621 -3.64480829238892 3.17212915420532 24.1777744293213 9.21078109741211 17.7788429260254 10.02232837677 13.7319412231445 19.3148155212402 17.3349170684814 11.0137510299683 16.0322227478027 31.6071872711182 6.85020017623901 -3.0502233505249 -1.7586624622345 13.4411392211914 2.69436597824097 5.79595375061035 -0.395617723464966 -0.453052014112473 -1.01005721092224 -2.036217212677 -1.96566879749298 -2.7017035484314 -3.06923246383667 -3.38784694671631 -2.7505795955658 -2.29465508460999
0.0388501100242138 -0.0161124151200056 -0.186279088258743 -0.410227805376053 -0.585777580738068 -0.523307740688324 -0.124918036162853 -0.508166432380676 -0.647791922092438 -0.948937296867371 -0.989104390144348 6.3310604095459 11.6529655456543 -2.05825877189636 2.22821974754333 14.5187540054321 26.0274810791016 9.56583118438721 13.0311555862427 10.5482683181763 5.94089031219482 13.8840656280518 10.2495431900024 13.4699010848999 10.5918607711792 12.006817817688 13.0249919891357 17.2264442443848 21.5472946166992 4.76308631896973 10.3096370697021 -1.28428113460541 7.55988693237305 0.418467313051224 -0.53438812494278 -0.484604835510254 -1.05569672584534 -0.076765812933445 29.2622203826904 18.4173049926758 26.4463119506836 22.0685997009277 31.3058967590332 14.9638795852661 -0.459648221731186
-0.0867275148630142 -0.142400041222572 -0.25418609380722 -0.457640260457993 -0.593290030956268 -0.472433477640152 -0.170303493738174 -0.678376853466034 -0.918123543262482 -1.02271258831024 -1.13267731666565 4.05782556533813 -2.67635035514832 -2.73286509513855 0.575096249580383 45.9363861083984 4.08639144897461 30.5299510955811 16.1634273529053 17.0720729827881 12.8073816299438 11.2418231964111 10.7259330749512 9.82633399963379 25.4549579620361 18.7737598419189 13.5797557830811 11.3710403442383 13.9764060974121 9.14856052398682 -3.29524755477905 -2.57273387908936 5.45296859741211 -0.934412121772766 -1.23004269599915 -1.75729858875275 -1.90184009075165 -2.00516271591187 12.1336641311646 17.3860054016113 18.2367038726807 13.190318107605 14.592565536499 7.8129243850708 35.6177406311035
