slauniainen/Data/DEM/Vihti_dsm1500b_cl_horizonAngle_240.asc
NCOLS 196 
NROWS 178 
XLLCORNER 353680 
YLLCORNER 6699024 
CELLSIZE 16 
NODATA_value -3.4e+38 
[rows 100 to 119 of 178, columns 135 to 179 of 196]
45.0862045288086 42.1357536315918 31.593957901001 17.7531642913818 20.6209926605225 17.4306392669678 12.3639640808105 12.2013025283813 11.0671682357788 7.90458869934082 7.58659648895264 7.07978010177612 6.48008298873901 3.98926115036011 3.5262496471405 3.2660276889801 3.52085709571838 3.70348167419434 3.64952826499939 3.55513787269592 3.35677742958069 3.10721707344055 3.20730590820312 3.30119252204895 3.78450655937195 3.69797825813293 4.05797815322876 4.03378772735596 4.38415861129761 4.61719083786011 4.48048973083496 4.61976718902588 4.75816297531128 4.93816137313843 4.9802303314209 4.44954013824463 4.70061588287354 5.53566551208496 3.96499347686768 3.61988806724548 3.43868803977966 3.11082983016968 13.5166797637939 2.07216382026672 6.72592258453369
1.36304557323456 35.9189720153809 40.9223556518555 30.159725189209 17.6516895294189 19.1777725219727 15.7785129547119 13.2481803894043 9.51203536987305 8.92703151702881 8.31196403503418 4.91015815734863 4.34181642532349 3.33522534370422 3.60786485671997 3.88936257362366 4.10345268249512 4.10447883605957 3.85983037948608 3.46584868431091 3.40749168395996 3.45334887504578 3.43135523796082 3.93284773826599 4.3062686920166 4.3252010345459 4.5245304107666 4.61907052993774 4.86927700042725 5.00146436691284 4.93807744979858 5.18247413635254 5.17314147949219 6.52545642852783 5.88751983642578 7.08309698104858 6.43990850448608 8.92452239990234 8.17116069793701 3.95244741439819 8.79374122619629 3.17047929763794 5.04858064651489 3.35522103309631 12.862024307251
6.93736696243286 2.19416761398315 34.6541137695312 39.5014419555664 28.7326145172119 19.4031181335449 14.1130046844482 12.2572259902954 11.5071830749512 10.0378217697144 5.61023235321045 4.33707761764526 4.33577871322632 4.6742696762085 4.91775321960449 4.83985090255737 4.51355504989624 3.93277025222778 3.8157639503479 3.6647469997406 3.63603162765503 4.16534900665283 4.07104969024658 4.46368646621704 4.53641700744629 4.93490171432495 5.21851301193237 5.14316606521606 5.2576789855957 5.51947069168091 5.48857831954956 10.3433475494385 8.12164497375488 9.52935028076172 11.3669853210449 8.12748336791992 16.8974590301514 17.0099849700928 11.6664237976074 3.87824130058289 7.35357809066772 4.75629901885986 5.94470596313477 4.78620290756226 5.487624168396
-1.10384511947632 8.86655807495117 12.4751405715942 36.5195579528809 26.2342224121094 19.3111133575439 18.2579727172852 14.9058141708374 7.78827619552612 6.80458498001099 5.41896104812622 5.82701587677002 6.10664749145508 6.02197980880737 5.50522232055664 4.98842906951904 4.54918813705444 4.22535562515259 3.98578429222107 4.40297746658325 4.30132961273193 4.70664310455322 4.81227874755859 5.29330396652222 5.60204362869263 5.44142580032349 5.56593608856201 5.59008502960205 5.7419228553772 26.0947742462158 16.8582611083984 15.7013311386108 18.143087387085 14.6948270797729 16.9525356292725 5.0524730682373 13.6286792755127 19.8453750610352 10.4421119689941 12.4432668685913 5.87730646133423 5.67757415771484 10.3326873779297 21.984130859375 14.2077608108521
-0.962997674942017 -1.00752568244934 -0.0202659163624048 40.2657737731934 39.5700912475586 27.9639873504639 12.5301160812378 10.1758317947388 7.96737766265869 6.72974729537964 6.86416864395142 7.21559858322144 7.08383893966675 6.12226963043213 5.63445138931274 5.15130758285522 4.74814319610596 4.48642301559448 4.73461103439331 4.96844005584717 5.12825155258179 5.67175912857056 6.00036430358887 5.80958795547485 5.92718982696533 5.86700582504272 6.10928058624268 6.0951042175293 4.85260915756226 35.7980918884277 40.1454048156738 30.0072441101074 37.9606094360352 39.8954734802246 27.8375682830811 4.123291015625 3.96486687660217 5.93898153305054 7.27999353408813 7.64383125305176 27.1198902130127 19.3150463104248 13.6663608551025 6.2614369392395 5.17315578460693
1.2383861541748 5.35058164596558 0.472792387008667 0.53309291601181 28.5320701599121 23.6545314788818 15.6672925949097 10.8951683044434 9.54165458679199 9.96676921844482 9.79943656921387 8.51559257507324 6.90103006362915 6.6147255897522 5.88753700256348 5.53299808502197 5.64755535125732 5.21863603591919 6.11331653594971 5.74928140640259 5.91476249694824 6.25058889389038 6.34505701065063 6.24900341033936 6.45654249191284 6.43158149719238 6.26644420623779 6.28809356689453 4.81766605377197 4.45051765441895 14.2193994522095 3.99346709251404 4.11579132080078 35.768123626709 27.7426586151123 16.9304141998291 15.9746179580688 9.26004886627197 8.14663982391357 6.78459548950195 10.4350538253784 7.51465225219727 11.4947214126587 5.83236837387085 5.3089919090271
1.49084556102753 3.1430332660675 1.81801283359528 2.14477753639221 2.46788692474365 25.2188568115234 20.3748626708984 16.0012645721436 15.7004899978638 12.7415390014648 10.214467048645 9.26189041137695 8.08784675598145 6.93555164337158 6.95750951766968 6.34033060073853 7.52754735946655 6.87782955169678 6.38393926620483 6.75811433792114 6.51888847351074 6.60775995254517 6.91547536849976 6.85924863815308 6.61289739608765 6.58397150039673 6.60683441162109 6.51109600067139 5.15538215637207 4.28610467910767 4.13515281677246 4.77796459197998 4.68348026275635 26.3912906646729 29.3809757232666 13.7802324295044 13.4041938781738 9.57786750793457 7.22567701339722 10.7635898590088 10.9399576187134 7.13604784011841 6.86668586730957 6.71345710754395 5.23232078552246
5.44266843795776 4.83790588378906 4.0224871635437 9.84711933135986 11.3933391571045 19.6204643249512 35.0169372558594 29.8302268981934 19.9267082214355 14.9383201599121 13.085036277771 10.5291404724121 9.07866668701172 8.16061019897461 6.53814935684204 8.64091014862061 7.09010457992554 7.29198026657104 7.04425144195557 7.11924695968628 7.01952314376831 7.18439626693726 7.10421991348267 7.03490686416626 6.97148704528809 6.79247188568115 6.59067583084106 6.22857189178467 6.00330352783203 5.59170341491699 5.22120189666748 19.986686706543 6.95581912994385 9.8588981628418 16.402322769165 19.5685520172119 14.4158382415771 10.525429725647 8.38290882110596 11.7795782089233 19.1683883666992 18.0494384765625 12.7198266983032 7.86247539520264 5.26321029663086
4.79969596862793 8.06095409393311 2.47652578353882 2.74503588676453 2.63491439819336 4.54435157775879 7.97233867645264 33.6204605102539 30.8414402008057 20.3886165618896 14.5267753601074 11.6800355911255 9.76742935180664 12.0417051315308 10.2542667388916 8.07901573181152 7.8088641166687 7.64166688919067 7.56124114990234 7.73415279388428 7.66878747940063 7.37345838546753 7.46311807632446 7.27720975875854 7.0138087272644 6.53463077545166 6.19734287261963 21.8613815307617 5.99258184432983 5.81287097930908 3.98505043983459 5.24468469619751 7.92099285125732 15.1001091003418 20.8621788024902 26.3469772338867 16.9522266387939 16.8995227813721 12.8525400161743 11.969970703125 13.9271383285522 16.9482917785645 18.1712913513184 8.64607048034668 13.8581924438477
3.55322194099426 2.73597478866577 3.35058069229126 2.53496265411377 2.91121292114258 3.25438618659973 3.49500846862793 6.44551181793213 31.9340667724609 21.6201229095459 14.5939722061157 19.0781478881836 15.3051567077637 11.2574167251587 10.7665710449219 9.1463451385498 8.66843605041504 8.97515106201172 8.25208854675293 7.94827079772949 7.84570407867432 7.71098566055298 7.51676607131958 7.02987909317017 6.44043302536011 6.75846862792969 6.04605579376221 10.0839004516602 9.36075401306152 4.22893571853638 11.2516288757324 10.9053754806519 17.1704406738281 12.7328338623047 14.5054969787598 21.3632659912109 18.0916023254395 15.4974584579468 15.8247213363647 13.8343629837036 11.5212306976318 13.7090044021606 15.2115526199341 17.5682983398438 7.40027141571045
9.51448917388916 4.86026191711426 4.1330943107605 4.43453359603882 4.50350046157837 3.86015105247498 3.76510429382324 9.61498832702637 32.6741676330566 40.9837188720703 28.4260520935059 17.6139373779297 16.9695224761963 13.5272245407104 11.8609972000122 11.0911540985107 10.271427154541 9.05554866790771 8.84464073181152 8.62886619567871 8.74600410461426 7.79123830795288 7.25894021987915 6.92439651489258 7.00797462463379 7.19598913192749 12.2262182235718 8.77116203308105 5.78268575668335 3.97887444496155 4.20711994171143 5.91340351104736 18.2215023040771 17.4506607055664 8.31234645843506 8.59431076049805 6.07892799377441 6.97211313247681 4.54135084152222 15.6797122955322 10.7696933746338 36.3554267883301 10.9126319885254 11.3033847808838 11.7080898284912
5.86168909072876 5.76671504974365 5.41228628158569 5.35216331481934 6.65687227249146 5.87085103988647 4.45193576812744 5.69740009307861 5.12291717529297 38.2019157409668 37.4426040649414 25.084831237793 18.208137512207 17.1446228027344 13.787371635437 11.8801498413086 12.0816822052002 10.3488645553589 9.83572959899902 9.92574119567871 7.91959810256958 7.80398416519165 7.54468870162964 7.7535285949707 7.45521879196167 4.92809629440308 5.52109241485596 21.6720905303955 10.9122714996338 4.50229406356812 3.39537668228149 2.91319108009338 3.9835512638092 19.9297008514404 11.3903131484985 11.432806968689 7.93753528594971 13.7734680175781 17.6103343963623 23.6810054779053 0.595119714736938 10.6476917266846 29.8502178192139 13.4922876358032 15.7235927581787
13.4959945678711 17.1448841094971 12.7584257125854 13.6201181411743 12.1993179321289 5.57176303863525 8.85608196258545 6.96360683441162 7.85778856277466 7.50313186645508 39.6915512084961 37.5349349975586 25.1247463226318 17.0243701934814 18.4862976074219 14.800479888916 13.3264636993408 13.5931062698364 11.5986051559448 9.25050926208496 8.85721683502197 8.47583961486816 8.10065078735352 6.93342542648315 6.81648588180542 24.0622158050537 5.5295729637146 14.7264108657837 13.6201953887939 4.43488216400146 3.40204930305481 3.11522078514099 2.65140438079834 2.47400403022766 2.34763669967651 7.98899793624878 2.06105351448059 0.90508759021759 0.971507549285889 0.833213686943054 1.28307271003723 8.92810249328613 26.0640621185303 17.6936931610107 10.3783435821533
5.60065269470215 5.58838319778442 12.7844619750977 9.79686641693115 6.89335441589355 8.12570190429688 8.02728080749512 8.66186332702637 8.86609840393066 7.9976978302002 13.6128797531128 36.919921875 39.6218528747559 27.2227554321289 20.3072147369385 20.7702445983887 16.8244438171387 11.7158327102661 12.1906938552856 10.3255281448364 8.87334442138672 7.63695573806763 7.29143476486206 7.35256385803223 5.98195791244507 12.5051240921021 13.8719844818115 5.53744697570801 4.7199649810791 4.59043884277344 3.70673108100891 3.01410961151123 2.69659113883972 21.3617935180664 2.17618560791016 2.22469711303711 1.72014689445496 1.71088421344757 5.28599691390991 19.7620010375977 0.570259571075439 0.500801265239716 2.35396265983582 21.9201030731201 9.88899803161621
10.8692245483398 12.7586460113525 11.9943056106567 7.97891616821289 10.220685005188 10.992073059082 10.0626192092896 9.17196750640869 12.8569507598877 8.36045074462891 13.6672496795654 8.31518077850342 42.6405487060547 43.3711624145508 30.5153770446777 16.9414081573486 18.9854507446289 15.2292060852051 11.4748058319092 9.74930286407471 7.99901533126831 7.90557241439819 7.69705247879028 7.42499542236328 5.18133544921875 6.06711435317993 9.65752410888672 5.71082592010498 4.66919565200806 15.4731683731079 13.4933366775513 18.9072132110596 2.16034388542175 3.14558029174805 1.9996212720871 10.1673164367676 1.86808574199677 5.12847805023193 0.751980185508728 8.24539375305176 2.4507839679718 3.73283791542053 1.57464444637299 10.700834274292 3.82059168815613
7.56072568893433 10.8585624694824 12.2854013442993 12.5896625518799 12.2184000015259 11.5721597671509 10.5764455795288 9.30701160430908 9.30952167510986 8.7147741317749 8.56902027130127 8.32963752746582 7.79409646987915 36.4682006835938 40.9730453491211 28.4367942810059 18.0376663208008 14.4004220962524 10.7404289245605 9.09286785125732 8.42319583892822 8.1779146194458 7.86678981781006 6.32386493682861 6.33279514312744 7.64343547821045 8.28073787689209 4.37868976593018 3.27339839935303 2.86824893951416 2.34645700454712 10.1754331588745 10.0950183868408 1.8755419254303 3.75786113739014 7.18664121627808 9.3576831817627 29.3928356170654 24.2891445159912 20.5029354095459 8.44702053070068 1.91184449195862 12.3638668060303 2.77292561531067 13.3089513778687
12.2827672958374 14.0164623260498 15.0530338287354 13.6054935455322 14.1343088150024 12.5844268798828 11.505202293396 10.346586227417 10.1383495330811 10.0121641159058 9.92549610137939 7.88855504989624 16.8560237884521 7.94341135025024 39.1948890686035 27.0822811126709 16.9142398834229 13.4381227493286 9.25601768493652 10.2752342224121 8.63425731658936 8.52813339233398 8.10844898223877 6.74053859710693 6.36698770523071 15.2840137481689 7.14697027206421 4.04177618026733 3.1541907787323 10.9005765914917 18.6718826293945 11.8593912124634 2.02717900276184 5.29996347427368 1.50008761882782 1.40457785129547 0.810351610183716 1.0983579158783 1.19645273685455 2.04771685600281 1.99898636341095 3.03873205184937 3.32748460769653 2.57154059410095 3.16614556312561
22.3488063812256 17.4418144226074 15.6437816619873 16.7606506347656 15.9827842712402 14.6035757064819 12.2114715576172 10.966495513916 11.1459617614746 10.8560085296631 9.23009872436523 8.19378566741943 9.20416069030762 9.15067100524902 36.9062042236328 25.0575332641602 12.4566450119019 24.186185836792 15.5344867706299 9.68196964263916 8.96919727325439 14.0360631942749 7.56122159957886 6.75223207473755 5.82671213150024 5.78564023971558 4.08867883682251 3.26104235649109 2.45481204986572 1.89096760749817 2.19102883338928 8.81165313720703 12.6454296112061 3.05344939231873 2.01838994026184 3.7606828212738 4.47967720031738 4.91445970535278 3.73364281654358 4.83852100372314 5.14140033721924 4.49840879440308 3.30167603492737 9.22648143768311 5.12276697158813
21.5222988128662 24.6758899688721 23.667724609375 21.1185932159424 18.4809856414795 15.2338752746582 13.3558740615845 11.9020214080811 10.3982048034668 10.3340349197388 10.7867450714111 9.59900951385498 8.46206188201904 8.13377952575684 12.1160879135132 20.9232902526855 8.7937479019165 22.1248397827148 20.7848224639893 16.6216773986816 16.4583568572998 7.85633516311646 8.74527072906494 6.10162782669067 6.83858871459961 8.65320014953613 4.65959978103638 10.3915491104126 3.08994913101196 2.4541163444519 1.8212103843689 3.9670557975769 3.09025073051453 8.51201725006104 6.07813930511475 15.9732885360718 6.09544706344604 7.427405834198 9.42957019805908 9.10317230224609 5.22652339935303 4.32348012924194 3.06458473205566 18.997537612915 24.1168689727783
39.8252601623535 28.2770347595215 24.9712409973145 23.4651165008545 21.040168762207 15.9549140930176 14.0937480926514 14.3500003814697 12.7477884292603 15.5301904678345 12.3252229690552 8.98933506011963 9.30180072784424 9.80062484741211 9.94654273986816 10.2295818328857 9.37528514862061 9.0420389175415 11.2185926437378 8.08149337768555 8.67629051208496 6.20651149749756 7.60326766967773 22.6415863037109 4.66356515884399 16.3042984008789 4.27616500854492 11.9897031784058 4.62792205810547 1.7905387878418 4.19644784927368 19.5445785522461 15.2126331329346 5.93719577789307 10.4735145568848 21.2044620513916 19.9494571685791 10.1499652862549 5.26203727722168 4.87993097305298 5.70545625686646 4.63367557525635 2.27403616905212 2.17939066886902 9.71567153930664
