slauniainen/Data/DEM/Vihti_dem1500b_cl_horizonAngle_12.asc
NCOLS 196 
NROWS 178 
XLLCORNER 353680 
YLLCORNER 6699024 
CELLSIZE 16 
NODATA_value -3.4e+38 
[rows 0 to 19 of 178, columns 135 to 179 of 196]
1.08686280250549 1.22482252120972 1.3214635848999 1.37914657592773 1.53916752338409 1.8855447769165 2.03419852256775 2.07112646102905 2.24507784843445 2.3773467540741 2.62329125404358 2.78738188743591 2.95116782188416 3.08924269676208 2.99207997322083 2.75832915306091 2.38174200057983 1.99324285984039 1.62543749809265 1.44251918792725 1.87063300609589 2.057373046875 2.4478394985199 3.05407476425171 4.4515380859375 5.59350156784058 5.46824407577515 5.33484888076782 3.87432837486267 3.23429918289185 4.20022869110107 4.95052003860474 5.6779146194458 6.08622121810913 6.23391485214233 5.94054126739502 5.2607593536377 4.56158781051636 3.47703433036804 2.35878825187683 1.70011186599731 1.38950657844543 0.710253894329071 0.506788969039917 5.1201024055481
1.16106486320496 1.19714426994324 1.28727722167969 1.31788432598114 1.43729865550995 1.72718894481659 1.80962884426117 1.87985098361969 1.94740796089172 2.08222341537476 2.28554058074951 2.61402320861816 2.71541118621826 2.86447048187256 2.76055955886841 2.51655721664429 2.15186405181885 1.76329863071442 1.38515055179596 1.10353434085846 1.21283268928528 1.77094566822052 2.03177714347839 2.36212515830994 3.59960246086121 4.71730852127075 5.39850568771362 4.20565986633301 3.59366965293884 3.42541766166687 4.13773584365845 4.82617425918579 5.49860048294067 5.76888132095337 5.45395565032959 5.3327956199646 4.85793876647949 4.17743635177612 3.17912197113037 2.16237831115723 1.28319251537323 0.521346867084503 0.462790340185165 0.433773756027222 3.81031084060669
1.15733337402344 1.24441170692444 1.23484826087952 1.24639678001404 1.2618362903595 1.52075362205505 1.60113871097565 1.75274729728699 1.76145160198212 1.83532428741455 2.01171278953552 2.32647061347961 2.47740983963013 2.63748121261597 2.58696031570435 2.39689874649048 2.06764769554138 1.68798756599426 1.31128907203674 1.01876163482666 1.10189616680145 1.271897315979 1.90450286865234 2.01685190200806 2.95584678649902 4.0050802230835 4.56091165542603 4.05602598190308 3.6177225112915 3.64414858818054 4.18163442611694 4.66072750091553 5.26177310943604 5.42168664932251 5.12646722793579 4.49499654769897 3.98555421829224 3.52491641044617 3.01972055435181 2.14855360984802 1.15231108665466 0.305279165506363 0.43422731757164 3.24812316894531 2.14781880378723
1.07940649986267 1.14052593708038 1.14497447013855 1.17118430137634 1.12036168575287 1.26194739341736 1.51104116439819 1.69463086128235 1.73721861839294 1.81170535087585 1.8972395658493 2.12024116516113 2.35407829284668 2.40880012512207 2.43837261199951 2.26437664031982 2.01572418212891 1.66540515422821 1.30542886257172 1.03528940677643 1.09049046039581 1.09492981433868 1.62600958347321 1.94317638874054 2.4618136882782 3.46105194091797 3.82375597953796 3.36643385887146 3.31624984741211 3.7997841835022 4.2038402557373 4.61018133163452 5.03207778930664 5.18537950515747 4.84437417984009 4.21396017074585 3.71274518966675 2.98479461669922 2.44340801239014 2.63767528533936 4.25504541397095 6.97479581832886 4.84541797637939 3.27361249923706 1.20775365829468
0.836562216281891 0.861124098300934 0.874310314655304 1.01806080341339 1.04997932910919 1.14919817447662 3.35968446731567 3.13396310806274 1.73724460601807 1.78835773468018 1.91155648231506 2.02896595001221 2.25152111053467 2.32861733436584 2.24286723136902 1.98404240608215 1.73711252212524 1.49839234352112 1.65206527709961 2.31781625747681 2.22246646881104 1.45009458065033 1.4861319065094 1.91208481788635 2.58205342292786 3.07300114631653 3.32196044921875 2.85689687728882 3.12543678283691 3.79071378707886 4.2817702293396 4.79675197601318 4.69966554641724 4.94126224517822 4.61761474609375 4.05321884155273 3.61457777023315 2.91035723686218 2.58115911483765 2.88875555992126 3.78094720840454 6.15955829620361 5.51118564605713 3.10698199272156 1.4729335308075
0.571888506412506 0.606774747371674 0.65222156047821 0.860487520694733 1.46917951107025 5.41420984268188 7.18322134017944 8.81761455535889 7.36222124099731 5.06026649475098 3.58225345611572 3.44427108764648 3.669602394104 2.31451797485352 2.20712208747864 1.95139610767365 1.62306010723114 1.799067735672 2.28130626678467 2.41773509979248 2.19146251678467 1.31449198722839 1.38130438327789 1.72930777072906 2.46526408195496 2.93057918548584 2.82752561569214 2.42550325393677 2.98622012138367 3.6582670211792 4.14732789993286 4.61588954925537 4.69856977462769 4.61962080001831 4.39092826843262 3.88638758659363 3.5328323841095 3.18586444854736 3.28524041175842 3.83820557594299 5.20667505264282 4.94261980056763 5.77423000335693 5.5331244468689 3.64085531234741
0.518424928188324 0.570693910121918 0.642693042755127 4.03346252441406 5.25115966796875 5.3863525390625 6.93571138381958 8.68931198120117 10.5317945480347 10.5255756378174 9.40085697174072 8.24915504455566 5.63367366790771 3.30172848701477 2.19339084625244 1.94914829730988 2.57567644119263 2.99535250663757 2.7438006401062 2.34572601318359 2.02260971069336 1.60343265533447 1.2984676361084 1.56876385211945 2.19704222679138 2.62158918380737 2.33962988853455 2.48251724243164 3.04032731056213 3.52215814590454 4.00063323974609 4.43743944168091 4.49749994277954 4.14153861999512 3.93859004974365 3.6866626739502 3.39410328865051 2.88917279243469 3.3977735042572 4.3162145614624 5.06327629089355 4.75101709365845 4.8657546043396 5.12548208236694 4.33327436447144
6.91559600830078 11.3154125213623 12.3002586364746 9.03734302520752 5.30643558502197 5.29348707199097 6.96073579788208 7.84566688537598 8.32621765136719 9.28157234191895 8.94419479370117 7.93643379211426 6.13977527618408 4.2856650352478 2.48711180686951 1.93746507167816 2.38933038711548 2.85813736915588 4.42061233520508 3.08957505226135 1.87953996658325 1.20630049705505 1.29436147212982 1.48952412605286 2.06260943412781 2.35357451438904 2.19852495193481 2.52001547813416 3.10651469230652 3.57309365272522 3.83607316017151 4.27795791625977 4.32955837249756 3.94809484481812 3.44052457809448 3.17983484268188 2.969407081604 2.78714466094971 3.2138843536377 3.59944820404053 4.55867576599121 4.27787160873413 3.714679479599 3.47869229316711 3.69522547721863
14.2750787734985 10.5615797042847 10.1933059692383 7.28747081756592 4.07784080505371 4.49246740341187 5.74689817428589 6.48613834381104 7.09435939788818 7.37612056732178 6.68472194671631 6.20601177215576 5.19569063186646 4.30136775970459 3.41304636001587 2.25316905975342 2.63689827919006 3.94747924804688 2.70627164840698 2.05245399475098 1.339674949646 1.18418514728546 1.36824631690979 1.79962384700775 1.96686768531799 2.15097427368164 2.14317774772644 2.64985156059265 3.17595076560974 3.53172588348389 3.82281064987183 4.11075782775879 4.15821218490601 3.80783152580261 3.28193283081055 3.03090214729309 2.63983654975891 2.38863325119019 2.66570663452148 3.11203265190125 3.89223694801331 3.67883920669556 3.11983561515808 2.83770108222961 2.49353361129761
8.57868671417236 7.17046642303467 5.101149559021 3.38746523857117 3.31860446929932 3.80571794509888 4.78981399536133 5.42662525177002 5.66878271102905 5.96209239959717 5.54484033584595 4.51306009292603 3.87859344482422 3.75807666778564 4.45743751525879 6.13202381134033 4.12046051025391 2.82009124755859 2.06306219100952 1.78759062290192 1.57726585865021 1.32015120983124 1.35104298591614 1.80750679969788 2.01467227935791 1.87274050712585 2.03213667869568 2.52672457695007 3.10469746589661 3.53109192848206 3.95294785499573 3.87939977645874 3.9950590133667 3.68332076072693 3.18163919448853 2.93510222434998 2.57105660438538 2.3534369468689 2.64586544036865 2.81889200210571 3.34269833564758 3.16678142547607 2.73595690727234 2.53291654586792 2.31002902984619
6.09358215332031 5.58818531036377 3.90712952613831 2.78041768074036 2.7695620059967 3.233553647995 4.06083488464355 4.53243494033813 4.70274448394775 4.81229019165039 4.79523277282715 3.92929363250732 3.36565637588501 3.53081035614014 4.03578042984009 4.02669334411621 3.10848021507263 2.30421710014343 2.02688646316528 1.6692807674408 1.43404698371887 1.29017543792725 1.33306634426117 1.73789358139038 1.91700220108032 1.86222290992737 2.1387300491333 2.61615920066833 2.95647382736206 3.39213013648987 3.79771709442139 3.86372947692871 3.75847721099854 3.57253193855286 3.12312793731689 2.89477920532227 2.52722382545471 2.323570728302 2.93201327323914 3.47558569908142 3.16455173492432 2.80884718894958 2.50966715812683 2.42694902420044 2.23860716819763
4.93726587295532 4.545090675354 3.29752492904663 2.28788304328918 2.7768247127533 3.34506464004517 3.5950813293457 3.90242910385132 4.01948976516724 4.1035270690918 4.04179239273071 3.44518280029297 2.95892786979675 2.89068126678467 2.83494448661804 2.35895872116089 2.2650260925293 2.05508875846863 1.7504608631134 1.39432561397552 1.14148092269897 1.14324331283569 1.26378905773163 1.6411429643631 1.80143940448761 1.92101490497589 2.17462635040283 2.68537712097168 3.05112218856812 3.24860000610352 3.68721032142639 3.75091409683228 3.45734071731567 3.28701138496399 3.07768487930298 2.8557755947113 2.47641563415527 2.24867653846741 2.85278248786926 3.44915199279785 4.3395357131958 4.34289026260376 3.42182588577271 2.54373407363892 2.10845589637756
4.13499736785889 3.81019425392151 2.82309508323669 2.07102203369141 2.48778605461121 3.02888607978821 3.35745978355408 3.49974131584167 3.47215104103088 3.54509329795837 3.45226836204529 2.95954275131226 2.53689050674438 2.36644673347473 2.20009517669678 2.02701759338379 1.94965267181396 1.73034942150116 1.39338541030884 1.09271240234375 1.08336126804352 1.11906969547272 1.23307526111603 1.519282579422 1.68166148662567 1.86961615085602 2.27116823196411 2.74647641181946 3.04434680938721 3.28294730186462 3.57727909088135 3.66504597663879 3.40859699249268 3.01216244697571 2.79655575752258 2.58372950553894 2.42998933792114 2.1661684513092 2.67676734924316 3.24209499359131 3.13639044761658 3.43536257743835 3.13663935661316 2.19414281845093 1.97465646266937
3.47220373153687 3.25035786628723 2.26005887985229 1.85609793663025 2.24828362464905 2.73108124732971 2.98532938957214 3.11995077133179 3.09276080131531 2.92241597175598 2.66077303886414 2.28927636146545 2.15747666358948 2.03981566429138 1.84877133369446 1.69189476966858 1.58613610267639 1.42911505699158 1.18213629722595 0.953552186489105 1.02902626991272 1.11310148239136 1.39828836917877 1.4461430311203 1.5849746465683 1.79643225669861 2.20406055450439 2.69600772857666 3.06865835189819 3.42137265205383 3.40437054634094 3.54777097702026 3.29710340499878 2.92549157142639 2.7217161655426 2.36407518386841 2.11577820777893 2.24314975738525 2.49018049240112 3.001629114151 2.89894986152649 2.50901317596436 2.11595559120178 1.73772490024567 1.60029172897339
2.76372861862183 2.14944839477539 1.50967693328857 1.7718460559845 2.17478251457214 2.49153900146484 2.70442605018616 2.8193097114563 2.80044937133789 2.6670036315918 2.38995623588562 2.2060170173645 2.0618371963501 1.8738294839859 1.61153662204742 1.52904689311981 1.446741938591 1.30244374275208 1.07709562778473 0.913124859333038 0.975333154201508 1.06517791748047 1.33695888519287 1.48001182079315 1.42987465858459 1.71708512306213 2.14056277275085 2.6003086566925 2.98702383041382 3.32029461860657 3.39103221893311 3.30634331703186 3.1781485080719 2.81458902359009 2.61078095436096 2.27741384506226 2.01182699203491 2.29751443862915 2.75506782531738 2.66686463356018 2.51799201965332 2.27727580070496 1.95199060440063 1.57037401199341 1.71909606456757
2.47832417488098 1.91882872581482 1.38966429233551 1.85558199882507 2.25790023803711 2.36247897148132 2.46974587440491 2.56380701065063 2.52778315544128 2.43464493751526 2.16192603111267 1.93174874782562 1.83701407909393 1.64838635921478 1.46784591674805 1.40137803554535 1.30029439926147 1.09755611419678 0.880566954612732 0.882599830627441 0.923789024353027 0.995092153549194 1.27406024932861 1.39781367778778 1.56203532218933 1.81134712696075 2.2453944683075 2.54795622825623 2.8831479549408 3.2324423789978 3.27957129478455 3.03921818733215 2.87435936927795 2.6965172290802 2.51165413856506 2.18972444534302 1.92966032028198 2.1239161491394 2.56025958061218 2.47534370422363 2.24698567390442 2.04093790054321 1.8275009393692 1.52581167221069 1.8710812330246
2.21117925643921 1.75924968719482 1.36627388000488 1.7019270658493 2.08623456954956 2.22271251678467 2.29030013084412 2.32756757736206 2.24144554138184 2.13465905189514 1.8465576171875 1.60200536251068 1.49858021736145 1.37057638168335 1.28246974945068 1.23965227603912 1.09291970729828 0.90668112039566 0.829287052154541 0.881587743759155 0.886346340179443 0.949548184871674 1.21212685108185 1.33098709583282 1.57367205619812 1.83237397670746 2.27990937232971 2.6393084526062 2.78753900527954 3.12745475769043 3.16850352287292 2.9297947883606 2.59677910804749 2.40184307098389 2.22462677955627 2.10064697265625 1.8536901473999 1.99073255062103 2.38496446609497 2.30732369422913 2.10401391983032 1.66973376274109 1.50414538383484 1.49273216724396 1.82773506641388
2.0357882976532 1.38857734203339 1.24705195426941 1.55711472034454 1.91895854473114 2.02995753288269 2.1500358581543 2.13180351257324 2.03776931762695 1.7555730342865 1.47609043121338 1.35234487056732 1.27463316917419 1.17846167087555 1.17455613613129 1.12230360507965 1.01386415958405 0.83492785692215 0.790436089038849 0.835264801979065 0.857634782791138 0.948455631732941 1.15032875537872 1.23428559303284 1.53302574157715 1.92547154426575 2.31884455680847 2.60322546958923 2.83990526199341 3.02900886535645 3.06811952590942 2.83666753768921 2.50818085670471 2.3235387802124 2.02417540550232 1.78817069530487 1.72196352481842 1.86936867237091 2.24131417274475 2.17068648338318 1.99135339260101 1.560187458992 1.2790789604187 1.46164786815643 1.78933262825012
1.47011959552765 1.07331132888794 1.15665221214294 1.47974491119385 1.77813076972961 1.90466797351837 1.99875140190125 1.96771514415741 1.9195351600647 1.6403374671936 1.33700942993164 1.17102837562561 1.07308900356293 1.07810866832733 1.08558416366577 1.04934167861938 0.957823574542999 0.787598550319672 0.753906309604645 0.80473655462265 0.857996761798859 1.08096146583557 1.118692278862 1.16595852375031 1.50307047367096 1.86725497245789 2.26568913459778 2.60140895843506 2.91705513000488 2.88978147506714 2.96839213371277 2.74315190315247 2.43036913871765 2.24534511566162 1.95539808273315 1.71749866008759 1.63398408889771 1.8049943447113 2.10865640640259 2.04037880897522 1.79224240779877 1.46188855171204 1.23893821239471 1.42577815055847 1.75026547908783
1.37281894683838 0.99988579750061 1.23175942897797 1.50771844387054 1.69967114925385 1.7958699464798 1.83881616592407 1.87599575519562 1.78743493556976 1.53226125240326 1.25311923027039 1.09930741786957 1.00342106819153 0.99669337272644 0.987346410751343 0.960392355918884 0.869391262531281 0.711161851882935 0.731552720069885 0.764597475528717 0.80969649553299 1.02709090709686 1.09275031089783 1.19116449356079 1.46669220924377 1.81351900100708 2.19696569442749 2.52419090270996 2.83128523826599 2.86113977432251 2.76624321937561 2.65542697906494 2.3545355796814 2.17165303230286 1.88475894927979 1.66077888011932 1.6336190700531 1.96247208118439 1.90373313426971 1.75943124294281 1.59238374233246 1.36878061294556 1.29352164268494 1.54496324062347 1.80204117298126
