slauniainen/Data/DEM/Vihti_dsm1500b_cl_horizonAngle_324.asc
NCOLS 196 
NROWS 178 
XLLCORNER 353680 
YLLCORNER 6699024 
CELLSIZE 16 
NODATA_value -3.4e+38 
[rows 120 to 139 of 178, columns 45 to 89 of 196]
-0.442942559719086 -0.417170286178589 -0.175528332591057 0.136807516217232 1.44050621986389 3.05358839035034 4.12724494934082 3.82527542114258 4.05725860595703 3.14077377319336 2.93111181259155 1.80939316749573 2.61101269721985 3.62411594390869 3.26363372802734 3.48556041717529 3.12787055969238 16.1820392608643 11.4157333374023 22.6015930175781 1.04256880283356 -1.48302268981934 -1.24352562427521 -1.51163911819458 -1.37355482578278 0.0301023833453655 7.04419279098511 -2.92131066322327 18.4263038635254 17.4782638549805 25.9721183776855 9.6226634979248 8.48486709594727 5.89121723175049 7.26123809814453 9.15103435516357 3.1332528591156 -0.643356680870056 -2.25769543647766 -2.00333166122437 -1.59947371482849 -1.81776487827301 -1.5949125289917 -3.04313707351685 1.80055093765259
-0.477280765771866 -0.530810654163361 -0.400016516447067 -0.117557764053345 1.3116443157196 2.52758121490479 3.44425225257874 3.76992630958557 3.43662476539612 3.74640369415283 2.88522481918335 2.15020132064819 2.27656292915344 2.38310885429382 3.33742761611938 3.02390360832214 2.9859721660614 9.09525203704834 5.35044527053833 6.82813024520874 5.72903442382812 -1.33786356449127 -0.475348711013794 14.3322677612305 4.04839754104614 -1.47345924377441 -2.19663000106812 1.88850462436676 -3.05082106590271 -2.47499489784241 1.07527327537537 12.5531740188599 7.44013071060181 7.57497787475586 9.31291389465332 8.60637378692627 3.7791965007782 1.90904343128204 -2.40890455245972 2.67901110649109 -2.13610768318176 -1.16728055477142 -1.2004269361496 -2.47435474395752 1.63795256614685
-0.505097150802612 -0.563355267047882 -0.593817830085754 -0.373077780008316 -0.155315980315208 1.09272837638855 2.27917957305908 3.13541913032532 3.44846725463867 3.57612895965576 3.10382676124573 2.57496118545532 1.53155016899109 2.28263926506042 2.34429931640625 3.03102254867554 0.610189855098724 2.49363565444946 3.09377670288086 3.41395592689514 -0.689418852329254 3.08254909515381 5.76821279525757 4.84202003479004 9.88187599182129 2.29246497154236 9.3244104385376 20.4116554260254 8.42867851257324 5.36257553100586 10.4800367355347 3.34157013893127 8.01858711242676 7.77580738067627 4.7529239654541 7.87045288085938 0.699550032615662 -0.184722095727921 -1.34806513786316 8.93619823455811 -1.17073047161102 1.39150679111481 -2.28116512298584 -0.152520716190338 3.51952004432678
-0.546086966991425 -0.612069606781006 -0.659410059452057 -0.663302779197693 -0.462217956781387 -0.290407717227936 0.882575035095215 2.04266262054443 2.83827471733093 3.16846013069153 3.32488799095154 2.53474164009094 2.37590074539185 1.36934494972229 2.07330822944641 2.90475845336914 0.409594506025314 28.3938732147217 2.2111988067627 1.19293928146362 -0.594530582427979 0.255236864089966 6.2780385017395 8.63324356079102 0.1320521235466 8.23081588745117 7.51312875747681 8.54079627990723 8.53083992004395 9.12875556945801 12.2950811386108 2.86536908149719 2.98350548744202 7.39897298812866 5.26535034179688 8.63707065582275 3.56815385818481 -0.592475473880768 -2.26826429367065 -1.58098495006561 -2.50255632400513 -2.4552538394928 -2.24596285820007 3.42559862136841 6.6124906539917
-0.540674448013306 -0.654036223888397 -0.718968987464905 -0.765546321868896 -0.751148521900177 -0.551019012928009 -0.281008809804916 0.681329548358917 2.13317251205444 2.99039363861084 2.76771759986877 3.09264397621155 2.33332371711731 1.58639717102051 1.20566582679749 1.86542963981628 0.201993629336357 1.44974768161774 2.27627158164978 -0.628708899021149 -0.873259961605072 7.16986322402954 -0.782959461212158 -1.0037122964859 1.71800696849823 6.93498992919922 8.11222171783447 6.38166475296021 3.66958546638489 -0.0129225226119161 3.60515284538269 2.02659630775452 13.2412958145142 5.58420467376709 4.89501953125 16.5187683105469 1.31294214725494 -1.29930007457733 -2.72423791885376 -3.22606730461121 -2.90344190597534 2.90054726600647 -2.73483681678772 -1.70835173130035 2.48892951011658
-0.59670627117157 -0.684515058994293 -0.75152188539505 -0.812634766101837 -0.855940401554108 -2.28665065765381 -2.6146833896637 -2.6549277305603 -1.23796391487122 -0.438446223735809 0.068183995783329 2.95038366317749 2.51379776000977 2.09460830688477 1.40032362937927 1.77448272705078 1.78922057151794 17.6821022033691 0.386360347270966 2.11565756797791 22.148998260498 -0.987301826477051 -0.729291141033173 3.27925562858582 15.8999786376953 5.86876249313354 1.4929370880127 2.11352133750916 4.09249639511108 2.2079164981842 9.29186153411865 10.4818916320801 21.1045951843262 4.26662826538086 6.48603010177612 2.89462685585022 1.12464237213135 -2.06757998466492 -3.0515604019165 -3.36834287643433 -1.68062269687653 -0.942107021808624 1.1878947019577 -2.77390289306641 0.173995196819305
-0.673362135887146 -2.66530632972717 -2.49709486961365 -2.58656358718872 -2.23834109306335 -2.25810623168945 -2.73530316352844 11.8838186264038 15.7848405838013 7.84587907791138 -0.656557083129883 -0.0166310556232929 2.74576544761658 2.0429995059967 1.9195739030838 0.996595680713654 1.58707666397095 26.0423412322998 23.1730136871338 30.0136432647705 29.4057464599609 13.4544048309326 6.94249963760376 7.71160078048706 1.34761226177216 5.03928756713867 4.70579671859741 5.10371160507202 0.243727117776871 1.13987708091736 7.33283138275146 3.2985212802887 10.133659362793 6.54462766647339 6.05418825149536 2.580890417099 0.849135220050812 -1.52475953102112 1.74100160598755 0.973676562309265 15.7577133178711 -2.68680453300476 -3.22451949119568 -2.84835839271545 6.88372898101807
-1.67315173149109 -2.39474058151245 4.42550563812256 14.4788303375244 19.1614894866943 -2.1229887008667 -2.77783393859863 11.9664077758789 9.44283103942871 6.05148792266846 -1.07716584205627 -0.294794768095016 -0.117130525410175 2.54334688186646 1.87366020679474 1.76701176166534 0.875266492366791 1.45657134056091 16.286018371582 20.792652130127 6.35249376296997 17.6401710510254 11.1636648178101 9.20932388305664 2.02999567985535 12.3734941482544 3.76917886734009 4.94424390792847 9.1251163482666 11.0868282318115 0.00690719205886126 6.84955167770386 3.78210258483887 5.52608489990234 2.40963554382324 2.26098966598511 2.49783778190613 0.168038979172707 9.40853214263916 5.15880489349365 7.1309061050415 9.89683151245117 8.496657371521 7.04632234573364 11.4199886322021
-1.67848467826843 -1.40647757053375 2.35300278663635 20.6794662475586 5.15404939651489 0.362643957138062 3.99386739730835 16.3979511260986 1.15833485126495 -0.69813859462738 0.7919682264328 3.70516681671143 1.70712029933929 12.3222227096558 0.744734644889832 1.72846221923828 1.01242876052856 1.10896849632263 1.30582058429718 11.5425081253052 12.8345260620117 1.88422286510468 5.8723931312561 6.7020788192749 5.00271368026733 2.60071754455566 3.73662519454956 3.80758571624756 2.23062896728516 0.797968327999115 1.70286405086517 -0.0491338856518269 2.47710752487183 1.90208983421326 4.32260227203369 2.18046522140503 2.3481113910675 6.21585369110107 13.3852043151855 4.43121671676636 2.42441487312317 3.76848769187927 4.01852703094482 7.92160177230835 21.7035522460938
-0.949320077896118 -1.71314227581024 -1.83339619636536 22.2614345550537 5.68270254135132 5.03687572479248 -2.55312943458557 0.329373747110367 3.53750157356262 -0.303004592657089 7.43994283676147 7.66814422607422 3.29640245437622 7.67499160766602 0.505253553390503 2.65919065475464 1.55913364887238 0.719111084938049 1.25286817550659 1.31746411323547 8.82235622406006 8.89123725891113 0.522011876106262 1.96162927150726 3.78763818740845 1.69891035556793 11.6817903518677 1.65698349475861 3.37690281867981 0.523469567298889 0.219448611140251 -0.876134037971497 3.58099317550659 1.79258561134338 1.31509792804718 2.56003499031067 1.00683414936066 9.59790515899658 12.569766998291 8.82231521606445 12.5627346038818 8.23281955718994 9.80274963378906 20.4494876861572 21.4366893768311
6.83358430862427 19.8628482818604 4.46412038803101 10.1749420166016 1.23451042175293 -2.52542281150818 3.03583216667175 -2.73376393318176 0.833647072315216 12.0962800979614 1.56765639781952 1.10538733005524 4.23224544525146 -0.833846032619476 1.31119573116302 0.276084244251251 0.321171820163727 1.44665944576263 0.631206750869751 1.16326427459717 7.72356843948364 5.39351224899292 6.62305736541748 -0.948108971118927 3.94719219207764 5.5317850112915 2.19908022880554 0.625117182731628 3.96388101577759 1.2876204252243 10.5497512817383 -1.00982367992401 15.7989320755005 0.0987089872360229 0.122502446174622 1.50290215015411 18.500524520874 15.3341016769409 7.70345687866211 6.19929790496826 10.2014465332031 10.783802986145 11.8799095153809 18.4452285766602 19.9832305908203
8.20123767852783 10.2741689682007 20.634298324585 13.2300176620483 8.6505823135376 30.8076114654541 11.1232051849365 0.763681590557098 -0.0196029022336006 -1.08704876899719 -0.138666406273842 0.425007104873657 0.149489924311638 5.51630735397339 22.4167556762695 11.5501937866211 -0.0204921737313271 -0.906032919883728 1.3252387046814 0.550173044204712 1.05660390853882 6.18114614486694 5.73338031768799 16.2555465698242 21.7078456878662 3.07610440254211 10.1270990371704 26.1495876312256 21.1696453094482 12.0025587081909 -0.45451894402504 -1.24039041996002 2.33061695098877 -0.402743995189667 -0.175373286008835 8.7127685546875 22.3913898468018 3.40152716636658 3.46486210823059 4.92775917053223 9.47790622711182 7.43696212768555 13.7903079986572 15.6100311279297 17.07448387146
1.54137825965881 5.9986457824707 13.7317161560059 15.4378871917725 23.3090667724609 13.5850381851196 18.6634197235107 -1.72223246097565 11.6759481430054 -0.121358931064606 2.40146517753601 -1.7056450843811 -0.95887279510498 23.6491718292236 3.91455888748169 6.51003122329712 -0.351669639348984 12.6789169311523 11.1728076934814 0.614487528800964 0.707829535007477 0.956529915332794 5.07174396514893 4.54712295532227 26.0561199188232 0.658292233943939 30.6455478668213 23.5269451141357 26.017879486084 3.26525402069092 0.0823362022638321 -0.73490297794342 0.336690008640289 0.225285694003105 11.0197315216064 24.0769443511963 2.96164226531982 1.87759101390839 16.8064117431641 11.5706481933594 10.870532989502 8.47355175018311 22.0163688659668 17.9420413970947 16.5616893768311
2.59108543395996 35.1799468994141 6.92608022689819 9.37036895751953 11.237982749939 9.23940467834473 7.75824689865112 8.44258499145508 6.68086576461792 11.6740636825562 11.7614278793335 4.33017635345459 -2.18753504753113 -1.01119005680084 2.03042483329773 9.69021987915039 4.86024618148804 17.332670211792 25.1727085113525 31.4990100860596 0.399166762828827 0.902562320232391 0.955007135868073 4.26736164093018 3.79661440849304 6.76202630996704 33.3448638916016 12.8587894439697 14.2963562011719 14.657434463501 -0.233101412653923 2.94130659103394 1.3290787935257 18.6592578887939 18.1403217315674 12.0866422653198 3.96357274055481 6.58008003234863 3.44131183624268 9.59322738647461 4.90177011489868 15.6751899719238 31.8005256652832 19.6975555419922 37.7935371398926
24.8793163299561 36.6530799865723 13.1513538360596 14.4552307128906 6.57509803771973 8.79959869384766 5.52885675430298 5.08857440948486 13.87721824646 19.6346664428711 12.3818960189819 18.4392223358154 23.0758056640625 11.3999261856079 2.61754870414734 -1.54758191108704 4.12957334518433 22.6803455352783 26.7754592895508 25.9735736846924 8.27854061126709 0.333951413631439 0.77301412820816 3.80120158195496 2.60224676132202 1.3367201089859 33.0379104614258 10.8834409713745 7.41690301895142 8.85464763641357 13.4997482299805 5.90777635574341 -0.913820147514343 17.7315559387207 13.634744644165 8.39824867248535 8.53653049468994 5.9397177696228 7.31495189666748 12.0598392486572 29.7497234344482 39.6012535095215 28.4231395721436 26.9991760253906 29.0590419769287
11.8122825622559 24.9617614746094 11.6570339202881 8.1934289932251 7.34449672698975 7.5641770362854 4.53946733474731 2.90013337135315 3.15824389457703 6.93686151504517 -0.0309767294675112 0.462207704782486 11.7826728820801 12.0478096008301 5.80608654022217 2.27602577209473 42.7699279785156 21.4492492675781 17.5116481781006 12.7288484573364 15.958646774292 0.376013040542603 0.307134330272675 0.219377145171165 3.45657849311829 2.88630294799805 22.6873893737793 13.3577604293823 6.97112035751343 5.92272186279297 6.79748868942261 27.7229804992676 7.83479738235474 24.3731060028076 17.7242183685303 10.720724105835 17.0653839111328 12.5527744293213 16.1611518859863 34.9126243591309 42.7736282348633 29.7332401275635 25.0123901367188 21.296724319458 16.2778053283691
16.4108772277832 9.69277572631836 10.1281423568726 9.92141628265381 1.8665863275528 5.6532506942749 3.65039300918579 0.955805659294128 2.86132502555847 11.9274291992188 10.8851366043091 3.30134105682373 6.73980283737183 2.1326801776886 -2.60035634040833 -1.2607729434967 3.16289520263672 8.92388153076172 10.1985445022583 12.3467845916748 9.66086196899414 11.6569747924805 0.358989894390106 0.755421817302704 15.0407438278198 3.0126690864563 1.03721296787262 12.9166297912598 8.33680248260498 4.86765193939209 6.88097667694092 9.02563762664795 5.05085182189941 21.6814289093018 15.2376947402954 12.663501739502 13.5554533004761 6.66692924499512 21.560432434082 23.105375289917 19.7658596038818 15.3604907989502 20.1509952545166 13.5484886169434 12.7466402053833
20.1258144378662 9.31592464447021 8.89281177520752 7.91342353820801 6.05563163757324 9.85075759887695 3.34716939926147 2.33957099914551 0.221522152423859 1.61558759212494 2.25202322006226 16.1211795806885 0.13869634270668 7.63258409500122 0.309826612472534 11.9522361755371 -2.58891844749451 25.2588977813721 15.216833114624 6.22413635253906 9.55787086486816 10.1519899368286 9.03707122802734 0.248839125037193 9.516526222229 2.83302187919617 1.72267174720764 0.0861940011382103 8.26776313781738 6.79809617996216 6.76175403594971 2.41014075279236 3.42413902282715 16.5032157897949 21.3207569122314 11.692328453064 9.48508262634277 8.12075519561768 9.0919361114502 8.50789546966553 10.6070795059204 11.4150447845459 13.3041162490845 14.8994493484497 10.6564989089966
4.52613067626953 11.4266023635864 7.12541007995605 4.55830669403076 1.74329817295074 5.92298746109009 1.06174194812775 2.03632473945618 0.655661880970001 3.5533185005188 3.11056685447693 18.5323238372803 1.70767986774445 -1.04308557510376 0.33470630645752 8.21162033081055 2.41729021072388 23.5184593200684 21.0799407958984 8.91390228271484 8.55353450775146 7.18090343475342 8.49006080627441 1.22121906280518 0.093791127204895 5.26708745956421 2.48156070709229 3.11314916610718 20.359395980835 2.40860199928284 0.570854425430298 2.28945064544678 15.0769948959351 20.7734565734863 28.6123752593994 16.4047050476074 8.96395683288574 4.64252090454102 2.51510286331177 4.02060031890869 5.37795782089233 5.66328811645508 8.84911823272705 9.09423065185547 7.69854307174683
11.8759317398071 30.2818870544434 2.34908533096313 5.14916896820068 2.19242215156555 -0.201189562678337 -0.143842801451683 -1.08308839797974 0.605754613876343 -0.503649115562439 -0.191065892577171 6.69270610809326 1.05164933204651 -1.17031967639923 -1.03243696689606 -0.944331288337708 9.56247138977051 21.557430267334 35.4057083129883 11.7318754196167 6.88120412826538 7.07949876785278 1.06260311603546 2.43985486030579 -0.212824687361717 0.252213984727859 3.35728669166565 2.2476532459259 16.5538787841797 7.97930335998535 1.77609610557556 1.2016589641571 14.032322883606 26.4838428497314 18.2225914001465 6.61769151687622 5.74244689941406 2.60668349266052 -0.665370881557465 -0.228558495640755 1.36826765537262 5.05224275588989 4.69927597045898 5.68300724029541 2.85503935813904
