slauniainen/Data/DEM/Vihti_dsm1500b_cl_horizonAngle_276.asc
NCOLS 196 
NROWS 178 
XLLCORNER 353680 
YLLCORNER 6699024 
CELLSIZE 16 
NODATA_value -3.4e+38 
[rows 20 to 39 of 178, columns 90 to 134 of 196]
8.3515567779541 8.13219356536865 7.49686288833618 7.27306699752808 7.03718233108521 6.82284450531006 6.61865615844727 6.43799352645874 6.28261089324951 6.14653873443604 6.24082899093628 6.31477451324463 6.2208456993103 6.13738393783569 6.05935335159302 5.93388795852661 5.82069683074951 5.71768188476562 5.62804841995239 5.53070068359375 5.2556266784668 5.15782880783081 5.05065298080444 4.95158576965332 4.8445200920105 4.69432210922241 4.60354614257812 4.51793718338013 4.21742677688599 3.44982671737671 3.20931148529053 3.01426792144775 2.74094867706299 2.68144464492798 2.35418844223022 2.31039571762085 2.26396369934082 2.21405553817749 2.15780091285706 0.84989321231842 3.16059136390686 0.924280762672424 1.73993372917175 11.6391382217407 4.97823762893677
7.45191383361816 8.04416465759277 7.87642526626587 7.64644050598145 7.39875936508179 7.14961624145508 6.93368053436279 6.73860597610474 6.57708358764648 6.42958116531372 6.31924104690552 6.21460342407227 5.9013729095459 5.83355331420898 5.71878433227539 5.60786390304565 5.49296045303345 5.38944578170776 5.3007025718689 5.38197994232178 5.39255237579346 5.29296207427979 5.18374347686768 5.07458209991455 4.98023891448975 4.49410676956177 4.35915040969849 4.27742147445679 4.09637498855591 3.32677674293518 3.27009844779968 3.20722985267639 2.42994070053101 2.38293695449829 2.33221626281738 2.28993511199951 2.24752163887024 1.83678925037384 1.03378057479858 0.846720159053802 1.42036914825439 7.91604232788086 1.33681428432465 4.24814128875732 6.31984806060791
6.17104911804199 6.07078266143799 5.97651338577271 5.85698747634888 5.71643972396851 5.56643056869507 5.61793565750122 5.48679113388062 5.38275623321533 5.3058032989502 5.84599828720093 6.25572347640991 6.16644287109375 6.06618022918701 5.94900035858154 5.83104419708252 5.7148642539978 5.60414266586304 5.48770904541016 5.37643766403198 5.23529624938965 4.97942304611206 4.88674736022949 4.79086589813232 4.69084644317627 4.45738935470581 3.66284823417664 3.59064936637878 3.53152918815613 2.92072248458862 2.12960267066956 2.0851616859436 2.0511839389801 1.90738880634308 1.87372982501984 1.84224379062653 1.80917012691498 0.865190982818604 0.736909508705139 21.7664909362793 4.68666791915894 0.974818885326385 0.672738552093506 2.50022530555725 2.85158586502075
6.83103084564209 6.68969249725342 6.55573797225952 6.42802619934082 6.28850936889648 6.13711881637573 5.40434789657593 5.29165077209473 5.19617700576782 5.12128257751465 5.07048273086548 5.00821018218994 4.9429988861084 4.86759805679321 4.79141712188721 4.88512086868286 4.80254173278809 4.71458435058594 4.62244653701782 4.96636629104614 5.23827838897705 5.14501476287842 5.05453491210938 4.96418190002441 4.86675643920898 4.7212553024292 3.71284222602844 3.17658114433289 2.69800996780396 2.07658934593201 1.97497999668121 1.93869376182556 1.89652717113495 1.86096107959747 1.62265515327454 1.30028772354126 1.29104924201965 0.777902841567993 2.57335329055786 0.652434229850769 10.9877223968506 13.6438522338867 1.65086686611176 0.884627044200897 11.2784576416016
6.53185510635376 6.36876583099365 6.23143005371094 6.10729503631592 5.98183822631836 6.11589336395264 5.97555541992188 5.83236503601074 5.73166465759277 5.66059589385986 5.58560085296631 5.49640655517578 5.40892124176025 5.32406949996948 5.22036933898926 4.67469596862793 4.59279680252075 4.5097336769104 4.43333101272583 4.35281276702881 4.27287435531616 4.15257596969604 3.78527450561523 3.72406721115112 3.65874743461609 3.5930323600769 3.48261737823486 2.87003040313721 2.15216732025146 1.95867431163788 1.92529189586639 1.88973939418793 1.85129141807556 1.81474542617798 1.30775880813599 1.28455650806427 1.14647996425629 2.86468887329102 0.459839522838593 0.341710656881332 5.43987798690796 26.7252540588379 8.67472267150879 14.4586305618286 5.44167184829712
5.86745405197144 5.74796772003174 5.65165281295776 5.56662607192993 5.48425769805908 5.82416486740112 5.69916200637817 5.58690643310547 5.49426603317261 5.41158390045166 5.30231809616089 5.21139478683472 5.13111782073975 5.05705213546753 5.18096494674683 5.09851026535034 5.01244354248047 4.93229722976685 4.84628343582153 4.73697805404663 4.04782915115356 3.87037205696106 3.79918694496155 3.73699903488159 3.68135070800781 3.5102972984314 3.36657929420471 2.5950300693512 2.44340944290161 2.4000723361969 1.89327478408813 1.85646188259125 1.32665586471558 1.29657626152039 1.26277506351471 1.21584212779999 1.16773080825806 1.15125668048859 1.13557255268097 1.11897611618042 1.11449384689331 1.08061265945435 1.03612780570984 0.461662948131561 20.0264415740967
5.42382955551147 5.32624053955078 5.23016738891602 5.14511346817017 5.06450366973877 5.20119285583496 5.10559415817261 5.01450109481812 4.91498136520386 4.81278562545776 4.71359491348267 4.62659311294556 4.56330299377441 4.50103044509888 4.9118218421936 4.83525085449219 4.76421976089478 4.69115209579468 4.60964584350586 4.3091459274292 4.13103866577148 3.81351780891418 3.56511330604553 3.11880660057068 3.07742118835449 3.026606798172 2.514080286026 2.46215486526489 2.43626880645752 2.30137896537781 2.16820955276489 1.23805952072144 1.24012541770935 1.22470474243164 1.1863614320755 1.15247881412506 1.10646557807922 1.087247133255 1.05911135673523 1.03895056247711 1.02929735183716 1.02685642242432 1.02126252651215 0.514161765575409 0.346559703350067
5.06442975997925 4.97633171081543 4.88606691360474 4.79912948608398 4.71891307830811 4.41420602798462 4.24784898757935 4.15818023681641 4.08554840087891 4.0148777961731 3.73557448387146 3.90339016914368 3.85026288032532 3.80952906608582 4.37652969360352 4.31729745864868 4.25936412811279 4.1952600479126 4.13040542602539 3.71681833267212 3.55519080162048 3.46666765213013 3.11001777648926 3.06976938247681 2.80827879905701 2.77374792098999 2.57789826393127 2.53926396369934 2.48230338096619 2.32881045341492 2.12113070487976 2.08016014099121 1.15544974803925 1.12974882125854 1.09935748577118 1.07368445396423 1.03482294082642 1.00173592567444 0.979249000549316 0.947639405727386 0.904628217220306 0.880075633525848 0.991125524044037 1.62325179576874 3.19268727302551
4.43562936782837 4.34072494506836 4.26967000961304 4.12770318984985 4.05901193618774 3.97844314575195 3.89460444450378 3.78874254226685 3.72945380210876 3.66761517524719 3.89502000808716 3.83659863471985 3.77848529815674 3.73622131347656 3.68850064277649 3.30372786521912 3.29315876960754 3.32622885704041 3.2814314365387 3.22693753242493 3.17519450187683 3.12617158889771 2.72127270698547 2.68275904655457 2.64871644973755 2.61438417434692 2.48032665252686 2.16214609146118 1.82767248153687 1.8069030046463 1.0977988243103 1.07950091362 1.05576908588409 1.03234076499939 1.01643264293671 0.981853365898132 0.956562578678131 0.938653230667114 0.922991812229156 0.870972752571106 0.797819972038269 0.741209208965302 0.730932891368866 2.15564179420471 3.42381310462952
4.54060983657837 4.29443836212158 4.22963666915894 3.94206953048706 3.73019433021545 3.65830612182617 3.55979490280151 3.44054770469666 3.37270712852478 3.21958208084106 2.94146776199341 3.19053387641907 3.1478476524353 3.11612153053284 3.07316851615906 3.03976917266846 2.71388292312622 2.69012117385864 2.45680046081543 2.47599816322327 2.45231151580811 2.63011431694031 2.58495187759399 2.54206728935242 2.51656532287598 2.48757576942444 2.38763880729675 1.8270435333252 1.79415488243103 1.03690791130066 1.02740609645844 1.00645089149475 0.978232502937317 0.962380528450012 0.940555989742279 0.92126077413559 0.901019811630249 0.898448646068573 0.857929587364197 0.815808713436127 0.752234756946564 0.688730657100677 0.645979225635529 1.10896122455597 2.23880672454834
4.74149751663208 4.37436485290527 3.89762926101685 3.71550273895264 3.57909250259399 3.36157512664795 3.29023671150208 3.22160530090332 3.15423917770386 3.26347064971924 3.21855998039246 3.16505789756775 3.12900042533875 3.09360456466675 2.77319693565369 2.30990076065063 2.28572177886963 2.27131843566895 2.57586884498596 2.54461669921875 2.5266752243042 2.4925651550293 2.43297934532166 2.21919727325439 2.19882035255432 2.18052792549133 1.86260724067688 1.29977178573608 1.22338438034058 1.15709185600281 0.932983875274658 0.926193237304688 0.895958244800568 0.882363617420197 0.861902296543121 0.847115516662598 0.844298303127289 0.845608532428741 0.814050853252411 0.774940073490143 0.728679418563843 0.664528965950012 0.612330615520477 0.571943819522858 0.563962042331696
4.28384733200073 4.10727977752686 4.01764678955078 3.93262934684753 3.40023756027222 3.47332739830017 3.39956641197205 3.32359862327576 3.24828672409058 3.18549561500549 2.87117743492126 2.83203625679016 2.79198431968689 2.75541830062866 2.7151358127594 2.67128229141235 2.63375568389893 2.6033787727356 2.55726742744446 2.54031252861023 2.09768223762512 1.8968585729599 1.85373759269714 1.84041666984558 1.83067202568054 1.71843981742859 1.60707712173462 1.41200590133667 1.44967138767242 1.35049831867218 1.06505215167999 0.82877790927887 1.06286036968231 0.793960571289062 0.771503448486328 0.758930325508118 0.780315577983856 0.771998703479767 0.763659775257111 0.731025457382202 0.700230658054352 0.653934240341187 0.594180405139923 0.548747956752777 0.528904736042023
4.46838665008545 4.35419273376465 4.24392080307007 4.14080810546875 3.94009613990784 3.73799872398376 3.66277360916138 3.58646535873413 3.50899839401245 3.00340437889099 2.916996717453 2.87580966949463 2.83407878875732 2.78473424911499 2.74809098243713 2.37088847160339 2.34034705162048 1.62313365936279 1.43493354320526 1.4339964389801 1.55262732505798 1.38034629821777 1.36175978183746 1.34955203533173 1.33778727054596 1.33192563056946 1.58787190914154 1.50311636924744 1.89208030700684 1.73075556755066 1.38002550601959 1.04937195777893 0.790262699127197 0.981088101863861 0.737260699272156 0.690929234027863 1.01442301273346 0.869129538536072 0.691766142845154 0.674786925315857 0.653884172439575 0.627808153629303 0.573474884033203 0.534657120704651 0.516168594360352
4.39524936676025 4.28698253631592 4.17026472091675 4.05458211898804 4.00676536560059 3.92389917373657 3.84446263313293 3.76729965209961 3.68895053863525 3.50453209877014 3.13581991195679 2.733562707901 2.69463086128235 2.64884161949158 2.60821580886841 2.4048388004303 2.27426695823669 2.23167490959167 1.38075375556946 0.954157412052155 1.40153479576111 1.25705170631409 1.27347028255463 1.00529384613037 0.933030009269714 0.80167281627655 1.04385161399841 0.977250635623932 1.67047762870789 1.99273705482483 1.89038145542145 1.69954001903534 1.37692975997925 0.976188838481903 0.696174383163452 0.662028193473816 0.920698523521423 1.12346315383911 0.817185819149017 0.694838643074036 0.639388501644135 0.605830907821655 0.575766026973724 0.516139328479767 0.506143867969513
4.58110380172729 4.45934867858887 4.33927440643311 4.20799779891968 4.08800935745239 3.98742318153381 3.73730874061584 3.6550076007843 3.58211445808411 3.51615834236145 3.17479372024536 2.93085837364197 2.5829930305481 2.54718375205994 1.99695086479187 1.97276997566223 1.95245051383972 1.48167395591736 1.19165945053101 1.17929816246033 1.17436480522156 1.17428779602051 1.16320204734802 1.14260673522949 1.12749207019806 0.664055347442627 0.798329174518585 1.00894689559937 1.17031311988831 1.68393528461456 2.07009410858154 2.13056921958923 1.94950306415558 1.38447964191437 0.873281359672546 0.680660128593445 1.71188712120056 1.11050426959991 1.02415978908539 1.07889211177826 0.72209757566452 0.640277326107025 0.590953826904297 0.544586777687073 0.513678848743439
4.58347845077515 4.4501371383667 4.31635093688965 4.19353103637695 4.07660293579102 3.97727632522583 3.85118937492371 3.7629063129425 3.68777823448181 3.61591219902039 3.54938793182373 3.25582551956177 2.49513292312622 2.28706812858582 1.82324016094208 1.7996723651886 1.77606439590454 1.17183995246887 1.15606033802032 1.14567923545837 1.13869738578796 1.1307624578476 1.05517649650574 1.04307377338409 1.03278815746307 1.02753114700317 1.01850748062134 1.05412077903748 1.46326839923859 1.80235660076141 1.80489492416382 2.05540084838867 1.89092040061951 1.57475423812866 1.02115535736084 1.8091527223587 1.24917340278625 0.986951231956482 0.903221130371094 1.2174209356308 0.85392814874649 0.800996661186218 0.705677330493927 0.565098464488983 0.514090240001678
4.10716199874878 3.98494505882263 3.85635375976562 3.7459499835968 3.65661454200745 3.54492902755737 3.83185410499573 3.74392771720886 3.66370487213135 3.58993172645569 3.52829027175903 2.4400737285614 2.39026880264282 1.57528042793274 1.50155091285706 1.49209332466125 1.46397650241852 1.27509212493896 1.21344196796417 1.04660964012146 1.07835698127747 1.06730091571808 1.04017102718353 1.03179657459259 1.02325451374054 0.946138858795166 0.935764312744141 0.721735239028931 1.34484946727753 1.97809708118439 2.26723098754883 2.15989112854004 1.91021156311035 1.70018374919891 1.26975309848785 0.973085880279541 1.64171922206879 1.26633620262146 1.08891975879669 1.01172935962677 0.923826515674591 0.86851692199707 0.785780668258667 0.638914942741394 0.574695587158203
3.90013408660889 3.79386019706726 3.67941617965698 3.56731271743774 3.4783341884613 3.5149884223938 3.42960596084595 3.35258650779724 3.27662754058838 3.2119026184082 3.00792717933655 2.38576579093933 2.13756275177002 2.09201860427856 2.04541182518005 2.01532244682312 1.34274113178253 1.31616294384003 1.30732941627502 1.28889763355255 1.26158821582794 1.23661267757416 1.03217816352844 0.894828796386719 0.903261840343475 0.887528479099274 0.87540066242218 0.867069661617279 1.24229860305786 1.61033940315247 2.45970559120178 2.29615187644958 2.04436373710632 1.94023382663727 1.70281100273132 2.09676480293274 0.983452558517456 2.83869218826294 1.40341198444366 1.26674807071686 0.980638265609741 0.921633362770081 0.852411150932312 0.738122642040253 0.651971876621246
3.25545859336853 3.16083431243896 3.2516393661499 3.16558837890625 3.32500338554382 3.33658051490784 3.26479601860046 3.19577789306641 3.12042903900146 3.06060314178467 2.61667704582214 2.57912635803223 2.20352554321289 1.66661286354065 1.60939109325409 1.55293452739716 1.11673176288605 1.14057612419128 1.12647318840027 1.11421954631805 1.08821761608124 1.05423676967621 1.13881051540375 1.11979603767395 1.09893488883972 1.08410513401031 1.06456565856934 0.893533110618591 0.922487616539001 1.18187856674194 2.46173715591431 2.09419322013855 1.93501245975494 2.16017079353333 3.01909685134888 2.00684928894043 1.33285534381866 2.08331370353699 1.5900285243988 1.29264438152313 1.02044928073883 0.988393187522888 0.899319171905518 0.894067466259003 0.767810702323914
3.00704741477966 2.55097198486328 2.59664559364319 2.76650357246399 2.85571050643921 2.7881064414978 2.73524808883667 2.67633509635925 2.6197612285614 2.36877012252808 2.24571704864502 2.1007182598114 1.87164986133575 1.50264179706573 1.45359456539154 1.40083205699921 1.46843540668488 1.43812537193298 1.42134022712708 1.395015001297 1.36475658416748 1.32607197761536 1.27639782428741 1.24116289615631 1.21320140361786 0.894767165184021 0.883917987346649 0.864818572998047 0.853119075298309 0.980309665203094 2.45812392234802 1.8458958864212 1.64544999599457 2.32235765457153 2.62173986434937 2.23606061935425 1.14871466159821 0.847933232784271 0.768224656581879 3.50348925590515 2.08024406433105 0.727780520915985 2.96980857849121 2.2288293838501 1.87299001216888
