slauniainen/Data/DEM/Vihti_dem1500b_cl_horizonAngle_282.asc
NCOLS 196 
NROWS 178 
XLLCORNER 353680 
YLLCORNER 6699024 
CELLSIZE 16 
NODATA_value -3.4e+38 
[rows 100 to 119 of 178, columns 45 to 89 of 196]
-0.321283757686615 0.865674257278442 1.26764011383057 -0.0996250361204147 -0.429766625165939 0.78408408164978 1.93957889080048 1.44447696208954 0.779194593429565 0.294186025857925 0.212218135595322 0.457667589187622 0.329641789197922 -0.0154362274333835 0.918595373630524 1.03811609745026 1.00017273426056 1.2971727848053 1.75646102428436 2.29153537750244 3.08651041984558 2.68111729621887 1.92509078979492 1.70373523235321 1.54896235466003 1.43210351467133 1.26908457279205 0.995169460773468 0.873105823993683 0.65645956993103 0.159538850188255 -0.135320857167244 -0.467662900686264 -0.648015558719635 0.293285757303238 4.36122560501099 9.06987476348877 12.7979545593262 9.85152339935303 5.86528444290161 4.78311014175415 4.1268458366394 3.43113470077515 2.34689283370972 2.13256931304932
0.320660889148712 0.232296347618103 1.0722690820694 0.34089070558548 -0.47480371594429 -0.0751593559980392 2.66640973091125 1.90754735469818 1.35814726352692 0.544301688671112 0.429440438747406 0.443557292222977 0.556970715522766 0.381999999284744 0.36614778637886 1.0328996181488 1.2191413640976 1.55687248706818 1.43855214118958 1.86368358135223 3.341632604599 3.1090521812439 2.07158803939819 1.77701258659363 1.59729993343353 1.46585488319397 1.18238890171051 1.01020836830139 0.842889666557312 0.552193641662598 0.172225028276443 -0.264019846916199 -0.633835077285767 -0.788800656795502 3.20871543884277 4.08206748962402 5.86428642272949 12.9368457794189 12.2311000823975 7.95582294464111 6.33078050613403 5.3457612991333 4.58542585372925 3.30980539321899 2.86219835281372
1.7362232208252 1.4166407585144 0.501676261425018 0.690416753292084 0.525650262832642 0.33076873421669 2.16360831260681 1.48478972911835 0.937898337841034 1.0487949848175 0.811509490013123 0.7205610871315 0.437741458415985 0.150890573859215 2.24112558364868 1.48788857460022 0.98287707567215 1.21875905990601 1.73087155818939 1.95986843109131 3.20906949043274 3.16703701019287 2.29701113700867 1.84005260467529 1.5984171628952 1.35585534572601 1.12742877006531 0.983155727386475 0.745155394077301 0.522935569286346 0.129819691181183 -0.413222432136536 -0.810458302497864 -0.914736568927765 7.66597461700439 6.80446529388428 5.59257030487061 8.60209846496582 12.3853454589844 9.52542114257812 7.03702974319458 5.76875782012939 4.95388841629028 4.14314317703247 3.60825395584106
2.38258171081543 1.70505881309509 1.49042928218842 0.970042109489441 1.29289925098419 1.48363614082336 1.43084561824799 0.974451065063477 0.717898726463318 0.604716241359711 1.1451199054718 0.383993208408356 0.339222609996796 1.66626012325287 1.12960112094879 0.401459395885468 0.844163954257965 1.86220979690552 2.1714653968811 2.1711311340332 2.90984725952148 2.59476208686829 1.85404515266418 1.63787496089935 1.43081188201904 1.19334197044373 1.00386917591095 0.844695091247559 0.642530798912048 0.408207029104233 0.112197615206242 -0.492541313171387 -0.947643220424652 -1.03679120540619 10.8719463348389 8.6883373260498 5.74108505249023 8.1370735168457 11.5621652603149 9.77271747589111 6.84505653381348 5.59085035324097 4.75898456573486 4.267822265625 3.84257745742798
3.17795872688293 2.64613747596741 2.26849746704102 1.3876930475235 1.82973182201385 1.38400554656982 1.23935663700104 0.920312762260437 0.851174294948578 0.70501834154129 0.691327333450317 1.78920090198517 1.65553212165833 0.916096210479736 0.373507469892502 0.329092621803284 0.538708448410034 2.06394124031067 2.25224161148071 2.31521129608154 2.40668964385986 2.05946636199951 1.64872872829437 1.41869115829468 1.18293368816376 0.923268616199493 0.800449848175049 0.619593262672424 0.402528285980225 0.213914379477501 -0.0658422634005547 -0.403105974197388 -0.803006947040558 -0.874191880226135 6.5951132774353 6.76138877868652 7.54601526260376 8.06785202026367 10.3386716842651 8.85862159729004 7.27922058105469 5.75830459594727 5.12726163864136 4.64716720581055 4.22753763198853
2.96232581138611 2.52555537223816 2.12484264373779 2.21020746231079 2.0721001625061 1.86339056491852 1.72017157077789 1.20007789134979 1.04419791698456 0.673188149929047 0.202891439199448 3.99451732635498 6.89176654815674 4.41302156448364 1.04958021640778 0.601947247982025 1.27203667163849 2.06795215606689 2.17168354988098 2.04381799697876 1.876913189888 1.51176869869232 1.23956513404846 1.07038795948029 0.835698246955872 0.769171595573425 0.600073158740997 0.337673455476761 0.168867111206055 0.0914900824427605 -0.151814922690392 -0.328603982925415 -0.482094943523407 -0.629555284976959 2.46845936775208 7.74453163146973 7.02481889724731 7.64606237411499 8.7636890411377 8.32687282562256 6.63399267196655 6.25770616531372 5.60802221298218 5.07370758056641 4.62796831130981
3.0629255771637 2.23887467384338 1.8940577507019 2.02956342697144 1.79482185840607 1.5896121263504 1.50863492488861 1.60412776470184 1.38029110431671 0.730060458183289 -0.0544787608087063 -0.0923886969685555 10.2599115371704 8.27143001556396 4.29376792907715 2.18781638145447 2.13812875747681 2.10687947273254 1.6879575252533 0.698977410793304 2.04988932609558 1.31681978702545 0.837571799755096 0.73763382434845 0.774018228054047 0.405484437942505 0.18329045176506 0.105603836476803 0.0939212366938591 0.0230716280639172 -0.166793212294579 -0.275550603866577 -0.288498193025589 -0.40212419629097 2.17583036422729 6.87709045410156 7.0930700302124 8.13667106628418 8.00088977813721 7.35806751251221 6.10532808303833 5.57715511322021 4.99338150024414 4.51614332199097 4.12314081192017
2.70520091056824 2.5171844959259 2.15503454208374 1.75624167919159 1.52398765087128 1.30424678325653 1.21823227405548 1.42752265930176 1.18356466293335 0.632076740264893 -0.205442488193512 -0.410844326019287 0.667142748832703 10.3147144317627 8.62227058410645 4.42391204833984 3.72283434867859 3.39528751373291 2.70336055755615 0.810687899589539 3.09589505195618 3.34819459915161 2.29393577575684 1.1738086938858 0.502591013908386 0.185716196894646 -0.0182832442224026 -0.0253515709191561 -0.0371571443974972 -0.0595461875200272 -0.159610271453857 -0.186461851000786 -0.224136143922806 -0.27554839849472 2.82120871543884 5.67408132553101 7.91344499588013 9.09453010559082 7.86585760116577 6.54898452758789 5.48924779891968 4.84258985519409 4.52542209625244 4.05014657974243 3.66353344917297
2.00568437576294 2.19987344741821 1.98181509971619 1.71599948406219 1.35809338092804 1.30383551120758 1.17228662967682 1.0661244392395 1.01331734657288 0.588988602161407 -0.0287550818175077 -0.421989023685455 -0.335231512784958 2.22088408470154 8.08949089050293 7.10557317733765 4.5576491355896 3.93288803100586 2.99858164787292 1.99024534225464 3.06458044052124 3.93057942390442 2.79518008232117 1.17484295368195 0.709554731845856 0.521152496337891 0.487983524799347 0.209998965263367 0.186827525496483 0.174299597740173 1.06723022460938 0.316630691289902 -0.164962261915207 0.17270764708519 3.6470320224762 5.92196083068848 8.05350971221924 9.12695980072021 7.60767793655396 6.00754594802856 4.96399068832397 4.33395910263062 4.07259893417358 3.63642168045044 3.28466963768005
0.543041944503784 1.00389873981476 1.75313103199005 1.1943519115448 1.25892865657806 1.20104014873505 1.07953298091888 0.909305274486542 0.814347445964813 0.646024942398071 0.205389142036438 -0.240335717797279 -0.458035796880722 -0.276593178510666 2.69634222984314 6.00787544250488 4.58718299865723 3.81255459785461 2.83079361915588 1.9400874376297 1.7640643119812 1.77420270442963 3.56157040596008 1.71940004825592 1.12493908405304 0.980308711528778 0.870570063591003 0.790819644927979 0.249172627925873 1.77459847927094 1.3005383014679 0.311961978673935 0.0573681183159351 0.0476441420614719 6.14781045913696 8.02045440673828 8.590012550354 8.10434627532959 7.14372062683105 5.67219352722168 4.73285913467407 4.09463024139404 3.704585313797 3.30862951278687 2.98823595046997
0.0165703725069761 0.143133148550987 1.82013833522797 1.32514142990112 0.920476913452148 0.685295641422272 0.66449761390686 0.646601319313049 0.727438867092133 0.607232809066772 0.294573247432709 -0.0415730327367783 -0.256831467151642 -0.16888627409935 0.992340922355652 2.57324838638306 3.05720925331116 2.53953504562378 1.9738712310791 1.52408182621002 1.62721455097198 1.48605155944824 3.73351120948792 2.14373993873596 1.34640741348267 1.17001104354858 0.969166338443756 0.808239042758942 0.787243843078613 3.17430257797241 1.91525685787201 0.732409000396729 0.535922169685364 0.0775406360626221 7.27872753143311 10.936315536499 9.92213344573975 8.07647800445557 6.93524789810181 5.74479007720947 4.96088123321533 4.08024549484253 3.53446483612061 3.20007252693176 2.9117546081543
-0.05953623726964 -0.0732345804572105 0.790639817714691 1.05397057533264 0.986715495586395 0.714492082595825 0.520698845386505 0.389315396547318 0.345878124237061 0.292134761810303 0.179315865039825 -0.127780064940453 -0.225098550319672 -0.262072831392288 1.05681097507477 0.826416075229645 0.701874732971191 0.421995460987091 1.31231427192688 0.723538100719452 1.01299607753754 1.02853465080261 1.30324852466583 1.5005909204483 1.28947496414185 1.15296304225922 0.978185534477234 0.84751957654953 1.25901103019714 1.45113217830658 1.25422370433807 1.16965842247009 0.752176880836487 0.613527297973633 6.72226572036743 10.884539604187 9.40741157531738 8.45074081420898 7.23228979110718 6.11855220794678 5.27394437789917 4.25909805297852 3.78230333328247 3.43163418769836 3.13019180297852
-0.135513037443161 -0.126220688223839 -0.134616181254387 0.676307559013367 0.721202850341797 0.559324443340302 0.403338640928268 0.293847382068634 0.293235808610916 0.181537300348282 0.0350764133036137 -0.113006249070168 -0.212224647402763 -0.360175877809525 -0.37898376584053 -0.176169157028198 0.238347411155701 0.186697438359261 0.879413425922394 0.863932967185974 0.397945702075958 0.332942456007004 0.324013918638229 1.03380084037781 0.803026556968689 0.808210551738739 0.678415358066559 0.637573480606079 0.6211057305336 0.861803889274597 0.851415634155273 0.929370641708374 0.849040031433105 0.828911304473877 4.00146389007568 9.62476062774658 8.28478717803955 7.09366607666016 6.26205110549927 5.46425104141235 4.7775731086731 4.51621770858765 4.0170521736145 3.64018964767456 3.32952857017517
-0.18702358007431 -0.138195112347603 -0.154679238796234 -0.1220598295331 0.21216556429863 0.379565834999084 0.230363890528679 0.125892326235771 0.0523590110242367 0.0707932338118553 -0.0204960238188505 -0.139910236001015 -0.252869576215744 -0.359214931726456 -0.481227785348892 -0.52948260307312 -0.47114896774292 -0.337298154830933 0.588768899440765 0.513026237487793 0.485178679227829 0.367175728082657 0.360971808433533 0.352214872837067 0.281187117099762 0.250383675098419 0.191287279129028 0.148995816707611 0.282180160284042 0.500360310077667 0.765386462211609 1.12246632575989 1.41537797451019 1.62576329708099 3.92723488807678 7.23637056350708 6.81747579574585 5.84786796569824 4.9807276725769 4.15888452529907 3.60978984832764 3.62973594665527 3.16336941719055 3.00345540046692 2.83906865119934
-0.203561410307884 -0.194537699222565 -0.201698437333107 -0.206033602356911 -0.209675639867783 -0.0290937889367342 0.0535956285893917 -0.163283973932266 -0.181162908673286 -0.13124106824398 -0.157497450709343 -0.248804450035095 -0.301030278205872 -0.430408149957657 -0.584549367427826 -0.647128343582153 -0.647646903991699 -0.571796774864197 0.149867668747902 -0.0800497680902481 -0.482293963432312 0.283040732145309 1.59183037281036 0.876538574695587 0.0953765958547592 0.0810876563191414 0.0451002381742001 -0.00525699276477098 0.833128750324249 0.378776282072067 0.522727191448212 1.19505512714386 1.08843731880188 2.01347541809082 4.3973503112793 6.48014116287231 6.21238374710083 4.5185489654541 3.80932402610779 3.08311796188354 2.33006548881531 1.96511685848236 1.72486972808838 1.98385488986969 1.94565761089325
-0.203652128577232 -0.215372174978256 -0.221059918403625 -0.216654568910599 -0.218672081828117 -0.227752849459648 -0.139883190393448 -0.231681376695633 -0.227762341499329 -0.23688143491745 -0.345361799001694 -0.36288982629776 -0.409952878952026 -0.529632687568665 -0.658237934112549 -0.713459730148315 -0.744546055793762 -0.729826092720032 -0.226747438311577 -0.649277329444885 -0.900217115879059 -0.938890933990479 6.02543878555298 4.65717363357544 1.89205980300903 0.12354426831007 -0.0719081908464432 -0.311804473400116 -0.353987812995911 -0.451516419649124 -0.184209570288658 3.48493933677673 2.52808952331543 1.74991023540497 5.9543137550354 6.68292093276978 6.0016942024231 3.87953639030457 3.31923985481262 2.40462350845337 1.48943305015564 0.956229567527771 0.896798610687256 1.6188839673996 1.92667090892792
-0.196988895535469 -0.21833036839962 -0.225433483719826 -0.225277319550514 -0.235834747552872 -0.253952234983444 -0.283084362745285 -0.269350439310074 -0.263626843690872 -0.272502332925797 -0.343981146812439 -0.479841023683548 -0.566874325275421 -0.673008978366852 -0.810107350349426 -0.84307062625885 -0.858146369457245 -0.825685381889343 -0.835805714130402 -0.830982863903046 -1.052565574646 -1.35736656188965 4.17737102508545 7.83873176574707 5.34822845458984 1.95831644535065 1.50896298885345 0.745884537696838 -0.192896410822868 -0.950330913066864 -0.961641669273376 7.30317544937134 6.77763414382935 4.84779787063599 6.20889377593994 7.02055168151855 5.92710971832275 3.83429098129272 2.89837408065796 1.79750311374664 0.981310963630676 0.467492699623108 1.59821844100952 1.59164607524872 2.07495093345642
-0.195190504193306 -0.217839673161507 -0.236761882901192 -0.261014372110367 -0.273175567388535 -0.287305593490601 -0.341266244649887 -0.333644181489944 -0.33061870932579 -0.337644547224045 -0.35878387093544 -0.457517862319946 -0.626076281070709 -0.833519637584686 -0.940495491027832 -1.001429438591 -1.00972831249237 -1.0284720659256 -1.00347411632538 -1.05336034297943 -1.26304066181183 -1.45280003547668 -1.02301263809204 3.04501986503601 6.23554277420044 4.99844026565552 2.33270525932312 1.1517585515976 -0.812953293323517 -1.63912749290466 2.44977903366089 7.88566207885742 12.459020614624 10.7868413925171 7.37530755996704 6.4262843132019 6.06047439575195 4.32519340515137 2.59318995475769 0.895108997821808 0.347498208284378 1.26596081256866 1.93483054637909 2.46588230133057 4.2370171546936
-0.233001172542572 -0.2442347407341 -0.259833931922913 -0.290389329195023 -0.33477845788002 -0.373642295598984 -0.41478767991066 -0.425681263208389 -0.414166301488876 -0.422508299350739 -0.426544576883316 -0.486756831407547 -0.609037637710571 -0.818280816078186 -1.00276362895966 -1.09208405017853 -1.18312752246857 -1.17622423171997 -1.17767262458801 -1.2567230463028 -1.42045283317566 -1.57812917232513 2.72833132743835 2.51824569702148 2.05083060264587 2.98467183113098 1.48905837535858 0.180881515145302 -1.47560703754425 -1.8034884929657 -0.805226266384125 11.6924734115601 10.1060590744019 10.0798559188843 9.50891208648682 7.46410226821899 7.03599309921265 5.42529678344727 2.73960542678833 0.800644159317017 2.78471374511719 3.27509665489197 3.11317920684814 2.28793478012085 4.62798976898193
-0.285883158445358 -0.286718219518661 -0.30190971493721 -0.341465294361115 -0.388527065515518 -0.441362977027893 -0.495754599571228 -0.524728298187256 -0.508967816829681 -0.50628650188446 -0.509211242198944 -0.54022878408432 -0.644694447517395 -0.815634250640869 -0.981555283069611 -1.11010408401489 -1.22633504867554 -1.27795875072479 -1.34004890918732 -1.40274357795715 -1.46392798423767 -1.60393464565277 -0.261512458324432 2.24791789054871 1.70588874816895 1.11454153060913 0.660930633544922 -0.527828931808472 -1.2968316078186 -1.71651005744934 -1.72197496891022 8.72999382019043 7.87225818634033 9.36879825592041 8.61533641815186 8.08041095733643 7.3546142578125 5.25019264221191 1.90574133396149 1.44810271263123 5.85921716690063 5.50330209732056 4.73516082763672 3.35285711288452 2.82411122322083
