slauniainen/Data/DEM/Vihti_dem1500b_cl_horizonAngle_42.asc
NCOLS 196 
NROWS 178 
XLLCORNER 353680 
YLLCORNER 6699024 
CELLSIZE 16 
NODATA_value -3.4e+38 
[rows 100 to 119 of 178, columns 45 to 89 of 196]
-0.0807854235172272 -0.108307331800461 -0.11588566750288 -0.207116961479187 -0.328981131315231 -0.427429467439651 -0.447557806968689 -0.475229382514954 -0.464953899383545 -0.482549667358398 -0.507962167263031 -0.517767429351807 -0.520684003829956 -0.508141279220581 -0.473865866661072 -0.44070303440094 -0.402051120996475 -0.236801460385323 -0.00252879154868424 0.235947981476784 0.460904449224472 0.687589168548584 0.950601041316986 1.22250461578369 1.45131075382233 1.57338297367096 1.75755143165588 1.96364557743073 2.08096528053284 2.20432662963867 3.18117213249207 4.62123250961304 1.92816197872162 1.89209270477295 2.17988562583923 2.5060613155365 2.88276743888855 3.3655104637146 3.62379574775696 3.69890522956848 3.63829302787781 3.5555272102356 3.50117754936218 3.29372525215149 3.07029056549072
-0.135952606797218 -0.229490667581558 -0.255781412124634 -0.202690869569778 -0.475941717624664 -0.562066853046417 -0.551494896411896 -0.532847046852112 -0.293680191040039 -0.568554162979126 -0.621412575244904 -0.611089468002319 -0.50952672958374 -0.561514914035797 -0.525375962257385 -0.472686380147934 -0.434293150901794 -0.311366409063339 -0.11916010081768 0.15297669172287 0.40094792842865 0.6158567070961 0.843268513679504 1.06810367107391 1.46529316902161 1.62837302684784 1.87332630157471 1.97767174243927 2.10657930374146 2.4295973777771 4.13307762145996 5.60707473754883 1.84397220611572 1.73130881786346 2.06470966339111 2.37588930130005 2.6508674621582 3.12768697738647 3.41394233703613 3.48342800140381 3.39590620994568 3.35094714164734 3.14947891235352 2.92876935005188 2.99896717071533
-0.242179974913597 -0.301511943340302 -0.375312477350235 -0.48652920126915 -0.421526253223419 -0.671210944652557 -0.631031692028046 -0.621390104293823 -0.626924335956573 -0.050643939524889 -0.277240395545959 -0.497801184654236 -0.624707758426666 -0.625927805900574 -0.568859457969666 -0.537393808364868 -0.492025554180145 -0.415343940258026 -0.29595759510994 0.037464652210474 0.350033223628998 0.570300161838531 0.871755659580231 1.3908714056015 1.53428089618683 1.77299118041992 1.88125908374786 2.01486682891846 2.12536191940308 3.2347514629364 5.20950174331665 5.97428321838379 1.66355466842651 1.75857377052307 2.15786814689636 2.42429757118225 2.6644458770752 2.9296133518219 3.26103687286377 3.39540576934814 3.3197033405304 3.02598905563354 2.79931807518005 2.90075612068176 2.96812701225281
0.423979610204697 -0.37937068939209 -0.417890697717667 -0.530534982681274 -0.65923547744751 -0.723220229148865 -0.700041234493256 -0.691284894943237 -0.693694114685059 -0.649286031723022 -0.555139005184174 -0.630805790424347 -0.539072215557098 -0.610832571983337 -0.591005682945251 -0.586174428462982 -0.545944094657898 -0.436771959066391 -0.267802536487579 0.00567372236400843 0.328295439481735 0.775323808193207 1.28512275218964 1.42612493038177 1.66376554965973 1.76959669589996 1.90371036529541 2.02635169029236 2.34723281860352 3.86643624305725 7.28067111968994 8.19610500335693 1.68977785110474 1.75204741954803 2.14276504516602 2.40714573860168 2.55109715461731 2.74856328964233 3.01792860031128 3.15363359451294 3.1366925239563 2.95337414741516 2.80735325813293 2.87393069267273 2.91353273391724
0.468612730503082 0.0506246201694012 0.0519576072692871 -0.577082335948944 -0.443847745656967 -0.72498220205307 -0.728881180286407 -0.722885072231293 -0.677633166313171 -0.669555127620697 -0.687466979026794 -0.56972324848175 -0.639021396636963 -0.638281345367432 -0.62725442647934 -0.618962705135345 -0.579075574874878 -0.490010201931 -0.255688548088074 0.121690317988396 0.674295842647552 1.17903590202332 1.31285762786865 1.53959381580353 1.64124190807343 1.77996230125427 1.89655113220215 1.99349701404572 2.72024536132812 4.48224973678589 7.24683332443237 12.2675199508667 6.30510234832764 1.92719304561615 2.18507885932922 2.36263203620911 2.46677470207214 2.63043284416199 2.82588863372803 2.96469211578369 2.83507561683655 2.72056531906128 2.78069090843201 2.82059454917908 2.82190632820129
1.05228674411774 1.55551624298096 1.14134228229523 0.0777093917131424 0.0970570147037506 -0.242776557803154 -0.0516774877905846 0.206718772649765 0.448203831911087 -0.80041116476059 -0.977138459682465 -0.88971745967865 -0.738706409931183 -0.69243985414505 -0.681131482124329 -0.672329008579254 -0.621569275856018 -0.539632618427277 -0.299779057502747 0.310183703899384 1.05945158004761 1.19304728507996 1.40912401676178 1.49970626831055 1.64107632637024 1.76856052875519 1.86013209819794 1.88172507286072 2.77810907363892 4.89652156829834 7.15735816955566 8.70073890686035 7.73921680450439 2.09752297401428 2.1546688079834 2.32767081260681 2.42827773094177 2.54597592353821 2.70699119567871 2.69590401649475 2.63159203529358 2.69371056556702 2.72875785827637 2.73345804214478 2.71303582191467
0.850394666194916 1.09019613265991 0.881751418113708 0.359351933002472 0.297244399785995 -0.0773326754570007 0.186970472335815 0.987464129924774 3.26501965522766 2.58086276054382 -1.14559757709503 -1.15535199642181 -0.931837320327759 -0.796069920063019 -0.741496026515961 -0.723135828971863 -0.670837104320526 -0.603705286979675 -0.399036824703217 0.361092776060104 1.04346930980682 1.26899325847626 1.36315608024597 1.5036906003952 1.63197660446167 1.72044169902802 1.72589349746704 1.83557307720184 3.3951780796051 5.29468059539795 5.19458723068237 5.14106130599976 5.47565984725952 2.12017393112183 2.14821577072144 2.27052998542786 2.37022995948792 2.4987256526947 2.52019381523132 2.47397446632385 2.60805058479309 2.64274740219116 2.64749932289124 2.62545800209045 2.69233655929565
0.734575569629669 0.725851356983185 1.12565195560455 1.30845940113068 1.01425099372864 0.180085033178329 0.682888269424438 2.38220524787903 5.79027509689331 8.9497709274292 0.875648140907288 -1.21938443183899 -1.19719660282135 -0.973971128463745 -0.819151997566223 -0.772744536399841 -0.728760242462158 -0.671481966972351 -0.574322640895844 0.211931020021439 0.886379778385162 1.21515119075775 1.36569666862488 1.49311423301697 1.58926749229431 1.60100257396698 1.67398297786713 2.08138394355774 3.44926071166992 4.07485628128052 3.85085892677307 3.30407905578613 2.89043283462524 2.07977199554443 2.10026597976685 2.16227173805237 2.27721238136292 2.34423804283142 2.29295134544373 2.40265703201294 2.560462474823 2.569739818573 2.54250168800354 2.52926158905029 3.28637337684631
0.459726721048355 0.597766280174255 1.09433364868164 1.82153475284576 1.85927355289459 0.863895416259766 1.85276031494141 3.97834491729736 7.49658727645874 11.2248277664185 7.97792959213257 3.28106927871704 -1.21594727039337 -1.16696226596832 -0.993628799915314 -0.847070515155792 -0.781572222709656 -0.483854115009308 0.591633260250092 0.0010963185923174 0.780810177326202 1.17481088638306 1.37537276744843 1.47266805171967 1.50088489055634 1.58328378200531 1.63836574554443 2.43889021873474 2.9738175868988 2.67769145965576 2.36812686920166 2.10877275466919 2.02435302734375 1.98287272453308 1.99566316604614 2.05279803276062 2.09212350845337 2.11019802093506 2.07721757888794 2.32028841972351 2.4557101726532 2.4681544303894 2.39187622070312 3.09356379508972 3.65729713439941
0.261935502290726 0.478570848703384 0.971447169780731 1.36664927005768 1.86980068683624 1.75824093818665 3.01439309120178 5.53785753250122 7.69259691238403 7.95735740661621 8.48581027984619 7.30471563339233 2.36277508735657 -1.09138798713684 -1.04201829433441 -0.906382262706757 -0.740166127681732 0.251576066017151 1.94773268699646 -0.270207405090332 0.514555394649506 1.0163152217865 1.30237555503845 1.43774378299713 1.5094450712204 1.54297995567322 1.7034775018692 1.85727095603943 2.42175698280334 2.03343152999878 2.0445282459259 2.009357213974 1.87100827693939 1.79418015480042 1.84815680980682 1.88542556762695 1.88275802135468 1.91231036186218 1.95926523208618 2.18818926811218 2.25214695930481 2.26284956932068 2.92317819595337 3.45526099205017 4.066810131073
0.337744772434235 0.422752916812897 0.782760798931122 0.894609749317169 1.49519193172455 2.44331383705139 4.34016036987305 5.57510900497437 6.26242971420288 6.98333215713501 7.29579162597656 7.48241090774536 5.17205715179443 2.53784871101379 -0.940347790718079 -0.810966908931732 -0.450264275074005 0.655440151691437 1.15513026714325 0.124808214604855 0.0657643973827362 0.754970967769623 1.1794935464859 1.35807800292969 1.48848330974579 1.66653847694397 1.77176880836487 1.81739187240601 1.89921820163727 1.95690178871155 1.94845426082611 2.95021343231201 1.76138138771057 1.59891128540039 1.61809134483337 1.66267168521881 1.72160053253174 1.73592829704285 1.83195900917053 1.94366502761841 2.14969491958618 2.76440358161926 3.27363204956055 3.84456372261047 4.19001388549805
1.34760689735413 0.433607012033463 0.502876818180084 0.828959405422211 2.00042176246643 3.56813263893127 4.30600214004517 4.87833499908447 5.15844535827637 5.98095560073853 6.30852842330933 5.03203105926514 2.30513215065002 -0.215160921216011 -0.271927863359451 -0.464745819568634 -0.0269431341439486 -0.143281608819962 0.0869533643126488 0.95002555847168 0.152607649564743 0.298228800296783 0.882872462272644 1.23594343662262 1.46901547908783 1.59202492237091 1.74539422988892 1.79128324985504 1.86489033699036 1.87348294258118 1.8423615694046 2.41587662696838 3.9628005027771 1.48305952548981 1.42520821094513 1.52807092666626 1.56120979785919 1.57123327255249 1.69553911685944 2.04262447357178 2.62613940238953 3.11056089401245 3.6333532333374 3.9683153629303 4.3238377571106
1.89385545253754 0.635259509086609 0.563910663127899 1.14193654060364 1.94250619411469 3.53217792510986 3.99628210067749 4.01020526885986 4.71565818786621 4.79541349411011 4.55991458892822 5.63548755645752 4.38334941864014 1.56877827644348 0.640532851219177 0.109797656536102 -0.165779680013657 -0.317872941493988 0.17464043200016 0.597360610961914 0.56970876455307 -0.0668788626790047 0.474813193082809 0.982659935951233 1.30407214164734 1.64709627628326 1.44354498386383 1.57317888736725 1.60527324676514 1.66252589225769 1.66726720333099 2.48208618164062 3.0696108341217 1.33841955661774 1.28587532043457 1.35587978363037 1.40083336830139 1.39855861663818 1.88863945007324 2.47897362709045 2.95493578910828 3.45450782775879 3.76098775863647 4.09025478363037 4.200843334198
1.87936294078827 1.71050953865051 1.0766304731369 1.68607771396637 2.77774381637573 3.21234464645386 3.63272142410278 3.85062623023987 3.74828004837036 3.65584540367126 3.78253817558289 4.13651752471924 3.98693871498108 2.98564529418945 1.69998061656952 1.39901340007782 0.718636989593506 0.0691866427659988 0.141538113355637 0.30814465880394 0.17443759739399 0.24676975607872 0.679090619087219 1.14019703865051 1.45486688613892 1.12958300113678 1.08287191390991 1.16483783721924 1.26430547237396 1.3025963306427 1.31873452663422 1.31889867782593 1.29616689682007 1.19498562812805 1.14102113246918 1.18464159965515 1.23868763446808 1.66185081005096 2.23935198783875 2.6981794834137 3.17001008987427 3.45755553245544 3.72549867630005 3.87877225875854 4.10428619384766
1.45966529846191 1.34993350505829 1.64886677265167 2.48943305015564 2.76997876167297 3.13818621635437 3.03882098197937 3.45617985725403 3.11808180809021 2.71091842651367 3.0757269859314 3.1048903465271 2.76204466819763 2.63668417930603 1.7957603931427 1.13543307781219 0.592222392559052 0.0451284572482109 0.0796090587973595 -0.101607121527195 0.0983862280845642 0.464769184589386 0.948542535305023 1.25454616546631 0.946500778198242 0.639468848705292 0.756343603134155 0.76078337430954 0.825907945632935 0.91212797164917 0.957084953784943 0.972333490848541 0.991641581058502 0.978590428829193 0.972858428955078 1.02705872058868 1.42380917072296 1.99406850337982 2.44985127449036 2.85759449005127 3.07053780555725 3.27375197410583 3.36067414283752 3.58013010025024 3.70354890823364
1.18980729579926 1.56745064258575 2.34565734863281 2.52585768699646 2.83085894584656 2.71157908439636 3.05381441116333 2.76778388023376 2.72296833992004 2.41218614578247 2.27891182899475 2.25916051864624 2.35467982292175 2.12862586975098 1.79703414440155 0.996193528175354 0.435801982879639 -0.0265825185924768 -0.215867638587952 0.18243545293808 0.0858137160539627 0.120877750217915 0.762005984783173 0.677208960056305 0.326553016901016 0.240625247359276 0.324288785457611 0.348842769861221 0.34138023853302 0.373959451913834 0.438193112611771 0.521759510040283 0.577718138694763 0.629888594150543 0.711773753166199 0.811139762401581 1.72514224052429 2.19846510887146 2.62961435317993 2.83273696899414 2.94193458557129 2.95669317245483 3.09552049636841 3.17857885360718 3.40549612045288
1.52140474319458 2.18066740036011 2.32103681564331 2.55462503433228 2.43989229202271 2.66132807731628 2.39524722099304 2.36698579788208 1.98657858371735 1.78341090679169 1.78464365005493 1.82944095134735 1.84130656719208 1.78950238227844 1.12276494503021 0.607057511806488 0.208747208118439 -0.214803531765938 0.053730096668005 3.28344750404358 2.02729749679565 -0.0843096151947975 -0.180071011185646 -0.0818111374974251 -0.0569467544555664 -0.129619717597961 -0.0766650587320328 -0.0854197442531586 -0.147384241223335 -0.235069155693054 -0.200198024511337 -0.0259348750114441 0.134188175201416 0.263266712427139 0.436860382556915 0.999937534332275 1.60227131843567 2.35471367835999 2.58669996261597 2.68810415267944 2.65436363220215 2.7144787311554 2.78885316848755 2.97969317436218 3.19299006462097
2.03088068962097 2.10845518112183 2.29823994636536 2.19377613067627 2.38394951820374 2.13411927223206 2.04289126396179 1.75155031681061 1.73324131965637 1.51439833641052 1.5021014213562 1.52716481685638 1.50454807281494 1.47416412830353 1.01814246177673 0.395089983940125 -0.0777866691350937 -0.0975979417562485 1.51857161521912 2.30270671844482 5.43036460876465 -0.367574512958527 -0.799790799617767 -0.736511528491974 -0.57267290353775 -0.452758938074112 -0.343182802200317 0.368875682353973 -0.619184792041779 -0.887019991874695 -0.77641624212265 -0.580921769142151 -0.280540108680725 -0.0241544377058744 0.65996903181076 1.24148046970367 1.77741575241089 2.12069797515869 2.38720965385437 2.30355620384216 2.32618188858032 2.38717818260193 2.56249117851257 2.77880644798279 2.98110222816467
1.94803738594055 2.11512494087219 2.00494575500488 2.14462351799011 1.92921388149261 1.85491263866425 1.5487596988678 1.47646117210388 1.2943320274353 1.23357844352722 1.27202296257019 1.29189968109131 1.20628368854523 0.782382547855377 0.396471202373505 0.144262030720711 -0.20561395585537 0.745038092136383 1.49656844139099 3.87762832641602 2.93083000183105 -0.893672168254852 -0.924812793731689 -0.863333344459534 -0.840489149093628 -0.756629586219788 -0.266697436571121 4.41843700408936 6.80345296859741 -1.03251028060913 -1.00623548030853 -0.720933437347412 -0.506718754768372 0.355686157941818 0.972040772438049 1.46256566047668 1.92575478553772 2.04740071296692 1.91048669815063 1.91945028305054 2.02265286445618 2.21582555770874 2.43777775764465 2.53158760070801 2.56208419799805
1.96584677696228 1.85650730133057 1.95475316047668 1.74000096321106 1.64297330379486 1.39843010902405 1.2996438741684 1.10597443580627 1.04030668735504 1.03603947162628 1.0686594247818 1.06898927688599 1.59337162971497 0.987232327461243 0.360771805047989 0.573919832706451 0.428910434246063 0.893685102462769 2.49935030937195 2.37737917900085 5.36801958084106 -0.946508288383484 -1.22775316238403 -1.12004637718201 -1.04364728927612 -0.982652187347412 2.04431509971619 5.0603199005127 7.89403629302979 3.77725338935852 -1.03798699378967 -0.733105063438416 0.0555490702390671 0.650134086608887 1.18921875953674 1.65004229545593 1.98119556903839 2.68776822090149 1.57865846157074 1.54768812656403 1.78041195869446 2.05814027786255 2.21447134017944 2.1744749546051 2.20594954490662
