slauniainen/Data/DEM/Vihti_dem1500b_cl_horizonAngle_150.asc
NCOLS 196 
NROWS 178 
XLLCORNER 353680 
YLLCORNER 6699024 
CELLSIZE 16 
NODATA_value -3.4e+38 
[rows 80 to 99 of 178, columns 0 to 44 of 196]
1.0599924325943 0.857241630554199 0.393957883119583 0.671610534191132 0.381309539079666 0.591942310333252 0.314698338508606 0.0313252583146095 0.496564894914627 0.342728823423386 0.141441524028778 -0.0141805671155453 0.000468688784167171 0.059400387108326 0.100165881216526 0.155321642756462 0.282249271869659 0.376089453697205 0.424382448196411 0.457718044519424 0.482503116130829 0.534590542316437 0.75797039270401 1.13674342632294 1.33148777484894 1.45029246807098 1.95199656486511 1.96087455749512 1.50565540790558 1.37799739837646 2.5865695476532 2.26025366783142 1.62162220478058 1.25090873241425 0.759632408618927 0.780330300331116 0.752593457698822 0.856610953807831 1.01008725166321 1.42663478851318 1.59201812744141 1.64799165725708 1.64597535133362 1.45434010028839 1.55434453487396
1.54175579547882 0.72144740819931 0.370612978935242 0.905671775341034 0.432881891727448 0.406332910060883 0.161767810583115 0.230425104498863 0.240274831652641 0.315905719995499 0.0265342220664024 0.0225062761455774 0.0306697823107243 0.0711020603775978 0.103874832391739 0.148686721920967 0.299751341342926 0.371204644441605 0.43039944767952 0.477932721376419 0.5068638920784 0.534864723682404 0.694632530212402 0.962016522884369 2.03002762794495 1.33578622341156 1.88095080852509 2.05273270606995 1.86952769756317 1.35301661491394 1.78865802288055 1.02053391933441 1.00837028026581 1.15331506729126 0.766588985919952 0.75504606962204 0.72295355796814 0.792004406452179 0.949929296970367 1.21746182441711 1.52501749992371 1.72049033641815 1.84230482578278 1.5619615316391 1.51419854164124
0.473225086927414 1.17094051837921 0.677321791648865 0.0767019987106323 0.246635749936104 0.626641094684601 0.132443979382515 0.319934070110321 0.309318244457245 0.0239433813840151 0.0355447195470333 0.0510134547948837 0.0616227723658085 0.0920219272375107 0.149845495820045 0.217386871576309 0.299289286136627 0.377365499734879 0.439868420362473 0.483932942152023 0.530460596084595 0.585992336273193 0.669702887535095 0.847366988658905 1.16853404045105 1.34858512878418 1.56898462772369 2.12666130065918 2.13221001625061 1.63158357143402 1.29894018173218 1.20383131504059 1.58909583091736 1.36229062080383 0.825579166412354 0.772618114948273 0.790236175060272 0.776347279548645 0.863669157028198 1.032870054245 1.28075623512268 1.71749448776245 1.75626146793365 1.88454604148865 1.645512342453
0.49179545044899 0.261840611696243 0.729442954063416 0.567059338092804 0.283900678157806 1.32819259166718 0.248254224658012 0.363521575927734 0.438619196414948 0.0428298078477383 0.0878891423344612 0.095566987991333 0.10572025179863 0.125618740916252 0.163499772548676 0.226671367883682 0.301562786102295 0.397996634244919 0.464247345924377 0.498665064573288 0.558022737503052 0.63759171962738 0.689286291599274 0.803846895694733 1.10914361476898 1.71761250495911 1.43190598487854 2.0427725315094 2.230304479599 2.09635043144226 1.64747643470764 1.72768771648407 1.86693489551544 1.35127544403076 0.876459121704102 0.809684991836548 0.80666708946228 0.794953882694244 0.815414428710938 0.951741933822632 1.24797165393829 1.62597942352295 1.79644417762756 1.99637281894684 1.89154851436615
0.131901487708092 -0.10822881013155 -0.239502593874931 0.189760386943817 0.105844669044018 1.20946991443634 -0.0234381761401892 0.180095613002777 0.98029899597168 0.522923171520233 0.11297282576561 0.14776286482811 0.167399629950523 0.18546524643898 0.187131807208061 0.246794462203979 0.330662310123444 0.428147286176682 0.493771255016327 0.53274142742157 0.588916063308716 0.666946232318878 0.728327572345734 0.792944550514221 1.04891920089722 2.066570520401 1.43728315830231 1.68725860118866 2.11552047729492 2.31171846389771 2.09130787849426 1.72652971744537 2.05178189277649 1.48644268512726 0.873875677585602 0.887029647827148 0.853858530521393 0.868776321411133 0.847363889217377 0.923094749450684 1.05902945995331 1.31165194511414 1.79336106777191 2.02048945426941 2.08575487136841
-0.260588258504868 -0.365305751562119 -0.272830575704575 0.0743538960814476 -0.100014917552471 0.58683305978775 -0.029322374612093 0.132458373904228 0.566569805145264 0.0457158349454403 0.101455487310886 0.155495032668114 0.244846701622009 0.265626162290573 0.243066295981407 0.298221975564957 0.361696124076843 0.4650659263134 0.532859921455383 0.574016153812408 0.626943707466125 0.690795063972473 0.749005973339081 0.825393557548523 0.988056182861328 1.90698742866516 1.37777531147003 1.53399336338043 1.79016268253326 2.40059590339661 2.37153339385986 1.77276313304901 2.10464549064636 1.44574546813965 1.02256786823273 0.901454150676727 0.929912924766541 0.918610095977783 0.924960553646088 0.923528611660004 1.03188562393188 1.17538356781006 1.69193863868713 1.95969080924988 2.00514721870422
-0.454991787672043 -0.372780591249466 -0.273196041584015 0.0412454009056091 -0.113933205604553 0.162266105413437 -0.0117836408317089 0.0206553731113672 0.175683632493019 0.0490377731621265 0.105087958276272 0.181879386305809 0.290384441614151 0.682584047317505 0.675746202468872 0.352352052927017 0.380251675844193 0.448812663555145 0.56174373626709 0.628481864929199 0.672764599323273 0.726347029209137 0.778754055500031 0.858956754207611 0.932053625583649 1.25417196750641 1.39756536483765 1.53159439563751 1.6463223695755 2.2789351940155 2.4782886505127 2.24226212501526 1.51560151576996 1.2718334197998 1.2181304693222 0.952168822288513 0.983467996120453 0.958158791065216 0.957575559616089 0.951155543327332 1.00046813488007 1.11140143871307 1.3582935333252 1.94321608543396 2.03044939041138
-0.435701936483383 -0.371514320373535 -0.280131310224533 -0.187960773706436 -0.129173576831818 0.109187938272953 0.223879307508469 0.0926233902573586 0.0609413087368011 0.0794559195637703 0.124748080968857 0.227590337395668 0.316993415355682 0.420753568410873 0.364475071430206 0.368649989366531 0.423410058021545 0.489873647689819 0.576684236526489 0.640601575374603 0.703666865825653 0.759208083152771 0.813212156295776 0.879450738430023 0.947931706905365 1.14276599884033 1.47431862354279 1.44419085979462 1.62368595600128 1.86491239070892 2.60670185089111 2.56502509117126 1.92423510551453 1.62787640094757 1.68554282188416 1.0877126455307 0.98956835269928 1.02279531955719 0.999452590942383 1.01363503932953 0.986821830272675 1.10816395282745 1.27520048618317 1.81220710277557 2.04892134666443
-0.211002886295319 -0.316583096981049 -0.247599557042122 -0.158286154270172 -0.0952587500214577 -0.00485251005738974 0.288029611110687 0.0696902498602867 0.0896635428071022 0.126723170280457 0.186268046498299 0.255467921495438 0.333981812000275 0.391778320074081 0.388082176446915 0.419100344181061 0.480440467596054 0.563840568065643 0.60059118270874 0.659656047821045 0.700817823410034 0.774538338184357 0.841210901737213 0.896952748298645 0.987455368041992 1.08603858947754 1.8929967880249 1.35375845432281 1.51824903488159 1.7151346206665 2.51278567314148 2.73009395599365 2.46781730651855 1.78149771690369 1.84703826904297 1.16117513179779 1.0124477148056 1.06549382209778 1.03817915916443 1.03802752494812 1.02770459651947 1.08676302433014 1.23322105407715 1.39863860607147 1.96550190448761
0.641738057136536 -0.194235563278198 -0.198992669582367 -0.135203808546066 -0.0719137862324715 0.0035850377753377 0.0461077503859997 0.0707771480083466 0.269088089466095 0.145055994391441 0.221408054232597 0.285327613353729 0.365630358457565 0.44557198882103 0.482231110334396 0.54982203245163 0.596393287181854 0.621522486209869 0.637268245220184 0.684231519699097 0.709302663803101 0.812990486621857 0.873301982879639 0.90116673707962 0.999916732311249 1.15649175643921 1.9400622844696 1.32648313045502 1.48181056976318 1.72780764102936 2.07237768173218 2.91527795791626 2.84226107597351 2.16257476806641 1.77812993526459 1.29727530479431 1.19412231445312 1.09928643703461 1.11914944648743 1.0872141122818 1.10157024860382 1.06788659095764 1.23897361755371 1.41628038883209 1.53501129150391
1.06522607803345 0.52568918466568 0.202894806861877 -0.104314476251602 -0.0471495054662228 0.0377603843808174 0.0626734420657158 0.090116411447525 0.203994870185852 0.154887467622757 0.243848100304604 0.327606707811356 0.418615579605103 0.503962874412537 0.584034144878387 0.662486791610718 0.684755325317383 0.660006523132324 0.652507603168488 0.717747807502747 0.782137215137482 0.865346431732178 0.911496877670288 0.961244821548462 0.998780429363251 1.19395411014557 1.67303502559662 1.31182062625885 1.46178710460663 1.60760128498077 1.89415216445923 2.81039595603943 3.09019827842712 2.97386074066162 2.21081471443176 1.47497832775116 1.29591715335846 1.14849698543549 1.1924569606781 1.16377866268158 1.1568158864975 1.14502501487732 1.20882678031921 1.40808808803558 1.55011832714081
2.02582716941833 2.07390522956848 0.554368853569031 0.202977284789085 -0.0360111072659492 0.00846630241721869 0.0695116892457008 0.106446862220764 0.147235229611397 0.169569671154022 0.234390810132027 0.346784055233002 0.458527415990829 0.545505344867706 0.631061911582947 0.690194487571716 0.722167432308197 0.711658656597137 0.715243458747864 0.762802839279175 0.829404711723328 0.893960177898407 0.944873690605164 1.00134992599487 1.07530653476715 1.39781641960144 1.21038711071014 1.38020002841949 1.49727785587311 1.62318706512451 1.87646436691284 2.28949427604675 2.96040010452271 3.30005407333374 2.95462083816528 1.84197556972504 1.50505757331848 1.39036166667938 1.18231189250946 1.25701439380646 1.27470779418945 1.26910471916199 1.29051232337952 1.38194477558136 1.54024219512939
3.01834869384766 1.64668393135071 0.926365315914154 0.710086226463318 -0.0287872646003962 0.0221511498093605 0.0782312974333763 0.136546030640602 0.169718325138092 0.206749215722084 0.236576646566391 0.357221037149429 0.493391990661621 0.59291672706604 0.659767627716064 0.711638271808624 0.761591076850891 0.740688860416412 0.752913534641266 0.786060512065887 0.860858678817749 0.92799711227417 0.985803067684174 1.040078997612 1.8798645734787 1.54974412918091 1.28439283370972 1.41030704975128 1.59589076042175 1.60707712173462 1.71871793270111 2.0434730052948 2.39225363731384 3.56213402748108 3.51326656341553 2.66778588294983 1.75866055488586 1.62707531452179 1.47178840637207 1.32127475738525 1.36885237693787 1.32330012321472 1.35974884033203 1.29029297828674 1.47958385944366
3.16243243217468 1.62302660942078 0.855211138725281 0.64044600725174 0.303332656621933 0.0477383844554424 0.116320341825485 0.168814018368721 0.193641915917397 0.237822532653809 0.287000179290771 0.377333015203476 0.519838929176331 0.630137026309967 0.687567055225372 0.742877542972565 0.780434727668762 0.798665523529053 0.789403676986694 0.83016973733902 0.875697195529938 0.938778936862946 0.997855961322784 2.00792551040649 1.5083544254303 1.17071938514709 1.27529513835907 1.45897209644318 1.55173134803772 1.60349631309509 1.85688054561615 2.00461411476135 2.17076516151428 3.37403798103333 3.8617901802063 3.50368857383728 2.24902391433716 1.84420824050903 1.63446962833405 1.37511587142944 1.45563364028931 1.50930821895599 1.49153316020966 1.40910065174103 1.45280301570892
2.75578045845032 1.67166948318481 1.76497340202332 1.28592205047607 0.047196913510561 0.052518717944622 0.124290026724339 0.168175399303436 0.21317994594574 0.274711906909943 0.341672360897064 0.415301591157913 0.537491500377655 0.652415633201599 0.726223409175873 0.773076474666595 0.811652839183807 0.843248546123505 0.855602502822876 0.914457499980927 2.54052877426147 0.986976444721222 1.03134286403656 1.25918281078339 1.11347150802612 1.16920471191406 1.26240384578705 1.42058145999908 1.58042848110199 1.85608923435211 1.52764987945557 1.98435640335083 2.07883834838867 2.6314697265625 4.17893075942993 4.24021291732788 3.29041647911072 2.26649308204651 1.92404198646545 1.72582376003265 1.57793378829956 1.62694275379181 1.5872460603714 1.55332028865814 1.4701966047287
1.55341517925262 2.06700277328491 2.08311605453491 1.5842353105545 0.833376109600067 0.0451928041875362 0.111355423927307 0.162302181124687 0.246822342276573 0.322889804840088 0.39163139462471 0.477182000875473 0.571710586547852 0.67648458480835 0.755343675613403 0.812516450881958 0.852968692779541 0.878632843494415 0.905435085296631 1.31524634361267 1.32564389705658 0.96421080827713 1.05719041824341 1.08234703540802 1.12692642211914 1.19112718105316 1.25596153736115 1.37082755565643 1.67220509052277 2.0630784034729 1.81865918636322 1.63373780250549 1.81939327716827 2.36495137214661 3.88065195083618 4.60360860824585 4.80035066604614 3.6093635559082 2.21133065223694 1.93860733509064 1.67449760437012 1.78480327129364 1.8430951833725 1.73387444019318 1.6430139541626
1.86911559104919 2.03399133682251 2.83632636070251 3.28394484519958 2.29669737815857 0.562227487564087 0.129415392875671 0.212099105119705 0.298985630273819 0.384185343980789 0.467082887887955 0.555905818939209 0.63779354095459 0.716864049434662 0.78024959564209 0.842674434185028 0.890929102897644 0.913437306880951 0.974453747272491 1.5105664730072 1.0400059223175 1.03642892837524 1.06854605674744 1.10000967979431 1.15526187419891 1.22082650661469 1.27545344829559 1.37195086479187 1.55999481678009 1.9252907037735 1.5974155664444 1.58592069149017 1.90761458873749 2.14876818656921 2.92872142791748 4.24495267868042 5.38608884811401 4.72429084777832 2.97079300880432 2.31240272521973 2.17327189445496 1.94164085388184 2.04149556159973 1.94310939311981 1.93442606925964
1.27231311798096 2.195965051651 3.87560129165649 4.18387699127197 3.32460904121399 2.55810022354126 0.172980710864067 0.239080488681793 0.350548386573792 0.451958149671555 0.511589527130127 0.60684072971344 0.696308970451355 0.763344764709473 0.807159781455994 0.863420367240906 0.915744483470917 0.957538068294525 1.06414556503296 2.77965092658997 1.50225389003754 1.07675695419312 1.10276067256927 1.12876558303833 1.17373752593994 1.23439645767212 1.30620276927948 1.40804088115692 1.53923165798187 1.73021614551544 1.63015902042389 1.85254800319672 2.16435384750366 2.02720093727112 2.48187613487244 3.28495478630066 5.84120082855225 6.53051137924194 4.87357330322266 3.01226735115051 2.57208633422852 2.27416014671326 2.14411973953247 2.15988969802856 2.28329706192017
1.45381557941437 1.9736545085907 3.23334693908691 6.01028871536255 7.20399570465088 5.55213689804077 1.92281568050385 0.31442204117775 0.411641985177994 0.460193872451782 0.579875588417053 0.699284017086029 0.764871597290039 0.822549223899841 0.877449929714203 0.920847833156586 0.964531600475311 1.00041031837463 1.05481994152069 1.54339289665222 1.09224140644073 1.11680054664612 1.13847923278809 1.16231751441956 1.1759934425354 1.23166465759277 1.32737600803375 1.43312764167786 1.54101848602295 1.80438733100891 1.81301414966583 1.96971094608307 2.07248401641846 2.06753516197205 2.43015646934509 2.8196542263031 5.19135713577271 7.70259046554565 7.15304136276245 4.37407064437866 2.67435503005981 2.57797884941101 2.17274618148804 2.44956135749817 2.87302398681641
1.48276495933533 2.0392599105835 4.56505918502808 7.55909299850464 6.51807689666748 2.93154549598694 1.75737476348877 0.374238580465317 0.4372378885746 0.511722385883331 0.647801518440247 0.799979329109192 0.855574607849121 0.888658702373505 0.948863387107849 0.979087293148041 1.00532484054565 1.05849802494049 1.08899283409119 1.14306282997131 1.13558995723724 1.15503454208374 1.17672264575958 1.19399011135101 1.19728875160217 1.25613403320312 1.35382413864136 1.51260149478912 1.60624706745148 1.79029858112335 1.62923204898834 1.74694049358368 2.09999585151672 2.29949522018433 2.09783148765564 2.40980195999146 4.5355339050293 8.04620265960693 10.1693067550659 6.69219779968262 3.49300765991211 2.83128643035889 2.66113615036011 2.71555209159851 3.17382454872131
