slauniainen/Data/DEM/Vihti_dsm1500b_cl_horizonAngle_216.asc
NCOLS 196 
NROWS 178 
XLLCORNER 353680 
YLLCORNER 6699024 
CELLSIZE 16 
NODATA_value -3.4e+38 
[rows 60 to 79 of 178, columns 45 to 89 of 196]
-2.42858147621155 2.43152379989624 10.5340147018433 2.3739914894104 2.34437775611877 4.60783338546753 8.52246284484863 12.1192054748535 9.28833103179932 5.57649803161621 3.02067613601685 2.88206052780151 2.93738031387329 2.06089234352112 1.40135085582733 3.40922141075134 0.913005888462067 1.57048547267914 2.64975476264954 2.94807839393616 3.17358613014221 6.97683715820312 20.1504993438721 13.9833574295044 13.2636518478394 6.2064037322998 5.55573463439941 3.68783664703369 2.03047585487366 3.88011288642883 1.39585793018341 1.29549026489258 0.985355854034424 1.51322782039642 2.05332374572754 8.85194873809814 1.36509585380554 1.4531637430191 3.17812871932983 8.1811695098877 2.12975597381592 3.47249698638916 5.09160614013672 5.32387113571167 -0.498475968837738
-1.41824305057526 -2.11581110954285 -1.76434147357941 -1.74003958702087 5.91351222991943 4.91610622406006 6.46062517166138 15.1911973953247 14.6323127746582 4.51638555526733 11.0069456100464 6.37444067001343 2.77046394348145 3.63795852661133 6.37993431091309 2.90810418128967 2.33057427406311 3.1559681892395 3.62952566146851 4.07564735412598 0.415443629026413 3.28021287918091 4.62187385559082 8.26803779602051 12.8428173065186 5.50338315963745 5.81311750411987 2.46897459030151 5.5763988494873 4.15056562423706 1.93661963939667 2.29189968109131 1.93210029602051 2.13071608543396 2.2334840297699 2.67676377296448 2.52345418930054 3.72475266456604 3.88728094100952 4.79786396026611 3.96702337265015 2.62276005744934 3.40025401115417 11.6253356933594 2.22394752502441
-0.632729411125183 0.410806983709335 -1.37659382820129 -1.72933733463287 -0.665975153446198 0.0437928959727287 5.38890552520752 4.64485883712769 9.99989223480225 2.30219674110413 3.74252796173096 3.18556952476501 3.43603754043579 4.40912580490112 4.28040885925293 7.64385080337524 2.55114436149597 3.76603960990906 6.1524224281311 7.92122983932495 3.61620140075684 9.79964351654053 0.732952237129211 1.77358996868134 3.21619153022766 2.25243020057678 4.27936983108521 1.25132012367249 8.47394180297852 1.94766366481781 2.18978691101074 12.5530385971069 6.99219799041748 7.23716831207275 4.4549298286438 6.5348334312439 7.28185606002808 7.06582355499268 7.15221929550171 4.79268264770508 4.59813594818115 6.00611305236816 3.48125982284546 5.15393304824829 3.95559453964233
1.5279723405838 0.134704008698463 -0.369672238826752 -0.581098854541779 0.0918633639812469 -0.689336836338043 4.17792749404907 6.44135904312134 10.5422925949097 3.76916074752808 3.79420828819275 3.30222010612488 6.93204164505005 5.07861137390137 6.54012584686279 8.52811241149902 5.57957077026367 3.95338940620422 2.38321399688721 1.7866199016571 0.832196831703186 0.782871186733246 1.60258090496063 4.27039384841919 3.20338320732117 1.31494641304016 2.77478861808777 1.62572455406189 2.17953276634216 2.89448499679565 1.97671568393707 11.6657695770264 9.75748729705811 10.4160776138306 10.8231544494629 9.42169570922852 7.23938989639282 5.58560991287231 6.66200685501099 8.30952167510986 12.569221496582 7.84441423416138 6.69272518157959 1.53705394268036 -0.524557173252106
0.115680404007435 1.04249656200409 1.63984572887421 1.83728051185608 0.479177087545395 -1.77389454841614 1.56090211868286 5.48767137527466 10.1833820343018 7.34789705276489 6.5741605758667 10.6619892120361 10.5381135940552 14.4860486984253 12.5271272659302 12.9676561355591 6.88990926742554 1.91054356098175 2.31079649925232 9.93472862243652 1.79507720470428 2.63355422019958 0.879985570907593 10.9819784164429 4.0531587600708 5.428635597229 2.38830280303955 9.64651584625244 1.80705571174622 2.7226505279541 4.25330018997192 7.67315483093262 4.53883504867554 13.0246410369873 17.7851543426514 12.9237680435181 9.23632049560547 13.6767883300781 10.96897315979 7.59769725799561 11.0581474304199 6.10892724990845 6.31185626983643 2.85245490074158 -0.984071373939514
1.22734367847443 1.69300949573517 2.69857287406921 3.34467029571533 -0.253043740987778 -1.74891400337219 0.720289289951324 3.72978496551514 11.2644653320312 14.2934246063232 12.2190055847168 15.1413564682007 4.45572137832642 7.62196397781372 11.6093721389771 10.2585048675537 9.16908168792725 -0.162619262933731 4.98257398605347 0.941189587116241 15.3390531539917 6.58196687698364 0.710778951644897 1.47657191753387 5.20312070846558 4.88915586471558 2.51869821548462 3.08028650283813 2.78673005104065 3.9405198097229 1.19010972976685 1.0146769285202 3.97771048545837 3.40823292732239 6.9825701713562 13.2819557189941 7.30346488952637 10.8625087738037 8.88396167755127 -0.905641257762909 0.867978453636169 11.4442615509033 0.540238976478577 1.92390251159668 5.55876493453979
2.04687666893005 2.99551486968994 3.50804281234741 3.11430954933167 0.572284162044525 -1.43454921245575 2.64857840538025 -1.48158144950867 3.8310718536377 5.09456825256348 2.73565316200256 3.19401049613953 4.5980544090271 2.80574178695679 -1.7214914560318 5.08539009094238 19.0436725616455 1.52045130729675 11.0363626480103 5.73602819442749 10.1133251190186 1.82156562805176 7.07096433639526 7.47898197174072 1.47458922863007 2.9647159576416 6.37636423110962 6.46448278427124 4.60918951034546 1.52707242965698 1.15057694911957 0.921940743923187 0.614275515079498 0.568553328514099 0.757271111011505 1.425124168396 0.577615141868591 -0.797012746334076 0.359686136245728 -0.836560964584351 -0.758934378623962 -0.875829994678497 14.9567394256592 3.03472542762756 11.7698221206665
3.52520275115967 3.94537043571472 3.40550184249878 0.874612927436829 0.917980849742889 -1.73040127754211 -1.45893549919128 -1.52922642230988 4.12377071380615 0.883217334747314 5.01780843734741 7.82342147827148 5.03027582168579 -1.73598718643188 -1.36236238479614 -1.68361842632294 10.3246059417725 1.45118975639343 1.0600802898407 1.16223013401031 0.928913593292236 4.73080444335938 11.0297060012817 12.8224401473999 3.68869924545288 4.7752103805542 5.0910120010376 13.2492609024048 9.1485538482666 3.92143487930298 1.33641910552979 0.638382852077484 0.740033388137817 0.997984766960144 0.457060217857361 0.542973041534424 -0.758103907108307 -0.689575493335724 -0.520732522010803 -0.347770750522614 0.988939106464386 1.75523996353149 2.91168451309204 2.39285254478455 20.3929443359375
4.50997304916382 3.91532921791077 1.00615453720093 1.02632093429565 1.01849484443665 -1.61222398281097 -1.45956313610077 -1.71229934692383 -1.64528965950012 -1.69043791294098 -1.67255306243896 10.6168651580811 3.06971096992493 -1.6373291015625 7.92957830429077 8.10137271881104 20.4196357727051 1.40627264976501 1.39792990684509 1.2353196144104 1.08162093162537 5.6992564201355 0.547969341278076 9.03959274291992 11.0877923965454 6.33949613571167 2.75347328186035 5.8832836151123 14.2887411117554 1.76038527488708 1.23703289031982 1.26633250713348 1.27429044246674 0.927583456039429 1.04819023609161 5.86188364028931 4.56083297729492 4.90795421600342 1.20109808444977 3.48672199249268 11.2189359664917 2.98309803009033 2.00153303146362 2.76938080787659 3.45131731033325
4.92610454559326 4.27013063430786 1.21251285076141 1.190265417099 1.15057528018951 -0.580925524234772 -1.57691037654877 -1.45248436927795 -1.43240296840668 -1.61487996578217 -1.93102610111237 -1.7290096282959 -1.61506032943726 -1.79783868789673 -1.32595634460449 -1.46978104114532 4.67202425003052 2.39670324325562 1.25733506679535 1.27489852905273 0.646281540393829 0.560910105705261 16.2780227661133 11.8206129074097 12.0615530014038 8.88755130767822 9.21877193450928 2.56511974334717 11.7628688812256 1.69852340221405 2.69365930557251 1.44834506511688 4.72786235809326 3.79317831993103 8.20972347259521 5.89875221252441 3.25530552864075 2.49999737739563 1.82242429256439 1.87022936344147 5.91130018234253 8.69080829620361 19.2910194396973 10.925479888916 -0.307802975177765
4.73979425430298 1.3720428943634 1.3107293844223 1.25583362579346 1.18028509616852 -0.111793875694275 -0.329825460910797 0.0981104299426079 -1.25557470321655 -1.52421879768372 -1.46939873695374 -1.24806261062622 -1.3960520029068 -1.11631321907043 -0.814160764217377 2.53592824935913 2.02493906021118 2.5745644569397 11.3925094604492 1.96637535095215 1.99385356903076 0.803200602531433 0.90901517868042 0.929690778255463 6.8454475402832 6.04367399215698 11.3316431045532 1.34092354774475 17.6462364196777 4.71723604202271 1.76771259307861 1.3512579202652 10.5914278030396 15.6987476348877 12.8409042358398 6.01547145843506 9.4133472442627 3.28054141998291 2.60195803642273 15.5863285064697 10.2732353210449 12.4185543060303 4.9522967338562 0.170929953455925 3.75330996513367
1.51943647861481 1.43256676197052 1.37534499168396 1.27889263629913 1.2186793088913 1.16381239891052 1.12432813644409 1.06290423870087 -1.41757559776306 -1.42441296577454 -1.24919831752777 -1.25641703605652 -0.714294373989105 -0.56402200460434 1.75148963928223 2.18446683883667 3.45597171783447 2.33087968826294 2.69763040542603 2.45344114303589 1.82694685459137 1.19272291660309 3.72486281394958 0.998728275299072 2.31145763397217 7.09489774703979 7.79286193847656 2.04303574562073 3.45205211639404 15.5506792068481 5.15364027023315 3.60072779655457 1.8687299489975 14.3883790969849 16.5799579620361 4.75408315658569 4.36034393310547 2.32078647613525 12.5037851333618 12.7698879241943 12.7171497344971 -0.300819844007492 5.63908433914185 7.67401361465454 -0.461934387683868
1.59247982501984 1.55431389808655 1.46017491817474 1.33642017841339 1.27721965312958 1.20165681838989 1.15129840373993 1.10786199569702 -0.711334764957428 -0.661649823188782 5.50350522994995 -0.532569944858551 -0.188886135816574 2.44232749938965 2.75056195259094 3.229159116745 3.34227180480957 3.11060309410095 2.51547622680664 2.01736187934875 1.64231204986572 0.537248969078064 1.97969841957092 0.818105340003967 0.859473288059235 15.6766891479492 12.5182256698608 4.58512163162231 0.942649900913239 1.45273232460022 7.48371410369873 1.40489912033081 0.647892892360687 -0.415012300014496 21.4339141845703 8.95463562011719 2.2223596572876 2.53962779045105 1.2781286239624 4.32981014251709 5.86984395980835 8.58347129821777 1.74333083629608 0.062895841896534 8.46016788482666
1.72072374820709 1.61665916442871 1.48522520065308 1.40259957313538 1.33312594890594 1.26991140842438 1.2096962928772 1.16147363185883 -0.614346921443939 0.786079227924347 0.695385158061981 1.11163187026978 1.71554863452911 3.4638569355011 3.80475783348083 3.29987359046936 3.44946193695068 3.24096369743347 3.33211421966553 2.55500745773315 1.64568376541138 1.06039810180664 1.1529712677002 0.56611168384552 12.6296491622925 14.1600704193115 15.8437557220459 3.69705009460449 1.51480937004089 1.86622536182404 14.2494735717773 5.03545188903809 0.180824264883995 1.08064687252045 6.76678991317749 13.2304992675781 11.4732761383057 1.86820352077484 6.55858612060547 0.451692461967468 -0.088762953877449 0.363217741250992 -0.0479136779904366 -0.247053146362305 5.55757284164429
1.85476398468018 1.7020560503006 1.56947410106659 1.49020874500275 1.41874003410339 1.35097944736481 1.27270805835724 1.43680012226105 1.69434475898743 1.73090207576752 1.48998248577118 1.7729823589325 3.63113832473755 3.37371373176575 3.91629695892334 3.64464664459229 3.41880917549133 3.64835405349731 3.95146465301514 2.44024848937988 1.59556174278259 1.39328610897064 0.730516135692596 0.962005317211151 5.66974449157715 1.45856595039368 8.84199142456055 2.10409951210022 5.60319232940674 0.997634768486023 8.08090782165527 4.36446952819824 5.96192932128906 7.56501960754395 0.344738245010376 2.58433842658997 12.8199090957642 9.26041030883789 15.0067329406738 3.51334977149963 0.593743622303009 -0.111476995050907 0.231433525681496 2.14572024345398 15.1378870010376
1.94005501270294 1.82543253898621 1.6783093214035 1.61603307723999 1.5446754693985 1.4787722826004 1.64596247673035 1.77466487884521 1.832639336586 1.54903292655945 1.83723056316376 3.79889941215515 3.52986669540405 4.09326505661011 3.85056900978088 3.64583420753479 3.94552564620972 4.24167633056641 3.74913024902344 1.17322885990143 1.74170708656311 1.53169894218445 1.37069857120514 8.63796329498291 16.8673229217529 5.33618783950806 1.72720897197723 2.06255412101746 6.32122087478638 1.40195143222809 6.59839153289795 0.248563393950462 15.986289024353 0.738417685031891 2.48573708534241 3.1338095664978 19.4528789520264 9.29627704620361 20.0148296356201 3.74804425239563 3.47449159622192 0.318321645259857 1.45762944221497 1.51207566261292 3.0206253528595
2.04816746711731 1.95681965351105 1.88279116153717 1.77560877799988 1.662562251091 1.6952131986618 1.65820908546448 1.87929403781891 1.69396865367889 1.9137659072876 3.98855972290039 3.710205078125 4.2878999710083 3.68524146080017 3.9750382900238 3.76936626434326 4.09327125549316 4.4048810005188 3.5259120464325 3.57726907730103 1.93497598171234 3.02258157730103 1.76481056213379 1.34260547161102 1.71128845214844 1.48114824295044 1.90157091617584 8.21401500701904 3.76390886306763 0.373508602380753 0.997753322124481 -0.224862113595009 6.15486621856689 3.13747882843018 2.59497761726379 1.90821063518524 3.81987881660461 -0.163679525256157 12.9654960632324 4.88435649871826 2.09960222244263 4.82782745361328 5.59295845031738 7.97740840911865 7.79281139373779
2.27619695663452 2.14960289001465 1.99995350837708 1.79711544513702 1.74219119548798 1.85398399829865 1.93756949901581 1.90040683746338 1.85855722427368 1.96697020530701 4.1088490486145 4.49730539321899 3.89030003547668 4.22471570968628 4.01933717727661 4.35594367980957 4.689857006073 4.12602281570435 3.91888642311096 3.63953709602356 3.47151851654053 3.43836998939514 2.21314167976379 2.12402033805847 2.2327721118927 3.37918901443481 10.9342908859253 14.0639495849609 1.08788537979126 10.5630931854248 13.8200349807739 0.996338427066803 3.2028534412384 4.34630680084229 2.62939953804016 0.243411526083946 5.32673025131226 6.99993133544922 12.2988529205322 5.00662565231323 6.17323637008667 6.30191850662231 10.4657440185547 10.3244915008545 6.49042844772339
2.3860719203949 2.21928024291992 2.01711797714233 1.89014184474945 1.91115367412567 1.92988228797913 1.97422075271606 1.90163731575012 2.05228114128113 4.36789655685425 4.02306699752808 4.63012456893921 4.50920009613037 4.28842353820801 4.65070581436157 4.99612808227539 4.35347127914429 4.1391658782959 3.94525218009949 3.95397567749023 3.9760410785675 3.39817094802856 3.17111992835999 2.53590941429138 2.11134243011475 2.17872977256775 1.44616794586182 6.11388540267944 0.250891119241714 -0.0957997366786003 19.7715091705322 4.00398969650269 4.89824056625366 4.21044254302979 1.55535709857941 0.212886050343513 0.00521267391741276 0.637107610702515 8.107177734375 11.8775844573975 9.28310680389404 12.4463806152344 24.790283203125 17.3548679351807 10.1437330245972
2.58980536460876 2.36517667770386 2.17535305023193 2.0271909236908 1.95224058628082 2.04220581054688 1.96450543403625 2.12299823760986 4.62593030929565 4.30464267730713 4.89882946014404 4.85073757171631 4.60386657714844 4.97820568084717 5.37483167648315 4.61962223052979 4.05446910858154 4.23659467697144 4.07716751098633 4.40240097045898 3.91967439651489 3.60737562179565 2.89597344398499 3.03729701042175 3.29809713363647 1.81467473506927 1.81860780715942 1.56307923793793 5.49226188659668 0.858906507492065 5.7022533416748 5.84163188934326 4.55115365982056 3.65764927864075 4.51749563217163 0.635802626609802 2.59849262237549 -0.014691149815917 1.2175030708313 9.22915840148926 14.1815185546875 2.57831358909607 22.4813213348389 22.9874897003174 1.5541707277298
