slauniainen/Data/DEM/Vihti_dem1500b_cl_horizonAngle_144.asc
NCOLS 196 
NROWS 178 
XLLCORNER 353680 
YLLCORNER 6699024 
CELLSIZE 16 
NODATA_value -3.4e+38 
[rows 140 to 159 of 178, columns 45 to 89 of 196]
6.72744655609131 6.66205024719238 6.60347461700439 6.57602405548096 6.36838388442993 6.34465456008911 5.75769996643066 5.60391235351562 5.53207397460938 5.76367330551147 5.97418975830078 6.1039891242981 6.26567363739014 6.43649005889893 6.47261714935303 6.62584114074707 6.80242967605591 7.30277633666992 7.42549705505371 7.7201714515686 7.47282600402832 7.46013069152832 7.45575952529907 7.47107028961182 7.66970157623291 8.21955490112305 8.36558628082275 6.87152194976807 6.55536127090454 6.46190690994263 5.92678499221802 5.78706216812134 5.96235752105713 5.14567375183105 7.54187202453613 10.0603713989258 8.5224027633667 2.30260419845581 2.49131488800049 3.1666624546051 4.46662712097168 5.14361095428467 5.57744741439819 7.03138113021851 6.00397539138794
7.06250286102295 7.01447486877441 6.90481758117676 6.80924701690674 6.86648273468018 6.75217151641846 5.90958690643311 5.70956325531006 5.71968078613281 6.05157232284546 6.32698249816895 6.48420381546021 6.6975417137146 6.892982006073 7.05975484848022 7.12645816802979 7.41514348983765 7.63590145111084 8.22109317779541 8.20371913909912 8.20371437072754 8.0927791595459 8.13430404663086 8.14201641082764 8.15640926361084 8.74807453155518 9.30144309997559 8.89106559753418 7.69751882553101 7.44392013549805 7.11169195175171 7.01714563369751 6.18991041183472 6.05643558502197 5.32729768753052 9.35776042938232 8.85001182556152 2.43955731391907 2.50813341140747 3.01762247085571 3.44558072090149 4.75267124176025 5.4309778213501 5.49484491348267 5.66553592681885
7.37163400650024 7.4638524055481 7.38246965408325 7.23016500473022 7.30212116241455 6.56684875488281 6.15301179885864 5.93801879882812 5.97746276855469 6.39100742340088 6.65649175643921 6.89170026779175 7.02672624588013 7.26574230194092 7.43265533447266 7.59511756896973 7.85129117965698 8.24097537994385 8.72492599487305 8.98082065582275 9.26982879638672 9.25692081451416 8.98838996887207 9.16381072998047 9.14899158477783 9.475830078125 10.1654300689697 11.0869140625 10.6764430999756 10.0441837310791 9.2993631362915 7.32657718658447 7.11600971221924 6.58758926391602 6.50620889663696 12.1483469009399 7.03764152526855 1.67090570926666 2.24870872497559 4.5271635055542 2.81775307655334 4.61973524093628 5.36382961273193 5.56299495697021 5.77827835083008
7.63498306274414 7.78534412384033 7.83496189117432 7.7344331741333 7.47343587875366 6.95915222167969 6.5849232673645 6.29930543899536 6.47864580154419 6.86973905563354 7.10008478164673 7.28306531906128 7.38626432418823 7.74437189102173 8.09091854095459 8.21858406066895 8.44252300262451 8.78842544555664 9.15096759796143 9.89237022399902 10.3722610473633 10.6640939712524 10.8996963500977 10.4356527328491 10.5845441818237 10.7229070663452 11.0500020980835 11.9133157730103 12.9378576278687 12.3000783920288 14.4924907684326 11.4380617141724 9.42609119415283 6.50153541564941 6.67434024810791 5.49522638320923 3.22984743118286 1.75907123088837 2.27643394470215 2.71997785568237 2.52829217910767 3.53716969490051 5.28472995758057 6.03766489028931 6.45036172866821
7.84981298446655 8.06458282470703 8.08964824676514 8.03114128112793 7.88953304290771 7.468590259552 6.98268795013428 6.91751718521118 7.16818761825562 7.37878751754761 7.68271112442017 7.88546991348267 8.03991413116455 8.28805732727051 8.6243782043457 8.83535861968994 9.04824352264404 9.24962902069092 9.9000072479248 10.4596281051636 11.2344989776611 11.9429759979248 12.2562866210938 11.5551433563232 11.487491607666 11.7116928100586 11.8918104171753 12.5509881973267 13.3991556167603 13.0098142623901 14.1235361099243 10.9560432434082 10.7729768753052 11.4350214004517 8.46761894226074 6.75391340255737 5.13316822052002 2.61060070991516 1.91721045970917 2.45779347419739 2.70374608039856 3.02280211448669 4.22478723526001 6.2572922706604 7.25217247009277
8.03655910491943 8.3336296081543 8.55501651763916 8.65032577514648 8.56463718414307 8.12214279174805 7.62786054611206 7.57068634033203 7.74736547470093 7.94325351715088 8.18472671508789 8.45711612701416 8.71417331695557 8.96724319458008 9.22005558013916 9.71103286743164 9.8886775970459 10.1286649703979 10.4199838638306 11.151123046875 11.8271026611328 12.5031032562256 12.5391302108765 12.8583564758301 11.8117570877075 11.7641868591309 12.1346645355225 12.8161935806274 13.953387260437 14.5235481262207 13.9823064804077 9.16143321990967 10.2132587432861 11.1160507202148 12.0414667129517 8.75407314300537 7.5176830291748 5.74682426452637 2.03106665611267 2.01181650161743 2.8397388458252 3.71319389343262 4.19125604629517 5.33508348464966 8.10050773620605
8.33614444732666 8.65682411193848 8.97711372375488 9.26624584197998 9.27813053131104 9.00739479064941 8.68174362182617 8.62239837646484 8.58119201660156 8.55086994171143 8.93795967102051 9.29108715057373 9.76232719421387 10.0418224334717 10.2795734405518 10.5254945755005 10.8994550704956 11.2834215164185 11.522985458374 11.6800889968872 11.9531774520874 12.6014537811279 13.4985370635986 13.455249786377 14.467493057251 13.4887218475342 13.1464509963989 14.7114953994751 15.3655052185059 15.647777557373 16.4168663024902 14.7266283035278 9.28409576416016 8.61888122558594 7.97560882568359 9.97340393066406 8.49242782592773 8.59330272674561 6.61341714859009 2.34008884429932 2.48220014572144 3.8657660484314 5.16331768035889 5.46633338928223 8.65611267089844
8.84885501861572 9.00702571868896 9.41489028930664 9.76856994628906 9.75548648834229 9.60277271270752 9.2430534362793 9.17505550384521 9.27670192718506 9.56748676300049 9.86964130401611 10.2512092590332 10.8319187164307 11.2912654876709 11.5915746688843 11.5942449569702 11.7545566558838 12.1987133026123 12.0924739837646 11.9679689407349 12.5244445800781 13.5052518844604 14.5200395584106 15.6134195327759 15.2618675231934 16.9460182189941 15.3973093032837 15.1231365203857 13.8035507202148 13.1165456771851 15.0119562149048 17.4422473907471 15.6795625686646 10.5019474029541 8.38404083251953 7.41851043701172 7.62178564071655 8.8280725479126 7.57988500595093 4.85346698760986 2.35772204399109 4.18077659606934 5.87690496444702 6.40130376815796 7.4569411277771
9.25738716125488 9.34938907623291 9.75184345245361 10.3302431106567 10.5522832870483 10.5769786834717 10.73401927948 10.8773002624512 10.78879737854 10.817985534668 10.9887981414795 11.2293262481689 11.5315895080566 12.0682849884033 12.4372310638428 12.5841417312622 12.5667562484741 13.1309423446655 13.4857997894287 13.4180393218994 13.8419742584229 14.8430690765381 15.725715637207 15.5362358093262 16.7504196166992 16.5131568908691 13.2844104766846 13.5788164138794 13.1274709701538 11.2972564697266 11.9748849868774 14.3030433654785 12.9132671356201 10.6751947402954 9.02305126190186 10.3816156387329 7.32026958465576 8.55150985717773 10.6109504699707 8.89491081237793 3.80010628700256 3.25167775154114 5.62584829330444 7.74791049957275 8.98955917358398
9.59477806091309 10.1541023254395 10.2610416412354 10.6598606109619 11.2682180404663 11.6024122238159 11.7253360748291 12.3567972183228 12.2002010345459 11.9482049942017 11.8141717910767 11.8547515869141 12.7805328369141 13.8013553619385 14.2207670211792 15.0202198028564 15.1079797744751 15.7076463699341 15.8746767044067 15.8599472045898 15.9361524581909 15.7719955444336 16.1633911132812 14.9304695129395 15.6443271636963 14.869255065918 8.9083423614502 9.83960247039795 11.0884122848511 10.0952062606812 9.78977203369141 10.1304969787598 6.96016311645508 3.32543921470642 5.87458372116089 6.77869558334351 6.75933742523193 6.80943250656128 11.9449996948242 14.2373561859131 11.9062347412109 5.48684787750244 4.62753343582153 8.19502735137939 11.8500938415527
9.93593120574951 10.6848068237305 11.2585172653198 11.2399015426636 11.5541667938232 12.2572107315063 12.702205657959 12.945333480835 13.6031675338745 13.1474361419678 12.9359445571899 12.9918165206909 13.533182144165 14.4516706466675 16.5746002197266 16.9368171691895 15.9189338684082 16.3428401947021 15.6946249008179 16.3830318450928 15.7889451980591 14.3685340881348 13.9969596862793 12.6192903518677 12.7292547225952 6.86405467987061 6.18509387969971 7.67936992645264 7.74011611938477 6.89644432067871 7.08227872848511 7.41603660583496 3.19853758811951 2.63629651069641 4.82323360443115 7.45734119415283 7.26979541778564 8.75185298919678 11.2503461837769 18.3068256378174 21.6090755462646 17.7779941558838 5.91801595687866 6.85580635070801 16.1040267944336
10.3852205276489 11.0283813476562 11.9030141830444 12.2894248962402 12.1705474853516 12.6881036758423 13.1010274887085 13.7632169723511 14.7559366226196 16.196117401123 15.3905401229858 14.8797206878662 14.8178243637085 15.5526008605957 16.4564933776855 14.6458072662354 13.7009315490723 13.8607120513916 13.0181245803833 13.1514472961426 13.3290395736694 12.1701889038086 11.0701637268066 10.7376613616943 8.21091365814209 5.15576934814453 5.78465795516968 6.67516851425171 7.94467163085938 7.72274017333984 4.75773000717163 4.35344314575195 3.63598799705505 3.66718864440918 5.7561821937561 7.29764747619629 10.6871938705444 12.106333732605 12.4799871444702 17.6153430938721 17.2334384918213 12.3846855163574 9.23614311218262 5.34432125091553 13.9217252731323
11.2985887527466 11.8067960739136 12.4235563278198 12.7873344421387 12.6682233810425 12.8676195144653 14.3887596130371 15.2580547332764 16.6404514312744 18.7294769287109 19.5972557067871 17.2832298278809 16.1595630645752 15.7869653701782 14.4607830047607 12.2268848419189 11.2196235656738 10.9292974472046 10.1354904174805 10.1138906478882 10.7724180221558 9.45367431640625 9.31498622894287 9.13460636138916 4.79150915145874 5.15150499343872 5.58294248580933 6.81462001800537 9.21841812133789 10.3987083435059 9.74303436279297 4.56076812744141 4.32642221450806 4.79632663726807 7.89794445037842 8.88839054107666 10.4860591888428 9.77416324615479 6.64316987991333 9.03010654449463 4.27961444854736 0.356498450040817 0.408118098974228 4.82319974899292 5.42782783508301
12.2703819274902 12.4538526535034 12.7689752578735 13.888521194458 14.4288997650146 14.1990079879761 14.2844591140747 16.5991725921631 17.0911121368408 19.3438758850098 19.1251544952393 15.5243377685547 14.5587606430054 13.5725374221802 11.714448928833 10.0893611907959 9.04258918762207 8.05444049835205 7.90160083770752 8.82124423980713 8.46919822692871 7.08796262741089 7.52936124801636 5.26383781433105 4.33135271072388 4.89520978927612 5.47265863418579 7.94569730758667 11.2272253036499 11.2193813323975 9.51704025268555 6.59205293655396 5.10044240951538 4.97665643692017 6.74104499816895 6.47128486633301 6.13075399398804 2.97987961769104 1.87158811092377 4.91673517227173 4.45122098922729 0.739014327526093 -0.225089088082314 0.839195370674133 2.55171060562134
13.6654920578003 14.8231077194214 14.7093200683594 14.9090013504028 15.7088441848755 15.5737361907959 14.9797143936157 15.2871828079224 19.1738109588623 17.8662662506104 14.6186962127686 10.9547824859619 11.1167211532593 10.9978799819946 9.88930606842041 8.350830078125 7.32924842834473 6.78220558166504 6.78115749359131 7.77377414703369 7.25077819824219 6.57149457931519 5.4410572052002 4.74437284469604 4.44449663162231 4.54136085510254 6.23325395584106 8.56894302368164 7.57938623428345 5.25738191604614 4.99534702301025 3.89302110671997 5.06814289093018 5.38861274719238 4.63761568069458 3.40567231178284 3.22804069519043 3.23373579978943 3.56932735443115 1.8283132314682 1.04252624511719 -1.11060547828674 -0.830975413322449 0.157982289791107 1.3561145067215
15.7270355224609 17.7871894836426 18.0715942382812 15.4781951904297 14.5808267593384 16.0891342163086 17.1567630767822 17.2010154724121 20.5238609313965 16.9938087463379 11.7748003005981 8.07462406158447 8.27657699584961 8.80863285064697 8.95306873321533 8.38872909545898 7.53444385528564 6.69561433792114 6.64157867431641 6.63686275482178 5.8006739616394 6.33983469009399 4.88431930541992 4.7194881439209 4.68107652664185 4.5200252532959 5.04470300674438 5.36700057983398 5.22816038131714 5.01012992858887 4.81444215774536 4.2171516418457 4.71949052810669 5.32213306427002 5.13575887680054 4.18034601211548 3.95433330535889 4.11957311630249 4.41058588027954 2.86568212509155 1.38557076454163 -1.17816925048828 -1.05268144607544 -0.445086270570755 0.840554773807526
16.7714805603027 20.8273162841797 17.8497619628906 15.0910215377808 14.3711938858032 16.1623210906982 17.6050071716309 17.1423358917236 15.1606531143188 8.68358898162842 6.24923229217529 4.96304035186768 4.8738112449646 5.54224061965942 5.97438812255859 5.69494485855103 6.16696166992188 6.11374044418335 5.83191013336182 5.58864593505859 5.27468013763428 6.27799940109253 4.69267416000366 4.92100858688354 4.91917276382446 4.87191152572632 4.65456438064575 5.20168304443359 5.55794620513916 5.65171718597412 5.55682516098022 5.33693552017212 5.51397943496704 6.24178457260132 6.21328973770142 6.54366302490234 6.65132236480713 6.17038154602051 5.47986364364624 5.05558729171753 3.97524499893188 4.63219165802002 1.47256910800934 -0.669155657291412 0.350771278142929
18.0395240783691 19.3060626983643 13.1263484954834 11.9770479202271 12.138671875 11.8490219116211 8.21066761016846 5.98845243453979 6.22002363204956 4.5431170463562 2.77685952186584 2.9728262424469 3.23183393478394 3.46193504333496 3.63637185096741 3.74879240989685 3.9366295337677 4.34627056121826 4.59642457962036 4.73707389831543 4.62371826171875 4.49618768692017 4.53648996353149 4.7824387550354 5.13974142074585 5.097731590271 4.99016427993774 4.92319393157959 5.60490989685059 6.32367658615112 6.7083854675293 7.11955547332764 8.41878414154053 9.23860645294189 9.01004219055176 9.10661029815674 11.9395332336426 11.4390830993652 9.70714092254639 9.34879684448242 8.51656723022461 8.46700286865234 5.1298360824585 3.02660226821899 0.747993230819702
17.5169429779053 14.4624309539795 10.5115537643433 9.11471843719482 6.44231081008911 4.78647661209106 3.47722339630127 2.66026043891907 2.28232765197754 2.59214639663696 2.7804388999939 2.94117832183838 3.06924962997437 3.30095839500427 3.55111885070801 3.68088316917419 3.86437940597534 4.01851034164429 4.17562484741211 4.04428243637085 4.10027360916138 4.40794849395752 4.57101678848267 4.75818538665771 5.05608654022217 5.39348649978638 5.27316188812256 4.85075998306274 5.55801630020142 7.23818111419678 8.46947193145752 9.34803009033203 11.8647089004517 15.4670057296753 14.8744258880615 14.2098846435547 14.623272895813 10.9903163909912 9.33907794952393 9.49359226226807 9.38791847229004 9.98604965209961 3.4667501449585 1.11122941970825 1.40868389606476
11.3056383132935 10.5939655303955 6.63560485839844 2.9335081577301 2.14265060424805 2.26135635375977 2.45894527435303 2.43740344047546 2.32133007049561 2.47785043716431 2.7428514957428 2.96175360679626 3.13996291160583 3.4306206703186 3.69801664352417 3.8322446346283 3.95818209648132 4.08312225341797 4.17725849151611 4.31527137756348 4.17447328567505 4.27202320098877 4.71213531494141 5.06936359405518 5.48988723754883 5.86423635482788 5.82237482070923 5.5666389465332 6.10383939743042 8.01248931884766 9.46880435943604 12.1661520004272 14.3581199645996 20.4428253173828 15.9243831634521 10.8539619445801 8.57753849029541 5.88716459274292 5.27373456954956 5.80289888381958 6.15571355819702 7.99963331222534 4.05090570449829 0.73845237493515 -0.334872990846634
