slauniainen/Data/DEM/Vihti_dsm1500b_cl_horizonAngle_18.asc
NCOLS 196 
NROWS 178 
XLLCORNER 353680 
YLLCORNER 6699024 
CELLSIZE 16 
NODATA_value -3.4e+38 
[rows 40 to 59 of 178, columns 92 to 137 of 196]
-0.397752553224564 -0.340975254774094 -0.0521830022335052 -0.670637369155884 -0.958119809627533 -0.964048027992249 -0.96904981136322 -0.97991007566452 -0.979363918304443 -0.550708115100861 -0.338270723819733 -0.876467883586884 -0.868569016456604 -0.933235466480255 -0.569566905498505 -0.886480331420898 -0.800691187381744 -0.952898621559143 -0.855945885181427 -0.835652649402618 -0.648990571498871 -0.442522972822189 -0.470564603805542 -0.967120587825775 -0.972332775592804 -0.871724903583527 0.179411664605141 -0.951282620429993 -0.905702948570251 0.597591817378998 0.978726506233215 1.17773592472076 0.979216337203979 0.555339992046356 0.843393683433533 0.341871380805969 -0.13614197075367 0.336406022310257 -0.142266795039177 -0.0767165273427963 0.174711093306541 -0.0603848956525326 -0.020460918545723 -0.122487284243107 -0.201558217406273 -0.235199049115181
-1.21444499492645 -0.107285872101784 -0.14733774960041 -0.802393615245819 -1.02588391304016 -1.0253244638443 -1.02648150920868 -1.02458119392395 -1.02924501895905 -0.413689017295837 -0.990584969520569 -1.01666057109833 -0.924385607242584 -0.726596534252167 -0.549266993999481 0.778853118419647 -1.01210904121399 -0.869338929653168 -0.839265108108521 -0.897244513034821 -0.636715829372406 -0.458975225687027 -0.49040099978447 -1.00908660888672 -0.898716151714325 -1.02663850784302 0.114458501338959 -0.989491105079651 -0.711319983005524 0.511758744716644 0.84527862071991 1.05438983440399 0.687403619289398 0.778044462203979 0.361242771148682 0.197280377149582 -0.254022717475891 0.189241036772728 -0.299986809492111 -1.57442653179169 0.00269446475431323 -0.184117168188095 -0.188587427139282 -0.253752380609512 -0.346195220947266 -0.387208074331284
31.7895736694336 -0.192779928445816 -0.213473126292229 -0.845057427883148 -1.08662283420563 -1.09190833568573 -1.08797299861908 -1.06295526027679 -1.07780063152313 -0.460888743400574 -1.08094120025635 -1.06989634037018 -0.942608177661896 -0.605781614780426 -0.0619646459817886 -0.72225421667099 -1.03988492488861 -1.04789125919342 -1.04539632797241 -0.86421012878418 -0.507771074771881 -0.48411238193512 -0.514297485351562 -1.04145920276642 -0.921712100505829 0.0603675618767738 -1.05600559711456 -1.05647432804108 0.368283361196518 0.407608389854431 0.885529696941376 0.703798711299896 0.602610349655151 0.648907721042633 0.0995026156306267 -0.246625751256943 -0.0841295346617699 -0.0386665351688862 -0.391629815101624 -1.71391844749451 -0.161411687731743 -0.294920027256012 -0.288270950317383 -0.353048354387283 -0.458298653364182 -0.517228603363037
-0.522042810916901 -1.56950032711029 -1.93465137481689 -1.16725134849548 -1.16114366054535 -1.16076707839966 -1.15109705924988 -1.0997496843338 -0.69031947851181 -0.501419544219971 -1.12270534038544 -0.984217584133148 -0.999099671840668 -0.644160091876984 -0.565507054328918 -1.0628205537796 -1.0689297914505 -1.08775162696838 -1.090900182724 -0.72040843963623 -0.513839244842529 -0.538911163806915 -1.07118904590607 -1.0720921754837 -0.924278020858765 -0.00295102805830538 -1.11311149597168 -1.11992728710175 0.282568037509918 0.610951364040375 0.781838893890381 0.616159081459045 0.308471530675888 0.527330875396729 -0.0217342209070921 -0.451852858066559 -0.274431616067886 -2.57185649871826 -1.67458462715149 2.68234658241272 -0.447558611631393 -0.431721031665802 -0.480309963226318 -0.558227479457855 -0.624281108379364 -0.606426656246185
-0.448309242725372 -1.80052328109741 -2.20168924331665 -2.32259297370911 -1.23555314540863 -1.22555482387543 -1.17789733409882 -1.21239697933197 -0.581097722053528 -1.08716607093811 -1.12178695201874 -1.02653729915619 -0.846769452095032 -0.697621583938599 -0.942013084888458 -1.10936594009399 -1.10912299156189 -1.13115036487579 -1.14383316040039 -0.747841238975525 -0.745971739292145 -0.931154906749725 -1.11454606056213 -0.940072417259216 -1.1310122013092 -0.0627444759011269 -1.12847006320953 -0.896188795566559 0.229263409972191 0.521699845790863 0.688840925693512 0.34552013874054 0.515617251396179 -0.185379654169083 -0.112895436584949 -0.762921631336212 -0.423311322927475 44.9908294677734 -1.83071076869965 6.7752366065979 -0.540207862854004 -0.532227337360382 -0.584533214569092 -0.689804494380951 -0.737972617149353 -0.690357446670532
23.9527015686035 47.0391464233398 42.5186195373535 -2.95126390457153 -1.69505202770233 -1.27515494823456 -1.22693204879761 -1.28419065475464 -0.652935564517975 -1.23632574081421 -1.16015160083771 -1.06535339355469 -0.781116783618927 -1.198371052742 -1.18475496768951 -1.17261624336243 -1.16787254810333 -1.17655289173126 -0.962444186210632 -0.78905713558197 -0.784861981868744 -1.17060816287994 -1.1709520816803 -1.00431191921234 -0.110713511705399 -1.1866694688797 -1.14794325828552 0.172587469220161 0.17327381670475 0.550461888313293 0.378876984119415 0.263730585575104 0.434338599443436 -0.106643952429295 -0.480801582336426 -0.804248452186584 30.9252777099609 15.6699953079224 12.3138303756714 -1.46162223815918 -0.65167373418808 -0.638923466205597 -0.684564352035522 -0.783404111862183 -0.824049413204193 -0.789658844470978
-1.28993737697601 22.5946979522705 3.25571227073669 37.820629119873 13.7897052764893 -2.80021643638611 -1.28370678424835 -0.894178092479706 -0.719845235347748 -1.29287791252136 -1.11528956890106 -1.14488780498505 -0.836455583572388 -1.25969052314758 -1.25723516941071 -1.24883925914764 -1.24401748180389 -1.24348926544189 -0.828800916671753 -0.807344555854797 -1.2261176109314 -1.24448430538177 -1.24664092063904 -1.05111789703369 -0.168926134705544 -1.23216283321381 -1.17184281349182 0.124216437339783 0.396849095821381 0.487582236528397 0.307704836130142 -0.00215292884968221 0.374338090419769 -0.1547000259161 -0.905089378356934 -0.504820883274078 22.2140102386475 18.16477394104 1.07940351963043 3.57126975059509 -0.754555344581604 -0.803057312965393 -0.884819388389587 -0.916033864021301 -0.885824382305145 -0.86504065990448
9.68534469604492 16.1353435516357 20.9017772674561 27.5396747589111 -1.47348296642303 48.4456329345703 -1.4297411441803 -0.790064752101898 -1.24436140060425 -1.25970590114594 -1.15785992145538 -0.996936559677124 -0.884741365909576 -1.3115793466568 -1.3177182674408 -1.31972849369049 -1.31660985946655 -1.30261611938477 -0.843682765960693 -1.27550935745239 -1.29643571376801 -1.30725657939911 -1.0891010761261 -1.29931724071503 -0.228752195835114 -1.19786322116852 -0.945355355739594 0.106066353619099 0.358740895986557 0.458828657865524 0.106112688779831 0.217573240399361 -0.281802177429199 0.460683941841125 -0.410243958234787 -0.537516057491302 17.04567527771 9.00764465332031 5.07323741912842 11.9925832748413 -0.799201428890228 -0.847452282905579 -0.931244969367981 -0.94858980178833 -0.935835480690002 -0.927863836288452
15.6778717041016 -2.24361371994019 13.5058898925781 4.42624616622925 27.0151081085205 1.01557004451752 -0.228646203875542 -0.824391782283783 -1.41744017601013 -1.28804051876068 -1.19792747497559 -0.921474575996399 -1.360515832901 -1.36329853534698 -1.37231016159058 -1.37963807582855 -1.37436461448669 -1.06983065605164 -1.14103186130524 -1.34466123580933 -1.33217525482178 -1.34599792957306 -1.11661899089813 -0.290258824825287 -1.3356921672821 -1.22205054759979 0.0600312501192093 0.0731586143374443 0.425995618104935 0.225446954369545 0.0598778463900089 0.147890895605087 -0.258938610553741 0.3163141310215 1.13209009170532 13.6026458740234 6.12898635864258 10.4264841079712 6.15531301498413 -1.14045286178589 -0.829025149345398 -0.888458669185638 -0.974514722824097 -0.997839033603668 -1.00405013561249 2.73089528083801
29.2454166412354 -2.85530042648315 28.0717487335205 2.13386106491089 19.9272613525391 -0.428319841623306 -0.945852696895599 -0.619269132614136 -1.45125448703766 -1.22793781757355 -1.26622867584229 -0.966408491134644 -1.40997064113617 -1.41726064682007 -1.42737281322479 -1.430300116539 -1.42147505283356 -1.17424690723419 -1.24425280094147 -1.36366081237793 -1.40401875972748 -1.37802720069885 -1.14806234836578 -0.340381950139999 -1.36475336551666 -1.25153851509094 -0.234184980392456 0.281430333852768 0.379521280527115 0.188038870692253 -0.164079338312149 0.107676237821579 -0.312056183815002 -0.939012289047241 1.58807098865509 11.7361040115356 7.95183801651001 10.0756177902222 6.96675777435303 4.72490882873535 -0.9315465092659 -1.02342355251312 -1.06098067760468 -1.06435096263885 -1.06350421905518 1.99582052230835
27.9280071258545 39.8911781311035 -1.55848944187164 4.29677104949951 12.9866046905518 -1.64312326908112 -0.846148729324341 -1.18814599514008 -1.00557374954224 -1.24044978618622 -1.09653759002686 -0.995908915996552 -1.46261656284332 -1.46260130405426 -1.25046372413635 -1.48053073883057 -1.47794377803802 -1.24253296852112 -1.4479044675827 -1.38117063045502 -1.3977427482605 -1.17204141616821 -1.44744002819061 -0.390509039163589 -1.28474819660187 -1.03538978099823 -0.196094363927841 0.116051137447357 0.33408311009407 -0.209775254130363 0.069525271654129 -0.45684027671814 -0.334642440080643 -0.84201443195343 1.11861252784729 10.3922462463379 7.03295993804932 2.57620239257812 -1.52777016162872 -1.88116943836212 -0.799394428730011 -1.09963941574097 -1.12675082683563 -1.136070728302 -1.13190603256226 1.43405723571777
33.1764717102051 27.2663230895996 23.023063659668 11.6055583953857 -2.15984320640564 5.66400337219238 -0.734136879444122 -1.04445242881775 -1.01417720317841 -0.769511163234711 -1.00758099555969 -1.47183847427368 -1.49520492553711 -1.39917767047882 -1.50614953041077 -1.52536344528198 -1.42042922973633 -1.26807403564453 -1.46501934528351 -1.38850069046021 -1.40272617340088 -1.18428695201874 -0.420191437005997 -1.42208170890808 -1.29443120956421 -1.45601582527161 -0.796810686588287 0.285941749811172 -0.372236609458923 -0.665279805660248 -0.630694031715393 -0.358138024806976 -0.61593496799469 -0.501369893550873 8.82193946838379 4.66781091690063 6.29931163787842 15.5221366882324 28.7061023712158 38.3337707519531 -0.327982097864151 -1.10900223255157 -1.20177960395813 -1.21442377567291 0.982898116111755 -1.24017286300659
25.5669612884521 18.5372676849365 13.0948801040649 10.0589838027954 28.4517688751221 -0.972533881664276 -0.631876170635223 -0.576134383678436 -0.866700112819672 -0.908994615077972 -0.391145199537277 -1.21066915988922 -1.34660232067108 -1.53188145160675 -1.07017886638641 -1.13306260108948 -1.45018768310547 -1.18696403503418 -1.31881487369537 -1.44924139976501 -1.41148066520691 -1.19458436965942 -0.446273624897003 -1.2925169467926 -1.30019426345825 -1.48418891429901 -0.929458737373352 -0.493955910205841 -0.900701582431793 -0.67173433303833 -0.674851059913635 -0.638008296489716 -0.899216175079346 -0.365508675575256 7.83200597763062 5.5475435256958 9.26095581054688 8.70825481414795 20.6698703765869 1.29183423519135 0.0773045942187309 -0.0605564340949059 0.000792301958426833 -0.421114563941956 0.790830910205841 -1.27671420574188
7.30697059631348 14.0392026901245 1.98281061649323 14.4820384979248 1.45578444004059 -0.85797917842865 -0.702873170375824 -0.655246138572693 -0.580669164657593 -0.802635252475739 -0.631643831729889 -0.854680120944977 -0.952027082443237 -0.858080804347992 -0.687125504016876 -0.763528943061829 -1.34161376953125 -1.35152971744537 -1.28993988037109 -1.40679228305817 -1.21981251239777 -1.57548642158508 -0.489394843578339 -1.31382811069489 -1.53543031215668 -1.52046966552734 -1.0152485370636 -1.0665727853775 -0.987306356430054 -0.927806437015533 -0.730426728725433 -0.841145634651184 -0.774414300918579 -0.426025062799454 7.03532981872559 4.84689331054688 0.220329374074936 -1.95501244068146 15.0575399398804 1.18521761894226 0.977954685688019 1.10935723781586 0.659330010414124 0.0519913844764233 0.6563640832901 -0.947594940662384
34.071647644043 -1.56610202789307 8.08882999420166 10.1089973449707 0.787818908691406 -0.880608737468719 -1.10158550739288 -1.00737345218658 -0.745281219482422 -0.478839755058289 -0.57534247636795 -0.603184819221497 -0.768705546855927 -0.966955363750458 -0.866101503372192 -1.63860011100769 -2.59890484809875 -2.50438404083252 -2.59764695167542 -2.7451183795929 -2.91164541244507 -1.77775037288666 -1.4783524274826 -1.33620238304138 -1.53883898258209 -1.03759872913361 -1.28673124313354 -1.06101596355438 -1.03393507003784 -0.943613052368164 -0.745432019233704 -1.06178641319275 -0.790625393390656 6.07912302017212 3.04945349693298 4.34487152099609 0.259624630212784 39.2882041931152 11.7097721099854 1.53480863571167 1.64047598838806 1.29609417915344 0.511390030384064 0.611697971820831 -0.434856206178665 -0.593674004077911
6.77064037322998 -0.794250965118408 1.30898904800415 -2.2597324848175 -0.779144108295441 -0.914754390716553 -1.34470701217651 -1.18298482894897 -1.25599253177643 -1.02226722240448 -0.721648991107941 -0.753056764602661 -0.983057677745819 -0.988105058670044 -1.01544630527496 -1.67543601989746 34.9862022399902 18.9915027618408 2.18853521347046 22.9666862487793 29.3889980316162 31.1404228210449 -2.0429801940918 -1.49488282203674 -1.95197439193726 -1.57248044013977 -1.30587124824524 -1.14046168327332 -1.0040910243988 -0.959479987621307 -0.766369640827179 -1.0705338716507 -0.576547563076019 5.56275987625122 3.68062996864319 13.8972902297974 7.20261764526367 9.04964923858643 0.831589818000793 1.11510109901428 1.37189209461212 1.08177590370178 0.599104404449463 0.547352254390717 -0.365741163492203 -0.521965980529785
21.4105815887451 14.5938320159912 3.05126953125 4.12831020355225 -1.60210776329041 -0.752329409122467 -1.37246108055115 -1.31315457820892 -1.17447113990784 -1.06040191650391 -1.22533106803894 -1.1495178937912 -1.09537506103516 -1.01521563529968 -0.293498486280441 17.9642391204834 15.2799367904663 6.436842918396 12.9319820404053 23.2846546173096 22.1337184906006 14.6767158508301 22.2094917297363 -2.21373677253723 7.13408184051514 16.7597141265869 -1.03457927703857 -0.963840007781982 -0.976960062980652 -0.80504584312439 -1.06994986534119 -1.0845752954483 -0.598514974117279 5.06677532196045 3.30261826515198 13.4765567779541 0.709348618984222 7.5296425819397 0.680368483066559 0.837713122367859 0.952171683311462 0.687650799751282 0.516987442970276 0.493660241365433 -0.0311197880655527 -0.0796260461211205
30.1926765441895 23.9165363311768 36.4692649841309 16.2738666534424 -1.80854988098145 -2.55198621749878 -2.42161870002747 -1.47813141345978 -1.22178590297699 -1.55102860927582 -1.47201180458069 -1.2273188829422 -1.22048568725586 -1.10272109508514 -1.81911277770996 11.8240976333618 6.52005624771118 3.54567408561707 20.6300029754639 16.1581211090088 15.2001171112061 8.14659690856934 -0.42340350151062 2.15172958374023 8.39514064788818 -1.95906400680542 -1.1429363489151 -1.08856070041656 -0.978352725505829 -0.814005851745605 -1.11678087711334 -1.07356798648834 4.39035177230835 2.0238733291626 2.95819711685181 12.1097478866577 15.3650598526001 6.43168830871582 0.501136541366577 0.659771025180817 0.621784090995789 0.413617014884949 0.536072790622711 0.568488717079163 0.482125461101532 0.206877902150154
25.70654296875 8.82140064239502 24.3476371765137 12.9126329421997 -1.83833694458008 -2.63279795646667 -3.16057538986206 -3.06895065307617 -2.15851235389709 -2.83442044258118 -1.68966400623322 -1.67266952991486 -1.34925425052643 -1.21543598175049 -2.88128447532654 8.77584266662598 3.65655469894409 24.1505432128906 10.1648559570312 11.8842029571533 10.9702234268188 4.88278532028198 7.36307668685913 -2.2327709197998 -1.34470963478088 7.55322074890137 -1.15663278102875 -1.01131963729858 -0.979628622531891 -0.825602829456329 -1.1268630027771 -0.684809327125549 4.00233459472656 2.45016646385193 4.77448511123657 17.3573799133301 2.01705718040466 0.196626096963882 0.313220590353012 0.447983413934708 0.406651794910431 0.238257765769958 0.483182728290558 0.682257235050201 0.635467708110809 0.419339925050735
10.5267667770386 42.6563034057617 14.4733743667603 10.4768648147583 16.5291500091553 -3.46298170089722 -3.71604681015015 -3.1902916431427 0.976884663105011 17.4116897583008 -2.0131413936615 -1.98104298114777 -1.54032504558563 0.135467976331711 41.5325965881348 0.930992126464844 13.622670173645 1.20960474014282 8.85543632507324 8.39986896514893 1.88656330108643 2.6559054851532 -3.13135957717896 -3.37671732902527 -2.36366128921509 -2.33008289337158 -2.98519444465637 -2.70164084434509 -0.837846040725708 -1.09941005706787 -0.964632093906403 -0.694879651069641 3.68820142745972 2.21968841552734 4.55749893188477 4.07124757766724 -0.621206521987915 0.145833432674408 0.291489124298096 0.301434814929962 0.266722321510315 0.169859901070595 0.435002416372299 0.50238174200058 0.524097859859467 0.432614296674728
