slauniainen/Data/DEM/Vihti_dsm1500b_cl_horizonAngle_168.asc
NCOLS 196 
NROWS 178 
XLLCORNER 353680 
YLLCORNER 6699024 
CELLSIZE 16 
NODATA_value -3.4e+38 
[rows 20 to 39 of 178, columns 46 to 91 of 196]
-4.14162683486938 -1.82932794094086 -4.18785905838013 -3.56683254241943 -3.39522933959961 -3.60939836502075 -3.45798397064209 -3.19719386100769 -2.72005438804626 0.814808487892151 -0.887255609035492 -0.411773681640625 3.14661264419556 11.7296123504639 -2.86823582649231 -3.37027049064636 -3.2777738571167 5.25133848190308 -0.472687542438507 12.094033241272 -1.80354452133179 -1.8827850818634 -1.5387716293335 -1.41940546035767 -0.709806442260742 9.15493297576904 -0.507978320121765 25.9736595153809 6.47535848617554 0.850678145885468 0.996099829673767 1.36007559299469 1.22263133525848 0.96131694316864 1.27026319503784 1.1920028924942 1.12210130691528 1.00837755203247 1.81951856613159 1.81553685665131 2.82585096359253 3.01497721672058 2.99965786933899 3.3791811466217 3.87753176689148 3.5082323551178
-3.95715856552124 -3.91186594963074 -3.44664645195007 -3.13070869445801 -3.11112713813782 -3.44040393829346 -3.07431888580322 -2.96919703483582 -2.23793482780457 -2.22829627990723 -1.77383482456207 17.473934173584 11.6027402877808 -2.26930522918701 -2.67890858650208 -3.20087361335754 -2.90440011024475 -2.75339412689209 -2.25028204917908 -2.05683875083923 6.00454092025757 -1.19910645484924 -1.10532879829407 6.06906127929688 8.76663780212402 4.12859296798706 2.25142312049866 -0.341168880462646 38.697998046875 1.0264812707901 1.10892748832703 1.46652042865753 1.3213495016098 1.06377303600311 1.37468779087067 1.3333477973938 1.28350687026978 1.11694478988647 1.97670388221741 1.97524964809418 2.52297902107239 3.17343544960022 3.16458511352539 3.10837531089783 4.00637578964233 3.56851077079773
-3.3771185874939 -3.42353320121765 -2.98078370094299 -2.48422408103943 -1.67770731449127 -0.45972815155983 0.838244795799255 -2.1423602104187 -1.77175736427307 1.71784043312073 -1.27937650680542 32.7417221069336 -2.07882118225098 -1.61350119113922 -2.02341103553772 -2.55658173561096 -2.35322904586792 -2.22865581512451 -2.11576008796692 -1.55805349349976 -1.38205993175507 -0.737647235393524 -1.05700147151947 7.24221277236938 -0.537177324295044 -0.676369726657867 -0.494320034980774 0.866407632827759 -0.280359148979187 1.753582239151 1.25413703918457 1.6209944486618 1.35023665428162 1.54165136814117 1.47305679321289 1.40636253356934 1.38289177417755 1.26317262649536 1.88244128227234 2.14116597175598 2.14138627052307 3.34509181976318 3.38557291030884 3.29670977592468 4.17502164840698 3.65361261367798
-2.7353093624115 -2.72578954696655 -1.99178493022919 -1.85077059268951 0.916698694229126 1.81382167339325 0.694329261779785 1.58347761631012 -0.233376801013947 -1.69349634647369 5.26338052749634 -1.92370772361755 12.9698905944824 -1.57704925537109 -1.57179164886475 -1.38595235347748 -1.65202963352203 -1.8154194355011 -1.82687187194824 -1.1337765455246 -0.99494206905365 14.1472826004028 -0.913750052452087 -0.608141481876373 -0.275165230035782 3.58564424514771 0.0839727446436882 2.39851689338684 2.25414824485779 2.07548713684082 1.4145200252533 1.82388925552368 1.45913982391357 1.60743045806885 1.55007266998291 1.52039444446564 1.50392961502075 1.35669457912445 1.17836916446686 2.26418733596802 2.28433752059937 3.52335929870605 3.15232443809509 3.70035481452942 4.40352296829224 3.76216387748718
-2.62653279304504 -2.09985518455505 -1.57020425796509 0.415818482637405 5.31900930404663 17.5238800048828 4.00808715820312 4.32502841949463 0.785896897315979 6.90498447418213 20.9051055908203 8.56846332550049 -1.31141185760498 1.63663244247437 -0.915737211704254 5.66693592071533 9.335862159729 -0.825669229030609 -0.811096787452698 19.5739974975586 -0.865401804447174 1.01528334617615 -0.846631824970245 -0.566157698631287 0.0447901450097561 0.0107515575364232 2.93947553634644 2.87522912025452 2.6734082698822 2.34240031242371 1.52382910251617 1.64776742458344 1.94506907463074 1.73032987117767 1.65988194942474 1.62516677379608 1.56657683849335 1.36092174053192 1.45751821994781 2.41025018692017 2.43146848678589 3.6282525062561 3.79267358779907 3.98247289657593 3.92134571075439 4.80038928985596
-2.31859922409058 0.764481544494629 5.05991268157959 7.70709705352783 9.13854885101318 9.37736415863037 17.4917964935303 6.27120971679688 4.3501296043396 1.46480822563171 -1.58632147312164 8.94920825958252 25.9201622009277 5.55830860137939 -0.683300077915192 13.3443641662598 17.513744354248 0.427515476942062 -0.757502317428589 -1.11018943786621 -0.547961533069611 -0.646311640739441 -0.586636126041412 -0.0492348670959473 2.15447878837585 2.3392391204834 4.07840490341187 3.45299863815308 3.11191058158875 2.60713195800781 1.72791171073914 1.81011271476746 2.12657999992371 1.84802711009979 1.46407067775726 1.7778332233429 1.65714228153229 1.51483583450317 1.57080137729645 2.58417201042175 2.60311818122864 3.26776766777039 4.00979137420654 4.27269172668457 3.87791061401367 5.07598924636841
-1.49038803577423 8.24601078033447 13.0979385375977 7.29473495483398 16.2177867889404 29.4407386779785 8.78887367248535 14.2416334152222 7.87843465805054 16.7066879272461 3.98603200912476 3.68638181686401 -1.00994467735291 7.18953084945679 6.23285627365112 -1.12658095359802 -1.28048670291901 -0.810304582118988 -0.532149791717529 -0.397530287504196 1.53119337558746 -0.327569365501404 -0.157381072640419 0.380161672830582 2.20568704605103 8.86999797821045 4.95516347885132 4.4368782043457 3.57604217529297 2.9075562953949 2.01424312591553 2.00174307823181 2.30813026428223 1.8337916135788 1.9938896894455 1.86855101585388 1.80356931686401 1.66746723651886 1.70871686935425 2.58623218536377 2.85160827636719 2.85584449768066 4.23068618774414 4.55499124526978 4.13835144042969 5.38621807098389
5.68039798736572 20.027774810791 8.57790470123291 11.0865707397461 7.53458976745605 9.89862632751465 23.5643901824951 11.9995861053467 3.56432437896729 -1.57525610923767 6.6970911026001 -1.37219154834747 11.3646211624146 -0.79164183139801 28.8460578918457 2.4052197933197 -0.110423810780048 2.51622128486633 3.51933026313782 6.01322031021118 5.35474014282227 0.675796031951904 1.113041639328 3.24023008346558 5.85957622528076 13.219126701355 11.7983064651489 5.23406600952148 4.69299125671387 3.46234345436096 3.03533363342285 2.21432995796204 2.53668141365051 1.99845910072327 2.15926790237427 1.97362816333771 1.9035952091217 1.77755081653595 1.87242925167084 2.80267333984375 3.04522204399109 3.05018424987793 4.46162462234497 4.83102607727051 4.83465957641602 5.69836521148682
-1.71628606319427 1.02905571460724 15.7784261703491 10.5332231521606 15.5162982940674 -0.553441226482391 2.09325337409973 11.1968698501587 23.0337619781494 10.3623924255371 -0.885285973548889 -1.21584832668304 -0.914665222167969 -0.788560509681702 -0.740908741950989 -0.0591192729771137 2.17097210884094 3.6128261089325 17.0376529693604 5.6513090133667 14.0014886856079 2.32793831825256 6.11586952209473 21.4309577941895 16.2041778564453 14.8166799545288 23.983003616333 5.93376111984253 5.24912595748901 4.3786678314209 3.3135712146759 2.2843120098114 2.7601842880249 2.17666220664978 2.33010196685791 2.11037707328796 2.08417749404907 1.98384642601013 2.07715177536011 1.87204885482788 3.23914980888367 3.31710863113403 4.7207179069519 4.73333692550659 5.24848747253418 6.01362371444702
-1.34661054611206 8.22565650939941 23.1490249633789 17.0852527618408 -0.231924638152122 7.04498434066772 2.22912263870239 18.6979942321777 16.5317687988281 15.0222721099854 -1.39555776119232 6.41170024871826 -0.176131024956703 -0.464187026023865 -0.00687015103176236 3.62188100814819 4.39784955978394 15.8555812835693 8.698166847229 0.835064172744751 4.30625486373901 23.4209461212158 37.2575225830078 41.4154357910156 20.8879795074463 15.8751621246338 18.4422149658203 8.15558052062988 5.99761390686035 4.94798421859741 3.58446168899536 2.48974442481995 2.61331677436829 2.97830152511597 2.50394058227539 1.97069990634918 2.28542757034302 2.17844319343567 1.89415347576141 2.33606362342834 3.4230649471283 3.55646657943726 5.0487847328186 4.96602344512939 5.56380414962769 5.05000972747803
0.984585464000702 7.04431390762329 2.11525917053223 -2.50675654411316 -2.40859341621399 -2.64741373062134 -2.61580872535706 0.762870669364929 -2.5560896396637 -1.63406598567963 -1.2756472826004 0.265086799860001 16.3839282989502 -0.327726036310196 9.55070304870605 16.8147201538086 7.32222270965576 2.08367490768433 0.676462173461914 18.4146156311035 26.0701675415039 43.0232620239258 5.05433988571167 1.31067931652069 3.71340799331665 7.98180913925171 1.72049760818481 8.93355751037598 8.02431774139404 5.70034790039062 3.92578983306885 2.73187923431396 2.82161402702332 3.20708918571472 2.68354272842407 2.10578513145447 2.41663908958435 2.33476495742798 2.05275511741638 2.52141523361206 3.65681958198547 3.81767439842224 4.48353004455566 5.6280369758606 5.93847608566284 5.37069940567017
1.05845236778259 -1.08198940753937 4.6491494178772 5.54928016662598 -2.30165886878967 -2.40883564949036 0.730774223804474 -2.95556044578552 5.1546459197998 -1.57533037662506 -0.446629226207733 0.969500064849854 29.5045108795166 -0.0100906044244766 0.108562499284744 -0.0462906807661057 19.6578464508057 7.92245531082153 20.3701953887939 36.1839485168457 14.0843868255615 0.667468726634979 45.2568664550781 6.21045589447021 10.325177192688 21.7123546600342 38.9067153930664 16.0890884399414 9.72993659973145 7.91123008728027 4.41652631759644 3.23563933372498 3.06856989860535 3.44063138961792 2.72226476669312 2.89134335517883 2.55086970329285 2.44307804107666 2.24710249900818 2.70958065986633 3.92661261558533 4.13582944869995 3.94414758682251 6.19999885559082 6.41320037841797 5.7686128616333
-1.70589685440063 -1.0128927230835 -2.09093761444092 -2.04657936096191 -2.19186949729919 11.440465927124 -2.40968465805054 -2.18413043022156 10.7708377838135 13.860897064209 0.661131262779236 3.91948223114014 -0.862421154975891 0.116825699806213 2.44604206085205 8.01925754547119 1.64504063129425 23.405574798584 37.683032989502 7.02352285385132 2.97386121749878 1.23425495624542 0.797640204429626 50.7171630859375 47.1298980712891 5.58273601531982 5.84255981445312 19.7204551696777 11.8846664428711 9.51021957397461 7.46524524688721 4.76027631759644 3.36924457550049 3.72681140899658 2.92459797859192 3.10160899162292 2.7178590297699 2.57665824890137 2.48099970817566 2.90965104103088 4.24464654922485 4.49398612976074 4.20942974090576 6.84347724914551 6.92693090438843 7.0475492477417
-1.17465877532959 -0.920132279396057 -1.99809384346008 -2.41687178611755 -1.81001281738281 -2.5137460231781 -2.32205200195312 -1.64662766456604 -2.33840847015381 -1.47849249839783 4.4716477394104 -0.15324655175209 1.91122472286224 6.52154636383057 5.97578001022339 7.82235908508301 23.3378238677979 42.4876823425293 2.45577359199524 1.95400786399841 3.90491843223572 12.2683448791504 42.4173164367676 0.0270517487078905 1.28599035739899 45.6985702514648 10.4409484863281 30.8571872711182 14.9725379943848 11.4790067672729 8.95796775817871 5.3606390953064 3.73319005966187 4.10022830963135 3.17825937271118 3.3334105014801 2.8953697681427 2.90907883644104 2.5911238193512 3.13337659835815 2.77612042427063 4.75185918807983 4.99048328399658 7.63544893264771 6.6898078918457 7.70763301849365
-0.709876239299774 -0.758475959300995 -0.764332115650177 -1.69927620887756 -1.98318481445312 -1.80950748920441 -1.46392941474915 -1.34158790111542 -1.74518370628357 -1.1689635515213 2.65619206428528 16.336877822876 -0.233296781778336 21.988302230835 14.9677133560181 13.4463224411011 44.3295783996582 1.30757510662079 3.14154458045959 2.33193230628967 38.2469520568848 48.3491172790527 10.2769041061401 3.93464207649231 1.34512877464294 1.9315847158432 52.0981025695801 1.32054543495178 29.4917697906494 14.33287525177 10.7969989776611 6.14784145355225 4.30289077758789 4.20340776443481 4.52739763259888 3.6143262386322 2.84679079055786 3.12631773948669 2.94384598731995 2.50183892250061 3.56457805633545 5.19283294677734 5.45911931991577 7.1200065612793 8.81821727752686 8.43556785583496
-0.451614618301392 -0.523769021034241 -0.389068990945816 -0.83379864692688 -1.14063823223114 -0.604211390018463 -0.727408885955811 -0.752392888069153 1.28526079654694 -0.661046743392944 -0.313684046268463 12.4730892181396 11.7122716903687 3.76603078842163 34.0932884216309 25.7535076141357 0.543288588523865 7.80347156524658 35.2844467163086 47.5421752929688 6.63316488265991 0.832729935646057 1.15879487991333 2.11080813407898 2.99688458442688 2.54346919059753 0.0786507800221443 46.8757781982422 37.1435394287109 27.8804225921631 13.3793458938599 7.42112827301025 5.78591251373291 4.80361843109131 5.08914422988892 3.97526836395264 3.09718751907349 3.36337327957153 3.14252185821533 2.65575957298279 3.83879780769348 5.67020320892334 5.9482045173645 6.2862696647644 10.11545753479 9.2824592590332
-0.200762540102005 -0.072083942592144 -0.100728206336498 -0.146352589130402 -0.406268566846848 0.0745492428541183 0.840570151805878 2.41476511955261 2.989590883255 11.3693523406982 6.44930267333984 -0.381547421216965 43.7530632019043 41.2635154724121 5.39902019500732 13.9441814422607 47.9820251464844 46.6283111572266 24.262544631958 2.95402431488037 8.45963668823242 20.5962238311768 8.23929023742676 8.97834873199463 10.4458103179932 12.0688314437866 4.56812381744385 5.24118137359619 0.279326945543289 47.6176490783691 27.6012840270996 8.9707088470459 8.22621154785156 6.06139087677002 5.7916407585144 4.38477802276611 4.4444580078125 3.6337833404541 3.38262248039246 2.96696805953979 4.1290225982666 6.14446783065796 6.45588207244873 5.54373216629028 11.7477111816406 10.1084966659546
0.742913722991943 8.12744808197021 1.01169013977051 11.8831491470337 -0.0436312407255173 0.12277352809906 5.26113748550415 1.39505469799042 18.3245487213135 49.277400970459 47.48486328125 36.9994850158691 0.0991201028227806 0.372009247541428 13.4086561203003 50.4996490478516 5.62403011322021 9.02389335632324 2.93989682197571 17.2892227172852 10.3992729187012 2.18095970153809 13.6616802215576 9.6969747543335 19.9304847717285 17.9911403656006 0.435345888137817 0.306814312934875 11.3162269592285 1.29445028305054 47.7941780090332 27.197696685791 9.84950542449951 7.42759895324707 6.91873216629028 5.01209115982056 4.97849273681641 3.97873187065125 3.66451382637024 3.28517937660217 4.51909637451172 3.63885164260864 6.83566379547119 7.1591682434082 13.8437242507935 11.9432334899902
6.65292739868164 13.530797958374 8.34830188751221 46.4779624938965 47.976936340332 38.2004013061523 34.5048065185547 39.6309394836426 36.1766700744629 -0.689624488353729 -0.152808770537376 4.03959274291992 13.2730731964111 49.0946044921875 0.346729725599289 0.581453323364258 6.21589517593384 1.78232145309448 13.0392589569092 4.02155542373657 3.20935797691345 1.92724394798279 16.0497589111328 20.5697689056396 5.92179012298584 0.090240053832531 1.68905758857727 2.54842519760132 0.841613590717316 2.51916861534119 1.32791817188263 47.2134246826172 12.1373376846313 9.15461254119873 8.25277042388916 7.97187995910645 5.63826942443848 4.35398578643799 4.44656562805176 3.52950644493103 3.05055785179138 5.02415323257446 7.64490747451782 7.90820169448853 17.1221809387207 14.6297903060913
8.88993644714355 14.747013092041 23.6361427307129 0.246752798557281 -0.0972635373473167 1.47937750816345 7.42255973815918 0.856427073478699 7.99005746841431 1.08913373947144 10.0675668716431 50.3640670776367 0.305299788713455 2.91626739501953 1.20136761665344 0.665290474891663 0.233322560787201 6.40417146682739 1.73033928871155 1.36033987998962 -0.115944184362888 0.366815775632858 3.8633246421814 5.25680017471313 0.126877292990685 0.11898809671402 2.2800624370575 3.17579507827759 0.64631062746048 6.61412477493286 5.94965553283691 2.90930509567261 22.5067920684814 11.6066160202026 10.0127477645874 9.60595512390137 6.86932992935181 4.8919677734375 5.02456092834473 4.47625923156738 3.31081295013428 5.89941358566284 9.00808715820312 9.07717800140381 8.28396797180176 24.7558307647705
