slauniainen/Data/DEM/Vihti_dsm1500b_cl_horizonAngle_132.asc
NCOLS 196 
NROWS 178 
XLLCORNER 353680 
YLLCORNER 6699024 
CELLSIZE 16 
NODATA_value -3.4e+38 
[rows 100 to 119 of 178, columns 0 to 45 of 196]
11.3254985809326 12.3503398895264 35.3483848571777 8.66393947601318 6.17291402816772 0.0772227719426155 0.0336082391440868 0.923316121101379 3.77792906761169 4.80162239074707 7.50382328033447 10.7375059127808 6.97027540206909 4.63294363021851 4.05375480651855 4.36020660400391 5.17438077926636 6.07597303390503 6.73842000961304 7.1995210647583 6.53113698959351 5.99130535125732 5.96363878250122 3.41749787330627 3.41359329223633 3.27216267585754 3.26025199890137 3.15836811065674 3.11236238479614 1.88759136199951 2.16753554344177 3.95671224594116 3.79386305809021 3.25148034095764 12.4988164901733 18.0446872711182 25.2096633911133 42.7420959472656 10.491720199585 1.60321640968323 0.850903153419495 31.8870315551758 41.3980178833008 42.4520492553711 38.704288482666 0.979583561420441
7.16599225997925 9.18042945861816 14.9069881439209 3.45547318458557 -0.0786666795611382 -0.0834372118115425 0.197614282369614 0.61938089132309 3.5327262878418 4.23937273025513 6.48194408416748 10.4668388366699 16.2587299346924 9.41548252105713 5.05604362487793 4.3251256942749 4.63561058044434 5.73936700820923 6.6330189704895 7.41575384140015 7.94030666351318 7.17053508758545 6.67222595214844 6.60126447677612 3.51385617256165 3.50002121925354 3.34643983840942 3.32314348220825 3.21430349349976 3.15960764884949 1.91948294639587 2.26743197441101 4.24930953979492 4.05333709716797 3.44290399551392 15.7193260192871 24.5685920715332 41.2585105895996 11.3569068908691 0.267262548208237 0.816343605518341 3.16697788238525 1.89927768707275 1.33412230014801 12.4772729873657 11.7872314453125
5.01737546920776 6.73004388809204 9.18875598907471 19.241361618042 2.48667597770691 3.14081859588623 1.68971300125122 3.32140398025513 0.73279994726181 3.86284208297729 4.48296928405762 9.15322399139404 16.0933780670166 30.4394950866699 14.1565217971802 5.56145715713501 4.61138391494751 5.04306840896606 6.45356035232544 7.31818008422852 8.26590061187744 8.77017021179199 7.94779205322266 7.46190118789673 7.33951282501221 3.60660719871521 3.6221387386322 3.58840775489807 3.42713570594788 3.38973450660706 3.3272271156311 2.02607011795044 2.43827486038208 4.71731758117676 4.35386991500854 3.18377208709717 21.760498046875 40.9997482299805 15.4039821624756 0.0987714380025864 0.687723994255066 1.73039507865906 3.4852831363678 17.2278289794922 1.94987988471985 0.699862241744995
5.73285627365112 4.46369028091431 9.62969303131104 12.2499599456787 20.5288982391357 2.74596810340881 3.92403435707092 2.51045775413513 0.601778447628021 8.22455596923828 4.44864654541016 5.00000667572021 13.7867546081543 30.2354831695557 2.40121650695801 27.3426494598389 6.12808561325073 5.03477096557617 5.56746625900269 7.41599035263062 8.15665721893311 9.31394577026367 9.6798677444458 8.91686248779297 8.44943523406982 8.23583126068115 3.77063775062561 3.7010862827301 3.70169734954834 3.57440519332886 3.54748749732971 3.43256902694702 2.18712162971497 2.51448965072632 5.12457990646362 5.0966362953186 4.59987831115723 36.8231239318848 7.13370132446289 0.0475968793034554 0.380295276641846 1.42054903507233 14.8806924819946 3.04703569412231 30.4749641418457 2.52709603309631
10.1764736175537 7.434157371521 8.45057582855225 19.4492511749268 18.2094478607178 30.6551246643066 11.2322301864624 0.305213242769241 0.356480926275253 0.674003779888153 14.1828145980835 5.04423570632935 5.49894237518311 27.505090713501 2.41701984405518 29.7573776245117 3.04042315483093 6.88348627090454 5.55068302154541 6.2040491104126 8.56479167938232 9.1305513381958 10.5198822021484 10.8889436721802 10.0892868041992 9.70091533660889 10.372052192688 10.1020784378052 3.85233759880066 3.86516690254211 3.71361684799194 3.65054607391357 3.49956679344177 2.11711049079895 2.3663535118103 2.55113792419434 5.75418329238892 4.99968099594116 0.927231073379517 1.14268410205841 0.276967197656631 1.91073393821716 7.94749736785889 26.495813369751 3.15104627609253 1.78271174430847
2.19317221641541 19.7228469848633 10.9610052108765 1.92470479011536 3.0758318901062 23.718469619751 0.15849195420742 6.70310068130493 0.993968665599823 0.901916742324829 4.59287786483765 29.5327548980713 5.66609048843384 6.20990133285522 3.21593046188354 11.707688331604 2.86146020889282 6.1643443107605 7.81826734542847 6.21749019622803 7.03947448730469 10.1116437911987 11.4658432006836 11.9508790969849 12.2767629623413 11.6218328475952 12.5194435119629 12.6499423980713 12.4544239044189 4.02380418777466 4.01108646392822 3.75705480575562 3.70201683044434 3.58831739425659 2.73889589309692 2.14970207214355 2.66188931465149 6.67914056777954 5.90634870529175 2.94332528114319 2.83033037185669 2.06309413909912 2.21112275123596 15.7013816833496 1.98285210132599 3.39488840103149
17.2980976104736 2.43533682823181 7.69245290756226 13.8678817749023 4.08049345016479 5.00283193588257 1.10744988918304 0.529765188694 0.673758208751678 1.06570434570312 1.17124557495117 5.33760213851929 2.91823363304138 5.89821434020996 6.97346782684326 3.6256308555603 8.67404079437256 5.98814630508423 6.8938570022583 9.05019474029541 7.42983961105347 8.45573902130127 9.67230796813965 14.1600017547607 13.6566667556763 14.8139419555664 15.3906202316284 15.341965675354 16.5121746063232 16.1763591766357 4.11415481567383 4.07001209259033 3.85107111930847 3.8120231628418 3.68673205375671 2.77913737297058 2.18076086044312 2.34209060668945 8.87555599212646 6.31953716278076 2.11437201499939 2.96735024452209 2.29058837890625 2.41792225837708 2.54166913032532 3.66027522087097
2.14475727081299 1.78352642059326 2.54284691810608 1.34553265571594 1.51097166538239 1.92984998226166 1.67589914798737 1.5193247795105 2.55317521095276 1.27324247360229 27.4535675048828 2.49015617370605 6.23074293136597 5.79945850372314 9.55624961853027 7.7098913192749 16.5123958587646 20.4648571014404 9.10388469696045 9.84502983093262 10.7983913421631 12.1269664764404 11.199070930481 10.8226747512817 17.9609394073486 14.7909317016602 18.1698226928711 18.9111576080322 19.7542495727539 23.1008129119873 22.5793876647949 4.23863935470581 4.18729591369629 3.98134422302246 3.92392611503601 3.79665207862854 2.82907247543335 2.11734962463379 2.20700526237488 14.0690231323242 10.0864343643188 2.18416976928711 3.15356063842773 3.23733901977539 2.80212211608887 3.8329017162323
2.16285133361816 2.1487147808075 2.6977550983429 2.73162269592285 2.47087574005127 2.83384895324707 3.05210065841675 3.63289976119995 3.45442414283752 2.5567638874054 1.7934935092926 1.72366452217102 5.92599296569824 7.16652154922485 8.46602916717529 6.92239475250244 8.8790922164917 4.91299772262573 5.54942035675049 10.4692802429199 12.5017251968384 11.3128995895386 15.3325252532959 13.9469327926636 13.3437061309814 25.4313831329346 19.1388511657715 23.3184757232666 24.0358905792236 27.8307838439941 39.9895095825195 39.1488800048828 4.38539981842041 4.35103845596313 4.12805318832397 4.06408882141113 3.93023228645325 3.63052749633789 1.65217554569244 1.22664988040924 1.39496576786041 1.66291975975037 2.39950966835022 3.29112935066223 3.52305722236633 3.1073682308197
2.25349950790405 2.27238798141479 2.34810900688171 2.93148732185364 2.98316526412964 2.81255292892456 3.13636422157288 3.40055656433105 3.98454403877258 4.07796144485474 4.08058166503906 4.4972972869873 5.27359533309937 6.92095565795898 8.24187850952148 9.93439865112305 9.99086093902588 11.2622146606445 12.0310945510864 14.7128782272339 13.5605039596558 17.1506023406982 14.4818468093872 19.5853443145752 19.9927997589111 19.1993103027344 43.0929336547852 26.640157699585 32.4840774536133 33.4755935668945 46.0413360595703 2.27763628959656 2.11788368225098 4.5738263130188 4.54521989822388 4.29981279373169 4.20843982696533 4.06541347503662 3.71033406257629 1.65333116054535 1.23738038539886 1.93692207336426 2.17994284629822 2.56298136711121 3.6115927696228 3.72998809814453
2.51262021064758 2.3690447807312 2.36982727050781 2.54159903526306 3.20325422286987 3.24572587013245 2.99955582618713 3.3706841468811 3.26318764686584 3.77224493026733 4.49822425842285 4.64299631118774 5.3510160446167 6.30989170074463 8.15921592712402 9.69069004058838 12.0497465133667 13.415997505188 14.1843605041504 15.0354423522949 19.3968677520752 17.1291065216064 23.5457248687744 20.7672557830811 27.5883388519287 35.2211875915527 34.2586326599121 3.24566888809204 44.8298988342285 51.3048973083496 52.4272232055664 3.40929555892944 10.051381111145 4.80876922607422 4.78987741470337 4.74364042282104 4.47718143463135 4.37200593948364 4.24688720703125 3.83722400665283 1.68974602222443 1.31534564495087 2.06461811065674 2.30199289321899 2.7097020149231 3.8700270652771
2.72015523910522 2.59639430046082 2.48321723937988 2.59624242782593 2.75546026229858 3.46216487884521 3.47775411605835 3.24439167976379 3.62031650543213 3.55212950706482 4.25835943222046 5.16387844085693 5.41807651519775 6.41881418228149 7.4018030166626 9.58377742767334 11.5598945617676 13.0375375747681 16.5722846984863 18.4784603118896 19.048547744751 26.5166912078857 24.1908168792725 40.8433570861816 36.6224136352539 46.0262756347656 6.03661060333252 12.1411504745483 5.05685520172119 14.9942932128906 3.31797289848328 1.27618432044983 1.7593959569931 2.07278895378113 5.02905321121216 5.01990032196045 5.09351539611816 5.04742813110352 4.78071689605713 4.65151929855347 4.50112676620483 2.18118596076965 1.3942106962204 2.15668678283691 2.39451456069946 2.46887922286987
3.20356392860413 2.95649456977844 2.92682528495789 2.78794145584106 2.75692534446716 2.93351340293884 3.69396424293518 3.71304082870483 3.49504804611206 3.91168642044067 3.71225309371948 4.92253875732422 5.8610987663269 6.22539758682251 7.94176912307739 9.04950904846191 11.4595327377319 12.7805604934692 16.2559261322021 21.7465171813965 25.6627235412598 26.6263885498047 44.5965538024902 41.803581237793 7.13412189483643 8.06593799591064 2.49480247497559 8.98850154876709 6.32381916046143 5.26821613311768 1.17956817150116 0.958588421344757 1.78849351406097 2.57949376106262 5.13974905014038 5.28858184814453 5.36633205413818 5.37685203552246 5.352370262146 5.06929969787598 4.94132614135742 4.82710838317871 2.50230860710144 1.86633324623108 2.25053811073303 2.49091053009033
3.56656241416931 2.83337998390198 3.84322071075439 4.19548416137695 2.86852025985718 2.82238578796387 3.07846522331238 3.93312430381775 3.96986508369446 3.78578090667725 4.28230428695679 4.52107667922974 5.5996732711792 6.59377574920654 7.1657543182373 8.76160335540771 11.5547952651978 11.8386058807373 17.2060241699219 20.7568454742432 36.9327850341797 43.4666900634766 44.8884239196777 4.66872310638428 6.15335559844971 2.95415782928467 11.1758995056152 4.6285548210144 10.4242029190063 3.95382499694824 9.50123977661133 1.09082579612732 1.62911522388458 1.97925555706024 5.76040744781494 5.39827108383179 5.49634647369385 5.66462326049805 5.73111820220947 5.71326637268066 5.41994905471802 5.31457567214966 5.21418142318726 2.7442946434021 2.40746855735779 2.36209869384766
6.73709344863892 2.9008526802063 3.25222396850586 4.97696018218994 5.98485040664673 2.89650464057922 2.95784449577332 3.27102470397949 4.22932481765747 4.28178787231445 4.40476655960083 4.42108297348022 4.99239253997803 6.35595273971558 7.44089794158936 8.29403305053711 10.5618381500244 15.8762102127075 14.9301862716675 29.607889175415 29.997730255127 20.5561084747314 7.06278276443481 8.06302165985107 2.45111203193665 5.12989282608032 8.54183483123779 4.10919427871704 8.17390537261963 3.537024974823 4.9435863494873 18.3579235076904 1.52121293544769 8.09477138519287 2.9017059803009 6.11974620819092 5.00632572174072 5.79954051971436 6.04096603393555 6.16129970550537 6.16041374206543 5.8550009727478 5.73010635375977 5.64173126220703 3.87223887443542 2.7744345664978
2.26545166969299 3.70663332939148 3.24621915817261 4.19301986694336 5.09777736663818 2.60204172134399 2.98480033874512 3.16372799873352 3.50355529785156 4.57132005691528 4.8394341468811 4.93911123275757 4.89529943466187 5.65869331359863 7.2330207824707 8.46604919433594 9.8417501449585 11.8710021972656 23.2647895812988 19.5969429016113 17.8653030395508 28.4331226348877 1.37560713291168 3.35865306854248 2.64575290679932 3.26405882835388 2.07999777793884 8.07436561584473 6.22289133071899 5.93425559997559 5.61184072494507 9.56478786468506 1.44303178787231 6.52000284194946 2.0452401638031 6.41397094726562 6.53934288024902 5.38819456100464 6.20361661911011 6.52786684036255 6.69798374176025 6.68777990341187 6.35530424118042 6.24390172958374 6.15610504150391 4.14209651947021
8.0027904510498 5.6135835647583 4.23527717590332 3.27472949028015 3.64600396156311 2.59127521514893 2.65947937965393 3.25553584098816 3.43177247047424 3.79371309280396 4.2838978767395 5.33311748504639 5.40998411178589 5.53561782836914 6.66386413574219 8.57989978790283 9.89334106445312 12.0082969665527 15.2400026321411 36.1224479675293 28.8232555389404 13.2864685058594 1.46093606948853 1.27715456485748 1.79636752605438 1.70780777931213 3.55242609977722 7.98262643814087 3.1462070941925 5.74989366531372 4.66854858398438 2.83798241615295 1.53805088996887 13.5287179946899 1.65155720710754 3.10220456123352 6.91291189193726 7.07069730758667 5.78610563278198 6.69478130340576 7.08822345733643 7.35565614700317 7.36570119857788 6.9997124671936 6.88612508773804 6.77712392807007
8.62695980072021 8.3639554977417 6.70931577682495 5.46444177627563 4.78467321395874 2.68093299865723 2.60677337646484 2.90782189369202 3.55833411216736 3.71815180778503 4.11847639083862 4.4137601852417 5.86007642745972 5.95371198654175 6.3287296295166 8.09182929992676 10.4122257232666 11.6868953704834 14.9520835876465 24.0680847167969 5.96802282333374 18.313777923584 1.76196646690369 7.91420078277588 1.57065951824188 2.48682880401611 2.39452219009399 4.58628368377686 2.23594856262207 3.53011298179626 1.78683805465698 2.00984072685242 2.57552528381348 5.34836196899414 1.78639721870422 7.2786979675293 8.46098804473877 7.50315523147583 7.66202688217163 6.24969339370728 7.22375631332397 7.74191761016846 8.12900257110596 8.10196113586426 7.70340299606323 7.58836507797241
7.19071483612061 11.8194770812988 5.50415229797363 8.19558429718018 2.93613433837891 2.66833329200745 2.78617739677429 2.94948363304138 3.29048776626587 3.89752221107483 4.04578924179077 4.49435186386108 4.88726568222046 6.50333261489868 6.63971567153931 7.33563041687012 9.53228378295898 11.9492378234863 14.2168922424316 27.321231842041 19.5758380889893 12.0267505645752 2.51929903030396 2.53630471229553 1.65991055965424 8.43150520324707 5.40928840637207 7.84078121185303 8.63235187530518 9.95065212249756 4.45440816879272 1.94400012493134 2.88321614265442 4.23439407348633 1.8520530462265 1.96422731876373 2.6043062210083 9.08567333221436 8.20237350463867 8.42308712005615 6.85922479629517 7.85700798034668 8.49898910522461 9.01096057891846 9.02156162261963 8.576584815979
2.84404921531677 6.98990345001221 2.93752574920654 2.75525879859924 2.93616724014282 2.94400191307068 2.80632090568542 2.9479444026947 3.10147500038147 3.68395590782166 4.28284454345703 4.41288566589355 4.743736743927 5.45809650421143 7.251305103302 7.4647102355957 8.67241954803467 8.81410503387451 15.3059825897217 18.6440143585205 15.7140064239502 9.43379974365234 4.00907564163208 2.02083539962769 2.55166912078857 4.4182333946228 2.19832158088684 2.7919008731842 3.09084439277649 17.8991184234619 2.23509740829468 2.33132576942444 2.67568969726562 4.09573936462402 2.32006478309631 2.02839779853821 7.60124349594116 7.9063515663147 10.102201461792 9.12922382354736 9.38582897186279 7.61874008178711 8.63878059387207 9.4480619430542 10.2088508605957 10.2222194671631
