slauniainen/Data/DEM/Vihti_dem1500b_cl_horizonAngle_174.asc
NCOLS 196 
NROWS 178 
XLLCORNER 353680 
YLLCORNER 6699024 
CELLSIZE 16 
NODATA_value -3.4e+38 
[rows 80 to 99 of 178, columns 0 to 44 of 196]
3.15507292747498 2.37908935546875 1.35491836071014 1.1731778383255 0.932549715042114 0.649774312973022 0.798014998435974 0.0375152826309204 0.100045919418335 -0.128627434372902 -0.435177147388458 -0.59069037437439 -0.644269645214081 -0.135223835706711 0.398890256881714 0.818883895874023 0.118922531604767 0.6384596824646 0.200997978448868 -0.0675356686115265 -0.014984586276114 0.0224585272371769 0.0926705151796341 2.29885911941528 0.272737920284271 0.242815881967545 0.241804540157318 0.228286936879158 0.211028918623924 0.205382734537125 0.194602638483047 0.810648381710052 0.138741046190262 0.203251913189888 0.513070106506348 1.18380379676819 1.80114209651947 2.24531269073486 2.08008718490601 2.13688063621521 1.6956934928894 1.42183542251587 2.90409064292908 1.71229660511017 1.75854134559631
3.69630694389343 2.82330727577209 1.62817585468292 1.30028569698334 0.971531331539154 0.678432166576385 0.393491625785828 0.128791019320488 0.150654375553131 -0.0898715555667877 -0.336191713809967 -0.565830886363983 -0.63754016160965 -0.42003545165062 -0.596196949481964 -0.515298128128052 0.400884568691254 0.0333723016083241 -0.0507756136357784 0.108832105994225 0.00570487696677446 0.0490675941109657 0.104331880807877 0.579603731632233 0.437301188707352 0.281243056058884 0.268624931573868 0.259240508079529 0.24763648211956 0.228967264294624 0.223298028111458 0.17240272462368 0.146450772881508 0.128658786416054 0.226029455661774 0.5470951795578 0.721567690372467 1.60527896881104 2.28116989135742 2.21295261383057 2.16046404838562 1.86086571216583 4.76388120651245 2.75730681419373 2.03442478179932
1.73399698734283 3.93488955497742 2.0787980556488 1.21801173686981 0.974120914936066 0.699930250644684 0.534836113452911 0.23085629940033 0.162959024310112 0.107097238302231 -0.35292848944664 -0.556548595428467 -0.636210680007935 -0.62231057882309 -0.266566693782806 -0.0967836901545525 0.271033555269241 -0.199341684579849 -0.147791892290115 -0.0587472692131996 0.0196689497679472 0.0846664533019066 0.146829664707184 0.21054020524025 0.797250211238861 0.324274837970734 0.308178007602692 0.303579330444336 0.294162899255753 0.277779579162598 0.261107236146927 0.220151275396347 0.189153894782066 0.159795105457306 0.162872314453125 0.329074561595917 0.745458126068115 1.61894130706787 1.7941312789917 2.3958215713501 2.59030413627625 2.3052351474762 1.45071637630463 1.66525459289551 2.47574949264526
1.68164229393005 1.54331767559052 2.73128890991211 1.57190144062042 1.06471753120422 0.761355936527252 1.28810691833496 0.270254909992218 0.22264938056469 0.261530667543411 -0.0578926652669907 -0.551236987113953 -0.615943372249603 -0.599949419498444 -0.553129613399506 -0.239820197224617 -0.352963238954544 -0.0519230850040913 -0.135527312755585 -0.0519120432436466 0.0408578254282475 0.120769575238228 0.193379253149033 0.254499316215515 0.351730048656464 0.374226987361908 0.333248764276505 0.330647110939026 0.332885175943375 0.330702602863312 0.294998407363892 0.263967841863632 0.226919338107109 0.18064883351326 0.16573791205883 0.354253709316254 0.769886493682861 1.66508066654205 1.79687976837158 1.55135643482208 1.81552577018738 2.63403582572937 1.68260455131531 2.48580956459045 3.22113442420959
1.22401583194733 1.77548551559448 1.90721297264099 1.54225301742554 1.58904576301575 0.780318379402161 0.409700691699982 0.248432919383049 0.850924372673035 1.37698781490326 0.659043192863464 -0.175467014312744 -0.570656955242157 -0.56152355670929 -0.538416266441345 -0.461896240711212 -0.341156303882599 0.28431111574173 -0.117758795619011 -0.0293550547212362 0.0618649013340473 0.138288736343384 0.213852569460869 0.289595991373062 0.364594787359238 0.41805437207222 0.366309434175491 0.350633859634399 0.353903651237488 0.364689588546753 0.336255848407745 0.292762070894241 0.260798841714859 0.212434381246567 0.203903555870056 0.388850808143616 0.805369555950165 1.7416524887085 1.84778571128845 1.57842004299164 1.54002797603607 2.0337700843811 2.0254545211792 3.30197358131409 4.95920515060425
0.571613252162933 0.877282917499542 0.976104140281677 1.23057794570923 1.05430579185486 0.796650171279907 0.418182343244553 0.283300280570984 0.161711126565933 0.265774428844452 0.0322248302400112 -0.508924007415771 -0.50750595331192 -0.518451452255249 -0.510446786880493 -0.43714365363121 -0.111017756164074 1.54084694385529 -0.0971705466508865 -8.52004159241915e-05 0.0862569585442543 0.151304081082344 0.223306983709335 0.302495926618576 0.372596949338913 0.445513337850571 0.398776590824127 0.375090807676315 0.369385898113251 0.38036772608757 0.365118473768234 0.330280363559723 0.29829078912735 0.256822675466537 0.246526375412941 0.436957657337189 0.859546899795532 1.83695685863495 1.93310809135437 1.61780118942261 1.44182169437408 2.18162775039673 1.84984195232391 2.1387767791748 1.7499281167984
-0.16430176794529 0.346559584140778 0.744083523750305 1.25907039642334 1.4063618183136 1.07678723335266 0.462397873401642 0.239366054534912 0.0401146411895752 -0.116283811628819 -0.182187855243683 -0.477580368518829 -0.470066547393799 -0.049737423658371 0.160604640841484 0.13716359436512 -0.334511995315552 -0.242154866456985 -0.0822362974286079 0.0322679169476032 0.116106763482094 0.17316859960556 0.237265169620514 0.313137948513031 0.383741825819016 0.504856407642365 0.435809344053268 0.399984896183014 0.388475388288498 0.390135139226913 0.392506390810013 0.376252889633179 0.347712606191635 0.292938649654388 0.304637789726257 0.42678114771843 0.932331562042236 1.93070530891418 2.02953124046326 1.65360343456268 1.35760223865509 1.4512140750885 1.93650197982788 2.48951148986816 1.76701402664185
-0.102284640073776 0.0292649660259485 0.43895810842514 1.2649872303009 1.41542410850525 1.30912053585052 0.723104774951935 0.328979283571243 0.0860466584563255 -0.0246751960366964 -0.142354503273964 -0.424625098705292 -0.229684367775917 -0.473072677850723 -0.420049101114273 -0.423443377017975 -0.317171394824982 -0.20768640935421 -0.0800480917096138 0.0247939508408308 0.804707288742065 0.203503802418709 0.26081508398056 0.336222320795059 0.403369963169098 0.494056314229965 0.492707967758179 0.433828830718994 0.4235520362854 0.419200539588928 0.423341631889343 0.420445263385773 0.395903021097183 0.343452095985413 0.329879313707352 0.432086050510406 0.969149053096771 2.03698492050171 2.1314868927002 1.70623564720154 1.37617528438568 1.32836079597473 1.95506548881531 2.14826202392578 1.95932602882385
0.16810530424118 0.398708939552307 0.585717797279358 1.42345404624939 1.59638810157776 1.37475335597992 0.931897580623627 0.645152390003204 0.0436052978038788 0.508917689323425 0.403131604194641 -0.173346251249313 -0.459165066480637 -0.46282035112381 -0.452116072177887 -0.399048924446106 -0.281501173973083 -0.144300788640976 -0.0654045417904854 0.0377375409007072 0.160672947764397 0.209093824028969 0.278718918561935 0.35533481836319 0.419270187616348 0.481151819229126 0.629927515983582 0.471374243497849 0.470469683408737 0.466982066631317 0.459062129259109 0.455426245927811 0.438224524259567 0.399768143892288 0.378359854221344 0.437992095947266 0.826825082302094 1.87641167640686 2.23194694519043 2.02394676208496 1.40063726902008 1.33076620101929 1.42136204242706 1.8206433057785 2.58283352851868
0.567915022373199 0.761544466018677 0.927359640598297 1.58649754524231 1.74533534049988 1.4517947435379 0.984125018119812 0.498090118169785 0.0581057853996754 0.3303042948246 0.537383496761322 0.031630601733923 -0.422347217798233 -0.415137767791748 -0.382853716611862 -0.2348243445158 -0.181509777903557 -0.105283610522747 -0.0329810753464699 0.0606815740466118 0.112051971256733 0.232817992568016 0.308034062385559 0.357740014791489 0.6444011926651 0.495063126087189 1.05671536922455 0.49223980307579 0.495829194784164 0.504886031150818 0.502866268157959 0.4979487657547 0.48550409078598 0.450286149978638 0.397105425596237 0.485976666212082 0.670876443386078 1.32628631591797 2.30794334411621 2.39027547836304 1.62561619281769 1.35206341743469 1.44414675235748 1.58970546722412 2.07948017120361
0.727138221263885 1.6008665561676 1.8845990896225 1.85236752033234 1.97087013721466 1.59239363670349 1.07832109928131 0.600950479507446 0.151345729827881 -0.078451506793499 1.09729969501495 0.458999395370483 0.0316271893680096 -0.301626324653625 -0.0903595387935638 0.093042679131031 0.0584314353764057 -0.0947364643216133 -0.0316200777888298 0.0936670377850533 0.168610498309135 0.271185845136642 0.334443807601929 0.405363529920578 0.431395649909973 0.504208624362946 1.8898561000824 0.54046368598938 0.524811208248138 0.539361596107483 0.543292701244354 0.56075918674469 0.539213895797729 0.505151927471161 0.451073944568634 0.508032560348511 0.687872707843781 1.25781273841858 2.51174807548523 2.54622340202332 1.98532938957214 1.50797760486603 1.49555373191833 1.63372087478638 2.09069418907166
0.542150557041168 2.91958928108215 3.02501583099365 2.13514089584351 2.21587586402893 1.67377805709839 1.15359818935394 0.661122679710388 0.345777183771133 -0.216462254524231 0.465945243835449 0.749420285224915 0.263748168945312 -0.0113790947943926 -0.0282943211495876 0.162097007036209 0.149691447615623 -0.0111087970435619 -0.00186872901394963 0.12191466242075 0.205236509442329 0.288034290075302 0.357406347990036 0.426689118146896 0.478508710861206 0.533881902694702 0.513979196548462 1.23564910888672 0.571108937263489 0.591926634311676 0.604430675506592 0.609956622123718 0.600316405296326 0.57583874464035 0.56527316570282 0.648252964019775 0.88201230764389 1.43152320384979 2.7637243270874 2.74041748046875 2.12003993988037 1.61124002933502 1.534463763237 1.74017941951752 2.02340793609619
0.825043499469757 2.43642973899841 3.7982542514801 2.38293886184692 2.47546911239624 1.83963572978973 1.21455061435699 0.768645465373993 0.413342118263245 0.0190126653760672 -0.470194935798645 0.283614456653595 0.391104221343994 0.164570674300194 0.0493446886539459 0.216218933463097 0.268351078033447 0.0410539768636227 -0.00592161854729056 0.101443342864513 0.227423951029778 0.31446784734726 0.384132623672485 0.460319727659225 1.38061261177063 1.30779504776001 0.562608957290649 0.564425528049469 0.584848523139954 0.853710472583771 0.676666259765625 0.659052848815918 0.649503886699677 0.660354673862457 0.751510560512543 0.895787954330444 1.20312297344208 1.69830453395844 3.06823754310608 2.98560667037964 2.26949048042297 1.69842958450317 1.57669925689697 1.57109320163727 1.64511227607727
-0.0243688952177763 1.02934896945953 1.96503961086273 3.27271389961243 2.8199577331543 2.11047506332397 1.45839142799377 0.904295265674591 0.486191421747208 0.17264150083065 -0.257906764745712 -0.461421579122543 0.380832076072693 0.415527760982513 0.439350128173828 0.321988791227341 0.329101383686066 0.239088848233223 0.0368996858596802 0.122018530964851 0.232047528028488 0.365560412406921 0.377467066049576 0.920630276203156 1.67124199867249 0.564169049263 0.589872241020203 0.622576475143433 0.618631839752197 0.663973867893219 0.848643600940704 0.716552913188934 0.695086359977722 0.736781120300293 0.89567631483078 1.07160913944244 1.53135645389557 2.02020525932312 3.47274422645569 3.31893444061279 2.45805406570435 1.83764064311981 1.67517876625061 1.63713181018829 1.65708601474762
0.0053880694322288 0.0441195853054523 0.517252326011658 2.41513061523438 3.0348060131073 2.36473250389099 1.60561227798462 0.935464560985565 0.550729990005493 0.248448684811592 -0.0257408227771521 -0.383464246988297 -0.0992971882224083 0.534842908382416 0.702276766300201 0.517723381519318 0.384643852710724 0.370281308889389 0.229229629039764 0.259269416332245 0.320606380701065 2.22586274147034 0.394967705011368 0.79786479473114 0.498043835163116 0.544323444366455 0.602507770061493 0.651782751083374 0.704126000404358 0.760716676712036 0.79393345117569 0.782880425453186 0.772128403186798 0.775885343551636 0.980728507041931 1.19376218318939 1.81074666976929 2.40881276130676 4.04121971130371 3.71538186073303 2.69604253768921 1.97791910171509 1.80062699317932 1.77233588695526 1.76934349536896
0.141474366188049 0.0806905180215836 0.67750346660614 2.5982391834259 3.40560531616211 2.59708094596863 1.71643507480621 1.0417799949646 0.757598340511322 0.435225814580917 0.0898457169532776 -0.169521242380142 -0.375167548656464 0.105082340538502 0.968510508537292 0.836044609546661 0.478778123855591 0.41469395160675 0.362627655267715 0.569201588630676 0.330351442098618 0.295279830694199 0.434569269418716 0.458836704492569 0.508254170417786 0.558919727802277 0.615311980247498 0.707844436168671 0.785436570644379 0.848366141319275 0.896572589874268 0.865674555301666 0.859313905239105 0.837065458297729 0.861731231212616 1.26453280448914 2.06706809997559 2.7964653968811 4.74919462203979 4.22472476959229 3.0191810131073 2.14152646064758 1.99333846569061 1.86540865898132 1.91115748882294
0.459876149892807 0.0574822574853897 0.530795216560364 2.12336754798889 4.08017492294312 5.15482616424561 3.72738337516785 1.55590677261353 0.995431303977966 0.629010558128357 0.309098154306412 0.00754451053217053 -0.318405121564865 0.192583292722702 1.16995799541473 1.17998051643372 0.519023060798645 0.435386598110199 0.527018010616302 0.709846198558807 0.341402977705002 0.367622882127762 0.412394851446152 0.462912797927856 0.527324855327606 0.575995981693268 0.627259314060211 0.759186267852783 0.865682661533356 0.930319547653198 0.973405957221985 0.939290821552277 0.929761588573456 0.908993124961853 0.92943948507309 1.38815486431122 1.7957352399826 3.21500134468079 5.65802192687988 4.8660683631897 3.4319224357605 2.43683099746704 2.18507218360901 2.00351285934448 2.06394362449646
0.586776077747345 0.241798922419548 0.176039427518845 2.13731265068054 5.52638006210327 7.11309909820557 5.3886251449585 3.05315542221069 1.15577721595764 0.823027372360229 0.349386930465698 0.0201894976198673 -0.222752198576927 -0.354512840509415 -0.288890659809113 0.273704081773758 0.717402160167694 0.666087627410889 2.07774758338928 1.40486586093903 1.78150403499603 0.38484200835228 0.431503087282181 0.474192768335342 0.523297429084778 0.591258227825165 0.685094714164734 0.785439610481262 0.879326820373535 0.97067928314209 0.999541938304901 1.01650166511536 1.028648853302 1.02201282978058 0.976486265659332 1.16210687160492 1.63271033763885 3.15885162353516 6.24622821807861 6.86615037918091 4.85757350921631 2.62543749809265 2.34397792816162 2.19887685775757 2.34200191497803
0.713062226772308 0.467020630836487 0.373879253864288 2.81473565101624 7.63048267364502 9.59327411651611 7.72677946090698 4.66615962982178 2.63548064231873 0.857884287834167 0.519755303859711 0.129195898771286 -0.150076851248741 -0.295160412788391 -0.086975559592247 0.460854798555374 0.932702898979187 0.918738782405853 0.756563425064087 0.991972208023071 0.284408509731293 0.376948058605194 0.440998107194901 0.495169162750244 0.528641402721405 0.587978005409241 0.709079146385193 0.777299642562866 0.893685400485992 0.987513601779938 1.05392956733704 1.07915544509888 1.111443400383 1.10459220409393 1.06183815002441 1.00085532665253 1.3094996213913 3.10092782974243 5.46864128112793 8.42102432250977 6.38484525680542 3.39503049850464 2.5704071521759 2.49486970901489 2.27834677696228
1.18019902706146 0.636547446250916 0.209872648119926 2.89524102210999 8.35595893859863 9.92992782592773 8.74329948425293 5.91518259048462 3.53253960609436 1.35283291339874 0.687889754772186 0.31807816028595 -0.0214385073632002 -0.229987427592278 0.30801123380661 0.581461369991302 1.02226150035858 1.08861935138702 0.998035550117493 0.884828448295593 0.313552767038345 0.36407807469368 0.445851534605026 0.500175714492798 0.551629066467285 0.578672409057617 0.653542637825012 0.792304694652557 0.902101159095764 1.00252079963684 1.09490025043488 1.1319637298584 1.16195094585419 1.17365181446075 1.14441418647766 1.06566596031189 1.13470077514648 3.93117761611938 5.45225143432617 10.8429327011108 7.77540016174316 4.3895959854126 2.88287329673767 2.92782783508301 2.54482460021973
