slauniainen/Data/DEM/Vihti_dsm1500b_cl_horizonAngle_300.asc
NCOLS 196 
NROWS 178 
XLLCORNER 353680 
YLLCORNER 6699024 
CELLSIZE 16 
NODATA_value -3.4e+38 
[rows 120 to 139 of 178, columns 135 to 179 of 196]
0.828075766563416 17.2403106689453 7.12939786911011 13.3363618850708 4.92957782745361 0.096532367169857 9.59027576446533 0.560776710510254 -0.0827999860048294 0.169076234102249 0.686066806316376 4.96403551101685 19.5763111114502 7.62046527862549 11.1643629074097 8.86014842987061 4.79168844223022 4.28287124633789 4.03426551818848 0.574273526668549 7.70610857009888 8.54277801513672 -0.0393022298812866 -0.891302883625031 -1.13454926013947 -0.211788639426231 -0.435223788022995 -0.145733952522278 -0.777302503585815 -1.07834935188293 -1.27482652664185 13.1241970062256 9.17464923858643 13.4332895278931 6.90461254119873 5.6447057723999 10.1178598403931 14.2863759994507 10.4794406890869 10.6951427459717 7.94873809814453 4.83941745758057 3.9739727973938 16.6428089141846 22.7083988189697
12.9425296783447 24.6503562927246 15.2471313476562 0.29046294093132 2.41387796401978 2.38938117027283 0.543227076530457 0.425686836242676 5.89755392074585 16.6287479400635 0.150786131620407 0.362092554569244 0.400133490562439 0.849650919437408 8.68203353881836 0.973599493503571 5.29612922668457 2.36755561828613 0.871868669986725 1.46245062351227 -0.136455237865448 -0.284166783094406 -1.51606893539429 -0.66210412979126 -1.41133987903595 -1.8506932258606 -1.50090610980988 -0.672179102897644 -1.00021052360535 -1.31602776050568 11.583137512207 38.0930366516113 10.6662607192993 7.47255754470825 11.131498336792 18.547571182251 25.7384338378906 12.2691440582275 6.67193031311035 6.35477590560913 3.76735830307007 2.26391935348511 4.63072776794434 6.86312913894653 9.46643733978271
12.6861333847046 9.36500358581543 15.6361074447632 10.270336151123 13.7274103164673 4.07198429107666 4.61466646194458 1.22568416595459 2.34009456634521 0.381286352872849 0.130422189831734 7.95305347442627 0.00407034624367952 0.248100891709328 7.68399286270142 18.6578521728516 13.3643264770508 7.35201549530029 0.23743200302124 -0.532873868942261 -0.886055171489716 -1.1916606426239 -1.22936272621155 -1.57769381999969 -1.94859611988068 -2.25704836845398 13.0924911499023 -1.91590785980225 -0.992731153964996 0.206434786319733 34.5644645690918 17.4288997650146 15.687331199646 14.7506675720215 21.4339942932129 10.8374919891357 5.4023323059082 11.7399377822876 18.3449077606201 21.193431854248 10.1690120697021 3.04511833190918 22.9724025726318 14.914589881897 9.89432907104492
14.3779630661011 10.0044240951538 15.3267498016357 15.6392965316772 10.4364213943481 4.15824460983276 -0.254296004772186 -1.18494653701782 -1.11171841621399 -1.45240724086761 -0.783291816711426 -0.283971220254898 -0.546394526958466 7.03834390640259 3.97881388664246 7.52633094787598 -0.113532319664955 1.4353666305542 -0.598107933998108 -0.798899829387665 -0.890072524547577 -1.07353746891022 -1.49700021743774 -2.14131927490234 -2.96973657608032 8.8946418762207 3.42698454856873 8.34064388275146 -2.34557771682739 -1.96116769313812 29.6625385284424 5.25520277023315 16.8505439758301 12.2120265960693 13.2328605651855 12.547945022583 9.57345581054688 22.379207611084 14.8677234649658 7.59898471832275 7.16993427276611 11.3752155303955 18.5254974365234 13.7852058410645 11.6650524139404
3.52751398086548 21.5322723388672 12.469069480896 19.9754524230957 6.97568845748901 2.42198157310486 -1.82710063457489 -1.28743302822113 -1.35186421871185 -1.42220675945282 -1.68957960605621 -1.54508972167969 -0.690620422363281 -0.75295501947403 -0.72056919336319 1.19814574718475 -1.20318579673767 -1.02293014526367 -1.49840641021729 -1.62984228134155 -1.62076902389526 -1.75646090507507 -2.40288662910461 -3.14879512786865 -2.80486798286438 25.3094005584717 12.8501405715942 4.43842554092407 4.50426006317139 28.1235332489014 36.2560768127441 10.3554267883301 14.5020246505737 9.93128204345703 9.96582317352295 10.7850770950317 11.1664943695068 17.4213695526123 10.3226718902588 6.1458854675293 7.67559194564819 5.73218202590942 4.78433847427368 7.0433464050293 12.0636415481567
4.3356409072876 27.8875217437744 28.3026332855225 16.7729740142822 9.84576511383057 6.85730791091919 -0.592925548553467 -2.41693687438965 -2.41235756874084 -1.71826910972595 -1.98658120632172 -1.88905799388885 5.30866765975952 5.5785813331604 2.04848074913025 -1.55249524116516 -1.62658023834229 -1.68448626995087 -1.62002921104431 -2.28781795501709 -2.2180483341217 -2.58931231498718 -3.14027833938599 -3.34117865562439 16.2584095001221 13.0814905166626 7.21106195449829 11.5586996078491 9.77493095397949 12.6388664245605 15.9041948318481 8.16811847686768 13.6501245498657 9.74050235748291 8.38090991973877 13.1584186553955 15.4298801422119 8.12613773345947 11.40442943573 10.5620403289795 18.4733390808105 6.42496156692505 5.04555749893188 3.55697560310364 8.14854526519775
21.3795356750488 26.7630729675293 22.7872428894043 22.9271965026855 18.7599048614502 10.8282709121704 4.50900316238403 1.487140417099 -2.2929482460022 -2.95398354530334 -1.11083364486694 -2.3621244430542 -2.53493404388428 -1.19459712505341 -1.06453907489777 -2.15237259864807 27.8975448608398 -1.90324926376343 -2.04725885391235 -2.797438621521 -3.08760786056519 -3.26210308074951 -3.7614483833313 -3.12627077102661 15.2264451980591 5.30646514892578 4.05005836486816 9.56641101837158 9.52578544616699 8.48807239532471 9.58382034301758 11.7131233215332 6.83327198028564 7.4878454208374 8.29769611358643 17.611795425415 7.40119409561157 9.88399124145508 9.14686679840088 6.5027437210083 6.5592565536499 8.15801048278809 5.49495935440063 4.74935722351074 12.0679349899292
11.7769069671631 14.551815032959 27.7386951446533 20.5209007263184 16.1942596435547 14.8368301391602 10.3636932373047 3.02262711524963 -0.0529064647853374 -3.60133004188538 -3.16816639900208 -3.40572285652161 -3.57235360145569 -3.25916218757629 -2.71583461761475 -2.60984468460083 29.0977363586426 -0.141222715377808 -3.07126545906067 -3.25088500976562 -3.20887517929077 -0.288893133401871 -4.1703839302063 7.71597909927368 11.1207571029663 10.7511348724365 12.0461254119873 6.66621732711792 8.38756656646729 7.5317234992981 18.7876224517822 10.4890356063843 6.79301261901855 14.4129514694214 16.4925670623779 25.4828586578369 7.83783006668091 16.2742671966553 6.7708854675293 7.24883556365967 6.91816568374634 4.13296604156494 5.82509088516235 3.8399920463562 4.11230325698853
10.9570713043213 15.7131376266479 34.725513458252 15.6816759109497 14.700234413147 16.9319972991943 10.4908847808838 6.00809144973755 1.47692930698395 -0.917600214481354 1.29846513271332 -3.46036386489868 -3.59560179710388 -2.90890049934387 -1.54142582416534 12.2678556442261 22.018575668335 4.31601715087891 -3.54791617393494 -3.48662757873535 -4.3978910446167 -4.06461668014526 -3.83678507804871 5.89607810974121 11.4561529159546 6.62735652923584 8.24925327301025 9.0505199432373 27.7916660308838 22.9669647216797 17.937572479248 8.66031932830811 10.002760887146 7.02833223342896 5.16621351242065 10.6788101196289 12.3486003875732 7.91427659988403 7.10625839233398 4.70482683181763 4.66275024414062 5.11844253540039 3.75466847419739 2.7170844078064 2.56007146835327
2.57549810409546 9.32684803009033 32.4440956115723 14.3275756835938 16.3774471282959 8.69313049316406 11.5962476730347 3.82180428504944 0.233393654227257 -0.0707694292068481 -0.433667600154877 -1.11331415176392 -2.05055737495422 2.36391830444336 8.45657444000244 19.1287384033203 23.3609275817871 5.24279022216797 -1.98459362983704 -4.57956171035767 -4.41363382339478 -4.51233386993408 4.5564169883728 15.3566703796387 7.43963575363159 12.9003400802612 15.8886442184448 23.3060512542725 23.4111499786377 14.4962816238403 13.6562566757202 10.3931789398193 5.00238847732544 5.91143226623535 6.31540250778198 9.62997531890869 13.9368305206299 9.32032203674316 8.16250610351562 6.42235803604126 11.8473749160767 3.2318594455719 4.03019094467163 2.45210981369019 1.28224778175354
12.2074422836304 19.031909942627 39.7992477416992 21.3990783691406 13.7992849349976 10.8640232086182 9.89768314361572 6.71704196929932 6.86767911911011 8.61906623840332 8.01832103729248 17.4321308135986 24.7987461090088 10.8485622406006 9.92677783966064 12.2369565963745 8.78829288482666 3.26623821258545 -2.21940517425537 -4.25641059875488 6.52252197265625 0.541182339191437 16.4021625518799 14.2378301620483 2.95611214637756 7.02305459976196 15.7419986724854 8.82929706573486 14.8529243469238 16.2580642700195 16.8404445648193 11.1963806152344 4.69386672973633 5.38024568557739 4.31696605682373 4.34567022323608 4.7064380645752 4.55897283554077 3.83520030975342 5.15278911590576 5.67819404602051 4.41175746917725 2.50396060943604 1.28934049606323 2.37256932258606
16.4274730682373 17.8682708740234 36.6947288513184 16.6535129547119 14.4419708251953 13.6520223617554 9.08245182037354 5.12011623382568 3.50833559036255 2.86502480506897 12.8706922531128 7.22199678421021 15.4067964553833 11.3728246688843 9.50407791137695 8.63072872161865 7.6940016746521 6.35470914840698 -0.153615981340408 -3.79718542098999 7.35149478912354 3.99941182136536 24.196252822876 16.0411319732666 8.2807674407959 22.5370254516602 16.3978996276855 13.8810634613037 21.4172420501709 22.3808326721191 8.73612308502197 11.1679992675781 6.49094676971436 6.03560781478882 10.5791683197021 5.0808744430542 5.07933330535889 3.91444253921509 5.72135639190674 11.4313888549805 3.216801404953 5.05110931396484 3.91758298873901 8.18737030029297 12.1408472061157
25.6382675170898 10.4486026763916 19.1855068206787 20.046630859375 17.2218551635742 14.0067081451416 9.57100296020508 5.82094383239746 3.836266040802 2.16334080696106 1.39765417575836 1.84180045127869 4.53022384643555 4.56626749038696 3.34294867515564 3.87714910507202 11.2211256027222 18.1368961334229 1.27624762058258 -3.26825165748596 1.80849814414978 0.399260342121124 7.92806386947632 14.4065761566162 15.6721801757812 16.1923828125 20.5820922851562 24.4508228302002 12.3479843139648 9.06099796295166 8.69945526123047 7.54868412017822 6.19564867019653 5.63657808303833 9.55837440490723 19.1238193511963 18.3642120361328 7.28821516036987 12.980731010437 10.7258443832397 3.2750039100647 1.7029242515564 1.67081224918365 2.08412098884583 3.25314497947693
10.2154150009155 22.4268932342529 18.8903541564941 24.2069358825684 16.2168483734131 15.6603059768677 8.798264503479 5.14235973358154 2.77827954292297 2.09111189842224 1.13682126998901 1.09607338905334 1.70983791351318 1.51062142848969 0.32894629240036 0.801075100898743 9.95754528045654 15.5458784103394 -0.758023202419281 0.970379829406738 14.9266710281372 7.90780735015869 7.36107158660889 -0.110198378562927 12.0877418518066 10.4841413497925 9.51458740234375 15.3982353210449 15.7725667953491 10.3230381011963 9.44039440155029 12.5307054519653 7.48255205154419 7.15833568572998 17.488395690918 19.6615447998047 26.1162223815918 12.6061248779297 6.82345867156982 3.09977769851685 2.76238751411438 19.0374965667725 24.6980648040771 17.5790119171143 18.734790802002
14.5354776382446 10.6894044876099 15.3755378723145 19.0883769989014 17.3539810180664 16.3485984802246 10.4710474014282 7.47676467895508 3.77405881881714 4.35942792892456 3.75704121589661 9.39100742340088 7.43646860122681 2.20265960693359 7.7192268371582 0.948558926582336 25.3279438018799 25.3106517791748 0.406236350536346 9.03899765014648 -0.982305467128754 -0.738589644432068 4.07155466079712 5.58590221405029 32.717945098877 18.0537128448486 16.9531517028809 8.84399700164795 13.0863637924194 8.06479454040527 7.6255989074707 8.5889778137207 7.53790998458862 6.98018217086792 21.3617000579834 32.4656372070312 24.4593982696533 13.1056127548218 7.98069095611572 6.84965467453003 17.6204013824463 25.0270729064941 14.7277164459229 9.78618335723877 9.65575313568115
27.1683139801025 21.8235778808594 30.0500221252441 17.0952434539795 10.0894289016724 10.1147546768188 8.33810710906982 8.31280899047852 5.95019769668579 3.74314880371094 3.13828587532043 1.35894823074341 -0.242300242185593 0.454103738069534 1.17862486839294 2.39797258377075 25.9046401977539 28.1261596679688 10.1195220947266 -0.11901618540287 3.97130179405212 2.16061329841614 1.83255171775818 21.3629665374756 9.79025650024414 11.9818992614746 13.2176141738892 13.5459156036377 11.0933790206909 13.8881425857544 25.9987411499023 29.7589359283447 38.857967376709 38.5818824768066 38.5435180664062 27.1153202056885 17.897668838501 14.7315101623535 8.71428394317627 5.16661691665649 5.14799022674561 10.4884948730469 6.92141723632812 5.21280479431152 3.12406396865845
12.3264904022217 14.0662412643433 14.4908905029297 14.8558559417725 14.0640449523926 9.48242664337158 8.93774700164795 10.5407667160034 4.12819480895996 4.74393844604492 3.69366908073425 2.43322324752808 10.1007947921753 5.48008346557617 9.37086009979248 21.6934375762939 8.12790870666504 24.4062328338623 11.0228891372681 3.52779388427734 18.9178886413574 5.9133472442627 5.25014448165894 1.34016072750092 7.56635189056396 8.97384834289551 3.54406094551086 6.20981168746948 9.72719669342041 16.8612022399902 16.1036109924316 10.0803098678589 20.413948059082 20.1827430725098 18.3900527954102 18.1446552276611 17.9502563476562 14.71315574646 9.70882129669189 5.85797548294067 16.5732841491699 9.39603137969971 4.83076858520508 3.75221967697144 3.43361377716064
8.71486854553223 12.8779621124268 19.3161296844482 19.6434421539307 12.3352918624878 12.7726078033447 8.15436172485352 5.36210823059082 7.83623218536377 5.03019094467163 2.87054395675659 3.32700371742249 11.1720914840698 1.56102359294891 2.0449845790863 6.95047330856323 11.0381212234497 5.24993371963501 4.58245754241943 3.16918301582336 10.5907106399536 2.45989871025085 3.01631450653076 4.97450637817383 9.24303340911865 15.2529249191284 4.51662635803223 14.749059677124 15.6759405136108 17.5285873413086 19.5455703735352 10.5638809204102 6.9407753944397 16.8174705505371 6.09139013290405 5.47480201721191 7.72645473480225 11.7311182022095 11.5589771270752 6.87769269943237 5.96970891952515 5.30554056167603 4.07455110549927 3.10415077209473 3.49344182014465
13.0167207717896 9.49155807495117 13.1236028671265 11.8567123413086 10.737771987915 8.50875282287598 8.57987213134766 3.83002400398254 8.68754959106445 4.18146705627441 4.93973922729492 3.56568884849548 5.96984577178955 7.26587581634521 10.8315181732178 17.078685760498 13.4573202133179 18.1672687530518 12.3857917785645 4.5561056137085 10.6803789138794 3.10695314407349 20.8017253875732 20.2689971923828 7.03966283798218 4.51304244995117 8.15678024291992 16.2345542907715 11.0653219223022 18.9123516082764 18.484827041626 10.2279291152954 8.38424873352051 5.47504234313965 5.68747043609619 5.22282648086548 15.5052251815796 28.8237857818604 14.7939672470093 8.592360496521 6.37182378768921 5.80620002746582 4.25359773635864 10.2959833145142 11.7973775863647
10.4614324569702 8.68221664428711 8.16042804718018 7.70203590393066 16.6163845062256 9.47627449035645 8.4698486328125 6.90827465057373 16.3926086425781 7.8469934463501 3.05721116065979 4.63249635696411 8.71455383300781 7.29289388656616 6.29802799224854 26.745288848877 39.6137428283691 20.6728210449219 12.8139905929565 8.39934062957764 17.1648273468018 13.8305559158325 22.9641075134277 12.9949445724487 13.9069747924805 21.5147800445557 13.3765869140625 6.31915187835693 8.6381368637085 20.5417213439941 14.6738719940186 11.907751083374 7.88589906692505 6.50109434127808 11.6744604110718 4.64517974853516 22.2735500335693 30.4814529418945 21.0747585296631 15.6946430206299 7.04642105102539 5.71488189697266 4.70360660552979 3.52915191650391 3.81516265869141
