slauniainen/Data/DEM/Vihti_dem1500b_cl_horizonAngle_138.asc
NCOLS 196 
NROWS 178 
XLLCORNER 353680 
YLLCORNER 6699024 
CELLSIZE 16 
NODATA_value -3.4e+38 
[rows 140 to 159 of 178, columns 45 to 89 of 196]
6.25081205368042 6.17642879486084 6.06724882125854 6.05079507827759 6.33101940155029 6.34465456008911 5.60154962539673 5.47959041595459 5.40115118026733 5.50688219070435 5.71070384979248 5.76075077056885 5.95869255065918 6.11667442321777 6.27305316925049 6.53015327453613 6.56044816970825 6.86255979537964 6.79852724075317 6.90747117996216 7.03112649917603 6.93546915054321 7.07400274276733 7.56171703338623 7.8112473487854 7.31880283355713 5.90512561798096 5.18874216079712 5.02676343917847 4.69667530059814 5.05743885040283 4.4595422744751 4.99011278152466 5.10569620132446 6.85586595535278 10.0603713989258 8.5224027633667 2.69949102401733 3.56744766235352 4.12421894073486 4.85236692428589 5.46822643280029 6.19099855422974 7.03138113021851 6.49071073532104
6.53485488891602 6.52165174484253 6.42466068267822 6.32327461242676 6.86648273468018 6.75217151641846 5.71861362457275 5.59288311004639 5.63534021377563 5.82067203521729 6.04675436019897 6.24750900268555 6.33920431137085 6.54966735839844 6.75839710235596 6.95985889434814 7.38928937911987 7.44541835784912 7.75410795211792 7.55872583389282 7.56236886978149 7.76238346099854 7.63146066665649 7.74929666519165 8.31082439422607 8.74603366851807 8.24462985992432 6.89260530471802 6.63461112976074 6.32084035873413 5.75954961776733 5.64074277877808 4.73719310760498 4.08835554122925 6.76556921005249 9.10465145111084 8.85001182556152 2.59313106536865 2.92731118202209 3.80813694000244 4.50916862487793 5.05266189575195 5.6974778175354 6.24921846389771 6.50878190994263
6.76155138015747 6.71954727172852 6.62806797027588 6.47394561767578 7.30212116241455 6.26814985275269 5.83449745178223 5.74395608901978 5.81265115737915 6.17258787155151 6.40470790863037 6.57919263839722 6.76224517822266 6.93344163894653 7.16955041885376 7.4545464515686 7.68303442001343 8.23387622833252 8.42395496368408 8.72836875915527 8.64389419555664 8.49742126464844 8.74829006195068 8.65702056884766 8.92032718658447 9.59130668640137 10.2907209396362 9.77561664581299 8.23049068450928 7.54858636856079 6.76956748962402 6.10488986968994 5.96848630905151 4.95514535903931 5.09601449966431 12.1483469009399 7.03764152526855 2.57636666297913 2.60893177986145 4.5271635055542 4.15593910217285 4.83815622329712 5.33451128005981 5.94159460067749 6.51518678665161
7.18301820755005 7.09181928634644 7.00119018554688 6.89163970947266 6.63969039916992 6.23454713821411 6.02416038513184 5.95408868789673 6.21878957748413 6.67171859741211 6.81816720962524 7.02957105636597 7.23409700393677 7.45236015319824 7.65795564651489 7.88433837890625 8.30833435058594 8.59959316253662 9.29917430877686 9.65444469451904 10.0028800964355 10.0859241485596 9.70127201080322 9.97623062133789 10.0231943130493 10.2469024658203 11.0608234405518 11.9635791778564 11.2886810302734 11.666130065918 11.5365018844604 7.76461410522461 6.07254600524902 6.15088653564453 6.05254411697388 5.26138591766357 1.91453909873962 2.47280144691467 2.78234624862671 2.72809171676636 3.01150441169739 4.56592655181885 5.49646615982056 5.83422994613647 6.49618434906006
7.61004066467285 7.57112073898315 7.43965291976929 7.36810111999512 7.216796875 6.72959423065186 6.27959489822388 6.39318895339966 6.89427042007446 7.1239447593689 7.32941961288452 7.46527290344238 7.75991821289062 8.14144897460938 8.31165409088135 8.49588680267334 8.76686382293701 9.32954216003418 9.78577995300293 10.5544652938843 11.1060352325439 11.4145193099976 10.8668231964111 10.8508939743042 11.0096206665039 10.8729839324951 11.449423789978 12.33802318573 12.2655076980591 11.3104124069214 14.1235361099243 7.28786563873291 6.58277225494385 6.34358215332031 6.61311101913452 5.06790256500244 2.01615238189697 2.61060070991516 2.59466671943665 2.87566304206848 2.72846269607544 3.54266881942749 5.46979999542236 6.44295263290405 7.02023887634277
7.91687107086182 8.10642051696777 8.02732181549072 7.90379476547241 7.77472019195557 7.4259467124939 6.91734838485718 6.99071455001831 7.41643571853638 7.7422137260437 7.95546960830688 8.19727993011475 8.36999893188477 8.72027492523193 9.14845085144043 9.30932807922363 9.54111003875732 9.78051853179932 10.4460773468018 11.1153364181519 11.8570804595947 11.7556915283203 11.9139194488525 10.8863210678101 10.7244100570679 10.9200553894043 11.3983783721924 11.9712982177734 13.1214790344238 12.6800889968872 12.3657932281494 6.12782907485962 6.68980741500854 7.26726007461548 6.55479335784912 7.10580730438232 5.53644943237305 2.14089584350586 2.04855632781982 2.77521300315857 3.35583710670471 3.67790365219116 4.71516227722168 7.13879871368408 7.80904293060303
8.19390869140625 8.5399751663208 8.72424411773682 8.70052337646484 8.46737098693848 8.15824890136719 7.88928174972534 7.84604597091675 8.0245943069458 8.37506484985352 8.72062301635742 9.09029674530029 9.38924980163574 9.57110404968262 9.88220119476318 10.3316516876221 10.5631380081177 10.7921800613403 11.0317010879517 11.5202217102051 11.862603187561 12.5175580978394 12.4785575866699 12.8225269317627 11.6776895523071 11.5097064971924 11.8780517578125 13.2728576660156 14.4412536621094 14.025918006897 13.505970954895 8.15068626403809 6.17627286911011 6.45261144638062 5.93777227401733 6.58211708068848 7.83728790283203 6.19776916503906 2.21742081642151 2.35446166992188 3.33302021026611 4.48031425476074 5.0193133354187 7.76529312133789 9.16779899597168
8.50126457214355 8.81092643737793 9.30732440948486 9.47015285491943 9.43186092376709 9.00601673126221 8.62936592102051 8.68323040008545 8.90738105773926 9.21933555603027 9.59207916259766 10.0805673599243 10.5002174377441 10.7599716186523 10.9452238082886 11.0976572036743 11.501070022583 11.4984302520752 11.5034494400024 11.7426738739014 12.2067012786865 13.1710958480835 14.2531900405884 14.0178499221802 14.9112863540649 12.6268692016602 12.6000185012817 14.2813100814819 13.3287887573242 13.1165456771851 14.7623662948608 14.3778257369995 7.02033424377441 6.1882266998291 4.89977550506592 4.91761684417725 6.49464845657349 6.56396532058716 4.41963005065918 2.22098326683044 3.59154796600342 4.85028886795044 5.60096311569214 6.69651889801025 9.85031890869141
8.94929885864258 9.19832897186279 9.70727348327637 10.2033729553223 10.1780967712402 10.2843265533447 10.1304969787598 9.94612312316895 10.0360317230225 10.303032875061 10.494104385376 10.822624206543 11.0770854949951 11.2225313186646 11.601263999939 11.6099481582642 11.8451910018921 12.3197822570801 12.5194129943848 12.60484790802 13.319221496582 14.6907987594604 15.0172433853149 15.1455335617065 14.369514465332 16.5131568908691 12.4075365066528 12.6330137252808 11.7601356506348 10.4436521530151 11.9748849868774 14.3030433654785 9.72954082489014 8.04294395446777 6.07752132415771 5.04906320571899 5.13151788711548 7.55405235290527 7.00580453872681 3.20655584335327 2.94673752784729 4.451744556427 6.29977750778198 7.58545398712158 8.4428882598877
9.59362030029297 9.76203632354736 10.0452289581299 10.6945371627808 11.0742645263672 11.1180591583252 11.514012336731 11.3849458694458 11.1895780563354 11.1135835647583 11.0202512741089 11.516077041626 12.1565723419189 12.9994983673096 12.9256191253662 12.9435329437256 13.3213167190552 13.6616239547729 14.0078630447388 14.1424293518066 14.5880146026611 15.607346534729 16.1633911132812 14.9304695129395 15.6443271636963 14.869255065918 7.01624488830566 9.61367130279541 11.0884122848511 9.33121395111084 9.78977203369141 10.1304969787598 6.96016311645508 2.37979936599731 4.37039947509766 5.42794275283813 4.06398725509644 6.82043647766113 10.1700801849365 9.01739692687988 3.77174258232117 3.43242239952087 6.4726390838623 9.47237873077393 10.8793573379517
9.93205165863037 10.6238613128662 10.7495813369751 10.9412126541138 11.7005939483643 11.9793930053711 12.0765085220337 12.2472410202026 11.9169063568115 11.7438449859619 11.8827457427979 12.064923286438 12.8889865875244 14.0368490219116 15.405743598938 16.403938293457 14.24755859375 15.209755897522 14.6508703231812 15.6685619354248 15.0370645523071 14.2431116104126 13.9969596862793 12.6192903518677 12.7292547225952 6.86405467987061 6.12468528747559 7.077308177948 7.67754173278809 6.89644432067871 7.08227872848511 7.41603660583496 2.39665079116821 1.75707316398621 3.94775557518005 5.24971294403076 2.77451133728027 4.18382835388184 10.8748025894165 14.6260223388672 13.274266242981 5.78273105621338 4.26201629638672 9.62862873077393 16.1040267944336
10.1710548400879 11.1485643386841 11.7625217437744 11.6390171051025 11.8746585845947 12.2258548736572 12.3737058639526 13.1835460662842 14.3037872314453 13.6606025695801 13.2694234848022 13.1949396133423 13.6368408203125 14.3833179473877 16.4564933776855 14.6458072662354 12.6149492263794 13.4127931594849 12.6428546905518 13.1514472961426 13.1257247924805 12.0693016052246 10.6659421920776 10.7376613616943 8.21091365814209 5.06363582611084 5.69681930541992 6.54977178573608 7.1380090713501 4.45879173278809 3.85905146598816 3.42192459106445 2.65143251419067 2.55477452278137 4.08762216567993 6.23753976821899 6.8518385887146 6.04250478744507 7.93991947174072 17.6153430938721 17.2334384918213 12.3846855163574 1.74781262874603 5.38607740402222 13.9217252731323
10.9432411193848 11.5692911148071 12.1075448989868 11.9080295562744 12.0699367523193 13.1498355865479 13.6454343795776 14.7217264175415 15.9644718170166 17.5001449584961 15.9094114303589 13.9737939834595 13.8381366729736 15.2452249526978 14.4607830047607 12.2268848419189 11.2196235656738 10.9292974472046 9.85937690734863 10.1138906478882 10.7724180221558 9.23258018493652 8.98688507080078 9.13460636138916 5.10417318344116 5.01692628860474 5.59265327453613 7.00572824478149 8.60580348968506 8.8120584487915 4.67125654220581 3.80564069747925 3.58182144165039 4.94777727127075 5.35247945785522 5.84281730651855 10.4860591888428 9.77416324615479 3.0594494342804 7.57997465133667 2.89691686630249 -0.53017246723175 0.0574773289263248 1.75756132602692 5.42782783508301
11.6419076919556 11.8724184036255 12.8699817657471 13.3516883850098 13.1764221191406 13.3060312271118 14.9382848739624 15.3590307235718 16.9018974304199 19.3438758850098 19.1251544952393 14.9235792160034 14.2334747314453 13.5725374221802 11.714448928833 10.0893611907959 9.04258918762207 8.05444049835205 7.61805963516235 7.91621160507202 8.46919822692871 6.94706678390503 7.52936124801636 5.26383781433105 4.96581745147705 5.15657997131348 5.99414682388306 7.55435609817505 11.2272253036499 11.2193813323975 9.51704025268555 4.27820301055908 4.30023908615112 4.80247592926025 6.74104499816895 6.47128486633301 6.13075399398804 1.12600433826447 -0.465158879756927 2.33640122413635 3.14564728736877 -0.753854036331177 -0.362987756729126 0.742588639259338 2.10143327713013
13.3826894760132 13.5107173919678 13.6652536392212 14.6418714523315 14.7927103042603 13.8088035583496 13.741322517395 16.622049331665 17.130163192749 17.8662662506104 14.6186962127686 9.16368007659912 9.24118137359619 9.24850177764893 8.09367942810059 7.46434020996094 6.86984348297119 6.23005628585815 6.43930673599243 7.77377414703369 7.25077819824219 6.29945278167725 5.4410572052002 4.13247394561768 4.67183542251587 5.18187284469604 6.23325395584106 8.56894302368164 7.57938623428345 5.25738191604614 4.99534702301025 3.34107375144958 4.42951917648315 4.426438331604 4.43576812744141 2.6504442691803 2.57358074188232 2.33655476570129 0.591018974781036 0.304440408945084 0.279442667961121 -1.04428660869598 -0.631700396537781 0.0285719055682421 1.28140556812286
15.7436027526855 16.7287902832031 16.7889862060547 13.9806880950928 14.6806221008301 14.8747138977051 14.4378204345703 15.1340579986572 20.5238609313965 16.9938087463379 11.7748003005981 7.9543776512146 7.85688257217407 8.54765319824219 8.10496425628662 6.99824905395508 6.60384750366211 6.18897819519043 6.4050726890564 6.63686275482178 5.61352252960205 5.81814384460449 4.21961307525635 4.00548124313354 4.29086494445801 4.91292142868042 5.45707845687866 5.36227130889893 5.06496381759644 4.78802061080933 4.32258367538452 3.58893036842346 4.01507663726807 4.52621793746948 4.10749816894531 3.21830034255981 3.17783880233765 3.38367033004761 1.9381639957428 -0.105370469391346 -1.52447724342346 -1.31842565536499 -0.911015272140503 -0.200425654649734 0.738914847373962
17.581413269043 20.8273162841797 17.8497619628906 14.5924835205078 14.0433673858643 16.1623210906982 17.6050071716309 17.1423358917236 15.1606531143188 8.68358898162842 6.24923229217529 4.96304035186768 4.8738112449646 5.54224061965942 5.97438812255859 5.69494485855103 6.16696166992188 5.86534738540649 5.83191013336182 5.4806079864502 5.27468013763428 6.27799940109253 4.34658527374268 4.12553262710571 4.14291143417358 4.57041692733765 5.19749355316162 5.59180593490601 5.57377243041992 5.51000833511353 5.07546377182007 4.63617658615112 4.60230207443237 5.17519474029541 5.08084392547607 4.72290086746216 4.20192909240723 4.32051706314087 3.77749872207642 1.9984678030014 0.813185095787048 -1.44973707199097 -0.951794564723969 -0.183538347482681 0.619521617889404
18.0395240783691 19.3060626983643 13.1263484954834 11.9770479202271 12.138671875 11.8490219116211 8.21066761016846 5.98845243453979 6.22002363204956 4.5431170463562 3.42586088180542 3.49925994873047 3.62623524665833 3.73914408683777 3.90584492683411 3.80073213577271 3.94217586517334 4.34627056121826 4.59642457962036 4.73707389831543 4.62371826171875 4.70330476760864 4.46811056137085 4.41599225997925 4.30488634109497 4.25544691085815 4.74644899368286 5.41688871383667 6.09305715560913 6.42802667617798 6.55836343765259 6.3698582649231 7.13423633575439 7.40720272064209 7.21624565124512 8.14091873168945 8.24314022064209 6.92863893508911 6.1294264793396 5.32876348495483 4.0210428237915 4.9487361907959 -0.562812685966492 -0.385300159454346 0.735567450523376
17.5169429779053 14.4624309539795 10.5115537643433 9.11471843719482 6.44231081008911 4.78647661209106 3.47722339630127 2.96175479888916 3.01349425315857 3.17920351028442 3.33878421783447 3.48707485198975 3.59381890296936 3.71392011642456 3.81443476676941 3.96485543251038 3.84902358055115 3.9737823009491 4.28171730041504 4.41569662094116 4.48369693756104 4.5837721824646 4.79227304458618 4.69812774658203 4.66344928741455 4.3970046043396 4.53223562240601 5.1014838218689 6.45782279968262 7.58646678924561 8.39157581329346 9.6729679107666 12.1046476364136 12.2889251708984 11.5047292709351 12.6878366470337 14.623272895813 10.9903163909912 8.16821575164795 7.9721508026123 5.67272615432739 4.02165794372559 -1.65686750411987 -1.3779513835907 0.0585300102829933
11.3056383132935 10.5939655303955 6.63560485839844 2.9335081577301 2.49636936187744 2.55149674415588 2.76897740364075 2.87859344482422 2.97593951225281 3.06862473487854 3.30503392219543 3.55267786979675 3.71803712844849 3.81507468223572 3.94044184684753 4.01500129699707 4.18810892105103 4.04706954956055 4.1288685798645 4.42694854736328 4.57556295394897 4.67816638946533 4.91584253311157 5.29786443710327 5.278000831604 4.9722113609314 4.94171810150146 5.42397928237915 7.20520830154419 8.48397731781006 10.3403081893921 11.553074836731 14.8072919845581 20.4428253173828 15.9243831634521 10.8539619445801 8.57753849029541 3.70265436172485 2.39906048774719 3.9283549785614 4.70282363891602 6.38570785522461 -1.91546666622162 -1.58663034439087 -1.24601650238037
