slauniainen/Data/DEM/Vihti_dsm1500b_cl_horizonAngle_270.asc
NCOLS 196 
NROWS 178 
XLLCORNER 353680 
YLLCORNER 6699024 
CELLSIZE 16 
NODATA_value -3.4e+38 
[rows 100 to 119 of 178, columns 45 to 89 of 196]
-0.265549600124359 34.3666648864746 13.6916351318359 5.57597255706787 0.387563616037369 9.29606151580811 23.4543323516846 41.5190277099609 9.05188465118408 5.7455792427063 44.5335464477539 26.3776607513428 18.3550815582275 13.9188690185547 11.3906955718994 9.69864177703857 8.46870136260986 7.58215379714966 6.94038963317871 6.47860527038574 6.1717529296875 5.84874391555786 5.5571870803833 5.30551099777222 5.07643795013428 4.87073230743408 4.68215560913086 4.45265531539917 4.25177478790283 4.03183794021606 3.69506907463074 0.832052707672119 -0.404751271009445 -0.406552612781525 33.4794082641602 17.1942615509033 11.0299549102783 18.7604084014893 33.0804443359375 19.9249000549316 15.2345132827759 12.4410390853882 11.9628896713257 10.096643447876 9.90129661560059
7.34590911865234 3.79730987548828 3.41276478767395 3.03071975708008 1.93780291080475 3.50146126747131 19.4339256286621 43.9436302185059 26.2778091430664 18.3168106079102 14.8028841018677 12.4899873733521 10.8273849487305 9.52550792694092 8.52325057983398 7.78308725357056 7.19220972061157 6.72640514373779 6.31356716156006 5.99760675430298 5.82121801376343 5.63790464401245 5.38205194473267 5.12279462814331 4.87983655929565 4.67800855636597 4.44573307037354 4.21725845336914 3.9965512752533 3.76057314872742 3.4262056350708 0.95842057466507 -0.638705432415009 21.9437313079834 29.3495388031006 24.5823783874512 26.6891345977783 19.6107730865479 16.95361328125 15.8393106460571 13.9437398910522 13.4114532470703 12.9877872467041 9.96609973907471 23.3315658569336
-0.694230616092682 8.34782886505127 13.8152494430542 8.03409767150879 4.80145692825317 4.47415685653687 9.59402370452881 9.10677146911621 39.6955795288086 22.986478805542 15.8287630081177 12.0629186630249 9.45125389099121 8.1726598739624 7.51992225646973 6.84768772125244 6.31860113143921 5.89632129669189 5.57755327224731 5.32027959823608 5.17991876602173 5.05182218551636 4.84183263778687 4.60886096954346 4.40359544754028 4.22268629074097 4.05495548248291 3.88659310340881 3.69967532157898 3.49460124969482 2.34521198272705 1.25197923183441 0.468880474567413 0.134299904108047 39.4236450195312 32.4133758544922 24.4131469726562 20.7186698913574 19.1118144989014 11.9837532043457 11.0174522399902 10.9011240005493 7.29175710678101 28.3476696014404 15.5538120269775
8.595534324646 7.08815765380859 3.29093670845032 0.0172451641410589 1.65076041221619 22.1537017822266 4.64383554458618 0.912892937660217 54.7344360351562 35.3375091552734 25.6104869842529 19.4849815368652 15.8162870407104 13.5452260971069 11.7486362457275 10.2812442779541 9.25082302093506 8.52173709869385 7.95073986053467 7.47363138198853 7.12519884109497 6.78163623809814 6.40469360351562 6.04370880126953 5.69956874847412 5.3876690864563 5.09015989303589 4.80905103683472 4.49964046478271 4.15195274353027 3.80323338508606 1.81700229644775 1.2233669757843 0.827860116958618 9.48435401916504 34.549919128418 21.208122253418 17.0325565338135 15.6905679702759 8.29104423522949 7.75885391235352 17.7527275085449 5.82529211044312 21.2691860198975 10.0994510650635
4.73495578765869 33.1952514648438 5.62541961669922 0.24478942155838 5.04020023345947 6.55079174041748 4.70916652679443 3.9706027507782 44.7742156982422 25.8193073272705 18.0190162658691 14.1318893432617 11.680383682251 9.82501697540283 8.45193481445312 7.39724588394165 6.6420521736145 6.18709182739258 5.83123159408569 5.53954172134399 5.29949045181274 5.04429197311401 4.75030565261841 4.45477771759033 4.20510149002075 3.9773051738739 3.78354001045227 3.58318614959717 3.34738802909851 3.11741089820862 2.81053781509399 2.42758798599243 1.89439058303833 0.395994663238525 24.9675121307373 24.889575958252 18.6836318969727 16.1224327087402 14.9884481430054 6.11637544631958 24.2087707519531 13.2313356399536 7.04523181915283 19.0585289001465 8.50810623168945
37.4982833862305 21.2732353210449 8.02108287811279 0.373655289411545 0.152191564440727 -9.18970908969641e-05 4.87175846099854 1.32504856586456 48.8419723510742 27.9851169586182 17.4089794158936 14.1775760650635 -1.41067504882812 54.1400604248047 34.7343711853027 24.8271789550781 19.41916847229 16.1323547363281 13.8937578201294 12.2324819564819 10.9631004333496 9.87367820739746 8.88646793365479 8.09236431121826 7.45903539657593 6.91865968704224 6.34867858886719 5.72381782531738 5.22871160507202 4.82682132720947 4.26055574417114 3.85967469215393 3.43230628967285 2.90343976020813 0.68865555524826 45.8396339416504 29.5222949981689 22.8930377960205 19.5573196411133 9.87324333190918 15.9312582015991 10.5499649047852 5.53343486785889 31.2324714660645 16.1986980438232
26.4267463684082 14.3892612457275 9.73931312561035 0.74925708770752 -0.112093321979046 -0.151570916175842 31.9619750976562 10.811203956604 36.8725776672363 16.9891910552979 9.04538536071777 7.44708347320557 -1.2140508890152 28.4130306243896 44.724235534668 27.1728096008301 21.4584350585938 17.80002784729 15.1398324966431 13.0472440719604 11.7084493637085 10.5004959106445 9.52096271514893 8.71944046020508 8.06589698791504 7.36608934402466 6.5933985710144 6.07558584213257 5.68780565261841 5.25929546356201 4.70285177230835 4.35723447799683 4.10831642150879 3.74039435386658 3.34505605697632 13.7991380691528 10.4823637008667 9.65419673919678 9.05867576599121 4.77751398086548 3.33617973327637 6.63090324401855 2.56230401992798 2.37590599060059 27.438850402832
2.52846431732178 1.97817444801331 1.71482491493225 0.137214809656143 26.5347919464111 0.133812427520752 -0.149766772985458 15.8532524108887 21.1137866973877 10.4339122772217 4.85320901870728 3.17951250076294 -1.65245258808136 51.9086990356445 34.9346237182617 25.4930095672607 19.9781112670898 16.5230083465576 13.6423673629761 11.2924547195435 10.2862672805786 9.52653884887695 8.7098913192749 8.02757740020752 4.86304330825806 24.9219913482666 11.7804088592529 7.89689445495605 5.90630054473877 4.77542591094971 4.45035886764526 4.17334461212158 3.90840411186218 1.61547315120697 12.2996692657471 33.994010925293 22.1305198669434 17.9770927429199 15.1122627258301 9.35653209686279 6.72407054901123 6.22929000854492 5.99643039703369 5.01060152053833 14.0447416305542
4.77261257171631 4.04536533355713 3.5745165348053 3.1472601890564 -0.142667323350906 -0.238353803753853 28.3013801574707 15.0987787246704 9.79820537567139 6.22725534439087 -1.20611786842346 -1.46466970443726 47.6439819335938 29.5881404876709 23.0698757171631 19.0974063873291 15.8820676803589 13.5362005233765 11.4087400436401 9.50631713867188 8.79945278167725 8.31712627410889 6.82137775421143 9.46292781829834 6.34182453155518 5.73750066757202 5.35543251037598 4.98344373703003 4.6566596031189 0.354433715343475 14.029709815979 9.71214485168457 0.175713673233986 1.60468292236328 22.4767780303955 45.2844085693359 29.9305553436279 23.6234035491943 12.295581817627 14.9912567138672 9.69869327545166 7.97990942001343 29.6366100311279 15.3488473892212 5.8770489692688
2.90503191947937 2.75960493087769 2.6925528049469 2.56412553787231 2.14251351356506 4.50066137313843 2.12839698791504 1.9961484670639 1.84831202030182 1.63798654079437 1.12077713012695 -1.12543642520905 39.8483963012695 22.5329055786133 16.2930774688721 13.7948246002197 11.6397352218628 9.93561935424805 8.35760879516602 6.96270561218262 6.26807498931885 5.82124471664429 5.61646318435669 5.09623575210571 4.50895547866821 4.11892509460449 3.7974579334259 3.53311896324158 -1.09244811534882 1.41677868366241 11.4158163070679 2.47576904296875 -1.10543429851532 7.15173244476318 4.87799692153931 55.0048408508301 38.2992515563965 29.7292747497559 10.1884326934814 20.563081741333 8.15614318847656 6.77227067947388 4.87402296066284 4.42795562744141 25.9599781036377
3.84278512001038 3.59679698944092 3.48592305183411 3.32999229431152 3.15850305557251 2.97771644592285 2.81296586990356 2.66482901573181 2.51673150062561 2.34177350997925 2.09529876708984 1.83015251159668 1.62205934524536 1.52335321903229 1.50439250469208 1.49172782897949 1.48391544818878 1.46188020706177 1.40344679355621 1.33682715892792 1.2640209197998 1.23596572875977 3.73351120948792 2.14373993873596 1.21172869205475 1.15388035774231 1.08169710636139 -0.44878876209259 -0.742783546447754 -0.793176770210266 1.72815835475922 1.36663508415222 -0.874464988708496 16.5662269592285 3.93850874900818 11.6250972747803 12.3595924377441 10.9810962677002 10.4106225967407 12.1451377868652 7.67147302627563 5.71293973922729 11.041316986084 8.76435375213623 3.70034670829773
5.47243547439575 5.04652500152588 4.78167533874512 4.56321048736572 4.32854318618774 4.0923867225647 3.87393045425415 3.67637085914612 3.49131536483765 3.29844546318054 3.07876586914062 2.79932069778442 2.49807238578796 2.32269763946533 2.27751922607422 2.21958422660828 2.14162516593933 2.05714845657349 2.03388166427612 1.97637259960175 1.89343273639679 1.83513617515564 1.82036542892456 1.57964777946472 7.92054224014282 0.963377952575684 0.242456197738647 -0.0421438589692116 -0.266941964626312 18.0213890075684 9.82513999938965 5.34783840179443 -0.0307604372501373 -0.471376061439514 2.81193661689758 15.9626388549805 28.0497550964355 13.3931074142456 9.1613941192627 16.3029460906982 7.71880674362183 7.24460792541504 6.54012537002563 5.83149385452271 4.61134433746338
5.50653648376465 5.07598304748535 4.73071718215942 4.49313640594482 4.26605558395386 4.04362487792969 3.82964277267456 3.63501381874084 3.44914364814758 3.26580572128296 3.07672929763794 2.86731863021851 2.60261416435242 2.39784002304077 2.28672313690186 2.17792248725891 2.07433176040649 2.00799059867859 1.97274172306061 1.93869030475616 1.87620186805725 1.81541574001312 0.0912194550037384 47.0512886047363 12.4425449371338 2.38742232322693 4.41664743423462 0.185259222984314 0.0579531602561474 0.0127234030514956 17.904634475708 -0.104913108050823 -0.227375864982605 10.3392953872681 3.46622395515442 1.85141754150391 9.73958301544189 14.9459133148193 13.0904178619385 10.7333822250366 5.63314151763916 5.30291748046875 11.4399538040161 7.40546655654907 4.20847702026367
5.3516674041748 4.94947385787964 4.59018468856812 4.29121732711792 4.05732345581055 3.84725475311279 3.64295339584351 3.45530581474304 3.27730941772461 3.10035634040833 2.93929934501648 2.77252531051636 2.55870723724365 2.38499474525452 -0.672594726085663 -0.832064867019653 55.5637092590332 35.9907836914062 25.9949417114258 20.1629505157471 3.06263971328735 17.6611766815186 16.3463153839111 13.0998649597168 5.11326313018799 3.73987674713135 3.01092457771301 1.89140689373016 0.638840436935425 25.9503650665283 1.96933889389038 0.387877613306046 4.62845945358276 6.25649547576904 3.98975324630737 19.3907604217529 12.5536432266235 7.10215330123901 3.31920170783997 24.4746685028076 7.95013380050659 2.31359124183655 15.9836006164551 6.22687768936157 4.29100513458252
5.09753942489624 4.69065713882446 4.34669637680054 4.01283884048462 3.75675988197327 3.5407555103302 3.34164071083069 3.1325352191925 2.96334767341614 2.80264186859131 2.6509416103363 2.49925065040588 2.33193492889404 2.14424896240234 0.2869593501091 -0.826334595680237 17.6511707305908 43.5953712463379 25.5186138153076 1.95146608352661 1.57252597808838 -0.432543575763702 32.88427734375 16.1879959106445 36.2181587219238 7.87966871261597 2.96636176109314 2.65785646438599 0.147918924689293 -0.888212740421295 0.522727191448212 14.1500053405762 5.54740142822266 4.84717035293579 3.93366241455078 19.9804821014404 14.0081157684326 11.6597623825073 8.39098739624023 3.67590045928955 2.68828845024109 2.18455410003662 1.82833302021027 1.81277918815613 13.1324138641357
6.08472967147827 5.52206039428711 5.06402730941772 4.64540433883667 4.31730079650879 4.01084804534912 3.74644064903259 3.48448777198792 3.2685968875885 3.07300305366516 2.89350867271423 2.7258608341217 2.54706001281738 2.33829975128174 0.34115794301033 -0.377651989459991 -0.597651124000549 -1.05110704898834 23.7395324707031 1.67785620689392 11.3722810745239 5.46762228012085 35.6803550720215 12.8622636795044 12.2775135040283 4.13410186767578 0.579335749149323 -0.232901886105537 14.5741128921509 1.54795336723328 -0.478485435247421 11.5658130645752 6.26468181610107 20.2061977386475 11.2368974685669 6.4568829536438 16.0054035186768 4.7036452293396 13.9764671325684 3.75578832626343 2.40058660507202 2.57564377784729 3.31904935836792 1.6543573141098 14.1650218963623
6.30263042449951 5.70646572113037 5.2075343132019 4.7857928276062 4.42056369781494 4.08801174163818 3.81025910377502 3.56940078735352 3.33929467201233 3.13901710510254 2.95608735084534 2.78558969497681 2.60508346557617 2.41234922409058 2.18928599357605 -0.0412593111395836 -0.376182287931442 -0.522461175918579 8.02545070648193 3.22262287139893 -0.719155669212341 23.349702835083 31.144079208374 21.3663787841797 4.70864725112915 0.325651705265045 0.207798480987549 -0.119660444557667 -0.856706202030182 -1.17761719226837 -1.18099427223206 12.5117206573486 1.97431218624115 21.3724212646484 9.58211040496826 11.8953714370728 6.97008895874023 11.354229927063 11.1757011413574 6.45419597625732 3.95682311058044 3.28658747673035 2.68934535980225 8.33015727996826 2.48663425445557
6.63709259033203 5.98476266860962 5.45202827453613 5.01222229003906 4.63728046417236 4.29943943023682 3.99367046356201 3.75021839141846 3.51118755340576 3.30346155166626 3.11909008026123 2.93509531021118 2.73842763900757 2.5243513584137 2.31323528289795 0.797163009643555 -0.176278427243233 6.51973104476929 -0.431568801403046 -1.05267858505249 7.64725112915039 46.937068939209 27.7478084564209 20.2263011932373 16.8910617828369 2.28621816635132 1.7493702173233 -0.647262632846832 -1.45850968360901 0.60989373922348 -1.46098160743713 18.0563011169434 11.2259149551392 11.5218782424927 9.3983736038208 19.9322910308838 8.70040130615234 6.64329528808594 5.33912420272827 11.9836769104004 5.03426599502563 3.98090982437134 2.53151249885559 17.9686222076416 9.01063251495361
6.67018222808838 5.97338771820068 5.39842557907104 4.94165420532227 4.56865930557251 4.24978017807007 3.94258642196655 3.68218612670898 3.45619916915894 3.24404501914978 3.0627293586731 2.8819694519043 2.66985821723938 2.42088198661804 2.21985912322998 2.06345653533936 0.43478935956955 0.609352827072144 -0.481740832328796 -0.846673130989075 -0.888931393623352 46.8015747070312 29.0872955322266 21.0219421386719 16.4916896820068 -1.0887565612793 15.0057182312012 8.06018352508545 -0.294784724712372 -1.76495957374573 9.49178504943848 10.6585636138916 7.21747398376465 18.4700622558594 11.0688419342041 7.22995615005493 11.3897686004639 12.7929086685181 5.20160913467407 3.62214493751526 6.34186792373657 3.31535029411316 6.85994148254395 5.49512815475464 5.32470369338989
6.67457342147827 6.03092050552368 5.49419975280762 5.0348916053772 4.65455532073975 4.32789659500122 4.03203630447388 3.75324892997742 3.52141523361206 3.3003363609314 3.11348605155945 2.93304443359375 2.71425032615662 2.4570484161377 2.24956631660461 2.07704496383667 0.706275224685669 27.9213275909424 13.7637166976929 -1.2509857416153 7.28365468978882 48.9222373962402 29.7405338287354 21.5029449462891 1.70442652702332 1.55273008346558 4.85035181045532 0.502318501472473 -0.534088909626007 -0.684204876422882 8.83428001403809 2.04682779312134 4.17397117614746 0.582911968231201 11.8255138397217 10.3386373519897 7.37966680526733 4.33472299575806 0.490969598293304 0.268751502037048 8.32728481292725 3.36781287193298 3.21066546440125 6.64945650100708 2.96749949455261
