slauniainen/Data/DEM/Vihti_dem1500b_cl_horizonAngle_54.asc
NCOLS 196 
NROWS 178 
XLLCORNER 353680 
YLLCORNER 6699024 
CELLSIZE 16 
NODATA_value -3.4e+38 
[rows 60 to 79 of 178, columns 135 to 179 of 196]
1.55840349197388 1.63425803184509 1.80315983295441 1.95420229434967 2.09971213340759 2.39682602882385 4.1134467124939 5.56425809860229 7.16333532333374 7.94643497467041 8.82183170318604 9.38793754577637 10.1924962997437 10.7575883865356 11.2370014190674 11.3181810379028 11.7059345245361 12.9790210723877 15.1488103866577 11.5638360977173 5.48221588134766 4.2462043762207 3.69817185401917 -2.73694968223572 -1.79190039634705 2.99173331260681 0.895116746425629 -0.825372695922852 -0.800948023796082 -0.383592873811722 -0.035035002976656 0.269212126731873 1.24715435504913 3.56020903587341 2.17956876754761 5.00701713562012 10.1421022415161 12.7908477783203 9.3202657699585 8.44092178344727 3.55649781227112 0.790649712085724 1.04655802249908 1.79931914806366 2.76979494094849
1.73572504520416 1.89311754703522 1.88113701343536 1.98678493499756 2.57999086380005 3.74401688575745 6.30803632736206 6.68596935272217 7.08538007736206 7.92875289916992 8.31622886657715 8.58518123626709 8.92782115936279 9.60552978515625 9.74953460693359 9.46850776672363 10.1389274597168 11.7723169326782 14.2426586151123 14.4344778060913 8.45430469512939 5.8041205406189 9.50482559204102 1.13963317871094 -0.940079092979431 -0.380649924278259 -1.37437951564789 -1.03661680221558 -0.649963974952698 -0.292615681886673 0.0398148037493229 0.341518044471741 1.1662985086441 3.74952936172485 4.34514999389648 6.7497820854187 9.34098148345947 10.353196144104 8.29879951477051 5.46582984924316 6.12617015838623 1.73876655101776 1.33543539047241 1.98022413253784 2.84826397895813
1.69848215579987 1.80099523067474 1.97736263275146 2.48847484588623 3.59409976005554 5.95655202865601 6.47347927093506 7.23007392883301 7.46587038040161 7.9022421836853 8.25409317016602 8.60220336914062 8.57940578460693 8.48080444335938 8.07975292205811 7.77660799026489 8.78814601898193 9.80464553833008 9.90626239776611 10.9542331695557 10.3232069015503 5.63334465026855 4.90064191818237 -0.0276257283985615 -1.69605684280396 -1.51947700977325 -1.44399499893188 -1.15380930900574 -0.80571848154068 -0.344270169734955 0.04010970890522 0.394778519868851 2.58041906356812 5.17642736434937 5.846351146698 7.36851453781128 7.65652322769165 7.31702184677124 7.27279186248779 4.79253911972046 3.39776253700256 2.41896200180054 1.74041402339935 2.30403637886047 3.03253316879272
1.74050688743591 1.97705793380737 3.29496192932129 4.44038867950439 5.5566668510437 6.02706336975098 6.73081731796265 7.05272817611694 7.37316417694092 7.58548164367676 7.84339284896851 7.53814458847046 7.28222894668579 6.85148143768311 6.58860731124878 6.86098575592041 7.13520050048828 7.07203245162964 7.30670738220215 6.98937129974365 6.65899085998535 5.2024941444397 1.31276512145996 -1.72552502155304 -1.59321343898773 -1.63870918750763 -1.7487758398056 -1.42522263526917 -0.898917019367218 -0.367437273263931 0.0501601360738277 1.35892832279205 3.93343091011047 5.33337306976318 5.94362878799438 6.39234781265259 5.38214302062988 4.6355676651001 4.21774911880493 5.05023241043091 3.97934460639954 1.83368194103241 2.14600801467896 2.53155827522278 3.09802460670471
2.18147087097168 3.13069581985474 5.07536792755127 5.44159173965454 5.64111709594727 6.30203104019165 6.56019067764282 6.88298463821411 7.09368419647217 7.22005176544189 6.92805671691895 6.14321613311768 5.76954221725464 5.34762763977051 4.83533763885498 5.2024827003479 5.12708187103271 5.11644792556763 5.54574489593506 4.15165376663208 2.98567414283752 2.53876447677612 0.145566031336784 -1.18199336528778 2.33964729309082 0.444243758916855 -1.73034822940826 -1.39750492572784 -0.91407310962677 -0.27155539393425 0.893328964710236 2.48660182952881 3.75963497161865 4.46137619018555 4.15107107162476 4.21985006332397 4.00196599960327 2.64275717735291 1.5306636095047 2.18060636520386 2.8757586479187 2.15683746337891 2.4717230796814 2.75910449028015 3.17366242408752
2.95599269866943 4.7762017250061 5.14192819595337 5.78651237487793 5.96160459518433 6.14523983001709 6.41651201248169 6.59409332275391 6.50918674468994 6.43562412261963 5.79029369354248 4.94884061813354 4.51640748977661 3.98358511924744 3.40409231185913 3.22765159606934 3.83654522895813 2.84425568580627 2.32387542724609 1.05847692489624 1.43236041069031 1.62121737003326 0.165495246648788 0.901886284351349 2.4624810218811 -1.92489910125732 -1.67592287063599 -1.33507370948792 -0.820013642311096 0.656628847122192 1.73984956741333 2.13442969322205 2.51677465438843 1.30045771598816 1.96739935874939 2.19420051574707 1.85826706886292 1.2767436504364 1.47920370101929 1.73061656951904 1.98386466503143 2.28148984909058 2.60312628746033 2.9214653968811 3.19904184341431
4.49416732788086 4.83185005187988 5.43642711639404 5.63725519180298 5.94813537597656 6.06212568283081 6.16828298568726 6.08037185668945 6.28236627578735 6.63974666595459 4.84055852890015 4.05487537384033 4.36896848678589 3.27831721305847 2.57323217391968 2.76086115837097 1.50100266933441 0.472365111112595 -1.06119883060455 -2.4232165813446 -1.44593346118927 0.906833410263062 2.71166324615479 4.3366551399231 4.55346441268921 -0.490257799625397 -1.79423189163208 -1.34675168991089 -0.566249489784241 0.77644294500351 1.32757222652435 0.940252006053925 0.261983096599579 0.120709821581841 0.441503137350082 0.826323688030243 1.11273169517517 1.31776440143585 1.56575977802277 1.78516829013824 1.90442180633545 2.13817262649536 2.56351637840271 2.71374225616455 2.94298648834229
4.55070352554321 5.11751222610474 5.29283046722412 5.59498977661133 5.78127765655518 5.88122367858887 5.68472862243652 5.44828605651855 5.25014543533325 4.9729700088501 3.80688667297363 3.97841763496399 5.15559101104736 3.62794852256775 2.21857380867004 0.605606973171234 -0.317364871501923 -0.79640519618988 -2.73134112358093 -3.11470079421997 -1.79175078868866 -1.4093804359436 2.34150338172913 5.62754011154175 6.22519731521606 5.21088600158691 0.681685864925385 -0.777398884296417 -0.26588186621666 0.35951966047287 -0.306075006723404 -0.581083834171295 -0.125076904892921 0.0566711500287056 0.268253356218338 0.543029129505157 0.915274143218994 1.224325299263 1.58556830883026 1.85082936286926 1.90530836582184 1.95002174377441 2.23997783660889 2.58254456520081 2.84160208702087
4.80297756195068 4.96771335601807 5.25605154037476 5.41124248504639 5.39643239974976 5.44788980484009 5.16809034347534 4.54782772064209 3.79098224639893 3.3644654750824 3.16959500312805 3.98509311676025 6.42843151092529 6.25499820709229 2.21604800224304 0.144186839461327 -1.39294397830963 -3.63674259185791 -3.66201090812683 -2.68519806861877 -2.07896995544434 -1.61025476455688 1.01744890213013 2.80139374732971 4.26211214065552 4.60542678833008 3.17661714553833 -0.253348916769028 -0.27630540728569 0.251852422952652 0.620086491107941 -0.830288827419281 -0.456790298223495 -0.0445242784917355 0.27487650513649 0.36705470085144 0.663547992706299 0.9782874584198 1.46077048778534 1.81676137447357 1.92528569698334 1.82826173305511 1.86275935173035 2.29304432868958 2.73600459098816
4.77950096130371 4.92201709747314 5.04810380935669 5.04760408401489 4.9626669883728 5.4899468421936 5.97526025772095 3.61154723167419 2.98644876480103 2.76468896865845 2.92553520202637 4.37134265899658 6.47653007507324 6.4875431060791 4.30113172531128 3.36692881584167 -0.276642650365829 -3.90944766998291 -3.73119616508484 -3.38417792320251 -2.72273397445679 -1.38048589229584 0.618282973766327 0.465601027011871 0.943780124187469 0.639827787876129 1.4435156583786 1.35671067237854 -0.962741136550903 -1.04021775722504 1.82955360412598 0.960783064365387 0.124566733837128 3.89667415618896 7.30630254745483 2.95878744125366 0.583204388618469 0.902787148952484 1.29602873325348 1.59324324131012 1.71063268184662 1.59230744838715 1.67890012264252 2.03499150276184 2.47989296913147
4.53106784820557 4.66133880615234 4.68374872207642 4.57971525192261 4.35176229476929 7.1745777130127 6.90502548217773 4.19150352478027 2.59782838821411 2.61313223838806 3.02761363983154 4.03431034088135 6.56295728683472 7.70899534225464 7.0202956199646 6.46516704559326 2.15310597419739 -2.91058468818665 -4.01558208465576 -4.03525543212891 -3.62690782546997 -1.77574944496155 -1.29137563705444 -0.286816358566284 0.513940691947937 0.850275039672852 3.05103087425232 2.58956742286682 -1.0107843875885 -2.07834720611572 -1.68701410293579 0.981988906860352 3.07798957824707 3.32409143447876 5.60598802566528 7.10495519638062 0.479892462491989 0.752768754959106 1.09960174560547 1.30704295635223 1.41392052173615 1.41173505783081 1.44861114025116 1.78182888031006 2.20955872535706
4.13117456436157 4.18413114547729 4.20347261428833 4.00310468673706 4.36153793334961 6.07833862304688 5.49449920654297 2.42670202255249 2.39488577842712 2.61067223548889 2.39452052116394 4.13230228424072 6.25987577438354 7.18331003189087 7.34398365020752 7.85464096069336 5.14434385299683 2.05451202392578 -2.3526017665863 -3.7172737121582 -3.10867428779602 -1.92946875095367 -1.15915513038635 -0.586685121059418 0.144362568855286 1.97248518466949 5.07304620742798 7.32057571411133 6.15628719329834 0.912093639373779 -1.58102786540985 1.53858637809753 2.78566217422485 4.40643167495728 6.13567590713501 8.01369762420654 2.2799084186554 0.564522325992584 0.868499755859375 1.04027831554413 1.10616707801819 1.19897556304932 1.28479981422424 1.49382853507996 1.85688543319702
3.69619083404541 3.58198833465576 3.5947630405426 3.39252829551697 3.96785712242126 6.21467065811157 5.62299060821533 2.80999898910522 1.96470105648041 2.4611222743988 3.03245782852173 3.49720430374146 5.78781843185425 6.03180360794067 6.26002025604248 5.85687828063965 4.93119192123413 5.25006437301636 -0.236826494336128 -2.63094878196716 -2.12209177017212 -1.3811742067337 -0.909013390541077 -0.779193162918091 0.732686340808868 2.80809140205383 4.52208518981934 8.46883869171143 7.91702651977539 7.75943613052368 2.3505380153656 1.89061307907104 3.63068389892578 4.98609685897827 5.15561532974243 6.63888311386108 4.88487720489502 0.325109362602234 0.58193576335907 0.843306958675385 0.967980682849884 1.91531419754028 1.20068120956421 1.39362061023712 1.63040053844452
3.09264469146729 2.97758531570435 2.94085788726807 2.7843074798584 3.14108991622925 5.564621925354 6.53253126144409 4.5422945022583 2.18768000602722 2.86833143234253 3.55405378341675 4.32185649871826 5.44111776351929 6.23196125030518 5.10986042022705 3.94946146011353 2.96691799163818 4.27800035476685 -1.2464771270752 -1.97812569141388 -1.71131670475006 -1.22082054615021 -1.06112229824066 -0.363044232130051 1.25434684753418 2.94142150878906 1.8795018196106 2.81108474731445 3.77769589424133 4.60174131393433 4.69580030441284 3.45164561271667 4.47710847854614 4.77891159057617 4.61536645889282 6.11474275588989 5.29912137985229 0.350872397422791 0.521783471107483 0.885112881660461 0.950790882110596 0.998879373073578 1.15862441062927 1.32513451576233 1.51073670387268
2.33454895019531 2.3821394443512 2.48010468482971 2.32173156738281 1.93562412261963 2.47593879699707 4.46352338790894 4.3474063873291 3.63324213027954 3.47962951660156 4.14829301834106 4.60101699829102 4.24041223526001 4.09616422653198 3.37611842155457 1.76849162578583 0.323082804679871 0.616725444793701 -1.99799525737762 -1.9262809753418 -1.79924297332764 -1.7903767824173 -1.39862656593323 0.40405136346817 1.71265530586243 1.44009065628052 2.15237069129944 1.357426404953 2.29084467887878 2.34853267669678 2.91279602050781 4.11914730072021 4.58459615707397 4.6324520111084 5.16222429275513 5.72038650512695 5.4557409286499 3.15065503120422 0.734869778156281 0.941706001758575 1.47054433822632 1.12524330615997 1.16688811779022 1.29274463653564 1.44647765159607
1.68619608879089 1.89688456058502 4.69607067108154 2.65297365188599 1.15200698375702 1.62487387657166 2.48168897628784 3.24337482452393 3.51063370704651 3.85990738868713 4.03254747390747 3.86001682281494 3.16197824478149 2.26390814781189 0.83480316400528 -0.982141315937042 -2.02027201652527 -1.91065990924835 -1.95550036430359 -2.21227264404297 -2.48275279998779 -2.372638463974 -1.92691445350647 -0.704798698425293 0.283589571714401 1.53418684005737 1.29729771614075 1.62833249568939 2.96687960624695 3.67910623550415 3.0742609500885 3.35397863388062 4.27935886383057 7.49189472198486 6.5825719833374 4.94461345672607 3.70080757141113 2.59224724769592 0.785088777542114 1.26134538650513 2.48533535003662 1.15710198879242 1.24860775470734 1.39410972595215 1.58046543598175
1.35038149356842 1.76285994052887 7.20133781433105 3.97074484825134 1.43188786506653 2.1665952205658 2.81725287437439 3.64087200164795 3.91923356056213 3.25203108787537 4.30638027191162 4.71713876724243 3.15763902664185 1.72550857067108 0.0112407561391592 -1.22687780857086 -1.31470561027527 -0.333492368459702 -0.443509668111801 -0.206245467066765 -2.02018737792969 -2.60149431228638 -2.10897254943848 -1.22811961174011 -0.0274604149162769 0.718970835208893 1.52363133430481 2.1061897277832 2.62006330490112 2.84867739677429 3.96584796905518 4.39007425308228 5.58225965499878 7.95608758926392 11.8152475357056 12.6637477874756 8.37441158294678 4.92595529556274 1.54645276069641 0.9139683842659 1.12263023853302 1.23978137969971 1.34671032428741 1.49285364151001 1.56663918495178
1.26758658885956 3.03387832641602 7.02080106735229 5.81466388702393 3.29389333724976 3.56194949150085 5.28584909439087 7.05729055404663 4.70732116699219 4.18179321289062 4.86790227890015 5.16405010223389 4.79281997680664 3.85220503807068 2.22975754737854 0.202014729380608 -0.210140123963356 0.870356023311615 0.345877677202225 0.0681756362318993 -1.32456266880035 -2.67974376678467 -1.66565322875977 -0.917299807071686 -0.239275619387627 0.883795380592346 1.57908248901367 2.18005418777466 2.37167072296143 2.87785458564758 3.70373439788818 4.98320722579956 6.56469678878784 7.92728233337402 7.03671884536743 5.65908622741699 5.12298965454102 4.47005367279053 1.50005304813385 0.614258706569672 0.81795871257782 0.988189101219177 1.17348623275757 1.37665402889252 1.49369549751282
0.906900405883789 3.65867614746094 5.79527997970581 6.38502073287964 5.22941255569458 6.5131139755249 9.01870059967041 7.98704051971436 5.45335912704468 5.0366153717041 6.71623754501343 7.7530255317688 7.75941705703735 6.49893951416016 3.93700742721558 1.69769334793091 0.430914640426636 1.0741286277771 -0.827477991580963 -1.54585433006287 -2.73991632461548 -1.99284815788269 -1.44193685054779 -0.827802658081055 -0.0231862142682076 0.771608948707581 1.316446185112 1.9688572883606 2.37855863571167 3.07419967651367 4.0956859588623 4.76552486419678 5.99973630905151 5.34842586517334 6.04323101043701 6.57223892211914 5.62756681442261 4.92904281616211 3.67445039749146 2.0148332118988 0.50555032491684 0.637022018432617 0.797395706176758 0.984952807426453 1.20712566375732
1.32711923122406 3.21822023391724 4.47518348693848 5.17223882675171 5.81733274459839 9.42561531066895 12.0744533538818 7.59104108810425 5.46720790863037 6.69032764434814 8.60364055633545 9.63984870910645 9.17490196228027 7.37152242660522 4.15135860443115 2.30056571960449 0.906503617763519 1.93057799339294 -0.757441818714142 -2.35036444664001 -2.21967506408691 -1.81170177459717 -1.10139834880829 -0.52198737859726 0.186168447136879 0.700492978096008 1.30991351604462 2.03592586517334 2.48234701156616 3.32463669776917 3.55690789222717 4.58714008331299 4.31598520278931 3.96508359909058 3.86069464683533 4.26559925079346 4.26201629638672 3.70041298866272 3.81124019622803 4.07308769226074 2.14238095283508 0.386614382266998 0.489244192838669 0.619492709636688 1.26232576370239
