slauniainen/Data/DEM/Vihti_dem1500b_cl_horizonAngle_342.asc
NCOLS 196 
NROWS 178 
XLLCORNER 353680 
YLLCORNER 6699024 
CELLSIZE 16 
NODATA_value -3.4e+38 
[rows 140 to 159 of 178, columns 45 to 89 of 196]
-0.880197882652283 -0.8531094789505 -0.789502501487732 -0.707199394702911 -0.677632451057434 -0.664674162864685 -0.415308177471161 -0.470620691776276 -0.521019816398621 1.15189409255981 1.14648354053497 2.25217342376709 3.23130631446838 3.56813192367554 4.42782688140869 3.62537217140198 1.91497421264648 0.74270361661911 0.0248492043465376 -0.0826116278767586 -0.125308945775032 -0.271366387605667 -0.374250382184982 -0.396720111370087 -0.130921110510826 -0.0672497525811195 -0.0549966655671597 -0.0373201481997967 4.28214645385742 6.90315294265747 7.40557050704956 6.51307153701782 6.20730447769165 4.89850044250488 4.05305814743042 2.85411763191223 0.848704874515533 0.268914699554443 -0.207123696804047 -0.416425436735153 0.12208729237318 0.930470049381256 1.60033488273621 1.9208220243454 1.87923574447632
-0.917641282081604 -0.877096891403198 -0.836255788803101 -0.782166659832001 -0.7726731300354 -0.736364662647247 -0.528244018554688 -0.5199054479599 -0.686300873756409 0.854529500007629 1.09651803970337 1.62291264533997 2.17784595489502 2.78018116950989 3.69219279289246 3.24207592010498 2.72485375404358 1.17163062095642 0.435363233089447 -0.223116636276245 -0.335712134838104 0.809583067893982 0.61133337020874 -0.418404877185822 -0.159242674708366 -0.0891683772206306 0.885176718235016 2.04276752471924 2.66223573684692 4.86051273345947 4.11560153961182 4.90496206283569 4.4621787071228 3.65901160240173 3.39035367965698 2.56487321853638 0.754756391048431 2.04911160469055 -0.012469076551497 -0.346114724874496 -0.693470776081085 0.397020995616913 1.00687885284424 1.36225295066833 1.50090062618256
-0.959125816822052 -0.923583030700684 -0.894441545009613 -0.849600791931152 -0.833754241466522 -0.902312159538269 -0.800867855548859 -0.616113662719727 -0.578880131244659 1.21345376968384 0.975212514400482 0.827975988388062 1.28457951545715 1.83022558689117 2.47208523750305 2.81388902664185 2.12429523468018 1.00392591953278 0.256445348262787 -0.268163412809372 -0.289081364870071 0.0458715409040451 1.58697104454041 2.16654109954834 2.10205793380737 2.39299869537354 2.06812953948975 1.62147986888885 2.0374071598053 3.60502767562866 3.1424765586853 3.036545753479 3.34622740745544 3.36667132377625 2.77768850326538 1.92392480373383 0.505240023136139 0.218604117631912 0.189983710646629 -0.273286253213882 -0.645043909549713 0.00353018939495087 0.589651226997375 0.916741788387299 1.1611510515213
-1.01051664352417 -0.978261768817902 -0.95719712972641 -0.909623682498932 -0.90034556388855 -1.01250767707825 -0.936430215835571 -0.633439898490906 1.73009359836578 2.16031050682068 1.06109166145325 0.66730409860611 0.999556720256805 1.54036486148834 2.11028122901917 2.3349552154541 1.86070239543915 1.13998544216156 0.409479647874832 -0.135199695825577 -0.300715178251266 -0.306148201227188 0.0269425343722105 0.489617019891739 0.823628067970276 0.617710649967194 0.639169335365295 0.589928686618805 0.54978883266449 1.24457037448883 2.1175594329834 1.89490163326263 1.8551858663559 2.36811780929565 2.1530179977417 1.22155201435089 0.0382570363581181 1.15785992145538 0.374726146459579 -0.354286313056946 -0.809084117412567 -0.630887508392334 0.0946566089987755 0.579121708869934 1.0080828666687
-1.07675969600677 -1.03883361816406 -1.00741624832153 -0.970633447170258 -0.756481468677521 0.50934112071991 -1.03640854358673 0.95956552028656 3.49004292488098 2.63890385627747 0.760277450084686 0.558962345123291 0.851669669151306 1.13833355903625 1.49840807914734 1.96510422229767 1.92166638374329 1.23849296569824 0.395871102809906 -0.16178160905838 -0.518812954425812 -0.686158180236816 -0.432076573371887 -0.402906268835068 -0.466601580381393 -0.320110470056534 -0.249915704131126 -0.400895774364471 -0.508775651454926 -0.31610968708992 -0.0311444383114576 -0.440688610076904 0.322044998407364 1.50728189945221 1.41287708282471 1.0491771697998 0.0664911270141602 1.58859527111053 0.289105802774429 -0.135525986552238 0.180207118391991 -0.940124809741974 -0.0310601815581322 0.503882706165314 0.932366847991943
-1.14956319332123 -1.09467923641205 -1.06804084777832 -1.02759945392609 -0.989790797233582 0.0946116968989372 1.89071571826935 1.74580228328705 2.27590465545654 1.84044861793518 0.73376989364624 0.578926503658295 0.46881115436554 0.836062133312225 1.0947322845459 1.47509288787842 1.56503236293793 0.944355607032776 0.372162967920303 -0.234517395496368 -0.771792054176331 -0.888821482658386 -0.651027143001556 -0.63709968328476 -0.714668035507202 -0.727823853492737 -0.710819840431213 -0.855664849281311 -1.00857698917389 -0.989632606506348 -1.02477073669434 -1.38699376583099 -1.14139127731323 -0.399280965328217 0.745578110218048 0.840621292591095 0.113933824002743 0.0777442082762718 0.161024108529091 1.48332226276398 3.91108202934265 3.69402170181274 1.42577886581421 0.575886130332947 0.819415867328644
-1.21328377723694 -1.16763722896576 -1.12432134151459 -1.07207572460175 -1.03361976146698 -0.676266610622406 2.61127066612244 2.30919694900513 1.65756738185883 1.21293067932129 0.811065912246704 0.467160314321518 0.358945459127426 0.631332337856293 0.893069088459015 1.17271018028259 1.18550503253937 0.872435867786407 0.23388834297657 -0.553441286087036 -1.02503287792206 -1.14628791809082 -1.09458613395691 -0.913678646087646 -0.91167277097702 -0.96884673833847 -1.14918947219849 -1.10152328014374 -1.31553554534912 -1.44980788230896 -1.41699063777924 -1.58919286727905 -1.69514417648315 -1.56075799465179 -0.804300904273987 -0.29651603102684 0.210174575448036 -0.165739059448242 0.376802444458008 1.59244453907013 2.34166884422302 3.57588529586792 4.03905200958252 2.08522891998291 0.809158504009247
-1.28570210933685 -1.25082576274872 -1.17097914218903 -1.11877655982971 -1.09217464923859 -1.09419870376587 -1.07499527931213 0.710081100463867 1.042121052742 0.69392067193985 0.854925751686096 0.307037711143494 0.197816595435143 0.293590128421783 0.403739839792252 0.490289688110352 0.624950587749481 0.580124080181122 -0.128351107239723 -0.953411340713501 -1.17796075344086 -1.27327823638916 -1.24486887454987 -1.075967669487 -1.13225865364075 -1.24595201015472 -1.34970653057098 -1.55712223052979 -1.80309092998505 -1.95261025428772 -1.91204190254211 -1.93862748146057 -1.94287490844727 -1.91933417320251 -1.83845746517181 -1.39886498451233 -0.635664641857147 -0.375356256961823 0.121329016983509 0.164176285266876 0.75770765542984 2.31395030021667 2.99363541603088 1.78750658035278 0.890745997428894
-1.34898149967194 -1.30931007862091 -1.24902963638306 -1.19302237033844 -1.17844498157501 -1.08856022357941 -0.213100925087929 0.329284906387329 0.509138226509094 0.52242511510849 0.275604844093323 -0.0648743957281113 -0.140523746609688 -0.33629834651947 -0.0881922468543053 -0.0390182547271252 0.00828573014587164 -0.022456431761384 -0.405581265687943 -1.12074530124664 -1.31106328964233 -1.4116975069046 -1.51517999172211 -1.41140294075012 -1.4522750377655 -1.55969476699829 -1.73398149013519 -1.92885184288025 -2.12973666191101 -2.23882293701172 -2.3287501335144 -2.434490442276 -2.46875596046448 -2.20785164833069 -2.09406042098999 -1.86064994335175 -1.48066687583923 -0.824495077133179 -0.252205044031143 0.0598308108747005 0.536518931388855 1.39124047756195 1.81682729721069 1.37730300426483 0.658255338668823
-1.40033400058746 -1.35670447349548 -1.34249329566956 -1.29585123062134 -1.26659107208252 -1.22356605529785 -1.14309680461884 -0.70085734128952 -0.329730302095413 -0.225414171814919 -0.392716288566589 -0.619059085845947 -0.508752584457397 -0.684373497962952 -0.714140772819519 -0.716040670871735 -0.586151301860809 -0.598312497138977 -0.86759614944458 -1.40307641029358 -1.51054167747498 -1.63374924659729 -1.79470980167389 -1.88887751102448 -1.79776310920715 -1.86241960525513 -2.06474590301514 -2.23095011711121 -2.40886282920837 -2.47170257568359 -2.52574038505554 -2.67995929718018 -2.86615753173828 -2.73404145240784 -2.44308733940125 -2.30937886238098 -1.86711621284485 -1.38020467758179 -0.771917223930359 -0.134058773517609 0.0435724668204784 0.148034572601318 1.50048196315765 1.67528116703033 0.789168536663055
-1.48789441585541 -1.42673623561859 -1.41189587116241 -1.4181581735611 -1.39377355575562 -1.38441228866577 -1.31664502620697 -1.23327994346619 -1.08312082290649 -1.00991630554199 -0.941650629043579 -0.930547118186951 -1.03035628795624 -1.12907826900482 -1.24532282352448 -1.37584638595581 -1.50438857078552 -1.39930653572083 -1.64176630973816 -1.71185266971588 -1.82333326339722 -1.96025002002716 -2.11375951766968 -2.16007542610168 -2.07319211959839 -2.23315167427063 -2.31317472457886 -2.32979869842529 -2.54277873039246 -2.70032429695129 -2.70827412605286 -2.80491590499878 -3.0016770362854 -3.00756239891052 -2.65338277816772 -2.5107274055481 -2.44794011116028 -1.88517367839813 -1.13519752025604 -0.432259917259216 -0.155984774231911 -0.205853641033173 0.475865870714188 1.06977987289429 0.120465829968452
-1.60644280910492 -1.52517831325531 -1.51284921169281 -1.53962516784668 -1.56095325946808 -1.56059324741364 -1.52473485469818 -1.4328134059906 -1.30637323856354 -1.20840203762054 -1.19495153427124 -1.19813239574432 -1.25793468952179 -1.36606419086456 -1.55685245990753 -1.76974368095398 -1.91587114334106 -1.9637063741684 -2.04630637168884 -2.11303305625916 -2.190025806427 -2.29718899726868 -2.40606093406677 -2.44415497779846 -2.32056403160095 -2.40344977378845 -2.3829619884491 -2.51752209663391 -2.67693495750427 -2.81538867950439 -2.86723446846008 -2.91816377639771 -3.0325722694397 1.8102171421051 -1.56305480003357 -2.61377763748169 -2.54841232299805 -2.16367411613464 -1.52577388286591 -1.06461834907532 -0.909774363040924 -0.699848294258118 -0.607185959815979 0.0413680262863636 -0.216067731380463
-1.68400728702545 -1.64385545253754 -1.63989448547363 -1.68153071403503 -1.7032858133316 -1.71895146369934 -1.70345115661621 -1.61646294593811 -1.54761505126953 -1.48218011856079 -1.47948288917542 -1.54754257202148 -1.6144745349884 -1.69473493099213 -1.91323304176331 -2.12268137931824 -2.25421524047852 -2.33625531196594 -2.40833902359009 -2.44797110557556 -2.52315878868103 -2.61479544639587 -2.67838215827942 -2.70237851142883 -2.68154501914978 -2.50502467155457 -2.44423604011536 -2.43967914581299 -2.64060282707214 -2.80809736251831 -2.91411209106445 -2.97256255149841 0.449116706848145 0.788946270942688 2.83460760116577 -2.70734453201294 -2.65560388565063 -2.54622459411621 -2.3272602558136 -1.78322219848633 -1.59129953384399 -1.56608664989471 -1.51064360141754 -0.878474533557892 -0.566094815731049
-1.7627819776535 -1.7767379283905 -1.78732442855835 -1.81385087966919 -1.84338080883026 -1.87637770175934 -1.90678751468658 -1.90652644634247 -1.88163673877716 -1.88385331630707 -1.92723298072815 -2.04699945449829 -2.06949758529663 -2.12842416763306 -2.25988101959229 -2.40680074691772 -2.53222608566284 -2.63952970504761 -2.70526766777039 -2.73267006874084 -2.77470898628235 -2.8827109336853 -2.92004108428955 -2.94691443443298 -2.91634488105774 -2.74748802185059 -2.6228666305542 -2.51041841506958 -2.57053279876709 -2.82060074806213 -3.03593158721924 -3.04360818862915 -2.85232925415039 -0.514592885971069 -0.58563095331192 -2.86451601982117 -2.88494944572449 -2.9472668170929 -2.79436612129211 -2.20125341415405 -1.68982815742493 -1.63974010944366 -1.49103009700775 -1.16292095184326 -0.939469456672668
-1.86996710300446 -1.88744425773621 -1.92777121067047 -1.97488605976105 -2.05144500732422 -2.14770364761353 -2.19558358192444 -2.20552062988281 -2.21451354026794 -2.32028317451477 -2.45594930648804 -2.58479166030884 -2.55356192588806 -2.55528092384338 -2.59569954872131 -2.64472913742065 -2.73696947097778 -2.84351634979248 -2.90853905677795 -2.95256042480469 -2.99341344833374 -3.06310796737671 -3.11289262771606 -3.14309215545654 -3.06916356086731 -2.95582246780396 -2.81916761398315 -2.74683284759521 -2.84696006774902 -3.03005242347717 -3.23525643348694 -3.32673907279968 -3.13087749481201 -2.15988254547119 -1.97593474388123 -3.05765199661255 -3.04051923751831 -3.04290819168091 -2.84995913505554 -2.45467638969421 -2.07434606552124 -1.75102114677429 -0.356498450040817 -0.408118098974228 -1.12766110897064
-1.97348952293396 -2.01950192451477 -2.11392331123352 -2.27973389625549 -2.38566517829895 -2.45659852027893 -2.48420238494873 -2.4822952747345 -2.55136036872864 -2.7131028175354 -2.84944438934326 -2.93229103088379 -2.91069602966309 -2.87710642814636 -2.86401891708374 -2.84678816795349 -2.8867347240448 -2.98104238510132 -3.04358792304993 -3.10582733154297 -3.18171453475952 -3.21052694320679 -3.25548791885376 -3.2778148651123 -3.21052289009094 -3.11700344085693 -3.032222032547 -3.05227661132812 -3.12998867034912 -3.22671270370483 -3.30699992179871 -3.40399789810181 -3.29386305809021 -3.13650155067444 -2.88796901702881 -2.6787269115448 -2.19682312011719 -0.737619698047638 -1.21865630149841 -0.846184194087982 -2.35924816131592 -1.85006332397461 -0.739014327526093 1.00114405155182 -0.639096021652222
-2.12830924987793 -2.25536346435547 -2.45423483848572 -2.58994579315186 -2.66495013237 -2.74594259262085 -2.78065037727356 -2.79870200157166 -2.91636180877686 -3.16461706161499 -3.21600985527039 -3.22329258918762 -3.19818902015686 -3.15992903709412 -3.14614391326904 -3.1172034740448 -3.07895445823669 -3.12060475349426 -3.1862735748291 -3.24464750289917 -3.30519366264343 -3.33017230033875 -3.38583087921143 -3.38075184822083 -3.26744031906128 -2.90611219406128 -2.99092483520508 -1.74113476276398 -0.876763939857483 -0.0412543341517448 -0.328446537256241 1.88240551948547 -0.206132590770721 -2.37314176559448 -2.30923795700073 1.70990812778473 2.3178026676178 2.05446696281433 1.40422689914703 -0.191580876708031 -1.39819467067719 -1.04252624511719 1.26639485359192 3.60822153091431 3.57412052154541
-2.3855094909668 -2.57304763793945 -2.8563244342804 -2.96256947517395 -2.99456763267517 -3.05850744247437 -3.20151710510254 -3.2841944694519 -3.29724669456482 -3.35223054885864 -3.40337467193604 -3.40023326873779 -3.38426780700684 -3.35307121276855 -3.33526659011841 -3.33514213562012 -3.30247664451599 -3.28846526145935 -3.3186342716217 -3.3693413734436 -3.41089749336243 -3.46367502212524 -3.5192084312439 -3.47976136207581 -2.82239484786987 -3.11315155029297 -3.31136560440063 -1.71678686141968 0.633460581302643 1.63953542709351 2.7894561290741 2.45746922492981 3.4749915599823 2.19639372825623 -0.409940958023071 -0.331452012062073 2.2816686630249 1.85662829875946 0.654208064079285 -0.115461967885494 -0.0969636514782906 0.902985632419586 1.90575361251831 4.27011299133301 6.00594425201416
-2.6733820438385 -2.9004237651825 -3.12486052513123 -3.2043149471283 -3.28220891952515 -3.3245062828064 -3.37608218193054 -3.40821433067322 -3.43558931350708 -3.45880556106567 -2.14790725708008 -1.41899585723877 -1.48209357261658 -2.57845759391785 -2.84434723854065 -3.12144660949707 -3.44070076942444 -3.42608118057251 -3.44053387641907 -3.46536540985107 -3.51318073272705 -3.54553985595703 -1.70952606201172 -2.80785369873047 -2.39169359207153 -2.69747304916382 -2.57575821876526 -1.89763402938843 1.00937020778656 3.50979018211365 4.81232261657715 5.63296985626221 4.49767112731934 3.41533851623535 0.311048239469528 -0.323962479829788 -0.267125308513641 -1.90766608715057 -2.31741523742676 -2.36219143867493 -2.64706158638 -2.45159912109375 -2.00358772277832 -1.10443019866943 1.59942507743835
-3.1034197807312 -3.16856527328491 -3.29507970809937 -3.39006185531616 -3.4293200969696 -3.43783926963806 -2.34194159507751 -1.10176491737366 -0.866056680679321 -0.11583985388279 0.855048894882202 2.01055574417114 2.1486439704895 2.04823851585388 1.5428671836853 0.825821936130524 1.05888664722443 -0.239437714219093 -0.664793431758881 -1.42306411266327 -0.37606480717659 -0.113736160099506 1.45771217346191 3.73537492752075 4.64052963256836 5.11846256256104 4.5408501625061 2.68123984336853 2.06428241729736 1.75082457065582 2.10045695304871 2.99948573112488 3.1529004573822 0.758441865444183 -2.88017582893372 -3.2197482585907 -3.30952668190002 -3.43769288063049 -3.49725770950317 -3.32321977615356 -3.06027245521545 -2.7104058265686 -2.23918461799622 -1.82262814044952 -0.419694453477859
