slauniainen/Data/DEM/Vihti_dsm1500b_cl_horizonAngle_264.asc
NCOLS 196 
NROWS 178 
XLLCORNER 353680 
YLLCORNER 6699024 
CELLSIZE 16 
NODATA_value -3.4e+38 
[rows 80 to 99 of 178, columns 138 to 183 of 196]
17.3939228057861 4.10693502426147 29.1655960083008 3.02727675437927 1.93011736869812 1.00262105464935 0.533288359642029 10.4912796020508 5.12289094924927 2.9514307975769 -0.0441981442272663 -0.867135882377625 -1.87552011013031 -1.56326627731323 4.50108480453491 6.19168281555176 9.96909427642822 7.4185676574707 6.41363906860352 23.3081912994385 17.9367027282715 15.3373775482178 23.0889015197754 20.2559947967529 36.9730186462402 22.161169052124 16.6721687316895 15.0534410476685 16.0694198608398 14.1299877166748 12.6385478973389 11.7356586456299 10.9098310470581 10.0093412399292 9.51843643188477 9.08040046691895 8.66328716278076 8.20428085327148 7.76288604736328 7.44941282272339 6.77760744094849 6.34084272384644 6.63758563995361 6.41878414154053 6.19250059127808 6.18425035476685
15.2179527282715 24.1977024078369 3.915043592453 2.40304446220398 2.39116764068604 1.27136886119843 0.86145955324173 2.48243236541748 2.77298784255981 -0.32229408621788 -1.00217139720917 -1.20343911647797 5.84510946273804 4.72614908218384 4.66128540039062 1.04896700382233 2.42634201049805 2.26230192184448 13.9751777648926 35.5713310241699 31.1524696350098 36.5160369873047 27.1543960571289 10.6753196716309 51.2918167114258 33.4505920410156 24.9580307006836 20.1432952880859 13.4049167633057 12.6689577102661 11.9742088317871 10.8753747940063 9.96456527709961 8.83438491821289 8.41104507446289 8.02878952026367 7.66528224945068 7.24782991409302 6.81802606582642 6.50553798675537 5.83487033843994 5.57709741592407 6.09993553161621 5.94140100479126 5.69591236114502 5.56233549118042
23.4263687133789 15.5945825576782 6.23189067840576 1.94430041313171 0.548242330551147 0.54103696346283 0.309003710746765 7.9957160949707 4.83544063568115 -0.0981865152716637 -0.351745396852493 -0.593979299068451 8.14921474456787 -0.628415763378143 5.0178394317627 -0.743869960308075 -1.97384786605835 18.2569770812988 16.8600158691406 55.372631072998 39.1566200256348 29.2580108642578 23.5262317657471 16.2886486053467 13.7296991348267 16.8483486175537 13.1646509170532 12.398138999939 11.6739530563354 11.0322828292847 10.4538612365723 9.3674259185791 8.42160511016846 8.0540599822998 7.6924262046814 7.34695243835449 7.01853609085083 6.65861940383911 6.27255773544312 5.93934345245361 4.45238494873047 4.42949438095093 5.20400238037109 5.49728584289551 5.29100227355957 5.09056186676025
20.1157073974609 14.8375539779663 7.06048059463501 2.46022582054138 1.12616741657257 0.385195344686508 -1.04778528213501 10.8594083786011 9.14916515350342 6.25690126419067 2.58691120147705 -0.53969931602478 -0.972100913524628 2.94353604316711 -1.1656346321106 -1.29614424705505 2.09791350364685 17.8140163421631 23.5631542205811 37.7290878295898 29.5139274597168 21.8815460205078 17.1745872497559 14.4758014678955 11.2660579681396 23.0038948059082 14.0970268249512 11.1447525024414 10.4843635559082 9.90161609649658 9.39117240905762 6.48728036880493 6.30324125289917 6.12565803527832 5.91381359100342 5.7110767364502 5.49118041992188 5.08176898956299 4.86614370346069 4.64726877212524 4.47571039199829 4.411865234375 4.40868520736694 4.58183002471924 4.75811576843262 4.92163276672363
23.5846405029297 18.5947341918945 12.0067739486694 0.501514315605164 1.54894733428955 9.68284702301025 0.546012401580811 11.4529848098755 7.13447713851929 1.53934180736542 6.87440013885498 0.77006322145462 0.252416878938675 -0.312397539615631 -0.704726815223694 0.860659301280975 -0.800750076770782 39.6200370788574 28.6316680908203 26.6489734649658 22.9669589996338 13.1319332122803 10.649377822876 6.45786285400391 29.2768211364746 17.948034286499 13.2671461105347 10.7789192199707 7.0634913444519 6.70866012573242 6.43635940551758 6.25641202926636 6.12137079238892 5.98781442642212 5.80551099777222 5.60413265228271 4.89169931411743 4.397216796875 3.94317126274109 3.77896475791931 3.63202047348022 3.53968191146851 3.51017260551453 3.67848587036133 4.09598445892334 4.49812793731689
36.7517127990723 40.5864105224609 28.4829368591309 12.6280469894409 0.186191976070404 -0.167268484830856 -0.211332678794861 5.92586374282837 4.33920431137085 3.38703942298889 2.999680519104 0.47006493806839 0.179330661892891 -0.0791991576552391 13.5018587112427 12.3835783004761 8.50151252746582 29.5029411315918 20.252498626709 18.4751148223877 9.41971397399902 22.9870300292969 12.2177991867065 10.9205865859985 9.20737361907959 8.14390659332275 7.85038089752197 6.76508903503418 5.98769998550415 5.47808504104614 5.26074981689453 4.81884288787842 4.75477075576782 4.69295072555542 4.57925176620483 4.43353271484375 3.8653461933136 3.69784379005432 3.50633192062378 3.3786723613739 3.22646045684814 3.09592247009277 3.00248622894287 2.98615193367004 3.57437491416931 3.95199298858643
4.66749143600464 52.4575805664062 34.1466178894043 24.8107852935791 7.85872793197632 0.310515135526657 6.10140752792358 3.31009078025818 4.037513256073 2.41848707199097 0.36072963476181 6.37818765640259 0.033355388790369 17.1988430023193 14.6180438995361 23.3897838592529 10.9783363342285 37.2968406677246 21.138427734375 14.90221118927 11.4838743209839 7.12574434280396 6.88820838928223 6.61245107650757 6.39764213562012 7.83289098739624 7.23496294021606 6.61571598052979 5.93890571594238 5.41851234436035 5.07346725463867 4.82638788223267 4.67495584487915 4.58196878433228 4.41533803939819 3.43690037727356 2.52799439430237 2.41426110267639 2.29149961471558 2.22785186767578 2.14567089080811 2.06355476379395 2.00838017463684 4.92509126663208 4.88262939453125 4.84338092803955
19.5841541290283 11.495041847229 40.7108154296875 25.1958122253418 15.8161115646362 7.70574188232422 4.60846185684204 1.06268858909607 0.973728001117706 0.951144754886627 0.870252847671509 11.716477394104 1.02781617641449 47.1945114135742 29.2899055480957 20.8296394348145 10.1527156829834 22.2330894470215 11.7678470611572 8.20711421966553 1.99605965614319 26.8512325286865 16.2475051879883 12.4365034103394 10.3469343185425 4.67873907089233 4.60575389862061 4.06495809555054 3.81958365440369 3.50569081306458 3.29431247711182 3.18413639068604 3.08111166954041 3.03297638893127 7.50765085220337 7.08644247055054 6.69257116317749 6.35504388809204 6.0123496055603 5.74244165420532 5.49309110641479 5.27251291275024 5.08805513381958 4.2302360534668 3.71532440185547 3.61944007873535
1.16355764865875 12.7258205413818 12.2147245407104 15.1881866455078 30.1512336730957 17.911563873291 5.57361602783203 4.63202857971191 2.28753113746643 1.76861548423767 16.3579235076904 8.30788516998291 1.75627708435059 40.0398979187012 21.6884441375732 14.7096996307373 11.2194232940674 2.79592561721802 2.67437648773193 2.53926396369934 2.37070488929749 10.787070274353 7.64311265945435 6.53938150405884 18.2472190856934 15.9740686416626 14.2775907516479 13.024998664856 11.9860286712646 10.9744892120361 10.1602258682251 9.44703960418701 8.77880477905273 8.23074054718018 6.71581315994263 4.88427400588989 4.58758306503296 4.31326580047607 4.05543947219849 3.85141587257385 3.67513227462769 3.50459694862366 3.6118540763855 3.53319120407104 3.52480888366699 3.88727331161499
10.9372129440308 2.7757465839386 17.2716732025146 20.2964458465576 14.6973161697388 12.3748617172241 12.1930742263794 7.80665826797485 4.99362564086914 4.59470319747925 3.52471780776978 14.0521612167358 3.13078761100769 26.2315769195557 11.6096630096436 7.16851186752319 5.36995315551758 5.44921731948853 3.86562013626099 0.869426190853119 21.1876411437988 48.3509178161621 31.2559070587158 23.3281326293945 18.8921489715576 11.9720106124878 10.6251401901245 9.59717655181885 8.90586376190186 8.29880905151367 7.62344884872437 7.0131630897522 6.41436719894409 5.94384717941284 5.50161933898926 5.14609050750732 4.84009408950806 4.57142019271851 4.32923746109009 4.092848777771 3.89404726028442 3.67143034934998 1.45219540596008 1.95206487178802 1.95074713230133 3.36368680000305
3.33456254005432 2.92199850082397 40.2243728637695 24.1005954742432 18.2411212921143 15.5771245956421 6.89997243881226 6.24154949188232 6.07067346572876 5.87045001983643 5.57198476791382 4.48875331878662 2.98930692672729 20.5555438995361 19.0178108215332 12.5687427520752 9.1804256439209 3.64509177207947 1.83060204982758 31.375675201416 1.77947449684143 16.0875988006592 31.5231266021729 19.5775337219238 15.0585384368896 12.1118431091309 10.0254316329956 9.25136756896973 8.70325374603271 8.25577259063721 7.69086170196533 7.10721874237061 6.58915948867798 3.02649211883545 3.47066521644592 3.19232273101807 2.97574067115784 2.79277610778809 2.61594843864441 2.42729997634888 2.21605134010315 1.947389960289 1.74397718906403 0.755300521850586 0.9602210521698 10.6658706665039
8.33726119995117 7.77135753631592 7.20517253875732 7.0602707862854 6.86068153381348 6.81764364242554 7.41804122924805 6.78788566589355 6.58823537826538 6.31626987457275 6.0347957611084 5.78686666488647 4.73568439483643 4.07995414733887 21.9767246246338 10.6157970428467 6.53451299667358 2.89995431900024 1.65872120857239 42.574520111084 24.3585205078125 18.7220516204834 16.1846752166748 7.03821229934692 7.82713842391968 7.2541708946228 6.76251649856567 6.27775812149048 5.92511606216431 5.5843186378479 5.15329027175903 4.73326015472412 4.32615661621094 3.87940239906311 2.9143009185791 2.3590304851532 2.29985618591309 2.02134156227112 1.92834210395813 1.60617089271545 -0.614150404930115 -1.36565577983856 0.986851096153259 -1.19133293628693 54.3286018371582 35.0955200195312
9.45380973815918 8.78961563110352 8.1791934967041 8.02259349822998 7.63797473907471 7.41871690750122 7.3485107421875 7.2965669631958 7.10232734680176 6.80624151229858 6.4929313659668 6.19837617874146 5.44710206985474 5.09571695327759 4.7984037399292 3.93185687065125 15.104564666748 3.81203460693359 3.32779598236084 2.62612915039062 22.3020896911621 12.2482576370239 9.91489791870117 8.98181343078613 5.75855731964111 5.48602437973022 5.2390661239624 4.58024549484253 4.16314792633057 3.70600748062134 3.30050849914551 3.39564347267151 3.31029844284058 3.17998814582825 3.0296483039856 2.95447778701782 2.30154466629028 2.24903678894043 1.96845269203186 1.89829123020172 0.908254563808441 -1.39701509475708 -1.74185490608215 2.35374069213867 53.3216972351074 34.4221000671387
10.6729211807251 9.92925548553467 9.26040554046631 8.06957817077637 7.54406499862671 7.20365476608276 7.02442216873169 6.94850015640259 6.77909755706787 6.51514768600464 6.23605966567993 5.9515528678894 5.58287286758423 5.23826551437378 4.98128843307495 4.79000949859619 4.24075889587402 8.20019721984863 3.4296236038208 4.89568901062012 7.55599164962769 3.32438373565674 3.52188086509705 4.86713123321533 6.38968515396118 6.18410587310791 5.89368581771851 5.08459186553955 3.78181648254395 3.5794472694397 3.49801468849182 3.23223114013672 3.15535831451416 3.03541564941406 2.86672329902649 2.67907929420471 2.19757914543152 1.96245110034943 1.91689419746399 1.72047662734985 0.606698870658875 -0.356200486421585 -1.7246150970459 -2.18534922599792 8.53219223022461 53.9443168640137
10.615517616272 9.65388774871826 9.05016136169434 8.56343173980713 8.10356330871582 7.67354440689087 7.34775543212891 7.13762092590332 6.93505525588989 6.65611886978149 6.36122179031372 5.99249410629272 6.11398458480835 5.71915864944458 5.46105098724365 5.26134300231934 5.06966209411621 4.84737873077393 4.61234092712402 4.38097095489502 4.11892080307007 3.84616112709045 3.42525553703308 3.39850544929504 4.78873348236084 6.97550916671753 6.28140258789062 4.83757829666138 3.81551289558411 3.40045785903931 3.2441987991333 2.88024258613586 2.81868147850037 2.73453378677368 2.60262680053711 2.31593680381775 2.08266019821167 2.23836278915405 2.19328427314758 2.12183141708374 1.5417708158493 1.36032509803772 0.367013990879059 -1.22724449634552 5.76749324798584 -1.75500535964966
10.6202688217163 10.0762224197388 9.39180755615234 9.84496593475342 9.2831859588623 8.76242160797119 8.30195045471191 7.92113876342773 7.57524585723877 7.22245264053345 6.87557935714722 6.63260793685913 5.90968561172485 5.54559421539307 5.25932741165161 5.06550121307373 4.88886737823486 4.69330167770386 4.4978404045105 4.27855920791626 4.07081174850464 3.75732088088989 3.16204524040222 3.06211590766907 3.03772473335266 5.38557386398315 5.97705554962158 4.57446908950806 3.66076946258545 3.04062581062317 2.92090630531311 2.84200954437256 2.76814341545105 2.69386124610901 2.59316396713257 2.46566152572632 2.36708617210388 1.90891599655151 1.8488529920578 1.79470801353455 0.9435715675354 30.0181140899658 4.06631803512573 1.43054807186127 -0.703809201717377 5.8166971206665
13.2011451721191 12.0591611862183 11.1208639144897 10.2196750640869 9.39167404174805 8.65904140472412 7.99970293045044 7.48342323303223 7.11863279342651 6.7755298614502 6.47288656234741 6.21888780593872 5.355149269104 5.10180377960205 4.85427761077881 4.64929866790771 4.46729946136475 4.28703641891479 4.36098623275757 4.10587501525879 3.86343574523926 3.63270592689514 3.39113092422485 3.21358919143677 3.11546778678894 3.12927794456482 4.67357301712036 3.69740200042725 2.99607443809509 2.52631831169128 2.46026563644409 2.39322853088379 2.33614897727966 2.28582406044006 2.23092031478882 2.1564781665802 2.0739483833313 1.94135725498199 1.87248289585114 2.13682150840759 1.04522478580475 37.2964553833008 18.3708457946777 12.2045650482178 4.42559337615967 12.5851831436157
12.476450920105 11.4413051605225 10.4033432006836 9.46918487548828 8.61571598052979 7.86945009231567 7.39025163650513 6.92961597442627 6.52431344985962 7.43950939178467 6.97851324081421 6.60016059875488 6.25937223434448 5.91715049743652 5.59380149841309 5.29235744476318 5.016037940979 4.76196527481079 3.77956056594849 3.57467603683472 3.35779190063477 3.17918181419373 3.02169489860535 2.86549663543701 2.72527837753296 2.6353452205658 2.59786057472229 2.59368824958801 2.7194721698761 2.48534989356995 2.84041523933411 2.76063299179077 2.70238494873047 2.64945077896118 2.5951828956604 2.5254487991333 2.44652581214905 2.36361765861511 2.27996730804443 1.94674217700958 1.74649739265442 6.33998107910156 8.24339485168457 6.60795593261719 6.6484112739563 4.81439256668091
16.6277770996094 15.2050151824951 13.7191219329834 12.3699626922607 11.205584526062 10.2348527908325 9.41405296325684 8.68571376800537 8.06914710998535 6.41850566864014 5.97445487976074 5.63250637054443 5.33278322219849 5.04992437362671 4.78964328765869 4.54737091064453 4.32743453979492 4.11026525497437 3.80455923080444 3.6098575592041 4.08813047409058 3.887131690979 3.71171092987061 3.52011728286743 3.32893204689026 3.13925361633301 3.00706553459167 2.95583367347717 2.94139504432678 2.94143438339233 2.56003189086914 2.26959633827209 2.23021554946899 2.19110703468323 2.14321827888489 1.9553689956665 1.26109397411346 0.98589950799942 10.6149463653564 1.7558673620224 36.2546463012695 19.7516632080078 13.2512435913086 11.5785789489746 11.7998456954956 11.2695636749268
15.0581045150757 13.5887861251831 12.1397066116333 10.7644729614258 9.62177753448486 8.75085830688477 8.04937171936035 7.42387437820435 6.89595651626587 6.25604820251465 5.86926889419556 6.89043426513672 6.46494054794312 6.08837366104126 5.74295330047607 5.43604469299316 5.16799163818359 4.92446756362915 4.68976593017578 4.42716550827026 3.82208943367004 3.15229678153992 3.13842606544495 2.96344685554504 2.78640532493591 2.61699342727661 2.47638368606567 2.49422860145569 2.45356512069702 2.45334887504578 2.71703243255615 2.42499232292175 2.31068277359009 2.18019819259644 1.7272115945816 1.17455196380615 0.892080426216125 0.377095252275467 2.81982684135437 0.236980929970741 0.0615737475454807 48.8949928283691 29.5970211029053 20.5999641418457 15.5734338760376 9.68278980255127
