slauniainen/Data/DEM/Vihti_dem1500b_cl_horizonAngle_198.asc
NCOLS 196 
NROWS 178 
XLLCORNER 353680 
YLLCORNER 6699024 
CELLSIZE 16 
NODATA_value -3.4e+38 
[rows 140 to 159 of 178, columns 135 to 179 of 196]
-3.03109693527222 -2.68497681617737 2.78135776519775 7.8675537109375 8.2589635848999 7.41540241241455 2.47430419921875 0.94202995300293 -0.617919743061066 -0.385209411382675 -0.298554539680481 -0.341230392456055 -0.403638899326324 -0.318538099527359 -0.21853843331337 -0.0666665136814117 -0.0910238996148109 -0.273794233798981 -0.632706999778748 -0.67825585603714 -0.900584876537323 -0.971556842327118 -0.476408272981644 -0.151452958583832 -0.0939762443304062 -0.0952044650912285 0.199721366167068 0.305854052305222 0.481250613927841 1.28432655334473 1.23272132873535 1.44605648517609 1.4302636384964 1.18972158432007 1.25258910655975 1.22640252113342 1.14351379871368 2.09911465644836 1.66694784164429 1.75703859329224 1.55091726779938 1.52189064025879 1.52512693405151 2.91291308403015 4.71751165390015
-2.95178866386414 -1.19672214984894 4.36262512207031 8.56461334228516 8.53652381896973 7.16464710235596 3.97193813323975 1.07375156879425 -0.292323559522629 -0.181285873055458 -0.222055777907372 -0.254770964384079 -0.283376306295395 -0.104464665055275 0.0453793928027153 0.144422739744186 -0.0495769046247005 -0.285126447677612 -0.582310378551483 -0.675944864749908 -0.837632596492767 -0.799462795257568 0.00589340412989259 0.162976697087288 0.227881446480751 1.02269685268402 1.48438000679016 0.628302812576294 0.74964427947998 3.07900381088257 2.58253622055054 1.68984985351562 1.71392524242401 1.45773875713348 1.16211760044098 1.13911581039429 1.22053396701813 1.48214840888977 1.85047686100006 1.80175220966339 1.75437784194946 1.67430186271667 3.28698325157166 7.50020694732666 7.96641397476196
-2.57147741317749 1.51807773113251 6.22652816772461 9.80397891998291 12.0157299041748 7.3135986328125 5.48259592056274 1.22837865352631 -0.128691613674164 -0.0531250387430191 -0.114687703549862 -0.12870991230011 -0.0400524437427521 0.0847811102867126 0.317231416702271 0.338664054870605 0.141224473714828 -0.25157767534256 -0.524859845638275 -0.329859048128128 -0.508781969547272 -0.455379128456116 0.259209930896759 0.343264371156693 0.761548578739166 4.33026504516602 4.7204155921936 1.90480089187622 2.13216519355774 2.73495960235596 3.96341252326965 1.98414814472198 2.11051273345947 1.94257354736328 1.53255426883698 1.25676357746124 1.39883065223694 1.67946183681488 1.99270129203796 1.82918679714203 1.89963233470917 1.84839379787445 2.08507347106934 4.57025194168091 12.3510284423828
-2.83173894882202 5.06769418716431 6.40117931365967 8.79686737060547 13.8206720352173 11.4991436004639 5.88291931152344 2.38238430023193 0.0936821550130844 0.112932145595551 0.0339345447719097 0.0285710953176022 0.201194614171982 0.305213928222656 0.421048372983932 0.38800922036171 0.255958139896393 -0.0724522173404694 0.000137273629661649 0.0796545892953873 -0.0469912514090538 0.185679003596306 0.463680148124695 0.419494479894638 6.76847457885742 7.98385763168335 6.04047918319702 2.96588540077209 0.61888313293457 1.05089581012726 2.13153433799744 2.32358479499817 2.40119886398315 2.47396230697632 2.17586874961853 1.75420534610748 1.66215431690216 1.97425258159637 2.14083480834961 1.96180617809296 2.00593757629395 1.89134085178375 1.49410164356232 0.94107723236084 5.90087652206421
-0.213620007038116 -0.636301577091217 3.11098623275757 6.11804628372192 11.299430847168 13.1744165420532 7.37125205993652 3.32029819488525 0.400230675935745 0.311890155076981 0.276391893625259 0.259285897016525 0.440902918577194 0.602957725524902 0.690011322498322 0.537199974060059 0.337802290916443 0.14177380502224 0.325610131025314 0.292620092630386 0.291211307048798 0.67443060874939 0.5825434923172 0.482488840818405 0.503453731536865 1.58373594284058 3.94265270233154 2.79315376281738 0.733980894088745 1.06422162055969 2.13654184341431 2.60733962059021 2.70834517478943 2.82384443283081 2.66076040267944 2.27517771720886 2.06242656707764 2.19536900520325 2.29296469688416 2.04567933082581 2.08657002449036 2.00406932830811 1.55102515220642 0.960285246372223 0.404420167207718
-0.862724304199219 -2.48733019828796 -2.20848345756531 -0.00322384922765195 6.44255924224854 12.3618965148926 9.64503288269043 3.75615954399109 0.805313885211945 0.698839366436005 0.509687304496765 0.55277955532074 0.573884308338165 0.781339704990387 0.968904256820679 0.81584495306015 0.403639614582062 0.319245457649231 0.478981524705887 0.522737085819244 0.49373584985733 0.871311008930206 0.696128666400909 0.53803288936615 0.540174663066864 0.363756984472275 0.62909609079361 0.863313972949982 1.04611945152283 1.60042893886566 2.36875176429749 2.8802318572998 3.07646369934082 2.92292451858521 2.65412020683289 2.49939656257629 2.40156769752502 2.43489837646484 2.24147033691406 2.22677969932556 2.20312094688416 2.07781362533569 1.84692525863647 1.3330157995224 0.720219254493713
-2.65793085098267 -2.41840553283691 -2.20541954040527 -1.99872243404388 2.91940784454346 8.89276790618896 10.1441802978516 3.05764555931091 1.67916405200958 1.0971599817276 0.875118732452393 0.918784856796265 0.894053280353546 0.897008001804352 1.02206015586853 0.91800582408905 0.51099020242691 0.531645894050598 0.623702585697174 0.660336434841156 0.975201070308685 1.03928649425507 1.76660120487213 0.872920155525208 0.93971461057663 0.631660282611847 0.649966299533844 0.918052434921265 1.74842512607574 2.52714681625366 2.9522647857666 3.21715402603149 3.36155724525452 3.15574884414673 2.71348166465759 2.48250889778137 2.50114488601685 2.54105496406555 2.23428773880005 2.27571082115173 2.49482893943787 2.20176076889038 2.07855939865112 1.6145533323288 1.02382838726044
-2.36463212966919 -2.02977752685547 -2.03007650375366 -1.92693376541138 -1.15309703350067 6.17837047576904 9.64794254302979 4.82148885726929 1.74268639087677 1.36241638660431 1.29316508769989 1.25129115581512 1.28063154220581 1.27097034454346 1.14515459537506 0.895582318305969 0.638091564178467 0.803205668926239 0.789661467075348 0.807698011398315 1.32149231433868 1.03022348880768 0.850255489349365 1.28937447071075 1.28634965419769 1.13038945198059 0.959896087646484 1.11818397045135 2.16475057601929 3.11392307281494 3.50103855133057 3.60529780387878 3.606693983078 3.33304238319397 2.83908224105835 2.58816361427307 2.63376092910767 2.65092062950134 2.28802609443665 2.29071426391602 2.25007653236389 2.56539726257324 2.47407698631287 1.93550860881805 1.30258965492249
-2.23105025291443 -1.94170689582825 -1.84921562671661 -1.97100079059601 -1.72236943244934 2.84177446365356 7.93601322174072 5.82189702987671 2.13080215454102 1.43586277961731 1.55166864395142 1.61510384082794 1.64888143539429 1.64728701114655 1.41652154922485 0.909998953342438 0.764415502548218 0.962960958480835 0.97807115316391 1.10062742233276 1.51355504989624 1.13376319408417 1.05022990703583 1.5402672290802 1.64766383171082 1.61442399024963 1.45804214477539 2.0644006729126 3.08006548881531 3.75063467025757 4.0331916809082 3.93559503555298 3.61982083320618 3.16102194786072 2.92735528945923 2.83889484405518 2.86329579353333 2.51635384559631 2.48609614372253 2.37704968452454 2.20414590835571 2.1299512386322 2.3992714881897 2.72538995742798 1.80913865566254
-2.09308838844299 -1.80051565170288 -1.67023634910583 -1.83947086334229 -1.49009084701538 -0.424027323722839 4.1549334526062 5.07553148269653 3.35721206665039 1.6452260017395 1.76156234741211 1.96494913101196 1.93166518211365 1.74242663383484 1.55730104446411 1.13014316558838 1.11079072952271 1.12222921848297 1.23944532871246 1.71993327140808 1.98781359195709 1.84938049316406 1.60942280292511 2.02832508087158 1.97178971767426 1.99828517436981 2.52383208274841 3.23844695091248 4.19353532791138 4.59190464019775 4.30697393417358 4.17315816879272 3.82622647285461 3.25239992141724 2.92336988449097 2.9299464225769 2.98180341720581 2.64197897911072 2.64988613128662 2.50520515441895 2.27661466598511 2.16801238059998 2.00710678100586 1.99448347091675 2.03372931480408
-1.69423007965088 -1.50875425338745 -1.44608056545258 -1.56601500511169 -0.797033309936523 -0.0501819960772991 1.03903293609619 4.33882999420166 4.36847066879272 1.91944921016693 2.0033655166626 2.18444228172302 2.1851122379303 1.91370868682861 1.55160224437714 1.27536046504974 1.26079893112183 1.20608520507812 1.53919875621796 2.15355443954468 2.43043494224548 2.49265837669373 2.37485909461975 2.62619924545288 2.38026428222656 2.8669764995575 3.79751896858215 4.2611517906189 4.92913198471069 5.06584453582764 4.67409658432007 4.43388175964355 4.02034282684326 3.74680066108704 2.99960398674011 3.05659365653992 3.24987649917603 3.13391327857971 2.8625648021698 2.7051362991333 2.33128094673157 2.23117518424988 2.02182602882385 1.86090457439423 1.97125566005707
-1.49686443805695 -1.33726704120636 -1.3963543176651 -1.15900480747223 -0.385296404361725 0.30321803689003 1.05939388275146 3.62540507316589 4.98349571228027 4.51587343215942 2.27127647399902 2.31374144554138 2.34893727302551 2.05558490753174 1.44706320762634 1.25558173656464 1.46172964572906 1.69031667709351 2.12032628059387 2.69971585273743 2.94829726219177 3.17750096321106 3.44021010398865 3.07288813591003 3.83124661445618 3.83470511436462 4.9742488861084 5.70833873748779 5.78936958312988 5.44484376907349 4.94894123077393 4.42792177200317 3.55172872543335 3.25233769416809 3.26776027679443 4.03982400894165 3.63338780403137 3.45843434333801 3.48834371566772 3.09833788871765 2.67925333976746 2.28411340713501 2.15557217597961 2.08116865158081 2.11209440231323
-1.40665078163147 -1.12876009941101 -0.964258253574371 -0.463782727718353 0.0946933850646019 0.724528968334198 1.19726800918579 1.64179801940918 3.31086683273315 3.75039124488831 2.79806590080261 2.41652846336365 2.21736907958984 2.00527691841125 1.52932214736938 1.45954763889313 1.66629004478455 2.03108406066895 2.56363129615784 3.25094795227051 3.73131442070007 3.80999040603638 4.06070184707642 5.7487530708313 6.67219400405884 6.82275485992432 6.53420209884644 6.43769216537476 6.36335754394531 5.61446571350098 5.25945615768433 4.58328866958618 3.58025813102722 3.07288265228271 4.47606563568115 4.17673254013062 4.05363368988037 4.05315446853638 3.94801592826843 3.4701292514801 3.29380249977112 2.86010026931763 2.41016435623169 2.5548255443573 2.59323477745056
-1.15023601055145 -0.904737830162048 -0.636696577072144 0.119158267974854 0.519734799861908 0.953506588935852 1.36362493038177 1.70479226112366 2.04674196243286 2.46542286872864 2.66259622573853 2.59286022186279 2.28684067726135 1.85332453250885 1.55001628398895 1.77741956710815 1.91439259052277 2.31469488143921 2.81220245361328 3.54386448860168 4.00180625915527 4.0059494972229 5.72963047027588 5.51164579391479 5.61684322357178 7.52276706695557 7.40803098678589 6.78456401824951 6.78591823577881 6.02812814712524 5.42362117767334 4.81586074829102 3.8133225440979 3.16460943222046 3.13090252876282 3.41089558601379 5.14748859405518 5.39826059341431 4.6217885017395 3.69943404197693 3.63369083404541 3.62772989273071 3.17256450653076 2.93704128265381 3.05207705497742
-0.916031837463379 -0.618477880954742 -0.0263981875032187 0.587597191333771 1.09406387805939 1.53875851631165 1.84118521213531 1.88951444625854 2.26501631736755 2.43249773979187 2.55882000923157 2.68108081817627 2.40429997444153 1.68975424766541 1.47567915916443 2.10428357124329 2.42004585266113 2.94366407394409 3.68472290039062 4.10478067398071 4.5587739944458 4.33264207839966 3.21428871154785 6.15815401077271 7.76658010482788 7.65838003158569 8.10126495361328 8.19345664978027 7.24592685699463 6.28140497207642 5.402907371521 4.33637142181396 3.80062007904053 3.56876230239868 3.45024824142456 2.73385429382324 3.06080722808838 4.95089340209961 4.89578676223755 4.218421459198 3.79677319526672 4.02383041381836 4.20764255523682 3.58955788612366 3.27958726882935
-0.721688449382782 0.0521216206252575 0.761977255344391 1.29468154907227 1.92778408527374 2.34848713874817 2.72165727615356 2.56676721572876 2.69011878967285 2.78772306442261 2.69554877281189 2.49863958358765 2.29847884178162 1.77770209312439 1.85415053367615 2.3467538356781 2.6827871799469 3.37511491775513 4.35253858566284 5.06754589080811 6.07971572875977 4.80957126617432 3.32988905906677 4.96222829818726 8.03071403503418 9.49925899505615 9.35536575317383 9.24765682220459 8.00257205963135 6.76421928405762 5.51904582977295 4.31647872924805 3.63669633865356 3.75013661384583 3.77213716506958 2.73256134986877 2.66754627227783 2.78305101394653 3.64069199562073 4.42321443557739 4.33861112594604 3.55877304077148 4.24520349502563 4.09029960632324 3.77922964096069
-0.191654965281487 0.975544333457947 1.44069647789001 2.12173938751221 2.89732575416565 3.28991746902466 3.5525016784668 3.55148887634277 3.66057562828064 3.74446892738342 3.25827169418335 2.67743229866028 2.14211487770081 1.81666481494904 2.57389259338379 2.75936222076416 3.37546038627625 3.99572801589966 5.47445106506348 7.58695888519287 7.30421018600464 7.48167610168457 6.52396774291992 4.92719221115112 6.01822423934937 7.97279167175293 7.39744806289673 9.45409107208252 9.16795921325684 6.83434534072876 5.72351789474487 4.41185092926025 3.70357966423035 3.95555377006531 4.01191425323486 2.86482191085815 2.64066767692566 2.4116415977478 2.87955784797668 4.05192136764526 4.19045829772949 3.64664006233215 3.97120690345764 4.19877147674561 4.30240535736084
2.1435272693634 2.58014845848083 3.26329040527344 3.81114768981934 4.51190614700317 4.67970657348633 4.54823541641235 4.49610710144043 4.39040470123291 3.87331509590149 3.35357761383057 2.85508179664612 1.94911015033722 2.07443308830261 3.07624053955078 3.47403836250305 4.18785953521729 4.92579317092896 5.82174253463745 6.98379945755005 7.60392379760742 8.2967529296875 7.70871782302856 3.89079523086548 4.42251348495483 7.34901332855225 10.2081451416016 8.6070671081543 8.45362663269043 7.46330451965332 5.38453054428101 4.33597660064697 4.57200956344604 4.88522243499756 3.59224319458008 3.35458040237427 2.92623209953308 2.34992647171021 2.2819881439209 2.43109822273254 3.8024218082428 4.37409448623657 4.47200012207031 4.30387020111084 4.37234497070312
3.81889414787292 4.72686195373535 5.47396945953369 6.48737525939941 6.14279937744141 6.07027769088745 5.40069580078125 5.31771183013916 4.97777509689331 4.13618040084839 3.08332014083862 2.71718311309814 2.06755495071411 3.25655078887939 3.90073037147522 4.39854145050049 4.99393606185913 5.30860662460327 5.51724576950073 5.15548324584961 4.70984315872192 3.95951128005981 4.88398838043213 3.86591100692749 4.75811576843262 6.52650308609009 6.74524974822998 6.98886013031006 7.77124547958374 6.52385997772217 5.64129829406738 4.77072811126709 5.21651983261108 5.46666049957275 3.77009844779968 3.56992244720459 3.15609169006348 2.59874105453491 1.74473464488983 1.70719766616821 3.07154083251953 4.17407608032227 5.51056337356567 5.348801612854 4.75000047683716
6.24580049514771 6.95178747177124 7.29459095001221 8.00509357452393 7.48532772064209 6.40035438537598 5.95277786254883 5.77628326416016 5.38147115707397 4.49333715438843 3.37933492660522 2.49163007736206 3.27926754951477 4.49138736724854 4.61888360977173 5.77808380126953 6.64459371566772 5.86897706985474 6.31207227706909 5.17651224136353 4.27119159698486 3.09906506538391 1.9746869802475 1.27107417583466 1.06997501850128 1.05555462837219 2.86083555221558 5.91825771331787 7.08621788024902 7.14560174942017 5.68022203445435 5.85681104660034 6.4572172164917 6.6321759223938 4.87403440475464 4.5519814491272 3.76249718666077 2.46605944633484 1.34292912483215 1.31687414646149 1.66531348228455 2.99814510345459 5.48551607131958 7.13825178146362 5.77173280715942
