slauniainen/Data/DEM/Vihti_dem1500b_cl_horizonAngle_222.asc
NCOLS 196 
NROWS 178 
XLLCORNER 353680 
YLLCORNER 6699024 
CELLSIZE 16 
NODATA_value -3.4e+38 
[rows 20 to 39 of 178, columns 0 to 44 of 196]
2.4751284122467 2.14367818832397 4.25524377822876 3.6262001991272 2.55156922340393 1.90129280090332 1.06332862377167 0.553415060043335 0.467144668102264 0.429494798183441 0.229180932044983 -0.14802460372448 -0.491002470254898 -0.997480273246765 -2.03956294059753 -2.67297625541687 -3.21087980270386 -3.64397716522217 -3.82658720016479 -3.95461750030518 -4.10425186157227 -2.94978952407837 -0.644830703735352 6.91167593002319 8.81678485870361 6.94091796875 4.5874285697937 2.63936376571655 -0.00656835548579693 -2.4256637096405 -2.9444842338562 -3.86831498146057 -3.94919109344482 -1.04881060123444 -2.13808846473694 -2.10679650306702 -1.0363734960556 1.12225317955017 -1.48272633552551 -2.15938639640808 -0.120413228869438 -0.0777190551161766 -2.60913562774658 -3.65057373046875 -3.89028787612915
2.29985523223877 1.80775511264801 6.00086307525635 3.56692481040955 2.60209488868713 1.93706166744232 0.793276250362396 0.606728374958038 0.558337867259979 0.461829841136932 0.147454932332039 -0.227574780583382 -0.463738977909088 -0.856143534183502 -1.8853006362915 -2.59417915344238 -2.86137056350708 -3.40491437911987 -3.68815207481384 -3.90422296524048 -4.09234619140625 -3.02569842338562 -1.99574065208435 5.25061988830566 7.1016263961792 6.40137147903442 4.32085180282593 2.37032055854797 0.504181683063507 -1.68080580234528 -3.1783881187439 -3.82762098312378 -3.87227535247803 -2.174973487854 -1.23027634620667 -3.57135415077209 -3.77058219909668 -1.57241714000702 -0.967658579349518 -3.15007710456848 -2.19274020195007 -1.73093998432159 -2.55152177810669 -3.64465546607971 -3.7276656627655
1.61664521694183 2.83466386795044 5.15751314163208 3.65512084960938 2.57292914390564 1.58526206016541 0.867763519287109 0.701891541481018 0.61559009552002 0.416483968496323 0.15599025785923 -0.12742306292057 -0.482201725244522 -0.83717930316925 -1.58132684230804 -2.40761089324951 -2.7402126789093 -3.13024258613586 -3.57428050041199 -3.87549829483032 -4.03572797775269 -4.12243318557739 -4.07451963424683 3.8348388671875 6.29353618621826 5.61212587356567 3.94171833992004 1.90143942832947 0.286420404911041 -1.16074323654175 -3.03726768493652 -3.59095668792725 -3.74163508415222 -3.75724792480469 -3.39797449111938 -3.65851187705994 -3.69498062133789 -3.66820240020752 -3.35221290588379 -2.75139570236206 -0.861181735992432 -1.02663993835449 -2.06550931930542 -2.99617409706116 -2.37041544914246
1.01694023609161 4.81421613693237 5.08680009841919 3.65798115730286 2.10454177856445 1.12971889972687 0.912852227687836 0.776912927627563 0.559833645820618 0.600184559822083 0.520910680294037 0.0691383257508278 -0.302790820598602 -0.748343825340271 -1.32277929782867 -2.23463225364685 -2.63478016853333 -2.96753430366516 -3.5665135383606 -3.74883055686951 -3.87987875938416 -3.97886395454407 -4.02657032012939 0.155940100550652 5.45003604888916 4.45316553115845 3.95223546028137 1.88771879673004 0.32415646314621 -1.45090854167938 -3.28429579734802 -3.39518117904663 -3.52085638046265 -3.5826780796051 -3.53342509269714 -3.50976252555847 -3.55575156211853 -3.52803325653076 -3.45694065093994 -3.42639255523682 -1.79222846031189 -1.53153014183044 -1.30046558380127 -0.355343461036682 -0.115486986935139
1.40276384353638 7.3172402381897 5.22662496566772 2.93746781349182 1.43492901325226 1.26994693279266 1.00520956516266 0.722617328166962 0.653130948543549 0.646890699863434 0.673142910003662 0.375718772411346 -0.0911202430725098 -0.580098628997803 -1.12640631198883 -2.00292229652405 -2.46846556663513 -2.82125616073608 -3.2990140914917 -3.54664301872253 -3.67612957954407 -3.7664487361908 -3.83546018600464 -2.36864757537842 3.81508684158325 4.09585475921631 3.61599731445312 2.02855348587036 1.1362498998642 -2.35401344299316 -3.10442280769348 -3.16602563858032 -3.23401665687561 -3.30100536346436 -3.24285387992859 -3.19209837913513 -3.28610944747925 -3.35931658744812 -3.30733633041382 -3.34586954116821 -3.30042195320129 -3.27751493453979 -2.36210966110229 -1.47701179981232 0.658834934234619
2.73655438423157 8.55984783172607 4.40837383270264 2.04702258110046 1.65416693687439 1.39782452583313 0.943780779838562 0.707079172134399 0.70674991607666 0.81326287984848 0.734058082103729 0.580430746078491 0.114146895706654 -0.382432073354721 -0.919807732105255 -1.66627287864685 -2.18645429611206 -2.57606983184814 -2.96863794326782 -3.29890894889832 -3.46198320388794 -3.57576417922974 -3.64953708648682 -3.08682227134705 0.958021283149719 3.32641386985779 3.59806370735168 2.80194497108459 0.293726563453674 -2.92882418632507 -2.98848247528076 -2.93318772315979 -2.79906511306763 -2.8351263999939 -2.79198241233826 -2.8181893825531 -2.92151856422424 -3.1183614730835 -3.17731046676636 -3.21307301521301 -3.1655113697052 -3.19271564483643 -3.12617778778076 -3.10824465751648 -2.13817524909973
1.9838547706604 7.00196027755737 2.58151340484619 1.89797306060791 1.60593688488007 1.34075653553009 0.871919333934784 0.759337246417999 0.871168971061707 0.84819620847702 0.823547601699829 0.677517533302307 0.24950884282589 -0.204860061407089 -0.771715223789215 -1.45470809936523 -2.01611065864563 -2.3863251209259 -2.69150471687317 -2.98485636711121 -3.17412805557251 -3.35186290740967 -3.45042538642883 -1.15089154243469 0.858670890331268 4.81277704238892 4.82116651535034 2.05860233306885 -1.16423523426056 -2.85168766975403 -2.86551022529602 -1.69822406768799 -1.89954829216003 -2.25095629692078 -2.51190590858459 -2.58514070510864 -2.67508602142334 -2.82900261878967 -3.03235054016113 -3.10064840316772 -3.07107090950012 -3.06358671188354 -3.00586295127869 -1.94738531112671 3.44296145439148
0.593632519245148 3.68739819526672 2.33316588401794 1.91454803943634 1.77631950378418 1.43236613273621 0.892751634120941 0.922057926654816 0.903412044048309 0.924290478229523 0.88388991355896 0.655341506004333 0.314696162939072 -0.0633660927414894 -0.622986316680908 -1.30287826061249 -1.86296498775482 -2.23237252235413 -2.5230655670166 -2.78707480430603 -2.98673415184021 -3.17851901054382 -3.27294993400574 0.702431082725525 2.54183983802795 5.52184772491455 3.35709667205811 0.343723714351654 -2.68372201919556 -2.77038812637329 -0.227012768387794 -1.90300250053406 -1.41454589366913 -1.90271949768066 -2.31362557411194 -2.39073300361633 -2.53100562095642 -2.74402809143066 -2.97813630104065 -2.95856046676636 -2.96743369102478 -2.91735053062439 -2.83661770820618 -2.75157046318054 -0.330288022756577
1.38258290290833 2.90622401237488 2.0970151424408 1.97571384906769 1.76428198814392 1.66909742355347 1.00806069374084 0.95375519990921 0.977643668651581 0.967913269996643 0.826091170310974 0.603051483631134 0.401345133781433 0.113415248692036 -0.358294486999512 -1.14333009719849 -1.69320678710938 -2.00920295715332 -2.36878204345703 -2.67017436027527 -2.83383345603943 -3.02715277671814 -3.11543655395508 3.24825716018677 7.51988649368286 4.40039443969727 2.17406678199768 0.417286038398743 -2.58597636222839 -2.72186803817749 -2.60880947113037 2.11269998550415 1.25008809566498 -1.71801781654358 -2.0397310256958 -2.23259305953979 -2.4604115486145 -2.69313955307007 -2.79328536987305 -2.83056688308716 -2.83259415626526 -2.78778481483459 -2.68427801132202 -2.56906723976135 0.670598447322845
2.10629487037659 2.061448097229 2.0106315612793 1.86088013648987 1.59696686267853 1.90844440460205 1.05824184417725 1.04624450206757 1.02446138858795 0.905313074588776 0.754604816436768 0.63787454366684 0.507640719413757 0.292563289403915 -0.12351568043232 -0.768800973892212 -1.41662418842316 -1.79462254047394 -2.1081109046936 -2.47848200798035 -2.66467452049255 -2.85990881919861 -2.9744668006897 -3.06825137138367 3.68899512290955 1.06592106819153 1.99215173721313 0.530630648136139 -2.28511524200439 -2.45313549041748 -2.37406206130981 6.38055610656738 0.511110723018646 0.392646282911301 -1.83322286605835 -2.08979249000549 -2.35303592681885 -2.52172350883484 -2.64087247848511 -2.75863885879517 -2.67953181266785 -2.64452385902405 -2.52886533737183 -2.32369780540466 -1.93314218521118
2.10334324836731 2.16659164428711 1.99995028972626 1.74752914905548 1.67082738876343 1.69562804698944 1.13826954364777 1.09987998008728 0.97315388917923 0.822277784347534 0.733520805835724 0.687339186668396 0.631640255451202 0.447969526052475 0.0434941127896309 -0.458344161510468 -0.99626886844635 -1.4618661403656 -1.8119922876358 -2.22563242912292 -2.37106537818909 -2.46651935577393 -2.55797863006592 -2.85657906532288 0.441210895776749 -2.28683638572693 -2.11265993118286 1.63202655315399 2.0774519443512 -2.30144762992859 -2.22182607650757 2.06950306892395 3.99199485778809 -0.750613808631897 -1.69369208812714 -1.82772982120514 -2.06051063537598 -2.27100825309753 -2.36023306846619 -2.51489520072937 -2.51261901855469 -2.37871623039246 -2.21666622161865 -1.92864322662354 -1.59825909137726
2.6838743686676 2.34154582023621 2.09328675270081 1.95504915714264 1.4522260427475 1.21137189865112 1.17183446884155 1.03723800182343 0.872288048267365 0.789493203163147 0.748000204563141 0.742206335067749 0.709925651550293 0.52807205915451 0.239277496933937 -0.185430154204369 -0.687681376934052 -1.18281877040863 -1.51305520534515 -1.85224962234497 -2.0832359790802 -2.23502254486084 -2.36741399765015 -2.60950183868408 0.402440369129181 -2.01935458183289 -2.19798827171326 -2.24328565597534 3.62454080581665 -0.579328536987305 -2.02319240570068 -1.96174907684326 -0.739555716514587 -0.887584269046783 -1.61554789543152 -1.69942474365234 -1.82251536846161 -1.95158326625824 -2.05679106712341 -2.1798882484436 -2.22848510742188 -2.0146119594574 -1.77944350242615 -1.53418695926666 -1.25661337375641
2.53898620605469 2.759596824646 2.49592113494873 1.92557537555695 1.20732891559601 1.24868750572205 1.09285819530487 0.924164533615112 0.845707654953003 0.810510337352753 0.812229812145233 0.7953000664711 0.728360235691071 0.616497576236725 0.492427051067352 0.129285871982574 -0.346154510974884 -0.873470723628998 -1.2419126033783 -1.55297136306763 -1.80167019367218 -1.88675892353058 -2.0385410785675 -2.25569701194763 -0.540656208992004 -1.82535099983215 -1.98417365550995 -2.18800973892212 -2.07651829719543 -0.853977501392365 -1.78704333305359 -1.78458666801453 -1.65972304344177 -1.51171338558197 -1.55419361591339 -1.63191843032837 -1.71071374416351 -1.72579348087311 -1.75532329082489 -1.82373631000519 -1.80540132522583 -1.66941785812378 -1.09593164920807 -1.16899335384369 -0.892703711986542
1.44587099552155 2.66128206253052 2.60084557533264 1.29286754131317 1.27271127700806 1.19663727283478 0.983693301677704 0.904896438121796 0.872422873973846 0.882720053195953 0.87555992603302 0.80990594625473 0.742291152477264 0.747893214225769 0.579051971435547 0.32989090681076 -0.0717319250106812 -0.540975093841553 -0.952346444129944 -1.27330553531647 -1.55473065376282 -1.69021165370941 -1.89312255382538 -2.00119042396545 -1.75127482414246 -1.55744326114655 -1.66884756088257 -1.79249906539917 -1.83900463581085 -1.69653141498566 -1.48616874217987 -1.38732981681824 -1.30088210105896 -1.24622714519501 -1.46226811408997 -1.55730628967285 -1.58852863311768 -1.562091588974 -1.55829215049744 -1.55916571617126 -1.60637390613556 -1.45276916027069 -1.11464238166809 -0.782932221889496 -0.443653136491776
0.800372779369354 1.07657754421234 1.2518162727356 1.32125043869019 1.21249723434448 1.08624720573425 0.961863875389099 0.920131921768188 0.938210844993591 0.939543485641479 0.887405693531036 0.823215484619141 0.834555327892303 0.759928166866302 0.673950552940369 0.498760521411896 0.185990408062935 -0.285624921321869 -0.695623159408569 -0.996282398700714 -1.30961108207703 -1.51865530014038 -1.78964614868164 -1.72479605674744 -1.46913731098175 -1.34965407848358 -1.32745671272278 -1.33031928539276 -1.38177156448364 -1.35874843597412 -1.13279676437378 -1.00853478908539 -0.93009090423584 -0.934229075908661 -1.21775352954865 -1.42512583732605 -1.44375824928284 -1.37760925292969 -1.31643629074097 -1.28321099281311 -1.24273538589478 -1.07669699192047 -0.633077442646027 -0.420789808034897 -0.109755143523216
1.12528681755066 1.19149124622345 1.35291969776154 1.2712676525116 1.1175708770752 1.08201909065247 0.974288046360016 0.992683887481689 0.990180611610413 0.939105868339539 0.88741809129715 0.912713408470154 0.831678032875061 0.80507093667984 0.761811316013336 0.620096564292908 0.400894343852997 -0.00365852401591837 -0.423166394233704 -0.736982703208923 -0.988084316253662 -1.2499281167984 -1.53017091751099 -1.37007439136505 -1.23296105861664 -1.12793874740601 -1.04266858100891 -0.960842847824097 -0.911432206630707 -0.886131644248962 -0.78455251455307 -0.687372863292694 -0.630690038204193 -0.619856715202332 -0.792447090148926 -1.09160816669464 -1.25957906246185 -1.23797571659088 -1.07001137733459 -0.820083141326904 -0.634042620658875 -0.39074832201004 -0.220869854092598 0.139271408319473 0.403335571289062
1.32607889175415 1.43023228645325 1.46543228626251 1.24500787258148 1.14211344718933 1.08064472675323 1.05353581905365 1.04854512214661 0.988871216773987 0.932973563671112 0.971912026405334 0.899059534072876 0.873339891433716 0.836411416530609 0.785703718662262 0.691733479499817 0.502311110496521 0.233820721507072 -0.15483720600605 -0.519903421401978 -0.745694518089294 -0.966252446174622 -1.11502480506897 -1.10050964355469 -0.995634734630585 -0.911264538764954 -0.822539091110229 -0.737836182117462 -0.605172693729401 -0.553652226924896 -0.511180877685547 -0.424616396427155 -0.354218572378159 -0.270892739295959 -0.324725121259689 -0.544041812419891 -0.805851638317108 -0.754189670085907 -0.645123839378357 -0.450465708971024 -0.147267267107964 0.0575743578374386 0.410921573638916 0.73834216594696 0.805751919746399
1.55187404155731 1.56033980846405 1.42284417152405 1.24849092960358 1.18305230140686 1.13634037971497 1.10205328464508 1.04612410068512 0.984285771846771 1.02342224121094 0.954816401004791 0.932976543903351 0.891741394996643 0.837211191654205 0.785857141017914 0.695949614048004 0.554778516292572 0.36899921298027 0.0885436981916428 -0.292806178331375 -0.522940993309021 -0.710105299949646 -0.790918290615082 -0.769342720508575 -0.767045080661774 -0.651971936225891 -0.600099384784698 -0.551472663879395 -0.463189035654068 -0.398232132196426 0.146123051643372 0.0868793129920959 0.9115070104599 0.376750111579895 0.0439374856650829 0.0293394364416599 -0.147461086511612 -0.218236893415451 -0.148912101984024 0.127278596162796 0.40105414390564 0.859353721141815 1.00878071784973 1.16282188892365 1.40471303462982
1.66393959522247 1.50077795982361 1.31300318241119 1.24613118171692 1.27548503875732 1.18896853923798 1.10907876491547 1.04100179672241 1.08178782463074 1.01019310951233 0.985601961612701 0.945132255554199 0.886556327342987 0.83280074596405 0.755820989608765 0.677613437175751 0.601547539234161 0.476373314857483 0.211557924747467 -0.10822719335556 -0.383535474538803 -0.517027676105499 -0.367412835359573 -0.369274914264679 -0.400176823139191 -0.395881712436676 -0.386887401342392 -0.376172482967377 -0.348030209541321 0.954617261886597 0.523266017436981 1.55172288417816 1.27244186401367 1.19687485694885 0.901190996170044 0.578843653202057 0.379842102527618 0.450504988431931 0.683139145374298 0.904726266860962 1.17774605751038 1.44474315643311 1.50222516059875 1.83022391796112 1.69263577461243
1.59652924537659 1.38150906562805 1.30781948566437 1.28100740909576 1.33788979053497 1.21120309829712 1.10663831233978 1.14658010005951 1.07146763801575 1.03655731678009 0.990578830242157 0.935441672801971 0.875178933143616 0.792926430702209 0.725013434886932 0.714424014091492 0.794329941272736 0.882940351963043 0.690505802631378 0.444340467453003 0.0426922217011452 -0.00621840683743358 0.0997809767723083 0.0500408783555031 -0.070485532283783 -0.135535433888435 -0.226905271410942 -0.273823618888855 3.55745983123779 1.94214642047882 2.33414936065674 1.82824122905731 1.69352412223816 1.60148239135742 1.35615074634552 1.03804397583008 0.835785031318665 1.07737934589386 1.29283499717712 1.53257596492767 1.69022452831268 1.80200099945068 2.10523343086243 1.95197510719299 2.18022441864014
