slauniainen/Data/DEM/Vihti_dsm1500b_cl_horizonAngle_324.asc
NCOLS 196 
NROWS 178 
XLLCORNER 353680 
YLLCORNER 6699024 
CELLSIZE 16 
NODATA_value -3.4e+38 
[rows 60 to 79 of 178, columns 135 to 179 of 196]
0.689174950122833 1.02133274078369 1.86861431598663 2.94415974617004 0.80800062417984 -2.2052628993988 1.27283000946045 0.947508633136749 -1.43601906299591 -1.11629331111908 -2.05776953697205 -3.16107439994812 -2.92995023727417 30.586124420166 28.3616695404053 1.7031238079071 5.98230838775635 25.2059631347656 5.63601541519165 -3.54823017120361 -4.21552038192749 34.9582824707031 37.1470527648926 4.0811562538147 29.1982593536377 22.6700248718262 18.4735317230225 16.5082397460938 12.8127317428589 12.5290470123291 22.3490982055664 25.4737682342529 13.9391021728516 9.0895414352417 1.26261258125305 -0.27936589717865 -0.747684955596924 -2.91542530059814 0.138456791639328 -0.760315895080566 6.74049758911133 4.87936687469482 10.8070526123047 11.7097587585449 30.4907379150391
3.76831769943237 0.382855921983719 0.658151149749756 1.45454025268555 2.51137804985046 0.628528654575348 32.9659538269043 18.8299198150635 2.44009351730347 25.7361755371094 22.2537288665771 29.1127605438232 32.6942939758301 25.0146179199219 16.4312438964844 2.5466320514679 -3.21527695655823 20.5229473114014 11.3193454742432 1.15329945087433 2.41102075576782 42.0964012145996 27.9291820526123 26.643030166626 23.7917156219482 20.4347839355469 18.6910572052002 11.9567584991455 13.878888130188 9.12017345428467 20.5012321472168 8.98840427398682 10.7752094268799 6.85886144638062 4.86414051055908 -0.0875581130385399 2.01835060119629 -0.487783282995224 -3.04105520248413 -0.634954571723938 -3.22006034851074 0.628039717674255 3.5351243019104 13.9530944824219 27.3419075012207
1.83091425895691 3.02893090248108 -0.514160454273224 0.550464272499084 1.34611010551453 2.29832530021667 22.7163925170898 9.88173484802246 1.24202752113342 -1.71264612674713 -0.768225491046906 1.06898307800293 -2.72830247879028 14.6758651733398 8.88217258453369 8.40059566497803 0.95753288269043 20.7660236358643 9.23739147186279 7.9291934967041 22.5010185241699 32.5387840270996 18.5236644744873 20.3027591705322 21.4211578369141 13.7579116821289 9.85597515106201 8.72440242767334 10.2055282592773 8.70561695098877 23.5011463165283 10.8674411773682 7.44696283340454 8.11679172515869 5.66595602035522 2.55533862113953 -1.76687753200531 -3.42758774757385 -3.51867938041687 -3.54596900939941 -3.4561619758606 -3.38213777542114 13.5950031280518 17.0701217651367 14.0105657577515
1.87466144561768 2.85289311408997 0.166836783289909 0.543236136436462 1.26427710056305 2.15911459922791 0.211802408099174 14.0566902160645 0.497534185647964 0.518970787525177 13.7087278366089 2.31367921829224 -0.132249131798744 -4.10657787322998 6.73615980148315 5.31991481781006 5.05521392822266 13.1663541793823 7.283287525177 6.93789100646973 10.6750602722168 20.9623432159424 22.1551837921143 14.3572072982788 5.73796796798706 3.58853149414062 3.59551382064819 6.03056144714355 6.94927406311035 9.65613746643066 10.5315647125244 9.9386625289917 8.2953634262085 6.78255081176758 4.29701328277588 3.98994898796082 -0.559443533420563 -0.651483237743378 -1.6674200296402 22.4488277435303 17.9303359985352 15.3470592498779 25.7539749145508 12.8630046844482 20.1361923217773
1.70254242420197 1.50262773036957 2.51266884803772 0.127922669053078 0.43741974234581 1.07093179225922 1.87321126461029 0.39471247792244 9.56109714508057 -0.0868615359067917 -0.934499323368073 -2.08215928077698 4.07472324371338 -3.35366630554199 3.74906969070435 3.57722330093384 -4.12924814224243 -1.56605136394501 6.2953052520752 4.70334959030151 5.30551290512085 5.71048593521118 12.5590829849243 7.74883222579956 2.99875617027283 1.61995279788971 1.81286931037903 5.75522375106812 15.658073425293 19.9458522796631 8.76199817657471 6.92237854003906 9.0245475769043 6.5120267868042 5.41921758651733 2.89853239059448 6.3059458732605 -0.0109157525002956 1.1863226890564 16.7604370117188 13.378321647644 17.0207271575928 18.9153251647949 13.0988483428955 12.1207618713379
2.87760186195374 1.46649026870728 1.30876350402832 2.23549365997314 -0.281873762607574 0.312008202075958 0.861308753490448 1.5427154302597 -2.27786374092102 -0.0580342337489128 -0.304657936096191 19.9676761627197 8.47732830047607 -2.56680941581726 8.21533966064453 7.15996360778809 -1.41792547702789 24.5977573394775 -4.19354581832886 -3.66531419754028 3.21269512176514 4.01281881332397 2.50541567802429 3.5058491230011 22.6509380340576 1.0061446428299 1.73169302940369 1.89221918582916 23.14089012146 16.6895065307617 7.88886260986328 8.95889472961426 5.55940580368042 5.83727359771729 4.34638261795044 4.24557542800903 2.77473330497742 0.273545354604721 3.95975708961487 5.57555866241455 9.53954887390137 10.2273721694946 8.38829898834229 12.6165323257446 8.01226139068604
2.64834356307983 1.3294540643692 1.27625489234924 2.1006178855896 0.044327687472105 -0.566493153572083 0.105499528348446 -2.72546172142029 -2.58576726913452 2.18836712837219 -1.99577522277832 8.35538864135742 6.21317100524902 -2.23537850379944 10.5605392456055 5.32311868667603 -3.90636038780212 11.0117559432983 -4.33435297012329 -4.66334962844849 -0.809213936328888 1.9497709274292 2.96492171287537 5.42795896530151 13.9855098724365 18.8371162414551 10.3271074295044 13.5640087127686 39.6898994445801 21.9914531707764 11.1547346115112 4.5742449760437 5.06618118286133 4.20669889450073 5.02022743225098 9.71673774719238 3.42502021789551 2.6211371421814 8.50633239746094 0.572654664516449 -1.19119346141815 0.999317049980164 8.49612712860107 11.0228042602539 9.80327415466309
1.75964164733887 2.32093477249146 1.18546760082245 1.06932532787323 1.86674523353577 -0.116552263498306 0.0110516399145126 -3.09862852096558 -2.55236148834229 16.7213134765625 1.4035120010376 -0.63874489068985 1.4415670633316 -0.912808775901794 3.06550979614258 3.61519384384155 0.766007602214813 -2.78652000427246 -3.43572521209717 -4.65254831314087 6.16594219207764 -4.11600208282471 2.28091502189636 1.20546674728394 7.16370487213135 9.34680843353271 2.96690154075623 12.8275060653687 18.7102565765381 10.5173845291138 6.02748441696167 5.53365898132324 9.85890769958496 3.35941123962402 18.5380611419678 4.28989791870117 3.80888557434082 1.85589385032654 1.45000374317169 -1.13412392139435 2.33581471443176 3.84947037696838 13.7586116790771 1.75613951683044 7.03017330169678
3.70581221580505 1.10961246490479 2.02058839797974 1.00377976894379 0.883329391479492 1.50393974781036 -3.30720734596252 -3.25791621208191 -3.54128289222717 -2.83233976364136 -2.4117796421051 -2.41180896759033 2.3107533454895 -2.48075652122498 -3.43225765228271 -3.94956970214844 -4.28269195556641 -4.14917182922363 -4.31128168106079 -4.69037055969238 0.141169130802155 -4.9153265953064 -3.73990273475647 2.2541491985321 2.31667065620422 7.28342485427856 3.1204571723938 21.728006362915 8.29128837585449 7.87103366851807 7.04848480224609 7.20924711227417 8.29134082794189 5.09240531921387 2.57614421844482 3.92925810813904 3.26211905479431 2.26395750045776 4.51072549819946 5.13852787017822 -1.97724545001984 -2.27697801589966 -1.00574851036072 1.42050182819366 23.9925727844238
3.80176329612732 1.29481136798859 1.80967724323273 0.807657361030579 0.769549787044525 0.574370980262756 -2.69192409515381 -3.39031744003296 -3.62628483772278 -2.10195016860962 -0.107856132090092 -3.67452716827393 -3.25377988815308 -1.94205236434937 -3.82784867286682 -4.20069026947021 -4.02068138122559 1.84312832355499 4.42691898345947 -4.69429588317871 -2.70997405052185 -2.4361879825592 9.62035369873047 10.4621963500977 5.24376153945923 5.8732852935791 4.8854718208313 13.3866500854492 1.7347377538681 6.84594631195068 4.80761528015137 5.81400918960571 5.27471590042114 14.2760810852051 4.05089473724365 8.10563468933105 3.52287888526917 3.63269901275635 2.13542151451111 0.456081658601761 -1.49670338630676 -2.5444769859314 -2.60258769989014 1.61248016357422 7.92478513717651
3.29017853736877 2.75017857551575 0.939764499664307 1.42816650867462 0.506182253360748 0.357726633548737 -2.85376238822937 0.987500429153442 0.0271659437566996 2.1626079082489 -3.81151127815247 -3.96473455429077 -3.55261659622192 -3.62800073623657 -2.52934980392456 -4.02002477645874 12.9232721328735 -2.6579577922821 -4.98523139953613 -4.93480730056763 -5.19139051437378 -4.98216009140015 1.6402428150177 15.9932193756104 13.5390357971191 3.86324000358582 4.5879545211792 8.45484638214111 0.134579300880432 2.08907413482666 5.02435111999512 25.8590431213379 16.1285037994385 7.84127235412598 3.63084554672241 9.36335468292236 2.7474000453949 0.893406748771667 1.1747829914093 0.55064183473587 0.0301093999296427 -2.28080463409424 5.26727056503296 24.0061702728271 22.8280925750732
0.590017557144165 2.57845568656921 2.19930100440979 0.291607111692429 1.03176462650299 -3.27198314666748 -3.19163036346436 -1.71719563007355 -1.81188225746155 1.64456939697266 -3.61921954154968 0.509884119033813 -2.97625470161438 -4.14622163772583 -3.11448383331299 0.134390324354172 -4.39797353744507 4.61165475845337 -4.34932661056519 -5.11514854431152 -5.23555898666382 6.37035942077637 12.1460208892822 18.3505020141602 7.95648860931396 -0.326796174049377 3.50574207305908 4.82255268096924 13.52467918396 24.3953895568848 25.8060531616211 20.8865070343018 8.05943202972412 5.96774005889893 4.75881767272949 3.12274360656738 1.60484504699707 2.03261947631836 3.29356598854065 0.894342303276062 5.35310363769531 11.022497177124 12.6748399734497 12.548900604248 9.84988403320312
-0.851543664932251 -0.783217787742615 -1.95981800556183 -2.67804527282715 -2.9434027671814 -3.16287231445312 -3.39200019836426 -1.48015093803406 -3.55990767478943 -0.1048424243927 -0.705314040184021 -3.89847779273987 -0.612184941768646 -4.40927505493164 11.5376930236816 7.69643497467041 -4.38096141815186 -4.09101486206055 -4.17178344726562 3.75759124755859 5.69708728790283 15.634786605835 13.9424247741699 6.02041149139404 3.78667140007019 2.65088248252869 -1.09122014045715 4.17261266708374 20.24267578125 29.2568969726562 18.0338001251221 16.3557014465332 11.0350246429443 5.14431858062744 4.16703510284424 3.09538054466248 2.75348281860352 1.36028170585632 4.33891010284424 8.55766201019287 8.60275363922119 19.4063625335693 15.9444675445557 16.6153659820557 18.124044418335
5.25768995285034 -2.1089723110199 22.5472888946533 -3.18786358833313 -1.03851127624512 -0.457327485084534 -0.0652391240000725 -0.561054825782776 -3.5815269947052 0.358577281236649 -3.69555997848511 -3.8102331161499 -0.14293484389782 5.39850234985352 -4.59160041809082 4.76522159576416 -3.04893827438354 7.50276660919189 -4.40438985824585 21.43337059021 7.16867733001709 18.1812305450439 7.72024965286255 6.48000240325928 4.27006053924561 5.33474159240723 1.41434144973755 22.7996501922607 6.26697444915771 16.8394317626953 20.6664390563965 15.6007862091064 12.0212440490723 7.04084444046021 4.86360168457031 4.15034437179565 2.93946862220764 2.1250376701355 3.11982989311218 11.6200160980225 13.3647050857544 25.8534736633301 26.1405639648438 27.0477828979492 10.7419548034668
3.28945899009705 -0.396718502044678 31.5735931396484 -2.47041177749634 5.92778778076172 -3.34448957443237 -3.32248067855835 -3.47959995269775 -3.67390108108521 -3.75181818008423 -4.0673656463623 -4.07471513748169 -4.22995948791504 -4.53055334091187 -4.84203481674194 -5.04250383377075 0.392349362373352 -1.04000759124756 4.72207069396973 24.3123359680176 5.82880640029907 4.48269844055176 7.90808820724487 13.1245374679565 5.25970411300659 12.5124759674072 22.6402721405029 16.5492877960205 14.3777027130127 7.14015245437622 13.8958158493042 21.1420040130615 10.7768535614014 5.73478031158447 2.67513084411621 3.55669236183167 3.14174270629883 9.48416137695312 22.7529983520508 20.3369922637939 12.0388193130493 30.402400970459 18.6459064483643 16.7556591033936 22.7079620361328
5.88135004043579 4.1294960975647 3.63759016990662 -2.08192372322083 -3.42429447174072 -3.639324426651 -1.62050259113312 -3.4797260761261 -3.83980512619019 -3.89234328269958 -4.18156242370605 -4.47890138626099 -4.68506526947021 -4.91942358016968 -5.07045984268188 5.51652860641479 2.69083690643311 -3.4519305229187 3.55447697639465 12.583155632019 6.07180976867676 4.11914682388306 3.83537364006042 11.6334972381592 5.68043994903564 12.513801574707 20.6896858215332 40.0798454284668 37.6934776306152 27.2550067901611 6.73960971832275 13.4757165908813 21.0855808258057 24.5028820037842 18.8563823699951 9.61429119110107 3.13435649871826 7.93315410614014 14.6785163879395 15.9775295257568 25.1166172027588 43.7459831237793 21.4809341430664 20.4950771331787 38.1432304382324
12.1633558273315 14.4241971969604 2.65283584594727 -3.04304766654968 -3.15071487426758 0.709237992763519 16.6238784790039 -3.45487499237061 -3.91081190109253 -4.18302822113037 -4.24505662918091 -4.50324678421021 -4.79859447479248 -4.92053604125977 -5.05899143218994 -1.28013718128204 2.34700274467468 -1.3855562210083 19.4304809570312 0.460103332996368 2.82704949378967 2.22639036178589 5.8357834815979 18.3869705200195 8.40977573394775 19.2041854858398 21.1149768829346 16.7177791595459 30.011137008667 19.2396450042725 6.10114336013794 10.7405920028687 15.5894355773926 23.2125053405762 24.2081775665283 34.5282821655273 34.4572677612305 44.0710601806641 33.4487495422363 37.8750228881836 45.4914169311523 36.6590270996094 27.8021373748779 28.7068538665771 28.1710166931152
21.1632175445557 10.6774806976318 6.45703887939453 12.3031883239746 -3.1264762878418 -3.78755974769592 3.61007618904114 -3.5039849281311 1.99388444423676 -4.13108539581299 -4.40771245956421 -4.73463535308838 -4.66410160064697 5.64323997497559 -2.95299959182739 1.20426201820374 4.64682626724243 1.68098223209381 3.10869288444519 1.62055850028992 0.587437689304352 7.61042070388794 11.9550132751465 9.76667213439941 6.90899562835693 18.6104125976562 30.7382984161377 39.3093147277832 32.11328125 20.976978302002 15.84264087677 5.55532598495483 9.57235240936279 13.9613571166992 16.7097110748291 16.9846630096436 32.4306030273438 37.3603477478027 35.211784362793 34.3246612548828 33.8675308227539 24.9746246337891 25.9846115112305 21.7539978027344 19.9378910064697
14.5254211425781 11.4798774719238 16.3914813995361 5.2602596282959 -0.827699542045593 -2.08366942405701 10.855676651001 -1.21102845668793 -3.72735071182251 5.05418014526367 6.71037626266479 7.41724443435669 26.5714645385742 16.4178810119629 1.08290088176727 12.2884569168091 0.802751183509827 0.295302927494049 11.2337160110474 13.8643064498901 12.792818069458 19.4540977478027 12.6275463104248 5.70207595825195 7.66312694549561 21.9864196777344 40.501781463623 28.0051536560059 22.1674060821533 17.7062072753906 16.2539978027344 11.4656000137329 5.38921356201172 8.79590892791748 12.5957536697388 13.4156332015991 13.9643487930298 23.6769485473633 27.5042400360107 25.7651672363281 24.4774932861328 23.6820983886719 19.6589908599854 20.4061660766602 18.2393035888672
13.4544429779053 13.779468536377 12.030689239502 4.04421043395996 0.388895481824875 5.68674278259277 6.02517461776733 -3.67676138877869 -3.97259712219238 8.33845901489258 10.4702110290527 15.0433568954468 23.3319931030273 14.2113084793091 9.10994815826416 9.45635509490967 4.96353340148926 6.77145862579346 5.70714473724365 13.9886465072632 9.39958190917969 14.55491065979 14.7690382003784 9.5229959487915 15.3511371612549 27.570333480835 40.4281845092773 15.7859315872192 19.766565322876 16.2647876739502 14.7247428894043 13.5687780380249 9.32544994354248 5.24416303634644 8.3218297958374 11.5607862472534 11.4364442825317 12.0388584136963 18.9367980957031 21.8195457458496 20.0428485870361 18.9460372924805 18.499324798584 16.7300338745117 17.1458568572998
