slauniainen/Data/DEM/Vihti_dsm1500b_cl_horizonAngle_24.asc
NCOLS 196 
NROWS 178 
XLLCORNER 353680 
YLLCORNER 6699024 
CELLSIZE 16 
NODATA_value -3.4e+38 
[rows 0 to 19 of 178, columns 46 to 91 of 196]
33.012336730957 24.9193420410156 26.5857715606689 14.8546447753906 25.6036911010742 16.0018520355225 14.5958662033081 0.978310704231262 4.24095964431763 1.1871120929718 1.16654777526855 1.37683534622192 1.61132943630219 2.32616710662842 0.988836586475372 0.976281583309174 7.02012014389038 37.7489929199219 0.196183457970619 11.3964767456055 0.700385808944702 12.9589881896973 2.45124864578247 10.1478147506714 9.3492956161499 10.1109981536865 7.68917655944824 19.4091777801514 5.62727785110474 2.38290596008301 4.22712373733521 0.774081349372864 6.48042678833008 0.278299152851105 0.0348091088235378 -0.381086140871048 -0.616416335105896 -1.14575576782227 2.30841970443726 -1.65844142436981 -0.608798444271088 2.16479682922363 4.15195369720459 1.4745854139328 5.46496105194092 -0.0815414786338806
43.5796508789062 45.5814170837402 39.9182624816895 37.4353637695312 30.8409328460693 27.8964157104492 2.998943567276 7.71558570861816 1.28567218780518 1.0277191400528 1.19006311893463 1.14208507537842 1.25889182090759 1.12550532817841 9.78047180175781 0.755820751190186 0.32945317029953 22.5329551696777 5.58313131332397 0.232984200119972 0.751538276672363 1.59663665294647 24.6318855285645 5.64553737640381 5.00128650665283 15.2883157730103 8.78244781494141 10.8193521499634 4.3268027305603 0.906064093112946 0.544991493225098 0.564533054828644 1.36662411689758 11.7541151046753 4.06536626815796 0.529182553291321 -1.02435111999512 -1.29899382591248 -1.50542604923248 -3.80441236495972 -3.71654534339905 -2.02882051467896 3.09199380874634 -2.79397535324097 4.367751121521 3.74213051795959
25.3179798126221 23.5853290557861 18.906759262085 18.798095703125 13.8368263244629 3.6773636341095 2.81532049179077 1.21857011318207 0.876344501972198 0.817995727062225 0.535151898860931 0.757051408290863 1.14380204677582 2.3300256729126 0.677674949169159 0.590900897979736 1.15812754631042 25.3273468017578 4.30120468139648 20.2298202514648 15.1119470596313 19.9435882568359 4.8126106262207 12.4274349212646 17.8505840301514 5.0176362991333 7.89849901199341 15.1736946105957 4.48240947723389 9.97426700592041 0.418546676635742 0.255144447088242 0.0315318256616592 5.63345003128052 16.750789642334 24.8196907043457 18.8579959869385 -3.24225902557373 -3.35031414031982 -1.1018031835556 -3.97726964950562 2.46722507476807 -3.21444582939148 0.316385000944138 -4.27125883102417 11.8840255737305
18.8792381286621 19.9178104400635 14.5834178924561 12.0518474578857 4.10119581222534 2.09246349334717 2.54768562316895 0.569886088371277 0.675029635429382 0.587601602077484 1.16617298126221 3.18040633201599 0.701635897159576 1.54397392272949 1.49240839481354 20.3663654327393 16.6824684143066 23.9967441558838 8.19409942626953 0.740171313285828 6.75146293640137 7.52898931503296 4.25838804244995 22.9067726135254 4.37810850143433 7.34959363937378 5.8903660774231 5.46114206314087 23.300329208374 0.109982177615166 5.03383493423462 -0.0904814898967743 8.55321407318115 3.95467448234558 19.9383144378662 10.2869634628296 0.387673109769821 7.06273889541626 -3.9580717086792 -4.02830266952515 -4.08587312698364 1.06046104431152 1.47285437583923 -1.19592332839966 14.3028135299683 9.5858793258667
16.2127933502197 11.8929481506348 11.2924776077271 8.56690502166748 1.16756165027618 0.86676299571991 0.61089289188385 0.368919104337692 0.594290137290955 0.37846902012825 9.40919399261475 0.924804210662842 0.578494787216187 1.58007776737213 7.13412475585938 3.37229585647583 0.369179219007492 3.91290283203125 22.1836395263672 25.3774070739746 8.22636127471924 1.33056807518005 4.2795205116272 4.3115930557251 4.2042236328125 2.20253038406372 5.32788562774658 17.3774833679199 10.3980121612549 34.6816864013672 6.24137449264526 29.8061485290527 10.1939392089844 40.0191383361816 17.4774417877197 1.21627902984619 5.73177146911621 -2.17572617530823 17.0922927856445 14.9135570526123 4.20554304122925 -3.25736832618713 -1.51214802265167 7.1187915802002 13.9287252426147 26.3880462646484
14.3632354736328 9.10519313812256 9.22284603118896 4.49590587615967 0.983170330524445 0.586851954460144 4.07811546325684 1.99202215671539 0.517067492008209 0.203628689050674 0.308986842632294 0.248019829392433 0.28124526143074 -0.104536786675453 0.222974672913551 13.6004056930542 48.7795181274414 9.07639408111572 10.0349807739258 4.99157619476318 1.25725948810577 9.76774120330811 10.1424617767334 2.3451817035675 2.47347664833069 4.55144929885864 4.72351741790771 4.93376779556274 16.0868434906006 14.9545040130615 7.70852279663086 14.038064956665 22.0273761749268 12.4160585403442 1.55386984348297 -0.224931269884109 3.10125422477722 8.51999950408936 8.77487277984619 12.8080520629883 2.17553853988647 14.7676010131836 15.1045627593994 28.4595928192139 25.6128349304199 39.9481544494629
8.21412467956543 8.67891788482666 7.20809268951416 0.788591921329498 6.93207597732544 3.51357698440552 3.03119564056396 2.60812711715698 3.45471882820129 0.164816454052925 5.58507966995239 6.19835233688354 4.28311634063721 17.525276184082 25.0260562896729 23.2543087005615 15.4361248016357 42.8341789245605 14.0629205703735 1.84862613677979 4.69299793243408 15.272985458374 2.14882254600525 2.4268274307251 1.2970769405365 1.1873859167099 2.63318467140198 4.27964878082275 12.2458934783936 9.96903038024902 25.6648845672607 9.96327209472656 9.42111778259277 3.81617593765259 0.306072533130646 3.86364817619324 5.25789499282837 8.76353549957275 21.5895824432373 8.28380584716797 25.2805862426758 25.0514583587646 21.3393859863281 15.2982444763184 30.9453163146973 17.7977962493896
7.98373746871948 7.14456272125244 2.32761812210083 4.02991437911987 2.70163750648499 0.570447087287903 3.81594371795654 11.4164905548096 0.117232024669647 3.19338726997375 19.6524410247803 12.2842073440552 15.4458494186401 10.6818189620972 1.70589447021484 7.01801919937134 8.09761142730713 7.78459692001343 37.7027473449707 4.37582921981812 10.8271036148071 2.46770262718201 11.2804279327393 1.46183836460114 0.775247752666473 0.579448342323303 0.832654058933258 8.62188816070557 6.21388673782349 7.50311088562012 8.74935913085938 5.82014226913452 2.08761882781982 13.0868711471558 4.62513446807861 1.34453547000885 5.13933086395264 10.4554510116577 9.27516078948975 37.8638801574707 22.004373550415 44.5547103881836 28.2175827026367 43.1307792663574 13.0757055282593 17.2209949493408
6.71187686920166 2.41503357887268 0.471133410930634 1.05857729911804 2.23118925094604 2.6076238155365 0.362585544586182 0.252736002206802 10.8599042892456 13.9018468856812 8.64218711853027 3.98984265327454 6.79665613174438 -0.00450808554887772 0.0614243410527706 1.06887257099152 8.9364595413208 8.77534770965576 2.96211266517639 47.9393081665039 45.8644714355469 1.40610957145691 1.97974336147308 0.628877699375153 0.486745566129684 0.213523164391518 0.137499794363976 3.16318106651306 4.27058029174805 4.37639093399048 2.8317494392395 3.30371189117432 9.67260456085205 0.660277247428894 5.2463207244873 6.91688537597656 21.6412963867188 24.7761402130127 46.5423202514648 24.925085067749 29.349027633667 28.4738807678223 20.8997745513916 7.5798487663269 11.0408639907837 19.53639793396
2.02693033218384 12.119441986084 13.8318853378296 0.374994695186615 0.329534590244293 0.28446352481842 10.5438203811646 12.6241760253906 3.50609087944031 2.37536549568176 4.67556476593018 4.48442935943604 0.218291386961937 -0.285250693559647 0.041985284537077 10.3728103637695 8.88013648986816 2.51335859298706 3.74519515037537 6.1418194770813 1.27338314056396 47.5008087158203 0.779930293560028 0.557822048664093 2.59731936454773 -0.150688588619232 3.07865118980408 1.4357385635376 2.67421007156372 1.66183114051819 1.34570908546448 3.78548121452332 0.390062898397446 0.705139815807343 11.8369808197021 26.9282665252686 21.8735847473145 8.63835430145264 20.1576709747314 33.0810050964355 32.8601379394531 23.5791416168213 9.15708351135254 36.8608436584473 10.3033199310303 28.6188697814941
9.45165348052979 7.92357206344604 2.77747082710266 1.64551377296448 8.85998916625977 14.2116861343384 13.7128324508667 3.34327983856201 1.41630399227142 2.08207559585571 1.53128385543823 2.25679397583008 -0.217609599232674 3.00869464874268 7.97763061523438 2.03075432777405 6.13375806808472 1.6297972202301 3.66301655769348 1.29192578792572 0.553467214107513 0.162558376789093 46.6662559509277 6.16200494766235 19.6660003662109 16.9324169158936 7.76309871673584 1.42744314670563 3.00919604301453 10.1925897598267 8.73451042175293 2.61705851554871 0.446748703718185 30.8506317138672 10.1189966201782 20.5824165344238 29.6384372711182 47.4079933166504 18.8464088439941 23.0471973419189 21.3449554443359 25.2414703369141 28.9136276245117 10.8115425109863 15.271068572998 17.0338363647461
1.22592234611511 1.94112575054169 4.28700923919678 4.45358943939209 17.377477645874 3.48658895492554 0.600204348564148 3.31641340255737 24.0333805084229 16.3428592681885 24.4909896850586 18.6678428649902 9.51875400543213 8.90229797363281 10.8104457855225 24.9091396331787 1.719123005867 1.66502845287323 1.11516952514648 0.74969619512558 0.230316057801247 4.52637386322021 9.07333374023438 48.8130416870117 9.66805076599121 12.7294387817383 0.532876074314117 13.7668104171753 7.45517110824585 0.938182830810547 0.301973402500153 0.291082739830017 16.9289512634277 10.5724458694458 33.5172233581543 13.6603603363037 10.7361106872559 12.8418083190918 20.0717315673828 17.6358070373535 18.6435279846191 28.2852306365967 33.677188873291 10.1032562255859 10.3977012634277 15.3925542831421
18.4771747589111 13.4601907730103 24.1278991699219 11.4798345565796 2.89581918716431 12.8480052947998 29.5900936126709 23.2384757995605 26.7726821899414 29.7017230987549 9.4682731628418 10.0401935577393 18.373872756958 21.0289440155029 14.1581230163574 12.4429731369019 13.7165250778198 0.902569174766541 5.31674671173096 3.58233785629272 0.14696429669857 0.296506822109222 1.82338273525238 6.58658599853516 43.6054077148438 1.27712297439575 2.03406047821045 5.71824264526367 1.0933084487915 11.5824375152588 0.935068249702454 15.2323427200317 3.98176240921021 13.0865516662598 8.63718605041504 10.1860990524292 7.89519548416138 32.5686111450195 16.8564014434814 15.7803153991699 16.2534656524658 21.8235321044922 18.7442188262939 34.0639953613281 34.5705337524414 13.1799802780151
8.998703956604 27.6486034393311 10.2299776077271 15.0266704559326 16.7426872253418 6.83038473129272 5.82206392288208 1.72933840751648 9.15683078765869 4.32798862457275 9.18197345733643 4.23089456558228 4.55041790008545 3.20595574378967 8.90868663787842 1.85949349403381 1.02907609939575 2.14571928977966 11.7196044921875 2.82161474227905 -0.0257935579866171 0.208438813686371 0.51008927822113 2.1955726146698 0.240330696105957 47.5212936401367 13.0693788528442 5.08718633651733 8.37392234802246 7.59395742416382 30.4401626586914 24.9362106323242 40.3841857910156 20.6587409973145 36.284122467041 37.4085807800293 35.2109298706055 14.9329929351807 13.1316919326782 21.2004566192627 16.3851661682129 17.2648277282715 17.3118953704834 16.9084014892578 12.0494203567505 12.155556678772
2.69538593292236 8.14349746704102 9.28781509399414 8.24613285064697 7.80312204360962 20.4880809783936 3.30617618560791 17.1943206787109 3.80788016319275 5.37499904632568 4.66790723800659 2.36613965034485 2.41829037666321 33.0866432189941 17.431619644165 10.410306930542 2.30035710334778 0.299416065216064 -0.281604498624802 2.02653980255127 -0.33363875746727 1.4122953414917 -0.280047595500946 -0.315453886985779 -0.767287731170654 7.46456909179688 46.2615585327148 10.6120433807373 22.5009613037109 12.4150075912476 36.6719551086426 44.3761138916016 21.8906841278076 18.839973449707 29.0127792358398 25.7534847259521 24.6431694030762 12.2002592086792 27.9222793579102 13.913013458252 14.2131757736206 10.9737749099731 13.3318777084351 12.9784107208252 11.2227792739868 11.2471885681152
2.44334483146667 3.40974926948547 5.00639677047729 6.43298053741455 4.42668342590332 2.35202646255493 2.3200523853302 2.25367856025696 1.91925990581512 1.06397008895874 1.37165248394012 12.2226295471191 7.77144575119019 1.8021115064621 8.26444625854492 0.634771764278412 -0.0738361179828644 3.04486465454102 6.4938645362854 10.425106048584 8.26991367340088 -0.307133704423904 7.11091470718384 18.8349075317383 13.7885141372681 1.01070380210876 5.51232624053955 21.2718677520752 22.6614170074463 44.0407333374023 18.2632865905762 25.4704513549805 12.6411046981812 30.8381519317627 9.58196640014648 10.5101728439331 13.2759714126587 26.7221698760986 13.4647092819214 11.4572982788086 12.7278356552124 9.89387130737305 10.3510046005249 10.038610458374 9.95503711700439 8.93550682067871
-0.466190546751022 0.633499562740326 4.90127229690552 3.50776243209839 10.0954647064209 2.15019464492798 6.90758562088013 0.252158463001251 5.11718845367432 8.16162014007568 6.08047246932983 0.00118240411393344 0.773250699043274 0.53125923871994 0.670378863811493 0.131347790360451 1.05134725570679 0.921176373958588 11.6877517700195 3.34316539764404 -0.694293737411499 -0.661378800868988 9.10398197174072 12.7663679122925 10.7013139724731 5.47392082214355 15.5099868774414 36.814323425293 11.4213752746582 26.9000492095947 24.2202014923096 14.7762641906738 13.1830768585205 8.16501522064209 11.278902053833 37.8830795288086 12.8057479858398 12.2559776306152 11.5293064117432 10.7310094833374 9.47714138031006 9.34161281585693 9.53936958312988 9.41487789154053 9.40424156188965 7.55587244033813
-1.2773460149765 -0.859749376773834 0.339977204799652 3.35363721847534 2.50871872901917 1.68523681163788 5.30139493942261 32.1714134216309 14.2769775390625 16.3757400512695 1.3587943315506 20.9078617095947 9.77500057220459 12.4549465179443 0.583170533180237 5.49518156051636 8.87584781646729 7.22996854782104 3.90883564949036 24.0390129089355 8.70049285888672 12.8684520721436 5.19299268722534 31.8246154785156 31.1254138946533 24.9083576202393 11.1241979598999 20.5828056335449 48.633716583252 16.0839500427246 26.5031414031982 10.8891925811768 14.837703704834 19.5889549255371 28.0922756195068 11.3121500015259 11.2345247268677 11.1270704269409 9.21650123596191 9.73841381072998 8.53150749206543 8.83369445800781 8.49554634094238 8.48256301879883 7.38604784011841 3.44737839698792
-1.51357638835907 -1.72073304653168 -1.87290465831757 -0.220459818840027 0.489755094051361 0.792623460292816 5.79593801498413 0.834944486618042 1.62445735931396 5.73985958099365 27.2359752655029 4.68443441390991 15.7493009567261 3.93520092964172 19.9252853393555 16.5889701843262 3.63007807731628 28.8284606933594 8.55545425415039 36.8249244689941 7.26782369613647 -0.543692052364349 0.489565789699554 11.3536291122437 18.2105236053467 34.3399391174316 34.5637817382812 26.1972427368164 16.5659294128418 14.1921167373657 9.04125690460205 10.9645185470581 21.2084064483643 27.9803981781006 14.5725479125977 10.6949014663696 10.5742235183716 9.8911190032959 8.14829730987549 9.01541423797607 8.01189804077148 8.25104713439941 8.00339031219482 7.99325704574585 6.59114122390747 1.55069470405579
-1.74085485935211 4.73352146148682 18.7544441223145 3.93569159507751 0.815059781074524 4.97734832763672 2.81191992759705 0.766945600509644 0.461159080266953 5.24309873580933 19.8238201141357 23.2240390777588 5.64416933059692 0.436934441328049 6.17284917831421 4.39278507232666 8.11687660217285 3.52379250526428 8.09831809997559 20.0256462097168 47.702808380127 47.6835784912109 42.7853393554688 11.2100877761841 17.2515411376953 23.7036018371582 14.2873830795288 21.5222206115723 13.8354625701904 11.8948402404785 8.6038646697998 20.0059986114502 15.4927082061768 10.5341939926147 9.94504165649414 9.85565662384033 9.68672275543213 8.02047824859619 8.08491039276123 8.06795024871826 7.62986421585083 7.20254182815552 7.16331768035889 6.2033839225769 3.0970983505249 1.43225383758545
