slauniainen/Data/DEM/Vihti_dem1500b_cl_horizonAngle_138.asc
NCOLS 196 
NROWS 178 
XLLCORNER 353680 
YLLCORNER 6699024 
CELLSIZE 16 
NODATA_value -3.4e+38 
[rows 0 to 19 of 178, columns 45 to 89 of 196]
2.13302636146545 2.78967428207397 3.68614315986633 5.65317296981812 7.5959620475769 8.9651346206665 10.8206911087036 13.7858428955078 13.2870578765869 16.8843765258789 8.89488697052002 1.62511610984802 0.8438760638237 2.84403944015503 5.10144805908203 4.00014638900757 3.74089813232422 3.45376014709473 1.58386445045471 -1.76980531215668 -2.03128385543823 -1.72895216941833 -0.779481172561646 0.751946449279785 1.58148050308228 1.97540771961212 2.50226497650146 3.59900641441345 5.09400177001953 7.01963996887207 4.15698909759521 -2.04517340660095 -1.78803658485413 0.684834361076355 2.373854637146 -1.50722503662109 -0.0671195462346077 1.1494334936142 1.6353178024292 1.65901184082031 1.70767867565155 1.70012533664703 1.52789115905762 2.06556725502014 1.78555071353912
3.92549443244934 4.98077917098999 5.68026161193848 7.36064910888672 9.54048347473145 11.1838750839233 14.5261821746826 16.6420459747314 17.4002475738525 12.5525302886963 4.02029323577881 -2.02506899833679 -1.74968111515045 0.33364936709404 1.79336714744568 1.1474541425705 0.54411393404007 -0.269918769598007 -1.39003551006317 -1.59353148937225 -1.6054379940033 -1.41272878646851 -0.349973499774933 0.81962388753891 1.84214425086975 2.08528923988342 2.32665848731995 3.1730477809906 4.63428401947021 5.5304126739502 2.68096375465393 0.806869089603424 -1.92629551887512 -1.33506631851196 -1.88860511779785 -1.48174810409546 -0.0531553663313389 3.0745325088501 4.96932935714722 3.16952967643738 2.15171813964844 2.10003447532654 5.39290380477905 1.63536608219147 -2.12175893783569
4.63250970840454 5.55948877334595 6.64511966705322 7.57072067260742 10.0844421386719 13.9633512496948 14.4113750457764 18.6366081237793 13.1045980453491 6.58261013031006 3.41331696510315 -3.06325054168701 -2.78564190864563 -1.46336245536804 -1.05213224887848 -1.48075497150421 -1.40472161769867 -1.29076600074768 -1.29946398735046 -1.400026679039 -1.27317833900452 -0.359571814537048 0.966615855693817 1.51783275604248 1.89166128635406 2.36464023590088 2.39466905593872 2.80358791351318 4.06258344650269 5.06993770599365 1.93389701843262 -0.411693572998047 -1.86382138729095 -1.80694317817688 -1.68909752368927 -1.32359719276428 2.07100796699524 5.01451873779297 3.35858559608459 -0.672394871711731 0.811871647834778 3.26687788963318 3.44785070419312 -2.28242588043213 -2.17062377929688
4.64361715316772 6.12830543518066 6.90651226043701 8.28153324127197 10.0425834655762 15.0695285797119 16.9100227355957 14.0951900482178 5.95715093612671 2.57921433448792 0.114714242517948 -3.05465793609619 -3.02744913101196 -2.54098749160767 -2.04957342147827 -1.57559990882874 -1.47919023036957 -1.26808834075928 -1.04419124126434 -1.01677644252777 -0.63061261177063 0.398681968450546 2.33725929260254 3.76258659362793 2.87057518959045 2.30392241477966 2.76801562309265 2.78573226928711 3.895512342453 4.36432552337646 0.947479844093323 -0.723948776721954 -1.71255791187286 -1.7347936630249 -1.19124102592468 -0.0245347376912832 0.772662222385406 4.46964073181152 -1.29027044773102 -1.62432467937469 -0.836874544620514 2.52885413169861 -1.42708575725555 -2.2248067855835 -2.08974742889404
5.11953639984131 6.0409688949585 7.64824390411377 8.65655326843262 10.9828262329102 14.8221616744995 12.3208465576172 7.18689250946045 2.83338236808777 0.256415277719498 -2.20080351829529 -2.86581540107727 -2.95897650718689 -2.84452700614929 -2.53335189819336 -1.87088096141815 -1.27297568321228 -1.12964773178101 -0.964921414852142 -0.619014263153076 0.135745629668236 1.47561693191528 3.71689033508301 6.35962438583374 5.72077989578247 4.35796785354614 2.66541624069214 3.160569190979 3.56910252571106 3.48644304275513 1.23449742794037 0.732312440872192 -0.386638432741165 -1.46171176433563 -1.01491725444794 0.141509130597115 -0.415904819965363 -1.11582255363464 -1.68200731277466 -1.66047060489655 2.11158108711243 0.906859576702118 -1.93167161941528 -2.05041670799255 -1.87782001495361
5.11177825927734 6.37118291854858 7.54152202606201 10.1452045440674 12.8548612594604 13.7724590301514 11.697925567627 5.21485185623169 0.532929420471191 -2.6095404624939 -2.63657712936401 -2.58958530426025 -2.68077325820923 -2.63605880737305 -2.6392936706543 -2.23741769790649 -1.37596046924591 -0.678572654724121 -0.518127977848053 0.146197780966759 1.36681246757507 2.8754985332489 6.17356872558594 8.99262428283691 9.78186416625977 8.06472396850586 7.09586238861084 3.21064734458923 3.06145763397217 2.92702436447144 2.25225830078125 1.52461898326874 1.56113696098328 0.410379976034164 -0.406535744667053 -1.47744882106781 -1.47436237335205 -1.46300828456879 -1.4621239900589 -1.42630445957184 0.79815810918808 -1.6487044095993 -1.71280193328857 -1.7503924369812 -1.59596037864685
5.29265213012695 6.59267616271973 8.5830249786377 10.8876104354858 13.9159917831421 16.9808921813965 13.813946723938 6.25033950805664 -0.0849635452032089 -3.08786129951477 -2.77383422851562 -2.39814233779907 -2.15599203109741 -2.11164021492004 -2.04468774795532 -2.05770182609558 -1.33213639259338 -0.197706326842308 0.660557985305786 1.7854813337326 3.38136053085327 4.94667768478394 7.73194217681885 11.69801902771 16.5263328552246 14.9333734512329 8.68111610412598 1.53963816165924 2.95131158828735 3.16119027137756 3.28393840789795 3.10964798927307 2.36087536811829 2.62776803970337 1.08917260169983 -1.44412243366241 -1.39846754074097 -1.33999884128571 -1.27086985111237 -1.21449649333954 -1.30419361591339 -1.45124590396881 -1.49012005329132 -1.475221991539 -1.3432822227478
5.7295970916748 7.80622148513794 11.9690427780151 14.2928304672241 13.5622234344482 15.344425201416 8.47199535369873 2.3849630355835 -2.45997858047485 -3.36429810523987 -2.96974086761475 -2.28431415557861 -1.70743465423584 -1.37618029117584 -1.23434627056122 -1.25477910041809 -0.442508578300476 1.15888237953186 2.98366069793701 3.47312378883362 5.32297325134277 7.39294147491455 10.8501234054565 15.7798633575439 16.0088634490967 4.60222148895264 -0.95676589012146 -1.34705185890198 1.23745310306549 3.25373888015747 4.03361511230469 4.68465137481689 4.63875579833984 3.7355694770813 4.75073480606079 -0.267890363931656 -1.34273111820221 -1.18526530265808 -1.0796400308609 -1.00025629997253 -1.01580703258514 -1.05806648731232 -1.19748282432556 -1.14220261573792 -1.00564312934875
6.13490772247314 8.57119178771973 10.4763832092285 7.61013603210449 8.27123641967773 8.24274253845215 1.97438061237335 -0.21074666082859 -3.02494692802429 -3.55876636505127 -3.16824245452881 -2.26045489311218 -1.609379529953 -1.12777531147003 -0.805221736431122 -0.122987791895866 0.934988081455231 3.06587862968445 5.15319156646729 6.60603952407837 7.79290008544922 8.65737438201904 12.6018857955933 14.8336610794067 6.65849542617798 -0.630053758621216 -2.02198028564453 -1.87625849246979 -0.00580848660320044 2.49413752555847 4.3162670135498 6.22758388519287 6.56587076187134 5.67824554443359 2.66895437240601 -1.53376007080078 -1.39185035228729 -1.09060990810394 -0.916322350502014 -0.814774513244629 -0.752472043037415 -0.75975900888443 -0.808682918548584 -0.687835991382599 -0.594609379768372
7.84411430358887 10.221960067749 8.36913681030273 5.56076574325562 5.74719905853271 2.30081653594971 -0.919683933258057 -1.76142549514771 -3.66097378730774 -3.54506540298462 -3.26568150520325 -2.36824703216553 -1.84014511108398 -1.38199508190155 -0.476322323083878 0.586188077926636 2.23081851005554 4.26402854919434 6.4689769744873 9.2564058303833 12.7360000610352 12.3128070831299 9.684006690979 8.41859722137451 2.5458984375 -2.08227968215942 -2.01545000076294 -1.83579647541046 -1.38983285427094 1.19533479213715 3.51417756080627 4.91755628585815 2.52781295776367 -0.278476744890213 -1.59479379653931 -1.52777493000031 -1.29727709293365 -1.04855597019196 -0.789559781551361 -0.630419373512268 -0.545894861221313 -0.477482348680496 -0.393172979354858 -0.32438325881958 -0.271264523267746
10.50572681427 10.2912855148315 5.35443258285522 3.88974332809448 2.35304522514343 -1.29412257671356 -2.57229804992676 -2.95338606834412 -3.44007182121277 -3.449462890625 -3.21943116188049 -2.48243093490601 -2.10080337524414 -1.15387952327728 0.337939709424973 1.76144814491272 3.35961365699768 5.38717174530029 7.73327016830444 10.7080640792847 12.6815481185913 7.15551328659058 3.50212931632996 3.09265875816345 0.338420927524567 -2.06728935241699 -1.96960699558258 -1.76993715763092 -1.53948152065277 0.417430907487869 1.97656095027924 -0.114791512489319 -1.62951552867889 -1.58935296535492 -1.5211478471756 -1.40495193004608 -1.22141492366791 -1.05325198173523 -0.732776165008545 -0.536035478115082 -0.388875186443329 -0.269224882125854 -0.195822596549988 -0.171962782740593 -0.16954405605793
7.10023784637451 3.17101263999939 1.27593159675598 1.30998468399048 0.501432836055756 0.12532015144825 -1.2121057510376 -2.45451188087463 -2.63315224647522 -2.62873673439026 -2.54608845710754 -2.28776216506958 -1.76511931419373 -0.159977674484253 1.81697535514832 2.80547642707825 4.4008903503418 6.10847139358521 8.72869300842285 12.9799938201904 9.12822246551514 2.51123094558716 0.155486106872559 0.495009869337082 -1.31844186782837 -2.02362775802612 -1.94692802429199 -1.75504267215729 -1.48421382904053 -0.811890959739685 -1.40760505199432 -1.47338604927063 -1.49752628803253 -1.4340101480484 -1.31412994861603 -1.21471011638641 -1.04491364955902 -0.91138619184494 -0.634457945823669 -0.407079070806503 -0.213561072945595 -0.125776872038841 -0.0780551880598068 -0.0422232374548912 0.00374983600340784
5.0478081703186 2.59457993507385 1.54109084606171 1.47483015060425 0.999859750270844 0.966222941875458 1.77051603794098 1.35039699077606 -1.18514859676361 -2.06263017654419 -2.0124044418335 -1.89048552513123 -1.58510029315948 -0.0664833188056946 3.01928305625916 6.69294548034668 7.97122240066528 8.26226902008057 9.46825313568115 10.9011354446411 4.89567470550537 0.145102381706238 -0.200005605816841 0.723601102828979 -1.35410404205322 -1.92856764793396 -1.84070932865143 -1.67635059356689 -1.46260130405426 -1.33535850048065 -1.29970407485962 -1.28687286376953 -1.2519314289093 -1.1380603313446 -1.03699672222137 -0.866955041885376 -0.718625962734222 -0.55888295173645 -0.349053889513016 -0.181845411658287 -0.0500432141125202 0.00110553624108434 0.0298094358295202 0.0690749511122704 0.134677276015282
6.75596284866333 5.29481172561646 3.10583424568176 2.47933197021484 2.31272315979004 2.40577149391174 3.35698771476746 5.09148168563843 -0.60019052028656 -2.19444417953491 -1.65525472164154 -1.49251687526703 -1.04804146289825 0.256905972957611 4.04726982116699 8.03348255157471 11.7448778152466 15.5223331451416 12.3792304992676 8.52466106414795 3.38729000091553 -0.349065124988556 -1.83620631694794 -1.86371111869812 -1.88910114765167 -1.85024428367615 -1.6813485622406 -1.54505610466003 -1.44610178470612 -1.29901373386383 -1.15734362602234 -0.993517339229584 -0.897729098796844 -0.767529785633087 -0.675766110420227 -0.533707082271576 -0.371768921613693 -0.218831732869148 -0.0704679563641548 0.0490601025521755 0.107532136142254 0.115311190485954 0.145578175783157 0.178305014967918 0.217791318893433
9.63393402099609 8.68915748596191 7.43385457992554 4.32608270645142 3.818279504776 3.59919905662537 4.45280075073242 2.058274269104 -3.29323959350586 -2.83760690689087 -1.88924908638 -1.26486730575562 -0.639164328575134 0.501639544963837 3.14462637901306 8.78315448760986 14.9966239929199 15.9739446640015 4.68555307388306 4.52754735946655 3.20976161956787 -0.233339533209801 -1.81603479385376 -1.7726833820343 -1.7588837146759 -1.7232301235199 -1.59723198413849 -1.38844347000122 -1.32635235786438 -1.15908527374268 -1.05542659759521 -0.740044772624969 -0.582726240158081 -0.501306712627411 -0.366127699613571 -0.197847560048103 -0.0563293285667896 0.0616671778261662 0.148371964693069 0.189147397875786 0.214287519454956 0.217574417591095 0.247371837496758 0.27742463350296 0.30899178981781
15.5822191238403 13.6712732315063 10.8081159591675 5.94679307937622 4.81623029708862 5.26437425613403 3.90135812759399 -1.55938673019409 -3.40838265419006 -3.28857040405273 -2.43866014480591 -1.05103647708893 0.0781991854310036 1.01297831535339 3.02822685241699 6.16342926025391 11.7577104568481 5.90017652511597 0.386184483766556 3.10676836967468 4.87250709533691 4.18840789794922 0.653175354003906 -1.7065337896347 -1.64424705505371 -1.58855652809143 -1.47918462753296 -1.22216784954071 -1.09009218215942 -0.92285019159317 -0.758606135845184 -0.529216766357422 -0.351945251226425 -0.211212053894997 -0.0689712539315224 0.104016497731209 0.179173767566681 0.225424528121948 0.242572724819183 0.265568166971207 0.283882826566696 0.291479110717773 0.310905814170837 0.351893961429596 0.392185300588608
17.7289390563965 16.0242309570312 10.0066471099854 4.89091873168945 1.76183080673218 1.71720719337463 -0.684428691864014 -3.36915802955627 -3.31971740722656 -3.30247092247009 -2.59246397018433 -1.05740833282471 0.448485881090164 2.25532531738281 3.04480242729187 3.85132694244385 5.69827318191528 1.33504700660706 -0.883257925510406 1.03616094589233 4.34738492965698 1.51268839836121 -1.92054653167725 -1.78596007823944 -1.62927401065826 -1.50915253162384 -1.38382184505463 -1.09554266929626 -0.834561467170715 -0.575799643993378 -0.375085383653641 -0.235176593065262 -0.0777993947267532 0.0765904560685158 0.203111320734024 0.272007405757904 0.293470919132233 0.286490768194199 0.279861181974411 0.291126251220703 0.316482305526733 0.336413860321045 0.368035942316055 0.41544908285141 0.451603055000305
8.02180480957031 2.91940379142761 1.61944091320038 3.69365072250366 2.35493516921997 -0.385711193084717 -2.63045740127563 -3.30605626106262 -3.20621609687805 -3.10147547721863 -1.64868497848511 -0.0928262323141098 2.17767906188965 3.79117918014526 4.29400300979614 4.68355751037598 4.57477235794067 2.32710480690002 -0.158103778958321 -0.95742255449295 -0.971270143985748 -1.97891211509705 -1.96458566188812 -1.79649698734283 -1.57768034934998 -1.37552857398987 -1.11107385158539 -0.732744753360748 -0.563742160797119 -0.302186220884323 -0.0919823795557022 0.0632333010435104 0.193369582295418 0.29069447517395 0.356867551803589 0.364605695009232 0.35519951581955 0.330507010221481 0.310486704111099 0.321889996528625 0.343881577253342 0.376852780580521 0.426093101501465 0.473111510276794 0.517110466957092
1.66823840141296 -3.83993530273438 -3.47123742103577 -1.90674614906311 -2.63666486740112 -3.62353253364563 -3.4161069393158 -3.27688479423523 -3.18336534500122 -3.06562328338623 -2.56551027297974 0.546924531459808 3.28879714012146 5.11464023590088 7.40021133422852 8.08739280700684 7.78873729705811 4.54997062683105 0.574499309062958 -1.36057221889496 -1.77231645584106 -1.86299753189087 -1.89608645439148 -1.7655543088913 -1.51390385627747 -1.12233173847198 -0.803869962692261 -0.507098913192749 -0.35099846124649 -0.0809391364455223 0.133968397974968 0.253087222576141 0.324081987142563 0.383476197719574 0.413474589586258 0.437540709972382 0.433538794517517 0.39458492398262 0.374583065509796 0.391381949186325 0.402983486652374 0.428888469934464 0.471880167722702 0.512594759464264 0.544887065887451
-1.10724818706512 -4.20157337188721 -4.06646871566772 -3.94962382316589 -3.86384320259094 -3.72001433372498 -3.48193693161011 -3.30923509597778 -3.17565655708313 -3.09028792381287 -2.90701699256897 -0.359347105026245 4.079421043396 8.38184261322021 11.6064586639404 12.2853097915649 5.91529560089111 2.55297422409058 -1.45077478885651 -1.63608694076538 -1.64435732364655 -1.70147812366486 -1.72231233119965 -1.66451144218445 -1.36859798431396 -0.896569967269897 -0.581168353557587 -0.326510459184647 -0.144597381353378 0.112441934645176 0.250945597887039 0.35953277349472 0.438150763511658 0.464552372694016 0.501058101654053 0.537301063537598 0.527685642242432 0.48490834236145 0.461328744888306 0.469740957021713 0.474242597818375 0.480584442615509 0.498797684907913 0.526907980442047 0.576184093952179
