slauniainen/Data/DEM/Vihti_dsm1500b_cl_horizonAngle_48.asc
NCOLS 196 
NROWS 178 
XLLCORNER 353680 
YLLCORNER 6699024 
CELLSIZE 16 
NODATA_value -3.4e+38 
[rows 120 to 139 of 178, columns 138 to 183 of 196]
15.9613561630249 21.864803314209 11.0652160644531 11.2539615631104 4.58706331253052 2.91200709342957 2.81269216537476 5.93801116943359 7.49284791946411 5.15488386154175 0.666240513324738 1.61721336841583 3.55967688560486 1.30313110351562 2.61350393295288 10.3183355331421 0.950903475284576 9.83849811553955 7.4328293800354 5.30486392974854 4.35686588287354 4.3812518119812 12.9106349945068 9.878098487854 10.7141914367676 8.50953674316406 1.62621986865997 0.592811167240143 4.25638341903687 8.29667377471924 7.96271228790283 4.49388837814331 3.22521018981934 7.61403799057007 6.17471170425415 4.16618204116821 7.98274803161621 5.8932032585144 7.50116777420044 10.5105600357056 1.13907086849213 5.08340692520142 0.903757750988007 3.61321496963501 4.88253927230835 2.65590190887451
3.99590468406677 7.84649324417114 9.24802112579346 10.8004083633423 17.7499198913574 19.8259544372559 12.9283132553101 -0.581800401210785 0.0859172493219376 0.172648072242737 0.413894087076187 1.37159979343414 0.612256228923798 2.4976179599762 1.79445540904999 0.328592568635941 3.27325987815857 3.71060347557068 5.99945497512817 1.20192587375641 5.9170503616333 6.3043007850647 2.51031517982483 2.58849453926086 14.5851383209229 7.54878044128418 1.86296331882477 3.53425049781799 15.4661340713501 2.1589834690094 5.92417192459106 16.7337799072266 5.89417314529419 5.1037654876709 3.66441464424133 4.07315874099731 2.96978616714478 3.56779026985168 0.561695635318756 0.911160171031952 2.20874524116516 21.66819190979 7.14985322952271 0.873955249786377 2.19569540023804 9.19941711425781
6.50767183303833 7.75509309768677 5.79090595245361 15.7393341064453 12.7306880950928 8.3024959564209 20.1719207763672 15.7323808670044 8.87486553192139 0.279638260602951 0.203106209635735 11.4136018753052 12.8105850219727 2.87403988838196 7.36844062805176 1.15958738327026 1.66426348686218 1.27709054946899 3.58342742919922 6.14988374710083 4.11575317382812 2.0380277633667 0.0314541906118393 8.17752647399902 3.66115760803223 21.0044555664062 2.39138269424438 6.84417200088501 13.012939453125 13.563136100769 2.27743554115295 5.73977088928223 2.52810573577881 1.69218635559082 8.44322872161865 21.6626682281494 31.07102394104 24.6954536437988 0.758120357990265 6.72016620635986 10.4559812545776 16.1777000427246 16.567626953125 16.2828540802002 6.00273752212524 12.608325958252
6.33968257904053 17.3075752258301 5.83858728408813 5.43621110916138 -1.53795003890991 -0.709243178367615 -0.208296686410904 0.240395560860634 5.66738891601562 7.80579280853271 3.54048132896423 0.476805925369263 1.54967534542084 0.156834557652473 16.1699371337891 1.54701495170593 2.5626220703125 5.73054456710815 4.26301956176758 2.10158729553223 -0.125883474946022 -1.14370775222778 5.10862827301025 2.22253561019897 12.2515993118286 0.702871084213257 1.26012802124023 19.5558662414551 1.2785142660141 13.6926517486572 1.24788761138916 1.70539355278015 9.3594388961792 1.73088526725769 8.98565292358398 13.2545938491821 14.4968690872192 21.6203136444092 13.340217590332 7.73737192153931 9.32877826690674 13.6900730133057 14.3820295333862 16.9079570770264 8.08919048309326 10.5332384109497
2.6662425994873 3.09921288490295 1.55278420448303 -2.20047950744629 -1.80607569217682 1.37591993808746 -0.251611620187759 -0.237576693296432 -0.410763889551163 0.322507083415985 0.0601962469518185 0.727436602115631 1.24524712562561 0.158158183097839 1.06384289264679 0.68419349193573 1.14133667945862 1.56060397624969 0.11844589561224 -0.89900803565979 5.72461938858032 1.07548725605011 10.0618324279785 6.23197746276855 14.3597726821899 13.3348722457886 6.71466732025146 24.503246307373 1.2226722240448 1.11342895030975 1.22002625465393 1.67624080181122 7.74878406524658 5.5667896270752 8.80600261688232 10.8055896759033 9.50744152069092 5.80702447891235 6.61008787155151 5.66471576690674 10.2786130905151 11.9670124053955 11.5056581497192 13.2065925598145 8.43873405456543 4.53289127349854
-0.627154529094696 -1.48397147655487 13.7042217254639 -2.54236578941345 -2.5366370677948 -1.8814789056778 -0.740658640861511 -0.55371230840683 -0.191563248634338 -0.106777563691139 -0.783453166484833 0.90370899438858 0.563993215560913 0.521943390369415 0.468602180480957 4.47129583358765 1.37647354602814 2.12871646881104 2.82114100456238 -1.18003666400909 0.163712114095688 4.05306196212769 4.62999534606934 5.92720127105713 9.60465335845947 3.52559113502502 5.24711990356445 21.7339630126953 -0.184010967612267 1.00138401985168 1.30934405326843 1.59611821174622 4.09224653244019 7.74946403503418 8.7483959197998 18.8078708648682 8.41115570068359 15.5369491577148 10.3310070037842 7.36245679855347 4.64464282989502 8.33845138549805 5.7358136177063 7.47354078292847 20.6398029327393 6.5708270072937
-1.61336755752563 0.357921451330185 12.3936862945557 12.2421770095825 -0.439920485019684 -2.53478050231934 -2.68157625198364 -1.75429213047028 -1.66713404655457 -1.53031277656555 -0.300164729356766 3.08547782897949 0.365680545568466 34.3837890625 0.634572744369507 10.8024978637695 -0.156180664896965 -0.825357675552368 2.97147655487061 -0.377633035182953 -0.211517199873924 1.91884160041809 0.343041002750397 1.86618876457214 2.2321834564209 2.47083210945129 4.10166692733765 17.6353607177734 13.1618843078613 0.514841258525848 0.575968027114868 1.97634732723236 6.58620262145996 5.48560428619385 7.8972544670105 5.58278799057007 4.77405261993408 4.0762357711792 11.2365446090698 17.8942623138428 5.09148454666138 3.32713222503662 6.32489538192749 3.21080160140991 4.86468935012817 4.0106635093689
-2.92977786064148 0.460230886936188 11.0809640884399 11.7239322662354 -0.473158121109009 -0.0739519149065018 -2.99657535552979 -2.3214271068573 -2.72825837135315 -1.71974325180054 -1.01282143592834 0.0681653022766113 1.08221650123596 32.4446640014648 7.21822547912598 0.810029029846191 -1.0075511932373 0.882375240325928 12.0796575546265 -0.580315291881561 -0.881236970424652 0.334465771913528 0.755854189395905 1.21854317188263 0.0875633507966995 1.12934267520905 5.10818099975586 6.86410236358643 16.9729118347168 11.597297668457 4.31950950622559 3.85316753387451 14.8288993835449 3.74389505386353 5.47196960449219 4.28291702270508 7.58878993988037 4.89696168899536 2.59908986091614 2.80265593528748 1.41065204143524 3.2005021572113 10.8588438034058 2.84906959533691 1.4487372636795 5.27966165542603
-2.42960572242737 -1.99384462833405 8.48832702636719 14.3644285202026 12.3154258728027 4.80130195617676 -2.93363404273987 -2.85081267356873 -2.49252557754517 -1.63200342655182 -0.938204944133759 -0.224300473928452 4.10002326965332 24.7318744659424 30.9449424743652 7.33133983612061 10.4635715484619 -0.0305158030241728 3.66734337806702 -0.991176068782806 -0.424740940332413 0.250224769115448 -0.346892654895782 -0.133317053318024 0.391375958919525 7.14297580718994 4.10644626617432 10.8316860198975 6.9451379776001 11.5937423706055 2.90587949752808 2.17814230918884 6.60896778106689 4.35944175720215 3.5323703289032 4.07429265975952 3.38231110572815 8.46995830535889 1.68752360343933 1.19768929481506 0.824177145957947 0.963010251522064 1.48915493488312 1.41061913967133 1.78573668003082 2.15166282653809
-2.78474307060242 4.07997846603394 -1.80803883075714 8.60159969329834 4.5478777885437 -3.48578286170959 -3.18384218215942 -1.67840683460236 -1.81731963157654 -1.54951786994934 -0.701345205307007 0.290121465921402 4.56426000595093 21.9076862335205 29.7270946502686 18.6492481231689 -0.721526682376862 2.07944107055664 -1.05113327503204 2.32015776634216 0.117261148989201 -0.941154420375824 -0.187641263008118 1.62603497505188 2.29562330245972 0.929122507572174 2.91218709945679 4.20374822616577 1.71711492538452 1.21061563491821 1.81273174285889 1.1212432384491 2.94944143295288 10.3303194046021 10.7001781463623 13.9405651092529 6.34349203109741 16.2036914825439 0.966586053371429 15.6827812194824 0.721219837665558 0.497376263141632 1.07520258426666 1.44519579410553 1.55991542339325 2.45259714126587
-2.889808177948 8.3444766998291 3.17484927177429 19.7071170806885 27.5347385406494 25.804838180542 -2.50892233848572 1.99849987030029 18.9055366516113 18.7957172393799 -0.20989303290844 0.82317978143692 5.90473079681396 15.3173294067383 9.72729301452637 25.9809436798096 7.08923053741455 6.75035762786865 -0.720020651817322 0.0652501955628395 9.12870407104492 -1.08378851413727 -0.979362368583679 -0.407530128955841 -0.702280879020691 2.3433210849762 4.37871122360229 12.3029193878174 15.4653015136719 -0.769774258136749 0.165428996086121 0.976143360137939 1.42620599269867 1.52689838409424 2.89475154876709 2.2136766910553 4.90327501296997 12.6236324310303 12.0816106796265 14.8853979110718 6.60976839065552 0.809608578681946 10.0522985458374 12.4135847091675 9.30515193939209 2.69627904891968
-1.3817046880722 -0.901052296161652 6.13803577423096 21.0663166046143 12.0277910232544 10.9520397186279 -1.13039863109589 5.52901744842529 0.387969434261322 15.6604881286621 14.8200664520264 4.13439655303955 7.01909160614014 7.86050605773926 22.25341796875 11.6099691390991 6.99831390380859 18.2860240936279 -0.25761091709137 6.49775362014771 14.2740592956543 1.31363022327423 -0.550430953502655 1.40452373027802 -0.330356508493423 0.657225549221039 3.86542272567749 1.13354980945587 26.5842361450195 0.0136303622275591 0.31780481338501 1.41998136043549 1.56456029415131 1.91752481460571 1.00144898891449 1.51791715621948 8.14803218841553 7.93166351318359 15.850887298584 18.0616645812988 21.0792274475098 3.28808403015137 1.31479239463806 1.87061166763306 2.25781798362732 2.67313098907471
1.9817122220993 4.36693477630615 13.2859878540039 7.25795650482178 7.91205358505249 11.246241569519 -0.811674654483795 -1.34749758243561 -0.917411327362061 0.224441960453987 2.5747172832489 2.24620294570923 4.58836507797241 17.197093963623 34.0621871948242 11.9536561965942 2.69262385368347 4.82506561279297 0.222006723284721 3.10176420211792 12.5921268463135 5.71798229217529 1.24759519100189 12.7316627502441 4.97026109695435 0.371293634176254 0.212400406599045 4.18605613708496 1.32533884048462 3.2898805141449 0.616847813129425 1.39362406730652 15.7154455184937 23.2415561676025 2.72328543663025 1.89446401596069 7.4811053276062 4.22149085998535 3.95304560661316 2.77103757858276 0.853369832038879 14.5996122360229 1.44020187854767 2.07726836204529 6.82738304138184 2.74818158149719
3.68023705482483 9.13877964019775 14.7350425720215 4.87606382369995 2.17339181900024 -1.65047657489777 7.09440135955811 -1.1759626865387 -1.26458120346069 -0.202755853533745 0.0384599827229977 0.66887366771698 3.38178133964539 9.36846828460693 30.886417388916 9.09419250488281 9.70494365692139 7.26407814025879 2.16631579399109 0.633959531784058 -1.6370062828064 0.921781420707703 0.99120306968689 -0.414228111505508 9.47971057891846 22.3830032348633 2.86700868606567 1.22742235660553 11.6084051132202 7.53603315353394 1.35935246944427 2.4350700378418 11.8326616287231 29.2793655395508 20.3055076599121 6.62750434875488 3.90666246414185 5.01635122299194 24.0111598968506 29.0701351165771 10.3366670608521 20.5891456604004 5.99715805053711 1.91258895397186 2.6996955871582 3.65169405937195
6.73117399215698 6.4135594367981 22.8799095153809 15.3030815124512 19.8522701263428 -0.868173539638519 8.92726516723633 10.3027420043945 3.78863644599915 3.19232106208801 1.85728526115417 5.26776456832886 1.15445899963379 8.95193004608154 35.5671691894531 2.91970300674438 5.14390516281128 0.0649252682924271 -1.35802161693573 3.4032027721405 -1.14374780654907 5.93734788894653 2.31368494033813 4.91697692871094 0.377429634332657 6.12950849533081 0.317872583866119 0.936173915863037 3.70866227149963 1.25873458385468 1.17553317546844 8.85781383514404 16.5252208709717 17.8321647644043 16.6610908508301 22.5594596862793 24.2609348297119 13.2173633575439 18.0213108062744 11.7172422409058 18.0515098571777 12.6464519500732 17.0042190551758 2.10263228416443 2.89739561080933 20.6869468688965
2.97817730903625 3.61740589141846 1.10756015777588 10.6842346191406 22.4702339172363 6.96538829803467 2.94870090484619 -0.471252232789993 -0.241781577467918 -0.263186484575272 0.58328515291214 3.631178855896 2.38854551315308 9.19837856292725 31.599048614502 14.7486982345581 -0.880927085876465 11.1861438751221 0.755890786647797 -1.51001477241516 -0.412603676319122 -0.845665633678436 -0.175247967243195 0.144372507929802 2.0272331237793 6.64296960830688 15.7415819168091 19.4280281066895 23.9382667541504 37.4916839599609 21.8217582702637 11.4381847381592 12.5094499588013 15.2315940856934 23.3786640167236 15.0508880615234 7.11142206192017 10.5724773406982 9.96564197540283 10.8187494277954 4.11888742446899 6.86275577545166 12.3099489212036 2.13628959655762 2.79896569252014 11.6368980407715
2.68895769119263 20.0828266143799 7.72367715835571 7.19448947906494 17.5811233520508 1.38933539390564 6.71259021759033 5.53705787658691 7.36021661758423 8.42106246948242 0.533732831478119 1.89810872077942 6.55375003814697 2.3348343372345 15.1811676025391 24.9686489105225 1.51633906364441 12.6031150817871 1.81935977935791 -1.25833261013031 -1.4222856760025 -0.9742192029953 -0.904027104377747 -1.41732251644135 -0.321071475744247 0.434428095817566 8.09735298156738 11.7407073974609 8.78182983398438 11.150595664978 8.57769775390625 9.43889904022217 10.3979272842407 15.9334917068481 20.1348285675049 26.7358322143555 9.33945083618164 8.19258785247803 10.5864734649658 13.4681882858276 7.407639503479 3.79094457626343 1.34332168102264 2.03070521354675 1.63719177246094 10.451075553894
10.1787166595459 6.15013885498047 21.1263809204102 7.63159322738647 11.6020545959473 12.133749961853 1.98313498497009 3.38714957237244 1.8882360458374 12.9926071166992 -0.170914575457573 -0.0835988745093346 0.149802401661873 3.33441090583801 7.36138725280762 6.95370244979858 4.65922164916992 10.6015625 -1.29888308048248 -0.384818702936172 -1.18157231807709 -1.74449503421783 13.9493465423584 -1.07324552536011 -0.228164553642273 0.223850637674332 2.96095561981201 7.30064630508423 2.42612814903259 0.838167369365692 7.32606649398804 2.26471376419067 2.30773067474365 7.22668266296387 17.9589977264404 23.9056701660156 8.91670513153076 8.21107196807861 7.1884708404541 4.1375937461853 0.0975759476423264 0.487291097640991 0.843639314174652 1.63871943950653 7.68646669387817 12.0160655975342
3.91452598571777 5.87014007568359 4.99733114242554 11.1637115478516 -0.540137052536011 21.9945659637451 12.3780097961426 2.42740082740784 2.4263710975647 14.6416187286377 15.2107353210449 -0.317033618688583 1.30385744571686 6.49986791610718 19.4642524719238 11.0811042785645 5.20065450668335 16.5914268493652 12.9623203277588 15.5060968399048 11.3013505935669 0.16525936126709 -0.424045294523239 -0.447388231754303 -0.0444918572902679 0.286090523004532 1.91347706317902 1.45267486572266 4.00988531112671 2.73116588592529 1.89487326145172 2.07244563102722 1.49239110946655 4.46662425994873 12.5185480117798 15.5672121047974 22.6814365386963 7.42861175537109 19.7697067260742 11.2006368637085 8.97706890106201 -0.27992507815361 0.581518948078156 2.8022792339325 9.12553024291992 14.0945453643799
1.03924560546875 14.7920274734497 8.23744678497314 27.9168224334717 10.9958992004395 9.50432968139648 7.55372762680054 0.645562171936035 7.05277490615845 5.77643585205078 9.60602760314941 2.16319608688354 11.7351446151733 24.6557083129883 13.5573596954346 18.6190319061279 11.7124710083008 16.1809215545654 12.4533033370972 15.8871536254883 21.7921600341797 20.6484680175781 12.2606296539307 -0.200603008270264 -0.0950722992420197 0.241381391882896 0.721286654472351 0.698716759681702 2.63125514984131 1.67828929424286 4.62035942077637 15.3917407989502 1.93324112892151 3.91417336463928 8.58192920684814 12.2314777374268 17.8160457611084 16.2013092041016 15.272011756897 3.2658863067627 -1.081671833992 4.33022022247314 1.35230207443237 2.42586612701416 9.47754096984863 10.9301605224609
