slauniainen/Data/DEM/Vihti_dem1500b_cl_horizonAngle_180.asc
NCOLS 196 
NROWS 178 
XLLCORNER 353680 
YLLCORNER 6699024 
CELLSIZE 16 
NODATA_value -3.4e+38 
[rows 100 to 119 of 178, columns 135 to 179 of 196]
5.88026571273804 5.54214572906494 5.22361516952515 4.59056377410889 4.35758638381958 4.6090030670166 5.03249359130859 5.05192995071411 5.13437795639038 5.1461033821106 5.18455076217651 5.2179274559021 5.17488718032837 5.11164331436157 5.00281858444214 4.83910274505615 4.7786283493042 4.68332481384277 4.83931303024292 5.32274484634399 5.80690145492554 6.12269687652588 6.27899360656738 6.4654974937439 6.55433511734009 6.43871974945068 6.44905757904053 6.36813592910767 7.0908408164978 7.72972011566162 8.07982444763184 9.03272819519043 9.83054637908936 10.2373266220093 10.6549367904663 10.7350358963013 10.8435821533203 11.2486600875854 12.2649440765381 12.2636871337891 12.4061841964722 12.498459815979 12.3101758956909 12.4590606689453 13.2744750976562
6.13605642318726 5.81345319747925 5.45339870452881 4.77975654602051 4.51484441757202 4.75694799423218 5.18848085403442 5.2091269493103 5.30550718307495 5.32209300994873 5.36829853057861 5.40446329116821 5.3514289855957 5.28219032287598 5.1701283454895 4.98906087875366 4.93248558044434 4.85752534866333 5.02165174484253 5.51630306243896 6.04762172698975 6.37161874771118 6.54698753356934 6.76336622238159 6.86202669143677 6.73462820053101 6.77356243133545 6.70996046066284 7.62814092636108 8.35915374755859 8.80857849121094 10.0764417648315 10.8305377960205 11.0389318466187 11.439661026001 11.5550603866577 11.6600790023804 12.2890186309814 13.3831701278687 13.3167629241943 13.4857397079468 13.8020601272583 13.5058097839355 13.808687210083 14.7779388427734
6.44499731063843 6.06570482254028 5.6961612701416 4.97792625427246 4.68706321716309 4.91464900970459 5.35738563537598 5.37612533569336 5.48833131790161 5.50964069366455 5.56710529327393 5.59823179244995 5.53878355026245 5.47032690048218 5.34428977966309 5.15995836257935 5.09277391433716 5.0320839881897 5.22091150283813 5.72084808349609 6.29435920715332 6.63082599639893 6.82012414932251 7.06668472290039 7.20116758346558 7.05025720596313 7.09905385971069 7.04260396957397 8.1212215423584 8.90644645690918 9.40057754516602 11.0493106842041 11.7851972579956 11.8222360610962 12.1850709915161 12.3470077514648 12.59410572052 13.5263862609863 14.7463903427124 14.6526689529419 14.8336334228516 15.3929843902588 15.0631074905396 15.6287422180176 16.8401718139648
6.7786717414856 6.34262323379517 5.92200469970703 5.19591474533081 4.88552474975586 5.07928514480591 5.53967428207397 5.55830144882202 5.69161462783813 5.71117973327637 5.77631950378418 5.80639266967773 5.73283767700195 5.66986227035522 5.5311803817749 5.31930160522461 5.24850130081177 5.23259449005127 5.41453504562378 5.92509508132935 6.5297532081604 6.88582277297974 7.10426568984985 7.35931968688965 7.50782918930054 7.3768572807312 7.44002532958984 7.40002202987671 8.68963527679443 9.58324241638184 10.5012741088867 12.3259229660034 13.1112003326416 13.0256271362305 13.3653936386108 13.5131053924561 13.8939008712769 14.9625911712646 16.3258419036865 16.209753036499 16.4328594207764 17.2304515838623 16.8908176422119 17.8430061340332 19.5378112792969
7.18286657333374 6.6619439125061 6.166832447052 5.3928804397583 5.07396411895752 5.25807094573975 5.72694158554077 5.74699258804321 5.95388126373291 5.94762897491455 5.99818563461304 6.03278970718384 5.9541597366333 5.86432504653931 5.70235204696655 5.4998197555542 5.40953063964844 5.43377876281738 5.62627029418945 6.13358211517334 6.7846941947937 7.1553692817688 7.37904071807861 7.63917589187622 7.7937798500061 7.666090965271 7.76251649856567 7.78429460525513 9.28169822692871 10.2580680847168 11.8177061080933 13.9367580413818 14.6541528701782 14.5487823486328 14.8044815063477 15.2656574249268 15.6063671112061 16.7343997955322 18.2530479431152 18.1031036376953 18.5868854522705 19.3785800933838 18.9335784912109 20.2035102844238 24.2302131652832
7.63123083114624 7.04165840148926 6.46648979187012 5.62137031555176 5.24134063720703 5.44011449813843 5.92434406280518 5.95231914520264 6.24202823638916 6.20378494262695 6.22946739196777 6.26299715042114 6.16586828231812 6.06986951828003 5.89349937438965 5.67436838150024 5.58843421936035 5.64340353012085 5.84397220611572 6.38045644760132 7.05901527404785 7.42359828948975 7.6408953666687 7.90730571746826 8.04779052734375 7.90567922592163 8.04024219512939 8.10104084014893 9.86441707611084 10.9652042388916 13.3330249786377 15.8217658996582 16.3168659210205 16.3003025054932 16.6566562652588 17.5521335601807 17.8877601623535 19.1132678985596 20.7542591094971 20.644416809082 21.4280071258545 21.9689407348633 21.1309108734131 22.1825561523438 21.5385265350342
8.1338529586792 7.47664642333984 6.81753158569336 5.88011121749878 5.45416164398193 5.59713459014893 6.13456010818481 6.22915363311768 6.53102016448975 6.49085474014282 6.47535705566406 6.50838041305542 6.38913345336914 6.28681373596191 6.09027338027954 5.863205909729 5.75959444046021 5.86922883987427 6.0679783821106 6.6227855682373 7.31878805160522 7.66469097137451 7.88164186477661 8.18451404571533 8.29396915435791 8.0952730178833 8.25168609619141 8.37066078186035 10.4425773620605 11.6430921554565 15.0754795074463 18.0585670471191 18.006217956543 18.0443058013916 19.0648651123047 20.1773948669434 20.5920639038086 21.9399070739746 23.5583362579346 23.9224739074707 24.9799842834473 24.3772869110107 22.2608528137207 22.5197067260742 21.248556137085
8.59036636352539 7.90072679519653 7.18287801742554 6.18256998062134 5.70546293258667 5.82363319396973 6.30700159072876 6.52107715606689 6.84852695465088 6.80492401123047 6.73297071456909 6.75951242446899 6.63371610641479 6.51911687850952 6.28780937194824 6.0310845375061 5.92648792266846 6.04257249832153 6.25869464874268 6.81370258331299 7.54153394699097 7.89768314361572 8.10610866546631 8.42469120025635 8.54053974151611 8.27588081359863 8.39059829711914 8.6840181350708 10.9604053497314 12.4487247467041 17.3919677734375 20.82568359375 21.3353385925293 20.6602458953857 22.2407417297363 22.947057723999 23.8126106262207 25.6343669891357 26.2432098388672 30.1146602630615 32.5680885314941 27.5656147003174 22.6424407958984 22.6227207183838 18.8915233612061
9.08204746246338 8.23015975952148 7.4882640838623 6.4610595703125 5.96199798583984 6.06328010559082 6.55931997299194 6.80419588088989 7.19769191741943 7.08906507492065 6.99372053146362 7.01423072814941 6.89313459396362 6.74213027954102 6.46852207183838 6.2062087059021 6.06339550018311 6.16043663024902 6.37387561798096 6.97607660293579 7.73030757904053 8.09271144866943 8.32417678833008 8.67463493347168 8.78489875793457 8.4800386428833 8.5381031036377 8.94028949737549 11.3111591339111 14.0305156707764 21.5339546203613 25.5604934692383 26.3597507476807 29.7711524963379 30.9599857330322 28.2398147583008 28.5174922943115 29.333309173584 26.4203853607178 24.7179889678955 24.44850730896 25.5507869720459 24.8751678466797 20.2559585571289 17.5183506011963
9.6424560546875 8.57816410064697 7.79191160202026 6.73219680786133 6.21773242950439 6.28964900970459 6.7988429069519 7.14894914627075 7.48800468444824 7.30109786987305 7.26585388183594 7.27049255371094 7.12262153625488 6.95408344268799 6.64352369308472 6.38016986846924 6.21630144119263 6.31082487106323 6.48410892486572 7.09659481048584 7.90037822723389 8.26664638519287 8.5162935256958 8.93169689178467 9.05930042266846 8.73289680480957 8.73305797576904 9.25498008728027 11.6507587432861 16.6874237060547 30.3940601348877 36.5339088439941 30.0604763031006 23.416446685791 26.1047325134277 33.0025367736816 32.4934272766113 28.2848968505859 27.5315418243408 22.1266345977783 23.5487461090088 24.4028472900391 20.9467315673828 14.1816129684448 14.2404842376709
10.2715377807617 8.96327590942383 8.12882804870605 7.01737928390503 6.47894287109375 6.515305519104 7.01713752746582 7.45515394210815 7.78981304168701 7.68377780914307 7.51374816894531 7.46430110931396 7.29610967636108 7.11548900604248 6.8126745223999 6.53422212600708 6.36724710464478 6.47427368164062 6.64142751693726 7.24800109863281 8.10753726959229 8.47809028625488 8.731125831604 9.23240756988525 9.37285614013672 9.06344127655029 8.98741912841797 9.6037130355835 11.5391693115234 13.8185520172119 23.9928569793701 27.4673767089844 28.6161003112793 20.9650535583496 20.6092720031738 22.6988220214844 21.5005168914795 21.2562217712402 25.2758502960205 23.1336441040039 16.3515529632568 12.2971029281616 13.1392955780029 10.1233367919922 3.67775130271912
10.9725828170776 9.36564159393311 8.48661422729492 7.32744741439819 6.75143909454346 6.74242496490479 7.24678134918213 7.79377269744873 8.08804893493652 7.87985277175903 7.71769332885742 7.62109708786011 7.41625452041626 7.23494148254395 6.92431497573853 6.66058969497681 6.50494289398193 6.64648151397705 6.81920099258423 7.44014549255371 8.34401321411133 8.75237464904785 9.0191707611084 9.54334259033203 9.70657730102539 9.37933540344238 9.89768409729004 10.0489282608032 11.7786684036255 12.7287044525146 9.52809238433838 11.8464879989624 17.784423828125 21.5550117492676 17.0018062591553 13.3394985198975 13.0332050323486 11.1031866073608 9.95350456237793 12.9471864700317 12.8750791549683 9.89086246490479 8.64322662353516 5.65751028060913 -0.16203898191452
11.77476978302 9.81240653991699 8.8939380645752 7.66215181350708 7.03393316268921 6.98356294631958 7.47734355926514 8.16861915588379 8.46548271179199 8.16088962554932 7.89664888381958 7.7883243560791 7.56580686569214 7.37268543243408 7.05953598022461 6.76659107208252 6.64667701721191 6.80884599685669 7.00820827484131 7.64240550994873 8.60860157012939 9.07524013519287 9.38709259033203 9.9021520614624 9.9157018661499 9.50387382507324 11.0357322692871 11.9399194717407 13.2014999389648 13.8088388442993 11.6240062713623 6.28516101837158 7.21957874298096 13.3513832092285 14.5849761962891 13.442364692688 12.4744148254395 10.1573553085327 6.26532030105591 8.49178314208984 8.60038948059082 6.82297039031982 2.62420725822449 -0.517741560935974 -0.578890442848206
12.7149724960327 10.3131732940674 9.3533239364624 8.03241062164307 7.31588172912598 7.19869089126587 7.69113445281982 8.53516960144043 8.8420352935791 8.46181583404541 8.10195159912109 7.93620109558105 7.76722145080566 7.56646537780762 7.22032642364502 6.94133424758911 6.79428005218506 6.9848165512085 7.20935964584351 7.87775850296021 8.94182968139648 9.46861362457275 9.81088256835938 10.4577436447144 10.3065338134766 9.53740978240967 9.2225341796875 11.2998600006104 14.6348876953125 14.7907810211182 12.4489393234253 7.89973497390747 4.62775897979736 7.05861663818359 5.92809629440308 6.69383573532104 7.63889646530151 6.51358509063721 3.63427019119263 2.17352509498596 1.70084571838379 2.12793636322021 -0.782936811447144 -0.722661554813385 -0.401610165834427
13.815484046936 10.8700695037842 9.85198593139648 8.40912914276123 7.60155630111694 7.4376974105835 7.89613914489746 8.92882823944092 9.22888469696045 8.79647922515869 8.43904113769531 8.26299667358398 7.99507331848145 7.80304956436157 7.45315647125244 7.18570232391357 7.00166416168213 7.19703912734985 7.46992349624634 8.19253349304199 9.37694072723389 9.92264080047607 10.269232749939 11.0537672042847 10.8299694061279 9.78151988983154 9.29797744750977 8.41324901580811 11.973690032959 19.754415512085 13.8386964797974 8.89724731445312 5.19060325622559 1.46350049972534 0.0825086310505867 -0.151575207710266 -0.419311493635178 -0.0128680765628815 -1.19702017307281 -1.30535173416138 -1.35251975059509 -1.32558393478394 -1.17957901954651 -0.561433851718903 0.17354092001915
15.1221714019775 11.4768905639648 10.3646593093872 8.76520442962646 7.91164779663086 7.70882797241211 8.1492395401001 9.36738681793213 9.66257476806641 9.15156269073486 8.82219123840332 8.61611557006836 8.3549165725708 8.10796546936035 7.79555654525757 7.50961637496948 7.28866958618164 7.51038694381714 7.81815338134766 8.57602882385254 9.89165306091309 10.4592418670654 10.7960453033447 11.6797847747803 11.3106851577759 10.3796195983887 9.75051116943359 8.38894939422607 12.5147924423218 12.5544033050537 13.7944364547729 8.8265380859375 3.68400907516479 -0.775950968265533 -0.81888747215271 -0.85533744096756 -0.979157209396362 -1.09553396701813 -1.16941845417023 -1.20854735374451 -1.19154560565948 -1.11414480209351 -0.972429633140564 0.140453904867172 1.07680642604828
16.7887229919434 12.0921249389648 10.9015226364136 9.18076515197754 8.31112766265869 8.05066871643066 8.42809963226318 9.9248571395874 10.191463470459 9.57967281341553 9.2457914352417 9.0343656539917 8.79251480102539 8.53575038909912 8.10495185852051 7.85648679733276 7.62169408798218 7.88307523727417 8.22189521789551 9.0537691116333 10.5034799575806 11.102198600769 11.4577159881592 12.6347513198853 12.0197620391846 11.098560333252 10.3986520767212 8.72187995910645 13.8820123672485 8.61379718780518 7.69637584686279 7.48675203323364 0.741607844829559 -0.754465401172638 -0.785592496395111 -0.769320249557495 -0.830722868442535 -0.883685350418091 -0.90748929977417 -0.853370487689972 -0.80154687166214 -0.713658571243286 -0.202729672193527 1.13109624385834 1.6341518163681
18.7902851104736 12.8514595031738 11.463418006897 9.62244987487793 8.78976726531982 8.49570465087891 8.73408603668213 10.5978298187256 10.9180040359497 10.2029762268066 9.80089092254639 9.51619148254395 9.25158786773682 8.98930072784424 8.44171714782715 8.16694259643555 7.96854305267334 8.26599311828613 8.67816734313965 9.60207557678223 11.2425737380981 11.8512344360352 12.2160587310791 13.930871963501 13.1637516021729 12.0253114700317 11.2388181686401 9.62409687042236 4.65815782546997 4.15435218811035 5.56412744522095 2.06335473060608 -0.735922455787659 -0.714308500289917 -0.694396317005157 -0.588569581508636 -0.552521586418152 -0.516694784164429 -0.497351318597794 -0.447252810001373 -0.418045490980148 -0.384147346019745 0.812091529369354 1.81354701519012 2.14160513877869
21.2572326660156 13.801513671875 12.0981607437134 10.0781993865967 9.30840969085693 8.99704551696777 9.24102020263672 11.4937191009521 11.8138694763184 10.9645051956177 10.48619556427 10.0717058181763 9.78457260131836 9.35830020904541 8.68544960021973 8.27041053771973 8.1414852142334 8.65529823303223 9.0864429473877 10.1862735748291 12.0902452468872 12.6187181472778 13.2841663360596 15.7236099243164 14.7380561828613 13.2908782958984 11.7269887924194 9.06099891662598 6.03861045837402 4.19591808319092 0.761002242565155 -0.857088804244995 -0.709204435348511 -0.644618451595306 -0.514355361461639 -0.303650856018066 -0.186746880412102 -0.147950023412704 -0.135995969176292 -0.162846237421036 -0.204797849059105 0.539140999317169 1.71666860580444 2.22710394859314 2.10727381706238
24.1018142700195 15.195426940918 12.7913570404053 10.7525968551636 9.93375968933105 9.55817604064941 10.2562189102173 12.8143482208252 12.9520502090454 11.8638563156128 11.355860710144 10.8010358810425 10.3749542236328 9.89172554016113 8.97729015350342 8.50306701660156 8.37283515930176 8.94511127471924 9.53850650787354 10.6250381469727 12.921236038208 13.6087942123413 14.7715196609497 17.8081207275391 16.6330909729004 15.3045787811279 12.3963050842285 9.71241569519043 7.04268646240234 1.51381862163544 -0.866642355918884 -0.794564366340637 -0.611114859580994 -0.447823822498322 -0.205055713653564 0.0112197240814567 0.0547667741775513 0.0738359689712524 0.295462250709534 0.112304978072643 -0.135528907179832 1.48591589927673 2.71224856376648 3.00258612632751 3.05776977539062
