slauniainen/Data/DEM/Vihti_dsm1500b_cl_horizonAngle_90.asc
NCOLS 196 
NROWS 178 
XLLCORNER 353680 
YLLCORNER 6699024 
CELLSIZE 16 
NODATA_value -3.4e+38 
[rows 20 to 39 of 178, columns 0 to 45 of 196]
11.4931955337524 11.4990358352661 13.2023019790649 14.8321981430054 16.0673694610596 17.3782920837402 19.2644424438477 21.6819038391113 30.5042400360107 49.4933967590332 21.0634860992432 26.5376300811768 34.7719230651855 38.1586036682129 31.455924987793 17.4482936859131 20.420431137085 5.6169605255127 12.6334009170532 7.83892250061035 5.23237895965576 0.735723316669464 1.3836168050766 2.4624388217926 5.20169401168823 6.01041841506958 6.73837661743164 11.522780418396 7.34095907211304 18.8167057037354 0.641259968280792 1.19592118263245 3.63393640518188 5.83097362518311 5.11856412887573 5.79554891586304 5.99223232269287 18.322114944458 0.799802005290985 13.7644748687744 1.09995424747467 15.0515146255493 3.83125972747803 4.25128316879272 4.93777942657471 6.1774787902832
13.697226524353 10.8002157211304 12.8498268127441 14.4024038314819 15.5326662063599 16.7635650634766 18.3227024078369 20.0717391967773 28.2252635955811 46.7325553894043 20.2357807159424 27.494592666626 32.2118186950684 41.8818473815918 46.6426658630371 19.4003849029541 17.7761688232422 10.7848587036133 7.57364082336426 8.63242244720459 7.37447452545166 8.78531742095947 -0.128700584173203 4.98994016647339 0.0808542370796204 1.09059488773346 3.30471014976501 9.89183235168457 19.1638431549072 13.0164260864258 15.7400074005127 0.994297683238983 2.51300525665283 2.94087743759155 16.3123435974121 4.64580059051514 15.6877508163452 19.9825973510742 0.738152861595154 1.73142027854919 2.29982566833496 3.07704377174377 16.7853240966797 0.490566790103912 2.26380491256714 4.05342721939087
22.5807209014893 11.0679578781128 13.9586124420166 14.970965385437 16.2483882904053 17.8143062591553 19.6768360137939 22.0592555999756 31.1649856567383 50.1410903930664 21.5382900238037 24.885290145874 36.5058822631836 45.801097869873 47.8169174194336 15.0013217926025 22.2865905761719 21.369213104248 25.6995811462402 -0.323822200298309 3.14909410476685 2.54660511016846 -0.284604221582413 7.48880910873413 0.0360170938074589 0.512257218360901 3.03971123695374 16.0929126739502 8.16322994232178 11.262622833252 23.3146667480469 1.37455344200134 1.38439381122589 4.1608190536499 4.85169887542725 5.26243305206299 6.57782554626465 8.64631366729736 0.578349828720093 1.00416588783264 1.76048529148102 3.33607816696167 5.83233118057251 -2.53678488731384 -2.50978302955627 4.52715587615967
8.04695129394531 9.90631198883057 13.0644388198853 14.0305089950562 14.9992141723633 16.1782398223877 17.3402786254883 18.7519950866699 26.3205089569092 44.3567008972168 18.9096527099609 23.0502643585205 21.3580226898193 26.8545017242432 35.218318939209 42.9489135742188 24.0512447357178 18.585807800293 11.2534093856812 24.0035343170166 6.28473472595215 -0.224628821015358 0.283885955810547 0.40258914232254 0.522368907928467 0.957951724529266 3.65370583534241 4.25099945068359 10.0511770248413 9.11297416687012 11.9348726272583 19.2807922363281 5.33815574645996 5.47951364517212 8.614013671875 18.4107112884521 38.1639938354492 17.4314098358154 -2.9033031463623 5.09648895263672 8.5633659362793 3.59952044487 -3.97479128837585 -3.54155850410461 -1.38514375686646 -3.30883598327637
9.16962146759033 9.43067932128906 12.6459341049194 13.4932661056519 14.4027652740479 15.4516429901123 16.7134971618652 21.4093475341797 30.2847023010254 49.1643714904785 17.0490264892578 30.4083824157715 16.3334274291992 21.7807655334473 44.2405700683594 24.5623016357422 18.3676948547363 16.7981433868408 15.5596590042114 6.17618274688721 13.1601037979126 8.62792491912842 17.814115524292 -0.850631177425385 0.285693675279617 0.998868405818939 7.56649541854858 11.0940446853638 33.7161636352539 3.37275552749634 11.0260429382324 14.7554817199707 3.73163771629333 10.9458408355713 8.05708885192871 35.8405113220215 16.2022380828857 24.4384136199951 0.558597087860107 8.92383193969727 3.21167302131653 -2.5426652431488 2.57103037834167 -4.50825643539429 -1.10905134677887 -4.22891139984131
8.5490083694458 11.050103187561 11.8649415969849 12.6134271621704 13.4395370483398 14.3183937072754 15.1748237609863 16.3763046264648 20.1602840423584 36.1301879882812 19.8398551940918 33.5663833618164 16.4400653839111 16.7053127288818 18.4731578826904 24.1126747131348 37.9303970336914 26.8576240539551 15.4701709747314 23.3745918273926 7.04163312911987 15.4836902618408 21.5308647155762 -0.195459857583046 0.402416050434113 2.8446409702301 3.95870757102966 28.2329730987549 4.39339971542358 5.73347425460815 8.66899967193604 5.57679128646851 6.91753721237183 9.08803653717041 15.2018985748291 15.3330869674683 19.8644962310791 22.6646366119385 29.2432250976562 13.7316551208496 1.95214653015137 5.77052211761475 11.8783483505249 -4.74300765991211 -4.38359022140503 -3.91072559356689
8.6533842086792 10.4063749313354 11.0323219299316 11.7061614990234 12.6671295166016 13.734637260437 14.7856016159058 16.1524524688721 18.5354499816895 22.7834205627441 37.0330963134766 25.3452739715576 20.5915126800537 23.6207523345947 16.4030170440674 36.1412506103516 22.0736217498779 11.5865755081177 23.7348880767822 11.7295618057251 15.3832178115845 25.0088176727295 -0.336198180913925 0.128197878599167 1.03919529914856 2.09943151473999 11.0751113891602 24.3774833679199 3.54835081100464 6.80645322799683 4.85850095748901 7.50259685516357 6.38856744766235 11.1232328414917 25.8784427642822 12.4399738311768 18.1253280639648 17.153902053833 24.4652290344238 6.58683347702026 19.01123046875 -2.73832440376282 0.88872754573822 -4.29207897186279 7.79590511322021 -2.42452716827393
8.77445316314697 10.231785774231 10.9187059402466 11.6287956237793 12.4328536987305 14.153299331665 16.0919036865234 18.9852733612061 23.3300914764404 29.9602870941162 42.8119430541992 38.0642585754395 12.5659942626953 15.7257766723633 26.8356666564941 14.7104806900024 19.2618160247803 21.1765232086182 31.4404792785645 22.9061641693115 2.24017071723938 4.52338743209839 0.443670213222504 0.763753771781921 1.38973128795624 7.87612056732178 13.5395669937134 30.0847492218018 3.04165029525757 4.95154571533203 7.86001205444336 6.49922323226929 10.9012861251831 11.6423177719116 12.0345239639282 17.1937217712402 14.1534538269043 14.5341548919678 15.2632389068604 23.4587516784668 -3.35981464385986 -3.25862503051758 -3.02167725563049 -2.54545307159424 -1.47246980667114 0.151445880532265
9.13593292236328 9.87318229675293 10.5261325836182 11.2352857589722 12.0129337310791 12.966588973999 14.204083442688 15.7662811279297 19.2032852172852 25.0107002258301 35.6935348510742 33.5608215332031 16.1960163116455 16.7301712036133 18.0425701141357 12.8803558349609 19.0969333648682 23.1340866088867 23.2399482727051 26.6790542602539 0.318924427032471 1.28973472118378 17.8834457397461 1.55104112625122 1.74420821666718 6.43923330307007 9.43851661682129 19.4019889831543 23.2816162109375 3.79152607917786 17.1987285614014 7.76091718673706 15.7741193771362 19.5040073394775 20.0411548614502 31.120304107666 47.7537841796875 -0.925843298435211 8.40209197998047 25.4724979400635 -0.192334666848183 7.27752304077148 -0.674235463142395 -0.204330384731293 1.11324083805084 5.06575298309326
8.87917137145996 9.47653102874756 10.0790758132935 11.0538024902344 12.1999502182007 13.6805734634399 15.0996007919312 16.7841873168945 19.3798274993896 22.9313697814941 29.318567276001 36.2413711547852 26.3181076049805 38.6450691223145 16.4947052001953 10.1301889419556 11.9758281707764 10.8624124526978 20.452449798584 37.4651718139648 17.4068965911865 -0.549398124217987 0.384751081466675 1.69853377342224 2.35055065155029 4.75396156311035 8.39168834686279 10.2390031814575 5.03273439407349 1.99587690830231 4.26442337036133 5.32652044296265 7.63514375686646 9.98392295837402 10.2171039581299 15.5079832077026 11.2725563049316 6.10168504714966 6.21246767044067 6.28984355926514 14.069712638855 9.17966175079346 -0.253559559583664 0.394360989332199 2.66841721534729 5.03673791885376
8.45048522949219 9.14193439483643 9.89547443389893 10.7503881454468 11.7123746871948 12.933798789978 14.0586080551147 15.3469305038452 17.6195106506348 21.6822662353516 27.7901458740234 38.1520042419434 49.6543655395508 16.1768836975098 20.4344882965088 18.5756931304932 32.7811050415039 7.9700288772583 26.9042701721191 31.7694702148438 16.3720874786377 0.0140609005466104 0.114858187735081 0.795214176177979 5.20978212356567 2.82422852516174 31.9850921630859 4.31073760986328 15.1068897247314 2.00305867195129 4.69685077667236 6.95377111434937 8.67492771148682 11.2190885543823 23.8038787841797 10.2369918823242 8.74997997283936 6.7391185760498 13.3687810897827 20.3767147064209 6.80424976348877 0.948320686817169 0.420629501342773 1.25024724006653 4.38529682159424 6.88226699829102
7.61496543884277 8.26062870025635 8.9812707901001 9.78176879882812 10.6842393875122 11.8247146606445 12.8379755020142 14.089015007019 15.5646734237671 17.3817386627197 20.6394309997559 27.4254474639893 38.2878265380859 24.6509799957275 19.6835327148438 17.6436882019043 21.8145294189453 3.70874738693237 7.34862804412842 12.2906265258789 30.6245498657227 1.13422167301178 5.79667043685913 1.51365029811859 2.20189666748047 31.9308624267578 2.50840401649475 15.3114461898804 5.84896469116211 3.03265976905823 5.59857559204102 6.30870008468628 6.9897985458374 8.68726825714111 10.0074005126953 12.0496406555176 12.7659502029419 32.2672119140625 12.119402885437 27.0221252441406 0.704398274421692 1.13995063304901 2.79112720489502 3.49928379058838 5.3915810585022 9.60554790496826
6.75251340866089 7.40124273300171 8.10055065155029 8.86296558380127 9.71354103088379 10.72594165802 11.6414804458618 12.7679090499878 14.1478853225708 15.8547735214233 18.7745418548584 23.6078929901123 33.0880928039551 42.2441062927246 20.7842845916748 15.8619346618652 36.2762718200684 3.0154128074646 3.30466103553772 6.21526098251343 10.7336559295654 5.66385173797607 1.09626734256744 1.21198105812073 11.8296003341675 18.1260051727295 14.4074506759644 1.10968804359436 1.65144264698029 3.56162309646606 4.18244171142578 5.58446645736694 9.35443496704102 24.2895355224609 3.3921480178833 13.9229650497437 5.10300350189209 7.94634294509888 8.03275203704834 8.62090969085693 17.7154960632324 1.87817943096161 3.44287896156311 4.6384859085083 8.96656608581543 20.1301040649414
5.01948833465576 5.64340209960938 6.40020418167114 7.22707986831665 8.09233856201172 9.1792163848877 10.0264682769775 11.2790079116821 12.8999929428101 14.9789304733276 17.8059787750244 21.8081912994385 27.8537559509277 39.9381790161133 30.3110046386719 5.03354597091675 15.3553142547607 5.5548210144043 10.5055074691772 14.4343891143799 2.44415855407715 5.12139511108398 1.77928328514099 2.96002650260925 4.60148620605469 16.7104015350342 9.44401836395264 1.77734708786011 2.18000173568726 4.62766599655151 8.12719058990479 11.8908061981201 8.17013072967529 21.730167388916 20.0646591186523 2.07452201843262 2.11262059211731 17.2666683197021 3.08711194992065 3.94813179969788 4.23978519439697 5.17795133590698 6.0712685585022 8.98787212371826 11.7533597946167 15.2569952011108
4.81636142730713 5.29679346084595 5.89115858078003 6.47967720031738 6.9992413520813 7.61052894592285 8.04768180847168 8.67224884033203 9.41670989990234 10.2972249984741 11.8869829177856 14.6466379165649 18.9496097564697 27.1172847747803 29.9983768463135 10.7815551757812 28.7605972290039 11.177773475647 14.3504076004028 14.4223937988281 4.20054578781128 9.11520576477051 1.16446340084076 1.57362914085388 1.67545735836029 2.29907202720642 5.81017208099365 16.556978225708 3.57640266418457 4.70055484771729 13.1794118881226 6.4396595954895 7.61624956130981 15.1965084075928 20.0450687408447 4.8847017288208 15.9510917663574 1.48201835155487 1.67269027233124 4.97037935256958 3.13185143470764 4.26965665817261 5.06848001480103 8.48667049407959 6.34514188766479 8.0121374130249
4.59400415420532 5.00398731231689 5.5158429145813 6.01390981674194 6.45291757583618 6.98131799697876 7.30076122283936 7.84459590911865 8.46943855285645 9.25044631958008 11.1300411224365 13.7468233108521 17.9133625030518 29.955114364624 21.3255214691162 9.15284729003906 23.8917560577393 12.505952835083 10.8675842285156 19.2092971801758 12.855149269104 1.18230557441711 2.33276891708374 1.53216421604156 1.82685196399689 2.62184143066406 4.18838167190552 11.4483528137207 4.53567552566528 6.32713031768799 7.46697854995728 10.897274017334 15.6633272171021 30.480318069458 45.6063385009766 8.58822536468506 3.60299825668335 -0.608494877815247 0.255749732255936 12.2070331573486 1.56604790687561 2.70707726478577 2.08731865882874 3.15109062194824 3.66426610946655 5.02313899993896
4.08782911300659 4.42556715011597 4.79536390304565 5.19812917709351 5.62050247192383 5.95847845077515 6.2651743888855 6.73610210418701 7.26441764831543 7.89588928222656 8.62478637695312 9.46759605407715 11.0290336608887 14.5696649551392 21.3664302825928 27.3160972595215 10.0699338912964 10.5883712768555 15.5481958389282 17.5368003845215 13.4340963363647 1.91904330253601 11.4418802261353 0.332874000072479 1.28885746002197 2.14211058616638 2.62341237068176 4.25922298431396 5.66674995422363 8.97933197021484 10.4391012191772 6.01085424423218 12.9112148284912 17.2499809265137 23.1233310699463 34.9907455444336 4.64052152633667 8.73804378509521 0.874831676483154 1.83111965656281 21.2366580963135 3.41143178939819 12.5810499191284 -0.535916745662689 1.67304503917694 2.90113544464111
3.02038836479187 3.26523804664612 3.52433657646179 3.87167692184448 4.34506702423096 4.54025030136108 4.89797925949097 5.4275689125061 6.07109117507935 6.84736633300781 7.84585523605347 9.17745876312256 10.9637393951416 13.6267642974854 17.9479389190674 24.5221900939941 33.0603256225586 3.56803178787231 16.2559947967529 4.29600524902344 10.0379104614258 1.69944131374359 3.53323197364807 3.80829524993896 16.8700313568115 1.38382267951965 3.94844913482666 4.39854764938354 4.97247457504272 5.62821483612061 6.41536045074463 7.56097507476807 9.3816385269165 12.7722291946411 18.1759796142578 31.6780586242676 8.42218971252441 12.7848062515259 17.3958721160889 -0.357555985450745 -0.276693522930145 2.4950647354126 2.99496150016785 3.60000371932983 11.1177577972412 13.240195274353
2.33277750015259 2.4850971698761 2.65374398231506 2.83471941947937 3.08370900154114 3.1286153793335 3.28224015235901 3.49526882171631 3.73086619377136 3.99248456954956 4.29592657089233 4.63429069519043 5.59871816635132 7.49797058105469 11.2397403717041 21.4725608825684 4.72424602508545 8.27132606506348 8.17173671722412 5.36909294128418 5.51314640045166 6.03537559509277 11.6460952758789 25.4446086883545 1.22956240177155 2.05552697181702 2.47264623641968 2.64132070541382 3.00559997558594 3.59773564338684 4.5088415145874 5.95846700668335 8.15417671203613 11.5876560211182 17.8197898864746 32.8638534545898 2.12166738510132 3.34058523178101 7.87681150436401 9.28540992736816 1.86044216156006 2.52794718742371 4.73113775253296 6.20082807540894 6.70568180084229 7.31741762161255
1.8464332818985 1.95894825458527 2.09448838233948 2.26340675354004 2.45752668380737 2.4577693939209 2.59092831611633 2.76136755943298 3.00561785697937 3.27743172645569 3.60715293884277 4.02774667739868 4.53292846679688 5.18250560760498 6.0686993598938 7.25958204269409 9.043212890625 11.6699514389038 15.747540473938 24.2826080322266 2.75567007064819 9.18924808502197 13.5571031570435 23.1997928619385 1.73671615123749 4.26952648162842 2.46629762649536 2.47113299369812 2.60188007354736 3.05610609054565 3.82053327560425 5.11606645584106 7.13705730438232 10.4071378707886 16.3563385009766 30.9400825500488 2.61887836456299 5.54310035705566 6.09432029724121 6.76195812225342 7.57031726837158 8.55201816558838 9.76718616485596 11.2814531326294 13.6536703109741 17.1970272064209
