slauniainen/Data/DEM/Vihti_dem1500b_cl_horizonAngle_162.asc
NCOLS 196 
NROWS 178 
XLLCORNER 353680 
YLLCORNER 6699024 
CELLSIZE 16 
NODATA_value -3.4e+38 
[rows 60 to 79 of 178, columns 135 to 179 of 196]
4.01606512069702 4.02452087402344 4.51410675048828 4.86657381057739 5.16275644302368 5.42984294891357 5.66812324523926 6.02885627746582 6.39272308349609 6.54579544067383 6.64062643051147 7.38338088989258 8.09850692749023 8.53248500823975 8.88612842559814 8.53670406341553 7.72382926940918 6.53201055526733 5.07437705993652 2.21500372886658 -0.321344673633575 -1.06078481674194 -0.580879688262939 -0.464609235525131 1.41794657707214 3.95730352401733 3.87287616729736 3.97349309921265 3.54362845420837 5.20809507369995 5.55329084396362 7.55341672897339 7.32999515533447 6.958083152771 5.01059770584106 3.90597772598267 4.1474404335022 2.36649441719055 0.0909905508160591 -0.738178849220276 -1.33273029327393 -1.37210822105408 -1.2535845041275 -0.511922717094421 4.67980146408081
4.21838903427124 4.20501470565796 4.5838303565979 4.82961225509644 5.180335521698 5.48804616928101 5.86935472488403 6.23737144470215 6.62024736404419 6.75223684310913 6.85246467590332 7.31670475006104 7.65749025344849 8.54789257049561 9.1700325012207 9.07806777954102 8.5345630645752 7.74048185348511 6.84694051742554 4.79878664016724 1.74358034133911 -0.175998583436012 0.530742108821869 1.84567046165466 4.32368278503418 7.72795104980469 7.98045015335083 7.72795343399048 11.799898147583 7.75459051132202 6.28012704849243 8.32753944396973 7.94329404830933 7.15338277816772 6.00950908660889 4.69576263427734 2.48838353157043 1.65440440177917 0.605617880821228 -0.0560478307306767 -1.11466991901398 -1.07716882228851 -0.99636846780777 -0.80910450220108 -0.163306936621666
4.28649616241455 4.37732362747192 4.51123762130737 5.01367330551147 5.59769296646118 5.9278359413147 6.31174468994141 6.70738363265991 6.94207620620728 7.23703193664551 8.36433887481689 9.60013866424561 8.8856954574585 8.98956108093262 9.66274547576904 9.79445457458496 9.81761932373047 9.27318859100342 7.87519264221191 6.10937023162842 3.34424233436584 1.11335587501526 1.49480867385864 2.99007701873779 7.37386894226074 10.6735429763794 19.482458114624 18.1428184509277 11.1767244338989 9.72410774230957 7.16517496109009 8.59571170806885 10.6026811599731 8.28314876556396 6.35385370254517 5.15929460525513 2.98446226119995 1.86237752437592 1.33905458450317 0.989753663539886 0.748662412166595 -0.480447769165039 -0.649227976799011 -0.433654546737671 0.942904472351074
4.55405330657959 4.72788333892822 4.73213052749634 5.35286903381348 5.85217952728271 6.1928825378418 6.42000246047974 6.75460863113403 7.25963497161865 7.6905689239502 9.95880794525146 8.791748046875 7.94721841812134 8.58052349090576 9.40261077880859 10.8639869689941 10.7920665740967 10.1453981399536 9.12327194213867 8.07840442657471 6.16795492172241 3.51336359977722 3.14743518829346 5.05220651626587 9.47736740112305 9.05801391601562 7.37112903594971 5.60504531860352 5.6491231918335 4.2278208732605 7.94398307800293 9.84884548187256 12.6799612045288 9.66256618499756 7.99465179443359 6.05948877334595 4.40841579437256 2.15803289413452 1.80416369438171 2.30557918548584 2.30976271629333 0.961525797843933 -0.189577355980873 -0.247337460517883 0.394294261932373
4.86940813064575 5.10605001449585 5.11044120788574 5.55993843078613 5.86530113220215 6.43283319473267 6.78170871734619 7.22179841995239 7.73430490493774 8.31210994720459 8.4830436706543 7.58600759506226 7.89676761627197 8.29244995117188 9.81416893005371 11.7407732009888 11.5451173782349 11.0478439331055 10.6426038742065 10.0421314239502 8.28839492797852 5.06045246124268 4.54064321517944 4.77629470825195 7.4755597114563 10.7601585388184 3.46719145774841 4.18730354309082 0.528733789920807 4.86527681350708 10.0856266021729 11.4367122650146 15.1041421890259 18.381067276001 10.116081237793 8.02002143859863 6.54087972640991 3.39627361297607 2.52551364898682 3.64950299263 4.65221166610718 4.35769176483154 1.95034432411194 0.878651738166809 1.12852573394775
5.15719842910767 5.38111400604248 5.64393472671509 5.73430490493774 6.23049974441528 6.93561553955078 7.25815916061401 7.64739370346069 8.02687931060791 8.25026988983154 7.70229005813599 7.39267444610596 7.92006397247314 8.56855869293213 9.81141471862793 11.4802856445312 12.7400817871094 13.0238447189331 12.295877456665 15.187873840332 11.0123977661133 5.83077383041382 2.03720021247864 3.18640923500061 1.90393817424774 1.31641018390656 0.0289771556854248 0.150207996368408 1.81094908714294 7.20771169662476 12.3680992126465 15.9564008712769 15.4042434692383 15.4710054397583 14.6301298141479 9.40914058685303 7.61542320251465 4.6200909614563 2.99016308784485 3.93106961250305 8.66553688049316 8.88044548034668 5.23514699935913 3.87408351898193 5.74168014526367
4.98501348495483 5.87875413894653 6.18317079544067 6.18577814102173 6.72830581665039 7.23810529708862 7.57364416122437 8.75273036956787 9.71408557891846 8.17808055877686 8.04474449157715 7.80827713012695 8.59480857849121 9.12263298034668 9.69992160797119 11.6568822860718 14.4754362106323 14.157172203064 11.6399507522583 10.1349859237671 14.3033771514893 13.4468355178833 5.95712423324585 0.447113484144211 0.362036287784576 0.237459272146225 0.329811245203018 0.485812216997147 3.56063365936279 8.87559223175049 13.69384765625 14.0090866088867 6.05740118026733 1.49716448783875 7.76025009155273 14.5959787368774 12.3942985534668 9.62946128845215 5.00734710693359 3.9350061416626 4.3868727684021 9.98416805267334 9.23575019836426 3.1473240852356 2.05632853507996
5.27354145050049 6.47039270401001 6.81309795379639 6.8119945526123 7.16007089614868 7.64923810958862 8.53417491912842 10.0758953094482 9.29380512237549 8.40747928619385 8.40214347839355 8.35232639312744 9.24928951263428 10.3079032897949 11.0628910064697 12.2956962585449 15.250862121582 16.8138065338135 14.7292757034302 10.0696058273315 9.40033912658691 9.20725440979004 6.07207059860229 0.692624568939209 0.662236511707306 0.721457958221436 0.754117071628571 0.774120450019836 3.55466365814209 7.85099840164185 4.93172121047974 1.11812388896942 2.57158660888672 0.660012006759644 0.655261754989624 7.54182863235474 10.6685266494751 10.0424823760986 7.49464750289917 4.41439962387085 5.06793022155762 3.12233686447144 14.5790910720825 14.3056859970093 3.16333961486816
5.74831199645996 6.81784915924072 7.41092681884766 7.78296613693237 7.71529531478882 8.29251956939697 9.05903816223145 8.82293510437012 7.99672031402588 8.17678928375244 8.35642719268799 8.80919742584229 9.80528450012207 11.553150177002 11.2010450363159 12.4946041107178 13.7595148086548 12.860330581665 13.4650793075562 13.2031192779541 8.06813335418701 1.41074991226196 0.499400109052658 0.824336051940918 0.99142724275589 1.09959447383881 1.07777237892151 1.98569071292877 3.49421262741089 4.00116491317749 0.819201767444611 0.749579727649689 0.780076444149017 0.801779985427856 0.806869387626648 0.271238178014755 0.623517036437988 1.49295997619629 4.82661914825439 5.73506736755371 5.44340658187866 8.2500114440918 7.29181861877441 10.4004783630371 9.93009948730469
5.71534061431885 6.52592754364014 8.25243186950684 8.65730285644531 8.57674598693848 9.28903579711914 9.87703323364258 8.55693531036377 7.7183985710144 8.1286039352417 9.00700950622559 9.58968067169189 10.5095539093018 11.6636209487915 10.3221426010132 9.67551422119141 9.07432556152344 8.14177227020264 10.1610879898071 9.02054119110107 4.74886322021484 0.752288460731506 2.18661999702454 0.930409252643585 1.12401628494263 1.19611048698425 1.22765958309174 1.15685176849365 1.40231287479401 4.93722629547119 1.68184697628021 0.919106006622314 0.980771839618683 1.04078090190887 0.946177363395691 0.447803467512131 -0.117308519780636 0.815551459789276 2.52673292160034 4.84992074966431 5.39975023269653 1.68329381942749 2.02744626998901 1.81496620178223 5.21994829177856
5.37548542022705 6.98582792282104 9.14978313446045 9.54934024810791 9.4381275177002 9.6959228515625 10.9924049377441 10.8045854568481 9.65083980560303 9.11725425720215 10.0448064804077 9.95932388305664 10.8416337966919 11.0984268188477 10.2194719314575 7.80986547470093 4.01339864730835 1.65490424633026 1.34852206707001 -0.299994647502899 -0.0513818822801113 0.303025901317596 0.630891501903534 1.75732088088989 1.14564776420593 1.2528623342514 1.30231773853302 1.17793822288513 0.882623732089996 0.694334745407104 0.808514893054962 1.07210826873779 1.20763492584229 1.20415151119232 1.07851314544678 0.934135377407074 0.344433158636093 0.13688038289547 3.59086656570435 5.05048036575317 3.24749684333801 -0.470066219568253 -0.677367210388184 -0.332817703485489 2.19367218017578
6.06313514709473 7.32767868041992 9.06458950042725 10.713547706604 11.1411743164062 10.4934539794922 10.5807857513428 9.79789257049561 9.58205890655518 9.35281848907471 9.15339469909668 9.82388591766357 10.2468290328979 9.85789203643799 8.29728698730469 6.16366291046143 1.82847630977631 -0.329539388418198 -0.429565221071243 -0.265985280275345 0.469605565071106 0.323709547519684 0.593960225582123 0.884154319763184 1.15793180465698 1.30460464954376 1.39916336536407 1.3208042383194 1.05926203727722 1.00526773929596 0.984489798545837 1.1812561750412 1.37305402755737 1.32110142707825 1.24865078926086 1.2205536365509 2.17789793014526 0.754965424537659 3.17526936531067 -0.0885644927620888 -0.106482796370983 -0.289372831583023 -0.367436230182648 -0.413845866918564 0.0702962726354599
7.83956289291382 6.72867059707642 8.42187976837158 12.4365673065186 12.7252473831177 11.5039892196655 10.8270063400269 8.54695415496826 7.39042663574219 7.31498908996582 8.87726306915283 9.21961879730225 9.95869541168213 8.9698543548584 6.48486566543579 3.324946641922 0.638680577278137 -0.246654510498047 -0.300855457782745 0.764782190322876 2.58519411087036 0.400578796863556 0.658194243907928 0.932859718799591 1.1836986541748 1.36905384063721 1.46179246902466 1.5688384771347 1.49741816520691 1.37252330780029 1.33072984218597 1.38835024833679 1.49264442920685 1.54396259784698 1.60863041877747 2.93309307098389 1.54638922214508 2.05475974082947 0.0612198710441589 0.138539582490921 0.0693487375974655 0.190117910504341 -0.0362672321498394 -0.125858411192894 -0.272052675485611
11.0033159255981 7.49333190917969 9.29437828063965 14.6182079315186 15.599889755249 12.9249458312988 10.0331583023071 8.21700572967529 7.61897945404053 7.22056770324707 8.12789154052734 9.96419525146484 10.8848934173584 9.40374755859375 6.66589212417603 3.30173373222351 1.16758191585541 1.08945822715759 0.822962284088135 2.15510678291321 5.45956134796143 9.45992088317871 2.87963962554932 0.960918962955475 1.16277384757996 1.36091029644012 1.46951699256897 1.63035428524017 1.71551394462585 1.62007665634155 1.62218618392944 1.61277329921722 1.71820080280304 1.68265187740326 2.11817359924316 2.94433164596558 1.83156049251556 0.368890434503555 0.161975353956223 0.333945661783218 0.534998059272766 0.5530064702034 0.467122912406921 0.277072221040726 -0.00990529824048281
9.25521945953369 8.6898193359375 10.6949090957642 13.1937017440796 11.931040763855 12.2481384277344 8.57191467285156 7.0005202293396 8.89369773864746 9.15652751922607 9.45030975341797 9.71031093597412 9.1283483505249 8.86252307891846 6.69971036911011 4.82523536682129 4.91751050949097 2.91435718536377 2.11759614944458 4.06279468536377 7.57474422454834 9.40353012084961 6.99690771102905 0.957410633563995 1.21706128120422 1.43812680244446 1.64825820922852 1.81126761436462 1.92066240310669 1.84666788578033 1.83315026760101 1.89252102375031 1.89434325695038 1.8269134759903 1.59745502471924 1.3254302740097 1.11797702312469 0.594606339931488 0.425310224294662 0.764518439769745 0.906524062156677 0.823616206645966 0.894740343093872 0.748010039329529 0.246973544359207
5.66365146636963 5.43037462234497 8.05675315856934 9.39640331268311 3.7504460811615 3.47462272644043 4.9205207824707 7.7171778678894 8.79306125640869 9.25732135772705 8.13049983978271 6.97187519073486 5.56932401657104 3.10390377044678 3.26955509185791 2.3995988368988 -0.0103818876668811 0.541372001171112 1.21086692810059 -0.247577652335167 -0.194694846868515 -0.056428499519825 0.450302362442017 1.07696664333344 1.25290381908417 1.58704602718353 1.84762501716614 2.04636144638062 2.19915819168091 2.21211314201355 2.04555797576904 1.93266463279724 2.00539231300354 1.95974159240723 1.78504407405853 1.48967087268829 1.25348114967346 0.941863715648651 0.657893061637878 0.955114603042603 1.14856779575348 1.23812007904053 1.14769744873047 1.0945725440979 0.565321803092957
4.15901327133179 3.42377233505249 4.16620016098022 1.00106728076935 -0.719676733016968 -0.683414399623871 3.00050330162048 6.93233442306519 6.75208425521851 4.01679754257202 4.31505966186523 2.0992066860199 -0.127020344138145 -0.232656896114349 -0.28970804810524 -0.289395779371262 -0.174550384283066 -0.1535355001688 -0.203271612524986 -0.209570750594139 -0.152868404984474 0.0680326893925667 0.508994221687317 0.923798263072968 1.31475937366486 1.68597137928009 1.98174095153809 2.19641017913818 2.34310436248779 2.34253573417664 2.22211122512817 2.1758177280426 2.07553005218506 2.13927984237671 2.09855937957764 1.94805288314819 1.79474139213562 1.73203659057617 1.3286474943161 0.98664790391922 1.26174235343933 1.43408179283142 1.38245248794556 1.24777770042419 0.905864298343658
1.21433508396149 1.4950076341629 1.23072004318237 -0.460342139005661 -0.505246341228485 -0.43835923075676 4.51181793212891 5.4862060546875 2.63996529579163 0.176245644688606 -0.127183079719543 -0.115321561694145 -0.115945912897587 -0.166221052408218 -0.30626580119133 -0.250567346811295 -0.149849504232407 -0.132390215992928 -0.108559727668762 -0.159809142351151 -0.0460748784244061 0.203842908143997 0.547664821147919 0.913911581039429 1.3100768327713 1.76880574226379 2.09144926071167 2.31629729270935 2.45935106277466 2.4593939781189 2.42106962203979 2.39412307739258 2.37962985038757 2.40941214561462 2.3862247467041 2.21575212478638 2.16172170639038 2.10592436790466 1.62336945533752 1.13059639930725 1.3668726682663 1.48666930198669 1.39643085002899 1.40836083889008 1.26910960674286
-0.00256815110333264 0.220750615000725 -0.24164018034935 -0.236882731318474 -0.192388936877251 -0.101858831942081 2.02720618247986 1.24691617488861 0.348093688488007 0.275864332914352 0.279350608587265 0.27223002910614 0.146624907851219 -0.0657489150762558 -0.162281841039658 -0.179704561829567 -0.178664743900299 -0.061274666339159 -0.095966063439846 -0.0693233087658882 0.0497597679495811 0.318183422088623 0.680226385593414 1.01655030250549 1.4118070602417 1.8178209066391 2.1459493637085 2.42067050933838 2.53943562507629 2.65858268737793 2.64379024505615 2.52810335159302 2.52970218658447 2.58347845077515 2.62180471420288 2.66371774673462 2.54122066497803 2.42913413047791 2.02257299423218 1.48287975788116 1.46664845943451 1.54194629192352 1.61999332904816 1.52368307113647 1.44647741317749
-0.363337337970734 -0.177160397171974 -0.0620200783014297 0.0252655912190676 0.19689530134201 0.321943730115891 0.457851231098175 0.490021109580994 0.622914671897888 0.706372737884521 0.642769455909729 0.520889103412628 0.321639984846115 0.147015005350113 -0.0843232199549675 -0.156579077243805 -0.121313109993935 -0.0187928322702646 -0.00159499968867749 0.0298638176172972 0.121308952569962 0.420208036899567 0.820415496826172 1.18492317199707 1.5306259393692 1.85609662532806 2.15086436271667 2.41990113258362 2.6079957485199 2.74210453033447 2.75944495201111 2.66883373260498 2.69340395927429 2.71356272697449 2.86756110191345 2.90504670143127 2.8173565864563 2.70561695098877 2.70635175704956 2.23079037666321 1.47169756889343 1.60935342311859 1.70892715454102 1.61272323131561 1.48585402965546
