slauniainen/Data/DEM/Vihti_dsm1500b_cl_horizonAngle_210.asc
NCOLS 196 
NROWS 178 
XLLCORNER 353680 
YLLCORNER 6699024 
CELLSIZE 16 
NODATA_value -3.4e+38 
[rows 140 to 159 of 178, columns 0 to 44 of 196]
-0.477496296167374 8.58342742919922 0.326884984970093 -0.565450370311737 -0.0289084073156118 5.61763095855713 7.0002760887146 1.5460901260376 31.5528945922852 16.7158164978027 3.24474430084229 2.96206974983215 2.82299876213074 2.53022193908691 2.37983250617981 1.58222091197968 1.82040810585022 2.36878180503845 2.29873323440552 1.70809125900269 2.86732745170593 2.95586013793945 3.11344933509827 2.88588666915894 2.69124245643616 2.52783536911011 2.38690638542175 2.3448052406311 -0.0175561811774969 -0.256968915462494 14.1163997650146 1.39877474308014 6.82143115997314 -0.880037069320679 1.14581525325775 -0.92766261100769 -1.10541987419128 6.6236743927002 3.84867119789124 0.141734406352043 1.65073537826538 1.82988178730011 16.7716178894043 19.743106842041 5.61576890945435
-1.97493994235992 -1.79782354831696 3.01736426353455 0.206090927124023 0.89860075712204 9.83625507354736 2.81432318687439 3.4851610660553 2.817143201828 3.33882522583008 3.38258934020996 3.15117216110229 3.46073412895203 2.80837917327881 2.27565908432007 2.17419505119324 2.52482414245605 2.45195055007935 2.11517763137817 3.14260625839233 3.22439336776733 3.46020531654358 3.46328043937683 3.38273739814758 3.13718152046204 2.75057053565979 2.79135823249817 2.62212777137756 0.41905277967453 -0.907594799995422 4.32675504684448 -0.956214487552643 -0.761089205741882 8.62542629241943 -0.932396411895752 4.55665111541748 2.90989995002747 5.78921508789062 7.41081142425537 3.26888346672058 8.43940925598145 2.22443175315857 2.84801030158997 17.2144508361816 5.10812664031982
-1.69747757911682 -1.33899545669556 -0.237019807100296 -0.00245336745865643 1.07624161243439 4.57688760757446 2.23650169372559 2.88637709617615 3.34894585609436 3.53170156478882 3.24777007102966 3.56286430358887 2.89456105232239 2.66956377029419 2.23910236358643 2.69295239448547 2.61693501472473 2.27086997032166 2.01773953437805 3.32255887985229 3.4289824962616 3.65842175483704 3.66574001312256 3.57269215583801 3.35515522956848 3.10282611846924 3.14230704307556 3.09719085693359 0.0953953042626381 -0.512115001678467 -0.528478741645813 -0.646493852138519 1.19795632362366 9.94413757324219 -0.740102231502533 -0.589545845985413 -1.15007948875427 14.8906812667847 2.80402398109436 15.5972108840942 6.65820598602295 4.9430718421936 3.22069597244263 11.4498529434204 5.18869638442993
3.98542761802673 -0.163760244846344 0.142660871148109 1.07747113704681 1.83371698856354 20.0106086730957 2.99239492416382 3.48734998703003 3.63742899894714 3.55198049545288 3.54448342323303 3.63604831695557 2.95038437843323 2.75283312797546 2.28135371208191 2.81156253814697 2.73089790344238 2.07874464988708 3.65259051322937 3.77507209777832 4.07511520385742 4.19732046127319 4.24359893798828 4.01470041275024 3.46429896354675 3.50955104827881 3.35689258575439 3.49081420898438 3.05966186523438 -0.244754150509834 -0.54605358839035 5.35364532470703 -0.909601390361786 -0.400427669286728 -0.668175637722015 -0.735704660415649 -1.1764532327652 14.753378868103 1.95279169082642 2.83086156845093 4.63961935043335 8.20002841949463 5.47548961639404 9.30624961853027 5.88421630859375
-1.09339118003845 0.0380312912166119 0.234546199440956 6.62568140029907 1.59651434421539 3.26583814620972 3.59250950813293 3.62207508087158 3.70379400253296 3.41352653503418 3.74978446960449 3.58929944038391 3.32431602478027 3.09256982803345 3.01975417137146 2.93360495567322 2.50100350379944 4.04660606384277 4.18060827255249 4.51458978652954 4.57930469512939 4.78169298171997 4.74438381195068 3.92071223258972 3.79062104225159 3.82167267799377 4.83005380630493 3.60068035125732 6.20562744140625 0.542582035064697 -0.0663138329982758 5.95657777786255 1.19474399089813 0.466331332921982 -0.18054224550724 -0.871313869953156 -1.12592446804047 1.82783901691437 4.12395524978638 6.81215190887451 7.45506000518799 10.4786920547485 17.0998783111572 16.3561763763428 26.8832759857178
19.1300525665283 0.487569481134415 1.54386603832245 13.9667882919312 7.47108221054077 12.0247640609741 3.63321018218994 3.81896567344666 3.5236451625824 3.86882901191711 3.69551301002502 3.42244148254395 3.70724153518677 3.35332155227661 3.16820287704468 3.06793522834778 2.25535845756531 4.32749605178833 4.47334289550781 4.82414960861206 5.04418563842773 5.05956745147705 4.93834543228149 4.17969465255737 4.18901968002319 6.39355802536011 5.88420581817627 4.9225287437439 7.53170108795166 2.54837369918823 -0.339184015989304 -0.0900381579995155 -0.0740714520215988 -0.409099578857422 0.579969048500061 -0.693222641944885 0.807476997375488 3.24665522575378 12.4628610610962 11.2877769470215 12.9850664138794 8.87678241729736 7.6048002243042 7.99419927597046 17.7908878326416
0.571507096290588 2.03381085395813 1.88742542266846 2.92257785797119 3.36373734474182 3.79416370391846 3.94192337989807 3.85807681083679 3.8447208404541 3.94965028762817 3.76547360420227 3.81705570220947 3.52298641204834 3.63745737075806 3.33013129234314 2.81159520149231 4.89318037033081 5.06456089019775 5.46307468414307 5.54526519775391 5.78881120681763 5.8077244758606 4.8482837677002 4.827956199646 4.74014902114868 7.10004568099976 7.05117845535278 14.4283428192139 21.2192535400391 18.3555870056152 0.975118935108185 0.302548140287399 0.0759128257632256 0.112125016748905 5.98041915893555 1.10105049610138 0.252464175224304 0.757977426052094 7.25108623504639 20.0241737365723 22.5273036956787 14.2776594161987 11.6166133880615 6.54877901077271 8.46298599243164
1.63734662532806 2.89774942398071 3.1764976978302 6.94464159011841 3.92177987098694 3.8343186378479 4.02372169494629 3.71836590766907 4.08384895324707 3.88285231590271 3.5968337059021 3.89060020446777 3.7454731464386 3.61979627609253 3.51083755493164 2.79898715019226 5.32929134368896 5.50945329666138 5.94192886352539 6.41318464279175 6.22168254852295 6.10586214065552 5.08746671676636 5.22816514968872 9.48212242126465 11.8211078643799 10.8281011581421 10.8698329925537 18.9050636291504 27.2379207611084 17.9240970611572 1.09326076507568 0.17553423345089 -0.558572709560394 -0.612645208835602 9.65229892730713 10.4549055099487 5.5816388130188 4.54102659225464 1.16575729846954 3.04809212684631 10.9800357818604 22.4507846832275 3.52733874320984 9.01208877563477
2.95559597015381 3.3679940700531 3.38256549835205 4.00043249130249 4.00931072235107 4.16088819503784 4.07512998580933 4.05631828308105 4.17192935943604 3.71142721176147 4.00998497009277 3.71822237968445 3.98238039016724 3.86196184158325 3.21124625205994 6.21838712692261 6.42337369918823 6.93318605422974 7.71403551101685 7.32198286056519 7.26286315917969 6.05210638046265 5.77115535736084 5.87652015686035 11.7440719604492 16.558349609375 2.62024712562561 1.52153086662292 1.62547051906586 1.44837439060211 2.31819105148315 2.96827244758606 0.460423350334167 -0.174150735139847 -0.839316844940186 3.09490299224854 -1.06691956520081 -1.40274703502655 3.32401084899902 4.59197187423706 3.99804353713989 1.48294007778168 11.9678001403809 13.1793575286865 5.87716150283813
3.92931079864502 3.9695999622345 4.14284467697144 4.15148735046387 4.19690656661987 4.25073957443237 3.93529772758484 4.3212308883667 4.08799362182617 4.13510942459106 3.80746841430664 4.41183567047119 4.28528928756714 3.53693437576294 7.46544361114502 7.70269203186035 8.30344200134277 8.42720031738281 8.81523418426514 8.86112117767334 7.38857221603394 5.99517345428467 7.49002170562744 17.7634868621826 3.11537599563599 3.96933913230896 4.69508695602417 5.95330572128296 8.06669425964355 4.38026714324951 1.25374114513397 2.29951000213623 3.2857551574707 11.4726648330688 -0.552133798599243 -0.938093245029449 -1.38980960845947 -1.28939366340637 -1.04879939556122 8.48603343963623 6.7419900894165 1.99710643291473 3.66363763809204 8.73030662536621 3.14342570304871
4.03255462646484 4.29603338241577 4.30361747741699 4.20814752578735 4.40316772460938 4.07938718795776 4.47766828536987 4.22316598892212 3.9093165397644 4.2139630317688 4.04852771759033 4.70330095291138 4.57933235168457 3.76843786239624 8.53180122375488 8.99362754821777 9.48250961303711 11.4058389663696 10.0760860443115 9.72415542602539 7.9807562828064 7.88042116165161 11.3280553817749 9.15680980682373 5.06826782226562 5.95855951309204 12.8495216369629 4.81315565109253 7.29905605316162 5.24735116958618 3.21050000190735 2.58095741271973 -0.118613243103027 0.0327569134533405 -0.442605435848236 -0.903276026248932 -1.33765470981598 1.33345913887024 -1.4431084394455 -1.59757483005524 5.64814138412476 -0.889881312847137 -0.950279295444489 4.55321931838989 1.25257110595703
4.25085353851318 4.40088415145874 4.40821409225464 4.56445789337158 4.48106098175049 4.44982242584229 4.58055925369263 4.30291652679443 4.34773921966553 4.01646995544434 5.30775260925293 5.14715051651001 4.3052978515625 11.0035400390625 11.3844776153564 12.2441940307617 12.4086866378784 13.8112573623657 12.9800252914429 10.7745714187622 8.72409629821777 14.2114477157593 2.57470846176147 6.81144285202026 6.79564905166626 6.53674459457397 9.66335010528564 9.77391910552979 9.70562076568604 6.62604331970215 7.17818832397461 1.25818932056427 3.15013074874878 9.20060443878174 19.2154655456543 -0.894842624664307 -0.784305930137634 -1.1943484544754 2.04138708114624 -1.19722425937653 12.7034311294556 6.10847330093384 12.1162805557251 1.38459861278534 5.09512090682983
4.58013391494751 4.58185291290283 4.47920370101929 4.67348194122314 4.33918571472168 4.76226043701172 4.45710182189941 4.12076139450073 4.43567371368408 4.25689601898193 5.74461078643799 5.56518793106079 5.39486455917358 13.3121795654297 17.0932102203369 14.79967212677 21.4676208496094 18.7559509277344 15.1419849395752 12.5181512832642 14.8612480163574 5.46171236038208 14.0588293075562 10.1401653289795 8.43854427337646 4.26740837097168 5.38504457473755 4.78166532516479 9.17393589019775 13.015474319458 6.14731216430664 4.14568758010864 4.04143762588501 -0.0845304057002068 1.88570713996887 15.9221820831299 -0.790680050849915 -1.28049659729004 6.63607168197632 -1.09586584568024 -0.599622905254364 1.35456740856171 -0.762465119361877 5.53570079803467 2.93009042739868
4.69455814361572 4.70022869110107 4.85937166213989 4.77557802200317 4.73111867904663 4.87948560714722 4.28006219863892 4.59426832199097 4.21896457672119 6.62652444839478 6.386070728302 6.11228275299072 20.5434246063232 20.9554500579834 24.6346378326416 22.3756694793701 29.6499767303467 26.0260543823242 20.4014625549316 15.8667650222778 5.82440328598022 7.20304441452026 17.9426879882812 11.1728887557983 9.36766529083252 7.06091547012329 5.7033896446228 5.89612913131714 5.19098329544067 18.2816925048828 7.09460067749023 9.20064640045166 0.977324664592743 12.6684551239014 -0.514287948608398 10.9603052139282 -0.770508587360382 -1.41036140918732 -0.946495532989502 6.62325477600098 -0.74319976568222 -0.461695432662964 -0.069601945579052 15.284592628479 1.77509999275208
4.90113878250122 4.792640209198 4.98430633544922 4.64016389846802 5.09309339523315 4.73787546157837 4.77038812637329 4.36284637451172 7.98514652252197 7.60133409500122 8.05993270874023 9.57463645935059 29.0254802703857 7.82915115356445 16.0476379394531 3.50748372077942 9.32105731964111 32.4212112426758 29.0976600646973 6.26679086685181 6.2647557258606 5.39684152603149 11.5465860366821 12.1356725692749 13.9681510925293 10.197078704834 7.27849149703979 6.96765279769897 3.28522157669067 14.6872053146362 16.3575572967529 7.70764064788818 0.859571099281311 18.5021228790283 0.216279074549675 6.87519884109497 -1.11202573776245 -0.602707862854004 -0.786726951599121 -0.190973296761513 -0.00966257974505424 3.22866225242615 -0.147573992609978 3.39558553695679 2.16312336921692
5.03911828994751 5.19768190383911 5.11698579788208 5.06412839889526 5.23253011703491 4.56288957595825 5.11879587173462 6.35250997543335 8.9910831451416 8.50163745880127 11.3335819244385 2.18608784675598 1.86197400093079 3.11661624908447 0.557295143604279 1.0581967830658 1.03081655502319 4.73570823669434 9.93667411804199 11.6345548629761 7.70473003387451 8.95074653625488 14.8108348846436 13.9778270721436 12.3133029937744 10.850884437561 12.1365518569946 6.70992279052734 5.38067531585693 6.77804756164551 15.5050115585327 16.6355857849121 0.0567922629415989 15.2875671386719 3.70484757423401 -0.656653761863708 -0.191878363490105 -0.467225283384323 -0.151390790939331 1.64452242851257 12.7649631500244 0.406293451786041 7.08453130722046 2.56690168380737 3.87477612495422
5.37364625930786 5.34997177124023 4.98761796951294 5.47624778747559 5.06141185760498 5.08533716201782 5.85102844238281 11.7893381118774 10.8583288192749 4.80513048171997 5.05927133560181 5.58563995361328 11.2030258178711 8.51455116271973 2.70338082313538 1.54696011543274 1.78240251541138 5.99711179733276 8.12315845489502 11.9741306304932 5.44576978683472 7.20323896408081 13.933819770813 10.8862838745117 14.0927219390869 12.1352100372314 15.252025604248 3.90783476829529 7.89704561233521 3.85463786125183 7.80029630661011 23.9297256469727 8.9421854019165 24.650806427002 -0.168173685669899 7.98305130004883 0.343990802764893 1.48323583602905 12.9680957794189 0.363822221755981 0.501261293888092 2.25978851318359 0.579059243202209 3.7616822719574 28.1037178039551
5.60076189041138 5.22397375106812 5.73546409606934 5.27971220016479 4.88427686691284 7.69651985168457 9.49160003662109 14.3210048675537 12.9033555984497 3.0194456577301 2.91608572006226 2.9356791973114 12.5342721939087 2.28591513633728 5.32501888275146 4.77958536148071 1.3276070356369 3.91092371940613 3.49187183380127 3.56473970413208 1.35520243644714 13.0459327697754 24.6725921630859 11.6233205795288 7.14723634719849 6.24609279632568 6.97638416290283 5.63813877105713 8.16701602935791 13.411828994751 2.53078007698059 13.3827705383301 1.22787725925446 20.1658573150635 0.112594686448574 6.5046706199646 1.14950430393219 0.00434360792860389 1.91659140586853 0.69835752248764 0.517517924308777 3.20077586174011 9.88949108123779 12.1960849761963 27.0395736694336
5.77005386352539 5.6955132484436 5.91247081756592 5.42031478881836 5.43767547607422 9.39519214630127 22.7019386291504 21.3443412780762 6.78644132614136 5.42398500442505 3.12631845474243 0.552455246448517 9.28048706054688 4.63842821121216 7.54987955093384 2.30806636810303 -0.355503112077713 4.04476833343506 9.48516654968262 2.27146553993225 2.26683521270752 -0.0798954591155052 5.30892992019653 10.7103805541992 4.01825141906738 12.8160057067871 7.95281028747559 16.0542984008789 20.9225978851318 15.7934732437134 1.62417078018188 1.66451859474182 -0.381643712520599 0.684303939342499 -0.12577049434185 13.9420585632324 0.0865339860320091 0.383272886276245 2.86259150505066 0.63460648059845 17.365795135498 6.92250108718872 13.3604850769043 -0.143917635083199 0.267562299966812
5.63491821289062 6.20283079147339 6.68212270736694 6.43410444259644 14.8237800598145 18.1044750213623 32.4537353515625 20.1246089935303 17.3788261413574 9.68280792236328 4.52074813842773 0.290767997503281 2.77740573883057 2.28950810432434 2.68059372901917 0.910177707672119 -0.634331464767456 13.1996374130249 13.0385303497314 4.28709697723389 1.86265027523041 0.0458579994738102 0.184479743242264 1.39534425735474 1.89168035984039 16.0515117645264 9.30225658416748 27.3175678253174 0.899827420711517 13.4017210006714 6.96021890640259 2.47477245330811 3.53233051300049 4.82899045944214 0.968147933483124 1.46447587013245 0.255595922470093 0.578620254993439 5.83603620529175 3.44261407852173 23.4172420501709 0.485426545143127 0.793105840682983 0.552844941616058 0.225852996110916
