slauniainen/Data/DEM/Vihti_dem1500b_cl_horizonAngle_114.asc
NCOLS 196 
NROWS 178 
XLLCORNER 353680 
YLLCORNER 6699024 
CELLSIZE 16 
NODATA_value -3.4e+38 
[rows 20 to 39 of 178, columns 90 to 134 of 196]
-0.30311518907547 -0.265802770853043 -0.241257220506668 -0.230382785201073 -0.239241287112236 -0.258473783731461 -0.271097332239151 -0.278393864631653 -0.270982265472412 -0.254778653383255 -0.194010555744171 -0.143243759870529 -0.0847513154149055 -0.0244025513529778 0.0512832030653954 0.0839507207274437 0.136519700288773 0.196388468146324 0.296416491270065 0.368181586265564 0.434679865837097 0.487079560756683 0.507684588432312 0.476012647151947 0.471594393253326 0.473038971424103 0.382134318351746 0.2911436855793 0.215817660093307 0.161260142922401 0.24361826479435 0.356060653924942 0.19364370405674 0.237727597355843 0.340236604213715 0.49281120300293 0.782570719718933 0.789778053760529 1.57752525806427 0.0735554099082947 0.11442494392395 0.119668066501617 0.253181308507919 0.3879214823246 0.209663614630699
-0.211452290415764 -0.160959973931313 -0.124716036021709 -0.108759932219982 -0.121126241981983 -0.148388043045998 -0.17854879796505 -0.210902273654938 -0.203633338212967 -0.190304547548294 -0.123939290642738 -0.063914567232132 0.00774119049310684 0.0843050703406334 0.10414656996727 0.127832800149918 0.148365348577499 0.197882547974586 0.259390354156494 0.309311360120773 0.384199231863022 0.447497010231018 0.498235404491425 0.522460103034973 0.565491855144501 0.603391528129578 0.556976616382599 0.558409154415131 0.471831411123276 0.404325693845749 0.338370859622955 0.301298379898071 0.370997816324234 0.520597636699677 0.28053405880928 0.533530592918396 0.87531191110611 1.64361655712128 0.077358677983284 0.0520264022052288 0.0598860904574394 0.140950098633766 0.159302696585655 0.188636317849159 0.637093782424927
-0.103901825845242 -0.0609528720378876 -0.020330373197794 -0.000201211616513319 0.00138418178539723 0.000566296570468694 -0.031182462349534 -0.0944428741931915 -0.107641540467739 -0.0856050029397011 -0.0284117292612791 0.0206007324159145 0.0842859148979187 0.118822321295738 0.156995937228203 0.185845926403999 0.198099538683891 0.233737394213676 0.256794273853302 0.279093563556671 0.324329227209091 0.383565306663513 0.454584062099457 0.503359913825989 0.549908757209778 0.60160630941391 0.658244371414185 0.711318910121918 0.699674785137177 0.740630865097046 0.623078882694244 0.505225658416748 0.494183957576752 0.402052044868469 0.632426261901855 1.07530868053436 0.996055424213409 0.606033742427826 0.0116592394188046 0.0452333465218544 0.0602484159171581 0.0849619135260582 0.10552529245615 0.202803269028664 0.475684434175491
0.0280327163636684 0.0483183339238167 0.0644857734441757 0.0899367704987526 0.114469692111015 0.137889251112938 0.0919441431760788 0.0507945008575916 0.0693486258387566 0.0207094457000494 0.0696593075990677 0.108425974845886 0.148297250270844 0.163224428892136 0.200437217950821 0.201377362012863 0.233510583639145 0.249746486544609 0.271842688322067 0.27923572063446 0.302751123905182 0.344282329082489 0.395846754312515 0.45943757891655 0.5175661444664 0.547757267951965 0.617412626743317 0.694971561431885 0.799202740192413 0.900223672389984 0.897946834564209 0.902648687362671 0.722092568874359 0.787591457366943 0.84710031747818 0.692940533161163 2.11021590232849 2.14917636185419e-05 0.0699034184217453 0.0806035026907921 0.0669424831867218 0.0673365816473961 0.0663059502840042 0.108868613839149 0.160946354269981
0.178455755114555 0.170716598629951 0.160771504044533 0.182833760976791 0.221765205264091 0.24317654967308 0.225330710411072 0.245358720421791 0.2535540163517 0.195749685168266 0.215007960796356 0.217757031321526 0.21980407834053 0.212473645806313 0.237557157874107 0.231328412890434 0.254194736480713 0.263474613428116 0.280822783708572 0.298743814229965 0.327899724245071 0.329562157392502 0.353306531906128 0.400996714830399 0.44594007730484 0.493328899145126 0.553147494792938 0.650961518287659 0.754766762256622 0.861993134021759 0.977792680263519 1.07700395584106 1.07481098175049 1.19602143764496 1.16825211048126 1.49372434616089 0.650038123130798 0.461734622716904 0.31748703122139 0.157070860266685 0.115675784647465 0.0422200299799442 0.0743116661906242 0.109948515892029 0.120850294828415
0.374981999397278 0.359549403190613 0.27666774392128 0.299473345279694 0.337213724851608 0.336732774972916 0.371171981096268 0.412715196609497 0.389847546815872 0.376318275928497 0.363172441720963 0.330717086791992 0.322180330753326 0.320180892944336 0.272330194711685 0.258904337882996 0.275141030550003 0.301613599061966 0.320965558290482 0.344748377799988 0.350266814231873 0.336356222629547 0.359137058258057 0.36173889040947 0.406529933214188 0.451198130846024 0.480660289525986 0.565472066402435 0.67017388343811 0.784801661968231 0.906489074230194 0.995828747749329 1.13662469387054 1.26910662651062 1.40452754497528 1.42284429073334 1.28999280929565 1.14688050746918 1.04038870334625 0.777177333831787 0.573436617851257 0.0335710644721985 0.0314671210944653 0.071766696870327 0.143911778926849
0.567954361438751 0.514910757541656 0.467062830924988 0.457036077976227 0.429727494716644 0.439156323671341 0.442713379859924 0.489691495895386 0.483144730329514 0.488916128873825 0.501531004905701 0.481906145811081 0.472367197275162 0.438589185476303 0.406467020511627 0.387345403432846 0.37052795290947 0.400014281272888 0.435963571071625 0.464278966188431 0.454491347074509 0.399663776159286 0.37204185128212 0.367732793092728 0.421931207180023 0.419651240110397 0.495350390672684 0.495378732681274 0.592261791229248 0.664628505706787 0.767970979213715 0.910007834434509 1.04218184947968 1.18092930316925 1.3347110748291 1.50794947147369 1.60020649433136 1.9171040058136 1.85375392436981 2.0095911026001 1.52823376655579 0.818900585174561 -0.0280087552964687 0.0465615652501583 0.151930078864098
0.677033126354218 0.648998200893402 0.656435251235962 0.595079779624939 0.574316561222076 0.600089251995087 0.590792298316956 0.555243074893951 0.558338344097137 0.567897737026215 0.612818360328674 0.647755265235901 0.634201109409332 0.587482929229736 0.577532112598419 0.565804660320282 0.547810196876526 0.551632881164551 0.555485486984253 0.565119624137878 0.558018624782562 0.538546144962311 0.519708812236786 0.478180587291718 0.440498352050781 0.438507676124573 0.492843478918076 0.557835936546326 0.523661673069 0.615866780281067 0.660135567188263 0.73611718416214 0.878227353096008 0.975945353507996 1.21836161613464 1.40732026100159 1.63292872905731 1.90616858005524 2.39070582389832 2.87441349029541 2.10595989227295 0.842562258243561 -0.109104447066784 -0.0688170045614243 -0.000849000411108136
0.805275499820709 0.723957359790802 0.762600541114807 0.727812647819519 0.767079412937164 0.78187096118927 0.693770945072174 0.644269645214081 0.626438319683075 0.648615539073944 0.720863938331604 0.762827277183533 0.777975857257843 0.764506578445435 0.739720940589905 0.73440021276474 0.752963364124298 0.703052580356598 0.703791856765747 0.691419899463654 0.683944761753082 0.679129064083099 0.675209105014801 0.684656918048859 0.721857488155365 0.717173755168915 0.69840794801712 0.661551415920258 0.642940104007721 0.741532921791077 0.666782975196838 0.648381114006042 0.717120051383972 0.802973985671997 0.998560428619385 1.09218525886536 1.47032344341278 1.73125815391541 2.21607875823975 2.51362752914429 1.95072674751282 0.633769571781158 -0.197678804397583 -0.155674576759338 -0.0969972386956215
0.845729947090149 0.84209543466568 0.889367043972015 0.802466869354248 0.837154865264893 0.864831805229187 0.81900680065155 0.813064754009247 0.735418736934662 0.713729798793793 0.76011449098587 0.802030444145203 0.818187236785889 0.85850065946579 0.866872906684875 0.868221819400787 0.84977400302887 0.790466964244843 0.819899141788483 0.833761751651764 0.971853494644165 0.919048488140106 0.987836301326752 1.02094841003418 1.04311561584473 1.05015218257904 1.06478846073151 1.05557608604431 1.09963929653168 1.01135694980621 0.839925110340118 0.898621737957001 0.720909893512726 0.757179737091064 0.831488847732544 0.871953904628754 1.08338344097137 1.35856580734253 1.79709577560425 2.13021445274353 2.25288271903992 1.18646645545959 0.173840209841728 -0.225770696997643 -0.193490192294121
0.818098247051239 0.883154213428497 0.929277539253235 0.928398609161377 0.96347975730896 0.991594016551971 0.879496276378632 0.904069840908051 0.85233610868454 0.852503538131714 0.813025534152985 0.845779120922089 0.885560691356659 0.943876683712006 0.979834020137787 0.978493809700012 0.978353381156921 0.988269686698914 1.01465857028961 1.05910861492157 1.16148149967194 1.30753207206726 1.42666172981262 1.48855566978455 1.49918568134308 1.4799108505249 1.51028108596802 1.6272314786911 1.69097983837128 1.74733769893646 1.30023944377899 1.10682487487793 0.908834517002106 1.02665376663208 0.73065847158432 0.727138638496399 0.734962284564972 1.07578504085541 1.264897108078 1.37028443813324 2.3067421913147 0.937305212020874 0.87101423740387 -0.233540192246437 -0.241699561476707
0.85153466463089 0.858140170574188 0.886201500892639 0.954038918018341 0.991645693778992 1.02319955825806 1.00851202011108 1.03199088573456 0.905851483345032 0.937704741954803 0.912998139858246 0.931447446346283 0.916775763034821 0.985636353492737 1.08885765075684 1.21536803245544 1.26090335845947 1.30760753154755 1.29526317119598 1.33277642726898 1.51985085010529 1.77193665504456 2.00071263313293 2.1688711643219 2.24144339561462 2.20834112167358 2.11952710151672 2.19845294952393 2.27335262298584 1.91743564605713 1.75344717502594 1.77283656597137 1.32724058628082 1.10715711116791 0.912491917610168 0.718524158000946 0.709845125675201 0.749267756938934 0.986022472381592 0.913765668869019 1.42325520515442 1.02402317523956 0.88915091753006 0.237497970461845 -0.0570454001426697
0.8001429438591 0.878318786621094 0.892168998718262 0.896075010299683 0.925144791603088 0.958320736885071 1.03182542324066 1.06057834625244 1.03826522827148 1.06179487705231 0.951357424259186 1.01246178150177 0.993349850177765 1.04346978664398 1.19833934307098 1.39411556720734 1.47217762470245 1.51945805549622 1.51129746437073 1.64047956466675 1.92222392559052 2.54594945907593 3.08298373222351 3.16122937202454 3.23876070976257 3.06375002861023 2.84591841697693 2.99516177177429 3.09530830383301 2.72956037521362 2.36501955986023 1.96651875972748 1.78044748306274 1.84309124946594 1.34632992744446 1.18449223041534 1.09881830215454 0.89445549249649 0.779999256134033 0.784732937812805 0.75664085149765 0.853396356105804 0.683655858039856 0.443611770868301 0.208787977695465
0.898276686668396 0.932170510292053 1.04759502410889 0.897430181503296 0.906911432743073 0.936181247234344 0.953750312328339 0.984405338764191 1.05590283870697 1.08673238754272 1.07154881954193 1.1206636428833 1.01720011234283 1.06759691238403 1.19045674800873 1.42357563972473 1.53365564346313 1.58902585506439 1.67042911052704 1.90469944477081 2.34301900863647 3.26817750930786 3.47195839881897 3.54558730125427 3.50238227844238 3.35468244552612 3.37059140205383 3.21949982643127 3.25248408317566 3.17953085899353 3.22920918464661 2.839191198349 2.45547580718994 2.04269862174988 1.84285593032837 1.89100217819214 1.95966446399689 1.45343196392059 1.21482992172241 0.992287755012512 0.89941269159317 0.866999387741089 0.725463926792145 0.536108672618866 0.454292088747025
1.07973623275757 1.17142295837402 1.33699798583984 0.963926136493683 0.813120663166046 0.827475309371948 0.931198000907898 0.954013764858246 0.972185730934143 1.01113569736481 1.09084832668304 1.12391328811646 1.11698591709137 1.18119335174561 1.24239671230316 1.33072173595428 1.47972190380096 1.56870234012604 1.76662147045135 2.04317355155945 2.63624095916748 3.2422239780426 3.55462408065796 3.63150930404663 3.66622352600098 3.66926789283752 3.63076519966125 3.48572874069214 3.51253056526184 3.36415004730225 3.40789222717285 3.33438229560852 3.39164400100708 2.94176888465881 2.53245091438293 2.59643030166626 2.18430805206299 1.99751675128937 2.07122778892517 1.53261435031891 1.27324116230011 1.02139019966125 1.01323640346527 0.732884764671326 0.61264568567276
1.50562763214111 1.57947587966919 1.22648465633392 1.02738058567047 0.934854745864868 0.913191378116608 0.815656960010529 0.833570063114166 0.944163739681244 0.979278981685638 1.00552594661713 1.03686141967773 1.12192571163177 1.17275202274323 1.24084413051605 1.25136029720306 1.36637771129608 1.51566863059998 1.74316596984863 2.07818984985352 2.68299245834351 3.08936214447021 3.42122554779053 3.5884096622467 3.67816281318665 3.75718450546265 3.7964174747467 3.82511830329895 3.80047297477722 3.66670203208923 3.73706769943237 3.86239695549011 3.67046499252319 3.48918104171753 3.50637769699097 3.63606786727905 3.17556738853455 2.75739789009094 2.29076313972473 2.11626100540161 2.18743991851807 1.58962500095367 1.30280697345734 1.02983641624451 0.766687095165253
1.64497470855713 1.75520193576813 1.30395913124084 0.97452849149704 1.08526909351349 1.06744289398193 0.909264206886292 0.779333472251892 0.821327984333038 0.849840700626373 0.978403508663177 1.02067470550537 1.03830468654633 1.070552110672 1.12221777439117 1.25781607627869 1.30709540843964 1.44629001617432 1.67902004718781 2.03321886062622 2.50643229484558 2.94365382194519 3.22866177558899 3.45560741424561 3.54954242706299 3.714688539505 3.81290793418884 3.91369652748108 3.97232604026794 4.03594732284546 4.18986463546753 4.17847442626953 4.0220046043396 4.08493757247925 3.85329365730286 3.86563515663147 3.76927089691162 3.84100985527039 3.35356020927429 2.92905807495117 2.41592192649841 2.20781803131104 2.27871227264404 1.6224273443222 1.44580495357513
1.49462652206421 1.62365913391113 1.50759339332581 1.13634645938873 0.983506262302399 0.938470363616943 0.946776509284973 0.787200510501862 0.709431350231171 0.73303234577179 0.844204604625702 0.891517698764801 1.02285969257355 1.05662024021149 1.08746922016144 1.13037121295929 1.19540023803711 1.3604633808136 1.62108051776886 1.92323756217957 2.34927320480347 2.73204874992371 3.01901698112488 3.23485159873962 3.34310841560364 3.57139492034912 3.66951560974121 3.85350060462952 3.98433899879456 4.1173357963562 4.27813053131104 4.36186361312866 4.44300508499146 4.41926050186157 4.25784397125244 4.36838626861572 4.04917860031128 4.11556577682495 3.96731567382812 4.05971336364746 3.52132320404053 3.0591094493866 2.51833987236023 2.30552291870117 2.39990830421448
1.57334697246552 1.3685644865036 1.38522052764893 1.19429790973663 0.767581701278687 0.710232853889465 0.775448799133301 0.70052695274353 0.683789670467377 0.704391717910767 0.743365705013275 0.792202055454254 0.8991739153862 0.933646142482758 0.97015380859375 1.08259201049805 1.14286863803864 1.30169987678528 1.51152837276459 1.79448592662811 2.17687106132507 2.48386764526367 2.7530038356781 2.94431376457214 3.12368702888489 3.3451554775238 3.45876407623291 3.69831442832947 3.82340359687805 4.03472185134888 4.19039726257324 4.36548233032227 4.51928758621216 4.60888147354126 4.7547287940979 4.70642805099487 4.4702262878418 4.60294055938721 4.35122919082642 4.33947515487671 4.16984701156616 4.26956844329834 3.69083309173584 3.24168419837952 3.35664486885071
1.42382514476776 1.35194492340088 1.09888744354248 1.02266585826874 0.722054123878479 0.718713939189911 0.749004483222961 0.734776675701141 0.725082039833069 0.706307709217072 0.732316493988037 0.791595160961151 0.838286399841309 0.937479794025421 0.964401364326477 1.05074632167816 1.10014033317566 1.28206694126129 1.47899329662323 1.75438737869263 2.00888776779175 2.28913116455078 2.53908634185791 2.64964485168457 2.84399843215942 3.05011105537415 3.24070191383362 3.4649829864502 3.59579682350159 3.86848545074463 4.02026891708374 4.18359184265137 4.41428136825562 4.63168334960938 4.83214044570923 4.91595315933228 4.93300628662109 4.86660528182983 4.63435935974121 4.89371156692505 5.01303577423096 4.61156463623047 4.35235834121704 4.50425672531128 4.68720197677612
