slauniainen/Data/DEM/Vihti_dsm1500b_cl_horizonAngle_294.asc
NCOLS 196 
NROWS 178 
XLLCORNER 353680 
YLLCORNER 6699024 
CELLSIZE 16 
NODATA_value -3.4e+38 
[rows 80 to 99 of 178, columns 45 to 89 of 196]
2.92635774612427 2.27277255058289 1.93894994258881 3.0473997592926 2.90666127204895 2.77988743782043 2.21940684318542 1.71306800842285 1.1433767080307 1.15124022960663 1.55884540081024 1.74077725410461 1.74089348316193 2.0128390789032 1.95075297355652 1.98403108119965 2.25618577003479 2.88279747962952 2.80212759971619 2.78633522987366 3.18656730651855 3.02940845489502 2.67503976821899 1.29588055610657 1.28561019897461 1.79647815227509 2.05486965179443 0.310926049947739 2.19896554946899 24.7713165283203 8.96037101745605 12.1649036407471 9.71503257751465 9.83662414550781 8.37777900695801 5.61053943634033 4.95933771133423 4.45902490615845 2.09777450561523 1.82201850414276 1.24727725982666 0.781835615634918 0.644114017486572 10.2362327575684 8.05272483825684
3.87134981155396 3.02715301513672 2.58753108978271 2.49634146690369 1.95454728603363 1.67464864253998 2.65349626541138 2.5493745803833 2.0218026638031 1.53315651416779 1.06561076641083 1.05303382873535 1.45528972148895 1.39153170585632 1.62845468521118 1.88815212249756 1.82055342197418 1.83240866661072 2.07395529747009 2.04769802093506 2.62957954406738 2.60244607925415 2.94139337539673 2.80145788192749 2.55268836021423 1.56608259677887 1.83318150043488 1.69974505901337 1.37460899353027 11.4867687225342 9.85774993896484 7.86880397796631 6.0841703414917 6.99895429611206 6.8647837638855 6.72389984130859 3.60642838478088 11.3320026397705 3.76130962371826 2.63268613815308 1.32458662986755 1.2243674993515 0.968010485172272 17.9687252044678 14.0912590026855
4.66145038604736 3.66036701202393 3.4904887676239 3.37171077728271 2.61677598953247 2.29100728034973 1.77659296989441 1.50506889820099 2.38189697265625 2.29414129257202 1.82778656482697 1.40090596675873 1.03258919715881 1.00271165370941 1.36179947853088 1.30938363075256 1.51475930213928 1.48070895671844 1.69258487224579 1.64406073093414 1.66618967056274 1.92609918117523 2.46510553359985 2.44205093383789 2.79886960983276 2.71505975723267 1.143967628479 1.18827688694 1.1439174413681 1.04216659069061 0.930626034736633 5.73293542861938 5.86559295654297 5.64258289337158 5.24668884277344 5.11556100845337 5.22952604293823 4.19484281539917 3.59559869766235 1.70300757884979 0.733127951622009 17.3882846832275 21.7862434387207 10.1672115325928 16.3536224365234
4.11517858505249 4.30246496200562 4.09655666351318 2.78833341598511 3.16595244407654 3.03161287307739 2.30795741081238 2.04001903533936 1.60479402542114 1.39001226425171 2.21132850646973 2.13708877563477 1.69165217876434 1.28530645370483 0.963979303836823 0.946676075458527 1.26654505729675 1.1963278055191 1.32403361797333 1.36748170852661 1.59872889518738 1.55116140842438 1.56656742095947 1.81825578212738 2.33119821548462 2.23100876808167 0.752176940441132 0.575203835964203 0.398789942264557 0.361957728862762 0.868947088718414 0.879407584667206 2.16431760787964 4.7328634262085 4.99139547348022 4.55945539474487 3.7046172618866 3.95492482185364 4.04694271087646 1.2307243347168 5.33395481109619 15.8768177032471 13.1539068222046 11.9881200790405 7.468909740448
6.62714815139771 6.1257495880127 5.76101160049438 3.81361889839172 3.60592699050903 2.8602921962738 2.85917067527771 2.77941560745239 2.14518666267395 1.91098296642303 1.48787200450897 1.26475465297699 2.00692319869995 1.94593489170074 1.8819260597229 1.48688590526581 1.12850165367126 0.883128225803375 0.8153977394104 1.12589645385742 1.22576594352722 1.27257168292999 1.512127161026 1.46494936943054 1.44436550140381 1.61986136436462 1.56164717674255 0.464450061321259 0.38522732257843 0.207504436373711 0.0485731475055218 0.0269289407879114 1.83373022079468 4.58534574508667 3.30703711509705 4.01437377929688 3.85893893241882 3.46454215049744 3.03278684616089 2.88633108139038 3.16775155067444 3.94479417800903 8.29271602630615 1.16213762760162 14.4328870773315
7.12557315826416 6.6533317565918 5.79388809204102 5.10872554779053 4.87984561920166 3.32998299598694 3.19570422172546 3.08894777297974 2.62068390846252 2.53491187095642 1.93549644947052 1.73837316036224 1.69386410713196 1.31644177436829 1.11439728736877 1.79941928386688 1.74626338481903 1.37957143783569 1.04664373397827 0.764776051044464 0.637346506118774 1.02245080471039 0.976367712020874 1.16008162498474 1.13451409339905 0.722738325595856 -0.249131709337234 34.8635520935059 0.315442949533463 0.210620865225792 0.0666161477565765 -0.0317767262458801 1.41073632240295 2.98183822631836 3.02280211448669 2.46959733963013 1.87105858325958 1.40346002578735 2.76686930656433 2.29039549827576 2.00579380989075 1.98191595077515 1.74917161464691 10.6228523254395 1.953782081604
3.5183367729187 3.71963667869568 5.90602827072144 5.5735068321228 4.93090963363647 4.42779111862183 4.10671234130859 2.5786554813385 2.85574841499329 2.76840376853943 2.42097735404968 2.3442747592926 2.27629995346069 1.73596262931824 1.56850528717041 1.21983921527863 1.04053020477295 1.69801950454712 1.66012895107269 1.29755342006683 0.938736498355865 0.492767184972763 0.409869700670242 0.327652722597122 0.247062459588051 22.798755645752 -0.0931535437703133 9.49249458312988 7.29264640808105 23.6825542449951 0.0792354643344879 -0.00793285015970469 -0.0714778453111649 1.00612008571625 2.52967762947083 2.1182918548584 1.57157921791077 1.26293063163757 0.865817427635193 0.780217945575714 1.75797486305237 1.48721742630005 1.44566416740417 1.68384456634521 0.32931524515152
3.28924322128296 3.52032351493835 2.21867108345032 3.19368982315063 5.01691961288452 4.78717708587646 4.29637575149536 3.81795883178711 3.62213063240051 2.36332106590271 2.63105583190918 2.55125761032104 1.84938454627991 2.19775462150574 2.13201403617859 1.62138700485229 1.4915497303009 1.16713118553162 0.966384708881378 1.51196932792664 1.43899297714233 1.09366726875305 0.7219358086586 0.216124966740608 -0.156562343239784 -0.530301928520203 -0.655685067176819 19.2116584777832 17.8547916412354 11.0481548309326 3.73379421234131 18.2931976318359 -0.0768381804227829 -0.178592279553413 1.08948874473572 3.7911274433136 2.06691527366638 0.956269502639771 0.559843003749847 0.65779721736908 0.553936719894409 0.511454582214355 1.17953145503998 3.09336161613464 0.0462141260504723
2.64160108566284 1.45918464660645 3.12678551673889 2.26469421386719 1.41580700874329 1.29988348484039 4.32903051376343 4.13849496841431 3.61212372779846 3.26498818397522 3.1578164100647 3.06184148788452 2.40896439552307 2.34399938583374 1.97631084918976 2.060715675354 1.99648153781891 1.49119138717651 1.299525141716 0.968282341957092 0.794291973114014 1.33985888957977 1.16049432754517 1.00331950187683 0.222922474145889 6.72515726089478 -0.289048701524734 16.1880779266357 10.7970752716064 6.08857822418213 9.96881294250488 3.06254148483276 21.0446033477783 4.35839462280273 -0.244972467422485 3.5173704624176 3.11685657501221 1.16821193695068 0.185616925358772 -0.248562723398209 -0.352191209793091 0.358350574970245 1.09586584568024 -0.628713965415955 22.2070636749268
2.47793555259705 1.72054004669189 2.46855473518372 2.74895238876343 1.87032914161682 1.31104743480682 1.13885974884033 1.07698905467987 3.78605771064758 3.61542367935181 3.47469401359558 3.02494692802429 2.76371908187866 2.69820976257324 2.15670466423035 2.09513449668884 2.00930643081665 1.80398190021515 1.76461732387543 1.29758453369141 1.14499616622925 1.07744896411896 0.748768270015717 0.48139163851738 1.03726875782013 -0.128333210945129 40.2254829406738 -0.614261627197266 23.5145740509033 20.7349433898926 8.02739238739014 4.84522867202759 8.51230907440186 1.42196428775787 -0.36869204044342 26.4127063751221 2.56257009506226 3.05301570892334 1.52162957191467 -0.455725491046906 -0.538739383220673 -0.563085794448853 1.76598703861237 -0.0883385092020035 7.10336065292358
1.74683952331543 1.8964741230011 2.17280220985413 1.45166456699371 4.08391618728638 1.31965363025665 1.13298845291138 1.04650223255157 0.967386186122894 0.893483757972717 2.21912002563477 3.18383836746216 3.07626676559448 2.65827822685242 2.44575834274292 2.37183451652527 1.61123967170715 1.84065961837769 1.7566956281662 1.61622929573059 1.54751086235046 1.46809196472168 1.00650084018707 0.875561118125916 0.600435853004456 0.466247648000717 0.984729409217834 20.7571601867676 2.10198330879211 25.6193771362305 14.2874689102173 -0.879598200321198 23.3930988311768 0.795810461044312 9.57341289520264 4.93739414215088 11.299280166626 4.31257104873657 -0.0285947415977716 23.8173809051514 -0.594686388969421 -0.421797543764114 1.57323908805847 -0.663982331752777 -0.881760478019714
1.55706357955933 1.59162557125092 1.01811015605927 0.842115342617035 2.06085801124573 4.80762958526611 1.14808833599091 0.985100984573364 0.826962649822235 0.756316006183624 0.690800666809082 0.672557353973389 1.95470118522644 2.78515720367432 2.70929050445557 2.33122158050537 2.1166570186615 2.02666401863098 1.3355747461319 1.55047416687012 1.49261033535004 1.02520382404327 1.31894648075104 1.26748669147491 0.966598629951477 0.820855438709259 0.572755098342896 0.442468732595444 0.94240939617157 5.95861721038818 10.1942510604858 2.12081098556519 27.6194095611572 9.73973560333252 4.59962558746338 2.52979516983032 4.27747344970703 5.65740203857422 2.13754224777222 17.1589260101318 8.82715320587158 6.11799144744873 1.93399822711945 5.46666812896729 -0.475384682416916
1.58192050457001 1.39290654659271 2.33062219619751 0.965697288513184 1.44154870510101 4.05900287628174 1.49906587600708 0.818881571292877 0.801333844661713 0.715503811836243 0.6333367228508 0.582830429077148 0.534483551979065 0.469089329242706 0.434689670801163 2.42764711380005 2.34186458587646 1.96197986602783 1.75179779529572 1.67144870758057 1.60275793075562 1.32144463062286 1.26958322525024 1.05248999595642 1.5444643497467 1.22339391708374 0.85686206817627 0.793848037719727 0.547898054122925 -0.286210536956787 11.3435335159302 19.9966735839844 1.91748225688934 17.8826160430908 4.92563486099243 3.16411924362183 2.67910146713257 0.838805377483368 0.103390879929066 20.9316005706787 6.65148019790649 4.59297657012939 5.09751987457275 5.03104448318481 4.90492677688599
1.59971988201141 -0.999165117740631 36.4870185852051 3.09069180488586 1.88624000549316 1.02692461013794 0.893644750118256 0.631183743476868 0.599504828453064 0.952532351016998 0.525411128997803 0.470515042543411 0.42547008395195 0.36228334903717 0.325884073972702 0.287420392036438 0.26288378238678 2.08172798156738 1.99834477901459 1.91354858875275 1.57850229740143 1.44798731803894 1.40667366981506 1.17768561840057 1.15388143062592 3.20025873184204 1.18494963645935 1.16844093799591 0.816992044448853 -0.419122606515884 11.1559734344482 19.7865505218506 9.42774391174316 2.25356101989746 11.3583688735962 5.03445863723755 2.07129192352295 11.042519569397 1.54210233688354 12.6668500900269 9.9028902053833 7.45513963699341 4.62657070159912 4.31747579574585 4.97702360153198
0.788304328918457 -0.47514745593071 -1.0098067522049 36.7047348022461 13.6461133956909 1.40077018737793 0.596216082572937 0.439218789339066 0.369808614253998 0.734778761863708 1.00035715103149 0.369262248277664 0.32094070315361 0.26667046546936 0.232197999954224 0.190799295902252 0.162152603268623 0.128748640418053 0.100610077381134 1.20292091369629 1.71710765361786 1.705601811409 1.43647468090057 1.31610369682312 1.29301059246063 1.61280989646912 2.90398859977722 0.0686489939689636 38.6225166320801 0.345586270093918 1.12063920497894 19.4037609100342 9.84434986114502 1.85069954395294 1.20683991909027 12.6985149383545 1.26163625717163 0.0094286035746336 5.79026126861572 27.072790145874 6.80453252792358 5.74745082855225 6.61106967926025 5.88833379745483 -0.606850862503052
-1.58845782279968 5.79191637039185 -1.39746165275574 48.2593231201172 17.9600830078125 13.3052196502686 7.8781909942627 0.251212745904922 0.169627770781517 0.227102607488632 1.25723600387573 0.923416256904602 0.363292902708054 0.190788447856903 0.147239953279495 0.111597292125225 0.078749306499958 0.0478252694010735 0.032488189637661 0.00340214604511857 -0.0124033838510513 1.16018128395081 1.96658134460449 1.62286937236786 1.37278938293457 1.59551584720612 0.744250595569611 -0.0555314645171165 34.778434753418 19.4396533966064 13.9991588592529 9.30274391174316 3.09886646270752 9.134446144104 4.40670680999756 6.06961679458618 6.8319878578186 -0.880197703838348 0.399299442768097 28.2891941070557 14.598105430603 11.5948619842529 5.48779392242432 -0.0649920627474785 9.57936096191406
4.96453619003296 -1.92316854000092 -2.09831357002258 19.386999130249 49.3836326599121 19.4880523681641 8.93770408630371 7.37529897689819 5.12319898605347 -0.00916488748043776 0.83241856098175 1.09986686706543 0.722213268280029 0.0942014306783676 0.0564464144408703 0.0345525518059731 0.010564498603344 0.0063117309473455 0.189427778124809 0.000630035588983446 -0.0207103211432695 1.0205682516098 2.12560367584229 2.08282256126404 1.74808716773987 1.76443016529083 1.84768784046173 0.865878462791443 15.4784784317017 17.1971492767334 12.7879590988159 5.31830835342407 3.14584517478943 22.4761390686035 2.70826196670532 3.22959399223328 2.94623947143555 3.09225082397461 4.13878965377808 11.9297657012939 15.9002199172974 12.4305562973022 2.30880641937256 15.357460975647 0.793295383453369
14.4732065200806 -1.3339866399765 2.92766332626343 8.75547504425049 11.9997148513794 45.2115669250488 20.0204277038574 11.3590688705444 5.61625242233276 4.89934539794922 3.7144091129303 3.44761776924133 0.723251283168793 -0.0545322149991989 0.398589760065079 0.476722538471222 0.18560291826725 0.322531789541245 0.625115096569061 0.329443722963333 0.35225573182106 1.24341833591461 1.96940577030182 2.3056206703186 2.16264343261719 1.86177909374237 1.61116206645966 1.58155620098114 1.00742697715759 0.371540129184723 32.5726547241211 0.13375261425972 33.0044326782227 -1.16843438148499 47.6388397216797 5.42468023300171 2.05666971206665 3.1466019153595 2.83578491210938 3.34664797782898 -1.31802725791931 -0.524702310562134 23.5420970916748 5.11352443695068 8.25651931762695
3.39569067955017 4.12959766387939 1.43605649471283 8.0795431137085 1.73374319076538 14.4622526168823 43.3308715820312 17.2533740997314 11.7999782562256 7.89135265350342 3.91807246208191 3.47174787521362 3.21834635734558 2.67951226234436 0.849408388137817 0.549772381782532 0.431973963975906 0.413738340139389 1.15478765964508 1.30414962768555 1.59372770786285 1.63120937347412 1.77126586437225 2.01921916007996 1.86478686332703 1.76005113124847 1.57024598121643 1.3014110326767 1.09227466583252 1.44084274768829 5.83605337142944 12.19065284729 -0.624300241470337 -1.66881239414215 60.917896270752 24.09739112854 19.2928943634033 5.59786081314087 -1.06065058708191 -1.80355381965637 19.3578662872314 28.0623607635498 10.0256042480469 11.0446357727051 7.84304618835449
-1.82034385204315 19.6260089874268 -1.14788269996643 -1.9586638212204 -2.00487589836121 16.1354465484619 45.6298561096191 22.2761287689209 16.5236129760742 10.7307577133179 8.01688289642334 5.69459676742554 5.19062852859497 2.67565035820007 2.5723249912262 2.22129607200623 0.631521046161652 0.993515372276306 1.56371128559113 1.8575564622879 2.53518581390381 2.24334859848022 1.75736260414124 1.62952566146851 1.52410089969635 1.37719476222992 1.3163480758667 1.17182803153992 0.989851057529449 -0.602256834506989 26.9094982147217 1.11045968532562 -0.980320274829865 -1.58560252189636 24.970630645752 51.7157974243164 31.1127128601074 3.41074538230896 1.11505687236786 32.0390281677246 11.2958583831787 23.3629665374756 15.824257850647 20.2644290924072 2.43551588058472
