slauniainen/Data/DEM/Vihti_distance_to_downstream.asc
ncols         196
nrows         178
xllcorner     353680
yllcorner     6699024
cellsize      16
NODATA_value  -9999
[rows 93 to 123 of 178, columns 70 to 139 of 196]
-9999 -9999 -9999 -9999 -9999 -9999 -9999 -9999 -9999 -9999 -9999 -9999 488.9016 559.5289 389.0193 373.0193 357.0193 350.3919 289.1371 250.5097 234.5097 227.8822 234.5097 241.1371 90.50967 67.88225 61.25484 45.25483 16 0 0 16 32 48 64 93.25484 109.2548 109.2548 373.0193 366.3919 386.2741 392.9016 386.2741 392.9016 399.529 424.9016 418.2741 424.9016 382.3919 343.7645 327.7645 343.7645 359.7645 375.7645 391.7645 407.7645 488.9016 472.9016 456.9016 440.9016 424.9016 408.9016 392.9016 376.9016 360.9016 344.9016 328.9016 322.2741 315.6467 309.0193
-9999 -9999 -9999 -9999 -9999 -9999 -9999 -9999 -9999 -9999 -9999 -9999 472.9016 479.529 395.6467 366.3919 350.3919 334.3919 327.7645 266.5096 250.5097 257.1371 250.5097 257.1371 90.50967 83.88226 54.62742 38.62742 22.62742 16 0 22.62742 38.62742 54.62742 70.62742 86.62742 86.62742 115.8823 115.8823 131.8822 415.529 495.529 479.529 463.529 447.529 440.9016 289.1371 405.0193 343.7645 327.7645 311.7645 305.1371 311.7645 327.7645 343.7645 359.7645 495.529 479.529 463.529 447.529 431.529 415.529 399.529 370.2741 354.2741 338.2741 322.2741 306.2741 299.6467 293.0193
-9999 -9999 -9999 -9999 -9999 -9999 -9999 -9999 -9999 -9999 -9999 -9999 456.9016 450.2741 434.2741 373.0193 343.7645 327.7645 311.7645 295.7645 279.7645 273.1371 266.5096 109.2548 93.25484 77.25484 61.25484 45.25483 38.62742 22.62742 0 0 16 32 48 64 93.25484 93.25484 109.2548 138.5097 150.6274 334.3919 318.3919 302.3919 286.3919 279.7645 273.1371 266.5097 259.8823 289.1371 295.7645 289.1371 295.7645 302.3919 318.3919 334.3919 502.1564 486.1564 470.1564 454.1564 438.1564 422.1564 392.9016 376.9016 360.9016 331.6467 315.6467 299.6467 283.6467 277.0193
-9999 -9999 -9999 -9999 -9999 -9999 -9999 -9999 -9999 -9999 -9999 -9999 440.9016 434.2741 427.6467 411.6467 350.3919 334.3919 318.3919 302.3919 295.7645 289.1371 295.7645 115.8823 109.2548 83.88225 67.88225 61.25484 45.25483 22.62742 16 0 22.62742 38.62742 54.62742 70.62742 70.62742 86.62742 115.8823 125.2548 134.6274 150.6274 247.7645 231.7645 225.1371 263.7645 257.1371 250.5097 243.8823 250.5097 266.5097 273.1371 279.7645 286.3919 293.0193 309.0193 508.7838 492.7838 476.7838 460.7838 444.7838 379.6467 363.6467 347.6467 331.6467 315.6467 299.6467 283.6467 267.6467 261.0193
-9999 -9999 -9999 -9999 -9999 -9999 -9999 -9999 -9999 -9999 -9999 -9999 447.529 418.2741 411.6467 395.6467 357.0193 341.0193 325.0193 318.3919 311.7645 154.5097 138.5097 122.5097 106.5097 90.50967 83.88225 67.88225 45.25483 38.62742 32 0 0 16 32 48 64 93.25484 109.2548 109.2548 118.6274 128 128 193.1371 209.1371 202.5097 241.1371 234.5097 227.8823 234.5097 250.5097 257.1371 263.7645 270.3919 286.3919 302.3919 231.7645 363.6467 347.6467 331.6467 315.6467 299.6467 302.3919 286.3919 325.0193 309.0193 293.0193 277.0193 261.0193 245.0193
-9999 -9999 -9999 -9999 -9999 -9999 -9999 -9999 -9999 -9999 -9999 456.9016 440.9016 424.9016 395.6467 379.6467 363.6467 347.6467 341.0193 334.3919 177.1371 161.1371 145.1371 129.1371 122.5097 106.5097 90.50967 83.88225 61.25484 54.62742 48 16 0 22.62742 38.62742 54.62742 70.62742 70.62742 93.25484 93.25484 102.6274 112 112 141.2548 170.5097 186.5097 179.8822 218.5097 211.8823 218.5097 234.5097 241.1371 247.7645 263.7645 279.7645 186.5097 202.5097 209.1371 209.1371 202.5097 209.1371 293.0193 277.0193 279.7645 263.7645 302.3919 286.3919 270.3919 254.3919 238.3919
-9999 -9999 -9999 -9999 -9999 -9999 -9999 -9999 -9999 -9999 -9999 450.2741 434.2741 418.2741 402.2741 386.2741 370.2741 363.6467 357.0193 363.6467 183.7645 167.7645 161.1371 145.1371 151.7645 113.1371 106.5097 83.88226 77.25484 70.62742 38.62742 32 0 0 16 32 48 70.62742 77.25484 77.25484 86.62742 96 96 125.2548 118.6274 147.8822 163.8822 157.2548 195.8823 202.5097 218.5097 225.1371 241.1371 257.1371 163.8823 179.8823 186.5097 193.1371 179.8823 186.5097 193.1371 286.3919 270.3919 254.3919 238.3919 241.1371 225.1371 254.3919 238.3919 222.3919
-9999 -9999 -9999 -9999 -9999 -9999 -9999 -9999 -9999 -9999 472.9016 456.9016 440.9016 424.9016 408.9016 402.2741 386.2741 402.2741 395.6467 379.6467 199.7645 183.7645 177.1371 183.7645 135.7645 129.1371 122.5097 99.88226 93.25484 61.25484 54.62742 22.62742 16 0 16 32 48 54.62742 70.62742 61.25484 70.62742 80 80 109.2548 102.6274 131.8822 125.2548 141.2548 179.8823 186.5097 202.5097 209.1371 225.1371 141.2548 147.8823 163.8823 170.5097 177.1371 163.8823 170.5097 163.8822 157.2548 218.5097 247.7645 231.7645 215.7645 218.5097 202.5097 186.5097 170.5097
-9999 -9999 -9999 -9999 -9999 -9999 -9999 -9999 -9999 -9999 479.529 463.529 456.9016 440.9016 424.9016 418.2741 402.2741 418.2741 402.2741 395.6467 215.7645 199.7645 215.7645 199.7645 151.7645 138.5097 122.5097 115.8823 83.88226 77.25484 45.25483 38.62742 22.62742 0 0 16 32 48 38.62742 38.62742 54.62742 64 64 93.25484 86.62742 102.6274 109.2548 125.2548 163.8823 170.5097 186.5097 193.1371 209.1371 125.2548 131.8823 147.8823 154.5097 125.2548 147.8823 154.5097 147.8822 141.2548 157.2548 195.8822 225.1371 209.1371 193.1371 186.5097 170.5097 154.5097
-9999 -9999 -9999 -9999 -9999 -9999 -9999 -9999 -9999 -9999 495.529 479.529 472.9016 456.9016 440.9016 434.2741 418.2741 434.2741 418.2741 411.6467 231.7645 215.7645 231.7645 215.7645 222.3919 145.1371 138.5097 115.8823 99.88226 93.25484 99.88226 45.25483 22.62742 16 0 0 0 16 16 32 32 48 48 64 70.62742 86.62742 93.25484 109.2548 147.8823 154.5097 170.5097 177.1371 102.6274 109.2548 115.8823 131.8823 102.6274 118.6274 131.8823 138.5097 131.8822 125.2548 141.2548 157.2548 173.2548 202.5097 186.5097 170.5097 163.8823 147.8823
-9999 -9999 -9999 -9999 -9999 -9999 -9999 -9999 -9999 -9999 520.9016 504.9016 488.9016 472.9016 456.9016 440.9016 434.2741 450.2741 434.2741 450.2741 247.7645 254.3919 238.3919 254.3919 270.3919 161.1371 138.5097 122.5097 115.8823 109.2548 115.8823 45.25483 38.62742 22.62742 16 16 0 0 0 16 16 32 32 48 54.62742 70.62742 77.25484 93.25484 131.8823 138.5097 154.5097 170.5097 86.62742 93.25484 99.88226 106.5097 86.62742 102.6274 115.8823 109.2548 115.8823 109.2548 125.2548 141.2548 157.2548 173.2548 179.8823 163.8823 147.8823 131.8823
-9999 -9999 -9999 -9999 -9999 -9999 -9999 -9999 -9999 -9999 636.7838 575.529 546.2742 530.2742 514.2742 498.2741 482.2741 466.2741 450.2741 466.2741 472.9016 511.529 527.5289 270.3919 277.0193 177.1371 163.8822 147.8822 131.8822 93.25484 77.25484 61.25484 45.25483 38.62742 38.62742 22.62742 16 16 0 0 0 16 16 32 38.62742 54.62742 70.62742 86.62742 115.8823 131.8823 157.2548 163.8822 70.62742 77.25484 83.88226 64 70.62742 86.62742 99.88226 93.25484 86.62742 93.25484 109.2548 125.2548 141.2548 157.2548 173.2548 125.2548 109.2548 93.25484
-9999 -9999 -9999 -9999 -9999 -9999 -9999 -9999 -9999 -9999 620.7838 614.1564 552.9016 536.9016 520.9016 504.9016 488.9016 472.9016 466.2741 472.9016 488.9016 504.9016 520.9016 550.1564 588.7838 193.1371 147.8823 131.8823 115.8823 99.88226 93.25484 77.25484 61.25484 61.25484 45.25483 38.62742 38.62742 32 16 22.62742 0 0 0 16 32 48 64 93.25484 109.2548 125.2548 141.2548 157.2548 54.62742 61.25484 48 48 54.62742 70.62742 86.62742 77.25484 70.62742 77.25484 93.25484 109.2548 125.2548 141.2548 157.2548 48 93.25484 77.25484
-9999 -9999 -9999 -9999 -9999 -9999 -9999 -9999 -9999 -9999 614.1564 598.1564 591.5289 575.5289 559.5289 511.529 495.529 488.9016 482.2741 488.9016 495.529 511.529 527.5289 566.1564 572.7838 611.4113 154.5097 138.5097 122.5097 115.8823 99.88226 93.25484 77.25484 67.88225 77.25484 61.25484 54.62742 38.62742 32 38.62742 45.25483 16 0 0 0 54.62742 70.62742 86.62742 102.6274 118.6274 134.6274 32 38.62742 38.62742 32 32 38.62742 54.62742 70.62742 86.62742 54.62742 61.25483 77.25484 93.25484 109.2548 125.2548 141.2548 32 32 32
-9999 -9999 -9999 -9999 -9999 -9999 -9999 -9999 -9999 -9999 607.5289 591.5289 575.5289 559.5289 543.5289 527.5289 511.529 504.9016 498.2741 504.9016 511.529 518.1564 534.1564 550.1564 566.1564 595.4113 161.1371 145.1371 147.8823 131.8823 115.8823 99.88226 93.25484 131.8823 115.8823 86.62742 70.62742 54.62742 61.25484 54.62742 61.25483 32 38.62742 16 0 0 0 0 0 0 0 16 22.62742 22.62742 16 16 22.62742 38.62742 54.62742 70.62742 38.62742 45.25483 61.25483 77.25484 93.25484 109.2548 125.2548 16 16 16
-9999 -9999 -9999 -9999 -9999 -9999 -9999 -9999 -9999 -9999 614.1564 598.1564 582.1564 566.1564 550.1564 543.5289 527.5289 534.1564 550.1564 534.1564 527.5289 534.1564 540.7838 556.7838 572.7838 588.7838 167.7645 170.5097 154.5097 147.8823 131.8823 138.5097 154.5097 138.5097 109.2548 93.25484 86.62742 102.6274 77.25484 83.88225 54.62742 48 54.62742 32 16 16 22.62742 16 22.62742 22.62742 0 0 0 0 0 0 0 0 16 32 22.62742 38.62742 77.25484 93.25484 109.2548 115.8823 0 0 0 0
-9999 -9999 -9999 -9999 -9999 -9999 -9999 -9999 -9999 646.1564 630.1564 614.1564 598.1564 582.1564 566.1564 550.1564 543.5289 550.1564 556.7838 572.7838 543.5289 550.1564 556.7838 563.4113 588.7838 595.4113 183.7645 177.1371 170.5097 163.8823 170.5097 154.5097 170.5097 131.8822 125.2548 109.2548 102.6274 118.6274 93.25484 109.2548 70.62742 77.25484 54.62742 38.62742 32 45.25483 38.62742 32 38.62742 38.62742 16 16 22.62742 22.62742 38.62742 54.62742 70.62742 0 0 0 0 0 0 0 0 0 0 16 22.62742 38.62742
-9999 -9999 -9999 -9999 -9999 -9999 -9999 -9999 -9999 652.7838 636.7838 620.7838 604.7838 588.7838 582.1564 566.1564 572.7838 566.1564 572.7838 588.7838 559.5289 566.1564 582.1564 598.1564 604.7838 611.4113 199.7645 193.1371 186.5097 193.1371 177.1371 170.5097 177.1371 193.1371 131.8822 125.2548 118.6274 125.2548 109.2548 125.2548 141.2548 77.25484 61.25484 54.62742 48 54.62742 54.62742 61.25484 54.62742 61.25484 38.62742 32 38.62742 38.62742 54.62742 70.62742 86.62742 16 16 16 16 16 22.62742 22.62742 16 22.62742 38.62742 54.62742 70.62742 54.62742
-9999 -9999 -9999 -9999 -9999 -9999 -9999 -9999 -9999 678.1564 662.1564 646.1564 630.1564 614.1564 598.1564 604.7838 588.7838 582.1564 588.7838 595.4113 575.5289 582.1564 588.7838 604.7838 634.0387 273.1371 234.5097 218.5097 202.5097 199.7645 193.1371 199.7645 193.1371 199.7645 147.8822 150.6274 134.6274 131.8822 125.2548 131.8822 147.8822 83.88226 77.25484 70.62742 64 70.62742 83.88226 77.25484 83.88226 77.25484 54.62742 48 54.62742 54.62742 93.25484 86.62742 102.6274 32 32 32 38.62742 32 38.62742 38.62742 32 38.62742 54.62742 70.62742 77.25484 70.62742
-9999 -9999 -9999 -9999 -9999 -9999 -9999 730.0387 700.7838 684.7838 668.7838 652.7838 636.7838 630.1564 614.1564 620.7838 604.7838 611.4113 604.7838 611.4113 591.5289 598.1564 604.7838 611.4113 627.4113 257.1371 241.1371 234.5097 218.5097 225.1371 222.3919 215.7645 209.1371 215.7645 173.2548 157.2548 150.6274 147.8822 141.2548 147.8822 154.5097 202.5097 218.5097 234.5097 250.5097 266.5096 282.5096 106.5097 99.88226 77.25484 70.62742 64 70.62742 70.62742 109.2548 125.2548 64 48 48 48 54.62742 48 54.62742 54.62742 61.25484 54.62742 61.25484 99.88226 93.25484 109.2548
-9999 -9999 -9999 -9999 -9999 -9999 739.4113 723.4113 707.4113 691.4113 675.4113 659.4113 652.7838 636.7838 630.1564 636.7838 620.7838 627.4113 620.7838 627.4113 607.5289 614.1564 620.7838 627.4113 634.0387 273.1371 257.1371 250.5097 247.7645 241.1371 238.3919 231.7645 238.3919 231.7645 189.2548 186.5097 170.5097 163.8822 157.2548 163.8822 179.8822 195.8822 225.1371 250.5097 257.1371 273.1371 289.1371 327.7645 99.88226 93.25484 86.62742 80 86.62742 131.8822 125.2548 141.2548 102.6274 86.62742 70.62742 64 70.62742 64 70.62742 77.25484 77.25484 70.62742 77.25484 115.8823 109.2548 125.2548
-9999 -9999 -9999 -9999 -9999 -9999 746.0387 730.0387 723.4113 707.4113 691.4113 675.4113 659.4113 652.7838 646.1564 652.7838 636.7838 643.4113 636.7838 643.4113 623.5289 630.1564 636.7838 643.4113 650.0387 656.6661 295.7645 279.7645 263.7645 279.7645 263.7645 261.0193 227.8822 211.8822 205.2548 202.5097 186.5097 179.8822 186.5097 179.8822 195.8822 202.5097 241.1371 247.7645 273.1371 279.7645 295.7645 311.7645 327.7645 118.6274 102.6274 118.6274 102.6274 118.6274 134.6274 147.8822 118.6274 102.6274 86.62742 80 86.62742 80 86.62742 93.25484 93.25484 86.62742 93.25484 131.8823 125.2548 141.2548
-9999 -9999 -9999 -9999 -9999 -9999 762.0387 746.0387 730.0387 714.0387 698.0387 682.0387 675.4113 668.7838 662.1564 668.7838 652.7838 659.4113 652.7838 659.4113 639.5289 646.1564 666.0387 682.0387 666.0387 672.6661 302.3919 295.7645 279.7645 286.3919 279.7645 295.7645 234.5096 227.8822 234.5097 218.5097 202.5097 218.5097 202.5097 218.5097 211.8822 218.5097 257.1371 263.7645 270.3919 295.7645 311.7645 327.7645 334.3919 125.2548 118.6274 125.2548 118.6274 134.6274 150.6274 141.2548 125.2548 109.2548 102.6274 96 102.6274 96 102.6274 109.2548 109.2548 102.6274 109.2548 147.8823 141.2548 147.8822
-9999 -9999 -9999 -9999 -9999 -9999 778.0387 762.0387 736.6661 720.6661 704.6661 698.0387 691.4113 684.7838 678.1564 684.7838 668.7838 675.4113 668.7838 662.1564 668.7838 730.0387 714.0387 698.0387 682.0387 398.3919 382.3919 357.0193 341.0193 311.7645 295.7645 302.3919 318.3919 334.3919 241.1371 225.1371 218.5097 375.7645 359.7645 353.1371 241.1371 289.1371 273.1371 289.1371 305.1371 311.7645 327.7645 343.7645 350.3919 357.0193 147.8822 141.2548 134.6274 150.6274 157.2548 147.8822 131.8822 125.2548 118.6274 112 118.6274 112 118.6274 125.2548 131.8822 118.6274 125.2548 131.8822 170.5097 186.5097
-9999 -9999 -9999 -9999 -9999 -9999 794.0387 778.0387 743.2936 727.2936 720.6661 714.0387 707.4113 700.7838 694.1564 700.7838 684.7838 691.4113 684.7838 691.4113 752.6661 446.3919 430.3919 414.3919 398.3919 382.3919 366.3919 350.3919 334.3919 318.3919 311.7645 341.0193 325.0193 341.0193 247.7645 241.1371 398.3919 391.7645 353.1371 337.1371 321.1371 305.1371 289.1371 295.7645 311.7645 327.7645 334.3919 395.6467 379.6467 373.0193 163.8822 157.2548 150.6274 157.2548 173.2548 154.5097 147.8822 141.2548 134.6274 128 134.6274 128 134.6274 154.5097 147.8822 134.6274 141.2548 147.8822 154.5097 193.1371
-9999 -9999 -9999 -9999 -9999 -9999 800.6661 765.921 759.2936 743.2936 736.6661 730.0387 723.4113 716.7838 723.4113 716.7838 700.7838 707.4113 714.0387 775.2936 469.0193 453.0193 437.0193 421.0193 405.0193 398.3919 373.0193 357.0193 341.0193 334.3919 327.7645 357.0193 341.0193 357.0193 263.7645 257.1371 414.3919 375.7645 359.7645 353.1371 337.1371 311.7645 305.1371 311.7645 318.3919 334.3919 418.2741 402.2741 395.6467 389.0193 179.8822 173.2548 166.6274 173.2548 179.8822 170.5097 163.8822 157.2548 150.6274 144 150.6274 144 150.6274 170.5097 163.8822 170.5097 157.2548 163.8822 170.5097 177.1371
-9999 -9999 -9999 -9999 -9999 -9999 797.921 781.921 765.921 759.2936 752.6661 746.0387 752.6661 746.0387 739.4113 732.7838 730.0387 723.4113 797.921 491.6467 485.0193 469.0193 453.0193 437.0193 421.0193 395.6467 379.6467 363.6467 357.0193 363.6467 343.7645 363.6467 357.0193 373.0193 389.0193 286.3919 398.3919 382.3919 375.7645 369.1371 353.1371 327.7645 321.1371 327.7645 334.3919 341.0193 424.9016 418.2741 434.2741 418.2741 411.6467 189.2548 182.6274 189.2548 195.8822 186.5097 179.8822 173.2548 166.6274 160 166.6274 160 166.6274 186.5097 179.8822 186.5097 193.1371 179.8822 186.5097 193.1371
-9999 -9999 -9999 -9999 -9999 1057.803 1064.431 816.6661 800.6661 784.6661 768.6661 762.0387 768.6661 775.2936 755.4113 752.6661 746.0387 739.4113 514.2742 507.6467 501.0193 485.0193 469.0193 453.0193 437.0193 402.2741 395.6467 379.6467 382.3919 366.3919 359.7645 389.0193 373.0193 389.0193 405.0193 421.0193 414.3919 398.3919 391.7645 375.7645 350.3919 343.7645 350.3919 343.7645 350.3919 357.0193 440.9016 456.9016 440.9016 456.9016 440.9016 205.2548 198.6274 205.2548 211.8822 202.5097 195.8822 189.2548 182.6274 189.2548 182.6274 189.2548 209.1371 202.5097 195.8822 202.5097 209.1371 195.8822 202.5097 209.1371
-9999 -9999 -9999 -9999 1035.176 1041.803 1048.431 845.921 807.2936 791.2936 784.6661 778.0387 784.6661 791.2936 797.921 768.6661 762.0387 755.4113 530.2742 523.6467 517.0193 501.0193 485.0193 469.0193 453.0193 459.6467 402.2741 395.6467 389.0193 382.3919 411.6467 405.0193 389.0193 405.0193 421.0193 450.2741 421.0193 414.3919 398.3919 382.3919 366.3919 382.3919 366.3919 373.0193 379.6467 373.0193 389.0193 463.529 479.529 463.529 479.529 221.2548 214.6274 221.2548 227.8822 234.5096 211.8822 205.2548 211.8822 205.2548 211.8822 231.7645 225.1371 218.5097 225.1371 231.7645 225.1371 211.8822 218.5097 225.1371
-9999 -9999 -9999 1012.548 1019.176 1025.803 1009.803 839.2936 823.2936 807.2936 800.6661 807.2936 800.6661 807.2936 813.921 784.6661 778.0387 552.9016 546.2742 539.6467 623.529 607.529 591.529 575.529 559.529 543.529 418.2741 421.0193 405.0193 443.6467 427.6467 411.6467 405.0193 411.6467 427.6467 443.6467 514.2742 421.0193 405.0193 389.0193 405.0193 389.0193 405.0193 389.0193 395.6467 411.6467 427.6467 411.6467 486.1564 502.1564 486.1564 237.2548 230.6274 237.2548 243.8822 250.5096 257.1371 221.2548 227.8822 234.5097 227.8822 247.7645 241.1371 247.7645 241.1371 247.7645 234.5097 227.8822 234.5097 241.1371
-9999 -9999 -9999 996.5485 1003.176 987.1759 971.1759 845.921 829.921 823.2936 816.6661 823.2936 829.921 823.2936 829.921 836.5485 794.0387 568.9016 562.2742 623.529 607.529 591.529 575.529 559.529 543.529 527.529 511.529 482.2741 466.2741 450.2741 453.0193 437.0193 421.0193 437.0193 453.0193 491.6467 562.2742 578.2742 411.6467 405.0193 421.0193 427.6467 411.6467 405.0193 411.6467 427.6467 443.6467 450.2741 466.2741 508.7838 502.1564 253.2548 246.6274 253.2548 259.8822 266.5096 273.1371 279.7645 243.8822 250.5097 257.1371 263.7645 270.3919 263.7645 270.3919 266.5096 250.5097 243.8822 250.5097 257.1371
