slauniainen/Data/DEM/Vihti_dsm1500b_cl_horizonAngle_96.asc
NCOLS 196 
NROWS 178 
XLLCORNER 353680 
YLLCORNER 6699024 
CELLSIZE 16 
NODATA_value -3.4e+38 
[rows 40 to 59 of 178, columns 138 to 183 of 196]
1.08974170684814 1.23955154418945 1.43691325187683 1.77570772171021 2.31668448448181 2.56707572937012 2.79099607467651 3.01265025138855 3.2022500038147 3.4003529548645 3.62461519241333 3.86321139335632 4.10908842086792 4.39075183868408 4.46718978881836 5.0571231842041 5.53282880783081 6.11442947387695 6.88702249526978 8.04514980316162 9.60143756866455 10.8303890228271 12.1259479522705 10.8252515792847 4.03592014312744 4.37398099899292 4.56224822998047 4.93475961685181 5.0392541885376 5.15392065048218 5.2671012878418 5.64142417907715 5.78263092041016 5.93755769729614 6.08688259124756 6.24303150177002 6.40478038787842 6.57479429244995 6.75464487075806 6.94478416442871 7.07316398620605 7.28242349624634 7.51068353652954 7.74825811386108 8.01217746734619 8.3056526184082
1.54247546195984 7.60146236419678 1.45496022701263 2.08112478256226 1.93460071086884 1.81389486789703 2.28349328041077 2.61102724075317 2.90041136741638 3.26658892631531 3.69083046913147 4.18377780914307 4.61184024810791 5.05527305603027 5.56974601745605 6.58978748321533 5.15255117416382 5.82551765441895 6.66482877731323 7.62419462203979 8.74441337585449 12.1498289108276 15.9946765899658 23.268762588501 40.6604766845703 6.66310977935791 6.85742616653442 3.19700336456299 3.47776174545288 4.77471733093262 4.89143848419189 5.10952949523926 5.54324674606323 5.67524480819702 5.82224893569946 5.96706199645996 6.11512041091919 6.27713918685913 6.44202756881714 6.6176586151123 7.16702508926392 7.38772535324097 7.62023639678955 7.85824489593506 8.11908435821533 8.39678859710693
12.6143388748169 1.86481046676636 2.32412815093994 3.20508909225464 2.63675260543823 2.39131259918213 2.6402280330658 2.90038681030273 3.13101243972778 3.3994882106781 3.67904853820801 3.97429156303406 3.93544220924377 3.50312232971191 3.8498203754425 4.65654468536377 7.54631757736206 10.8306674957275 17.5654296875 33.6294212341309 1.75373888015747 22.4831581115723 5.09631776809692 7.85077047348022 10.6924057006836 12.930380821228 8.95849704742432 3.00870418548584 3.33877015113831 3.39022469520569 3.52253890037537 5.02292013168335 5.1631383895874 5.2920298576355 5.43288373947144 5.5771427154541 5.7264723777771 5.88473606109619 6.0506272315979 6.22833776473999 6.49419260025024 7.02111959457397 7.24008750915527 7.45916652679443 7.70168304443359 7.94996404647827
34.6277770996094 0.750644326210022 2.72669982910156 3.1584746837616 3.71078872680664 4.1813793182373 4.35265588760376 5.6646089553833 6.56225681304932 7.57495021820068 8.71317291259766 10.1062145233154 11.7503070831299 10.8615922927856 8.28536796569824 4.55479383468628 5.33077621459961 12.3215913772583 5.997633934021 19.0212516784668 5.33248949050903 9.1989278793335 11.5712804794312 10.9947519302368 12.2354164123535 22.0585079193115 4.95464134216309 7.02376079559326 11.2435989379883 3.50304913520813 4.0990629196167 4.87341499328613 4.99904251098633 5.19837999343872 5.32605791091919 5.46203136444092 5.59980392456055 5.73939752578735 5.92826557159424 6.23748445510864 6.42403554916382 6.63220357894897 6.85131120681763 7.06528043746948 7.30554246902466 7.56649923324585
15.0865669250488 2.58707475662231 5.05461406707764 6.44912338256836 8.23216724395752 4.74633979797363 5.44791889190674 6.37321710586548 19.9753189086914 5.82929992675781 10.7741556167603 12.6253929138184 12.3129606246948 12.5269632339478 16.6363105773926 25.3340435028076 44.9571914672852 -0.0565414689481258 0.223828062415123 2.03903961181641 8.6277379989624 11.6112089157104 25.9682559967041 6.52713108062744 12.7772569656372 4.69209814071655 2.15938663482666 2.28863286972046 2.47783136367798 2.73971772193909 3.1389799118042 4.49376201629639 4.60824918746948 5.11365604400635 5.24380350112915 5.38018417358398 5.51960754394531 5.66133689880371 5.80337715148926 5.95856618881226 6.12168741226196 6.30246543884277 6.59609413146973 6.78946495056152 6.98586320877075 7.20893001556396
3.12394905090332 3.51967287063599 3.90781140327454 4.3132791519165 4.70016956329346 8.4340181350708 11.1584529876709 18.0620861053467 36.9651145935059 3.30635643005371 11.9585409164429 4.55345678329468 13.8396100997925 17.9149169921875 26.3515739440918 46.1367683410645 -0.368125736713409 -1.29689121246338 -0.16640716791153 0.247453480958939 3.95953631401062 13.3451652526855 14.7021207809448 16.2027435302734 2.22217988967896 1.37314987182617 2.52532029151917 2.33283567428589 4.40369510650635 1.62729585170746 3.17534971237183 3.26238512992859 4.15921449661255 4.25464200973511 4.37396764755249 4.65420246124268 4.76893663406372 4.88323402404785 5.13107252120972 5.55995893478394 5.74288988113403 5.92352914810181 6.50833797454834 6.70443391799927 6.90131711959839 7.10908317565918
3.2826771736145 2.73823595046997 3.74477672576904 5.92216730117798 11.4366655349731 2.81859016418457 4.42244100570679 5.81071329116821 8.09865760803223 5.93774318695068 7.00026607513428 14.4308471679688 19.2112102508545 27.7320671081543 46.9658317565918 -0.866209626197815 2.94880390167236 10.3388109207153 14.4711742401123 21.2294578552246 40.2540092468262 2.57821464538574 3.35048627853394 11.8615121841431 15.8166351318359 8.62701225280762 0.947102665901184 1.13566029071808 1.17758870124817 7.51340579986572 1.60344254970551 2.87383818626404 3.59407782554626 4.31990766525269 4.48327541351318 6.04767942428589 9.08731174468994 17.5999050140381 3.84322738647461 4.99386072158813 5.16270160675049 5.32537317276001 5.50563478469849 5.68353796005249 5.91241216659546 6.11047410964966
5.02061605453491 5.33929443359375 5.65565872192383 5.32075881958008 4.89004850387573 4.6642746925354 4.97941303253174 5.22776460647583 12.5426683425903 4.70786285400391 10.7469501495361 18.4271850585938 34.5579299926758 1.35017466545105 9.94191455841064 2.6207160949707 6.29988765716553 9.09770679473877 9.17648315429688 11.0716104507446 8.19833850860596 11.1885900497437 22.1471862792969 8.89613151550293 14.5381498336792 14.5562982559204 0.134446993470192 0.611965417861938 1.68548572063446 0.838822782039642 1.1528092622757 6.79275608062744 10.8731594085693 3.08017635345459 5.35444259643555 7.26568269729614 10.8556985855103 21.175443649292 3.40006470680237 4.22043561935425 4.35779094696045 4.51993274688721 4.67191505432129 5.03658533096313 5.26296472549438 5.49066400527954
6.56679964065552 6.91837596893311 7.32715702056885 7.73625516891479 7.1767373085022 6.68812370300293 11.4715719223022 6.93577146530151 17.6971340179443 7.76177883148193 13.2314710617065 11.8255290985107 16.22092628479 15.7761840820312 7.30528402328491 6.96009588241577 7.99417161941528 9.07773303985596 9.71772003173828 7.77381610870361 2.10679984092712 3.62834811210632 4.99456691741943 12.3423929214478 -0.560286283493042 27.1317329406738 -0.386706054210663 24.7287826538086 -0.126001313328743 2.69754767417908 4.06144905090332 11.9907188415527 9.77379894256592 13.4927291870117 17.9238529205322 25.9670944213867 44.5233497619629 1.83377146720886 2.85824346542358 17.1189250946045 3.07575726509094 3.70769762992859 3.83869099617004 3.95352053642273 4.16399526596069 4.89586353302002
9.55153560638428 10.0499124526978 10.6013345718384 11.2199802398682 11.067214012146 9.48934268951416 10.0881357192993 10.291916847229 10.5687828063965 16.8846893310547 11.283709526062 13.2050876617432 19.3378524780273 21.4211845397949 31.6023712158203 29.0273780822754 5.69877767562866 5.26939582824707 0.719960689544678 4.1785831451416 8.30109596252441 12.4221458435059 3.0259108543396 -0.85769522190094 -0.622451305389404 0.475038647651672 18.9610900878906 0.526497900485992 1.24883389472961 3.84213089942932 10.0829277038574 16.0265293121338 16.2436466217041 21.6167621612549 30.9265995025635 49.9419326782227 1.25951099395752 11.3127174377441 1.59592759609222 2.64723539352417 2.8393132686615 3.22182869911194 3.52225136756897 3.62441253662109 3.79795145988464 3.88932967185974
10.2090673446655 10.7502136230469 11.3781051635742 10.9972877502441 11.7746715545654 12.5766639709473 13.5057916641235 14.6050825119019 15.7796421051025 17.0074577331543 18.3916893005371 20.9543743133545 24.0693321228027 27.4133033752441 42.9372787475586 21.6424102783203 11.5448179244995 10.4909019470215 5.86496639251709 -0.768182694911957 12.7044095993042 2.30200409889221 -1.11886692047119 -0.517568290233612 -0.0602300837635994 13.7790699005127 0.466478586196899 0.959744989871979 3.48193645477295 8.20108985900879 16.5108470916748 41.603816986084 7.27246427536011 43.1094055175781 18.7528591156006 8.68354034423828 0.878060281276703 1.36982655525208 1.69118797779083 2.7237696647644 5.70577001571655 3.22839426994324 3.30171322822571 3.53219127655029 3.48696279525757 3.84752631187439
11.5709648132324 12.2247982025146 11.2152070999146 12.0019559860229 12.811243057251 13.7574625015259 14.8274173736572 16.0895843505859 17.440034866333 18.6499481201172 20.1402606964111 23.1736030578613 26.430757522583 28.5095920562744 39.026065826416 37.8705711364746 20.6004695892334 18.5806980133057 -0.550829589366913 -3.41083025932312 16.0572624206543 4.17584085464478 -2.002277135849 -1.48124206066132 -0.00525759672746062 0.685757458209991 1.28920459747314 1.51928901672363 1.72836053371429 17.194091796875 4.16129493713379 20.5588970184326 4.9113712310791 7.84284210205078 14.2068901062012 20.1603622436523 1.07452416419983 1.7528600692749 2.0944402217865 3.16658997535706 15.5636825561523 3.10140061378479 3.69400882720947 3.73970890045166 4.06416749954224 4.22189664840698
10.9796342849731 11.5376005172729 12.9472370147705 13.8010110855103 14.8073959350586 15.9739427566528 17.3532981872559 18.5836486816406 20.7876739501953 22.5436935424805 24.439432144165 27.8169498443604 27.1703224182129 33.6249008178711 42.1267318725586 41.1129341125488 19.0626029968262 -0.468540519475937 4.05690670013428 -3.74000787734985 -2.67328667640686 -2.11750197410583 -1.72815024852753 -0.927260398864746 -0.252913177013397 0.732708692550659 1.74155211448669 2.41768789291382 3.88512969017029 7.63786602020264 5.54192209243774 6.69011735916138 5.68558216094971 8.24715328216553 7.83986330032349 1.80343091487885 1.89047765731812 2.03576993942261 2.50210499763489 3.27044296264648 3.49050259590149 4.64692687988281 4.21111726760864 4.42442083358765 4.73015022277832 4.90474891662598
10.5464992523193 11.0732746124268 11.6516532897949 12.3237028121948 13.6507663726807 14.5546960830688 15.6058597564697 16.8610515594482 18.1720581054688 19.3025684356689 20.6521034240723 22.7704753875732 32.4871368408203 32.5235061645508 42.6478118896484 56.1449508666992 1.59355664253235 15.4068384170532 8.22358894348145 -3.98382544517517 9.68556022644043 -2.47093796730042 -1.63044464588165 -0.91653436422348 0.0321936644613743 0.693982481956482 1.70359134674072 2.41448545455933 2.87265968322754 8.41725635528564 21.6773223876953 2.99454665184021 6.4139142036438 8.26593685150146 15.0003423690796 26.4977989196777 2.49867510795593 2.70452928543091 3.49329113960266 4.24021625518799 4.07185649871826 4.8395938873291 4.85781288146973 5.10201358795166 5.36454153060913 5.49989652633667
9.00735569000244 9.46112823486328 11.4793539047241 12.2425317764282 13.1281070709229 14.181001663208 15.4551057815552 16.925989151001 18.5464401245117 20.1360263824463 21.8906631469727 24.4487590789795 35.0997200012207 24.5308799743652 33.7752151489258 42.6468353271484 21.6425151824951 21.9862442016602 -4.91988611221313 -4.30881500244141 -2.909010887146 0.611704885959625 -1.51025390625 -0.681537628173828 0.276134252548218 0.694291651248932 1.68497622013092 2.75164699554443 5.11680841445923 8.83426380157471 14.1629619598389 7.89055490493774 8.67318344116211 12.0398998260498 8.10324954986572 3.21011900901794 3.28832936286926 3.37043786048889 3.58796620368958 4.50139331817627 4.59965896606445 5.7740421295166 5.8729772567749 6.30195999145508 6.53687191009521 6.17176198959351
8.58528327941895 9.04613018035889 9.54976749420166 9.88837242126465 11.2312831878662 12.0276508331299 12.9004201889038 17.3591480255127 30.2480888366699 13.1015930175781 16.7243232727051 23.2209396362305 36.3108673095703 27.5147171020508 35.9380073547363 43.7008323669434 13.0348720550537 23.052640914917 -4.45826625823975 -0.0732851549983025 -2.55551791191101 -0.00820169132202864 -1.10390257835388 15.3360404968262 -0.0560510717332363 0.224471002817154 0.777813673019409 4.55072402954102 7.73859357833862 9.84415245056152 11.2248258590698 13.9596910476685 16.120813369751 13.5228404998779 20.8201370239258 28.4858322143555 5.38249921798706 17.5343494415283 2.16275405883789 2.75499415397644 3.723557472229 4.93121099472046 6.54661846160889 6.64712524414062 11.518759727478 6.86956596374512
8.85758972167969 9.36837959289551 10.1770868301392 11.1881656646729 12.4166622161865 14.0414037704468 15.9994192123413 18.7274684906006 13.0814447402954 13.6479835510254 23.9078769683838 32.0486488342285 39.6391677856445 11.7106380462646 19.5057373046875 36.82080078125 15.9485607147217 20.4452476501465 7.31246185302734 -1.68149483203888 18.4896488189697 -1.62551391124725 -0.404840648174286 2.596027135849 13.736156463623 0.00592565163969994 0.79411643743515 4.54989004135132 9.3297815322876 8.83662509918213 25.2863426208496 11.3871212005615 15.9715414047241 22.0170726776123 40.7472457885742 15.9633407592773 12.7253398895264 1.47822415828705 2.05749726295471 2.43687343597412 2.78818225860596 4.36138582229614 6.53759956359863 6.73589706420898 7.04059743881226 7.38931512832642
8.08920669555664 8.50411510467529 9.11750793457031 10.5136423110962 11.2462587356567 12.0575685501099 13.5210847854614 15.7242164611816 22.3300437927246 27.9215850830078 29.8217067718506 55.3465042114258 9.18852996826172 45.7580604553223 16.217378616333 21.2966747283936 31.4268856048584 7.20453119277954 8.20883178710938 -3.4635157585144 0.357973754405975 -1.63199830055237 -0.492075055837631 -0.320131331682205 -0.00209270347841084 5.17075109481812 0.481457054615021 1.2392543554306 4.90247631072998 7.66203117370605 16.5943222045898 14.0390062332153 16.8344612121582 27.2274379730225 40.4371147155762 9.26832389831543 11.7558908462524 1.24221563339233 1.55063831806183 1.61857008934021 2.51642894744873 3.30754518508911 3.99665093421936 7.05373620986938 7.92001152038574 7.20666170120239
8.68296718597412 9.11730766296387 9.64496326446533 10.3677730560303 12.1672267913818 12.1808347702026 11.7312755584717 12.7171192169189 18.4924716949463 28.0580596923828 21.3794231414795 50.165470123291 10.1552724838257 40.5662879943848 21.0396385192871 36.4754943847656 20.1677742004395 -0.673663318157196 3.64268922805786 -2.9625551700592 12.0011911392212 -1.96347427368164 -0.517762959003448 -0.0704369768500328 1.75598883628845 12.3160314559937 1.02261567115784 1.64726841449738 4.20472764968872 10.5841417312622 22.1601810455322 4.56913423538208 8.7089147567749 13.2289934158325 17.6438655853271 19.0644149780273 2.5014660358429 1.8827953338623 2.14978742599487 2.50548720359802 2.82883882522583 3.01770067214966 3.68208575248718 6.73719120025635 6.97056436538696 7.24845409393311
10.0089731216431 10.335503578186 12.1275053024292 13.7237558364868 11.3311729431152 14.7506008148193 18.793514251709 26.275182723999 42.9326591491699 10.1492280960083 11.314920425415 27.4562282562256 41.5617790222168 14.077127456665 27.7434425354004 35.8303184509277 24.0878276824951 4.95141983032227 -1.5746750831604 -0.194053128361702 -2.78780817985535 -0.777447402477264 -0.190049305558205 0.301465600728989 0.661034345626831 2.04811835289001 3.27917861938477 1.24187433719635 2.74682378768921 13.5398788452148 18.8217735290527 6.24145269393921 5.3061375617981 7.10060548782349 2.96636652946472 3.02423572540283 9.94551086425781 2.50944900512695 2.4871244430542 2.48920130729675 2.96528244018555 4.25511026382446 4.69541168212891 7.11179161071777 5.87825012207031 6.72286987304688
