slauniainen/Data/DEM/Vihti_dsm1500b_cl_horizonAngle_174.asc
NCOLS 196 
NROWS 178 
XLLCORNER 353680 
YLLCORNER 6699024 
CELLSIZE 16 
NODATA_value -3.4e+38 
[rows 80 to 99 of 178, columns 46 to 91 of 196]
5.74159812927246 5.92166662216187 5.46917819976807 4.82103967666626 5.13732719421387 4.1423978805542 4.53880405426025 4.43778467178345 4.94813823699951 3.75288200378418 3.77927160263062 3.93835282325745 3.68858885765076 3.0687940120697 3.60955619812012 3.45167565345764 3.58560943603516 3.63144946098328 3.51367688179016 3.26051115989685 3.50033831596375 3.12573075294495 3.28932309150696 4.83040809631348 6.35162878036499 4.81270170211792 2.95450901985168 2.97312307357788 4.04173946380615 6.7121057510376 6.89554262161255 5.27610111236572 5.16439294815063 4.76705884933472 3.95176029205322 6.48734521865845 3.55826497077942 2.80792212486267 2.47398543357849 5.9587459564209 1.56962883472443 1.18238890171051 1.28465437889099 1.00468122959137 0.812122523784637 2.26625728607178
6.3080940246582 6.22242832183838 5.76240348815918 5.05551052093506 5.38653135299683 4.39121961593628 4.79347610473633 4.59811687469482 5.11894273757935 3.8822238445282 3.92735862731934 4.08558654785156 3.79833340644836 3.15821409225464 3.72588777542114 3.55933690071106 3.69240069389343 3.73382091522217 3.62109088897705 3.42722606658936 3.68793797492981 4.65571355819702 4.63585948944092 5.89467239379883 7.65720510482788 8.88716411590576 4.58028888702393 3.76514673233032 4.12009906768799 6.86416912078857 7.07354211807251 5.34872722625732 5.48871040344238 4.97268295288086 4.02929878234863 3.6330897808075 4.74254655838013 3.53512525558472 11.4729127883911 9.13878154754639 1.82429468631744 1.37536644935608 2.27734041213989 1.46208095550537 3.92698884010315 6.35830068588257
7.98401355743408 6.56880283355713 6.08001041412354 5.3247184753418 5.66776895523071 4.61836433410645 5.01973152160645 4.75574588775635 5.32559585571289 5.1246018409729 4.04718828201294 4.2334098815918 3.53398823738098 3.9466724395752 3.84373784065247 3.79728889465332 3.80406737327576 3.84665846824646 3.73093271255493 3.53308773040771 3.83882212638855 3.45273756980896 6.37290716171265 7.38903713226318 7.53610944747925 12.5112609863281 7.8284707069397 5.60706424713135 4.39900875091553 7.220787525177 7.41674137115479 5.54283666610718 5.94660091400146 5.18937540054321 4.18952178955078 4.67583751678467 4.94707679748535 3.85241603851318 2.74990224838257 2.00637698173523 2.1171989440918 10.7735538482666 4.38775396347046 6.39872598648071 1.30243027210236 7.27412080764771
8.4721565246582 7.01306915283203 6.42111539840698 5.54250144958496 5.89375019073486 4.83647871017456 5.28408288955688 4.94490480422974 5.16488409042358 5.61390590667725 4.28081130981445 4.36491966247559 3.63263535499573 4.06624603271484 3.97915005683899 3.94529509544373 3.91524577140808 3.97129845619202 3.85461640357971 3.63664603233337 3.97165179252625 3.58307385444641 9.36021423339844 10.0304288864136 8.60989093780518 19.018913269043 10.8556451797485 8.03318214416504 4.71642684936523 7.65502071380615 7.87619352340698 5.82831144332886 6.77745485305786 5.44110345840454 4.38382530212402 5.0065770149231 6.19625616073608 4.18444681167603 3.01080012321472 2.83194208145142 12.6034030914307 4.24137926101685 14.1461009979248 8.44487476348877 1.33420717716217 11.0152864456177
9.0312385559082 7.52953433990479 7.01325654983521 5.96249103546143 6.16588973999023 5.13107490539551 5.64109325408936 5.17024326324463 2.76243305206299 5.84902906417847 4.4457836151123 4.49511098861694 3.74270439147949 4.19122409820557 4.04844188690186 4.08879089355469 4.07186031341553 4.12107276916504 3.97347855567932 3.73738670349121 4.09490823745728 3.70497632026672 14.3403282165527 14.9513721466064 16.0457935333252 35.2638740539551 16.4496994018555 12.4925470352173 5.0982780456543 8.17305660247803 7.83615779876709 8.64629650115967 8.16920375823975 5.73015069961548 4.59399080276489 5.45340251922607 7.02600431442261 5.98615550994873 4.28080081939697 3.743577003479 2.78211617469788 2.36869692802429 3.93322467803955 11.157732963562 1.32179319858551 17.7101020812988
9.73542785644531 8.00041770935059 7.54601049423218 6.50193214416504 6.47779273986816 5.43214416503906 5.98277568817139 4.81972169876099 5.37374210357666 6.08752107620239 4.63590049743652 4.65793228149414 3.86558151245117 4.32389259338379 4.1681752204895 4.21952199935913 4.18040466308594 4.2451319694519 4.1517767906189 3.85130763053894 3.77636480331421 4.18347549438477 25.9072952270508 27.9988574981689 9.42545127868652 3.82862377166748 30.788703918457 24.5406436920166 5.85856008529663 8.88565254211426 7.76082134246826 9.34085178375244 7.60451698303223 10.8553829193115 4.86719226837158 6.13822317123413 8.14217948913574 6.33770990371704 4.52908992767334 3.99622535705566 3.47058796882629 2.96408700942993 14.2213716506958 13.0893125534058 2.66144275665283 1.15463471412659
10.5430173873901 8.69396495819092 8.18515205383301 7.6325626373291 6.87492847442627 3.15079474449158 5.78858280181885 6.37212562561035 5.59883832931519 6.38964653015137 4.8592848777771 4.81793737411499 3.99003314971924 4.47477436065674 3.69087028503418 4.35886192321777 4.32600021362305 4.40246725082397 4.26338863372803 3.96810960769653 3.88430905342102 4.25153970718384 3.15743112564087 3.32700085639954 28.3926334381104 3.82905387878418 5.30956411361694 4.63175392150879 9.18211650848389 18.4410305023193 10.7334108352661 10.0745620727539 9.35560417175293 13.4712734222412 6.48615694046021 6.50410318374634 7.41164112091064 9.49747657775879 4.79462432861328 4.29515552520752 3.54704785346985 3.15857696533203 20.7204856872559 7.13323163986206 5.12232732772827 0.910155951976776
11.4849939346313 9.49511909484863 8.69416046142578 8.04765129089355 7.1144003868103 3.66075944900513 6.28443717956543 6.87006664276123 5.85288524627686 6.71375226974487 5.12942934036255 5.02280521392822 4.15029811859131 4.64677858352661 3.81702971458435 4.54239177703857 4.44889450073242 4.50872564315796 4.45236968994141 4.29463195800781 4.02794933319092 4.37007713317871 5.9103102684021 9.33713912963867 9.11264133453369 4.08503675460815 14.9291687011719 14.0212440490723 10.9408006668091 5.02679014205933 21.8365898132324 10.9419250488281 12.2719497680664 17.5956268310547 6.73886489868164 7.16003131866455 9.33715057373047 12.0994644165039 5.05480098724365 4.50288677215576 3.60429835319519 3.48904776573181 38.068603515625 1.51403820514679 1.67559516429901 1.51592135429382
12.2955160140991 10.2639560699463 9.25843048095703 8.56977653503418 7.44219875335693 5.65018844604492 6.52205371856689 7.20553398132324 6.03377771377563 6.97955656051636 5.33791303634644 5.19167423248291 4.29461336135864 4.82245922088623 3.97005271911621 4.69415378570557 4.55772256851196 4.57722663879395 4.54537200927734 4.40469837188721 4.12803745269775 4.39206886291504 3.99310898780823 3.58725237846375 29.9479370117188 4.97281932830811 39.3878555297852 14.802152633667 4.140221118927 6.31087112426758 9.17460441589355 12.0566377639771 22.3040504455566 29.906925201416 7.96806764602661 8.61606979370117 12.9604864120483 16.9557571411133 5.2661395072937 4.56293773651123 3.61261105537415 3.80432796478271 1.72186744213104 2.37115073204041 3.54092907905579 7.613525390625
13.7476501464844 11.3642177581787 9.92477321624756 9.26396560668945 7.43085098266602 7.93847036361694 6.93852281570435 7.68530559539795 6.21090602874756 7.20523834228516 5.45091009140015 5.26266860961914 4.34971761703491 4.90997171401978 4.01927137374878 4.76165199279785 4.61652708053589 4.7280707359314 4.66600704193115 4.49276065826416 4.1938304901123 4.6047191619873 4.22772073745728 4.5346999168396 3.54013752937317 9.03710556030273 3.71476316452026 19.4124221801758 14.1132946014404 9.38796901702881 26.0733947753906 13.3743772506714 6.68215036392212 4.17346906661987 7.02937364578247 7.72006130218506 19.516809463501 29.6145420074463 5.49221467971802 4.76876926422119 3.65203762054443 4.17634201049805 4.47716760635376 6.8586540222168 6.69305610656738 2.19307994842529
15.4759864807129 12.694483757019 10.5790224075317 9.97032356262207 7.89060640335083 8.42535209655762 7.49302959442139 8.30059909820557 6.4633412361145 7.52662324905396 5.63587188720703 5.16374778747559 5.40517139434814 4.98017358779907 4.06065368652344 4.85564947128296 4.52523708343506 4.8180775642395 4.73916244506836 4.56916618347168 4.25886964797974 4.67478704452515 4.41824293136597 4.70327854156494 5.44460296630859 7.91833353042603 11.4840888977051 3.59017753601074 9.35568618774414 17.7707538604736 9.54896068572998 13.5742053985596 7.34555339813232 6.49849081039429 6.88483381271362 5.88415670394897 5.57043123245239 5.29879856109619 5.93287038803101 5.15851449966431 3.71959114074707 4.69848585128784 2.94344973564148 5.76153087615967 8.70231056213379 2.75337433815002
21.4119758605957 17.1128616333008 11.4312925338745 10.3592901229858 8.32594108581543 9.00716590881348 8.08338069915771 8.87888145446777 6.65005874633789 7.82783126831055 7.7053370475769 5.2528223991394 5.49865818023682 5.0340428352356 4.25830554962158 4.9130973815918 4.55963897705078 4.77959585189819 4.84431028366089 4.61529493331909 4.31231498718262 4.76900339126587 4.54340410232544 4.89286470413208 5.63838005065918 5.99476623535156 15.143214225769 6.20930862426758 11.3475589752197 7.04243946075439 10.5500974655151 25.0425987243652 9.93755340576172 6.87554883956909 6.98228454589844 5.32581329345703 11.704665184021 6.96308898925781 6.62303447723389 5.82855558395386 3.79661226272583 3.58944511413574 7.16345453262329 11.3029556274414 13.3699340820312 2.97450709342957
36.7195281982422 22.3100738525391 18.0857028961182 11.4381561279297 8.94026470184326 9.52063941955566 8.65318202972412 9.67931747436523 6.98063135147095 7.42702579498291 8.28255176544189 6.07652759552002 5.60074758529663 4.48970079421997 5.10634613037109 4.88903999328613 4.93522977828979 4.8161940574646 4.89035940170288 4.64461851119995 4.36254119873047 4.86962795257568 4.30793333053589 4.97472238540649 5.85933494567871 7.28045225143433 22.2146015167236 7.33909749984741 4.13625764846802 7.54044628143311 15.4535083770752 14.5934200286865 12.7155828475952 7.93450927734375 7.90068054199219 5.55373287200928 10.9584884643555 7.34872913360596 7.63752508163452 7.26783990859985 4.22644186019897 5.49111032485962 9.61802959442139 22.5003929138184 2.75030827522278 3.20296049118042
13.3570308685303 36.6973686218262 23.3714160919189 16.7779769897461 9.72631454467773 10.1860933303833 9.40728855133057 10.5440053939819 7.2314600944519 3.52414226531982 8.71876335144043 6.34519004821777 5.73946380615234 4.54587936401367 5.17379283905029 4.93587493896484 4.98286151885986 4.87505769729614 4.95125293731689 4.6915454864502 4.43854904174805 4.99583435058594 4.44602346420288 5.07243824005127 6.07799673080444 10.7715625762939 38.9924697875977 6.34608697891235 4.40045738220215 8.61526107788086 17.2496280670166 22.5749740600586 11.484260559082 9.83278560638428 9.78794288635254 7.03706455230713 30.2233963012695 16.0019950866699 8.98937129974365 9.80989360809326 10.2625122070312 8.78007411956787 15.5550270080566 40.4551010131836 3.19050884246826 3.21391582489014
22.8182353973389 23.00217628479 31.8535995483398 20.926607131958 16.0044956207275 10.9545230865479 10.3945579528809 11.5881700515747 6.59709310531616 7.56869220733643 9.1943416595459 6.66712713241577 5.91008234024048 4.64500427246094 5.28977727890015 4.89768218994141 5.07080078125 4.95752906799316 5.02136516571045 4.73949909210205 4.5044584274292 5.13292360305786 4.6000599861145 5.03700685501099 5.70037603378296 21.0324668884277 4.43002653121948 7.30529117584229 5.3483943939209 10.1228284835815 19.9047508239746 22.6855792999268 23.5008869171143 9.62661266326904 11.984185218811 5.75237703323364 4.01623296737671 4.09597158432007 16.13987159729 13.4380693435669 14.5282983779907 15.1270093917847 32.0643653869629 2.24977087974548 3.31288123130798 3.28371143341064
23.1570606231689 23.0369281768799 50.0556602478027 28.7795658111572 20.0904674530029 11.8940849304199 11.7924489974976 13.129919052124 6.80756855010986 7.87167835235596 9.74260520935059 7.02872610092163 6.10617446899414 4.76475477218628 5.43927240371704 4.99772167205811 5.20370388031006 5.11661672592163 5.17981100082397 4.85181474685669 4.59411478042603 4.64231204986572 5.36861753463745 5.29409503936768 6.08212089538574 5.68918752670288 5.31109428405762 10.4254140853882 17.5427379608154 15.6006851196289 22.3826770782471 21.9879302978516 34.9416885375977 20.9572525024414 14.6681003570557 11.0318202972412 6.07610321044922 6.49875545501709 21.4857769012451 20.4450359344482 22.3229312896729 30.9942569732666 3.01592302322388 3.04035115242004 3.53899145126343 4.82658290863037
0.927921235561371 1.31205689907074 4.48663949966431 46.1966133117676 27.580738067627 14.9274425506592 3.42360806465149 14.1955976486206 15.8979043960571 8.22770595550537 10.36448097229 7.42478466033936 6.30402851104736 4.88083696365356 5.60634899139404 4.32823371887207 5.4032187461853 5.36861515045166 5.45269298553467 5.13756990432739 4.64305448532104 4.88948154449463 5.63921308517456 5.628089427948 6.43735551834106 7.14277648925781 6.99250078201294 20.1976642608643 32.6314353942871 16.267728805542 22.6133346557617 24.0587997436523 50.3167343139648 27.1800098419189 18.0601921081543 18.6737022399902 15.7545118331909 19.4433517456055 31.9425315856934 38.5345191955566 40.8810424804688 3.82115054130554 4.10182237625122 4.82060575485229 19.7921562194824 5.51435089111328
0.953912675380707 3.3781852722168 6.69073390960693 13.1484050750732 44.5116119384766 18.7463474273682 3.46246337890625 18.1422786712646 20.3098068237305 8.69882392883301 11.1648063659668 7.85162544250488 6.46603918075562 4.98381042480469 5.78727674484253 4.45670080184937 5.63154983520508 5.64923143386841 5.76144361495972 5.52298974990845 5.35099601745605 5.14656400680542 5.9480094909668 5.98884153366089 6.46450424194336 7.32077693939209 8.90657997131348 7.3873291015625 5.48908996582031 13.6988925933838 12.6923122406006 51.0250434875488 40.9593124389648 36.4896850585938 23.1595840454102 24.2805118560791 24.6111698150635 36.5754127502441 52.9748802185059 7.51341104507446 3.66782712936401 4.25445508956909 5.06978940963745 11.6726417541504 3.60769438743591 6.13061475753784
7.98013877868652 6.47374391555786 19.1310863494873 10.0159730911255 12.6110515594482 25.5702571868896 13.417763710022 25.4360942840576 28.5750045776367 9.36511421203613 12.2414789199829 8.37672138214111 6.69126653671265 5.12457847595215 5.97843503952026 4.57250118255615 5.83329725265503 5.91256046295166 6.07551002502441 5.73878860473633 6.11046266555786 5.42323780059814 6.25776147842407 6.33682441711426 6.82806062698364 7.80350208282471 9.68592548370361 10.1393432617188 29.8560886383057 10.1513710021973 32.5248680114746 26.4381675720215 0.736585915088654 52.699405670166 30.7869739532471 33.6753730773926 43.1813850402832 20.5730934143066 3.40111494064331 4.01720952987671 4.80777740478516 4.34407711029053 4.15412473678589 13.2910823822021 4.92099571228027 4.43495321273804
13.6848764419556 12.2018918991089 3.98212218284607 10.724928855896 17.485595703125 42.0943069458008 20.7291812896729 42.3654251098633 46.4438438415527 10.1449680328369 13.8080472946167 9.12815952301025 6.6381630897522 7.08813905715942 6.19605827331543 4.70128059387207 6.08990430831909 5.62198638916016 6.42701101303101 6.02073764801025 6.64126825332642 5.71914434432983 6.58160400390625 6.70360517501831 7.20038223266602 8.44017601013184 10.5096054077148 11.1364660263062 6.6711311340332 11.2986030578613 50.3902549743652 18.3712139129639 0.80491715669632 2.64513874053955 47.0888442993164 51.698314666748 8.67066287994385 3.87933802604675 5.22948408126831 5.59842586517334 5.2331223487854 4.62256956100464 13.0201253890991 3.15773606300354 5.10471296310425 4.77118921279907
