slauniainen/Data/DEM/Vihti_dem1500b_cl_horizonAngle_180.asc
NCOLS 196 
NROWS 178 
XLLCORNER 353680 
YLLCORNER 6699024 
CELLSIZE 16 
NODATA_value -3.4e+38 
[rows 80 to 99 of 178, columns 45 to 89 of 196]
1.89837646484375 1.88124752044678 1.87583768367767 1.8547774553299 1.91671478748322 1.89802777767181 1.79468846321106 1.76357483863831 1.74043798446655 1.88785016536713 2.30338025093079 2.2962441444397 2.27147173881531 2.09901881217957 1.81186282634735 1.58791518211365 1.46663522720337 1.48829090595245 1.6619793176651 1.68160259723663 1.58678185939789 1.59581577777863 1.42648148536682 1.28561615943909 1.25024962425232 1.27011179924011 1.3130224943161 1.490607380867 1.6709862947464 2.52100658416748 3.6065821647644 3.78606796264648 3.92754745483398 2.56850790977478 2.86328816413879 2.98390650749207 2.66936874389648 2.08873176574707 2.17868208885193 2.2671263217926 3.0479621887207 3.75261902809143 3.67133355140686 3.30347657203674 2.14417815208435
1.9376847743988 1.9845552444458 1.96030366420746 1.95090520381927 2.03879380226135 2.0138738155365 1.9233695268631 1.87596046924591 1.83000040054321 1.93963897228241 2.37699198722839 2.42803287506104 2.39051365852356 2.18053388595581 1.89288926124573 1.66736960411072 1.55192196369171 1.54125988483429 1.71253764629364 1.74031591415405 1.6616462469101 1.73793840408325 1.60684955120087 1.4435418844223 1.3809005022049 1.3783632516861 1.40693020820618 1.5696839094162 1.70969092845917 1.97456359863281 1.95164597034454 1.70651090145111 2.17391085624695 2.57145023345947 3.07449674606323 3.23353695869446 2.90534234046936 2.25133037567139 2.21604657173157 2.67434287071228 3.50697755813599 4.63735818862915 4.2878475189209 3.67420411109924 2.17074203491211
1.99656140804291 2.12213373184204 2.04866623878479 2.05493545532227 2.18962168693542 2.15178442001343 2.01905012130737 1.94408774375916 1.90797412395477 2.01812338829041 2.49169683456421 2.5221860408783 2.50814199447632 2.31157326698303 1.99539411067963 1.76291072368622 1.67230260372162 1.59632110595703 1.77059364318848 1.79897797107697 1.7271808385849 1.84243416786194 1.76102244853973 1.62342953681946 1.54469859600067 1.50837016105652 1.50456833839417 1.6439665555954 1.7730096578598 2.05644416809082 2.00736856460571 1.71407079696655 2.18333411216736 2.58981156349182 3.33326506614685 3.54322671890259 3.14658951759338 2.46536707878113 2.24063420295715 2.28495669364929 3.69720482826233 5.08093595504761 5.37039518356323 4.93658208847046 2.2053656578064
2.13495326042175 2.18272161483765 2.14082765579224 2.19803547859192 2.26555585861206 2.21181297302246 2.0927369594574 2.03260183334351 2.02382850646973 2.12931489944458 2.63223457336426 2.66079330444336 2.60280227661133 2.3903329372406 2.0692241191864 1.9250556230545 1.8386949300766 1.70861721038818 1.83721113204956 1.86833333969116 1.78831815719604 1.92488384246826 1.85863494873047 2.23504781723022 1.67094647884369 1.60133790969849 1.58187222480774 1.7299063205719 1.87382626533508 2.14621043205261 2.08696341514587 1.75391018390656 2.24890685081482 2.68012690544128 3.69095873832703 3.8821165561676 3.38586688041687 2.69078803062439 2.26894211769104 2.39650321006775 6.63013219833374 7.74970865249634 6.99698829650879 6.53408098220825 2.24497723579407
2.59570956230164 2.24912595748901 2.34570741653442 2.42840218544006 2.35607933998108 2.30795836448669 2.23035931587219 2.19376754760742 2.18592953681946 2.23132801055908 2.73521971702576 2.7540545463562 2.69270300865173 2.48237133026123 2.14624357223511 2.01462984085083 1.96285378932953 2.02751207351685 2.00896573066711 1.96135294437408 1.92818295955658 1.99401104450226 1.94480812549591 3.03283834457397 2.40728282928467 2.26456451416016 2.28315424919128 1.80418682098389 1.96209442615509 2.25361275672913 2.18904447555542 1.82035791873932 2.376384973526 2.84829187393188 4.18587255477905 4.29959630966187 3.7929539680481 2.92736721038818 2.29993557929993 2.29844927787781 2.21345710754395 2.19295382499695 3.55675315856934 4.05922031402588 2.24606204032898
3.69010376930237 2.63094139099121 2.36237478256226 2.53535842895508 2.5178644657135 2.43264079093933 2.35330152511597 2.31399488449097 2.27774667739868 2.31679344177246 2.82924032211304 2.86599588394165 2.82102155685425 2.589768409729 2.22907137870789 2.16495966911316 2.16585206985474 2.20916056632996 2.26122832298279 2.44064784049988 2.18406653404236 2.04456448554993 2.06298637390137 3.55480265617371 4.6697735786438 4.15973329544067 4.51106595993042 1.86619520187378 2.04485535621643 2.36549663543701 2.30769515037537 1.90628099441528 2.54118680953979 2.94992971420288 4.89551258087158 4.9460825920105 4.22380256652832 3.22247576713562 2.32417130470276 2.33119440078735 2.41432929039001 2.21894359588623 2.16504383087158 2.14601111412048 2.26716303825378
2.22432971000671 3.24075651168823 2.65530323982239 2.700439453125 2.58289909362793 2.93580269813538 2.47156381607056 2.36108541488647 2.41325950622559 2.51325297355652 2.97362589836121 3.0038959980011 2.94258046150208 2.69796562194824 2.39410328865051 2.34875011444092 2.42318940162659 2.57169723510742 2.69227886199951 2.70915269851685 2.51538944244385 2.06754565238953 2.10803318023682 3.77282071113586 1.68254995346069 1.63290989398956 1.61690962314606 1.87570011615753 2.09692907333374 2.46696376800537 2.41685724258423 2.00312256813049 2.67280578613281 3.38874816894531 5.42473602294922 5.55974578857422 4.84473705291748 3.61654734611511 2.3382887840271 2.65910816192627 3.05902981758118 2.30605340003967 2.21594834327698 2.1954779624939 2.31421661376953
2.42994832992554 4.72611093521118 3.12735748291016 3.01627707481384 2.69325494766235 2.61363101005554 3.66075944900513 3.3883535861969 2.77784514427185 2.77218008041382 3.12410736083984 3.18030977249146 3.11949276924133 2.85290551185608 2.71544456481934 2.70531535148621 2.88933730125427 2.99492239952087 2.933260679245 2.7653341293335 2.60479354858398 2.2884955406189 3.68550562858582 5.9103102684021 2.61499214172363 1.68794667720795 1.67357420921326 1.89750516414642 2.11855483055115 2.52572393417358 2.51372170448303 2.10755443572998 2.82517671585083 2.96447658538818 5.62506008148193 6.22366333007812 5.60992622375488 4.13178110122681 2.44809150695801 3.04233646392822 3.93392419815063 3.27453851699829 2.26707530021667 2.29333114624023 2.39364361763
2.77275490760803 2.25604701042175 2.95847344398499 3.43156266212463 3.0395302772522 2.66057562828064 2.61494874954224 2.55306506156921 2.72360968589783 2.84751033782959 3.19638681411743 3.36344170570374 3.43170785903931 3.24096751213074 3.30837249755859 3.38065409660339 3.35957288742065 3.23833537101746 2.97491955757141 2.98688340187073 2.91742300987244 2.52108836174011 1.94742977619171 1.66396331787109 1.69547212123871 1.75021302700043 1.77453196048737 1.94769310951233 2.1616199016571 2.58681797981262 2.61506485939026 2.21326184272766 3.05572462081909 3.3402304649353 6.74092531204224 7.49922657012939 6.96489000320435 4.876877784729 2.62748336791992 3.18329071998596 2.86826181411743 2.26204657554626 2.29524946212769 2.41983652114868 2.48989510536194
2.79903674125671 2.62332129478455 3.32810688018799 4.27832937240601 4.1834716796875 2.80542802810669 2.68868064880371 2.6683566570282 2.87308096885681 2.88288831710815 3.20539832115173 3.27963876724243 3.23547458648682 3.51447176933289 3.57935523986816 3.58559060096741 3.47598385810852 3.27315974235535 3.46060419082642 3.43282413482666 3.17384219169617 2.64002895355225 2.60137367248535 1.79841077327728 1.76776552200317 1.7699099779129 1.78645431995392 2.00816822052002 2.23390650749207 2.65929913520813 2.69055938720703 2.2877345085144 3.29990601539612 4.35694742202759 9.50643444061279 9.1352424621582 8.12703323364258 5.96285390853882 2.75703430175781 2.33237886428833 2.23367714881897 2.26485323905945 2.31757426261902 3.20911026000977 2.5593740940094
2.28035163879395 2.58493304252625 3.73700714111328 4.34377336502075 6.3550238609314 2.95088887214661 2.82195973396301 2.94882416725159 3.16911125183105 3.20721745491028 3.28556299209595 3.33358931541443 3.26063084602356 3.31326699256897 3.81665515899658 3.9392876625061 3.9144880771637 3.98020267486572 3.86146426200867 3.82617497444153 3.4809787273407 2.82395458221436 2.08806109428406 1.88784611225128 1.81863856315613 1.8234099149704 1.85246562957764 2.06826043128967 2.32147026062012 2.75121235847473 2.76575136184692 2.35527586936951 3.49760055541992 5.2737398147583 3.02637124061584 5.96292161941528 5.88415670394897 5.46584224700928 3.02801966667175 2.34561204910278 2.24148869514465 2.29399800300598 2.34272050857544 2.47061586380005 3.44629907608032
1.99856305122375 2.23408055305481 2.10370993614197 2.16262412071228 2.54645609855652 3.0009651184082 3.22207403182983 3.38424253463745 3.22277879714966 3.08016586303711 3.31361603736877 3.37530708312988 3.26628708839417 3.31426787376404 3.99533319473267 4.25830554962158 4.40092182159424 4.36496067047119 3.98618412017822 3.80656409263611 3.76328611373901 2.920161485672 2.09645104408264 1.90859961509705 1.90146827697754 1.87566649913788 1.91107225418091 2.14050102233887 2.40738821029663 2.85863900184631 2.8643102645874 2.52605795860291 3.60059881210327 2.9988534450531 1.59543657302856 1.0894341468811 3.44612216949463 2.20050597190857 2.3830304145813 2.38749623298645 2.27802228927612 2.33050751686096 2.39126253128052 2.49067759513855 2.64386391639709
1.81140041351318 2.27100896835327 2.69071292877197 2.39604187011719 2.70323324203491 3.22227835655212 2.98357033729553 3.18119335174561 3.65648078918457 3.69228482246399 3.42785477638245 3.4457643032074 3.29482841491699 2.92194390296936 3.22903227806091 3.59307098388672 3.71820831298828 3.86203551292419 3.60832381248474 3.58243036270142 3.37241291999817 2.54303193092346 2.06215405464172 1.91241121292114 2.56685590744019 1.94267570972443 1.96958220005035 2.23006129264832 2.48872852325439 2.9712221622467 2.9848005771637 2.72493028640747 3.83769726753235 3.31508231163025 1.97469663619995 1.27286338806152 1.49448466300964 1.92210268974304 2.34954619407654 2.45238709449768 2.39787101745605 2.45466709136963 2.50905895233154 2.57585620880127 2.58305668830872
1.84490346908569 1.97544860839844 2.23658347129822 3.07926416397095 3.3656063079834 3.13015222549438 3.0802583694458 3.18997716903687 3.93917226791382 4.15588808059692 3.51659488677979 3.51831150054932 3.34894323348999 2.93178701400757 2.54030752182007 2.69638323783875 3.04711771011353 3.10150671005249 3.27050805091858 3.51576471328735 3.40457963943481 2.74516344070435 2.07948875427246 1.9437814950943 1.87755072116852 2.34224152565002 2.03658366203308 2.29987144470215 2.57445049285889 3.06805777549744 3.08481001853943 2.99678134918213 4.42642831802368 4.14107894897461 2.86292028427124 2.15472793579102 1.70174992084503 2.02960705757141 2.36525702476501 2.51477718353271 2.56295609474182 2.67537665367126 2.72819685935974 2.74258971214294 2.7070460319519
1.88154757022858 2.02830934524536 2.16600036621094 2.77877187728882 3.12357807159424 3.18124461174011 3.126145362854 2.93437218666077 3.31468987464905 3.82043600082397 3.56452322006226 3.57086753845215 3.42014741897583 2.96735525131226 2.56918716430664 2.32000660896301 2.43400263786316 2.36579322814941 2.03668284416199 1.95599341392517 2.26200723648071 2.2968270778656 2.09906268119812 1.98421847820282 1.92077362537384 1.98315119743347 2.15715503692627 2.38417410850525 2.66069507598877 3.18212294578552 3.2033953666687 3.37442755699158 5.13555383682251 5.19735813140869 4.36505317687988 3.10821461677551 2.24647402763367 2.16181564331055 2.44537162780762 2.59771203994751 2.69337773323059 2.85966348648071 2.95856499671936 2.9594395160675 2.88139319419861
1.96258556842804 2.10316681861877 2.2294909954071 2.65032982826233 3.23717522621155 3.28666090965271 3.01250696182251 2.53552198410034 2.48450756072998 3.09543180465698 3.51897644996643 3.62163066864014 3.48687624931335 3.14756202697754 2.74928617477417 2.33817744255066 1.98195493221283 1.62000584602356 1.89065909385681 1.91783702373505 1.81020963191986 2.11810731887817 2.12983679771423 2.04813981056213 2.00487446784973 2.06904911994934 2.27220034599304 2.46597146987915 2.77797889709473 3.31497955322266 3.32742309570312 3.78610491752625 5.78706979751587 6.70437955856323 5.5496506690979 4.22423839569092 2.97841858863831 2.31388974189758 2.60843706130981 2.73311901092529 2.84282445907593 3.03816890716553 3.17138862609863 3.15038847923279 3.00681114196777
2.21557831764221 2.31475853919983 2.36006784439087 2.90716314315796 3.25561881065369 3.52628421783447 3.13113689422607 2.53919410705566 2.22737669944763 2.26424813270569 3.47309565544128 3.64947414398193 3.53245401382446 3.63361716270447 2.98280549049377 2.38281202316284 2.04674673080444 1.6690582036972 1.93461537361145 1.98466718196869 1.87266826629639 2.2076895236969 2.22328162193298 2.17743730545044 2.13833594322205 2.32102227210999 2.489262342453 2.58531832695007 2.90376996994019 3.49437284469604 3.56793856620789 4.29780673980713 6.68978404998779 8.48198795318604 7.0439510345459 5.32850742340088 3.77963757514954 2.45877456665039 2.82316422462463 2.96544647216797 3.04792022705078 3.23028230667114 3.32831478118896 3.26785445213318 3.11124181747437
2.67829561233521 2.58605098724365 2.44093227386475 2.87551093101501 3.35358548164368 3.32490086555481 3.50135254859924 2.84387040138245 2.41934394836426 2.34433269500732 3.53317475318909 3.66747093200684 3.53705549240112 2.99478387832642 2.55221390724182 2.46109628677368 2.21512818336487 2.12404847145081 1.98084223270416 2.14629149436951 1.9784529209137 2.37615585327148 2.37629508972168 2.33351898193359 2.37276864051819 2.57976508140564 2.74092483520508 2.77670979499817 3.02714776992798 3.66063690185547 3.66362547874451 7.14165353775024 8.44677257537842 10.7487602233887 9.46449279785156 6.69300031661987 4.74124908447266 2.59967350959778 3.05097055435181 3.2419593334198 3.32679915428162 3.41544103622437 3.45475721359253 3.38417744636536 3.21739649772644
3.20559692382812 2.90542364120483 2.61480808258057 2.03848361968994 2.93820071220398 2.9683575630188 3.06665086746216 2.46438241004944 2.7184841632843 2.91394853591919 3.74187684059143 3.71775937080383 3.53863334655762 2.99587821960449 2.5704140663147 2.40618515014648 2.20694422721863 1.62772881984711 1.99692344665527 2.29876232147217 2.19179224967957 2.5639808177948 2.54050779342651 2.47488498687744 2.59310507774353 2.82312870025635 3.00031733512878 3.07289552688599 3.18596529960632 3.77902054786682 3.76260471343994 4.37277317047119 7.67352819442749 10.9169425964355 7.58840179443359 7.41742324829102 5.92586660385132 3.48705887794495 3.26803255081177 3.47432708740234 3.52165269851685 3.57676315307617 3.5824499130249 3.5066385269165 3.33215260505676
3.03656053543091 3.62103199958801 3.00596928596497 2.06145834922791 2.61388802528381 3.00655055046082 1.9838684797287 2.53458595275879 3.19204711914062 3.67413258552551 3.97233915328979 3.92779994010925 3.61583781242371 3.0143563747406 2.2486789226532 1.71775317192078 1.53287255764008 1.62764942646027 2.03073906898499 2.48009276390076 2.43842744827271 2.76683878898621 2.71417784690857 2.61304664611816 2.8195788860321 3.05686163902283 3.2939441204071 3.30732941627502 3.30911207199097 3.91225528717041 3.77077531814575 4.55273723602295 6.42940902709961 5.68056058883667 7.69044637680054 8.21997356414795 8.03383541107178 4.56345844268799 3.38340449333191 3.64223098754883 3.66537952423096 3.71446228027344 3.71766519546509 3.63834095001221 3.46280479431152
