slauniainen/Data/DEM/Vihti_dem1500b_cl_horizonAngle_336.asc
NCOLS 196 
NROWS 178 
XLLCORNER 353680 
YLLCORNER 6699024 
CELLSIZE 16 
NODATA_value -3.4e+38 
[rows 100 to 119 of 178, columns 0 to 44 of 196]
0.514561533927917 0.355407238006592 0.145374491810799 -0.117341697216034 -0.392811983823776 -0.453415721654892 -0.250842243432999 0.438025861978531 1.0162832736969 1.52779793739319 1.71617615222931 1.9302054643631 1.69116318225861 1.61475300788879 1.5386255979538 1.24914193153381 1.12474703788757 1.07435095310211 1.1384311914444 1.19587862491608 1.25517308712006 1.36890804767609 1.49657607078552 1.39205229282379 1.2493292093277 1.2364935874939 1.11805152893066 1.14199805259705 1.10218191146851 1.05049848556519 1.01835370063782 1.06597518920898 0.993584275245667 0.857591092586517 0.649174690246582 0.58025711774826 0.506697416305542 0.379106134176254 0.330331057310104 0.388221949338913 0.607107222080231 0.754527509212494 0.95987069606781 0.996866583824158 0.68595677614212
0.396486163139343 0.225337833166122 0.17246176302433 2.13228797912598 3.02526783943176 -0.401458293199539 -0.393566876649857 0.0640503838658333 0.640045046806335 1.42910933494568 1.74958682060242 1.50227034091949 1.56520545482635 1.46737766265869 1.4153174161911 1.2003310918808 0.969513773918152 1.00456821918488 1.02031898498535 1.06872630119324 1.19767868518829 1.2594085931778 1.3277633190155 1.41317462921143 1.21092545986176 1.06801438331604 1.13791298866272 1.09198939800262 0.995579659938812 0.998946905136108 0.984826505184174 1.03647100925446 0.944754838943481 0.892138838768005 0.703640639781952 0.545049786567688 0.430166363716125 0.606662034988403 0.17693492770195 0.0312729589641094 0.392587184906006 0.633694529533386 0.793365001678467 0.926479756832123 0.772930324077606
0.375727981328964 0.211017414927483 0.160290643572807 3.21039032936096 5.6301965713501 5.15570020675659 1.95631015300751 0.830206155776978 0.343285739421844 0.934710502624512 1.41948413848877 1.58624577522278 1.48563539981842 1.37216532230377 1.34364640712738 1.14964199066162 0.890055239200592 0.917419612407684 0.913519144058228 0.997667014598846 1.08782505989075 1.21122455596924 1.27471601963043 1.37490725517273 1.26505529880524 1.11300444602966 1.09433555603027 0.960034728050232 0.986533522605896 0.97887647151947 0.964991271495819 1.01186633110046 0.933449029922485 1.03952264785767 0.744134962558746 0.519699990749359 0.488797456026077 0.357134282588959 0.158866956830025 -0.181676179170609 0.103335283696651 0.442107945680618 0.574791848659515 0.745794534683228 0.812688648700714
0.359344601631165 0.551124632358551 0.182201504707336 1.69019997119904 4.34541654586792 4.82919597625732 3.85771203041077 2.4170994758606 1.18851506710052 0.672313034534454 1.34930562973022 1.52853286266327 1.32814168930054 1.30985128879547 1.32203304767609 1.28229415416718 0.881262004375458 0.829253852367401 0.856290698051453 0.9072345495224 0.990793347358704 1.13138508796692 1.18041336536407 1.22583508491516 1.28331828117371 1.08012974262238 0.93354070186615 0.984322428703308 0.968335151672363 0.917359232902527 0.914935052394867 0.904069483280182 0.941485166549683 0.866403579711914 0.74017333984375 0.767257571220398 0.432518839836121 0.327744543552399 2.05474615097046 2.29418110847473 -0.124460406601429 0.316306829452515 0.508955955505371 0.608622252941132 0.726422429084778
0.402252018451691 0.273575842380524 1.12743675708771 0.94966447353363 2.39339423179626 3.77507853507996 3.49762988090515 3.08181810379028 1.98163294792175 1.1094034910202 0.949457705020905 1.40168452262878 1.29066944122314 1.74434196949005 2.44566106796265 1.69524991512299 1.67131018638611 0.823669791221619 0.802975058555603 0.79043710231781 0.86213207244873 1.01020014286041 1.35994935035706 1.19106149673462 1.25190198421478 1.13640224933624 0.980323791503906 0.967906653881073 0.880256295204163 0.931866705417633 1.09489631652832 0.889694154262543 0.907100200653076 0.820551335811615 0.78065299987793 1.0150238275528 0.673480272293091 0.322812914848328 2.72422885894775 8.44826984405518 2.8747341632843 0.0893947184085846 0.331914275884628 0.438038200139999 0.631474018096924
0.414422392845154 0.326098054647446 0.23670569062233 0.885768234729767 1.88402938842773 3.42571878433228 3.38870739936829 3.19874858856201 2.13699746131897 1.33304750919342 0.916086375713348 1.23907268047333 1.32723784446716 1.65785419940948 1.93002843856812 1.32490241527557 2.2808153629303 1.46359598636627 0.769273459911346 0.716567635536194 0.768495678901672 0.8790642619133 1.02356910705566 1.10186350345612 1.11107552051544 1.1523402929306 0.965973317623138 0.84300309419632 0.919125735759735 0.919128835201263 0.893912553787231 0.799031734466553 0.781910300254822 0.827372252941132 0.765601456165314 0.729875504970551 1.03528940677643 0.720915734767914 1.17574763298035 3.98704051971436 7.6641092300415 3.5537645816803 0.168011173605919 0.251269519329071 1.1113646030426
0.42863467335701 0.384389609098434 0.254249006509781 0.229371026158333 0.187716916203499 1.50785315036774 2.60358214378357 2.95023441314697 2.24524188041687 1.85674738883972 1.1709588766098 0.837795495986938 1.32212281227112 1.7221577167511 1.46469902992249 1.28982937335968 1.4946117401123 1.99894499778748 1.28564929962158 0.722505033016205 0.700112104415894 0.793553590774536 0.951181173324585 1.02047181129456 1.05239081382751 1.12770819664001 1.03557419776917 0.905794858932495 0.912824809551239 0.884695410728455 0.780269920825958 0.76959627866745 0.759328961372375 0.805363714694977 0.725343585014343 0.684230804443359 1.18545603752136 1.4620943069458 0.768077075481415 0.700646877288818 3.53919887542725 3.87293362617493 2.44908404350281 0.0881742835044861 1.09687221050262
0.438978254795074 0.381993234157562 0.58120185136795 1.24916660785675 1.19136846065521 0.927461981773376 2.44019317626953 2.45080161094666 2.59356927871704 2.07970547676086 1.65591931343079 0.702680051326752 0.998013496398926 1.26690244674683 1.27015995979309 1.28807067871094 1.25920104980469 1.60032045841217 1.89450919628143 1.2703572511673 0.704500079154968 0.762960910797119 1.5248761177063 0.912600874900818 0.946279227733612 1.01456689834595 1.06885862350464 1.19777238368988 0.886832475662231 0.758150935173035 0.781644761562347 0.750240445137024 0.689001977443695 0.695815086364746 0.73438423871994 0.675576627254486 0.976799964904785 1.86660373210907 1.3077677488327 2.96570777893066 1.3329850435257 3.47076535224915 3.09177136421204 2.02743268013 2.18075275421143
1.07767677307129 0.634853780269623 0.886911153793335 2.3622612953186 3.75957274436951 3.08512115478516 2.99540686607361 3.50833415985107 3.29880118370056 2.50090980529785 2.13011884689331 1.30666410923004 0.783480703830719 1.08708918094635 1.11873281002045 1.22934925556183 1.19957840442657 1.19471347332001 1.74275887012482 2.22350311279297 1.61502110958099 2.24937725067139 0.958386719226837 0.817074120044708 0.857023894786835 0.97470360994339 1.05435013771057 0.886607527732849 0.762501776218414 0.980760335922241 0.78102046251297 0.692927062511444 0.676763117313385 0.681079506874084 0.721544921398163 0.648490071296692 0.660094916820526 1.56092667579651 2.18451952934265 3.18222856521606 3.73711585998535 5.43124103546143 5.02342414855957 3.92822742462158 3.03108596801758
1.93496692180634 1.39977359771729 1.63448524475098 1.80580973625183 2.6810085773468 3.55767154693604 4.16560363769531 3.76049780845642 3.52489614486694 2.87354874610901 2.66993260383606 2.26740193367004 1.48131155967712 0.868327021598816 1.03123033046722 1.14200139045715 1.12426710128784 1.46591675281525 2.97377300262451 3.68572330474854 3.97277998924255 2.13168668746948 0.727847993373871 0.752857208251953 0.836089015007019 0.919879913330078 1.00511538982391 0.912395358085632 0.82002580165863 0.815577864646912 0.705564439296722 0.71838390827179 0.847305178642273 0.623257637023926 0.61272394657135 0.639047980308533 0.606731653213501 0.87483823299408 2.02864694595337 3.01672649383545 4.66534996032715 3.07541584968567 3.53704690933228 3.37837409973145 2.93798589706421
2.86619067192078 2.0888659954071 1.64169073104858 2.06809711456299 2.42715525627136 2.95889449119568 2.6764988899231 2.75884294509888 2.70557165145874 2.57963132858276 2.42703866958618 2.69615626335144 2.60235023498535 1.69891500473022 1.01510095596313 1.03878593444824 2.43660712242126 1.70573174953461 1.21083402633667 1.71825182437897 2.02201461791992 0.7935711145401 0.670263171195984 0.705927431583405 0.7642702460289 0.809079349040985 0.887055456638336 0.941554725170135 0.797385454177856 0.693763554096222 0.749045073986053 0.710620582103729 0.620092570781708 0.618166506290436 0.572520315647125 0.554842233657837 0.552078783512115 0.515255570411682 1.78944659233093 3.03522562980652 3.31801176071167 3.13655614852905 3.44436407089233 3.20418667793274 2.69719696044922
2.92591118812561 1.35537528991699 1.30074203014374 1.72692668437958 2.03660225868225 2.26647782325745 2.46730136871338 2.31171059608459 2.59694314002991 3.0440526008606 3.21642279624939 3.2148323059082 2.99489212036133 2.14338159561157 1.29562449455261 0.995412290096283 1.03612112998962 1.11183905601501 1.15693426132202 1.0223423242569 0.806853950023651 0.70450621843338 0.602220296859741 0.648630738258362 0.698424577713013 0.757681608200073 0.836745023727417 0.919102311134338 0.849255204200745 0.741288363933563 0.745589852333069 0.925109684467316 0.647702217102051 0.613792538642883 0.565484881401062 0.493322163820267 0.408067613840103 0.389807254076004 0.888618290424347 1.8978796005249 3.15781021118164 2.80901527404785 2.51516723632812 2.96069598197937 2.74843144416809
2.84675931930542 1.03948247432709 1.0760931968689 1.28592824935913 1.57262063026428 1.86988282203674 2.09833979606628 1.98746430873871 2.11379265785217 2.55960321426392 3.03487157821655 3.60584855079651 3.06562662124634 2.37311744689941 1.44314539432526 0.960425794124603 0.980486452579498 0.997077643871307 1.07215631008148 1.02264440059662 0.74298095703125 0.663760125637054 0.622289955615997 0.623514533042908 0.646528303623199 0.697647631168365 0.74367368221283 0.81186443567276 0.869596004486084 0.729959845542908 0.633007287979126 0.684481620788574 0.648454010486603 0.559364080429077 0.478820621967316 0.511212408542633 0.397128164768219 0.271115511655807 0.333309471607208 0.842251896858215 1.72947955131531 2.16210770606995 2.46028804779053 2.4710009098053 2.63059258460999
3.19065809249878 1.90026748180389 0.893824100494385 0.791560173034668 0.756381630897522 0.904380202293396 1.49666154384613 1.76854383945465 1.71186900138855 2.14499449729919 2.56925106048584 3.05172157287598 2.89525055885315 2.5114905834198 1.8055260181427 1.06524443626404 0.916926085948944 0.979066669940948 1.04706430435181 0.922739505767822 0.754420638084412 0.671366453170776 0.608402490615845 0.537539005279541 0.588302850723267 0.622638404369354 0.682808339595795 0.763035237789154 0.843584656715393 0.785182535648346 0.671365916728973 0.669431149959564 0.573130428791046 0.43236118555069 0.357863634824753 0.32565712928772 0.437588065862656 0.301727652549744 0.255146861076355 0.410309761762619 0.928400993347168 1.49132180213928 2.06336212158203 2.15255618095398 2.56448149681091
8.12724685668945 1.600825548172 0.563406705856323 0.482429921627045 0.19758015871048 0.195732682943344 0.811592936515808 1.44579374790192 1.59253942966461 1.73048102855682 2.23162913322449 2.52655959129333 2.75347948074341 2.51322102546692 2.0966784954071 1.30942404270172 0.914047479629517 1.10015153884888 0.988664746284485 0.858253657817841 0.905443787574768 0.633358955383301 0.561891317367554 0.507212340831757 0.55151629447937 0.562902927398682 0.619209766387939 0.660097479820251 0.73845511674881 0.791246235370636 0.663092136383057 0.544784128665924 0.436120182275772 0.356088250875473 0.333735883235931 0.284040480852127 0.221201404929161 0.349359840154648 0.292534470558167 0.349933564662933 0.595065653324127 0.802574813365936 1.33039820194244 1.90241515636444 2.41551327705383
7.98825168609619 2.94197463989258 1.19287037849426 0.287125200033188 -0.223921820521355 -0.266843050718307 0.0834583044052124 0.923492252826691 1.37917912006378 1.42723953723907 1.97383451461792 2.41206216812134 2.39075183868408 2.43399143218994 2.15388059616089 1.62362241744995 1.40270054340363 2.12864875793457 0.938962161540985 0.852121412754059 0.739830076694489 0.634981215000153 0.546468675136566 0.482670366764069 0.471218019723892 0.515276968479156 0.544428586959839 0.604549646377563 0.687885701656342 0.756896615028381 0.610269665718079 0.491185218095779 0.379085600376129 0.326478004455566 0.290048331022263 0.324457824230194 0.221338003873825 0.440060436725616 0.656475365161896 0.793521642684937 0.433435529470444 0.327626943588257 0.861818253993988 1.50196552276611 1.83755850791931
3.83904004096985 4.77675533294678 1.83352553844452 0.105718076229095 0.533941388130188 -0.423292964696884 -0.304817914962769 0.446911364793777 1.10731327533722 1.29731512069702 1.614741563797 2.08876347541809 2.34468674659729 2.30450177192688 2.19209313392639 1.95542693138123 1.92299258708954 2.0826358795166 0.90050345659256 0.796129524707794 0.715526938438416 0.663037538528442 0.526650249958038 0.463369935750961 0.443434834480286 0.486643940210342 0.491637945175171 0.548837065696716 0.587519705295563 0.634761273860931 0.577388167381287 0.491026729345322 0.356499403715134 0.293418735265732 0.200652047991753 0.139772713184357 0.509163558483124 0.678137838840485 0.673111498355865 0.499465435743332 0.638609886169434 0.709675014019012 0.875370919704437 1.15977001190186 1.53120374679565
1.89500296115875 6.48703241348267 3.70066022872925 2.09844279289246 2.83540821075439 2.59740662574768 -0.475653618574142 -0.0370735190808773 0.694071829319 1.19202864170074 1.36839926242828 1.84808599948883 2.22359204292297 2.17997074127197 2.07273697853088 1.91719090938568 1.7595841884613 1.53286123275757 0.855535268783569 0.786705732345581 0.700186371803284 0.646997690200806 0.539599597454071 0.458436369895935 0.403701096773148 0.405941843986511 0.450612902641296 0.481820076704025 0.519072532653809 0.560104429721832 0.523084282875061 0.44995653629303 0.76728492975235 2.19585466384888 2.30681037902832 2.81981873512268 2.18376922607422 0.0325116962194443 -0.0331523343920708 -0.0862927809357643 -0.0718769654631615 0.0403937324881554 0.398977279663086 0.853761672973633 1.36533296108246
1.61512553691864 3.66307210922241 0.40338197350502 0.561409950256348 -0.34718057513237 1.21841764450073 6.4351601600647 2.42494773864746 0.30097633600235 0.931299388408661 1.18011105060577 1.51983082294464 1.92158555984497 2.18849492073059 2.07051229476929 1.87790191173553 1.62918484210968 1.48392450809479 0.867348551750183 0.802917122840881 0.644728302955627 0.762559235095978 0.568433046340942 0.448123067617416 0.380565881729126 0.360519737005234 0.383844822645187 0.42109888792038 0.445554494857788 0.487558901309967 0.467480599880219 0.389488786458969 0.348272800445557 0.230246677994728 0.104506030678749 0.0386756882071495 -0.0133937308564782 -0.0541828013956547 -0.0548238232731819 -0.150687292218208 -0.263663709163666 -0.197076812386513 0.131331980228424 0.506664752960205 0.969281494617462
1.17700612545013 0.937500715255737 0.085055761039257 -0.107310555875301 -0.563582241535187 -0.168309032917023 2.69810056686401 4.25284051895142 0.914626657962799 0.612705409526825 1.11202538013458 1.32162892818451 1.82144904136658 2.09005308151245 2.04373407363892 1.89623367786407 1.68846571445465 1.36322200298309 0.895055770874023 0.801344752311707 1.79158914089203 0.639260470867157 0.560804009437561 0.437204599380493 0.375788688659668 0.316515445709229 0.322888284921646 0.352304458618164 0.385810792446136 0.352521806955338 0.337198317050934 0.323812007904053 0.301329880952835 0.175356402993202 0.074387714266777 0.0050337272696197 -0.0475848838686943 -0.0848227366805077 -0.146712139248848 -0.132601052522659 -0.217048719525337 -0.311436414718628 -0.106558986008167 0.181908965110779 0.552823603153229
