slauniainen/Data/DEM/Vihti_dsm1500b_cl_horizonAngle_54.asc
NCOLS 196 
NROWS 178 
XLLCORNER 353680 
YLLCORNER 6699024 
CELLSIZE 16 
NODATA_value -3.4e+38 
[rows 120 to 139 of 178, columns 138 to 183 of 196]
20.2344875335693 21.864803314209 11.0652160644531 8.40490055084229 5.7950644493103 3.35103917121887 0.716716706752777 5.93801116943359 7.49284791946411 5.15488386154175 0.148232579231262 2.62283897399902 3.55967688560486 2.3320574760437 4.0443549156189 10.3183355331421 4.32287931442261 9.83849811553955 9.86701011657715 8.50621604919434 6.37165594100952 8.86885261535645 10.2917032241821 7.37912225723267 20.5841369628906 8.50953674316406 0.0644412338733673 0.323959499597549 5.58386945724487 8.29667377471924 6.31047296524048 2.40569734573364 2.72940826416016 3.58082628250122 5.35675764083862 5.22218990325928 9.54032325744629 11.5229444503784 7.50116777420044 10.5105600357056 2.52751159667969 12.3914422988892 2.05304169654846 3.61321496963501 6.13672733306885 0.979155540466309
3.50102090835571 7.69296169281006 9.92717456817627 14.0941352844238 17.7499198913574 19.8259544372559 12.9283132553101 -0.463881611824036 -0.114149898290634 -0.778734743595123 0.160727322101593 4.92771148681641 -0.037787850946188 3.52881836891174 3.76992154121399 4.12501049041748 5.6190037727356 5.3051290512085 12.9740161895752 4.725754737854 8.2355899810791 5.00119256973267 2.73369240760803 6.91891574859619 15.1637401580811 11.1273412704468 1.86296331882477 2.58044981956482 15.4661340713501 0.337221771478653 5.92417192459106 16.7337799072266 2.16654300689697 4.62363815307617 2.58140873908997 3.61879563331604 6.07952880859375 2.99640440940857 0.495743095874786 1.180384516716 9.1271505355835 21.66819190979 7.14985322952271 1.95395481586456 1.27449119091034 9.19941711425781
6.80676555633545 7.4412317276001 9.08069038391113 13.6881942749023 7.41305875778198 14.8541536331177 20.1719207763672 15.7323808670044 8.87486553192139 0.675714373588562 0.634317517280579 11.4136018753052 14.6550798416138 5.88173151016235 7.36844062805176 3.44235944747925 3.15969514846802 6.44710969924927 4.55077075958252 5.53279829025269 5.01431131362915 2.1725766658783 1.45223581790924 11.3463726043701 9.82844066619873 21.0044555664062 1.80956292152405 15.0001764297485 13.012939453125 13.563136100769 0.286467373371124 5.73977088928223 3.08512163162231 1.12058055400848 8.44322872161865 21.6626682281494 31.07102394104 24.6954536437988 1.01406705379486 8.29829502105713 8.53118419647217 16.1777000427246 16.567626953125 16.2828540802002 2.76814460754395 9.40658950805664
5.67427730560303 17.3075752258301 5.77860164642334 3.40481352806091 -0.957288503646851 -1.04822027683258 -1.20406413078308 2.67307925224304 5.66738891601562 7.80579280853271 1.94817900657654 2.59596848487854 3.32254862785339 6.83118200302124 16.1699371337891 7.95329761505127 5.8070011138916 5.73054456710815 4.56213331222534 2.48278093338013 1.2156468629837 0.396526038646698 8.92518520355225 5.8757529258728 5.49954223632812 0.0512779504060745 0.101750701665878 19.5558662414551 1.12417244911194 13.6926517486572 1.38776123523712 3.4677677154541 9.3594388961792 3.09443473815918 10.2950658798218 13.3440160751343 13.9429197311401 21.6203136444092 13.340217590332 6.47311162948608 10.5174074172974 10.939398765564 12.4483165740967 16.9079570770264 6.12144088745117 9.12036323547363
2.80714321136475 3.21992921829224 7.19863319396973 -1.15810096263885 2.69625496864319 1.37591993808746 -0.62559562921524 -0.410017222166061 -1.25819647312164 0.891223311424255 1.60112953186035 2.88917636871338 4.42650699615479 2.17087435722351 3.22707414627075 3.41619420051575 3.34460473060608 1.90802955627441 1.40402138233185 2.05832052230835 5.72461938858032 1.39418578147888 10.0618324279785 8.75884246826172 14.3597726821899 13.3348722457886 6.88675308227539 24.503246307373 -0.465047717094421 1.25590717792511 1.04862260818481 0.945739030838013 7.74878406524658 6.67188787460327 9.60623550415039 9.96659469604492 4.56888675689697 7.03983592987061 5.76439046859741 6.71240663528442 8.83643436431885 9.51822185516357 6.33841180801392 13.2065925598145 8.05533409118652 4.32430934906006
-1.37339305877686 2.16032767295837 13.7042217254639 -1.52147233486176 -1.65649807453156 -1.07863509654999 0.804242849349976 -0.552073180675507 -0.175149083137512 1.17465054988861 1.90091645717621 7.20357465744019 1.36561155319214 2.0896463394165 2.83539748191833 12.29416847229 5.180992603302 7.80642604827881 2.82114100456238 -1.00272285938263 -0.0909115895628929 4.5309362411499 5.3766622543335 3.18181562423706 5.79051399230957 1.89187753200531 6.22087717056274 21.7339630126953 -0.137060686945915 0.490688174962997 0.603951871395111 2.5204918384552 5.32599496841431 8.51621532440186 7.90603065490723 18.8078708648682 8.75362873077393 15.5369491577148 10.3310070037842 6.58212518692017 2.08619785308838 4.58987236022949 4.81622838973999 14.0708675384521 20.6398029327393 7.57307243347168
0.377929449081421 8.8508996963501 12.3936862945557 12.2421770095825 -0.439920485019684 -1.82932615280151 -1.33332717418671 0.209592133760452 -0.128882691264153 0.618482530117035 1.42386722564697 4.07647132873535 2.36523056030273 34.3837890625 6.42422533035278 10.8024978637695 3.2163097858429 4.18410730361938 2.97147655487061 -0.575021028518677 -0.500346004962921 1.35332894325256 -0.670847773551941 0.134427443146706 0.529322385787964 2.65285730361938 4.78344106674194 17.6353607177734 13.1618843078613 0.517200350761414 0.952699184417725 2.52576804161072 5.74593830108643 4.4908332824707 5.07019805908203 5.09754133224487 5.2955117225647 3.7544949054718 14.0653886795044 17.8942623138428 3.27813243865967 3.53237986564636 9.03669357299805 2.71040177345276 6.6151294708252 2.76939511299133
-1.71891796588898 3.21925377845764 15.2901954650879 11.7239322662354 5.95110893249512 -0.0739519149065018 -1.34507274627686 -0.541430413722992 -0.171480029821396 -0.0405072756111622 0.208804354071617 1.81225824356079 4.75402641296387 32.4446640014648 15.4883289337158 7.06148767471313 1.13034749031067 4.85083484649658 12.0796575546265 -0.859677493572235 -1.04098165035248 -0.759159624576569 -0.685540974140167 -0.820654451847076 -1.20688605308533 0.693248093128204 0.480143398046494 12.5737771987915 16.9729118347168 11.597297668457 4.31950950622559 2.95987224578857 14.8288993835449 2.83821582794189 6.10569524765015 6.80566883087158 7.58878993988037 5.23458051681519 1.7375248670578 2.56542754173279 2.30095601081848 3.35531258583069 10.8588438034058 2.62514328956604 2.25887799263 5.42048072814941
-1.67504179477692 -1.09178340435028 14.5586948394775 14.9506587982178 16.9348964691162 4.80130195617676 -1.24087584018707 -0.499455004930496 -1.07332003116608 -0.580060482025146 0.378858000040054 0.477303445339203 5.20793056488037 29.2264270782471 30.9449424743652 7.33133983612061 10.4635715484619 2.29892492294312 3.66734337806702 -1.61241316795349 -1.42328763008118 -1.02210748195648 -1.4524974822998 -1.15174412727356 -0.655202388763428 7.14297580718994 7.31533527374268 7.29808807373047 2.65700554847717 11.5937423706055 2.08136320114136 1.93204653263092 6.60896778106689 4.38572216033936 3.8562023639679 3.83899784088135 3.79745864868164 8.46995830535889 1.93585383892059 2.05864357948303 1.6501796245575 1.71669483184814 2.19391870498657 2.19694232940674 2.05039954185486 2.29411005973816
-1.42335724830627 7.28988695144653 1.78984689712524 16.9420642852783 8.68311882019043 -1.46045124530792 -1.13657426834106 -0.947637259960175 -0.469009518623352 -0.48604542016983 0.789645910263062 1.38812470436096 10.406231880188 30.6481227874756 29.7270946502686 22.5771789550781 -0.435577780008316 2.24498581886292 -1.69914591312408 2.32015776634216 -1.56526815891266 -1.83650195598602 -1.00382792949677 1.62603497505188 0.132120504975319 2.86249232292175 1.56280767917633 2.16453504562378 1.32406234741211 0.65534245967865 1.72835671901703 1.8259152173996 2.99393057823181 10.3303194046021 10.7001781463623 13.9405651092529 7.14537286758423 16.2036914825439 12.725136756897 15.6827812194824 1.68475675582886 1.3754860162735 1.847123503685 1.71146273612976 1.63689565658569 1.98479080200195
-0.434949636459351 8.3444766998291 9.70606994628906 28.4623489379883 27.5347385406494 25.804838180542 -0.895578444004059 1.99849987030029 18.9055366516113 18.7957172393799 0.809358954429626 3.55590081214905 9.8537425994873 11.3394184112549 24.8534107208252 25.9809436798096 7.93538522720337 6.75035762786865 -1.90246725082397 1.95040464401245 9.12870407104492 -1.93930876255035 -1.50020599365234 -0.585241258144379 -0.874715328216553 1.36051511764526 4.37871122360229 12.903172492981 15.4653015136719 0.0644529610872269 1.06000912189484 1.26627290248871 1.34146773815155 0.690457165241241 2.29589414596558 1.76029336452484 7.73347282409668 12.8380155563354 14.8603343963623 14.8853979110718 6.60976839065552 1.56587517261505 10.0522985458374 12.4135847091675 9.30515193939209 1.73985636234283
1.47397971153259 2.34956383705139 15.645791053772 14.121319770813 14.3172769546509 10.9520397186279 -0.54900324344635 1.58483481407166 0.755271077156067 15.6604881286621 14.8200664520264 5.85840797424316 6.45160865783691 16.8123836517334 20.8435745239258 11.6099691390991 7.99783134460449 18.2860240936279 -1.17366063594818 8.95450687408447 14.2740592956543 1.31363022327423 0.588777422904968 1.40452373027802 -0.28798896074295 0.388426542282104 6.25110387802124 7.13170719146729 26.5842361450195 0.863714337348938 0.472481936216354 1.34709525108337 1.56456029415131 0.773115754127502 0.863973915576935 2.18589282035828 10.313985824585 9.12309646606445 17.5257968902588 18.0616645812988 21.0792274475098 2.32104349136353 1.38710057735443 1.42907404899597 1.32903254032135 1.57379078865051
3.07002592086792 11.5370388031006 9.30702877044678 8.02576541900635 10.0828628540039 11.246241569519 0.285103499889374 0.0308340154588223 0.0370205268263817 2.56626224517822 2.52127695083618 3.93638443946838 9.74366188049316 17.7678718566895 34.0621871948242 11.9536561965942 -1.82560777664185 4.82506561279297 0.740981340408325 -0.46264111995697 12.5921268463135 5.71798229217529 1.09064793586731 12.7316627502441 4.97026109695435 0.173025250434875 0.730464100837708 0.462522774934769 2.26322865486145 3.2898805141449 0.442215383052826 0.559662401676178 15.7154455184937 23.2415561676025 5.62193059921265 5.75462770462036 8.31482982635498 4.63909864425659 2.64153361320496 0.567747950553894 0.922605037689209 14.5996122360229 0.694593846797943 1.17569601535797 6.82738304138184 1.66318702697754
7.70664644241333 6.48280763626099 14.7350425720215 5.80361557006836 2.90763306617737 0.140802413225174 7.09440135955811 -0.166615083813667 -0.411256432533264 0.866974949836731 2.16786050796509 1.86376798152924 2.6992609500885 10.5370330810547 30.886417388916 9.09419250488281 9.70494365692139 7.26407814025879 0.292447686195374 -1.23320126533508 -2.00307703018188 0.269996047019958 -0.147044092416763 -0.3842693567276 9.47971057891846 22.3830032348633 0.759316205978394 1.84676873683929 11.6084051132202 7.53603315353394 0.841210663318634 5.22891616821289 5.16237545013428 29.2793655395508 20.3055076599121 12.5148420333862 4.74713897705078 5.01635122299194 24.0111598968506 29.0701351165771 15.1632614135742 20.5891456604004 5.99715805053711 0.377772152423859 1.64887535572052 2.21454119682312
4.91569232940674 10.1658048629761 22.8799095153809 16.1656494140625 19.8522701263428 1.69021952152252 8.92726516723633 10.3027420043945 3.78863644599915 3.67163419723511 1.81863021850586 5.26776456832886 1.03732943534851 15.5709381103516 35.5671691894531 2.00270533561707 3.60197591781616 -1.51382052898407 0.661870300769806 3.4032027721405 -1.25621497631073 6.04542589187622 2.31368494033813 5.06282377243042 0.578044474124908 6.12950849533081 0.44390019774437 0.54168564081192 0.426783263683319 0.341209769248962 1.40109074115753 4.29245519638062 14.0712852478027 18.1623306274414 20.7332611083984 22.5594596862793 24.2609348297119 12.0645170211792 10.0006170272827 14.0050172805786 15.4384889602661 15.4679250717163 17.0042190551758 0.653474271297455 1.47699880599976 20.6869468688965
3.26100921630859 5.45346784591675 4.17572832107544 14.5888376235962 22.4702339172363 5.40991401672363 0.703927040100098 0.562340915203094 0.615536987781525 -0.398027658462524 0.892030417919159 3.631178855896 2.20779633522034 9.18549156188965 31.599048614502 16.6125392913818 -1.63418972492218 11.1861438751221 -1.6334331035614 -1.8071483373642 -0.547469735145569 -0.709937155246735 -0.140804708003998 0.290724545717239 1.87259531021118 6.64296960830688 15.7415819168091 19.4280281066895 23.9382667541504 37.4916839599609 21.8217582702637 10.4586992263794 11.9789257049561 18.3129653930664 23.3786640167236 10.3609371185303 7.24491882324219 6.71059799194336 12.2331113815308 5.43614816665649 7.24561405181885 0.0453902930021286 12.3099489212036 1.03907465934753 2.6611852645874 13.6254711151123
6.56782865524292 20.0828266143799 9.81515407562256 4.83593559265137 17.5811233520508 0.849875688552856 7.54063749313354 7.31097078323364 7.36021661758423 8.42106246948242 0.4137022793293 1.54334187507629 5.18343687057495 1.77118492126465 27.5399341583252 24.9686489105225 1.62375676631927 12.6031150817871 1.81935977935791 -1.16826951503754 -1.36503601074219 -0.90885204076767 -0.082083597779274 -0.868149161338806 -0.223527386784554 -0.0419454760849476 5.87330389022827 8.90242481231689 1.75295603275299 7.36932468414307 8.15722370147705 9.9147891998291 13.5141220092773 14.2817258834839 21.9981117248535 26.7358322143555 7.75450420379639 9.81838130950928 10.558765411377 13.4681882858276 7.407639503479 -0.136079087853432 0.271563023328781 4.05483865737915 3.88714671134949 10.2936782836914
6.86653995513916 7.66329097747803 21.1263809204102 15.4386043548584 11.6020545959473 12.133749961853 3.93038558959961 0.55077463388443 3.83576822280884 12.9926071166992 -1.4530975818634 -0.75294429063797 0.309928178787231 8.94219017028809 3.41748118400574 6.95370244979858 4.28145170211792 10.6015625 1.14955520629883 -0.384818702936172 -1.04175901412964 -0.710152447223663 13.9493465423584 -0.898989081382751 -0.641787946224213 -0.0985889285802841 2.24923706054688 4.31059265136719 3.94030237197876 2.68918228149414 9.10729217529297 2.07350969314575 1.80059635639191 6.48089790344238 15.5462045669556 23.9056701660156 6.55990219116211 6.63085794448853 7.50073480606079 0.638963401317596 -0.669403433799744 -0.453821390867233 2.17349314689636 1.00765979290009 10.3995342254639 14.9397306442261
4.75138235092163 4.27795743942261 8.07140350341797 10.7240400314331 0.860815525054932 21.9945659637451 12.3780097961426 3.33131885528564 5.71464014053345 14.6416187286377 15.2107353210449 -0.402521550655365 4.37802314758301 4.76832437515259 19.4642524719238 11.0811042785645 6.24482488632202 16.5914268493652 12.9623203277588 15.5060968399048 11.3013505935669 -0.782041370868683 -0.424045294523239 -0.931959927082062 0.0463807955384254 0.0909826084971428 2.09901261329651 6.19204330444336 4.00988531112671 5.64088487625122 1.73007369041443 1.2781081199646 1.62185084819794 3.4216160774231 9.75898265838623 15.5672121047974 22.6814365386963 14.7884397506714 19.7697067260742 11.2006368637085 8.97706890106201 1.41293215751648 0.165734604001045 5.88529109954834 7.07405185699463 11.7186689376831
0.93467652797699 14.7920274734497 17.4246883392334 27.9168224334717 9.90973091125488 7.52532958984375 7.55372762680054 2.40956926345825 3.10394835472107 4.34652948379517 9.60602760314941 3.66507506370544 11.7351446151733 24.6557083129883 13.5573596954346 18.6190319061279 10.0769348144531 16.1809215545654 9.32700824737549 16.1765213012695 21.7921600341797 20.6484680175781 12.2606296539307 -0.0929757282137871 -0.555365264415741 0.358954310417175 1.84975636005402 2.34253454208374 7.41272878646851 1.53251397609711 4.62035942077637 15.3917407989502 1.92578399181366 4.58326053619385 9.19854545593262 11.4256448745728 17.8160457611084 17.8471260070801 15.272011756897 1.99014496803284 -0.517637968063354 4.33022022247314 3.95945572853088 1.16600370407104 9.54538154602051 11.0268859863281
