slauniainen/Data/DEM/Vihti_dem1500b_cl_horizonAngle_210.asc
NCOLS 196 
NROWS 178 
XLLCORNER 353680 
YLLCORNER 6699024 
CELLSIZE 16 
NODATA_value -3.4e+38 
[rows 100 to 119 of 178, columns 90 to 134 of 196]
2.22730731964111 1.96032357215881 1.97920322418213 2.15779066085815 2.5794370174408 2.98456239700317 3.13237953186035 3.23973155021667 3.2984299659729 3.35263824462891 3.37641501426697 3.39227485656738 3.34440183639526 3.27155542373657 2.9519989490509 2.41647911071777 1.68843996524811 1.21504735946655 0.920759916305542 0.729105532169342 0.656664907932281 0.545243144035339 0.536914169788361 0.625316977500916 0.724653959274292 0.959511518478394 1.49364686012268 1.84717321395874 2.07503819465637 2.24322032928467 2.38903594017029 2.6403648853302 2.54265856742859 1.94389343261719 1.69534862041473 1.5236576795578 1.32477760314941 1.04368817806244 0.963711202144623 0.987608909606934 1.05054605007172 1.15567255020142 2.231276512146 2.78541803359985 3.2311794757843
2.30373477935791 1.97652363777161 2.07831025123596 2.73333525657654 2.93259572982788 3.15205550193787 3.34767007827759 3.44456648826599 3.46273422241211 3.50690722465515 3.48779964447021 3.48464465141296 3.42769742012024 3.28786444664001 2.82077074050903 2.11675906181335 1.57327675819397 1.36870050430298 1.10681176185608 1.01556289196014 0.931121826171875 0.845892131328583 0.875342726707458 0.971899688243866 1.20130169391632 1.58699011802673 1.9816427230835 2.2409610748291 2.37363481521606 2.41811609268188 2.68830728530884 2.72398853302002 2.73390579223633 2.60276389122009 2.4132924079895 2.10171008110046 1.6289393901825 1.31823301315308 1.26336860656738 1.33697986602783 1.31998991966248 2.11528182029724 2.56156849861145 3.29716730117798 3.47799897193909
2.14056420326233 2.10537266731262 2.39806318283081 3.12427806854248 3.32630634307861 3.42153477668762 3.51199412345886 3.57482242584229 3.64529776573181 3.67279005050659 3.65809226036072 3.58033108711243 3.47733235359192 3.16163682937622 2.62816548347473 1.76305949687958 1.62012898921967 1.58865189552307 1.38719916343689 1.30588638782501 1.15232753753662 1.11313581466675 1.15422487258911 1.33152055740356 1.57100534439087 1.9577693939209 2.20953154563904 2.33482646942139 2.4288547039032 2.78979063034058 2.82503294944763 2.81700205802917 2.79489779472351 2.7221519947052 2.59573006629944 2.35338163375854 1.82636761665344 1.53759729862213 1.75034594535828 1.74803340435028 2.07395720481873 3.0641086101532 3.36462593078613 3.64512491226196 3.92195463180542
2.09583044052124 2.2149133682251 3.06194710731506 3.48836207389832 3.65062141418457 3.66311860084534 3.74430322647095 3.77325677871704 3.80910992622375 3.80529356002808 3.78314280509949 3.69657301902771 3.52047944068909 3.00718760490417 2.08398866653442 1.66366326808929 1.68100881576538 1.65975999832153 1.72064018249512 1.56300556659698 1.45476520061493 1.40021014213562 1.43461334705353 1.63744008541107 2.00486612319946 2.24360013008118 2.4001669883728 2.51788377761841 2.56742310523987 2.93706560134888 2.93633460998535 2.90786218643188 2.82269859313965 2.6926908493042 2.47474193572998 2.2928729057312 2.18452835083008 2.27593517303467 2.31727695465088 2.81725931167603 3.45189428329468 3.66520547866821 4.25810766220093 4.18612146377563 4.28030109405518
2.2514317035675 2.74384784698486 3.507404088974 3.72786808013916 3.90971231460571 3.9963653087616 4.00752639770508 3.99727654457092 4.02679586410522 3.98475170135498 3.90579891204834 3.77145504951477 3.40292906761169 2.8000156879425 1.71339583396912 1.71873939037323 1.67698776721954 1.70215272903442 1.77524244785309 1.7090128660202 1.59680581092834 1.55678594112396 1.68107557296753 1.81503772735596 2.15680932998657 2.36305809020996 2.48255801200867 2.6655809879303 2.98273396492004 3.01003861427307 3.02072381973267 2.93301606178284 2.79754590988159 2.5677011013031 2.38349938392639 2.46557092666626 2.92808866500854 3.169997215271 3.2064688205719 4.34678888320923 4.41548252105713 4.6763162612915 4.81482267379761 4.87766456604004 4.75568580627441
2.51966381072998 3.50151300430298 3.90664863586426 4.09346294403076 4.1175856590271 4.18504953384399 4.25019216537476 4.28678894042969 4.18070030212402 4.1315336227417 4.04597520828247 3.85197234153748 3.28130674362183 2.2385413646698 1.7346111536026 1.74591982364655 1.74399590492249 1.81908178329468 1.76552414894104 1.74048626422882 1.63556671142578 1.64421629905701 1.86726272106171 2.24172782897949 2.45290637016296 2.58134293556213 2.67103219032288 2.80600094795227 3.13229727745056 3.12745141983032 3.0956609249115 3.00482249259949 2.86782145500183 2.61921620368958 2.54239654541016 3.1083824634552 3.49886536598206 3.61605024337769 3.69623279571533 5.02283763885498 5.41026306152344 5.41073226928711 5.34713363647461 5.35206890106201 5.6662745475769
3.19793820381165 4.01117515563965 4.26696300506592 4.38013696670532 4.47167062759399 4.48870706558228 4.45581865310669 4.47363710403442 4.38373231887817 4.29073333740234 4.11825180053711 3.71216487884521 3.05837273597717 2.24835467338562 2.11575388908386 1.8490823507309 1.87037396430969 1.80580401420593 1.7819002866745 1.68313026428223 1.65780603885651 1.88757944107056 2.21875715255737 2.47385811805725 2.64782309532166 2.77403211593628 2.84208416938782 3.19090628623962 3.21340727806091 3.21990275382996 3.12827563285828 2.98349571228027 2.73462390899658 2.60109329223633 3.2037992477417 3.60652804374695 3.7306227684021 3.74488639831543 4.95534515380859 5.24994802474976 5.94258594512939 5.89962482452393 5.87885189056396 5.89140892028809 6.76515579223633
4.06362009048462 4.46485090255737 4.68026113510132 4.68650436401367 4.70151996612549 4.76745939254761 4.80157709121704 4.66546487808228 4.56924676895142 4.37225198745728 3.94583344459534 3.23824048042297 2.59570002555847 2.46512722969055 2.31789636611938 2.2077476978302 1.91666400432587 1.83224809169769 1.72701251506805 1.67068719863892 1.83770036697388 1.98883485794067 2.37692070007324 2.60236740112305 2.74394583702087 2.84686708450317 2.98905181884766 3.35224294662476 3.34731578826904 3.30140233039856 3.20855808258057 3.06276655197144 2.79933023452759 3.03651237487793 3.5930712223053 3.80940270423889 3.85882782936096 4.25133514404297 5.64808225631714 6.11048078536987 6.20408201217651 6.27226161956787 6.20360708236694 6.67843103408813 7.65158176422119
4.71993923187256 4.95570850372314 5.00367450714111 5.11015319824219 5.13211011886597 5.03527736663818 5.03459215164185 4.86335420608521 4.76373291015625 4.5313720703125 3.85987830162048 3.29026389122009 3.17162132263184 2.83608531951904 2.64587593078613 2.47084021568298 2.21070742607117 1.90070700645447 1.76321649551392 1.78155314922333 1.99010241031647 2.34336423873901 2.61427044868469 2.80023789405823 2.94343280792236 3.02947449684143 3.42518401145935 3.44185185432434 3.44357204437256 3.34665966033936 3.19395852088928 2.92034792900085 2.87094378471375 3.37016582489014 3.79370307922363 3.92257022857666 3.93581891059875 5.65309238433838 5.92727947235107 6.66036605834961 6.61647891998291 6.54237651824951 6.70670223236084 7.72792816162109 8.55036163330078
5.4894962310791 5.4266414642334 5.42798805236816 5.38250541687012 5.41836214065552 5.44963026046753 5.21864891052246 5.10532855987549 4.85699129104614 4.37084674835205 3.59394907951355 3.43468260765076 3.49530410766602 3.09761381149292 2.88518500328064 2.81077718734741 2.55559730529785 2.16493368148804 1.92891097068787 1.94746363162994 2.10095858573914 2.52282452583313 2.77115774154663 2.9218316078186 3.02927589416504 3.57499003410339 3.58543801307678 3.58938717842102 3.53498840332031 3.43453812599182 3.27572178840637 2.99831509590149 3.4787483215332 3.91506290435791 4.04755353927612 4.05379915237427 4.92871618270874 6.42642545700073 6.95418500900269 6.99057292938232 7.02920722961426 6.9517183303833 7.58044290542603 8.68062496185303 9.32163524627686
6.01047849655151 6.01726484298706 5.91522455215454 5.90898275375366 5.79019546508789 5.73082542419434 5.4673638343811 5.3531436920166 5.09084796905518 4.32953548431396 3.52821898460388 3.59688091278076 3.45955634117126 3.24067091941833 3.07752275466919 2.94932246208191 2.7867968082428 2.46189785003662 2.27866101264954 2.28524422645569 2.49745440483093 2.78770279884338 2.99099802970886 3.13729453086853 3.24637055397034 3.75257325172424 3.74958300590515 3.68671226501465 3.58476161956787 3.42543601989746 3.13009977340698 3.29081773757935 3.89352893829346 4.12730646133423 4.17769241333008 5.4542384147644 6.54540777206421 6.77436399459839 7.56934785842896 7.51507806777954 7.35825061798096 7.99181985855103 9.46057415008545 10.1337995529175 10.6528797149658
6.4425892829895 6.55273103713989 6.5855884552002 6.43988275527954 6.27931785583496 5.93597793579102 5.79140377044678 5.51787662506104 4.92352676391602 4.04039859771729 3.59614324569702 3.66295647621155 3.43828749656677 3.3610999584198 3.25838184356689 3.13825416564941 3.06893658638 2.96585083007812 2.69922018051147 2.81632423400879 2.81182789802551 2.97266364097595 3.13048815727234 3.39561605453491 3.86885070800781 3.85800862312317 3.85889935493469 3.74345350265503 3.57798337936401 3.26966857910156 3.10646653175354 3.66357707977295 4.12392091751099 4.26444435119629 4.48870325088501 7.18623971939087 7.32119226455688 8.0180606842041 7.96377515792847 7.96341943740845 8.57953929901123 9.87698173522949 10.9330835342407 11.7514410018921 12.0602903366089
7.27256011962891 7.08983945846558 7.05966520309448 7.00169849395752 6.54104804992676 6.26097869873047 6.12091779708862 5.81882238388062 4.94782638549805 3.70397710800171 3.77156043052673 3.62085890769958 3.51799821853638 3.53012657165527 3.48447799682617 3.42249417304993 3.45210266113281 3.36168527603149 3.05568265914917 2.92259407043457 3.11399173736572 3.27946376800537 3.40163016319275 3.57640528678894 4.0655951499939 4.06176710128784 3.97071242332458 3.8585216999054 3.68078136444092 3.36935138702393 3.46694588661194 4.10389184951782 4.34889841079712 4.40305852890015 6.60320281982422 7.70676803588867 8.33160018920898 8.71661567687988 8.66226768493652 8.49791431427002 9.68409156799316 11.4482946395874 12.2385587692261 13.09898853302 13.6709547042847
7.81856632232666 7.92216014862061 7.82000398635864 7.49763059616089 6.95262241363525 6.70553731918335 6.37484455108643 5.62467813491821 4.62565755844116 3.91063332557678 3.93922734260559 3.72349643707275 3.63454747200012 3.66062021255493 3.73056817054749 3.6725218296051 3.60571694374084 3.45232176780701 3.27381157875061 3.14089131355286 3.3651978969574 3.52681922912598 3.68467926979065 4.22773551940918 4.20393371582031 4.19777488708496 4.05610752105713 3.86892175674438 3.5319881439209 3.27039575576782 3.87284374237061 4.36031723022461 4.51055240631104 5.56228160858154 8.68080806732178 8.04305267333984 8.82816886901855 9.51906108856201 9.20212078094482 10.3843698501587 11.940710067749 13.2128877639771 14.1897230148315 15.2289056777954 16.4514083862305
8.14254379272461 8.10820770263672 8.04202556610107 7.75978183746338 7.42634153366089 7.04996204376221 6.16089487075806 5.06977415084839 4.02668523788452 4.05884552001953 4.05864858627319 3.92915821075439 3.77945566177368 3.83817958831787 3.7907018661499 3.72111463546753 3.62157869338989 3.50794696807861 3.39154767990112 3.36969995498657 3.55620098114014 3.68735885620117 3.87591552734375 4.43973398208618 4.43445014953613 4.31770753860474 4.19739103317261 4.00290870666504 3.65583848953247 4.01232862472534 4.52022552490234 4.67353677749634 6.67679643630981 8.40991973876953 9.5620059967041 9.6253719329834 9.59884262084961 10.3037347793579 12.0291681289673 13.0939693450928 14.4770278930664 15.4576539993286 18.099925994873 19.5194644927979 18.160551071167
8.44317722320557 8.59442806243896 8.26624393463135 8.20528030395508 7.96241188049316 7.56463813781738 6.41559791564941 4.18481063842773 4.10207748413086 4.17519235610962 4.04813671112061 3.95036816596985 3.8546347618103 3.90609359741211 3.84578943252563 3.77805256843567 3.61863207817078 3.54292464256287 3.45736265182495 3.63270115852356 3.81161022186279 4.01853847503662 4.65190553665161 4.59933757781982 4.59452772140503 4.43182754516602 4.22943687438965 3.86323690414429 3.79888772964478 4.49678421020508 4.76710557937622 5.61032438278198 10.0510101318359 11.4080429077148 10.3327798843384 10.4700288772583 11.0057821273804 13.0572834014893 14.5408687591553 17.1872730255127 18.340311050415 18.6771602630615 20.5947151184082 22.1692409515381 21.6672534942627
9.03035640716553 8.77209568023682 8.72445678710938 8.88076114654541 8.53192901611328 7.30426073074341 5.9774227142334 4.22228717803955 4.26250314712524 4.25508689880371 4.12448978424072 3.96871137619019 4.0283784866333 3.96990036964417 3.89499258995056 3.79079174995422 3.67258095741272 3.58926820755005 3.67670369148254 3.866290807724 4.14530992507935 4.9420280456543 4.88563203811646 4.88257074356079 4.72600936889648 4.58913278579712 4.37361764907837 3.99573254585266 4.26823091506958 4.80659246444702 5.20671033859253 9.81195735931396 13.0868577957153 12.7487592697144 12.0419473648071 11.0894832611084 13.3260631561279 16.9279308319092 18.8001365661621 19.6439914703369 22.2460899353027 25.9963645935059 27.8953895568848 25.0386772155762 24.6833763122559
9.74962139129639 9.29253005981445 9.3960132598877 9.72900867462158 9.30487632751465 7.94569778442383 4.80232381820679 4.39851045608521 4.38722896575928 4.2509970664978 4.14570951461792 4.15660333633423 4.09651851654053 4.0143780708313 3.90403366088867 3.80096507072449 3.83692026138306 3.7973895072937 3.96230959892273 4.16505479812622 4.41668891906738 5.19878149032593 5.20283174514771 5.02232265472412 4.8768630027771 4.64208459854126 4.23577070236206 4.03308773040771 4.78256034851074 5.03904581069946 8.54077053070068 12.9686517715454 14.6173210144043 14.013466835022 12.1205568313599 12.559778213501 18.2634735107422 20.7021236419678 23.1224002838135 25.5572948455811 31.5178737640381 33.5153121948242 33.2162933349609 30.65944480896 27.7271995544434
10.5839233398438 10.4130153656006 10.2593593597412 10.7456665039062 9.24355697631836 7.39666509628296 4.4993257522583 4.52545356750488 4.38573598861694 4.27189445495605 4.18019676208496 4.24151563644409 4.18140697479248 4.09320068359375 4.15747117996216 4.18259763717651 4.23736476898193 4.16325330734253 4.24137449264526 4.69451665878296 5.53797626495361 5.42045927047729 5.42434644699097 5.19625282287598 4.95826101303101 4.51469469070435 4.08880186080933 4.55551624298096 5.08128118515015 5.82362604141235 11.3663911819458 14.5893154144287 15.2568836212158 13.9101448059082 12.617883682251 14.6877403259277 21.9687728881836 26.0487613677979 26.1242561340332 31.8616771697998 39.5913505554199 42.8630332946777 41.1934280395508 35.4309539794922 31.4006576538086
11.4797668457031 10.9660501480103 11.5465564727783 11.0673007965088 8.62825012207031 5.88567733764648 4.63454103469849 4.61760234832764 4.47211933135986 4.30605697631836 4.38391733169556 4.32045650482178 4.25181722640991 4.52815675735474 4.51883363723755 4.47484731674194 4.43565797805786 4.49346399307251 4.67195892333984 4.92145538330078 5.79277896881104 5.79922676086426 5.558678150177 5.40586709976196 5.15839290618896 4.71323490142822 4.31104326248169 5.07769203186035 5.10228538513184 5.97322368621826 14.5645980834961 15.9703426361084 16.4388256072998 13.1802110671997 11.5629901885986 12.2238721847534 17.3522720336914 26.1516208648682 25.9109649658203 19.8685054779053 25.4972305297852 37.1789665222168 41.8770751953125 37.6727027893066 35.2546882629395
