slauniainen/Data/DEM/Vihti_dsm1500b_cl_horizonAngle_138.asc
NCOLS 196 
NROWS 178 
XLLCORNER 353680 
YLLCORNER 6699024 
CELLSIZE 16 
NODATA_value -3.4e+38 
[rows 100 to 119 of 178, columns 46 to 91 of 196]
17.1432666778564 9.63888359069824 7.41287326812744 1.13999700546265 1.34262037277222 4.22851467132568 11.8927278518677 2.08848023414612 2.21812152862549 4.19272565841675 4.51129293441772 4.72861003875732 5.94513940811157 5.66590690612793 5.87001323699951 5.57025575637817 5.63437080383301 6.38221025466919 7.1454496383667 8.23006820678711 8.29997825622559 9.2134370803833 8.3303050994873 8.99810218811035 9.65999698638916 9.57767200469971 7.92161226272583 13.38498878479 22.6760444641113 42.9534873962402 37.1694374084473 0.288715422153473 -1.20229744911194 -0.230842366814613 -0.103882037103176 -0.026757949963212 0.970942318439484 2.31049752235413 2.98444080352783 5.32951593399048 4.04036092758179 12.9365921020508 4.73922348022461 5.10303258895874 11.4607486724854 6.83186435699463
5.22203063964844 4.89335441589355 1.4950612783432 1.29261922836304 2.62519645690918 2.16267085075378 12.9162435531616 14.4663553237915 4.93188524246216 4.77561807632446 4.38052034378052 4.88780307769775 5.0061092376709 6.30598163604736 6.03778171539307 6.26355361938477 5.8726863861084 6.27774286270142 7.10976362228394 8.12993144989014 9.46189117431641 9.44808101654053 10.6253957748413 9.29438209533691 10.184606552124 11.021071434021 10.7903928756714 9.03409099578857 22.6110782623291 36.8030166625977 7.95886087417603 -0.971321225166321 -0.607071161270142 -0.0945995897054672 0.645738840103149 2.70931005477905 2.194580078125 2.38492798805237 3.18742871284485 3.54863524436951 13.2897033691406 5.18880653381348 4.78473615646362 5.10878372192383 7.74665212631226 21.7991275787354
0.812596559524536 13.7447357177734 13.8204555511475 1.63573944568634 6.18424844741821 17.6438903808594 5.64396715164185 15.8565406799316 18.7378082275391 5.37373971939087 5.10485124588013 4.56620931625366 5.23435068130493 6.20743656158447 6.72929239273071 6.43582439422607 6.15868043899536 6.39691972732544 7.08428907394409 8.12016582489014 9.38226795196533 10.9468908309937 10.8647079467773 12.4477043151855 10.6716327667236 11.5025091171265 12.6787643432617 12.3163967132568 9.10691547393799 14.1605463027954 4.90751886367798 0.533312976360321 0.464392811059952 1.90239024162292 3.30444002151489 3.84296369552612 10.2748022079468 17.847297668457 3.21418237686157 3.89559650421143 8.8283863067627 4.42689847946167 5.40282201766968 5.46910238265991 6.99941730499268 14.1559743881226
7.15290260314941 11.071629524231 0.768450975418091 1.08105969429016 2.89439272880554 1.82373023033142 1.38657879829407 14.9606552124023 20.5839939117432 26.7791442871094 5.77976131439209 4.59893178939819 4.86048698425293 5.96712875366211 6.88634538650513 6.62240076065063 6.90625143051147 6.69822216033936 7.08984518051147 8.22748279571533 9.30844116210938 10.7177762985229 12.6742830276489 13.3876619338989 11.463809967041 11.8842248916626 13.639533996582 13.1945695877075 11.3646335601807 9.04300403594971 2.54177689552307 8.43435192108154 1.23796832561493 1.18820881843567 3.76218485832214 3.97318148612976 6.26717615127563 26.1169300079346 3.83206701278687 5.52259683609009 12.2010364532471 4.41484403610229 5.25292015075684 5.55530452728271 5.58711957931519 11.6851282119751
5.57703495025635 9.50758457183838 1.05658185482025 1.32270157337189 2.09203386306763 5.44210815429688 4.9716100692749 7.05382013320923 18.9845638275146 28.6551361083984 44.5256385803223 6.51243782043457 5.03838872909546 5.40242290496826 6.63171529769897 7.36485862731934 7.18649578094482 7.51395797729492 7.3498067855835 8.10464572906494 9.49631881713867 10.7218265533447 13.5444803237915 13.3810148239136 16.0952072143555 13.654501914978 14.0012044906616 15.9082345962524 15.2106094360352 12.589225769043 7.93068695068359 4.2110071182251 1.99062550067902 2.74057459831238 3.84608888626099 5.26359033584595 6.22382879257202 20.1020317077637 3.00424647331238 5.77697277069092 15.316725730896 4.66794204711914 5.33859634399414 5.3672080039978 5.71648263931274 5.75398063659668
9.22937965393066 5.60864162445068 7.46839666366577 2.29178595542908 1.3440443277359 2.06870174407959 2.05437207221985 19.1201686859131 10.2346172332764 24.1355247497559 45.0163955688477 1.11376345157623 7.18748140335083 5.50928783416748 5.69219493865967 7.55952596664429 7.99136638641357 7.85884475708008 8.19331455230713 8.04700565338135 9.37617492675781 12.9538059234619 13.0260496139526 16.2060012817383 16.0343189239502 20.1227989196777 16.4222030639648 15.964129447937 19.2228050231934 17.7336387634277 15.7484683990479 9.97131633758545 4.75717735290527 1.44430446624756 5.49767827987671 6.36248826980591 6.88800573348999 9.8945779800415 4.7537693977356 6.48795938491821 13.9209003448486 4.52592420578003 6.36970615386963 5.43698596954346 5.53354930877686 5.89889335632324
3.53136944770813 18.7879257202148 2.83588862419128 1.59497678279877 1.45173943042755 3.2447030544281 3.37868189811707 23.7754383087158 25.2047519683838 4.62347412109375 38.4367904663086 0.635074257850647 2.02306532859802 8.04178714752197 6.14595603942871 6.13864803314209 8.97000694274902 8.64485454559326 8.41447353363037 8.78847503662109 9.67411327362061 11.3072748184204 22.5840854644775 15.6665830612183 20.2797908782959 19.238073348999 26.4566078186035 22.20676612854 20.0724277496338 25.3278503417969 24.3085784912109 28.4546375274658 18.9190273284912 5.14222955703735 8.18270969390869 7.97056150436401 10.0422792434692 11.8450145721436 10.9282884597778 10.0061626434326 9.49960231781006 4.54645824432373 4.73958253860474 7.31713771820068 5.93041276931763 6.91051912307739
3.58354425430298 3.74976515769958 1.94348406791687 20.1418228149414 3.21032428741455 2.92278099060059 3.56693363189697 6.53633785247803 38.693603515625 38.9744071960449 4.88678121566772 0.699320733547211 6.61696910858154 7.35350608825684 9.30384922027588 7.18650531768799 9.54205322265625 7.40722894668579 8.89722728729248 8.89943599700928 9.40573406219482 11.4631595611572 13.5748052597046 10.1744041442871 18.8619365692139 26.3840560913086 25.9643898010254 43.1042900085449 36.8303146362305 33.8204078674316 43.0732421875 42.0180206298828 3.49119114875793 3.4010865688324 9.80823516845703 15.4193134307861 23.0483703613281 17.7594871520996 12.4595365524292 12.1867322921753 13.1288719177246 10.8560924530029 9.80807685852051 8.00570106506348 7.25010299682617 8.66771697998047
2.05068850517273 3.92550826072693 3.99068975448608 2.13785672187805 3.25432300567627 4.70911550521851 5.29612445831299 5.82254457473755 11.5786476135254 2.75781345367432 1.58750820159912 5.52512788772583 7.33159112930298 7.81048727035522 9.89752674102783 10.1465578079224 6.66537618637085 11.1772975921631 7.71953678131104 9.794264793396 10.4371299743652 9.5871467590332 14.5030927658081 16.5306854248047 22.0723209381104 25.8405513763428 43.8798904418945 43.1300354003906 2.45825505256653 9.68025684356689 19.4533233642578 2.18703246116638 2.00295448303223 3.29700803756714 17.9734420776367 17.7661476135254 34.5716133117676 7.20456552505493 18.208890914917 13.2377672195435 16.0553512573242 34.6344223022461 20.1647109985352 4.54884767532349 11.8268365859985 11.8271646499634
1.30979013442993 4.1003851890564 3.73347306251526 4.05317306518555 4.96846294403076 4.69838428497314 5.07035303115845 5.71087169647217 7.00176763534546 13.1578407287598 4.80731153488159 9.47265338897705 6.74441623687744 9.35615062713623 9.11171340942383 12.3463907241821 9.44294834136963 7.24002265930176 13.7931308746338 8.77306842803955 10.8848114013672 13.5340518951416 12.3950805664062 19.461935043335 22.6787300109863 37.7567138671875 42.8285865783691 2.75131821632385 2.91454744338989 9.18053150177002 10.716272354126 1.77708327770233 2.55743384361267 2.13251781463623 38.1763725280762 38.0207099914551 37.5385665893555 5.01966905593872 15.5757141113281 10.731183052063 4.85043525695801 3.91428208351135 6.09914016723633 21.9047870635986 10.5648050308228 11.896372795105
2.58639168739319 2.31622862815857 4.45045042037964 4.06010341644287 4.44446325302124 5.33498048782349 5.28785610198975 5.37324285507202 7.4086389541626 9.64959812164307 18.3061122894287 18.6693744659424 9.24792194366455 10.940375328064 11.2933177947998 11.4974765777588 16.0537738800049 11.9164667129517 8.2247371673584 20.1219520568848 11.0293951034546 13.2340240478516 19.3088779449463 19.9401321411133 34.757869720459 39.1296691894531 9.61705780029297 3.1658308506012 2.81267476081848 2.50806784629822 2.45128655433655 2.01123666763306 11.8998374938965 2.07935857772827 2.37957406044006 3.90192270278931 3.69030165672302 5.41626739501953 11.008584022522 4.23523092269897 3.7708785533905 5.86492395401001 13.5298194885254 3.92913770675659 4.23020172119141 5.89798021316528
2.89726662635803 2.94590902328491 2.70083856582642 4.83070421218872 4.41474056243896 4.70362234115601 5.76320505142212 5.67570972442627 5.81378078460693 9.08590793609619 11.7974443435669 25.9096775054932 26.7768421173096 11.0950717926025 13.8088188171387 14.9297103881836 14.8118286132812 23.0078239440918 17.374755859375 12.0162506103516 36.3929977416992 16.7427787780762 19.4727306365967 34.0411338806152 14.8311414718628 7.54857158660889 4.76514053344727 3.23480463027954 7.12387418746948 8.50073909759521 9.86737251281738 2.62494230270386 1.67898309230804 2.09923195838928 2.4742603302002 6.0379204750061 5.70358896255493 3.66483116149902 8.44293689727783 6.02848815917969 3.92849922180176 4.51529788970947 6.48149251937866 4.00535297393799 4.17069005966187 9.10377025604248
3.40192079544067 3.06354475021362 3.06001687049866 2.79309225082397 5.25616979598999 4.83659267425537 5.20111179351807 6.25397539138794 6.09974050521851 6.3291220664978 11.8168821334839 15.982852935791 44.546802520752 46.1463508605957 13.3875131607056 17.9531803131104 21.5665035247803 21.8179588317871 40.395076751709 31.9421119689941 23.3014183044434 4.7488842010498 31.3053150177002 12.0367631912231 9.14224529266357 9.44402408599854 11.2925653457642 9.00066757202148 6.04223346710205 22.2365036010742 3.8593008518219 3.24872422218323 3.93496108055115 3.55127573013306 3.20963382720947 4.08422565460205 7.75478363037109 9.77181243896484 12.7625207901001 9.99090480804443 9.34436798095703 11.8608236312866 13.8136186599731 13.44553565979 10.6363162994385 8.0316686630249
4.74549913406372 3.53436970710754 3.18081974983215 3.16726231575012 2.88439297676086 5.74295091629028 5.32674026489258 5.77401447296143 6.79391670227051 6.58020877838135 7.77389717102051 16.9988040924072 30.1105422973633 2.20243358612061 1.81895005702972 19.6779747009277 26.1193618774414 38.8740501403809 38.9950294494629 5.10370540618896 4.83101987838745 9.11795234680176 11.4121713638306 11.727499961853 12.5147037506104 11.7854232788086 9.68063068389893 8.27729988098145 25.7874813079834 3.99924278259277 3.3844313621521 3.90959072113037 4.53176689147949 4.3782057762146 6.4162712097168 7.09929847717285 5.87361288070679 5.90855264663696 21.3078880310059 16.7507209777832 7.29107999801636 17.2449436187744 5.55195331573486 5.50103616714478 4.02678060531616 4.07564401626587
4.56011343002319 5.06540966033936 3.65897917747498 3.29393482208252 3.27881717681885 2.97970271110535 6.30077219009399 5.89207172393799 6.46212577819824 7.45055675506592 7.14022874832153 10.0096158981323 30.8724174499512 13.9974308013916 2.70259690284729 19.3818836212158 35.5298614501953 44.5811042785645 3.09164023399353 3.18183970451355 3.74503493309021 8.50007247924805 10.9771509170532 34.0233383178711 22.8734912872314 17.0517921447754 14.3598384857178 9.76425933837891 3.39253950119019 4.18268346786499 4.29863834381104 3.79752588272095 4.3755898475647 4.79545927047729 7.71990728378296 9.93744945526123 9.63374519348145 12.9035367965698 8.39436340332031 4.17895841598511 3.17895913124084 3.43345499038696 3.40879607200623 3.58436965942383 9.25883388519287 4.15661382675171
6.66499662399292 4.87429285049438 5.39695882797241 3.79806518554688 3.41088390350342 3.39070105552673 3.06409764289856 6.99541568756104 6.60475492477417 7.35471105575562 8.23838710784912 8.16877174377441 14.1353530883789 7.23537302017212 5.86369132995605 4.43061637878418 2.76872706413269 8.02115345001221 1.70124351978302 3.29854583740234 3.26801490783691 15.8473129272461 11.2032041549683 27.522331237793 13.4356927871704 12.8858604431152 10.1185111999512 20.5763092041016 13.8258695602417 3.57557892799377 14.3495473861694 4.39030122756958 16.0593681335449 9.0697660446167 9.12637615203857 12.488715171814 7.29737758636475 11.2149457931519 7.83407306671143 7.83077621459961 6.11933851242065 3.68633508682251 3.46859431266785 6.60783910751343 3.72343063354492 3.90861511230469
7.51884889602661 7.42228984832764 5.60872888565063 4.6337103843689 3.90657067298889 3.50164151191711 3.48294878005981 3.14913153648376 7.82663679122925 7.49808406829834 8.5262508392334 9.16152381896973 10.311164855957 25.0154762268066 5.01394557952881 7.73804950714111 5.83626461029053 19.9123973846436 13.8866205215454 2.11720633506775 8.5201244354248 16.1180152893066 28.6840419769287 12.7714595794678 6.25464105606079 13.6244010925293 25.6475067138672 18.8976268768311 11.8730583190918 2.82291674613953 4.01218843460083 3.43665075302124 4.91108369827271 4.47539043426514 7.26952409744263 6.86689472198486 12.1931867599487 13.7929611206055 12.9639453887939 5.90003108978271 13.1138410568237 3.10860395431519 4.51331949234009 3.56659722328186 3.64264559745789 4.63444519042969
8.52215766906738 8.37516498565674 8.27356147766113 5.95725011825562 4.39767217636108 4.01462888717651 3.59795951843262 3.57525205612183 3.25093460083008 8.89387607574463 9.33597278594971 5.20440912246704 10.2070560455322 13.990611076355 7.94037818908691 4.02787208557129 14.6037797927856 10.2196025848389 3.3576762676239 4.24214029312134 13.4431104660034 22.2941017150879 22.9729404449463 46.5348167419434 5.88307428359985 8.44099140167236 3.05769348144531 10.5749425888062 4.34581756591797 2.15598249435425 6.34637355804443 3.96771192550659 5.55080556869507 5.202965259552 10.9636068344116 11.3294229507446 9.90746784210205 12.9740085601807 16.7986297607422 15.6795349121094 6.50552129745483 2.63903880119324 4.4796895980835 3.98507761955261 3.89794063568115 3.93334865570068
10.1637649536133 9.65069961547852 9.50372409820557 9.39369773864746 6.3683876991272 4.51504468917847 4.13512229919434 3.69344973564148 3.67365789413452 3.32314443588257 10.2665004730225 11.1577587127686 5.40290880203247 11.4347171783447 24.3597087860107 8.42763710021973 9.44316959381104 17.686279296875 6.39926052093506 6.44175481796265 24.9483089447021 19.3427772521973 40.2354469299316 40.6450538635254 2.11735510826111 7.12420225143433 13.746337890625 3.35179328918457 2.1002037525177 2.38204455375671 2.41743016242981 2.8724513053894 5.22495603561401 6.24856996536255 5.417151927948 10.2741928100586 23.8875904083252 11.465931892395 3.79053115844727 4.55829811096191 2.72997832298279 2.63060665130615 3.87869954109192 5.26341247558594 3.311039686203 4.02231597900391
11.7483043670654 11.7583684921265 11.1587619781494 10.9976272583008 10.8795366287231 6.82226753234863 4.63396596908569 4.2558331489563 3.78550004959106 3.77306771278381 11.1829442977905 11.2555646896362 13.7310285568237 12.412896156311 11.4203805923462 8.07723712921143 18.9851760864258 24.2898292541504 1.29354548454285 8.55319023132324 44.7495346069336 43.2176246643066 35.1971817016602 2.6531765460968 2.79939436912537 9.35160160064697 5.06495571136475 2.59632515907288 2.52445960044861 3.83003067970276 4.02871561050415 4.10595369338989 3.62287139892578 6.61180353164673 7.41605758666992 11.1336107254028 15.0479583740234 7.31843376159668 3.74125576019287 9.36395454406738 4.93542051315308 4.69949245452881 2.79890990257263 2.88553190231323 3.18005728721619 3.76036190986633
