slauniainen/Data/DEM/Vihti_dem1500b_cl_horizonAngle_222.asc
NCOLS 196 
NROWS 178 
XLLCORNER 353680 
YLLCORNER 6699024 
CELLSIZE 16 
NODATA_value -3.4e+38 
[rows 40 to 59 of 178, columns 45 to 89 of 196]
2.22691345214844 2.07489395141602 1.83263897895813 1.69346380233765 1.38638651371002 1.17322421073914 1.33607077598572 1.43872857093811 1.38329744338989 1.24689173698425 1.13510155677795 0.967308044433594 0.962201714515686 1.03151154518127 1.06119883060455 1.26605606079102 1.13318300247192 1.02359366416931 0.817311108112335 0.681065499782562 0.518888056278229 0.336837232112885 0.201103717088699 0.117155715823174 0.0566604360938072 0.0176029708236456 -0.0723122209310532 -0.0629186555743217 -0.0479402914643288 -0.0310389418154955 0.355570465326309 0.770228505134583 1.61350524425507 1.03554785251617 0.355626791715622 0.0282600056380033 -0.13353542983532 -0.180400371551514 -0.281876891851425 -0.322734355926514 -0.380554765462875 -0.448674470186234 -0.51028048992157 -0.570013165473938 -0.587512195110321
2.28078818321228 2.03697609901428 1.89801204204559 1.60332357883453 1.32201635837555 1.42484498023987 1.476398229599 1.52650737762451 1.34961450099945 1.22208023071289 1.13017952442169 1.03528738021851 1.09136152267456 1.1207879781723 1.33591020107269 1.22823059558868 1.12155199050903 0.884021878242493 0.740064084529877 0.571621835231781 0.379396259784698 0.243193224072456 0.165564969182014 0.0928430929780006 0.0514902547001839 -0.0178542975336313 -0.0127435931935906 -0.00705071492120624 0.124653667211533 0.548373341560364 0.624326467514038 0.235947519540787 1.05304956436157 1.39306676387787 1.39855003356934 0.26178577542305 -0.0420624874532223 -0.164902672171593 -0.233721122145653 -0.334401190280914 -0.382969528436661 -0.451625734567642 -0.499886780977249 -0.513023138046265 -0.50606632232666
2.1915819644928 2.044588804245 1.74416124820709 1.46988987922668 1.59121370315552 1.59957039356232 1.67165040969849 1.56309258937836 1.33372533321381 1.19821274280548 1.21814680099487 1.22261357307434 1.21636068820953 1.42845177650452 1.28552412986755 1.25881290435791 0.998009443283081 0.838032722473145 0.668302655220032 0.4796402156353 0.331156581640244 0.241420239210129 0.169619426131248 0.11309939622879 0.0482550039887428 0.0232458598911762 0.0113970888778567 -0.0156960655003786 -0.031828735023737 0.303976774215698 0.404275566339493 0.0855044722557068 0.764308393001556 0.501529395580292 1.25305199623108 1.33295214176178 0.240595996379852 -0.0127143859863281 -0.152349412441254 -0.277290761470795 -0.417138636112213 -0.453157693147659 -0.448249995708466 -0.431045830249786 -0.42361968755722
2.17655205726624 1.85865497589111 1.66063416004181 1.76723885536194 1.76983106136322 1.83040201663971 1.72183203697205 1.50760686397552 1.42074346542358 1.29815816879272 1.27618038654327 1.37600088119507 1.57296311855316 1.42296612262726 1.38072431087494 1.15825057029724 0.996157824993134 0.788101553916931 0.548020482063293 0.395501345396042 0.268239140510559 0.214367598295212 0.182564377784729 0.177705302834511 0.0903687253594398 0.0297466404736042 -0.00467274757102132 -0.00664075603708625 -0.0457575470209122 0.0747922733426094 -0.0501153543591499 0.0151651734486222 0.450386703014374 0.279783964157104 0.703338921070099 1.39377152919769 0.852847635746002 0.122384771704674 -0.0850517600774765 -0.232730388641357 -0.384519517421722 -0.424144595861435 -0.381374806165695 -0.334178388118744 -0.371007919311523
1.99307179450989 1.88902354240417 1.93733251094818 1.95290279388428 2.0057909488678 2.60357356071472 3.11252784729004 2.91289091110229 2.62482810020447 2.39835643768311 1.74670886993408 1.45640873908997 1.61720824241638 1.51724684238434 1.2578010559082 1.07257401943207 0.835633635520935 0.584533989429474 0.410731285810471 0.281903982162476 0.233903437852859 0.247291192412376 0.232744917273521 0.216709122061729 0.142933040857315 0.14884053170681 0.0148907490074635 -0.00499795703217387 -0.0404589660465717 0.217054128646851 -0.0702629163861275 0.311520516872406 0.442394077777863 0.106945738196373 0.306053459644318 0.921847105026245 1.4302134513855 0.64861673116684 0.0834277123212814 -0.18417677283287 -0.283000081777573 -0.322698712348938 -0.312612295150757 -0.266270130872726 -0.236033663153648
2.17952179908752 2.19952988624573 2.06745028495789 2.0085928440094 1.9991751909256 1.53091883659363 1.34583330154419 1.27229857444763 1.291783452034 1.42035520076752 1.51079130172729 1.79123854637146 1.57375347614288 1.54366183280945 1.2525053024292 0.904482424259186 0.613727867603302 0.436461687088013 0.32320111989975 0.245021760463715 0.251143604516983 0.265537917613983 0.259551793336868 0.233611360192299 0.172384783625603 0.119089812040329 0.13283509016037 0.0064494414255023 -0.0371950380504131 -0.065151073038578 0.0167396459728479 0.667218148708344 0.151699677109718 0.301272243261337 0.195644468069077 0.449082791805267 1.20709478855133 1.42790627479553 0.463957220315933 -0.0162764936685562 -0.209820345044136 -0.179716542363167 -0.202470615506172 -0.236572355031967 -0.156708404421806
2.20227694511414 2.22734785079956 2.02807998657227 1.79227960109711 1.56223487854004 1.40212738513947 1.34622132778168 1.3809472322464 1.53988373279572 1.59016168117523 1.84764134883881 1.64395833015442 1.61261212825775 1.35421562194824 1.17615628242493 0.676734089851379 0.473670274019241 0.349225103855133 0.254610151052475 0.272662401199341 0.280675381422043 0.27325576543808 0.273559957742691 0.273202210664749 0.223967880010605 0.150165349245071 0.0889633297920227 0.0178256910294294 0.119089908897877 -0.0945684909820557 0.0841908007860184 0.322908520698547 -0.0393256060779095 0.230702579021454 0.139596596360207 0.334190279245377 0.541708946228027 1.17599546909332 1.23352038860321 0.315712541341782 -0.066275380551815 -0.0639683678746223 -0.0792858600616455 -0.0716558545827866 -0.0952244102954865
2.68552708625793 2.55011320114136 2.01091122627258 1.69982349872589 1.53148221969604 1.47900056838989 1.50028204917908 1.65988314151764 1.76423895359039 2.02116370201111 1.8047182559967 1.72736644744873 1.39669036865234 1.23456799983978 0.974748611450195 0.576267719268799 0.365317106246948 0.415064513683319 0.27868527173996 0.286989808082581 0.288149803876877 0.295577615499496 0.286868393421173 0.270221799612045 0.247201323509216 0.203079640865326 0.123958125710487 0.0505835972726345 -0.019776364788413 -0.0379001833498478 0.388319075107574 -0.0367666855454445 0.170873329043388 0.28119096159935 0.0670068562030792 0.297041565179825 0.387208312749863 0.553337752819061 1.26875054836273 1.03902888298035 0.223219111561775 0.0697198584675789 0.121042117476463 0.0734075754880905 0.0211058892309666
3.12218427658081 2.47635507583618 1.90506708621979 1.72339236736298 1.65515434741974 1.66259014606476 1.82937371730804 1.92754447460175 2.22044777870178 1.9871563911438 1.87913691997528 1.54673373699188 1.34951746463776 1.05523204803467 0.715301871299744 0.496103852987289 0.273997187614441 0.289682000875473 0.306267440319061 0.302236646413803 0.299233466386795 0.29411843419075 0.289422273635864 0.280315726995468 0.255901426076889 0.228251397609711 0.177792862057686 0.169849440455437 0.00264055514708161 -0.0267117470502853 0.400885313749313 -0.171522811055183 0.189071357250214 0.272256284952164 0.0155298132449389 0.267967641353607 0.407762408256531 0.345153242349625 0.656652212142944 0.953540563583374 0.764076590538025 0.263051122426987 0.239214703440666 0.24208228290081 0.114726513624191
3.17879939079285 2.27948307991028 2.00292181968689 1.9017790555954 1.88160455226898 2.04882955551147 2.13445448875427 2.43340849876404 2.17971038818359 2.07459330558777 1.69233918190002 1.48138201236725 1.16885077953339 0.812027454376221 0.570765495300293 0.40769761800766 0.300572544336319 0.310593247413635 0.30774587392807 0.313595682382584 0.315894424915314 0.295314490795135 0.28850993514061 0.282367438077927 0.264577597379684 0.242015361785889 0.194534167647362 0.143241241574287 0.0553205758333206 0.00091887975577265 -0.0999780520796776 0.0108377858996391 0.527964890003204 0.139184460043907 -0.127201303839684 0.0411488078534603 0.168893173336983 0.335503906011581 0.300344944000244 0.414552599191666 0.724277138710022 0.588851630687714 0.411381512880325 0.313003122806549 0.231620773673058
3.08573579788208 2.40634179115295 2.24642038345337 2.15407824516296 2.35208082199097 2.41972184181213 2.7110071182251 2.44181513786316 2.27992248535156 1.8626766204834 1.62686121463776 1.26185715198517 0.882674992084503 0.635134518146515 0.458657085895538 0.328146278858185 0.342190146446228 0.335316926240921 0.333050489425659 0.329288959503174 0.310097306966782 0.303824752569199 0.29255947470665 0.274001628160477 0.261717289686203 0.250412136316299 0.217159911990166 0.163349583745003 0.0980988144874573 0.0641187131404877 -0.0425403788685799 0.0933092013001442 0.376525551080704 -0.0395002812147141 -0.132859244942665 0.0165850967168808 -0.0218011438846588 0.353585541248322 0.313838690519333 0.297085881233215 0.361302196979523 0.608216524124146 0.492777347564697 0.448267161846161 0.340389370918274
3.39827251434326 2.83293676376343 2.53494596481323 2.70475792884827 2.7506730556488 3.07035636901855 2.76474380493164 2.55521941184998 2.08459115028381 1.81191182136536 1.37778878211975 0.96213561296463 0.691412925720215 0.489002913236618 0.353652864694595 0.358149230480194 0.374987632036209 0.360577434301376 0.356265604496002 0.352905333042145 0.341770440340042 0.316131800413132 0.290832847356796 0.279178440570831 0.262002468109131 0.255398482084274 0.240778490900993 0.194535031914711 0.152238711714745 0.0772820636630058 -0.00794758927077055 0.426539182662964 0.0432207360863686 0.030513871461153 -0.0864848867058754 -0.0552824288606644 0.0441407673060894 0.139383494853973 0.297222882509232 0.36359715461731 0.484678387641907 0.504387080669403 0.587919235229492 0.576273739337921 0.460671871900558
3.98172378540039 3.53233957290649 3.41247344017029 3.38156485557556 3.52737092971802 3.20544338226318 2.91642761230469 2.37611269950867 2.01589751243591 1.53785812854767 1.04328882694244 0.759987592697144 0.540679574012756 0.383493602275848 0.374654352664948 0.38821092247963 0.407927542924881 0.370747625827789 0.36706468462944 0.371693462133408 0.374367892742157 0.351015120744705 0.32084196805954 0.290584743022919 0.271216124296188 0.268602132797241 0.250497996807098 0.215808406472206 0.197266280651093 0.107066363096237 0.0456392206251621 0.413161724805832 -0.0644989907741547 -0.00713825691491365 -0.0438623130321503 0.053826104849577 0.142164468765259 0.303378492593765 0.369593620300293 0.501062154769897 0.511777997016907 0.589379966259003 0.627509534358978 0.667613208293915 0.554071366786957
4.8575177192688 4.34034252166748 4.33843564987183 4.62168645858765 3.96207094192505 3.46883249282837 2.79115533828735 2.32562685012817 1.73519444465637 1.15985882282257 0.832401990890503 0.601477444171906 0.418624520301819 0.402031809091568 0.404756128787994 0.470357865095139 0.39621976017952 0.377056181430817 0.473702847957611 0.380689203739166 0.369993716478348 0.368867516517639 0.357295989990234 0.335752665996552 0.298676818609238 0.290384262800217 0.268898248672485 0.249174997210503 0.222376137971878 0.157391607761383 0.100942440330982 0.0425688959658146 -0.0307260118424892 0.0829254314303398 0.0851351842284203 0.154778063297272 0.32048961520195 0.377321481704712 0.519827604293823 0.526897609233856 0.614273190498352 0.642916977405548 0.683603584766388 0.692578971385956 0.570376813411713
5.9319748878479 5.51786327362061 5.51280164718628 5.17597341537476 4.86571168899536 3.68728470802307 2.82878375053406 2.07880330085754 1.35873317718506 0.944928526878357 0.668462514877319 0.471672683954239 0.420209616422653 0.560776054859161 0.624386787414551 0.562775015830994 0.387416124343872 0.383861064910889 0.390275001525879 0.406120419502258 0.381426811218262 0.370874971151352 0.361586660146713 0.359807252883911 0.350974917411804 0.339426130056381 0.309819310903549 0.279770731925964 0.23829410970211 0.186743065714836 0.157332852482796 0.0923268869519234 0.0343110822141171 0.197156131267548 0.152425140142441 0.336088895797729 0.399419814348221 0.542084395885468 0.551862299442291 0.635369122028351 0.661832571029663 0.708222448825836 0.706758260726929 0.631302714347839 0.588878452777863
8.54012489318848 7.89694547653198 7.5850191116333 5.44616174697876 4.52172660827637 3.95596361160278 2.84019470214844 1.82212340831757 1.23993968963623 0.807925701141357 0.537991106510162 0.421610772609711 0.637072801589966 0.757345199584961 0.766073822975159 0.438242971897125 0.404523223638535 0.402278989553452 0.39545276761055 0.394091308116913 0.392622411251068 0.378874361515045 0.371233642101288 0.369293868541718 0.36944243311882 0.361257165670395 0.343805253505707 0.323030918836594 0.285750806331635 0.229080691933632 0.192872419953346 0.142743498086929 0.111235871911049 0.156597599387169 0.21307547390461 0.43265488743782 0.577453136444092 0.575876653194427 0.672112107276917 0.693287074565887 0.737878859043121 0.738063633441925 0.648947656154633 0.607317864894867 0.548962295055389
8.899658203125 11.9731464385986 8.71172523498535 5.53745126724243 4.30748128890991 3.46221971511841 2.01137351989746 2.88813972473145 3.29169821739197 1.82172775268555 0.976246476173401 0.735789239406586 1.0766327381134 1.08790528774261 0.764660894870758 0.423990249633789 0.40582674741745 0.442144811153412 0.490323960781097 0.399137675762177 0.391893088817596 0.395037859678268 0.391895860433578 0.381842166185379 0.379117369651794 0.376066476106644 0.357955515384674 0.33407324552536 0.332671910524368 0.302524954080582 0.254945695400238 0.209419533610344 0.211431458592415 0.257357776165009 0.421662867069244 0.491327553987503 0.619761049747467 0.703669428825378 0.732857406139374 0.769568264484406 0.774116992950439 0.676726996898651 0.6227006316185 0.558472394943237 0.508104383945465
6.10468339920044 8.07364463806152 8.60528373718262 5.68885231018066 3.98973107337952 2.72939372062683 1.62374556064606 1.73186647891998 2.26728415489197 2.7722499370575 2.86513113975525 1.73683166503906 1.74261224269867 1.35449349880219 0.670791625976562 0.461479783058167 0.468226373195648 0.493313789367676 0.517214953899384 0.493754237890244 0.410443723201752 0.404673159122467 0.394142210483551 0.39602991938591 0.393050044775009 0.382608413696289 0.361099809408188 0.350389450788498 0.339286178350449 0.335759997367859 0.327713876962662 0.323749154806137 0.393932938575745 0.503698527812958 0.54998379945755 0.676977217197418 0.699389517307281 0.778404831886292 0.802779257297516 0.80368435382843 0.704071164131165 0.653146922588348 0.57546478509903 0.514902591705322 0.443364799022675
7.47302913665771 7.14336967468262 8.6838903427124 5.58304405212402 3.29412913322449 1.97202062606812 1.30319392681122 0.592133700847626 1.38434958457947 1.81811881065369 2.02226161956787 3.05590486526489 3.57953262329102 1.99360859394073 1.00926506519318 0.61643248796463 0.697586059570312 0.740456342697144 0.607163786888123 0.549059092998505 0.538007378578186 0.47471895813942 0.406244367361069 0.40618160367012 0.41002944111824 0.387576669454575 0.362524628639221 0.362587779760361 0.347451478242874 0.345527738332748 0.43817001581192 0.530054926872253 0.668477118015289 0.670724928379059 0.774848759174347 0.731752812862396 0.848273158073425 0.865264475345612 0.853853821754456 0.737305343151093 0.683940231800079 0.611373245716095 0.540229916572571 0.392204105854034 0.392047435045242
6.59772825241089 8.46492671966553 8.78310775756836 4.99753904342651 2.59342646598816 1.62433910369873 0.966298937797546 0.461391866207123 0.542317450046539 0.659539997577667 1.18651962280273 1.69163250923157 2.28017854690552 3.17695426940918 2.81102705001831 1.49431931972504 1.17599058151245 1.00602376461029 1.00026214122772 0.718170166015625 0.677040338516235 0.605758488178253 0.474499702453613 0.430700063705444 0.410813868045807 0.403840690851212 0.383328497409821 0.361226886510849 0.372510671615601 0.503098845481873 0.609432339668274 0.784758329391479 0.82107150554657 0.876439273357391 0.83902496099472 0.905519843101501 0.932613730430603 0.915548741817474 0.784282684326172 0.721664369106293 0.634477019309998 0.572940289974213 0.411436349153519 0.318817853927612 0.393766701221466
