slauniainen/Data/DEM/Vihti_dsm1500b_cl_horizonAngle_216.asc
NCOLS 196 
NROWS 178 
XLLCORNER 353680 
YLLCORNER 6699024 
CELLSIZE 16 
NODATA_value -3.4e+38 
[rows 40 to 59 of 178, columns 0 to 44 of 196]
10.5376453399658 15.256477355957 10.8754615783691 2.76698613166809 9.46994400024414 2.04960942268372 2.3903980255127 2.3712146282196 2.4004499912262 2.21081972122192 2.27613162994385 1.66958689689636 0.872914016246796 1.29450023174286 2.25147080421448 2.33171033859253 2.41188979148865 4.27895736694336 1.14809572696686 1.06955230236053 1.34188938140869 0.833209216594696 0.626978814601898 2.03534483909607 1.80266177654266 1.62919795513153 1.17971646785736 0.676219046115875 7.91938400268555 4.04690742492676 3.27203345298767 2.96968698501587 4.17543888092041 4.47756004333496 5.05093050003052 5.27830028533936 5.22738218307495 4.55164194107056 2.70466995239258 3.13649392127991 3.87989020347595 2.41481900215149 4.5821270942688 3.83803963661194 4.52347898483276
17.7422943115234 24.5464668273926 18.1405067443848 16.1792278289795 2.43505835533142 2.69425559043884 2.63220047950745 2.74560403823853 2.51162648200989 2.7031946182251 2.51694488525391 2.19084358215332 1.46061730384827 2.10859394073486 2.33662629127502 2.42024850845337 4.82880640029907 1.35609018802643 1.3522891998291 1.59920942783356 1.14889252185822 1.04535222053528 0.89968204498291 2.25859189033508 1.82373714447021 1.80206251144409 1.42494857311249 -0.0276023838669062 10.8348817825317 3.27923989295959 3.0622889995575 3.14341473579407 4.71641874313354 4.72618627548218 5.33914232254028 5.70549154281616 5.7725248336792 2.94531345367432 3.96344876289368 4.78802442550659 2.70829796791077 4.986159324646 4.19636821746826 4.86817502975464 3.79404139518738
0.242556154727936 1.12428104877472 3.08884358406067 25.0741291046143 2.80589270591736 2.81851983070374 2.95997214317322 3.17647266387939 3.09170484542847 2.86007976531982 2.61916923522949 2.01368880271912 1.6700279712677 2.47877383232117 2.57030892372131 2.66464376449585 5.18280935287476 1.43933987617493 1.70838689804077 1.45136737823486 1.37167823314667 1.23917007446289 2.61171746253967 2.326504945755 2.21996974945068 2.07206249237061 0.646722495555878 -0.319751381874084 3.77134847640991 3.09444427490234 2.99756860733032 4.5654149055481 4.83713912963867 5.71526288986206 6.30312585830688 6.19909143447876 5.25580072402954 3.83896970748901 5.76947832107544 2.89914393424988 4.35881900787354 5.19054269790649 5.19038009643555 4.03703308105469 2.4170241355896
1.78611266613007 3.20655298233032 1.80513370037079 2.95888590812683 2.944415807724 3.08051681518555 3.31207919120789 3.31560564041138 2.96277379989624 2.9419572353363 2.40289115905762 2.36558032035828 2.64753127098083 2.74001431465149 2.83514857292175 5.92857313156128 1.62414860725403 1.64834523200989 1.75702011585236 1.59818708896637 1.48668694496155 2.87202310562134 2.61898350715637 2.59599447250366 2.30264735221863 2.28534913063049 0.915794491767883 0.775741279125214 4.52825021743774 3.3976674079895 4.76998472213745 5.10212993621826 5.92835760116577 6.53472757339478 6.61448812484741 5.63150835037231 3.54273295402527 5.88660335540771 6.57738447189331 3.01476883888245 5.53083562850952 4.65747833251953 5.39536476135254 2.56741118431091 4.80332136154175
3.26908826828003 2.64488554000854 2.96821093559265 3.01465153694153 3.22481393814087 3.61364102363586 3.66411805152893 3.46696400642395 3.07077765464783 3.08263444900513 2.46998858451843 2.85301995277405 2.92776155471802 3.02333927154541 6.87130308151245 1.81468462944031 1.86644899845123 1.85143733024597 1.78963577747345 1.70252811908722 1.60013937950134 2.99510169029236 2.57322311401367 2.76268935203552 2.65934658050537 1.3117378950119 1.16830933094025 5.64584684371948 4.57517337799072 5.55054330825806 5.53390312194824 6.32316970825195 6.60107517242432 6.69685888290405 7.09071636199951 4.35323810577393 8.04726505279541 8.42461204528809 3.2205798625946 5.89727354049683 4.95649099349976 5.7243766784668 4.44174957275391 3.12204194068909 5.20116090774536
2.57420778274536 2.91779923439026 3.06007480621338 3.4471607208252 3.74088263511658 3.88065600395203 3.66481375694275 3.39144229888916 3.14918851852417 2.52262663841248 2.40903091430664 3.00408697128296 3.08671569824219 8.23550510406494 2.0068051815033 1.94008612632751 2.03661775588989 2.01238918304443 1.95002806186676 1.86108863353729 3.21701979637146 2.94195246696472 3.00306916236877 2.93419909477234 1.70315456390381 1.67620265483856 6.87072658538818 5.54460334777832 4.86438846588135 6.37359619140625 6.22350978851318 6.59639596939087 6.87310457229614 6.85655927658081 6.57908296585083 11.9860782623291 11.3435192108154 4.27484798431396 6.28327751159668 5.28502988815308 6.10451745986938 4.71118211746216 2.83674144744873 5.98797225952148 -1.34155070781708
2.90611743927002 3.07452392578125 3.52157235145569 3.82155823707581 3.97016072273254 3.9477801322937 3.62758946418762 3.3058032989502 2.98910164833069 2.72457361221313 3.17769360542297 3.28947758674622 3.42214560508728 9.35870933532715 2.35067749023438 2.3566563129425 2.23069930076599 2.20851397514343 2.10340905189514 3.45692658424377 3.15699172019958 3.22625470161438 2.97690033912659 3.05848121643066 1.99132454395294 1.96014273166656 7.5457911491394 5.94278860092163 7.16513109207153 8.22253036499023 7.72895956039429 8.10470390319824 7.36620569229126 5.99826288223267 8.10454559326172 17.0973339080811 11.7488832473755 6.98708057403564 6.55193519592285 6.52727317810059 5.03709936141968 3.01883888244629 6.97933387756348 5.74146223068237 7.34555339813232
3.16495299339294 3.60388875007629 3.90202808380127 4.05014801025391 4.01941204071045 3.70136713981628 3.38189220428467 3.16531443595886 2.93775153160095 3.40740585327148 3.53716206550598 3.67366147041321 11.7944946289062 2.70359659194946 2.70107293128967 2.62148189544678 2.56208038330078 2.40661215782166 3.7310791015625 3.39055776596069 3.49494481086731 3.20901083946228 3.28495121002197 2.29222202301025 2.27132368087769 8.91270160675049 7.31166315078735 8.50642776489258 12.7025537490845 8.90286636352539 12.7736101150513 14.5386562347412 6.72041654586792 6.9255108833313 2.66438055038452 17.13893699646 3.32902526855469 6.90500593185425 5.85596704483032 6.78650712966919 3.43213748931885 8.2702808380127 6.63369560241699 8.70655727386475 -0.956655323505402
3.70823836326599 4.00653743743896 4.1331992149353 4.07563447952271 3.73601174354553 3.41185903549194 3.74645566940308 3.91822409629822 4.19177961349487 4.25734901428223 3.94478559494019 16.041561126709 3.14307284355164 3.20429968833923 3.07490134239197 2.95639610290527 2.78153920173645 2.62014222145081 3.85934686660767 3.30188846588135 3.59351682662964 3.45274591445923 2.36248183250427 2.49073672294617 10.4495124816895 8.50308513641357 7.89728927612305 21.9529495239258 8.82250785827637 9.78091907501221 7.80864906311035 8.86211109161377 3.21139740943909 2.52386903762817 1.98332262039185 3.47809147834778 7.06505584716797 6.0293755531311 7.26780939102173 5.55898571014404 3.8805980682373 9.25827026367188 10.2631530761719 3.48031663894653 -1.12978410720825
3.78929591178894 4.08010721206665 4.18826675415039 3.89631509780884 3.57904124259949 3.3786768913269 3.36789059638977 5.11306047439575 5.59945297241211 4.82846641540527 24.3930721282959 4.06655597686768 3.78892970085144 3.61392951011658 3.46525263786316 3.29065799713135 3.08600234985352 4.17226076126099 3.76584267616272 3.89901638031006 3.71273112297058 2.67023992538452 2.78316688537598 12.3902654647827 9.87017250061035 9.26289844512939 18.1466827392578 33.0153198242188 11.6119394302368 8.3026704788208 11.5021533966064 8.66817378997803 4.03781318664551 4.21024322509766 3.56832790374756 7.29545927047729 6.03196954727173 7.29554319381714 5.91646385192871 5.66585874557495 11.8030195236206 8.7666072845459 11.524543762207 3.92840957641602 -0.324995696544647
4.18727254867554 4.32440233230591 4.24109601974487 3.839510679245 3.44267630577087 3.06529641151428 2.78207230567932 5.1303391456604 6.28899335861206 5.39882040023804 34.6372451782227 4.87267589569092 4.71003770828247 4.23336601257324 3.94340872764587 3.69430184364319 4.51121854782104 4.07111120223999 4.23698329925537 3.83907532691956 3.87306261062622 3.28799176216125 3.28416633605957 13.8687400817871 10.9312152862549 12.0311069488525 6.111985206604 14.4685554504395 14.2098875045776 13.2573642730713 9.97610187530518 5.02107906341553 4.82214164733887 3.93842887878418 6.09295034408569 7.57898330688477 7.5600733757019 5.94031524658203 4.52688503265381 14.9813804626465 10.7917652130127 14.4664001464844 4.53817367553711 3.95263051986694 -1.18111348152161
4.47062921524048 4.39154624938965 3.97955989837646 3.52951335906982 3.39023113250732 2.92822623252869 3.45362591743469 3.64659595489502 4.88840627670288 1.13700425624847 5.69053602218628 5.80087947845459 5.65307760238647 5.05766820907593 4.64650201797485 4.82039022445679 4.48746347427368 4.58825874328613 4.14765501022339 4.17271852493286 3.95955371856689 3.93162369728088 17.4343223571777 12.7890090942383 14.3459062576294 8.4570369720459 16.3722476959229 16.8865337371826 16.1991691589355 12.0072164535522 6.07389163970947 5.09362936019897 5.17174863815308 4.19814825057983 8.27394390106201 6.53298377990723 7.83695363998413 3.84987807273865 20.4520511627197 13.3675384521484 18.6384582519531 5.19484376907349 4.86970090866089 4.35334539413452 1.58380663394928
4.53705501556396 4.24310302734375 3.89190649986267 3.55943989753723 3.03172779083252 2.95050549507141 3.60661911964417 3.59717464447021 4.75046730041504 3.16395401954651 4.38565874099731 5.44158363342285 5.73185110092163 5.63595008850098 5.58382940292358 5.42199850082397 5.20061779022217 5.30098533630371 5.00164079666138 5.24603843688965 4.43539428710938 22.989782333374 15.8296756744385 15.0638179779053 16.9424533843994 19.4960536956787 20.106050491333 18.7868938446045 17.9756851196289 7.44570207595825 6.29199743270874 6.13301134109497 4.81554651260376 9.2343635559082 7.12139654159546 8.33255672454834 9.91215038299561 4.34206438064575 29.5086784362793 26.6699562072754 5.82476472854614 5.43254613876343 4.80386400222778 6.11604022979736 4.34237957000732
4.60081481933594 4.18454647064209 3.77426338195801 3.33601760864258 2.96018815040588 4.32797622680664 4.28103065490723 4.25938701629639 4.81115770339966 2.04788446426392 3.25310969352722 4.06925296783447 4.57980155944824 4.97679710388184 5.36478328704834 5.97932100296021 6.91939067840576 7.08173561096191 6.19213771820068 4.74249362945557 33.0325736999512 21.3627090454102 17.5028209686279 25.3493309020996 29.4306793212891 26.6168651580811 23.3402347564697 22.474681854248 15.9542455673218 7.70737886428833 7.3950629234314 5.75799322128296 8.0015926361084 9.75324153900146 9.22615242004395 5.62956714630127 3.76013994216919 1.41796243190765 26.0012950897217 37.1713066101074 5.94920015335083 5.08751678466797 6.75196695327759 5.56380987167358 5.35279607772827
4.3403000831604 3.90531921386719 3.58905076980591 3.24212503433228 5.23105764389038 5.20133113861084 5.21182632446289 5.46652269363403 1.67706620693207 1.42098927497864 2.31213808059692 3.34452152252197 3.44928479194641 4.93174266815186 4.58865594863892 5.04107904434204 6.6906270980835 5.56469440460205 5.02102947235107 6.38574171066284 40.1047782897949 24.4224834442139 32.7201118469238 29.8418502807617 40.434741973877 32.3543663024902 29.0691528320312 19.6479434967041 9.45566844940186 8.77204322814941 6.89802360534668 6.29039716720581 11.3145122528076 8.41328620910645 9.67479228973389 3.03944849967957 4.01642751693726 -0.945765197277069 -1.31121170520782 8.27752685546875 5.43748569488525 5.32748413085938 7.09652471542358 7.02148103713989 6.82951259613037
4.062340259552 3.93452024459839 3.3663477897644 6.23417472839355 6.21938943862915 6.1727089881897 6.46932172775269 1.45367968082428 1.68717217445374 1.89664137363434 1.52490854263306 2.53011703491211 3.13714361190796 4.92610025405884 3.98857951164246 4.60105991363525 4.32903099060059 5.11769676208496 6.10959672927856 -1.63597500324249 34.6755905151367 30.4946784973145 17.6933116912842 20.4725017547607 49.0519256591797 42.7944259643555 25.1912269592285 11.2422552108765 10.0058298110962 9.37447071075439 7.40024995803833 13.2376070022583 9.80070877075195 11.2378578186035 6.95228481292725 4.24963283538818 0.752021074295044 -0.0550727918744087 1.65661835670471 7.1449670791626 5.27086782455444 7.31833600997925 5.72592687606812 7.16326332092285 -1.09633684158325
4.11096334457397 3.49771332740784 3.22798633575439 7.39491558074951 6.87615442276001 7.74699258804321 1.55595004558563 1.81782531738281 2.13849806785583 1.56045019626617 1.18851709365845 1.1700245141983 5.28868770599365 4.50840282440186 4.84858274459839 4.40680599212646 2.92744469642639 3.47763729095459 3.74715518951416 -1.51953291893005 4.31741666793823 13.3426675796509 9.56773376464844 11.203311920166 25.8060340881348 51.1334686279297 13.665657043457 12.2678108215332 11.2799186706543 8.98006153106689 15.5173187255859 11.4235200881958 13.2330713272095 8.75644969940186 3.82854270935059 4.60603427886963 0.178168043494225 1.30476629734039 -0.482074439525604 4.54735851287842 8.26569938659668 3.89326238632202 4.96669292449951 6.54585123062134 33.6136741638184
3.81098461151123 3.42070126533508 10.2268772125244 8.84358787536621 9.02027225494385 8.56616115570068 1.92384970188141 2.39528012275696 1.6948903799057 1.28251469135284 1.54041731357574 5.88089513778687 4.84040546417236 5.35634231567383 4.41228485107422 4.40072011947632 1.96130156517029 2.03735876083374 19.0170669555664 -1.30359292030334 -2.03199219703674 14.5890607833862 5.74354362487793 -1.94485282897949 1.2274454832077 43.8609962463379 15.8196058273315 13.5515165328979 10.9910907745361 12.737174987793 16.8813419342041 15.6980199813843 10.3036680221558 4.60274219512939 5.43685245513916 0.939854800701141 2.2949903011322 -0.450444787740707 4.52710866928101 10.8898029327393 1.49324786663055 1.90449774265289 2.70936679840088 5.26394319534302 -2.86290788650513
3.680992603302 16.3430023193359 12.2823295593262 12.4383563995361 11.1059055328369 2.02803015708923 1.63944864273071 2.3960292339325 1.35781025886536 1.60179495811462 6.73356771469116 6.12696266174316 6.11657333374023 4.90642976760864 4.90601921081543 2.08369135856628 1.65203106403351 1.39561212062836 26.3596038818359 -1.66124987602234 -2.28643774986267 -0.875008821487427 15.6035766601562 -1.9244726896286 -1.60258853435516 17.1620388031006 18.540075302124 14.5266666412354 11.8499507904053 20.8511047363281 14.62668800354 17.3557815551758 5.52132892608643 6.53418111801147 1.20952379703522 0.60956221818924 3.1534059047699 1.68696784973145 7.87904834747314 16.6549854278564 1.07784748077393 1.85476124286652 0.923633813858032 -2.19499349594116 -2.39465737342834
18.7083206176758 23.9582176208496 19.6700000762939 15.27561378479 1.76495742797852 2.06444048881531 2.65232491493225 1.7300420999527 1.66694688796997 1.21910357475281 7.60530662536621 5.45131635665894 6.54660844802856 5.47470474243164 1.57346296310425 1.11479246616364 1.40086030960083 -1.33680665493011 1.72370529174805 1.66293263435364 -2.30746936798096 -2.68667435646057 -1.80900883674622 -0.444415897130966 -0.890771627426147 3.85164737701416 18.1851139068604 19.3423271179199 26.8673515319824 18.0038757324219 21.4238319396973 13.5826969146729 8.10178565979004 2.31133031845093 1.20740044116974 4.59643793106079 0.106029003858566 0.381524413824081 -1.02764129638672 1.19762516021729 2.09794163703918 1.13802206516266 0.181292295455933 -1.1794171333313 -2.5090320110321
