slauniainen/Data/DEM/Vihti_dsm1500b_cl_horizonAngle_60.asc
NCOLS 196 
NROWS 178 
XLLCORNER 353680 
YLLCORNER 6699024 
CELLSIZE 16 
NODATA_value -3.4e+38 
[rows 140 to 159 of 178, columns 92 to 137 of 196]
4.88914203643799 9.85320472717285 16.1125335693359 10.7146253585815 4.39055204391479 6.62714385986328 10.5963659286499 7.44626569747925 19.9087829589844 13.6550426483154 18.3911685943604 11.0683965682983 2.8794469833374 2.63781023025513 11.5393028259277 4.7391996383667 5.5918173789978 7.37954759597778 7.85103034973145 8.41950702667236 18.4118061065674 22.1693515777588 34.6395492553711 22.1604747772217 9.73153209686279 15.7560691833496 11.806619644165 3.72399497032166 5.66230630874634 3.37984204292297 4.92379522323608 6.84167146682739 3.78485417366028 10.398380279541 11.1440124511719 5.0779504776001 0.356301128864288 5.64857530593872 7.12844038009644 9.97708320617676 -0.903051197528839 3.23061370849609 -0.147230923175812 -0.00377857615239918 -0.0711920559406281 0.175615385174751
9.29907894134521 12.8942718505859 14.3549556732178 8.40482997894287 32.525146484375 16.0769653320312 5.71508932113647 7.66146993637085 6.07344007492065 16.5984706878662 21.8601379394531 27.9913387298584 13.2558917999268 13.6624746322632 25.5202922821045 9.69149589538574 4.74137830734253 5.76499509811401 8.94364356994629 11.2069244384766 15.2615079879761 21.572660446167 36.3494338989258 38.7237777709961 20.9854164123535 23.638162612915 9.65747928619385 7.63796758651733 17.3091621398926 3.59965133666992 5.25745725631714 8.90164184570312 7.72723627090454 10.0018434524536 0.527172923088074 1.54475009441376 1.17545580863953 -0.289455622434616 15.2251882553101 15.3342418670654 -0.840941190719604 10.0917549133301 12.2550992965698 16.8034324645996 19.1597003936768 6.06912517547607
3.92828607559204 5.07594966888428 12.8028450012207 12.511981010437 17.3156280517578 18.0296592712402 9.87910270690918 16.5319671630859 11.9007291793823 11.6682100296021 15.4387197494507 23.2035446166992 9.68683052062988 15.0197715759277 30.7033405303955 7.52724981307983 6.56342601776123 7.41454458236694 8.34972286224365 10.3251523971558 14.2520589828491 21.4828968048096 26.3965644836426 35.8067512512207 21.8831558227539 29.4720191955566 7.52017545700073 6.70078945159912 10.9459352493286 8.24191379547119 7.53569889068604 3.21447849273682 4.24799585342407 12.122504234314 16.4278888702393 7.96147584915161 10.3368816375732 4.64309358596802 13.7393379211426 19.6704597473145 0.523375630378723 -0.109106726944447 -0.429374665021896 -0.719778597354889 -0.524226307868958 -0.940835654735565
5.27881002426147 4.76779270172119 9.17884922027588 11.1919269561768 7.6958065032959 15.6944065093994 4.95072317123413 5.65413331985474 10.1357555389404 8.05911350250244 7.29500389099121 5.01608514785767 14.8366870880127 22.1403465270996 41.1696395874023 38.9737892150879 19.1699390411377 8.15137195587158 7.45570945739746 9.65856075286865 12.525182723999 18.0977210998535 26.5059719085693 32.0902481079102 25.4059543609619 24.1933307647705 11.105489730835 7.99325323104858 2.99271726608276 17.8325347900391 19.8899574279785 2.78537535667419 6.37984657287598 4.95281887054443 7.83599281311035 9.31319427490234 8.47250556945801 7.66305685043335 2.12268829345703 -0.320788890123367 -0.181080654263496 -0.771088063716888 20.6315269470215 3.97232341766357 -1.2154289484024 -0.801833152770996
10.0322828292847 7.99140357971191 12.6048784255981 9.8742504119873 3.01899218559265 13.4274559020996 15.0137434005737 3.86729407310486 4.44221115112305 4.39119625091553 3.61264705657959 3.94964218139648 3.51519465446472 7.6618185043335 16.2395114898682 19.11208152771 12.8824939727783 15.5851306915283 9.01197242736816 10.0868358612061 14.8984127044678 17.9948787689209 16.3859272003174 32.590576171875 21.5772285461426 17.7400341033936 1.0382604598999 2.06500697135925 1.76719450950623 14.6542510986328 0.0210275780409575 3.12146377563477 0.723446071147919 3.16396641731262 5.74667501449585 3.65386867523193 0.470933079719543 5.36441898345947 11.2850656509399 13.1221227645874 23.0413818359375 6.2185320854187 5.29592323303223 3.90750741958618 -1.40454816818237 -1.04935991764069
10.1656055450439 6.22776699066162 22.0925979614258 24.6129760742188 2.99855446815491 4.59406852722168 4.8355884552002 4.06985807418823 3.12922811508179 3.19202089309692 2.6518874168396 2.44970655441284 1.97292709350586 4.22978973388672 6.61449432373047 10.8708438873291 14.7019939422607 9.3248405456543 9.85044193267822 11.6591377258301 11.6936368942261 17.9129123687744 19.7843780517578 27.4536571502686 20.4607582092285 25.7526741027832 2.47007155418396 12.9124069213867 0.18113286793232 5.87634706497192 6.79589366912842 15.8773670196533 2.58819890022278 6.91027784347534 14.2191162109375 20.5649394989014 7.85590028762817 5.2032036781311 2.36890840530396 3.59123802185059 5.25744199752808 3.50954079627991 -1.11357200145721 8.35726833343506 -1.403165102005 1.81617534160614
9.6195592880249 10.0144176483154 7.40200424194336 8.42168235778809 4.10651016235352 9.05552387237549 11.0080308914185 14.5393657684326 11.64626121521 2.05275440216064 1.58446645736694 1.55457413196564 1.50245261192322 2.27272033691406 3.56007766723633 7.4613208770752 13.0271196365356 9.36809349060059 8.76880645751953 7.38827991485596 11.102276802063 15.6676454544067 25.3164005279541 19.6118545532227 17.351863861084 14.4394636154175 5.60660791397095 -0.15581963956356 0.756963491439819 6.17373991012573 8.81424045562744 12.1235046386719 9.65067863464355 4.92708206176758 4.68110132217407 5.11125612258911 6.43903875350952 22.5459575653076 1.9936774969101 8.54185962677002 8.0829029083252 24.00412940979 2.85412812232971 0.474321007728577 -2.12374234199524 -1.4583752155304
13.6081848144531 11.8293428421021 11.311110496521 3.67057609558105 11.0004234313965 6.4605975151062 9.21548652648926 18.5538120269775 12.1516666412354 14.850604057312 5.31111526489258 1.25235676765442 2.01655435562134 3.08867073059082 3.16797161102295 3.85544180870056 5.01049995422363 6.05829906463623 7.58124160766602 8.13985443115234 11.8053712844849 14.1724634170532 26.7111835479736 14.4382419586182 10.3758535385132 12.5520830154419 2.70080256462097 5.54305982589722 2.06981492042542 2.7008011341095 3.60516762733459 3.38608074188232 8.55340385437012 11.8062076568604 9.84548854827881 19.523609161377 10.8780336380005 6.21685791015625 4.04196119308472 6.58496570587158 8.70110893249512 7.71887397766113 4.31638145446777 15.8093204498291 4.2717022895813 11.9550466537476
3.26128268241882 3.36773276329041 6.56061553955078 4.21575546264648 3.61354374885559 15.5277280807495 15.1580095291138 13.5639867782593 5.01812839508057 2.41366004943848 2.53480434417725 5.21188592910767 2.40254878997803 2.92448282241821 2.80316925048828 3.96473550796509 3.48319816589355 5.5571928024292 5.6036171913147 10.3821935653687 13.7809600830078 19.0030879974365 32.8386535644531 24.2921009063721 18.2246227264404 4.41534328460693 0.313982009887695 1.29714262485504 1.59624683856964 0.782382726669312 2.24907207489014 3.13932085037231 3.91089916229248 13.6481103897095 7.07873392105103 4.86509895324707 12.1579647064209 9.83964824676514 5.40351915359497 3.89077067375183 10.1518497467041 13.9324884414673 3.99775671958923 4.22071266174316 -1.78238809108734 2.46749877929688
2.80731010437012 3.07959604263306 2.81986141204834 5.65706634521484 7.75205230712891 9.6760425567627 8.96394634246826 20.1228618621826 12.5854434967041 14.9053926467896 2.10276627540588 2.29037547111511 2.07623767852783 1.82535243034363 1.92203629016876 2.55334091186523 3.71677231788635 5.64566373825073 9.25987339019775 10.56822681427 11.652247428894 15.8372783660889 27.1156101226807 24.7738380432129 21.0425338745117 8.77354526519775 3.81760621070862 13.6238842010498 1.38553857803345 1.50083553791046 3.09012317657471 2.92699241638184 2.95791602134705 4.63903045654297 6.17325353622437 6.88755035400391 2.72650790214539 9.16485404968262 17.0335369110107 8.71348857879639 14.3106508255005 6.05232048034668 2.64294934272766 4.62647819519043 -1.37455642223358 -1.56450200080872
5.85445308685303 2.65786027908325 4.42687273025513 9.33346748352051 7.53167581558228 12.2186908721924 15.3916082382202 8.69517040252686 3.98436594009399 2.07946276664734 1.96623778343201 1.44108486175537 1.46103239059448 1.75673460960388 2.47875499725342 2.93367505073547 4.022301197052 6.20047616958618 6.75560283660889 8.064040184021 13.1853713989258 15.5154256820679 19.4946537017822 24.967264175415 30.9688491821289 1.47654104232788 1.25145435333252 6.79255771636963 10.0064783096313 6.7348747253418 14.4210186004639 9.85052490234375 8.12661361694336 4.42800712585449 3.64653348922729 11.4239940643311 7.64101362228394 7.00088167190552 5.15337753295898 6.03671503067017 4.98937892913818 14.7989549636841 5.10624694824219 2.85693168640137 10.0805072784424 1.29791188240051
5.46633148193359 5.5845742225647 6.92776489257812 10.1352939605713 13.4244365692139 22.0260715484619 11.3390417098999 15.0136966705322 14.261815071106 9.80509471893311 2.38657903671265 5.78047847747803 15.6280460357666 0.725864470005035 1.85387456417084 6.61112928390503 5.4313006401062 5.29591131210327 7.94107818603516 12.3049745559692 12.0683689117432 16.4952850341797 16.8828086853027 27.3346614837646 19.7401752471924 9.93201446533203 0.940849900245667 2.28940796852112 3.08988952636719 3.16515111923218 2.84497690200806 3.78384733200073 3.20414543151855 2.2584228515625 4.22415924072266 5.32348918914795 12.5392360687256 8.85894584655762 6.26721811294556 3.40521836280823 4.61414670944214 3.48249006271362 7.37651205062866 0.959999084472656 -0.160467997193336 -1.57524240016937
22.0974235534668 6.1234393119812 7.6161413192749 13.323169708252 21.3259181976318 32.3705406188965 6.62485980987549 6.03245496749878 3.51218676567078 15.9662666320801 1.60254192352295 2.57013297080994 16.7001476287842 4.30221700668335 3.13576579093933 3.51558399200439 5.94503164291382 6.34359121322632 9.04535484313965 12.2207622528076 13.9632377624512 16.4025535583496 13.947868347168 20.9330883026123 19.3260669708252 18.4472560882568 1.83490073680878 1.68057560920715 2.94619083404541 3.60550665855408 9.6633415222168 6.42005634307861 9.81297302246094 4.98372316360474 19.3765335083008 7.3007345199585 8.38700485229492 11.4956398010254 11.0829496383667 5.12542152404785 13.1392097473145 6.39444589614868 2.53339505195618 6.69231128692627 6.89649772644043 2.38418769836426
12.4655952453613 15.6853132247925 17.2715454101562 15.9575109481812 22.5868797302246 27.0622653961182 13.4329891204834 7.97653150558472 4.168137550354 1.47297716140747 6.52747249603271 1.04475080966949 1.75128293037415 2.39808464050293 2.21582388877869 2.9321928024292 5.0545973777771 7.10792970657349 7.31604957580566 10.0576753616333 13.4112586975098 25.7644805908203 13.3359508514404 16.3840312957764 13.0782861709595 10.1281604766846 1.21880424022675 1.66840696334839 4.80784273147583 5.79409074783325 4.61194705963135 4.18751192092896 4.09489822387695 3.52001690864563 5.31029939651489 6.48345279693604 8.24584484100342 8.2093620300293 9.03626251220703 6.68543481826782 9.97573184967041 15.5374479293823 3.05856394767761 4.27908754348755 0.181172341108322 -0.579938769340515
39.157844543457 22.0626907348633 27.0132007598877 19.8656711578369 17.3925685882568 27.765832901001 22.7487964630127 6.53304767608643 0.766199350357056 0.940097153186798 5.76591062545776 1.17672276496887 1.80241477489471 5.64144515991211 1.95498049259186 2.8227756023407 3.65479826927185 6.78851127624512 5.73251342773438 7.7352089881897 10.8055419921875 24.574987411499 11.1119813919067 11.2511024475098 20.8471508026123 9.61685657501221 8.29632186889648 3.61706018447876 4.01969432830811 9.53185367584229 5.25026178359985 16.5553684234619 3.61848092079163 5.25342559814453 8.83915710449219 6.15917015075684 5.56219911575317 13.4265604019165 10.573335647583 19.9107608795166 11.3270263671875 20.9717121124268 10.2006254196167 -1.15717792510986 -0.666560590267181 -0.241475999355316
10.3544511795044 14.4037580490112 11.6915769577026 13.6378078460693 20.3829231262207 21.6549777984619 29.0222663879395 15.4751996994019 10.1983051300049 0.874402344226837 3.97618007659912 1.09050405025482 1.57181441783905 5.27934598922729 9.63964557647705 1.68284869194031 2.1215033531189 6.98265361785889 5.02130460739136 9.21796131134033 9.6282320022583 12.8531246185303 19.5157222747803 16.7691249847412 12.1542959213257 2.4661386013031 2.17625904083252 2.99446582794189 7.74632835388184 3.66401839256287 3.19541621208191 3.67618656158447 4.87941598892212 4.26050519943237 3.91993355751038 19.3797607421875 15.6153249740601 19.0791187286377 12.7127113342285 12.2773008346558 5.71743154525757 2.55473661422729 1.10943818092346 -0.791997134685516 -0.759470403194427 7.48220682144165
9.77440357208252 19.366849899292 11.8387117385864 16.7269039154053 17.3657398223877 23.1795883178711 27.4851417541504 12.085563659668 12.3024768829346 0.369139552116394 0.180727884173393 1.41764783859253 2.78770208358765 2.12440919876099 8.34489631652832 2.83599162101746 3.08681869506836 7.89095020294189 5.24357223510742 6.95120334625244 8.04697704315186 13.0215435028076 13.6734056472778 21.3332672119141 17.2998561859131 6.20743417739868 2.95822811126709 13.6445245742798 14.0880908966064 12.9301538467407 10.1162376403809 4.51369953155518 6.57968425750732 18.2133026123047 6.65623998641968 18.3549900054932 16.1406688690186 12.6516790390015 15.1079025268555 11.0355110168457 8.01023483276367 2.85805702209473 8.30809879302979 4.16622495651245 12.1933345794678 7.84775590896606
7.52135181427002 9.3291654586792 13.4421119689941 24.493236541748 19.5907974243164 18.7271499633789 17.5798015594482 11.166561126709 1.05932545661926 6.25284814834595 1.39216220378876 1.64436054229736 9.23236560821533 3.61974191665649 2.03345036506653 2.74895691871643 2.92049264907837 3.913822889328 5.23603868484497 19.1000881195068 9.20548057556152 11.3298835754395 14.3218336105347 13.9503402709961 12.4700498580933 25.2753219604492 6.79215002059937 5.45286846160889 6.95573472976685 5.96990346908569 4.52611541748047 19.5525760650635 9.1751766204834 23.53981590271 8.59794330596924 10.3438863754272 13.3211431503296 24.4375381469727 18.5693035125732 11.4783754348755 19.984281539917 16.439603805542 27.7543144226074 8.48338031768799 11.8082323074341 17.9054641723633
13.7360458374023 12.6207551956177 12.0338802337646 15.1525354385376 26.4567394256592 19.7741241455078 26.9924774169922 32.6001243591309 19.9139099121094 1.27414417266846 5.30075311660767 1.33316290378571 1.94118785858154 4.21045923233032 5.4553427696228 16.8750972747803 4.79080104827881 5.02730655670166 6.71110773086548 8.49579620361328 10.5658912658691 11.8364582061768 11.8553800582886 15.2373332977295 6.60755062103271 3.00841784477234 4.45917987823486 5.6275897026062 6.71461725234985 12.384349822998 6.27345180511475 11.9354610443115 7.1101222038269 7.24789047241211 10.221752166748 12.4327850341797 11.4495401382446 20.6134452819824 28.3386402130127 26.7831115722656 29.9393520355225 5.51860237121582 29.8685779571533 30.5566806793213 29.2963771820068 18.2514953613281
10.9733819961548 8.51222133636475 10.5551500320435 16.2278232574463 28.3721923828125 20.4747695922852 16.1047229766846 12.8014087677002 23.8629741668701 1.16697144508362 2.24146246910095 1.09183931350708 2.30129981040955 1.56136894226074 2.09592199325562 3.48639726638794 3.99383592605591 4.69537019729614 6.32690811157227 6.16987037658691 8.18187999725342 9.52134990692139 10.6833639144897 20.2320556640625 21.4943218231201 10.0397682189941 3.67248368263245 3.69208073616028 3.43631291389465 5.29913854598999 5.95909452438354 6.66382694244385 6.56326723098755 6.7982006072998 9.50745964050293 15.1841192245483 11.7698240280151 17.6088829040527 27.5845336914062 23.9803199768066 30.0391063690186 27.7070045471191 27.1576862335205 28.8931751251221 21.800350189209 20.4042987823486
