slauniainen/Data/DEM/Vihti_dsm1500b_cl_horizonAngle_72.asc
NCOLS 196 
NROWS 178 
XLLCORNER 353680 
YLLCORNER 6699024 
CELLSIZE 16 
NODATA_value -3.4e+38 
[rows 100 to 119 of 178, columns 90 to 134 of 196]
9.30098724365234 9.62699604034424 9.78397846221924 12.3213176727295 9.83580303192139 11.5154962539673 13.1424226760864 14.0886077880859 14.2872581481934 19.4057941436768 14.7199878692627 14.2459144592285 14.0486993789673 11.7658815383911 12.9722938537598 23.2665729522705 14.074275970459 11.4224863052368 12.634838104248 15.0155792236328 10.3896169662476 4.28535509109497 7.10023498535156 21.6193733215332 5.16606855392456 3.88963031768799 6.197105884552 14.1131353378296 11.3785276412964 14.5272836685181 17.2851848602295 22.6080532073975 28.814395904541 17.0334529876709 17.1044158935547 0.341008991003036 3.40753316879272 11.1939678192139 8.18068504333496 6.32299137115479 8.29855155944824 3.22856116294861 -1.09690463542938 -0.771253049373627 -0.709066331386566
8.77876091003418 9.15202903747559 22.7765884399414 8.68899250030518 9.87669086456299 8.96727180480957 11.1342210769653 12.7298049926758 12.7049179077148 13.8717203140259 12.1665000915527 11.1348075866699 18.2697353363037 9.59324741363525 10.0185403823853 8.81421661376953 19.1587009429932 19.1237945556641 3.36931490898132 7.85956764221191 7.59895277023315 7.86636924743652 12.2791500091553 16.0640316009521 5.50290536880493 6.61935567855835 8.24467945098877 10.5118322372437 14.5322723388672 18.8385791778564 16.9360008239746 17.3173713684082 13.0295000076294 16.9530162811279 13.6518697738647 22.5769557952881 5.44276237487793 5.69145107269287 9.29129409790039 9.59802341461182 2.23819184303284 5.51196813583374 -1.59452939033508 28.3079605102539 -1.81895136833191
9.99280548095703 29.3906860351562 7.3765811920166 8.31586074829102 8.86863040924072 8.03078746795654 8.73953342437744 10.2335538864136 9.6457347869873 11.8221702575684 15.7760496139526 17.8251876831055 8.17490863800049 9.04835796356201 35.9852104187012 10.8674345016479 23.3427963256836 17.4492034912109 15.7325305938721 9.3414134979248 14.7187166213989 4.91330909729004 7.09233617782593 7.6063666343689 7.27591991424561 7.57711124420166 9.68366813659668 13.8753519058228 12.8158893585205 30.7085590362549 10.3483657836914 8.19279766082764 7.28822755813599 9.81970977783203 14.0457849502563 5.7297477722168 28.2763957977295 0.131064876914024 3.30762648582458 2.14610934257507 2.50725746154785 3.78730344772339 11.1964330673218 9.71549987792969 -1.2436830997467
13.5807409286499 17.2102661132812 11.655556678772 6.5434455871582 7.6199893951416 7.56688833236694 8.03364849090576 8.7663631439209 9.09983158111572 8.7703104019165 12.368860244751 16.8798332214355 10.4849710464478 13.0230045318604 7.49010753631592 9.28022575378418 16.655345916748 13.1970996856689 12.1033143997192 25.6801452636719 5.67982816696167 8.3694019317627 12.4098176956177 6.0975022315979 5.81343936920166 8.60814666748047 13.3175001144409 14.7009038925171 6.90972709655762 7.45852899551392 4.46905040740967 7.58594417572021 5.13543653488159 10.3695030212402 15.2137889862061 10.1403541564941 9.26758480072021 9.0677547454834 31.2689456939697 4.94353103637695 1.29233944416046 -1.65711081027985 10.0847873687744 -1.49590003490448 13.8451919555664
9.63272762298584 16.9705848693848 5.75732564926147 5.92132949829102 6.67498254776001 6.93381643295288 6.50251817703247 6.97978258132935 7.9097466468811 8.74128150939941 9.66804027557373 8.61657047271729 10.9585886001587 8.63381195068359 9.8206090927124 18.1708679199219 10.348048210144 13.8098611831665 19.0512866973877 17.5416107177734 13.2924747467041 10.8270320892334 12.4000244140625 5.62258386611938 7.55331707000732 6.5707221031189 17.7274227142334 5.68924951553345 4.43845176696777 6.54140710830688 17.7598628997803 6.78460359573364 8.78964138031006 8.26367473602295 6.29259347915649 7.10725259780884 8.41085433959961 8.95819854736328 12.695463180542 14.743631362915 7.34879112243652 10.9636659622192 6.82620811462402 4.74052810668945 21.9034252166748
8.00819206237793 8.8253755569458 19.3587398529053 4.23121976852417 4.84575843811035 6.00926637649536 6.4622745513916 7.08476114273071 5.90491390228271 6.26278972625732 6.66362524032593 6.99218273162842 7.52648067474365 8.5033655166626 8.64926719665527 10.2071914672852 29.5503120422363 5.48092412948608 7.1699800491333 9.08872318267822 8.20952796936035 8.24308013916016 5.33410358428955 5.22303152084351 6.64809465408325 8.40057754516602 17.3978328704834 14.3864555358887 3.54926419258118 11.9902200698853 3.0530149936676 4.28495597839355 4.36965703964233 3.28353834152222 6.21006965637207 9.2519645690918 5.63810014724731 6.30815601348877 6.06695365905762 17.2150726318359 1.87162470817566 2.16506147384644 6.47120809555054 8.11749267578125 11.4805269241333
7.94472694396973 10.9344139099121 7.61777496337891 5.20504093170166 5.37866353988647 4.93539762496948 5.1964316368103 5.46474933624268 5.7769718170166 5.63596820831299 6.08890867233276 5.75218629837036 6.40409183502197 7.00895023345947 9.24927043914795 14.5498533248901 9.90733242034912 17.841588973999 10.6983699798584 3.64586091041565 4.26731157302856 10.4147577285767 4.95423030853271 7.00114917755127 10.4602470397949 14.0492687225342 18.1552047729492 8.92814826965332 12.355731010437 10.5353393554688 8.33955574035645 12.0096158981323 3.19220519065857 4.45817518234253 7.09315204620361 5.1882176399231 6.93751430511475 9.56909656524658 18.5276393890381 17.2274894714355 8.54038143157959 11.7358407974243 4.25014925003052 7.17433547973633 19.7752285003662
4.41762018203735 4.62505960464478 4.35560894012451 4.48765516281128 4.65116214752197 4.55646562576294 4.72930574417114 4.90798616409302 5.07462453842163 4.87999153137207 5.07828569412231 5.06890296936035 5.40965127944946 5.15627527236938 4.67872905731201 8.32791328430176 10.8435840606689 14.3340635299683 4.18517684936523 24.6978168487549 4.45976209640503 3.48623895645142 4.4232029914856 5.50265598297119 6.40840911865234 11.7490539550781 6.5458083152771 9.70511913299561 10.9494218826294 11.2031450271606 12.1825742721558 13.7246961593628 3.40909886360168 5.1250467300415 5.94553136825562 10.7930688858032 8.81970882415771 6.46134757995605 8.93219375610352 10.5742254257202 13.2752075195312 9.67828369140625 11.7814588546753 16.8759536743164 8.98845481872559
3.97756361961365 4.1263108253479 4.16465377807617 4.33214044570923 6.59426641464233 4.24792432785034 4.32395315170288 4.4919490814209 4.50380420684814 4.1903338432312 4.0490517616272 4.09666061401367 3.94728446006775 4.54476165771484 5.3746542930603 3.92255210876465 7.673903465271 10.0379848480225 12.7345819473267 12.6172246932983 12.8995294570923 12.2784824371338 8.0858211517334 29.7173748016357 3.56382727622986 5.3933424949646 8.06704521179199 12.2006101608276 16.2395343780518 14.3843660354614 8.30557727813721 7.21898555755615 7.21397113800049 5.32965564727783 5.33389616012573 5.85111427307129 5.11302947998047 5.94019603729248 5.23472356796265 6.06032466888428 6.92089605331421 4.4544825553894 5.21476984024048 4.37151193618774 2.73146390914917
3.35751414299011 3.57898116111755 7.6721248626709 4.73458003997803 3.12825870513916 3.23483324050903 3.72948527336121 3.51356101036072 3.63356733322144 3.32405829429626 3.15152740478516 4.00550603866577 3.44543647766113 3.37903451919556 4.01023197174072 5.33794975280762 6.64188241958618 6.16101264953613 5.78910684585571 4.94897317886353 7.25635576248169 9.31135559082031 13.1142225265503 9.32842254638672 17.4354782104492 13.66930103302 2.8550078868866 2.84924840927124 3.83124876022339 4.28947257995605 4.00004816055298 8.89990139007568 14.0318975448608 3.67531681060791 4.16756296157837 8.93144416809082 3.9971661567688 4.46413803100586 5.40544986724854 2.98015570640564 2.06242942810059 1.9907968044281 2.20126748085022 6.57322072982788 15.0529155731201
2.12541961669922 2.62781763076782 2.72170329093933 2.77609801292419 2.3111720085144 2.55468010902405 3.00819778442383 2.88499999046326 2.96323895454407 3.04314279556274 2.83893179893494 3.41735315322876 3.65746021270752 4.0711236000061 3.81107711791992 3.59107899665833 4.02847671508789 5.07701444625854 5.90421438217163 6.7601523399353 5.07181167602539 5.45901107788086 7.74396276473999 9.29095077514648 13.4885683059692 20.9042739868164 3.06822752952576 3.10744047164917 3.6613597869873 4.61065864562988 18.9577865600586 2.72363805770874 5.6983528137207 38.2537460327148 4.54639148712158 -1.16306102275848 -0.919929265975952 0.211941882967949 4.59036350250244 10.0652122497559 9.21919918060303 3.90222930908203 5.41082859039307 8.1031436920166 14.1698741912842
1.66557252407074 1.52661526203156 1.67235004901886 8.87929344177246 1.63753294944763 1.99884605407715 2.82147741317749 2.50694465637207 2.98673868179321 3.16668248176575 3.25877213478088 3.34235978126526 3.20450162887573 3.39558219909668 4.20279026031494 3.48405170440674 3.90472030639648 4.26184129714966 4.55741834640503 5.0488486289978 5.7323112487793 6.46444702148438 5.62010145187378 7.29591798782349 9.78688144683838 8.25931739807129 4.94293642044067 3.97188353538513 5.33774518966675 7.36315727233887 14.3868522644043 11.5984783172607 26.8534660339355 7.14539241790771 -1.24391090869904 4.4376540184021 -1.26435005664825 -1.1714836359024 1.67046046257019 8.65199279785156 14.0493822097778 7.91944599151611 19.9070091247559 2.27705597877502 5.91140651702881
2.38395500183105 6.76786279678345 1.04851675033569 5.98361444473267 0.792201459407806 1.74216902256012 2.8453311920166 2.7611608505249 2.56036734580994 2.64044404029846 2.81267046928406 3.08543872833252 3.19886159896851 3.37332081794739 3.56674122810364 3.51170635223389 3.35143661499023 3.84156823158264 4.30445098876953 3.94376587867737 4.23839044570923 4.83897113800049 4.55694532394409 3.22276902198792 3.1510694026947 3.61720824241638 3.69606137275696 6.94809913635254 8.03579616546631 12.1862993240356 28.2644195556641 9.01182270050049 27.7095489501953 1.90223431587219 19.3585186004639 -1.50129473209381 5.16074371337891 -1.11814522743225 2.39347219467163 9.71184253692627 11.1544828414917 16.1705722808838 14.7792081832886 2.9404981136322 3.94968223571777
0.779146909713745 0.481136411428452 0.582939684391022 0.959555089473724 1.18957829475403 1.53718614578247 2.267657995224 2.43749189376831 2.59177017211914 2.68576073646545 2.92799401283264 2.96475172042847 2.6885781288147 2.76168942451477 2.81118226051331 2.93077397346497 2.77887678146362 2.8435492515564 2.93770551681519 3.07904744148254 2.43545866012573 2.53513979911804 2.58794784545898 2.69818186759949 5.41922235488892 5.94843864440918 7.77334880828857 8.03756427764893 21.9544944763184 7.56331396102905 8.75349807739258 20.1914958953857 9.56021499633789 16.2649364471436 2.58500385284424 -1.05440664291382 5.62641143798828 -0.472208559513092 -0.191088438034058 5.80780220031738 7.84985637664795 4.77654933929443 20.3193359375 18.6194381713867 2.50076365470886
6.31263637542725 0.421193420886993 0.906447529792786 24.2655773162842 0.837651133537292 1.57691168785095 1.74190890789032 2.48364067077637 2.53251004219055 2.2469208240509 2.41320204734802 2.22977089881897 2.31192779541016 2.40050935745239 2.56322479248047 2.66245460510254 2.7588267326355 2.10187172889709 2.23738837242126 2.32819318771362 2.34905457496643 4.16285943984985 4.49507284164429 5.21798610687256 5.92561101913452 6.73458051681519 8.56088256835938 9.36112403869629 27.391637802124 6.5165433883667 12.0286951065063 13.5934782028198 4.58656215667725 17.2762126922607 -0.659101724624634 2.30697464942932 3.91999363899231 14.7894735336304 -0.286450386047363 0.617749810218811 2.7671639919281 6.74446582794189 14.6527090072632 21.4975624084473 5.36591339111328
8.04686641693115 0.38372990489006 0.756231009960175 1.22965371608734 1.50588798522949 1.5481390953064 1.38967370986938 2.11048173904419 1.92234146595001 2.10030388832092 2.15678381919861 2.28667306900024 2.31687664985657 2.37192678451538 1.80498087406158 2.0307559967041 2.09824109077454 2.15310192108154 3.36110138893127 3.47932195663452 3.98481249809265 4.73730230331421 5.03725528717041 5.36012649536133 5.55190229415894 6.51331615447998 9.11077880859375 27.4148082733154 6.35472917556763 13.0135183334351 13.9460563659668 1.99065852165222 6.62678098678589 13.2506456375122 4.00001192092896 -0.940581440925598 -0.454312533140182 6.56153964996338 0.0629048421978951 1.23661696910858 14.5867643356323 0.468452304601669 2.0264630317688 26.6080169677734 2.49683046340942
0.101887218654156 12.0852088928223 0.114623703062534 0.723469495773315 1.1665825843811 1.11001205444336 1.18327677249908 1.82815635204315 2.09637498855591 2.14851093292236 2.21424531936646 1.66796624660492 1.77309691905975 1.8062059879303 2.5356764793396 2.79591536521912 2.91363215446472 3.25358104705811 3.75384187698364 3.99100255966187 4.26144695281982 4.57155704498291 5.48220300674438 5.9184741973877 6.47980880737305 18.4438972473145 6.18133544921875 19.1748046875 6.72759580612183 3.14231491088867 7.81322336196899 2.76018166542053 6.12086915969849 6.57242202758789 21.7930450439453 -1.25031971931458 1.98246049880981 -0.0394989997148514 0.412501454353333 7.05275058746338 0.486889600753784 1.35151827335358 6.18783855438232 6.38035011291504 5.00142526626587
1.24961876869202 0.603870153427124 -0.0733123272657394 17.1652317047119 0.160030469298363 1.19155371189117 1.41467583179474 1.94495570659637 1.57396042346954 2.14758539199829 1.67163264751434 5.33581018447876 2.5319812297821 4.95652866363525 2.79461646080017 2.92831325531006 3.07084560394287 3.20523381233215 3.65521121025085 4.39860343933105 4.72870302200317 5.09249782562256 5.55956697463989 7.4042444229126 20.1567916870117 6.94390106201172 19.5743713378906 7.28049325942993 1.65519881248474 12.1966066360474 20.3064289093018 0.125015407800674 8.81122207641602 10.0981502532959 -1.34978544712067 -0.709213256835938 -0.384573936462402 -0.338021129369736 -0.164860844612122 0.0175456032156944 5.20183753967285 15.2970905303955 -0.0842476934194565 -0.182620629668236 2.58621168136597
-0.456889480352402 -0.292695015668869 2.73691987991333 0.886111378669739 0.933305740356445 0.382502287626266 0.841877400875092 1.46682143211365 1.9760148525238 2.21985554695129 2.23750758171082 5.28541564941406 2.75227355957031 5.07695913314819 2.64126443862915 3.302330493927 3.45885801315308 3.63567399978638 3.84668064117432 4.34155607223511 5.62939023971558 6.695725440979 8.6110668182373 12.1364116668701 15.5544710159302 36.557487487793 3.40484356880188 8.734543800354 19.5535144805908 4.50245428085327 11.7372732162476 2.61672592163086 16.0000457763672 3.57918095588684 7.18125820159912 -0.793667435646057 -0.519449293613434 2.15534448623657 -0.279388397932053 3.00325846672058 8.23684024810791 12.0393762588501 1.7737979888916 1.88102221488953 9.04156112670898
-0.74075174331665 -0.0634268894791603 -0.52944940328598 0.265217334032059 22.2099800109863 0.0492637492716312 0.790996134281158 1.90519106388092 2.11640286445618 2.40202522277832 2.71984195709229 5.31603813171387 5.24565458297729 2.99442028999329 3.10944628715515 3.15422821044922 3.31751203536987 3.49006009101868 4.20756721496582 4.82092189788818 7.34035873413086 8.46008205413818 13.4994649887085 16.0348453521729 14.820517539978 29.6109466552734 6.65453910827637 7.71996879577637 25.8593521118164 1.17951464653015 12.4644174575806 2.21875 7.76208209991455 2.56595349311829 8.36259365081787 0.0205452088266611 -0.774392545223236 3.77890038490295 15.4343957901001 3.2592613697052 -1.05062401294708 -0.502347707748413 0.0555917583405972 1.50468862056732 1.73258244991302
