slauniainen/Data/DEM/Vihti_dsm1500b_cl_horizonAngle_228.asc
NCOLS 196 
NROWS 178 
XLLCORNER 353680 
YLLCORNER 6699024 
CELLSIZE 16 
NODATA_value -3.4e+38 
[rows 140 to 159 of 178, columns 90 to 134 of 196]
9.3145170211792 3.62936210632324 3.45552897453308 3.65139508247375 4.91658496856689 4.82908725738525 5.07068157196045 4.63311624526978 4.21658992767334 3.53819370269775 8.29601097106934 3.91716384887695 4.31847810745239 4.54295635223389 3.70220685005188 3.49771118164062 6.47722148895264 5.10225439071655 7.02591800689697 23.3517417907715 12.1801481246948 9.08254241943359 29.9434967041016 14.5117282867432 12.2027549743652 5.61518287658691 2.84802293777466 2.2346978187561 1.83898305892944 1.2839686870575 3.8755669593811 1.2000367641449 13.0387105941772 4.01301908493042 3.01019287109375 10.2966680526733 6.76269149780273 0.00335882836952806 -0.209717035293579 5.94158315658569 9.57435703277588 6.52731037139893 -1.36842131614685 14.1687698364258 1.69632160663605
15.820728302002 11.1234321594238 4.6367974281311 19.6510601043701 13.2839803695679 6.06396436691284 7.35043621063232 4.81629037857056 3.89972496032715 5.03622913360596 4.22994709014893 5.48378562927246 6.15461015701294 6.10181570053101 6.50801277160645 10.9823350906372 13.0945262908936 12.201434135437 7.01120710372925 9.74940490722656 9.58843803405762 10.1232891082764 18.7855644226074 16.0436096191406 13.5370435714722 7.92791128158569 3.98433470726013 2.66741466522217 1.78302681446075 1.55298280715942 7.36558628082275 1.20723807811737 1.4465879201889 6.97396183013916 17.9241962432861 8.65430641174316 0.888530671596527 0.603872299194336 0.473816722631454 0.00939607806503773 12.5862016677856 -0.134863540530205 -2.19939875602722 7.59906625747681 14.3483543395996
5.61078977584839 10.1457948684692 5.13264322280884 5.30872583389282 7.56933927536011 7.62220573425293 6.60287427902222 5.27160930633545 5.86186408996582 5.62168884277344 15.9948616027832 5.76154851913452 8.32619667053223 16.4357585906982 17.5633735656738 20.6880970001221 25.3048477172852 11.2523889541626 11.4013137817383 10.4463376998901 10.0884084701538 9.3479471206665 10.0136890411377 17.8153953552246 10.4744892120361 9.57090663909912 3.33120059967041 2.83129286766052 2.21058988571167 1.69023644924164 2.22643208503723 4.75161933898926 14.016188621521 1.59490811824799 1.35768175125122 1.97223472595215 7.12486600875854 1.39500713348389 0.820436358451843 0.0565551593899727 2.49405097961426 1.38791370391846 7.95465087890625 5.98481798171997 5.54334306716919
6.00343656539917 6.39181995391846 6.41247606277466 7.74513864517212 8.4008321762085 7.28569555282593 5.85020780563354 19.3419075012207 5.45465230941772 5.36710596084595 13.629358291626 10.5268669128418 21.4085731506348 24.4795074462891 35.9389572143555 38.0301742553711 36.3412742614746 28.3048877716064 19.8855724334717 12.9340667724609 9.75104904174805 10.0223979949951 9.85800552368164 10.8496389389038 10.7200031280518 10.0920686721802 3.98892045021057 3.06787252426147 2.12992358207703 12.3077545166016 6.22085952758789 29.8726596832275 10.950553894043 2.86483645439148 3.48473143577576 12.5153884887695 10.1176614761353 1.80808508396149 7.70508241653442 1.09926867485046 2.8548309803009 -1.36570525169373 -0.384299039840698 -2.32535719871521 4.05068874359131
8.24774742126465 8.49982643127441 9.41188144683838 9.6658239364624 9.33650875091553 7.10019779205322 6.33870887756348 19.702730178833 11.4090709686279 6.45699691772461 9.19933986663818 25.1939678192139 4.12328100204468 17.092622756958 18.6011657714844 43.8519897460938 42.8233642578125 35.5959930419922 24.6475105285645 17.8542060852051 11.9084215164185 10.9013671875 12.1070642471313 12.7421722412109 6.34793424606323 11.8958292007446 3.55977344512939 2.7677218914032 1.88416528701782 2.0205409526825 1.98074054718018 25.5591659545898 1.69645953178406 2.24744772911072 1.99233889579773 1.73295521736145 1.46785390377045 0.959394097328186 0.605471193790436 0.017056941986084 1.75323820114136 12.3909997940063 5.85048389434814 3.07926607131958 0.569374620914459
9.60038089752197 11.0008983612061 11.9338474273682 9.52114105224609 10.8457069396973 18.6639995574951 5.6460394859314 6.83354425430298 8.75141525268555 10.3685207366943 3.79823231697083 3.79337644577026 13.4516334533691 16.3923053741455 8.5411205291748 34.0662803649902 45.4382972717285 47.1250419616699 30.7610034942627 20.8428497314453 13.5414352416992 13.8598051071167 13.9848413467407 16.0976505279541 11.6541328430176 10.3866443634033 3.15990567207336 2.84926438331604 2.1187059879303 2.45931363105774 2.08622097969055 3.55959343910217 2.6488664150238 4.72613334655762 1.76222443580627 1.68895626068115 1.55563104152679 11.3577461242676 0.621483981609344 0.232263505458832 -0.601872444152832 7.90818691253662 4.72733449935913 1.69958484172821 -3.00270962715149
11.8862333297729 12.0313119888306 11.3299808502197 9.37767601013184 7.36444234848022 7.46725749969482 9.38328838348389 12.3695831298828 5.65761518478394 5.03178262710571 4.43928003311157 2.84576463699341 2.48381042480469 3.42100930213928 8.38974285125732 8.5465726852417 8.0776195526123 42.2222099304199 44.0654106140137 25.0462894439697 15.6342401504517 9.09128284454346 9.34530258178711 23.3370761871338 16.5249042510986 3.81549549102783 3.04414939880371 2.65273952484131 2.5427074432373 2.11065244674683 4.97413969039917 6.58990430831909 9.72262763977051 4.63491344451904 5.10039377212524 1.65077602863312 1.4010843038559 0.891682982444763 0.480093002319336 2.38281083106995 -0.234122693538666 15.0160026550293 -2.32311677932739 4.61039400100708 -2.35536503791809
14.3342885971069 14.1781549453735 10.6158275604248 12.3453683853149 18.5306739807129 9.99751281738281 17.2645587921143 10.1631317138672 8.81040382385254 4.57553339004517 3.40610814094543 3.32235431671143 11.9980354309082 1.79326009750366 2.1562294960022 11.0241460800171 7.05118322372437 12.4610319137573 16.4998798370361 21.0871124267578 12.777232170105 8.658860206604 5.75141763687134 5.15622234344482 7.36336946487427 3.47535824775696 3.03807592391968 2.92695093154907 2.26302218437195 15.1691217422485 6.31276321411133 8.20563793182373 6.99920034408569 6.91827869415283 9.51545429229736 13.2741756439209 2.65732264518738 2.39180159568787 4.96339702606201 0.0801756903529167 -0.607762038707733 -1.11539328098297 5.56636142730713 1.86564576625824 -2.88631558418274
16.0496520996094 20.4346904754639 8.694167137146 14.469202041626 14.3081693649292 8.77956390380859 5.3600172996521 23.5751686096191 5.04727506637573 4.91327953338623 3.43404603004456 2.44005513191223 2.01229953765869 2.54349803924561 2.55558753013611 9.66960716247559 16.0973644256592 25.5202713012695 15.9220390319824 14.2856025695801 9.48929977416992 6.77283430099487 10.5703048706055 7.73442125320435 9.17431449890137 4.32453298568726 3.43098115921021 2.48158407211304 2.01041889190674 1.92238056659698 2.33207607269287 2.04289984703064 4.61686611175537 1.85786759853363 1.87825906276703 18.5537662506104 3.32665252685547 0.652496695518494 3.97460746765137 2.77566146850586 -0.906143486499786 -1.42946147918701 -1.5027482509613 -2.50363993644714 -2.34167408943176
10.3949756622314 9.82929515838623 6.73945426940918 6.90163469314575 5.83112287521362 5.48268556594849 4.8712797164917 5.15810871124268 4.57317876815796 4.3283371925354 3.23855781555176 2.98277997970581 2.76620864868164 4.97400760650635 11.3407430648804 2.41133522987366 8.68703937530518 5.31768465042114 7.61958932876587 7.95964193344116 14.4276685714722 15.2916250228882 8.29462337493896 8.24282455444336 20.5635318756104 4.14803743362427 3.30965447425842 2.37725210189819 2.13066816329956 6.09248161315918 2.07032442092896 1.74437355995178 1.90471339225769 1.42745923995972 1.05647718906403 1.10465145111084 2.9727520942688 6.06691551208496 -0.419247359037399 1.39074409008026 7.10960102081299 -1.35945641994476 1.31900179386139 -0.17103174328804 -1.96166145801544
14.7901515960693 8.33895778656006 7.74305248260498 6.2271089553833 5.84629440307617 6.21839904785156 5.43708372116089 5.35450315475464 5.08289194107056 3.87419509887695 3.32033562660217 2.87184548377991 2.55845236778259 2.25371289253235 2.42491388320923 2.3997278213501 11.5070295333862 7.7497706413269 4.35771036148071 7.17008543014526 6.72844314575195 8.46090793609619 9.62271022796631 6.73440742492676 6.09725904464722 4.09479427337646 3.66165995597839 2.135582447052 2.78255200386047 9.82263278961182 2.98734450340271 4.16806697845459 4.10230350494385 4.98525094985962 8.77519416809082 4.63683843612671 0.861243546009064 0.137404575943947 6.00267267227173 -0.830404877662659 -1.24403810501099 -0.747108101844788 -0.782922387123108 2.89059257507324 -1.87757980823517
9.87543392181396 8.97281074523926 7.27780199050903 6.85337781906128 6.86803531646729 6.51823568344116 6.98945140838623 7.05639457702637 4.90604448318481 5.65336799621582 4.86293649673462 7.5798077583313 2.53727126121521 6.81390619277954 10.3839082717896 2.51878952980042 3.72699284553528 7.54776573181152 10.710503578186 9.72561550140381 11.7703800201416 12.7490472793579 7.55753517150879 5.79929733276367 4.32044839859009 10.4312114715576 3.02216053009033 3.26394891738892 2.1094868183136 3.40890884399414 4.8452000617981 4.78838920593262 1.30379557609558 1.15690267086029 0.683091104030609 0.165095582604408 1.29670226573944 -0.434888750314713 -0.464266240596771 -0.992391288280487 -1.09873795509338 -1.36577641963959 -1.4006712436676 -2.01224255561829 -2.30801391601562
10.5756025314331 10.8940896987915 10.3129453659058 7.97746515274048 6.70700216293335 8.67656230926514 8.83907222747803 8.20242595672607 4.53351020812988 3.89439821243286 3.23350834846497 9.97893524169922 2.63528680801392 3.04216003417969 16.3223876953125 6.29387378692627 7.74897956848145 10.2795810699463 22.8622055053711 13.1187953948975 15.4207620620728 18.0168647766113 11.1297130584717 5.80350732803345 4.13506126403809 4.03420400619507 4.04084300994873 2.93855094909668 2.09649085998535 6.57709264755249 10.9975728988647 1.48205852508545 1.981898188591 0.932845175266266 0.518099844455719 2.91443252563477 12.9674463272095 2.53112149238586 1.93146562576294 -0.831582486629486 -1.05329477787018 -1.33934640884399 -1.65227055549622 -2.05302786827087 -2.25026702880859
11.8885889053345 13.1060285568237 10.1821756362915 9.67976570129395 11.3819379806519 10.5853824615479 8.52884960174561 7.23117303848267 4.68209171295166 4.13009834289551 3.21544098854065 2.94070029258728 10.9778060913086 2.76559996604919 9.6784839630127 8.6417179107666 3.95618557929993 7.55146503448486 20.7016315460205 20.8609809875488 10.5639581680298 15.0575351715088 8.71142101287842 11.7799243927002 4.75864601135254 4.65722322463989 3.40848565101624 2.5783383846283 1.94542062282562 1.74462640285492 3.25157880783081 2.44111680984497 1.05319571495056 0.588876724243164 -0.0746482610702515 -0.241835087537766 -0.435153245925903 -0.755830585956573 0.0131579609587789 -0.817124843597412 -1.08488619327545 -1.52402818202972 -1.45043778419495 -1.71528220176697 -2.06105422973633
28.8339653015137 21.2154865264893 18.8376426696777 27.2980709075928 16.6000461578369 14.6843948364258 8.21456813812256 7.57022142410278 6.55476331710815 3.57680296897888 3.21436142921448 3.00728464126587 5.81840753555298 3.862309217453 10.9511556625366 12.5727643966675 3.85598874092102 3.85613679885864 7.41364288330078 24.9366626739502 4.6142053604126 10.6603155136108 8.33796310424805 15.9222211837769 4.26218223571777 3.69617676734924 3.56927037239075 2.38376379013062 2.15549349784851 5.48125886917114 3.0737292766571 1.45509243011475 3.23260879516602 9.47954940795898 -0.141073048114777 -0.432571232318878 2.53795862197876 5.28107023239136 -0.789817929267883 -0.658615946769714 -1.21367406845093 -0.857355237007141 -1.43694424629211 3.91819095611572 -1.32392621040344
27.3878383636475 19.0800952911377 15.8988637924194 16.314094543457 11.0939464569092 9.38813209533691 9.99282550811768 7.81730461120605 6.71218252182007 4.73198413848877 4.06756782531738 3.14724826812744 9.03672981262207 11.480619430542 3.99580430984497 4.35161018371582 11.6578073501587 3.90594506263733 4.29861640930176 9.06379222869873 7.23770999908447 17.3783473968506 6.25699806213379 11.8529558181763 4.55494928359985 3.5951464176178 2.95881032943726 1.86764645576477 1.56132090091705 8.84177494049072 1.78084909915924 0.688840746879578 0.240650832653046 -0.0678583011031151 -0.346268743276596 -0.60173499584198 -0.823333621025085 -0.111316815018654 -0.120581664144993 0.114018760621548 -0.670555770397186 -0.957923054695129 -1.31888163089752 -1.27744698524475 -1.58750414848328
32.2375984191895 26.4996490478516 16.428279876709 24.3387470245361 12.0314283370972 10.9030656814575 9.62153434753418 8.77511882781982 7.69729900360107 5.27661943435669 4.39224815368652 3.99815392494202 3.64632654190063 4.8170166015625 11.3151636123657 4.15031385421753 4.53370714187622 4.65299320220947 6.15538549423218 21.4348068237305 4.57949829101562 5.60165929794312 4.71503782272339 4.7790379524231 4.07781648635864 3.98706865310669 2.4056499004364 1.85575270652771 1.40720689296722 4.80748653411865 1.30246686935425 0.756228566169739 0.587530016899109 -0.259624451398849 -0.469760417938232 0.100180968642235 0.0369926542043686 6.36844778060913 2.07389807701111 -0.00485848309472203 -0.206124976277351 -0.748461544513702 -1.0118442773819 -1.45546448230743 -0.81205290555954
31.7753772735596 29.1142158508301 12.9157867431641 12.5808629989624 12.0549430847168 14.8302316665649 11.2834844589233 9.07941722869873 7.47860193252563 5.25371170043945 4.15376806259155 4.16550970077515 4.21432113647461 4.24163150787354 6.54934740066528 4.9832878112793 5.00219488143921 4.88770008087158 4.64561367034912 4.8272271156311 5.64200067520142 13.0582399368286 4.83422660827637 5.43399715423584 4.72713470458984 3.0425922870636 2.36955118179321 2.37580251693726 5.0316686630249 1.22125279903412 1.0258674621582 0.774578034877777 0.152119770646095 4.62020063400269 1.01139008998871 10.5927486419678 1.71530890464783 2.37376141548157 1.25852108001709 9.64130210876465 -0.0720674693584442 -0.632710576057434 -0.655945360660553 -0.112996488809586 -0.495689690113068
30.2274971008301 38.7749977111816 20.759105682373 16.7759819030762 14.056978225708 13.4385366439819 13.8867301940918 9.59763526916504 8.54588890075684 7.11864757537842 5.78406667709351 4.44277620315552 4.73725080490112 4.79450559616089 5.18392705917358 5.50964593887329 12.7736549377441 13.9049978256226 5.35739040374756 5.92978191375732 6.78112268447876 7.54270887374878 9.75907230377197 8.80529689788818 3.56910467147827 3.24721240997314 2.60055375099182 1.35971486568451 1.18000483512878 7.65189123153687 4.44930601119995 11.3350858688354 8.92888641357422 4.40880966186523 2.65321850776672 1.74067497253418 9.96669864654541 5.97528266906738 3.46468162536621 3.63428068161011 0.65559858083725 0.791616439819336 1.38001430034637 -0.113496251404285 2.16666722297668
28.4917984008789 41.4784736633301 22.1764450073242 15.4866046905518 14.5083341598511 14.7976350784302 16.7031631469727 10.6914777755737 8.98280334472656 6.9058690071106 6.83336067199707 4.96561574935913 5.23026466369629 5.18761825561523 5.93646764755249 5.0197925567627 5.29744958877563 5.42514419555664 6.05247640609741 9.65934944152832 9.11186695098877 10.6618041992188 10.0281534194946 3.82561445236206 9.32430648803711 16.0924453735352 4.36567783355713 3.09210896492004 0.963055193424225 2.31743454933167 0.850190341472626 19.220157623291 5.56126165390015 5.26757955551147 2.51731085777283 2.75202035903931 11.4580678939819 21.4292221069336 1.03759622573853 7.9655385017395 11.1749315261841 5.97892808914185 3.35350108146667 6.43147373199463 5.85014963150024
