slauniainen/Data/DEM/Vihti_dem_16m.asc
ncols         196
nrows         178
xllcorner     353680
yllcorner     6699024
cellsize      16
NODATA_value  -9999
[rows 30 to 59 of 178, columns 0 to 67 of 196]
-9999 -9999 -9999 -9999 -9999 -9999 -9999 -9999 -9999 -9999 -9999 -9999 -9999 -9999 -9999 -9999 -9999 -9999 -9999 77.00963 78.51825 79.51884 80.30647 79.45994 75.58344 74.14231 72.89532 72.18744 72.68037 74.69956 73.75452 69.94334 69.14614 68.95264 69.24175 71.39989 74.68941 77.75204 78.60047 80.46258 81.00552 79.91461 78.27946 75.74311 72.14761 68.8495 67.29905 67.32802 69.28786 72.53909 75.57337 76.73663 77.44814 76.98936 74.57973 72.99705 70.61367 67.45983 64.64292 62.92467 61.29719 58.34028 53.13695 49.45573 48.65731 47.45331 46.83577 45.79775
-9999 -9999 -9999 -9999 -9999 -9999 -9999 -9999 -9999 -9999 -9999 -9999 -9999 -9999 -9999 -9999 -9999 -9999 68.83601 72.75472 75.25474 76.52637 77.03341 75.75769 71.80209 70.86105 72.83214 73.50116 71.2817 71.52074 70.76099 70.72523 68.65182 67.83217 68.20493 69.76813 71.82334 73.8716 75.27357 76.48492 77.34511 74.98189 73.12189 70.71839 68.59242 66.61391 65.55339 66.30655 69.50703 71.87388 74.15286 75.25222 76.559 77.0024 75.2802 72.09651 69.22607 66.90883 64.99725 63.27737 60.98923 58.17545 53.83331 48.50386 47.06694 46.40401 44.66376 43.63014
-9999 -9999 -9999 -9999 -9999 -9999 -9999 -9999 -9999 -9999 -9999 -9999 -9999 -9999 -9999 -9999 -9999 -9999 65.58245 69.30614 71.95811 72.49107 72.87789 71.96103 69.26142 68.06706 70.00471 72.71503 71.29194 68.37366 67.77289 68.35973 67.48161 66.23228 67.25304 68.98122 70.54762 71.15816 71.91772 72.54017 72.28064 71.09166 68.99025 67.03951 65.40549 64.0843 63.049 64.68034 68.50817 71.22839 73.06155 74.93501 76.56308 76.75758 74.52316 70.22877 67.25139 64.82967 62.05128 59.96759 58.44545 55.93787 52.34886 47.76058 46.59005 44.50736 43.57805 43.30831
-9999 -9999 -9999 -9999 -9999 -9999 -9999 -9999 -9999 -9999 -9999 -9999 -9999 -9999 -9999 -9999 51.44423 56.53794 61.47214 65.38783 68.50617 69.63809 69.97208 69.0479 66.39398 64.69241 65.59581 67.35722 68.03638 66.3292 63.97541 63.53942 63.00847 62.77892 66.15585 67.89983 68.8196 68.99129 69.46452 69.71389 70.2814 68.55739 65.94409 63.77256 61.71172 60.58761 59.70339 62.14847 65.68021 68.25664 70.92606 73.37294 75.15228 72.64328 69.56689 67.17678 64.65316 61.72591 58.83114 56.34385 54.0629 51.94967 49.25965 46.95694 44.44869 43.77858 43.36244 43.24794
-9999 -9999 -9999 -9999 -9999 -9999 -9999 -9999 -9999 -9999 -9999 -9999 -9999 -9999 -9999 44.70597 48.17344 53.35519 57.75341 61.32533 64.7401 66.8232 67.29034 65.37283 62.94242 61.41814 60.67019 60.76964 61.82637 61.90178 60.02147 58.96817 58.47336 58.99967 63.054 66.09178 66.85339 66.52654 66.14777 66.30041 66.39189 65.07659 61.7745 60.16475 58.45216 57.12873 56.42622 58.02881 60.09069 63.03717 65.42722 66.62184 66.52438 65.5175 64.8576 63.4283 61.00442 58.4835 55.86505 53.54136 50.85845 48.91561 47.4362 44.41191 43.34491 43.27669 43.2698 43.31752
-9999 -9999 -9999 -9999 -9999 -9999 -9999 -9999 -9999 -9999 -9999 -9999 -9999 -9999 -9999 42.66883 44.98486 49.37233 53.92119 57.31036 59.78506 62.43637 62.57644 61.12823 59.38547 57.9277 56.89519 56.518 56.45822 56.79364 56.02988 55.27453 55.03678 55.36119 57.85355 61.89583 64.51224 64.61971 63.05359 60.77492 59.8363 58.88892 57.74544 56.14475 54.7627 54.17897 53.69899 54.41016 56.04342 57.77802 59.51062 59.53703 59.78486 59.85975 57.35624 57.70076 57.1467 55.07341 53.01653 50.30198 48.58342 46.93881 44.26608 43.31752 43.17284 43.3013 43.3818 43.70655
-9999 -9999 -9999 -9999 -9999 -9999 -9999 -9999 -9999 -9999 -9999 -9999 -9999 -9999 40.85065 41.40578 42.86969 45.31272 49.65137 53.69867 55.65475 57.67655 57.51041 57.24875 56.04661 55.1062 54.68901 54.27875 53.38778 53.20873 53.01736 52.4652 52.01772 51.78448 53.0243 55.48939 58.78886 59.02708 58.6863 57.66181 56.18256 54.80033 53.83702 52.00789 52.15139 51.6882 51.18098 51.4353 52.42073 53.17353 54.17939 54.37747 53.57019 53.11486 51.83733 51.95689 53.37394 51.31264 49.23225 48.07006 45.9135 43.7575 43.25403 43.36667 43.59495 43.88806 44.24245 44.55269
-9999 -9999 -9999 -9999 -9999 -9999 -9999 -9999 -9999 -9999 -9999 -9999 -9999 40.53931 40.50625 40.65598 41.4397 42.95419 45.67564 49.54103 51.71273 53.34488 53.07998 52.91364 53.2917 52.64373 52.59816 52.58619 52.04208 51.5872 51.16361 50.36477 49.67381 49.367 49.74167 50.37453 52.84787 54.29359 54.44206 53.35489 52.10664 50.27542 50.05326 49.50372 49.7443 49.86814 49.13275 49.09033 49.47334 50.03006 50.15017 50.45669 49.88887 49.48959 49.27775 49.20453 49.23952 48.31895 46.65056 44.50836 43.52355 43.19358 43.41262 43.90295 44.30664 44.61767 44.7655 44.86549
-9999 -9999 -9999 -9999 -9999 -9999 -9999 -9999 -9999 -9999 -9999 40.28508 40.2938 40.25002 40.20837 40.27389 40.46761 41.30342 43.32939 46.22697 48.86834 49.77069 48.65017 49.13303 49.94566 50.3818 50.71544 50.98159 50.90392 50.58266 50.05439 49.27495 48.45436 47.78245 47.33839 47.28811 47.92466 48.59389 48.7685 48.47975 48.09567 47.00189 47.27689 46.93073 47.09847 47.2455 47.11692 47.13555 47.41151 48.01619 48.17038 47.9514 47.89925 48.0307 48.17572 47.39141 46.4912 44.97559 43.61076 43.14406 43.13784 43.30289 44.12115 44.54394 44.74459 44.89781 45.00184 45.0743
-9999 -9999 -9999 -9999 -9999 -9999 -9999 -9999 -9999 40.15336 40.1455 40.09236 40.08406 40.07358 40.0255 40.04102 40.04581 40.31783 41.20845 43.01347 45.1319 45.54733 45.59613 46.45485 47.31239 48.19181 49.3863 50.04433 49.93 49.70041 49.26919 48.51764 47.6664 46.86423 46.28844 46.08905 46.18006 46.23041 46.07236 45.89258 45.72591 45.61514 45.58398 45.71331 45.43031 45.05602 45.0902 45.08764 45.30695 46.16369 45.6258 44.24234 43.79772 43.88161 43.97595 43.67976 43.58909 43.31947 43.28506 43.41145 43.53942 43.76861 44.4638 44.74383 44.95003 45.02269 45.099 45.11269
-9999 -9999 -9999 -9999 -9999 -9999 -9999 -9999 40.00084 39.99264 39.97973 39.97477 39.97309 39.92994 39.88465 39.864 39.88412 40.01959 40.38789 41.26019 42.52828 43.28859 43.83187 44.74492 45.41308 46.84216 49.76173 51.33673 50.4677 49.51295 48.71956 47.95425 47.09538 46.48241 46.28591 46.22 45.35317 44.26458 43.57101 43.36575 43.51823 43.7232 44.07161 44.31611 43.92184 43.51628 43.61919 43.66461 43.7925 44.06683 43.53395 42.70469 42.47172 42.44795 42.52177 42.62513 43.42978 43.73547 43.88755 43.92653 43.90378 44.04055 44.56531 44.8397 44.93338 45.00264 44.98459 44.97419
-9999 -9999 -9999 -9999 -9999 -9999 39.73335 39.78758 39.81683 39.8303 39.86666 39.88152 39.85769 39.82748 39.79683 39.77056 39.80331 39.91583 40.13897 40.47736 41.20519 41.90314 42.61772 43.42006 44.25244 45.82898 48.55719 50.41436 51.11383 49.96216 48.63306 47.59362 46.83322 46.85264 46.10992 44.30737 43.46399 43.13139 42.91381 42.84077 42.83062 42.92953 43.08097 43.055 42.8722 42.80736 42.76994 42.76077 42.81145 42.70219 42.3853 42.17705 42.26661 42.36269 42.52174 42.78812 43.65195 43.91517 43.9675 43.93301 43.81049 44.27134 44.6607 44.75863 44.79025 44.7641 44.70406 44.61756
-9999 -9999 -9999 -9999 39.28205 39.39317 39.46861 39.55478 39.64838 39.71078 39.7436 39.78098 39.78165 39.7718 39.72589 39.70181 39.75534 39.87423 40.05088 40.31602 40.74231 41.16094 41.61473 42.3342 43.35405 44.69259 45.87867 47.64452 49.05831 49.67342 48.76211 47.63645 47.22175 45.98973 44.10491 43.48658 43.10963 42.83514 42.71198 42.62878 42.55566 42.61783 42.61731 42.50075 42.41906 42.41039 42.34917 42.32931 42.43297 42.12519 42.10226 42.09426 42.24903 42.50288 42.82101 42.97395 43.56577 43.84161 43.87349 43.90933 43.79008 44.19758 44.35286 44.28917 44.12095 44.10433 44.05306 44.01094
-9999 -9999 38.33456 38.47528 38.87981 39.07884 39.26003 39.38955 39.51114 39.61612 39.64508 39.67853 39.69112 39.67495 39.68262 39.68737 39.73402 39.84839 39.98006 40.2753 40.54964 40.75331 41.01684 41.5052 42.41034 43.45564 44.36526 45.36242 46.72683 48.15734 48.43114 47.72902 47.12794 45.44601 43.8925 43.1993 42.85638 42.65955 42.55663 42.42622 42.38894 42.42864 42.34683 42.21847 42.19772 42.163 42.15628 42.173 41.95233 41.93591 41.96909 42.0185 42.26855 42.48733 42.68864 42.89372 43.31131 43.57801 43.54552 43.51414 43.51306 43.61959 43.69967 43.79628 43.75144 43.93619 44.01405 44.05548
-9999 -9999 39.51714 39.15592 38.78934 38.80162 38.8417 38.99176 39.11319 39.20384 39.26456 39.52636 39.64947 39.69152 39.71642 39.71678 39.7465 39.81636 39.92603 40.20009 40.411 40.53956 40.67914 40.92431 41.50177 42.35853 43.23355 44.22031 45.3497 46.81669 47.63148 47.67944 47.70274 46.10886 44.14013 43.1092 42.75167 42.52103 42.4022 42.25889 42.2678 42.2722 42.14737 42.02828 42.00335 41.93142 41.96931 41.94289 41.87355 41.89338 41.9458 42.11311 42.45837 42.67683 42.87633 43.11681 43.29244 43.65031 43.24734 43.33916 43.52836 43.69069 43.75241 43.79897 43.93931 43.93997 43.94653 44.0428
-9999 39.99017 39.78475 39.59283 39.4238 39.34916 39.33739 39.45694 39.55444 39.57455 39.55647 39.32523 39.42097 39.60325 39.66056 39.72505 39.80677 39.86324 39.92417 40.04403 40.24398 40.36903 40.41631 40.5537 40.86331 41.35991 42.20106 43.42922 44.65625 46.04334 46.79066 47.95884 48.0497 46.9548 44.7188 43.31227 42.79658 42.44987 42.29572 42.15314 42.13089 42.09922 41.91447 41.82661 41.72989 41.73637 41.72097 42.21325 42.67337 42.97472 43.34353 43.60973 43.71416 43.82405 43.80684 43.59845 43.35945 43.53677 43.41034 43.43158 43.58413 43.78653 43.78786 43.75645 43.88939 43.99459 43.98941 43.97125
40.2177 40.13351 39.98467 39.84964 39.71598 39.55069 39.5312 39.56791 39.60158 39.61292 39.59545 39.57148 39.47892 39.41777 39.44547 39.5262 39.64587 39.8018 39.94225 40.00795 40.09825 40.20119 40.27458 40.34547 40.5113 40.80392 41.56886 42.8467 44.04366 45.60859 46.17662 46.86617 47.67953 47.32851 45.48261 43.94789 42.68553 42.35105 42.20086 42.03122 41.90608 41.82047 41.76 41.6818 42.08389 42.57945 42.49039 43.39264 43.76456 43.80528 43.88481 43.90914 43.9283 43.82367 43.83364 43.78762 43.79567 43.65159 43.54289 43.57965 43.62952 43.72433 43.70886 43.86663 43.82566 43.89967 44.03048 44.11636
-9999 40.3352 40.33997 40.2702 40.17339 40.0015 39.88313 39.8131 39.78017 39.72859 39.66142 39.60195 39.59756 39.64716 39.61755 39.53655 39.56627 39.66663 39.75686 39.87836 39.89258 39.99378 40.04445 40.26019 40.44299 40.64264 41.14766 42.19045 44.16544 45.11855 45.51847 46.09286 46.90266 46.45075 43.90784 43.49158 42.52417 42.01209 42.19553 42.04405 41.92481 41.83867 41.76167 41.6321 42.31672 42.00613 42.43444 43.64942 43.85011 43.91508 43.94108 43.97749 43.93277 43.73786 43.7272 43.71306 43.72072 43.85072 43.73214 43.72533 43.75655 43.74464 43.67741 43.86058 43.93175 43.94691 43.94138 44.09289
-9999 40.60175 40.84861 41.043 41.01575 40.83081 40.53558 40.2902 40.10383 39.93567 39.83081 39.71511 39.64117 39.65164 39.64039 39.61749 39.64674 39.79347 39.88106 40.02786 40.13014 40.28359 40.328 40.26752 40.35019 40.63401 40.9828 42.74816 44.065 44.26425 43.661 43.26949 43.09919 43.37734 45.06952 45.76035 44.83735 43.58067 42.16961 42.07388 41.96589 41.90911 41.81864 41.61316 42.11514 41.73786 42.87514 43.74891 43.87326 43.93161 43.95913 43.9503 43.81978 43.69647 43.66708 43.71189 43.66023 43.65122 43.68055 43.81545 43.88061 43.84133 43.84222 43.81247 43.88514 44.01245 44.11291 44.07101
-9999 40.92715 41.27414 41.72106 41.97858 41.89764 41.55156 41.13067 40.7225 40.33564 40.07842 39.91478 39.79742 39.77213 39.73915 39.70011 39.69495 39.7576 39.86303 39.94211 40.11355 40.2165 40.2997 40.38744 40.60727 40.72947 42.11125 42.46586 42.94803 42.8295 43.25475 44.73445 45.84616 46.66017 46.78587 46.56672 45.92797 44.88361 43.47691 42.26091 41.89206 41.96991 41.82028 41.56351 41.49691 41.76149 43.37601 43.72208 43.85136 43.87772 43.93309 43.88348 43.77131 43.72681 43.64112 43.60825 43.584 43.53548 43.58164 43.67805 43.72147 43.83372 43.88281 43.93792 43.95728 43.95773 44.1118 44.16614
-9999 41.21 41.5969 42.09472 42.56997 42.87831 42.74067 42.30039 41.73644 41.13508 40.67108 40.31706 40.07177 39.9584 39.88864 39.80464 39.74958 39.74316 39.83294 39.94022 40.05373 40.17072 40.29139 40.43981 40.89349 42.06756 41.76888 41.45964 42.12575 43.38545 44.40266 45.38164 46.20434 46.76947 47.02444 47.02087 46.54969 45.76475 44.50581 43.17175 42.51997 42.07031 41.85747 41.69725 41.62475 42.19405 43.4712 43.7123 43.80978 43.83945 43.87701 43.79606 43.70391 43.68723 43.60884 43.56417 43.57376 43.553 43.58525 43.61049 43.65234 43.64917 43.73767 43.85402 43.9208 44.05001 44.08922 44.15808
-9999 -9999 41.99206 42.92194 43.28889 43.65699 44.33191 44.23013 43.27353 42.60241 41.76138 41.19017 40.68714 40.42448 40.28136 40.1342 39.97381 39.92419 39.94975 40.00483 40.09174 40.2597 40.61119 41.29958 41.8935 41.63728 41.81572 41.9538 42.29489 43.27236 44.38433 45.37105 46.169 46.80036 47.30734 47.53127 47.09169 46.29731 45.26694 44.05999 43.25212 42.71064 42.28675 41.85991 41.70525 42.24972 43.31509 43.67648 43.85672 43.97694 43.79595 43.70634 43.65933 43.59647 43.51017 43.59013 43.54 43.58 43.64156 43.59937 43.61053 43.42278 43.67511 43.73598 43.67294 43.75144 43.97991 44.17864
-9999 -9999 42.19584 43.162 43.61816 44.11422 44.62005 45.20877 44.39141 44.01612 43.36705 42.66934 41.95736 41.43938 41.11806 40.77213 40.36733 40.19264 40.19513 40.27452 40.49742 41.259 41.8725 41.64545 41.66405 41.93134 41.94536 42.12792 42.57342 43.42206 44.45691 45.48825 46.38344 47.2014 47.8268 48.25117 47.81328 46.97427 45.80283 44.73917 44.09894 43.40716 42.72878 42.28105 42.05552 41.83022 42.515 43.37399 43.68034 43.82603 43.65855 43.59244 43.55178 43.53817 43.53191 43.58261 43.56806 43.59958 43.5915 43.57874 43.42683 43.30228 43.71326 43.65253 43.53717 43.40228 43.56756 43.85786
-9999 -9999 42.44792 43.03669 43.61599 44.00958 44.69995 45.35967 45.26691 45.09549 44.82483 44.22858 43.59086 42.99961 42.49095 41.87078 41.20348 40.79922 40.99206 41.91684 42.47147 41.99028 41.48458 41.8668 42.17095 42.32113 42.45853 42.7177 43.25763 44.01794 44.81667 45.6185 46.57511 47.59661 48.40133 49.16734 48.69234 48.00933 46.73211 45.55238 45.00361 44.31608 43.36934 42.51061 42.12722 41.80704 42.26683 42.24237 42.81706 43.26464 43.31561 43.41756 43.41231 43.47434 43.55605 43.59573 43.56047 43.58311 43.45026 43.40647 43.0752 43.58241 43.68861 43.51092 43.4762 43.48461 43.42416 43.49942
-9999 -9999 -9999 43.21101 43.7115 44.14795 44.72147 45.3097 45.90459 46.11094 45.83833 45.40339 44.97002 44.61584 44.16792 43.62206 42.89091 43.0703 43.55948 42.82244 42.37703 42.53078 42.74845 42.92339 43.07444 43.37225 43.74486 43.984 44.34689 44.8768 45.41917 45.96437 46.94081 48.03392 49.02491 49.77944 49.26967 49.06887 48.20967 46.69203 46.04645 45.31233 44.27469 43.12598 42.43538 42.08314 42.18312 42.32872 42.67058 42.28878 42.5561 43.03086 43.13734 43.34439 43.5455 43.54603 43.52803 43.43253 43.00092 42.92434 42.97844 43.72869 43.698 43.5183 43.33914 43.42808 43.48194 43.52275
-9999 -9999 -9999 43.51495 44.10361 44.79766 45.01447 45.51041 46.18853 46.75194 46.72572 46.33387 45.87522 45.74506 45.61805 45.54527 45.24391 44.87373 44.35981 44.73431 45.00127 45.53152 46.21625 46.45555 45.15322 45.088 45.41066 45.50791 45.51819 45.76697 46.15086 46.57627 47.37694 48.33458 49.37375 50.03769 49.69653 49.98858 49.98395 48.17881 47.36452 46.75494 45.91148 44.6887 43.51091 42.58378 42.22058 42.0527 43.29059 43.31008 42.78537 42.35226 42.56011 43.04192 43.34058 43.4649 43.52505 43.09649 42.76711 42.77341 43.38619 43.63277 43.54164 43.49953 43.44075 43.38309 43.4637 43.50958
-9999 -9999 -9999 -9999 44.32259 44.92556 45.19709 45.67142 46.19238 46.86614 47.33372 47.11539 46.65749 46.54148 46.65427 46.66677 46.55602 46.7028 46.82647 47.95498 48.87692 49.33467 51.84784 51.53078 48.93713 47.73737 47.38327 47.08849 46.72414 46.73514 46.9195 47.20445 47.75897 48.57411 49.52672 -9999 49.82625 50.63837 51.01524 49.452 48.64858 48.13026 47.53247 46.72023 45.98167 44.95453 43.28042 42.27477 43.48253 43.79197 43.47484 43.27995 42.70986 42.16394 42.52225 43.03434 43.23112 42.68784 42.56744 42.99791 43.59587 43.66308 43.43778 43.32848 43.46706 43.46639 43.37831 43.42584
-9999 -9999 -9999 -9999 44.57631 45.18938 45.46758 45.88923 46.33239 47.13542 47.42003 47.29134 47.37659 47.32174 47.56597 47.67862 48.07789 48.18934 48.68245 50.26266 51.80136 52.41241 54.01249 55.77859 53.71338 50.80097 49.49562 48.77583 48.1731 47.94881 47.86386 47.69842 48.19688 48.85386 -9999 -9999 -9999 -9999 51.20744 50.14622 49.67017 49.49886 49.13638 48.7408 48.49775 48.07894 45.74199 43.38016 43.8471 44.00697 43.91739 43.85142 43.46534 43.06575 42.54858 42.2522 42.5913 42.44073 42.60085 43.31728 43.63075 43.47181 43.428 43.37659 43.33678 43.47128 43.43136 43.5204
-9999 -9999 -9999 -9999 -9999 45.36063 46.12936 46.42913 46.6725 47.23578 47.84609 47.81187 47.86241 48.09658 47.98423 48.38559 48.76308 49.16964 49.80094 51.37795 53.9018 55.27836 56.39177 57.4982 57.44617 54.42173 52.04411 50.10701 49.03199 48.48328 48.27859 48.10624 -9999 -9999 -9999 -9999 -9999 -9999 -9999 -9999 -9999 50.20717 50.82552 51.06422 50.22114 48.95173 46.80437 43.78581 43.68409 44.10152 44.01867 44.1495 43.96162 43.64426 43.38465 43.16458 42.60956 42.12217 42.53677 43.16389 43.48112 43.33348 43.22816 43.35261 43.41439 43.31245 43.33464 43.47558
-9999 -9999 -9999 -9999 -9999 -9999 -9999 -9999 47.05211 47.45428 48.12756 48.22531 48.46935 48.52637 48.99944 49.30306 49.46206 50.11341 50.74589 51.90641 53.63277 57.41098 58.42981 59.1597 61.40966 59.63274 55.24756 51.43458 49.72822 49.01622 48.73526 -9999 -9999 -9999 -9999 -9999 -9999 -9999 -9999 -9999 -9999 -9999 -9999 -9999 51.91985 49.64016 47.24178 44.0628 43.37498 43.98384 44.15661 44.14928 44.19108 44.10291 43.96355 43.81755 43.53765 43.21108 42.65875 42.50333 42.97945 43.13889 43.11975 43.09656 43.31145 43.23958 43.24491 43.26125
