slauniainen/Data/DEM/Vihti_dem1500b_cl_horizonAngle_360.asc
NCOLS 196 
NROWS 178 
XLLCORNER 353680 
YLLCORNER 6699024 
CELLSIZE 16 
NODATA_value -3.4e+38 
[rows 120 to 139 of 178, columns 90 to 134 of 196]
-1.03251194953918 -0.807977557182312 -0.495335519313812 0.323717474937439 0.0560485161840916 -0.00572369853034616 0.681839227676392 1.40843319892883 1.71947431564331 1.91740918159485 2.07203722000122 2.2714512348175 2.44145202636719 2.58382701873779 2.67091965675354 3.36198806762695 3.89205002784729 4.14563894271851 4.32266473770142 4.58327198028564 4.4397611618042 4.40484762191772 4.00363111495972 3.48268270492554 3.10793876647949 2.87490630149841 2.89818572998047 2.62734627723694 1.98623561859131 1.98900663852692 2.03397607803345 2.00594568252563 2.19170904159546 1.6935259103775 1.42360067367554 1.5244551897049 1.48208451271057 1.5094256401062 1.30321228504181 0.89717572927475 0.700413405895233 1.21693062782288 1.95824098587036 2.22687602043152 1.85843276977539
-1.13491821289062 -0.897135078907013 -0.575660645961761 -0.193653345108032 -0.029528271406889 0.000601056672167033 0.40981251001358 1.19090330600739 1.66148447990417 1.87586200237274 2.02723813056946 2.22011041641235 2.38818192481995 2.52859139442444 2.60995006561279 3.24366474151611 3.75546789169312 3.98931097984314 4.15659189224243 4.40868949890137 4.2691822052002 4.22798728942871 3.84204649925232 3.34548544883728 2.9897358417511 2.75282406806946 2.54103517532349 2.06830382347107 1.40252411365509 1.30704045295715 1.37571668624878 1.48049867153168 1.67297995090485 1.1984224319458 0.996891558170319 1.06458830833435 0.752252876758575 0.672698020935059 0.724089384078979 0.486178189516068 0.345391511917114 0.464381366968155 0.977333784103394 1.63822627067566 1.4992493391037
-1.31975615024567 -0.967208504676819 -0.621458113193512 -0.288397818803787 -0.032946553081274 0.0434809774160385 0.126919239759445 0.75679212808609 1.45103514194489 1.79801726341248 1.96944093704224 2.17093682289124 2.33599400520325 2.47597694396973 2.55826735496521 3.13664507865906 3.63407850265503 3.84634852409363 4.00607204437256 4.24314832687378 4.10943078994751 4.06202745437622 3.68715858459473 3.21747708320618 2.87419390678406 2.5791347026825 2.11886668205261 1.56625556945801 0.826561629772186 0.673503994941711 0.94876092672348 1.18914484977722 1.26621949672699 0.791115999221802 0.52917343378067 0.484640657901764 0.300062358379364 0.184395655989647 0.197719529271126 0.0892342701554298 -0.163747102022171 -0.0688411444425583 0.122647441923618 0.221282780170441 0.543973326683044
-1.4082704782486 -1.00448763370514 -0.627033054828644 -0.290766626596451 -0.0341626517474651 0.00515679270029068 0.0309878382831812 0.363519310951233 0.989961802959442 1.5503386259079 1.87427937984467 2.12475538253784 2.26188564300537 2.39949154853821 2.50401830673218 3.03955221176147 3.51413893699646 3.71027684211731 3.86919808387756 4.08513355255127 3.95740389823914 3.9084141254425 3.54624080657959 3.09352803230286 2.76596212387085 2.40862655639648 1.74779057502747 1.22791624069214 0.309787750244141 0.332837343215942 0.417159736156464 0.749313116073608 0.901205062866211 0.433625340461731 0.205359145998955 0.122226811945438 0.0137393046170473 -0.20805436372757 -0.267143398523331 -0.309122055768967 -0.400077491998672 -0.280641227960587 -0.225761294364929 -0.42218816280365 -0.625113606452942
-1.64514172077179 -1.06662809848785 -0.139977619051933 -0.29253888130188 -0.0403781197965145 0.0336591675877571 0.250734657049179 0.18133045732975 0.608964264392853 1.14859437942505 1.63926935195923 1.96741545200348 2.01263523101807 2.13299417495728 2.25578594207764 2.94617247581482 3.41089129447937 3.59509301185608 3.7407922744751 3.94835591316223 3.82267236709595 3.76663398742676 3.41476583480835 2.96939396858215 2.66190958023071 2.29973959922791 1.51992058753967 0.859366416931152 1.11905252933502 0.240426033735275 0.143423870205879 0.261507004499435 0.473679304122925 0.13370543718338 0.146674364805222 0.0682697892189026 -0.146857067942619 -0.314551174640656 -0.57427990436554 -0.608798086643219 -0.687134087085724 -0.652475774288177 -0.64660370349884 -0.996737360954285 -1.09724533557892
-1.81759166717529 0.125688940286636 0.721024990081787 1.54578840732574 0.0382763743400574 0.00181000016164035 0.144813358783722 0.0541838742792606 0.359648913145065 0.856069982051849 1.25520539283752 1.56915283203125 1.70317494869232 1.77200841903687 2.15073394775391 2.85947608947754 3.30985236167908 3.48659753799438 3.62078619003296 3.81445288658142 3.69271922111511 3.62881541252136 3.29442930221558 2.8760986328125 2.56153345108032 2.1551570892334 1.85797953605652 0.832007050514221 0.270175635814667 5.30663871765137 0.119471445679665 0.0674295946955681 0.0886673927307129 -0.233751684427261 -0.0559738166630268 3.65339922904968 9.27810573577881 11.0068960189819 0.156547546386719 -0.839357972145081 -0.909700095653534 -0.362049847841263 -0.990451395511627 -1.16268384456635 -1.42007803916931
5.05807065963745 2.35124230384827 2.85486698150635 2.74176979064941 -0.0441093519330025 0.0341236218810081 0.0984411463141441 0.011081981472671 0.186437055468559 0.572989583015442 0.986691296100616 1.23095738887787 1.34166133403778 1.46893405914307 2.08999180793762 2.7734739780426 3.21033692359924 3.37731194496155 3.50661325454712 3.68935251235962 3.5701642036438 3.51004886627197 3.18920016288757 2.77713680267334 2.4234185218811 1.90930247306824 1.46200215816498 1.98875308036804 3.40866327285767 2.87717318534851 4.09315776824951 0.0461720675230026 0.0190845467150211 -0.337756603956223 -0.245001748204231 0.0394101850688457 5.0373592376709 7.06543779373169 1.71001732349396 -0.323884129524231 3.4344437122345 6.64348888397217 2.31101083755493 -1.02379107475281 2.20746254920959
13.9714527130127 4.14220380783081 2.015460729599 1.46549808979034 0.253398358821869 0.0599143989384174 0.0637768656015396 0.0153269441798329 0.0864457115530968 0.346551448106766 0.666942179203033 0.887224137783051 0.977222740650177 1.06321895122528 2.03229880332947 2.69523119926453 3.11301612854004 3.27433824539185 3.3973228931427 3.56632661819458 3.44704389572144 3.39394617080688 3.0884382724762 2.65853381156921 2.12847900390625 1.56481981277466 1.14690339565277 0.591567754745483 0.212776258587837 1.55891096591949 1.35846126079559 1.48056471347809 0.902166128158569 0.281865984201431 -0.118353351950645 -0.252048045396805 2.68521094322205 3.87309980392456 1.6825840473175 1.67868053913116 2.26909947395325 2.51983404159546 0.00172120763454586 -1.61080777645111 -1.68667459487915
11.896782875061 4.1377124786377 1.70614576339722 0.967527270317078 0.0135237742215395 0.0113882021978498 0.0494095757603645 -0.00205816375091672 0.0625188797712326 0.256044954061508 0.405736684799194 0.549871742725372 0.634075522422791 0.908616125583649 1.97155857086182 2.61293339729309 3.02074980735779 3.17529702186584 3.29244041442871 3.45318579673767 3.33914494514465 3.29701471328735 2.990807056427 2.49267983436584 1.84029245376587 1.29284346103668 0.829223096370697 0.14417539536953 -0.0738591402769089 0.180590227246284 0.666186630725861 0.578442752361298 0.00608744565397501 -0.353705257177353 -0.520341455936432 -0.504528701305389 0.858777344226837 0.154758051037788 -0.0368556939065456 -0.112165220081806 -1.34617376327515 -1.79430317878723 -1.80119109153748 -1.95074713230133 -1.92173898220062
11.094500541687 5.4311056137085 1.6937894821167 0.868995726108551 0.0015527296345681 -0.00402677617967129 0.0426249243319035 0.0160782653838396 0.0141280284151435 0.249052122235298 0.303626090288162 0.335958927869797 0.377317726612091 0.886064410209656 1.92402696609497 2.54588580131531 2.94488716125488 3.08899736404419 3.20222163200378 3.35785508155823 3.25324416160583 3.20547389984131 2.89796781539917 2.42231297492981 1.75445652008057 1.21362972259521 0.683410346508026 0.0181514453142881 -0.128195315599442 0.1512740701437 0.357405513525009 -0.00672697741538286 -0.101744256913662 -0.527190029621124 -0.86597067117691 -1.01660442352295 -1.25780129432678 -1.74333930015564 -2.03350615501404 -2.10414624214172 -2.14045333862305 -2.24681329727173 -2.21342921257019 -2.29043483734131 -2.22240710258484
10.4491882324219 5.59928131103516 3.53116989135742 1.54793155193329 0.0469507090747356 -0.00431941170245409 0.0364888161420822 -0.00358584942296147 -0.0301402565091848 0.0725682526826859 0.182481989264488 0.179636880755424 0.202739223837852 0.863800823688507 1.87371432781219 2.47955131530762 2.86959791183472 3.01137113571167 3.1181206703186 3.26873183250427 3.16355156898499 3.11215806007385 2.80904984474182 2.37130904197693 2.21077704429626 1.19716358184814 3.89118957519531 4.80288171768188 0.371393173933029 0.11732229590416 0.0344878993928432 -0.180909141898155 -0.404480129480362 -0.923437476158142 -1.32337510585785 -1.60168349742889 -1.88073098659515 -2.18250823020935 -2.47736716270447 -2.64138650894165 -2.68146204948425 -2.750248670578 -2.65122246742249 -2.61674118041992 -2.55837464332581
10.1114616394043 7.22263050079346 5.02697563171387 0.965629041194916 0.115634948015213 -0.0173646174371243 0.022138349711895 -0.0732101649045944 -0.269260108470917 -0.392050802707672 -0.390975177288055 -0.252288997173309 0.0473084934055805 0.832475185394287 1.82419204711914 2.41743946075439 2.7981162071228 2.93367719650269 3.03398942947388 3.17804527282715 3.07605743408203 3.02697205543518 2.71187973022461 2.25664234161377 1.71891987323761 1.13661694526672 0.835887551307678 1.2532354593277 -0.177579119801521 -0.0435178875923157 -0.17404693365097 -0.588417232036591 -0.869547545909882 -1.34233856201172 -1.80955231189728 -1.97863793373108 -2.08310556411743 -2.3210768699646 -2.7661919593811 -3.00789284706116 -3.09971857070923 -3.11220240592957 -2.97516059875488 -2.56013488769531 -2.83095192909241
9.52825355529785 5.85060596466064 3.55435824394226 0.707723557949066 -0.0715047568082809 -0.0888702496886253 -0.208835616707802 -0.363721877336502 -0.568426311016083 -0.759430110454559 -0.926354825496674 -1.02427566051483 -0.598208665847778 0.52694433927536 1.62284862995148 2.31199884414673 2.70787525177002 2.82361960411072 2.94869136810303 3.08256959915161 2.98767733573914 2.93138694763184 2.57654714584351 2.09090375900269 1.57380330562592 0.964354634284973 0.387184947729111 -0.193945750594139 -0.497583329677582 -0.470857411623001 -0.559725761413574 -0.986088931560516 -1.22773766517639 -1.57716417312622 -2.04688405990601 -2.25608229637146 -2.38493227958679 -2.59811282157898 -3.02616715431213 -3.29069876670837 -3.37534880638123 -3.34902763366699 -3.18338537216187 -1.78598022460938 -3.03479957580566
8.9972972869873 5.20380735397339 2.52992987632751 0.416370123624802 -0.253583699464798 -0.31175097823143 -0.473538100719452 -0.729826390743256 -0.936321616172791 -1.10859668254852 -1.53132784366608 -1.70955300331116 -1.43873727321625 -0.207086086273193 0.976635456085205 1.81532955169678 2.34783005714417 2.45647525787354 2.66151690483093 2.95973539352417 2.85495829582214 2.78491520881653 2.43211126327515 1.96034955978394 1.35186731815338 0.757216155529022 -0.0149087263271213 -0.708893299102783 -1.23287510871887 -1.46342837810516 -1.43831586837769 -1.49684143066406 -1.62334156036377 -1.77733898162842 -0.683205127716064 -1.74733078479767 -2.60791039466858 -2.87463617324829 -2.09538698196411 -3.37939620018005 -2.31384754180908 -0.194441080093384 0.770945250988007 -0.417180567979813 -0.741198122501373
8.17021751403809 3.85828733444214 1.04693627357483 -0.357723742723465 -0.479150712490082 -0.630252540111542 -0.824289977550507 -1.03618657588959 -1.27817404270172 -1.48134338855743 -1.86932075023651 -2.19457817077637 -2.06919574737549 -1.12479186058044 -0.186855301260948 1.05459237098694 1.81216216087341 2.10570430755615 2.35174918174744 2.71442651748657 2.71285486221313 2.60864639282227 2.2629292011261 1.77238476276398 1.02649390697479 0.257081806659698 -0.820378065109253 -1.33214437961578 -1.67191600799561 -1.95060837268829 -2.05795049667358 -2.08881616592407 -0.119391530752182 1.49042081832886 1.85716080665588 2.04493689537048 0.898041665554047 1.54267609119415 4.17091655731201 4.23219442367554 2.71272540092468 2.69664216041565 3.16129684448242 3.04312634468079 4.18801021575928
6.34724283218384 2.47043037414551 0.27521601319313 -0.553599536418915 -0.752368330955505 -1.0548712015152 -1.27896392345428 -1.36951267719269 -1.59849548339844 -1.85135686397552 -1.99184381961823 -2.32287335395813 -2.24563884735107 -1.43889367580414 -0.525180697441101 0.27076718211174 1.08678364753723 1.58630311489105 2.01844000816345 2.41859030723572 2.55855059623718 2.46065902709961 2.03713822364807 1.50914335250854 0.6529620885849 -0.129685416817665 -0.990691184997559 -1.54871833324432 -2.02454447746277 -2.32461810112 -2.35569262504578 -1.80434906482697 4.2071681022644 4.60719776153564 4.53191804885864 3.88016176223755 5.53359794616699 6.77356624603271 7.78444290161133 5.41935443878174 4.57959079742432 4.9885573387146 3.94180989265442 4.79837846755981 3.62376666069031
4.91363716125488 1.54649329185486 -0.426512211561203 -0.778289377689362 -1.08638978004456 -1.39995920658112 -1.66388821601868 -1.75253033638 -1.94167935848236 -2.14787912368774 -2.15068459510803 -0.442368894815445 -2.26426005363464 -1.51834666728973 -0.609473407268524 0.0982034504413605 0.674283027648926 1.09279680252075 1.59140753746033 2.05045485496521 2.22805905342102 2.33333277702332 1.85516500473022 1.21711885929108 0.385872542858124 -0.527476072311401 -1.26009154319763 -1.70395362377167 -2.16913795471191 -2.56640577316284 -2.59737157821655 2.35508799552917 4.1844367980957 5.8402099609375 4.70558261871338 4.10856962203979 4.85508823394775 5.50203657150269 6.41313171386719 5.99514770507812 5.35796451568604 4.25264072418213 4.45398855209351 5.06956434249878 3.26708602905273
3.6492133140564 0.486551642417908 -0.924450397491455 -1.21724259853363 -1.4806352853775 -1.77210831642151 -1.94702661037445 -2.05986571311951 -2.14740371704102 -2.25681161880493 -2.24928784370422 3.60885453224182 2.81804704666138 2.71850442886353 4.84248828887939 3.00304937362671 0.592298984527588 0.853860080242157 1.1503621339798 1.37549149990082 1.29283261299133 1.73049986362457 1.6725902557373 1.06663966178894 0.310825854539871 -0.699819445610046 -1.37966787815094 -1.87427401542664 -2.34429383277893 1.96907830238342 -0.669792473316193 1.058709025383 2.82406139373779 3.56770730018616 4.13470697402954 3.80923867225647 4.56253290176392 5.26482248306274 6.10387468338013 7.29278612136841 6.73649311065674 4.19038343429565 3.67893934249878 3.69462919235229 2.66536688804626
2.44555926322937 -0.57581627368927 -1.24699509143829 -1.49112057685852 -1.75104856491089 -1.94928753376007 -2.09658360481262 -2.20509815216064 -2.2321252822876 1.27195477485657 3.1697404384613 5.56745624542236 7.75595855712891 6.43341970443726 5.0386061668396 2.78066611289978 0.566536247730255 0.694338202476501 0.74707043170929 0.774819076061249 0.791485965251923 0.967609822750092 1.47634387016296 0.979176878929138 0.867927730083466 -0.732150197029114 -1.39780831336975 -1.89646792411804 -2.39557671546936 0.934628486633301 0.77799266576767 0.397100836038589 1.94152331352234 2.50565457344055 3.50678944587708 4.5547776222229 4.32815361022949 4.93374156951904 5.70181655883789 7.24416780471802 7.76159143447876 4.00559663772583 2.84847354888916 2.68120169639587 2.11446928977966
1.46352291107178 -1.28078401088715 -1.45630264282227 -1.57068800926208 2.92288637161255 5.65723943710327 6.46123218536377 6.73142719268799 4.9060115814209 5.86554336547852 6.50935077667236 7.68674325942993 10.7321262359619 8.61248874664307 4.52068662643433 1.64884412288666 0.49886092543602 0.437230587005615 0.417671114206314 0.497189462184906 0.425396412611008 0.530817806720734 1.14269864559174 0.870768427848816 2.06312274932861 4.2534966468811 -1.44625401496887 -1.91796231269836 -2.40181517601013 -0.181618675589561 0.532698452472687 -0.349947214126587 1.25761830806732 2.87487053871155 3.33662819862366 4.60654592514038 5.85015964508057 4.91747808456421 5.51722764968872 7.10338735580444 6.97881984710693 5.11504745483398 3.50108027458191 2.51152634620667 2.76094579696655
