slauniainen/Data/DEM/Vihti_dem1500b_cl_horizonAngle_36.asc
NCOLS 196 
NROWS 178 
XLLCORNER 353680 
YLLCORNER 6699024 
CELLSIZE 16 
NODATA_value -3.4e+38 
[rows 80 to 99 of 178, columns 0 to 44 of 196]
1.16927659511566 1.59266948699951 2.08718347549438 2.31752610206604 2.64684915542603 2.42883062362671 2.4959282875061 2.33803057670593 2.00907778739929 2.19053864479065 2.36786007881165 2.31532788276672 2.19981050491333 2.33785438537598 2.05296087265015 2.1777081489563 1.97537279129028 1.46323108673096 1.28663516044617 1.17418491840363 1.03859865665436 0.957331478595734 1.0344740152359 1.63475799560547 2.32400941848755 1.41055524349213 1.91787326335907 1.94691967964172 1.88951969146729 2.65852546691895 2.49053192138672 1.98159718513489 1.18043684959412 0.167830660939217 -0.134704008698463 -0.236653313040733 -0.234625488519669 -0.183689847588539 -0.13663537800312 -0.0869381725788116 -0.0450944043695927 0.0245373155921698 0.238951817154884 0.343779802322388 0.453587025403976
1.07768774032593 1.44509446620941 1.88305878639221 2.34102964401245 2.07710766792297 2.09228205680847 2.09166049957275 2.14330387115479 2.0892219543457 2.13364624977112 2.3145637512207 2.13901591300964 2.19217467308044 1.9070383310318 1.97695004940033 1.61775934696198 1.65959644317627 1.370436668396 1.05610489845276 0.970785140991211 0.91399222612381 0.96076774597168 0.912810921669006 1.00662529468536 3.34691858291626 1.44483935832977 1.84048247337341 1.84755122661591 2.11351466178894 2.13606810569763 2.40212678909302 1.61874604225159 1.4090530872345 0.744539141654968 -0.273924291133881 -0.29912856221199 -0.300828188657761 -0.244037628173828 -0.179415673017502 -0.125623300671577 -0.0652032941579819 0.0243574306368828 0.175437927246094 0.297122776508331 0.381145358085632
0.916938364505768 1.54402303695679 1.80336546897888 2.08044219017029 1.70008957386017 1.81768560409546 1.78149139881134 2.0099413394928 2.07255434989929 2.24381017684937 2.19895100593567 2.12647843360901 1.81576704978943 1.87017869949341 1.56127381324768 1.44509053230286 1.197061419487 1.07683432102203 1.01751136779785 0.833433628082275 0.923452913761139 0.974277555942535 0.926953017711639 0.930274486541748 2.72121143341064 1.83683884143829 1.74401104450226 2.00286889076233 2.28884840011597 2.47631096839905 3.59945869445801 2.8733115196228 2.46705532073975 1.65151286125183 0.181575775146484 -0.310515165328979 -0.29211214184761 -0.271785169839859 -0.232891127467155 -0.169610738754272 -0.0916143581271172 -0.0182676687836647 -0.0276181381195784 0.153008580207825 0.324951648712158
1.00505125522614 1.27010416984558 1.73456215858459 1.59879815578461 1.59083092212677 1.68940770626068 1.78333115577698 1.97444427013397 2.16282296180725 2.13485503196716 2.05069279670715 2.09096908569336 1.81510162353516 1.4558812379837 1.28068995475769 1.04349195957184 0.911172330379486 0.920509159564972 0.855971038341522 0.866223216056824 0.911678314208984 0.894667267799377 0.91914039850235 1.12293553352356 1.73535895347595 2.65411114692688 1.84082341194153 1.99944412708282 2.03244519233704 2.38663125038147 2.92294907569885 3.07473492622375 2.67823600769043 2.03169655799866 0.903875589370728 -0.185304254293442 -0.302226841449738 -0.283078908920288 -0.266308307647705 -0.225825130939484 -0.149012833833694 -0.0607569590210915 -0.0328369773924351 0.162353694438934 0.265094220638275
0.921110987663269 1.21533095836639 1.18835842609406 1.38138210773468 1.49729084968567 1.62884736061096 1.82318365573883 1.91091668605804 2.11707282066345 1.98356986045837 2.04534816741943 1.77526414394379 1.83193814754486 1.49470269680023 0.929919064044952 0.7961465716362 0.784624695777893 0.770659565925598 0.842037975788116 0.865636229515076 0.826498508453369 0.853649199008942 0.905375778675079 1.37599492073059 1.63034403324127 3.32400703430176 1.81011247634888 1.84055495262146 1.9500892162323 2.50489044189453 2.5556697845459 2.76909875869751 2.93640804290771 2.17409586906433 1.17571544647217 0.171704024076462 -0.310397356748581 -0.295955330133438 -0.280448853969574 -0.236002162098885 -0.189095288515091 -0.120833396911621 -0.0477627143263817 0.0931380167603493 0.178558602929115
0.960534036159515 1.0406950712204 1.11905527114868 1.32573127746582 1.47624540328979 1.7742383480072 1.78578066825867 1.99452829360962 1.97528505325317 1.90017795562744 1.67624855041504 1.73429822921753 2.07083654403687 2.42499804496765 0.97172349691391 0.710345327854156 0.649440824985504 0.753343105316162 0.857174575328827 0.799062073230743 0.806316912174225 0.841947376728058 0.937799274921417 1.31770384311676 1.53392517566681 3.24808382987976 2.12703418731689 1.80019557476044 2.12130928039551 2.30228781700134 2.33903121948242 2.55942368507385 2.9092972278595 2.2367115020752 1.37265884876251 0.525125324726105 -0.24216802418232 -0.255613595247269 -0.293368428945541 -0.255103945732117 -0.213198319077492 -0.156109854578972 -0.0955010503530502 -0.00199602218344808 0.0174719225615263
0.908359229564667 0.971964061260223 1.16664934158325 1.35157740116119 1.62122213840485 1.73432517051697 1.8896746635437 1.87754964828491 1.80914270877838 1.83884310722351 1.63002490997314 1.38471651077271 1.73991894721985 3.24384737014771 1.78713428974152 0.75008499622345 0.653939485549927 0.729524910449982 0.848556101322174 0.824746131896973 0.807551681995392 0.852567791938782 1.10581684112549 1.23796927928925 1.51742792129517 2.76545596122742 2.50857973098755 2.02723574638367 2.05820512771606 2.1239070892334 2.19507169723511 2.46028709411621 2.94123458862305 2.29176092147827 1.57937622070312 0.79271125793457 0.00329383695498109 -0.269870489835739 -0.286051005125046 -0.277099937200546 -0.24756395816803 -0.195654273033142 -0.119648285210133 -0.0429860949516296 -0.0220634937286377
0.803670167922974 0.939055621623993 1.17350053787231 1.35783731937408 1.55602276325226 1.81911015510559 1.7979257106781 1.7343841791153 1.77873516082764 1.53970038890839 1.59133553504944 1.39296102523804 1.58521866798401 2.07511949539185 1.00921785831451 0.62325793504715 0.701545298099518 0.749006390571594 0.755595266819 0.7772416472435 0.829831898212433 1.04138171672821 1.09526932239532 1.26469957828522 1.55217206478119 1.82278025150299 2.88882374763489 2.20316672325134 1.98178815841675 2.05580377578735 2.14421057701111 2.33225440979004 3.1414098739624 2.87164449691772 1.87476027011871 0.657917439937592 0.188134402036667 -0.295650631189346 -0.293962270021439 -0.285595208406448 -0.267759054899216 -0.229446977376938 -0.156868368387222 -0.0913952812552452 -0.0461241044104099
0.93576318025589 1.07076990604401 1.18510186672211 1.47242367267609 1.54181408882141 1.7633318901062 1.65480554103851 1.7026344537735 1.48025524616241 1.52745044231415 1.29635775089264 1.1731516122818 1.14172732830048 1.36370968818665 0.859173059463501 0.682071566581726 0.894715964794159 0.737731635570526 0.72756689786911 0.775049924850464 0.836552917957306 0.990469992160797 1.13930451869965 1.21887493133545 1.46889424324036 1.74207091331482 3.00241637229919 2.39391136169434 2.49296140670776 2.14368605613708 2.15033078193665 2.21131157875061 2.56939125061035 3.0859169960022 2.46253347396851 0.840940237045288 0.334257870912552 -0.131521433591843 -0.308227181434631 -0.300438076257706 -0.280076116323471 -0.251442760229111 -0.200579583644867 -0.142339497804642 -0.0568908080458641
1.37099456787109 1.13997721672058 1.4045969247818 1.45779502391815 1.6356463432312 1.65395855903625 1.61737155914307 1.40301394462585 1.4469987154007 1.17887890338898 1.07037818431854 0.892120599746704 0.820415675640106 2.36678647994995 2.53920793533325 2.45762705802917 2.08131194114685 1.2009733915329 0.756223082542419 0.829674959182739 0.895429909229279 1.10537445545197 1.13348495960236 1.25640952587128 1.42678105831146 1.80353438854218 2.40186643600464 2.006192445755 2.25944352149963 2.33797287940979 2.19789862632751 2.21102786064148 2.28885436058044 3.04609942436218 2.99014377593994 1.37883722782135 0.690107583999634 0.413673639297485 -0.217247307300568 -0.306188672780991 -0.297126799821854 -0.266450971364975 -0.227844566106796 -0.184317260980606 -0.112426809966564
1.1215056180954 1.36340272426605 1.4303240776062 1.57911157608032 1.55768859386444 1.53096520900726 1.58383786678314 1.3756947517395 1.13092911243439 0.954658150672913 0.789969205856323 0.729723572731018 0.913902640342712 2.3960907459259 3.39661312103271 3.42996621131897 2.24171018600464 1.2634516954422 0.750733375549316 1.71963918209076 1.07846033573151 1.11731731891632 1.34804141521454 1.34338772296906 1.43913948535919 1.78430092334747 1.99440348148346 1.94496715068817 2.01662707328796 2.1980836391449 2.24968338012695 2.2221200466156 2.21458554267883 2.82444024085999 3.2367799282074 1.86549723148346 0.919056236743927 0.803315162658691 0.137519851326942 -0.337896853685379 -0.312183231115341 -0.284408092498779 -0.256381660699844 -0.210190877318382 -0.1561668664217
1.1893185377121 1.35429692268372 1.53229463100433 1.50917935371399 1.44697785377502 1.4813529253006 1.31861925125122 1.3435822725296 1.1075736284256 0.69233113527298 0.567150592803955 0.611764311790466 0.981747388839722 1.61740124225616 1.80892693996429 1.75548887252808 2.05526447296143 1.77226269245148 0.839655637741089 1.85965526103973 1.10154461860657 1.09373986721039 1.24615561962128 1.36458826065063 1.49997103214264 1.74209487438202 1.76129555702209 1.92997610569 1.99845385551453 2.18069887161255 2.22023630142212 2.15665411949158 2.21283674240112 2.50985240936279 3.34386682510376 2.71210408210754 1.42038631439209 1.04207062721252 0.585249066352844 -0.157775357365608 -0.353867620229721 -0.318819940090179 -0.286563247442245 -0.2468091994524 -0.213906764984131
1.27677500247955 1.25244033336639 1.44380378723145 1.39430916309357 1.41700172424316 1.23203718662262 1.26762938499451 1.0692138671875 0.922898948192596 0.706566274166107 0.456850528717041 0.505303800106049 0.648402154445648 0.915738344192505 0.805447518825531 1.13834714889526 1.81926071643829 1.40680944919586 1.04490435123444 1.05092287063599 1.09332680702209 1.20713031291962 1.27277004718781 1.44397783279419 1.67757570743561 1.98657536506653 1.76581406593323 1.78012835979462 1.9252108335495 2.01847386360168 2.1165931224823 2.12531113624573 2.20442605018616 2.31008243560791 2.63725280761719 3.0809760093689 2.28166365623474 1.54279446601868 0.946703612804413 -0.0129435239359736 -0.258269846439362 -0.367193013429642 -0.349871098995209 -0.317489862442017 -0.272753775119781
1.23432564735413 1.28359770774841 1.2630215883255 1.33584952354431 1.18281328678131 1.206986784935 1.01617121696472 0.89722603559494 0.688822865486145 0.749194145202637 0.48073622584343 0.51316624879837 0.655092835426331 0.743244051933289 0.740785360336304 0.922648549079895 1.56153917312622 1.58291852474213 1.01286673545837 1.03899669647217 1.10849595069885 1.17294359207153 1.27934312820435 1.52650928497314 1.59494340419769 1.59471952915192 1.71478283405304 1.87701535224915 1.8755909204483 1.84561514854431 1.98273432254791 2.10931539535522 2.10359406471252 2.04394698143005 2.11816835403442 2.22392249107361 2.377605676651 1.96381604671478 1.39756536483765 0.480058282613754 -0.0506149604916573 -0.299050629138947 -0.374063760042191 -0.363333106040955 -0.338148325681686
2.62263035774231 1.17694520950317 1.11763107776642 1.22538673877716 1.12106621265411 0.933286011219025 0.823931813240051 0.644588232040405 0.525446474552155 0.838836491107941 0.482074439525604 0.544885396957397 0.622439444065094 0.660908818244934 0.708992898464203 0.906858623027802 1.06629478931427 1.97777664661407 1.0423229932785 1.19066178798676 2.02436470985413 1.25126588344574 1.30285274982452 1.39327025413513 1.43226552009583 1.56147718429565 1.66403615474701 1.84515810012817 2.28588771820068 1.86484479904175 1.78228616714478 1.98056077957153 1.87890696525574 1.86648917198181 1.73029172420502 1.67546451091766 1.86653935909271 2.05426120758057 1.59933638572693 0.81591808795929 -0.0552018731832504 -0.155978739261627 -0.174939870834351 -0.375943660736084 -0.36022213101387
4.02243661880493 1.10565567016602 1.10042870044708 0.97546797990799 1.06063199043274 0.890761852264404 0.578983664512634 0.482079207897186 0.706338405609131 1.1277848482132 0.529124140739441 0.557845830917358 0.554910600185394 0.610202074050903 0.695422828197479 0.793133795261383 0.918241500854492 1.2663277387619 1.03799021244049 2.16763710975647 1.48769736289978 1.13463568687439 1.35591268539429 1.35872602462769 1.41001272201538 1.53785300254822 1.62614762783051 1.78012478351593 1.8364725112915 2.31633305549622 1.83159649372101 1.75630927085876 1.71137428283691 1.57320630550385 1.44424903392792 1.32886731624603 1.37138652801514 1.56687688827515 1.62203729152679 1.15740895271301 0.298838138580322 -0.0974433869123459 -0.040086280554533 -0.395692884922028 -0.383155882358551
4.49004173278809 2.5322573184967 0.929840803146362 0.958603739738464 0.809140384197235 0.751339554786682 0.589202582836151 0.44671493768692 0.926432490348816 1.27601194381714 1.1484010219574 0.544598698616028 0.536225974559784 0.606072425842285 0.705487430095673 0.83372175693512 0.97999632358551 0.991575479507446 1.04243886470795 1.71071231365204 2.67290616035461 1.26480090618134 1.34348344802856 1.37367987632751 1.42905282974243 1.51867926120758 1.58447742462158 1.69393408298492 1.80652892589569 1.83065700531006 1.78106355667114 1.87089109420776 1.68030226230621 1.37896347045898 1.234987616539 1.14327931404114 1.10452055931091 1.07201838493347 1.31020677089691 1.24103188514709 0.765776336193085 0.245007827877998 0.236092403531075 -0.405833393335342 -0.405416965484619
3.0600163936615 2.17801189422607 0.942560374736786 0.733106732368469 0.64716774225235 0.559364795684814 0.467517465353012 0.423877269029617 0.421967208385468 1.18268954753876 0.489093720912933 0.51128876209259 0.532897353172302 0.591768980026245 0.730512320995331 0.893022418022156 0.940404117107391 0.949212193489075 1.10963571071625 2.29777860641479 2.18227171897888 1.29743075370789 1.34494161605835 1.4076714515686 1.42748880386353 1.49227464199066 1.54115724563599 1.58652567863464 1.76145243644714 1.91009426116943 1.69690191745758 1.73772430419922 2.10334324836731 1.65463018417358 1.16337597370148 1.00080502033234 0.856786072254181 0.765230774879456 0.828945398330688 1.09964919090271 0.595284104347229 -0.0813606157898903 0.00946615915745497 -0.432299166917801 -0.414860337972641
2.56430149078369 2.19950151443481 0.928905785083771 0.701153874397278 0.420817822217941 0.359384089708328 0.371211618185043 0.366861045360565 0.376054108142853 0.302403658628464 0.390245974063873 0.448631912469864 0.496929347515106 0.553827524185181 0.692922174930573 0.871606111526489 0.888372242450714 0.917287051677704 1.00630259513855 1.56080365180969 1.18057477474213 1.26513946056366 1.36677300930023 1.40434885025024 1.41169011592865 1.46348404884338 1.49808359146118 1.56002640724182 1.68502926826477 1.7059737443924 1.68448114395142 1.719841837883 1.79279780387878 1.59491586685181 1.42375528812408 0.836787223815918 0.563739359378815 0.497263520956039 0.290007352828979 0.135374054312706 -0.0291132666170597 -0.0563912428915501 -0.244756683707237 -0.44581538438797 -0.403650790452957
1.79240560531616 1.8734769821167 0.697936296463013 0.477308869361877 0.247224494814873 0.0755439773201942 0.106822527945042 0.243221715092659 0.291055411100388 0.271938771009445 0.353309601545334 0.683393359184265 0.688597619533539 0.528198063373566 0.584854543209076 0.721035897731781 0.800077676773071 0.88649708032608 1.02297604084015 1.17579329013824 1.20528972148895 1.25762176513672 1.35548365116119 1.38697624206543 1.40005397796631 1.40394628047943 1.47925412654877 1.53671979904175 1.54813981056213 1.58881938457489 1.47918450832367 1.72402048110962 1.91454231739044 1.74750018119812 1.63018321990967 1.30346810817719 0.42261528968811 0.0606224648654461 -0.33033299446106 -0.488709986209869 -0.399496763944626 -0.313346058130264 -0.446394801139832 -0.408972144126892 -0.38548356294632
