slauniainen/Data/DEM/Vihti_dem1500b_cl_horizonAngle_234.asc
NCOLS 196 
NROWS 178 
XLLCORNER 353680 
YLLCORNER 6699024 
CELLSIZE 16 
NODATA_value -3.4e+38 
[rows 120 to 139 of 178, columns 0 to 44 of 196]
0.923629820346832 0.765695512294769 0.224187776446342 0.0308584645390511 -0.153471112251282 -0.227285757660866 -0.221973538398743 -0.172694489359856 -0.157156229019165 3.60339379310608 5.8228645324707 6.01220989227295 4.45344352722168 3.72190070152283 3.20543622970581 2.84925293922424 2.42093086242676 2.43231821060181 1.79305016994476 1.39497077465057 0.95947539806366 0.537605166435242 0.312926858663559 -0.0432040356099606 -0.30763566493988 -0.49351492524147 -0.520270586013794 0.111893720924854 0.0039506726898253 -0.133037939667702 -0.204091459512711 -0.383476614952087 -0.352523058652878 -0.223390564322472 -0.202140301465988 -0.492473036050797 -0.591549575328827 -0.641845345497131 -0.707884430885315 -0.612373471260071 -0.672256648540497 -0.725509464740753 -0.40047961473465 -0.133211806416512 -0.15362186729908
0.918980300426483 0.797098278999329 0.585881590843201 0.137858629226685 -0.0270945616066456 -0.114304088056087 -0.111679628491402 -0.150097623467445 -0.236790880560875 1.37301599979401 3.81570529937744 4.8507194519043 4.88081502914429 4.15397357940674 3.6438581943512 2.8854877948761 2.35531997680664 2.31601142883301 1.94938039779663 1.39052224159241 0.84584653377533 0.416654676198959 0.0887368693947792 -0.14737194776535 -0.45028430223465 -0.50254362821579 -0.537045359611511 -0.401233017444611 -0.0320593677461147 0.121060408651829 -0.127879872918129 -0.377486169338226 -0.43050417304039 -0.355710506439209 -0.101741783320904 -0.495299607515335 -0.494536578655243 -0.703198254108429 -0.54603523015976 -0.624457716941833 -0.577300012111664 -0.724449574947357 -0.728925824165344 -0.408882826566696 -0.286967128515244
0.862446427345276 0.770543098449707 0.715145528316498 0.502443552017212 0.194273471832275 0.0789918079972267 -0.0127613786607981 -0.170191019773483 -0.171437099575996 0.254097104072571 2.0539116859436 3.56227087974548 5.0514497756958 4.9624080657959 3.67606687545776 2.99060606956482 2.4758985042572 2.20751452445984 1.97787582874298 1.30298459529877 0.75643002986908 0.289781957864761 -0.190683156251907 -0.406445741653442 -0.457169383764267 -0.509905219078064 -0.547179341316223 -0.571544349193573 -0.181556463241577 0.151496827602386 0.294636428356171 -0.117312595248222 -0.420203000307083 -0.586867570877075 -0.395891666412354 -0.18522697687149 -0.323468744754791 -0.534658193588257 -0.568317949771881 -0.508543431758881 -0.627968847751617 -0.634937822818756 -0.719155669212341 -0.616599857807159 -0.422965437173843
0.843578994274139 0.777233004570007 0.762627720832825 0.749494135379791 0.430701911449432 0.128484517335892 0.00870955642312765 -0.0740446075797081 -0.495395690202713 -0.453776150941849 0.212773099541664 1.40034556388855 3.76177883148193 4.64365005493164 4.2458963394165 3.18267679214478 2.47127342224121 2.26375031471252 1.87077260017395 1.30230104923248 0.596084892749786 0.11218000203371 -0.36672505736351 -0.413886249065399 -0.462886482477188 -0.511349558830261 -0.55290299654007 -0.592336773872375 -0.62146520614624 -0.333552777767181 0.0502865426242352 -0.130227074027061 -0.217334240674973 -0.531468391418457 -0.667849659919739 0.0990758165717125 0.0600617937743664 -0.41609799861908 -0.463432133197784 -0.493174701929092 -0.517689645290375 -0.572395801544189 -0.662231087684631 -0.564019978046417 -0.659219980239868
0.843330919742584 0.851268291473389 0.815120220184326 0.784538805484772 0.6104536652565 0.295855194330215 -0.262711405754089 -0.380447655916214 -0.425471633672714 -0.533003509044647 -0.493321537971497 -0.0826195031404495 1.9545636177063 3.99520540237427 4.30990362167358 3.39380669593811 2.70260047912598 2.17692971229553 1.68802440166473 1.12357330322266 0.411132097244263 -0.046048428863287 -0.372089833021164 -0.42401197552681 -0.471259832382202 -0.522887706756592 -0.562408745288849 -0.601800680160522 -0.637413501739502 -0.666388690471649 -0.540395438671112 -0.166787460446358 -0.188569068908691 -0.659480273723602 -0.715602934360504 -0.601484715938568 0.263843178749084 -0.222501918673515 -0.294076204299927 -0.302711099386215 -0.448187857866287 -0.575465440750122 -0.63994163274765 -0.446078896522522 -0.630230963230133
0.901117444038391 0.877482116222382 0.740854799747467 0.703177750110626 0.666031658649445 0.118314191699028 -0.150318875908852 -0.38837856054306 -0.459563553333282 -0.458586484193802 -0.447194188833237 -0.422001302242279 0.466507136821747 2.68918514251709 3.69545912742615 3.68457460403442 2.54962372779846 2.17546033859253 1.66777515411377 0.758733034133911 0.250699043273926 -0.302736759185791 -0.360845476388931 -0.432340264320374 -0.48095566034317 -0.525725662708282 -0.56556236743927 -0.609089136123657 -0.644460499286652 -0.671110868453979 -0.704766929149628 -0.62313848733902 -0.284098356962204 -0.50593376159668 -0.638442516326904 -0.70349782705307 -0.32886815071106 0.258955657482147 0.210466548800468 -0.273598909378052 -0.473827660083771 -0.595867097377777 -0.517659246921539 -0.384803235530853 -0.589460849761963
0.917576670646667 0.7895547747612 0.756717383861542 0.291458606719971 0.250980406999588 0.218642309308052 -0.0916834250092506 -0.272311240434647 -0.340060710906982 -0.366990149021149 -0.384469330310822 -0.393287420272827 -0.403949409723282 1.21734833717346 2.56995868682861 3.15890574455261 2.6826057434082 2.05955934524536 1.71756935119629 0.714261472225189 -0.237497493624687 -0.307465493679047 -0.357973247766495 -0.442171633243561 -0.488358110189438 -0.536143362522125 -0.573442339897156 -0.612026512622833 -0.647207200527191 -0.684906005859375 -0.570037186145782 -0.469752460718155 -0.203685775399208 -0.378042012453079 -0.524243175983429 -0.62842321395874 -0.703453004360199 -0.115998931229115 0.228828698396683 -0.100447438657284 -0.298490405082703 -0.595514893531799 -0.43719282746315 -0.430933952331543 -0.440892159938812
0.819289743900299 0.791820585727692 0.371463865041733 0.327018678188324 0.288958728313446 0.244401916861534 0.144685044884682 -0.0154308760538697 -0.166915372014046 -0.264542430639267 -0.304619967937469 -0.38818085193634 -0.381789147853851 -0.328509747982025 1.27032423019409 2.27711224555969 2.41668462753296 2.09925508499146 1.64451086521149 0.325056225061417 -0.241650372743607 -0.305832713842392 -0.355661004781723 -0.44009006023407 -0.500664114952087 -0.547499716281891 -0.584483444690704 -0.614507019519806 -0.649959921836853 -0.690984904766083 -0.220222353935242 -0.110203348100185 -0.101770766079426 -0.103915132582188 -0.43128314614296 -0.567905485630035 -0.703777253627777 -0.494130909442902 -0.22812357544899 -0.0579560585319996 -0.198846504092216 -0.609565377235413 -0.589173197746277 -0.559178054332733 -0.516373097896576
0.822740912437439 0.413542658090591 0.380099594593048 0.329869508743286 0.298040568828583 0.264050543308258 0.197017982602119 0.076884500682354 0.046858161687851 -0.0363061353564262 -0.212121024727821 -0.299571514129639 -0.325467646121979 -0.322963744401932 -0.275224089622498 0.939345180988312 1.73208212852478 2.12220025062561 1.40038049221039 -0.174020931124687 -0.242971196770668 -0.307501673698425 -0.370000690221786 -0.417884141206741 -0.50560849905014 -0.556037485599518 -0.594127118587494 -0.624829709529877 -0.644048392772675 -0.712046325206757 -0.399861454963684 0.0224869567900896 0.271164804697037 0.176514327526093 -0.111082345247269 -0.604241728782654 -0.639489769935608 -0.412504911422729 -0.446716398000717 -0.206419333815575 -0.306893825531006 -0.482202500104904 -0.499079644680023 -0.484631359577179 -0.453011065721512
0.450837820768356 0.396685570478439 0.367386013269424 0.336041152477264 0.268263876438141 0.231349468231201 0.190767303109169 0.0947096645832062 0.0362878143787384 0.00523052457720041 -0.0180846266448498 -0.12708006799221 -0.216124922037125 -0.257694691419601 -0.2485131919384 -0.224276557564735 -0.184032782912254 1.36873543262482 0.308580219745636 -0.175734773278236 -0.241770192980766 -0.309461176395416 -0.369850516319275 -0.413504540920258 -0.501513421535492 -0.565292060375214 -0.604078054428101 -0.644293546676636 -0.683312773704529 -0.730649769306183 -0.494787693023682 -0.448464632034302 -0.261824429035187 -0.0986314862966537 0.0113883689045906 -0.0619646832346916 -0.423921644687653 -0.508378148078918 -0.436758190393448 -0.419971197843552 -0.127116784453392 -0.112453959882259 -0.297475457191467 -0.381741493940353 -0.39799827337265
0.462495863437653 0.404221653938293 0.345733344554901 0.301982343196869 0.22353832423687 0.182941660284996 0.131807819008827 0.0988355055451393 0.0731759741902351 0.018086563795805 -0.010678575374186 -0.0372729003429413 -0.0439666584134102 -0.0802063271403313 -0.11150274425745 -0.160276368260384 -0.145980179309845 -0.0899883285164833 -0.146344259381294 -0.179414808750153 -0.238270476460457 -0.303887397050858 -0.362926214933395 -0.426029294729233 -0.495000302791595 -0.572224915027618 -0.616585552692413 -0.662629246711731 -0.707283794879913 -0.748592734336853 -0.485930740833282 -0.493271291255951 -0.416455388069153 -0.554313242435455 -0.655995488166809 0.0519865863025188 -0.110773243010044 -0.527089059352875 -0.260201692581177 -0.405813008546829 -0.0821913182735443 0.00732178427278996 -0.0938984230160713 -0.265897750854492 -0.301731735467911
0.463397771120071 0.369740098714828 0.302861928939819 0.248204037547112 0.179278403520584 0.133320599794388 0.1452846378088 0.171303361654282 0.163767084479332 0.160720348358154 0.108144670724869 0.061838686466217 0.0150327906012535 -0.0352195724844933 -0.0475141406059265 -0.0340766049921513 -0.0631432607769966 -0.0741663873195648 -0.139223784208298 -0.183850467205048 -0.225286275148392 -0.291246265172958 -0.36113053560257 -0.426933616399765 -0.486191213130951 -0.574248850345612 -0.623391270637512 -0.672158360481262 -0.721612572669983 -0.762892067432404 -0.787901818752289 -0.604295253753662 -0.518924534320831 -0.59483015537262 -0.794611513614655 -0.149825781583786 0.140050575137138 -0.238883912563324 -0.0422886088490486 -0.239463463425636 -0.214644521474838 0.0323394872248173 0.214523419737816 -0.0687485486268997 -0.102548353374004
0.42413803935051 0.314577013254166 0.239484146237373 0.169747099280357 0.145680531859398 0.165154919028282 0.203123301267624 0.20772111415863 0.235515892505646 0.233270093798637 0.222312495112419 0.16128408908844 0.103589601814747 0.0273881461471319 -0.0119079351425171 -0.0297334603965282 -0.0479698926210403 -0.0658560767769814 -0.123340494930744 -0.164178088307381 -0.203961804509163 -0.27844363451004 -0.356435418128967 -0.423061609268188 -0.485861301422119 -0.568281054496765 -0.622408866882324 -0.678975462913513 -0.726743161678314 -0.764440417289734 -0.615131795406342 -0.350137293338776 -0.480763345956802 -0.656401097774506 -0.796332359313965 -0.510338068008423 0.149825781583786 0.143904641270638 0.0939467176795006 0.112502261996269 -0.118129320442677 0.0143769327551126 0.157228514552116 0.109240241348743 0.0592026188969612
0.369818150997162 0.237462997436523 0.160248249769211 0.204312011599541 0.249739766120911 0.246586665511131 0.24227312207222 0.281657338142395 0.280671238899231 0.270784944295883 0.269369184970856 0.214998230338097 0.157362207770348 0.0933775901794434 0.0207819882780313 0.00938085746020079 -0.0446922890841961 -0.0519604980945587 -0.0962233990430832 -0.106013633310795 -0.165222823619843 -0.260059624910355 -0.341322988271713 -0.419343531131744 -0.497784465551376 -0.551176249980927 -0.619909286499023 -0.676096618175507 -0.735021710395813 -0.78208589553833 -0.680835962295532 -0.340062946081161 -0.291139841079712 -0.688359498977661 -0.707346975803375 -0.6552614569664 -0.158915162086487 0.0974047556519508 0.296790421009064 0.320812523365021 0.0448333509266376 0.254627287387848 0.342804372310638 0.283026367425919 0.278050363063812
0.35164800286293 0.179428800940514 0.255608558654785 0.303694695234299 0.323804885149002 0.357487976551056 0.372118175029755 0.332743257284164 0.316323727369308 0.315749615430832 0.29472416639328 0.273826003074646 0.203025475144386 0.101122967898846 0.0486829243600368 0.0246366299688816 -0.0168618708848953 0.0289970263838768 -0.00115764234215021 -0.0748868212103844 -0.105598628520966 -0.210337892174721 -0.314588963985443 -0.403575867414474 -0.48601034283638 -0.545865297317505 -0.617693841457367 -0.680522680282593 -0.7499098777771 -0.799929797649384 -0.838606595993042 -0.453651368618011 -0.372246652841568 -0.796863973140717 -0.780890464782715 -0.667363047599792 -0.58915102481842 -0.0521894320845604 0.596452713012695 0.648172438144684 0.390142560005188 0.452034384012222 0.528454124927521 0.464954197406769 0.523632943630219
0.614301204681396 0.441297829151154 0.452506214380264 0.422891616821289 0.45551210641861 0.45859369635582 0.421345978975296 0.396427094936371 0.360277682542801 0.345621109008789 0.339351236820221 0.297935634851456 0.241341516375542 0.127938866615295 0.0420663952827454 0.0425153747200966 0.0402371175587177 0.0519091859459877 -0.0120131196454167 -0.0415010862052441 -0.0649264007806778 -0.138040140271187 -0.26103663444519 -0.368833005428314 -0.462334901094437 -0.544999182224274 -0.607199788093567 -0.684028923511505 -0.758367717266083 -0.810801446437836 -0.851856708526611 -0.710678935050964 -0.903105974197388 -0.945878684520721 -0.98791629076004 -0.807603061199188 -0.548595488071442 0.0692767947912216 0.731646060943604 0.919442534446716 0.649312078952789 0.724638938903809 0.700208604335785 0.631390392780304 0.780332982540131
0.74529242515564 1.0563713312149 0.895367801189423 0.636575162410736 0.620558381080627 0.520260334014893 0.491357237100601 0.448346793651581 0.413922190666199 0.39229491353035 0.363525360822678 0.33434522151947 0.263379812240601 0.169130489230156 0.105946362018585 0.0711216628551483 0.0373402684926987 0.0217311400920153 -0.0251920726150274 -0.0344911590218544 -0.0387721583247185 -0.083403117954731 -0.199304193258286 -0.320117890834808 -0.430345505475998 -0.513657927513123 -0.601537644863129 -0.687203526496887 -0.761277496814728 -0.82329249382019 -0.829728126525879 -0.54365998506546 -0.697949826717377 -0.852635145187378 -1.00591671466827 -0.979236781597137 -0.735209763050079 0.493580371141434 1.00226747989655 1.05760729312897 0.88885897397995 0.900534272193909 0.837195932865143 0.862252235412598 0.941995918750763
0.193678811192513 0.749570786952972 1.2830296754837 1.2068920135498 0.780921518802643 0.690390288829803 0.589691460132599 0.529728889465332 0.474856674671173 0.421738505363464 0.392968028783798 0.343955546617508 0.276753753423691 0.190493926405907 0.149226292967796 0.0702933296561241 0.0184653773903847 -0.0232148617506027 -0.0264886040240526 -0.0229758564382792 -0.0297609474509954 -0.0658173635601997 -0.152014970779419 -0.285171240568161 -0.396578997373581 -0.490722358226776 -0.575775861740112 -0.681716620922089 -0.763536155223846 -0.829250395298004 -0.562194526195526 -0.424423903226852 -0.294153481721878 -0.187960535287857 -0.574798762798309 -0.473809093236923 -0.737498641014099 0.384957790374756 1.32077813148499 1.42775177955627 1.01055264472961 0.971055090427399 1.05993843078613 1.16936230659485 1.02610290050507
0.131675973534584 0.259235769510269 0.653696835041046 1.03200888633728 1.22222411632538 1.15199220180511 0.781758785247803 0.705493628978729 0.551640927791595 0.44925332069397 0.391439348459244 0.340812921524048 0.251594245433807 0.162119373679161 0.0950922295451164 0.0579231940209866 0.00943096727132797 -0.0116428453475237 -0.0156740937381983 -0.0133975259959698 -0.0355862751603127 -0.056059043854475 -0.107496246695518 -0.242754146456718 -0.378117293119431 -0.477371633052826 -0.556100308895111 -0.662694692611694 -0.761680245399475 -0.831654846668243 -0.867046117782593 -0.72190135717392 -0.556554019451141 -0.442920506000519 -1.00095438957214 -0.753337264060974 0.270701169967651 0.16358058154583 1.1151659488678 1.6887469291687 1.53838336467743 1.39501857757568 1.4052015542984 1.49575936794281 1.31869447231293
0.104117974638939 0.263215333223343 0.431822538375854 0.54282933473587 0.814083218574524 1.22877979278564 1.39767158031464 1.05163013935089 0.693140506744385 0.495618760585785 0.367478728294373 0.301726073026657 0.192242532968521 0.118687286973 0.17142391204834 0.142890408635139 0.0470034591853619 -0.00321017671376467 -0.0153416637331247 -0.014037512242794 -0.0215524733066559 -0.0442463830113411 -0.0712838768959045 -0.202559664845467 -0.341007560491562 -0.447974354028702 -0.558332860469818 -0.633428037166595 -0.742280781269073 -0.827588677406311 -0.887609839439392 -0.947721660137177 -0.797211647033691 -0.258907347917557 -0.936242699623108 -0.867373168468475 0.926047801971436 0.484211504459381 0.734813809394836 2.02105569839478 1.96042954921722 1.75363600254059 1.66580700874329 1.78429388999939 1.73875069618225
