slauniainen/Data/DEM/Vihti_dsm1500b_cl_horizonAngle_18.asc
NCOLS 196 
NROWS 178 
XLLCORNER 353680 
YLLCORNER 6699024 
CELLSIZE 16 
NODATA_value -3.4e+38 
[rows 20 to 39 of 178, columns 46 to 91 of 196]
8.43191528320312 10.9408531188965 -1.4031822681427 -0.281946152448654 0.563532829284668 0.77162629365921 0.489773571491241 1.21615922451019 27.6580486297607 24.2248649597168 8.2344856262207 14.3881340026855 4.62908554077148 22.7093067169189 1.07678949832916 -0.807954370975494 -0.127553716301918 9.48691082000732 12.4512786865234 24.1764526367188 24.0977058410645 20.159740447998 9.09981155395508 9.63696193695068 16.1638984680176 10.1091508865356 9.89741802215576 17.1924076080322 11.5722970962524 27.9523277282715 28.4126167297363 11.1818332672119 12.1896257400513 9.50647640228271 9.03055572509766 9.48811912536621 9.89192581176758 9.88047218322754 9.24270057678223 7.87375450134277 7.91322469711304 8.08530235290527 7.65771245956421 7.36967277526855 7.44544363021851 6.26018810272217
8.11191272735596 5.8555121421814 20.4463977813721 15.4757661819458 8.48467922210693 10.8868637084961 20.2391719818115 12.9541721343994 12.4934425354004 8.83556938171387 23.7935161590576 12.4937562942505 12.3366985321045 3.23208999633789 10.0548372268677 9.69913005828857 18.3316020965576 4.35537672042847 8.99099445343018 14.0188913345337 26.0368118286133 28.9056797027588 20.5637664794922 41.6502799987793 13.5951662063599 8.17098045349121 8.61623477935791 10.1126842498779 29.8598651885986 13.9627103805542 9.69416999816895 10.2251682281494 8.98111152648926 8.7717456817627 8.61313343048096 9.33375644683838 9.28076839447021 9.08015441894531 7.80760955810547 7.50903844833374 7.69614934921265 7.36245393753052 7.34340524673462 6.94002056121826 6.8667688369751 5.95303821563721
23.5756778717041 15.7424421310425 23.5004081726074 25.0149250030518 29.679386138916 29.7003021240234 31.6516304016113 33.8952445983887 22.4746990203857 21.014856338501 9.62388324737549 12.3007001876831 5.12689113616943 31.1381130218506 24.8941020965576 20.2175331115723 24.6864471435547 24.0720462799072 14.8107290267944 20.3942337036133 18.5487995147705 23.1735210418701 11.218132019043 11.972674369812 6.05059766769409 7.04367065429688 7.56005477905273 27.8922996520996 7.87078762054443 12.0202674865723 9.30923080444336 9.5139274597168 8.55784893035889 8.32559680938721 8.54343414306641 8.9201021194458 8.93842124938965 8.39599132537842 7.53679943084717 7.24170446395874 7.4430980682373 6.94961500167847 7.10078287124634 6.66638803482056 6.55832099914551 5.67004346847534
20.8588466644287 28.6128158569336 25.5664405822754 16.6296367645264 16.7564239501953 19.5644721984863 12.9919862747192 15.293158531189 15.7286167144775 7.37817668914795 7.48582410812378 1.40373408794403 35.1840896606445 21.5645275115967 27.9243049621582 44.6134262084961 23.9373302459717 18.4727115631104 13.9284324645996 19.3988380432129 22.5422515869141 21.3460083007812 9.79334735870361 9.46801853179932 11.8647480010986 30.8679237365723 22.1967830657959 22.8024597167969 42.7179565429688 9.05741691589355 8.977126121521 8.88344478607178 8.23480319976807 7.95433664321899 8.15908908843994 8.59345149993896 8.57931900024414 8.04368877410889 6.88650131225586 6.98575115203857 7.20836782455444 6.75154542922974 6.33088207244873 6.21863842010498 5.25183391571045 3.10686469078064
16.0123729705811 19.1157093048096 15.946439743042 16.3766422271729 17.1445198059082 27.2720890045166 18.804594039917 14.8189516067505 12.1413249969482 24.466251373291 11.1842546463013 44.5296592712402 9.82326889038086 27.858154296875 30.6639575958252 25.3256759643555 33.8234024047852 33.7976989746094 35.8799324035645 22.370210647583 15.7817640304565 12.6957960128784 8.45559597015381 6.20561981201172 13.7427272796631 9.68128108978271 36.9145355224609 23.5231189727783 10.4597654342651 8.4133358001709 8.6259880065918 7.83974266052246 7.53076028823853 7.34336566925049 7.84442472457886 8.24399375915527 8.21002388000488 7.69456195831299 6.54009962081909 6.85862350463867 6.56326246261597 6.53984975814819 6.16236639022827 6.03760051727295 5.11276245117188 2.73206758499146
14.7621250152588 24.1382064819336 31.7252235412598 26.7081985473633 14.9426736831665 13.0394849777222 15.9777851104736 10.264328956604 9.4282054901123 6.47335290908813 9.99470233917236 14.1006355285645 37.1227798461914 19.8463592529297 24.8037891387939 20.4233551025391 18.7506790161133 17.5082855224609 14.5085649490356 13.5966272354126 15.5765447616577 9.13463306427002 11.8269147872925 21.2251720428467 21.4896812438965 26.5602645874023 15.0197172164917 18.5192604064941 10.0041522979736 8.19082546234131 8.09499263763428 7.5862021446228 7.30053853988647 7.17763710021973 7.78969764709473 7.77882194519043 7.51392984390259 6.62471485137939 6.43013763427734 6.67176103591919 6.21841812133789 6.34864377975464 5.98629951477051 5.83987522125244 4.97270393371582 2.09090495109558
26.9584980010986 20.901876449585 19.4891262054443 11.9596843719482 13.5002880096436 13.1768732070923 8.47672367095947 9.08974838256836 6.87843751907349 13.982253074646 22.7746849060059 8.78073120117188 10.9559354782104 17.5615272521973 19.8008403778076 11.9257164001465 8.78739261627197 12.9212265014648 14.4761266708374 27.8779621124268 31.7577171325684 13.4478511810303 17.9784088134766 17.1247234344482 11.7073554992676 23.5164489746094 10.2323970794678 15.3528203964233 7.54330968856812 7.94289970397949 7.81938409805298 7.36054182052612 7.07278728485107 7.13372421264648 7.50121927261353 7.48273038864136 7.05609941482544 6.06457138061523 6.24207448959351 6.49097537994385 6.06533622741699 5.70045137405396 5.56376075744629 4.72780990600586 2.83827877044678 1.33746790885925
15.3217658996582 16.2171611785889 13.239351272583 12.3467788696289 9.57109928131104 5.90048789978027 7.23390483856201 6.10208225250244 4.17155456542969 4.74868249893188 10.8729343414307 5.82571840286255 16.1293106079102 14.0107746124268 18.3853569030762 39.5054817199707 40.5352973937988 36.6104125976562 32.915340423584 32.7452011108398 24.3646144866943 23.8241233825684 14.0603065490723 19.417163848877 25.5152912139893 13.7361164093018 12.7106628417969 9.11586475372314 7.34464168548584 7.65134048461914 7.51150941848755 6.83638477325439 6.58595371246338 6.90944337844849 7.26461362838745 7.21523714065552 6.79095029830933 5.91905117034912 6.19084739685059 5.92044639587402 5.89090061187744 5.53942489624023 5.38219690322876 4.57260274887085 2.49550700187683 1.31674134731293
11.8105936050415 11.3133745193481 21.3718795776367 9.65531539916992 6.82990169525146 3.7486584186554 3.05579686164856 3.8498203754425 16.7303199768066 25.1764602661133 5.67999792098999 7.46451425552368 10.8750534057617 12.7706327438354 10.6505641937256 20.493724822998 20.6750946044922 18.3447132110596 21.9712448120117 14.5232858657837 22.7665729522705 14.7499017715454 20.5964374542236 27.1590194702148 15.7009429931641 10.1960420608521 11.10817527771 8.68659591674805 7.35258913040161 7.3207106590271 6.88928365707397 6.63063383102417 6.47764587402344 6.97887420654297 6.92469501495361 6.62896823883057 5.9580659866333 5.83145523071289 6.05124425888062 5.62744092941284 5.71444416046143 5.3703145980835 5.21046209335327 4.4238133430481 1.92583012580872 1.28229463100433
16.381986618042 20.9606418609619 10.613130569458 8.33014297485352 4.35279941558838 8.13256168365479 2.54255700111389 3.33984375 3.06845116615295 8.56487655639648 5.08065176010132 35.2934226989746 32.1041831970215 11.2547645568848 29.9213924407959 17.1282997131348 17.5315265655518 15.8729696273804 13.2300567626953 9.75403594970703 12.6867818832397 32.1004905700684 28.6489410400391 14.4104557037354 9.81630420684814 8.17464447021484 6.75470733642578 7.70817232131958 7.13038682937622 6.97703790664673 6.68256330490112 6.42574739456177 6.42292547225952 6.76417827606201 6.71126651763916 6.3281831741333 5.46619844436646 5.67084121704102 5.88778686523438 5.47008657455444 5.12224006652832 5.02638053894043 4.26213598251343 2.56567883491516 1.20394730567932 0.480737864971161
11.1940279006958 10.8115043640137 7.36845779418945 5.91529893875122 3.97870850563049 2.14142298698425 2.20102882385254 1.65527665615082 1.53535068035126 5.36875581741333 9.89192390441895 16.2309055328369 14.3601360321045 10.7572746276855 14.2009000778198 15.5866422653198 13.1267337799072 12.5723304748535 10.9801359176636 36.3648948669434 29.5278148651123 16.751745223999 6.42922163009644 6.05823421478271 7.25405168533325 6.98504972457886 5.46425914764404 6.4419960975647 6.94035148620605 6.79042291641235 6.22493076324463 5.98007774353027 6.20828723907471 6.55018043518066 6.50333261489868 6.08881568908691 5.38115644454956 5.63960075378418 5.34680986404419 5.31711483001709 4.98310613632202 4.83168745040894 4.10929298400879 2.25568199157715 1.17335593700409 0.322585433721542
9.63998031616211 10.0844373703003 7.19433879852295 13.9189443588257 6.49130201339722 11.2562532424927 11.2725505828857 1.18922257423401 33.2737121582031 4.45235681533813 29.0510864257812 12.2289896011353 11.9014711380005 12.1588668823242 10.1478233337402 9.05140590667725 11.8083562850952 21.0313453674316 42.361629486084 14.8623542785645 9.2225980758667 5.47061634063721 43.1520652770996 5.7859673500061 7.03945112228394 6.9868483543396 43.5495986938477 9.41362857818604 6.76385164260864 6.39991474151611 6.09309673309326 5.86696243286133 6.29370164871216 6.24403524398804 5.96031093597412 5.4124960899353 5.27279043197632 5.47367000579834 5.08067655563354 5.14336252212524 4.8454008102417 4.69807529449463 3.98091459274292 1.77676773071289 1.16012144088745 0.291705578565598
8.3077392578125 15.1807498931885 8.00436592102051 6.76655244827271 9.01336193084717 19.6631031036377 5.15283489227295 21.6308631896973 4.34033727645874 19.5058784484863 11.6819581985474 10.7555027008057 7.65723609924316 8.68912124633789 22.5500011444092 26.9578304290771 10.2106380462646 21.2274379730225 14.0311708450317 7.74508094787598 7.07809114456177 4.94014072418213 5.6520619392395 45.13916015625 35.4845161437988 5.16780042648315 5.32240772247314 5.98760890960693 6.51465892791748 6.26842641830444 5.95568752288818 5.841712474823 6.11690378189087 6.0596022605896 5.7349066734314 4.94789886474609 5.13779497146606 5.32499599456787 4.93126535415649 4.63081836700439 4.57454967498779 3.88130903244019 2.36031723022461 1.1202472448349 0.427986860275269 -0.0181956235319376
22.5555896759033 14.8087425231934 7.38614177703857 5.4381160736084 15.8263187408447 5.27924299240112 7.87743520736694 19.9708404541016 2.95744204521179 3.9865870475769 8.63527774810791 9.70340633392334 26.6227264404297 32.066478729248 15.6347675323486 13.996470451355 33.9927978515625 16.2007789611816 7.60888719558716 6.31137847900391 9.28434085845947 18.522045135498 45.5477905273438 5.03913497924805 5.11084938049316 44.4294166564941 4.18938684463501 5.52992534637451 6.34952545166016 5.86478710174561 5.60522794723511 5.70414257049561 5.96478796005249 5.90362310409546 5.51901388168335 4.93207120895386 5.14049005508423 4.8303656578064 4.78622531890869 4.50664091110229 4.3777813911438 3.72292017936707 2.07204031944275 1.09360897541046 0.137818112969398 0.138759925961494
17.6054306030273 24.3337631225586 34.7256240844727 24.2856903076172 10.3173904418945 17.8456344604492 28.6121883392334 11.7423572540283 20.27073097229 13.8624782562256 8.87329959869385 24.0560111999512 7.69248056411743 12.8566741943359 14.6398782730103 17.2852954864502 11.68199634552 8.33868312835693 7.31567764282227 5.99943876266479 38.6437339782715 34.5824279785156 5.25673389434814 14.8993673324585 4.86712121963501 4.30786895751953 42.4872665405273 4.08158302307129 6.04186820983887 5.72623205184937 5.49760484695435 5.86408996582031 5.75596332550049 5.43688440322876 4.9620213508606 4.84088754653931 5.01958894729614 4.60709190368652 4.61813592910767 4.38500452041626 4.25418043136597 3.61298847198486 1.64492356777191 1.06832766532898 -0.00132946250960231 0.570914387702942
14.9447612762451 25.5068492889404 27.3597660064697 28.973165512085 28.5810050964355 37.2911148071289 24.047399520874 19.7917518615723 35.2348937988281 16.7896747589111 8.185866355896 12.0252046585083 32.6408882141113 7.42546939849854 13.2156229019165 14.5264511108398 7.47731876373291 19.5906143188477 44.0389785766602 46.3552360534668 4.85232067108154 4.6585521697998 4.74676656723022 5.10829639434814 4.38515710830688 5.64453172683716 3.50465822219849 46.1079368591309 5.23870134353638 5.58964395523071 5.44426393508911 5.72064685821533 5.66597270965576 5.31761169433594 4.56821012496948 4.73959875106812 4.90526056289673 4.4985556602478 4.21217203140259 4.13677930831909 3.51482915878296 2.15725445747375 1.02264356613159 0.353710383176804 -0.225691348314285 0.0927964746952057
13.9644899368286 22.8732166290283 22.8645629882812 26.2633762359619 25.6012287139893 25.4460544586182 41.417667388916 41.4784660339355 26.0439205169678 28.1018543243408 17.5910949707031 7.31894016265869 28.4916687011719 36.7135467529297 7.65538787841797 9.02799606323242 51.0760269165039 38.1116371154785 8.86748027801514 5.33408164978027 4.9292426109314 22.885404586792 24.0737113952637 19.1707458496094 17.8762969970703 9.24810028076172 13.3842573165894 3.95478534698486 3.64011716842651 5.29275226593018 5.3501877784729 5.60254526138306 5.56024265289307 5.20690441131592 4.63068342208862 4.78726100921631 4.47092771530151 4.39125299453735 4.11908292770386 3.94031763076782 3.32783079147339 1.8445485830307 0.96636039018631 0.0746048018336296 0.0721515864133835 -0.0350370481610298
21.0199871063232 42.0760612487793 26.9857387542725 27.5405502319336 20.950159072876 20.3707599639893 26.156623840332 19.2032699584961 30.857213973999 37.2174911499023 40.8483695983887 51.4707489013672 6.4745306968689 6.79651832580566 7.37581968307495 35.6214065551758 7.13598203659058 6.11823463439941 4.92154693603516 13.2598171234131 4.50447559356689 4.29960060119629 9.71902942657471 6.83124971389771 5.70654010772705 10.7239980697632 3.53578734397888 3.70352101325989 12.5007963180542 3.40574908256531 5.5522780418396 5.45468521118164 5.16945457458496 4.76661157608032 4.63210439682007 4.7097806930542 4.29831314086914 4.26112174987793 4.03268241882324 3.84164619445801 3.22011041641235 1.44274854660034 0.895655572414398 -0.0962041690945625 -0.125583902001381 0.562380790710449
35.0300483703613 30.1550216674805 37.690185546875 32.2976722717285 48.0160102844238 48.6888809204102 29.056604385376 38.7881622314453 23.2376594543457 6.90182876586914 6.79448175430298 6.8426661491394 19.7348098754883 49.8459968566895 6.4460563659668 6.87625169754028 6.57421541213989 5.16422557830811 7.34369230270386 3.52967166900635 3.96259140968323 4.18684768676758 4.90332460403442 5.444251537323 3.60422015190125 3.33827090263367 3.71970725059509 8.65599918365479 3.48539280891418 3.39094567298889 3.6488184928894 5.39418601989746 5.09870052337646 4.41557836532593 4.57642316818237 4.67216110229492 4.2257227897644 3.9558265209198 3.83857870101929 3.22366738319397 1.94322443008423 0.867303490638733 0.167700529098511 -0.392378121614456 -0.154001906514168 0.479926824569702
21.8564720153809 24.2886371612549 24.2537784576416 14.2018699645996 13.731162071228 13.8485040664673 13.8607568740845 9.75387859344482 8.64061164855957 21.5281524658203 24.2340316772461 46.8299369812012 5.78417634963989 6.3353705406189 6.81905317306519 6.26074504852295 5.08506011962891 4.83555269241333 4.25672912597656 3.7102382183075 3.63441920280457 4.08677101135254 3.91902494430542 3.50621581077576 2.98582148551941 3.26542282104492 3.62193942070007 3.51101469993591 3.80396628379822 4.79310989379883 7.15587186813354 3.57774209976196 4.96486949920654 4.48714780807495 4.6228199005127 4.30501127243042 4.18498134613037 3.90485382080078 3.69464945793152 3.09479904174805 1.70761096477509 0.536468207836151 -0.148190543055534 -0.494466543197632 -0.21930168569088 0.408193320035934
