slauniainen/Data/DEM/Vihti_dsm1500b_cl_horizonAngle_324.asc
NCOLS 196 
NROWS 178 
XLLCORNER 353680 
YLLCORNER 6699024 
CELLSIZE 16 
NODATA_value -3.4e+38 
[rows 140 to 159 of 178, columns 45 to 89 of 196]
5.30503988265991 2.84397768974304 9.29850578308105 13.9944276809692 -0.0469882935285568 -0.432391911745071 -1.02642178535461 -1.0484025478363 20.461389541626 -1.83145236968994 13.7969036102295 1.08268964290619 1.73862087726593 13.2370491027832 11.346492767334 7.4837818145752 27.3936500549316 12.0905799865723 18.9001522064209 13.4875459671021 2.87113046646118 2.76885724067688 4.49452495574951 24.1596202850342 29.3428592681885 -1.25207757949829 -0.513880550861359 2.25792813301086 5.94429349899292 12.44225025177 12.5283584594727 29.2104511260986 42.7231559753418 16.8302555084229 16.1909580230713 14.6684503555298 14.1975994110107 3.17929530143738 2.10628366470337 19.6808547973633 -0.248612627387047 17.3195514678955 4.0993824005127 3.44316077232361 2.69203567504883
8.76157569885254 3.08872556686401 28.0079097747803 5.87179088592529 2.48079562187195 -0.989484071731567 -0.786366045475006 16.1654033660889 11.6548271179199 -0.345774501562119 2.65919065475464 2.19175028800964 -0.45001631975174 4.09663343429565 7.13684797286987 3.18667197227478 7.33089256286621 1.43346440792084 4.3744945526123 14.3259944915771 8.68534374237061 10.7940368652344 1.83741509914398 7.3711895942688 18.2937622070312 6.43671417236328 14.3749761581421 22.4132881164551 4.74503469467163 4.55131244659424 9.40572357177734 26.7915840148926 28.4773921966553 11.0598402023315 10.1635789871216 10.6253776550293 12.634973526001 19.4293479919434 29.8446636199951 14.7768430709839 6.30971765518188 27.4558601379395 1.65010261535645 1.31810975074768 1.14145874977112
6.1995964050293 6.90107583999634 15.6691637039185 1.37714159488678 3.47679805755615 17.9445762634277 -1.2891765832901 23.6322994232178 16.8947467803955 9.59184074401855 -0.145718991756439 1.15254843235016 2.93938851356506 3.26081418991089 2.06276106834412 3.03392004966736 2.37729740142822 4.52581119537354 2.58876776695251 16.6749076843262 12.0586614608765 4.57784986495972 2.12826776504517 2.26611304283142 21.2026290893555 12.5333318710327 9.95109272003174 13.2323703765869 -0.518793702125549 2.13472366333008 2.70992946624756 13.3890810012817 17.8502407073975 17.6533126831055 7.44904661178589 4.1001181602478 8.14822006225586 5.79108715057373 19.5556392669678 1.43401741981506 5.06063413619995 3.90353202819824 2.57569241523743 0.442348510026932 0.519614517688751
15.6177825927734 2.41965913772583 7.70963954925537 2.06836152076721 13.8145771026611 -0.606632888317108 11.2908887863159 20.7808017730713 13.0601568222046 2.49817681312561 -0.839131474494934 -0.196908190846443 9.87787055969238 3.6590313911438 -0.243212446570396 0.18271791934967 1.25243377685547 4.41549110412598 6.47888708114624 3.80746459960938 6.7665753364563 2.59130096435547 7.26574325561523 16.201229095459 16.7475643157959 8.39384651184082 5.82049083709717 0.668346881866455 3.91432285308838 25.9773750305176 0.981895267963409 -0.670728981494904 7.42609596252441 11.8844223022461 12.1194067001343 4.72977161407471 4.5158371925354 5.69519519805908 5.13776206970215 11.8273458480835 32.4876327514648 2.14173817634583 0.794437229633331 1.33938992023468 0.206029683351517
15.8689937591553 6.91602802276611 18.3250026702881 1.53085494041443 5.19475793838501 0.078878253698349 3.13030600547791 13.5988988876343 8.74498558044434 1.53803491592407 11.0712223052979 2.45271825790405 24.4823246002197 2.88171887397766 1.00524318218231 1.61184704303741 -0.000816708488855511 0.0890296250581741 1.9360169172287 10.7435026168823 2.66912341117859 14.167594909668 20.6922740936279 6.60851621627808 8.58574390411377 6.04855537414551 5.9800329208374 5.53960609436035 6.87082624435425 8.11811256408691 0.561078906059265 -1.63917195796967 -0.960743069648743 6.86021661758423 8.7625207901001 4.00870275497437 1.90493679046631 3.75463724136353 4.7962474822998 6.20757246017456 22.0052738189697 1.62090063095093 9.63826370239258 5.03032302856445 3.04734778404236
5.80931663513184 8.75161266326904 1.6341712474823 0.593887686729431 -0.797348260879517 0.0914941281080246 -0.268947929143906 9.17146778106689 12.4235420227051 0.458865791559219 11.5435905456543 9.0288143157959 19.1654167175293 7.81998777389526 -0.615067780017853 0.0889535769820213 -0.530622243881226 -1.21641492843628 -0.628219783306122 2.63699865341187 11.4305467605591 18.9922142028809 3.84649538993835 2.43113374710083 2.13874888420105 2.76349759101868 3.50682377815247 3.183762550354 0.350917369127274 -1.28180539608002 4.07789134979248 -1.55036175251007 -2.22120141983032 -1.93322896957397 0.491409718990326 7.02620983123779 0.857948362827301 12.6501970291138 3.1225893497467 4.23543739318848 5.60288047790527 15.3493051528931 5.25480794906616 5.52327632904053 12.4117937088013
6.19555473327637 2.43858742713928 -1.12142848968506 -0.392082810401917 -0.206067278981209 21.4351177215576 19.0802021026611 -0.811669528484344 0.580497980117798 3.05485033988953 1.44964897632599 3.07524609565735 2.61270332336426 0.648472428321838 -0.621791303157806 -0.963189363479614 -0.901049494743347 7.12021350860596 14.9316635131836 -0.87048351764679 1.22832214832306 1.06273519992828 -0.0765015259385109 3.07865858078003 6.86244010925293 1.68317711353302 0.869996786117554 0.00538510922342539 0.335559368133545 -2.28193068504333 -2.303635597229 -0.607304036617279 -2.6273410320282 3.90853810310364 -2.86619544029236 -0.407853484153748 9.29024505615234 24.4161319732666 2.5004665851593 4.11905384063721 3.95732283592224 2.40766072273254 5.15284442901611 1.8048814535141 6.22953224182129
3.63784027099609 -0.0815121829509735 -1.19442677497864 -1.43644332885742 -1.17329466342926 6.74170827865601 -0.893649518489838 -1.11533772945404 1.48730373382568 0.832207202911377 3.29528307914734 19.0829753875732 13.0845003128052 22.2465991973877 17.4050426483154 -1.61722636222839 0.594654381275177 0.606238484382629 -0.394880294799805 -1.44383001327515 -1.30916464328766 -1.39942741394043 -0.560166239738464 1.53070759773254 0.301049500703812 -0.586735129356384 -0.645284533500671 -1.1700621843338 -2.12725257873535 -0.856517612934113 -2.74817228317261 -2.84414482116699 13.2586507797241 3.50579762458801 -2.46004247665405 -1.13205456733704 17.8513641357422 13.7400321960449 4.21130132675171 2.77255058288574 3.7471284866333 1.74333322048187 1.42345976829529 8.29563903808594 12.9125022888184
-1.44408166408539 -1.48869836330414 -1.58640789985657 -1.34325587749481 -0.512640655040741 16.054931640625 -0.93431943655014 20.9941711425781 25.7717342376709 16.2546844482422 22.352632522583 -0.798838436603546 1.50222516059875 5.28853607177734 10.2045440673828 -0.016209090128541 3.18203496932983 -0.990775108337402 -1.19765913486481 -1.72464966773987 -2.28883242607117 -1.99216055870056 -1.5507208108902 -1.50900185108185 0.201507329940796 -1.04339122772217 -1.15759253501892 -1.47842681407928 -1.85202729701996 2.62929677963257 -2.59903192520142 -2.90858054161072 -3.53586769104004 22.5438899993896 0.681102514266968 -2.19812226295471 4.06941843032837 -0.744615018367767 -0.361343115568161 2.68191695213318 2.57488894462585 0.649503529071808 1.66287839412689 9.46508026123047 10.9355869293213
-1.5015025138855 -1.48047912120819 -1.59804475307465 11.1585025787354 0.263103932142258 4.1797399520874 -0.267105311155319 23.5980548858643 18.2204399108887 4.65563631057739 -0.241326227784157 2.45312285423279 14.1006650924683 14.4018821716309 1.16891658306122 -1.20442414283752 2.10614895820618 -1.89652073383331 -1.24285697937012 -1.44075906276703 -2.05901622772217 -2.93541479110718 -0.522668182849884 -1.72866404056549 -2.04153966903687 -0.88818895816803 7.78068876266479 -0.197710573673248 8.86322784423828 2.41670417785645 -1.96025860309601 -0.757673561573029 -3.7780613899231 -3.8906421661377 -3.38091135025024 29.0933227539062 1.52103209495544 14.1177473068237 9.96273612976074 -0.811102688312531 1.93079841136932 -0.0767373815178871 1.40455067157745 8.61334800720215 20.0496368408203
2.63904762268066 11.5448455810547 9.14553451538086 13.1537971496582 3.22509503364563 17.2890357971191 15.9038705825806 14.7429637908936 10.0953369140625 8.11435890197754 1.71330404281616 3.63847517967224 7.27975082397461 0.278556555509567 0.308306217193604 -1.37706351280212 -2.15497136116028 -2.04974102973938 -1.77548575401306 -2.16782021522522 -2.29865837097168 -2.89858484268188 -1.57159864902496 -2.75582122802734 -0.844602286815643 5.46152257919312 -1.28532743453979 -0.919589757919312 -0.866948068141937 1.3711154460907 -2.18301868438721 -1.27668082714081 -3.67512559890747 -4.49509286880493 20.6399116516113 32.3278427124023 15.5352039337158 13.3558397293091 10.2091426849365 -0.425849765539169 6.14003133773804 1.80786919593811 37.1276817321777 24.4250316619873 12.4173765182495
18.1687850952148 2.52867579460144 12.2451553344727 3.32022047042847 14.2126426696777 13.1481170654297 3.70686149597168 10.2125301361084 4.93348169326782 -1.180779337883 -1.19648790359497 -1.76716804504395 -1.49299085140228 -1.72002816200256 -1.47310376167297 -1.60156750679016 -2.22645020484924 -2.75702857971191 -2.83313918113708 -2.61393785476685 -2.70533299446106 -2.81871056556702 -3.36100625991821 -3.0513288974762 8.62994766235352 1.74296641349792 -0.313516050577164 -1.31190013885498 -1.54146552085876 -1.76677131652832 -1.96620190143585 5.77569770812988 2.92150783538818 -4.24802923202515 24.990406036377 16.3781127929688 -2.78984093666077 -2.71671986579895 20.8131198883057 -0.57869553565979 -0.840029001235962 -0.841304898262024 21.4589214324951 19.2464122772217 4.78427076339722
4.73512697219849 1.95914041996002 14.9510326385498 4.4563684463501 13.3944244384766 4.25378084182739 -0.198100104928017 0.800152182579041 -1.32814514636993 -2.12062549591064 -1.95906746387482 -1.84074699878693 -2.16709518432617 -2.06740927696228 -2.16506743431091 -2.30600881576538 -2.62791895866394 -3.1820387840271 -3.25794672966003 -2.79938197135925 -0.473467200994492 -3.16232419013977 -3.10018754005432 -4.01279401779175 -3.26006555557251 -2.9207079410553 -2.0139741897583 -1.10431444644928 0.392205834388733 -2.23638796806335 -2.67948794364929 -3.8341064453125 0.448707163333893 1.23236870765686 9.94250392913818 10.4660301208496 0.652215957641602 -3.29710745811462 -2.95048427581787 5.88737440109253 -2.13718819618225 -1.39302849769592 -1.07520854473114 13.0971651077271 10.1950073242188
1.56137120723724 3.01279401779175 2.165118932724 -0.190496012568474 5.98276042938232 3.4172739982605 -2.0198917388916 -1.7198246717453 -2.12777376174927 -1.75652372837067 -2.39973139762878 -2.35249996185303 -2.26790928840637 -2.66044330596924 -2.62625575065613 -2.65654850006104 -2.69452214241028 -2.74615526199341 -3.21081686019897 -0.842095255851746 -3.22190308570862 -2.83199429512024 -3.19867515563965 -3.47908186912537 6.20883941650391 19.8751239776611 14.4465408325195 6.19085311889648 -2.32754611968994 -2.64555501937866 -2.08081293106079 -3.03010988235474 18.9841499328613 0.331161141395569 13.6329193115234 3.56892371177673 -1.85925352573395 -3.54094481468201 -3.66250944137573 -3.14995098114014 5.71697998046875 7.93763780593872 2.61214303970337 2.43522238731384 9.36663818359375
4.98494338989258 -1.86214232444763 2.29968070983887 -0.19696256518364 -2.01482152938843 -2.23319983482361 -2.08714437484741 -2.09655976295471 -2.15894818305969 -2.58419871330261 -2.68491387367249 -2.92655730247498 -2.61879587173462 -2.84955286979675 -2.87288308143616 2.80371499061584 4.23053407669067 -3.05386662483215 -3.32048273086548 -3.71004319190979 -3.85602569580078 -3.37267971038818 -3.56594371795654 -3.3653392791748 -1.48015856742859 4.31848335266113 4.11353731155396 -2.17338490486145 -0.980830430984497 -2.68235397338867 9.56197357177734 3.29035234451294 2.39079833030701 1.55067276954651 5.58421659469604 -1.18906664848328 -3.33979415893555 -4.60983562469482 15.1632299423218 29.3271160125732 23.7934494018555 20.4243755340576 8.66748523712158 6.99867534637451 11.1434993743896
10.3202114105225 8.42577648162842 -1.85498857498169 -2.57020831108093 -2.35187339782715 -2.38798046112061 -0.590539932250977 -2.31680250167847 -2.76233792304993 -2.95285701751709 -3.02444815635681 -1.52370011806488 -2.97550415992737 -2.7519223690033 -1.7327253818512 1.22078359127045 -2.95518612861633 -2.91357016563416 6.30435419082642 -3.99625849723816 -3.78699111938477 2.07826995849609 -3.53030896186829 -3.89243721961975 -3.71991300582886 -3.37569689750671 -0.907424092292786 3.47349882125854 2.25362992286682 0.601742029190063 7.845534324646 -2.27709078788757 6.32476186752319 13.4157800674438 1.44682085514069 -3.2213568687439 12.483226776123 21.1593494415283 22.1363906860352 5.06593465805054 5.46406269073486 -1.2803338766098 3.36647891998291 1.84422385692596 17.23166847229
2.47209048271179 -0.616054177284241 -2.29618573188782 -2.42491865158081 2.76483726501465 -2.60421299934387 -1.62008953094482 -2.68989753723145 -3.07691431045532 -3.13862729072571 -3.21226501464844 -1.30820059776306 -3.16848182678223 -3.16734290122986 -3.06939673423767 -3.02599430084229 -3.16605591773987 1.72229504585266 0.232386708259583 -3.44539260864258 -1.09586596488953 -1.86439824104309 -3.8382728099823 -3.59650301933289 -4.05315685272217 11.8820991516113 8.10510444641113 10.6284561157227 1.24073994159698 -2.09200382232666 -2.62577104568481 -1.33086836338043 -2.64546346664429 5.93183708190918 5.15916347503662 -2.55667734146118 3.92868757247925 10.1163702011108 14.985912322998 10.6156826019287 18.9454917907715 0.124878622591496 25.5818614959717 1.76155054569244 32.4495162963867
-2.26270604133606 -2.45993566513062 -2.91850304603577 -2.85423684120178 -2.70809459686279 -3.06648921966553 -2.89549994468689 -3.15664005279541 -3.48289704322815 -3.32111239433289 -3.45088052749634 -2.34370923042297 -3.00270628929138 -1.84639370441437 -3.30785489082336 -3.46772575378418 -3.36576414108276 -3.26496529579163 -3.40575957298279 -3.86543846130371 -3.91553378105164 -4.09204149246216 -4.34154081344604 -4.05491733551025 -0.906658709049225 17.9369983673096 -2.65593147277832 11.9831743240356 0.630164265632629 -2.99113583564758 -1.64546525478363 6.22010374069214 11.1179637908936 3.18877363204956 5.06675863265991 -1.30769193172455 -3.05082130432129 -2.79272842407227 6.78793621063232 3.50424432754517 3.38014769554138 2.25890684127808 4.62662029266357 20.9131145477295 25.6965160369873
-3.20032405853271 -2.9400897026062 -3.33452892303467 -3.40263962745667 -3.06051707267761 -3.4536919593811 -3.10659503936768 -3.44326257705688 -3.65751242637634 -1.68623578548431 -3.76372003555298 8.13115310668945 -3.17062187194824 -3.17388272285461 -3.42017149925232 -3.70316100120544 -3.62170147895813 -3.48790001869202 -3.54023909568787 -3.79455780982971 -2.21465373039246 10.6865978240967 8.81490898132324 2.04994702339172 6.14113140106201 10.953987121582 2.31390500068665 19.890209197998 1.11467134952545 -0.895137310028076 9.13633155822754 -2.8743109703064 -2.7990300655365 0.376599013805389 -2.62479186058044 -1.82645261287689 -3.97748160362244 -3.29195332527161 2.65294671058655 2.91645669937134 -0.360710084438324 0.354949325323105 1.00455605983734 2.33403658866882 24.8892135620117
-3.78543663024902 -0.358936607837677 6.21465110778809 21.2548732757568 -0.329901665449142 -3.16191339492798 2.03827404975891 -3.31262946128845 -3.64643216133118 0.681415438652039 -3.67262768745422 -1.27931451797485 -3.60165023803711 -3.70813727378845 -3.49201488494873 0.071405716240406 8.87073040008545 13.6536560058594 2.98253178596497 0.483744025230408 3.72778630256653 -2.81910157203674 0.826453506946564 7.41240692138672 2.57611799240112 4.67116069793701 14.5141839981079 0.13374687731266 -3.65832543373108 -3.36480903625488 -3.37130093574524 -3.21879363059998 -3.05919528007507 -3.15947246551514 -4.01889848709106 -3.64868259429932 -3.81310391426086 -3.94075131416321 -4.37026596069336 -3.30074167251587 0.618961036205292 -1.65861117839813 -0.680397868156433 10.8041982650757 38.6247749328613
