slauniainen/Data/DEM/Vihti_dsm1500b_cl_horizonAngle_6.asc
NCOLS 196 
NROWS 178 
XLLCORNER 353680 
YLLCORNER 6699024 
CELLSIZE 16 
NODATA_value -3.4e+38 
[rows 0 to 19 of 178, columns 135 to 179 of 196]
0.882373034954071 2.23327970504761 -0.0870607122778893 4.72048854827881 17.0276069641113 17.8121910095215 11.221076965332 10.0380525588989 11.3652191162109 2.20112729072571 3.0241847038269 3.491854429245 3.89359474182129 4.65544652938843 4.52495193481445 4.47056150436401 4.56206607818604 4.16577672958374 4.53455257415771 4.66070985794067 4.75761842727661 6.45330286026001 3.71977734565735 7.62348127365112 26.4235000610352 37.120849609375 10.1729354858398 5.49729013442993 5.62151861190796 21.2050380706787 1.68107485771179 15.3563623428345 15.6642084121704 4.76201391220093 18.4649696350098 7.97179746627808 8.02626800537109 7.34210634231567 6.29930067062378 5.35067892074585 5.93330478668213 7.30290174484253 0.645312666893005 5.90710258483887 28.3513565063477
0.826326251029968 -0.550172984600067 -0.570074915885925 1.87845242023468 13.1738300323486 12.2134971618652 5.65176725387573 3.17613196372986 5.82065153121948 1.84145176410675 2.7621283531189 3.25978374481201 3.64775133132935 4.36350440979004 4.23570394515991 4.29703807830811 4.17047691345215 3.88440036773682 4.19287300109863 4.3377366065979 3.70714282989502 5.24889087677002 4.79710054397583 13.6440505981445 18.5555419921875 21.4895439147949 6.75771903991699 5.27795171737671 7.51231527328491 13.4531831741333 38.6782989501953 6.73562383651733 11.427264213562 3.29839444160461 5.94469451904297 7.43079662322998 7.3683762550354 6.75445890426636 5.76762390136719 4.79998064041138 5.19357824325562 4.58619070053101 0.442511647939682 3.51232767105103 18.054708480835
0.799651026725769 -0.637775123119354 16.2893619537354 23.2726535797119 9.75103759765625 6.1225848197937 0.74022901058197 3.27003979682922 1.42030668258667 1.6062558889389 2.51236009597778 3.00437593460083 3.53124642372131 4.07342147827148 3.99637913703918 4.12516832351685 4.03172254562378 3.75368022918701 4.08846855163574 4.16800022125244 3.21984004974365 4.25146341323853 4.15648794174194 11.4823989868164 14.1835527420044 15.0058670043945 5.08696794509888 4.91402053833008 6.78283596038818 12.677453994751 22.4650039672852 9.41347503662109 4.41850185394287 21.4187984466553 1.8849790096283 6.93584680557251 6.74172401428223 6.26148748397827 5.403489112854 4.5217866897583 4.61788320541382 0.584740221500397 31.5506534576416 19.6339225769043 13.5112524032593
-1.06011378765106 -0.798167288303375 9.66466617584229 17.4765377044678 7.50034046173096 4.83498525619507 1.39610683917999 2.57378649711609 1.34190392494202 1.52104544639587 2.33090043067932 2.82427191734314 3.72959995269775 3.78675103187561 3.84566378593445 4.00716781616211 3.93681859970093 3.92619323730469 4.00395488739014 4.08472919464111 3.14946413040161 3.72497582435608 3.36886358261108 11.0155277252197 8.44698905944824 11.5170907974243 3.98918914794922 4.44160032272339 7.47280073165894 8.92182350158691 7.58441591262817 6.14255380630493 4.34516382217407 16.2799015045166 9.10673332214355 6.21498441696167 6.24760866165161 5.8627667427063 5.10537958145142 4.35339069366455 4.58431673049927 39.6447410583496 22.5393829345703 11.6936473846436 10.3650588989258
15.3126735687256 0.926969766616821 8.46292972564697 4.39409112930298 5.97477531433105 4.31396627426147 3.35968446731567 3.13396310806274 1.69796586036682 1.27776765823364 2.09047150611877 2.73726582527161 3.5798237323761 3.66428804397583 3.74043321609497 3.91514682769775 3.85168838500977 3.8375415802002 3.93986201286316 4.03917264938354 3.12568664550781 3.50106239318848 2.92199897766113 9.23648738861084 8.93373394012451 5.00433778762817 3.62073087692261 4.02698230743408 9.03416728973389 -1.07302165031433 1.4421192407608 2.32624745368958 3.85884380340576 10.7952194213867 3.96372842788696 5.87786245346069 5.96321535110474 5.20977401733398 4.82390308380127 4.11095094680786 4.47064828872681 24.7518577575684 17.1628551483154 8.81654834747314 5.85985136032104
2.07952928543091 8.9309196472168 -0.770499348640442 1.79772913455963 5.4252986907959 5.41420984268188 7.18322134017944 8.81761455535889 7.36222124099731 5.06026649475098 3.58225345611572 3.44427108764648 3.669602394104 3.61297798156738 3.66145205497742 3.83913826942444 3.78809833526611 3.7820348739624 3.89599800109863 3.9984335899353 3.10151219367981 3.29260873794556 2.59885215759277 7.98766899108887 7.51279640197754 4.50485229492188 2.91597485542297 3.83885908126831 7.64779996871948 12.1631765365601 0.112376689910889 2.19308733940125 15.6061086654663 10.5442810058594 5.11370325088501 5.72573947906494 5.50476455688477 4.8466796875 4.36792755126953 4.02154922485352 4.36886167526245 18.3935699462891 14.4083414077759 8.00029563903809 5.59180402755737
21.5653896331787 19.0132427215576 32.673267364502 0.939896821975708 5.41016626358032 5.3863525390625 6.81174516677856 8.68931198120117 10.5317945480347 10.5255756378174 9.40085697174072 8.24915504455566 5.63367366790771 3.60536694526672 3.61262726783752 3.78828406333923 3.75845313072205 3.7615168094635 3.86645317077637 3.94724321365356 2.68069982528687 3.15353584289551 2.37695002555847 7.02271270751953 6.4617657661438 4.10024833679199 2.60563945770264 3.67347645759583 6.6558313369751 19.7955455780029 8.65165710449219 19.8906288146973 8.02058219909668 4.16235589981079 2.61725854873657 5.40986394882202 5.25718879699707 4.68429756164551 4.29403638839722 4.3162145614624 4.81033849716187 14.9331741333008 7.12717533111572 7.25642585754395 5.45728492736816
21.9267330169678 9.0814962387085 15.6255073547363 11.8077802658081 5.40279483795166 4.74926137924194 5.6170825958252 7.22429323196411 8.32621765136719 9.28157234191895 8.94419479370117 7.93643379211426 6.13977527618408 4.2856650352478 3.58444166183472 3.74074792861938 3.72118973731995 3.73486471176147 4.42061233520508 3.93555736541748 17.1044445037842 3.0091073513031 2.18319129943848 6.40059471130371 5.76842403411865 3.74787020683289 2.36794972419739 3.52343368530273 5.88313579559326 10.9482955932617 17.8566417694092 2.16912150382996 4.78921318054199 2.78352212905884 7.53573322296143 5.1139612197876 5.00570726394653 4.47105312347412 3.94290828704834 3.59944820404053 12.3111562728882 10.493724822998 6.29141521453857 6.64616537094116 5.22207069396973
15.6369781494141 11.188814163208 14.5016603469849 22.5608711242676 4.11135387420654 4.29170608520508 5.26301336288452 5.89904499053955 6.62726783752441 7.35645723342896 7.51634168624878 6.88908243179321 5.34175539016724 4.30136775970459 3.58063149452209 3.70512723922729 3.69592332839966 3.94747924804688 3.80980086326599 3.86691522598267 9.13976669311523 2.95612573623657 2.08362483978271 5.93541479110718 5.24400424957275 3.46547055244446 2.14582538604736 3.37168431282043 5.29122877120972 7.01404666900635 3.09435129165649 14.2758941650391 4.77939224243164 2.2822093963623 3.99506807327271 4.85390472412109 4.79165029525757 4.28345012664795 3.75203990936279 4.01488590240479 10.4337787628174 9.12973880767822 5.53647994995117 6.06221866607666 4.92726850509644
11.9897661209106 10.1383876800537 11.057053565979 12.7770748138428 12.2718172073364 3.96450233459473 4.78981399536133 1.75808572769165 5.57615232467651 5.83173704147339 6.07154369354248 5.68244743347168 4.63850402832031 3.93401479721069 4.45743751525879 6.13202381134033 4.12046051025391 3.69036197662354 3.80196976661682 3.80135679244995 6.64137554168701 2.91680574417114 2.00879693031311 5.56800985336304 4.76999855041504 3.24855613708496 3.22165894508362 2.91900730133057 6.75639200210571 3.95151710510254 1.19371008872986 1.90908694267273 8.04953670501709 1.81207406520844 1.63415479660034 4.65962934494019 4.62000513076782 4.13399124145508 3.63347721099854 3.8304398059845 8.99450874328613 8.02378273010254 4.92456817626953 5.58584594726562 4.67898988723755
22.5750999450684 16.3349666595459 22.0680294036865 12.127158164978 6.1671347618103 3.67882347106934 4.06083488464355 4.16371202468872 1.76921832561493 3.33428406715393 2.15493559837341 2.74576210975647 3.63962292671204 3.59711265563965 4.03578042984009 4.02669334411621 3.44292187690735 3.64951610565186 3.75702548027039 3.12120270729065 5.31095457077026 2.87790417671204 1.9417210817337 5.2331600189209 4.40078735351562 2.92487788200378 3.12050819396973 2.81981515884399 3.90038681030273 -1.16459178924561 1.064976811409 4.55726718902588 4.04125308990479 26.1247234344482 6.19580888748169 2.38773393630981 3.73814177513123 4.01539182662964 3.56037902832031 3.7857141494751 8.28875732421875 7.40545320510864 4.57041835784912 5.25109386444092 4.46685457229614
11.7517805099487 11.0730485916138 11.5196943283081 9.09049320220947 4.18200063705444 2.80425143241882 3.5040557384491 9.23934841156006 1.20726275444031 1.86500477790833 14.147144317627 18.5890846252441 3.57364797592163 3.52154350280762 3.64919400215149 3.59720492362976 3.38322281837463 3.63273453712463 3.68276381492615 4.22271108627319 2.814124584198 1.84070992469788 4.8742470741272 4.61208057403564 4.05577564239502 2.83852171897888 3.01933455467224 0.978772819042206 1.31718838214874 3.72501516342163 1.39955723285675 21.2126369476318 14.9524192810059 24.048656463623 1.5121066570282 19.4833011627197 5.3623571395874 3.90066719055176 3.49031925201416 3.75139546394348 7.86204481124878 7.10634708404541 4.45877456665039 5.02862119674683 4.25058221817017
7.97150230407715 9.55432033538818 7.98429441452026 3.83345508575439 3.21696376800537 2.53409361839294 3.0535409450531 2.19645571708679 13.4200429916382 1.35923504829407 7.62015771865845 9.65742778778076 3.44158434867859 3.44240283966064 3.56925106048584 3.51973819732666 3.48340940475464 3.55108237266541 3.60154223442078 3.54623627662659 2.75200986862183 1.79862332344055 4.58579063415527 4.26736879348755 3.74132943153381 2.7408766746521 2.89596915245056 2.66143989562988 22.720983505249 25.9683437347412 40.2070808410645 19.9978828430176 11.4734401702881 24.8221015930176 42.3386726379395 5.08967208862305 8.53602123260498 3.77446794509888 3.37822914123535 3.62239837646484 7.27478170394897 6.6974139213562 4.3153076171875 4.78647613525391 2.60452795028687
5.94690990447998 7.28321552276611 6.88700723648071 3.60033941268921 3.03012180328369 2.27584171295166 0.390056312084198 3.11724615097046 3.72358131408691 1.33481228351593 7.29696607589722 6.45738744735718 3.36511945724487 3.36761951446533 3.49272704124451 3.44662761688232 3.40692973136902 3.47240233421326 3.5263307094574 3.04642415046692 2.69177842140198 1.75821769237518 4.30833292007446 3.01095199584961 3.48158836364746 2.64982986450195 2.80655980110168 21.4371147155762 27.6461086273193 15.5914115905762 30.7696876525879 16.4927158355713 20.7636280059814 18.3389320373535 31.5506134033203 27.803108215332 7.19590950012207 3.64809346199036 3.25614905357361 3.46793127059937 6.66292715072632 6.18932390213013 4.37366533279419 4.46855449676514 1.76475822925568
2.54794478416443 6.71454000473022 6.01160192489624 3.38984894752502 2.8647665977478 2.07100820541382 18.6962375640869 6.04679441452026 1.19123351573944 6.66665840148926 5.44561147689819 4.85953235626221 3.29385614395142 3.29332089424133 3.41946625709534 3.05999827384949 3.33229994773865 3.39770483970642 3.42978763580322 2.6813223361969 2.63215136528015 1.72481501102448 4.06892776489258 3.23269963264465 2.44350910186768 2.55468988418579 2.72238421440125 23.9115390777588 21.4766521453857 32.8966369628906 24.255184173584 15.7248067855835 15.3153324127197 15.1070117950439 23.8607883453369 19.7493724822998 5.0360631942749 3.25379705429077 3.10965871810913 3.32571291923523 6.16433906555176 5.77116775512695 4.17596530914307 3.56071066856384 1.61192071437836
11.3630933761597 4.2280797958374 4.39607191085815 3.20479440689087 2.71611475944519 1.86874711513519 15.080753326416 2.91092371940613 6.47414779663086 12.014778137207 3.73308038711548 3.25592827796936 3.2241427898407 3.22388362884521 2.74328970909119 2.91567301750183 3.2611768245697 3.32697010040283 2.79215908050537 2.59647059440613 2.5737988948822 1.68178796768188 3.86530113220215 3.02970314025879 2.48992514610291 2.0502941608429 2.63026976585388 15.5809984207153 19.0248107910156 20.7936668395996 21.4831085205078 15.1614856719971 14.8016328811646 13.5130605697632 18.358959197998 13.4584484100342 3.68741774559021 3.05821084976196 2.97903537750244 3.17768931388855 5.6932544708252 5.38455581665039 3.95233654975891 3.3867301940918 1.44791901111603
25.160493850708 3.82491707801819 0.636407792568207 3.0254442691803 2.57705903053284 1.31766629219055 10.2090969085693 2.14553666114807 13.3809661865234 6.30116701126099 3.15432333946228 3.18793535232544 2.84430575370789 2.65839815139771 2.62707567214966 2.8146607875824 3.19155764579773 2.78794455528259 2.37320804595947 2.25980162620544 1.90611016750336 1.38850140571594 3.67663669586182 2.85826826095581 2.39434838294983 1.46025598049164 9.81901359558105 15.1459007263184 16.8484477996826 18.182056427002 12.9522867202759 10.3720026016235 12.8170919418335 14.6014013290405 8.39436721801758 10.1848516464233 3.24090886116028 2.89793252944946 2.66853785514832 3.04119563102722 5.29191493988037 3.31845808029175 3.72538065910339 3.2161009311676 1.32865214347839
13.3162450790405 4.53851795196533 30.2385501861572 1.3254063129425 2.04872703552246 1.29378592967987 7.69133281707764 1.62345278263092 6.84273862838745 4.74313402175903 2.67909145355225 2.5250072479248 2.48639893531799 2.58056092262268 2.57407522201538 2.75184798240662 2.62679028511047 2.60741949081421 1.82968509197235 2.2074556350708 1.81259655952454 1.35119521617889 3.50014734268188 2.66006207466125 2.32485151290894 1.41713297367096 9.33405590057373 12.8007354736328 14.2557916641235 14.5304975509644 11.2078227996826 8.97404956817627 11.2840766906738 12.3459939956665 8.04425811767578 3.51713299751282 3.12765789031982 2.79546880722046 2.91242289543152 4.9248161315918 4.69837951660156 3.16256308555603 3.5232081413269 3.06334519386292 1.2375054359436
9.02821159362793 20.0588111877441 10.8012142181396 21.7864952087402 1.31226027011871 3.17480301856995 1.18478059768677 1.35841703414917 5.12327814102173 3.09248518943787 2.3523313999176 2.27805995941162 2.40610671043396 2.20784282684326 2.23598885536194 2.69271492958069 2.29096674919128 1.96727478504181 1.26564228534698 1.77677381038666 1.06823551654816 1.31310737133026 3.33353734016418 2.4677951335907 2.27663397789001 1.20371842384338 7.83737659454346 11.0509281158447 12.3231191635132 12.5684204101562 9.85273933410645 7.88584804534912 10.0891418457031 10.6669883728027 6.75752592086792 3.4023072719574 3.01991438865662 2.69730687141418 2.79934239387512 4.62375402450562 4.42740345001221 3.01711082458496 3.34795212745667 2.91214108467102 1.15196371078491
5.94541072845459 9.26809883117676 20.6518421173096 8.0411548614502 0.934803605079651 5.55380249023438 9.10012149810791 13.1772003173828 3.47164154052734 2.30742645263672 2.09740781784058 1.46954119205475 1.54010224342346 2.09322023391724 1.80618417263031 2.46795248985291 1.09136974811554 1.50822293758392 0.880656242370605 1.65434658527374 1.01242923736572 1.2743319272995 3.1422290802002 2.34366297721863 2.21404266357422 2.31521821022034 6.74707555770874 9.72078609466553 10.8504362106323 11.0723266601562 8.79063606262207 7.03020048141479 9.11410903930664 9.38199329376221 5.79483985900879 3.29203844070435 2.91414356231689 2.60413718223572 2.69104623794556 4.35795164108276 4.18655729293823 2.87769365310669 3.19220733642578 2.78910255432129 1.01198077201843
