slauniainen/Data/DEM/Vihti_dem1500b_cl_horizonAngle_252.asc
NCOLS 196 
NROWS 178 
XLLCORNER 353680 
YLLCORNER 6699024 
CELLSIZE 16 
NODATA_value -3.4e+38 
[rows 0 to 19 of 178, columns 0 to 44 of 196]
11.293555259704601 7.40182304382324 7.22862243652344 8.95067977905273 6.71576452255249 8.58298683166504 16.3210849761963 14.3505306243896 6.42613220214844 3.38800716400146 2.61554861068726 6.47536659240723 17.3362770080566 6.4018988609314 3.77210021018982 1.95836102962494 0.612617015838623 -0.530340254306793 -1.16973102092743 -1.56485211849213 -1.81736016273499 -1.94895851612091 -2.01930403709412 -2.13637852668762 -2.14778566360474 2.27459597587585 5.35428142547607 4.96735572814941 3.97973489761353 3.43582653999329 3.02270936965942 2.67150068283081 3.3007595539093 2.62787747383118 2.34397339820862 2.16276860237122 2.05192589759827 1.82807731628418 1.64501762390137 1.43549954891205 2.5216338634491 5.10577774047852 6.63602209091187 7.64410305023193 7.91257381439209
7.62561130523682 6.75853586196899 5.55078458786011 7.5061149597168 7.60808420181274 8.10672283172607 12.1159076690674 20.0905017852783 8.06724834442139 3.46645402908325 2.4938690662384 8.91200637817383 16.2818603515625 4.16636657714844 2.62437105178833 1.89073014259338 0.668306469917297 -0.378026336431503 -1.02787351608276 -1.4712131023407 -1.83293724060059 -1.93902456760406 -2.10527443885803 -2.15990281105042 -2.02658367156982 1.42493641376495 6.55737400054932 7.60724878311157 5.76331806182861 5.48347043991089 4.96344041824341 4.71427726745605 4.06189060211182 3.34246301651001 2.75243353843689 2.42012310028076 2.20950102806091 2.12815713882446 1.91591429710388 1.72531259059906 4.13406372070312 5.45679950714111 10.8765830993652 10.8152322769165 11.3122596740723
5.38300609588623 6.94912815093994 5.07173299789429 5.57443857192993 8.96595573425293 7.78670930862427 10.4457597732544 20.5126781463623 10.7246417999268 4.5079607963562 2.88151669502258 10.4691028594971 10.615406036377 3.1461820602417 2.65509486198425 1.67811918258667 0.716661155223846 -0.315441757440567 -0.864985346794128 -1.32714879512787 -1.78396475315094 -1.96902084350586 -1.98144865036011 -2.11023712158203 -2.1389582157135 3.29267430305481 10.4874410629272 10.3059396743774 7.80565595626831 5.95474672317505 5.1658353805542 4.96504974365234 4.33440637588501 3.65232396125793 3.06647348403931 2.73397397994995 2.44195818901062 2.4537296295166 2.29087495803833 2.15536451339722 4.52732944488525 8.859055519104 13.5001640319824 14.0674295425415 13.1863117218018
5.59935474395752 5.42632627487183 3.7914400100708 4.49086475372314 7.31278467178345 10.7454977035522 8.39990615844727 17.1536273956299 10.8463592529297 5.45219612121582 3.41933727264404 8.5800085067749 5.20090007781982 3.18160820007324 2.71479988098145 1.56061828136444 0.78590977191925 -0.058228325098753 -0.670434653759003 -1.10164332389832 -1.60404491424561 -1.89467310905457 -1.92263042926788 -2.22722363471985 -2.42166137695312 8.49608612060547 11.4517621994019 11.0816488265991 8.79980373382568 6.6872992515564 5.70870542526245 5.20337533950806 4.4999361038208 3.80157589912415 3.31502079963684 2.99370002746582 2.6602828502655 2.38320326805115 3.23273611068726 4.35941934585571 7.18276453018188 9.12681293487549 12.6028099060059 14.963231086731 7.26836013793945
6.2638087272644 4.29367065429688 3.14508676528931 4.93776845932007 10.6910314559937 10.1104021072388 6.96383285522461 13.610595703125 8.78236865997314 6.16510820388794 3.95352482795715 3.78820657730103 3.52507662773132 3.07029509544373 2.60907244682312 1.6380375623703 0.928685247898102 0.237556427717209 -0.412410587072372 -0.953977406024933 -1.54843211174011 -1.95303606987 -2.0073459148407 -2.40017032623291 -2.57416248321533 6.54640436172485 12.2799663543701 10.8665466308594 9.22381973266602 7.69006061553955 6.45212697982788 5.74304103851318 4.7915735244751 4.16688919067383 3.37147068977356 2.97500514984131 2.73755121231079 3.26849293708801 8.33053684234619 7.5308198928833 7.10720777511597 10.3483352661133 10.3675556182861 8.08460330963135 4.28820085525513
7.29214096069336 4.81163740158081 3.3793740272522 8.28843307495117 11.3021593093872 8.46116733551025 7.4848804473877 7.50518894195557 10.8479661941528 5.5028223991394 4.12827014923096 5.12265014648438 3.61980175971985 3.28859758377075 3.12858295440674 2.10993695259094 1.08824813365936 0.378149002790451 -0.162133783102036 -0.816012024879456 -1.6937803030014 -2.04191994667053 -2.33242917060852 -2.60229015350342 -2.79594659805298 5.92855596542358 11.2469129562378 11.0600624084473 9.26288795471191 7.83674955368042 6.67888402938843 5.93265008926392 5.16298913955688 4.59709501266479 4.08529615402222 3.32087159156799 3.31526398658752 7.45430612564087 6.76648092269897 6.63173580169678 9.75483989715576 9.28246974945068 6.12247753143311 5.14599752426147 3.62025761604309
7.92801189422607 7.26824283599854 5.28500366210938 4.54495477676392 4.2190957069397 14.2205514907837 8.46311855316162 5.77975559234619 8.027419090271 4.90698909759521 4.37721586227417 4.41337966918945 3.94138669967651 3.61262655258179 3.41940879821777 2.7008228302002 1.44824314117432 0.392212241888046 -0.201688289642334 -0.740153551101685 -1.49798238277435 -2.4048900604248 -2.77119827270508 -3.02009987831116 1.29467415809631 8.97640514373779 11.4266176223755 9.16449546813965 8.72616100311279 7.85671949386597 7.12867307662964 6.31008672714233 5.39999151229858 5.03627777099609 4.84710836410522 4.51815605163574 4.20705938339233 3.93578410148621 4.38755893707275 5.48528003692627 9.0393009185791 9.70613861083984 4.45020723342896 4.03845262527466 3.64192175865173
9.06637001037598 8.43767166137695 6.80001163482666 6.04164266586304 4.60996675491333 9.49173736572266 9.67904758453369 5.12749099731445 5.13230657577515 4.95144367218018 4.703697681427 4.50684356689453 4.19377088546753 3.90351986885071 3.57448577880859 3.10650682449341 2.00791883468628 0.65489673614502 -0.297829627990723 -0.72838032245636 -1.57500231266022 -2.58093738555908 -3.23436617851257 -3.52074790000916 5.81836271286011 8.78102111816406 10.2532052993774 9.58515930175781 8.94878101348877 8.33098697662354 7.28058815002441 6.25229072570801 5.71902132034302 4.90835523605347 4.58487367630005 6.1226110458374 7.7596869468689 5.5152153968811 4.89135980606079 6.71164846420288 5.24725818634033 5.15889930725098 4.18938779830933 3.8026750087738 3.21263241767883
9.90429401397705 9.13358879089355 7.65891265869141 6.00547075271606 5.32089042663574 7.16439533233643 6.51036214828491 5.63797950744629 5.53803634643555 5.2635350227356 4.93334627151489 4.52459764480591 4.18392276763916 3.8725209236145 3.59129977226257 3.00908493995667 2.41580033302307 0.919218361377716 -0.140466451644897 -1.01181066036224 -1.72293472290039 -2.53166747093201 -3.34991574287415 -3.6809229850769 3.52995872497559 7.79605531692505 9.13320541381836 10.8270139694214 9.73734951019287 9.15168285369873 7.97235870361328 5.99938631057739 5.22322034835815 4.630202293396 3.63335847854614 10.8207416534424 11.6872072219849 8.55584621429443 7.44631624221802 5.64794778823853 5.37202978134155 4.6286997795105 3.63025307655334 3.38564372062683 3.40197467803955
10.6509675979614 8.74556159973145 6.5843391418457 5.92502641677856 5.97648000717163 6.1626148223877 6.14937353134155 5.95296144485474 5.571044921875 5.28923368453979 4.84741973876953 4.46741724014282 3.9053053855896 3.70459079742432 3.44560813903809 3.06257796287537 2.23524308204651 1.08118879795074 -0.290933102369308 -1.07046818733215 -2.01571273803711 -2.64769315719604 -3.23127961158752 -3.75780367851257 1.21662902832031 5.80489635467529 7.82697439193726 10.9837808609009 10.1756725311279 8.87776470184326 8.0773458480835 5.59167718887329 4.0662727355957 3.46528339385986 4.10253524780273 14.3107652664185 12.6282548904419 8.452317237854 7.11028146743774 5.05626773834229 4.22946500778198 3.96738004684448 4.38358163833618 3.6641526222229 3.42510342597961
11.1239156723022 8.83011627197266 7.05467939376831 6.65666723251343 6.49856567382812 6.42229127883911 6.27876949310303 5.98840856552124 5.40276765823364 5.07421541213989 4.79175567626953 4.39405632019043 4.04774332046509 3.4092001914978 2.96467041969299 2.60046339035034 2.02848291397095 0.616654992103577 -0.476738899946213 -1.3790557384491 -2.06434106826782 -2.60455942153931 -3.04218482971191 -3.56697678565979 -3.65938067436218 3.69973516464233 6.47852277755737 10.1320209503174 9.64643001556396 9.28576946258545 6.73908948898315 5.22318077087402 3.2449095249176 2.64960169792175 6.14654111862183 13.7054786682129 11.232063293457 7.23986053466797 6.17637157440186 4.74757814407349 3.7907600402832 3.64017701148987 6.95569658279419 3.88452196121216 3.65071439743042
10.525218963623 8.38986873626709 7.35536098480225 6.91268634796143 6.69236946105957 6.85891246795654 6.26468706130981 5.88523769378662 5.70575714111328 5.05108213424683 4.33416652679443 3.97045731544495 3.66763591766357 3.25383687019348 2.36626219749451 1.89708828926086 1.28979742527008 0.284592688083649 -0.734493315219879 -1.49068295955658 -1.9115651845932 -2.42135453224182 -2.78087735176086 -3.08984708786011 -3.46114301681519 0.918090105056763 3.75036430358887 6.27185297012329 7.62947607040405 8.60249900817871 6.38418054580688 4.52394866943359 3.14916324615479 4.20556497573853 6.31593179702759 9.76590538024902 10.8591136932373 6.46258687973022 5.37926626205444 5.08845376968384 4.86837959289551 4.1764087677002 4.14289331436157 4.04412651062012 4.05275964736938
9.18913078308105 8.46255016326904 7.6866569519043 7.16425275802612 6.90668344497681 6.90925931930542 6.13723230361938 5.71859931945801 5.43009519577026 5.02865743637085 4.16516017913818 3.3861026763916 3.13660764694214 2.66069936752319 2.10665655136108 1.10718643665314 0.419574052095413 -0.287779062986374 -0.898555994033813 -1.54604780673981 -1.92357492446899 -2.37812185287476 -2.66295504570007 -2.88272523880005 -3.09043669700623 -3.13048839569092 -0.231378227472305 1.98504185676575 6.59404802322388 7.46910619735718 5.45196676254272 4.63221788406372 4.70631170272827 6.69698858261108 9.29627990722656 7.86182975769043 7.16532135009766 7.85916614532471 6.82529258728027 5.91997098922729 5.40905570983887 5.39543056488037 4.89766263961792 4.51549291610718 4.39147710800171
9.73577976226807 8.83241271972656 8.04629802703857 7.23038196563721 6.48870801925659 6.7955756187439 5.90289497375488 5.25655889511108 4.68192052841187 4.39727592468262 4.13208484649658 3.18660640716553 2.6373724937439 2.11724758148193 1.46037554740906 -0.130275070667267 -0.765725433826447 -0.799739480018616 4.86239528656006 0.915212988853455 -1.93209660053253 -2.43339729309082 -2.7656614780426 -2.99392867088318 -3.12320685386658 -2.72908091545105 -3.05298852920532 1.3800595998764 5.00562477111816 8.41592025756836 8.89632129669189 7.68013715744019 7.52280759811401 9.40947914123535 12.3613719940186 12.1523714065552 10.0530042648315 8.64305210113525 8.52826309204102 7.48457670211792 6.39659595489502 5.94454717636108 5.44817399978638 5.39206552505493 4.44355440139771
10.2511968612671 8.45755863189697 7.6583137512207 7.16141128540039 6.38663578033447 5.90098476409912 4.94962596893311 5.19970798492432 4.35033702850342 3.89296197891235 3.6653733253479 3.09088969230652 2.04573631286621 1.47276842594147 0.395604699850082 -0.931053757667542 -1.61262726783752 -1.69978165626526 4.65491390228271 5.62898015975952 1.46534073352814 -0.826297998428345 -2.05678033828735 -2.97011756896973 -3.29029750823975 -3.32619190216064 -3.54438924789429 -0.315934032201767 4.10685729980469 5.20840549468994 6.02613639831543 5.87629556655884 4.22562217712402 6.05132246017456 9.14622783660889 12.4620723724365 12.3763408660889 11.9417676925659 10.8512506484985 12.1162624359131 12.2490081787109 8.90004253387451 8.10519409179688 8.1134786605835 7.23138809204102
10.0023174285889 8.29207420349121 6.86718797683716 6.50619745254517 6.46158599853516 5.80099487304688 4.66547203063965 4.43522119522095 4.02474546432495 3.19154500961304 3.10018754005432 2.71630120277405 1.51791143417358 1.02546763420105 -0.161358401179314 -1.68425571918488 -2.17214465141296 -2.29771709442139 1.00046002864838 5.54801559448242 7.06211614608765 5.80688953399658 1.49121785163879 -0.849249958992004 -2.97837615013123 -3.20218634605408 -3.63316559791565 -1.96978783607483 0.909732043743134 3.18504738807678 4.78261566162109 5.46115684509277 4.00072193145752 3.05805897712708 5.80089426040649 8.18240165710449 8.80517196655273 5.61642599105835 4.51888990402222 10.5869722366333 12.7710227966309 13.4013690948486 12.4767265319824 9.64775276184082 7.37225484848022
9.31976222991943 8.27787780761719 7.01484346389771 6.13173055648804 6.12421369552612 5.45909309387207 3.94747185707092 3.66604065895081 3.38257431983948 2.65753197669983 6.43400001525879 2.15138602256775 1.43074989318848 0.856960475444794 -0.725959360599518 -2.18959546089172 -2.57594418525696 -2.79053592681885 -3.03894853591919 0.968469977378845 6.46358633041382 8.84836101531982 9.13913917541504 2.96857070922852 -1.905233502388 -2.78689765930176 -3.17855072021484 -1.3953230381012 0.936636030673981 0.297132074832916 4.23184108734131 5.52848243713379 3.6574809551239 2.45851445198059 4.29693937301636 8.25437355041504 6.7355637550354 1.96344864368439 1.3842670917511 3.83308339118958 5.75080823898315 7.78867340087891 8.53633213043213 6.29748010635376 3.63573884963989
8.94808959960938 7.68478965759277 6.98377132415771 5.46174907684326 5.45019674301147 4.40025758743286 3.25486969947815 2.67768430709839 4.25090169906616 4.63871097564697 2.39533805847168 2.05676865577698 1.34511661529541 0.623958706855774 -1.18934571743011 -2.69971251487732 -3.00857949256897 -3.41041278839111 -3.6125226020813 -1.20253777503967 -0.969193339347839 8.8193883895874 10.4822778701782 10.2430067062378 3.1511218547821 -1.6507773399353 -2.15879893302917 -2.66647720336914 0.701316118240356 -2.12867307662964 4.00586843490601 5.40462398529053 2.46390581130981 1.03291487693787 1.46852421760559 8.62589550018311 3.6322808265686 0.754183292388916 0.274947792291641 2.58881831169128 4.45876789093018 4.81912326812744 3.79650664329529 1.12044334411621 -0.165512084960938
8.58027744293213 7.12498760223389 6.51246023178101 5.428626537323 4.31055736541748 3.49420690536499 4.39952325820923 4.6519832611084 3.0388720035553 2.7614734172821 2.24871611595154 1.94111061096191 1.18610548973083 0.243919745087624 -2.02340054512024 -3.18878221511841 -3.45262002944946 -3.71355199813843 -3.93767738342285 -3.96984267234802 -4.16067123413086 1.11637604236603 10.4309892654419 10.3854455947876 9.56002044677734 3.03480052947998 -0.302926152944565 -1.39822018146515 -2.19716310501099 -0.499028325080872 5.38011741638184 0.817682027816772 1.95527017116547 0.192220360040665 -0.551307439804077 6.00138998031616 4.65404605865479 0.0351674146950245 -0.438317865133286 1.53134620189667 3.61968493461609 4.09024953842163 1.45820200443268 -0.912835419178009 -1.16982996463776
8.1340913772583 6.17366313934326 5.27149248123169 5.0720043182373 4.8568115234375 4.17082262039185 3.87331438064575 3.06975364685059 2.73906016349792 2.33617520332336 2.12960171699524 1.49762845039368 0.942492485046387 -0.156186133623123 -2.28864550590515 -3.412672996521 -3.83611822128296 -4.04139757156372 -4.16711616516113 -3.81396245956421 -4.55797100067139 -4.61001348495483 4.69757699966431 8.8791389465332 9.89874458312988 8.51008987426758 3.95892572402954 2.09600162506104 -0.316611528396606 -1.08388042449951 2.40355324745178 0.275527715682983 1.14529752731323 0.234502866864204 0.21981580555439 1.53956377506256 4.92095470428467 1.68665242195129 -0.799019455909729 -0.208046644926071 2.32374882698059 4.28569221496582 0.316438734531403 -1.33853232860565 -1.53096663951874
