slauniainen/Data/DEM/Vihti_dem1500b_cl_horizonAngle_210.asc
NCOLS 196 
NROWS 178 
XLLCORNER 353680 
YLLCORNER 6699024 
CELLSIZE 16 
NODATA_value -3.4e+38 
[rows 120 to 139 of 178, columns 45 to 89 of 196]
0.327312886714935 0.399111360311508 0.55362856388092 0.702424645423889 0.741726040840149 0.839265882968903 0.966670095920563 1.20830810070038 1.36917912960052 1.43375563621521 1.66622650623322 1.90504193305969 2.02603626251221 2.00306987762451 1.95647180080414 1.8220123052597 1.43071615695953 1.09780561923981 1.04882633686066 5.04278516769409 5.22668218612671 1.62256968021393 1.8111480474472 2.00997614860535 2.17843723297119 2.27134442329407 2.3066737651825 2.27641034126282 2.35509777069092 2.37852072715759 2.43554902076721 2.57926321029663 2.72653770446777 3.69598817825317 6.16758251190186 5.13707542419434 3.64246010780334 3.01344513893127 2.6559464931488 3.37084937095642 7.28616428375244 11.5370397567749 14.3428707122803 14.7228851318359 13.7969427108765
0.311930865049362 0.445922076702118 0.605959534645081 0.713641941547394 0.794720411300659 0.895714044570923 1.00380980968475 1.50861692428589 1.63120186328888 1.80091714859009 2.005704164505 2.18029952049255 2.35111260414124 2.33438277244568 2.27234387397766 2.10641360282898 1.65153062343597 1.09718728065491 0.958232462406158 1.16336750984192 4.19233751296997 1.70099580287933 1.87949466705322 2.06932926177979 2.2378785610199 2.38413953781128 2.46450877189636 2.53990268707275 2.6176221370697 2.67634391784668 2.71397423744202 2.76181745529175 2.841872215271 2.94186592102051 3.12508368492126 3.2340350151062 3.16791319847107 2.90919518470764 2.57130217552185 2.59086441993713 4.26485204696655 6.33741235733032 10.7477874755859 13.766900062561 15.3309049606323
0.420495390892029 0.583763003349304 0.72471821308136 0.766588151454926 1.05966258049011 1.17942249774933 1.43390202522278 1.65859889984131 1.87337398529053 2.18345928192139 2.44589471817017 2.49471306800842 2.58189296722412 2.56466770172119 2.524080991745 2.33999419212341 1.88402223587036 1.65168535709381 1.07420766353607 1.37522923946381 1.71431815624237 1.92697417736053 2.11284708976746 2.27931952476501 2.43452334403992 2.535001039505 2.58327341079712 2.69512510299683 2.77451395988464 2.87138390541077 2.95547699928284 2.96042490005493 3.01583218574524 3.1349036693573 3.23343300819397 3.24904775619507 3.07832479476929 2.8058967590332 2.51828360557556 2.77142000198364 3.69373083114624 3.72363758087158 4.73257493972778 9.47043323516846 13.1375427246094
0.536177456378937 0.636660277843475 0.724749267101288 0.798580467700958 0.942825019359589 1.14234936237335 1.87964737415314 2.04793858528137 2.18863415718079 2.5377950668335 2.91363739967346 3.0379273891449 2.84203863143921 2.81006097793579 2.70619750022888 2.59060740470886 2.23740696907043 2.01858496665955 1.86859476566315 1.76634085178375 2.00280857086182 2.19947457313538 2.38177418708801 2.48782849311829 2.52868890762329 2.60402727127075 2.7241542339325 2.9004442691803 2.99437785148621 3.04211831092834 3.0665135383606 3.05868673324585 3.09705638885498 3.24021506309509 3.27896094322205 3.22762632369995 3.04135727882385 2.74152827262878 2.51251435279846 2.44395995140076 3.00103878974915 2.70252013206482 3.45624423027039 6.86969137191772 11.9100160598755
0.67858350276947 0.759596884250641 0.771802127361298 0.851318955421448 0.972732603549957 1.6937450170517 2.27042722702026 2.33443284034729 2.66420841217041 2.99884605407715 3.20815777778625 3.34435987472534 3.31948637962341 3.12035822868347 3.02725720405579 2.8228440284729 2.92704010009766 2.85731482505798 2.30446171760559 1.94772672653198 2.10844707489014 2.27946710586548 2.48763012886047 2.67617392539978 2.76484680175781 2.79525470733643 2.90409159660339 3.01443076133728 3.15709781646729 3.22578024864197 3.25311613082886 3.21690273284912 3.23928689956665 3.37414360046387 3.3929283618927 3.2348325252533 2.90476965904236 2.65208458900452 2.43837451934814 2.37151885032654 2.43923616409302 2.48581552505493 3.08302760124207 6.61347436904907 10.467080116272
0.825696349143982 0.781932711601257 0.811954975128174 0.910488963127136 1.01565992832184 2.49159145355225 2.68666553497314 3.03044629096985 3.29280734062195 3.31764674186707 3.88486790657043 3.64953637123108 3.65783524513245 3.6770224571228 3.32895112037659 3.23690295219421 3.14551758766174 3.19528102874756 2.65263319015503 2.24489736557007 2.38065576553345 2.53224301338196 2.6588397026062 2.77913212776184 2.89280652999878 3.05142617225647 3.11616659164429 3.23970603942871 3.3597948551178 3.40619468688965 3.42213439941406 3.39497971534729 3.42967081069946 3.51383519172668 3.48358821868896 3.29123640060425 2.86197400093079 2.71338295936584 2.62097668647766 2.56157779693604 2.52968263626099 2.42975521087646 2.41298055648804 2.41920232772827 4.58845853805542
0.848242044448853 0.910111367702484 0.945909321308136 0.999852299690247 1.00029230117798 1.04680228233337 2.318026304245 3.13685750961304 3.88842821121216 3.58315110206604 3.91006088256836 4.36270046234131 3.94840431213379 3.93980979919434 3.95686650276184 3.90372610092163 3.98502659797668 3.55028223991394 3.04161596298218 2.47082757949829 2.55067420005798 2.70695877075195 2.86248993873596 2.99335789680481 3.11591672897339 3.21895980834961 3.30860042572021 3.37740468978882 3.45704960823059 3.5091826915741 3.52490973472595 3.52434349060059 3.54848670959473 3.8393394947052 3.7867374420166 3.4145679473877 3.04218363761902 2.88540005683899 2.8265335559845 2.75864005088806 2.69315314292908 2.56163263320923 2.43369197845459 2.41888809204102 2.79468679428101
0.924472391605377 1.00480544567108 1.07295334339142 1.11990129947662 0.989737331867218 1.00753676891327 2.01544237136841 2.56516647338867 4.21819639205933 4.60334920883179 4.19730043411255 4.43126249313354 4.71902894973755 4.35554552078247 4.65275573730469 4.9808177947998 4.37087297439575 3.80034065246582 3.26173448562622 2.68352365493774 2.80364751815796 2.96704339981079 3.08504486083984 3.13741827011108 3.27578806877136 3.33519983291626 3.45299124717712 3.56143260002136 3.61637783050537 3.63280344009399 3.62233805656433 3.60767912864685 4.37180185317993 4.61828660964966 4.18364191055298 3.54732632637024 3.32872438430786 3.1731743812561 3.14561653137207 3.17521381378174 3.00639009475708 2.77349424362183 2.60973477363586 2.84684824943542 6.44509601593018
1.04908716678619 1.09676504135132 1.16437840461731 1.20874989032745 1.13135457038879 0.979480922222137 1.13196182250977 2.49589014053345 3.42329454421997 4.28475284576416 4.85030126571655 4.24374675750732 4.66614532470703 4.66175365447998 5.04193782806396 5.48845767974854 4.73884677886963 4.00826120376587 3.2875964641571 2.94711303710938 3.03635334968567 3.08416700363159 3.19324636459351 3.31407451629639 3.42421889305115 3.4933922290802 3.55159687995911 3.56634068489075 3.62424468994141 3.63677310943604 3.94241809844971 3.70102214813232 4.41879653930664 5.11183929443359 4.17951011657715 3.6873025894165 3.66679525375366 3.5836136341095 3.52980780601501 3.44597172737122 3.22277355194092 2.98457312583923 2.8493824005127 3.1536545753479 3.93735361099243
1.1716867685318 1.26675748825073 1.28895807266235 1.260089635849 1.19670641422272 0.973365068435669 0.954055845737457 0.915720403194427 2.19890093803406 3.48426747322083 5.80593538284302 6.11486959457397 4.4070725440979 4.7892804145813 6.34336185455322 5.70771455764771 5.20543527603149 4.02888679504395 3.03630518913269 3.03734469413757 3.21197724342346 3.28916954994202 3.32582831382751 3.4718222618103 3.53482222557068 3.61963248252869 3.65417695045471 3.67510867118835 3.670649766922 3.65309405326843 4.18393230438232 4.90412139892578 5.19165658950806 5.39703941345215 4.17185115814209 3.96581387519836 4.07708358764648 4.05780220031738 3.91902422904968 3.74759984016418 3.5916600227356 3.42394804954529 3.56854152679443 3.91903018951416 4.63480138778687
1.28997719287872 1.37559676170349 1.44354653358459 1.34959304332733 1.19912278652191 0.975611627101898 0.875962913036346 0.818732559680939 2.47690224647522 2.63588619232178 4.26690578460693 6.0276985168457 4.97431612014771 4.72680950164795 6.94350385665894 6.20594453811646 5.16288995742798 4.15425825119019 3.14579129219055 3.22483515739441 3.32157373428345 3.39830589294434 3.48852157592773 3.60768365859985 3.67478466033936 3.7311909198761 3.72542476654053 3.73004102706909 3.68346691131592 3.58977055549622 3.82332611083984 4.45092344284058 5.30857515335083 6.20850133895874 4.74717044830322 4.32167482376099 4.47160720825195 4.55709600448608 4.36461591720581 4.29307508468628 4.20930528640747 4.21102619171143 4.4415340423584 4.77266550064087 5.19155311584473
1.49948847293854 1.52378475666046 1.53333497047424 1.48833239078522 1.2587388753891 1.06226694583893 0.997736215591431 0.741706132888794 1.82817709445953 1.6718567609787 1.91451048851013 3.55761051177979 5.96834707260132 8.03187370300293 7.29262256622314 6.31809997558594 5.11640310287476 3.92409181594849 3.24039435386658 3.4250316619873 3.50511384010315 3.52221417427063 3.65120434761047 3.74442338943481 3.89792823791504 3.9508695602417 3.90690469741821 3.80552005767822 3.73273253440857 3.62987780570984 3.56109428405762 4.14200162887573 6.50755977630615 7.42009210586548 5.11511278152466 4.63871812820435 4.9040732383728 5.07883644104004 5.09633636474609 5.0216703414917 5.00506210327148 5.19793272018433 5.72354936599731 5.89012670516968 6.26718330383301
1.61766481399536 1.67668402194977 1.58412992954254 1.55912327766418 1.45675253868103 1.35524618625641 0.926781594753265 0.612102568149567 0.80921345949173 0.892474412918091 0.876933515071869 2.01475286483765 4.6642804145813 8.81830310821533 7.78254556655884 5.81280946731567 4.6917405128479 3.35870170593262 3.37394523620605 3.54505634307861 3.67364311218262 3.84474039077759 3.86321592330933 3.96529221534729 4.12078857421875 4.13857698440552 4.07163381576538 3.85947442054749 3.78720235824585 3.65744805335999 3.56399178504944 3.53552222251892 6.56691932678223 6.74908494949341 6.58540296554565 5.10857772827148 5.50743722915649 5.6382360458374 5.74440479278564 5.84790134429932 5.86475467681885 6.13876104354858 6.64186429977417 6.93243885040283 6.59694862365723
1.83956205844879 1.78147113323212 1.7562712430954 1.64274477958679 1.48962318897247 1.25778937339783 0.868450164794922 0.583122909069061 0.594762146472931 0.605904281139374 0.629709601402283 0.800364255905151 1.2194561958313 5.26605987548828 6.90997171401978 6.60953760147095 4.56176042556763 3.38145470619202 3.62659335136414 3.79217481613159 3.88674521446228 3.99224901199341 4.05609083175659 4.15727186203003 4.24437189102173 4.22574663162231 4.07591867446899 3.92466998100281 3.88196420669556 3.62927484512329 3.5503523349762 3.60706686973572 6.00326108932495 4.36494255065918 5.19209957122803 6.07533407211304 5.92738723754883 6.13193368911743 6.2193169593811 6.48390436172485 6.77796220779419 7.26581859588623 7.22395944595337 7.50828647613525 7.01876068115234
2.02799320220947 1.9116153717041 1.91456520557404 1.76312839984894 1.67442858219147 1.34817326068878 0.88461822271347 0.626306533813477 0.650301218032837 1.08044469356537 0.741257965564728 0.950767993927002 1.51757180690765 2.03245162963867 5.7674708366394 5.84717655181885 4.76605463027954 3.63032746315002 3.83557033538818 3.88323521614075 4.07605695724487 4.14967918395996 4.29903697967529 4.40945196151733 4.43758201599121 4.42012310028076 4.28808736801147 4.1199893951416 4.08381748199463 3.78905010223389 3.58486080169678 3.76942253112793 4.31091928482056 4.69535255432129 5.31979608535767 6.00291919708252 6.23560047149658 6.45077037811279 6.74291133880615 6.97123622894287 8.26259899139404 8.30296230316162 8.26330852508545 7.8054518699646 7.85434532165527
2.30153918266296 2.12232661247253 1.93829679489136 1.86147081851959 1.73130631446838 1.48367953300476 1.06748390197754 0.721470296382904 0.56397807598114 1.40482485294342 1.06435179710388 1.50439882278442 1.92743945121765 2.27884435653687 5.32926797866821 5.78515005111694 4.17512989044189 3.79122495651245 4.00365018844604 4.11647272109985 4.19784212112427 4.34543418884277 4.55612564086914 4.63503789901733 4.58569383621216 4.55395460128784 4.46636629104614 4.28256559371948 4.10782098770142 3.97672963142395 3.93477296829224 4.3158130645752 4.78778314590454 5.18713045120239 6.03818511962891 6.47154474258423 6.74742460250854 6.99436140060425 7.4595308303833 10.3573350906372 10.4065542221069 10.1950569152832 10.1384887695312 9.42004585266113 8.51729774475098
2.49604344367981 2.34185338020325 2.13475513458252 2.03736019134521 1.80993807315826 1.61659741401672 1.28929400444031 0.811187267303467 0.640641212463379 1.05788254737854 1.51716494560242 1.82988679409027 2.13335847854614 2.34508728981018 2.78231310844421 4.84907865524292 3.79518008232117 4.03548526763916 4.20245409011841 4.37963104248047 4.41820526123047 4.61521100997925 4.82682943344116 4.87561798095703 4.84754323959351 4.79388380050659 4.71052885055542 4.51354026794434 4.24279975891113 4.15242624282837 4.4181981086731 4.91658115386963 5.46456527709961 6.15312004089355 6.72699594497681 6.86488676071167 7.19383907318115 7.96508026123047 10.3461589813232 13.0618371963501 12.570405960083 11.8315172195435 12.0252885818481 9.50482082366943 7.71001243591309
2.65408205986023 2.54745864868164 2.33075714111328 2.10076332092285 1.85128486156464 1.6745263338089 1.40738797187805 0.854314863681793 0.810099720954895 1.30241346359253 1.82823073863983 2.35975408554077 2.6408519744873 2.78304624557495 3.18503212928772 3.57917475700378 3.97239899635315 4.27380418777466 4.45414018630981 4.62232637405396 4.70167827606201 4.90033960342407 5.03534364700317 5.05717039108276 5.0134105682373 4.95330953598022 4.88336133956909 4.64972066879272 4.44458389282227 4.60165214538574 5.0713324546814 5.58378505706787 6.29110527038574 7.02330541610718 7.2299861907959 7.5935525894165 8.34255409240723 12.6020030975342 14.536524772644 14.154149055481 12.3695440292358 14.345892906189 15.0241241455078 10.9318513870239 8.16643810272217
2.80995345115662 2.68073129653931 2.51331067085266 2.26708316802979 2.00378799438477 1.69443237781525 1.35679936408997 0.979149222373962 1.10757923126221 1.79332733154297 2.2554783821106 2.69419002532959 2.95725440979004 3.14964270591736 3.46903872489929 3.8830451965332 4.23707580566406 4.50455474853516 4.84668445587158 5.0709171295166 5.27909517288208 5.35581111907959 5.33802175521851 5.31361484527588 5.29066753387451 5.23536062240601 5.22004222869873 4.9625358581543 4.77191305160522 5.14578008651733 5.67874145507812 6.30118274688721 7.29234170913696 7.77989101409912 8.00768089294434 8.64704990386963 8.49451065063477 8.29401206970215 14.4396324157715 15.3896446228027 13.8033895492554 12.2146587371826 10.5933647155762 8.04550457000732 7.3812050819397
2.98202252388 2.84108996391296 2.68102169036865 2.55562996864319 2.16742134094238 1.76476037502289 1.28836739063263 1.15702545642853 1.42774212360382 2.12884902954102 2.81409358978271 3.19829678535461 3.47615480422974 3.78032445907593 3.90638637542725 4.14811325073242 4.62809896469116 5.04101324081421 5.23126792907715 5.45392990112305 5.63498878479004 5.66129541397095 5.64729022979736 5.61396551132202 5.58525323867798 5.57750463485718 5.48371028900146 5.49250984191895 5.57037210464478 6.05670785903931 6.85401773452759 7.90650606155396 8.50176525115967 8.69756317138672 9.03230857849121 9.00116729736328 7.72461080551147 7.17993831634521 8.07257652282715 11.3065490722656 12.4178743362427 9.38825798034668 9.84188938140869 7.21180438995361 7.10118198394775
