slauniainen/Data/DEM/Vihti_dsm1500b_cl_horizonAngle_72.asc
NCOLS 196 
NROWS 178 
XLLCORNER 353680 
YLLCORNER 6699024 
CELLSIZE 16 
NODATA_value -3.4e+38 
[rows 0 to 19 of 178, columns 0 to 44 of 196]
4.073565959930420 6.56329202651978 7.04091930389404 9.15703678131104 11.3611583709717 27.7412300109863 7.89122438430786 22.7484607696533 29.6525058746338 7.64273166656494 8.58102607727051 9.2730827331543 16.1393127441406 21.0982036590576 21.3971729278564 26.6744728088379 26.5842113494873 18.3193664550781 21.2209606170654 7.45910120010376 7.40611505508423 8.96072196960449 11.5765380859375 3.64994859695435 15.9223852157593 0.923122107982635 2.14722561836243 4.41232299804688 5.43039226531982 5.55984401702881 11.2262439727783 16.5535106658936 18.3835964202881 6.5216326713562 3.51824426651001 3.65267539024353 -1.41765439510345 7.41662788391113 6.388352394104 4.1227240562439 4.58058452606201 0.917536854743958 8.36471748352051 1.65923857688904 2.694504737854
4.12690925598145 15.8580617904663 5.23579359054565 5.37201499938965 15.6643581390381 38.5838508605957 9.17305564880371 48.9037704467773 24.7115592956543 23.4058170318604 8.00970077514648 10.6028594970703 27.9941673278809 17.219144821167 39.1186065673828 16.8096733093262 21.2299671173096 21.8394832611084 18.4121551513672 6.7891058921814 12.8936367034912 9.17204189300537 8.55720043182373 1.92344057559967 9.0791540145874 0.679276049137115 1.60350656509399 8.4313325881958 9.14383125305176 4.021315574646 5.75665473937988 14.42884349823 10.841100692749 8.25790786743164 6.50546216964722 -0.254512935876846 0.829622387886047 8.25248908996582 5.48526382446289 -1.07985603809357 -0.48776113986969 11.7419748306274 -1.15373206138611 7.19374895095825 7.20229291915894
16.1511764526367 19.5480537414551 45.068660736084 5.02890253067017 5.69718217849731 47.4825096130371 6.86655521392822 35.3053207397461 58.1410255432129 10.1650199890137 37.872875213623 14.1372861862183 18.1912174224854 21.1364154815674 23.1104278564453 19.0737895965576 23.5933284759521 25.0690746307373 16.5323715209961 17.3884410858154 7.03423643112183 16.4499702453613 3.62181830406189 17.6647300720215 -0.835765719413757 0.99820613861084 4.74129819869995 2.53554105758667 6.32930755615234 2.37746787071228 3.56097531318665 12.4270544052124 4.79734659194946 26.6799583435059 -1.11148011684418 3.83550930023193 4.53232479095459 5.46964883804321 11.3999834060669 -0.941788554191589 1.49728953838348 3.07201504707336 -0.419472247362137 4.4639048576355 3.96637344360352
15.6504793167114 23.3984127044678 20.1257915496826 42.2761764526367 5.91013860702515 49.0820579528809 7.36285495758057 14.734091758728 23.1576251983643 50.4977188110352 11.5776147842407 50.4043006896973 14.6612272262573 30.1114368438721 20.8998165130615 16.8920364379883 22.4919300079346 19.0179424285889 21.5297946929932 13.579776763916 22.4261817932129 7.94975471496582 19.7794208526611 9.53731727600098 -1.54082238674164 -0.10610569268465 8.90347671508789 0.412291020154953 1.09694027900696 1.88126134872437 7.05737257003784 19.8191623687744 10.8708076477051 1.2827056646347 28.4333477020264 -0.706042468547821 -0.320037871599197 1.21567642688751 3.99082231521606 0.431013703346252 3.99239325523376 -0.464238882064819 1.99914228916168 4.63932800292969 7.9801287651062
10.7538175582886 14.2133941650391 20.1437110900879 47.8545913696289 5.36774969100952 12.548975944519 46.7795028686523 8.54739952087402 32.3873596191406 53.1138114929199 11.8496932983398 24.8636226654053 33.9347343444824 39.6761932373047 29.9919948577881 21.2645702362061 21.7591953277588 18.9049491882324 25.4158039093018 19.4765300750732 13.7266893386841 10.5219249725342 30.4980506896973 4.33295106887817 -2.12380886077881 -1.0752729177475 -0.237179934978485 1.36748898029327 3.46609735488892 4.26157855987549 6.0446891784668 18.1264533996582 7.47573614120483 13.4944982528687 13.0172662734985 1.47591233253479 -0.722832202911377 8.73078441619873 -0.996119439601898 -0.877488434314728 -0.0881902351975441 1.66605722904205 3.45720767974854 6.69851922988892 8.12850761413574
14.8999834060669 19.2860088348389 25.9238376617432 45.35986328125 6.1129264831543 7.1268835067749 39.596549987793 9.9014368057251 31.2913227081299 18.2689781188965 19.9566688537598 23.2185668945312 25.8369941711426 35.2127494812012 34.874641418457 26.8158378601074 21.739501953125 21.6815166473389 22.9444065093994 24.0442638397217 16.9978084564209 24.7245979309082 25.9296016693115 5.64108180999756 -2.30088472366333 -1.85329759120941 0.29103696346283 0.104179851710796 3.76124048233032 1.73746335506439 5.49949502944946 5.16445636749268 5.66720962524414 6.65423583984375 12.055027961731 -1.05549025535583 0.473044276237488 7.44255018234253 -0.533999145030975 0.0683102756738663 2.10199618339539 3.11313724517822 6.75997972488403 8.5050802230835 10.1580476760864
4.01000308990479 5.28418970108032 5.86134433746338 48.0222282409668 5.8161678314209 7.10637378692627 43.7407875061035 10.2015542984009 15.9440097808838 17.900110244751 19.7038841247559 38.8449668884277 19.4090805053711 25.2853870391846 35.6443519592285 44.6540260314941 16.0128498077393 16.9428863525391 23.5581359863281 19.2988758087158 26.5164527893066 17.0791397094727 20.4756374359131 0.853633999824524 -1.64603996276855 -1.4352353811264 -0.595010221004486 -0.0398632101714611 -0.409434407949448 1.00587975978851 1.9440393447876 5.25415945053101 5.93026733398438 13.3798742294312 14.3337116241455 10.3532314300537 6.98979139328003 0.25912469625473 0.0164696350693703 0.93971049785614 3.20018076896667 3.32363486289978 7.54858446121216 10.4767818450928 12.0091543197632
5.09513807296753 21.649694442749 30.4021034240723 27.769079208374 20.0043201446533 10.0019617080688 37.7738265991211 11.2115306854248 16.4050731658936 17.9791412353516 20.0235042572021 41.4352836608887 20.7467632293701 27.4870719909668 31.5280303955078 45.255916595459 46.6498489379883 15.2325344085693 17.220832824707 19.0684833526611 22.2147789001465 24.045825958252 6.25784778594971 5.95724868774414 -2.48890686035156 -2.18179798126221 -0.993315994739532 -1.45054936408997 -0.846437513828278 0.134253665804863 4.02836990356445 2.65103578567505 0.666190624237061 1.03103625774384 5.24878454208374 10.0868072509766 13.541895866394 9.7171802520752 2.56632971763611 1.77828049659729 2.7324755191803 6.96350288391113 9.21784114837646 11.2963314056396 12.9471435546875
5.60971212387085 9.20032405853271 10.0269222259521 12.0469179153442 19.8902206420898 11.2127447128296 13.9400978088379 15.3287334442139 16.4786758422852 48.6020698547363 14.224326133728 15.2787418365479 37.561767578125 26.3174686431885 33.1666679382324 37.7737121582031 37.4121017456055 35.4830513000488 18.342306137085 21.7330188751221 29.968936920166 14.9406719207764 22.2964057922363 5.75668287277222 -2.51838135719299 -2.12491822242737 -1.94928228855133 -1.59218227863312 -0.569186508655548 -0.773843586444855 13.0638618469238 -0.426993370056152 0.0981849953532219 2.39163708686829 0.935539126396179 3.06881880760193 10.9505243301392 10.1384000778198 15.2956209182739 3.39177227020264 7.37392711639404 8.17971801757812 8.95583915710449 10.2769594192505 15.0018405914307
5.86167621612549 7.42633104324341 10.4614372253418 11.0537710189819 11.8714323043823 12.6283206939697 14.8073444366455 19.7337303161621 26.8987369537354 26.7065181732178 19.7672348022461 24.0345649719238 24.9635887145996 24.0797557830811 25.0325965881348 30.1153602600098 36.1073455810547 55.6784706115723 14.15700340271 17.6180648803711 23.7392463684082 23.0245800018311 20.9490203857422 -2.37658429145813 8.7876443862915 -2.27305769920349 -1.93689870834351 -1.18516397476196 4.16684007644653 -0.627779543399811 5.86760330200195 3.77476024627686 -0.058811079710722 0.180923700332642 0.368238091468811 1.29896378517151 3.01309704780579 7.06510496139526 24.2033023834229 3.28692531585693 3.77640628814697 4.15628623962402 6.0940408706665 13.9964351654053 19.4154396057129
7.33764982223511 9.10645389556885 9.40992736816406 10.7239217758179 10.6132297515869 13.116756439209 14.2050981521606 15.7653636932373 17.1601181030273 31.1316890716553 15.8880481719971 21.9718647003174 18.187162399292 19.5427799224854 26.6731300354004 34.3511581420898 42.519115447998 47.1395683288574 20.5088539123535 29.6898975372314 22.5984497070312 24.8497905731201 10.2264089584351 6.67290592193604 -1.02963292598724 9.17093372344971 -1.68268549442291 -0.744251310825348 5.65378761291504 -0.389957219362259 5.02123212814331 14.8664484024048 8.88727855682373 0.257255166769028 1.0105060338974 1.36337041854858 2.89812827110291 5.50029039382935 9.82504558563232 29.0382919311523 3.07494759559631 4.70423078536987 11.0453834533691 20.9026584625244 46.3623352050781
7.64826822280884 10.7517642974854 15.0458765029907 17.3583679199219 11.716498374939 12.4169321060181 14.4745035171509 14.9838428497314 19.2169246673584 16.3780326843262 20.7619647979736 22.9947605133057 45.2681159973145 19.7141876220703 24.6189880371094 27.8654251098633 28.3149604797363 24.1100406646729 26.8011951446533 28.6537437438965 30.2946434020996 25.3647804260254 36.6607093811035 4.44088315963745 7.26888847351074 9.05955696105957 -1.29569900035858 -1.15026414394379 -0.428108811378479 -0.0939265564084053 14.827841758728 4.85161113739014 0.878418922424316 1.07181000709534 1.40561175346375 2.26867365837097 2.96366357803345 12.1850337982178 15.7357616424561 15.8130578994751 30.9729518890381 5.93101215362549 12.576807975769 7.63802194595337 15.3003749847412
9.32647609710693 10.9449281692505 11.429741859436 14.4545316696167 11.5454139709473 44.0092468261719 11.3123426437378 15.5511474609375 16.8928203582764 18.3279724121094 20.7638931274414 25.5432262420654 21.7075691223145 45.0069808959961 33.3545875549316 17.3109664916992 16.4632339477539 18.8885803222656 36.2480392456055 15.1164979934692 17.1057052612305 20.3108196258545 22.9219036102295 9.6001033782959 19.1502113342285 20.1298217773438 -0.982669770717621 -0.695401608943939 -0.386525541543961 -0.188288480043411 0.642377614974976 14.6280689239502 1.00742185115814 1.60387015342712 1.9505398273468 2.20371341705322 2.74960374832153 4.44688940048218 14.8112907409668 8.64272975921631 22.5602188110352 8.51501846313477 13.7478179931641 12.634238243103 9.3316068649292
10.2759590148926 10.6247177124023 11.2332038879395 21.6896018981934 11.2675256729126 21.5113887786865 12.7440938949585 15.374587059021 16.2902393341064 17.3802394866943 18.8568649291992 24.5297870635986 29.366527557373 49.9112129211426 34.4018135070801 13.3972215652466 13.375599861145 14.412296295166 36.0386047363281 13.0530729293823 34.4309616088867 7.83280229568481 10.8818159103394 25.8248271942139 5.04410552978516 5.65176725387573 5.64710187911987 1.0015617609024 0.290759563446045 15.5234661102295 0.204272627830505 0.768663048744202 1.23723649978638 8.64295482635498 1.5033951997757 2.16065788269043 2.59597945213318 9.5883731842041 3.30476689338684 17.5997371673584 3.9700083732605 4.13650226593018 7.37725591659546 5.45967197418213 6.14900970458984
8.85068988800049 10.6979894638062 10.9847660064697 27.8286533355713 11.0790843963623 26.6846218109131 12.8615169525146 15.4085865020752 16.3748359680176 17.3949947357178 20.3468570709229 53.386043548584 14.4705457687378 15.2739944458008 36.0275764465332 20.3918476104736 7.32545614242554 8.57411479949951 14.5331373214722 25.655891418457 18.2715091705322 22.2987537384033 10.8451690673828 16.5722923278809 7.74766445159912 11.9946718215942 -0.618062317371368 -0.400642544031143 -0.27376002073288 -0.187468856573105 2.87751936912537 0.665976941585541 1.2767037153244 1.30130708217621 7.00157499313354 8.28775882720947 1.63284647464752 12.3695058822632 2.29120421409607 7.31853628158569 3.77167797088623 4.25205898284912 5.22709798812866 5.71852111816406 12.0694131851196
9.52248191833496 23.0127201080322 10.1187448501587 14.6812257766724 11.0347509384155 24.3490409851074 16.4906044006348 11.9609289169312 18.7255706787109 23.8444728851318 47.1046485900879 22.6872406005859 20.354320526123 34.8555068969727 36.8147964477539 11.8555107116699 8.33835792541504 5.80933141708374 15.5744047164917 6.70122098922729 28.3558864593506 8.88277435302734 16.9240436553955 25.6636600494385 7.03123569488525 6.07292985916138 5.53427457809448 -0.517187356948853 -0.355584442615509 0.0258007049560547 0.0322437807917595 8.11627674102783 0.220123127102852 0.0051082968711853 0.765212774276733 0.940668761730194 17.5698146820068 0.208005145192146 1.24333810806274 2.34143161773682 11.6989078521729 1.94719874858856 5.17838525772095 11.3068571090698 11.6692380905151
9.91757583618164 9.94937133789062 10.0568933486938 10.1823577880859 13.6032009124756 18.7620143890381 13.7736988067627 12.8351278305054 17.645923614502 19.6125831604004 32.8012008666992 22.1482639312744 25.2839946746826 37.091724395752 30.9928932189941 6.98397207260132 6.4541540145874 4.33868741989136 4.9983491897583 6.63297891616821 9.90396022796631 12.8036823272705 18.2739429473877 24.0484962463379 4.46027898788452 10.3608665466309 6.73587322235107 5.84677457809448 -0.274085193872452 -0.662143707275391 -0.455119162797928 -0.631692469120026 -0.469024628400803 4.63729953765869 -0.151330217719078 4.22892808914185 31.9817028045654 -0.110701933503151 3.31944131851196 -0.440452605485916 13.9890489578247 -0.674332082271576 0.534177362918854 24.7901268005371 -0.515829265117645
41.6137847900391 8.01647281646729 9.57365131378174 10.6155004501343 24.9040813446045 12.2746715545654 14.8651132583618 14.1109933853149 17.6672344207764 26.7672290802002 24.756275177002 27.2938652038574 30.0876064300537 32.7181510925293 26.2552223205566 24.3614349365234 8.81241989135742 13.911057472229 3.96596217155457 3.67583203315735 3.95966958999634 8.76218223571777 14.5751895904541 12.8651361465454 25.4693717956543 4.54708528518677 11.9251432418823 12.6945133209229 -0.758648157119751 10.2023239135742 -0.896024465560913 -0.402575641870499 2.10374140739441 -0.419383436441422 1.77216112613678 9.81997108459473 10.2910203933716 3.39603638648987 -1.21755015850067 -0.470253825187683 11.9731092453003 9.43490505218506 -1.29064524173737 4.89111614227295 -1.43203830718994
9.41617012023926 10.1445960998535 11.0724182128906 12.8078966140747 13.9365367889404 15.4109268188477 18.3638973236084 18.2880992889404 24.1910266876221 36.7872314453125 24.9657955169678 25.2158679962158 25.5432262420654 37.5963706970215 30.0368423461914 12.3593320846558 22.6779880523682 9.73568439483643 2.84017324447632 4.58439016342163 10.5788621902466 1.79946303367615 3.05741953849792 11.8960876464844 7.30543184280396 26.5273971557617 6.89697933197021 19.605411529541 2.54205775260925 4.05336856842041 7.05807495117188 7.87062072753906 16.8014736175537 -0.892701506614685 0.680386543273926 2.90268921852112 9.16294574737549 0.221660703420639 3.1204822063446 2.87671065330505 23.7970066070557 2.07735800743103 9.71449375152588 -0.188148677349091 4.15458869934082
7.54691982269287 10.8698015213013 11.6178531646729 13.6565933227539 14.974268913269 17.494607925415 19.2114295959473 21.1481342315674 22.1670570373535 32.7270622253418 24.7452354431152 31.3475685119629 45.5767974853516 41.6018257141113 21.1700267791748 12.8198528289795 30.5305614471436 6.73002290725708 8.59143924713135 17.4521389007568 7.84042358398438 6.01265811920166 -0.857816755771637 3.87172889709473 14.9325275421143 15.0342025756836 15.5819368362427 17.395149230957 1.23378944396973 0.936767160892487 1.98123025894165 7.40737009048462 0.291607558727264 5.75548696517944 11.2064914703369 4.09601831436157 3.24100232124329 4.2372350692749 14.5678358078003 3.40055584907532 1.35907089710236 4.15557050704956 3.21971464157104 4.69099187850952 17.8904838562012
