slauniainen/Data/DEM/Vihti_dem1500b_cl_horizonAngle_360.asc
NCOLS 196 
NROWS 178 
XLLCORNER 353680 
YLLCORNER 6699024 
CELLSIZE 16 
NODATA_value -3.4e+38 
[rows 20 to 39 of 178, columns 45 to 89 of 196]
4.89090490341187 6.31898164749146 2.47988533973694 3.17695808410645 8.63118362426758 8.67911338806152 6.61917400360107 2.79580688476562 5.14158058166504 9.52705574035645 11.9935846328735 11.9336557388306 7.14112901687622 4.23147535324097 3.27533173561096 1.99047219753265 1.06627035140991 1.05058085918427 2.63268613815308 4.04993677139282 6.28356838226318 6.96735286712646 7.5780463218689 11.6131734848022 17.9202194213867 9.88436698913574 10.9674301147461 10.493577003479 10.1287240982056 9.63688564300537 9.70375156402588 8.20371627807617 8.14240646362305 7.96824979782104 7.51199865341187 7.09131193161011 6.25502157211304 5.58435726165771 4.5108208656311 4.53841781616211 4.55583333969116 4.954993724823 5.2800407409668 5.52549123764038 5.17656278610229
10.2128553390503 15.3114156723022 13.7359552383423 14.5913219451904 12.7822742462158 13.3156089782715 12.2615232467651 15.3738431930542 14.3069429397583 14.8596029281616 14.6159591674805 9.81541156768799 5.05251359939575 3.92777132987976 2.53024005889893 1.33771407604218 0.755378186702728 0.844801545143127 1.98467624187469 3.5097222328186 5.06000900268555 6.89880800247192 12.7980709075928 19.9333648681641 14.5485324859619 9.86823081970215 10.636305809021 10.0662317276001 9.25524997711182 9.02355670928955 8.68950271606445 7.48644590377808 7.46322917938232 7.32217693328857 7.00567483901978 6.58828687667847 5.89770555496216 5.23374319076538 4.34441900253296 4.42112255096436 4.44151782989502 4.75096464157104 5.07091474533081 5.25810050964355 4.88581562042236
13.0842790603638 14.4780292510986 15.0768222808838 13.9051189422607 13.5837268829346 15.1049394607544 16.1270618438721 16.9064903259277 16.5336074829102 14.6485443115234 12.7128143310547 7.98149967193604 4.32135105133057 3.53260660171509 2.26935076713562 1.32746601104736 2.47797656059265 0.911616742610931 1.50368058681488 2.75944662094116 4.26419591903687 7.53734445571899 18.5502986907959 16.1054019927979 13.6261310577393 10.7324171066284 10.0241680145264 9.50441265106201 8.72395515441895 8.38570404052734 7.9288477897644 6.96143341064453 6.98886585235596 6.91811227798462 6.62330436706543 6.16488265991211 5.44202327728271 4.95824337005615 4.23381328582764 4.28095817565918 4.27550411224365 4.55549478530884 4.89202833175659 5.07277059555054 4.67533779144287
9.30317974090576 13.3142375946045 14.9397439956665 14.5554180145264 13.0167369842529 16.5546703338623 16.1177062988281 15.7568321228027 14.9748582839966 13.7779607772827 11.4288558959961 7.40523958206177 4.24274730682373 3.4914538860321 4.60554170608521 7.47568655014038 9.52806568145752 9.23930358886719 5.16071367263794 2.51934337615967 4.22925519943237 14.1751670837402 15.0796871185303 14.7945318222046 12.7675666809082 10.609375 9.89287948608398 9.18049812316895 8.44051074981689 7.80659151077271 7.41405582427979 6.64731502532959 6.65819549560547 6.45747041702271 6.12567043304443 5.74661731719971 5.14727210998535 4.65010690689087 4.05769872665405 4.10800743103027 4.10830354690552 4.38130903244019 4.7234091758728 4.8964319229126 4.5377893447876
8.27645397186279 12.4324026107788 15.8592195510864 17.4661598205566 18.2731094360352 15.8620252609253 14.9262762069702 14.1849517822266 13.2523622512817 12.2819290161133 10.4939947128296 7.32351922988892 8.66886043548584 9.97823143005371 14.5628395080566 17.166036605835 18.6830158233643 18.7155208587646 21.2129020690918 22.6408061981201 23.2827968597412 14.6762113571167 13.2348794937134 13.6570892333984 12.3883848190308 10.3970327377319 9.91717624664307 8.97694301605225 8.04754161834717 7.44860363006592 7.01627683639526 6.31076097488403 6.26165294647217 5.99921607971191 5.78462648391724 5.43915605545044 4.81726217269897 4.32305574417114 3.87084317207336 3.94149899482727 3.97148776054382 4.21611452102661 4.57021713256836 4.75858974456787 4.42400598526001
12.6421461105347 14.5848741531372 17.5819568634033 19.8987827301025 18.2195987701416 14.6315431594849 12.8024101257324 12.2418718338013 11.569787979126 10.6214389801025 9.21873664855957 6.81345748901367 8.07061100006104 11.6906127929688 15.4776287078857 16.7204074859619 15.9247121810913 16.0544338226318 17.5069961547852 18.4269771575928 18.48193359375 13.9268178939819 12.7758693695068 13.0895252227783 11.9890298843384 10.1053647994995 9.78276252746582 8.62879753112793 7.76410913467407 7.10724544525146 6.64006662368774 6.00204467773438 5.92645835876465 5.70062065124512 5.46532344818115 5.11301279067993 4.54255962371826 4.06167459487915 3.71190738677979 3.80275225639343 3.86287188529968 4.08089447021484 4.43633270263672 4.61665439605713 4.30307769775391
15.8259191513062 15.1690168380737 15.2938432693481 15.7716684341431 14.7840938568115 12.708797454834 10.8884038925171 10.6286239624023 9.98338603973389 9.01425552368164 7.96198892593384 6.10925245285034 6.43990325927734 8.93836307525635 11.986909866333 13.4524173736572 14.1878528594971 15.1093111038208 17.2174129486084 17.9927310943604 17.6358051300049 15.0564289093018 13.7860994338989 12.9602556228638 11.6617012023926 9.80365943908691 9.40109348297119 8.26576232910156 7.46591663360596 6.78115320205688 6.33834505081177 5.72841024398804 5.65062189102173 5.41840934753418 5.19934368133545 4.83673810958862 4.28979635238647 3.85425710678101 3.5877320766449 3.68727111816406 3.75649833679199 3.96451020240784 4.30725002288818 4.47283220291138 4.16216707229614
11.4217443466187 13.0491514205933 13.8444738388062 13.510687828064 12.4355592727661 11.1111726760864 9.2976598739624 8.95377635955811 8.49959087371826 7.89653491973877 6.97623920440674 5.41641664505005 4.9002890586853 7.19249296188354 10.1631727218628 11.5675802230835 13.2135152816772 14.9108905792236 16.9957962036133 17.7173442840576 17.1492195129395 14.5518598556519 13.0050468444824 12.5343980789185 11.3770160675049 9.62000560760498 9.06516361236572 7.91254615783691 7.18687772750854 6.50625848770142 5.98260307312012 5.41324234008789 5.40892028808594 5.20339393615723 4.98622608184814 4.63643646240234 4.07622718811035 3.6567919254303 3.50267148017883 3.59010982513428 3.65291571617126 3.83726024627686 4.17686986923218 4.31648731231689 4.00604486465454
11.1907386779785 12.1864223480225 12.7389945983887 12.2417364120483 10.8649368286133 9.31960010528564 7.32059907913208 7.0668568611145 6.96493339538574 6.83612060546875 6.09779071807861 4.74609565734863 4.09058380126953 5.82450580596924 9.31621360778809 10.9560489654541 12.4449405670166 14.2248668670654 15.8812055587769 16.2919940948486 16.0159721374512 13.6690549850464 12.5882606506348 12.3447370529175 11.2197370529175 9.29873752593994 8.54694080352783 7.38786935806274 6.77533674240112 6.12237501144409 5.58165597915649 5.13853979110718 5.15395545959473 4.98276138305664 4.78988361358643 4.44648599624634 3.91471695899963 3.48976922035217 3.40605020523071 3.51674437522888 3.55110359191895 3.70513272285461 4.0366063117981 4.16189527511597 3.85822367668152
14.5354776382446 11.7097110748291 11.8318872451782 11.0307149887085 9.43730354309082 7.33860206604004 5.20920515060425 4.41623687744141 4.4163646697998 5.34173631668091 4.83215570449829 3.90219807624817 3.82055950164795 5.35528326034546 8.35245990753174 10.1548891067505 11.3533983230591 13.4534635543823 14.6994152069092 15.1420087814331 14.7532348632812 12.9030332565308 12.3090200424194 11.7127733230591 10.6602172851562 8.94581031799316 8.272216796875 7.11881589889526 6.49715042114258 5.83692598342896 5.31314134597778 4.90422439575195 4.90811014175415 4.74995994567871 4.58853387832642 4.26213455200195 3.76183366775513 3.35686802864075 3.30159068107605 3.41148090362549 3.44144463539124 3.5608434677124 3.89770269393921 4.02539873123169 3.71499419212341
12.4864730834961 11.1514110565186 11.0110177993774 9.7976770401001 7.81192636489868 6.21643924713135 4.80989837646484 3.93234157562256 3.39542460441589 3.77450346946716 3.4894700050354 3.45978426933289 3.71176815032959 4.64137840270996 7.22647190093994 8.85268974304199 10.0182390213013 12.3222818374634 14.2477865219116 14.3394069671631 13.9695777893066 12.1340026855469 11.4791326522827 11.3326587677002 10.242977142334 8.56247997283936 7.95222330093384 6.933922290802 6.31215667724609 5.61095809936523 5.11570644378662 4.70906257629395 4.69305610656738 4.52416467666626 4.38901424407959 4.08460712432861 3.6024854183197 3.20346188545227 3.19606447219849 3.29957485198975 3.33441662788391 3.45537281036377 3.7636604309082 3.89133501052856 3.59550189971924
11.104907989502 10.7094249725342 10.3534479141235 8.85235786437988 7.36334085464478 6.12137317657471 5.30048990249634 3.86406660079956 3.10917258262634 3.25244641304016 3.46713709831238 4.95658826828003 3.64497351646423 3.90544629096985 6.17501020431519 7.89582300186157 8.93337917327881 10.519829750061 12.9322032928467 13.2842903137207 12.727614402771 11.650899887085 11.1405801773071 10.6117095947266 9.46871471405029 8.01529216766357 7.47144365310669 6.57228994369507 6.1003999710083 5.43711948394775 4.92993116378784 4.57481050491333 4.50703811645508 4.33545780181885 4.19078207015991 3.91519284248352 3.46742105484009 3.06015229225159 3.07497692108154 3.19325137138367 3.22548484802246 3.35544872283936 3.64857125282288 3.75303339958191 3.4798378944397
10.8413686752319 10.5590810775757 9.97848796844482 8.41685390472412 6.97770166397095 5.95121574401855 4.56608581542969 3.54170489311218 2.93768715858459 3.21074104309082 6.65823268890381 7.03571653366089 7.4039363861084 10.4326400756836 11.6874303817749 9.0336389541626 8.83637523651123 9.94696426391602 11.8197298049927 12.0341091156006 12.0758819580078 10.888557434082 10.3256530761719 9.85361862182617 8.77305030822754 7.51212739944458 7.03767824172974 6.20605230331421 5.85936260223389 5.23171758651733 4.77241945266724 4.4341983795166 4.36191320419312 4.17274856567383 4.0222053527832 3.74843978881836 3.32757663726807 2.94808459281921 2.97262144088745 3.08116626739502 3.11914014816284 3.24816036224365 3.53774690628052 3.6308491230011 3.35736441612244
12.3277711868286 11.8104219436646 9.90281105041504 10.0233821868896 10.5219173431396 7.60220575332642 5.57608938217163 5.03901290893555 14.4208335876465 17.2112693786621 10.7993898391724 9.22370529174805 10.9781856536865 11.3792705535889 12.7612781524658 15.3181381225586 13.996470451355 10.9279527664185 10.9439897537231 11.5985679626465 11.150182723999 9.98739242553711 9.56275272369385 9.16439247131348 8.16514205932617 7.03954219818115 6.62426328659058 5.85667943954468 5.5882453918457 5.04623126983643 4.57157802581787 4.31699705123901 4.23144149780273 4.04317235946655 3.8916494846344 3.60913491249084 3.19573879241943 2.83989977836609 2.87906622886658 2.97246336936951 3.01689171791077 3.14438009262085 3.42339754104614 3.52009272575378 3.24381566047668
12.2631406784058 11.6929578781128 14.4388341903687 19.256591796875 18.0671901702881 18.9666938781738 22.8770046234131 28.335485458374 24.0063323974609 16.806884765625 13.1854572296143 12.8463983535767 11.4558820724487 10.9414310455322 11.4659547805786 13.3381795883179 12.3771162033081 9.72596645355225 10.7716627120972 10.9158935546875 10.3168830871582 9.19681358337402 8.87364673614502 8.53505229949951 7.54699373245239 6.57054996490479 6.20125913619995 5.50475931167603 5.31764888763428 4.84737968444824 4.39523315429688 4.16359853744507 4.13766527175903 3.94242835044861 3.77777719497681 3.49459481239319 3.08378553390503 2.74430441856384 2.79425930976868 2.87274074554443 2.91695022583008 3.04671788215637 3.30847787857056 3.40374565124512 3.13789772987366
11.6599397659302 11.0227203369141 13.5944128036499 16.7596549987793 18.1955375671387 20.293773651123 23.8837985992432 25.6518077850342 21.7759857177734 25.1188220977783 19.6959037780762 13.5557155609131 12.0314702987671 10.6597232818604 11.4608316421509 11.6103601455688 10.6185731887817 11.2070121765137 10.2091703414917 10.0752840042114 9.46626758575439 8.46994018554688 8.19961547851562 7.85484743118286 6.99196100234985 6.12976264953613 5.81779479980469 5.15096998214722 5.03719472885132 4.65504312515259 4.22704172134399 4.0103554725647 4.00195121765137 3.88583970069885 3.68474817276001 3.40746426582336 2.99916243553162 2.65738224983215 2.71981739997864 2.78794479370117 2.81655216217041 2.93346953392029 3.18492794036865 3.27258110046387 3.01893639564514
10.9618272781372 10.5456800460815 12.5816974639893 15.4422330856323 17.4443550109863 19.3663101196289 21.5906372070312 24.2099666595459 22.8581237792969 22.140588760376 19.7477245330811 13.4118709564209 13.2271604537964 13.3069152832031 10.7630195617676 11.079005241394 11.2455596923828 9.377028465271 9.42537593841553 9.20112800598145 8.59186267852783 7.65669441223145 7.51157093048096 7.28376436233521 6.47266054153442 5.73748302459717 5.45871734619141 4.85796785354614 4.77967214584351 4.48964500427246 4.13336038589478 3.93393397331238 3.90098285675049 3.80724239349365 3.67412829399109 3.33583617210388 2.93372750282288 2.59090256690979 2.64536809921265 2.71473145484924 2.72910618782043 2.81584906578064 3.04073262214661 3.12604713439941 2.87521028518677
10.5475921630859 10.3561458587646 11.5319728851318 14.2104139328003 15.8964376449585 17.98464012146 19.7007389068604 21.5411739349365 19.8889293670654 17.9824028015137 16.5060596466064 14.4883766174316 11.9564065933228 11.2513341903687 12.5497703552246 10.5656118392944 9.05136871337891 8.71573352813721 8.62893867492676 8.37589740753174 7.80327320098877 7.0605731010437 7.03735446929932 6.82746553421021 6.07261514663696 5.4156060218811 5.14171361923218 4.58554887771606 4.51587009429932 4.30252075195312 4.07305288314819 3.90809869766235 3.85266351699829 3.73811602592468 3.62746047973633 3.74801135063171 2.88154721260071 2.53604578971863 2.58792400360107 2.64877605438232 2.6547577381134 2.71297550201416 2.90120887756348 2.96548008918762 2.71989631652832
10.4594268798828 10.1812334060669 10.6285943984985 12.8634176254272 14.1982069015503 15.8781929016113 17.6286563873291 18.8120727539062 17.1008930206299 15.3470849990845 14.0673208236694 12.7907419204712 11.9179964065552 11.0868310928345 10.190749168396 9.05978679656982 8.33548831939697 8.02318096160889 7.91143131256104 7.72202253341675 7.22303295135498 6.63143253326416 6.63394594192505 6.4386682510376 5.74206304550171 5.13826656341553 4.87750053405762 4.36586666107178 4.25956106185913 4.02017211914062 3.92398405075073 3.86387419700623 3.82162475585938 3.68755483627319 3.5567901134491 3.3113317489624 2.98388171195984 2.49020528793335 2.55450320243835 2.60125231742859 2.59558415412903 2.63714718818665 2.79563117027283 2.82999539375305 2.57168483734131
10.2828941345215 10.0265607833862 10.0772228240967 11.9816265106201 12.9601039886475 14.764271736145 16.8800926208496 18.0875568389893 16.6782531738281 15.2559566497803 13.8666162490845 12.3755760192871 10.8715867996216 9.62724494934082 8.82206344604492 7.82946443557739 7.75517416000366 7.48590993881226 7.37866544723511 7.19943857192993 6.74836683273315 6.28541088104248 6.31419610977173 6.11871576309204 5.46959257125854 4.90677309036255 4.65173482894897 4.18396139144897 4.07031679153442 3.80622339248657 3.68784213066101 3.75285887718201 3.7636456489563 3.63655543327332 3.48391389846802 3.23546719551086 2.863205909729 2.48703455924988 2.527508020401 2.57228970527649 2.54938793182373 2.5861382484436 2.72902989387512 2.73860740661621 2.45221829414368
