slauniainen/Data/DEM/Vihti_dem1500b_cl_horizonAngle_276.asc
NCOLS 196 
NROWS 178 
XLLCORNER 353680 
YLLCORNER 6699024 
CELLSIZE 16 
NODATA_value -3.4e+38 
[rows 80 to 99 of 178, columns 0 to 44 of 196]
1.21748924255371 1.14767348766327 0.997281491756439 0.818677306175232 0.636599779129028 0.395287334918976 0.0356399230659008 -0.0779026299715042 -0.0806969925761223 -0.100586593151093 -0.120027095079422 -0.146942675113678 -0.177867665886879 1.00515043735504 0.859323620796204 1.02515661716461 4.36410522460938 3.42827773094177 2.57147288322449 2.05868196487427 1.72398388385773 1.43445074558258 1.82966363430023 5.56518316268921 2.59602975845337 1.30342626571655 1.07649111747742 0.880407571792603 0.753954708576202 0.574259161949158 0.395001083612442 0.227853924036026 0.0772289633750916 -0.0124111967161298 -0.0218380577862263 0.348922729492188 0.698079109191895 2.46228265762329 2.43276858329773 2.49504709243774 2.25226545333862 2.08905363082886 4.35495090484619 3.15802145004272 2.64258718490601
1.86421298980713 2.20180177688599 1.81082880496979 1.51375925540924 1.27227234840393 0.962108314037323 0.823425710201263 0.806894659996033 0.761264145374298 0.707564055919647 0.659821093082428 0.616544961929321 0.576073110103607 0.441652476787567 0.333479970693588 0.605200529098511 5.48980093002319 3.51817345619202 2.77700471878052 2.32990288734436 1.7425993680954 1.50026881694794 1.45332908630371 3.0822606086731 3.99351143836975 1.33663296699524 1.07664692401886 0.883462250232697 0.733190596103668 0.541021466255188 0.36922687292099 0.118014082312584 -0.00416254159063101 -0.103399202227592 -0.089055560529232 -0.0983316451311111 0.0803502947092056 2.01823711395264 2.76934099197388 2.5793776512146 2.98577523231506 2.65566849708557 3.44990611076355 2.89017915725708 2.43423891067505
2.23034286499023 4.18675994873047 2.86510062217712 2.03757858276367 1.65855276584625 1.62457060813904 1.55298316478729 1.50726842880249 1.44911372661591 1.37500739097595 1.29999482631683 1.24812054634094 1.18864917755127 0.945407390594482 1.2912335395813 2.12820911407471 2.08852505683899 2.02747368812561 1.86470353603363 1.92535948753357 1.98729848861694 1.87572085857391 1.74526512622833 1.68679988384247 4.49306392669678 1.52312922477722 1.19880223274231 0.993014693260193 0.799962639808655 0.596911787986755 0.419683933258057 0.218961417675018 0.070206344127655 -0.0620910041034222 -0.167497873306274 -0.192821681499481 0.366120487451553 0.957039058208466 1.81180024147034 2.64036059379578 3.28485918045044 3.19641852378845 2.16583156585693 4.33832693099976 3.95305347442627
2.58022332191467 2.55497145652771 4.04902601242065 2.7676100730896 2.13671469688416 2.08493304252625 1.9904545545578 1.92016696929932 1.8547260761261 1.78068101406097 1.72285628318787 1.64661026000977 1.5469765663147 1.27279567718506 1.1632913351059 1.95864033699036 1.82003593444824 2.81642556190491 2.12081551551819 1.69726574420929 1.6299113035202 1.73514342308044 1.60027241706848 1.51266670227051 2.67855477333069 1.45481693744659 1.08097887039185 0.90187531709671 0.77085930109024 0.638206422328949 0.434154003858566 0.259605586528778 0.0821141079068184 -0.0790157169103622 -0.184095546603203 -0.204082146286964 -0.0366234704852104 0.527098119258881 0.81011575460434 1.97516357898712 3.09061026573181 3.72077918052673 2.66963577270508 5.12785387039185 3.66678619384766
2.76938772201538 2.75200724601746 2.63189554214478 2.64293694496155 2.47762799263 2.41806030273438 2.28084897994995 2.23554992675781 2.18211650848389 2.11215758323669 2.04429268836975 1.97366309165955 1.89305067062378 1.59213852882385 1.52420270442963 1.61938893795013 2.338054895401 2.64393210411072 2.19541811943054 1.85085654258728 1.7262476682663 1.68283665180206 1.64095532894135 1.59507775306702 1.59540855884552 1.56081473827362 1.14999234676361 0.935037910938263 0.79455703496933 0.618944764137268 0.45430314540863 0.267196834087372 0.109401345252991 -0.0492759197950363 -0.134879857301712 -0.16949425637722 -0.175404295325279 0.416675180196762 0.340098440647125 1.78988325595856 2.27630090713501 2.90377044677734 2.81114482879639 4.57317018508911 3.48399329185486
2.87171626091003 2.6914849281311 2.65697503089905 3.00734066963196 2.6408543586731 2.61550998687744 2.48023653030396 2.42924356460571 2.34832739830017 2.25620222091675 2.20620107650757 2.15587067604065 2.43195724487305 1.93327128887177 1.83609390258789 1.82386243343353 1.81880617141724 2.75490808486938 2.29413342475891 1.9912828207016 1.83726119995117 1.7424647808075 1.58666360378265 1.56523597240448 1.53857159614563 1.92817187309265 1.39424252510071 1.15560388565063 0.891875445842743 0.614357829093933 0.42186838388443 0.321445941925049 0.214308425784111 0.0798508748412132 -0.010869400575757 -0.0524403974413872 -0.0681604072451591 0.244505628943443 0.157613053917885 1.26342117786407 1.55433356761932 2.55838990211487 2.57907104492188 3.29991769790649 2.29181838035583
2.90742754936218 2.77964973449707 2.89295196533203 3.38206434249878 2.75098609924316 2.73500990867615 2.62640357017517 2.55012774467468 2.47181963920593 2.37548494338989 2.3304283618927 2.19755363464355 2.86033129692078 2.25530362129211 2.10240626335144 2.02433180809021 1.97516560554504 1.95324063301086 4.14045095443726 2.82347083091736 2.07265424728394 1.7856901884079 1.758997797966 1.74347460269928 1.72938394546509 2.30828332901001 1.61696147918701 1.29303693771362 0.909996032714844 0.600342988967896 0.481772691011429 0.397405564785004 0.299188733100891 0.149181708693504 0.0579904243350029 0.00985829532146454 -0.0126333246007562 -0.0201713945716619 0.112807258963585 0.572542011737823 1.07237839698792 1.81892383098602 3.08354091644287 3.1982569694519 2.36547040939331
2.78663110733032 2.8230254650116 2.8122181892395 2.91522932052612 2.75515913963318 3.38470530509949 2.68681359291077 2.60348701477051 2.5189642906189 2.43105888366699 2.3780415058136 2.74798464775085 2.59489154815674 2.30109715461731 2.21246194839478 2.13416147232056 2.11452984809875 2.10668206214905 2.55755829811096 2.10127067565918 1.99386978149414 1.94817268848419 1.91015219688416 1.88016951084137 1.8576488494873 1.85579538345337 1.61202812194824 1.24921548366547 0.923016607761383 0.619015336036682 0.527512490749359 0.448662668466568 0.361143857240677 0.243904680013657 0.129914373159409 0.0547425076365471 0.026947021484375 0.0112922610715032 0.0486582554876804 0.20035594701767 0.800691902637482 1.38116550445557 2.6175684928894 2.62731528282166 2.40871691703796
2.60313677787781 2.7810685634613 2.73030757904053 2.7121000289917 2.65864872932434 2.64181089401245 2.56734657287598 2.49061179161072 2.40733408927917 2.35391283035278 2.32739472389221 2.39440536499023 2.39067721366882 2.36482167243958 2.26124477386475 2.21205163002014 2.20166063308716 2.71449732780457 2.16906595230103 2.14765381813049 2.06260228157043 2.04869055747986 2.02018451690674 1.98684966564178 1.95777297019958 1.85329222679138 1.5492205619812 1.198082447052 0.92115843296051 0.677938222885132 0.57738983631134 0.487518906593323 0.402677714824677 0.31629666686058 0.189447432756424 0.0938252285122871 0.0567097514867783 0.0392680056393147 0.0279036276042461 0.121071755886078 0.523929178714752 1.04975092411041 1.94294917583466 2.43424797058105 3.03330492973328
2.46960067749023 2.52730798721313 2.49884843826294 2.4365975856781 2.38115239143372 2.35644578933716 2.29833340644836 2.21730327606201 2.17044568061829 2.10171985626221 2.1595253944397 2.3109815120697 2.72289323806763 2.49394273757935 2.27635884284973 2.26098108291626 2.22777009010315 2.18052172660828 2.12580442428589 2.09040689468384 2.09115171432495 2.66555094718933 2.07291173934937 2.01180648803711 1.99184727668762 1.82659995555878 1.50688219070435 1.17644453048706 0.902728497982025 0.730151295661926 0.622668564319611 0.521392643451691 0.437771260738373 0.358729392290115 0.232533499598503 0.124631389975548 0.0774704664945602 0.0539733171463013 0.0323856137692928 0.03059914521873 0.171491876244545 0.749748051166534 1.62150466442108 1.93307030200958 2.27162265777588
2.26808047294617 2.24700856208801 2.21768641471863 2.13666915893555 2.07145404815674 2.0426504611969 1.9968010187149 1.92704093456268 1.88277626037598 1.81309497356415 2.25400114059448 3.11620283126831 3.43809151649475 3.01292133331299 2.9118025302887 2.65508890151978 2.26085686683655 2.01949334144592 1.94789445400238 1.99677956104279 2.08600759506226 2.06714153289795 2.02306270599365 1.97734832763672 1.90643894672394 1.77595388889313 1.45578718185425 1.1084942817688 0.846309065818787 0.736093461513519 0.626561224460602 0.524252116680145 0.437809079885483 0.359982192516327 0.278795808553696 0.170798480510712 0.107122175395489 0.0791393294930458 0.0514458082616329 0.0363027304410934 0.0360696166753769 0.526565432548523 1.24741888046265 1.52173614501953 1.70515859127045
2.23064732551575 2.17032241821289 2.20618176460266 2.13201212882996 2.04698038101196 1.98026192188263 1.95362329483032 1.89763855934143 1.85043215751648 1.77853620052338 1.75703191757202 4.04144144058228 4.26761102676392 3.6563241481781 3.36322736740112 2.80893039703369 2.40193772315979 1.92565679550171 1.77947437763214 1.91873693466187 1.95155155658722 1.91209840774536 1.87082362174988 1.82477843761444 1.78164625167847 1.64933323860168 1.35583424568176 1.09130907058716 0.7999267578125 0.687474131584167 0.58671247959137 0.48728746175766 0.402863025665283 0.344295620918274 0.296476513147354 0.20203010737896 0.120176248252392 0.0762645155191422 0.0431705676019192 0.015953941270709 0.0155866164714098 0.0532754585146904 0.958732485771179 0.978507041931152 1.14150142669678
1.90738916397095 1.74205875396729 2.08560562133789 2.45048809051514 1.97271418571472 1.90663301944733 1.8693243265152 1.85635507106781 1.80720329284668 1.75316309928894 1.68532514572144 3.75924634933472 4.99300384521484 4.10517168045044 3.53401732444763 3.09118556976318 2.77255082130432 2.12211084365845 1.84992825984955 1.7489150762558 1.76735758781433 1.73473334312439 1.69376480579376 1.6536625623703 1.64134967327118 1.56352269649506 1.30488109588623 1.01332139968872 0.721970498561859 0.632962763309479 0.538702607154846 0.44306206703186 0.387388467788696 0.335481107234955 0.273649632930756 0.207199215888977 0.130522146821022 0.0686387270689011 0.0192630589008331 -0.0149494642391801 -0.0217171795666218 -0.0222991555929184 0.407331973314285 0.333097755908966 0.858053505420685
1.17792844772339 1.13589060306549 1.59193360805511 4.99581050872803 3.07049202919006 2.22662210464478 2.04169321060181 1.64239192008972 1.59142231941223 1.54933071136475 1.51055705547333 2.12483978271484 4.88630771636963 4.41394519805908 3.68256258964539 3.27653646469116 2.90528297424316 2.4909656047821 1.97227573394775 1.86090350151062 1.76153302192688 1.70127427577972 1.65694725513458 1.64978051185608 1.58911180496216 1.52251887321472 1.25205457210541 0.960389792919159 0.669301152229309 0.555805087089539 0.492469996213913 0.415401756763458 0.359285593032837 0.289900362491608 0.230139940977097 0.178151950240135 0.120726488530636 0.055081445723772 4.45157129433937e-05 -0.0385925807058811 -0.0448438078165054 0.0559938736259937 -0.00181000016164035 -0.0278404280543327 0.230326399207115
0.414379924535751 0.425372332334518 0.823421001434326 3.69291973114014 3.31317186355591 2.78341889381409 2.46725940704346 1.76539671421051 1.59557628631592 1.49420154094696 1.41653633117676 1.51476049423218 3.7472767829895 4.02519798278809 3.54470562934875 3.15205979347229 2.81825947761536 2.50127840042114 2.06300449371338 1.99112236499786 1.90527951717377 1.69331276416779 1.63652718067169 1.5888375043869 1.51325535774231 1.47167062759399 1.28240048885345 1.00409018993378 0.726769328117371 0.571565508842468 0.430066674947739 0.361421704292297 0.312218368053436 0.241808652877808 0.178642570972443 0.127852886915207 0.0853336229920387 0.0349124595522881 -0.0215646345168352 -0.0686996877193451 -0.0670479610562325 -0.0616487860679626 -0.0644570291042328 -0.0664820745587349 -0.0673625394701958
0.358064889907837 0.0779732167720795 0.175236523151398 1.94712436199188 3.28235387802124 2.58732557296753 2.26925420761108 2.13357710838318 2.40893959999084 2.05472421646118 1.85012292861938 1.82887732982635 2.18777942657471 3.39370322227478 3.30933928489685 2.96004486083984 2.74239444732666 2.38135766983032 2.10080623626709 3.44654417037964 1.84661602973938 1.48086953163147 2.10845613479614 1.41724336147308 1.36557459831238 1.32668566703796 1.27857637405396 0.814711570739746 0.743019640445709 0.636075079441071 0.523712873458862 0.413737952709198 0.322667568922043 0.249851658940315 0.177159294486046 0.0883586406707764 0.0517163723707199 0.0155688803642988 -0.0294797029346228 -0.0780741423368454 -0.107638575136662 -0.10468152910471 -0.0746266022324562 -0.122781097888947 0.152258217334747
0.488025993108749 0.296921223402023 0.228084594011307 1.16516530513763 2.48664808273315 3.48027110099792 2.37935280799866 2.53965759277344 2.42046070098877 2.29806923866272 2.15082097053528 2.08141684532166 1.92055416107178 2.5172164440155 2.49726939201355 2.53536295890808 2.37970662117004 2.06814217567444 2.02524256706238 3.15477323532104 1.73080098628998 1.55713069438934 1.45481491088867 1.33863258361816 1.23168873786926 1.14207184314728 0.97814679145813 0.910548090934753 0.826007068157196 0.719362318515778 0.597883284091949 0.50195723772049 0.412429004907608 0.308546811342239 0.235567465424538 0.157177656888962 0.0550966188311577 0.0184576977044344 -0.0149425398558378 -0.0514722615480423 -0.0896941944956779 -0.107652805745602 -0.128233209252357 -0.151048108935356 0.0652009546756744
0.607165455818176 0.470269978046417 0.412902593612671 0.409519582986832 2.35957479476929 3.97027850151062 2.82503795623779 2.22563433647156 2.73247480392456 2.69340491294861 2.08508062362671 2.02470326423645 1.96004128456116 1.89827072620392 1.86308467388153 2.52535581588745 2.37282991409302 2.07328200340271 3.00473856925964 2.46842527389526 1.77443075180054 1.56452202796936 1.45653116703033 1.35090947151184 1.23798704147339 1.13255333900452 1.05803275108337 0.97322940826416 0.889445126056671 0.786932349205017 0.666863918304443 0.567598164081573 0.468917846679688 0.365760147571564 0.274406015872955 0.196452423930168 0.100064165890217 0.0610806159675121 0.035555325448513 0.0124784745275974 -0.0267266035079956 -0.0738878920674324 -0.098256953060627 -0.115003012120724 0.244792491197586
1.05476796627045 0.967195808887482 0.881239473819733 0.829350709915161 1.86225068569183 3.1705846786499 3.13077592849731 3.35869073867798 2.97900104522705 2.38340878486633 2.21991419792175 2.12060546875 2.04386925697327 1.92268300056458 1.89880931377411 2.00921869277954 1.93538999557495 1.8623526096344 1.83229410648346 2.60412740707397 1.62447929382324 1.51648592948914 1.41837084293365 1.31147575378418 1.18582093715668 1.08135879039764 1.03727471828461 0.948988199234009 0.869651734828949 0.768736720085144 0.66130256652832 0.557785391807556 0.451722979545593 0.345714330673218 0.255603820085526 0.167070776224136 0.0946727246046066 0.0586408525705338 0.0236629005521536 -0.0115073518827558 -0.0462240427732468 -0.0735169425606728 -0.0983323976397514 -0.107617482542992 -0.115334883332253
1.36461281776428 1.27954971790314 1.16714680194855 1.04646587371826 0.962456464767456 0.957960665225983 5.67651605606079 7.89145231246948 6.20403385162354 4.91684627532959 4.01768779754639 2.57799410820007 2.37173819541931 2.14050388336182 2.02710747718811 1.96287322044373 1.91077864170074 1.89046192169189 1.85916650295258 1.79427313804626 1.62074589729309 1.50960958003998 1.40994167327881 1.2993221282959 1.17989039421082 1.05738747119904 0.970760941505432 0.889708399772644 0.797362148761749 0.70664256811142 0.601787745952606 0.50327742099762 0.401019990444183 0.298673778772354 0.200899958610535 0.117667198181152 0.0577535033226013 -0.0145658925175667 -0.0884028077125549 -0.122402794659138 0.305552452802658 -0.0745583027601242 -0.13401685655117 -0.144102871417999 -0.162124589085579
