slauniainen/Data/DEM/Vihti_dsm1500b_cl_horizonAngle_102.asc
NCOLS 196 
NROWS 178 
XLLCORNER 353680 
YLLCORNER 6699024 
CELLSIZE 16 
NODATA_value -3.4e+38 
[rows 0 to 19 of 178, columns 92 to 137 of 196]
7.29531288146973 -4.34727621078491 -3.99222874641418 -2.74063873291016 -3.65210866928101 -3.14677667617798 -1.15061068534851 2.01824021339417 8.22254371643066 0.713658630847931 20.8295211791992 38.1292724609375 0.667115390300751 2.54804277420044 2.73813629150391 2.87931108474731 2.99895811080933 2.76358604431152 2.88258647918701 2.9909782409668 3.12408423423767 3.6215295791626 3.83093571662903 4.04330968856812 4.27098083496094 4.51016855239868 4.32303857803345 4.81017875671387 5.1205883026123 5.46747827529907 6.42644882202148 6.74106168746948 6.55676746368408 7.22586631774902 7.32781839370728 5.26611709594727 7.12839841842651 7.94805097579956 9.22568130493164 10.9761552810669 13.4896535873413 17.3820514678955 18.3467979431152 19.5388832092285 35.2845153808594 8.08713150024414
-3.98855233192444 -2.05405569076538 -4.23201465606689 -3.78436923027039 -3.4442720413208 -2.83089327812195 -0.986825168132782 -0.57484894990921 2.54055142402649 19.248420715332 40.012638092041 -0.981739580631256 20.3804683685303 0.593592345714569 1.55339741706848 1.65587973594666 1.73152351379395 3.18879437446594 3.3142101764679 3.44539737701416 3.62485313415527 3.39037752151489 3.5614652633667 3.74273276329041 3.93666934967041 4.16661691665649 4.84414482116699 5.15532159805298 5.50733184814453 5.90728425979614 6.94647836685181 10.0798559188843 19.485408782959 5.6823878288269 6.17105007171631 9.23363876342773 10.6467018127441 12.6866321563721 15.5710802078247 19.9582405090332 14.1171722412109 18.1764049530029 26.3477649688721 44.5906600952148 3.29949021339417 0.790211975574493
-1.0495433807373 7.64958333969116 -4.11226892471313 -3.90404891967773 -3.47391581535339 -3.07030630111694 -1.00593781471252 -0.574352025985718 1.556920170784 11.6043186187744 27.9651412963867 0.091364361345768 22.2689247131348 17.8267421722412 -0.673848509788513 0.435875326395035 1.05009245872498 1.84679067134857 1.92853820323944 2.01323890686035 2.11265778541565 3.86436676979065 4.05036735534668 4.25619602203369 4.48362159729004 4.73327541351318 4.47588777542114 4.76352548599243 5.09086275100708 5.45943641662598 5.88464498519897 10.7985887527466 20.589599609375 6.16267681121826 9.30773735046387 10.4864625930786 12.5109062194824 15.3587493896484 19.6994800567627 19.9633026123047 29.9020614624023 48.9174766540527 0.787977337837219 45.9558601379395 1.03185927867889 1.57236838340759
4.11718559265137 -3.92084574699402 -0.627510845661163 -2.86155939102173 -2.30530953407288 -1.24696433544159 -0.404448509216309 0.0902158841490746 2.78927040100098 15.8904228210449 3.07310914993286 10.282247543335 6.89849138259888 11.210355758667 -0.527830421924591 0.237416461110115 0.662381172180176 0.997294425964355 1.04699611663818 1.09871792793274 1.28737843036652 2.24117827415466 2.35034489631653 2.47008562088013 2.60073924064636 2.74510073661804 5.08041095733643 5.40550756454468 5.77239894866943 6.18989610671997 7.05221605300903 13.7392749786377 5.74559640884399 7.69714975357056 8.57945346832275 10.8253135681152 12.5272073745728 14.8760795593262 18.1904983520508 29.5658779144287 48.5245971679688 6.08267784118652 11.190990447998 0.271864622831345 0.652827024459839 1.57154643535614
27.6682548522949 10.6052494049072 -2.53228998184204 -3.16302132606506 -1.25130569934845 -0.413798779249191 -0.0571759305894375 0.325214594602585 5.76253175735474 18.5058765411377 4.51064538955688 0.529551982879639 5.89936256408691 13.4825248718262 0.235812678933144 -0.0362139567732811 0.922404646873474 0.983841419219971 1.04912078380585 1.05711007118225 1.1627368927002 1.2197744846344 1.28317058086395 1.35172939300537 1.42676448822021 1.69588601589203 2.94677901268005 3.13590097427368 3.34928822517395 3.60109686851501 6.38451528549194 12.0863218307495 6.82773113250732 8.72532081604004 9.75106716156006 10.0154123306274 11.5299739837646 13.7401905059814 17.5398044586182 24.913236618042 42.7299346923828 23.1621131896973 0.49839386343956 3.73934936523438 0.968909382820129 2.11631345748901
1.8031085729599 18.8631782531738 23.6318397521973 -2.44917941093445 -0.759050071239471 -0.331279516220093 -0.146236002445221 5.6431679725647 19.5439720153809 -0.420208811759949 9.02041721343994 19.7304058074951 0.0391850657761097 0.0476990677416325 -0.157654464244843 2.10253405570984 2.59695863723755 2.73404455184937 2.88447546958923 3.04887557029724 1.20575094223022 1.28992342948914 1.38413465023041 1.49385690689087 1.35405695438385 1.53055453300476 1.62959945201874 1.74164569377899 1.86836791038513 2.01304149627686 5.6276330947876 10.9118986129761 3.58401203155518 4.99700403213501 5.54670763015747 11.3313579559326 13.1414031982422 15.550350189209 19.0586338043213 26.4419498443604 34.1648597717285 14.0916328430176 1.3090238571167 0.591221868991852 12.3029947280884 0.781470537185669
-1.4759429693222 9.13713836669922 -1.66261315345764 -1.65071332454681 -0.153133034706116 1.19433557987213 2.35787081718445 5.59328460693359 15.2479410171509 1.10257863998413 11.7048778533936 -0.0357735492289066 0.0992248803377151 0.358264118432999 0.850009560585022 1.11583006381989 1.15894269943237 1.19421601295471 1.23335981369019 0.615428864955902 3.27143454551697 3.48049259185791 3.72009134292603 3.99203515052795 4.30369710922241 1.81055438518524 2.00466418266296 2.23941826820374 1.74246609210968 1.94432270526886 2.54231739044189 2.42935872077942 2.618239402771 2.71364712715149 3.6307430267334 6.45114421844482 7.51455688476562 8.96934795379639 11.1331834793091 14.9159326553345 35.3856544494629 41.6112594604492 -0.660831868648529 0.370575040578842 6.51361083984375 17.0668144226074
-1.27552568912506 -0.724871635437012 0.838419318199158 -0.0553845837712288 1.89049744606018 0.152747124433517 -0.279075503349304 20.2334728240967 0.0483345724642277 0.148341789841652 8.96018981933594 13.4987897872925 0.148436918854713 0.197211980819702 0.578818738460541 1.21022510528564 1.26929461956024 1.32580721378326 0.857220888137817 1.28270530700684 1.32565975189209 1.37110984325409 1.42036032676697 1.47216868400574 0.841891050338745 4.75903558731079 5.21425151824951 5.76345014572144 6.44136333465576 3.03590106964111 3.63890504837036 4.51823949813843 8.04246616363525 1.8340095281601 3.24741673469543 3.76133298873901 4.44790363311768 5.54551219940186 7.33472108840942 12.8087120056152 24.2861156463623 19.5855598449707 0.347453474998474 10.4870710372925 0.676129162311554 0.916290104389191
-1.41908931732178 -1.07629442214966 -0.090817503631115 14.1887636184692 30.6545028686523 -0.633693158626556 0.704744637012482 4.01261758804321 11.3980569839478 0.640844225883484 5.82512092590332 12.6736640930176 0.167975723743439 1.18021857738495 1.35404825210571 1.42276704311371 1.47552585601807 1.53136146068573 1.40275359153748 1.46867048740387 1.5453325510025 1.62821781635284 1.72032427787781 1.16683208942413 1.54144513607025 1.60205245018005 1.66748249530792 1.74202227592468 1.28477585315704 7.52079820632935 8.72976303100586 10.3963766098022 12.7754812240601 16.3807487487793 9.76752090454102 0.915864050388336 3.78573155403137 4.4975757598877 5.58801555633545 11.4984979629517 22.1122455596924 0.666015923023224 3.24044871330261 1.67467057704926 -0.222309097647667 0.102483756840229
-0.638510465621948 -0.176849335432053 -0.0349958203732967 -0.0622415654361248 0.0414019264280796 0.114089198410511 0.213510915637016 0.495170503854752 0.589797914028168 5.55669689178467 13.2474279403687 0.813544392585754 1.42059552669525 1.48560774326324 1.46905839443207 1.01559162139893 1.05863356590271 1.33457183837891 1.60453462600708 1.66819608211517 1.73793613910675 1.81484651565552 1.5637743473053 1.84386956691742 1.95859491825104 2.09764456748962 2.24922847747803 2.42862820625305 1.84216701984406 2.03467774391174 2.03165173530579 2.13848543167114 2.57001996040344 3.34314274787903 24.8842124938965 42.4417495727539 -1.0844578742981 1.07818150520325 1.31059658527374 1.4339987039566 11.4128513336182 21.945987701416 0.7437903881073 -0.0791121572256088 6.4898943901062 -0.268096476793289
-0.348910987377167 0.0160874780267477 0.0528669618070126 0.437086760997772 0.722200632095337 1.0901312828064 1.43437385559082 0.633202612400055 0.896107733249664 1.26028716564178 1.64153432846069 1.99157607555389 1.56730401515961 1.847336769104 2.16701912879944 2.5971405506134 3.12407445907593 3.88072752952576 5.09301853179932 1.76903641223907 1.24922585487366 1.59376740455627 1.91232407093048 2.00237131118774 2.11142587661743 2.22520637512207 2.34953618049622 2.09177899360657 2.68771052360535 2.9545111656189 3.26569151878357 3.64612317085266 3.28764486312866 4.08747291564941 5.31138181686401 10.0926284790039 2.16235995292664 2.28743290901184 1.27915143966675 1.38387072086334 1.53493463993073 1.73540461063385 1.94210684299469 2.07583975791931 3.25802254676819 3.77251243591309
-0.566444277763367 -0.27178567647934 0.434232860803604 0.787319242954254 1.21061420440674 1.57071971893311 1.94548428058624 1.87807369232178 2.30477070808411 2.82867527008057 3.44846200942993 1.79722499847412 2.479487657547 2.97494077682495 3.6980140209198 4.56422853469849 5.95476961135864 3.98563408851624 5.31213569641113 7.98530864715576 15.251030921936 1.26698553562164 2.00485849380493 2.09900236129761 1.52223074436188 1.6088582277298 2.09963655471802 2.52441692352295 2.679030418396 2.86014819145203 3.07429456710815 3.31698513031006 4.2556324005127 4.9504566192627 5.8744421005249 8.12576866149902 15.852294921875 0.384521037340164 3.32871413230896 3.63617825508118 4.04640197753906 4.5273814201355 1.859903216362 2.25532460212708 2.61904954910278 3.11060953140259
-0.653425455093384 -0.39573723077774 -0.258788675069809 -0.160857036709785 0.00593808107078075 0.121152304112911 1.05044972896576 2.32826948165894 2.81986999511719 3.38775753974915 4.01444959640503 4.13840675354004 5.04609537124634 6.17041349411011 7.64923286437988 10.0781335830688 3.92853951454163 9.23778915405273 18.3774909973145 0.205694869160652 13.3243818283081 0.642754316329956 1.3657341003418 1.42123520374298 2.21303725242615 2.3221480846405 2.43688488006592 2.56675028800964 2.70898199081421 2.19467687606812 2.40558338165283 3.04928088188171 3.65048456192017 3.97735500335693 4.39729070663452 4.86157655715942 6.16047477722168 14.0513572692871 20.5868339538574 0.588739156723022 3.24463486671448 2.81764698028564 5.22904491424561 6.12408781051636 7.29670286178589 8.9617919921875
-0.46778866648674 -0.383340835571289 -0.329088270664215 -0.252840429544449 -0.149880185723305 0.0648852586746216 0.349389612674713 0.604420721530914 0.876836478710175 1.15682327747345 0.758269608020782 4.72134637832642 5.77182817459106 7.09184217453003 8.81280899047852 11.4556570053101 15.5390729904175 28.9969997406006 -0.0343642979860306 8.86260414123535 17.3982830047607 0.399398356676102 1.08117985725403 1.12797057628632 1.14374840259552 1.57057571411133 1.64369225502014 1.72259712219238 1.81427943706512 2.90750360488892 3.09211397171021 3.30609369277954 3.53922986984253 3.78399586677551 3.93443202972412 4.8200855255127 6.25062561035156 9.58258247375488 11.4654083251953 5.01236867904663 13.2877025604248 27.4251041412354 -0.595814943313599 1.21046769618988 1.73786354064941 4.33705282211304
-0.441512823104858 -0.391375333070755 -0.347513049840927 -0.267199277877808 -0.184598490595818 -0.134487152099609 -0.0224092341959476 0.0857914239168167 0.154899522662163 0.255491107702255 1.25271046161652 1.60411131381989 2.00990533828735 2.4010763168335 1.6500391960144 4.22571897506714 17.8311138153076 30.8835563659668 -0.250708192586899 9.05734539031982 11.8304643630981 22.452672958374 0.180781632661819 1.31885838508606 1.37574195861816 1.4364253282547 1.31215584278107 1.38015699386597 1.45908832550049 1.52433359622955 2.05652379989624 2.1896607875824 2.33238577842712 2.48591017723083 4.19136571884155 4.60408735275269 5.06751775741577 9.65927505493164 18.9264640808105 4.11252164840698 4.78296041488647 29.026388168335 6.82649374008179 -0.805874109268188 0.94812935590744 2.20569109916687
-0.401378124952316 -0.361604541540146 -0.37362739443779 -0.316799700260162 -0.253416895866394 -0.173011943697929 -0.0602232925593853 0.419304698705673 0.157648593187332 0.277361840009689 0.646718204021454 1.29745614528656 2.1785876750946 3.44043946266174 2.76558637619019 3.32793760299683 3.75478553771973 4.33206224441528 6.14389657974243 4.09853982925415 14.1618995666504 26.014310836792 -0.231182143092155 1.16430568695068 1.35081899166107 1.44026517868042 1.54075980186462 1.65503168106079 1.78392112255096 1.75332546234131 1.85701131820679 1.78138768672943 1.89622354507446 2.05824255943298 2.24083423614502 2.92778778076172 3.24581408500671 3.85706377029419 6.52365922927856 7.0178918838501 8.76170635223389 13.26926612854 25.1851654052734 -0.565802693367004 -0.522507131099701 0.600737631320953
-0.0527626611292362 -0.00109325465746224 -0.0993064269423485 -0.268003553152084 -0.219780161976814 -0.173990115523338 -0.10027401894331 -0.0629768148064613 0.529708445072174 1.31154763698578 2.25517177581787 3.49898099899292 5.35429382324219 0.617595851421356 5.43455266952515 11.6193885803223 0.20867457985878 1.89712250232697 2.45406365394592 9.86440277099609 19.1659832000732 -0.0492421723902225 0.401066064834595 1.1919379234314 1.35478281974792 1.82318270206451 1.53191983699799 1.66076695919037 1.7226767539978 1.97479212284088 2.1672945022583 2.39464449882507 2.64976572990417 2.24825978279114 2.39311385154724 2.7264518737793 3.44105172157288 4.41282606124878 4.85315942764282 3.93317079544067 4.72866582870483 5.98858547210693 12.5332221984863 23.7679710388184 18.8025875091553 -0.948321878910065
-0.177447661757469 -0.122672319412231 0.0597178749740124 0.100133821368217 0.136150419712067 0.183740332722664 0.244065254926682 0.155141174793243 0.0482667572796345 0.193822011351585 0.32779797911644 0.456775724887848 0.523485600948334 8.39929008483887 18.4557266235352 -0.0847554728388786 0.637153267860413 0.861247539520264 0.902370095252991 0.833952248096466 5.04397535324097 9.93415832519531 0.365780472755432 0.460759490728378 0.567349672317505 1.4763491153717 1.97561120986938 2.20004367828369 2.45218920707703 2.76866793632507 2.22674536705017 2.48142313957214 2.72596764564514 3.23909330368042 3.97964715957642 5.16629981994629 5.95912313461304 6.77213191986084 5.62328720092773 9.55119228363037 2.13874244689941 7.80443334579468 5.42079639434814 20.0350494384766 5.08929920196533 18.8384799957275
-0.314822226762772 -0.282420098781586 -0.254645705223083 -0.0701316893100739 -0.045579943805933 -0.0124573456123471 0.083984375 0.312952309846878 0.419445514678955 0.550583720207214 0.678805828094482 0.819546818733215 0.730281591415405 0.968976676464081 1.70775556564331 3.44180059432983 8.02011394500732 0.572345435619354 1.12776553630829 1.20730066299438 2.28802752494812 0.927700281143188 1.12840735912323 1.2074887752533 1.22360169887543 1.39631330966949 1.61024343967438 1.78592920303345 2.0383677482605 2.31346106529236 3.19700407981873 3.72402238845825 4.44675874710083 5.48222160339355 7.1165919303894 5.06673049926758 8.11164569854736 15.9019269943237 2.64482498168945 2.84266042709351 1.46029317378998 4.54159212112427 5.42354297637939 10.3195943832397 21.970386505127 -0.25149142742157
-0.365740686655045 -0.344189554452896 -0.320874720811844 -0.307906985282898 -0.209804624319077 -0.18094639480114 -0.143924027681351 0.10096713155508 0.170075371861458 0.256192952394485 0.343929022550583 0.609516680240631 0.929941713809967 1.09344887733459 1.21097719669342 1.36677384376526 1.2144250869751 5.92639350891113 9.33250045776367 0.505375504493713 1.30633294582367 1.37010622024536 1.45875144004822 1.58218574523926 1.70424008369446 1.37812578678131 1.54250681400299 1.72059416770935 1.97150301933289 2.24750185012817 2.65301060676575 3.09540939331055 3.73875021934509 4.65421724319458 6.07942247390747 11.1741180419922 21.3159446716309 0.4688640832901 4.12994384765625 0.122533537447453 1.29049491882324 3.89237284660339 4.24873828887939 5.11566591262817 6.98849582672119 13.9678440093994
