slauniainen/Data/DEM/Vihti_dem1500b_cl_horizonAngle_240.asc
NCOLS 196 
NROWS 178 
XLLCORNER 353680 
YLLCORNER 6699024 
CELLSIZE 16 
NODATA_value -3.4e+38 
[rows 20 to 39 of 178, columns 45 to 89 of 196]
-3.2248866558075 -3.56767868995667 -3.39488339424133 -2.66821694374084 0.469291090965271 0.722326993942261 1.50044453144073 0.459370046854019 0.85304069519043 1.14836132526398 2.53079748153687 5.3226752281189 3.45964074134827 1.73106694221497 0.989853978157043 -0.0909954309463501 2.34693145751953 4.65521287918091 4.13396739959717 3.42529726028442 2.11460471153259 1.45355772972107 0.841603338718414 1.22352921962738 6.96561098098755 6.13873767852783 7.28671979904175 7.19768190383911 5.54071092605591 4.78539180755615 3.99681639671326 2.66130685806274 2.29221677780151 1.99967324733734 1.70374035835266 1.45224320888519 1.13406705856323 0.832412600517273 0.524849951267242 0.229782968759537 -0.0278311539441347 -0.203856900334358 -0.292453855276108 -0.243751361966133 1.37800705432892
-2.25601387023926 -1.94759845733643 -1.94417726993561 -1.00666499137878 -0.182282909750938 0.769896626472473 1.27296102046967 1.20921075344086 1.38398563861847 2.02357983589172 2.22091698646545 2.19095230102539 1.63498079776764 0.887264788150787 -0.417098820209503 -1.39860129356384 -1.66104567050934 0.889670193195343 2.82584714889526 4.43284940719604 3.58743500709534 1.89340245723724 2.87081813812256 6.4282865524292 6.50719213485718 5.13015699386597 6.16621494293213 6.11488771438599 4.69761800765991 3.83475995063782 2.73690795898438 2.16825819015503 1.91017961502075 1.56034851074219 1.28121161460876 0.975013971328735 0.745101392269135 0.478328377008438 0.22729866206646 -0.0904785841703415 -0.203257277607918 -0.23015233874321 -0.242703959345818 -0.251253724098206 0.156032308936119
-0.319881737232208 0.232743471860886 0.0366485267877579 0.473854303359985 1.60452020168304 2.26665163040161 2.62962555885315 2.48875331878662 2.3536651134491 2.4736750125885 2.0449013710022 1.26583778858185 0.641273736953735 -0.271896451711655 -1.27338242530823 -2.0027117729187 -2.13387203216553 -1.56349623203278 -0.613773226737976 0.606854677200317 2.31523895263672 4.68462610244751 9.56559276580811 5.47124195098877 3.68435573577881 4.20922231674194 4.70351028442383 4.38325977325439 3.48815679550171 2.78777623176575 2.22222399711609 1.77012467384338 1.44201242923737 1.25647044181824 0.878867864608765 0.568637192249298 0.303529411554337 0.0848910808563232 -0.0445201061666012 -0.172589898109436 -0.15711972117424 -0.0441382899880409 0.0431119576096535 0.0213696546852589 0.0952918007969856
0.386382937431335 3.24355745315552 4.13408899307251 2.88285326957703 2.29165124893188 3.06347155570984 3.09164547920227 3.05231428146362 2.62211060523987 2.51303577423096 1.64941298961639 0.4732785820961 -0.185718879103661 -0.600697994232178 -1.47261023521423 -1.41315841674805 -0.358138680458069 -0.0851162075996399 -0.162947729229927 0.0413298718631268 0.431611388921738 1.56850504875183 3.83313608169556 4.27445077896118 3.85403275489807 4.28406763076782 3.89750099182129 3.51917862892151 2.65826725959778 2.29901647567749 1.84138262271881 1.46434497833252 0.995000302791595 0.6263267993927 0.341406524181366 0.0851099565625191 0.10987826436758 0.00469179404899478 -0.0647717788815498 -0.134409263730049 -0.0680981799960136 0.317902445793152 0.207372725009918 0.20670074224472 0.235830560326576
1.8729590177536 5.92819404602051 5.65485048294067 4.13717603683472 4.47391843795776 4.7024302482605 3.16760563850403 2.87201619148254 2.10259199142456 2.42662477493286 1.85097718238831 1.42845869064331 0.933788001537323 1.22111093997955 1.51411056518555 1.33839225769043 1.60304594039917 1.61662995815277 1.64651322364807 1.82134580612183 2.20859861373901 2.49295377731323 2.97143387794495 3.09423446655273 3.62016010284424 3.9058256149292 3.8708963394165 2.66013360023499 2.22521471977234 1.86955440044403 1.44363605976105 0.982545554637909 0.541616916656494 0.0884292125701904 -0.168919160962105 -0.119420647621155 0.0429164692759514 -0.0575538761913776 -0.253519684076309 -0.150433361530304 0.246494829654694 0.475369244813919 0.324029684066772 0.422770023345947 0.312548995018005
4.02233505249023 7.03680801391602 7.91490030288696 7.890793800354 5.90771627426147 4.50827598571777 2.29795122146606 1.61842489242554 2.57491540908813 3.08446168899536 2.63184452056885 3.31695318222046 3.11202478408813 4.14542436599731 3.89655351638794 3.15488386154175 3.03158211708069 2.98697543144226 2.82296347618103 2.96284437179565 3.12578296661377 3.1081075668335 2.772536277771 2.67947912216187 2.83435034751892 3.08156394958496 3.50173544883728 2.51353740692139 1.80023336410522 1.377521276474 0.98939847946167 0.597790598869324 0.0530904270708561 -0.280503809452057 -0.504768133163452 -0.532875895500183 -0.111294843256474 -0.0667053088545799 -0.320205509662628 -0.21232196688652 0.51613837480545 0.638234734535217 0.32127457857132 0.484239041805267 0.428332060575485
9.31880569458008 12.1521263122559 9.54238796234131 7.1571192741394 5.30849838256836 3.15284371376038 0.660378754138947 2.33501243591309 4.31398105621338 4.77842998504639 4.47426462173462 5.89817142486572 6.54235935211182 5.92515182495117 4.65934181213379 4.31348419189453 4.17250108718872 4.29084062576294 4.25609016418457 4.29575681686401 4.12764978408813 3.44805979728699 3.1485435962677 3.21149706840515 3.00492715835571 2.80600714683533 2.84283661842346 2.27225470542908 1.36250531673431 0.912518739700317 0.48126894235611 0.0442439056932926 -0.222616270184517 -0.304890960454941 -0.405328243970871 -0.511253416538239 -0.553509116172791 -0.127928167581558 -0.174237295985222 -0.0584702417254448 0.41899785399437 0.76369696855545 0.383722543716431 0.41429203748703 0.437778234481812
7.80224990844727 10.5523891448975 8.02633857727051 5.23567914962769 3.29753661155701 0.983209013938904 -0.145971730351448 6.16866111755371 8.35782814025879 8.40310096740723 9.11784553527832 8.07597160339355 6.78838586807251 6.92439889907837 6.02914524078369 5.03310012817383 5.39462995529175 5.61558389663696 5.61287307739258 4.64611434936523 4.18173217773438 4.04876899719238 3.65084075927734 3.0831880569458 3.03825807571411 2.79189229011536 2.04618525505066 1.48125612735748 0.83723646402359 0.348214983940125 0.0425223670899868 -0.0885133892297745 -0.144599959254265 -0.223396360874176 -0.315083920955658 -0.414422631263733 -0.484693437814713 -0.463599860668182 0.0345103405416012 0.18291825056076 0.457366913557053 0.497513175010681 0.468561112880707 0.45469942688942 0.429007679224014
7.32399606704712 8.53275871276855 4.96799850463867 2.40225625038147 0.549468815326691 -0.952460646629333 2.25849843025208 10.9572315216064 17.12135887146 15.1967315673828 10.6512413024902 9.19494342803955 7.87564659118652 7.33124017715454 7.16473913192749 6.39294958114624 6.21710634231567 6.73280429840088 6.25995588302612 5.89965486526489 5.81264781951904 5.31254863739014 4.51205062866211 3.47069072723389 2.56227898597717 2.09520602226257 1.35235142707825 0.738410949707031 0.328316926956177 0.0308199990540743 -0.011644184589386 -0.0149537594988942 -0.0680320113897324 -0.142118513584137 -0.244405910372734 -0.337848514318466 -0.396414369344711 -0.44527930021286 0.113543711602688 0.478203684091568 0.597277939319611 0.56710821390152 0.492829114198685 0.483939737081528 0.472080737352371
6.30938196182251 5.03976774215698 1.94056081771851 0.0764208063483238 -1.36647260189056 -2.18807339668274 -2.42074966430664 -1.49035203456879 5.98904466629028 14.278697013855 10.9468221664429 9.02327537536621 8.3191556930542 9.32868003845215 7.28774166107178 6.89398717880249 6.49759101867676 10.5447072982788 8.94113445281982 7.70411777496338 6.49089336395264 5.18896055221558 4.82989645004272 3.23989582061768 2.19265031814575 1.57194030284882 1.0982426404953 0.48271918296814 0.151127249002457 0.127889588475227 0.0639728307723999 0.0730926916003227 0.0131396753713489 -0.0477956049144268 -0.154371038079262 -0.256926566362381 -0.307115584611893 -0.227032080292702 0.255314141511917 0.629285991191864 0.660395741462708 0.565080165863037 0.602961838245392 0.523584485054016 0.460128039121628
2.99024367332458 2.0703911781311 0.656235992908478 -1.78439795970917 -2.00679874420166 -2.21966862678528 -2.32772946357727 -2.41399693489075 -1.08959746360779 6.11127281188965 6.38784122467041 7.43132925033569 7.40353393554688 7.86172103881836 6.35431098937988 5.90453100204468 7.85696125030518 12.5533771514893 13.697286605835 8.23206806182861 6.76229286193848 4.40580940246582 3.28044056892395 2.72924017906189 1.76251780986786 1.24693930149078 0.635325074195862 0.313288688659668 0.274484544992447 0.249057486653328 0.171764776110649 0.144109413027763 0.0736073851585388 0.0410832948982716 -0.0307180900126696 -0.156278565526009 -0.216574877500534 -0.269481688737869 0.474688053131104 0.692421317100525 0.940070509910583 0.690219819545746 0.617356359958649 0.547569632530212 0.493762463331223
1.55582690238953 0.447601079940796 -0.656549572944641 -1.8081841468811 -1.93533933162689 -2.06449580192566 -2.1492235660553 -2.27706956863403 -1.11228847503662 3.73564648628235 7.42273950576782 8.42193412780762 5.30158567428589 3.65409350395203 3.119300365448 2.93126821517944 2.86765551567078 7.34567213058472 11.7382783889771 8.39815139770508 4.43173170089722 3.67503213882446 2.81922388076782 2.13050937652588 0.918653547763824 0.37331435084343 0.407691717147827 0.393560439348221 0.406888544559479 0.355908036231995 0.261460065841675 0.206029802560806 0.125971555709839 0.121920719742775 0.10746905952692 -0.0333398692309856 -0.101225458085537 -0.155640229582787 0.00053126405691728 0.756176650524139 0.951296031475067 0.909765064716339 0.686230897903442 0.589391946792603 0.552432715892792
0.794511735439301 -1.0204244852066 -1.46221399307251 -1.72019958496094 -1.88644909858704 -1.9737411737442 -2.07957935333252 -2.21855878829956 -2.26765966415405 1.00741004943848 3.86090469360352 3.70302677154541 3.7534327507019 4.15949773788452 2.81362509727478 2.04817962646484 2.03751134872437 2.8132655620575 6.67827701568604 4.26736688613892 3.9168074131012 3.08635926246643 1.93730020523071 0.522415995597839 0.444202959537506 0.433091521263123 0.497474074363708 0.486357897520065 0.496368110179901 0.414407640695572 0.326720774173737 0.247930333018303 0.186944708228111 0.186567083001137 0.195106327533722 0.0676021426916122 0.00365030928514898 -0.0395380593836308 -0.0802880600094795 0.530794858932495 0.944888174533844 1.05103945732117 0.839093208312988 0.661974728107452 0.512077927589417
-0.677162945270538 -1.09388446807861 -1.25545883178711 -1.48768436908722 -1.65211844444275 -1.79267382621765 -1.95548403263092 -2.09912514686584 -1.90381753444672 -1.67628645896912 -1.47786939144135 0.327395707368851 2.72426247596741 3.47616624832153 3.42250323295593 2.8836452960968 2.54735732078552 3.00549578666687 3.13361716270447 4.77332210540771 2.52885556221008 1.36155724525452 0.47091868519783 0.467625051736832 0.530987083911896 0.630980908870697 0.763014256954193 0.915647387504578 0.70384418964386 0.438063442707062 0.360776841640472 0.340170055627823 0.301279097795486 0.247013077139854 0.230888068675995 0.13122370839119 0.0867418646812439 0.0732223764061928 0.0459789335727692 0.165164709091187 0.992775142192841 1.1175377368927 0.853037118911743 0.694394290447235 0.507421374320984
-0.891519129276276 -0.814240515232086 -0.896867394447327 -1.02453279495239 -1.23332357406616 -1.37094855308533 -1.41496574878693 -1.41020178794861 -1.3305424451828 -1.26318466663361 -1.1639621257782 -0.951077997684479 -0.732652902603149 2.05164217948914 2.45202922821045 3.451904296875 2.21911025047302 1.83660519123077 4.04003047943115 2.05587339401245 1.06792426109314 0.840535044670105 0.657752215862274 0.782792985439301 1.10739302635193 0.929949164390564 1.02925682067871 1.35451924800873 1.06290590763092 0.538782835006714 0.437286347150803 0.39921048283577 0.362213462591171 0.297043770551682 0.232635989785194 0.157784968614578 0.117377042770386 0.138030871748924 0.180268034338951 0.200560018420219 0.750942170619965 1.19998860359192 0.966875970363617 0.696496784687042 0.636934995651245
-0.628305613994598 -0.546897947788239 -0.593268096446991 -0.696568608283997 -0.78547465801239 -0.905202984809875 -0.859943091869354 -0.87125289440155 -0.85850602388382 -0.665536046028137 -0.655847787857056 -0.591206610202789 -0.392333179712296 0.572361528873444 1.61811029911041 1.03896582126617 1.81105840206146 2.63642883300781 1.13896381855011 1.20485830307007 1.36468946933746 1.28170692920685 1.35672032833099 1.1501190662384 1.48998522758484 1.27724659442902 1.33505666255951 1.46403813362122 1.2310643196106 0.930890619754791 0.503053843975067 0.425686478614807 0.357837378978729 0.328640073537827 0.220549613237381 0.190372973680496 0.214844152331352 0.225172638893127 0.239940509200096 0.343629568815231 0.282210767269135 0.820756435394287 1.11828470230103 1.14715480804443 1.11321544647217
-0.386817157268524 -0.323143869638443 -0.337966084480286 -0.373078405857086 -0.399083197116852 -0.469668924808502 -0.461083173751831 -0.377352833747864 -0.303691953420639 -0.175268933176994 -0.145570695400238 -0.135118320584297 0.0944939628243446 0.410719126462936 0.66230034828186 1.18020415306091 1.20230340957642 1.25778937339783 1.42673885822296 1.38232219219208 1.30138611793518 1.38953065872192 1.11729264259338 0.698895335197449 0.847980380058289 0.948451519012451 1.09010922908783 1.59842920303345 1.97001004219055 1.70422518253326 0.570060551166534 0.449092149734497 0.349602937698364 0.307879000902176 0.30516842007637 0.28186559677124 0.295403510332108 0.392343968153 0.365801215171814 0.324046820402145 0.304252922534943 0.181877955794334 0.557355642318726 1.24498069286346 1.545574426651
-0.217472955584526 -0.110552109777927 -0.104729004204273 -0.109754540026188 -0.139972895383835 -0.12545995414257 -0.108422309160233 -0.0252534095197916 0.0701806172728539 0.229096412658691 0.291214168071747 0.433289468288422 0.67716658115387 0.836921632289886 1.11596751213074 1.21549367904663 1.30188822746277 1.46742272377014 1.36430978775024 1.45289576053619 1.40157222747803 1.28018772602081 1.22625279426575 0.843622505664825 0.530186593532562 0.608573853969574 0.724383413791656 0.883721470832825 1.69704675674438 2.94849848747253 1.56939744949341 0.485638409852982 0.427240878343582 0.447310417890549 0.453063309192657 0.420895367860794 0.456483900547028 0.388140499591827 0.353854328393936 0.320614814758301 0.234966456890106 0.143403232097626 -0.107200495898724 0.152762204408646 1.10056638717651
0.101823128759861 0.124946244060993 0.0936339050531387 0.0908911749720573 0.0446674302220345 0.109418839216232 0.173187598586082 0.222257137298584 0.381313890218735 0.519808292388916 0.715952515602112 0.898715913295746 1.13667345046997 1.27306807041168 1.37582612037659 1.5695526599884 1.52370870113373 1.38901162147522 1.47879862785339 1.34489762783051 1.30783331394196 1.25198876857758 1.18925869464874 1.03834128379822 0.670932412147522 0.583415806293488 0.589069068431854 0.549643933773041 0.791851758956909 1.51923286914825 2.75319790840149 1.42220723628998 0.605672359466553 0.559431850910187 0.651900768280029 0.607741951942444 0.494917213916779 0.404355645179749 0.293589383363724 0.267927587032318 0.176873192191124 0.0669298768043518 -0.13873103260994 -0.420102089643478 -0.321353405714035
0.585748434066772 0.402510941028595 0.312170535326004 0.335206300020218 0.289032310247421 0.463196843862534 0.810144007205963 0.860514163970947 1.01193594932556 1.17887854576111 1.24634563922882 1.3470162153244 1.43769955635071 1.64492809772491 1.5984263420105 1.51330602169037 1.62451124191284 1.53296029567719 1.3868420124054 1.31983411312103 1.25191974639893 1.22256052494049 1.06879997253418 1.01095390319824 0.832884073257446 0.596348524093628 0.552076637744904 0.498349964618683 0.484438359737396 0.525370538234711 1.29180550575256 2.08177375793457 0.908195376396179 0.760766565799713 0.655284821987152 0.601460874080658 0.538469433784485 0.381234049797058 0.259144127368927 0.190456122159958 0.117757573723793 -0.0226152390241623 -0.15569831430912 -0.382945239543915 -0.473261684179306
