slauniainen/Data/DEM/Vihti_dem1500b_cl_horizonAngle_144.asc
NCOLS 196 
NROWS 178 
XLLCORNER 353680 
YLLCORNER 6699024 
CELLSIZE 16 
NODATA_value -3.4e+38 
[rows 0 to 19 of 178, columns 45 to 89 of 196]
1.74467921257019 2.76597476005554 3.39988207817078 5.02330446243286 7.18410778045654 8.78819847106934 11.015718460083 12.7907009124756 14.0047693252563 16.8843765258789 8.89488697052002 5.53586292266846 3.73422241210938 4.36557960510254 5.10144805908203 4.00014638900757 3.74089813232422 3.45376014709473 1.58386445045471 -1.36879944801331 -1.39610111713409 -1.35528290271759 -0.602698147296906 0.430389910936356 1.58190262317657 2.18653583526611 2.25567960739136 2.78970694541931 4.65699768066406 7.01963996887207 4.15698909759521 -1.89223384857178 -1.3055100440979 0.684834361076355 2.373854637146 -1.49872612953186 -1.28076374530792 0.693920850753784 1.0283454656601 0.672935724258423 1.24000942707062 1.71952641010284 5.24727439880371 4.01317977905273 1.78555071353912
3.56258273124695 4.69250297546387 5.37381076812744 6.48631715774536 8.5784969329834 11.1892490386963 13.0621032714844 16.6420459747314 17.4002475738525 12.5525302886963 4.02029323577881 0.17755451798439 1.13349461555481 2.2788507938385 1.90763318538666 1.1474541425705 0.54411393404007 -0.269918769598007 -1.01853275299072 -1.26627457141876 -1.27990114688873 -0.626461207866669 0.437299251556396 2.23315262794495 1.94850051403046 2.28235292434692 2.34373164176941 2.52806353569031 4.19809246063232 5.5304126739502 2.68096375465393 0.806869089603424 -1.78109192848206 -1.33506631851196 -1.71995294094086 -1.8182190656662 -0.261426568031311 2.79032826423645 4.96932935714722 3.16952967643738 1.03492498397827 1.41597366333008 5.39290380477905 1.63536608219147 -1.76638948917389
4.19344234466553 4.98389959335327 6.01868343353271 7.33139753341675 8.55081462860107 11.6666870117188 14.8503637313843 18.6366081237793 13.1045980453491 6.58261013031006 3.41331696510315 -1.23023390769958 -1.79060697555542 0.769627869129181 -0.189198359847069 -1.45109260082245 -1.28653657436371 -1.36839234828949 -1.1487203836441 -1.11831510066986 -0.980419397354126 0.0120405117049813 2.10529661178589 3.32280015945435 2.59982848167419 2.22566914558411 2.63671851158142 2.61823987960815 3.76061511039734 5.06993770599365 1.93389701843262 -0.00114040088374168 -1.55715024471283 -1.67984414100647 -1.59470677375793 -1.46757566928864 -0.334905028343201 5.01451873779297 3.35858559608459 -0.672394871711731 -0.90656989812851 3.26687788963318 3.44785070419312 -2.002769947052 -1.84477376937866
4.22011566162109 5.01529264450073 6.76117563247681 7.62556600570679 9.35071086883545 15.0695285797119 16.9100227355957 14.0951900482178 5.95715093612671 2.57921433448792 0.114714242517948 -2.51506447792053 -2.11864519119263 -1.56561863422394 -1.50149464607239 -1.76447594165802 -1.44385266304016 -1.14238214492798 -1.11666834354401 -0.865786254405975 -0.371967971324921 0.890111684799194 3.04467368125916 5.42412519454956 5.15786266326904 3.82832050323486 2.6319534778595 3.05058073997498 3.895512342453 4.36432552337646 1.468257188797 0.552728712558746 -0.937422931194305 -1.63741028308868 -1.53775489330292 -0.0245347376912832 0.772662222385406 4.46964073181152 -1.29027044773102 -1.73829436302185 -1.72355461120605 2.52885413169861 -1.42708575725555 -1.98864507675171 -1.81352996826172
4.38975524902344 5.63680410385132 6.67690324783325 8.6337251663208 10.1670513153076 14.8221616744995 12.3208465576172 7.18689250946045 2.83338236808777 0.256415277719498 -2.20080351829529 -2.76203846931458 -2.3650803565979 -1.84612154960632 -1.89446902275085 -1.87932503223419 -1.36792075634003 -0.997995615005493 -0.999002456665039 -0.671208083629608 0.206558063626289 1.73139691352844 4.77901792526245 7.40678882598877 8.32767009735107 7.17890214920044 5.97263765335083 3.57306170463562 3.56910252571106 3.48644304275513 1.86092245578766 1.04173600673676 0.877889275550842 -0.469075977802277 -0.832869172096252 0.141509130597115 -0.415904819965363 -1.11582255363464 -1.59647905826569 -1.57104194164276 2.11158108711243 0.906859576702118 -1.79380786418915 -1.85172522068024 -1.65591251850128
4.67819738388062 5.63699865341187 7.2105598449707 8.5840015411377 11.8834018707275 13.7309560775757 11.697925567627 5.21485185623169 0.532929420471191 -2.6095404624939 -3.20908808708191 -2.95359253883362 -2.39507150650024 -1.9784163236618 -1.82176053524017 -1.78640294075012 -1.46998763084412 -0.748171925544739 -0.414713650941849 0.00555477757006884 1.54648339748383 2.87812423706055 5.72256517410278 9.63310813903809 12.2007274627686 12.6901025772095 10.5050773620605 5.84771299362183 3.57659125328064 2.99451589584351 2.4426121711731 2.36184668540955 1.83003211021423 2.04012155532837 0.712700545787811 -1.40651035308838 -1.39571666717529 -1.38523197174072 -1.36731970310211 -1.33442342281342 0.79815810918808 -1.55071794986725 -1.59701406955719 -1.58719003200531 -1.38385808467865
4.85179233551025 6.11734008789062 7.7473521232605 10.8108100891113 12.4696941375732 16.9808921813965 13.813946723938 6.25033950805664 -0.0849635452032089 -3.56033539772034 -3.38163781166077 -2.90972828865051 -2.37191271781921 -1.79975950717926 -1.3226135969162 -1.20315968990326 -1.00657773017883 -0.220941856503487 0.868441939353943 1.69168543815613 3.05214071273804 4.96357870101929 8.14996242523193 11.6905012130737 16.5263328552246 14.9333734512329 8.68111610412598 2.71405267715454 3.02398276329041 3.57891964912415 3.42449188232422 3.51219654083252 3.65918946266174 2.76554441452026 3.4566216468811 0.80037534236908 -1.29995048046112 -1.23471021652222 -1.15176749229431 -1.1056535243988 -1.19978582859039 -1.35433256626129 -1.37052941322327 -1.30661058425903 -1.14955127239227
4.98832941055298 6.73552227020264 11.9690427780151 14.2928304672241 13.5622234344482 15.344425201416 8.47199535369873 2.3849630355835 -2.45997858047485 -3.61319589614868 -3.43502283096313 -2.76417112350464 -2.25311183929443 -1.62078475952148 -0.895441293716431 -0.457490295171738 -0.184821262955666 1.1920530796051 2.75664448738098 4.10519361495972 5.60491847991943 7.60286092758179 10.1383905410767 15.7798633575439 16.0088634490967 4.60222148895264 -0.381837964057922 -1.61502051353455 0.774113833904266 3.03039503097534 4.40674781799316 5.21520137786865 5.62671756744385 5.46483755111694 4.75073480606079 -0.267890363931656 -1.2310277223587 -1.05948567390442 -0.941576361656189 -0.872805416584015 -0.893679201602936 -0.944812476634979 -1.07474303245544 -1.01281225681305 -0.857143521308899
6.1625919342041 8.57119178771973 10.4763832092285 7.61013603210449 8.27123641967773 8.24274253845215 1.97438061237335 -0.21074666082859 -3.02494692802429 -3.52514100074768 -3.46090030670166 -2.70515632629395 -2.06150245666504 -1.49141764640808 -0.739247918128967 0.11925096064806 1.33103811740875 2.76530909538269 4.97035217285156 6.91451263427734 7.93401193618774 9.87380695343018 12.6018857955933 14.8336610794067 6.65849542617798 -0.352148920297623 -1.78483581542969 -1.65032529830933 -0.821699142456055 1.57463729381561 4.17339515686035 6.22758388519287 6.56587076187134 5.67824554443359 2.66895437240601 -1.39912641048431 -1.25833582878113 -0.942926943302155 -0.764271974563599 -0.659730970859528 -0.601131975650787 -0.626562178134918 -0.686040580272675 -0.575045764446259 -0.473320841789246
7.25020694732666 10.221960067749 8.36913681030273 5.56076574325562 5.74719905853271 2.30081653594971 -0.919683933258057 -1.76142549514771 -3.29666018486023 -3.33107376098633 -3.1867356300354 -2.7662308216095 -2.15199422836304 -1.74094939231873 -0.848952233791351 0.749865531921387 2.45188760757446 3.9676628112793 5.79972314834595 8.10058689117432 12.7360000610352 12.3128070831299 9.684006690979 8.41859722137451 2.5458984375 -0.814264714717865 -1.78352606296539 -1.60959994792938 -1.39585518836975 0.413663983345032 3.51417756080627 4.91755628585815 2.52781295776367 -0.278476744890213 -1.4442343711853 -1.37605500221252 -1.15029621124268 -0.891057252883911 -0.623606860637665 -0.45881250500679 -0.381765931844711 -0.325099527835846 -0.258287340402603 -0.212102651596069 -0.166276544332504
10.50572681427 10.2912855148315 5.35443258285522 3.88974332809448 2.35304522514343 -0.47175869345665 -2.11031126976013 -2.8545618057251 -3.12543964385986 -3.09230470657349 -2.98434376716614 -2.60513067245483 -2.36899256706238 -1.45334339141846 0.315994918346405 1.57394063472748 3.4457094669342 4.95395803451538 6.80496788024902 10.7080640792847 12.6815481185913 7.15551328659058 3.50212931632996 3.09265875816345 0.338420927524567 -1.85337400436401 -1.7438622713089 -1.56805610656738 -1.34606444835663 0.417430907487869 1.97656095027924 -0.114791512489319 -1.45138251781464 -1.42246866226196 -1.362868309021 -1.24623668193817 -1.06220483779907 -0.875706553459167 -0.566187977790833 -0.373172432184219 -0.224731206893921 -0.106874026358128 -0.0570250935852528 -0.0635062977671623 -0.0866261944174767
7.10023784637451 3.17101263999939 1.21660971641541 1.30998468399048 0.240175366401672 -0.138335645198822 -0.0499881915748119 -1.4787677526474 -2.51224327087402 -2.18970489501953 -2.06005859375 -2.03132772445679 -2.00116801261902 -0.975797593593597 1.46652793884277 4.02532339096069 5.25562000274658 6.29740905761719 7.38884449005127 12.9799938201904 9.12822246551514 2.51123094558716 0.0766081586480141 0.594724655151367 -1.31844186782837 -1.84753501415253 -1.75998115539551 -1.57324242591858 -1.31087565422058 -0.811890959739685 -1.24607753753662 -1.31438660621643 -1.33265852928162 -1.27110767364502 -1.14496672153473 -1.04597187042236 -0.882380127906799 -0.740880846977234 -0.466827899217606 -0.235051780939102 -0.0436097607016563 0.0466832369565964 0.068932332098484 0.0758702158927917 0.0920947715640068
6.60134935379028 4.17911720275879 1.83603429794312 1.30034303665161 0.892567932605743 0.683359444141388 1.0499302148819 2.6921820640564 1.2047826051712 -1.64795351028442 -1.65790271759033 -1.5225465297699 -1.4704681634903 -0.737023413181305 2.0881130695343 5.51019525527954 9.24096870422363 10.7550058364868 9.93540287017822 10.9011354446411 4.89567470550537 0.145102381706238 -0.200005605816841 0.723601102828979 -1.35410404205322 -1.76635134220123 -1.68209636211395 -1.52403450012207 -1.30602836608887 -1.19740307331085 -1.16731202602386 -1.15064918994904 -1.10835444927216 -0.997335851192474 -0.868425369262695 -0.719383358955383 -0.577172935009003 -0.407908320426941 -0.193487524986267 -0.0121436975896358 0.12372974306345 0.184270963072777 0.19803749024868 0.210451915860176 0.25663486123085
8.36398983001709 6.72257089614868 4.59526491165161 2.68524861335754 2.21090078353882 1.9488183259964 3.35698771476746 5.09148168563843 -0.259170979261398 -1.48498678207397 -1.38599848747253 -1.09566366672516 -0.81386786699295 0.0835407450795174 2.24927878379822 6.78964424133301 10.7956733703613 15.5223331451416 12.3792304992676 8.52466106414795 3.38729000091553 -0.0442596711218357 -1.80031991004944 -1.7658543586731 -1.77122890949249 -1.72658681869507 -1.54824948310852 -1.41807878017426 -1.32535588741302 -1.1834534406662 -1.05351591110229 -0.882197558879852 -0.778544843196869 -0.647638618946075 -0.535046875476837 -0.397510528564453 -0.242366343736649 -0.0802202448248863 0.0751886665821075 0.205623835325241 0.273315787315369 0.295339792966843 0.313319683074951 0.329393565654755 0.355036199092865
13.6374359130859 10.5204677581787 9.23686981201172 6.97476005554199 4.45382022857666 3.72966003417969 4.45280075073242 2.058274269104 -2.79002118110657 -3.0055558681488 -1.98958539962769 -0.92125141620636 -0.247845068573952 0.874032437801361 2.41234946250916 5.7601466178894 14.9966239929199 15.9739446640015 4.70522165298462 4.49863052368164 4.29208040237427 2.77074956893921 0.149403974413872 -1.70582759380341 -1.66014289855957 -1.62933254241943 -1.50406992435455 -1.28941488265991 -1.2400358915329 -1.0896475315094 -0.973790228366852 -0.653157711029053 -0.500388622283936 -0.421375334262848 -0.260300695896149 -0.0828928872942924 0.0549243092536926 0.180511057376862 0.278113722801208 0.331970036029816 0.36496701836586 0.384675472974777 0.400339335203171 0.424391359090805 0.44792115688324
21.1567039489746 18.4987831115723 12.6656455993652 7.64472246170044 5.67612075805664 5.26437425613403 3.90135812759399 -1.55938673019409 -3.40251564979553 -3.32646036148071 -2.60113763809204 -1.24241125583649 0.603014886379242 1.75863528251648 2.72343850135803 6.16342926025391 11.7577104568481 5.90017652511597 -0.263891458511353 2.39979243278503 4.87250709533691 4.18840789794922 1.07920491695404 -1.63980948925018 -1.55926036834717 -1.51388645172119 -1.41400241851807 -1.1629890203476 -1.02583587169647 -0.860457301139832 -0.707430183887482 -0.470899283885956 -0.286035388708115 -0.140245676040649 0.0102032413706183 0.198291286826134 0.279346257448196 0.32725116610527 0.35430172085762 0.411409944295883 0.449075818061829 0.461467057466507 0.467390179634094 0.501269519329071 0.529270589351654
17.7289390563965 16.0242309570312 11.2334671020508 8.2401876449585 5.39004039764404 2.39616990089417 -0.684428691864014 -3.3700954914093 -3.31729960441589 -3.29453730583191 -3.11660766601562 -1.35658848285675 1.07889986038208 2.96366143226624 3.8352484703064 3.5581750869751 5.69827318191528 1.33504700660706 -0.883257925510406 1.03616094589233 4.34738492965698 1.51268839836121 -1.93370985984802 -1.71237909793854 -1.52309858798981 -1.43206536769867 -1.31822001934052 -1.05143487453461 -0.789992094039917 -0.538476884365082 -0.347685605287552 -0.183269634842873 -0.0101418877020478 0.14892166852951 0.265643835067749 0.370587587356567 0.433601707220078 0.424336075782776 0.436319053173065 0.481896162033081 0.525446712970734 0.526142120361328 0.534573197364807 0.571340322494507 0.592879295349121
8.02180480957031 2.91940379142761 1.61944091320038 3.77390742301941 3.52345085144043 1.20768928527832 -0.949818015098572 -2.6796247959137 -2.49272561073303 -3.09755277633667 -2.93532180786133 -0.263736665248871 2.22180080413818 4.12072420120239 5.61740636825562 5.40649080276489 4.57477235794067 2.32710480690002 -0.158103778958321 -0.95742255449295 -0.971270143985748 -2.22361302375793 -2.02675366401672 -1.71638441085815 -1.44164848327637 -1.25278508663177 -1.02711641788483 -0.65783417224884 -0.504000127315521 -0.265371531248093 -0.059986274689436 0.110069327056408 0.256814002990723 0.360931128263474 0.447509378194809 0.510388493537903 0.537016689777374 0.510106921195984 0.494274258613586 0.533665955066681 0.613187193870544 0.607500195503235 0.602224051952362 0.626988410949707 0.655832171440125
1.66823840141296 -3.5374608039856 -3.47123742103577 -1.90674614906311 -2.63666486740112 -3.67057204246521 -3.44595074653625 -3.29387235641479 -3.18654322624207 -3.0627281665802 -2.91327238082886 -0.690946817398071 2.55927324295044 5.68009519577026 7.07772302627563 9.73329067230225 7.78873729705811 4.54997062683105 0.574499309062958 -1.36057221889496 -1.99635815620422 -2.17152190208435 -1.99111413955688 -1.69946265220642 -1.38403391838074 -0.932658731937408 -0.635638833045959 -0.374544441699982 -0.253049790859222 -0.00424556247889996 0.195426806807518 0.30606946349144 0.384333401918411 0.452745825052261 0.526315987110138 0.595287799835205 0.591128587722778 0.570798575878143 0.570559561252594 0.628757357597351 0.704661905765533 0.686697721481323 0.68278306722641 0.673804998397827 0.701623141765594
-1.10724818706512 -4.29265689849854 -4.18014144897461 -4.05622529983521 -3.95252156257629 -3.77414870262146 -3.51983523368835 -3.33414626121521 -3.18961715698242 -3.09333729743958 -2.90326642990112 -1.56286776065826 2.39779806137085 6.27462720870972 11.6064586639404 12.2853097915649 5.91529560089111 2.55297422409058 -1.45077478885651 -2.44008016586304 -2.28289866447449 -2.09883761405945 -1.8620730638504 -1.64314842224121 -1.18766164779663 -0.607570767402649 -0.240985631942749 -0.0669423937797546 0.0351606048643589 0.216494590044022 0.341513395309448 0.417704731225967 0.458185404539108 0.505073130130768 0.584653317928314 0.645907044410706 0.652302384376526 0.646609365940094 0.665743112564087 0.722303569316864 0.765129923820496 0.769822299480438 0.747131049633026 0.737460613250732 0.746834516525269
