slauniainen/Data/DEM/Vihti_dem1500b_cl_horizonAngle_48.asc
NCOLS 196 
NROWS 178 
XLLCORNER 353680 
YLLCORNER 6699024 
CELLSIZE 16 
NODATA_value -3.4e+38 
[rows 80 to 99 of 178, columns 45 to 89 of 196]
0.483471512794495 0.457929104566574 0.422845512628555 0.410590827465057 0.386042773723602 0.455159455537796 0.586460292339325 0.802229464054108 1.03836846351624 1.24213409423828 1.52305853366852 1.75516712665558 2.05177283287048 2.42111754417419 2.99770903587341 3.5756356716156 4.06267547607422 4.35445880889893 4.9617338180542 5.31638813018799 5.82362174987793 6.71778059005737 4.84383249282837 2.17888951301575 1.20140314102173 1.26139235496521 1.42271828651428 1.60494589805603 1.763063788414 2.16580653190613 2.55588245391846 2.95830059051514 3.36062836647034 3.58868932723999 3.66072249412537 3.71223139762878 3.71270418167114 3.75949478149414 3.7618842124939 3.8457887172699 3.79282283782959 4.95361995697021 5.72675943374634 6.44110012054443 7.25580453872681
0.351895570755005 0.400976359844208 0.358784168958664 0.416292458772659 0.530814290046692 0.553233742713928 0.759950459003448 0.968296587467194 1.12242305278778 1.38333070278168 1.61570286750793 1.91196084022522 2.2207202911377 2.65459752082825 3.13063454627991 3.63154006004333 3.88963150978088 4.14000082015991 4.21059417724609 4.58690166473389 5.22399044036865 5.96466159820557 5.96629524230957 3.6100709438324 2.16499042510986 1.42216539382935 1.66980600357056 2.00964403152466 2.11489629745483 2.38510322570801 2.61386799812317 2.97823190689087 3.18809652328491 3.36936950683594 3.48702788352966 3.50969481468201 3.56218266487122 3.5510139465332 3.61282753944397 3.52099943161011 4.44051313400269 5.12720441818237 5.73891735076904 6.45608425140381 7.24753570556641
0.268607318401337 0.329532593488693 0.360188543796539 0.491842597723007 0.689979135990143 0.716441571712494 0.881901502609253 1.01109766960144 1.27132070064545 1.49291586875916 1.71508848667145 1.98947656154633 2.46421432495117 2.84240770339966 3.26021003723145 3.44846415519714 3.38975477218628 3.56750106811523 3.83079600334167 3.84429621696472 4.24485301971436 4.82551431655884 5.20754241943359 4.69971513748169 3.5005509853363 2.26326251029968 2.03786063194275 2.37956786155701 2.49837636947632 2.58121633529663 2.76579809188843 2.89345097541809 3.0136513710022 3.15719890594482 3.28734588623047 3.35357904434204 3.36893701553345 3.41889357566833 3.30303573608398 3.96235108375549 4.47474479675293 5.07231760025024 5.73276567459106 6.4649076461792 7.01983308792114
0.240299671888351 0.281691044569016 0.402599006891251 0.604340314865112 0.768400073051453 0.856432139873505 0.911575317382812 1.15655291080475 1.37881088256836 1.5936473608017 1.84648489952087 2.2161328792572 2.50872611999512 2.88956022262573 3.05100607872009 3.10436940193176 3.23749423027039 3.02798771858215 3.26699161529541 3.43061542510986 3.58551406860352 3.48341155052185 3.60502934455872 3.35727643966675 3.19401788711548 2.03654980659485 2.34784173965454 2.57719421386719 2.86583471298218 2.75851511955261 2.75257158279419 2.79007005691528 2.85311627388 2.98843050003052 3.12571263313293 3.16804599761963 3.21990418434143 3.14462852478027 3.72210311889648 4.07800149917603 4.64525079727173 5.04986333847046 5.54178142547607 6.15607118606567 6.93523597717285
0.217691645026207 0.286138445138931 0.485633879899979 0.691727817058563 0.796166300773621 1.01530468463898 1.10325241088867 1.2815033197403 1.47831463813782 1.67509269714355 1.98216903209686 2.22830510139465 2.57162022590637 2.69609069824219 2.71258497238159 2.82468509674072 2.78051042556763 2.81206750869751 3.01891708374023 2.90520262718201 2.79266738891602 2.64706206321716 2.66318416595459 2.43935489654541 2.03414249420166 2.32010221481323 2.52565455436707 2.73818063735962 2.89494180679321 3.10229969024658 2.70944690704346 2.67867517471313 2.73411512374878 2.87709736824036 2.96245336532593 3.02732992172241 3.38526034355164 3.54228734970093 3.86080932617188 4.17931318283081 4.38477659225464 4.62756681442261 5.11380386352539 5.67839527130127 6.60630226135254
0.18560816347599 0.349810361862183 0.498859256505966 0.67494785785675 0.954798221588135 1.08131086826324 1.25324082374573 1.33403933048248 1.48454904556274 1.76234447956085 1.99867022037506 2.32073545455933 2.42164421081543 2.44003987312317 2.50068020820618 2.47474718093872 2.38067817687988 2.34200620651245 2.57056736946106 2.6909294128418 2.22553086280823 1.93007636070251 1.66972923278809 1.97890520095825 2.2834575176239 2.45457816123962 2.65806341171265 2.71312570571899 2.7382698059082 3.1415638923645 2.63864016532898 2.59656095504761 2.62982487678528 2.72232007980347 2.83857727050781 3.12552618980408 3.50192618370056 3.95898175239563 4.02073383331299 4.23149633407593 4.39560985565186 4.6361141204834 4.85919666290283 5.37238597869873 6.33317613601685
0.140621572732925 0.39512836933136 0.520041406154633 0.757336616516113 0.950552105903625 1.1774297952652 1.25654125213623 1.34192550182343 1.56708443164825 1.81811606884003 2.11709594726562 2.16897416114807 2.19870686531067 2.24661660194397 2.22294783592224 2.10436749458313 2.04311442375183 2.1021146774292 2.05037927627563 2.10684871673584 1.87363135814667 1.60791504383087 1.8803905248642 2.14760732650757 2.3024480342865 2.47922539710999 2.50563669204712 2.59748506546021 2.59903860092163 2.58030462265015 2.50084733963013 2.51425671577454 2.51273584365845 2.55300211906433 2.77766871452332 3.20581841468811 3.68032884597778 3.99523162841797 4.1681981086731 4.2090163230896 4.44585180282593 4.57640409469604 4.86066007614136 5.26888513565063 6.22856283187866
0.178303107619286 0.385427862405777 0.62360692024231 0.774092614650726 0.942016661167145 1.0868809223175 1.33939337730408 1.4590060710907 1.66187083721161 1.91337990760803 1.97810733318329 2.0251932144165 2.07796311378479 2.04925632476807 1.91791069507599 1.83041036128998 1.85601341724396 1.78688406944275 1.61302411556244 1.43659138679504 1.59691286087036 1.87695872783661 2.10875272750854 2.24151539802551 2.42632365226746 2.4528694152832 2.44797682762146 2.45603656768799 2.46280097961426 2.45209431648254 2.42046689987183 2.4037721157074 2.41058659553528 2.39214944839478 2.73026084899902 3.30635452270508 3.69144177436829 3.9635214805603 4.23055601119995 4.30121660232544 4.30021333694458 4.53838109970093 4.79958152770996 5.29836320877075 6.30495023727417
0.180151060223579 0.358232885599136 0.572978377342224 0.790420055389404 0.910089015960693 1.08742105960846 1.30313348770142 1.379798412323 1.6141060590744 1.66906094551086 1.7380576133728 1.79776692390442 1.83395254611969 1.74845790863037 1.68815541267395 1.63752162456512 1.54234683513641 1.35886812210083 1.3814936876297 1.54408800601959 1.82266306877136 2.08972883224487 2.15011882781982 2.22952032089233 2.33160257339478 2.40033960342407 2.38179016113281 2.3577196598053 2.33454322814941 2.34248566627502 2.34546184539795 2.23953223228455 2.37045073509216 2.48091721534729 2.84269022941589 3.23859524726868 3.61524987220764 3.97957539558411 4.11240530014038 4.2298321723938 4.29282474517822 4.35796499252319 4.6838755607605 5.52562189102173 6.25095558166504
0.224519371986389 0.368629306554794 0.582262992858887 0.757097005844116 0.957176327705383 1.14157688617706 1.30261015892029 1.38004994392395 1.40710127353668 1.42877864837646 1.43043839931488 1.44573783874512 1.39101731777191 1.35439312458038 1.26473987102509 1.21714961528778 1.19696950912476 1.32107138633728 1.5009548664093 1.76210880279541 2.01360774040222 2.63324308395386 5.03238582611084 2.25306582450867 2.29069972038269 2.26969838142395 2.26315879821777 2.251877784729 2.24923253059387 2.24334144592285 2.14737200737 2.31658124923706 3.2410454750061 2.67783403396606 2.76729297637939 3.06090331077576 3.48830914497375 3.82532930374146 4.06426811218262 4.09006834030151 4.11166715621948 4.50253486633301 4.89945983886719 5.47955465316772 6.06259441375732
0.19056037068367 0.3733189702034 0.506576180458069 0.648934960365295 0.976962685585022 1.16438686847687 1.14967656135559 1.21270024776459 1.2590765953064 1.22101247310638 1.2071316242218 1.11744618415833 1.02916896343231 0.923651814460754 0.882897734642029 0.943207383155823 1.2277147769928 1.425736784935 1.67410218715668 1.93171072006226 2.08658170700073 2.3775429725647 2.23341751098633 2.21770215034485 2.18594479560852 2.1885142326355 2.16910552978516 2.16745734214783 2.1716902256012 2.0627646446228 2.18556022644043 2.43035984039307 3.64747595787048 2.62520408630371 2.48540544509888 2.81105804443359 3.17482328414917 3.63485455513 3.97118210792542 3.96346163749695 4.18721961975098 4.46384763717651 4.69405031204224 5.2175726890564 5.86603498458862
0.215041443705559 0.313221395015717 0.421851843595505 0.591767132282257 0.789553701877594 0.983714520931244 1.02020061016083 0.978448748588562 0.998070180416107 0.964691817760468 0.895914971828461 0.787562251091003 0.672348856925964 0.543237924575806 0.539738297462463 0.794190764427185 1.06116342544556 1.57080769538879 1.81371879577637 1.96620857715607 2.13967323303223 2.15080618858337 2.1393620967865 2.09074831008911 2.11251711845398 2.0856237411499 2.09300994873047 2.08608031272888 2.00196671485901 2.1037073135376 2.30610799789429 2.64484405517578 4.47824287414551 3.09773445129395 2.47789978981018 2.63071203231812 2.99776673316956 3.45355486869812 3.80451369285583 4.08449697494507 4.17934799194336 4.31164884567261 4.57584381103516 4.91395616531372 5.21344947814941
0.177550911903381 0.289252370595932 0.496544629335403 0.635135471820831 0.686120629310608 0.826731324195862 0.772111356258392 0.75381988286972 0.70913964509964 0.68328595161438 0.637306272983551 0.510133147239685 0.34308460354805 0.257782429456711 0.387750089168549 0.647782623767853 0.833389341831207 1.35600554943085 1.84380722045898 2.00845408439636 2.03154826164246 2.04388165473938 1.99964249134064 1.98339438438416 1.99150228500366 2.01828813552856 2.00892686843872 1.93164098262787 2.01336431503296 2.22076392173767 2.53465747833252 3.42314910888672 7.48676919937134 5.56982755661011 2.59817171096802 2.70264554023743 2.93453431129456 3.32835483551025 3.8721296787262 4.10962438583374 4.15788698196411 4.3019814491272 4.46292972564697 4.5975399017334 4.7192530632019
0.182913079857826 0.309213042259216 0.465850174427032 0.57554703950882 0.616807818412781 0.595051765441895 0.602267980575562 0.502457439899445 0.401636213064194 0.356591701507568 0.30214849114418 0.219960048794746 0.121397532522678 0.0393493622541428 0.277494609355927 0.438251286745071 0.666926205158234 0.98677009344101 1.54996633529663 1.90735840797424 1.92246854305267 1.90312278270721 1.90200138092041 1.8679051399231 1.87169301509857 1.93190395832062 1.87286341190338 1.98970139026642 2.11603260040283 2.41498422622681 2.58408999443054 5.28145599365234 8.58706760406494 7.77076816558838 4.86355972290039 3.89379119873047 3.08801698684692 3.5620744228363 3.84955906867981 4.0116081237793 4.19247817993164 4.33202505111694 4.35215044021606 4.37525320053101 4.45466136932373
0.221094593405724 0.320296972990036 0.358598291873932 0.399775326251984 0.402937561273575 0.43272539973259 0.378629565238953 0.220612034201622 0.123314909636974 0.0149164889007807 0.0254462454468012 -0.00358315324410796 -0.0589189492166042 -0.0568023063242435 0.124716266989708 0.306897133588791 0.518559515476227 0.747937440872192 1.13119792938232 1.52582502365112 1.76341760158539 1.78806281089783 1.77983796596527 1.78931748867035 1.78212833404541 1.73332154750824 1.98567581176758 2.27338767051697 2.31070518493652 2.46352410316467 3.50867295265198 5.35946273803711 7.07137727737427 7.61161613464355 5.1412148475647 3.14969182014465 3.43556976318359 3.69450187683105 3.78891181945801 3.93652081489563 4.10916805267334 4.17961168289185 4.21558523178101 4.22664451599121 4.24947929382324
0.239673912525177 0.249711290001869 0.239617139101028 0.22816213965416 0.254454106092453 0.236024498939514 0.114898219704628 0.00727461231872439 -0.157759487628937 -0.213077157735825 -0.197239503264427 -0.173075810074806 -0.162768602371216 -0.0849649086594582 0.0125431409105659 0.197965368628502 0.397582530975342 0.592792809009552 0.840958535671234 1.23342823982239 1.51096951961517 1.65544056892395 1.69759488105774 1.70632100105286 1.64908707141876 1.83236336708069 2.17274689674377 2.31952047348022 2.50661492347717 2.68365263938904 3.87858748435974 4.85987091064453 5.25108432769775 4.72538423538208 3.38880133628845 3.34666872024536 3.57040143013 3.72328615188599 3.80111265182495 3.86630749702454 3.92615723609924 3.99086475372314 4.05428886413574 4.0467963218689 3.82104778289795
0.196577772498131 0.164978221058846 0.128662750124931 0.108823284506798 0.0645688325166702 -0.00949064362794161 -0.0737481638789177 -0.227302983403206 -0.276387959718704 -0.305358409881592 -0.288286447525024 -0.255785912275314 -0.201245352625847 -0.124169297516346 -0.0869723334908485 0.116182826459408 0.302877515554428 0.487885117530823 0.699841916561127 0.988971292972565 1.32010781764984 1.52238440513611 1.62573039531708 1.58973777294159 1.75182604789734 2.06447076797485 2.23811149597168 2.39997529983521 2.89284181594849 3.17607593536377 3.90648984909058 3.91742134094238 3.6012122631073 3.0676109790802 3.28446698188782 3.4174530506134 3.55976796150208 3.72518658638 3.80818033218384 3.77499556541443 3.77187061309814 3.80607151985168 3.84298634529114 3.62765216827393 3.3989417552948
0.117154747247696 0.0694088563323021 0.0221467819064856 -0.0552380681037903 -0.173978298902512 -0.211046159267426 -0.304671466350555 -0.348870426416397 -0.366353511810303 -0.381799250841141 -0.373698770999908 -0.347346991300583 -0.265705496072769 -0.287124663591385 -0.157312393188477 0.04996457695961 0.244008630514145 0.410622477531433 0.602490425109863 0.849480986595154 1.11302661895752 1.3532782793045 1.50134253501892 1.6704934835434 1.97314953804016 2.13236594200134 2.31190299987793 2.51932406425476 2.62085843086243 2.90812420845032 3.22246217727661 2.94684600830078 2.92470407485962 3.10672855377197 3.24108290672302 3.3452205657959 3.51325440406799 3.67044615745544 3.70940279960632 3.68588447570801 3.66127038002014 3.63581013679504 3.45181035995483 3.22535109519958 3.24753642082214
0.0104981902986765 -0.0217159353196621 -0.0931647121906281 -0.268764913082123 -0.352311044931412 -0.450427740812302 -0.463062405586243 -0.495047241449356 -0.470493018627167 -0.451499372720718 -0.438535869121552 -0.4075568318367 -0.40459418296814 -0.381658107042313 -0.27365443110466 -0.0976978540420532 0.144235581159592 0.330390632152557 0.508956968784332 0.737183749675751 0.98105251789093 1.3939311504364 1.57635653018951 1.8712967634201 2.02641177177429 2.20286822319031 2.37637829780579 2.52774286270142 2.64580106735229 2.76829862594604 2.84626889228821 2.91094160079956 2.94182443618774 2.90571236610413 2.97013187408447 3.15297842025757 3.37883043289185 3.51875686645508 3.5684597492218 3.52637577056885 3.49837422370911 3.29502129554749 3.07500314712524 3.1284236907959 3.13233017921448
-0.125246345996857 -0.136375099420547 0.126121878623962 -0.394152641296387 -0.567268669605255 -0.578393816947937 -0.581377446651459 -0.560959339141846 -0.521040260791779 -0.454663574695587 -0.433077126741409 -0.497848629951477 -0.512984752655029 -0.476166367530823 -0.401798784732819 -0.303858011960983 0.00153818738181144 0.267322063446045 0.454616457223892 0.757497191429138 1.31701874732971 1.5035103559494 1.77917778491974 1.92174279689789 2.09363698959351 2.25697493553162 2.40429949760437 2.53261351585388 2.68305373191833 2.70264720916748 2.89768743515015 2.87721037864685 2.71545886993408 2.58192729949951 2.6616644859314 2.86393737792969 3.09624314308167 3.28194427490234 3.31841254234314 3.34516906738281 3.15156197547913 2.97107577323914 3.01671051979065 3.02233910560608 3.01321959495544
