slauniainen/Data/DEM/Vihti_dsm1500b_cl_horizonAngle_120.asc
NCOLS 196 
NROWS 178 
XLLCORNER 353680 
YLLCORNER 6699024 
CELLSIZE 16 
NODATA_value -3.4e+38 
[rows 0 to 19 of 178, columns 46 to 91 of 196]
5.72428178787231 5.67249822616577 8.53244113922119 9.88418483734131 9.7744140625 18.8919620513916 10.7590923309326 5.60049486160278 15.4832057952881 4.40051698684692 -0.844500601291656 6.38804292678833 12.2770948410034 19.7409076690674 -2.45487022399902 3.48869109153748 10.1730508804321 36.1420783996582 1.97196471691132 3.55445003509521 -1.61812686920166 -0.121711045503616 0.0611187815666199 5.41641283035278 6.68507719039917 6.64349365234375 12.5559940338135 20.9058456420898 8.75860404968262 1.12558627128601 2.28525114059448 0.896034717559814 9.42313289642334 3.13728857040405 0.949882447719574 1.64672255516052 3.52909088134766 5.87952375411987 10.9205474853516 18.2567462921143 22.7902030944824 12.6078100204468 5.09158515930176 -0.951520621776581 5.41189193725586 14.0699882507324
13.4388093948364 16.7502250671387 17.4030742645264 25.7054462432861 32.337287902832 39.713565826416 11.7446422576904 11.9551830291748 15.1773929595947 6.03025102615356 2.27752447128296 3.52946639060974 0.33364936709404 -1.06849384307861 0.641152918338776 0.54411393404007 -1.97313642501831 32.3840026855469 -1.96241056919098 -2.40504956245422 -1.52602910995483 -0.518395781517029 1.8644688129425 1.83486330509186 3.8657648563385 13.2132062911987 13.6732959747314 17.5610122680664 6.32284307479858 2.68096375465393 3.33528971672058 4.32676649093628 9.71200847625732 2.1625075340271 3.10025906562805 4.62637281417847 7.80811738967896 5.72236633300781 10.6449899673462 2.16254925727844 9.16287422180176 14.4626016616821 8.16367626190186 1.72191667556763 1.01919448375702 6.85335636138916
16.3229713439941 20.4888229370117 26.8848857879639 33.9575691223145 35.7234535217285 16.4113731384277 18.1806869506836 17.5761604309082 9.56056118011475 0.378787666559219 -2.34938216209412 2.99103212356567 -0.938231408596039 -0.641405344009399 -0.413207799196243 -1.01437294483185 -0.89065408706665 29.033597946167 -1.05774199962616 -1.25034964084625 -0.652839064598083 5.02625513076782 4.53154611587524 2.16764879226685 5.93571710586548 7.83743953704834 16.2723693847656 23.8080272674561 14.1568231582642 6.87044668197632 1.10744524002075 -1.60366880893707 -1.29373669624329 1.94980788230896 4.81529378890991 10.9253492355347 19.8214321136475 10.8280773162842 8.87796401977539 3.40153670310974 2.98668074607849 11.401930809021 2.06327891349792 -4.2815523147583 -3.92615532875061 0.105716750025749
17.5071716308594 21.9672203063965 29.2663917541504 39.4940490722656 14.0831356048584 22.0804710388184 23.3783206939697 3.69465494155884 2.57921433448792 0.0416681952774525 0.726786613464355 7.97642183303833 -1.90744233131409 -0.875076949596405 -0.336564838886261 9.60743618011475 1.78254234790802 16.2463893890381 1.04913771152496 -0.736006379127502 8.86722564697266 6.87554121017456 0.613880455493927 20.4778842926025 16.0677642822266 8.87125015258789 5.96061897277832 2.95653223991394 12.4548635482788 -2.31743502616882 -1.58093202114105 -2.92541813850403 -1.12895250320435 0.701827943325043 14.8281373977661 15.7536602020264 9.70240592956543 3.51615595817566 -4.10115194320679 1.69170641899109 6.55319499969482 13.2697792053223 -1.95318579673767 -4.36772346496582 -3.8522527217865 -3.6103732585907
20.1962299346924 23.1737155914307 29.6559200286865 43.9084358215332 7.03785991668701 11.1262359619141 4.93366813659668 2.08701038360596 4.29975032806396 4.37316465377808 14.3732290267944 9.00990009307861 2.33564519882202 -0.244190663099289 0.00825437065213919 0.446952372789383 0.231431052088737 2.43167781829834 4.32643985748291 8.21812438964844 7.77334213256836 0.418083727359772 6.59233427047729 12.1900863647461 14.2152891159058 0.0599945560097694 9.05228519439697 9.06795597076416 9.42462348937988 12.7716188430786 -0.269450098276138 3.56036710739136 1.1307612657547 24.4732322692871 28.6371059417725 5.02413702011108 6.45303106307983 -4.2539176940918 -0.101569905877113 2.36440849304199 -1.11863422393799 -4.47578144073486 -4.43084716796875 -4.1522970199585 -3.46417236328125 -3.08215689659119
19.7665100097656 27.1286220550537 41.092716217041 15.0080127716064 7.07571363449097 9.24987602233887 5.96727180480957 3.59074544906616 3.46157097816467 -2.1544406414032 -3.22089409828186 -3.36739087104797 -2.6798791885376 -2.76769757270813 -1.59119832515717 1.17819142341614 7.99932527542114 3.24259471893311 5.68322801589966 7.84597396850586 4.34928560256958 6.14673471450806 13.760950088501 7.48928833007812 13.7990846633911 3.33039927482605 5.97758340835571 0.899591445922852 2.36254358291626 5.08850574493408 -0.696193933486938 6.67815017700195 11.4765377044678 27.8185482025146 3.59516310691833 0.135072186589241 -1.84922289848328 -4.10075283050537 -3.96726679801941 -3.78752779960632 -4.1332106590271 -4.12638854980469 -4.08119058609009 -3.48214268684387 -2.85966062545776 2.47768974304199
26.2751808166504 40.1173896789551 40.383487701416 9.90255832672119 14.1619844436646 4.45684099197388 6.49899005889893 8.70980930328369 3.64627146720886 -2.34812235832214 -2.06372570991516 -1.97822821140289 -2.70359420776367 -1.33254444599152 2.67323970794678 2.92697906494141 5.56976890563965 17.7584762573242 8.31740570068359 6.60286521911621 7.66130113601685 13.464147567749 12.2076148986816 22.156099319458 18.1892337799072 2.66909313201904 -0.123903080821037 1.17517197132111 2.54028010368347 3.11710214614868 9.93255805969238 14.7718391418457 8.65536880493164 6.48277854919434 3.8955237865448 4.60429811477661 -3.92491984367371 -3.8753674030304 -3.45189809799194 -3.74483823776245 -3.53670144081116 -3.54333758354187 -3.59182286262512 -3.14897489547729 -2.13243365287781 -2.28295922279358
38.2219314575195 45.7119216918945 9.36609554290771 8.93706893920898 14.0707111358643 10.6875047683716 12.3213815689087 9.10882759094238 -2.39625239372253 -2.44575667381287 2.68175411224365 -1.18988239765167 2.62299680709839 3.07050657272339 0.690132856369019 3.9942626953125 7.94981718063354 6.08049535751343 16.8931121826172 8.23812389373779 11.4030313491821 14.9553709030151 25.2966766357422 20.7928009033203 2.83732533454895 -4.19132089614868 -2.30863976478577 5.56861066818237 7.66041135787964 4.85527181625366 13.9102039337158 8.31127262115479 0.702268838882446 9.27679634094238 2.26306962966919 -3.9301905632019 -3.92246150970459 -3.60589671134949 -3.34702396392822 -2.77255940437317 -3.00798773765564 13.2250823974609 0.824853122234344 9.55825996398926 -2.36257982254028 -1.93446743488312
32.3108177185059 11.4504776000977 7.79024696350098 17.8562545776367 14.3243370056152 5.0009913444519 -1.80741834640503 -1.90670323371887 -1.3371319770813 0.0619392767548561 1.99248313903809 -0.469950824975967 6.60777425765991 -0.999102592468262 -0.276812672615051 2.27735209465027 9.75756359100342 13.3298444747925 13.3856372833252 43.0732498168945 33.6877212524414 12.0462760925293 25.9109859466553 6.90817642211914 -0.630053758621216 -3.13960814476013 -1.87508368492126 -1.29866659641266 8.99463176727295 6.22674369812012 2.26013731956482 6.31584358215332 8.17315578460693 -3.72070980072021 -3.54619407653809 -3.72002339363098 -3.4032723903656 -2.9994637966156 -2.0297064781189 -2.24445605278015 4.71746397018433 14.2235240936279 -2.44436621665955 -2.92215919494629 -2.27569031715393 -1.51294767856598
6.00442171096802 15.9466533660889 13.1898775100708 4.48195123672485 -1.70859885215759 -1.62834656238556 1.31892108917236 2.85606837272644 -1.30038714408875 -1.17752957344055 2.92160391807556 6.89412117004395 -0.811417877674103 -1.2757933139801 -0.0973768904805183 4.70253133773804 14.7719774246216 12.4056453704834 19.6595268249512 27.1706218719482 20.2303352355957 33.1517601013184 6.42690515518188 -4.14869213104248 -3.60981011390686 -4.2587194442749 -1.14794790744781 1.0154687166214 1.7716029882431 -3.6331205368042 -3.21358871459961 6.30212497711182 -3.60763955116272 -3.67119479179382 -3.26395559310913 -3.07941675186157 -2.87796401977539 -2.88436627388 -2.20042157173157 2.64883375167847 7.09015846252441 -0.0670070946216583 -2.49269413948059 -2.00214219093323 -2.14464044570923 -0.850303769111633
12.2394800186157 11.2054204940796 15.4138479232788 3.40486788749695 6.29169797897339 12.5602788925171 8.74625015258789 -1.57526075839996 -1.73888444900513 -1.21654582023621 -0.923583149909973 -0.530061602592468 -1.86397588253021 -0.62326592206955 1.26305115222931 3.93492579460144 14.491925239563 16.7198276519775 26.0872077941895 11.7139339447021 6.40647315979004 -4.15851497650146 24.0163879394531 -3.95962023735046 -0.361928015947342 -3.82342219352722 0.389368921518326 0.869882464408875 5.71589374542236 12.1726093292236 8.43305492401123 -3.29106044769287 -3.50999355316162 -2.86468887329102 -3.13033485412598 -2.58219170570374 -2.13289189338684 -1.52338075637817 -1.73703527450562 0.204236343502998 -1.3934018611908 8.58148193359375 -1.80413997173309 -1.83677887916565 -1.79542529582977 -0.786645233631134
0.685881495475769 3.01960849761963 6.08512926101685 2.1444046497345 6.17865562438965 -3.16137218475342 -3.48238062858582 -2.77023816108704 0.739887356758118 -0.25603586435318 3.05980372428894 1.33074331283569 -0.249426946043968 0.620364964008331 3.33866882324219 9.388503074646 8.21584987640381 13.0756530761719 13.596492767334 7.39245271682739 1.75265145301819 -3.44706916809082 0.495009869337082 21.5547828674316 -1.43203806877136 3.78284692764282 -3.64491200447083 8.2965669631958 8.29783058166504 2.17499279975891 -3.65193152427673 -3.62556338310242 -3.07932209968567 0.460764050483704 1.68461501598358 2.17548871040344 -2.27361941337585 -2.00642061233521 -0.254734605550766 -1.30391919612885 -1.22329163551331 -0.946839094161987 -0.953861474990845 -1.63770627975464 -1.58559906482697 -0.710299670696259
4.28786420822144 4.28342151641846 9.78067207336426 5.11271381378174 -1.68681812286377 4.87264060974121 13.9803371429443 2.21803665161133 20.5356369018555 14.3582468032837 9.98725128173828 0.481075525283813 0.838797390460968 4.05566024780273 8.00906848907471 17.7712306976318 14.1513338088989 8.64569473266602 15.4592685699463 11.5839424133301 0.904669404029846 -0.219818204641342 -1.80789983272552 3.20016312599182 16.548755645752 -3.54856753349304 -3.53898096084595 6.42113256454468 -3.42121505737305 -3.2321789264679 -3.55817604064941 -3.22167158126831 -3.13701176643372 -2.32632374763489 -2.63048958778381 -2.1537983417511 -2.32919049263 4.72947406768799 -1.03461968898773 -1.2327960729599 -0.835563361644745 -0.834071934223175 -0.825198948383331 -0.768693447113037 -0.701173722743988 -0.615673184394836
6.52669668197632 18.9289169311523 5.34986352920532 6.80089902877808 3.43083930015564 -1.48249351978302 0.677430212497711 -3.1229875087738 4.16662836074829 -0.51181960105896 13.7462863922119 -0.990546762943268 0.65199601650238 3.19652152061462 9.6159725189209 15.258843421936 21.2176952362061 20.2915935516357 21.8901557922363 10.8558626174927 -0.936193525791168 -0.61085319519043 2.51194834709167 7.26025295257568 -3.61296772956848 13.6784219741821 -3.19417428970337 -0.396352529525757 -3.17728614807129 -3.13489818572998 -2.77719712257385 -2.58573436737061 -2.02888345718384 -1.79176664352417 -1.66763019561768 0.980163097381592 -1.41473281383514 -0.910545110702515 -1.33531713485718 -0.680314064025879 -0.71619188785553 -0.690601289272308 -0.685849547386169 -0.650581061840057 -0.594552040100098 -0.526063919067383
6.54598379135132 10.1535634994507 11.0274848937988 7.64052438735962 10.0334253311157 13.3315725326538 -1.01675295829773 3.62417101860046 8.6740779876709 8.85909748077393 -1.87412333488464 -1.72074127197266 0.322328954935074 13.2915010452271 22.7613582611084 28.0598945617676 17.5984668731689 2.83752608299255 1.52545189857483 2.34343123435974 -3.39483261108398 -3.97969961166382 -4.00534296035767 -3.98235058784485 -3.95268177986145 -3.05512189865112 14.2514600753784 -2.78122043609619 -2.61829519271851 -2.8173348903656 -1.80956315994263 -1.32929193973541 -1.4578845500946 -1.50119936466217 16.1106204986572 -0.836973309516907 -0.779075264930725 -1.21897852420807 -0.619077563285828 -0.568459451198578 -0.590194880962372 -0.584675014019012 -0.569727659225464 -0.527648687362671 -0.49775019288063 -0.438495218753815
15.5677280426025 1.86968553066254 5.69618463516235 5.01599168777466 -1.05099284648895 4.42005443572998 4.75959873199463 -0.245796591043472 -0.628420054912567 -3.80740642547607 -3.096036195755 0.000948339351452887 0.0700860843062401 5.33923101425171 26.2192459106445 14.6371879577637 3.13264226913452 1.50782907009125 5.59490299224854 15.8609437942505 7.19637012481689 -3.96263813972473 -3.81578755378723 -3.53482294082642 -3.62128376960754 -3.29953145980835 -2.51026749610901 -0.0678394883871078 -2.06505393981934 -1.59923255443573 -1.73518168926239 5.04147720336914 3.73225116729736 8.34008598327637 -1.22444701194763 -1.33857178688049 -0.480556309223175 -0.51539421081543 -0.516615331172943 -0.440896302461624 -0.421497136354446 -0.392422944307327 -0.423994302749634 -0.398439139127731 -0.31581512093544 -0.314671039581299
13.6586322784424 5.28355264663696 8.13941478729248 4.19622850418091 7.24949312210083 -1.60627281665802 -1.24744880199432 -2.81025409698486 0.686007678508759 -0.416497886180878 -3.40335583686829 -3.16898322105408 1.11629068851471 4.55184078216553 7.69816923141479 3.81191968917847 -0.779150247573853 0.665482759475708 6.95783424377441 0.810697317123413 -4.04245615005493 -4.07590818405151 -3.59137034416199 -3.2805552482605 -3.36563801765442 -3.15735650062561 -2.14275169372559 -1.31876456737518 -2.22448897361755 -0.939133822917938 -1.14331150054932 0.506480634212494 -0.981519043445587 -1.31084644794464 -0.926478743553162 0.024809081107378 -0.126479268074036 -0.418815404176712 -0.423817187547684 -0.346491634845734 -0.319219172000885 -0.29096782207489 -0.229715794324875 -0.26372817158699 -0.217207446694374 -0.197921022772789
8.43125152587891 11.1009798049927 5.45473384857178 11.8083171844482 7.91952037811279 -0.327866613864899 5.17504453659058 13.6860790252686 3.78773641586304 2.90212535858154 0.630068302154541 3.8626983165741 1.49607586860657 5.78514289855957 7.62487983703613 6.08086824417114 -3.41743969917297 -3.72454905509949 3.06968140602112 13.461745262146 2.58313202857971 1.03152215480804 -3.53323364257812 -2.50650429725647 -2.61162900924683 -2.5744891166687 -1.93759036064148 -1.05876898765564 0.892518401145935 -1.02896976470947 3.68141484260559 -0.7797611951828 -0.626449286937714 -0.829354345798492 0.320291042327881 0.301880747079849 -0.286658883094788 -0.35857230424881 -0.353889733552933 -0.262637555599213 -0.213587954640388 -0.161773100495338 -0.139812171459198 -0.0851905941963196 1.04237377643585 -0.0756109580397606
0.458932757377625 -5.20128440856934 -5.16006803512573 -4.10437631607056 -4.1618275642395 -3.35743188858032 1.29606783390045 1.10291087627411 -3.87937545776367 0.690276145935059 4.00186729431152 7.22677898406982 13.0867004394531 10.7960023880005 18.8278560638428 12.2068185806274 -3.66018867492676 7.86789274215698 -3.41330933570862 4.60940933227539 -3.70682263374329 -3.92969274520874 -3.77429127693176 -2.76495099067688 -2.21483397483826 -1.71510899066925 -1.07371687889099 -0.230112940073013 7.13130664825439 2.98590540885925 -0.818886578083038 -0.572970807552338 -0.113205157220364 -0.0961909517645836 0.0510415732860565 -0.142542332410812 -0.215399727225304 -0.240815907716751 -0.232939913868904 -0.161212980747223 -0.112906403839588 -0.0349060967564583 -0.00961789581924677 0.0283927619457245 1.22817480564117 1.14174997806549
-2.22927761077881 0.922198593616486 1.39411330223083 -4.32651901245117 -1.43717384338379 6.05499887466431 -2.62154316902161 -3.01749014854431 -3.53341007232666 -2.30380034446716 5.4737663269043 10.455454826355 14.1277751922607 13.1871881484985 25.9823417663574 14.7194948196411 -3.45264530181885 -3.36878728866577 -3.24104404449463 -1.66745948791504 13.7683620452881 0.0241406373679638 -2.62133145332336 -2.50065732002258 -1.86580729484558 8.48789691925049 0.419142007827759 7.12539291381836 -0.585128724575043 -0.784644544124603 -0.740100502967834 -0.0769986212253571 -0.0411781817674637 -0.0155020961537957 -0.0134456166997552 -0.060381181538105 -0.116458848118782 -0.131279543042183 -0.111701048910618 -0.0359386466443539 0.014244687743485 0.0727022141218185 1.89011096954346 1.17209374904633 1.1870824098587 1.33318114280701
