slauniainen/Data/DEM/Vihti_dem1500b_cl_horizonAngle_312.asc
NCOLS 196 
NROWS 178 
XLLCORNER 353680 
YLLCORNER 6699024 
CELLSIZE 16 
NODATA_value -3.4e+38 
[rows 80 to 99 of 178, columns 45 to 89 of 196]
2.31370162963867 2.60516691207886 2.57765984535217 2.18698930740356 1.61335551738739 1.29085540771484 0.997192323207855 0.925899624824524 0.889139413833618 0.863267183303833 0.809069812297821 0.780849039554596 0.819796502590179 0.806030452251434 0.823226392269135 0.80445784330368 0.917191565036774 0.956444799900055 0.931794404983521 1.01575469970703 1.1456561088562 1.01381409168243 0.740327417850494 0.852200567722321 2.28554058074951 2.57073616981506 3.07825040817261 3.2614574432373 2.99616456031799 2.36640763282776 1.91831755638123 1.94138383865356 2.00894689559937 1.89773428440094 1.46746206283569 1.0807728767395 0.683378219604492 0.257299602031708 0.131472706794739 0.0873552337288857 0.0894185975193977 0.0823667123913765 0.0680477693676949 0.0628244802355766 0.0254843011498451
2.01847863197327 2.20394039154053 2.47201156616211 2.47345495223999 2.10067749023438 1.68778347969055 1.38932609558105 1.14553952217102 0.938146591186523 0.837187588214874 0.79725968837738 0.77846086025238 0.772651016712189 0.783623337745667 0.772111058235168 0.747225165367126 0.760166049003601 0.868120610713959 0.912454843521118 0.878139317035675 0.963955044746399 1.08524203300476 0.973801493644714 1.04608750343323 2.55253100395203 2.64139747619629 2.49501180648804 2.77198243141174 2.526202917099 1.83317852020264 1.55239582061768 1.53496468067169 1.58714163303375 1.78365015983582 1.66633927822113 1.28501498699188 0.965034246444702 0.581590890884399 0.196328818798065 0.0816685259342194 0.0516833700239658 0.0543486960232258 0.0260555688291788 0.01431839261204 0.0024087936617434
1.78637552261353 1.96395492553711 2.08267140388489 2.37345600128174 2.39319801330566 2.11372947692871 1.9196742773056 1.45714867115021 1.08167779445648 0.888972222805023 0.815401971340179 0.788224756717682 0.775820910930634 0.734300494194031 0.722746551036835 0.73839008808136 0.705626428127289 0.714038848876953 0.827205777168274 0.796306729316711 0.847388505935669 0.922470152378082 1.05039703845978 1.27633905410767 2.5316789150238 2.49716019630432 2.27095866203308 2.12775278091431 2.14798903465271 1.77756440639496 1.37987148761749 1.47280180454254 1.45195889472961 1.58196461200714 1.71744084358215 1.49225234985352 1.15661954879761 0.829105615615845 0.433750361204147 0.0209150016307831 -0.0185394790023565 -0.0314101316034794 -0.0236371010541916 -0.00455493573099375 -0.0165444444864988
1.57616281509399 1.73699700832367 1.85636687278748 2.00737929344177 2.26372504234314 2.26218819618225 2.20952820777893 1.87020087242126 1.40082800388336 1.05471742153168 0.877972424030304 0.80705589056015 0.765696108341217 0.729945600032806 0.690518796443939 0.69896674156189 0.712799489498138 0.662555754184723 0.686948418617249 0.701135873794556 0.768536567687988 0.815217733383179 0.886784851551056 1.02872169017792 1.10329413414001 1.45786988735199 1.77378737926483 1.80894923210144 1.71389889717102 1.28839755058289 1.23577165603638 1.28790950775146 1.45347952842712 2.3883957862854 2.17924642562866 1.56737864017487 1.31111085414886 1.00534081459045 0.626154124736786 0.168150991201401 0.0299091339111328 -0.0886084511876106 -0.105874992907047 -0.0817341580986977 -0.0308357663452625
1.37427604198456 1.51567053794861 1.66411924362183 1.80027949810028 1.90041279792786 2.14605522155762 2.11313605308533 2.13939118385315 1.8257155418396 1.3633109331131 1.01487076282501 0.830264925956726 0.750492453575134 0.723376631736755 0.693257689476013 0.654462516307831 0.654975950717926 0.691832661628723 0.840409100055695 0.664134919643402 0.638337314128876 0.729479372501373 0.792036235332489 0.85429060459137 0.860745668411255 0.878614664077759 0.909411430358887 1.35012185573578 1.41322529315948 0.992802202701569 0.925347983837128 1.14861118793488 1.65510308742523 3.36980962753296 2.30816507339478 1.49980664253235 1.40309035778046 1.14377021789551 0.783700346946716 0.34514182806015 0.0171362776309252 -0.261625707149506 -0.262274384498596 -0.224516898393631 0.215943321585655
1.41639292240143 1.3128148317337 1.43643355369568 1.58420777320862 1.68165683746338 1.80615282058716 2.04981780052185 2.03674268722534 2.04500341415405 1.73141765594482 1.28982090950012 0.963143467903137 0.797178208827972 0.722752332687378 0.688826680183411 0.664413094520569 0.63072407245636 0.630953550338745 0.659642219543457 0.741559743881226 0.635929763317108 0.590839684009552 0.663106858730316 0.707271754741669 0.705634534358978 0.677865982055664 0.810735523700714 0.800591289997101 1.0318775177002 0.794281601905823 0.665386378765106 0.843824148178101 1.71670532226562 2.52887344360352 2.39579153060913 1.67757749557495 1.33867359161377 1.19612777233124 0.90091997385025 0.594461679458618 0.248445570468903 -0.123584054410458 -0.347899436950684 -0.315073192119598 3.85926294326782
1.29269373416901 1.15041697025299 1.24746692180634 1.30557107925415 1.41195976734161 1.53486466407776 1.61113512516022 1.77736711502075 1.9320240020752 1.96310150623322 1.67089641094208 1.2447065114975 0.92992889881134 0.762446939945221 0.692503035068512 0.667077422142029 0.642663717269897 0.625052273273468 0.763265371322632 0.645186722278595 0.596497237682343 0.542473793029785 0.50254875421524 0.543035328388214 0.550832152366638 0.518224775791168 0.506824791431427 0.727386057376862 0.747205138206482 0.642394661903381 0.476082026958466 0.569324672222137 0.837785363197327 1.14117360115051 1.4545202255249 1.45140445232391 1.31275355815887 1.14104521274567 0.926776230335236 0.671032965183258 0.420189827680588 0.0554529428482056 -0.224902898073196 0.791648924350739 6.40906953811646
1.3936460018158 1.39505541324615 1.05689036846161 1.1005539894104 1.18413519859314 1.31528472900391 1.46214425563812 1.56035614013672 1.65315127372742 1.87323784828186 1.90256321430206 1.61967968940735 1.21887576580048 0.911102831363678 0.747260093688965 0.672002136707306 0.664478957653046 0.642601311206818 0.585351228713989 0.541011273860931 0.539565205574036 0.509352743625641 0.474272072315216 0.409712612628937 0.458833903074265 0.497733414173126 0.478433459997177 0.87708705663681 0.679688572883606 0.690918803215027 0.577076971530914 0.406650990247726 0.486057162284851 0.597686469554901 0.900723516941071 1.16518235206604 1.27399718761444 1.10549628734589 0.86291366815567 0.615547001361847 0.424819648265839 0.187047407031059 -0.0430687293410301 1.9968501329422 7.05268335342407
1.09481155872345 0.853463590145111 0.908791244029999 0.994119942188263 1.03553640842438 1.11350643634796 1.23447632789612 1.33066463470459 1.4381912946701 1.5475035905838 1.77517855167389 1.81663131713867 1.55558085441589 1.17222130298615 0.883043229579926 0.732232093811035 0.657351195812225 0.605210363864899 0.532278537750244 0.482546865940094 0.477691680192947 0.479549556970596 0.343086123466492 0.264856904745102 0.318599104881287 0.423591166734695 0.489422678947449 0.477778136730194 0.48856595158577 0.643292248249054 0.653343319892883 0.564670264720917 0.366730868816376 0.199197575449944 0.404812842607498 0.836515128612518 1.05075395107269 1.06626236438751 0.831447541713715 0.587197363376617 0.252365589141846 0.14312008023262 0.0854771733283997 3.87639760971069 6.80542421340942
0.751060664653778 0.775934934616089 0.845612227916718 0.889491200447083 0.961591780185699 0.987944841384888 1.04444396495819 1.1602201461792 1.255286693573 1.34762835502625 1.44278633594513 1.65658605098724 1.69891965389252 1.44910931587219 1.08423268795013 0.804820895195007 0.638939082622528 0.539051651954651 0.520590484142303 0.477733314037323 0.416607469320297 0.391104161739349 0.378161638975143 0.267978250980377 1.93409967422485 0.426558494567871 0.379265010356903 0.451668262481689 0.457880407571793 0.466853052377701 0.613479852676392 0.624183833599091 0.511425495147705 0.235518336296082 0.0601920932531357 0.239687904715538 0.633507013320923 0.843867421150208 0.771526336669922 0.490940123796463 0.219612121582031 0.0598946213722229 0.118309818208218 4.84274911880493 5.14126253128052
0.730788171291351 0.698732078075409 0.736222267150879 0.777240097522736 0.855162262916565 0.903283774852753 0.915208280086517 0.991659879684448 1.10439598560333 1.17701351642609 1.26858198642731 1.35346019268036 1.55698871612549 1.58942949771881 1.34603822231293 0.991669654846191 0.716476559638977 0.562608242034912 0.471891433000565 0.431107759475708 0.383333891630173 0.318006783723831 0.285205811262131 0.27582511305809 0.263297528028488 0.929215252399445 0.271546095609665 0.369690090417862 0.439984112977982 0.381374388933182 0.440490424633026 0.584697127342224 0.557738661766052 0.292916625738144 -0.0480646006762981 -0.102135539054871 -0.0401510521769524 0.44715604186058 0.570020139217377 0.383585155010223 0.183397307991982 0.107800468802452 0.23283725976944 3.63251614570618 4.65700721740723
0.741646528244019 0.686596393585205 0.633137822151184 0.638620018959045 0.693310141563416 0.788862466812134 0.837311804294586 0.855162799358368 0.901371598243713 0.991491436958313 1.07353973388672 1.16993868350983 1.24964225292206 1.4406396150589 1.48253285884857 1.23421430587769 0.885977447032928 0.586943984031677 0.432693392038345 0.358682751655579 0.324703574180603 0.276694148778915 0.218346372246742 0.184784352779388 0.18236418068409 0.156394094228745 0.612079799175262 0.26042515039444 0.36603781580925 0.348095595836639 0.326127350330353 0.423705846071243 0.480369538068771 0.248120173811913 0.01633071154356 -0.176344573497772 -0.267081260681152 -0.0485496483743191 0.305329442024231 0.246024340391159 0.13707323372364 0.111456736922264 0.624249160289764 3.38489317893982 4.30386734008789
0.677910923957825 0.699200391769409 0.665886878967285 0.612999558448792 0.633329033851624 1.89787900447845 0.713539183139801 0.733169257640839 0.767309546470642 0.835192263126373 0.930740654468536 0.991768836975098 1.07208383083344 1.1431303024292 1.32339942455292 1.35684645175934 1.10477185249329 0.682582139968872 0.421004682779312 0.3071169257164 0.244880825281143 0.206312954425812 0.133097037672997 0.0718794018030167 0.0812387093901634 0.108411841094494 0.131481662392616 0.509985506534576 0.23276162147522 0.259940356016159 0.271443396806717 0.297507554292679 0.309774667024612 0.231011167168617 0.0802089348435402 -0.0913132354617119 0.590522527694702 2.45517706871033 1.57039022445679 0.02560044080019 0.117389798164368 0.917395293712616 2.42850780487061 4.0994873046875 3.70085549354553
0.529870212078094 0.633953213691711 0.66580057144165 0.652973830699921 0.934806525707245 0.632068276405334 0.648046016693115 0.617725074291229 0.652195036411285 0.688645780086517 0.746080636978149 0.838670611381531 0.898773610591888 0.975366652011871 1.04002165794373 1.21095383167267 1.15905559062958 0.767442524433136 0.439513742923737 0.269480377435684 0.180998250842094 0.135848477482796 0.0809523910284042 0.0148884439840913 -0.00650906749069691 0.44901517033577 0.0848511382937431 0.103519096970558 0.334381520748138 0.255647361278534 0.16632454097271 0.207024440169334 0.231585249304771 0.190683260560036 0.106505244970322 2.51259994506836 3.82399153709412 5.95071077346802 2.13245534896851 0.374902844429016 0.319151163101196 2.99246549606323 4.36167478561401 4.99019908905029 4.45163917541504
0.413706511259079 0.491200357675552 0.605665504932404 0.64356654882431 0.597293138504028 0.557941854000092 0.556156873703003 0.542712807655334 0.526048600673676 0.562401533126831 0.598773956298828 0.655783653259277 0.752114057540894 0.806827962398529 0.830401480197906 0.919574499130249 1.07346522808075 0.910288989543915 0.523845374584198 0.278331398963928 0.159125372767448 0.097715713083744 0.0463823899626732 -0.0175229497253895 -0.0424559824168682 0.608119964599609 0.423530459403992 0.0816600546240807 0.0190634410828352 0.0419982708990574 0.173923045396805 0.178668349981308 0.160186246037483 0.142783537507057 0.12866772711277 2.10632395744324 3.08867144584656 3.81013894081116 3.36395215988159 1.58183753490448 1.70362854003906 3.10215520858765 4.22671270370483 4.62362241744995 4.69966697692871
0.36762210726738 0.378796517848969 0.464535474777222 0.574561178684235 0.595079183578491 0.545503556728363 0.479870527982712 0.459053665399551 0.450618237257004 0.445198357105255 0.491488665342331 0.525155603885651 0.580342590808868 0.594568192958832 0.631323218345642 0.629325211048126 0.724810838699341 0.833171367645264 0.643465876579285 0.33054330945015 0.156914606690407 0.0800790190696716 0.0257830731570721 -0.0254855174571276 0.409645885229111 1.25804352760315 1.66925179958344 0.156519651412964 -0.0383201614022255 -0.028355935588479 0.00389414909295738 0.166845336556435 0.0463218986988068 0.0577119663357735 0.0223593097180128 -0.0340515486896038 1.91524183750153 2.61824464797974 2.84730577468872 2.70831632614136 2.88405442237854 3.85233020782471 4.50292491912842 3.84628176689148 3.73648643493652
0.337903201580048 0.344865709543228 0.35629266500473 0.428999334573746 0.521980285644531 0.538279235363007 0.473343729972839 0.398134887218475 0.381698727607727 0.376651167869568 0.366881489753723 0.39948758482933 0.397565811872482 0.410328090190887 0.437690198421478 0.410056471824646 0.407351553440094 0.487202495336533 0.482382893562317 0.315580457448959 0.132618308067322 0.59074467420578 1.27379024028778 1.35604453086853 1.63589680194855 1.97225797176361 1.79338645935059 0.938746452331543 0.123530775308609 0.0381516329944134 1.36742651462555 -0.0416402257978916 -0.0378514751791954 -0.0665602758526802 -0.0754509270191193 -0.127174764871597 0.69723516702652 1.96425020694733 2.34505343437195 2.7482225894928 3.99505162239075 4.48412799835205 3.78494739532471 2.9440221786499 2.74108624458313
0.248284697532654 0.308363616466522 0.298355311155319 0.290239244699478 0.361406177282333 0.463840931653976 0.471744477748871 0.404516398906708 0.341110646724701 0.305659413337708 0.2421043664217 0.221391305327415 0.184199899435043 0.185623437166214 0.22608357667923 0.197542518377304 0.19964699447155 0.243837237358093 0.26571998000145 0.185335665941238 0.179856434464455 1.42656445503235 2.09732389450073 2.14275717735291 1.86031568050385 1.58200645446777 1.47188603878021 1.09577071666718 0.523068010807037 0.249856412410736 0.0619979202747345 -0.11926955729723 -0.193125039339066 -0.219830676913261 -0.228810206055641 -0.226118996739388 0.602923810482025 2.28452801704407 2.65289664268494 3.22963547706604 4.49870109558105 3.90741515159607 3.28200817108154 2.60402989387512 2.20711636543274
0.236530810594559 0.203116774559021 0.252896130084991 0.213473066687584 0.215098530054092 0.278089702129364 0.369476705789566 0.401206016540527 0.338367342948914 0.252446889877319 0.165825352072716 0.115273453295231 0.0535182505846024 0.0408302284777164 0.0518922060728073 0.0215415358543396 0.0119215287268162 0.0440520644187927 0.0762882903218269 0.0687434077262878 0.688581645488739 1.59286963939667 1.92142164707184 1.94880843162537 1.68585157394409 1.31532680988312 1.15896987915039 1.02749943733215 0.683728516101837 0.221798732876778 0.175677493214607 -0.32208240032196 -0.427734047174454 -0.510050892829895 -0.509822249412537 -0.417346358299255 0.614977300167084 3.1279079914093 3.43864011764526 2.85975480079651 2.89015817642212 2.9091432094574 2.83581376075745 2.55617785453796 1.93263792991638
0.0836651623249054 0.189649134874344 0.155178874731064 0.167129218578339 0.139322564005852 0.171514868736267 0.218269184231758 0.293115198612213 0.319337069988251 0.204291447997093 0.0788444429636002 0.0058240843936801 -0.0388147421181202 -0.0731047689914703 -0.0950322449207306 -0.122402660548687 -0.128730222582817 -0.105320498347282 -0.0453023239970207 0.451970756053925 1.32323038578033 1.78276193141937 1.62531876564026 1.60201966762543 1.54846680164337 1.20765233039856 0.975533485412598 0.763907611370087 0.50247597694397 0.171817407011986 -0.190367460250854 -0.450360774993896 -0.641462743282318 -0.803059279918671 -0.746507823467255 -0.636815905570984 1.63652420043945 3.16951036453247 2.69951701164246 2.48913383483887 2.04401922225952 1.95585000514984 2.06139254570007 2.23610377311707 2.21958875656128
