slauniainen/Data/DEM/Vihti_dem1500b_cl_horizonAngle_300.asc
NCOLS 196 
NROWS 178 
XLLCORNER 353680 
YLLCORNER 6699024 
CELLSIZE 16 
NODATA_value -3.4e+38 
[rows 100 to 119 of 178, columns 90 to 134 of 196]
1.19979012012482 1.25144398212433 1.40671050548553 1.54876601696014 1.53210306167603 1.44586861133575 1.31890165805817 1.09454345703125 1.00914657115936 1.04370987415314 0.979982376098633 1.02302241325378 1.01408576965332 0.938537836074829 0.871709406375885 0.765391051769257 0.410297781229019 2.73453044891357 2.31696963310242 6.43790435791016 8.9838981628418 8.95659732818604 8.8969087600708 10.9021873474121 13.2219076156616 13.8839893341064 15.5089349746704 15.5785808563232 15.2993841171265 12.1092948913574 11.1560554504395 9.664626121521 8.26536750793457 4.90731716156006 3.9569263458252 13.5590372085571 18.735143661499 14.5720100402832 11.2881574630737 10.0622119903564 7.65176773071289 6.82354116439819 6.56969356536865 6.56446838378906 6.39733791351318
1.0165148973465 0.983050048351288 1.08032369613647 1.1485356092453 1.19541430473328 1.32662189006805 1.33649981021881 1.26861763000488 1.17347514629364 0.979940414428711 0.868079543113708 0.900405466556549 0.890178442001343 0.953810632228851 0.931190311908722 0.810122728347778 0.687481462955475 0.229209735989571 -0.149314701557159 2.35224485397339 5.08285617828369 4.83932495117188 8.16296291351318 10.8950805664062 12.4231615066528 12.8699913024902 14.6747369766235 12.5009708404541 11.4247388839722 11.2043552398682 10.2803802490234 9.38908958435059 8.72424125671387 7.33763408660889 16.7338218688965 18.2613582611084 11.338849067688 7.64146614074707 9.43442916870117 8.03833484649658 7.20985651016235 7.16544675827026 6.80268144607544 6.62175703048706 6.68903398513794
1.00016570091248 0.882684230804443 0.789215862751007 0.866581797599792 0.921260714530945 0.985194981098175 1.06222081184387 1.17993724346161 1.18723905086517 1.14182829856873 0.911566197872162 0.758633673191071 0.782592177391052 0.835387527942657 0.838427186012268 0.857067704200745 0.756928682327271 0.643737614154816 0.204319998621941 2.1528947353363 3.53606939315796 6.24018383026123 9.74606418609619 10.4188375473022 10.8572044372559 10.3907680511475 9.61177730560303 9.4472484588623 9.61504936218262 9.81588649749756 9.22823715209961 9.08010578155518 8.44935035705566 7.90176010131836 7.02868986129761 6.43312978744507 5.30527067184448 4.1856517791748 8.72953319549561 7.71502113342285 6.93738985061646 5.80713367462158 6.38449621200562 7.06956958770752 6.85972261428833
1.08259189128876 0.964202523231506 0.784038305282593 0.713498055934906 0.705879867076874 0.757514536380768 0.818743467330933 0.888150990009308 0.964163303375244 1.07632517814636 1.07038080692291 1.00098168849945 0.830503642559052 0.704272329807281 0.721258163452148 0.762046337127686 0.793445527553558 0.767116963863373 0.637259364128113 3.43046855926514 5.97971963882446 9.61419773101807 9.6185827255249 8.07952404022217 7.69845676422119 7.12270641326904 7.36067342758179 7.32035446166992 7.65699243545532 7.68407726287842 7.82471609115601 7.97359943389893 7.56408309936523 7.65525817871094 7.19957447052002 6.8080039024353 6.16530227661133 5.77982425689697 11.5982007980347 5.84401226043701 4.36795663833618 5.03951692581177 7.12711620330811 7.43097686767578 6.67614364624023
1.71281778812408 1.38405871391296 0.872010231018066 0.686480522155762 0.660032987594604 0.616202354431152 0.610962271690369 0.680967807769775 0.75108277797699 0.911533057689667 1.01487576961517 1.00639486312866 0.970634996891022 0.921797931194305 0.765453934669495 0.671446442604065 0.69538813829422 0.695935666561127 0.717042148113251 0.689241230487823 3.72231531143188 6.26857948303223 5.16101026535034 5.82658338546753 5.1485710144043 4.69779443740845 4.85042953491211 5.28810977935791 5.98125791549683 5.94199323654175 6.43556451797485 6.51030397415161 6.87746095657349 6.89438390731812 6.97822856903076 6.60166835784912 6.28193426132202 5.98023891448975 5.49289655685425 5.02352094650269 4.22046756744385 4.09204912185669 5.84262609481812 5.81784772872925 5.37249612808228
2.31940388679504 1.91814541816711 1.22653186321259 0.780425846576691 0.724912464618683 0.597115099430084 0.571961104869843 0.552728235721588 0.562481284141541 0.711540639400482 0.762883126735687 0.840611219406128 0.928567945957184 0.915633022785187 0.889022409915924 0.851534783840179 0.710901498794556 0.61296808719635 0.63750147819519 0.636445760726929 0.648609578609467 0.632907748222351 1.55380737781525 2.65711426734924 3.07643246650696 3.61732935905457 3.21163535118103 3.64534401893616 3.73039579391479 4.43614387512207 5.41132402420044 5.85774707794189 5.8820743560791 5.98385810852051 6.1062388420105 6.02305364608765 6.09656572341919 5.80549240112305 5.57287836074829 5.3564453125 4.75090885162354 4.38921117782593 3.8839430809021 4.09780550003052 4.52637243270874
2.93676567077637 2.57479882240295 1.83642554283142 1.30566823482513 1.04505944252014 0.661681413650513 0.63702118396759 0.540664732456207 0.524911105632782 0.504148304462433 0.582136273384094 0.645669281482697 0.696451425552368 0.766088604927063 0.85016131401062 0.846299767494202 0.8244868516922 0.668642163276672 0.575247287750244 0.565651893615723 0.582513213157654 0.58394581079483 0.594904661178589 0.539535462856293 0.946177661418915 1.60625994205475 2.20335721969604 2.74511313438416 2.88427686691284 2.99487280845642 4.04180717468262 4.56700944900513 4.72228956222534 5.11438751220703 5.13536071777344 5.22971105575562 5.34437894821167 5.35805702209473 5.41741561889648 5.19157266616821 5.03676557540894 4.71676397323608 4.34303188323975 4.14969968795776 3.68969202041626
3.11679029464722 2.78608083724976 2.31973481178284 1.78869569301605 1.46741032600403 1.14504969120026 0.929226040840149 0.601484298706055 0.581121623516083 0.49320313334465 0.475503504276276 0.473385214805603 0.526785492897034 0.600514948368073 0.645295321941376 0.716409027576447 0.794942200183868 0.779932379722595 0.756057679653168 0.620597422122955 0.535459101200104 0.517677187919617 0.549025356769562 0.561077356338501 0.549714863300323 0.497569769620895 1.07700347900391 1.88094425201416 2.20919847488403 2.20833611488342 2.32535409927368 2.84716081619263 3.52710008621216 3.98861122131348 4.19071292877197 4.54592800140381 4.5687460899353 4.64987468719482 4.80305576324463 4.97827816009521 4.87720775604248 4.74421548843384 4.57602882385254 4.32250785827637 4.00214672088623
3.14576864242554 2.80556964874268 2.51343822479248 2.26262974739075 1.99085247516632 1.55589163303375 1.28785490989685 1.02015852928162 0.830637693405151 0.542842984199524 0.461981534957886 0.446259796619415 0.428271800279617 0.431196808815002 0.492432624101639 0.564454317092896 0.688650846481323 0.756042063236237 0.750682830810547 0.727800071239471 0.703652083873749 0.575836777687073 0.497396290302277 0.492891579866409 0.505951762199402 0.518498718738556 0.510184943675995 0.558561682701111 0.968966722488403 1.51173031330109 1.78605115413666 1.91029572486877 2.25013113021851 2.4835102558136 3.13098382949829 3.54160833358765 3.7680070400238 4.0873498916626 4.27910709381104 4.51942300796509 4.53713369369507 4.58918285369873 4.42325735092163 4.32751035690308 4.17721223831177
3.38912439346313 2.83534049987793 2.60802984237671 2.39693450927734 2.13816452026367 1.96758079528809 1.73144459724426 1.3815643787384 1.1473947763443 0.771560549736023 0.505234718322754 0.498530119657516 0.417824149131775 0.397693663835526 0.391172975301743 0.410147696733475 0.539714336395264 0.571595549583435 0.640232741832733 0.701137900352478 0.690954506397247 0.673173487186432 0.658794164657593 0.544729351997375 0.450883716344833 0.459671765565872 0.468121558427811 0.485978662967682 0.476655960083008 0.437527805566788 0.766964614391327 1.34911000728607 1.6893424987793 1.77848529815674 1.96168029308319 2.20464611053467 2.81086373329163 3.54883861541748 3.84877133369446 3.86247086524963 3.93167114257812 4.12796449661255 4.13377475738525 4.18310832977295 4.04888248443604
3.70890879631042 3.08041143417358 2.90578937530518 2.3998715877533 2.24405646324158 2.07724833488464 1.87048363685608 1.75435245037079 1.54485213756561 1.09941112995148 0.866694092750549 0.705149710178375 0.469128757715225 0.44388934969902 0.37742418050766 0.378499090671539 0.377410590648651 0.439724683761597 0.500915586948395 0.528362572193146 0.588320851325989 0.654118001461029 0.648718476295471 0.633991479873657 0.521109819412231 0.449573636054993 0.417656421661377 0.431227684020996 0.44180965423584 0.457643091678619 0.41402941942215 0.64728057384491 1.13797080516815 1.34924423694611 1.46040821075439 1.54362273216248 1.7346076965332 2.6401515007019 2.98875045776367 3.2328519821167 3.5004723072052 3.51536583900452 3.57419538497925 3.78700733184814 3.80370235443115
3.29570150375366 3.36219787597656 3.1857898235321 2.6550669670105 2.51077771186829 2.08998513221741 2.01553821563721 1.87064528465271 1.67442655563354 1.44694769382477 1.17325067520142 0.97518926858902 0.79623144865036 0.646442830562592 0.424089103937149 0.414269894361496 0.367431730031967 0.359390825033188 0.36190128326416 0.408292263746262 0.462723582983017 0.494065642356873 0.557866513729095 0.615189552307129 0.607518315315247 0.590076744556427 0.485536098480225 0.421298414468765 0.393396824598312 0.422039687633514 0.437607616186142 0.427844405174255 0.38876548409462 0.575996577739716 0.986547887325287 1.13401627540588 1.21571910381317 1.36475312709808 1.83896684646606 2.39664602279663 2.7131679058075 2.96000385284424 3.20810914039612 3.22217488288879 3.30642771720886
2.83124828338623 2.98852229118347 2.82963252067566 2.92416620254517 2.77165722846985 2.36213254928589 2.25944304466248 1.89516723155975 1.7473669052124 1.56595945358276 1.48836207389832 1.31300187110901 1.07578575611115 0.892620205879211 0.732562065124512 0.59255588054657 0.394198685884476 0.351204842329025 0.341465681791306 0.331995904445648 0.332864284515381 0.379680663347244 0.435816556215286 0.539184093475342 0.59474766254425 0.586414039134979 0.572388410568237 0.560933232307434 0.459466099739075 0.377798348665237 0.3902567923069 0.400298357009888 0.410452008247375 0.401787906885147 0.366392701864243 0.183782547712326 0.50814813375473 1.00780785083771 1.21372616291046 1.44336843490601 1.67306745052338 2.19673609733582 2.48940801620483 2.73248958587646 2.98724031448364
2.44577074050903 2.542156457901 2.42677187919617 2.59019136428833 2.46455931663513 2.57569527626038 2.46841359138489 2.11830544471741 1.78753268718719 1.71883404254913 1.5759414434433 1.41654193401337 1.36380767822266 1.20298731327057 0.993774950504303 0.81621265411377 0.566769599914551 0.381016492843628 0.372743666172028 0.32666203379631 0.317138761281967 0.309385061264038 0.312055170536041 0.420319348573685 0.448718816041946 0.507313847541809 0.558383762836456 0.550848484039307 0.539874672889709 0.446390360593796 0.390415489673615 0.358134835958481 0.368730425834656 0.378693014383316 0.367649227380753 0.141727909445763 0.109382756054401 4.1354079246521 3.00709509849548 1.07236504554749 1.12830126285553 1.31094944477081 1.53493511676788 2.02730989456177 2.61091113090515
1.85220777988434 1.94037044048309 1.88395726680756 2.17134022712708 2.12512063980103 2.28491735458374 2.19312453269958 2.32146000862122 1.99526822566986 1.91916000843048 1.62628734111786 1.56775879859924 1.44379377365112 1.30147969722748 1.25890445709229 1.10919070243835 0.795809388160706 0.652533888816833 0.527485966682434 0.355220019817352 0.351262897253036 0.303487300872803 0.2959985435009 0.291510313749313 0.342485010623932 0.394462764263153 0.422182440757751 0.480169951915741 0.529703915119171 0.526852071285248 0.519495129585266 0.425904363393784 0.305313587188721 0.33912181854248 0.27301225066185 0.10821171849966 0.164678424596786 6.93411207199097 4.67810869216919 1.84538650512695 1.47792017459869 0.971839785575867 1.0208580493927 1.24875152111053 1.93504214286804
1.30451428890228 1.40717911720276 1.44399070739746 1.79667007923126 1.96872758865356 1.96983993053436 1.88897919654846 2.0529203414917 2.1778416633606 2.10152745246887 1.8195081949234 1.75393462181091 1.48914694786072 1.44661831855774 1.32923984527588 1.20187222957611 1.06516945362091 0.890183985233307 0.733756482601166 0.608532011508942 0.493003964424133 0.334606885910034 0.327134549617767 0.283386528491974 0.277348130941391 0.279474377632141 0.323151409626007 0.373450189828873 0.465219080448151 0.513674855232239 0.507811069488525 0.503559470176697 0.413201510906219 0.2751604616642 0.136391043663025 0.0405844487249851 3.73946499824524 5.85056972503662 3.80302405357361 2.80530571937561 2.27120184898376 1.09696662425995 0.954591989517212 0.886049747467041 0.99318528175354
1.04804372787476 1.00386548042297 1.42820882797241 5.25427865982056 3.96097445487976 1.75440692901611 1.67126071453094 1.78834593296051 1.93791472911835 1.87019348144531 1.99390494823456 1.92825353145599 1.67115390300751 1.615403175354 1.37716341018677 1.27599084377289 1.1455717086792 1.1236652135849 0.993186831474304 0.826366007328033 0.681238174438477 0.570473372936249 0.470253169536591 0.31491094827652 0.270948231220245 0.26331952214241 0.256772488355637 0.257809817790985 0.359854221343994 0.385287076234818 0.440286755561829 0.480082213878632 0.45318815112114 0.215797662734985 -0.014857605099678 -0.0853918716311455 2.23555397987366 4.04416418075562 2.65558695793152 2.34370923042297 1.757368683815 1.66521596908569 1.45834219455719 0.741151988506317 0.699799776077271
0.951872289180756 1.20545434951782 4.71367454528809 6.95109224319458 4.54735136032104 2.54875016212463 2.05943036079407 1.58991396427155 1.67511200904846 1.64127683639526 1.77141082286835 1.71366572380066 1.83248507976532 1.76926064491272 1.54092299938202 1.3162876367569 1.27866458892822 1.18650603294373 1.07483124732971 1.05419564247131 0.927047729492188 0.779975295066833 0.649820029735565 0.452000111341476 0.301232129335403 0.288268774747849 0.246961340308189 0.242832228541374 0.244764417409897 0.268708199262619 0.239045992493629 0.177866533398628 0.133187308907509 -0.0328332260251045 -0.201640874147415 -0.246630847454071 -0.132519364356995 1.93508720397949 0.870820343494415 1.73716330528259 1.10261058807373 1.4084620475769 1.17907643318176 1.16780054569244 0.547388553619385
1.93546545505524 2.89252376556396 6.79364347457886 8.16727638244629 4.47774028778076 3.62694144248962 2.32953834533691 1.64593923091888 1.49770224094391 1.44170784950256 1.52797770500183 1.50797152519226 1.63022673130035 1.57238399982452 1.68566465377808 1.46489775180817 1.42472183704376 1.22203946113586 1.20225989818573 1.11485624313354 1.00912296772003 0.987497270107269 0.871873140335083 0.623414814472198 0.523639321327209 0.41531765460968 0.270161390304565 0.272228479385376 0.20080977678299 0.0110663212835789 -0.175942689180374 -0.225785762071609 -0.258683383464813 -0.353989809751511 -0.4612657725811 -0.513571977615356 -0.423712521791458 -0.411905348300934 -0.534233927726746 -0.509935140609741 -0.419841885566711 -0.390215903520584 0.435071438550949 0.372098565101624 0.605618178844452
1.77815651893616 4.10641765594482 7.13226079940796 8.22071647644043 5.32779693603516 4.27367925643921 2.91123676300049 2.4466507434845 1.54524767398834 1.34433126449585 1.36596584320068 1.32185065746307 1.40657043457031 1.38851547241211 1.489462018013 1.60037279129028 1.56074547767639 1.36322844028473 1.33454406261444 1.15014886856079 1.1256251335144 1.04267942905426 0.943578660488129 0.831449031829834 0.702028274536133 0.580397546291351 0.488931864500046 0.37310516834259 0.0327514335513115 -0.299753725528717 -0.521553993225098 -0.647966802120209 -0.600169122219086 -0.715338587760925 -0.881689548492432 -1.02962946891785 -1.08784914016724 -1.08819210529327 -1.36233162879944 -1.77859437465668 -1.85475444793701 -1.60179221630096 -1.02821719646454 -0.527035176753998 -0.337376832962036
