slauniainen/Data/DEM/Vihti_dsm1500b_cl_svf.asc
NCOLS 196 
NROWS 178 
XLLCORNER 353680 
YLLCORNER 6699024 
CELLSIZE 16 
NODATA_value -3.4e+38 
[rows 100 to 119 of 178, columns 132 to 175 of 196]
0.983823478221893 0.956438779830933 0.875391006469727 0.844475269317627 0.923086643218994 0.941309154033661 0.957621157169342 0.975301027297974 0.974025070667267 0.978235006332397 0.979610204696655 0.980780780315399 0.982587158679962 0.983813166618347 0.983042418956757 0.983587145805359 0.983735322952271 0.983983039855957 0.985539436340332 0.986065685749054 0.985248923301697 0.9851233959198 0.984533488750458 0.984728038311005 0.984080195426941 0.983545184135437 0.983984231948853 0.983847320079803 0.983627140522003 0.982833385467529 0.982218265533447 0.98141348361969 0.978846669197083 0.979278862476349 0.978642225265503 0.977390646934509 0.975361585617065 0.95398998260498 0.979129552841187 0.978736996650696 0.957883834838867 0.960373103618622 0.966287016868591 0.962449431419373
0.979450106620789 0.914768815040588 0.986861288547516 0.86955463886261 0.816977381706238 0.928269624710083 0.94153904914856 0.959861278533936 0.97171413898468 0.975316941738129 0.977918446063995 0.980725824832916 0.981513023376465 0.98307877779007 0.983016550540924 0.983803868293762 0.984094142913818 0.985191404819489 0.985246658325195 0.985005736351013 0.98463237285614 0.98534107208252 0.984839498996735 0.984586834907532 0.983429193496704 0.983174622058868 0.983733952045441 0.983414173126221 0.983414530754089 0.982592344284058 0.980983018875122 0.979351937770844 0.976296424865723 0.976258516311646 0.973721742630005 0.97301584482193 0.969785988330841 0.962099015712738 0.926497399806976 0.971106052398682 0.95772385597229 0.934785902500153 0.969999253749847 0.977359771728516
0.966657280921936 0.944891035556793 0.959463655948639 0.951180160045624 0.865498900413513 0.827015459537506 0.933285593986511 0.950435936450958 0.965862154960632 0.972295820713043 0.978889226913452 0.98141348361969 0.981444239616394 0.982512772083282 0.983630299568176 0.984934449195862 0.984795153141022 0.985176861286163 0.985124170780182 0.984968185424805 0.984032213687897 0.984870254993439 0.984713733196259 0.985085904598236 0.984344303607941 0.982075154781342 0.982924520969391 0.983148276805878 0.982180714607239 0.980982780456543 0.978789925575256 0.972109496593475 0.968212068080902 0.966036558151245 0.963925778865814 0.960747241973877 0.955399990081787 0.949619889259338 0.925141870975494 0.955713927745819 0.95191091299057 0.927855551242828 0.974562883377075 0.925207257270813
0.966110169887543 0.990690171718597 0.955848157405853 0.990213751792908 0.918616354465485 0.848826944828033 0.880726635456085 0.93090432882309 0.957499623298645 0.971634745597839 0.976524174213409 0.979041337966919 0.981123447418213 0.983339965343475 0.984282553195953 0.985462725162506 0.985685050487518 0.984626233577728 0.984871029853821 0.983599901199341 0.984309673309326 0.984514057636261 0.98482084274292 0.984869599342346 0.983665883541107 0.981966137886047 0.981795489788055 0.980968117713928 0.980234026908875 0.97374302148819 0.968656241893768 0.940608859062195 0.944659352302551 0.934202313423157 0.938050806522369 0.934869527816772 0.926860272884369 0.884531915187836 0.905223309993744 0.94905811548233 0.961921989917755 0.972367584705353 0.868049561977386 0.929040193557739
0.96837306022644 0.973909795284271 0.91826868057251 0.971276521682739 0.986581683158875 0.919470369815826 0.813530325889587 0.933709025382996 0.949143886566162 0.965715169906616 0.975024044513702 0.97798353433609 0.980484127998352 0.982831001281738 0.98366367816925 0.984103798866272 0.98437637090683 0.984499335289001 0.983932971954346 0.98334151506424 0.983874440193176 0.983907639980316 0.983656167984009 0.984233319759369 0.983899712562561 0.982445895671844 0.981117069721222 0.979573547840118 0.974713742733002 0.966117024421692 0.92519599199295 0.933648467063904 0.835605323314667 0.882337152957916 0.873261094093323 0.8705775141716 0.896182954311371 0.822771787643433 0.882282257080078 0.942190051078796 0.931120574474335 0.944381237030029 0.929779946804047 0.896046698093414
0.975533425807953 0.972075402736664 0.976316273212433 0.9434574842453 0.92600154876709 0.983461201190948 0.891746878623962 0.867827713489532 0.949315249919891 0.958907186985016 0.969699919223785 0.974227130413055 0.978977739810944 0.980875730514526 0.982542634010315 0.983126103878021 0.983653664588928 0.984164774417877 0.983484327793121 0.983204960823059 0.983527421951294 0.983166337013245 0.982897102832794 0.982561767101288 0.983063638210297 0.981692135334015 0.980466842651367 0.978273153305054 0.970920085906982 0.957330882549286 0.900531888008118 0.917879581451416 0.919313549995422 0.880149722099304 0.922416687011719 0.893328070640564 0.79609352350235 0.848983764648438 0.843425691127777 0.828847289085388 0.918066263198853 0.911071121692657 0.954509973526001 0.930098414421082
0.934281647205353 0.928356409072876 0.921232759952545 0.948679685592651 0.916198194026947 0.93583619594574 0.954577445983887 0.93266361951828 0.916561245918274 0.9524986743927 0.961733341217041 0.970717430114746 0.976049304008484 0.978562593460083 0.981359362602234 0.982354879379272 0.983413636684418 0.984155416488647 0.984020829200745 0.984053909778595 0.983416438102722 0.983322441577911 0.982577741146088 0.982585728168488 0.982055366039276 0.981433868408203 0.979426681995392 0.978441834449768 0.969995260238647 0.953555464744568 0.91043746471405 0.892379760742188 0.929727613925934 0.967638313770294 0.932299733161926 0.954418361186981 0.883533537387848 0.88216757774353 0.938463389873505 0.897387742996216 0.916317224502563 0.947736918926239 0.963756799697876 0.964232742786407
0.940398454666138 0.951078772544861 0.946785032749176 0.915902614593506 0.934030294418335 0.891874134540558 0.960393607616425 0.951978385448456 0.912859499454498 0.895122230052948 0.950971841812134 0.957939803600311 0.970475792884827 0.97527551651001 0.979193389415741 0.980175793170929 0.982980072498322 0.983790695667267 0.983490109443665 0.984474718570709 0.98402726650238 0.983636558055878 0.983120918273926 0.982474982738495 0.981854021549225 0.980265557765961 0.979643404483795 0.977263987064362 0.971950769424438 0.954854428768158 0.941908717155457 0.841057538986206 0.868992924690247 0.935112357139587 0.898504793643951 0.970682680606842 0.941498517990112 0.932678163051605 0.935022532939911 0.931411385536194 0.931904435157776 0.952226758003235 0.955047249794006 0.940475642681122
0.972727358341217 0.968896210193634 0.968910276889801 0.95309042930603 0.920103490352631 0.952183246612549 0.967048287391663 0.974142611026764 0.948745250701904 0.900969982147217 0.874436676502228 0.949162542819977 0.957581281661987 0.971507251262665 0.972805023193359 0.977765023708344 0.98033744096756 0.98233950138092 0.982582092285156 0.983796179294586 0.984435379505157 0.983260452747345 0.982002973556519 0.981457412242889 0.980796635150909 0.979389607906342 0.977938532829285 0.973304152488708 0.964428782463074 0.939693033695221 0.915037393569946 0.930753290653229 0.866951048374176 0.923026144504547 0.965644180774689 0.973915755748749 0.951272189617157 0.936476528644562 0.917865693569183 0.923638343811035 0.930350661277771 0.945283114910126 0.944699764251709 0.935790061950684
0.976261556148529 0.977757096290588 0.968855023384094 0.973072648048401 0.979656755924225 0.980046689510345 0.979059994220734 0.981879830360413 0.987397015094757 0.971879303455353 0.897687137126923 0.90541398525238 0.943221688270569 0.957200884819031 0.971038639545441 0.971749246120453 0.976646423339844 0.979690849781036 0.983107507228851 0.982759773731232 0.984146952629089 0.983212947845459 0.982237696647644 0.980366945266724 0.980840563774109 0.978891611099243 0.975959181785583 0.967223227024078 0.94309675693512 0.959974110126495 0.938379347324371 0.904809236526489 0.892728090286255 0.955986201763153 0.95106315612793 0.960245907306671 0.951404511928558 0.933882176876068 0.916029691696167 0.923221051692963 0.931684732437134 0.939482033252716 0.945766746997833 0.95477157831192
0.977003991603851 0.960555255413055 0.958217620849609 0.962646782398224 0.960819661617279 0.962772369384766 0.95335578918457 0.926879227161407 0.965397715568542 0.988880932331085 0.927761316299438 0.834775805473328 0.929858863353729 0.9377720952034 0.956532418727875 0.970923066139221 0.97357451915741 0.978790044784546 0.980860948562622 0.982174336910248 0.982011377811432 0.981944024562836 0.980857968330383 0.980945885181427 0.980363309383392 0.976371586322784 0.969639539718628 0.958398103713989 0.891191601753235 0.972490847110748 0.939548552036285 0.884657382965088 0.891969859600067 0.917963743209839 0.944331407546997 0.947561204433441 0.962491810321808 0.965485751628876 0.958936750888824 0.95739221572876 0.956154048442841 0.955031991004944 0.952404022216797 0.952612280845642
0.95400059223175 0.988503754138947 0.967428028583527 0.976399779319763 0.966272532939911 0.969140112400055 0.949640154838562 0.928035795688629 0.900787532329559 0.988251507282257 0.948830604553223 0.873612344264984 0.831765294075012 0.927013516426086 0.93949955701828 0.958146095275879 0.969801485538483 0.972997188568115 0.97815865278244 0.980061054229736 0.981482088565826 0.980704009532928 0.980424761772156 0.98015832901001 0.976870775222778 0.976148009300232 0.965366661548615 0.920575618743896 0.954363167285919 0.952593743801117 0.878960072994232 0.877095699310303 0.86075633764267 0.945047497749329 0.951140880584717 0.965207278728485 0.958392918109894 0.972955107688904 0.969242870807648 0.960444092750549 0.928126454353333 0.958495199680328 0.907876551151276 0.981778204441071
0.934533715248108 0.950940310955048 0.969376742839813 0.962247967720032 0.954463124275208 0.972157418727875 0.915158927440643 0.857169508934021 0.964740991592407 0.905939221382141 0.986383438110352 0.980412244796753 0.877577722072601 0.840118944644928 0.925915479660034 0.942992866039276 0.957638740539551 0.974054038524628 0.973133862018585 0.979405224323273 0.979426801204681 0.980519950389862 0.979355335235596 0.978432297706604 0.978020310401917 0.966624081134796 0.956544816493988 0.914254188537598 0.802372872829437 0.969819307327271 0.862276613712311 0.840546905994415 0.891466021537781 0.933781385421753 0.97943902015686 0.996637105941772 0.989562094211578 0.981310367584229 0.977276682853699 0.967903196811676 0.987238645553589 0.997476398944855 0.993506729602814 0.847422182559967
0.915397942066193 0.931998074054718 0.971862256526947 0.974796772003174 0.974029242992401 0.955491364002228 0.925917625427246 0.960535883903503 0.967031121253967 0.985571920871735 0.985587060451508 0.977737486362457 0.970395982265472 0.865023851394653 0.841115772724152 0.925331115722656 0.936088919639587 0.958339750766754 0.973839402198792 0.975258708000183 0.977680623531342 0.978641152381897 0.978128969669342 0.976998209953308 0.970905363559723 0.960079371929169 0.919371962547302 0.927120864391327 0.961081862449646 0.939033150672913 0.941695034503937 0.917665004730225 0.930319309234619 0.951608777046204 0.977972567081451 0.961643517017365 0.897031366825104 0.99279510974884 0.988152086734772 0.976494014263153 0.95683753490448 0.823687434196472 0.907709896564484 0.986024022102356
0.895896017551422 0.917111039161682 0.952029764652252 0.980949699878693 0.982172191143036 0.95833283662796 0.978687942028046 0.97748202085495 0.982520818710327 0.972475051879883 0.977067470550537 0.962145447731018 0.983259081840515 0.947584927082062 0.859879434108734 0.823301732540131 0.927403569221497 0.943184316158295 0.959562063217163 0.973666191101074 0.974833905696869 0.976061999797821 0.974748909473419 0.972480177879333 0.966676592826843 0.953163683414459 0.859479904174805 0.969753623008728 0.90604704618454 0.9177006483078 0.897229850292206 0.92691296339035 0.92571610212326 0.944092869758606 0.953315496444702 0.99308317899704 0.982323586940765 0.991319060325623 0.883969187736511 0.981327831745148 0.929649651050568 0.992907822132111 0.901934683322906 0.971069633960724
0.944083869457245 0.924551784992218 0.96278327703476 0.985853731632233 0.970593392848969 0.979027807712555 0.987793564796448 0.981935679912567 0.977049052715302 0.967795610427856 0.981679618358612 0.988865852355957 0.993056774139404 0.993893086910248 0.97552889585495 0.851334869861603 0.822802901268005 0.93281352519989 0.948692619800568 0.962736248970032 0.971860945224762 0.972952663898468 0.973041772842407 0.971427321434021 0.959708988666534 0.925249636173248 0.935858547687531 0.92741447687149 0.91879141330719 0.884215652942657 0.893396735191345 0.936864614486694 0.956118881702423 0.985431969165802 0.938820719718933 0.868502795696259 0.994227826595306 0.971122562885284 0.980897724628448 0.931276023387909 0.865045607089996 0.847247958183289 0.918695449829102 0.968013346195221
0.959358870983124 0.964517712593079 0.956471025943756 0.961259186267853 0.97815066576004 0.98112279176712 0.982209444046021 0.976222932338715 0.973865151405334 0.972932159900665 0.990009546279907 0.984426498413086 0.976909339427948 0.948520720005035 0.991117596626282 0.930376470088959 0.853715121746063 0.873547613620758 0.933662533760071 0.95835953950882 0.965682864189148 0.967997848987579 0.968363463878632 0.962943315505981 0.960240066051483 0.909497618675232 0.947662591934204 0.964212894439697 0.874383151531219 0.827344357967377 0.878589034080505 0.932413458824158 0.986746072769165 0.932162821292877 0.960326492786407 0.992314159870148 0.954010665416718 0.99619460105896 0.967968165874481 0.997605800628662 0.994909882545471 0.996097385883331 0.986200869083405 0.969286322593689
0.965003490447998 0.973463594913483 0.967075109481812 0.928181827068329 0.950681149959564 0.924989104270935 0.929006397724152 0.960067272186279 0.957896173000336 0.972361624240875 0.989349722862244 0.979807794094086 0.974345922470093 0.960736215114594 0.987989962100983 0.987705886363983 0.894312977790833 0.83632105588913 0.926253020763397 0.927219152450562 0.957505941390991 0.958264589309692 0.96162885427475 0.955358386039734 0.923514127731323 0.951613068580627 0.971729576587677 0.958973228931427 0.834011316299438 0.914795100688934 0.928849339485168 0.93603777885437 0.996175110340118 0.988873422145844 0.989353001117706 0.940464496612549 0.991082072257996 0.992148458957672 0.950758516788483 0.937118828296661 0.913193762302399 0.929942548274994 0.916128039360046 0.90354710817337
0.934614896774292 0.947160005569458 0.92953497171402 0.933660209178925 0.893947422504425 0.84449291229248 0.90646892786026 0.91162645816803 0.95023775100708 0.974320709705353 0.973791718482971 0.979786813259125 0.981324374675751 0.948894083499908 0.980412304401398 0.965504586696625 0.938613414764404 0.909975647926331 0.877208590507507 0.958944261074066 0.909191191196442 0.939210951328278 0.908328473567963 0.940294802188873 0.962425172328949 0.959934830665588 0.931959509849548 0.812116622924805 0.940245270729065 0.938018977642059 0.887948036193848 0.883808314800262 0.948574602603912 0.99776029586792 0.993577897548676 0.996202528476715 0.993880271911621 0.948646128177643 0.879263460636139 0.928091943264008 0.960807979106903 0.946502685546875 0.934146225452423 0.934681177139282
0.901562929153442 0.930517375469208 0.94228321313858 0.789999186992645 0.918074727058411 0.946909308433533 0.925511658191681 0.889732897281647 0.926778674125671 0.958070456981659 0.955152690410614 0.967564404010773 0.917837798595428 0.970783889293671 0.963014960289001 0.947891175746918 0.950802505016327 0.956623315811157 0.964112102985382 0.975243508815765 0.958457171916962 0.943529844284058 0.963897883892059 0.961815655231476 0.964820861816406 0.90544056892395 0.85594767332077 0.915697693824768 0.950540602207184 0.965684056282043 0.903138637542725 0.915108382701874 0.958865225315094 0.980403363704681 0.986641585826874 0.981975972652435 0.983526647090912 0.85839980840683 0.901334464550018 0.946397960186005 0.976790308952332 0.964443624019623 0.958306610584259 0.915834665298462
