slauniainen/Data/DEM/Vihti_dem1500b_cl_horizonAngle_168.asc
NCOLS 196 
NROWS 178 
XLLCORNER 353680 
YLLCORNER 6699024 
CELLSIZE 16 
NODATA_value -3.4e+38 
[rows 120 to 139 of 178, columns 0 to 44 of 196]
0.894878506660461 0.858315765857697 0.524219870567322 0.35672327876091 0.181754022836685 0.0847533866763115 0.181113854050636 0.28523451089859 0.348820477724075 0.616023004055023 1.6490079164505 1.55795776844025 1.03782451152802 1.21847128868103 1.27389621734619 1.23394155502319 1.16555690765381 1.21553802490234 1.24138939380646 1.29520511627197 1.29485011100769 1.25009834766388 1.21110486984253 1.24722695350647 1.30024707317352 1.33465588092804 1.45699393749237 1.63355016708374 1.81159341335297 1.95908272266388 2.18423128128052 2.49882316589355 2.75462794303894 2.95124769210815 3.16587066650391 3.36269664764404 3.50398874282837 3.62803387641907 3.6910457611084 3.71558117866516 3.72326397895813 3.79162096977234 3.8080141544342 3.85776352882385 3.92768144607544
0.951562285423279 0.982365846633911 0.887803554534912 0.491285651922226 0.28728574514389 0.173130214214325 0.221348851919174 0.312008798122406 0.372039645910263 0.623467266559601 0.888809502124786 1.97367644309998 1.35788786411285 1.17805254459381 1.32001054286957 1.35391139984131 1.28192961215973 1.25867164134979 1.30574917793274 1.34523701667786 1.39055693149567 1.33778762817383 1.26607620716095 1.26388657093048 1.28019332885742 1.31483280658722 1.39324998855591 1.51463830471039 1.7787458896637 1.98509120941162 2.21227335929871 2.53747200965881 2.79397010803223 2.99540567398071 3.21170377731323 3.40522456169128 3.5302050113678 3.55864834785461 3.68862128257751 3.75637173652649 3.80402326583862 3.86572122573853 3.88134908676147 3.9340660572052 4.00565242767334
0.993168592453003 1.02289772033691 1.03829085826874 0.832424879074097 0.458871215581894 0.311918467283249 0.313657909631729 0.402263700962067 0.44735050201416 0.674367070198059 0.856119513511658 1.78285503387451 1.81709516048431 1.16206192970276 1.35671985149384 1.3932363986969 1.3183525800705 1.29294204711914 1.34536588191986 1.3824235200882 1.42632019519806 1.36871731281281 1.2898770570755 1.26990306377411 1.26635503768921 1.31679558753967 1.38124418258667 1.52402806282043 1.79256629943848 2.00653886795044 2.24388122558594 2.57802510261536 2.8395631313324 3.04461789131165 3.16627359390259 3.26885199546814 3.4838502407074 3.63259673118591 3.76660919189453 3.8378849029541 3.88842368125916 3.95459342002869 3.96850633621216 4.01923322677612 4.09557723999023
1.02874040603638 1.05412113666534 1.07600510120392 1.04225921630859 0.715928554534912 0.490382254123688 0.396506488323212 0.505126774311066 0.530688643455505 0.694062530994415 0.862466812133789 0.953965663909912 1.47808015346527 1.42441558837891 1.39408779144287 1.43582618236542 1.36092221736908 1.33029985427856 1.34135246276855 1.3866810798645 1.38250398635864 1.41741979122162 1.33444976806641 1.26467514038086 1.2688649892807 1.32742595672607 1.38245975971222 1.5372211933136 1.80884349346161 2.0193943977356 2.26875758171082 2.61442041397095 2.82389855384827 2.92448115348816 3.08829402923584 3.33082318305969 3.55322980880737 3.71108984947205 3.84648633003235 3.93126654624939 3.98086380958557 4.0501971244812 4.06250476837158 4.07182884216309 4.10666227340698
1.03858733177185 1.06436395645142 1.10669553279877 1.109126329422 1.03804075717926 0.702006161212921 0.542544662952423 0.629703402519226 0.634467959403992 0.708199262619019 0.84417462348938 0.978452622890472 1.07509553432465 1.50706148147583 1.42286252975464 1.4809513092041 1.43870210647583 1.36837601661682 1.38704705238342 1.38236892223358 1.3945380449295 1.44965863227844 1.35828936100006 1.28067755699158 1.28697407245636 1.34402763843536 1.38724851608276 1.53609955310822 1.79449033737183 2.00227880477905 2.22985124588013 2.43652153015137 2.65084648132324 2.93600463867188 3.13503265380859 3.38324236869812 3.62492942810059 3.78868317604065 3.93773913383484 4.02576589584351 4.03950023651123 4.05288124084473 4.12674903869629 4.15237522125244 4.20351791381836
1.04266822338104 1.09231722354889 1.12171769142151 1.15522658824921 1.12013256549835 0.960342943668365 0.646956324577332 0.687962591648102 0.724223673343658 0.753176867961884 0.925956606864929 1.03235161304474 1.09076154232025 1.1634019613266 1.33354914188385 1.52351295948029 1.56604087352753 1.5037180185318 1.43847870826721 1.41864085197449 1.43171000480652 1.47369658946991 1.39988255500793 1.29837608337402 1.30365741252899 1.36208486557007 1.40385496616364 1.52226912975311 1.70160067081451 1.90520644187927 2.06950545310974 2.32897210121155 2.70817017555237 3.00668382644653 3.20906829833984 3.42438888549805 3.66456866264343 3.80993676185608 3.86877512931824 4.01903533935547 4.09314918518066 4.14661455154419 4.22854328155518 4.25289058685303 4.30691337585449
1.06999206542969 1.11095917224884 1.16026926040649 1.1970808506012 1.17316353321075 1.14286637306213 0.892472147941589 0.782445788383484 0.857334613800049 0.880394101142883 1.03362143039703 1.10472297668457 1.12807011604309 1.17131412029266 1.28439128398895 1.54754376411438 1.60992360115051 1.5417093038559 1.49553871154785 1.46360874176025 1.47248566150665 1.50381135940552 1.43601357936859 1.31566977500916 1.30939984321594 1.33284282684326 1.38677430152893 1.47338736057281 1.60235297679901 1.88842761516571 2.12519335746765 2.38297486305237 2.76609754562378 3.0736038684845 3.28475332260132 3.39268612861633 3.50440406799316 3.75665187835693 3.95392227172852 4.10737180709839 4.19073295593262 4.24346017837524 4.33146572113037 4.35622930526733 4.41249465942383
1.09322595596313 1.13800776004791 1.19008362293243 1.24314820766449 1.22849822044373 1.2209141254425 1.14299392700195 1.12014400959015 1.08575665950775 1.03079676628113 1.11961781978607 1.18365561962128 1.20444226264954 1.21645140647888 1.3113602399826 1.57501709461212 1.64678990840912 1.58599877357483 1.5397812128067 1.49706423282623 1.50319755077362 1.53839921951294 1.46979808807373 1.34960925579071 1.31510186195374 1.31238889694214 1.38757383823395 1.47261559963226 1.64294719696045 1.93338537216187 2.16643500328064 2.43068718910217 2.82178020477295 3.05798316001892 3.15844488143921 3.33993816375732 3.58437180519104 3.84013891220093 4.03558492660522 4.19744920730591 4.28916835784912 4.346275806427 4.44202470779419 4.45362043380737 4.51897287368774
1.1333304643631 1.16616606712341 1.21963751316071 1.26541519165039 1.2875589132309 1.27404463291168 1.22123634815216 1.2818695306778 1.35732650756836 1.32754194736481 1.2276451587677 1.26626694202423 1.32024800777435 1.33294808864594 1.35722410678864 1.61239039897919 1.69155156612396 1.64892184734344 1.57691407203674 1.50913143157959 1.49321162700653 1.48662877082825 1.50566840171814 1.43564569950104 1.3108948469162 1.31544470787048 1.3999959230423 1.4799143075943 1.63886451721191 1.91209292411804 2.14062905311584 2.39326119422913 2.62312245368958 2.85907387733459 3.17970108985901 3.41278767585754 3.68135499954224 3.94034767150879 4.12424039840698 4.29457998275757 4.38731288909912 4.4734935760498 4.56128644943237 4.57441091537476 4.57614231109619
1.18079948425293 1.16518318653107 1.21209311485291 1.25523662567139 1.32419764995575 1.31067752838135 1.27129888534546 1.30672407150269 1.34355485439301 1.42226052284241 1.45992314815521 1.53767347335815 1.53586387634277 1.46409296989441 1.44012153148651 1.67637026309967 1.75847959518433 1.7820338010788 1.61255657672882 1.55356132984161 1.49490439891815 1.5062335729599 1.54307389259338 1.4801082611084 1.3472706079483 1.34404397010803 1.42312157154083 1.46869897842407 1.60961604118347 1.79480075836182 2.01084089279175 2.29210424423218 2.5252857208252 2.90137100219727 3.23611259460449 3.48701906204224 3.77601742744446 4.03832530975342 4.22851133346558 4.40049600601196 4.50004196166992 4.53566455841064 4.58167123794556 4.67330551147461 4.67874813079834
1.22122144699097 1.19232952594757 1.2309684753418 1.28884613513947 1.36325550079346 1.3519287109375 1.31763911247253 1.31489217281342 1.41598463058472 1.48733186721802 1.51944947242737 1.72737264633179 1.82275938987732 1.75118207931519 1.66281414031982 1.69298279285431 1.87482035160065 1.94991135597229 1.75865626335144 1.6089860200882 1.54108858108521 1.55071723461151 1.58952605724335 1.50201034545898 1.39386570453644 1.35370361804962 1.38703334331512 1.43918704986572 1.52780103683472 1.6819452047348 1.99560368061066 2.32171273231506 2.60791206359863 2.94461369514465 3.27949500083923 3.56619691848755 3.84308934211731 4.09412336349487 4.25793313980103 4.32530784606934 4.49871158599854 4.60996150970459 4.72823333740234 4.82088327407837 4.81394100189209
1.25529420375824 1.2273782491684 1.26005280017853 1.32680797576904 1.40438687801361 1.39002764225006 1.40515470504761 1.37153935432434 1.49477469921112 1.57475674152374 1.62638008594513 1.83285701274872 1.90495431423187 1.8421334028244 1.80193102359772 1.86327850818634 2.04095435142517 2.02933287620544 1.82899785041809 1.65828120708466 1.59614479541779 1.6047328710556 1.63646018505096 1.54084348678589 1.44411194324493 1.36781907081604 1.3700098991394 1.44261229038239 1.51112949848175 1.69532561302185 2.03579616546631 2.32449054718018 2.71125030517578 3.00805497169495 3.3472785949707 3.62820601463318 3.789635181427 3.95776677131653 4.24291944503784 4.42924690246582 4.61711025238037 4.73828649520874 4.87331914901733 4.97701358795166 4.9676947593689
1.29020655155182 1.26417183876038 1.29406142234802 1.36668133735657 1.44666194915771 1.43179559707642 1.45313215255737 1.42348611354828 1.55506467819214 1.63711106777191 1.7057991027832 1.84305727481842 1.95978319644928 1.9744336605072 1.89129030704498 1.93485140800476 2.12526345252991 2.10957717895508 1.91033136844635 1.74847722053528 1.67706787586212 1.61468863487244 1.59045326709747 1.61002337932587 1.51586973667145 1.38463246822357 1.40001332759857 1.46611297130585 1.53843867778778 1.74088144302368 2.08044075965881 2.38045573234558 2.71888756752014 3.08085083961487 3.32212066650391 3.45431089401245 3.72388792037964 4.05314493179321 4.33455324172974 4.55753803253174 4.74861145019531 4.86858940124512 5.0098180770874 5.13705253601074 5.12557363510132
1.33140027523041 1.31667375564575 1.30935895442963 1.37004423141479 1.46712827682495 1.50122559070587 1.50408029556274 1.47700226306915 1.59916234016418 1.6592116355896 1.73310470581055 1.79337239265442 1.98951768875122 2.06846261024475 2.00279402732849 2.0023980140686 2.2109534740448 2.20195484161377 2.0198929309845 1.90144968032837 1.80195939540863 1.65466296672821 1.64084959030151 1.66154861450195 1.54234838485718 1.44460022449493 1.45424997806549 1.51944720745087 1.57784605026245 1.72824347019196 2.05551528930664 2.35929608345032 2.73092293739319 2.90449953079224 3.11632585525513 3.48437666893005 3.79250502586365 4.134192943573 4.44593238830566 4.69496154785156 4.88999843597412 5.01313972473145 5.16414785385132 5.29263114929199 5.29255533218384
1.37384295463562 1.37731111049652 1.35200357437134 1.36927318572998 1.46695923805237 1.55425071716309 1.55756449699402 1.49520647525787 1.58642685413361 1.69532322883606 1.75653564929962 1.8267970085144 2.06899499893188 2.14334511756897 2.08533668518066 2.08461284637451 2.30397510528564 2.38290858268738 2.27165794372559 2.06030058860779 1.97308349609375 1.79131543636322 1.72552716732025 1.73116815090179 1.60201632976532 1.49229228496552 1.48050999641418 1.53524088859558 1.54902040958405 1.69382798671722 1.91982471942902 2.35013198852539 2.85648965835571 3.04528570175171 3.19181108474731 3.56003355979919 3.8667631149292 4.23141241073608 4.57308387756348 4.82764577865601 5.04729318618774 5.17277669906616 5.21394634246826 5.3179144859314 5.43692398071289
1.53737270832062 1.42760372161865 1.40179836750031 1.41029906272888 1.51875483989716 1.60694944858551 1.61265122890472 1.58442795276642 1.60122001171112 1.76732766628265 1.81817448139191 1.8949556350708 2.15732455253601 2.23053383827209 2.16007232666016 2.18665552139282 2.27336454391479 2.50701856613159 2.47105598449707 2.30451655387878 2.1447286605835 2.00039649009705 1.84694838523865 1.83286702632904 1.68503737449646 1.53724670410156 1.51518261432648 1.50330638885498 1.52319943904877 1.61568558216095 1.84405767917633 2.43673896789551 2.91010093688965 3.24872231483459 3.33023142814636 3.648029088974 3.96216154098511 4.27900457382202 4.61071491241455 4.83818054199219 4.97340679168701 5.20473289489746 5.32165479660034 5.46976900100708 5.60067844390869
1.56982946395874 1.46989095211029 1.45572626590729 1.45787990093231 1.57038676738739 1.66168308258057 1.64480018615723 1.68285810947418 1.6636608839035 1.8342022895813 1.89334833621979 1.96530830860138 2.24448823928833 2.33795475959778 2.27567148208618 2.24529480934143 2.39188480377197 2.62047052383423 2.5921642780304 2.41643476486206 2.27456140518188 2.18914318084717 2.00202369689941 1.9529482126236 1.78239130973816 1.63387107849121 1.54919052124023 1.51023161411285 1.54997098445892 1.61004102230072 1.8458160161972 2.58945965766907 3.14776015281677 3.42307448387146 3.51185512542725 3.73334002494812 4.01383352279663 4.17986297607422 4.46009683609009 4.83402395248413 5.10693407058716 5.34492635726929 5.48230743408203 5.63530874252319 5.74503993988037
1.58798849582672 1.48382997512817 1.48918557167053 1.50561535358429 1.63036155700684 1.7240903377533 1.70418429374695 1.74910068511963 1.73280727863312 1.87933373451233 1.95839774608612 2.03822231292725 2.22455739974976 2.38762307167053 2.46544098854065 2.37971949577332 2.45657444000244 2.73890161514282 2.70479989051819 2.53197836875916 2.38727164268494 2.32559180259705 2.1764440536499 2.02506399154663 1.91192543506622 1.75192892551422 1.62141478061676 1.58343517780304 1.60583889484406 1.66475856304169 1.91605663299561 2.58652544021606 3.08590531349182 3.49767184257507 3.7130115032196 3.78351211547852 3.7621591091156 4.10668039321899 4.56230688095093 4.95272159576416 5.23396921157837 5.48574113845825 5.61812305450439 5.8159384727478 5.92765808105469
1.62200975418091 1.49777626991272 1.51832234859467 1.53656041622162 1.61998248100281 1.75212109088898 1.80721056461334 1.82632553577423 1.7317498922348 1.86556339263916 2.05041241645813 2.0921323299408 2.15513634681702 2.44777011871338 2.56541037559509 2.51299858093262 2.54936456680298 2.84212851524353 2.90536260604858 2.78277182579041 2.55132293701172 2.4468560218811 2.36353158950806 2.15033268928528 2.02257657051086 1.8460294008255 1.69073700904846 1.61244916915894 1.63070321083069 1.66071474552155 1.9019523859024 2.31441879272461 3.05452442169189 3.63623952865601 4.05128383636475 3.81448245048523 3.87680244445801 4.17525291442871 4.65101051330566 5.070641040802 5.38466548919678 5.65217161178589 5.75069713592529 5.83835411071777 5.99077367782593
1.66697263717651 1.54782295227051 1.55947077274323 1.5511589050293 1.57429075241089 1.74104905128479 1.87280035018921 1.90813612937927 1.89127278327942 1.92399144172668 2.16150307655334 2.19716024398804 2.21932625770569 2.55260491371155 2.69049978256226 2.62444496154785 2.67673993110657 2.84110283851624 3.05618214607239 2.99402499198914 2.78897523880005 2.60922122001648 2.55950713157654 2.44433808326721 2.20165157318115 2.0339891910553 1.76686799526215 1.70495927333832 1.68696784973145 1.68209481239319 1.84708726406097 2.43204426765442 3.40469908714294 4.3257908821106 4.68607759475708 3.78203916549683 3.95109939575195 4.2601203918457 4.65525388717651 5.0731348991394 5.34349679946899 5.55117559432983 5.7918848991394 5.95154809951782 6.18660545349121
