slauniainen/Data/DEM/Vihti_dem1500b_cl_horizonAngle_120.asc
NCOLS 196 
NROWS 178 
XLLCORNER 353680 
YLLCORNER 6699024 
CELLSIZE 16 
NODATA_value -3.4e+38 
[rows 60 to 79 of 178, columns 45 to 89 of 196]
-0.107463262975216 0.313994228839874 0.767172276973724 1.22738230228424 0.979970693588257 0.662659823894501 0.496928036212921 0.358575463294983 0.427852779626846 0.141364246606827 0.389565080404282 0.251769244670868 0.621139228343964 1.14819765090942 1.16505599021912 2.11053943634033 0.713672876358032 0.542077422142029 0.662781476974487 0.823777735233307 0.997655391693115 1.24365437030792 1.44217598438263 1.8486236333847 2.22326683998108 2.44003057479858 2.8832221031189 2.94156193733215 3.28610277175903 3.48671317100525 3.66578364372253 3.79966521263123 3.97989749908447 4.06941032409668 4.16128015518188 4.12938451766968 4.24856376647949 4.22725391387939 4.27186298370361 4.17026853561401 3.793869972229 3.83697390556335 3.58430767059326 3.78682923316956 4.47837448120117
0.0202648546546698 0.450658887624741 0.789256453514099 0.970108449459076 1.2590765953064 0.861503541469574 0.822876811027527 0.708418846130371 0.547682106494904 0.388750702142715 0.218623697757721 0.107286229729652 0.472080200910568 0.384320288896561 0.54158341884613 0.907139658927917 1.47262930870056 2.44944024085999 0.58961695432663 0.587278723716736 0.704227209091187 0.860815525054932 1.05317890644073 1.49919521808624 1.80519592761993 1.92980444431305 2.33215188980103 2.6013331413269 3.06807422637939 3.15413165092468 3.50892543792725 3.67962908744812 3.92600560188293 4.12456035614014 4.23652839660645 4.36154699325562 4.46747732162476 4.46126270294189 4.60697364807129 4.60008811950684 4.68842697143555 4.58336353302002 4.08285570144653 4.01800727844238 4.13937520980835
0.212469980120659 0.522549331188202 1.00429344177246 1.10449230670929 1.39386594295502 0.973697602748871 0.968509197235107 0.914341270923615 0.912047505378723 0.813145041465759 0.622950613498688 0.455479323863983 0.154278665781021 0.00628733029589057 0.0494118630886078 0.0777168869972229 0.116642035543919 0.226503282785416 0.473379552364349 1.33441948890686 0.802733719348907 0.801363587379456 0.897500395774841 1.09616732597351 1.36405003070831 1.58681309223175 1.89011001586914 2.03687834739685 2.50137281417847 2.76282858848572 3.24656057357788 3.6199676990509 3.79485440254211 3.99930667877197 4.20488023757935 4.44881439208984 4.58811712265015 4.73764705657959 4.87900400161743 4.89735746383667 5.07557249069214 5.06789302825928 4.89117670059204 4.52575635910034 4.5916485786438
0.327095508575439 0.607583701610565 0.988689720630646 1.16625475883484 1.52100574970245 1.0385103225708 1.01408791542053 1.03083896636963 1.08490443229675 1.06073892116547 1.04574596881866 0.819796502590179 0.537894427776337 0.306491762399673 0.0957197695970535 0.0554386749863625 0.080772802233696 0.269993513822556 0.594668805599213 0.808590888977051 0.914374709129333 1.20448791980743 1.05316913127899 1.0022988319397 0.969778001308441 1.14199733734131 1.44763803482056 1.67310309410095 2.00401639938354 2.17583537101746 2.86208653450012 3.34215927124023 3.43361306190491 3.85046982765198 4.08242321014404 4.32308959960938 4.59326219558716 4.87045240402222 5.04523754119873 5.20895433425903 5.36167049407959 5.42628049850464 5.42120552062988 5.61266136169434 5.51366376876831
0.411571204662323 0.616989135742188 0.786472499370575 1.2378523349762 1.51101815700531 1.2234263420105 1.15677976608276 1.08469843864441 1.1306666135788 1.19130575656891 1.24220728874207 1.15400767326355 1.06403720378876 0.814532995223999 0.640468835830688 0.381377995014191 0.11927280575037 0.424558997154236 0.779960095882416 1.06242215633392 1.2114132642746 1.21406006813049 1.16677165031433 1.14293146133423 1.10079121589661 1.05549395084381 1.09607923030853 1.23093271255493 1.51888608932495 1.74895215034485 2.22672557830811 2.69026660919189 3.02600145339966 3.58715009689331 3.73129415512085 4.21096038818359 4.47724151611328 4.74457263946533 5.07941627502441 5.39127111434937 5.56254434585571 5.80173444747925 5.9228630065918 6.10232734680176 6.1363673210144
0.360699117183685 0.507737100124359 0.676780641078949 1.02904987335205 1.38420712947845 1.38205063343048 1.24812233448029 1.2619868516922 1.28034484386444 1.24087655544281 1.30055785179138 1.38755106925964 1.41402113437653 1.41348385810852 1.3927640914917 1.11225366592407 0.883366107940674 0.871828675270081 1.42601633071899 1.54871785640717 1.67842411994934 1.65247356891632 1.46958422660828 1.3487012386322 1.29528248310089 1.24192154407501 1.2171927690506 1.23856210708618 1.31036961078644 1.35174405574799 1.786017537117 2.14962601661682 2.35298538208008 2.89681148529053 3.2914252281189 3.9299590587616 4.24305152893066 4.6727123260498 5.00861358642578 5.47563552856445 5.8051438331604 6.09227275848389 6.60891008377075 7.17390584945679 7.44511270523071
0.389186263084412 0.436738044023514 0.582743108272552 0.857179045677185 1.27359926700592 1.54148709774017 1.38704586029053 1.39310336112976 1.38325011730194 1.44269716739655 1.47830438613892 1.44319415092468 1.57013511657715 1.70679044723511 1.83444011211395 1.85605788230896 1.55219316482544 1.57898807525635 2.06695652008057 2.40741062164307 2.10079455375671 2.07759022712708 2.04182815551758 1.77643132209778 1.64003193378448 1.55282211303711 1.42947864532471 1.39307653903961 1.37622475624084 1.385409116745 1.3818576335907 1.62112247943878 1.91649031639099 2.33885073661804 2.59631514549255 3.20116448402405 3.72486782073975 4.47199869155884 5.05456924438477 5.37579441070557 5.79881715774536 6.3270001411438 7.0895471572876 7.60740613937378 8.34624862670898
0.490623772144318 0.474401950836182 0.581259548664093 0.761771142482758 1.1098370552063 1.34097468852997 1.30470669269562 1.29341304302216 1.52903783321381 1.60223293304443 1.6277813911438 1.65262758731842 1.7043023109436 1.81411051750183 2.01545214653015 2.29299283027649 2.43386006355286 2.8926854133606 3.19972586631775 3.48892593383789 2.32980895042419 2.31455230712891 2.2935631275177 2.18857979774475 2.14743590354919 1.86784744262695 1.7344069480896 1.65404069423676 1.52835297584534 1.49209940433502 1.43669056892395 1.44118523597717 1.46993041038513 1.81798017024994 2.17285895347595 2.65965914726257 2.99671030044556 4.08907556533813 4.84248018264771 5.21446323394775 5.87477874755859 6.29893207550049 7.21557664871216 7.7830057144165 8.55799388885498
0.562106609344482 0.569891810417175 0.581300318241119 0.713023841381073 0.94769674539566 0.99966162443161 1.09693276882172 1.18685615062714 1.46109199523926 1.53602802753448 1.8375335931778 1.87857484817505 2.03331160545349 2.10571885108948 2.26476740837097 2.5488920211792 3.04042911529541 3.60076665878296 4.28247594833374 4.27493619918823 3.25901174545288 2.39558959007263 2.41919445991516 2.43982982635498 2.42395949363708 2.26715993881226 2.07572746276855 1.96947813034058 1.81568849086761 1.65750050544739 1.59294545650482 1.56844341754913 1.56445860862732 1.61464202404022 1.7040137052536 2.10142087936401 2.57398200035095 3.37211036682129 4.07592821121216 4.75386905670166 5.59447956085205 6.09796571731567 6.99466800689697 7.73883581161499 8.6664981842041
0.618483304977417 0.593352556228638 0.652872800827026 0.673420786857605 0.872274518013 0.921842038631439 1.03531789779663 1.1355881690979 1.31038963794708 1.43268036842346 1.7916921377182 2.15168118476868 2.32476806640625 2.44231724739075 2.70750856399536 2.85473704338074 3.26542067527771 4.07053279876709 4.84503602981567 4.74418210983276 4.27262115478516 3.83073258399963 2.62532949447632 2.57625484466553 2.49272799491882 2.48073840141296 2.39631962776184 2.34222269058228 2.06255531311035 1.89609122276306 1.7841055393219 1.6784770488739 1.63507223129272 1.6424103975296 1.62768995761871 1.6795871257782 1.89863097667694 2.78393578529358 3.34020400047302 3.79571294784546 4.5893383026123 5.39570140838623 6.32121133804321 7.47136783599854 8.42908382415771
0.821411907672882 0.774336099624634 0.673433244228363 0.691238045692444 0.70698606967926 0.782123744487762 0.930158197879791 1.08069503307343 1.25032830238342 1.25757586956024 1.62195539474487 2.06712961196899 2.23501706123352 2.71349573135376 3.00058102607727 3.32359981536865 3.62136888504028 4.45829200744629 5.07204103469849 5.17232751846313 4.57705640792847 3.61428475379944 2.52761054039001 2.3728814125061 2.49987840652466 2.58592057228088 2.67655324935913 2.6576030254364 2.54302334785461 2.51227736473083 2.18212556838989 2.02446436882019 1.89409518241882 1.76026427745819 1.6904993057251 1.69770038127899 1.71716797351837 2.03640532493591 2.54675626754761 3.11532282829285 3.72457051277161 4.30474472045898 5.18805360794067 6.57706212997437 7.75638103485107
0.908300518989563 0.930571258068085 0.820722877979279 0.702158987522125 0.673247873783112 0.730871260166168 0.749348402023315 0.903973042964935 1.024862408638 1.08673214912415 1.28181374073029 1.7655268907547 2.03476881980896 2.61690473556519 3.03305101394653 3.69448208808899 4.19295167922974 4.87158393859863 5.56119012832642 7.16071557998657 6.60263681411743 2.94131183624268 2.09197163581848 2.19241118431091 2.38066387176514 2.55028629302979 2.73128890991211 2.84852886199951 2.8808274269104 2.82821226119995 2.64132595062256 2.42296004295349 2.28774094581604 2.08930206298828 1.89162039756775 1.78612196445465 1.77641677856445 1.82050824165344 1.92198503017426 2.30129837989807 2.85891842842102 3.54132795333862 4.23662328720093 5.11202383041382 6.91325378417969
0.90094780921936 0.950576066970825 0.974743604660034 0.921916902065277 0.870845079421997 0.743387639522552 0.69985044002533 0.763720750808716 0.782941102981567 0.931997001171112 1.13590860366821 1.51696455478668 1.72470462322235 2.31626486778259 2.82851195335388 3.91648101806641 4.60279703140259 5.21560430526733 5.98897886276245 7.02807664871216 8.79905986785889 3.19745540618896 1.91787850856781 1.99535143375397 2.21910429000854 2.44587993621826 2.63819909095764 2.82930731773376 3.03371381759644 2.99677968025208 2.9442982673645 2.80964136123657 2.75435924530029 2.40447902679443 2.21167922019958 2.0564706325531 1.86097025871277 1.80752849578857 1.87381076812744 2.17100095748901 2.31545639038086 2.65458822250366 3.28572082519531 4.13579988479614 5.54401206970215
0.761231124401093 0.903666734695435 0.986746311187744 1.01390135288239 1.04268538951874 0.985588312149048 0.917869329452515 0.793678164482117 0.788495063781738 0.795780658721924 0.956100106239319 1.37716054916382 1.54858553409576 1.96959185600281 2.24533343315125 3.51467275619507 4.33745527267456 5.65606021881104 6.56315994262695 9.08416080474854 10.095193862915 4.38352203369141 2.45882153511047 1.8052351474762 1.96561288833618 2.28341197967529 2.50783467292786 2.75801539421082 3.01865291595459 3.1801495552063 3.21940135955811 3.20353126525879 3.12123990058899 3.00730156898499 2.94392085075378 2.55007266998291 2.32707762718201 2.16469478607178 1.98673439025879 2.01077365875244 2.22387027740479 2.27109169960022 2.42491984367371 3.08213591575623 4.63685750961304
0.66345751285553 0.786719977855682 0.946227788925171 1.00826668739319 1.0616067647934 1.089839220047 1.10907590389252 1.07738280296326 1.00713658332825 0.841775178909302 0.837710440158844 1.01955580711365 1.3120733499527 1.70013046264648 1.90433955192566 2.76442718505859 3.53985261917114 4.60852670669556 6.3101487159729 9.45082092285156 9.07033157348633 4.02058172225952 1.39531707763672 1.53437983989716 1.77667438983917 2.07229781150818 2.29471158981323 2.6272554397583 2.92106962203979 3.21464419364929 3.31033062934875 3.40672206878662 3.45529055595398 3.40854215621948 3.33938694000244 3.22022724151611 3.13531827926636 2.72199153900146 2.50857067108154 2.36016511917114 2.14385318756104 2.13858819007874 2.3393919467926 2.49757671356201 3.3882372379303
0.605591356754303 0.652888476848602 0.833483517169952 0.869731307029724 1.03424084186554 1.10801792144775 1.17328417301178 1.20153081417084 1.23784601688385 1.03728544712067 0.873539626598358 0.812657713890076 0.920722246170044 1.26147747039795 1.58329439163208 2.23663926124573 2.97606420516968 3.9289653301239 5.68991899490356 7.51507377624512 5.58330869674683 1.95686948299408 0.898041427135468 1.07749092578888 1.49385070800781 1.88278162479401 2.09511780738831 2.41750073432922 2.76009368896484 3.05688691139221 3.29072403907776 3.4453113079071 3.56407403945923 3.6302969455719 3.70059514045715 3.65628552436829 3.56669902801514 3.31379580497742 3.04032635688782 2.8610155582428 2.60771131515503 2.38207507133484 2.27671027183533 2.41182136535645 2.46019768714905
0.604009687900543 0.642903625965118 0.724589467048645 0.790010571479797 0.92288476228714 0.940195202827454 1.10273635387421 1.17217862606049 1.26334011554718 1.23724377155304 1.17706918716431 1.10425996780396 0.948594391345978 0.868168413639069 1.11127233505249 1.80098628997803 2.57842707633972 3.30845284461975 4.20058155059814 5.0509819984436 4.14928817749023 1.73518264293671 0.307466447353363 0.540080845355988 1.11677634716034 1.61006832122803 1.8869811296463 2.21864819526672 2.53741383552551 2.87002611160278 3.19018983840942 3.32546329498291 3.5321261882782 3.70816040039062 3.80758452415466 3.90464377403259 3.82108926773071 3.72757649421692 3.64329934120178 3.55470204353333 3.13726878166199 2.84285402297974 2.66538429260254 2.44581913948059 2.37024116516113
0.675698816776276 0.692225933074951 0.681871652603149 0.699454367160797 0.765317738056183 0.81111216545105 0.954913377761841 0.991416752338409 1.19850099086761 1.28646993637085 1.29398810863495 1.3224937915802 1.27793824672699 1.19526195526123 1.03483366966248 1.23119866847992 1.93309378623962 2.60581302642822 3.48382616043091 4.59074211120605 3.95207953453064 1.89151060581207 0.149314701557159 0.280485421419144 0.573322772979736 1.12267112731934 1.40438413619995 1.94580817222595 2.2974910736084 2.65404224395752 2.99999189376831 3.16058754920959 3.43389558792114 3.57994794845581 3.78032279014587 3.97333908081055 4.08235263824463 4.17709350585938 4.13057947158813 4.03191709518433 3.95213150978088 3.86393189430237 3.43847799301147 3.10334253311157 2.90064311027527
0.902746558189392 0.806494057178497 0.692043304443359 0.683082580566406 0.705507576465607 0.812226593494415 0.838767468929291 0.859332621097565 1.03665018081665 1.2377587556839 1.27205681800842 1.36046421527863 1.40844368934631 1.44832682609558 1.41219317913055 1.30863296985626 1.14518892765045 1.58513474464417 2.38924217224121 3.59745717048645 3.83373212814331 1.98206627368927 0.283509731292725 0.200904443860054 0.313998728990555 0.516025424003601 0.82839435338974 1.46033573150635 1.79632484912872 2.33075046539307 2.77110075950623 2.94727373123169 3.22661232948303 3.38475823402405 3.67701172828674 3.80033826828003 4.16292810440063 4.30201721191406 4.40160894393921 4.54523038864136 4.49218511581421 4.39585542678833 4.32431364059448 4.23241662979126 3.66759586334229
1.10151278972626 0.974141597747803 0.833560824394226 0.733429491519928 0.740527808666229 0.728058516979218 0.747963547706604 0.915687918663025 0.981302499771118 1.09013533592224 1.09740114212036 1.32563292980194 1.4027087688446 1.50192248821259 1.56438457965851 1.57884883880615 1.3482438325882 1.11772572994232 1.2845207452774 2.03126358985901 2.8331937789917 1.80870258808136 0.48578068614006 0.347565084695816 0.382457673549652 0.370753735303879 0.571562111377716 1.00654077529907 1.77423131465912 3.82752084732056 2.82994246482849 2.60998511314392 2.94417285919189 3.13000297546387 3.44212126731873 3.6162965297699 3.94627928733826 4.24851512908936 4.51758337020874 4.67481422424316 4.79813385009766 4.96796894073486 4.89944553375244 4.77582120895386 4.46653747558594
