slauniainen/Data/DEM/Vihti_dem1500b_cl_horizonAngle_204.asc
NCOLS 196 
NROWS 178 
XLLCORNER 353680 
YLLCORNER 6699024 
CELLSIZE 16 
NODATA_value -3.4e+38 
[rows 20 to 39 of 178, columns 45 to 89 of 196]
-2.87595319747925 -3.06791186332703 -3.22133684158325 -3.39935970306396 -3.36100721359253 -3.31444454193115 -3.21242332458496 -3.19605159759521 -3.06182193756104 -2.63553667068481 -1.19462823867798 0.508303225040436 0.99554979801178 0.991484940052032 8.60802841186523 8.40105724334717 4.52168226242065 2.85781049728394 2.06094646453857 1.63646566867828 -0.822033882141113 -2.58835077285767 -2.67169308662415 -2.51064157485962 -2.01446676254272 -1.70933330059052 -1.3888338804245 -1.14590752124786 -0.956732213497162 -0.801121771335602 -0.692805647850037 -0.658273220062256 -0.631433069705963 -0.616918861865997 -0.591291606426239 -0.573852777481079 -0.588590085506439 -0.595026016235352 -0.604111790657043 -0.640839457511902 -0.666641771793365 -0.639934003353119 -0.6238614320755 -0.588899850845337 0.0833282470703125
-2.88769197463989 -2.78916597366333 -2.98208451271057 -3.09435796737671 -3.10588788986206 -3.04862546920776 -2.95930433273315 -2.87093067169189 -2.76796293258667 -1.34038364887238 0.320932477712631 1.42209434509277 1.38836061954498 2.80927109718323 1.91032409667969 -1.16348576545715 -2.46018099784851 -0.911616742610931 0.903122067451477 0.494971960783005 0.304719388484955 -1.85419952869415 -2.39184331893921 -2.08295059204102 -1.7961014509201 -1.50741398334503 -1.19718277454376 -0.971102833747864 -0.82362300157547 -0.689400553703308 -0.641664862632751 -0.623147010803223 -0.601686894893646 -0.586254894733429 -0.554617583751678 -0.54047691822052 -0.542410612106323 -0.560306906700134 -0.579756498336792 -0.585810661315918 -0.578413546085358 -0.588184475898743 -0.577789783477783 -0.568499863147736 -0.423688739538193
-2.61974573135376 -2.75290513038635 -2.79725241661072 -2.86445760726929 -2.8235011100769 -2.75100946426392 -2.64743518829346 -2.5278639793396 -1.4214882850647 0.854743719100952 1.9807562828064 1.94881081581116 1.65461611747742 0.277947336435318 -2.16814041137695 -2.43158626556396 -2.45472311973572 -2.4749858379364 -2.45010447502136 -1.31766629219055 -2.35723114013672 -2.22850918769836 -1.93183159828186 -1.82921385765076 -1.5677787065506 -1.29062867164612 -1.05654859542847 -0.833327829837799 -0.715667963027954 -0.612808167934418 -0.594255805015564 -0.584668219089508 -0.565799295902252 -0.536083817481995 -0.102944500744343 -0.519225537776947 -0.535425126552582 -0.523817777633667 -0.542823731899261 -0.523700833320618 -0.562150001525879 -0.538914084434509 -0.503214597702026 -0.46326270699501 -0.394796013832092
-2.55973410606384 -2.55791163444519 -2.67510032653809 -2.67404913902283 -2.60560703277588 -2.41699242591858 -2.31487107276917 -1.16555833816528 1.04430663585663 2.786465883255 3.48387789726257 2.81830739974976 1.98449170589447 0.618364214897156 -2.01286458969116 -2.35132837295532 -2.30600023269653 -2.34557723999023 -2.44617080688477 -2.45645451545715 -2.31590723991394 -1.95909118652344 -1.70372223854065 -1.56498396396637 -1.34797585010529 -1.08013522624969 -0.870425283908844 -0.689325571060181 -0.588454365730286 -0.55300098657608 -0.528214037418365 -0.51832902431488 -0.515198945999146 -0.456643104553223 -0.523762941360474 -0.522015869617462 -0.439944803714752 -0.382484912872314 -0.309431880712509 -0.395411789417267 -0.527219474315643 -0.450066983699799 -0.423336923122406 -0.356892466545105 -0.272548764944077
-2.7310037612915 -2.49067759513855 -2.39675831794739 -2.39001131057739 -2.28369235992432 -2.12847280502319 -1.83786427974701 1.2420779466629 4.01000595092773 5.14150714874268 4.54787158966064 4.24258327484131 2.86155843734741 1.442009806633 -1.09717452526093 -1.95732128620148 -1.9643691778183 -1.96661102771759 -2.04540610313416 -2.003981590271 -1.84208679199219 -1.6893082857132 -1.530428647995 -1.3692182302475 -1.11737513542175 -0.87512618303299 -0.666129469871521 -0.538221657276154 -0.502716541290283 -0.472606301307678 -0.464616477489471 -0.472487479448318 -0.49399396777153 -0.521052598953247 -0.510266542434692 -0.506611824035645 -0.374708950519562 -0.504348754882812 -0.501470863819122 -0.448801547288895 -0.445445537567139 -0.378219991922379 -0.312796205282211 -0.21488906443119 -0.115863330662251
-1.72257888317108 -2.36753416061401 -2.12186527252197 -1.98721408843994 -1.93524038791656 -1.67440927028656 0.578492999076843 2.97944951057434 5.86093473434448 7.0287504196167 5.8585057258606 4.87996387481689 4.1426944732666 2.39362072944641 0.366732835769653 -1.18463540077209 -1.69708597660065 -1.76111459732056 -1.80811786651611 -1.7253292798996 -1.59427535533905 -1.4741917848587 -1.33289313316345 -1.13021159172058 -0.908139109611511 -0.676853537559509 -0.4848273396492 -0.417449802160263 -0.406685799360275 -0.401835680007935 -0.413850992918015 -0.437601834535599 -0.474394559860229 -0.495830506086349 -0.507908821105957 -0.518205404281616 -0.483743488788605 -0.502320647239685 -0.459502667188644 -0.372511208057404 -0.327916890382767 -0.26093801856041 -0.163737371563911 -0.0699020549654961 -0.000960959820076823
-0.326552659273148 -0.468997895717621 -1.94741272926331 -1.85678291320801 -1.84869408607483 -0.374174982309341 3.29729747772217 7.35207223892212 9.24113368988037 7.48862838745117 7.10979413986206 5.79231691360474 5.08823537826538 3.54077768325806 0.420335680246353 -1.29690480232239 -1.45789206027985 -1.54990470409393 -1.45889818668365 -1.38675844669342 -1.28018760681152 -1.18273305892944 -1.0667462348938 -0.851935565471649 -0.690315723419189 -0.498683124780655 -0.360152721405029 -0.312521070241928 -0.320100754499435 -0.337877184152603 -0.357402414083481 -0.400817781686783 -0.448629766702652 -0.481066167354584 -0.499366939067841 -0.521653234958649 -0.53538715839386 -0.488357126712799 -0.407346129417419 -0.293674737215042 -0.211800903081894 -0.0672184750437737 -0.0376305654644966 0.0681333094835281 0.0845509096980095
-2.35133457183838 -1.99582707881927 -1.82530927658081 -1.81445944309235 0.465480804443359 3.54223346710205 6.74409151077271 9.76797962188721 12.7128114700317 10.5092821121216 7.3351092338562 6.56709146499634 4.58436727523804 3.36949801445007 1.00533366203308 -0.515942871570587 0.143090263009071 0.343358248472214 -0.126852348446846 -1.0111278295517 -0.987220466136932 -0.910916805267334 -0.769376456737518 -0.6208256483078 -0.478199005126953 -0.31748154759407 -0.228165566921234 -0.215973004698753 -0.237430989742279 -0.271546483039856 -0.332908719778061 -0.392756998538971 -0.421280086040497 -0.455590039491653 -0.486206024885178 -0.512116730213165 -0.52697616815567 -0.440664649009705 -0.346327662467957 -0.235019087791443 -0.053625725209713 0.0674261823296547 0.0949617400765419 0.129899248480797 0.133427888154984
-2.16641712188721 -1.90666902065277 -1.80502283573151 -1.06948339939117 2.26311206817627 10.0724401473999 13.0669364929199 16.524341583252 16.4336757659912 12.6980333328247 9.88440895080566 8.49858093261719 5.62268781661987 3.01575827598572 1.1264476776123 0.0259662605822086 1.32331490516663 1.62954354286194 0.642641961574554 -0.820111751556396 -0.747574508190155 -0.647130072116852 -0.50978547334671 -0.350971609354019 -0.237968176603317 -0.175310626626015 -0.163066178560257 -0.181879982352257 -0.208325639367104 -0.250085830688477 -0.33296325802803 -0.379982858896255 -0.41103321313858 -0.433414310216904 -0.468457460403442 -0.506218075752258 -0.482432574033737 -0.389542698860168 -0.191648080945015 -0.044801127165556 0.14728718996048 0.135974213480949 0.206138700246811 0.137737184762955 0.180416598916054
-1.83215045928955 -1.7563533782959 -1.76455676555634 1.57797563076019 7.89139842987061 5.12583446502686 -0.797414064407349 0.439746260643005 6.82539463043213 11.8222789764404 9.90488815307617 4.32432317733765 2.33772015571594 3.47455310821533 3.14497041702271 2.77043867111206 3.42197370529175 5.64766931533813 1.79608142375946 -0.672086417675018 -0.590357720851898 -0.432149350643158 -0.243416771292686 -0.187506467103958 -0.098340280354023 0.0993003249168396 0.123857721686363 -0.0458274446427822 -0.146277099847794 -0.20879465341568 -0.30096435546875 -0.365543752908707 -0.402363657951355 -0.427180409431458 -0.455011188983917 -0.493903547525406 -0.424810916185379 -0.336963683366776 0.0530392527580261 0.25633031129837 0.2453982681036 0.203921124339104 0.244804680347443 0.229949623346329 0.216632544994354
-1.71684861183167 -1.64049708843231 -1.76914715766907 0.784794270992279 -2.19450211524963 -2.45009469985962 -2.52509641647339 -2.59534811973572 0.0467184819281101 3.48346400260925 2.44254088401794 -0.616385102272034 -0.333810031414032 1.2686505317688 1.26280677318573 -1.10266613960266 0.168427586555481 4.47644472122192 4.62319087982178 -0.441240459680557 -0.32402229309082 -0.25225692987442 -0.143758162856102 0.293378710746765 0.522524893283844 0.545042812824249 0.584638357162476 0.4498470723629 0.0566069670021534 -0.163823857903481 -0.258724451065063 -0.349408388137817 -0.402765810489655 -0.440038293600082 -0.211311429738998 -0.456496030092239 -0.376745522022247 -0.242470264434814 0.0797902196645737 0.336687326431274 0.399125933647156 0.400998294353485 0.232207909226418 0.312874794006348 0.383597582578659
-1.63285481929779 -1.58340501785278 -1.73162949085236 -1.99778866767883 -2.00175023078918 -2.15161156654358 -1.13576626777649 0.0146166048943996 -0.876627326011658 -2.32616209983826 -2.10047483444214 -1.8776547908783 -1.65045547485352 -1.59211814403534 -1.47002637386322 -1.4065728187561 -1.19693303108215 -0.842869579792023 1.21019291877747 -0.176161646842957 -0.222261995077133 -0.00101720413658768 0.52400815486908 0.683883905410767 0.742598593235016 0.776748836040497 0.762055993080139 0.711499273777008 0.402152508497238 -0.0746318623423576 -0.211534187197685 -0.307274699211121 -0.392453610897064 -0.442656010389328 -0.470452845096588 -0.236268565058708 -0.328808575868607 -0.227651461958885 -0.104516126215458 0.364183396100998 0.58477395772934 0.489645212888718 0.398808270692825 0.374873667955399 0.487554013729095
-1.4242308139801 -1.42104339599609 -1.61967146396637 -1.80063927173615 -1.91283619403839 -2.04370021820068 -2.1756067276001 -2.32528901100159 -2.3820903301239 -2.23790812492371 -1.9400851726532 -1.75097334384918 -1.52373039722443 -1.32166278362274 -1.26874577999115 -1.21017849445343 -1.03239250183105 -0.717470109462738 -0.379858464002609 -0.2516048848629 -0.01446692366153 0.54814201593399 0.870619118213654 0.982786595821381 1.00235104560852 1.03594624996185 1.01803302764893 0.959359586238861 0.715508222579956 0.112896844744682 -0.163789376616478 -0.279188007116318 -0.377907603979111 -0.466247409582138 -0.474739372730255 -0.365228891372681 -0.255639493465424 -0.209676966071129 -0.0564831309020519 0.187671095132828 0.653224587440491 0.562435209751129 0.530334770679474 0.558916926383972 0.764121055603027
-1.19071209430695 -1.18645405769348 -1.39816677570343 -1.59887039661407 -1.70738911628723 -1.88549625873566 -2.05572724342346 -2.18622279167175 -2.03678894042969 -1.8282562494278 -1.68370687961578 -1.50200569629669 -1.33563184738159 -1.07259523868561 -1.01343214511871 -0.842725455760956 -0.703674495220184 -0.482853531837463 -0.31515496969223 -0.0117419790476561 0.5089311003685 0.919014573097229 1.12604606151581 1.44258296489716 1.50798451900482 1.34398603439331 1.29181325435638 1.21721172332764 0.995491802692413 0.380626380443573 -0.144325882196426 -0.240531772375107 -0.349073112010956 -0.452334582805634 -0.435341686010361 -0.330214828252792 -0.213576659560204 -0.0990099087357521 -0.0246505308896303 0.124322906136513 0.558592915534973 0.75309956073761 0.753595888614655 0.7973992228508 0.907450258731842
-0.924022197723389 -0.92717444896698 -1.0528861284256 -1.11812996864319 -1.33451056480408 -1.47970974445343 -1.53466320037842 -1.50996994972229 -1.45436036586761 -1.44070398807526 -1.35932493209839 -1.09372091293335 -0.984597980976105 -0.895820140838623 -0.76820969581604 -0.56556236743927 -0.403189867734909 -0.37066239118576 -0.0132321659475565 0.743988454341888 1.16616094112396 1.52597677707672 1.63925445079803 2.50877690315247 1.5835292339325 1.44847214221954 1.35453975200653 1.48872303962708 1.28023338317871 0.658926725387573 -0.121076673269272 -0.237675189971924 -0.326006323099136 -0.413097709417343 -0.365351587533951 -0.304571241140366 -0.205746188759804 -0.0399191491305828 0.0362610220909119 0.0920958518981934 0.401963710784912 0.831134557723999 0.999806582927704 1.30874240398407 1.45333671569824
-0.682193875312805 -0.47969651222229 -0.532089293003082 -0.716569006443024 -0.928681492805481 -1.01101613044739 -0.9861900806427 -0.983146250247955 -0.990679085254669 -0.601838946342468 -0.713646709918976 -0.730648040771484 -0.594443917274475 -0.684878587722778 -0.478248119354248 -0.383074909448624 -0.270249754190445 0.00524698942899704 0.909960865974426 1.55226528644562 2.10024356842041 3.07900524139404 3.027188539505 1.97471332550049 1.92358708381653 1.57326638698578 1.41341209411621 1.47995018959045 1.5399181842804 0.948802828788757 -0.111097663640976 -0.236349165439606 -0.32524037361145 -0.312466561794281 -0.286629199981689 -0.200215443968773 -0.174861073493958 0.00145138998050243 0.0789338573813438 0.163773775100708 0.216453596949577 1.07302021980286 1.58389973640442 1.57419455051422 1.80382800102234
-0.295227617025375 -0.0885967314243317 -0.0357136689126492 -0.22403872013092 -0.43172225356102 -0.616506218910217 -0.600918650627136 -0.298128962516785 -0.0279614310711622 0.0975218564271927 0.0407517701387405 -0.374987661838531 -0.250314265489578 -0.271826475858688 -0.271806448698044 -0.0932677239179611 0.135347008705139 0.582693815231323 1.91969835758209 2.54686975479126 2.6109025478363 1.8723623752594 1.11999464035034 1.01588416099548 1.10836040973663 1.06701171398163 1.23889887332916 1.71252858638763 1.66202938556671 1.79003322124481 0.270283222198486 -0.20211760699749 -0.292868882417679 -0.218342080712318 -0.149606585502625 -0.120857037603855 -0.032212071120739 0.0544601492583752 0.11477080732584 0.216313078999519 0.21604111790657 0.790803730487823 1.71248769760132 2.34427356719971 2.41423058509827
0.133791163563728 0.326990962028503 0.345675438642502 0.123300835490227 -0.0147692887112498 0.00893379934132099 0.0578083954751492 0.236100271344185 0.508168816566467 0.42542690038681 0.284728169441223 0.146517515182495 -0.0506169088184834 0.00909049529582262 0.0719682201743126 0.456328749656677 0.804184257984161 2.53558111190796 2.29415392875671 1.5679018497467 1.00308835506439 0.846267223358154 0.747699320316315 0.62708193063736 0.586364924907684 0.721707940101624 0.701766848564148 0.930258333683014 1.66193354129791 2.51162648200989 1.5254499912262 0.108845829963684 -0.148867309093475 -0.120536237955093 -0.00704754097387195 -0.00274275266565382 0.0582930631935596 0.141069531440735 0.205118849873543 0.23234087228775 0.223748251795769 0.133295804262161 0.800623655319214 1.78540706634521 2.47500395774841
0.616790175437927 0.710500419139862 0.616069793701172 0.465091526508331 0.313433557748795 0.332560956478119 0.553382694721222 0.786728203296661 0.670584201812744 0.60479998588562 0.4768246114254 0.382466703653336 0.282529681921005 0.344710826873779 1.19050574302673 1.43775343894958 1.66725659370422 1.22682869434357 0.715766608715057 0.735639274120331 0.447177052497864 0.347925573587418 0.137477785348892 0.0106277745217085 0.0156547930091619 0.213387787342072 0.339374482631683 0.381624341011047 0.488756477832794 1.56152725219727 1.99874031543732 0.98280394077301 0.241050586104393 0.0461066849529743 0.0803360491991043 0.175768718123436 0.16823785007 0.191230684518814 0.287422269582748 0.260825157165527 0.196707308292389 0.127436831593513 0.0219800174236298 0.465439826250076 1.73512971401215
1.0638552904129 1.1291469335556 0.919556260108948 0.803999066352844 0.702330827713013 0.903133690357208 1.18481457233429 1.48898184299469 1.31254327297211 1.0857127904892 0.983827769756317 0.5866339802742 1.48935604095459 2.15648770332336 1.84385573863983 1.30454552173615 0.973727285861969 0.363511443138123 0.343294858932495 -0.0596275292336941 -0.0717989131808281 -0.100597456097603 -0.101455949246883 -0.100678481161594 -0.089973971247673 -0.10157822817564 -0.0978043749928474 -0.0933974832296371 -0.0438361465930939 0.00719245197251439 0.914006650447845 1.78952848911285 1.08815765380859 0.409489512443542 0.149502485990524 0.257969528436661 0.305753588676453 0.276415914297104 0.334958046674728 0.30644217133522 0.197535246610641 0.116319067776203 0.0233004651963711 -0.127565145492554 0.395953416824341
