slauniainen/Data/DEM/Vihti_flowaccum_16m.asc
ncols         196
nrows         178
xllcorner     353680
yllcorner     6699024
cellsize      16
NODATA_value  -9999
[rows 62 to 92 of 178, columns 70 to 139 of 196]
16 2112.536 16 108.0541 42.12553 30.93813 55.99868 28.00988 28.44444 16 17.42222 16 22.4 40.88889 32.71111 43.11704 38.23671 151.5568 63.20361 73.40964 1046.135 28.03756 192.8148 104.8208 117.2521 80.80111 67.17665 56.53333 41.95555 32 16 16 16 31.64444 42.8642 31.9921 33.24524 2268.106 101.9922 66.16186 53.74779 31.31976 25.92237 20.69333 27.37778 -9999 -9999 -9999 -9999 -9999 -9999 -9999 -9999 -9999 -9999 -9999 -9999 -9999 -9999 -9999 -9999 -9999 -9999 -9999 -9999 -9999 -9999 -9999 -9999 -9999
16 2161.569 26.98783 22.4751 58.2759 37.4633 18.74348 24.69136 19.55556 26.06617 23.35605 30.57778 39.82222 16 65.61185 52.44418 73.85155 134.8199 68.21022 98.50899 1117.158 107.5328 165.5603 178.3727 123.2887 102.899 80.63351 66.79914 58.57185 34.13334 16 16 16 21.33333 32.71111 36.95407 50.25835 2055.985 149.1778 86.67783 46.57317 47.44112 40.4243 34.34667 19.2 16 -9999 -9999 -9999 -9999 -9999 -9999 -9999 -9999 -9999 -9999 -9999 -9999 -9999 -9999 -9999 -9999 -9999 -9999 -9999 -9999 -9999 -9999 -9999 -9999
2179.702 16 42.49087 22.50539 36.59284 29.89283 17.86221 41.89971 32.21895 25.84722 36.24191 50.57685 54.93728 24.88889 59.56214 46.32625 103.384 143.6263 70.03465 173.6245 1202.457 164.6075 268.5664 147.6693 160.1383 122.5842 104.3741 78.28543 60.1837 46.93333 32 16 16 16 23.82222 40.92049 65.7165 1900.63 91.33755 123.8216 104.9004 76.35184 55.13956 40.96 28.8 16 -9999 -9999 -9999 -9999 -9999 -9999 -9999 -9999 -9999 -9999 -9999 -9999 -9999 -9999 -9999 -9999 -9999 -9999 -9999 -9999 -9999 -9999 -9999 -9999
128706.7 128501.2 23.5018 52.27189 25.29999 16 56.0375 33.18344 30.93395 26.91327 39.3559 71.59536 58.05071 55.00594 67.63954 37.76594 71.2019 186.2861 137.3389 893.7151 622.4684 338.4731 152.6348 89.68055 59.83877 61.73045 79.53477 85.59507 67.32959 51.80102 39.12691 29.15556 18.84444 16 16 29.86667 49.18518 1737.251 95.61387 95.55454 106.3757 80.6694 58.63822 43.73333 32 16 -9999 -9999 -9999 -9999 -9999 -9999 -9999 -9999 -9999 -9999 -9999 -9999 -9999 -9999 -9999 -9999 -9999 -9999 -9999 -9999 -9999 -9999 -9999 -9999
107.8168 42.96252 128360.2 35.11555 32 72.0375 37.38488 40.17214 39.34495 38.12869 43.11184 80.74732 63.47244 86.00805 45.69926 80.35793 42.01654 4094.85 3817.473 3441.652 2518.361 1873.407 65.82253 79.47444 80.90246 87.3866 88.74654 101.9343 89.32622 69.58015 52.98138 35.41439 33.67506 16 16 28.8 30.43556 1569.059 118.763 93.35233 70.78114 77.03597 72.27944 55.84592 29.51111 16 -9999 -9999 -9999 -9999 -9999 -9999 -9999 -9999 -9999 -9999 -9999 -9999 -9999 -9999 -9999 -9999 -9999 -9999 -9999 -9999 -9999 -9999 -9999 -9999
43.33263 44.20583 38.79422 128173.8 127878.6 33.44628 51.11475 49.73932 46.60163 45.65565 60.8786 85.50976 84.7218 93.67834 74.59914 24.12431 4295.447 24.88889 37.68889 26.31111 16 16 1450.91 1315.679 701.2922 636.7441 335.2713 280.806 250.5229 124.2257 90.56525 64.07006 28.8 19.2 16 16 28.44444 1513.767 16 46.51625 52.81659 50.20444 61.568 44.06519 34.13334 16 -9999 -9999 -9999 -9999 -9999 -9999 -9999 -9999 -9999 -9999 -9999 -9999 -9999 -9999 -9999 -9999 -9999 -9999 -9999 -9999 -9999 -9999 -9999 -9999
28.20583 22.79422 105.7834 173.484 21.85385 127703.2 127492.1 20.42127 76.80561 47.45167 55.23287 111.7542 112.1231 28.49045 4573.136 4401.349 33.77778 37.33333 16 21.68889 16 16 16 246.3243 518.2296 627.787 826.47 779.1884 723.1025 734.4556 640.7396 253.4915 62.95967 42.50864 17.42222 16 76.01968 1366.924 1233.525 60.76859 67.15289 67.97706 42.6003 36.02963 23.11111 16 16 -9999 -9999 -9999 -9999 -9999 -9999 -9999 -9999 -9999 -9999 -9999 -9999 -9999 -9999 -9999 -9999 -9999 -9999 -9999 -9999 -9999 -9999 -9999
61.14799 89.78345 38.46436 131.7116 17.43024 177.6588 23.11111 127336.2 126986.4 16 41.77534 4918.961 4761.75 4633.626 16 16 16 17.77778 16 16 22.04123 54.37107 123.3356 146.3667 183.3282 46.99215 36.70123 17.77778 44.38123 65.04835 73.37949 361.2816 365.3366 182.9861 73.93242 24.03176 44.01967 109.6655 469.1771 750.1357 100.7825 66.36946 45.53813 39.12867 36.08494 34.84444 16 -9999 -9999 -9999 -9999 -9999 -9999 -9999 -9999 -9999 -9999 -9999 -9999 -9999 -9999 -9999 -9999 -9999 -9999 -9999 -9999 -9999 -9999 -9999
46.01767 91.89967 108.8735 32.1805 161.6588 16 167.6204 166.144 16 126814.2 125056.1 16 16 16 16 16 16 16 31.64444 38.39679 64.32984 100.9645 55.03113 87.9491 61.03163 49.76285 37.05679 23.11111 16 45.51111 53.08875 54.96748 132.9767 137.485 79.81214 40.15881 35.02459 61.53028 80.77584 851.8533 271.1202 97.09094 78.38709 68.12357 57.99506 35.2 16 16 -9999 -9999 -9999 -9999 -9999 -9999 -9999 -9999 -9999 -9999 -9999 -9999 -9999 -9999 -9999 -9999 -9999 -9999 -9999 -9999 -9999 -9999
51.39753 50.22464 56.00943 71.62453 43.28405 20.61088 196.2653 75.99928 1558.526 183.5655 16 120047.3 119973 119925 19.91111 31.28889 32 56.92839 57.91283 34.58418 106.6188 106.333 99.33112 109.7936 69.72892 49.24839 33.69876 24.88889 16 29.51111 40.70716 41.86074 89.35542 118.7415 71.5594 40.26469 31.70765 37.90064 57.6 95.50892 672.8506 157.3037 100.834 73.87303 64.73482 37.33333 21.33333 16 16 -9999 -9999 -9999 -9999 -9999 -9999 -9999 -9999 -9999 -9999 -9999 -9999 -9999 -9999 -9999 -9999 -9999 -9999 -9999 -9999 -9999
35.00247 40.91874 39.489 55.80829 51.87237 177.7764 16 190.1789 58.31111 1508.089 42.31111 16 16 29.51111 119827.6 119631.4 119464.2 119354.3 30.60221 57.30573 153.28 103.4584 192.0143 71.1361 66.08933 54.26427 36.98568 29.51111 16 16 26.31111 33.77778 57.6237 83.74133 73.03497 29.51111 25.24444 30.90963 38.4237 68.72083 76.59512 519.7438 112.568 83.65235 56.44062 42.12148 33.06667 16 16 30.93333 -9999 -9999 -9999 -9999 -9999 -9999 -9999 -9999 -9999 -9999 -9999 -9999 -9999 -9999 -9999 -9999 -9999 -9999 -9999 -9999
36.21136 42.33692 45.32313 47.23798 59.00372 55.51121 174.1789 16 32 1477.867 21.33333 16 16 25.95555 154.2217 119.9239 61.95182 18.03588 119174.8 118993.8 118871.8 118681.4 215.1456 70.34012 31.66283 54.14265 38.2253 24.65975 25.24444 16 16 16 39.46667 60.66568 59.86765 16 16 30.57778 36.05333 49.45067 39.48626 321.913 117.5201 90.95715 64.57258 49.96741 25.6 16 16 18.13333 28.89482 -9999 -9999 -9999 -9999 -9999 -9999 -9999 -9999 -9999 -9999 -9999 -9999 -9999 -9999 -9999 -9999 -9999 -9999 -9999
17.83309 19.56662 30.44607 46.70801 71.12018 77.29094 86.04068 16 16 1358.227 96.88494 16 16 24.53333 182.7134 52.34831 30.53827 65.07159 99.95536 48.66195 16 21.33333 118266.6 373.2189 270.1924 66.67167 48.12331 36.629 23.33129 25.90815 23.46667 16 23.46667 33.77778 37.68889 17.06667 16 33.42222 50.70222 50.32771 80.13685 95.98557 132.9989 55.95444 36.87717 24.53333 16 25.6 38.4 16 21.23852 16 29.82505 -9999 -9999 -9999 -9999 -9999 -9999 -9999 -9999 -9999 -9999 -9999 -9999 -9999 -9999 -9999 -9999 -9999
41.55259 40.00816 51.56281 74.09596 78.56992 64.88795 16 87.06109 16 1300.8 61.51111 28.08889 19.91111 21.30963 163.5793 32.71111 26.31111 44.53136 69.95753 24.88889 16 32 117869.5 25.12716 60.45873 87.29313 74.60909 52.47184 41.33241 29.55852 35.65827 31.28889 16 16 16 16 16 16 16 32 41.17333 34.91555 16 48.31716 36.28247 24.88889 24.24889 42.16889 59.44889 46.48296 16 16 64.3877 62.21275 -9999 -9999 -9999 -9999 -9999 -9999 -9999 -9999 -9999 -9999 -9999 -9999 -9999 -9999 -9999 -9999
30.98074 64.52517 66.18624 73.36141 93.70526 86.79953 85.43962 46.37853 1244.623 16 64 16 16 142.6015 16 16 16 43.37778 16 16 16 26.66667 117796.4 75.32651 68.45366 81.39361 71.62806 80.13415 58.1861 51.65827 36.90667 16.71111 16 16 16 16 16 16 16 16 22.4 16 29.51111 24.06277 36.00487 32.16592 32.51674 85.40444 78.32308 77.01892 63.14155 141.9427 46.83062 28.11259 25.95555 40.44379 -9999 -9999 -9999 -9999 16 16 -9999 -9999 -9999 -9999 -9999 -9999 -9999 -9999
18.84444 23.53778 46.03078 65.15777 95.93101 192.1283 76.05509 124.7458 1094.827 16 16 32 16 64 16 16 27.37778 16 30.57778 46.57778 62.57778 16 117678.1 16 155.5547 139.5547 114.0043 87.50439 84.69334 63.5628 31.9684 19.55556 37.33333 33.06667 24.17778 35.2 26.66667 27.73333 20.26667 16 24.88889 25.40247 35.42387 83.0337 110.3162 66.1406 88.11931 200.6453 160.4418 82.62842 157.768 50.11314 43.85975 30.57778 16 16 16 -9999 16 16 32 19.91111 -9999 -9999 -9999 -9999 -9999 -9999 -9999 16
19.55556 27.30667 46.90489 86.0269 151.6542 150.1954 367.77 385.3273 30.57462 522.5353 16 16 48 16 123.1975 109.0825 20.62222 16 33.42222 16 16 4666.719 16 112947.7 124.6634 108.6634 122.6428 98.65452 75.68874 44.63408 32.94815 38.51852 42.24 47.23358 46.49086 41.45778 39.11111 41.26815 34.67852 20.05333 23.11111 31.48642 43.35934 146.8129 141.4913 86.49545 228.9974 69.48058 183.9386 182.8697 59.584 52.48734 52.96549 44.95802 30.22222 16 16 16 16 23.46667 40.17778 47.39951 20.86716 33.56708 46.40495 -9999 -9999 -9999 22.75556 25.24444
40.57284 24.25679 40.73122 50.25549 41.6 35.8321 43.71753 23.56148 28.51556 84.0703 392.524 16 18.84444 315.6836 1128.998 1049.669 1180.251 31.12296 16 4419.166 4540.141 16 16 112635.5 16 121.5448 125.9424 96.74609 75.70483 59.31194 46.81482 39.66104 66.42427 42.19136 65.84046 63.17669 48.44563 51.76573 50.67852 31.15141 29.63279 30.38025 28.59457 189.268 252.0249 406.2051 259.0167 288.4472 159.3155 107.4535 96.73388 74.43502 62.9353 48.67845 32.13432 28.08889 22.4 34.48889 27.02222 27.99407 42.65086 67.33257 37.06645 29.91144 49.62631 52.39263 49.76414 82.4023 38.43951 48.15014
-9999 -9999 19.77328 16 16 17.77778 30.93333 31.28889 53.1042 78.95296 48.55277 291.1265 1037.366 888.5122 38.60543 200.1978 16 1900.116 4272.431 65.31265 79.03321 25.94232 16 27.73333 112575.7 195.3743 128.9973 127.9008 101.2844 75.18572 45.08476 47.24161 73.94756 59.17084 72.88415 86.80717 65.25721 57.36426 67.88741 43.69014 39.70623 44.20541 48.88336 281.8878 583.3692 349.1951 477.7215 448.9531 362.1461 327.65 246.2908 145.5522 81.4722 52.00312 38.09343 28.94222 25.45778 46.65679 46.85432 30.93017 55.60222 62.03813 57.52547 79.6282 101.6105 33.7497 46.62838 38.11739 163.5919 144.8262
-9999 -9999 -9999 -9999 -9999 16 16 28.44444 42.32691 54.25462 35.03165 1224.057 173.3052 43.37778 30.22222 16 377.6376 279.1047 1402.847 953.4677 92.46123 29.82696 16 40.44326 112210.6 16 122.8436 101.0139 73.76012 69.47741 41.19552 62.69527 78.44745 78.21824 95.83625 95.61036 79.32782 65.37632 82.70743 65.42401 57.88836 47.43496 114.9967 571.8684 745.5825 389.2893 186.7301 117.4928 163.1134 154.3548 154.8066 157.6028 110.87 56.00082 36.58113 16 39.19486 50.40426 73.20494 50.40767 69.81834 69.48034 27.029 50.05296 48.25635 145.2654 150.6941 66.65025 187.8926 187.2534
-9999 -9999 -9999 -9999 -9999 -9999 16 27.02222 32.26074 47.57913 128.0588 421.7051 786.5261 25.6 16 86.63704 16.59259 42.21015 739.9819 1240.868 665.7472 31.11066 20.17659 32.70637 56.38004 112081.3 113.2799 86.05617 43.15321 18.74637 28.53905 83.58898 92.65833 123.2982 118.1049 83.5351 94.203 74.28776 97.08869 90.20814 74.15573 92.40831 537.3818 842.8192 388.9635 169.6959 108.6595 93.51035 37.63358 24.2963 40.77037 47.05185 49.46963 42.60254 19.91111 28.08889 46.48489 59.4329 88.6185 93.53606 98.11783 62.32023 16 35.82127 33.79661 57.62066 132.6892 245.6976 224.8961 250.8634
-9999 -9999 -9999 -9999 -9999 -9999 16 24.53333 35.08148 58.57975 121.6585 268.2943 801.8914 34.28412 16 44.56296 26.66667 33.69876 21.05679 1203.64 1343.745 37.77666 20.88296 55.06368 63.39967 111803 16 60.31075 71.21371 44.53905 16 116.0616 114.1054 190.866 144.1525 110.203 55.62014 95.97568 107.8731 107.3133 374.1548 1044.724 1054.696 550.9046 243.2352 166.0997 124.6013 71.19714 36.71704 24.53333 26.66667 28.8 25.95555 22.04445 16.6242 43.46469 16 94.28326 105.503 153.4939 111.7313 83.76555 22.4 33.51262 34.30865 24.26139 43.29404 140.0568 382.211 396.0591
-9999 -9999 -9999 -9999 -9999 -9999 16 25.6 50.56 60.81422 53.20976 649.7166 294.5192 69.77989 31.45798 23.22963 16 22.75556 25.24444 33.99111 2450.467 42.6065 43.94664 32.71601 28.44444 32.22724 111673.1 206.8224 199.6979 182.7081 160.6637 143.8705 96.40378 4498.844 4890.438 4721.028 110.5787 99.65463 1310.934 1282.287 1558.621 996.9794 538.6868 215.562 118.0015 81.36301 77.80399 61.80398 31.28889 16 16 16 16 16 31.7138 74.24175 16 21.33333 126.3242 245.0825 169.2869 103.7686 26.95111 45.78899 37.25916 32.77312 21.93056 61.62728 206.0333 796.4045
-9999 -9999 -9999 -9999 -9999 -9999 -9999 22.4 45.44 86.26726 151.7948 394.9 279.7132 90.62048 66.92486 38.64494 21.68889 16 16 29.15556 2429.283 30.69981 37.01379 16 42.95446 68.71342 111359 237.8598 212.9843 305.6654 394.9982 511.4778 4851.098 720.2824 51.15858 26.10519 4511.89 4302.261 2891.049 2705.878 1119.057 542.4031 308.9601 211.2163 132.2371 82.67094 45.9232 36.39309 31.64444 16 16 16 16 16 32 104.8029 53.06374 21.33333 28.32593 256.3597 305.105 151.631 20.79131 36.35067 67.93373 59.53687 16 16 28.08889 190.1864
-9999 -9999 -9999 -9999 -9999 -9999 -9999 16 18.84444 36.62222 57.80589 301.3524 291.6147 61.32508 60.82499 52.00856 26.31111 16 16 30.22222 2384.847 16 21.49138 31.1013 35.43573 56.70681 111038.9 16 972.6468 1413.276 1490.704 4435.889 479.2444 78.46874 47.94143 28.45123 64.96196 115.5301 36.7897 188.9884 735.3091 316.9483 207.5435 152.2848 141.737 70.74651 34.91433 16 17.06667 27.37778 24.88889 33.42222 26.31111 16 18.13333 49.23259 138.2354 109.7718 71.59255 201.1674 409.0055 227.4402 49.1195 19.23117 71.85662 91.16953 16 16 25.24444 45.11605
-9999 -9999 -9999 -9999 -9999 -9999 -9999 -9999 16 16 46.78953 157.0403 322.8615 58.94943 49.50328 31.89465 19.16049 16 18.48889 32.97975 1133.198 1195.654 20.59268 16 32.71111 104.9284 34.12696 110839.6 2398.746 1901.968 3301.057 367.4459 252.3154 84.65423 53.97467 26.54445 46.69211 73.60538 55.42603 90.14135 210.4495 597.7161 259.4453 149.5221 85.48673 116.1708 52.49696 31.17037 26.41383 38.73185 45.92988 51.03407 39.60889 24.17778 16 23.6563 78.24698 192.0714 253.8142 280.6143 730.9608 92.33584 30.95758 20.27359 16 191.4706 16 16 22.75556 17.12197
-9999 -9999 -9999 -9999 -9999 -9999 -9999 -9999 -9999 17.06667 41.16859 68.44524 290.2454 54.94868 37.21481 30.22222 17.77778 16 44.8 64.08691 858.3475 1306.822 51.66767 16 89.46267 33.98806 63.94011 107404.5 100.5319 1768.475 445.5782 299.141 86.69691 59.97209 59.2283 42.75727 36.50002 42.62892 59.13904 81.37465 108.5419 221.2712 346.8718 227.7585 192.4906 32 67.506 26.56553 48.20174 66.95699 73.04446 53.74683 43.17234 26.2084 28.44444 19.55556 23.35974 36.76421 97.93087 226.6672 1027.575 89.86867 65.87527 35.82307 22.04445 191.8967 60.0183 29.51111 18.52839 36.22716
-9999 -9999 -9999 -9999 -9999 -9999 -9999 -9999 -9999 16 27.09333 40.03556 168.4097 104.7044 27.37778 16 16 30.93333 57.50518 126.2572 689.996 1174.246 178.3383 73.46267 16 41.24445 47.92099 32.72645 107191.1 451.8132 128.8593 97.47134 28.8 16 23.30074 40.88889 31.81037 33.28614 49.74793 65.13567 83.21317 95.32133 164.8731 211.5147 122.7339 231.9417 16 26.7115 80.27304 88.6384 91.2171 66.76971 46.69547 50.76772 26.74568 29.03704 22.51852 16 16.71111 33.8963 269.7843 1125.455 73.76075 63.94557 37.6159 178.1907 110.7891 44.85531 22.58787 33.57586
-9999 -9999 -9999 -9999 -9999 -9999 -9999 -9999 -9999 -9999 19.2 29.86667 42.20049 154.722 28.08889 16 16 17.06667 30.60148 57.72905 221.695 1111.509 581.8501 129.291 25.24444 22.75556 35.8424 107.7966 104948.6 16 123.5717 57.4562 40.03556 27.73333 16 23.46667 24.53333 35.35802 22.04445 58.31901 70.44741 55.50986 75.38238 121.8355 138.5583 44.88282 215.9417 64.16383 63.86715 121.3132 208.4967 232.3466 230.8198 195.6082 145.7778 129.7778 54.51852 16 16 25.24444 42.97482 798.4016 698.6224 77.86369 67.07361 183.3669 127.8564 77.63499 36.58006 21.96904
-9999 -9999 -9999 -9999 -9999 -9999 -9999 -9999 -9999 -9999 16 16 22.04445 89.95556 27.37778 16 16 18.48889 27.09333 39.20118 100.9807 347.3953 1272.709 254.9048 16 44.64539 83.8623 68.03722 32.27026 104714.7 110.2631 53.40538 53.43903 35.31062 24.17778 16 16 24.88889 23.11111 36.97778 61.98518 31.53383 50.40514 65.39542 77.20886 77.9487 108.3106 56.35009 98.4901 453.4415 380.8002 156.4418 58.51683 16 16 30.22222 17.77778 16 16 16 21.04889 56.38268 1295.675 285.2583 94.12292 173.524 159.0333 110.5802 57.95461 41.2206
-9999 -9999 -9999 -9999 -9999 -9999 -9999 -9999 -9999 -9999 -9999 16 25.95555 41.80543 16 16 16 29.51111 16 22.04445 32.33975 89.61649 1258.681 488.6689 39.0619 45.06206 40.85559 45.76011 524.874 104416.5 16 74.91762 68.50768 52.096 31.92889 20.26667 16 16 16 37.33333 26.66667 28.08889 36.05333 38.34539 51.94452 79.87176 79.8887 33.06667 42.42963 757.3005 102.8833 59.77781 34.13334 16 16 16 16 51.55556 34.29136 40.58513 42.1376 45.0175 494.4889 1105.087 169.5873 149.3971 198.4999 152.8644 89.74966 61.08424
