slauniainen/Data/DEM/Vihti_dsm1500b_cl_horizonAngle_162.asc
NCOLS 196 
NROWS 178 
XLLCORNER 353680 
YLLCORNER 6699024 
CELLSIZE 16 
NODATA_value -3.4e+38 
[rows 80 to 99 of 178, columns 0 to 45 of 196]
4.48176622390747 3.15189552307129 4.69688177108765 0.671610534191132 1.24764800071716 0.40908819437027 1.30550611019135 1.3772873878479 1.32255589962006 1.50564467906952 1.80396616458893 1.87454795837402 1.81277513504028 1.94956886768341 1.91836416721344 1.91384267807007 26.8849830627441 2.39604926109314 2.33003401756287 2.38664841651917 3.00026154518127 3.18011116981506 2.74345421791077 2.62093567848206 2.13548445701599 1.85919964313507 0.510111212730408 0.514526724815369 0.621825695037842 0.731108665466309 3.02516317367554 3.99922776222229 5.18738412857056 4.29567003250122 4.33912515640259 2.76845264434814 12.3498163223267 2.60276961326599 4.69256353378296 5.22158670425415 5.11209392547607 5.61449337005615 6.35341644287109 5.50447130203247 5.13567161560059 4.92646837234497
4.56541538238525 3.48335671424866 3.07730340957642 5.56475448608398 1.28748250007629 0.519976258277893 1.00600504875183 1.45516836643219 1.21085274219513 1.5446629524231 1.83974349498749 1.95334231853485 1.93583011627197 2.00528407096863 1.96412742137909 1.98978507518768 1.38497495651245 2.43584227561951 2.38300943374634 2.45336127281189 3.10825181007385 3.30309867858887 2.83198690414429 2.62648463249207 2.45788383483887 2.00841665267944 0.536657869815826 0.536416232585907 0.61895751953125 0.720580875873566 0.780813276767731 3.76461720466614 5.00803136825562 5.38851881027222 4.5208215713501 1.77857625484467 1.12180948257446 1.79016304016113 4.80886793136597 5.40953826904297 5.28486585617065 5.94199514389038 6.66763639450073 5.73367118835449 5.34303140640259 5.06614828109741
4.59947395324707 3.93488955497742 3.18500971794128 6.19583749771118 1.29961204528809 0.626641094684601 0.150322914123535 1.52320158481598 1.0399866104126 1.38781702518463 1.67010998725891 2.02665424346924 2.00683760643005 2.07206749916077 2.05926990509033 2.12819695472717 2.25304841995239 2.23154973983765 2.54639554023743 2.48861384391785 3.09931635856628 3.31012892723083 3.51833915710449 3.03143692016602 2.72504806518555 2.1407151222229 2.05042934417725 2.17719221115112 2.39870738983154 2.19004082679749 2.18828082084656 3.81212377548218 5.32538032531738 5.68364000320435 4.74303817749023 2.93163466453552 3.0067982673645 4.08579254150391 4.33239507675171 5.61601591110229 5.50349855422974 6.25396776199341 6.77092170715332 5.94197702407837 5.66063928604126 5.22212934494019
5.44200849533081 3.57022476196289 3.4806501865387 7.20697402954102 0.540210962295532 1.41885030269623 1.28810691833496 1.47248768806458 1.60646188259125 1.42853021621704 1.66088712215424 2.005047082901 2.11894655227661 2.04636716842651 2.19620943069458 2.18904685974121 2.21366691589355 2.43007111549377 2.62636184692383 2.56515002250671 2.647456407547 3.43882322311401 3.68247628211975 3.16425943374634 2.89226841926575 2.39099502563477 2.10981440544128 2.4140305519104 2.35828328132629 2.43432688713074 2.23425626754761 3.43831348419189 5.66181612014771 5.99122762680054 5.01679658889771 3.30232858657837 3.14154362678528 4.25168323516846 4.45803213119507 5.56533527374268 6.18496227264404 6.10898542404175 6.77348232269287 7.7357816696167 6.43545722961426 5.25673389434814
5.80972671508789 5.14027500152588 3.80273032188416 3.44845294952393 9.45415782928467 1.45960760116577 0.24551647901535 1.15407288074493 1.70382010936737 1.37698781490326 1.86496090888977 2.03296232223511 2.23913884162903 2.22986388206482 2.27816677093506 2.26826310157776 2.34796905517578 2.53334331512451 2.71577954292297 2.66524910926819 2.74412727355957 3.57145261764526 3.82589745521545 3.30518794059753 2.99523496627808 2.65901112556458 2.40366387367249 2.25397872924805 2.45353579521179 2.49793171882629 2.27763199806213 2.26871037483215 4.90681600570679 6.34016799926758 5.29377841949463 5.3358907699585 3.29731726646423 4.45911455154419 4.64604234695435 5.44700336456299 6.50491428375244 6.34325742721558 7.19178771972656 8.18111801147461 6.80032014846802 6.27737998962402
6.30418300628662 5.33651685714722 3.88926100730896 3.5363187789917 11.768835067749 1.49989795684814 0.0526208728551865 0.283300280570984 1.74437403678894 1.09266149997711 1.51279640197754 1.91299796104431 2.38000106811523 2.3732442855835 2.40430545806885 2.38298416137695 2.44298911094666 2.65192461013794 2.56482076644897 2.86183977127075 2.82855606079102 3.56274580955505 3.78997397422791 4.05792379379272 3.51613903045654 3.08012652397156 2.47503852844238 2.23945379257202 2.50760507583618 2.55354619026184 2.3328595161438 2.32954907417297 4.69922399520874 6.32026720046997 6.69046688079834 5.6764702796936 1.95631110668182 3.56441307067871 4.79240798950195 5.68604564666748 6.89504909515381 6.69144821166992 7.59522104263306 8.55523109436035 7.35855579376221 6.8264307975769
5.38457775115967 7.51293563842773 4.05822324752808 3.70745348930359 16.1169128417969 0.181846350431442 1.55030906200409 0 1.82687854766846 1.15422379970551 1.54980075359344 1.9754900932312 2.37637567520142 2.57997941970825 2.46909976005554 2.60140585899353 2.52601218223572 2.54166889190674 2.86991548538208 2.98071360588074 2.9499397277832 3.07015419006348 3.94338488578796 4.20820045471191 3.63902187347412 3.26240134239197 2.54962921142578 2.52220582962036 2.56551909446716 2.49765300750732 2.5827157497406 2.37378430366516 4.69918870925903 6.75594043731689 7.1287145614624 6.06495904922485 3.6638491153717 3.75876593589783 5.06251955032349 5.2946400642395 6.62587594985962 7.75604438781738 7.57819271087646 8.64510726928711 9.48311233520508 7.92592859268188
5.83653783798218 8.57846927642822 6.29229831695557 4.15957260131836 2.6443202495575 34.3270645141602 1.64303123950958 0.10172563791275 1.77468585968018 1.94980037212372 1.52963137626648 2.04862356185913 2.38530087471008 2.66519737243652 2.61220121383667 2.68097448348999 2.64859747886658 2.71846127510071 2.98083806037903 3.06433057785034 3.06848216056824 3.23143649101257 4.12372255325317 4.37850856781006 3.7781548500061 3.40550971031189 2.86648797988892 2.57836556434631 2.56105709075928 2.60713911056519 2.64628267288208 2.41409063339233 4.20067739486694 5.88477373123169 7.63446092605591 6.47091484069824 6.55719041824341 3.97659277915955 5.35797071456909 5.57980918884277 6.52478218078613 8.37492370605469 8.13153076171875 9.24323272705078 10.2814636230469 8.55099487304688
6.44881010055542 10.4745206832886 6.86546421051025 5.09426498413086 4.23691654205322 0.176356285810471 1.72044003009796 0.645152390003204 1.39401459693909 2.1247398853302 1.7049572467804 1.75765895843506 2.17500305175781 2.78609561920166 2.71102237701416 2.82582592964172 2.80582642555237 2.90652561187744 3.12074899673462 2.92739582061768 3.1980676651001 3.21601414680481 4.11665058135986 4.37973833084106 4.65014886856079 4.02740859985352 3.46659851074219 2.66215825080872 2.64316892623901 2.69066572189331 2.72309541702271 2.48033761978149 2.48741936683655 5.66957569122314 7.86045026779175 8.16302299499512 7.03841209411621 2.09429883956909 4.30520582199097 5.81851577758789 6.76209354400635 9.13779449462891 8.79139423370361 9.9988842010498 11.2645788192749 10.2973308563232
23.1420783996582 13.1286067962646 14.3178243637085 8.86080551147461 12.5157146453857 2.10269522666931 1.79689407348633 0.0772717967629433 0.135102644562721 2.2255322933197 1.27332854270935 1.95238637924194 2.24379134178162 2.79620671272278 3.00455737113953 2.94970297813416 3.18406629562378 3.10668659210205 3.08049011230469 3.37612104415894 3.2865264415741 3.35643672943115 3.61686182022095 4.54971313476562 4.85079050064087 4.20051717758179 3.69853115081787 2.80061721801758 2.71569609642029 2.77581739425659 2.68480682373047 2.76546287536621 2.53648114204407 5.6836462020874 8.56576633453369 8.81953716278076 7.63063859939575 4.4699444770813 4.61336660385132 6.22628831863403 6.48391914367676 8.64487838745117 10.7730436325073 10.3690986633301 11.7498712539673 13.1432876586914
4.89512205123901 8.7227954864502 30.3432655334473 7.7065691947937 4.33511781692505 3.29702591896057 0.242606863379478 1.93446052074432 -0.1107582077384 2.13518476486206 2.57346177101135 2.13770294189453 2.3391101360321 2.8435046672821 3.26588034629822 3.29132652282715 3.42520141601562 3.26217555999756 3.22280764579773 3.57442259788513 3.48506927490234 3.69011998176575 3.82293224334717 4.82505512237549 5.02921009063721 4.40903043746948 3.86426615715027 3.0937328338623 2.78376722335815 2.7568564414978 2.81671714782715 2.85077428817749 2.59343957901001 5.06720018386841 7.43018913269043 9.60623168945312 8.38569641113281 8.50133228302002 4.99708032608032 6.69490671157837 6.96060276031494 9.99505424499512 12.1892604827881 11.7700786590576 13.1546802520752 14.6307001113892
15.6169786453247 9.41442394256592 12.5928201675415 9.57538795471191 6.42551612854004 5.29467868804932 1.92934596538544 2.06250190734863 0.137774258852005 1.68476676940918 2.68036508560181 2.26217865943909 2.58556294441223 2.60924029350281 3.41642808914185 3.43612265586853 3.59455704689026 3.48203563690186 3.41606736183167 3.80522394180298 3.4752299785614 3.90331292152405 3.7199878692627 4.81734323501587 5.12864542007446 5.44209814071655 4.55841493606567 3.87702822685242 2.85931968688965 2.83119773864746 2.90133261680603 2.9362895488739 2.67108130455017 2.683424949646 7.16121625900269 10.4447069168091 10.6456804275513 9.3921012878418 2.26468086242676 5.52851486206055 7.47858715057373 8.86218738555908 14.0633678436279 13.3626194000244 15.1369009017944 18.6912670135498
31.5665950775146 9.74175453186035 11.3413534164429 47.6424255371094 7.05414533615112 6.01983976364136 2.50020623207092 2.23624181747437 0.179975032806396 -0.296958208084106 2.85657072067261 1.47089457511902 2.7845196723938 2.6430070400238 3.36395931243896 3.68597078323364 3.5959529876709 3.75274848937988 3.64839339256287 3.64967060089111 4.11761522293091 4.15574550628662 3.89017391204834 4.31893873214722 5.4886417388916 5.71680593490601 4.80223035812378 4.0006742477417 3.07128477096558 2.90033745765686 2.97925472259521 2.88008213043213 2.97859334945679 2.72717690467834 7.16763734817505 11.7470045089722 11.8606004714966 10.5194282531738 5.81379652023315 6.07839107513428 8.18819427490234 8.5001859664917 16.4856853485107 17.9499683380127 18.8566741943359 19.1764259338379
9.66978454589844 17.9636001586914 12.9632873535156 4.8879656791687 12.3680553436279 7.70108222961426 4.12813806533813 0.586938619613647 2.50477266311646 -0.30996385216713 2.88558578491211 3.53411102294922 2.96887612342834 2.6442859172821 3.35322189331055 3.85780930519104 3.83058142662048 4.00001811981201 3.82134342193604 3.84827661514282 4.32242250442505 4.36126375198364 4.0219464302063 4.59434270858765 5.70511531829834 5.93316650390625 5.0466685295105 4.47121906280518 3.38436508178711 2.9631872177124 2.93497514724731 3.01525974273682 3.06225085258484 2.78674554824829 6.34042501449585 10.1600770950317 13.5178174972534 12.1290330886841 12.1304950714111 6.78773069381714 9.05737781524658 9.4203987121582 22.5266437530518 22.65647315979 25.2238426208496 23.9942741394043
-1.3148045539856 22.6154518127441 13.5856170654297 17.1181449890137 13.9460849761963 9.1910514831543 7.01850509643555 2.457439661026 2.71111798286438 0.323448598384857 2.42467474937439 3.96849703788757 3.16911888122559 3.67605924606323 3.07060408592224 4.03491163253784 3.99608063697815 4.21979522705078 4.15792274475098 4.15889120101929 4.68492031097412 4.12213850021362 4.72810077667236 4.78357887268066 5.91059732437134 6.21115303039551 5.42268991470337 4.74676084518433 3.56665873527527 3.06970930099487 2.98494935035706 3.09094333648682 3.14366340637207 2.85775423049927 2.87244653701782 9.62178993225098 15.4958400726318 15.2320690155029 13.9965238571167 2.46291446685791 7.82997989654541 10.5670013427734 20.2077789306641 42.5401306152344 31.7719497680664 46.5111045837402
-2.06334114074707 3.63495635986328 16.0213890075684 21.4850006103516 21.0987644195557 10.4094753265381 8.70403480529785 3.20200681686401 3.0599479675293 0.506025731563568 -0.203904211521149 4.59823131561279 1.78635466098785 3.98824858665466 3.08061861991882 3.97050380706787 4.34200859069824 4.26643848419189 4.49162006378174 4.54035758972168 4.95506143569946 4.20798635482788 5.05623531341553 4.42887353897095 5.87906837463379 6.33285093307495 6.65561246871948 5.66540336608887 4.77993202209473 3.42247462272644 3.07619214057922 3.16422748565674 3.05931806564331 3.18443584442139 2.89916968345642 9.48417472839355 17.9562129974365 17.4000682830811 16.3737964630127 8.27516555786133 9.03348255157471 12.0704154968262 12.5312404632568 7.74039649963379 34.6730880737305 10.4142847061157
0.157728791236877 5.94321441650391 20.6428108215332 28.4952945709229 26.6566848754883 21.3168449401855 13.7385606765747 5.59997701644897 -0.304514288902283 3.71949934959412 -0.137081637978554 4.76831722259521 5.80713939666748 4.42464256286621 2.9351499080658 3.91859245300293 4.53995656967163 4.47589635848999 4.76235866546631 4.81517219543457 4.63309860229492 5.2159104347229 5.34695100784302 4.69386577606201 5.373948097229 6.7231650352478 7.04715347290039 5.99691724777222 5.40218162536621 3.83189868927002 3.1852879524231 3.11166524887085 3.22134041786194 3.26054263114929 2.95791101455688 8.28440189361572 15.3411836624146 22.5184764862061 20.5325489044189 20.6779251098633 10.6367521286011 14.145396232605 14.5223026275635 8.09295272827148 4.66766786575317 1.87064051628113
5.48426914215088 0.81529176235199 28.9679985046387 14.7688274383545 52.5073432922363 27.1606540679932 18.0483837127686 10.3187437057495 3.59607577323914 4.23093843460083 0.90743362903595 3.99604678153992 6.83268451690674 4.71989488601685 5.36716461181641 3.52713918685913 4.73956966400146 4.68480539321899 5.09307336807251 5.06722688674927 5.08207750320435 5.55613374710083 4.69760608673096 5.80902338027954 5.74328422546387 7.15225696563721 7.4881534576416 6.58434343338013 5.78235816955566 4.00890493392944 3.34694623947144 3.19917893409729 3.31684732437134 3.36553144454956 3.03932762145996 3.04637360572815 14.4288454055786 28.1746921539307 25.8995304107666 26.2369499206543 2.89803075790405 13.3487396240234 17.7464275360107 18.2426719665527 8.55959510803223 6.89975166320801
4.50348138809204 23.1239356994629 28.3584461212158 10.8413019180298 5.48689603805542 58.399845123291 24.4954280853271 16.2309818267822 4.69052076339722 4.63737344741821 1.14239466190338 -0.0338259749114513 8.22312164306641 2.16117596626282 6.29795408248901 3.69193625450134 4.98309946060181 4.90546131134033 5.244469165802 5.44328880310059 5.27447652816772 5.91527223587036 5.1394100189209 6.27528858184814 5.32549047470093 7.11843061447144 7.73291444778442 8.07534790039062 6.83022356033325 5.68918991088867 3.81205105781555 3.28700613975525 3.40966081619263 3.28084111213684 3.4105486869812 3.07157468795776 14.0533418655396 36.7459983825684 33.9537010192871 34.2246704101562 13.7218828201294 16.8567867279053 22.3389053344727 23.051441192627 18.3914184570312 23.6176738739014
4.96949148178101 0.928795158863068 24.1094532012939 4.40669250488281 2.39665293693542 -2.22469139099121 56.7032890319824 46.1194839477539 8.51479148864746 -0.0999349281191826 5.83464956283569 0.0321115329861641 8.34747409820557 11.1466779708862 7.47333288192749 4.03877305984497 4.8561635017395 5.40936613082886 5.50942897796631 5.73301124572754 5.63083553314209 5.45826053619385 6.45214462280273 6.79100799560547 5.74615097045898 6.66090393066406 8.2899341583252 8.66607856750488 7.29960918426514 6.76902675628662 4.0686674118042 3.44035625457764 3.32731819152832 3.45439839363098 3.50821471214294 3.14083743095398 12.1433181762695 31.6001014709473 57.7180595397949 54.7799339294434 55.5864486694336 22.621000289917 29.7843780517578 30.6455707550049 10.059681892395 20.0797672271729
