slauniainen/Data/DEM/Vihti_dem1500b_cl_horizonAngle_336.asc
NCOLS 196 
NROWS 178 
XLLCORNER 353680 
YLLCORNER 6699024 
CELLSIZE 16 
NODATA_value -3.4e+38 
[rows 40 to 59 of 178, columns 90 to 134 of 196]
2.54986524581909 2.48235297203064 2.40306735038757 2.32718276977539 2.23421835899353 1.91705429553986 1.79504156112671 1.8847177028656 1.86402308940887 1.88913214206696 1.98840403556824 2.01068878173828 2.07954335212708 2.30716514587402 2.38183879852295 2.27205848693848 2.09461498260498 1.85811150074005 2.04393362998962 2.27699208259583 2.35523772239685 2.33461380004883 2.2581799030304 2.07365584373474 1.88411903381348 1.49455201625824 1.1598185300827 0.756147027015686 0.464845210313797 0.0934806391596794 -0.197970598936081 -0.347393840551376 -0.446308523416519 -0.541538894176483 -0.578747689723969 -0.616082668304443 -0.704840004444122 -0.70626825094223 -0.70071667432785 -0.724725425243378 -0.663469254970551 -0.670181334018707 -0.659862756729126 -0.642045795917511 -0.632035970687866
2.43394541740417 2.31170582771301 2.27636098861694 2.23238968849182 2.11391139030457 1.97126507759094 1.78994750976562 1.69729042053223 1.79675543308258 1.81050074100494 1.7971156835556 1.90899991989136 1.95886504650116 2.14397025108337 2.2314784526825 2.2856183052063 2.09808993339539 1.83431005477905 1.85274243354797 2.15219378471375 2.22599053382874 2.2575466632843 2.20397877693176 2.08224654197693 1.87784934043884 1.73306632041931 1.09351658821106 0.694254875183105 0.396137833595276 0.0556426756083965 -0.285097002983093 -0.479578405618668 -0.58908486366272 -0.650808274745941 -0.659530699253082 -0.731944561004639 -0.813042223453522 -0.832985579967499 -0.838414192199707 -0.818306148052216 -0.830319464206696 -0.793820559978485 -0.776925921440125 -0.762829184532166 -0.755920112133026
2.29564809799194 2.21739745140076 2.1264066696167 2.06832122802734 2.04835605621338 1.97301578521729 1.68689143657684 1.60928869247437 1.70905637741089 1.70317697525024 1.72839391231537 1.82615303993225 1.83689785003662 1.90393805503845 2.12817406654358 2.2032368183136 2.12104487419128 1.95600342750549 1.75946271419525 1.88036692142487 2.10035300254822 2.16179442405701 2.14581441879272 2.07849264144897 1.9055427312851 1.72328877449036 1.02182137966156 0.616994380950928 0.227131128311157 -0.162095591425896 -0.444387882947922 -0.630728185176849 -0.705548346042633 -0.746029317378998 -0.723199784755707 -0.836946487426758 -0.918349206447601 -0.939586222171783 -0.982702970504761 -0.962315022945404 -0.952764570713043 -0.946999847888947 -0.893148243427277 -0.879016637802124 -0.850814044475555
2.23714447021484 2.13700008392334 2.05640006065369 1.96087563037872 1.85812377929688 1.84019386768341 1.72705745697021 1.56982123851776 1.52560067176819 1.63331949710846 1.64502155780792 1.64229679107666 1.75054681301117 1.7991384267807 1.96431684494019 2.05069184303284 2.11516690254211 1.93969440460205 1.69230043888092 1.67922389507294 1.96324825286865 2.0132269859314 2.05381989479065 2.00473618507385 1.83007311820984 1.6610324382782 1.01817107200623 0.481652706861496 0.0504903979599476 -0.33460322022438 -0.573420703411102 -0.74574601650238 -0.81999933719635 -0.819252371788025 -0.474379628896713 -0.94894939661026 -1.03276753425598 -1.07752335071564 -1.11745882034302 -1.15222859382629 -1.13752782344818 -1.1040666103363 -1.01658797264099 -0.979745984077454 -0.946791291236877
2.12482500076294 2.00831842422485 2.00603699684143 1.8373476266861 1.74805772304535 1.76607370376587 1.7155669927597 1.46741497516632 1.44368255138397 1.54795777797699 1.46134603023529 1.56804251670837 1.67591738700867 1.67436587810516 1.73258352279663 1.94361066818237 2.02528882026672 1.94347548484802 1.78181290626526 1.58293175697327 1.69121360778809 1.881178855896 1.94547736644745 1.91060125827789 1.71943151950836 1.51989269256592 0.941294372081757 0.31689727306366 -0.0507272221148014 -0.424079209566116 -0.685916125774384 -0.859120488166809 -0.935266196727753 -0.925650775432587 -0.844773292541504 -1.04331946372986 -1.13227272033691 -1.18887722492218 -1.23764848709106 -1.32856702804565 -1.31416547298431 -1.25729668140411 -1.13307237625122 -1.08915483951569 -1.05319273471832
2.09314060211182 1.87244188785553 1.88376450538635 1.84278666973114 2.40096235275269 1.68311238288879 1.60428977012634 1.37681698799133 1.3188134431839 1.29088914394379 1.29775059223175 1.48110473155975 1.48408365249634 1.58136904239655 1.617302775383 1.75996172428131 1.8448840379715 1.90903115272522 1.73712539672852 1.44889545440674 1.48716270923615 1.74317097663879 1.80301129817963 1.73966026306152 1.5688042640686 1.34253442287445 0.660227417945862 0.227823570370674 -0.146424978971481 -0.491874873638153 -0.815011084079742 -0.977753221988678 -1.03010845184326 -1.01295256614685 -0.892370641231537 -1.11351716518402 -1.20569157600403 -1.26970863342285 -1.31722915172577 -1.39585077762604 -1.43013787269592 -1.31860721111298 -1.24592065811157 -1.20089626312256 -1.15995633602142
2.07886648178101 1.74175345897675 1.78910636901855 1.81340849399567 1.76555955410004 1.56426548957825 1.45484685897827 1.4125097990036 1.28012573719025 1.18448579311371 1.20578038692474 1.23132491111755 1.40349531173706 1.49843394756317 1.4935268163681 1.5385068655014 1.72743821144104 1.79528939723969 1.62616419792175 1.29830503463745 1.19520998001099 1.40523374080658 1.48914289474487 1.43405795097351 1.31728577613831 0.884086608886719 0.34854856133461 0.125235095620155 -0.192011147737503 -0.630920231342316 -0.903770685195923 -1.07087194919586 -1.10988104343414 -0.988129496574402 -0.592568337917328 -1.17775392532349 -1.25942265987396 -1.32637143135071 -1.38494300842285 -1.44852459430695 -1.55852484703064 -1.45294272899628 -1.07891178131104 -1.29178893566132 -1.26746869087219
2.05470418930054 2.06460976600647 1.75960075855255 1.74996340274811 1.65382587909698 1.53257429599762 1.44838929176331 1.40014755725861 1.18687534332275 1.09842336177826 1.12584567070007 1.15692937374115 1.32136595249176 1.31326043605804 1.28522717952728 1.37732088565826 1.55580413341522 1.6210572719574 1.41998887062073 1.10295581817627 0.921169459819794 0.879319071769714 0.975801646709442 1.03986966609955 0.679188370704651 0.308586925268173 -0.0973679423332214 -0.432937055826187 -0.542286217212677 -0.817802965641022 -0.993754208087921 -0.772515892982483 -1.04058420658112 -0.899913489818573 -0.970045685768127 0.354332029819489 -0.886160016059875 -1.36580002307892 -1.42111158370972 -1.49064385890961 -1.60401916503906 -1.54483163356781 -1.33227825164795 -1.3512659072876 -1.331094622612
2.17618775367737 2.60456371307373 1.67444717884064 1.61148393154144 1.57097947597504 1.51962530612946 1.86332881450653 1.39391303062439 1.29584968090057 1.14034867286682 1.06844353675842 1.08136248588562 1.08936870098114 1.07742393016815 1.12051248550415 1.29817092418671 1.33168709278107 1.31393134593964 1.13394868373871 0.903174579143524 0.647005677223206 0.462984472513199 0.412543505430222 0.365938544273376 0.161593466997147 -0.0831309780478477 -0.430812180042267 -0.57343989610672 -0.734728455543518 -0.9318568110466 -1.06993401050568 -0.992231667041779 -0.631814897060394 -1.00897967815399 -1.28254389762878 -1.24123871326447 0.745705246925354 -0.140483051538467 -0.554607689380646 -0.369480788707733 1.16556119918823 -0.137839511036873 0.436022967100143 -1.36371970176697 -1.38820195198059
2.20839881896973 1.78357470035553 1.53879261016846 1.53234076499939 1.52317607402802 1.48204803466797 1.44797110557556 1.40951442718506 1.3308424949646 1.10325741767883 0.982739269733429 0.944397807121277 0.890063881874084 0.854716300964355 0.954184830188751 1.08710813522339 1.08768594264984 1.03724801540375 0.888724088668823 0.605383217334747 0.346901029348373 0.12939327955246 -0.0191486794501543 -0.13063956797123 -0.26434451341629 -0.438126534223557 -0.673002481460571 -0.813056707382202 -0.938982307910919 -1.03362190723419 -1.15114283561707 -1.21372902393341 -0.869498491287231 -1.07754683494568 -1.33631813526154 -1.32225787639618 -0.524571180343628 0.620921850204468 0.383167892694473 0.695292770862579 -0.876804888248444 0.345820128917694 1.47521257400513 -1.45418047904968 -1.44114804267883
2.55738091468811 3.45631670951843 3.78039646148682 1.52244544029236 1.45497214794159 1.44220054149628 1.41563129425049 1.34619975090027 1.2611927986145 1.18851244449615 1.05545246601105 0.786493539810181 0.698829650878906 0.631583273410797 0.639070630073547 0.6859992146492 0.836195230484009 0.744486272335052 0.588321328163147 0.308986753225327 0.0389058291912079 -0.174105763435364 -0.357693076133728 -0.504995048046112 -0.64463597536087 -0.773958742618561 -0.911035418510437 -1.01826560497284 -1.0604761838913 -1.13542222976685 -1.1916412115097 -1.26295852661133 -1.13790798187256 -0.938534498214722 -1.17170381546021 -1.20044100284576 -1.14614164829254 1.21578240394592 1.60564386844635 1.39851760864258 2.43263912200928 1.65513634681702 1.57425045967102 -0.513881266117096 -1.48488295078278
2.39148497581482 3.39398908615112 1.59118545055389 1.43798518180847 1.40198314189911 1.39769494533539 1.33927571773529 1.28571355342865 1.27831101417542 1.22068464756012 1.01339197158813 0.725448191165924 0.530224978923798 0.43233996629715 0.38697162270546 0.411339968442917 0.452514052391052 0.312466353178024 0.218521356582642 0.037527896463871 -0.212880104780197 -0.410075426101685 -0.580142319202423 -0.734602689743042 -0.869718492031097 -0.968658328056335 -1.0515456199646 -1.09295773506165 -1.15325272083282 -1.21789455413818 -1.27744269371033 -1.32180488109589 -1.20820224285126 -1.02161622047424 -1.01126837730408 -0.404843777418137 -0.00271855248138309 0.784439206123352 1.34001636505127 2.6618025302887 4.5097222328186 3.40279626846313 1.87179946899414 0.199980795383453 -1.37579357624054
2.43621063232422 3.23315834999084 2.91597867012024 1.46143913269043 1.38890874385834 1.35011637210846 1.31842994689941 1.27861702442169 1.24464821815491 1.18473625183105 0.952203333377838 0.767597079277039 0.4565110206604 0.274217337369919 0.194376736879349 0.125947296619415 0.0539358071982861 -0.0219365078955889 -0.0762372612953186 -0.172449469566345 -0.374906957149506 -0.544007480144501 -0.70520430803299 -0.8446164727211 -0.966385185718536 -1.04702019691467 -1.10373663902283 -1.17190062999725 -1.23153638839722 -1.29540681838989 -1.3505699634552 -1.3948563337326 -1.12147653102875 -1.08630728721619 -0.750741839408875 -0.169221773743629 0.113048873841763 -0.203462943434715 1.35200357437134 0.890516638755798 1.62340188026428 2.16162109375 1.32517921924591 0.414749175310135 0.000792301958426833
2.5187463760376 2.41058969497681 4.12239027023315 2.34480547904968 1.29770791530609 1.27499806880951 1.27190279960632 1.23300337791443 1.20553994178772 1.10015833377838 0.908752918243408 0.730192363262177 0.42924427986145 0.213279351592064 0.0588907822966576 -0.0647852048277855 -0.126306742429733 -0.140056952834129 -0.140523910522461 -0.210483714938164 -0.453447341918945 -0.635920524597168 -0.799772262573242 -0.939382016658783 -1.04827272891998 -1.10333263874054 -1.1840568780899 -1.23772633075714 -1.29948163032532 -1.35488820075989 -1.40416097640991 -1.11853361129761 -0.713109791278839 -0.743393838405609 -0.513719379901886 -0.0416518822312355 0.0790029168128967 -0.163274601101875 -0.0407788194715977 0.316417157649994 0.727240920066833 1.5453155040741 1.2476978302002 1.10935723781586 0.659330010414124
2.61777305603027 2.64939832687378 2.58111596107483 3.73493957519531 1.77095460891724 1.22891855239868 1.17832171916962 1.0987297296524 1.00404322147369 0.922952592372894 0.788065552711487 0.652955710887909 0.363518416881561 0.116446234285831 -0.0945234522223473 -0.196718499064445 -0.234684646129608 -0.245712846517563 -0.306773155927658 -0.383471429347992 -0.574937999248505 -0.737195372581482 -0.886014461517334 -1.03028273582458 -1.09030532836914 -1.12953948974609 -1.20022022724152 -1.28451180458069 -1.34548532962799 -1.39230072498322 -1.43571817874908 -1.07671332359314 -0.530744016170502 -0.502076327800751 -0.351421982049942 0.0546276159584522 0.0919847413897514 0.0211955457925797 -0.279556632041931 -0.03456075116992 0.24643075466156 0.786474227905273 1.42138493061066 1.29609417915344 0.514537930488586
2.55065965652466 3.49878025054932 3.427161693573 3.14163064956665 3.00430274009705 1.72949314117432 0.971204519271851 0.801337599754333 0.722996115684509 0.598574817180634 0.457336217164993 0.300679564476013 0.108329765498638 -0.0840189903974533 -0.239433810114861 -0.308816164731979 -0.338667720556259 -0.390543252229691 -0.506382763385773 -0.613417744636536 -0.701558947563171 -0.794328451156616 -0.938593327999115 -1.0693975687027 -1.09419763088226 -1.1246976852417 -1.17989468574524 -1.2479133605957 -1.30306470394135 -1.34820210933685 -1.22200262546539 -1.02068102359772 -0.750674664974213 -0.692378580570221 -0.414678931236267 0.0268250871449709 0.0866515040397644 0.101111724972725 -0.261746942996979 -0.50732809305191 -0.0946912169456482 0.257815092802048 0.942660212516785 0.95271497964859 0.68533581495285
2.45555639266968 2.31106543540955 3.64058327674866 3.09757041931152 2.33666372299194 0.937626242637634 0.673085272312164 0.487575173377991 0.346670597791672 0.204259559512138 0.0727901086211205 -0.0513449944555759 -0.189863502979279 -0.314385861158371 -0.387977540493011 -0.421828508377075 -0.455482453107834 -0.531586229801178 -0.634947180747986 -0.700920104980469 -0.781950891017914 -0.867646515369415 -0.996300339698792 -1.0954669713974 -1.09225058555603 -1.10172891616821 -1.14483273029327 -1.00047838687897 -0.914840400218964 -0.929583966732025 -0.92676842212677 -0.831678152084351 -0.750692963600159 -0.67830216884613 -0.53858745098114 -0.221111923456192 -0.0712413117289543 0.122175842523575 -0.200390100479126 -0.69200187921524 -0.336977690458298 0.00336676649749279 0.258954077959061 0.790610790252686 0.562701880931854
2.41324305534363 2.15770411491394 2.74208331108093 2.84722256660461 2.59837460517883 0.751570284366608 1.30911946296692 0.2265485227108 -0.0303203370422125 -0.264301210641861 -0.343650132417679 -0.393220543861389 -0.419087320566177 -0.450089901685715 -0.487180024385452 -0.512076497077942 -0.557106494903564 -0.641751766204834 -0.72457230091095 -0.789529502391815 -0.850708305835724 -0.952196359634399 -1.03827607631683 -1.10661351680756 -0.836717128753662 -0.744285583496094 -1.12650585174561 -0.783004343509674 -0.806251168251038 -0.805451035499573 -0.732900142669678 -0.640354335308075 -0.706879436969757 -0.795540928840637 -0.714425086975098 -0.474846959114075 -0.244631588459015 -0.0842160135507584 -0.179454430937767 -0.485095798969269 -0.592126131057739 -0.328215956687927 -0.00322506460361183 0.425910532474518 0.494544357061386
2.34124851226807 2.07511639595032 2.0495617389679 2.44272947311401 3.29523396492004 3.1059741973877 0.182481661438942 -0.163694351911545 -0.55254715681076 -0.827638566493988 -0.838054537773132 -0.669636845588684 -0.572066426277161 -0.572116732597351 -0.562343120574951 -0.575597524642944 -0.626418232917786 -0.718631744384766 -0.804765224456787 -0.848449528217316 -0.93010276556015 -1.00708138942719 -1.09849715232849 -1.15278828144073 -1.10481107234955 -1.1504054069519 -1.15159821510315 -1.1491482257843 -0.899791359901428 -0.827561497688293 -0.744700968265533 -0.772113800048828 -0.833525776863098 -0.849500715732574 -0.755683243274689 -0.586985230445862 -0.328712165355682 -0.157594203948975 -0.181777387857437 -0.386323362588882 -0.66337662935257 -0.382000148296356 -0.149627596139908 0.0402404367923737 0.415664494037628
2.28281450271606 1.99705564975739 2.75312280654907 3.72540426254272 3.47019934654236 3.43954801559448 4.46100854873657 -0.644410848617554 -1.04019272327423 -1.23540282249451 -1.14838826656342 -0.961319446563721 -0.717478573322296 -0.610848426818848 -0.636732578277588 -0.68299126625061 -0.724101603031158 -0.812972187995911 -0.88768082857132 -0.943874359130859 -0.992519021034241 -1.07570195198059 -1.18455171585083 -1.25929546356201 -1.31407737731934 -1.30252528190613 -1.25014400482178 -1.22306251525879 -1.21260666847229 -1.0321991443634 -0.834191501140594 -0.783987760543823 -0.691984593868256 -0.743247210979462 -0.808722794055939 -0.501373827457428 -0.0928888916969299 0.072386771440506 -0.172933012247086 -0.374392807483673 -0.616812705993652 -0.498962789773941 -0.24371150135994 -0.0704407170414925 0.347805976867676
