slauniainen/Data/DEM/Vihti_dem1500b_cl_horizonAngle_150.asc
NCOLS 196 
NROWS 178 
XLLCORNER 353680 
YLLCORNER 6699024 
CELLSIZE 16 
NODATA_value -3.4e+38 
[rows 140 to 159 of 178, columns 135 to 179 of 196]
-1.30854678153992 -2.32171678543091 -1.95626497268677 -1.43824625015259 -0.137201085686684 2.83442306518555 -0.324164211750031 -1.25974571704865 -1.19153928756714 -1.30340015888214 -1.40153694152832 -1.36148607730865 -1.25190830230713 -1.07172763347626 -0.864672601222992 -0.353219032287598 -0.295763969421387 -0.540847837924957 1.67161631584167 0.681743800640106 -0.927433907985687 -1.09097325801849 -0.798021972179413 -0.637435376644135 -0.663236081600189 -0.636765599250793 -0.512388586997986 -0.223558589816093 0.0968285426497459 0.467142403125763 0.552245616912842 0.554031193256378 2.19698405265808 0.848743319511414 -0.130542635917664 -0.300689488649368 -0.536501228809357 0.0258403718471527 0.271044701337814 0.298451095819473 1.29882669448853 3.07030558586121 6.08913898468018 8.46035099029541 8.49558734893799
0.137167513370514 -0.384586930274963 -1.83447456359863 -1.50035583972931 -1.05508840084076 -0.792258381843567 -0.793028831481934 -0.957353472709656 -0.961009383201599 -1.05761897563934 -1.21544790267944 -1.16524863243103 -1.04111933708191 -0.834956586360931 -0.513429582118988 -0.0115344580262899 -0.0228041876107454 -0.239773333072662 -0.495490074157715 -0.743471145629883 -0.783418238162994 -0.701429426670074 -0.394820839166641 -0.119869403541088 -0.156330361962318 -0.0847777277231216 -0.0294493474066257 0.00738193700090051 0.202949374914169 0.459958910942078 0.731554985046387 0.692915678024292 0.618638753890991 0.305506438016891 0.0105552561581135 -0.121025793254375 -0.285560697317123 0.0204939562827349 0.517527997493744 0.338893324136734 1.38344275951385 3.29023504257202 8.15164756774902 9.80346870422363 11.5235805511475
1.27391755580902 1.91095280647278 1.50709891319275 -1.41454589366913 -0.901312470436096 -0.620320737361908 -0.546470522880554 -0.669692397117615 -0.770963191986084 -0.852069497108459 -0.983215570449829 -0.956722795963287 -0.725636184215546 -0.447262406349182 -0.251520335674286 0.133893817663193 0.470113813877106 0.288512825965881 -0.225750803947449 -0.402957916259766 -0.313825041055679 -0.161811083555222 0.170248851180077 2.1815824508667 2.66082525253296 0.229736477136612 0.344371557235718 0.530514776706696 0.288661688566208 0.575175404548645 0.823419511318207 0.877554655075073 0.859549045562744 0.678709328174591 0.379276186227798 0.115602299571037 0.0296726319938898 0.290620028972626 0.745270252227783 0.68174010515213 1.21552360057831 4.37102890014648 7.28910112380981 10.2102842330933 12.5936059951782
3.82839584350586 2.6234073638916 1.91643273830414 -1.4049209356308 -0.875446498394012 -0.516527056694031 -0.421508073806763 -0.456240981817245 -0.602817893028259 -0.663035571575165 -0.754117667675018 -0.715380847454071 -0.472744345664978 -0.068524457514286 0.18234995007515 0.410247266292572 0.730993568897247 0.97467052936554 0.710895240306854 0.338716864585876 0.231859013438225 0.335588097572327 0.470718860626221 5.08216619491577 3.66661977767944 0.943392992019653 0.430201649665833 0.374179273843765 0.193384796380997 0.48953515291214 0.925784587860107 1.06874024868011 1.0082288980484 0.996736943721771 0.877251386642456 0.580912888050079 0.382754117250443 0.875774323940277 1.12106943130493 1.1555438041687 1.19210040569305 3.17139792442322 5.32605028152466 11.1265821456909 9.15616703033447
6.02127885818481 0.558080077171326 -0.958869218826294 -1.62704658508301 -0.989223778247833 -0.526690125465393 -0.341142743825912 -0.294514626264572 -0.396189779043198 -0.468602895736694 -0.474356263875961 -0.343514651060104 -0.260808378458023 0.360585570335388 0.584003806114197 0.755840182304382 1.1473799943924 1.43579018115997 1.32104885578156 1.0080691576004 0.769485533237457 0.75923752784729 2.55983805656433 5.17145347595215 -0.0166333932429552 0.0110928202047944 0.354734778404236 0.595043063163757 0.454381942749023 0.497725933790207 1.11074686050415 1.37387430667877 1.36330962181091 1.2047780752182 1.22221565246582 1.05466270446777 0.889288723468781 1.3403297662735 1.45844185352325 1.41610193252563 1.08767318725586 1.20801198482513 2.10772252082825 4.14951372146606 1.67200231552124
3.6400682926178 -0.564396679401398 -2.03713274002075 -1.76222002506256 -1.19040393829346 -0.634687304496765 -0.291856080293655 -0.179335430264473 -0.154972389340401 -0.212904199957848 -0.22571724653244 -0.0012967613292858 0.108644634485245 0.544286608695984 1.13527965545654 1.28393602371216 1.6443829536438 1.827263712883 1.90973746776581 1.82931447029114 1.93327224254608 3.16361689567566 1.68634378910065 0.564748227596283 -0.109727524220943 -0.0609857514500618 0.334737807512283 0.679220914840698 0.775811910629272 0.860664069652557 1.26740431785583 1.74286949634552 1.81329715251923 1.61682021617889 1.44282460212708 1.2944141626358 1.39413511753082 1.54940271377563 1.55716919898987 1.62457466125488 1.44690918922424 1.00371515750885 1.99103260040283 2.43782186508179 0.786781549453735
-0.393245130777359 -1.95005702972412 -1.90773725509644 -1.70127141475677 -1.29084777832031 -0.759425163269043 -0.257743149995804 -0.103754609823227 0.0552836246788502 0.120864234864712 0.112749099731445 0.401523143053055 0.586904883384705 0.657926678657532 1.40495574474335 1.81721472740173 1.79128706455231 2.17550420761108 2.34386825561523 2.39835619926453 3.55503511428833 7.54411363601685 0.929904699325562 0.82494044303894 0.419585555791855 0.269743710756302 0.479045450687408 0.793140888214111 1.24369633197784 1.38971710205078 1.64022362232208 2.07375478744507 2.23380470275879 2.0364134311676 1.67297291755676 1.49088108539581 1.48335063457489 1.58744847774506 1.78279495239258 1.85718977451324 1.97163212299347 1.54034554958344 1.07287335395813 2.16332173347473 0.808714628219604
-1.65305960178375 -1.70204424858093 -1.61392402648926 -1.43597209453583 -1.23123526573181 -0.772561013698578 -0.238366842269897 -0.0379755310714245 0.136322289705276 0.366628795862198 0.455511599779129 0.697640240192413 1.06196796894073 1.09896159172058 1.67996430397034 2.13369941711426 2.08328652381897 2.69534349441528 2.9507052898407 3.03739714622498 4.15641260147095 4.84680557250977 0.853906035423279 0.959234058856964 1.18664062023163 0.86334902048111 0.922105371952057 1.23582124710083 1.54989016056061 1.82577061653137 2.11186814308167 2.41562080383301 2.55004477500916 2.3568069934845 1.95280611515045 1.69604825973511 2.06892442703247 1.84674882888794 1.8905942440033 1.57309281826019 1.60250174999237 1.6287499666214 1.46131134033203 0.832641124725342 0.717073500156403
-1.43163192272186 -1.48076987266541 -1.38219285011292 -1.30814182758331 -1.08598744869232 -0.697085797786713 -0.230412483215332 0.0555289648473263 0.284384220838547 0.48255267739296 0.718033730983734 1.02951765060425 1.51995944976807 1.75777637958527 2.02834057807922 2.38366341590881 2.71087646484375 2.92351937294006 3.47298216819763 3.65662980079651 3.40624737739563 2.30261468887329 1.18263185024261 1.26013028621674 1.80342924594879 1.63625121116638 1.69444358348846 1.72289454936981 2.05645394325256 2.42265009880066 2.54698634147644 2.67007207870483 2.72311854362488 2.74599051475525 2.42962908744812 2.0245418548584 1.7618932723999 1.30860471725464 1.65800809860229 1.68998515605927 1.440993309021 1.27125537395477 1.24662303924561 0.864368617534637 0.842377245426178
-1.19839012622833 -1.21978843212128 -1.17083263397217 -1.13813722133636 -0.940904438495636 -0.560990452766418 -0.130564957857132 0.298308700323105 0.539451718330383 0.808401525020599 1.15380799770355 1.56818413734436 1.77889442443848 2.2103865146637 2.22270727157593 2.82395911216736 3.24079561233521 3.25824165344238 3.87712502479553 4.3912615776062 4.14419078826904 3.21219444274902 2.31107401847839 1.92014920711517 2.24658489227295 2.60539126396179 2.34596014022827 2.45074510574341 2.68156003952026 2.9173538684845 2.87556171417236 2.83498048782349 2.99009442329407 3.02910828590393 3.06558609008789 2.52411103248596 1.93987727165222 1.88670194149017 2.24297070503235 1.89057493209839 1.40665900707245 0.829293549060822 0.661723852157593 0.715043246746063 0.887708961963654
-0.947688519954681 -0.930644333362579 -0.887367963790894 -0.887244939804077 -0.70622992515564 -0.378974497318268 0.0274996645748615 0.441597163677216 0.910743415355682 1.28334319591522 1.78807532787323 2.06364250183105 2.16941356658936 2.46748948097229 2.69568538665771 3.05762505531311 3.36665058135986 3.74656939506531 4.31238508224487 4.83971357345581 5.06016492843628 4.46717214584351 3.59819173812866 3.14186406135559 2.89897751808167 3.02413010597229 3.19676828384399 2.98623824119568 3.23231935501099 3.21358561515808 2.9957811832428 3.57179665565491 3.43290638923645 3.39321613311768 3.31538486480713 2.91176676750183 2.35848665237427 1.94802975654602 1.67505216598511 1.11020290851593 0.524955987930298 0.566347658634186 0.673020780086517 0.673517882823944 0.764065325260162
-0.682465970516205 -0.685482978820801 -0.635484278202057 -0.560541391372681 -0.374822616577148 -0.105986222624779 0.212716445326805 0.553923428058624 1.47682988643646 1.85567629337311 2.24997305870056 2.52660059928894 2.67775321006775 2.83501267433167 2.98076820373535 3.06460881233215 3.69644117355347 4.14974355697632 4.670738697052 5.38877487182617 5.88567018508911 5.71919250488281 5.60630226135254 5.00429534912109 4.36455106735229 3.67419338226318 3.76319980621338 3.69954419136047 3.8033401966095 3.49323892593384 3.22637534141541 3.99807000160217 2.93930459022522 3.16979694366455 3.81400227546692 3.57951807975769 3.02758932113647 2.04560780525208 1.78610289096832 1.13707363605499 0.712899684906006 0.529825568199158 0.585541307926178 0.730073094367981 0.80040031671524
-0.522702872753143 -0.420703589916229 -0.288682252168655 -0.188882619142532 0.000504918687511235 0.27757716178894 0.630271852016449 0.897634029388428 1.66378033161163 2.31409764289856 2.5755569934845 3.12888693809509 3.3533775806427 3.32486391067505 3.35063910484314 3.47897171974182 3.73414373397827 4.19137907028198 4.98834848403931 5.55412483215332 6.16473007202148 6.81645584106445 6.69221973419189 6.45656967163086 6.04778957366943 5.38477659225464 4.91400623321533 4.23872661590576 4.14567232131958 3.82126426696777 3.44966411590576 3.0722074508667 2.79193878173828 2.98399257659912 4.04713678359985 3.60035991668701 3.6531138420105 2.57223272323608 1.95098304748535 1.33476781845093 1.00676894187927 0.601115345954895 0.591958999633789 0.804296016693115 0.855509102344513
-0.323869109153748 -0.226002857089043 -0.126443400979042 -0.0189321506768465 0.197398856282234 0.580640077590942 0.977733612060547 1.25530302524567 1.66477119922638 2.79200839996338 3.09724760055542 3.47039103507996 3.96560454368591 3.77471995353699 3.79512977600098 3.8792610168457 4.11507081985474 4.45120096206665 5.08524560928345 5.99348497390747 6.59757804870605 8.58769989013672 7.15728139877319 6.60495758056641 6.13265609741211 6.17875099182129 5.20287799835205 4.37922668457031 4.20118570327759 4.31102132797241 3.97953629493713 3.5479040145874 3.13701844215393 3.22418570518494 3.23479652404785 3.1010057926178 4.05505132675171 3.59151220321655 2.07338070869446 1.32290697097778 1.24285125732422 1.00332295894623 0.715749025344849 0.783759593963623 0.968433856964111
-0.0934415087103844 -0.0461416095495224 0.102271810173988 0.230179011821747 0.484824240207672 0.891364932060242 1.23557281494141 1.54832828044891 1.80090260505676 2.94953441619873 3.43369507789612 4.04978036880493 4.32807970046997 4.45509338378906 4.24783802032471 4.44389677047729 4.62169742584229 5.17137622833252 5.71258687973022 6.79687929153442 7.48392868041992 8.76048278808594 7.27157545089722 7.06735038757324 7.16565942764282 7.04567766189575 5.77259159088135 5.24280309677124 4.28213930130005 4.27890968322754 4.01696109771729 3.58941888809204 3.3404369354248 3.01942181587219 2.72668027877808 2.7610342502594 2.99645781517029 2.80300259590149 2.28155875205994 1.38841366767883 1.33972406387329 1.20314085483551 1.28027057647705 0.913445830345154 1.01832735538483
0.126692980527878 0.281275421380997 0.473983645439148 0.54663610458374 0.809628129005432 1.20319855213165 1.54228687286377 1.87671005725861 2.07491111755371 3.17173051834106 4.07044982910156 4.47079992294312 4.76469230651855 5.09120225906372 4.84204149246216 4.95863771438599 5.28881120681763 5.63464260101318 6.88476371765137 7.93858051300049 8.77088642120361 8.76126480102539 9.19734287261963 7.00789260864258 7.08993577957153 7.01232814788818 6.52130317687988 6.08264541625977 5.03786420822144 4.44256591796875 3.44908595085144 3.48239684104919 3.34199571609497 3.08585810661316 3.15235233306885 3.03997349739075 2.5740282535553 1.87380111217499 1.90236079692841 1.32508552074432 1.34799098968506 1.53466260433197 1.48640823364258 1.3152529001236 0.928529620170593
0.640183568000793 0.680087804794312 0.678457677364349 0.800954163074493 1.15727782249451 1.51811230182648 1.86663675308228 2.21146750450134 2.41490626335144 3.43549203872681 4.64031028747559 5.24404382705688 5.50910329818726 5.58663892745972 5.74551153182983 5.6946873664856 6.15226125717163 6.9087438583374 7.89457607269287 8.77084064483643 8.65299034118652 10.0755033493042 11.3839159011841 7.56943893432617 6.78403663635254 7.33382797241211 6.18248844146729 5.78619766235352 6.23831224441528 4.41454839706421 3.26801133155823 3.39913439750671 3.32078242301941 3.51053023338318 3.39337348937988 3.07811546325684 2.00922799110413 1.64949178695679 1.36031579971313 1.10613393783569 1.28651440143585 1.50155198574066 1.61663722991943 1.71857523918152 1.33331537246704
1.29781436920166 1.18037796020508 1.20813775062561 1.34588003158569 1.71660935878754 1.91651356220245 2.1552209854126 2.45308494567871 2.82357406616211 3.8100004196167 5.07158899307251 5.783362865448 5.98576259613037 6.25400447845459 6.53361558914185 6.94992256164551 7.05997705459595 7.61530828475952 8.61368846893311 8.51759433746338 8.52995109558105 10.2338218688965 9.56842517852783 7.21613788604736 7.01077508926392 6.78410911560059 6.02008247375488 4.41794347763062 4.25989437103271 4.22809457778931 4.57760047912598 3.55021047592163 3.81859421730042 3.78616380691528 3.43042278289795 2.73782444000244 1.87997698783875 1.29851531982422 0.701278209686279 1.01352250576019 1.19563543796539 1.4898898601532 1.91783678531647 1.95120251178741 1.70072174072266
1.85584354400635 2.24490523338318 2.50439453125 2.5947093963623 2.79880166053772 2.88392376899719 2.5873544216156 2.81545066833496 3.0328574180603 3.69455432891846 4.8248028755188 6.09937477111816 6.80704402923584 7.05938291549683 7.48977279663086 7.85001754760742 8.30605125427246 7.96008110046387 8.14832019805908 6.92201375961304 5.96754693984985 7.84844636917114 6.87888860702515 7.82237672805786 7.95572328567505 5.53452777862549 4.07746839523315 3.56366562843323 2.82079815864563 3.16887521743774 4.65722894668579 3.75039529800415 4.0849289894104 3.90608072280884 4.17410039901733 3.28392958641052 2.05081844329834 0.855028212070465 0.279338538646698 0.647570133209229 1.25478947162628 1.50463175773621 2.08839416503906 2.28835272789001 2.42852330207825
3.04914879798889 3.19410467147827 3.21484065055847 3.09884285926819 3.17577052116394 3.34307098388672 3.0114598274231 3.05726766586304 3.1146502494812 4.02776765823364 4.51608896255493 6.32308721542358 7.11827087402344 8.0036735534668 8.35417652130127 8.45951747894287 8.94004344940186 9.0751256942749 8.48320198059082 5.55278539657593 3.43710970878601 4.47720623016357 4.04823970794678 5.86962985992432 5.36573123931885 2.93882608413696 2.9248309135437 2.93256902694702 2.55307626724243 2.58869385719299 4.71609497070312 6.48285102844238 5.11743640899658 5.31019830703735 4.75741147994995 3.13401365280151 1.46471393108368 0.559699296951294 0.366206496953964 0.53749817609787 1.08464133739471 1.41811466217041 2.34884452819824 2.99935054779053 2.95382952690125
