slauniainen/Data/DEM/Vihti_twi_16m.asc
ncols         196
nrows         178
xllcorner     353680
yllcorner     6699024
cellsize      16
NODATA_value  -9999
[rows 60 to 89 of 178, columns 68 to 135 of 196]
8.012244 11.11306 7.449018 7.733729 12.74686 8.516199 10.20596 8.439581 7.626428 7.189873 8.156266 8.217253 8.115086 8.729543 9.302514 10.13617 9.994925 9.730763 10.81477 10.21267 8.407014 9.799229 11.64277 9.918135 7.67297 6.49356 5.78291 5.202516 4.834548 3.972507 4.02798 5.338437 4.748517 4.313718 4.84911 5.477818 7.058634 7.974541 11.68323 8.695313 7.279494 6.739466 -9999 -9999 -9999 -9999 -9999 -9999 -9999 -9999 -9999 -9999 -9999 -9999 -9999 -9999 -9999 -9999 -9999 -9999 -9999 -9999 -9999 -9999 -9999 -9999 -9999 -9999
7.641348 11.29068 7.167233 7.665346 13.47032 8.592036 7.385721 8.939619 7.990104 7.781618 7.578314 8.424303 8.635912 8.244068 8.275384 8.032918 8.067536 9.254424 8.581534 10.54358 9.315926 8.356288 11.8678 9.257875 7.45328 6.305652 5.549112 6.043769 5.307838 4.772645 4.392816 4.366628 6.59314 4.819808 5.141866 5.345716 6.338805 7.1123 6.898229 11.86415 8.531126 7.540052 6.650853 5.987942 5.439019 5.18159 5.231993 -9999 -9999 -9999 -9999 -9999 -9999 -9999 -9999 -9999 -9999 -9999 -9999 -9999 -9999 -9999 -9999 -9999 -9999 -9999 -9999 -9999
10.66849 7.152437 7.187535 12.05103 7.759805 9.548565 8.022072 7.454559 7.849224 7.382631 7.970241 7.941008 8.025075 7.841419 8.011093 8.570094 8.334516 8.598985 8.398478 9.767659 8.711048 8.575475 11.56901 7.885098 8.851974 6.845212 6.528141 6.100468 5.753193 5.216723 4.661997 4.590621 4.642042 5.684277 4.734678 5.154983 5.768226 6.123842 6.754634 11.49949 7.965844 7.042902 6.238428 5.408232 5.187865 4.676449 4.708361 -9999 -9999 -9999 -9999 -9999 -9999 -9999 -9999 -9999 -9999 -9999 -9999 -9999 -9999 -9999 -9999 -9999 -9999 -9999 -9999 -9999
7.301795 6.534523 6.894165 12.01305 7.54146 7.502817 8.170512 7.442981 6.884161 7.609934 7.729975 8.250736 7.968698 8.083926 8.447746 7.7316 9.063046 8.576972 8.703952 9.222841 8.312597 8.576187 11.34611 9.196565 9.244909 7.66663 6.667787 6.37051 6.080298 5.704336 5.236052 4.630928 4.265969 5.105824 5.408705 5.021317 5.487354 6.084197 7.119305 11.47808 8.358825 7.304821 6.104119 5.853115 5.631785 5.069136 4.353288 4.492401 -9999 -9999 -9999 -9999 -9999 -9999 -9999 -9999 -9999 -9999 -9999 -9999 -9999 -9999 -9999 -9999 -9999 -9999 -9999 -9999
16.46925 16.01327 11.29942 6.622827 7.815026 7.073976 7.452651 7.186873 7.021401 8.435876 8.298651 8.13757 8.260505 8.430642 8.405637 7.497771 8.306231 7.967052 8.543496 8.632196 7.736668 8.777036 11.05141 9.356359 9.880677 7.685273 7.012097 6.592704 6.459736 6.105967 5.537674 5.076986 4.83803 4.599127 5.309768 5.169915 5.29183 6.111823 7.32619 11.47541 7.915446 7.774785 7.023019 6.375328 5.870223 5.145473 4.680885 4.681207 -9999 -9999 -9999 -9999 -9999 -9999 -9999 -9999 -9999 -9999 -9999 -9999 -9999 -9999 -9999 -9999 -9999 -9999 -9999 -9999
8.272151 8.224102 16.36319 15.40845 6.706678 7.480329 6.75496 6.497116 8.110957 7.871898 7.851287 7.685978 8.002798 8.500802 8.122921 7.89779 7.949955 7.133393 7.444862 8.221816 7.966808 10.08557 9.935626 9.599679 9.021319 7.297435 6.102525 5.909999 6.216433 6.34054 5.889304 5.39766 5.10664 5.032958 5.04209 5.534007 5.146038 5.883071 6.982208 11.34627 8.062967 7.572694 7.102664 6.51607 5.981037 5.180271 4.718513 4.612041 -9999 -9999 -9999 -9999 -9999 -9999 -9999 -9999 -9999 -9999 -9999 -9999 -9999 -9999 -9999 -9999 -9999 -9999 -9999 -9999
7.705151 8.330157 8.726839 9.752956 15.44509 6.716738 6.484496 7.459606 7.09425 7.221396 7.198019 7.154923 7.230001 7.779607 7.461337 7.72054 7.034048 7.487723 6.739507 11.48587 11.75493 11.82388 11.42469 11.04429 7.753688 7.28581 6.535853 6.182203 6.158626 6.522681 6.349295 5.93184 5.631013 5.333456 5.506962 5.328849 5.597799 6.057955 6.695105 11.17173 8.311818 7.587777 6.745427 6.569355 6.263973 5.423935 4.639482 4.648206 -9999 -9999 -9999 -9999 -9999 -9999 -9999 -9999 -9999 -9999 -9999 -9999 -9999 -9999 -9999 -9999 -9999 -9999 -9999 -9999
7.622345 8.220229 7.745351 7.583657 8.187351 15.92701 14.96123 6.438674 6.811482 6.787206 6.724707 6.765858 7.113152 7.407031 7.378443 7.521111 7.349085 6.325028 11.83662 7.674946 8.268476 7.753676 7.040659 6.653113 10.90187 10.33396 9.076782 8.285485 7.386382 7.451204 7.496779 6.724958 6.432847 6.169317 5.481482 5.299537 5.802088 5.797196 6.984623 12.07032 6.845526 7.128499 6.545464 6.156459 6.056922 5.203349 4.849562 4.744679 -9999 -9999 -9999 -9999 -9999 -9999 -9999 -9999 -9999 -9999 -9999 -9999 -9999 -9999 -9999 -9999 -9999 -9999 -9999 -9999
6.551575 7.264546 6.916575 7.047022 8.443211 9.418195 8.277648 15.52088 14.99263 6.101192 7.482437 7.219199 7.547113 8.168016 8.213611 6.922367 12.14811 12.44271 8.397728 8.630339 7.563402 7.791471 7.383672 7.248464 6.832688 8.839081 8.803416 8.233544 8.092543 8.16888 8.41819 8.594507 8.670561 7.934742 6.655592 6.300852 5.79845 6.43402 8.16924 14.74145 11.68362 7.593545 6.89255 6.392649 5.595509 5.034912 4.517391 4.720621 6.574875 -9999 -9999 -9999 -9999 -9999 -9999 -9999 -9999 -9999 -9999 -9999 -9999 -9999 -9999 -9999 -9999 -9999 -9999 -9999
5.988313 6.13834 6.725179 7.792498 7.552277 9.160017 7.71006 10.1778 8.883963 16.73712 15.91276 6.891747 9.067161 13.14139 13.54719 14.51325 9.242507 8.914274 8.014112 7.94522 7.793069 7.612679 7.72364 8.48644 8.883341 8.379606 7.588888 5.342627 4.546144 3.878796 5.03451 5.695273 6.170231 8.236065 8.765252 8.239458 7.443412 7.201986 7.219588 8.756015 11.64612 10.74933 7.614386 6.423117 5.625781 5.161467 4.955518 5.269384 5.763942 -9999 -9999 -9999 -9999 -9999 -9999 -9999 -9999 -9999 -9999 -9999 -9999 -9999 -9999 -9999 -9999 -9999 -9999 -9999
5.788506 5.474667 5.97498 6.978504 7.797386 7.273623 9.613847 7.576883 9.771809 10.06344 7.407873 16.04826 16.90159 7.694551 7.415149 8.757493 8.552608 8.637347 8.142081 7.87798 8.477357 8.583047 8.941488 9.200339 8.124666 8.009963 6.452231 5.079275 4.283691 4.119328 4.122544 5.20791 5.513441 5.750358 6.879085 7.052629 6.557128 5.976608 5.872301 6.659933 7.531944 10.89697 9.256691 7.118312 6.281518 5.820884 5.433568 5.055142 4.944893 7.097591 -9999 -9999 -9999 -9999 -9999 -9999 -9999 -9999 -9999 -9999 -9999 -9999 -9999 -9999 -9999 -9999 -9999 -9999
5.33543 5.710392 6.061444 6.080041 6.485295 7.357269 7.729484 7.695689 10.00318 9.02882 12.65743 9.8827 7.637444 17.1656 16.04901 16.77471 8.180073 8.154731 8.127286 8.662123 8.690784 8.236927 9.332351 9.238115 8.885986 8.476484 6.690691 4.873331 4.070913 4.255547 4.757317 5.165781 5.360967 5.391127 6.194089 6.539389 6.080939 5.51975 5.250355 5.49691 6.251225 7.397645 10.34223 8.196987 6.806647 6.077678 5.609354 5.026365 4.906076 5.872236 5.050611 -9999 -9999 -9999 -9999 -9999 -9999 -9999 -9999 -9999 -9999 -9999 -9999 -9999 -9999 -9999 -9999 -9999
6.107415 6.261425 5.833846 5.937995 5.944414 6.691837 7.499429 9.697536 8.044294 10.22077 9.435234 12.63099 8.388222 7.695703 7.083285 7.475037 16.71051 17.67535 16.9256 16.55748 7.946708 8.337664 9.20104 8.755856 9.357106 8.181772 6.874862 4.930086 4.117319 4.368043 4.639378 5.017026 5.27687 5.341948 5.809291 6.152906 5.850073 4.786683 4.638215 4.97403 5.477217 6.475229 7.355476 10.20109 7.277938 6.331904 5.552763 5.168245 5.216732 5.26777 5.144237 5.281258 -9999 -9999 -9999 -9999 -9999 -9999 -9999 -9999 -9999 -9999 -9999 -9999 -9999 -9999 -9999 -9999
6.737011 5.741461 6.082077 6.05174 6.013057 6.309423 7.439051 8.344897 10.19569 8.386679 8.775136 13.42911 7.79087 7.365849 7.677861 7.584179 9.642685 9.765205 9.541254 9.398784 18.48931 17.31305 16.68534 16.16804 9.474555 8.09058 6.346258 5.043263 4.147149 4.024468 4.78863 4.9579 5.180742 4.833671 5.44353 5.681826 5.474069 4.131111 4.112646 4.757278 5.211414 5.881628 6.228159 9.490894 7.812812 6.545864 5.7894 5.422417 4.929097 4.785664 4.750505 4.919265 5.774692 -9999 -9999 -9999 -9999 -9999 -9999 -9999 -9999 -9999 -9999 -9999 -9999 -9999 -9999 -9999
6.246988 6.139678 5.657667 5.386961 5.545217 6.164126 7.565956 8.731837 9.049813 8.498349 8.336891 12.77009 10.05074 7.912071 7.887383 8.118046 10.47953 9.451664 8.74791 9.655683 10.03289 9.076076 7.990468 8.915071 16.45046 10.18459 8.707021 5.542797 4.477788 4.213027 4.279325 5.066416 5.418731 5.143236 5.102489 5.170524 5.230469 4.701528 4.451692 4.839819 5.270921 5.463639 6.423255 7.414491 8.570539 6.299227 5.370405 4.83683 4.432266 4.870217 5.308614 4.816201 5.878959 7.227036 6.540684 -9999 -9999 -9999 -9999 -9999 -9999 -9999 -9999 -9999 -9999 -9999 -9999 -9999
6.675938 6.428974 6.57811 6.185101 6.082021 6.574732 7.59861 8.697362 7.273838 9.935126 9.723552 12.76693 10.65106 9.846173 8.877941 8.656268 11.39653 9.356392 8.766295 9.333014 10.3205 9.806003 8.816229 9.680771 16.9336 7.67642 7.403136 6.278178 5.214043 4.526855 4.458633 4.663544 5.350019 5.452631 4.943282 5.091412 5.251881 6.045914 5.12743 4.517846 4.143035 4.724412 5.310045 5.74695 6.094689 6.629875 5.538179 4.998466 4.97194 5.537123 6.040515 6.068082 5.467104 6.055456 6.86275 6.158552 -9999 -9999 -9999 -9999 -9999 -9999 -9999 -9999 -9999 -9999 -9999 -9999
6.08749 6.017941 6.256819 6.670768 6.391116 6.583583 7.707839 8.976191 9.032143 8.763318 12.69269 9.666624 10.42688 9.999176 8.984062 11.14438 9.751451 9.27297 8.683482 9.391864 8.736604 9.393281 9.050459 9.203638 17.00937 8.60115 7.776093 6.697219 5.629945 5.160923 4.681791 4.801333 4.882976 4.507273 4.598838 4.560133 4.698945 4.843973 5.105458 5.458524 4.859695 4.25732 4.722867 4.802554 5.969576 6.29507 5.73048 5.450373 5.723561 6.911746 6.89814 6.911057 6.944917 7.930692 6.039219 4.94138 4.687505 5.057109 -9999 -9999 -9999 -9999 5.649259 6.241605 -9999 -9999 -9999 -9999
5.49971 5.699513 5.787252 5.674491 6.066364 6.553074 7.722337 9.49995 8.860855 9.613622 13.77346 8.238245 9.192664 9.33585 8.874697 9.957595 9.005081 9.694971 9.578068 8.37674 8.916446 9.010322 9.181479 7.600338 16.17966 6.976545 8.947545 7.783761 6.549893 5.594157 5.200685 4.89003 4.398974 4.232922 5.008143 4.810878 4.504193 4.955575 4.771442 4.890549 4.662019 4.377618 4.940821 5.17897 5.769253 7.355797 7.079619 6.280246 6.870307 8.164781 7.879398 7.053753 7.824811 6.641778 5.826579 4.816549 4.087054 4.34821 4.649626 -9999 5.454268 5.226278 5.43358 4.654471 -9999 -9999 -9999 -9999
5.749715 5.989357 5.618153 5.870149 6.268458 7.044615 8.080573 8.469658 9.654228 10.02077 7.994005 11.92695 8.952694 8.742901 9.792078 8.760905 10.74979 11.03105 8.758934 7.969321 8.395869 7.37186 6.963764 12.2225 6.430863 15.59305 9.09728 8.312878 7.132478 6.059863 5.310973 4.627587 4.411405 4.762227 4.975645 5.08288 5.012928 4.896905 4.894984 5.00453 4.910394 4.521672 4.868319 5.362075 5.943979 7.837455 7.519818 6.575184 7.599339 6.85237 8.099367 7.850821 6.684718 6.490688 6.039835 5.17047 4.629664 4.503934 5.068905 4.985649 4.841658 5.074842 5.377113 5.325923 4.363798 4.646304 5.156016 -9999
-9999 -9999 6.551714 6.102606 6.660627 6.845236 6.428713 6.128162 6.441517 6.219376 7.044086 9.139206 12.10384 9.86578 9.072163 11.62687 12.57253 12.39201 12.16339 8.224705 7.073818 12.26747 12.04957 6.324811 6.412347 15.46584 7.387456 9.187747 7.777191 6.411502 5.56445 5.075766 4.872124 4.845664 5.391228 4.943159 5.355536 5.264387 5.029026 5.177805 5.234521 4.878987 5.013049 5.251781 5.5009 7.847612 8.137559 8.192666 7.603989 8.006964 7.885896 7.435407 7.181261 6.767933 6.224226 5.303925 4.759716 5.050927 5.049322 5.365573 5.026434 5.014177 5.364174 5.79748 5.141803 4.775108 5.482285 5.93611
-9999 -9999 -9999 -9999 6.819136 6.551766 5.576347 5.350768 5.835715 6.028713 6.991062 8.245129 8.836826 11.59472 12.50865 11.68827 8.055967 9.487053 6.87682 11.47226 12.08066 7.809093 8.119124 7.27909 7.068338 7.382059 15.83462 10.36087 8.505356 7.04077 6.169865 5.616804 4.99899 5.065878 5.499157 5.25221 5.480754 5.66525 5.373289 5.279434 5.493881 5.129975 5.205546 5.550206 5.926845 8.016721 8.877151 8.023552 8.123792 8.311563 8.624415 8.622711 8.221993 7.519015 6.539518 5.490314 5.090903 5.125916 5.025827 5.483122 5.362765 4.929889 5.616332 5.911401 5.8985 6.119599 6.444258 5.446321
-9999 -9999 -9999 -9999 -9999 -9999 -9999 6.241185 5.498877 5.89677 6.429843 7.338396 7.893774 12.22661 9.818603 7.672976 6.828916 5.992934 9.145441 9.02702 10.97545 10.90519 8.886301 7.946077 7.50172 8.082506 15.6714 7.465627 9.116993 7.031434 6.067602 6.000328 5.391792 5.617281 5.742732 5.700747 5.94319 6.007265 5.825017 5.634925 5.894246 5.69378 5.679136 5.703802 6.867243 8.729535 9.010458 7.993636 7.010591 6.806142 7.619776 7.551534 7.525423 7.537486 7.021619 5.863471 5.312338 4.54363 5.311238 5.456802 5.746962 5.356629 5.825966 6.134539 5.48246 6.021585 5.749134 6.759629
-9999 -9999 -9999 -9999 -9999 -9999 -9999 -9999 6.049316 6.03348 6.102261 6.977049 8.868093 10.5051 10.82997 6.67218 6.029866 7.656736 5.838272 6.774235 9.96824 11.22121 11.07929 8.083731 7.691322 8.018238 8.150608 15.86412 9.26261 7.207969 5.656274 4.853584 5.521172 6.346602 6.254683 6.467231 6.44712 6.255307 6.498206 6.290129 6.587218 6.507192 6.29469 6.631253 8.61952 9.24935 8.391418 7.130601 6.353491 6.330372 5.493876 4.819159 5.273021 5.521401 5.920515 6.29982 5.337046 5.410306 5.715235 5.759035 6.044543 6.063417 6.113748 5.757485 4.692709 5.699596 5.381733 5.832588
-9999 -9999 -9999 -9999 -9999 -9999 -9999 -9999 6.595262 6.062672 6.230724 7.221269 8.723685 9.844131 10.61707 6.690455 5.715446 6.469976 5.738725 5.908963 5.551624 10.19124 11.54299 8.351876 7.846333 8.638302 8.389106 15.7406 7.454939 7.617979 6.516256 5.676771 4.7586 6.818343 6.808258 7.233011 6.794746 6.593228 6.203945 6.974865 7.182981 7.193027 8.391685 9.449427 9.552358 8.943686 7.974489 7.185863 6.511351 5.862755 4.910451 4.423493 4.568224 4.687809 4.833453 5.411836 6.27602 6.342697 5.177115 6.556505 6.48321 6.770882 6.338661 5.965792 4.722836 5.298033 5.370436 5.140027
-9999 -9999 -9999 -9999 -9999 -9999 -9999 -9999 6.778452 6.200174 6.696653 7.391739 7.985269 10.6719 9.41427 7.243287 6.125257 5.679821 5.245857 5.54061 5.487872 6.065855 11.87139 8.655064 8.668653 8.225694 7.794677 7.641582 16.70851 9.691673 8.542442 7.721244 7.454175 7.455015 7.194393 11.00869 10.73463 10.64337 7.090411 7.180643 9.997005 9.987267 10.01842 9.586107 8.998996 8.063288 7.277223 6.449637 6.025333 5.683951 4.550563 3.886852 4.608069 4.850488 4.594581 4.517654 5.726644 6.803553 5.074806 5.061947 6.754935 7.565368 7.156749 6.530428 5.147038 5.751842 5.616488 5.829341
-9999 -9999 -9999 -9999 -9999 -9999 -9999 -9999 -9999 6.454857 6.734787 7.54972 8.64222 9.877003 9.165709 7.448474 6.88563 6.38628 6.124789 6.306609 5.129338 5.689184 11.69175 8.347546 8.41101 7.625657 8.362743 8.42977 16.2269 10.12129 9.372868 9.252388 9.263444 9.498277 11.62882 9.110977 5.926875 5.363836 10.94525 10.97634 10.71964 10.83932 9.809194 9.076365 8.455442 8.067255 7.498572 6.41819 5.396011 5.206272 4.736657 3.806875 4.135978 4.500898 4.793117 4.451156 5.27518 6.880742 5.991545 4.91487 5.284632 7.91629 8.407875 7.523113 5.414852 6.204748 6.874122 7.458411
-9999 -9999 -9999 -9999 -9999 -9999 -9999 -9999 -9999 7.29279 5.933086 6.26915 7.003177 9.219791 9.071735 7.016621 6.818851 6.711877 6.341849 8.565751 5.121587 5.703389 11.72997 7.751194 8.066937 8.426256 8.241852 8.369017 15.92137 8.018106 11.02814 11.00185 10.85337 11.93281 9.071032 6.313352 5.494344 5.183308 6.13596 6.738831 5.777664 7.702806 9.367395 8.601136 8.009102 7.690498 7.622131 6.400142 5.149029 4.409982 4.431492 4.431228 4.151603 4.472902 4.453264 4.34887 4.650648 5.929434 7.089864 6.827984 6.575808 8.068372 9.345525 8.533061 6.611965 6.005616 7.531711 8.072251
-9999 -9999 -9999 -9999 -9999 -9999 -9999 -9999 -9999 -9999 6.019551 5.408138 6.455564 8.169995 9.050334 6.872213 6.45647 6.083025 6.020857 6.420023 5.163381 5.929711 11.46287 12.39221 8.428259 8.202022 8.417178 9.307162 7.877538 16.52496 12.3265 11.53805 11.90983 9.648258 7.903304 5.948329 5.386028 4.899647 5.53977 6.077013 6.07748 6.880219 8.060687 9.236788 8.205204 7.574779 6.993293 7.183956 5.936116 5.15092 4.925779 5.126862 5.120363 5.181515 4.996008 4.762459 4.637393 5.252536 6.844841 8.013813 8.396784 8.787722 10.15472 7.810335 6.249369 5.701165 5.535624 7.839613
-9999 -9999 -9999 -9999 -9999 -9999 -9999 -9999 -9999 -9999 -9999 5.62672 6.101788 6.800648 8.651558 6.649159 5.99971 5.977124 5.967625 5.529536 5.919173 6.807984 12.34548 12.82915 9.479355 8.498915 9.538667 8.23556 8.66065 16.24331 10.1593 11.73951 10.20522 9.311838 6.093097 5.05932 5.046772 4.853947 4.780306 5.048098 5.612461 6.214813 6.790125 7.848613 8.401663 7.912212 7.720832 6.149494 7.091033 5.615807 5.86968 6.083047 6.102721 5.727179 5.47239 5.08358 5.434299 5.38789 6.128553 6.826328 7.475393 8.440639 10.15699 7.3304 6.706852 5.858028 5.262782 7.353421
-9999 -9999 -9999 -9999 -9999 -9999 -9999 -9999 -9999 -9999 -9999 5.034262 5.301446 5.754496 7.608116 7.278707 5.683097 5.544055 6.214654 5.915308 6.054013 7.485264 12.15088 12.7642 10.68631 9.917366 8.059518 8.495422 8.413098 7.98834 17.14097 10.78395 9.236097 7.663614 4.582664 3.4424 3.952185 4.625479 4.439461 4.498123 4.925157 5.357476 5.826622 6.23121 7.206703 7.814446 7.421531 8.578869 7.009502 6.91817 7.315777 6.957485 6.632979 6.109049 5.736161 6.085462 5.910673 6.314401 6.796227 6.935133 5.603403 6.031976 8.188579 9.504946 6.563652 6.275728 5.641521 7.204856
