slauniainen/Data/DEM/Vihti_dem1500b_cl_horizonAngle_318.asc
NCOLS 196 
NROWS 178 
XLLCORNER 353680 
YLLCORNER 6699024 
CELLSIZE 16 
NODATA_value -3.4e+38 
[rows 120 to 139 of 178, columns 135 to 179 of 196]
2.05654454231262 1.97250247001648 1.80368399620056 1.71684074401855 1.71063101291656 1.56829464435577 1.22172045707703 0.908863365650177 0.820331037044525 0.978581070899963 1.28250968456268 1.33238995075226 1.39365124702454 1.35167026519775 1.15719485282898 0.896382391452789 1.09741258621216 1.42445778846741 1.45780003070831 1.42533457279205 1.10051548480988 0.718331038951874 0.466152667999268 0.282375514507294 0.0928436443209648 -0.264439046382904 -0.719701945781708 -1.07914757728577 -1.35635125637054 -1.44935178756714 -1.16765332221985 4.98994016647339 8.15960311889648 12.9532451629639 14.2343816757202 12.7973918914795 11.6239471435547 9.98091506958008 8.72865200042725 7.66872358322144 6.99239206314087 6.41198873519897 6.28524875640869 6.22695016860962 6.26481485366821
1.94463396072388 1.86658787727356 1.74787211418152 1.5960818529129 1.46522426605225 1.40519940853119 1.28046524524689 0.952346384525299 0.67794281244278 0.559527218341827 0.696627855300903 0.956035256385803 1.03348994255066 1.20297706127167 1.05481243133545 0.885296404361725 0.738130867481232 0.854425668716431 0.861214101314545 0.876167953014374 0.761637330055237 0.466678619384766 0.169729560613632 -0.125950843095779 -0.498346894979477 -0.770764589309692 -1.06532955169678 -1.33068692684174 -1.50668919086456 -1.48237872123718 4.13992404937744 7.39734268188477 10.916446685791 14.5866937637329 12.0829439163208 10.6767730712891 9.6874475479126 8.27662181854248 7.60468864440918 6.49801301956177 5.85317420959473 5.18701648712158 5.1419792175293 5.16878366470337 5.01479721069336
1.62309777736664 1.78148877620697 1.72113931179047 1.56231486797333 1.36536264419556 1.07058799266815 1.07834768295288 0.944973707199097 0.623200118541718 0.385662317276001 0.178472071886063 0.321190685033798 0.650310695171356 0.944734334945679 0.913484275341034 0.811381340026855 0.668459951877594 0.469196408987045 0.207686647772789 0.250618100166321 0.267257273197174 0.163590684533119 -0.252273201942444 -0.764372169971466 -1.05859553813934 -1.21805799007416 -1.39360690116882 -1.52798247337341 -1.57473146915436 0.45963978767395 7.52476644515991 10.7391347885132 13.1500186920166 14.276047706604 11.863676071167 9.76745223999023 8.41899871826172 7.47279644012451 6.41424560546875 6.02883720397949 5.42695236206055 4.44925880432129 3.93075919151306 4.2213773727417 4.45967435836792
0.666543185710907 1.60184299945831 1.68645453453064 1.53388786315918 1.25653660297394 0.919948101043701 0.662743866443634 0.664787650108337 0.521156668663025 0.208314090967178 0.00886416155844927 -0.141100317239761 0.173586040735245 0.496236354112625 0.597987651824951 0.591195046901703 0.509610593318939 0.343822538852692 0.136033326387405 -0.138545319437981 -0.17950876057148 -0.353458881378174 -0.786162614822388 -1.33224844932556 -1.42655599117279 -1.53978800773621 -1.67971587181091 -1.70138716697693 -1.61005485057831 4.30656623840332 9.50078582763672 10.7214736938477 10.4328622817993 11.4724578857422 10.4684562683105 8.95867538452148 7.66039800643921 6.86087846755981 6.01080083847046 5.53091335296631 4.9309458732605 4.35123109817505 3.7297887802124 3.91528654098511 8.00176334381104
3.85580134391785 10.2150182723999 1.39694046974182 1.45881175994873 1.19902849197388 0.714877605438232 0.392221003770828 0.160641461610794 0.150378346443176 0.082449845969677 -0.135794505476952 -0.260205715894699 -0.278358072042465 0.0142218908295035 0.114833928644657 0.214571967720985 0.272758781909943 0.21182644367218 0.0139294937252998 -0.350160509347916 -0.644757032394409 -0.878217816352844 -1.25684952735901 -1.60595452785492 -1.67929220199585 -1.68155896663666 -1.72587656974792 0.142687559127808 3.35925936698914 5.78860187530518 9.52036666870117 9.46782970428467 9.45555591583252 9.44879817962646 9.11512660980225 8.30209064483643 7.20984411239624 6.27910327911377 5.52376699447632 4.95253562927246 4.58472776412964 4.27235317230225 4.09223079681396 7.2926173210144 9.90518188476562
8.1043586730957 24.4210815429688 5.11688566207886 1.18491923809052 1.09794366359711 0.683263301849365 0.15845288336277 -0.219966813921928 -0.347099721431732 -0.247371360659599 -0.214595392346382 -0.351642668247223 -0.508527874946594 -0.581258833408356 -0.372003227472305 -0.232753187417984 -0.0867937877774239 -0.0449794344604015 -0.230821534991264 -0.546233832836151 -0.946823716163635 -1.36218678951263 -1.57490193843842 -1.79605638980865 -1.70176136493683 2.92930769920349 2.90159940719604 1.86602795124054 2.49383878707886 4.98568391799927 8.18642425537109 9.39633464813232 8.99222564697266 8.20330619812012 7.82102108001709 7.21317529678345 6.81936502456665 5.97870588302612 5.35005521774292 4.71198320388794 4.25086545944214 4.07808494567871 4.07356309890747 4.57642316818237 6.33444499969482
16.1635513305664 24.3492698669434 14.9040975570679 2.18267703056335 0.86114513874054 0.664551675319672 0.0881134942173958 -0.655737936496735 -0.747762024402618 -0.689830958843231 -0.573596179485321 -0.510056853294373 -0.645543396472931 -0.795036435127258 -0.913896441459656 -0.741924524307251 -0.621536493301392 -0.535789966583252 -0.58619612455368 -0.802300989627838 -1.3154284954071 -1.56162822246552 -1.79190719127655 -1.74342000484467 5.70108509063721 5.64304494857788 1.55885589122772 0.709452390670776 2.41034197807312 6.04422426223755 8.1605110168457 9.45030212402344 8.71068382263184 7.78888416290283 6.80376148223877 6.56941986083984 6.19021463394165 5.61541366577148 5.17951345443726 4.55627822875977 4.10751342773438 3.75991177558899 3.62878251075745 3.71564483642578 3.93775153160095
12.0193567276001 15.7976894378662 14.4590797424316 9.93854236602783 0.612766027450562 0.521626591682434 0.140178501605988 -0.644316077232361 -1.01340711116791 -0.989662408828735 -1.01062202453613 -0.913394570350647 -0.870124995708466 -1.03287410736084 -1.17506754398346 -1.29376983642578 -1.08333790302277 -1.00794041156769 -0.928299486637115 -1.07197380065918 -1.42159450054169 -1.66626453399658 -1.67501294612885 6.46926307678223 7.6713752746582 5.12577819824219 3.4956431388855 1.3197226524353 6.22099733352661 9.83775329589844 10.7539033889771 10.8196907043457 7.97678661346436 7.06384754180908 6.44470310211182 5.82231521606445 5.64659643173218 5.29044580459595 4.83670473098755 4.37112474441528 3.62572288513184 3.21229004859924 2.73909211158752 2.53532528877258 2.89398097991943
9.2392053604126 10.3192520141602 12.771315574646 10.7148656845093 6.4220757484436 0.352024078369141 0.120802842080593 -0.411609560251236 -0.945656836032867 -1.16794347763062 -1.28820550441742 -1.35094356536865 -1.21787476539612 -1.23017179965973 -1.32734262943268 -1.40483367443085 -1.45640015602112 -1.33890402317047 -1.25612187385559 -1.35161769390106 -1.55177628993988 -1.60712015628815 3.88776278495789 8.8836669921875 5.66615533828735 4.54744625091553 3.56561946868896 3.1844494342804 9.10383224487305 11.2947521209717 10.5761203765869 9.78028869628906 6.9879207611084 5.68365526199341 5.88631439208984 5.33320188522339 5.01790475845337 4.92166042327881 4.55987739562988 4.02062797546387 3.43677544593811 2.53418064117432 1.88952887058258 1.46571946144104 1.51144587993622
7.71355104446411 8.50403690338135 9.96288776397705 10.4338569641113 7.29448413848877 3.66114807128906 -0.00617867428809404 -0.372624397277832 -0.818556725978851 -1.24360322952271 -1.43077564239502 -1.55167412757874 -1.55260217189789 -1.45962560176849 -1.36989402770996 -1.44849336147308 -1.54495704174042 -1.65564751625061 -1.52522850036621 -1.65323340892792 -1.72063207626343 -1.59484124183655 6.06260204315186 6.09010934829712 5.81953954696655 3.76798224449158 3.06945991516113 3.66088628768921 8.78535270690918 11.2081546783447 10.482855796814 8.51016807556152 5.94158983230591 4.83661651611328 5.00475645065308 4.96425914764404 4.68365144729614 4.32517910003662 4.21273326873779 3.91526365280151 3.26740431785583 2.63039183616638 1.47896933555603 0.872180759906769 0.987055420875549
9.27513027191162 8.31081104278564 9.90696334838867 8.21165180206299 7.67501068115234 4.2396068572998 -0.292598158121109 -0.558972835540771 -0.803575336933136 -1.25503218173981 -1.4826043844223 -1.65559947490692 -1.73326349258423 -1.71716630458832 -1.32465922832489 -1.37623071670532 -1.69301223754883 -1.78440606594086 -1.8506863117218 -1.82789123058319 -1.85864233970642 1.40810704231262 5.20322179794312 4.79737329483032 4.40824890136719 4.25247430801392 3.43756198883057 6.42363548278809 9.7471809387207 9.51480388641357 8.75869655609131 7.28677558898926 5.90083599090576 5.18460559844971 4.05890798568726 4.20970630645752 4.3938570022583 3.97010850906372 3.54499888420105 3.54310536384583 3.28176093101501 2.61046242713928 1.92547905445099 0.891810953617096 0.832546412944794
10.4452962875366 9.30894088745117 10.6687602996826 8.01757621765137 6.08351182937622 3.47449684143066 0.488221138715744 -0.89148223400116 -1.0562596321106 -1.34294712543488 -1.65579628944397 -1.86622858047485 -1.91939234733582 -1.96468830108643 -0.789505004882812 -0.772430419921875 -1.86123847961426 -1.94054639339447 -2.07910442352295 -2.02166533470154 -1.89682424068451 2.9903461933136 4.7177906036377 6.69300889968872 5.59834909439087 4.52240228652954 6.20146560668945 9.51262474060059 10.699875831604 8.3079833984375 6.0861873626709 6.26990127563477 6.16845512390137 5.67717027664185 4.48001337051392 5.58292627334595 4.13544797897339 3.58791947364807 2.98793292045593 2.93880414962769 3.01985907554626 2.88470053672791 2.20375370979309 1.52012360095978 2.44904494285583
5.51286125183105 7.37089538574219 6.8800311088562 7.92380475997925 6.06427955627441 3.95935893058777 1.80621159076691 -0.881200909614563 -1.50402474403381 -1.66907060146332 -1.82819199562073 -2.04377555847168 -2.20111203193665 -2.28159213066101 -1.26109445095062 -0.635752081871033 -1.46771275997162 -2.18900442123413 -2.32074499130249 -2.26147246360779 -2.05957341194153 1.26306402683258 6.18244791030884 8.67939758300781 6.24719953536987 7.72800636291504 8.74891567230225 10.2420539855957 9.50741958618164 8.67808532714844 6.93782138824463 5.90923166275024 6.47971534729004 5.97158288955688 7.07965326309204 8.90648365020752 7.33190250396729 3.75408339500427 2.97755551338196 2.72955513000488 2.86970591545105 2.92185163497925 2.61417102813721 2.00673913955688 3.48263192176819
7.4966254234314 8.3927526473999 7.41009044647217 12.2626218795776 6.63423633575439 3.34671092033386 2.26949286460876 0.289765655994415 -1.99209606647491 -2.1044762134552 -2.1746141910553 -2.31548070907593 -2.42231750488281 -1.7157210111618 -1.16977739334106 -1.17916238307953 -1.60751795768738 -1.93536841869354 -2.77223229408264 -2.6316545009613 -1.69105350971222 2.16789388656616 6.11247587203979 6.32193517684937 6.77568006515503 6.27248287200928 7.14103937149048 8.34160232543945 9.25091075897217 8.81382942199707 8.64789295196533 9.60482597351074 9.88572120666504 9.14311790466309 8.61803150177002 7.26516914367676 7.37840032577515 5.2975058555603 3.76236534118652 6.679612159729 7.56262397766113 3.81235551834106 2.79114103317261 2.5274441242218 2.21268630027771
9.69759654998779 10.9277143478394 14.1223917007446 17.0287322998047 9.76730537414551 4.14727687835693 1.56762516498566 0.952727377414703 -0.516591429710388 -1.96172249317169 -1.46542823314667 -0.905681431293488 0.388512253761292 -0.00566037697717547 -0.0833600983023643 0.489446491003036 -1.56483054161072 -1.66569530963898 -2.28647017478943 -2.78412222862244 -1.21137189865112 0.106735654175282 1.76372230052948 3.73016405105591 5.04656457901001 6.04074716567993 6.79878616333008 9.33777904510498 8.78806972503662 8.83558559417725 8.68620777130127 8.33561134338379 8.39870834350586 9.10964298248291 8.16354942321777 6.96126699447632 5.87702798843384 5.74785566329956 4.71915292739868 4.15108966827393 5.34831428527832 4.88588428497314 2.7618510723114 2.53717088699341 2.30433416366577
10.3024501800537 11.8111200332642 14.3538227081299 15.4025287628174 12.5324010848999 4.42580556869507 1.16105234622955 0.699765503406525 0.604453384876251 0.863209784030914 1.58679866790771 2.09975481033325 2.95880675315857 2.70850920677185 2.30502104759216 2.82314896583557 1.23940980434418 0.489755570888519 -1.57880675792694 -2.2853090763092 -2.71446514129639 -1.12999701499939 0.0214244294911623 0.374944716691971 0.526071846485138 2.21209216117859 3.86255931854248 5.60192728042603 7.74800825119019 7.85311937332153 7.97958278656006 7.93272972106934 7.44884157180786 6.76825952529907 7.12328672409058 6.34219264984131 5.57905578613281 4.94704341888428 4.65785646438599 3.92165207862854 3.49085903167725 3.98228621482849 3.28144812583923 2.46016120910645 2.34949445724487
6.02995300292969 11.0189085006714 14.0977344512939 15.3421974182129 11.876091003418 6.00570201873779 1.49299204349518 1.00115215778351 3.53392362594604 3.57962894439697 2.29111480712891 2.91813206672668 3.11369299888611 2.58150863647461 2.14750289916992 2.53438782691956 2.46406650543213 1.21182572841644 0.135124340653419 -1.68330371379852 -1.88578903675079 0.807332694530487 -0.0526047833263874 -1.6691906452179 -1.46306800842285 0.869065940380096 3.53619456291199 3.77815794944763 8.18231678009033 6.89696979522705 7.10564041137695 7.33232688903809 6.83431196212769 6.40346002578735 6.0847053527832 5.99127292633057 5.5183162689209 5.09885406494141 4.56114482879639 4.00059843063354 3.65648818016052 3.33042216300964 3.12864947319031 2.66926026344299 2.83239936828613
4.13248634338379 11.2546186447144 12.1372509002686 13.4934587478638 11.2642383575439 7.85639333724976 3.17637848854065 3.26092791557312 4.0717134475708 2.98631000518799 2.86075687408447 2.98387265205383 2.5587100982666 1.72236704826355 1.47534501552582 1.3714359998703 2.15418410301208 2.31161737442017 0.90391743183136 0.627446055412292 1.09073686599731 2.41603088378906 1.09929192066193 -1.26115715503693 1.22102689743042 7.57359647750854 11.6972961425781 11.8722610473633 14.2479038238525 7.55279922485352 6.42113876342773 6.41302108764648 6.43551158905029 5.97018766403198 5.62727546691895 5.43647623062134 5.43619918823242 5.07220840454102 4.68641424179077 4.16940021514893 3.68485832214355 3.41005897521973 3.10917592048645 2.80545830726624 5.03851985931396
3.72665524482727 7.01198959350586 11.2060079574585 11.2132844924927 10.7511901855469 7.90023040771484 4.06361150741577 2.74013686180115 2.33669996261597 3.61319780349731 2.88932466506958 2.42217612266541 1.88569259643555 1.51166522502899 1.31049156188965 2.40889573097229 7.57129955291748 8.5189733505249 7.47541236877441 7.19090509414673 4.71800136566162 5.32043886184692 4.28681802749634 4.18631362915039 8.86631679534912 9.28096294403076 11.5222578048706 11.9492778778076 11.8659524917603 11.3675394058228 6.54631423950195 5.80742979049683 5.64779853820801 5.48718118667603 5.13656854629517 4.95597982406616 4.91565656661987 4.99370050430298 4.68767690658569 4.29026794433594 3.83730673789978 3.48164439201355 3.28612875938416 2.9531364440918 6.11967658996582
4.18097162246704 6.70745325088501 12.964804649353 10.8823261260986 9.8223295211792 8.03141307830811 4.63305282592773 3.71474742889404 2.65386033058167 3.35427308082581 2.65605163574219 2.21729159355164 1.98680210113525 1.82395684719086 4.89343070983887 11.0109796524048 14.443790435791 10.3632907867432 8.26116180419922 7.11052894592285 6.60978555679321 7.97652769088745 8.76323795318604 10.51220703125 11.9831295013428 11.2963876724243 12.6554899215698 13.1183595657349 11.6866073608398 10.7496643066406 9.35460662841797 5.37935447692871 4.92784690856934 4.51206922531128 4.24897527694702 4.27450227737427 4.29723453521729 4.52688789367676 4.64453172683716 4.36858797073364 4.01464033126831 3.64065027236938 3.34418725967407 3.14208912849426 5.62530899047852
