slauniainen/Data/DEM/Vihti_dem1500b_cl_horizonAngle_246.asc
NCOLS 196 
NROWS 178 
XLLCORNER 353680 
YLLCORNER 6699024 
CELLSIZE 16 
NODATA_value -3.4e+38 
[rows 40 to 59 of 178, columns 135 to 179 of 196]
3.86348724365234 4.03952598571777 4.11620569229126 4.30689525604248 4.93863248825073 5.86218643188477 5.26436042785645 5.43537855148315 5.39212369918823 5.8018798828125 5.54146337509155 5.39069843292236 5.0446400642395 4.74779796600342 4.38120698928833 4.0675253868103 3.87015390396118 3.68537354469299 3.73051857948303 3.57919931411743 3.61976051330566 3.74799752235413 3.62148427963257 3.69369673728943 3.66343188285828 3.5172131061554 3.42915534973145 3.43828129768372 3.39309144020081 3.30949258804321 3.18749737739563 3.24106049537659 3.20071625709534 3.14108109474182 3.28800272941589 3.50856494903564 3.56761622428894 3.62637162208557 3.72891068458557 3.70989084243774 3.87866234779358 4.31272602081299 4.75263357162476 5.42973327636719 6.34842014312744
4.31412839889526 4.43075704574585 4.06121683120728 4.13321208953857 5.41907978057861 5.4323148727417 5.14028978347778 6.5504035949707 6.22223854064941 6.63615417480469 5.99556970596313 5.66255760192871 5.30863189697266 5.04446125030518 5.02261638641357 4.94654417037964 4.55710983276367 4.08102083206177 3.8812108039856 4.02979135513306 3.99168515205383 4.13678312301636 4.18752145767212 4.05307340621948 3.89107084274292 3.89694595336914 3.85395097732544 3.76513910293579 3.78857731819153 3.72767972946167 3.65789771080017 3.59928297996521 3.61313843727112 3.84757018089294 3.89609670639038 3.95750427246094 4.22178936004639 4.55240726470947 4.50759744644165 4.76584196090698 5.25597953796387 5.94280529022217 6.94786596298218 7.04968690872192 7.12199449539185
4.65365505218506 4.36057281494141 3.85978865623474 4.21072006225586 5.30786037445068 3.87897229194641 6.51177501678467 7.48841190338135 6.31860065460205 6.53446388244629 6.4965295791626 5.92089557647705 5.97172784805298 5.88043069839478 5.69597005844116 5.02614831924438 4.93934345245361 4.55135631561279 4.16953420639038 4.27780485153198 4.44619989395142 4.77268505096436 4.54340553283691 4.50304269790649 4.43677091598511 4.33320093154907 4.26976251602173 4.21228694915771 4.14511680603027 4.21794319152832 4.50293874740601 4.53679132461548 4.49019050598145 4.44172859191895 4.75616645812988 5.15282869338989 5.56215763092041 6.14080667495728 6.49254179000854 6.55857181549072 7.66672515869141 7.78596210479736 7.78099012374878 7.67165040969849 7.39168643951416
4.45708179473877 4.42428350448608 3.9582941532135 4.52139806747437 3.48360395431519 3.33171963691711 6.32303953170776 6.73305749893188 6.0392107963562 6.14027166366577 7.15817785263062 7.24574041366577 6.66829967498779 6.27785158157349 5.95092010498047 5.43502140045166 4.92443656921387 4.75840187072754 4.68915128707886 5.05123662948608 5.28261470794678 5.5660924911499 5.33809757232666 5.28407430648804 5.16823768615723 5.01715993881226 4.86309719085693 4.7743034362793 5.06857204437256 5.12685775756836 5.08313894271851 5.19264221191406 5.49078416824341 5.90082740783691 6.26585149765015 6.94906520843506 7.63399457931519 8.93043231964111 9.08553504943848 8.67265510559082 8.58405208587646 8.46487140655518 8.39285659790039 8.1109676361084 7.97341442108154
4.47334909439087 3.89641261100769 3.70139026641846 4.07480001449585 2.82810068130493 3.14227080345154 4.49239492416382 5.07179164886475 5.18739128112793 6.23962259292603 7.04091787338257 7.45528364181519 7.0086088180542 6.80997085571289 5.77385950088501 5.51109409332275 4.90303373336792 4.58336305618286 4.76578235626221 5.33658075332642 5.85575389862061 6.53374338150024 6.19538593292236 6.18276929855347 6.16117858886719 6.14309024810791 6.21165180206299 6.37411642074585 6.69197177886963 6.65101432800293 6.55322551727295 6.93931531906128 7.20854139328003 7.97537517547607 8.6174259185791 10.0891284942627 10.2357301712036 9.97326183319092 9.85977935791016 9.48488616943359 9.53921222686768 9.04135036468506 9.02819442749023 8.74250030517578 8.36367893218994
4.18351888656616 3.48598575592041 3.0884861946106 3.31571364402771 2.70152640342712 2.81369209289551 3.33607983589172 2.89004969596863 3.5354950428009 4.74801635742188 6.81571435928345 7.29952239990234 6.51699161529541 6.63142824172974 6.15496492385864 5.43778228759766 4.8365159034729 4.90671682357788 5.11965227127075 5.08221483230591 5.7600793838501 6.94394683837891 6.87960433959961 6.60840177536011 7.26134061813354 8.16174221038818 8.32707500457764 8.55186080932617 9.27509784698486 9.22803592681885 8.9458065032959 9.34709072113037 9.9047679901123 11.5410871505737 11.7329006195068 11.2518463134766 11.0954942703247 10.6986083984375 10.9654970169067 10.3296089172363 10.2215442657471 9.89234066009521 9.56848812103271 9.20789813995361 8.78701877593994
3.3226912021637 2.8441309928894 2.5183470249176 2.39110112190247 2.24468088150024 2.14835357666016 2.49048781394958 2.21607851982117 1.69747447967529 3.14134645462036 5.91707277297974 6.66354751586914 6.59320449829102 6.54571294784546 6.16936111450195 6.19614696502686 5.33776140213013 5.09262657165527 5.1511287689209 5.15720891952515 5.70182323455811 6.41508722305298 6.94066619873047 8.28556823730469 8.92892456054688 9.59143733978271 10.1829137802124 11.3008050918579 11.7977056503296 12.6926097869873 12.5114555358887 13.5216693878174 13.7872352600098 13.0402002334595 12.6757659912109 12.3442525863647 12.8010540008545 11.9800596237183 11.732572555542 11.3806619644165 10.810938835144 10.3665218353271 9.85691356658936 9.30806541442871 8.89835166931152
2.92192435264587 2.42181587219238 1.69564950466156 1.77313351631165 1.53247654438019 1.46324467658997 1.59130024909973 1.37819302082062 1.35703015327454 1.4241943359375 3.0333034992218 3.95375156402588 4.88876581192017 4.94986867904663 5.99208927154541 5.57299709320068 5.35476684570312 5.33790111541748 5.31483173370361 6.17834234237671 6.42376041412354 6.58772420883179 8.28019046783447 9.02051830291748 10.4972486495972 10.6265048980713 12.1774883270264 14.4414043426514 16.0040111541748 16.4925689697266 15.5806446075439 15.6173114776611 16.3116416931152 17.0167274475098 15.4611282348633 14.1248159408569 13.6424684524536 13.2821655273438 12.4070825576782 11.8893308639526 11.2085857391357 10.4354887008667 9.85953998565674 9.06945133209229 8.60601902008057
2.07756590843201 1.6007844209671 1.49078047275543 1.53728711605072 1.4156094789505 1.47219395637512 1.48251557350159 1.42465925216675 1.52167463302612 1.7200825214386 1.97478675842285 2.3714587688446 3.44777727127075 5.02058076858521 6.49672269821167 5.941575050354 5.54981899261475 6.42393732070923 6.42457962036133 5.92699432373047 5.54405164718628 8.25648021697998 11.1891279220581 11.1358604431152 12.7419815063477 13.8951225280762 16.5923175811768 18.221263885498 20.9924793243408 16.9690914154053 17.6799411773682 19.8803005218506 19.024097442627 18.1336536407471 17.4506053924561 15.7948369979858 14.6116533279419 13.8177738189697 12.8922472000122 11.7813940048218 11.1750965118408 10.3308048248291 9.51725101470947 8.90987491607666 8.02008056640625
1.7555376291275 1.56243205070496 1.45090913772583 1.52949965000153 1.55145359039307 1.66989600658417 1.80787837505341 1.80851411819458 1.83267796039581 2.06372928619385 2.05184292793274 2.21167063713074 2.28263640403748 2.92301511764526 5.22883892059326 7.42489576339722 7.50169515609741 6.56556177139282 5.66346502304077 4.16847610473633 3.61237144470215 8.93183422088623 14.5201692581177 17.231071472168 18.7769374847412 18.0954170227051 15.8250398635864 20.7625904083252 20.1040496826172 22.9118041992188 21.5008316040039 20.1573486328125 21.2258529663086 19.9123287200928 17.9204521179199 16.3606033325195 15.1428756713867 13.6100454330444 12.6447467803955 11.5874834060669 10.7186574935913 10.1244668960571 9.08884525299072 8.24722480773926 7.68230199813843
1.45790672302246 1.57812821865082 1.63598072528839 1.7815535068512 1.92010629177094 2.05435681343079 2.2821033000946 2.25584626197815 2.15368843078613 2.32867288589478 2.34478092193604 2.26114201545715 2.22647356987 2.02225255966187 1.99539363384247 4.71656847000122 6.24504327774048 5.24399662017822 2.4509072303772 1.16350817680359 0.883890926837921 9.77114868164062 21.2437496185303 24.4685878753662 20.2797889709473 15.0854625701904 22.5591945648193 29.7281608581543 27.2077789306641 24.0399627685547 24.7904167175293 22.824686050415 21.4058933258057 20.1437206268311 18.1069183349609 16.1147747039795 14.8584241867065 13.6203155517578 11.6674098968506 10.2988367080688 9.38687610626221 9.065598487854 12.7495164871216 9.84229564666748 8.07078266143799
1.67204010486603 1.87995338439941 2.0924506187439 2.24018168449402 2.4752984046936 2.45456171035767 2.61070728302002 2.61887383460999 2.5058765411377 2.43012499809265 2.47396898269653 2.31028461456299 2.08940291404724 1.79768574237823 1.58894014358521 1.55975830554962 2.05072069168091 1.24363684654236 0.925131738185883 0.156920328736305 -0.428417831659317 4.19531965255737 11.8502807617188 16.5693264007568 11.4929132461548 8.58240795135498 17.870662689209 26.3911380767822 30.5671806335449 28.4013671875 25.5602931976318 24.2543296813965 22.3770923614502 19.9371185302734 18.1752681732178 15.4751873016357 13.9121313095093 12.5376873016357 10.6017351150513 8.7400541305542 7.73018169403076 10.5418691635132 14.0042896270752 11.8480920791626 8.64746379852295
2.24063301086426 2.41921782493591 2.71494841575623 2.71075892448425 2.8679313659668 2.86472201347351 2.75313448905945 2.81295251846313 2.68491888046265 2.56422686576843 2.51376843452454 2.35119342803955 1.95664596557617 1.62535727024078 1.36932706832886 1.27227032184601 1.08190679550171 0.794568359851837 0.299468189477921 -0.748989522457123 -0.928863346576691 2.49253821372986 7.61584377288818 10.9887084960938 10.1375856399536 7.25118541717529 8.45415306091309 23.6126823425293 29.7979984283447 31.9115695953369 28.2124862670898 24.3211727142334 22.4309253692627 19.1590175628662 17.2198696136475 15.2729187011719 11.623010635376 10.2603921890259 8.93775653839111 7.56393003463745 7.02891159057617 8.30959129333496 15.119517326355 12.3412599563599 9.5679988861084
2.99756383895874 3.00602722167969 3.16360783576965 3.17949342727661 3.03653025627136 3.08981156349182 2.94703412055969 2.86915302276611 2.73535418510437 2.61218285560608 2.39906144142151 2.24654793739319 1.86032104492188 1.59398174285889 1.30627429485321 1.16797161102295 0.880427777767181 0.548119246959686 -0.132691979408264 -0.820477843284607 -1.05437052249908 -1.05772066116333 3.53224492073059 6.94743204116821 7.15886926651001 6.93228626251221 8.10974979400635 18.5699901580811 32.4819183349609 33.3248252868652 29.5144519805908 24.9342269897461 21.8128528594971 19.3527965545654 15.4726972579956 13.3237028121948 10.443208694458 8.70195198059082 7.42300081253052 6.67426300048828 7.09842395782471 9.67796611785889 15.0533590316772 13.8128318786621 12.6357355117798
3.53518152236938 3.55026626586914 3.36713886260986 3.42877840995789 3.262371301651 3.16307020187378 3.01330900192261 2.74799156188965 2.62975335121155 2.52744364738464 2.29048275947571 2.13744211196899 1.82924234867096 1.59935903549194 1.36062073707581 1.15911209583282 0.85659795999527 0.527324974536896 -0.181616812944412 -0.633794069290161 -1.01526403427124 -1.1667652130127 0.276729792356491 3.41574144363403 4.65412712097168 7.58000612258911 10.4401578903198 13.9901294708252 24.4849948883057 35.9749031066895 30.0948066711426 25.2283554077148 19.6858367919922 16.7964763641357 14.8182926177979 11.3904438018799 9.16696834564209 7.72033929824829 6.89793491363525 5.96891403198242 8.05641555786133 12.1750574111938 17.8569984436035 19.4632453918457 19.2388706207275
3.81254458427429 3.84480667114258 3.63522267341614 3.50396180152893 3.33775472640991 3.03286743164062 2.897216796875 2.63228583335876 2.53357815742493 2.41991853713989 2.20127487182617 2.06612110137939 1.8341144323349 1.65393209457397 1.42830312252045 1.2785313129425 0.971857905387878 0.488365679979324 -0.0688722059130669 -0.56390118598938 -0.928108692169189 -1.14451253414154 -0.767066359519958 4.71787548065186 6.51234436035156 8.53878688812256 9.67279529571533 11.0068693161011 15.8422288894653 27.2331275939941 29.6764659881592 22.0262775421143 18.3366565704346 14.7395458221436 12.7246828079224 9.61134433746338 8.49902248382568 6.91319608688354 5.15206241607666 4.36964559555054 6.14609336853027 13.3254127502441 25.5305709838867 28.1519832611084 24.767786026001
4.16058683395386 3.95348334312439 3.7321879863739 3.37445688247681 3.20529723167419 2.89628767967224 2.7724232673645 2.53165888786316 2.44089603424072 2.32190418243408 2.147127866745 2.05648756027222 1.889768242836 1.77653610706329 1.59231460094452 1.29635167121887 0.960638523101807 0.543735861778259 0.00115434534382075 -0.446157693862915 -0.785790145397186 -1.08518326282501 -0.190452292561531 4.25249099731445 9.40315723419189 9.77569580078125 9.86723709106445 10.4818754196167 12.3012237548828 17.6017913818359 25.2509136199951 17.3988437652588 15.1321458816528 13.0874404907227 10.6842384338379 7.95599460601807 6.42302751541138 4.80787754058838 3.9038462638855 3.13846659660339 2.64857387542725 9.27428436279297 21.3534908294678 25.5978755950928 27.8566303253174
4.27673816680908 3.85413122177124 3.6195056438446 3.23747801780701 3.06999707221985 2.78888201713562 2.66442561149597 2.49036836624146 2.42690896987915 2.30245971679688 2.18233704566956 2.10947132110596 1.95753622055054 1.75265145301819 1.56385898590088 1.32205522060394 1.01200330257416 0.647154688835144 0.0381125584244728 -0.333239853382111 -0.654189586639404 -1.03365504741669 -0.745350182056427 4.54907655715942 8.18034744262695 7.11565494537354 8.03449153900146 11.9549427032471 12.2827310562134 14.882776260376 18.4100074768066 14.1197948455811 11.8996887207031 13.0731716156006 8.2758617401123 5.97322130203247 4.93564128875732 3.97804045677185 3.38223910331726 2.90151238441467 2.08709764480591 10.7375068664551 18.0114574432373 19.2093868255615 18.8327198028564
4.16093444824219 3.7095890045166 3.48311161994934 3.124760389328 2.95103478431702 2.7399468421936 2.68160557746887 2.56397604942322 2.51397299766541 2.37183213233948 2.25232696533203 1.98895406723022 1.89512944221497 1.74839067459106 1.56273317337036 1.2882274389267 0.878182172775269 0.519656956195831 0.0266923140734434 -0.392255485057831 -0.781391680240631 -0.908810436725616 -0.75959575176239 2.7099723815918 5.70615148544312 5.40137481689453 9.34366226196289 11.2509603500366 11.69580078125 15.3987073898315 12.9929523468018 12.1873588562012 12.8086185455322 9.82488250732422 6.47522163391113 5.39502620697021 4.80709409713745 4.85372591018677 3.32060170173645 2.22700905799866 1.69517874717712 11.5239400863647 17.682279586792 19.8682956695557 19.0945606231689
4.00198745727539 3.58620119094849 3.36482834815979 3.07818198204041 2.97880363464355 2.83940982818604 2.78204584121704 2.65215802192688 2.43586587905884 2.30596542358398 2.17003893852234 1.99762082099915 1.87450063228607 1.7395259141922 1.4020289182663 1.11525249481201 0.672253727912903 0.266276657581329 0.047379445284605 -0.269011050462723 -0.382983893156052 -0.364781737327576 -0.0797335505485535 0.552135407924652 7.18741703033447 6.14972305297852 6.05239534378052 11.5912046432495 14.0650901794434 14.615626335144 11.5963954925537 9.20658874511719 9.11468124389648 8.09786891937256 7.84244537353516 6.75377416610718 5.75999927520752 4.95450067520142 3.23406004905701 2.26148724555969 2.12681603431702 6.38385677337646 18.932674407959 21.9708366394043 24.9219665527344
