slauniainen/Data/DEM/Vihti_dsm1500b_cl_horizonAngle_24.asc
NCOLS 196 
NROWS 178 
XLLCORNER 353680 
YLLCORNER 6699024 
CELLSIZE 16 
NODATA_value -3.4e+38 
[rows 60 to 79 of 178, columns 0 to 45 of 196]
4.28858757019043 5.27584934234619 5.91997098922729 5.71261930465698 5.85272693634033 5.99306106567383 5.7595477104187 6.05455112457275 5.63604879379272 5.41859912872314 5.14598941802979 5.14924097061157 5.3002667427063 5.1566014289856 5.12791013717651 5.04942798614502 4.91742277145386 32.5207443237305 22.431339263916 31.7274417877197 53.1098861694336 24.6910495758057 44.1594581604004 19.8813724517822 4.41817808151245 4.21243238449097 4.56669521331787 5.23765230178833 5.43164300918579 5.43461227416992 5.58980178833008 5.32435274124146 5.18291187286377 5.15814304351807 5.90920877456665 8.4808349609375 4.94912719726562 21.8617362976074 28.7668972015381 5.08219909667969 5.2513861656189 4.67617988586426 8.89963817596436 37.2410087585449 2.43985247612 1.85536873340607
4.07082319259644 4.3598256111145 5.75073862075806 5.66631984710693 5.79853773117065 5.6761360168457 5.69956064224243 5.91519403457642 5.51856327056885 5.06512022018433 5.01262760162354 4.87438106536865 5.10898160934448 5.01460933685303 4.91739368438721 4.92614507675171 16.3965969085693 8.81996631622314 15.2216777801514 30.5491676330566 36.5627212524414 48.4002342224121 20.6176071166992 15.5925006866455 6.18351173400879 4.23711919784546 4.34497451782227 4.91827774047852 5.14413261413574 5.22151041030884 5.46946859359741 5.23843812942505 5.06111621856689 4.98201513290405 5.41648817062378 7.70052289962769 11.9969892501831 16.3978500366211 5.60151386260986 5.16556453704834 5.2418646812439 7.96602010726929 41.8182983398438 20.2336807250977 15.2217693328857 28.229097366333
15.6880979537964 4.34497499465942 5.37955331802368 5.50074005126953 5.64850759506226 5.448157787323 5.72737646102905 5.68716907501221 5.37453746795654 4.9152364730835 4.86086511611938 4.9837794303894 4.85367584228516 4.81480646133423 4.72809314727783 4.61766052246094 11.4545259475708 11.6744070053101 16.9568138122559 22.254035949707 27.4535064697266 21.9346389770508 13.0226955413818 6.82523059844971 8.51383018493652 10.987979888916 2.90902948379517 4.56360197067261 4.80190181732178 5.14552974700928 4.98055171966553 4.77875900268555 4.87188100814819 4.89421796798706 6.67984819412231 4.76615571975708 9.30420875549316 12.7684640884399 5.06139707565308 5.20344591140747 4.6715931892395 25.739839553833 19.4310150146484 19.8233280181885 35.7854499816895 28.5593166351318
22.806568145752 43.1702613830566 5.31882905960083 5.41830539703369 5.3029613494873 5.16239976882935 5.55320405960083 4.24360990524292 4.81226682662964 4.66848611831665 4.50601243972778 4.89652013778687 4.72630596160889 4.53790521621704 4.50673389434814 7.5958104133606 6.09778594970703 10.2696447372437 16.1759548187256 19.9245700836182 19.9032287597656 14.6190299987793 11.85888671875 7.71464681625366 10.2152118682861 3.01715016365051 13.8282117843628 2.76400518417358 4.44404602050781 4.95254850387573 4.83872365951538 4.71668100357056 4.1985239982605 4.79541254043579 6.13974285125732 6.88614511489868 9.44475650787354 4.95705699920654 4.98102045059204 5.15560674667358 7.00813007354736 19.8550453186035 21.4890613555908 38.735408782959 26.2870216369629 32.7632598876953
22.839412689209 5.09691762924194 5.1861367225647 5.29250860214233 5.08763027191162 5.3819637298584 4.20022869110107 35.0592346191406 3.33184838294983 4.08642435073853 4.1331729888916 4.29721927642822 4.54712533950806 4.42226028442383 4.23265933990479 4.23118543624878 6.82725191116333 11.2740468978882 13.5353622436523 16.7789764404297 13.8605995178223 10.5614242553711 6.60786247253418 7.69683790206909 9.32560062408447 35.2034645080566 28.8252258300781 23.3474712371826 6.85970735549927 4.51246976852417 4.52396154403687 4.55772972106934 21.9393939971924 4.35792207717896 5.68798732757568 6.01265573501587 8.25473690032959 4.88717269897461 5.057776927948 4.58536100387573 15.1450204849243 15.1658535003662 22.2955284118652 24.1244316101074 21.8932762145996 23.0534954071045
16.6297550201416 5.07654857635498 5.15402746200562 5.03409099578857 4.89676332473755 5.24130296707153 3.85623288154602 3.65588235855103 3.05743885040283 4.03054618835449 4.04088163375854 4.02557420730591 4.36462116241455 4.28242111206055 3.90708017349243 3.82426762580872 6.67757368087769 10.5308837890625 13.6657562255859 12.4990587234497 11.2154693603516 9.70314025878906 6.71192789077759 8.50634956359863 32.2276916503906 20.3250312805176 28.202615737915 35.6689910888672 3.37740683555603 6.05623960494995 3.96965169906616 9.08273220062256 3.80157661437988 4.94658422470093 4.75072574615479 6.6864595413208 4.7454252243042 4.77724170684814 4.97192859649658 4.04295015335083 13.3360576629639 15.2504806518555 18.5542488098145 19.4993209838867 17.5427303314209 13.381139755249
4.73049259185791 4.98865652084351 5.0545449256897 4.84388303756714 5.09054613113403 20.6059131622314 38.8826675415039 3.20972180366516 2.85155487060547 3.38345789909363 3.97730827331543 3.70289444923401 3.69067001342773 3.90557193756104 5.75274229049683 5.46410942077637 7.82220315933228 8.95505714416504 11.8756856918335 10.1175804138184 8.71911811828613 5.2900710105896 6.595458984375 7.78868627548218 23.1687068939209 37.8720550537109 23.740364074707 13.8756732940674 37.9168815612793 4.89700698852539 4.04558706283569 6.8540358543396 3.70605731010437 4.68582010269165 4.45908546447754 6.01578330993652 4.65557622909546 4.81941938400269 4.38673305511475 10.8443040847778 12.3428649902344 15.2597675323486 16.4316291809082 14.8067455291748 15.363431930542 11.8555221557617
4.66238260269165 4.60424566268921 4.70164680480957 4.62719106674194 4.97659969329834 19.4433574676514 16.461612701416 28.0419673919678 39.8503189086914 3.52888202667236 3.89632940292358 3.55419230461121 3.62099552154541 3.95848178863525 4.45844697952271 4.62389421463013 8.166259765625 10.0032806396484 8.3537425994873 8.60585975646973 8.16507816314697 5.04646396636963 6.32040405273438 19.1017475128174 20.228515625 24.1206817626953 19.8767929077148 31.8079624176025 14.5826015472412 3.74965715408325 4.79231119155884 3.26158690452576 4.07407474517822 4.16450357437134 4.87255811691284 4.61378049850464 4.55868768692017 4.72177457809448 4.25974941253662 9.73251247406006 12.0471305847168 13.7905979156494 14.8588161468506 13.0126867294312 10.1531915664673 10.1170444488525
4.0676121711731 4.54938316345215 4.31915855407715 4.67064046859741 10.8321685791016 14.0123462677002 16.7675590515137 19.4831771850586 3.08858919143677 3.42902421951294 3.56344628334045 3.40343642234802 3.33438658714294 3.44267988204956 3.17427778244019 5.44280767440796 7.74183893203735 9.7942590713501 7.87437105178833 8.19762229919434 7.53319835662842 5.20880365371704 6.00167894363403 16.6333026885986 17.337760925293 20.9715576171875 27.1495761871338 19.4886608123779 4.58693361282349 4.31322622299194 2.51578736305237 3.80435538291931 3.96016383171082 4.16660118103027 4.42899751663208 4.38350820541382 4.43203353881836 4.61758232116699 8.30986309051514 10.3195743560791 11.9643220901489 12.9891872406006 11.3374042510986 11.8699979782104 9.38088226318359 11.0766878128052
4.02421808242798 4.29376983642578 4.22338533401489 4.60102128982544 10.4922590255737 8.86217880249023 12.1481609344482 13.7856273651123 2.94430232048035 3.40180158615112 3.01718187332153 3.27825999259949 3.05692195892334 3.07050347328186 4.045485496521 6.64881086349487 7.4663667678833 9.36825561523438 7.80065965652466 7.17505121231079 4.39598989486694 5.34432029724121 13.8338737487793 14.3740634918213 17.1940841674805 17.5467224121094 14.729193687439 7.33555269241333 4.01539754867554 4.3580060005188 30.9102458953857 3.67074823379517 3.96037840843201 4.10111808776855 4.31939697265625 4.28142166137695 4.44205379486084 4.05953407287598 7.90378332138062 9.73226833343506 11.156174659729 12.0822858810425 10.4321336746216 8.26524353027344 8.25625038146973 10.8435411453247
3.79620909690857 4.23492050170898 4.15866327285767 8.00718879699707 9.05059146881104 9.32991504669189 10.4613475799561 2.90799713134766 2.60342454910278 3.24831008911133 3.14768981933594 3.01721000671387 2.90784192085266 3.82054471969604 6.15803241729736 7.05314207077026 8.55202674865723 7.19315481185913 7.2770619392395 6.53738880157471 4.3572244644165 5.21358394622803 12.5585985183716 13.0515155792236 13.9172563552856 10.8360414505005 12.7413568496704 3.65391159057617 3.59104561805725 16.2569541931152 3.4559497833252 3.83609580993652 4.0003228187561 4.17631578445435 4.12003183364868 4.20783758163452 4.40897655487061 4.5304970741272 8.98482608795166 9.30786323547363 10.1705961227417 11.1512765884399 9.42110538482666 7.47068166732788 8.64151668548584 9.63282012939453
3.59353041648865 4.13457155227661 4.18778514862061 7.97456121444702 6.52108716964722 7.90611791610718 8.78714847564697 2.86889314651489 2.68976640701294 2.69623374938965 2.97412180900574 2.9181797504425 5.81053447723389 6.35448408126831 6.19935894012451 6.63880443572998 8.12106609344482 6.85775709152222 6.30268144607544 3.81642889976501 4.52461910247803 10.7065773010254 11.5492296218872 13.6451969146729 17.6364326477051 10.5201406478882 5.03113698959351 3.24382853507996 3.73790621757507 12.0293731689453 3.43677306175232 3.83789968490601 3.96431159973145 4.14422655105591 4.12258148193359 4.28591108322144 3.95072722434998 6.69216251373291 8.13300228118896 8.82870388031006 9.65752029418945 8.2136697769165 8.69901180267334 6.84885311126709 8.2056713104248 8.07249927520752
3.11374855041504 3.83962678909302 6.53325748443604 7.08938074111938 6.89882802963257 7.52014875411987 2.83610892295837 2.51738452911377 2.76056599617004 2.69191694259644 2.75241613388062 2.81745219230652 3.25678968429565 4.81612110137939 6.23346519470215 7.59709930419922 6.42984628677368 6.48997402191162 5.65715360641479 3.70690202713013 4.37944221496582 9.71665954589844 10.978138923645 12.6913747787476 8.11477470397949 9.47544002532959 3.26515650749207 2.90951347351074 8.882737159729 3.36387777328491 3.72068214416504 2.86092638969421 3.27616143226624 3.43262553215027 3.79543614387512 4.17500305175781 3.66125535964966 7.3418025970459 7.4509596824646 8.13247680664062 8.94341659545898 7.58513402938843 6.20114469528198 6.12276315689087 7.49562168121338 7.36607027053833
2.93532466888428 3.65071558952332 6.51776266098022 5.43676996231079 6.272629737854 6.71617078781128 2.79795122146606 2.77293157577515 3.86536836624146 3.96027255058289 5.54529047012329 2.74277091026306 3.47441267967224 5.50689554214478 5.96382236480713 7.33393096923828 6.27405309677124 5.65760087966919 3.30210709571838 3.87089276313782 4.08502435684204 9.66572952270508 9.97098064422607 11.7740659713745 8.18882942199707 3.92289018630981 3.11907052993774 2.90883541107178 7.97211694717407 2.42488932609558 3.03524255752563 22.0791893005371 17.5195770263672 10.1131477355957 8.51755809783936 3.60567998886108 5.48205709457397 6.92609930038452 7.26492977142334 8.00569820404053 6.83634662628174 7.03190612792969 5.74710702896118 6.42370557785034 6.88671445846558 7.81190967559814
2.83069491386414 3.238600730896 5.92935943603516 5.4886908531189 6.28367280960083 2.94194626808167 3.06915712356567 3.24106073379517 4.2059531211853 4.83658075332642 2.85486698150635 2.69646120071411 4.14600419998169 5.48023223876953 6.7607216835022 5.85129976272583 5.98133993148804 5.28950786590576 4.25173044204712 3.72007417678833 8.09056282043457 9.23245239257812 10.4762496948242 9.6625452041626 7.64345979690552 3.63767170906067 5.20751142501831 7.25402450561523 2.02062821388245 2.06844162940979 2.62723445892334 16.7996234893799 9.86859130859375 9.41486835479736 3.84118509292603 3.09334993362427 6.37537670135498 6.3401985168457 6.81935501098633 7.51674032211304 6.29288244247437 5.02626180648804 5.17318201065063 6.12890434265137 6.00365209579468 7.11655139923096
2.64962577819824 5.4319224357605 5.55896711349487 5.24497222900391 5.73117923736572 3.08927392959595 2.67623257637024 3.6248939037323 3.59903144836426 4.24473571777344 2.61675643920898 3.08003163337708 4.80145645141602 5.13194608688354 6.44288158416748 5.64730024337769 5.3513388633728 3.25413823127747 3.57349157333374 3.55798411369324 8.32743644714355 8.31517219543457 9.86300468444824 6.09571409225464 7.29750871658325 4.64074659347534 2.79407405853271 5.84508371353149 2.11838245391846 18.3528118133545 19.8523426055908 2.63686108589172 5.13533115386963 3.27516913414001 3.3318772315979 4.68486547470093 6.04006719589233 6.18460655212402 6.81374073028564 5.85064220428467 5.91230154037476 4.7177906036377 5.3433141708374 5.75362157821655 5.57448101043701 6.52772855758667
2.08145833015442 5.15003967285156 4.4829363822937 4.88184118270874 5.34664106369019 2.72178626060486 2.89771842956543 3.63137722015381 4.07425594329834 3.20212268829346 5.25159311294556 5.03561067581177 4.85878849029541 5.83430862426758 5.114089012146 5.40377521514893 5.1603422164917 3.14415836334229 3.46338772773743 7.20317220687866 8.05416107177734 8.93850231170654 8.10834217071533 6.44919443130493 4.30824089050293 2.43856406211853 4.91582107543945 13.7436237335205 33.0791435241699 33.4667930603027 2.79496312141418 2.13656044006348 3.35534358024597 3.09834814071655 2.85795331001282 4.39205598831177 5.71849298477173 5.83130216598511 6.45028162002563 5.32303810119629 4.27900886535645 4.33063936233521 5.03613376617432 5.10270118713379 5.75804805755615 6.26043128967285
4.36154890060425 4.58336448669434 4.46293926239014 4.85373687744141 2.32439684867859 2.59544277191162 3.27641773223877 3.3748631477356 3.78389406204224 4.34772539138794 3.74834728240967 3.90014719963074 4.77111434936523 5.79016160964966 4.98935890197754 5.26081275939941 4.62943744659424 3.22425317764282 4.15185213088989 7.50575733184814 7.28107404708862 8.51154899597168 5.11182355880737 6.20332145690918 2.43225622177124 2.34527373313904 4.39498901367188 16.6347160339355 18.204532623291 9.11624526977539 14.1066875457764 21.3900241851807 2.50085020065308 1.74591827392578 3.37748241424561 5.23601388931274 5.22515392303467 5.825035572052 5.05135488510132 5.00009918212891 3.98069715499878 4.5211877822876 4.72136735916138 4.77600240707397 5.47826814651489 5.92688846588135
4.15941762924194 3.73791074752808 4.12164831161499 4.55105781555176 2.00347232818604 2.46439576148987 3.00382161140442 3.56133699417114 3.24754619598389 3.64431595802307 3.07162380218506 4.46941614151001 4.71334028244019 5.62945079803467 4.88942575454712 4.68872737884521 2.77608203887939 4.2491626739502 6.48632955551147 7.16647815704346 7.86238479614258 6.98148202896118 5.42362022399902 2.94179463386536 2.20806884765625 2.40703129768372 7.25500154495239 13.4316606521606 12.5416879653931 7.61018991470337 18.9912376403809 18.5231781005859 20.1815357208252 15.1100454330444 2.27022504806519 4.94437646865845 3.97327065467834 5.46497774124146 4.74348545074463 3.78775072097778 3.65848851203918 4.24948740005493 4.26842069625854 4.79240608215332 5.352135181427 6.22155380249023
3.8030264377594 3.72439789772034 4.21921920776367 1.65626108646393 1.99027764797211 2.57773208618164 2.745938539505 3.27562308311462 3.01867341995239 2.79704809188843 3.67951512336731 4.47430658340454 5.33185005187988 4.51485538482666 4.73577785491943 4.15377998352051 2.81919193267822 3.24746823310852 6.67664575576782 6.40200042724609 7.44774007797241 4.29461336135864 5.09370470046997 2.13447380065918 2.16014742851257 3.76963448524475 9.01763153076172 11.3272037506104 8.03371143341064 12.2118902206421 13.985969543457 0.661577999591827 19.2711372375488 25.5226955413818 28.3454761505127 4.31784152984619 3.46018195152283 5.1069655418396 4.17285442352295 3.36588764190674 3.6493136882782 3.83884811401367 3.96245574951172 4.51691627502441 4.95186710357666 5.80969572067261
