slauniainen/Data/DEM/Vihti_dem1500b_cl_horizonAngle_300.asc
NCOLS 196 
NROWS 178 
XLLCORNER 353680 
YLLCORNER 6699024 
CELLSIZE 16 
NODATA_value -3.4e+38 
[rows 60 to 79 of 178, columns 0 to 44 of 196]
-0.562591910362244 -0.716690719127655 -0.930518925189972 -1.05242300033569 -1.0702406167984 -1.08516383171082 -1.04882025718689 -0.343173146247864 -1.2215279340744 -1.22784924507141 -1.27826642990112 -1.10470879077911 -1.34287118911743 -1.37406408786774 -1.38743472099304 -1.39899468421936 -1.39899861812592 -1.45905816555023 -1.47115623950958 -1.53740811347961 -1.56682419776917 -1.81726574897766 -2.01201057434082 -2.06779837608337 -2.16533946990967 -2.26827144622803 3.25116324424744 9.06814193725586 7.26224231719971 4.01618576049805 2.65803527832031 1.40623557567596 2.23706817626953 2.93084931373596 3.27843141555786 2.3999764919281 1.76187527179718 1.08054757118225 1.00017201900482 3.30144119262695 2.31306385993958 1.50887882709503 0.117627635598183 -0.790091633796692 1.6750328540802
-0.410967081785202 -0.463531047105789 -0.645994782447815 -0.953497350215912 -1.08708798885345 -0.838834941387177 -0.846825480461121 -1.15365922451019 -1.21083760261536 -0.955694019794464 -1.29043960571289 -1.37671196460724 -1.41960668563843 -1.40140068531036 -0.513399839401245 -0.734891057014465 -1.27883303165436 -1.49112844467163 -1.54732596874237 -1.58456349372864 -1.50609564781189 -1.63556897640228 -1.88083040714264 0.673447549343109 0.469849050045013 -1.5089625120163 3.90420389175415 10.380687713623 11.739631652832 7.74490022659302 5.13428401947021 3.38603067398071 2.52741765975952 2.90284609794617 2.23486614227295 1.87873351573944 1.507777094841 1.29046356678009 2.39077758789062 2.70140600204468 2.56950712203979 1.72544658184052 0.629097163677216 0.327525556087494 3.16854739189148
-0.198889553546906 -0.297872930765152 -0.527908027172089 -0.69105190038681 -0.777514636516571 -0.947179615497589 -1.15281999111176 -1.20257925987244 -1.22538340091705 -1.26412665843964 -1.3443124294281 -1.38609683513641 -1.40741348266602 -0.720356106758118 -0.736968100070953 -1.21585965156555 -1.24047517776489 -1.26578426361084 -1.57096314430237 -1.60921287536621 -1.13997113704681 -1.50110995769501 -1.76875352859497 0.983640134334564 2.78750467300415 1.96680688858032 2.27289724349976 5.67992877960205 11.3210706710815 9.27016639709473 7.8747410774231 6.00963592529297 4.20886754989624 2.69089579582214 2.38340711593628 2.05711197853088 1.66721034049988 2.21261882781982 2.15082097053528 1.60952866077423 1.69064819812775 1.76077890396118 1.23734366893768 0.979159533977509 1.92939126491547
-0.0749918296933174 -0.229228511452675 -0.3513403236866 -0.564140319824219 -0.630461692810059 -0.771662950515747 -0.851079165935516 -0.994418144226074 -1.20866858959198 -1.30376398563385 -1.36333501338959 -1.37049567699432 -1.43675243854523 -1.49270868301392 -1.54867494106293 -1.32093358039856 -1.11795294284821 -1.55014431476593 -1.63017868995667 -1.61783730983734 -0.777037084102631 -0.792502224445343 -1.51586413383484 3.26338291168213 3.96637678146362 4.78937339782715 4.37164306640625 5.87615823745728 7.52675867080688 10.5242118835449 8.7811279296875 7.39946031570435 6.32880878448486 3.98486399650574 3.01044464111328 2.37491154670715 1.9794397354126 2.29533886909485 1.73035132884979 1.30858182907104 1.06703460216522 1.56576681137085 1.43144905567169 1.20762574672699 1.88090670108795
-0.0687464252114296 -0.156601920723915 -0.216228440403938 -0.395076870918274 -0.446557432413101 -0.582568049430847 1.02614748477936 0.806560099124908 -0.683057427406311 -1.09888458251953 -0.943487942218781 -0.704410970211029 -1.45671677589417 -1.50096201896667 -1.60218858718872 -1.72966718673706 -1.36041343212128 -1.6207150220871 -1.63239443302155 -0.138051107525826 1.02398455142975 1.37144243717194 2.42146897315979 3.64979434013367 3.19490361213684 5.4637622833252 5.59947824478149 6.54701375961304 10.8164386749268 10.1952171325684 10.0081911087036 8.29365348815918 7.33064270019531 5.7770562171936 4.88776969909668 3.57184386253357 2.82500720024109 2.20984172821045 1.81144964694977 1.52919971942902 1.27683305740356 1.3914932012558 1.26789128780365 1.01923358440399 1.61682534217834
0.0197801701724529 -0.11388386040926 -0.232637897133827 -0.288417309522629 -0.305074036121368 -0.454710304737091 -0.155727595090866 0.205503359436989 -0.335830956697464 -0.796883165836334 -0.178011521697044 -1.29774153232574 -1.44033765792847 -1.54693412780762 -1.69270741939545 -1.77200889587402 -0.020023824647069 0.894538819789886 -0.298989206552505 1.10433220863342 3.02272200584412 3.18440771102905 5.24721956253052 4.59063720703125 3.88166689872742 6.25433921813965 5.55588579177856 4.48704624176025 6.97633266448975 9.55444812774658 8.73238182067871 8.32582187652588 7.45671701431274 6.85795402526855 6.08476972579956 5.17908143997192 4.44917869567871 3.23091626167297 2.18362879753113 1.67243075370789 1.45259034633636 1.26164734363556 1.22159659862518 0.99166464805603 1.04129803180695
0.063813142478466 -0.0272126290947199 -0.125360086560249 -0.255867898464203 -0.32372635602951 -0.365955024957657 -0.44087815284729 0.0938113629817963 -0.484303176403046 -0.658459007740021 -0.813031911849976 -0.952733933925629 -1.16839981079102 -1.4223461151123 -0.715343654155731 1.24682474136353 1.55470538139343 0.680290400981903 1.53722608089447 2.5514178276062 3.05680060386658 2.61887764930725 3.64177107810974 2.97971296310425 3.19299554824829 5.43844366073608 4.77758455276489 4.02672052383423 4.92048072814941 6.37331533432007 5.7276349067688 6.4389796257019 7.30869293212891 6.83476209640503 6.17975950241089 5.87420606613159 5.37502861022949 4.47506332397461 3.06210231781006 2.40161895751953 1.96893501281738 1.44430661201477 1.284388422966 1.12142276763916 1.31493735313416
0.158438384532928 0.0411810241639614 -0.0786022245883942 -0.17984613776207 -0.229538857936859 -0.382620275020599 -0.423931032419205 -0.380986362695694 -0.447227984666824 -0.504230320453644 -0.65628856420517 -0.724481821060181 -0.91844379901886 -1.07205641269684 -1.12258148193359 -1.33412027359009 0.579743802547455 1.45117056369781 1.94765543937683 3.80827283859253 4.15416193008423 3.34351968765259 3.42455911636353 3.15077495574951 3.33407664299011 4.52165365219116 3.77781128883362 3.5864725112915 3.68704223632812 3.82484745979309 3.63070392608643 4.4703483581543 4.8560094833374 5.24366998672485 6.06050539016724 5.8119969367981 5.33183336257935 5.01636791229248 4.10132503509521 3.63077187538147 2.8005154132843 2.21741080284119 1.83109903335571 1.31807100772858 1.76368367671967
0.203596457839012 0.121492728590965 0.0115722483024001 -0.0703748092055321 -0.188944384455681 -0.262105017900467 -0.30697375535965 -0.437838017940521 -0.431798368692398 -0.411403030157089 -0.523227035999298 -0.605201542377472 -0.80414742231369 -0.899363279342651 -1.07690227031708 -1.26777827739716 1.32503569126129 3.51124238967896 4.12855625152588 6.52657222747803 6.86008787155151 4.49918937683105 3.79413771629333 3.98373770713806 3.07718873023987 3.91589498519897 3.4528169631958 3.20641112327576 3.08185243606567 2.92720746994019 3.0840003490448 3.53636765480042 3.47905611991882 3.74430298805237 4.58016872406006 5.46288251876831 5.23335456848145 4.94473218917847 4.59812021255493 4.38529825210571 3.71369194984436 3.33855390548706 2.59947800636292 2.06515908241272 2.05321931838989
0.505070090293884 0.235513642430305 0.0897261053323746 -0.0137570891529322 -0.116997674107552 -0.153757736086845 -0.268533825874329 -0.341219991445541 -0.490490883588791 -0.503901124000549 -0.490817576646805 -0.545920610427856 -0.753374516963959 -0.826789557933807 -0.637973427772522 3.1712052822113 3.87345552444458 4.36932897567749 3.75733542442322 7.07034015655518 6.13228178024292 5.63986778259277 5.16126585006714 3.78711462020874 3.61120319366455 5.40807819366455 3.80200219154358 3.05129885673523 2.85052394866943 2.84474420547485 2.76307559013367 2.76559543609619 2.99346470832825 2.98625326156616 3.24612379074097 3.83991837501526 4.00266599655151 4.60914039611816 4.61160898208618 4.38152933120728 4.26846933364868 4.07063770294189 3.42373752593994 3.08439469337463 2.31741857528687
0.979855239391327 0.593503832817078 0.310294300317764 0.0911708474159241 -0.0382921323180199 -0.104548037052155 -0.188393324613571 -0.313533425331116 -0.421080827713013 -0.481420785188675 -0.567023932933807 -0.587001740932465 -0.681123316287994 0.390096336603165 5.5106315612793 5.28196859359741 3.86240744590759 3.14332628250122 3.21776795387268 4.83023309707642 4.15064334869385 5.01457834243774 4.3604793548584 4.46992921829224 5.54216384887695 4.22253370285034 3.29159355163574 3.20025086402893 2.84889245033264 2.61295008659363 2.4443027973175 2.42859029769897 2.45858788490295 2.49176263809204 2.71511030197144 2.91272211074829 3.22379922866821 4.13094902038574 4.06036329269409 4.42982053756714 4.17038440704346 4.00500059127808 3.74835729598999 3.59103989601135 3.03221344947815
1.55115163326263 1.31114709377289 0.723317444324493 0.411950618028641 0.0565635673701763 -0.0379203967750072 -0.152768686413765 -0.23025444149971 -0.333848774433136 -0.532160580158234 -0.58523041009903 -0.496871769428253 1.15050530433655 6.23004674911499 5.49128007888794 2.83148145675659 3.00797128677368 2.96719098091125 3.31194448471069 3.73679113388062 3.76721024513245 3.62111926078796 3.28534698486328 4.32212829589844 4.86082649230957 4.18695640563965 3.58817267417908 3.20373439788818 2.80194425582886 2.5718822479248 2.34167814254761 2.23427510261536 2.20173764228821 2.28470754623413 3.49169754981995 4.01589107513428 3.81421160697937 2.91129779815674 2.8500702381134 3.27762770652771 3.72830772399902 3.84459662437439 3.7142174243927 3.47547745704651 3.39308094978333
1.91737902164459 1.59713554382324 1.17564022541046 1.01008772850037 0.4286769926548 0.122427433729172 -0.108651541173458 -0.180720999836922 -0.297479748725891 -0.422269940376282 -0.516615211963654 3.95375442504883 4.53850984573364 3.98459458351135 2.62844896316528 3.4967246055603 3.31191563606262 2.67053508758545 2.61213350296021 3.07702708244324 3.32208180427551 2.70187997817993 3.65559530258179 5.34010791778564 3.82513833045959 3.73586678504944 3.74696016311646 3.4384663105011 3.07197904586792 2.7562198638916 2.34516549110413 2.27750444412231 4.40305423736572 4.58958148956299 5.72014570236206 2.24212670326233 2.11858129501343 2.22050261497498 2.26024842262268 2.46950602531433 2.70595860481262 2.96709632873535 3.44788575172424 3.42967009544373 3.31749153137207
1.94426107406616 1.74961340427399 1.5232218503952 1.24388587474823 0.942903518676758 0.436528146266937 0.111510016024113 -0.0254989061504602 -0.202802017331123 -0.299485892057419 0.836130917072296 5.06343936920166 4.54302310943604 3.70563983917236 3.14378571510315 2.90705370903015 3.33874559402466 2.54686141014099 2.31694889068604 3.09942960739136 2.55862522125244 2.84785151481628 5.86836814880371 4.53829383850098 3.28108310699463 3.1766140460968 3.36419463157654 3.24917125701904 3.33508801460266 4.13717603683472 4.99976634979248 5.18056488037109 2.17800188064575 2.10906744003296 1.89661657810211 1.81264889240265 1.79026901721954 1.78307366371155 1.89426481723785 2.07757258415222 2.15624475479126 2.32429146766663 2.57443189620972 2.72276735305786 3.05607533454895
1.76999020576477 1.81046319007874 1.54734098911285 1.28413367271423 1.23163390159607 0.857592761516571 0.725075542926788 0.308104962110519 0.0415156930685043 -0.129792854189873 0.0517547614872456 2.24690580368042 2.59425234794617 3.98375487327576 3.77930879592896 3.75716209411621 2.92433929443359 2.61527681350708 3.49596071243286 2.73614954948425 2.24029445648193 4.42916202545166 4.1706428527832 3.43598031997681 3.61370778083801 3.46468043327332 4.11218166351318 4.97395944595337 4.56576919555664 2.78140187263489 2.18407702445984 1.98411357402802 1.6882312297821 1.69266700744629 1.5869847536087 1.58523297309875 1.60133326053619 1.59320974349976 1.68449914455414 1.72697031497955 1.83665227890015 1.98246920108795 2.15713810920715 2.32370042800903 2.39522814750671
1.51639044284821 1.64437913894653 1.44572472572327 1.39704704284668 1.25903832912445 1.14098167419434 0.96083015203476 0.703806579113007 0.583532214164734 0.212512746453285 -0.0498041175305843 1.48596000671387 2.90572285652161 2.13420653343201 2.9668173789978 3.70538139343262 3.38527584075928 2.84307646751404 2.41385245323181 1.80014252662659 3.62918758392334 4.87795400619507 4.13230800628662 3.53679037094116 3.53140234947205 5.02004957199097 3.26117420196533 2.62733197212219 2.36952424049377 2.02483916282654 1.8669821023941 1.83884572982788 1.73357462882996 1.7182252407074 1.60281717777252 1.5562596321106 1.47172117233276 1.494713306427 1.54389095306396 1.55904126167297 1.65970933437347 1.72947525978088 1.87323486804962 2.02179741859436 2.0808413028717
1.51241683959961 1.37122511863708 1.24811625480652 1.28066873550415 1.15361797809601 1.21688413619995 1.06270325183868 0.992611765861511 0.833464920520782 0.567642629146576 1.66861486434937 3.55128240585327 3.09493184089661 1.77456164360046 4.0726842880249 3.92051649093628 2.86866688728333 3.03251528739929 2.55472302436829 2.69453406333923 5.37841796875 4.00547122955322 3.24633836746216 3.81809878349304 5.18847799301147 2.97920918464661 2.38511300086975 2.25121140480042 2.15511918067932 1.85846066474915 1.50405585765839 1.50058817863464 1.57477283477783 1.56029224395752 1.62235260009766 1.61231911182404 1.49869167804718 1.43417620658875 1.45729839801788 1.51267671585083 1.5244277715683 1.60710668563843 1.62158858776093 1.75266909599304 1.79144704341888
1.58793771266937 1.44033658504486 1.28910255432129 1.02930724620819 1.00106608867645 1.12444233894348 1.16073381900787 1.07053470611572 0.94527143239975 1.1964066028595 2.35182046890259 1.89393270015717 1.42990446090698 2.84997487068176 4.74553537368774 4.26381301879883 3.07673168182373 2.55375623703003 3.04628109931946 4.32169342041016 3.02963805198669 2.52787637710571 3.44312214851379 4.15392398834229 3.25073575973511 2.39380955696106 2.23177123069763 2.03596878051758 1.83766913414001 1.73012065887451 1.52799618244171 1.36194157600403 1.20955419540405 1.23433339595795 1.388303399086 1.474236369133 1.52713549137115 1.45141994953156 1.46489334106445 1.40748655796051 1.4256317615509 1.48501074314117 1.48638963699341 1.59834706783295 1.61804234981537
1.63612139225006 1.60393846035004 1.46323931217194 1.20315480232239 0.977039158344269 0.928591370582581 1.03099632263184 0.983906626701355 1.035404920578 1.18428933620453 0.875882863998413 1.22853851318359 1.62271285057068 2.3532862663269 2.71358823776245 2.62756848335266 2.69949674606323 3.23601937294006 4.62023448944092 3.08116626739502 2.78864526748657 2.64599680900574 2.49980044364929 4.37254619598389 2.77952551841736 2.26060700416565 2.0470769405365 1.80089068412781 1.77126979827881 1.58083772659302 1.2975994348526 1.23132884502411 1.16029751300812 1.06135642528534 1.0242360830307 1.14542031288147 1.27031123638153 1.45430672168732 1.50389444828033 1.43938136100769 1.43927752971649 1.39614033699036 1.41840732097626 1.45238661766052 1.77843105792999
1.67691934108734 1.64831507205963 1.51651763916016 1.38614678382874 1.07850289344788 0.904639840126038 0.872587442398071 0.846260130405426 0.947879672050476 0.894679248332977 0.943163454532623 1.19927418231964 0.870268225669861 0.831487119197845 1.98379683494568 1.71766018867493 2.24987292289734 4.82223415374756 3.37438654899597 2.63039970397949 2.37061500549316 2.21043920516968 2.52797651290894 3.76601052284241 2.30124640464783 2.01160168647766 1.73104774951935 1.83587861061096 1.64942598342896 1.42378222942352 1.34312033653259 1.17678356170654 0.994034945964813 0.975631773471832 0.939295947551727 0.922346651554108 0.993883728981018 1.23390662670135 1.93298804759979 1.44100081920624 1.39979481697083 1.36277639865875 1.42302489280701 1.37079417705536 1.40645039081573
