slauniainen/Data/DEM/Vihti_dem1500b_cl_horizonAngle_360.asc
NCOLS 196 
NROWS 178 
XLLCORNER 353680 
YLLCORNER 6699024 
CELLSIZE 16 
NODATA_value -3.4e+38 
[rows 60 to 79 of 178, columns 90 to 134 of 196]
1.4476535320282 2.32145643234253 3.03942131996155 4.44595050811768 3.33669066429138 3.07399725914001 6.36888074874878 5.80004262924194 -1.97087776660919 -2.23798489570618 -2.21544885635376 -2.16809153556824 -1.9463050365448 -1.77864551544189 -1.73844516277313 -0.892633497714996 -1.17600703239441 0.292384207248688 0.295826524496078 -0.999169051647186 -1.91447103023529 -1.96752691268921 -2.05892086029053 -2.16393566131592 -2.25707721710205 -2.28379774093628 -2.24601745605469 -2.16346335411072 -2.04900145530701 -1.93766868114471 -1.78034889698029 -1.46859633922577 -1.35735535621643 -1.33779084682465 -1.27572309970856 -1.17681539058685 -0.93631899356842 -0.506046056747437 -0.211112216114998 -0.00432692468166351 0.433958321809769 0.376860797405243 -0.0119892582297325 0.0893644168972969 -0.00265770242549479
1.36041474342346 2.14339542388916 2.75991678237915 3.70908975601196 2.99134039878845 6.31416368484497 5.26882314682007 13.4001789093018 10.2242336273193 1.212641954422 -2.26675391197205 -2.27059006690979 -2.08361840248108 -1.88819420337677 -1.79348957538605 -1.72463440895081 -1.52368819713593 -0.0482894256711006 0.259067296981812 -0.383768916130066 -0.995345294475555 -2.03660488128662 -2.17266774177551 -2.28555488586426 -2.40620446205139 -2.56633877754211 -2.60706996917725 -2.3797562122345 -2.23489165306091 -2.11852312088013 -2.02686500549316 -1.91711032390594 -1.70288562774658 -1.51147639751434 -1.33303475379944 -1.24684917926788 -1.01356446743011 -0.636429369449615 -0.335829198360443 -0.10622613132 0.286470532417297 0.245716825127602 -0.135203346610069 -0.00235110288485885 -0.0740938484668732
1.29783546924591 2.00936985015869 2.60693979263306 3.31320929527283 4.80281400680542 4.92336177825928 4.83988857269287 10.8071594238281 16.1543006896973 14.2862138748169 4.1347975730896 0.368087500333786 -2.16494059562683 -1.99341094493866 -1.85271275043488 -1.82942295074463 -1.54702603816986 -0.434510082006454 -0.234898000955582 -0.734027564525604 -1.57908129692078 -2.14664053916931 -2.30935215950012 -2.43103718757629 -2.65122628211975 -2.87967562675476 -2.93122720718384 -2.81109714508057 -2.52611660957336 -2.32253956794739 -2.2021746635437 -2.12882709503174 -1.99999415874481 -1.74059176445007 -1.3907767534256 -1.30903744697571 -1.10902953147888 -0.781911611557007 -0.587511360645294 -0.35667958855629 0.00851314794272184 -0.0398809425532818 -0.405617654323578 -0.284172028303146 -0.355248481035233
1.2440150976181 1.9160053730011 2.44992423057556 3.12655925750732 3.95561623573303 4.25502729415894 4.45627498626709 8.88337516784668 13.8852243423462 13.0247373580933 9.62699127197266 3.99058866500854 -1.06088030338287 -2.04536151885986 -1.91508591175079 -1.84419691562653 -1.17761826515198 -0.684724628925323 -0.489938020706177 -0.901952147483826 -1.74546110630035 -1.32364642620087 -1.8779844045639 -2.50958871841431 -2.83220171928406 -3.07225441932678 -3.17483592033386 -3.06248950958252 -2.88411116600037 -2.54994177818298 -2.35179710388184 -2.27266240119934 -2.11147785186768 -1.8343780040741 -1.57182240486145 -1.50892090797424 -1.20404136180878 -0.813157975673676 -0.60509467124939 -0.181805372238159 -0.03509521484375 -0.0620561465620995 -0.139622449874878 0.13873453438282 0.941538751125336
1.21404469013214 1.82669043540955 2.31528401374817 2.8062469959259 3.37140989303589 3.61064028739929 4.16426992416382 7.5792441368103 11.27659034729 12.4426784515381 9.21486759185791 5.96831321716309 3.24183225631714 -0.340084791183472 -1.93495154380798 -1.19891929626465 -0.966994643211365 -0.755937874317169 -0.673021376132965 -0.954953014850616 0.0939286798238754 0.832104444503784 0.705632150173187 -1.70147347450256 -2.07003951072693 -3.21456241607666 -3.30300188064575 -3.19138669967651 -3.00055384635925 -2.70049023628235 -2.48142719268799 -2.3725688457489 -2.24338388442993 -1.9384651184082 -1.63597023487091 -1.57881474494934 -1.29093623161316 -0.967172205448151 -0.724458038806915 -0.449078142642975 -0.134092435240746 -0.185083821415901 -0.472423732280731 -0.324885487556458 0.0647774860262871
1.20791327953339 1.76569962501526 2.20746064186096 2.6351637840271 2.80431580543518 3.06588649749756 3.72374272346497 6.56024551391602 9.59851455688477 10.9750356674194 10.4807662963867 8.94841384887695 6.71323871612549 1.48845505714417 0.239410400390625 -1.39877021312714 -1.18042659759521 -0.814363241195679 -0.721637368202209 -0.976783573627472 -0.345507770776749 0.210983589291573 0.601143896579742 1.28427028656006 0.843604028224945 -0.548884510993958 -2.60831260681152 -1.9774831533432 -2.2485454082489 -2.78794431686401 -2.58015847206116 -2.43985891342163 -2.31206512451172 -2.11110091209412 -1.82092046737671 -1.69531643390656 -1.42848169803619 -1.15808606147766 -0.915359497070312 -0.615764915943146 -0.225805640220642 -0.334718137979507 -0.57388699054718 -0.399065881967545 -0.215587079524994
2.01698184013367 1.74281668663025 2.10390114784241 2.48759627342224 2.97908616065979 4.53061485290527 3.57266044616699 5.75843000411987 8.48533821105957 9.73548030853271 8.94460201263428 8.61999320983887 7.21339416503906 4.06040287017822 0.0864154845476151 -0.861604392528534 -1.26070749759674 -0.884019792079926 -0.700237095355988 -0.637503564357758 -0.652072787284851 -0.0879090204834938 0.579316914081573 1.98070311546326 0.161478906869888 0.984843611717224 2.43772506713867 3.31720852851868 0.749802708625793 -2.64089226722717 -2.64702558517456 -2.5161919593811 -2.395094871521 -2.28378510475159 -2.12570071220398 -1.85352611541748 -1.59809494018555 -1.36334025859833 -1.11670017242432 -0.805120646953583 -0.380888879299164 -0.433629989624023 -0.627775967121124 -0.432030409574509 -0.355114072561264
1.32185101509094 1.72985255718231 2.21641039848328 2.42778968811035 3.50078082084656 7.32915258407593 4.54961967468262 5.21159601211548 7.47806549072266 8.57321453094482 8.01971530914307 7.65499877929688 6.41897296905518 5.79172706604004 1.63271081447601 0.336369305849075 -0.379220217466354 -0.971769332885742 -0.835349798202515 -0.818651735782623 0.0874536707997322 0.0849948152899742 0.511553943157196 0.341532737016678 1.71484875679016 1.86070871353149 2.89912414550781 2.61128425598145 -0.0140701895579696 -1.93996095657349 -2.70606708526611 -2.54936456680298 -2.45124483108521 -2.33090782165527 -2.13062381744385 -2.02127432823181 -1.7558274269104 -1.60237181186676 -1.34676289558411 -1.04973793029785 -0.634848296642303 -0.531572282314301 -0.68301385641098 -0.4469875395298 -0.367030560970306
1.16626191139221 1.65490865707397 2.0289204120636 2.31287503242493 2.61661434173584 3.25403714179993 3.40546703338623 4.65071201324463 6.45806789398193 7.37066459655762 6.86152505874634 6.32313823699951 5.79727745056152 5.21777391433716 4.16991090774536 -0.074640266597271 0.364795476198196 0.0588352270424366 0.749611496925354 0.888413488864899 1.3191134929657 2.23517870903015 0.460006088018417 1.24967181682587 1.01606166362762 2.33397722244263 2.61005735397339 1.6769335269928 1.19876909255981 0.100458316504955 -2.06548285484314 -1.31731128692627 -1.61024379730225 -2.30288243293762 -2.32282781600952 -2.23743796348572 -2.06761479377747 -1.87171483039856 -1.68232786655426 -1.39481329917908 -0.879600048065186 -0.753347277641296 -0.800733625888824 -0.487294912338257 -0.401439011096954
1.13887214660645 1.59741997718811 1.95360350608826 2.19060707092285 2.53474307060242 2.72232532501221 2.51487374305725 2.41086912155151 4.4584755897522 5.44011354446411 5.29299831390381 5.03517436981201 4.79178047180176 4.02258491516113 3.36968350410461 1.12678134441376 -0.101557977497578 -0.0325321890413761 0.290649384260178 0.787157118320465 1.8069965839386 2.86822080612183 2.40914416313171 1.97090661525726 5.49483585357666 4.39190483093262 2.10696911811829 0.450188994407654 -0.542082250118256 -0.767899513244629 0.166410267353058 -1.54569292068481 -2.0373375415802 -2.45255994796753 -2.42093110084534 -2.39857292175293 -2.31713032722473 -2.20683145523071 -2.10143876075745 -2.32721877098083 -2.21395206451416 -2.08052444458008 -1.62131559848785 -0.65981113910675 -0.480085790157318
1.09923279285431 1.5418701171875 1.88675332069397 2.1115550994873 2.44568586349487 2.5719735622406 1.41779673099518 0.323490470647812 1.79536664485931 3.18575716018677 3.23757481575012 3.21699976921082 3.33460330963135 2.67196011543274 1.42094123363495 -0.540839314460754 -0.963416635990143 -0.385380774736404 0.0879044681787491 0.4383165538311 1.22200417518616 2.42593026161194 4.37381553649902 5.3036322593689 7.64571332931519 4.55746555328369 1.96785581111908 -0.34252718091011 -1.29870462417603 -1.74177169799805 -0.246500000357628 -0.872748732566833 -2.12458968162537 -2.51614022254944 -2.49263405799866 -2.49704790115356 -2.43631505966187 -2.42833805084229 -2.61345338821411 -2.69229578971863 -2.84260034561157 -3.1483108997345 -2.96063852310181 -1.17829358577728 -0.708948254585266
1.06856787204742 1.50049531459808 1.82248187065125 2.05188679695129 2.3902690410614 2.53354787826538 0.764738202095032 -0.010967006906867 0.718893110752106 1.49322474002838 1.68595802783966 1.53582656383514 1.56043529510498 0.710986196994781 -0.518163025379181 -1.75032138824463 -1.81637871265411 -1.37157797813416 -0.83870667219162 -0.00723317032679915 0.767168819904327 1.93291342258453 3.6701192855835 4.52367782592773 7.00078344345093 4.96054697036743 3.08170223236084 1.18738126754761 -1.30646157264709 0.312983483076096 -0.511731505393982 -1.01204681396484 -2.18154573440552 -2.57356095314026 -2.54585790634155 -2.60199999809265 -2.61847496032715 -2.74299454689026 -2.97510004043579 -3.1582305431366 -3.21514225006104 -3.4289813041687 -3.48033809661865 -2.81993198394775 -1.09026777744293
1.04679417610168 1.45990538597107 1.76675009727478 1.97135138511658 2.29544043540955 3.19464826583862 0.615824222564697 0.105731211602688 0.490434318780899 0.714755892753601 0.616700053215027 0.434987276792526 0.22719518840313 -0.552608907222748 -1.49866950511932 -2.14251971244812 -2.17124223709106 -1.95121586322784 -1.33206403255463 -0.794130742549896 0.264506757259369 1.46727919578552 2.90529203414917 4.11191272735596 5.40270853042603 4.67997789382935 3.66918063163757 2.30094575881958 0.263534158468246 0.465071022510529 -0.405487895011902 -0.97992730140686 -0.870153844356537 -1.58638405799866 -2.62540864944458 -2.69344162940979 -2.79508018493652 -3.05454134941101 -3.33307147026062 -3.57586860656738 -3.46683025360107 -3.57621121406555 -3.71048140525818 -3.42524528503418 -2.0474100112915
1.11615753173828 1.45888066291809 1.73086535930634 1.91022205352783 2.19545125961304 2.6856153011322 6.62808322906494 1.63492202758789 0.385519474744797 0.442350000143051 0.0400203503668308 -0.344915837049484 -0.784600377082825 -1.53004121780396 -2.31564378738403 -2.58778810501099 -2.56191825866699 -2.22809624671936 -1.74109673500061 -1.21108341217041 -0.161231070756912 1.09617078304291 2.25193881988525 3.72079277038574 4.76807308197021 5.16168928146362 3.9166567325592 4.74053335189819 4.71491765975952 0.961327195167542 -0.0627557560801506 -1.07937681674957 -1.11421859264374 -2.20882654190063 -2.72655272483826 -2.82566809654236 -2.9665732383728 -3.4577100276947 -3.59656119346619 -3.73176503181458 -3.72806429862976 -3.7062840461731 -3.82747316360474 -3.79431676864624 -2.76166176795959
0.992099940776825 1.40383517742157 1.67462253570557 1.86851298809052 2.16963958740234 2.51420712471008 12.4765634536743 9.93280410766602 2.76018261909485 0.61491197347641 -0.0690374150872231 -0.821342289447784 -1.55258405208588 -2.44745516777039 -2.57327890396118 -2.73200583457947 -2.75795483589172 -2.47525358200073 -2.07573294639587 -1.4247533082962 -0.484873801469803 0.688988447189331 1.81830513477325 3.1683075428009 4.27074003219604 4.55602645874023 6.25687074661255 9.70380210876465 13.0340604782104 6.41102743148804 1.74869561195374 -1.16530454158783 -1.71268332004547 -2.67704224586487 -2.82313013076782 -2.94247579574585 -3.16810488700867 -3.61974930763245 -3.80394721031189 -3.87462544441223 -3.87143540382385 -3.8249397277832 -3.84924817085266 -2.55590867996216 -0.128270745277405
0.956159055233002 1.34720242023468 1.61062705516815 1.78215074539185 2.04631996154785 2.39151906967163 13.0703840255737 19.5278415679932 9.84283828735352 3.5423150062561 2.70866370201111 1.00150430202484 -1.88891768455505 -2.59361886978149 -2.70261907577515 -2.81135988235474 -2.79008007049561 -2.62825536727905 -2.50641870498657 -2.01453280448914 -1.02024042606354 0.195632934570312 1.29234135150909 2.80747222900391 4.25550317764282 6.10067796707153 11.330096244812 13.9012451171875 11.8203163146973 8.16640090942383 2.63917469978333 0.896348237991333 -0.878184258937836 -2.69441294670105 -2.87283182144165 -3.02995228767395 -3.30142498016357 1.16061818599701 -3.05290675163269 -3.94516181945801 -3.93575429916382 -3.89400768280029 -3.6206374168396 7.8259015083313 -2.11617732048035
0.928550004959106 1.29641544818878 1.55446553230286 1.70196712017059 1.94789659976959 2.31444549560547 9.99804878234863 18.7272338867188 20.7694854736328 11.5446863174438 4.36887216567993 0.693585515022278 3.47113847732544 3.65021562576294 2.00594425201416 3.20125293731689 1.93193781375885 -2.67261624336243 -2.60519933700562 -2.38336777687073 -1.56810975074768 -0.432073771953583 1.07663547992706 2.5701220035553 4.73117160797119 6.27547025680542 9.29456424713135 10.3441972732544 9.46073627471924 6.3413553237915 3.83030915260315 3.09246253967285 0.775862038135529 -2.75771236419678 -3.04688048362732 -3.21686434745789 -3.45790219306946 -2.71659636497498 -3.33198022842407 -0.709784269332886 -0.664110541343689 -4.02439975738525 -3.06072568893433 3.83506894111633 -2.80497145652771
0.896023631095886 1.24634683132172 1.49497056007385 1.62709927558899 1.85179138183594 2.24946117401123 8.89630031585693 15.4702482223511 19.0627346038818 18.2069396972656 10.906590461731 7.3327808380127 11.5660333633423 12.3565807342529 11.6416387557983 12.6777782440186 9.3068962097168 7.75681686401367 6.34726524353027 2.44386124610901 -0.191326543688774 -0.209904432296753 1.06183314323425 3.1742889881134 5.4755072593689 5.78922986984253 7.434401512146 8.28271389007568 7.82665252685547 5.07353544235229 2.58076596260071 1.23304128646851 0.0228401515632868 -1.33948385715485 -3.21889066696167 -3.48230218887329 -3.62841320037842 -3.69629788398743 -0.381774604320526 2.70165801048279 5.9907431602478 8.86604404449463 7.88440227508545 8.74491405487061 0.0571276843547821
0.854666888713837 1.19305562973022 1.39533948898315 1.53735709190369 1.76282894611359 2.13272142410278 7.66964530944824 13.3561162948608 16.5990333557129 15.8814506530762 17.3855667114258 17.9795112609863 14.2039270401001 16.436767578125 18.0484962463379 15.0294075012207 15.9107532501221 15.5573263168335 15.0429124832153 11.2824144363403 4.59606838226318 3.80569362640381 2.52425146102905 2.80027008056641 4.3034462928772 5.35070657730103 6.6033763885498 6.75801038742065 6.50253295898438 4.51418828964233 2.17834711074829 1.00551915168762 -0.260328590869904 1.63623225688934 1.93854188919067 -2.03686022758484 -0.707544326782227 3.09472370147705 6.14718914031982 6.78566217422485 8.49536418914795 15.7102327346802 13.1925535202026 7.51877641677856 2.71250748634338
0.80241584777832 1.09091305732727 1.28350472450256 1.42284762859344 1.68434834480286 2.04010915756226 6.57059717178345 11.6210060119629 14.5263662338257 14.9355182647705 14.8823232650757 16.7082405090332 16.3870525360107 15.1982040405273 17.5847244262695 19.0888996124268 16.6814823150635 15.3755197525024 14.8181571960449 12.2962942123413 8.62934017181396 6.84667205810547 2.62448000907898 3.06708669662476 4.21104907989502 5.4676833152771 6.16533279418945 6.09103012084961 5.53541135787964 3.89464330673218 2.06774759292603 1.28705561161041 1.3047776222229 1.56827044487 1.78106725215912 6.26572513580322 7.13774013519287 8.72566986083984 8.28051376342773 9.40531158447266 10.2759809494019 13.8717384338379 13.1321706771851 7.79715490341187 4.15224599838257
