slauniainen/Data/DEM/Vihti_dem1500b_cl_horizonAngle_198.asc
NCOLS 196 
NROWS 178 
XLLCORNER 353680 
YLLCORNER 6699024 
CELLSIZE 16 
NODATA_value -3.4e+38 
[rows 60 to 79 of 178, columns 0 to 44 of 196]
0.724726378917694 0.848821103572845 1.83959817886353 1.14861702919006 1.48234236240387 1.49895370006561 1.39365255832672 0.870902121067047 0.588880896568298 0.847168564796448 0.616619348526001 3.54049158096313 3.77358222007751 1.68300712108612 1.9595912694931 2.72932982444763 3.98664546012878 2.95244812965393 3.58290672302246 2.63139128684998 0.983121514320374 -0.532680690288544 -0.820743024349213 -0.871149718761444 -1.08077418804169 -1.38436722755432 6.27358102798462 10.9647636413574 12.9051475524902 7.57563257217407 3.96694946289062 1.96146821975708 1.38409733772278 0.722432851791382 0.0973065122961998 -0.13542865216732 -0.178881093859673 -0.26118066906929 -0.287050753831863 -0.251886278390884 -0.233325257897377 -0.267057985067368 -0.431795835494995 -0.654615521430969 -0.578183472156525
1.45424473285675 0.879126608371735 1.3275238275528 1.91067886352539 1.71688413619995 1.85391879081726 2.12605381011963 2.39764881134033 0.78870040178299 0.896211624145508 2.59808826446533 1.15516996383667 0.619856178760529 1.58754432201385 3.17133378982544 3.6778666973114 4.6922779083252 3.00338006019592 1.710129737854 1.4749675989151 2.11422657966614 -0.282248467206955 -0.7130446434021 -0.811283707618713 -0.94241851568222 -1.2361147403717 -1.01044905185699 9.78406715393066 10.4255847930908 9.87161350250244 5.46186494827271 3.21865081787109 2.22492337226868 1.50015151500702 0.369437009096146 -0.0303061213344336 -0.0522043332457542 -0.00655594980344176 0.00453334348276258 0.00590427638962865 0.00699354195967317 -0.0775517225265503 -0.199183225631714 -0.403546571731567 -0.455866247415543
1.68995428085327 1.39853131771088 1.67642855644226 2.67734146118164 3.35659408569336 3.92987251281738 2.22436237335205 0.710826873779297 0.739182233810425 1.98272240161896 1.10090470314026 0.183298423886299 1.58776271343231 3.55057525634766 5.62797784805298 3.93059897422791 6.18571281433105 4.01759004592896 2.83550357818604 0.491807371377945 0.961791515350342 -0.109856627881527 -0.627833604812622 -0.748613178730011 -0.791457176208496 -0.969362199306488 -1.26960742473602 -1.29068744182587 7.66491460800171 5.11236381530762 4.17327976226807 2.3683545589447 1.77118051052094 1.50255072116852 0.604162156581879 0.115960903465748 0.160431414842606 0.219165682792664 0.261883318424225 0.210606902837753 0.20481850206852 0.167906671762466 0.0259242970496416 -0.128683298826218 -0.263556689023972
0.350712180137634 1.62594068050385 1.11730456352234 0.716230988502502 0.960152745246887 0.618305146694183 0.952085554599762 1.43710267543793 0.743430495262146 0.370840221643448 0.417033195495605 0.658128678798676 1.05387496948242 0.67455929517746 2.72589182853699 11.1979818344116 5.93382692337036 4.30316066741943 1.7595454454422 0.597282409667969 -0.375308901071548 -0.483214497566223 -0.516481816768646 -0.61003452539444 -0.691754102706909 -0.741424798965454 -0.932711660861969 -1.19192445278168 -1.13896095752716 -0.530649542808533 0.496859550476074 1.477215051651 0.929565668106079 0.577181100845337 0.350267380475998 0.232719898223877 0.34939980506897 0.419667273759842 0.460973143577576 0.436292678117752 0.38321590423584 0.359593838453293 0.261645615100861 0.111855909228325 -0.0152390385046601
0.168582960963249 0.258501052856445 0.935229361057281 0.79395866394043 0.633009850978851 1.41999244689941 1.99791860580444 2.01824808120728 1.24526512622833 0.400804847478867 0.731698274612427 1.08409607410431 0.762747943401337 2.56509733200073 4.56737422943115 2.20894932746887 5.77825927734375 4.19940996170044 2.46556639671326 0.826949238777161 -0.325936675071716 -0.418461054563522 -0.419600933790207 -0.488548189401627 -0.604922592639923 -0.601567804813385 -0.66605269908905 -0.846230983734131 -0.944391250610352 -0.865403711795807 -0.533258438110352 0.123984128236771 0.581438720226288 0.3730229139328 0.184121742844582 0.384226590394974 0.560261070728302 0.62899124622345 0.627764046192169 0.655623376369476 0.566991865634918 0.532746613025665 0.462102383375168 0.320089876651764 0.210497230291367
0.252980589866638 0.274812191724777 0.20930840075016 0.247155696153641 1.03612232208252 1.2729104757309 2.49657416343689 2.44621181488037 1.75318837165833 1.3344954252243 1.02559494972229 1.25443315505981 0.924603402614594 -0.421813488006592 -0.48214453458786 -0.369368493556976 -0.0174989439547062 2.68723726272583 1.69070494174957 1.93260359764099 0.501453220844269 -0.310142695903778 -0.328309774398804 -0.340514302253723 -0.458670228719711 -0.473168760538101 -0.529731810092926 -0.641752123832703 -0.745579481124878 -0.732332587242126 -0.724047660827637 -0.447440207004547 0.374354630708694 0.665587782859802 0.83215457201004 0.656418263912201 0.716025292873383 0.783191919326782 0.783688843250275 0.806841254234314 0.761722266674042 0.71768045425415 0.63622510433197 0.514716625213623 0.394223093986511
0.404124200344086 0.781106650829315 0.22000515460968 0.386173039674759 0.738712310791016 1.00192761421204 2.29408574104309 2.78242421150208 1.98900389671326 1.8570841550827 1.93157052993774 1.47476983070374 1.2741893529892 0.224390417337418 0.0627924576401711 -0.22584930062294 -0.275528311729431 -0.39951965212822 1.34293806552887 -0.0810983404517174 -0.277247428894043 -0.27439934015274 -0.283721655607224 -0.309398323297501 -0.34526589512825 -0.385065317153931 -0.446160882711411 -0.518382966518402 -0.582570254802704 -0.614521145820618 -0.631218016147614 -0.563671350479126 -0.29394319653511 0.748750627040863 1.01236915588379 1.01787781715393 0.898618042469025 0.920831203460693 0.94153881072998 0.940480530261993 0.933774888515472 0.915120005607605 0.797979712486267 0.711526572704315 0.612964332103729
0.510651350021362 0.358955770730972 0.275808990001678 0.16090515255928 0.0766204968094826 0.0452202819287777 0.566887199878693 2.43552994728088 2.28653001785278 2.2986798286438 2.62616920471191 2.67394828796387 1.38080656528473 0.754173278808594 1.98029375076294 -0.171029046177864 -0.168103143572807 -0.333759635686874 -0.439292520284653 -0.304040938615799 -0.27139750123024 -0.236620187759399 -0.254868298768997 -0.293271780014038 -0.28119945526123 -0.29920020699501 -0.381584018468857 -0.441815137863159 -0.477853983640671 -0.531619131565094 -0.560801565647125 -0.533288538455963 -0.397594690322876 0.196023344993591 0.699665665626526 1.0180732011795 1.02497553825378 1.02115762233734 1.07069098949432 1.09348058700562 1.12261736392975 1.12430560588837 0.983235597610474 0.886646509170532 0.850141704082489
0.538796842098236 0.489073395729065 0.353858947753906 0.23303197324276 0.145370647311211 0.0470269396901131 -0.0214139223098755 0.87115079164505 3.32375717163086 3.6863899230957 3.14486408233643 3.00808000564575 3.2162458896637 2.53608560562134 -0.165334969758987 -0.136051386594772 -0.0813961923122406 -0.141051486134529 -0.313078582286835 -0.275022774934769 -0.155545935034752 -0.233212932944298 -0.183012306690216 -0.216387271881104 -0.276703894138336 -0.256976157426834 -0.306357592344284 -0.384335547685623 -0.407031774520874 -0.446469575166702 -0.482691526412964 -0.476089328527451 -0.0101869609206915 0.329619318246841 0.755753993988037 0.957316875457764 1.12077176570892 1.14671969413757 1.21196174621582 1.29373180866241 1.34305465221405 1.27433693408966 1.21241772174835 1.12277817726135 1.04684352874756
0.796265721321106 0.674316883087158 0.465476989746094 0.308974385261536 0.184108689427376 0.100473389029503 -0.000331890769302845 -0.0432624109089375 1.36860513687134 4.12374925613403 4.14647102355957 3.13216137886047 1.9124391078949 -0.371949821710587 -0.0805971547961235 0.00566647574305534 -0.0759026929736137 -0.0407591834664345 -0.139727637171745 -0.15704981982708 -0.0919157117605209 -0.131340950727463 -0.126916572451591 -0.184592008590698 -0.204964891076088 -0.22746542096138 -0.260735839605331 -0.307655334472656 -0.348863154649734 -0.374688416719437 -0.407204568386078 -0.427225291728973 0.315654724836349 0.540333688259125 0.927291750907898 1.10677909851074 1.18919932842255 1.28219091892242 1.44044196605682 1.57718884944916 1.67902266979218 1.52138483524323 1.42596054077148 1.3534848690033 1.21222305297852
1.06051170825958 0.829087674617767 0.609995543956757 0.460852444171906 0.302683532238007 0.184294492006302 0.00698410300537944 -0.179728105664253 -0.189031630754471 3.05369687080383 5.29132080078125 2.45362687110901 -0.449596047401428 -0.262134313583374 0.112468205392361 0.187561258673668 0.0549342297017574 -0.0823033526539803 -0.0524634532630444 -0.0626734346151352 0.0624845996499062 -0.0410819239914417 -0.0453234538435936 -0.139068081974983 -0.0996019840240479 -0.18584206700325 -0.247560426592827 -0.266658782958984 -0.305100202560425 -0.332200020551682 -0.372790694236755 0.350885719060898 0.7814621925354 1.03553140163422 1.17381107807159 1.51886487007141 1.62430894374847 2.80055856704712 4.97853851318359 3.56016874313354 2.03357219696045 1.97803294658661 1.44603300094604 1.37824881076813 1.27691042423248
1.32909190654755 1.07352471351624 0.804089248180389 0.675959706306458 0.377879679203033 0.24286150932312 0.0156547930091619 -0.261581897735596 -0.286232441663742 -0.528578519821167 0.489330172538757 -0.470833986997604 -0.0278941802680492 0.195824161171913 0.269964158535004 0.225964933633804 0.125451281666756 0.00474064238369465 -0.0347896292805672 0.0460629835724831 0.181751996278763 0.26685357093811 -0.0709580034017563 -0.0599626637995243 -0.0802822634577751 -0.146742969751358 -0.227568849921227 -0.260211616754532 -0.288805812597275 -0.325956672430038 0.178487583994865 1.2578192949295 1.66396903991699 2.10155987739563 2.17952656745911 2.36991047859192 6.1677680015564 3.89354181289673 1.61524832248688 1.71505379676819 1.58414268493652 1.67522525787354 1.61689174175262 1.40873682498932 1.34912073612213
1.6553156375885 1.33176624774933 0.929291546344757 0.760459959506989 0.509050846099854 0.27943879365921 -0.00375735410489142 -0.242680341005325 -0.276723146438599 -0.462335139513016 -0.608686327934265 -0.396848231554031 0.667780697345734 0.839221298694611 0.331184476613998 0.233707174658775 0.223162293434143 0.07734365016222 -0.0411631278693676 0.163560196757317 0.189278051257133 0.269267857074738 0.160301551222801 0.0133812725543976 -0.0911521166563034 -0.147819593548775 -0.193747937679291 -0.24118085205555 -0.276968151330948 -0.212976858019829 0.663822829723358 2.51306056976318 4.7560977935791 5.54825782775879 7.49060583114624 2.88765144348145 1.62891912460327 1.54978692531586 1.65367496013641 1.69151437282562 1.65173995494843 1.62632417678833 1.78534662723541 1.53121364116669 1.43702638149261
1.82901298999786 1.64235067367554 1.21572816371918 0.869414985179901 0.662706315517426 0.282440751791 0.0493520796298981 -0.0816883072257042 -0.192791536450386 -0.30902311205864 -0.464050054550171 -0.285228133201599 -0.0653900876641273 0.453524529933929 0.582110643386841 0.34006604552269 0.223112612962723 0.124136343598366 0.0138041647151113 0.206612378358841 0.288146466016769 0.20996105670929 0.237912848591805 0.140286654233932 -0.0121953459456563 -0.0998947769403458 -0.145505502820015 -0.186890482902527 0.290343523025513 2.98551654815674 12.4379186630249 12.9168090820312 8.93864345550537 7.29050159454346 3.70833253860474 2.19743680953979 1.66656243801117 1.68171262741089 1.85036098957062 1.85459494590759 1.81334912776947 1.71556627750397 1.83278906345367 1.6268618106842 1.51264595985413
2.06430101394653 1.93246221542358 1.34391689300537 0.821335732936859 0.792235612869263 0.488418281078339 0.0959170833230019 0.0414869412779808 -0.0663509517908096 -0.210288941860199 -0.376049757003784 -0.121272787451744 0.245003551244736 1.12545669078827 1.08882939815521 0.459241539239883 0.272321343421936 0.213187173008919 0.175194725394249 0.237145602703094 0.32196843624115 0.219644457101822 0.269913226366043 0.241516932845116 0.0984876826405525 0.00117239123210311 0.614263713359833 4.24546766281128 6.21654891967773 5.6827244758606 1.87264883518219 1.17163753509521 0.993911385536194 2.21849727630615 2.14131355285645 1.91856575012207 1.8028290271759 1.94943821430206 2.13271808624268 1.86869597434998 1.94047117233276 1.88373124599457 1.88959324359894 1.75086402893066 1.62299835681915
2.24662160873413 2.17523550987244 1.66216742992401 1.17050111293793 0.858598589897156 0.623796224594116 0.216169953346252 0.16605743765831 0.0295587293803692 -0.155092462897301 -0.296697229146957 -0.057871088385582 0.330250591039658 0.37932625412941 0.392499983310699 0.488952934741974 0.373192489147186 0.22667071223259 0.303747564554214 0.232092842459679 0.419830799102783 0.258764058351517 0.279134631156921 0.296906352043152 0.377199709415436 2.2436351776123 4.3480110168457 2.28306579589844 1.35346436500549 -0.395896792411804 -0.52103191614151 -0.201107263565063 0.0495325177907944 1.4953625202179 1.96790993213654 2.06736493110657 2.06201863288879 2.39986157417297 2.22642374038696 2.11887168884277 2.01608824729919 2.07109332084656 1.96895945072174 1.90873336791992 1.73660147190094
2.66640973091125 2.68317532539368 1.83468627929688 1.49383366107941 0.926507174968719 0.798533141613007 0.360541611909866 0.276110261678696 0.161492079496384 -0.0931496173143387 0.0361662916839123 0.139518171548843 0.423620134592056 0.440631031990051 0.465425938367844 0.367522776126862 0.402978956699371 0.26944774389267 0.3422591984272 0.460959106683731 0.350986957550049 0.305569857358932 0.285346031188965 0.41170945763588 1.14192545413971 2.16471314430237 0.705891668796539 0.372376680374146 0.501760184764862 -0.390406578779221 -0.504689455032349 -0.554665982723236 0.344196408987045 0.928073227405548 1.88800024986267 2.07347226142883 2.32935523986816 3.11477184295654 2.52435708045959 2.44308304786682 2.25122737884521 2.13785004615784 2.06315755844116 2.09476447105408 1.81531572341919
2.43981146812439 2.18979501724243 1.82547438144684 1.36125957965851 1.15977573394775 0.817552328109741 0.480176031589508 0.397841960191727 0.289510846138 0.131766349077225 0.285938709974289 0.594843804836273 0.592672348022461 0.632212996482849 0.56936103105545 0.454440623521805 0.342488616704941 0.286096423864365 0.451334059238434 0.557944595813751 0.337752819061279 0.347724705934525 0.489869624376297 1.41724967956543 1.82958173751831 0.101530820131302 -0.0342907831072807 -0.147996217012405 0.273041576147079 -0.0360224135220051 0.132314190268517 0.856783390045166 0.426127642393112 0.644046068191528 1.54728996753693 2.05092215538025 3.22071218490601 3.48854637145996 2.95499753952026 2.53617525100708 2.52050113677979 2.83188366889954 2.20539140701294 2.23523807525635 2.1788809299469
2.81445646286011 2.59001851081848 2.07665729522705 1.48659241199493 1.24622452259064 0.828770577907562 0.545576274394989 0.520994186401367 0.408330112695694 0.257274985313416 0.345959067344666 0.713232159614563 0.755332767963409 0.586859166622162 0.595173418521881 0.595420777797699 0.282485902309418 0.470140486955643 0.549222648143768 0.591654062271118 0.367775768041611 0.346487134695053 1.21822893619537 2.64321374893188 0.239314779639244 0.110046535730362 0.00962766166776419 -0.134866505861282 -0.281563133001328 -0.385307163000107 -0.492793351411819 -0.570286273956299 -0.360916078090668 0.575123608112335 1.31935930252075 2.33307695388794 2.34713745117188 2.97072911262512 2.96700644493103 2.92646980285645 3.72770309448242 2.96448159217834 2.88557696342468 2.24706244468689 2.37257862091064
3.18430280685425 2.90047979354858 2.25307393074036 1.6792243719101 1.2986433506012 0.911233425140381 0.61127907037735 0.618917286396027 0.397901833057404 0.388008087873459 0.443581223487854 0.792252838611603 0.832323789596558 0.65403014421463 0.490682452917099 0.457199662923813 1.61300718784332 0.945964217185974 0.615370273590088 0.44816118478775 0.372333496809006 0.454922020435333 0.796963393688202 2.69487619400024 0.179361447691917 0.0923688560724258 0.0246397983282804 -0.0907788872718811 -0.239468812942505 -0.288982838392258 -0.476506024599075 -0.55189037322998 0.297042280435562 0.421046257019043 1.01879286766052 1.01496922969818 1.14758276939392 2.69815564155579 3.18952822685242 2.9327335357666 2.14377522468567 2.31725597381592 2.59131336212158 2.6614727973938 2.39710211753845
