slauniainen/Data/DEM/Vihti_dsm1500b_cl_horizonAngle_6.asc
NCOLS 196 
NROWS 178 
XLLCORNER 353680 
YLLCORNER 6699024 
CELLSIZE 16 
NODATA_value -3.4e+38 
[rows 80 to 99 of 178, columns 90 to 134 of 196]
9.49731636047363 8.86619281768799 0.920331418514252 1.12257599830627 7.19583129882812 18.9904289245605 9.74507141113281 17.1718444824219 21.2044277191162 21.7995872497559 25.7356662750244 23.9648532867432 29.4586887359619 27.5886096954346 20.2901172637939 18.8307571411133 20.540922164917 29.2962474822998 23.6691818237305 22.0853824615479 7.97448492050171 4.87990140914917 5.43142652511597 25.3623294830322 13.5681667327881 13.2400760650635 8.04344940185547 8.76325416564941 25.8234596252441 6.2386589050293 7.12825870513916 9.37798023223877 8.99019527435303 17.7204418182373 8.2716817855835 20.187219619751 25.3958930969238 15.193247795105 11.4840145111084 7.79772329330444 8.298903465271 10.9440326690674 13.5447177886963 10.1159019470215 5.5039324760437
17.3341579437256 18.3587474822998 17.962308883667 7.74414539337158 1.53015828132629 6.15702629089355 9.38567924499512 13.6981220245361 18.1211071014404 16.9378490447998 14.4031343460083 10.3379545211792 23.9251594543457 24.1420745849609 17.773250579834 15.5362710952759 10.4915342330933 7.61498594284058 11.1300926208496 7.15635299682617 4.34928464889526 5.56391096115112 4.21834373474121 16.846607208252 11.5074253082275 10.4870681762695 16.3255290985107 7.27133560180664 12.4649362564087 3.51022291183472 3.15211153030396 3.30756068229675 16.8801021575928 16.8209953308105 42.1342506408691 23.6938343048096 20.124828338623 14.6778326034546 20.9464836120605 15.6637239456177 11.9153327941895 10.6356115341187 11.6608867645264 9.1588306427002 4.73032522201538
8.91951560974121 12.122462272644 14.9306783676147 12.1892166137695 1.62621855735779 7.84439754486084 7.34472370147705 7.99888944625854 15.6108493804932 11.5973987579346 19.051778793335 22.3886013031006 21.8174018859863 16.5881500244141 13.8957204818726 14.3240356445312 11.6300039291382 13.8467140197754 5.26250600814819 6.04665374755859 3.9869978427887 4.88847827911377 4.41789674758911 14.8512058258057 8.16403102874756 7.39148902893066 5.79457426071167 2.03893494606018 5.67992782592773 -0.707289040088654 -1.29248774051666 2.6836462020874 7.49812746047974 16.7810840606689 26.1641654968262 16.1487884521484 39.2244758605957 26.2152214050293 23.4837799072266 16.0614471435547 11.8285236358643 10.2659931182861 8.90285396575928 8.47576999664307 4.17982196807861
6.66262626647949 8.55240154266357 6.40156698226929 6.63156509399414 9.71440124511719 4.36607980728149 6.61034440994263 7.43728828430176 10.2809915542603 11.055380821228 8.87111473083496 25.2312545776367 18.656925201416 13.6329698562622 11.2996673583984 12.9058713912964 26.6583957672119 8.08914566040039 19.1159915924072 2.68569207191467 3.09600472450256 9.97776317596436 26.6124706268311 12.9850263595581 7.30559587478638 9.22143745422363 20.8913326263428 12.954701423645 2.99145102500916 -2.77167797088623 -2.29389023780823 -1.80936563014984 4.76757574081421 14.2142534255981 19.8178195953369 14.9075632095337 19.5007019042969 27.3264579772949 18.8514957427979 25.6589641571045 27.4817981719971 28.2556552886963 11.3053722381592 12.0332345962524 17.3139686584473
6.09882879257202 6.595627784729 4.2813458442688 3.4300696849823 3.12019777297974 4.16611289978027 5.51124572753906 6.47533798217773 8.5291919708252 7.99081707000732 17.7774410247803 12.4525852203369 17.5109157562256 13.4597244262695 9.82679748535156 9.48319721221924 10.6787071228027 34.9950180053711 9.11776924133301 34.4850578308105 34.3877143859863 9.90346908569336 18.8518123626709 12.5083198547363 17.8896255493164 8.04085826873779 3.20319533348083 5.65729379653931 2.61779975891113 -2.90101933479309 -2.31437015533447 -3.06509327888489 3.18194985389709 6.90263032913208 15.710057258606 17.0669116973877 16.323263168335 15.3058395385742 28.6211318969727 19.722354888916 19.9029541015625 22.6884613037109 23.3460083007812 14.5445594787598 12.5605173110962
5.41480731964111 3.50806140899658 1.07819402217865 1.2938973903656 3.02893257141113 4.60961866378784 8.41526794433594 19.6571445465088 8.46823501586914 22.7187328338623 8.36556148529053 11.2133588790894 11.6907196044922 11.6597328186035 9.22390937805176 26.1793632507324 9.61694431304932 9.94448280334473 21.9442291259766 31.6914138793945 31.2040348052979 26.6212844848633 22.0799083709717 12.302038192749 10.6931486129761 6.58218431472778 31.3019504547119 39.4858283996582 4.23405838012695 28.2861919403076 3.34057068824768 33.1846618652344 12.4567070007324 23.5107383728027 11.0177335739136 21.9814987182617 12.8834648132324 15.0296268463135 16.197603225708 45.8079605102539 36.3435287475586 51.0372047424316 28.0289821624756 27.0249652862549 10.5177974700928
4.63480567932129 2.7524299621582 0.780892848968506 5.01812410354614 10.2241945266724 12.4361705780029 5.77677011489868 8.91926574707031 8.22394371032715 15.8535375595093 8.13608074188232 8.68259906768799 9.54536914825439 21.0410442352295 5.76969146728516 7.54491090774536 7.28591299057007 5.97124433517456 9.1013879776001 9.9091854095459 21.21018409729 13.6350345611572 15.0581293106079 9.39666366577148 8.22916793823242 22.1335163116455 29.0201168060303 24.587043762207 41.6514434814453 41.2599792480469 38.718391418457 23.4835815429688 8.60834121704102 4.22484254837036 10.411678314209 13.2609148025513 36.3956260681152 14.985312461853 38.7634086608887 32.7607612609863 33.9472122192383 32.475456237793 34.5942573547363 10.3901290893555 8.72444629669189
3.43272542953491 15.1926136016846 0.862658739089966 4.98717451095581 2.90184187889099 8.22943115234375 5.54204082489014 5.8641185760498 7.28865194320679 11.6817893981934 7.09728813171387 7.82077836990356 9.37735080718994 9.2872428894043 5.35612773895264 5.05415439605713 3.59656715393066 4.47397947311401 3.00733184814453 2.21200180053711 12.0562973022461 3.98276853561401 9.38094139099121 8.33498382568359 7.43353986740112 9.83053112030029 21.3703727722168 18.1298770904541 20.9848480224609 30.7358684539795 43.9658203125 42.4052200317383 26.495246887207 43.6597671508789 14.321722984314 13.1253662109375 24.4691734313965 22.0527324676514 27.4705028533936 23.7248935699463 24.6782245635986 23.2834911346436 26.0426006317139 24.7644577026367 6.03616571426392
3.31023526191711 11.6437406539917 10.4786262512207 2.58254098892212 2.63644409179688 4.37416553497314 5.92494964599609 6.11960649490356 6.4273681640625 7.24946451187134 5.57737731933594 9.7322826385498 8.52032375335693 6.91614961624146 3.35565328598022 2.99305129051208 0.82996654510498 1.5512158870697 2.18571376800537 10.8030643463135 2.61536192893982 21.2349376678467 7.69018793106079 5.69773197174072 4.97555446624756 7.26945352554321 11.8695964813232 12.8054885864258 14.966609954834 21.9148216247559 30.0582218170166 23.2844200134277 22.8170280456543 15.426139831543 9.7656717300415 11.1404342651367 17.2785663604736 14.2596302032471 14.4055938720703 19.041862487793 19.5980854034424 20.9596977233887 20.9033012390137 38.8394393920898 23.2167148590088
5.96755361557007 5.30306959152222 14.9152460098267 1.15337777137756 2.54678869247437 3.98456072807312 4.72827529907227 6.19903135299683 6.74823379516602 5.90372133255005 5.20287179946899 7.30198526382446 7.31000137329102 5.14697027206421 1.82811772823334 1.48103833198547 -0.141605779528618 -0.489857524633408 0.722536444664001 1.18222558498383 2.51194143295288 3.2578866481781 4.30387783050537 6.70071029663086 8.62722301483154 13.3064546585083 10.4308738708496 3.20639276504517 13.6743106842041 21.0927753448486 21.6139488220215 15.2084655761719 21.2347564697266 30.0962429046631 9.386962890625 9.92696475982666 12.0196762084961 14.6082286834717 14.2692251205444 14.0812158584595 17.2999839782715 18.5693683624268 17.6271324157715 24.6727924346924 31.1547260284424
4.15173101425171 5.89194202423096 8.50426387786865 0.956307172775269 3.50886487960815 19.3561172485352 18.8698806762695 5.61838579177856 6.37618732452393 5.56514644622803 9.58378314971924 6.91500473022461 7.07483673095703 8.1424388885498 1.35162270069122 -0.443180531263351 -1.01555395126343 -1.47840070724487 -0.522211194038391 -0.183765068650246 1.58737218379974 3.05747127532959 3.08515119552612 5.39317321777344 16.8260059356689 11.2310619354248 8.56388473510742 33.5960121154785 9.60892581939697 14.8255558013916 13.4659147262573 17.6662769317627 17.2104167938232 17.9614658355713 7.09432649612427 9.55638885498047 8.77126598358154 13.4643774032593 12.7779998779297 9.67970561981201 15.3631343841553 16.7462615966797 15.9410963058472 20.5311317443848 26.27073097229
3.61158847808838 6.3546929359436 17.1446361541748 0.942426741123199 2.46608328819275 6.50304126739502 8.56891632080078 5.31825590133667 5.7604603767395 9.04941844940186 9.48872661590576 6.30616044998169 15.7264852523804 6.67017412185669 19.1048545837402 -0.477387130260468 -1.74174189567566 -1.60037636756897 -0.406779527664185 11.5484838485718 0.170244455337524 1.11868500709534 2.41211199760437 4.16212224960327 4.81813812255859 9.49491786956787 22.9890289306641 19.7811679840088 8.54533004760742 11.6641407012939 13.3637037277222 12.485369682312 14.8014440536499 12.2018280029297 6.36707401275635 6.43512582778931 6.42498302459717 9.23641109466553 9.15001583099365 13.7588148117065 10.2029151916504 15.2742280960083 17.3193759918213 17.3890647888184 21.0863952636719
1.49914395809174 7.6642484664917 6.78998136520386 26.0470676422119 14.9029111862183 10.5369834899902 6.48263072967529 12.0511350631714 5.46806049346924 4.79966592788696 6.54137516021729 8.75638484954834 8.6519193649292 3.75880742073059 10.0976829528809 -0.3951775431633 1.14984726905823 -1.92199242115021 -1.42116951942444 -0.615549981594086 0.128949880599976 3.77771425247192 2.64786076545715 5.25161457061768 4.76229619979858 7.89381456375122 11.5125999450684 12.6476373672485 30.2587337493896 18.1324901580811 13.1309394836426 10.7551393508911 13.8850126266479 9.86316776275635 5.42000102996826 4.741943359375 5.65759658813477 8.16746807098389 40.1349182128906 19.783784866333 33.5815200805664 14.1258754730225 15.4794893264771 17.7365283966064 17.1421127319336
16.3519458770752 5.99915838241577 4.89579391479492 19.5359878540039 9.55895900726318 5.42047882080078 9.05685234069824 14.1526203155518 5.05677938461304 4.11153268814087 9.2179479598999 6.08872175216675 6.44028854370117 21.6532649993896 6.65782928466797 9.68556499481201 0.796804964542389 0.857430696487427 -1.46044361591339 4.52120447158813 2.14491176605225 0.668546080589294 10.6115474700928 4.10964059829712 4.13105249404907 6.41504335403442 5.93666839599609 14.4592580795288 13.8243789672852 11.5856428146362 12.6249465942383 12.1664562225342 11.9103364944458 6.09183692932129 15.5374460220337 5.10650634765625 6.08214807510376 7.12182188034058 7.72658538818359 22.5416030883789 9.95991706848145 13.0584535598755 13.7600555419922 15.7504653930664 14.3430032730103
9.39123916625977 5.15204334259033 18.0906600952148 17.5339756011963 26.9043445587158 27.02197265625 23.2379913330078 8.42395782470703 21.0582370758057 3.95069575309753 5.63658714294434 5.26691246032715 8.06314277648926 10.1043424606323 12.9207315444946 9.16260433197021 -1.76648843288422 -1.87029361724854 -1.63686943054199 -0.643454551696777 -0.446201890707016 9.31882095336914 10.0869398117065 3.65807223320007 3.82255125045776 4.25351142883301 8.68670272827148 5.97515916824341 11.3243570327759 12.5308675765991 12.4517498016357 9.9645414352417 10.3416633605957 5.21106004714966 4.47190141677856 9.23338890075684 5.34881448745728 6.25470638275146 7.63363742828369 8.13880252838135 29.8483867645264 11.9481830596924 11.9159078598022 13.2860193252563 12.1839361190796
6.92577409744263 16.6402606964111 6.87678480148315 12.8609256744385 17.0684146881104 17.0124225616455 12.3019723892212 18.1976280212402 11.6046981811523 3.9262535572052 4.43458032608032 20.1326808929443 7.73150157928467 13.8451976776123 23.3822975158691 4.70137643814087 11.830638885498 11.3061237335205 11.0457143783569 -0.525378286838531 14.2872457504272 0.432409137487411 2.28732538223267 2.51468253135681 3.65755105018616 11.2416667938232 8.02988052368164 8.4536247253418 14.4832258224487 12.0215511322021 11.4753923416138 5.80467939376831 8.77795028686523 5.1053638458252 7.06947088241577 4.0517258644104 18.5747528076172 15.7709112167358 6.94133806228638 7.60273170471191 8.00776672363281 9.0433235168457 10.4547758102417 11.4900779724121 10.4534721374512
14.5629138946533 8.22348403930664 17.2492771148682 10.0948619842529 11.503529548645 11.5757436752319 10.7392807006836 11.7618932723999 10.9589395523071 15.9516630172729 11.3973903656006 5.1380672454834 8.07909488677979 12.6467399597168 14.7512941360474 22.4041481018066 9.26519966125488 11.8007411956787 3.76127576828003 3.21497392654419 2.04558634757996 16.0274505615234 0.932058334350586 2.4407958984375 2.77344059944153 3.71238708496094 5.31390190124512 7.60252523422241 7.32651805877686 7.90484714508057 9.05121421813965 26.397123336792 5.29880285263062 3.95843076705933 4.27141761779785 3.77335214614868 16.3325099945068 6.21402359008789 6.56158018112183 7.08643674850464 9.28443336486816 23.8664569854736 9.70542430877686 10.2479209899902 9.39144134521484
2.14433813095093 5.04403924942017 9.0064058303833 8.48966312408447 7.89029932022095 8.26566123962402 9.00622749328613 10.4942378997803 18.3683280944824 11.9886922836304 9.63225841522217 4.84097003936768 8.44601631164551 9.36566066741943 15.5386419296265 24.3711853027344 32.1708488464355 9.13811779022217 15.453727722168 13.7747011184692 13.9088649749756 4.78238248825073 13.435474395752 2.09745979309082 2.69985556602478 4.6425199508667 6.72322511672974 1.69828486442566 5.96332454681396 7.28863143920898 7.02629804611206 4.14614009857178 3.90317797660828 3.62397599220276 3.24865770339966 3.65701270103455 4.40038824081421 6.06853437423706 5.69061517715454 6.86750316619873 7.36719989776611 5.89971780776978 8.85284328460693 9.37815952301025 8.59182834625244
19.533031463623 4.56362771987915 8.1369161605835 7.05803251266479 5.66140031814575 5.89449977874756 7.79993534088135 10.9209642410278 11.0528326034546 7.58078098297119 9.27553749084473 5.10015869140625 6.14485883712769 9.88482856750488 17.4896697998047 22.2978191375732 14.976674079895 20.8340892791748 33.4541969299316 35.6972045898438 30.7005863189697 18.8762359619141 10.3782796859741 24.6783180236816 2.14657878875732 3.05983853340149 3.5486114025116 18.8568286895752 7.80960607528687 7.04890584945679 7.85016441345215 5.79581022262573 14.2184619903564 11.0392713546753 4.85158634185791 3.42394423484802 11.2345705032349 5.78199100494385 14.479419708252 6.46327638626099 7.1253662109375 13.1786556243896 5.54021739959717 8.67966556549072 8.10891437530518
9.21686935424805 4.18587875366211 6.4333815574646 5.902512550354 5.03123617172241 5.23791790008545 6.08286905288696 8.1839714050293 10.778525352478 5.52649545669556 5.94878578186035 11.7177791595459 4.50032758712769 23.0142669677734 10.825044631958 23.7413921356201 35.6421813964844 26.02587890625 32.591121673584 31.1265449523926 25.2879257202148 25.8708057403564 29.0694828033447 16.4928302764893 9.10926628112793 2.28171253204346 2.35107350349426 10.0913429260254 15.869158744812 24.5602855682373 30.1335868835449 39.7154769897461 14.9331045150757 14.3144330978394 8.1533670425415 15.8305625915527 18.1334095001221 16.4427795410156 6.60643482208252 5.95820093154907 6.70634317398071 12.6292114257812 4.00556135177612 4.67665576934814 7.59085893630981
