slauniainen/Data/DEM/Vihti_dem1500b_cl_horizonAngle_174.asc
NCOLS 196 
NROWS 178 
XLLCORNER 353680 
YLLCORNER 6699024 
CELLSIZE 16 
NODATA_value -3.4e+38 
[rows 140 to 159 of 178, columns 135 to 179 of 196]
-0.97005033493042 -0.464762389659882 2.28680276870728 5.25386190414429 5.24189424514771 1.36897385120392 -1.63361501693726 -1.27552235126495 -1.2232654094696 -1.34310483932495 -1.2961847782135 -1.52305603027344 -1.37233400344849 -1.10337913036346 -0.709082543849945 -0.252736628055573 -0.160259261727333 -0.442622244358063 -0.615470707416534 -0.721094906330109 -0.801573812961578 -0.70246034860611 -0.292105734348297 -0.171986520290375 -0.0406659096479416 0.227576121687889 0.144455686211586 0.243966519832611 0.496149212121964 0.830315828323364 1.171994805336 1.02437090873718 0.918503820896149 0.692703068256378 0.477757394313812 0.541918814182281 0.611387550830841 1.46994388103485 1.19579303264618 1.12117147445679 1.14461886882782 1.05729043483734 1.0935138463974 5.21493577957153 8.26429080963135
-0.866350650787354 0.91522216796875 3.82689118385315 5.87478923797607 3.55559659004211 -0.634683012962341 -1.49072432518005 -1.15695774555206 -1.11768519878387 -1.215576171875 -1.21041214466095 -1.30260276794434 -1.11469912528992 -0.771561741828918 -0.339245200157166 -0.0686145573854446 0.0535331703722477 -0.18287393450737 -0.416287153959274 -0.582423627376556 -0.616968214511871 -0.352369040250778 0.0453126467764378 0.378301680088043 0.56496798992157 0.809278547763824 0.776699304580688 0.676736414432526 0.751304745674133 1.01215481758118 1.32348930835724 1.22687244415283 1.1772837638855 0.797131896018982 0.508029043674469 0.560676872730255 0.675572395324707 1.0434901714325 1.28642094135284 1.22303533554077 1.23563945293427 1.15931856632233 3.28698325157166 7.50020694732666 10.1737670898438
-1.56201231479645 3.29605102539062 5.80665397644043 6.89471483230591 4.76008749008179 1.42337810993195 -1.34219133853912 -0.919722199440002 -0.99004864692688 -1.12390220165253 -1.16985058784485 -0.954305410385132 -0.820541560649872 -0.486936628818512 0.0588940978050232 0.101395398378372 0.212179034948349 0.0326142385601997 -0.178074598312378 -0.277635365724564 -0.255950421094894 -0.0453395880758762 0.379980683326721 0.679953157901764 3.77539134025574 4.0400824546814 1.55057513713837 0.929057359695435 2.13216519355774 2.26976776123047 1.51014053821564 1.4763560295105 1.54732632637024 1.27163171768188 0.882294356822968 0.791671752929688 1.01635265350342 1.25105714797974 1.41593778133392 1.32682549953461 1.30702996253967 1.31369841098785 2.08507347106934 4.57025194168091 12.3510284423828
-1.6120274066925 5.06769418716431 6.40117931365967 8.36985206604004 6.18610382080078 2.93416786193848 -1.22832417488098 -0.76561826467514 -0.829475700855255 -0.864970147609711 -0.970543563365936 -0.743616104125977 -0.513891041278839 -0.245421215891838 0.356890022754669 0.419665455818176 0.442910343408585 0.416002541780472 0.258239388465881 0.163093894720078 0.14168493449688 0.232652842998505 0.656740307807922 0.82227087020874 6.76847457885742 7.98385763168335 3.02059531211853 1.00945365428925 0.777390122413635 1.08363354206085 1.64232957363129 1.66170120239258 1.81158423423767 1.79654407501221 1.561847448349 1.34668111801147 1.34713912010193 1.69880712032318 1.67691218852997 1.44259512424469 1.37552273273468 1.33024442195892 1.09923684597015 0.863086760044098 5.90087652206421
-0.213620007038116 -0.636301577091217 3.11098623275757 6.11804628372192 6.47738981246948 4.17291402816772 -1.17005360126495 -0.782347083091736 -0.59693443775177 -0.633423984050751 -0.69367778301239 -0.476715892553329 -0.187762871384621 0.124282829463482 0.699818909168243 1.00613832473755 0.828028917312622 0.79567551612854 0.704965114593506 0.567928552627563 0.491518646478653 0.59074205160141 0.85328209400177 0.887572348117828 0.579866945743561 1.58373594284058 3.94265270233154 1.16684544086456 0.948342323303223 1.09707152843475 1.77846395969391 1.86910843849182 2.06995797157288 2.13294291496277 2.07290196418762 1.9393892288208 1.88623607158661 2.01242804527283 1.90135288238525 1.59433019161224 1.48071253299713 1.40461134910583 1.16021823883057 0.925885617733002 0.314138799905777
-0.862724304199219 -1.75654637813568 -2.07392048835754 -0.00322384922765195 4.36664485931396 4.96409940719604 -0.248125568032265 -0.807955503463745 -0.274266690015793 -0.314193487167358 -0.401215672492981 -0.127827301621437 0.166724488139153 0.376035571098328 0.845834016799927 1.46701693534851 1.35326981544495 1.20665204524994 1.10327970981598 1.02247679233551 0.97531396150589 0.853558361530304 1.00513553619385 0.976778566837311 0.642123699188232 0.809676349163055 1.05424988269806 1.29049956798553 1.30881810188293 1.47465991973877 1.97688221931458 2.09816527366638 2.32093834877014 2.36669588088989 2.31632494926453 2.22585296630859 2.28501892089844 2.16956877708435 1.97711300849915 1.75719451904297 1.78216814994812 1.67330300807953 1.35833346843719 1.18427920341492 0.682924568653107
-1.5527116060257 -1.71641361713409 -1.95368444919586 -2.20624876022339 1.47354793548584 1.85576891899109 0.200069084763527 -0.825765073299408 -0.000444024422904477 0.083215557038784 -0.00949759222567081 0.236148029565811 0.487334877252579 0.67152339220047 1.25965619087219 1.86682319641113 1.64210474491119 1.50572967529297 1.42234420776367 1.34202265739441 1.25503218173981 1.06822729110718 1.76660120487213 1.25468599796295 1.16994118690491 1.24839806556702 1.32584595680237 1.53997325897217 1.68616008758545 1.971759557724 2.34782743453979 2.38714170455933 2.57782387733459 2.58146715164185 2.50247740745544 2.45660805702209 2.44061803817749 2.29666519165039 2.06771945953369 1.92828094959259 2.49482893943787 2.3836030960083 1.72421824932098 1.30625092983246 1.09132707118988
-1.52214455604553 -1.60900902748108 -1.83641815185547 -1.99379205703735 -1.9450660943985 -0.442614763975143 0.806428134441376 -0.688114583492279 0.156225398182869 0.420557528734207 0.421773791313171 0.636811316013336 0.787510693073273 1.00059080123901 1.64806616306305 2.19129252433777 1.93479561805725 1.90325832366943 1.85600852966309 1.70166075229645 1.46225273609161 1.062384724617 1.03766310214996 1.45810639858246 1.86636161804199 1.96679699420929 2.06853151321411 2.19235944747925 2.24872207641602 2.3807647228241 2.74080228805542 2.99705648422241 2.72484397888184 2.77609443664551 2.70769476890564 2.59702396392822 2.66525268554688 2.44769787788391 2.13532781600952 1.85721671581268 1.8653210401535 2.56539726257324 2.47407698631287 1.56610918045044 1.39125061035156
-1.45170140266418 -1.53034114837646 -1.723069190979 -1.92526173591614 -1.83186912536621 -1.44590926170349 0.345931231975555 -0.553739964962006 0.342837244272232 0.595688819885254 0.716283917427063 1.08196365833282 1.05718886852264 1.43656802177429 2.14937376976013 2.66598963737488 2.40574502944946 2.29985857009888 2.26239919662476 2.0484824180603 1.76804280281067 1.25571036338806 1.29821944236755 1.78141272068024 2.79374742507935 3.06187105178833 3.06861615180969 2.84791827201843 2.78734016418457 2.9097044467926 3.17532157897949 3.25048589706421 2.87001800537109 2.92585372924805 2.83939218521118 2.82234358787537 2.82093667984009 2.49763011932373 2.20409154891968 1.95237553119659 1.82284247875214 1.75963306427002 2.3992714881897 2.72150301933289 1.66855680942535
-1.37385284900665 -1.409343957901 -1.47813391685486 -1.72538578510284 -1.68622016906738 -1.35738360881805 -0.424201637506485 -0.449871718883514 0.511566281318665 0.771270096302032 0.94844788312912 1.4581743478775 1.29229724407196 2.08578753471375 2.73770546913147 3.17909812927246 2.93087077140808 2.73646473884583 2.62159371376038 2.46023273468018 2.19754981994629 1.78489530086517 1.91713500022888 2.4892520904541 3.55486464500427 4.05911254882812 3.98173475265503 3.70512938499451 3.44129586219788 3.38058352470398 3.46722292900085 3.45818734169006 3.03841733932495 3.08813095092773 3.17400336265564 3.0257294178009 3.07736968994141 2.82722902297974 2.41279530525208 1.97043406963348 1.89044559001923 1.83716654777527 1.82564425468445 1.99448347091675 1.92210626602173
-1.2742075920105 -1.22712361812592 -1.22647702693939 -1.47375917434692 -1.46368372440338 -1.24264466762543 -0.81913435459137 -0.362715393304825 0.699747025966644 1.09181368350983 1.29811012744904 1.74027097225189 1.68798530101776 2.61784863471985 3.26414322853088 3.63777422904968 3.31154298782349 3.42556118965149 3.16544008255005 2.93961524963379 2.90580129623413 2.8792827129364 2.82101964950562 3.73933100700378 4.59040451049805 4.82209587097168 4.6757287979126 4.45442390441895 4.02276134490967 3.69736981391907 3.68058013916016 3.68997502326965 3.75137090682983 3.74680066108704 3.26369118690491 3.39924359321594 3.48603272438049 2.98360300064087 2.57282900810242 1.98876857757568 1.92023730278015 1.91527533531189 1.89963662624359 1.99936270713806 2.20552253723145
-1.02486371994019 -1.09639930725098 -1.08714187145233 -1.23214614391327 -1.19488501548767 -1.01782119274139 -0.685851871967316 -0.27719435095787 0.925076365470886 1.40748679637909 1.57897770404816 1.96574604511261 2.05953407287598 2.68380856513977 3.60125970840454 4.00229167938232 3.87460565567017 3.86738038063049 3.58089542388916 3.45582985877991 3.69404864311218 4.22488832473755 4.79593515396118 5.52270841598511 5.8486385345459 5.80252361297607 5.60821580886841 5.21219778060913 4.50811767578125 3.91161513328552 3.86172127723694 3.8449399471283 3.13410687446594 3.16593670845032 3.68309760093689 4.10828399658203 3.98270392417908 3.71254253387451 3.01333451271057 2.1406626701355 1.96095132827759 1.97644412517548 2.02341151237488 2.14641880989075 2.44675159454346
-0.782175898551941 -0.80606883764267 -0.808492660522461 -0.87893933057785 -0.890475213527679 -0.785149931907654 -0.571905672550201 -0.2367774695158 1.04550933837891 1.61524152755737 1.73969852924347 2.05056118965149 2.36352205276489 2.5690586566925 3.77593612670898 4.33969831466675 4.26126575469971 4.28997802734375 3.94813656806946 4.00977182388306 4.36220598220825 5.18519496917725 5.8764214515686 6.48730945587158 7.11075925827026 7.28938341140747 6.58111143112183 5.65417718887329 4.79551601409912 4.11196041107178 4.06425666809082 3.96390223503113 3.17816734313965 3.18140959739685 4.47606563568115 4.17673254013062 4.60098123550415 4.32491207122803 3.44932079315186 2.71703934669495 2.13168787956238 2.076993227005 2.11488342285156 2.33498644828796 2.72843909263611
-0.487808227539062 -0.438147634267807 -0.455130308866501 -0.65086442232132 -0.746671497821808 -0.707467079162598 -0.511178016662598 -0.162568494677544 0.942616939544678 1.7854346036911 2.10349106788635 2.24106645584106 2.54803705215454 2.87435221672058 3.76855611801147 4.47933673858643 4.73318243026733 4.71140956878662 4.40884351730347 4.75964164733887 5.17592716217041 5.95668029785156 5.84328842163086 6.228355884552 7.174241065979 7.89416599273682 7.17779541015625 6.25710678100586 5.11025667190552 4.25928783416748 4.22077655792236 4.16296339035034 3.39812517166138 3.31108665466309 3.06604981422424 3.41089558601379 5.14748859405518 5.39826059341431 4.00395154953003 3.07820844650269 2.97547602653503 2.43890690803528 2.25373482704163 2.63264060020447 3.04325437545776
-0.261306345462799 -0.155425220727921 -0.139000579714775 -0.338112413883209 -0.433775097131729 -0.464408278465271 -0.34691321849823 -0.0362467542290688 0.860767960548401 1.8662029504776 2.2397735118866 2.39664483070374 2.70604705810547 3.18578696250916 4.15421056747437 4.89974880218506 5.13553476333618 5.20690107345581 4.98527383804321 5.64280891418457 6.12541484832764 6.52876091003418 5.47875785827637 6.15815401077271 7.89868974685669 8.46486949920654 8.50081634521484 7.50293254852295 6.00338983535767 5.04978895187378 4.428053855896 4.32717370986938 3.56667304039001 3.4220335483551 3.09612989425659 2.70343637466431 3.06080722808838 4.95089340209961 4.89578676223755 3.34935617446899 2.59343981742859 3.32050323486328 2.40568661689758 2.75845670700073 3.17646884918213
0.0187034085392952 0.250406801700592 0.085996501147747 -0.0395413599908352 -0.142932906746864 -0.148177340626717 -0.0453345067799091 0.218676835298538 0.918789267539978 2.1586275100708 2.46001029014587 2.58547115325928 2.87674999237061 3.56208562850952 4.6468391418457 5.41160726547241 5.57826471328735 5.72211027145386 5.89922142028809 6.36920022964478 6.99686288833618 6.52524423599243 5.33539485931396 5.0880913734436 8.03071403503418 9.49925899505615 9.35536575317383 8.49391174316406 6.94937038421631 5.63549566268921 4.2978458404541 4.32825517654419 3.52219176292419 3.60600590705872 3.39207148551941 2.85722637176514 2.65084314346313 2.78305101394653 3.64069199562073 3.81340479850769 2.78562664985657 2.83181071281433 2.65613198280334 2.84133505821228 3.24533009529114
0.775591731071472 0.920380115509033 0.946800053119659 0.741052687168121 0.436450749635696 0.157458141446114 0.325747966766357 0.692594110965729 1.57218480110168 2.84298253059387 2.95300841331482 2.89823389053345 3.16462445259094 3.98687648773193 5.07544660568237 5.95885515213013 6.23357343673706 6.47224426269531 6.49715328216553 7.58695888519287 7.45411825180054 7.88961601257324 7.11710739135742 4.92719221115112 6.01822423934937 7.97279167175293 8.78479671478271 8.76239490509033 8.59437942504883 6.54870986938477 4.32652568817139 4.46863746643066 3.60230612754822 3.82774329185486 3.60492658615112 3.20943713188171 2.56776261329651 1.89729285240173 2.87955784797668 4.05192136764526 2.7929904460907 2.41556000709534 2.49129724502563 3.00784707069397 3.30048704147339
2.88722395896912 2.29311084747314 2.69615602493286 2.52358937263489 2.10739469528198 1.56835722923279 1.27585387229919 1.45324659347534 2.21140384674072 3.3048403263092 3.28277444839478 3.17499756813049 3.54243183135986 4.46323728561401 5.75237703323364 6.74229288101196 7.05094814300537 7.09184265136719 6.18534135818481 6.98379945755005 7.60392379760742 8.2967529296875 7.70871782302856 3.89079523086548 4.59035396575928 7.34901332855225 10.2081451416016 8.6070671081543 7.45393037796021 7.46330451965332 4.45802783966064 4.72032451629639 5.00997018814087 3.98465490341187 4.01068735122681 3.39634418487549 2.78743028640747 1.91237092018127 2.2819881439209 2.43109822273254 3.05004620552063 2.74062037467957 2.89597678184509 3.18688011169434 3.40955543518066
4.75584745407104 4.00325441360474 4.61871576309204 4.67478322982788 3.92825222015381 3.05953049659729 2.33164095878601 2.0860698223114 2.53148937225342 3.54161787033081 3.46472477912903 3.84325480461121 4.24224519729614 5.14813995361328 6.52014207839966 7.56707000732422 7.92835235595703 7.63347482681274 6.09269571304321 5.16599798202515 4.70984315872192 3.95951128005981 4.88398838043213 3.86591100692749 4.75811576843262 6.52650308609009 6.74524974822998 6.98886013031006 6.22545862197876 4.52753782272339 5.04635953903198 5.50577211380005 5.89310932159424 4.36250686645508 4.38399219512939 3.73277688026428 3.13874340057373 2.05856609344482 1.86730813980103 1.94498360157013 3.07154083251953 3.18177914619446 3.63942217826843 3.96372556686401 4.32587862014771
7.68651151657104 5.99001359939575 6.09791851043701 5.72555494308472 4.8049955368042 3.67001485824585 2.72789144515991 2.30851888656616 2.69028186798096 3.76355028152466 3.70438361167908 4.5574779510498 5.02214097976685 5.96859788894653 7.37619972229004 8.40135765075684 8.59128570556641 7.87401103973389 6.92235374450684 5.17651224136353 3.30916213989258 2.32018089294434 1.52767086029053 2.45631337165833 2.25517010688782 1.29578578472137 2.86083555221558 5.91825771331787 6.72183465957642 4.69605731964111 4.55158758163452 6.6490683555603 7.80159330368042 5.31951856613159 5.27062463760376 4.5519814491272 3.76249718666077 2.46605944633484 1.89924836158752 1.95912563800812 1.99785506725311 2.99814510345459 4.47736930847168 4.97454786300659 5.25403118133545
