slauniainen/Data/DEM/Vihti_dem1500b_cl_horizonAngle_60.asc
NCOLS 196 
NROWS 178 
XLLCORNER 353680 
YLLCORNER 6699024 
CELLSIZE 16 
NODATA_value -3.4e+38 
[rows 20 to 39 of 178, columns 45 to 89 of 196]
6.8135290145874 0.797134399414062 -1.65742909908295 -0.588851630687714 1.23409974575043 -1.40772247314453 -1.16906297206879 -1.02997863292694 0.504031002521515 0.565864741802216 0.675161182880402 2.6335027217865 3.55318021774292 4.21407842636108 3.71180152893066 2.43712162971497 1.9230991601944 2.06001162528992 3.08839344978333 4.07623052597046 5.49226570129395 5.12274074554443 2.84962797164917 -1.44197928905487 -1.33570051193237 -1.41830861568451 -1.14618647098541 0.928809642791748 -0.32263657450676 -0.119455128908157 0.238381624221802 0.140098884701729 0.270201772451401 0.45133039355278 0.801289677619934 1.42615902423859 1.35312902927399 1.30068755149841 1.07339477539062 0.346235036849976 0.225766733288765 0.309501767158508 -0.845034897327423 -1.02241110801697 -0.965660750865936
9.56851863861084 10.0309076309204 5.97484683990479 3.80239272117615 4.23356199264526 2.97190809249878 5.63902711868286 4.91193723678589 4.03013563156128 2.70646595954895 2.1636803150177 3.1216766834259 3.6998884677887 8.06898307800293 3.76910209655762 0.822193443775177 0.420689970254898 1.12487459182739 1.24776494503021 2.81008696556091 3.26805257797241 4.58936071395874 3.72381567955017 -0.104610599577427 -1.24823439121246 -1.28899145126343 -0.791506886482239 -0.365176290273666 -0.228290915489197 0.186666205525398 0.607134819030762 0.307705163955688 0.366656541824341 0.515336394309998 0.906872570514679 1.61930584907532 1.61520385742188 1.06178832054138 1.27839541435242 1.36035978794098 0.850655436515808 1.01662635803223 0.575532793998718 -1.00135624408722 -0.963491916656494
7.93154335021973 9.95998954772949 6.33800411224365 4.12301158905029 4.43284940719604 5.09142398834229 6.20788097381592 6.87285232543945 5.2989296913147 2.57177233695984 2.91933131217957 4.97124814987183 7.99649429321289 10.5294675827026 6.9310188293457 1.67806327342987 -0.127429321408272 0.130700990557671 0.0461799949407578 0.629263818264008 0.061008408665657 0.756649851799011 2.63001394271851 0.671564280986786 0.17344269156456 -0.883377313613892 -0.683980166912079 -0.199126616120338 -0.12581992149353 1.15161561965942 1.21469330787659 0.955722987651825 0.862688302993774 0.838033378124237 1.02677512168884 0.781959593296051 0.761517345905304 1.42887163162231 1.22681021690369 0.834711313247681 0.566772639751434 0.888733446598053 1.07251608371735 0.0310161579400301 -0.947232306003571
2.68835616111755 6.95431900024414 7.51324081420898 4.84880065917969 2.44748282432556 5.41702938079834 5.60043478012085 5.41178321838379 4.5211353302002 3.76725697517395 5.65901851654053 8.0931339263916 10.0975503921509 11.6841430664062 9.32269287109375 5.22701740264893 5.2510027885437 4.39228963851929 -0.606854677200317 -1.99551260471344 -2.12406444549561 -1.90910220146179 2.16444063186646 0.941798031330109 -0.246524304151535 0.291671097278595 -0.547451019287109 1.21772491931915 1.06254148483276 1.56642317771912 1.96915137767792 1.86560332775116 0.969184279441833 0.505099415779114 0.520562589168549 0.659646213054657 0.604609787464142 0.648655354976654 0.609240293502808 0.504871308803558 0.393981456756592 0.712765038013458 0.788336396217346 0.624606549739838 -0.392240613698959
0.395625680685043 3.24224901199341 8.48414707183838 8.60043048858643 3.77827286720276 4.70299625396729 4.04785919189453 2.73817348480225 3.71139359474182 6.16473150253296 7.56609487533569 9.37487697601318 11.873064994812 15.3360347747803 14.3095188140869 10.8256549835205 12.1880559921265 14.17116355896 13.9064903259277 11.735692024231 4.76188182830811 -0.231919631361961 0.214166030287743 0.958880722522736 0.0278092548251152 0.923063814640045 1.20266306400299 2.21168327331543 2.02443218231201 2.23639321327209 1.91460013389587 1.57431864738464 1.05328130722046 0.376607060432434 0.503750920295715 0.376176714897156 0.345923721790314 0.329049408435822 0.269733548164368 0.278312563896179 0.204884842038155 0.518847227096558 0.636833786964417 0.759160876274109 0.344361215829849
0.373239159584045 2.64270257949829 8.57221126556396 9.85453796386719 6.07412099838257 4.07092523574829 2.47962594032288 3.17908716201782 5.1171178817749 6.55728960037231 7.747239112854 9.14570808410645 11.0204925537109 13.325569152832 13.0858860015869 9.00769138336182 8.17997264862061 8.27672290802002 7.08562707901001 4.55786037445068 3.80610466003418 2.30894613265991 1.08243274688721 0.909843564033508 0.0304848942905664 0.421391040086746 2.16109371185303 3.16610145568848 2.52697420120239 2.4202926158905 2.1034107208252 2.14592099189758 1.81916093826294 0.689267337322235 0.3490991294384 0.29369181394577 0.455389946699142 0.540868699550629 0.200189128518105 0.0332474671304226 0.330288022756577 0.525395750999451 0.289652347564697 0.393486589193344 0.334663569927216
0.545918941497803 1.7051647901535 2.85824203491211 3.56989169120789 3.15003871917725 2.73767971992493 3.45397615432739 4.06784725189209 5.20349359512329 5.49101638793945 6.52858209609985 6.60595369338989 7.08768939971924 7.15372800827026 6.33217430114746 4.93481302261353 6.06237316131592 7.94734764099121 9.052414894104 7.35486745834351 6.0495924949646 5.05110454559326 3.29566478729248 2.6247992515564 0.361080884933472 0.711041629314423 2.23917078971863 3.20924162864685 2.87625026702881 2.64532065391541 2.61593127250671 2.57815408706665 1.79839479923248 1.02710342407227 0.656227290630341 0.263608932495117 0.336237967014313 0.836324036121368 0.265823304653168 -0.140121072530746 0.263949424028397 0.536319553852081 0.171559140086174 0.0689000859856606 0.017241932451725
0.506406128406525 1.37484800815582 2.00313973426819 2.3228018283844 3.31339955329895 3.3310112953186 3.29610109329224 3.80563521385193 4.3783016204834 4.45786333084106 4.27145671844482 4.75196838378906 4.75546169281006 4.28080463409424 4.06075716018677 2.14431595802307 3.90381932258606 6.20621967315674 8.45747089385986 8.08402156829834 6.51385307312012 5.24382877349854 3.22711277008057 2.82019090652466 1.11255884170532 1.4823112487793 2.73976349830627 3.34315466880798 3.33326816558838 2.77826333045959 2.28671884536743 2.01864385604858 2.02393054962158 1.57512938976288 1.28476738929749 0.773096799850464 0.21232196688652 0.633337557315826 0.610602080821991 -0.263282984495163 0.00503251934424043 0.323748856782913 0.0804719626903534 -0.175046131014824 -0.425640910863876
0.959835946559906 1.82912063598633 2.37827730178833 3.09529256820679 3.18379807472229 2.92830348014832 2.32183170318604 2.34060573577881 2.94701504707336 3.28911924362183 3.62014031410217 3.65300464630127 3.11842274665833 1.79857742786407 4.14349842071533 0.837997674942017 1.21911287307739 2.71225142478943 4.31212759017944 4.19437456130981 4.5372519493103 4.42208576202393 3.84723377227783 4.01357460021973 2.55829572677612 1.95018529891968 2.19638895988464 2.24961471557617 2.32475852966309 2.50303649902344 1.83332645893097 1.42365086078644 1.38030457496643 1.4870218038559 1.29825472831726 1.1676629781723 0.463599860668182 0.0555025860667229 0.489427179098129 0.0273745842278004 -0.034454882144928 0.0563429482281208 0.0466159954667091 -0.150183171033859 -0.540115296840668
1.71449244022369 2.70145511627197 3.01688385009766 3.91580414772034 4.67291402816772 1.56349623203278 0.613773226737976 0.197360634803772 0.866237759590149 1.8592963218689 1.56924033164978 0.459468632936478 0.252184450626373 0.52678394317627 0.564570486545563 -0.367903530597687 -0.365967631340027 1.26041853427887 3.02279901504517 2.63569140434265 2.46554160118103 2.54866504669189 3.15123271942139 1.57067012786865 2.19244122505188 3.35206866264343 4.02347469329834 3.50548768043518 3.30382823944092 3.40705108642578 2.26998472213745 1.31192529201508 1.03289043903351 1.03194737434387 1.11716461181641 1.00557959079742 0.599108755588531 -0.00557344267144799 -0.192210614681244 -0.204699993133545 -0.103036135435104 -0.245036795735359 0.0294996406883001 0.0637613162398338 -0.484240472316742
2.51963424682617 3.1972017288208 4.78259181976318 7.72048950195312 7.04316234588623 3.50505471229553 1.49035203456879 -0.0413298718631268 -0.431611388921738 -1.0992112159729 -1.40214240550995 -1.37824416160583 -1.07818460464478 -0.831044316291809 -1.0533629655838 -0.996412038803101 -0.726938188076019 -0.0296388026326895 4.68351888656616 3.48268985748291 3.1495475769043 1.03744435310364 1.42116212844849 3.02941656112671 2.89970135688782 2.90709352493286 3.94220852851868 4.87693738937378 4.30504846572876 3.87914752960205 3.14555096626282 1.64655208587646 0.92181521654129 0.828566610813141 0.870414018630981 0.791803479194641 0.227032080292702 -0.255314141511917 -0.348871946334839 -0.327637374401093 0.117795556783676 -0.00276257307268679 -0.145653009414673 0.255516976118088 0.0682432502508163
3.535724401474 6.84138917922974 9.88203716278076 9.62351417541504 9.28547859191895 6.51425361633301 5.54302501678467 1.08959746360779 -1.56850504875183 -1.73303544521332 -1.61657667160034 -1.39845860004425 -1.42123579978943 -1.30387961864471 -1.21055269241333 -1.03916645050049 -0.730466425418854 -0.184416517615318 0.58838427066803 0.978242158889771 1.09314107894897 2.86901426315308 1.9542031288147 2.10673928260803 2.4249804019928 2.76107287406921 3.23667931556702 3.94375252723694 4.64941692352295 4.23298597335815 3.68444514274597 2.50218796730042 1.26214683055878 0.702118396759033 0.578928112983704 0.75600278377533 0.455872893333435 -0.429007679224014 -0.455303400754929 -0.324720770120621 -0.214514181017876 0.197455570101738 -0.0490523800253868 0.0139837451279163 0.348118543624878
6.84028911590576 10.2321271896362 12.0413656234741 8.9658727645874 7.36433982849121 5.58330869674683 4.10511875152588 1.11228847503662 -1.93009090423584 -1.77842009067535 -1.58486545085907 -0.867343008518219 0.424327313899994 3.10159659385681 2.58518147468567 -0.683646440505981 -0.480320751667023 -0.0363695956766605 0.630959093570709 0.916086852550507 1.45607483386993 1.7098925113678 1.90151381492615 2.08393812179565 2.26033663749695 2.57229971885681 2.95768117904663 3.5814745426178 4.34368896484375 4.07630729675293 3.73341512680054 2.96374869346619 1.9004842042923 0.999988496303558 0.492006033658981 0.423799335956573 0.556109726428986 -0.00053126405691728 -0.460128039121628 -0.356868982315063 -0.225489482283592 -0.0568421669304371 0.187632128596306 -0.0808850601315498 -0.0950148552656174
9.125319480896 13.8258047103882 15.698637008667 13.7769784927368 11.9886198043823 10.0469608306885 8.02498722076416 4.05804681777954 4.74921894073486 1.67549610137939 0.188916802406311 0.446948200464249 0.823827505111694 2.8752384185791 5.30632305145264 4.73686265945435 1.01070713996887 0.342359304428101 0.769347190856934 1.30132985115051 1.50928342342377 1.66140985488892 1.80860579013824 1.962078332901 2.16629099845886 2.37721180915833 2.74596190452576 3.18212866783142 3.76905345916748 4.04303359985352 3.28817987442017 3.24515676498413 2.4225971698761 1.50465738773346 1.04019725322723 0.493348568677902 0.342873722314835 0.177731394767761 -0.398868262767792 -0.388274639844894 -0.227209016680717 -0.129138395190239 0.116047225892544 0.08456751704216 -0.112181387841702
11.1586561203003 14.5021047592163 18.6828212738037 19.8438682556152 19.2207565307617 19.348949432373 20.6562328338623 15.1319789886475 10.1462030410767 5.85206079483032 3.09849548339844 1.82629203796387 0.880196630954742 1.21220231056213 1.32038235664368 2.7609748840332 0.871089994907379 0.553672850131989 1.18749141693115 1.44439196586609 1.53226399421692 1.59012520313263 1.69688785076141 1.82148349285126 1.8677476644516 2.04181838035583 2.3141553401947 2.7944438457489 3.36331486701965 3.8775417804718 3.08708715438843 2.74719381332397 3.04782366752625 1.93460142612457 1.4754866361618 0.892914950847626 0.376824975013733 0.380930036306381 -0.165164709091187 -0.403380125761032 -0.318470567464828 -0.14424192905426 -0.0479014962911606 0.0570963770151138 0.0159264411777258
11.4418687820435 14.1627798080444 15.9760446548462 17.1754932403564 18.6778373718262 17.446605682373 17.1607055664062 14.2167196273804 12.4552717208862 15.0214061737061 8.30663967132568 3.38103342056274 2.00372886657715 1.32870423793793 1.40878283977509 0.841094732284546 1.25926005840302 1.0812566280365 1.32878232002258 1.37343811988831 1.39906537532806 1.47845685482025 1.47711646556854 1.45867645740509 1.60583400726318 1.74543833732605 1.93786597251892 2.3307638168335 2.85902047157288 3.70806980133057 2.77272057533264 2.22857737541199 2.51944494247437 2.90503883361816 1.89463698863983 1.46447253227234 0.675717234611511 0.54884660243988 0.264577269554138 -0.396711438894272 -0.362391948699951 -0.192875996232033 -0.0959536135196686 -0.0930049642920494 0.0484604798257351
11.6513195037842 13.380181312561 14.2632761001587 13.8293867111206 15.6455640792847 13.3209686279297 13.4401998519897 15.5339012145996 10.6165685653687 14.5274858474731 12.9179019927979 4.29523229598999 4.30635499954224 2.70668745040894 1.29967391490936 2.59444499015808 1.28757691383362 1.20344948768616 1.20647025108337 1.20117509365082 1.19326901435852 1.15750455856323 1.14841568470001 1.18932974338531 1.31180322170258 1.4562441110611 1.67045998573303 1.98319506645203 2.46515345573425 3.9301176071167 3.92655730247498 2.48575949668884 2.31282997131348 3.18101787567139 3.37622046470642 1.87246382236481 1.19000518321991 0.86258202791214 0.391294032335281 -0.20615853369236 -0.304460316896439 -0.276021212339401 -0.209555685520172 -0.135568976402283 -0.129861056804657
11.0897808074951 10.6174211502075 10.5847663879395 9.89554595947266 10.3912353515625 10.5821218490601 7.83461570739746 8.11397743225098 7.56074905395508 6.75252389907837 10.4404201507568 5.23481512069702 2.31134748458862 3.5896737575531 3.55344748497009 1.03721749782562 1.10264647006989 1.09550762176514 1.02665889263153 0.987884283065796 0.947321891784668 0.968674063682556 1.00177669525146 1.05535912513733 1.13192164897919 1.26433646678925 1.39640653133392 1.57641553878784 1.9622129201889 3.07129192352295 4.38317632675171 3.74982380867004 2.54635286331177 2.80025386810303 3.98978400230408 3.6059627532959 1.61161351203918 1.40988326072693 0.659337162971497 0.239791870117188 0.025143276900053 -0.272129327058792 -0.325332909822464 -0.297148376703262 -0.303192138671875
9.55112075805664 8.45962905883789 7.82257175445557 7.59999799728394 5.74956226348877 5.83269882202148 5.62896728515625 4.39724254608154 5.29173707962036 3.11248350143433 4.66930866241455 4.6180944442749 4.23353338241577 2.27166271209717 1.03458249568939 1.0464813709259 1.02017748355865 0.907042622566223 0.849184811115265 0.839246153831482 0.850594937801361 0.868408620357513 0.897951602935791 0.948145925998688 1.02998280525208 1.08189558982849 1.21487295627594 1.34775280952454 1.56256771087646 1.98529660701752 2.72420144081116 3.79886317253113 3.1043221950531 2.75509119033813 3.18377900123596 4.10311985015869 2.93741965293884 1.76603829860687 1.35330283641815 0.90604555606842 1.01645481586456 0.665697753429413 0.00595637923106551 -0.379253923892975 -0.468530565500259
7.71979093551636 7.46092510223389 6.9278564453125 6.82767057418823 5.06796312332153 5.86813879013062 9.18042755126953 10.5960187911987 10.7455024719238 8.5836296081543 7.08265924453735 3.50643086433411 0.919738054275513 0.934548735618591 0.926595270633698 0.93153840303421 1.2414755821228 0.798261523246765 0.773761630058289 0.759715616703033 0.785479426383972 0.811465620994568 0.854201257228851 0.8874791264534 0.951248943805695 1.01700115203857 1.08807361125946 1.2168036699295 1.36406111717224 1.54917013645172 2.01272010803223 2.59217476844788 3.01618146896362 2.94428110122681 2.69873690605164 3.02204537391663 3.63968348503113 2.43586444854736 1.79538404941559 1.61186563968658 1.76969730854034 1.79826033115387 1.38888680934906 0.321353405714035 -0.414162755012512
