slauniainen/Data/DEM/Vihti_dsm1500b_cl_horizonAngle_12.asc
NCOLS 196 
NROWS 178 
XLLCORNER 353680 
YLLCORNER 6699024 
CELLSIZE 16 
NODATA_value -3.4e+38 
[rows 140 to 159 of 178, columns 138 to 183 of 196]
27.2521114349365 14.5965795516968 13.3330602645874 3.67907929420471 20.4108448028564 7.24577283859253 7.38171672821045 -1.00987863540649 4.0841269493103 5.72686338424683 7.71903991699219 9.27488327026367 8.64808177947998 31.0184669494629 12.2730855941772 11.3344717025757 18.2640209197998 9.23590278625488 11.5713520050049 14.4285144805908 12.0765466690063 18.3286628723145 20.6289234161377 22.3294544219971 11.5156879425049 11.3497314453125 12.7271356582642 3.67260336875916 3.09131765365601 9.76518821716309 2.21625709533691 2.08169102668762 5.18657112121582 2.2577953338623 3.07487797737122 10.629656791687 11.4026155471802 13.4477910995483 7.15264320373535 4.1700439453125 7.38648271560669 1.73022150993347 2.66182041168213 15.4234132766724 0.462522596120834 5.44199991226196
4.15818691253662 2.75626850128174 6.96563816070557 16.6992740631104 7.00670289993286 15.7351980209351 12.0926647186279 36.8240356445312 21.9683933258057 31.2963733673096 10.3577632904053 15.0429582595825 4.93456125259399 19.203971862793 12.1468963623047 11.1527347564697 9.5802640914917 19.8591957092285 5.55636692047119 9.03506660461426 17.1084251403809 15.2018127441406 13.4064722061157 17.4852924346924 30.6513004302979 10.5796308517456 4.82973861694336 13.4447574615479 16.7271919250488 6.68627071380615 2.14233565330505 14.1332454681396 1.7037912607193 1.11396384239197 2.24641418457031 9.24460506439209 9.17076587677002 10.2393112182617 16.4505786895752 1.34242653846741 13.3122758865356 1.19341170787811 1.06916391849518 0.76030296087265 0.0430313907563686 0.808902502059937
2.50201153755188 2.17949771881104 5.62758827209473 14.2680854797363 5.64313173294067 7.43198919296265 12.4165067672729 31.961067199707 20.6425533294678 9.10833358764648 9.95097637176514 13.3494386672974 6.84305763244629 17.0452251434326 14.2826166152954 10.4914503097534 5.35956144332886 5.56846761703491 10.4541883468628 8.24300384521484 10.7478141784668 13.5977096557617 15.0172252655029 17.1218090057373 17.0438365936279 1.734206199646 2.26238512992859 7.21956253051758 13.9437274932861 3.07790994644165 16.7350406646729 26.4275932312012 22.7603282928467 22.2507877349854 14.7184658050537 8.39632701873779 8.37737655639648 10.9674997329712 21.5620212554932 8.11388301849365 0.524763643741608 0.00897166319191456 0.23018079996109 0.3968326151371 0.210222944617271 0.24137856066227
-1.50006496906281 8.0800666809082 9.99555778503418 9.14803028106689 20.3340930938721 22.9147281646729 28.4812335968018 9.11117267608643 9.81693363189697 12.523720741272 11.5755043029785 8.51330661773682 9.61259746551514 11.151834487915 10.4702320098877 20.6189289093018 16.3286895751953 20.1544761657715 21.3542881011963 7.510910987854 40.467170715332 29.5947418212891 23.2794971466064 24.7888488769531 3.60406303405762 15.3906059265137 24.4234809875488 2.82319712638855 5.45050096511841 5.88546705245972 7.95702362060547 7.5777645111084 16.9404048919678 18.1060829162598 2.10450553894043 7.68904590606689 7.71886014938354 12.614278793335 17.8515586853027 0.0825112909078598 -0.168579548597336 -0.258732050657272 2.38774585723877 -0.147883102297783 -1.03794801235199 -0.999463498592377
-4.84712362289429 -3.0538341999054 6.30755233764648 7.54228830337524 6.8606481552124 4.49228715896606 17.8084392547607 8.67874431610107 9.79012012481689 15.6567630767822 10.2536363601685 7.25022029876709 19.8999271392822 10.1601581573486 35.717399597168 9.16165733337402 25.7866821289062 16.0524120330811 14.723536491394 46.5670700073242 6.3959174156189 6.18401718139648 5.81741952896118 8.01657390594482 15.4295263290405 5.09525585174561 22.9183406829834 40.3552360534668 38.5092582702637 42.833740234375 13.3984832763672 15.7534589767456 13.5730199813843 6.94580602645874 2.24519753456116 3.33045172691345 7.09168577194214 9.63487911224365 23.6267585754395 16.7402572631836 7.13307571411133 -0.155543252825737 -0.575456261634827 -1.57181835174561 -1.43395614624023 -1.05498588085175
27.0925712585449 19.237154006958 5.35470199584961 6.11430597305298 10.714376449585 4.57011413574219 8.04604721069336 7.54532670974731 8.38014507293701 9.55882549285889 9.73780250549316 6.51287317276001 8.27924251556396 6.58798217773438 7.96665143966675 6.74182271957397 34.6217727661133 47.1500930786133 20.2781887054443 5.72345924377441 14.4717617034912 6.17858600616455 3.370521068573 3.98927092552185 3.14793848991394 10.4833812713623 2.7006459236145 4.63928079605103 2.37910890579224 6.84016370773315 5.49330902099609 36.7685394287109 8.99680328369141 1.99099361896515 2.02166247367859 0.852999031543732 2.09757947921753 7.7319803237915 21.5410594940186 13.4575881958008 3.56111574172974 4.32797431945801 8.2956018447876 15.6315050125122 -1.62920868396759 -1.25960087776184
-4.56412649154663 15.8108987808228 7.32386207580566 3.56397008895874 5.85817289352417 5.99994707107544 17.2551326751709 8.21382617950439 12.4273881912231 9.19124889373779 8.05596828460693 11.665491104126 14.5379962921143 15.0645895004272 12.0322885513306 12.5518732070923 9.03455924987793 13.622444152832 7.19246006011963 5.72263240814209 12.9600830078125 3.82844948768616 1.41840541362762 3.74798250198364 3.28585028648376 5.70704126358032 5.33482456207275 2.64873194694519 5.50379037857056 1.98840022087097 5.16631603240967 7.55109024047852 42.3715667724609 5.36247110366821 7.90683269500732 19.4636821746826 1.83762729167938 2.6850106716156 14.4995288848877 11.0677127838135 7.4460973739624 8.41676235198975 6.05351591110229 9.74154758453369 7.6590404510498 0.0724983215332031
16.3440017700195 0.113124340772629 3.0420081615448 13.2048845291138 4.04876279830933 13.2776746749878 14.8641920089722 11.7016324996948 8.4152660369873 8.77188110351562 9.07902145385742 19.3900527954102 7.74765920639038 7.78635215759277 7.34557008743286 11.005747795105 29.213342666626 9.71044731140137 23.9533176422119 29.3754749298096 5.60808849334717 20.2394847869873 17.7314300537109 13.1689834594727 1.52157628536224 2.31354641914368 2.56501579284668 5.56433868408203 2.14102959632874 2.16019463539124 3.49203848838806 6.40228605270386 24.2317962646484 4.81017971038818 4.83699798583984 26.0855712890625 1.61660754680634 2.64071178436279 10.8713359832764 13.1181678771973 16.009090423584 14.0352659225464 10.5754680633545 10.4891872406006 13.5799322128296 14.4450168609619
12.1436700820923 1.26578330993652 2.37338757514954 1.88003969192505 21.3324508666992 10.4462146759033 7.80085325241089 11.3322944641113 25.9921607971191 30.0784320831299 29.0721454620361 28.2404289245605 26.3587265014648 17.0575199127197 37.6933326721191 37.7039489746094 14.9199247360229 10.3649492263794 16.3443698883057 3.96667122840881 5.09129476547241 7.02845573425293 7.13334178924561 1.51841974258423 3.86410522460938 1.52235341072083 2.52400326728821 2.377769947052 22.078950881958 30.0880870819092 2.03201651573181 3.46308779716492 2.78020977973938 34.5278663635254 22.2517013549805 3.45629501342773 26.2425212860107 1.52782928943634 5.21943855285645 13.8162517547607 13.677342414856 17.0649967193604 11.5562524795532 22.0480804443359 14.9819459915161 19.9147472381592
4.87042951583862 -0.782553791999817 17.2675399780273 24.5349102020264 12.0742712020874 6.81641292572021 9.46284484863281 22.9124660491943 25.0439529418945 26.0575275421143 24.113109588623 17.67041015625 28.7037754058838 40.4487190246582 29.1352653503418 28.7404861450195 40.3992080688477 15.3330316543579 5.2039098739624 22.8977584838867 6.25096893310547 4.97346019744873 2.97595453262329 6.51499271392822 12.6755933761597 7.57958698272705 2.46627688407898 3.21976184844971 5.5068736076355 1.95379459857941 14.8155651092529 12.0245895385742 1.11008334159851 1.25668489933014 19.7622203826904 12.7356100082397 10.4103126525879 1.98896586894989 8.64837551116943 7.96724653244019 11.5988187789917 12.4597454071045 17.5441608428955 19.4960098266602 24.2702674865723 35.8062210083008
13.5676794052124 18.0709686279297 7.90449523925781 5.92653656005859 4.2588906288147 17.4634647369385 23.416748046875 17.423210144043 15.7386264801025 10.3598289489746 27.0622081756592 25.0325298309326 21.1415233612061 24.6875514984131 20.1688385009766 19.5426921844482 24.8085174560547 35.3003349304199 12.9399929046631 19.2780513763428 4.78389120101929 8.68289375305176 8.22194004058838 24.2592544555664 11.807183265686 15.1850490570068 2.44467401504517 2.76731586456299 4.32756567001343 1.81834411621094 2.16365051269531 3.9327929019928 16.1777763366699 1.01105892658234 0.50340723991394 0.972618997097015 2.14551901817322 1.09532010555267 2.31114459037781 6.62728595733643 8.432861328125 12.0376558303833 14.5930080413818 16.3903961181641 15.1558275222778 13.308069229126
15.0960874557495 15.8544664382935 13.6709499359131 2.22907161712646 8.94119453430176 13.2316627502441 7.73630428314209 14.0549917221069 13.5516357421875 39.46728515625 16.0413551330566 17.2588272094727 17.0282516479492 16.4940090179443 16.2630558013916 17.0094566345215 18.7736473083496 21.0298767089844 19.1052112579346 7.60024118423462 17.7127590179443 11.5877017974854 6.94490718841553 11.6303844451904 5.48106336593628 9.73886108398438 2.4362211227417 1.80573081970215 1.63243329524994 1.41525292396545 2.14987325668335 3.67052507400513 9.91289520263672 4.17152547836304 23.4663162231445 11.2189836502075 1.35748493671417 22.395715713501 10.6636514663696 4.17561197280884 6.75702142715454 9.67650508880615 10.9774351119995 14.9050703048706 37.9779090881348 7.45923709869385
17.2385673522949 36.1320610046387 18.5485458374023 41.1454315185547 7.85812711715698 4.79040861129761 6.42616319656372 8.33448028564453 10.418062210083 23.3486633300781 13.8604040145874 14.280068397522 14.1232061386108 13.6865921020508 13.5054244995117 14.0157661437988 14.7263441085815 22.5720653533936 11.4107332229614 4.09975624084473 3.94288754463196 3.0495867729187 1.98458886146545 13.3060255050659 1.15430355072021 2.06569409370422 1.58465838432312 1.73269844055176 14.4830312728882 12.4774255752563 1.60181283950806 0.742589175701141 0.639912247657776 0.825187921524048 11.0051927566528 4.54564476013184 1.2629725933075 6.27140235900879 17.1512508392334 4.88529634475708 6.71003675460815 9.15678405761719 10.2523365020752 12.0562620162964 15.5087566375732 37.7651977539062
21.6930332183838 22.5981388092041 5.82789373397827 10.3513441085815 12.010648727417 5.92563104629517 22.8790416717529 10.8011560440063 29.9156894683838 13.6002645492554 12.1352224349976 12.1561870574951 12.0346794128418 11.6467266082764 11.4469804763794 12.1975584030151 12.1146955490112 18.8991184234619 39.4813919067383 2.80321502685547 2.54882335662842 2.89092564582825 15.338357925415 1.38798081874847 8.16532516479492 1.60445928573608 1.50444293022156 1.44970083236694 1.6150586605072 4.03095865249634 1.06443798542023 0.664243161678314 0.349424988031387 6.34863615036011 1.75484478473663 0.873318791389465 1.04775762557983 4.22231531143188 2.38895416259766 3.02033400535583 6.37569999694824 7.27572584152222 10.5568704605103 9.96773910522461 9.71072578430176 17.8472175598145
11.3266096115112 1.98580431938171 4.4237642288208 13.2586317062378 5.07496404647827 30.4195499420166 17.1151313781738 9.76817893981934 16.5361213684082 11.8649740219116 9.75145435333252 10.5689897537231 10.4199409484863 10.126485824585 10.5350608825684 9.90495109558105 10.2193059921265 14.9217157363892 3.92420244216919 2.74296975135803 1.42837882041931 2.42379999160767 1.88540351390839 1.29079949855804 2.30112028121948 1.44415140151978 14.8355770111084 1.19497430324554 2.46249318122864 1.270339012146 0.764656662940979 0.29656583070755 3.38499927520752 2.85336208343506 0.934842884540558 0.652027130126953 5.24024677276611 2.16729354858398 7.74219799041748 10.1410064697266 5.13043403625488 6.76274251937866 8.3829460144043 7.51162481307983 8.71304988861084 7.67032766342163
14.0073328018188 27.4579944610596 18.5679130554199 12.890193939209 20.2155418395996 20.8047904968262 10.9847764968872 10.5382537841797 9.92839241027832 9.60756874084473 9.11584949493408 9.04468727111816 8.70483112335205 9.02894687652588 9.39289474487305 9.24123859405518 8.79949188232422 3.84867215156555 4.54742050170898 2.56382083892822 20.7869701385498 1.2048225402832 0.938767194747925 5.41031074523926 0.918667376041412 8.60118007659912 1.46350157260895 1.18963587284088 1.35162723064423 1.2333379983902 16.2649955749512 13.8641834259033 4.20467901229858 0.444184511899948 0.541236221790314 1.89544522762299 1.14195704460144 3.77814960479736 1.25937962532043 2.6139121055603 4.65581846237183 6.52446413040161 7.0695104598999 11.0290384292603 6.99462890625 4.20624876022339
9.26383686065674 18.4729385375977 15.1420364379883 14.0313577651978 35.4537315368652 29.1685466766357 10.5401258468628 24.4928779602051 9.26070785522461 8.90731716156006 8.20081520080566 8.02644538879395 7.80128574371338 8.28497695922852 8.65635299682617 8.52717018127441 4.65870189666748 3.199875831604 5.51536798477173 2.37297201156616 3.9052300453186 0.217699080705643 0.824347198009491 0.750056862831116 4.00251865386963 2.11365079879761 1.30705213546753 1.22688317298889 1.21773016452789 1.11997878551483 0.642627596855164 6.63135051727295 3.32350945472717 1.28613257408142 4.36824703216553 0.725294053554535 0.602676689624786 0.554465472698212 4.31965065002441 1.65487313270569 3.83596014976501 4.89743137359619 8.8175802230835 7.24144268035889 5.31641960144043 3.60183000564575
44.9814491271973 36.0962677001953 30.4109210968018 32.6208801269531 25.4415550231934 24.2729511260986 23.8716983795166 14.4277505874634 8.58133125305176 7.85257625579834 7.41312313079834 7.42000389099121 7.51771354675293 7.43488311767578 7.94307518005371 4.02826070785522 3.89063739776611 4.10806369781494 2.42722105979919 3.54135608673096 0.134054511785507 0.27076718211174 2.35887384414673 0.656491756439209 1.22368586063385 1.05748403072357 0.944696247577667 10.3477907180786 0.963531970977783 0.935664713382721 1.82894825935364 3.23990821838379 7.86158847808838 0.179755374789238 0.31261932849884 0.687446594238281 0.328154891729355 5.58070087432861 6.41144275665283 18.7298069000244 3.76278614997864 5.40767431259155 5.15261936187744 6.26015043258667 4.65282249450684 3.5680775642395
37.3819847106934 32.2869529724121 33.4898223876953 33.2715187072754 28.3285484313965 13.4458484649658 12.9595680236816 8.36730861663818 7.81112623214722 7.24550104141235 6.87205457687378 7.10590219497681 6.91708898544312 6.92483329772949 3.81859230995178 3.97204303741455 3.29058957099915 2.82565450668335 1.90168118476868 5.8319525718689 27.168628692627 5.93225336074829 0.444717288017273 0.0737983286380768 0.816412627696991 0.777478575706482 0.852674543857574 0.750764489173889 23.7559146881104 20.0646781921387 11.6665916442871 0.650972902774811 0.0436479449272156 7.18750286102295 3.74579405784607 0.442550718784332 6.13821697235107 6.60783529281616 2.37575650215149 8.42645645141602 20.4693222045898 4.38459396362305 4.33291387557983 4.73369932174683 3.57697677612305 2.23823070526123
28.8847980499268 27.0271034240723 27.3101940155029 20.2260780334473 15.7872133255005 11.6285524368286 8.52095890045166 7.70146036148071 7.04423522949219 6.64734745025635 6.37966537475586 6.76599740982056 6.38707637786865 3.33767867088318 3.64259147644043 3.40149259567261 3.1358048915863 2.4423143863678 1.54724943637848 1.38019990921021 0.770947933197021 0.00739361485466361 0.0166257508099079 -0.247381806373596 0.277756243944168 20.8538703918457 0.514669358730316 12.6365270614624 6.14579820632935 6.90253973007202 0.306967824697495 -0.190987899899483 -0.579364597797394 -0.345144212245941 -0.00821793451905251 2.16508412361145 3.26868081092834 1.95968556404114 5.11262941360474 2.24872589111328 3.65978121757507 4.15457153320312 4.17568731307983 3.10027194023132 5.64599514007568 2.31397843360901
