slauniainen/Data/DEM/Vihti_dsm1500b_cl_horizonAngle_54.asc
NCOLS 196 
NROWS 178 
XLLCORNER 353680 
YLLCORNER 6699024 
CELLSIZE 16 
NODATA_value -3.4e+38 
[rows 100 to 119 of 178, columns 92 to 137 of 196]
8.49440956115723 8.99841403961182 8.66297817230225 9.98773765563965 11.8890743255615 13.0468053817749 18.839563369751 19.0274868011475 15.0432043075562 17.9444122314453 17.2514572143555 17.7942771911621 20.1235256195068 23.2665729522705 22.5566425323486 17.0503578186035 17.8866691589355 16.6285152435303 20.7733974456787 7.19983291625977 7.84242486953735 11.4449472427368 3.25913906097412 3.19341158866882 4.41568374633789 11.6143312454224 9.28917217254639 12.6111106872559 16.816764831543 22.0462265014648 28.814395904541 25.7192974090576 27.8243808746338 10.9911489486694 3.54363346099854 15.7043657302856 18.5541877746582 6.25204420089722 8.29855155944824 14.2706155776978 2.7870090007782 2.05991148948669 2.63888740539551 3.73109745979309 3.46252465248108 3.48889684677124
8.20430850982666 7.35386800765991 8.96488666534424 8.79378509521484 11.6157522201538 13.3286972045898 14.3831300735474 17.1585464477539 14.8266592025757 16.1755294799805 16.3657150268555 15.5770435333252 16.663366317749 15.2703657150269 16.5119037628174 13.5910091400146 8.62648391723633 7.85956764221191 11.8790655136108 5.18034315109253 12.2791500091553 21.3737678527832 17.1257095336914 9.02262783050537 6.6062445640564 9.17288398742676 15.3148584365845 21.4016704559326 19.5880584716797 20.9218673706055 18.9436283111572 16.9530162811279 26.2229156494141 30.1335029602051 9.18688488006592 5.40636205673218 13.5783042907715 9.38116073608398 2.74796104431152 5.41718435287476 1.37668776512146 1.96699523925781 1.56944501399994 1.81043100357056 3.15601515769958 3.05068755149841
6.71845769882202 8.24685192108154 8.83727931976318 9.0003662109375 10.7876272201538 12.802433013916 13.3249168395996 14.0851192474365 18.0055866241455 17.8251876831055 15.9319858551025 13.7453184127808 27.2910213470459 11.5154876708984 23.6130180358887 34.9261093139648 20.3731651306152 10.208643913269 12.4308414459229 7.67596197128296 11.2008953094482 14.6663036346436 11.3101396560669 7.18803119659424 8.75266551971436 18.2823734283447 15.8660898208618 18.6040344238281 15.8350458145142 15.2960529327393 15.2437257766724 16.14306640625 10.7234439849854 8.43634510040283 12.6276168823242 3.53610277175903 5.11548852920532 2.63169741630554 1.628826379776 1.6289439201355 11.1964330673218 23.443286895752 10.1561794281006 1.68541920185089 1.40735733509064 2.9818217754364
7.70032930374146 7.72903680801392 11.0485620498657 10.6583557128906 11.2382860183716 11.8186931610107 13.4710912704468 14.5204963684082 14.9977970123291 19.0445518493652 13.03444480896 13.1063508987427 15.2517938613892 17.7397232055664 16.4851722717285 13.1970996856689 14.2564477920532 19.833101272583 11.663293838501 16.5735130310059 9.93227672576904 5.69514417648315 6.14895248413086 18.5321102142334 13.2295799255371 13.2736988067627 12.6894807815552 13.2720613479614 12.190408706665 12.5147571563721 9.34895420074463 8.92635345458984 9.09669971466064 10.1403541564941 19.3579082489014 11.9409084320068 23.7513561248779 2.12665224075317 0.520420908927917 1.96974623203278 3.3650267124176 1.49488615989685 4.91467571258545 1.29996168613434 1.60749888420105 0.789005696773529
8.98233699798584 8.45232486724854 9.43391990661621 10.2163505554199 10.7240543365479 12.125937461853 12.2644100189209 13.140082359314 12.9473543167114 12.8823614120483 12.9872770309448 18.199275970459 16.281379699707 13.8876638412476 10.7587518692017 15.4590120315552 19.0512866973877 33.7569198608398 14.37766456604 10.8270320892334 16.8791942596436 19.1924076080322 10.2849721908569 10.7498559951782 11.8996753692627 10.933385848999 10.2049427032471 15.5922498703003 11.8568830490112 7.74228525161743 7.47567558288574 8.26367473602295 10.7338924407959 7.44779634475708 7.62396240234375 8.95819854736328 16.4377365112305 21.8082885742188 21.1949024200439 10.9636659622192 15.948938369751 4.74052810668945 20.2307300567627 0.436493456363678 1.74851953983307 2.85615682601929
10.8926982879639 8.07051658630371 8.48598861694336 10.4326477050781 10.9870939254761 11.0563039779663 10.9148693084717 10.8347434997559 11.0824737548828 10.7538156509399 11.5247850418091 13.0723466873169 10.4302129745483 11.1309289932251 11.9274835586548 8.38038349151611 9.96188259124756 10.4682140350342 12.9064493179321 12.9261465072632 11.8291540145874 9.39047431945801 10.017463684082 10.5224914550781 10.688850402832 8.83981800079346 6.4735951423645 6.04301357269287 4.75283718109131 4.9601469039917 3.73585271835327 4.80620336532593 6.20054531097412 6.84861993789673 6.68472766876221 12.5239152908325 11.1848068237305 7.55633640289307 4.36146116256714 2.16506147384644 7.30938720703125 5.90015602111816 11.4805269241333 25.1856422424316 7.26395606994629 1.44930505752563
16.676815032959 11.5544481277466 9.50016593933105 9.47597789764404 10.0116968154907 9.88483047485352 9.8388671875 10.0618762969971 9.67978763580322 9.61271095275879 9.15447616577148 8.4010705947876 8.59748935699463 14.5498533248901 22.594705581665 12.7492256164551 6.99140644073486 5.66315746307373 10.4880447387695 11.9939727783203 8.79616641998291 9.19174766540527 9.77575874328613 13.4514503479004 18.6292991638184 19.0575199127197 12.355731010437 16.071361541748 10.1372079849243 7.85740756988525 4.2804388999939 4.8225245475769 7.09315204620361 15.2182140350342 10.1449270248413 10.7430973052979 18.5276393890381 29.1063442230225 17.0107574462891 14.2965888977051 6.82547092437744 15.1627769470215 8.11923885345459 4.82812023162842 22.0702533721924 11.7590303421021
8.19399642944336 8.93480777740479 8.71379375457764 8.6754093170166 8.5458402633667 8.78311443328857 8.34072589874268 8.78937911987305 8.42923069000244 6.9537034034729 7.39549684524536 7.40604543685913 8.28873062133789 9.35949993133545 10.5588703155518 15.1330757141113 19.6512908935547 9.5538387298584 6.74171876907349 6.74824094772339 7.46387052536011 7.97345542907715 8.3682804107666 12.6497764587402 7.3032808303833 12.2866144180298 10.9494218826294 11.2373266220093 12.1825742721558 22.4023189544678 6.92074584960938 10.3628835678101 8.5717716217041 17.9333381652832 15.6599578857422 12.4736566543579 12.2691679000854 16.0623168945312 13.2752075195312 22.64967918396 13.1358509063721 16.8759536743164 26.0293292999268 13.3124399185181 19.5161514282227 15.7795667648315
8.33922958374023 8.19248104095459 7.92843103408813 7.41891860961914 8.08929443359375 7.66041898727417 7.32833623886108 7.30430316925049 6.31107234954834 6.09087705612183 6.48053026199341 7.25873374938965 7.64940404891968 7.44359254837036 9.82175636291504 7.79466581344604 12.7345819473267 16.6348133087158 21.9006671905518 20.053295135498 19.506986618042 11.6474390029907 5.92802715301514 5.39570713043213 9.03980922698975 13.206109046936 19.7489852905273 17.2411308288574 8.30557727813721 19.9707546234131 11.5400199890137 9.33195495605469 8.72191333770752 7.30797100067139 10.3083229064941 9.20010280609131 8.04365634918213 8.80394744873047 9.14575099945068 10.5317440032959 10.7101898193359 10.0940093994141 8.40176391601562 5.88590955734253 4.14614725112915 -0.177878484129906
6.74374198913574 6.25736236572266 5.96280002593994 6.28725814819336 7.04766321182251 6.79176664352417 5.51421356201172 5.6403956413269 5.42851495742798 6.5948052406311 6.79537773132324 6.91282224655151 5.85589504241943 6.52408981323242 6.65562295913696 8.824294090271 9.94135189056396 8.14524555206299 7.74565839767456 7.41805839538574 13.1142225265503 20.2820091247559 16.1856517791748 6.08692455291748 4.14799451828003 5.16849374771118 8.68262386322021 7.20267391204834 6.16801023483276 11.9579696655273 11.5121803283691 7.65876293182373 7.63049030303955 9.02161121368408 6.81724643707275 6.29765129089355 7.03285360336304 7.56551313400269 4.28828907012939 7.86733245849609 7.735915184021 6.86958742141724 4.33517265319824 5.29608106613159 1.96641981601715 2.93654918670654
5.17380809783936 5.70465993881226 5.01943826675415 5.49473142623901 6.31397247314453 5.09503650665283 5.09624290466309 4.98584985733032 5.89960765838623 6.34784698486328 5.64029884338379 5.3760838508606 5.67085886001587 5.83849811553955 6.5812873840332 7.25825595855713 7.28230714797974 7.52918148040771 7.0856409072876 9.24044132232666 6.54866552352905 6.98912477493286 13.4885683059692 21.4179801940918 5.64932632446289 6.42758274078369 6.12133502960205 11.2635850906372 7.44056510925293 6.16723680496216 8.15563869476318 6.84136009216309 2.60432910919189 1.59586954116821 2.05410122871399 3.54867434501648 7.3169412612915 14.2985820770264 6.94684553146362 4.79634237289429 3.5579252243042 6.34477663040161 14.3943138122559 15.613844871521 11.390251159668 15.0719013214111
4.53157663345337 4.54353189468384 3.87691807746887 3.8375871181488 4.80092620849609 4.54517364501953 5.05264186859131 5.60744762420654 5.86274242401123 5.06329727172852 5.19758319854736 5.53002643585205 5.8650951385498 6.07104825973511 6.28167152404785 6.80947732925415 6.75983572006226 6.76718473434448 7.33266162872314 5.36874532699585 5.81345176696777 9.10217380523682 9.78688144683838 13.2348928451538 12.9740800857544 7.57274580001831 6.0475754737854 7.36315727233887 12.3688344955444 4.1621470451355 12.736499786377 2.0138144493103 1.23550736904144 1.14707720279694 1.81481945514679 2.33448839187622 2.83338332176208 8.65199279785156 13.9814958572388 5.29866552352905 2.87359952926636 0.32501682639122 5.49392414093018 9.02240753173828 10.4127311706543 5.76400279998779
3.00458002090454 3.20401811599731 1.97359263896942 3.07818984985352 4.28569793701172 4.73682880401611 4.99933958053589 5.20549345016479 4.53933572769165 5.0971622467041 5.25420475006104 5.72720766067505 5.89765739440918 5.89121866226196 6.34661102294922 6.12009382247925 5.6819372177124 5.80034399032593 5.08421897888184 5.35273551940918 6.95592880249023 7.01531648635864 6.8785572052002 5.64393997192383 5.39565372467041 5.50481414794922 5.82213926315308 6.13855409622192 9.79330635070801 9.01182270050049 19.3802433013916 3.94841313362122 4.30509376525879 1.44133651256561 1.78904724121094 1.08007788658142 3.16078877449036 5.31724071502686 6.66781330108643 16.1705722808838 20.5346202850342 3.43645453453064 6.19526386260986 6.69037818908691 5.91353321075439 6.16578769683838
2.41501665115356 2.56203603744507 2.22596740722656 2.90086197853088 4.20710611343384 4.63852787017822 4.08415651321411 4.1887469291687 4.83182907104492 5.09039831161499 5.42808294296265 5.52398014068604 5.8293285369873 5.96653175354004 5.70475053787231 5.26147651672363 4.49708843231201 4.60535573959351 4.98715400695801 5.5477991104126 5.35633611679077 5.76088809967041 4.92981958389282 5.11030244827271 5.41057586669922 5.15250635147095 4.87293815612793 4.22206592559814 7.25759172439575 15.3143835067749 9.81122875213623 10.0043106079102 4.15337038040161 0.928747117519379 5.94763565063477 0.63360184431076 0.302343517541885 5.12144994735718 9.30290794372559 4.77654933929443 17.4027137756348 4.93605613708496 2.20993971824646 0.663476347923279 0.793925881385803 3.46902680397034
2.78055286407471 8.03357791900635 1.74307548999786 2.8792929649353 3.3440625667572 3.90112113952637 4.24094486236572 4.45112943649292 4.89970111846924 5.02054357528687 5.15925455093384 5.42339992523193 5.31588411331177 5.35615158081055 5.00407743453979 4.20619106292725 4.28891658782959 4.41265821456909 4.41004800796509 4.83309745788574 4.44803810119629 4.33961248397827 4.6332802772522 5.00986909866333 5.08143186569214 9.36112403869629 15.9849157333374 4.64968252182007 7.097336769104 3.31276297569275 4.58656215667725 12.1043186187744 1.51609969139099 2.30697464942932 8.78046798706055 12.423565864563 -0.369429618120193 0.197129130363464 1.70957863330841 3.92392301559448 14.6527090072632 13.3209009170532 0.40516859292984 -0.181742921471596 -0.159257784485817 9.05564498901367
1.48338949680328 14.4500331878662 2.86132144927979 2.96596384048462 3.06877303123474 4.16057538986206 4.26346683502197 4.68550491333008 4.75409603118896 5.00889444351196 5.1119236946106 4.86336469650269 4.44753265380859 4.34083557128906 4.00148582458496 4.04219150543213 3.74789690971375 4.06780290603638 4.21959018707275 4.03450727462769 4.22934198379517 4.36277914047241 4.37496042251587 4.38734817504883 6.23749399185181 13.5160970687866 4.36816453933716 4.53177309036255 4.37671375274658 2.34657549858093 6.62678098678589 9.31158542633057 0.469244122505188 -0.0172322131693363 0.148492708802223 2.0493700504303 -0.565251410007477 0.497996270656586 0.877263486385345 -0.436015844345093 0.115536041557789 5.8572940826416 -1.09630453586578 -1.16161584854126 4.47563600540161 3.00923824310303
1.32443583011627 2.17391753196716 2.74285674095154 2.91389131546021 3.28129744529724 4.16865730285645 4.46070575714111 4.53381156921387 4.78730964660645 4.5825572013855 4.56444787979126 4.22025060653687 3.53851532936096 3.66270446777344 3.74098110198975 3.42462396621704 3.9096417427063 3.8642213344574 3.74939727783203 3.94928741455078 4.186683177948 4.25965166091919 3.83548974990845 4.5487494468689 4.05488348007202 4.00924634933472 1.40968835353851 3.14231491088867 6.15699338912964 1.98960483074188 5.71601581573486 4.76799297332764 2.88596987724304 -1.14210486412048 -0.675880670547485 -0.851120471954346 -0.453868210315704 1.47221994400024 -0.715302109718323 -1.04247903823853 6.18783855438232 8.30482959747314 10.6756830215454 0.692205965518951 2.4888608455658 2.48270320892334
1.41227638721466 2.382896900177 2.16804337501526 3.07334995269775 3.47942900657654 4.16953182220459 4.46703433990479 4.62270641326904 4.34408712387085 5.78699731826782 3.7898166179657 3.47586584091187 3.39683103561401 3.07047438621521 3.39507603645325 3.48536705970764 3.42957043647766 3.52020573616028 3.73661804199219 3.96231436729431 3.97700548171997 4.09158182144165 7.56850719451904 2.94251775741577 6.87360429763794 0.885992407798767 1.54367983341217 1.83118140697479 0.820367872714996 -0.0548296459019184 -0.133880436420441 2.02833986282349 -1.33536112308502 -1.19838523864746 -1.26278150081635 -1.28068804740906 -1.23137044906616 -1.12784230709076 5.42384147644043 1.53957748413086 -1.42792725563049 -1.39724373817444 -0.125703558325768 7.77526521682739 1.20941007137299 -0.592409431934357
2.73691987991333 14.2565870285034 2.70545959472656 2.84933352470398 3.26836109161377 4.16895914077759 4.37675094604492 4.23491764068604 3.77374696731567 3.74243688583374 3.33090233802795 3.49410915374756 2.93320250511169 3.21388030052185 3.27481722831726 3.05968427658081 3.20610785484314 3.59865140914917 3.93296194076538 3.75954508781433 3.34999394416809 10.5495691299438 16.1672039031982 17.3638572692871 2.18806076049805 4.18803119659424 4.12362241744995 4.50245428085327 9.80460929870605 -0.35881844162941 8.67035484313965 2.19626450538635 -1.42707121372223 -1.66762697696686 -1.48155117034912 -1.35284745693207 -1.5045063495636 -1.16460490226746 8.23684024810791 13.252739906311 4.08258676528931 -0.311812937259674 2.9122359752655 0.703171789646149 17.5712432861328 19.9054794311523
1.59202122688293 2.40187168121338 2.79806399345398 2.23311400413513 3.15627455711365 3.8537654876709 3.79473638534546 3.6789174079895 3.27035903930664 3.73217415809631 3.26751708984375 2.97859930992126 3.06222081184387 3.13272142410278 2.90431594848633 3.02094984054565 3.20961785316467 3.26256251335144 2.84976315498352 3.55971384048462 7.54062032699585 7.60108089447021 14.820517539978 19.3992767333984 1.24066317081451 7.71996879577637 12.4256219863892 -0.862070441246033 4.12346744537354 0.404170304536819 2.17595195770264 1.91206586360931 1.20856809616089 -1.87604141235352 -1.96761167049408 -1.91857039928436 -2.12172770500183 -2.51289105415344 -2.59823966026306 -2.33385062217712 -1.88893306255341 -0.816362261772156 -0.742760419845581 8.33777236938477 6.87223339080811 6.62570476531982
