slauniainen/Data/DEM/Vihti_dem1500b_cl_horizonAngle_42.asc
NCOLS 196 
NROWS 178 
XLLCORNER 353680 
YLLCORNER 6699024 
CELLSIZE 16 
NODATA_value -3.4e+38 
[rows 0 to 19 of 178, columns 0 to 44 of 196]
1.290030241012570 1.72856104373932 2.10760855674744 2.34157586097717 2.66270613670349 3.19885945320129 7.00919532775879 13.9799795150757 19.0847053527832 6.16447067260742 6.13833522796631 6.78777885437012 8.621506690979 11.7892608642578 14.9528474807739 18.4846496582031 19.5699863433838 14.4685716629028 10.973653793335 6.85083866119385 2.76496934890747 2.20283889770508 2.53249835968018 1.41857147216797 1.01588022708893 1.16244220733643 1.69785332679749 2.8836498260498 4.62698125839233 3.39876365661621 3.77246403694153 6.18760347366333 4.20456790924072 2.28670120239258 1.99239718914032 1.76574397087097 2.48063039779663 2.02186131477356 1.7606680393219 0.862949013710022 0.92458963394165 1.48160660266876 2.3369026184082 3.63814425468445 4.17505311965942
1.44531202316284 1.71544015407562 1.99045753479004 2.39272379875183 2.8655469417572 3.58299660682678 5.17340755462646 15.019603729248 20.0967407226562 9.67083740234375 6.21841955184937 7.05057573318481 10.2193145751953 12.6376438140869 15.4439754486084 19.0153350830078 20.0895671844482 15.835825920105 11.049430847168 9.73629665374756 4.09704637527466 2.02392101287842 1.24935638904572 0.967293262481689 0.694587290287018 0.726418256759644 1.2445342540741 2.19460487365723 2.98669838905334 2.55795669555664 3.14513683319092 4.35105323791504 5.86001396179199 4.06675434112549 2.42519092559814 1.8452125787735 1.98829889297485 2.60323619842529 2.52943253517151 0.667189180850983 0.912190198898315 1.01203966140747 2.17406678199768 3.49487328529358 4.94632959365845
1.52812898159027 1.82694327831268 2.15915751457214 2.55903887748718 3.04633593559265 4.08568620681763 5.14534330368042 12.5238132476807 21.660982131958 12.3790731430054 6.50891923904419 7.509352684021 11.1631755828857 13.2352952957153 15.9470653533936 17.8024005889893 20.1792278289795 16.1215362548828 12.1755781173706 10.2497797012329 4.65816831588745 1.9056077003479 1.35740578174591 0.496904700994492 0.246289327740669 0.521623313426971 0.991904497146606 2.06687331199646 2.48762369155884 2.47364211082458 2.72354674339294 3.45712852478027 3.58747053146362 3.51575565338135 2.6157865524292 1.88516712188721 1.83105385303497 2.3901219367981 2.9186909198761 0.715109944343567 0.575189888477325 0.714857578277588 2.25881338119507 3.90934443473816 6.16835117340088
1.73353505134583 2.04613089561462 2.38731479644775 2.63933181762695 3.51502466201782 4.49360847473145 5.40299272537231 9.20875644683838 16.7795562744141 13.4298734664917 6.77824926376343 8.31655311584473 11.5298566818237 13.5503931045532 16.414342880249 16.9902667999268 17.2700519561768 15.7798633575439 13.0114870071411 11.3138675689697 7.89183759689331 2.67572045326233 3.60874319076538 0.0998807922005653 -0.254301011562347 0.125263601541519 1.08483529090881 2.06239533424377 2.39537119865417 2.53011751174927 2.57200527191162 2.60079431533813 2.36264324188232 1.96604478359222 1.82292628288269 1.78676640987396 1.59160697460175 1.75512385368347 2.94210171699524 2.82295632362366 1.6158698797226 1.63859915733337 2.76897048950195 4.67145967483521 4.86273670196533
2.00617527961731 2.27373719215393 2.4353346824646 3.05313396453857 3.96886920928955 4.88269853591919 5.53490161895752 7.39321994781494 10.868444442749 14.2932386398315 7.44961786270142 9.01880264282227 11.7377033233643 14.021936416626 16.4034328460693 16.074878692627 15.1798276901245 14.8807497024536 14.7314901351929 12.9701795578003 7.69243574142456 2.3007972240448 7.3768424987793 5.03531837463379 -0.315931439399719 0.0638593137264252 1.01813125610352 1.82946884632111 2.27524995803833 2.40546846389771 2.2122848033905 2.41957926750183 3.26543378829956 3.34489703178406 2.2447452545166 2.17806005477905 1.5975444316864 2.12531733512878 4.14455556869507 4.39338445663452 2.94214034080505 2.79369926452637 3.90264844894409 4.8830304145813 4.41527986526489
3.95438885688782 3.55990386009216 2.86474108695984 3.64832854270935 4.54380035400391 5.2093653678894 5.6199631690979 6.12008571624756 7.78801679611206 10.3284330368042 8.4801082611084 10.4039831161499 12.5610485076904 14.3848171234131 18.3907070159912 18.7899627685547 15.316520690918 13.9850816726685 16.2306442260742 16.6276454925537 9.60018730163574 5.2428035736084 4.38883256912231 2.30932211875916 -0.367104291915894 0.0664120092988014 0.860314548015594 1.60032343864441 2.03955841064453 2.02372860908508 2.13763809204102 2.91208171844482 4.10327339172363 5.49029397964478 6.05394840240479 4.03223085403442 3.88907027244568 3.7025101184845 3.55372643470764 2.82025575637817 3.15860223770142 3.48336577415466 4.0518536567688 3.73121905326843 2.67837285995483
5.1620831489563 9.3503246307373 3.63601016998291 4.11968755722046 4.48246622085571 5.22061777114868 5.75148868560791 6.06976747512817 6.88302612304688 8.21499061584473 9.4390697479248 10.5599002838135 12.1694641113281 14.493766784668 18.7247829437256 25.2157936096191 19.4677696228027 14.4020051956177 15.5930814743042 20.4426403045654 13.4903993606567 4.83201694488525 2.3153977394104 -0.523460745811462 -0.400176227092743 0.197934791445732 0.839904189109802 1.26425325870514 1.54330480098724 1.78970193862915 2.24758720397949 2.92981505393982 3.84243535995483 5.04215240478516 8.29460048675537 7.80851554870605 5.51935005187988 2.89845848083496 2.38730454444885 2.20339226722717 2.58851027488708 3.46690583229065 3.23605036735535 2.26595115661621 1.62813103199005
5.72719860076904 6.50890398025513 8.07029247283936 7.53539896011353 4.72968101501465 5.27235794067383 5.76233530044556 6.16336822509766 7.36041975021362 8.49363708496094 9.38977813720703 10.685133934021 11.9968585968018 14.5482349395752 19.0149002075195 26.979679107666 27.0958023071289 16.2098579406738 17.0835914611816 20.552864074707 19.225700378418 8.38208866119385 4.21976661682129 -0.622961103916168 -0.237238392233849 0.164437040686607 0.562289893627167 0.951519131660461 1.28140890598297 1.63223516941071 2.13584589958191 2.3875150680542 3.29508709907532 3.84098672866821 3.71249127388 3.55858397483826 5.41432952880859 4.56384992599487 2.60591602325439 2.39449286460876 2.79442191123962 2.82095384597778 2.00119853019714 1.41537809371948 0.707114815711975
3.59596633911133 5.19317722320557 5.46967267990112 4.7222375869751 5.0233473777771 5.3803277015686 5.82763242721558 6.75764131546021 7.69681644439697 8.45308208465576 9.55043125152588 10.5385942459106 11.7355051040649 14.1927623748779 17.7217273712158 23.367639541626 31.5072975158691 21.9353942871094 16.5012760162354 19.6853485107422 24.9287109375 19.3135986328125 8.83015918731689 -0.426169008016586 -0.346437186002731 -0.163566082715988 0.199264392256737 0.706591486930847 1.1143444776535 1.64536941051483 2.05982542037964 2.32098603248596 2.40049242973328 2.44155597686768 2.74172425270081 3.56051802635193 4.15632629394531 4.75071573257446 2.5499472618103 2.62438178062439 2.51886439323425 1.80067574977875 1.25711715221405 0.630231320858002 0.228832006454468
3.99029684066772 4.42284059524536 4.60307264328003 4.82305908203125 5.07152414321899 5.4451904296875 6.12317609786987 7.03585815429688 7.70160055160522 8.73624801635742 9.56504821777344 10.2860116958618 11.4341878890991 13.8113126754761 17.0835800170898 21.0026359558105 26.3150825500488 27.4731121063232 17.8183765411377 21.2629432678223 21.5277576446533 22.9010696411133 14.6613941192627 -0.27749502658844 -0.476206690073013 -0.30368646979332 -0.0649228170514107 0.463332265615463 1.1164847612381 1.56693935394287 2.1325478553772 2.30463147163391 2.12266135215759 1.84459149837494 1.79830026626587 2.55709314346313 3.02101874351501 2.22045230865479 2.36198568344116 2.20930075645447 1.42924726009369 0.948273122310638 0.566601514816284 0.212554112076759 0.494114518165588
4.19478607177734 4.49900674819946 4.64678239822388 4.76497745513916 5.08125352859497 5.54969120025635 6.41887092590332 7.13803100585938 7.93252658843994 8.75188732147217 9.51481056213379 10.3351497650146 11.4717359542847 13.3256378173828 15.6020622253418 18.4270668029785 22.2725315093994 25.3856639862061 20.2605419158936 18.9696559906006 21.1969509124756 21.1273021697998 20.9896621704102 7.68894481658936 -0.278909862041473 -0.191172569990158 0.00614772830158472 0.56681877374649 1.03891134262085 1.50005865097046 2.10308527946472 2.16334629058838 1.79797995090485 1.40455424785614 1.14503419399261 1.58924996852875 1.94364476203918 2.14695262908936 2.00820231437683 1.38181436061859 0.378080636262894 0.0206717178225517 0.136944726109505 0.454822152853012 0.940299510955811
4.27073001861572 4.53574085235596 4.59398794174194 4.80389976501465 5.07371807098389 5.8781566619873 6.6069598197937 7.30605745315552 8.25831031799316 8.90101528167725 9.59891700744629 10.4416065216064 11.5559434890747 13.0426559448242 14.7727870941162 16.784782409668 18.6472187042236 19.6485862731934 18.8409862518311 19.2100372314453 20.5416851043701 20.8721790313721 23.0285377502441 18.0661735534668 6.25549411773682 2.32779932022095 0.293697953224182 0.693189382553101 1.05174350738525 1.39925074577332 1.95834469795227 1.77597749233246 1.3976047039032 1.00603628158569 0.877746403217316 1.31847286224365 1.85341858863831 1.80646085739136 1.29124796390533 6.07242107391357 3.61418867111206 -0.122693665325642 0.330069422721863 0.848256945610046 1.7015472650528
4.37182569503784 4.46966648101807 4.64974880218506 4.81873941421509 5.27231693267822 6.09377002716064 6.82285356521606 7.77872896194458 8.41310214996338 9.15275096893311 9.99463081359863 10.5914545059204 11.7563323974609 12.8185033798218 14.1087865829468 15.1006412506104 17.0698471069336 17.3543968200684 18.67311668396 17.6499500274658 18.5468425750732 18.8511810302734 16.777458190918 17.5659465789795 12.1531295776367 6.47254371643066 1.88326108455658 0.852905035018921 1.12588012218475 1.40381860733032 1.60743761062622 1.38561153411865 0.728428363800049 0.698639750480652 1.11018717288971 1.42919671535492 1.50628638267517 1.17194938659668 2.9965980052948 2.35836815834045 2.57780694961548 0.301053911447525 0.73030298948288 1.32316434383392 2.95800709724426
4.36375617980957 4.49162817001343 4.6187105178833 4.78125715255737 5.35407781600952 6.47606801986694 6.96618127822876 7.71364736557007 8.52132034301758 9.26632881164551 10.2468252182007 10.9693250656128 11.9095277786255 12.8049020767212 12.9366483688354 12.5978136062622 12.784839630127 15.6722869873047 16.3948841094971 17.2557735443115 16.7803077697754 14.6720371246338 12.809718132019 8.73390197753906 6.00480890274048 3.78046560287476 0.815890073776245 0.838394403457642 0.912859737873077 1.15849101543427 1.27405190467834 0.937470614910126 0.785116255283356 0.935316145420074 1.24468958377838 1.25089478492737 1.16386806964874 1.75831174850464 1.52443885803223 1.27302753925323 0.289778143167496 0.667182147502899 1.12367534637451 2.25942039489746 4.77049589157104
4.30092477798462 4.4856858253479 4.59069299697876 4.86049222946167 5.72016477584839 6.75193881988525 6.83831405639648 7.82281494140625 8.55620002746582 9.3704948425293 10.3138008117676 11.297266960144 11.9709157943726 12.2473173141479 12.2754878997803 10.903003692627 10.4871826171875 11.4347143173218 14.0019464492798 14.7242488861084 14.3048801422119 16.0075778961182 12.9684371948242 6.7357292175293 3.37507510185242 1.8990079164505 0.531375706195831 0.380354940891266 0.431899845600128 0.54073965549469 0.500800967216492 0.251433283090591 -0.0430072918534279 0.196839675307274 0.484661787748337 0.719085812568665 0.494584292173386 0.279829949140549 0.325831979513168 0.202124416828156 0.546032845973969 0.877345263957977 1.65504610538483 2.96097087860107 4.14182662963867
4.30376815795898 4.4435658454895 4.67357492446899 5.28444957733154 5.98362922668457 6.7640585899353 7.23677778244019 7.86509418487549 8.62701511383057 9.43546104431152 10.5390186309814 11.5810632705688 11.6910934448242 14.0948266983032 15.263331413269 9.46397972106934 8.87455177307129 9.41058444976807 10.8213577270508 11.2498502731323 11.867283821106 13.5770645141602 16.7844696044922 10.0845670700073 3.32179284095764 5.45509004592896 1.13131010532379 0.220388546586037 0.143769755959511 0.0137184811756015 -0.134385198354721 -0.151509925723076 -0.198529466986656 -0.362372040748596 -0.317768067121506 -0.421980291604996 -0.603998363018036 -1.04786443710327 -1.23552024364471 -0.68089884519577 -0.0385917909443378 0.913998007774353 1.97434389591217 2.50090742111206 3.03284215927124
4.31199979782104 4.43149137496948 4.98910522460938 5.5893726348877 6.2268443107605 6.79561996459961 7.35701417922974 7.96757650375366 8.72100925445557 9.668532371521 11.0521802902222 11.471061706543 12.1819486618042 21.0220050811768 19.1887645721436 8.34757804870605 8.05038738250732 8.00765419006348 7.52467966079712 8.08903217315674 8.33650016784668 10.3607206344604 15.8548307418823 17.839958190918 7.28891086578369 3.75582528114319 1.54529440402985 0.131120681762695 -0.085540696978569 -0.427493959665298 -0.369658082723618 -0.30076014995575 -0.454854071140289 -0.730579316616058 -0.907833993434906 -1.00436449050903 -1.26651382446289 -1.85628151893616 -1.81101107597351 -1.32212495803833 -0.541404664516449 0.536023437976837 1.32645964622498 1.55562543869019 1.28834366798401
4.31958341598511 4.80472707748413 5.27539968490601 5.80607509613037 6.3581748008728 6.69990110397339 7.44295358657837 8.13201808929443 9.11477661132812 10.2277164459229 10.9539165496826 11.9114761352539 16.2642498016357 26.6858825683594 20.3097286224365 7.71432018280029 7.35668134689331 6.22062730789185 5.91882085800171 5.39168977737427 4.99188232421875 6.03565263748169 11.5460433959961 18.9294185638428 17.8612957000732 8.28695774078369 3.83651185035706 -0.110159046947956 0.0261188708245754 -0.524440050125122 -0.439645349979401 -0.49655294418335 0.542375385761261 -0.99011105298996 -1.22362220287323 -1.34331095218658 1.01976466178894 -1.86267077922821 -1.61368370056152 -1.00659871101379 -0.187007710337639 0.337586879730225 0.627476453781128 0.233540967106819 -0.11404225230217
4.68903064727783 5.13502645492554 5.51801919937134 5.97453212738037 6.60386371612549 6.86921310424805 7.91545486450195 8.83145236968994 9.62139511108398 10.2835779190063 11.3219938278198 14.2044477462769 20.3124313354492 29.835823059082 17.5353183746338 7.01350212097168 6.00528240203857 5.80762243270874 4.91277694702148 4.17394065856934 3.03976058959961 2.68889594078064 6.00000667572021 11.8644075393677 20.4115581512451 16.5999183654785 11.5482416152954 6.08751153945923 2.55285859107971 -0.447343856096268 -0.457178831100464 -0.288348376750946 2.76297926902771 0.128372490406036 -1.39323616027832 -0.235879898071289 5.85045528411865 1.23344314098358 -1.30135691165924 -0.524800777435303 -0.0436809062957764 0.334246754646301 0.228591024875641 -0.280613005161285 -0.625936448574066
4.88592672348022 5.23580169677734 5.66496086120605 6.28245973587036 6.8077712059021 7.40510225296021 8.36459064483643 9.06326961517334 9.60302829742432 10.5959005355835 12.2672653198242 17.1994304656982 22.9848194122314 33.5626411437988 22.6828861236572 10.6515197753906 5.68695688247681 4.84042024612427 4.08212280273438 5.52669954299927 2.13152432441711 2.42656779289246 3.63541197776794 6.87947273254395 11.9766407012939 18.5117835998535 16.6753463745117 16.3701705932617 7.73534727096558 -0.19718511402607 0.925072491168976 1.2507928609848 2.14393401145935 2.24760007858276 -0.787109911441803 0.88587498664856 4.89939546585083 6.25077867507935 0.324222147464752 -0.223131716251373 0.0401610620319843 1.41851353645325 4.11868762969971 1.57994568347931 4.64981985092163
