slauniainen/Data/DEM/Vihti_dsm1500b_cl_horizonAngle_60.asc
NCOLS 196 
NROWS 178 
XLLCORNER 353680 
YLLCORNER 6699024 
CELLSIZE 16 
NODATA_value -3.4e+38 
[rows 120 to 139 of 178, columns 46 to 91 of 196]
2.40203189849854 6.61101198196411 6.92091464996338 6.75822353363037 7.19212436676025 7.06511831283569 7.62774133682251 8.89316558837891 9.60857105255127 9.94569969177246 11.2687005996704 10.7032318115234 13.3804922103882 16.5293579101562 23.4925651550293 19.7109336853027 32.4409561157227 43.6841163635254 41.5639038085938 0.39890131354332 0.441044449806213 1.82797574996948 2.77447557449341 6.28818655014038 9.5764102935791 13.4175338745117 7.15162134170532 25.0422325134277 12.958348274231 20.6229705810547 0.51368635892868 6.56351232528687 -0.191120594739914 -0.215730160474777 4.22558116912842 8.14962291717529 9.83853912353516 0.0174212474375963 0.318526357412338 0.368094384670258 0.495625168085098 0.705510914325714 0.442836791276932 0.613770127296448 0.393481492996216 0.182516038417816
6.03519344329834 6.30451726913452 6.10218095779419 5.84695148468018 6.30357837677002 7.35015773773193 7.82860136032104 7.39803171157837 8.23209953308105 7.3517107963562 8.99715423583984 11.3880519866943 12.499002456665 14.0144681930542 20.1158084869385 22.8096733093262 18.9939594268799 28.8393630981445 40.2125091552734 12.3336553573608 4.0942497253418 1.66035759449005 7.13272476196289 6.32862663269043 5.18438720703125 2.6388304233551 3.16855335235596 0.102561421692371 -0.552566289901733 0.0202294234186411 4.91266012191772 1.10980308055878 5.188880443573 3.58099389076233 5.66734075546265 13.2879362106323 16.9650363922119 0.209666147828102 3.05318284034729 0.306589007377625 0.362060219049454 0.216235965490341 -0.217517033219337 -0.305667579174042 -0.222629308700562 1.23455929756165
5.34014129638672 5.54482650756836 5.26764678955078 5.68935060501099 6.63137340545654 6.04884004592896 6.49750709533691 6.97979736328125 7.07377767562866 9.01705932617188 9.74504375457764 10.5161066055298 14.2819004058838 16.0805339813232 14.4945106506348 8.21311855316162 20.6695156097412 23.6975650787354 33.9634437561035 4.54744625091553 9.74079704284668 5.11879110336304 3.27240586280823 9.62677955627441 3.20401477813721 10.3808441162109 24.065113067627 19.0316734313965 5.01303672790527 1.22957682609558 -0.320499330759048 1.20986068248749 2.63617467880249 3.76551628112793 8.92621231079102 7.24479293823242 15.6761445999146 6.66134548187256 11.192925453186 0.108833655714989 -0.0930771008133888 -0.388417512178421 -0.565459132194519 -0.409577935934067 -0.243843913078308 -0.14971911907196
4.61472845077515 4.93927335739136 5.73588180541992 6.00328969955444 5.41694021224976 5.70936679840088 5.8464789390564 7.39844751358032 7.8956446647644 8.28972816467285 8.96956062316895 11.9447803497314 10.9605360031128 23.9351558685303 33.8824424743652 7.11224317550659 18.570837020874 29.0540046691895 30.2983474731445 4.51556015014648 4.19833517074585 7.93722677230835 3.69901037216187 0.646828472614288 7.13462781906128 7.35474443435669 7.85188102722168 15.2868795394897 7.7357816696167 12.0415563583374 0.545530259609222 1.62755966186523 3.84155035018921 5.09989547729492 12.5946788787842 6.10704708099365 2.61570525169373 -0.156152859330177 -0.135263785719872 -0.416032195091248 -0.907534778118134 -0.841197192668915 -0.569731295108795 -0.509599804878235 -0.141140148043633 0.391626209020615
5.12453126907349 5.28790092468262 4.7704963684082 4.93522071838379 4.24169445037842 5.21146535873413 6.64247465133667 6.75847101211548 7.19042873382568 9.37178134918213 10.1993465423584 12.7424468994141 15.4320230484009 24.056339263916 34.3854217529297 4.29630088806152 9.40514278411865 27.7380867004395 3.47797083854675 4.24987983703613 5.74012088775635 4.30772304534912 0.583904922008514 1.88666772842407 1.28610038757324 5.86620473861694 5.73262691497803 3.89164686203003 0.108580693602562 4.30863332748413 0.730304777622223 5.68263530731201 3.40445518493652 4.12734317779541 17.6455574035645 6.68783092498779 3.96553254127502 -1.29801523685455 -1.12300109863281 -1.1515771150589 5.2211012840271 -1.58097171783447 -1.23691117763519 -0.865393400192261 -0.741455137729645 -0.127516716718674
4.34826993942261 4.45041131973267 4.34901142120361 4.50634336471558 1.63708353042603 0.748902380466461 0.290490955114365 1.69538223743439 1.87362945079803 1.27723968029022 9.69949054718018 12.765326499939 15.5445108413696 28.5515956878662 39.9075889587402 31.4416427612305 18.643217086792 18.9457969665527 39.6128120422363 15.7248029708862 2.45135855674744 5.19639348983765 4.82502508163452 9.52182102203369 0.906679093837738 0.342849165201187 5.12907457351685 18.4493675231934 6.75594091415405 10.4783458709717 7.70684909820557 15.5228538513184 4.36363697052002 8.16021537780762 5.64777088165283 8.36908531188965 3.92321753501892 4.69630718231201 -2.35141968727112 -1.84621715545654 1.4715211391449 1.96550059318542 -1.53348505496979 -1.28029930591583 -1.08941066265106 -0.509412229061127
-0.162382498383522 0.167478129267693 0.576220989227295 7.57837724685669 11.7509517669678 0.133287042379379 9.9584846496582 12.7906446456909 7.17074680328369 1.60976123809814 2.16651558876038 15.2845802307129 18.5333728790283 14.3100557327271 18.2077350616455 25.4921112060547 32.7812767028809 19.3232955932617 32.4655723571777 44.3087921142578 26.6955471038818 1.62510442733765 2.47495460510254 -0.459786266088486 6.80220937728882 3.1911826133728 2.80714678764343 1.93651008605957 2.58869051933289 3.10514974594116 3.49285435676575 5.85415840148926 11.4016218185425 13.5200052261353 9.67954540252686 9.86970901489258 0.944546103477478 9.69094085693359 7.32161331176758 9.92153930664062 -1.58037352561951 -1.76162552833557 -1.58928680419922 -1.29997396469116 -0.890802264213562 -0.262288063764572
4.1759729385376 0.86038213968277 6.68877267837524 14.2550964355469 13.3901977539062 0.715557515621185 2.25372099876404 10.3263263702393 13.5442123413086 1.51318740844727 1.58308744430542 2.05170631408691 12.4307432174683 14.1202278137207 15.0017967224121 12.4499883651733 18.70583152771 22.278657913208 21.5223083496094 28.7810935974121 37.7390747070312 12.2232351303101 17.2286987304688 1.96897315979004 2.93198418617249 4.60519456863403 6.63498163223267 7.04635095596313 3.28223824501038 1.59291934967041 5.40130281448364 7.55590009689331 11.3809852600098 15.048734664917 20.5500793457031 22.6343612670898 5.16831207275391 3.47271180152893 10.7842388153076 13.6114139556885 18.5633010864258 5.83311080932617 -1.49945998191833 -1.15883648395538 -0.560573399066925 -0.656912744045258
4.66671991348267 1.02935862541199 9.93795204162598 8.08690357208252 17.3775310516357 5.47951507568359 5.38022613525391 4.89480018615723 2.26179099082947 8.7070779800415 2.5014271736145 2.47138833999634 3.29151082038879 2.43412160873413 12.9907217025757 14.7466135025024 14.1642427444458 16.0800762176514 19.4424114227295 23.792308807373 33.8012504577637 11.1414556503296 9.22003650665283 3.36693358421326 0.944796025753021 1.90131080150604 1.84628891944885 2.83744502067566 2.46463346481323 4.11503744125366 4.66512870788574 7.1276593208313 11.3393068313599 15.8291893005371 16.3131370544434 11.972767829895 16.4253749847412 9.93675136566162 7.30058813095093 4.37661743164062 3.67976713180542 0.0289896279573441 -1.91282081604004 -1.35055005550385 -0.871115803718567 -0.475598275661469
3.55483889579773 2.3295693397522 15.0733366012573 4.23769474029541 3.50561785697937 2.74041604995728 1.28954911231995 7.81272745132446 1.63152277469635 6.01250123977661 10.3298816680908 1.51983332633972 2.53809118270874 3.35016822814941 4.64614009857178 11.2776622772217 12.7094573974609 12.6857662200928 15.3669290542603 19.3009452819824 28.0453605651855 9.80195617675781 7.165358543396 10.9093179702759 1.54440057277679 5.201003074646 1.80579268932343 9.0812463760376 2.80108523368835 3.74695467948914 5.41277122497559 7.7886323928833 7.41424560546875 8.63850879669189 13.4331378936768 8.69689559936523 12.3121976852417 17.5619316101074 12.6116590499878 17.9615383148193 15.4277935028076 10.096435546875 -1.41113829612732 -1.03523850440979 -0.818400621414185 -0.681821942329407
22.6912002563477 1.34335350990295 2.55066442489624 1.26049590110779 1.08347988128662 14.5989770889282 1.51392841339111 1.9631861448288 12.458589553833 1.86096560955048 3.7787172794342 2.64979982376099 1.09289765357971 2.35062026977539 1.3318418264389 3.22656393051147 10.6629981994629 10.6026458740234 12.5893659591675 18.1675624847412 26.5849800109863 35.523551940918 0.160212084650993 10.2583456039429 9.60689544677734 2.21932196617126 2.25286078453064 7.80067300796509 3.74711132049561 12.0674858093262 3.48712682723999 7.26018524169922 4.43820285797119 5.72129678726196 6.7308611869812 22.0159778594971 15.5106554031372 15.5717153549194 9.8656530380249 11.9190435409546 9.00509452819824 3.48615431785583 2.22364473342896 -0.647486686706543 -0.985017418861389 -0.611389994621277
13.8896684646606 23.4623622894287 20.0053768157959 25.773458480835 22.9092292785645 5.43318319320679 6.7724928855896 1.43585300445557 0.77429610490799 1.18326985836029 4.48239755630493 11.1754627227783 5.86131572723389 14.6270294189453 4.1790714263916 1.2043365240097 -0.0684003233909607 9.77576637268066 13.4928550720215 16.1191577911377 34.501392364502 46.8979148864746 31.9758853912354 6.05661821365356 10.2555675506592 22.9084129333496 24.7227172851562 17.2593479156494 15.7580575942993 2.43394565582275 1.18944919109344 3.86256384849548 4.42585754394531 4.51956367492676 6.66848087310791 13.363748550415 8.46457958221436 6.04980516433716 8.67555236816406 10.0871706008911 5.79629230499268 7.78339529037476 2.42405700683594 3.52320194244385 0.312791645526886 -0.39576467871666
9.71376514434814 16.1660709381104 11.3769092559814 24.3857936859131 16.904670715332 20.2579898834229 0.699926257133484 22.5938987731934 1.09615707397461 1.00307953357697 0.372840315103531 0.395395308732986 12.5690593719482 3.18820428848267 20.1919536590576 9.11776256561279 1.81114327907562 1.18069934844971 19.3577289581299 23.1512088775635 14.0568027496338 22.5770950317383 32.7104454040527 20.3432312011719 3.22182655334473 17.4613933563232 22.5489139556885 30.0334300994873 19.9565925598145 11.0359239578247 2.34497356414795 2.31128835678101 3.11130237579346 5.0003776550293 8.50446128845215 5.35730886459351 6.11381483078003 15.4296998977661 7.29124116897583 11.9536323547363 3.14338231086731 12.760838508606 9.24031352996826 5.76034736633301 0.361374527215958 12.5816764831543
13.2854766845703 8.38612937927246 13.1345672607422 14.2231187820435 26.1131935119629 27.2247276306152 12.5555648803711 2.57150721549988 19.8185806274414 16.7228298187256 4.18044328689575 -0.00342363840900362 2.52792453765869 8.35931587219238 13.862229347229 12.6561527252197 15.3800220489502 11.4180755615234 6.40024614334106 11.9729671478271 14.5331878662109 14.1682424545288 24.9310989379883 36.1766700744629 3.8170702457428 17.1959037780762 19.9581966400146 28.501537322998 34.900993347168 6.48317861557007 9.02797508239746 1.55185067653656 4.29227447509766 6.09241580963135 6.3488507270813 2.83668565750122 4.32814931869507 3.69875502586365 3.05493640899658 2.73930478096008 5.47914505004883 21.4662399291992 13.0905981063843 36.4474449157715 4.96578693389893 10.2386417388916
21.0527839660645 10.5056180953979 17.0407295227051 16.9835090637207 18.2077541351318 18.2391910552979 20.0430812835693 9.08990669250488 12.5527315139771 18.4765758514404 34.1980857849121 27.5703792572021 1.09550762176514 0.82948637008667 0.369281023740768 4.74484205245972 5.60312795639038 9.47491836547852 9.08470249176025 9.25692558288574 13.3110647201538 15.6609869003296 23.8540115356445 35.3620262145996 10.5889339447021 15.3354930877686 17.5657958984375 28.0622959136963 36.9912261962891 33.4831657409668 11.5409898757935 1.17138934135437 3.21621465682983 4.74273443222046 8.24514389038086 3.47762942314148 2.32788228988647 2.78430199623108 8.36035823822021 18.9838943481445 14.3118019104004 18.7142944335938 9.26177597045898 16.6112384796143 5.19309425354004 6.28011560440063
12.9220666885376 11.5814008712769 10.3251914978027 14.1436958312988 16.970100402832 8.57922172546387 6.17648601531982 9.39461708068848 9.26185131072998 2.76668047904968 0.67945796251297 19.6098289489746 12.4423656463623 16.9186153411865 2.70081686973572 5.70981121063232 4.99068546295166 7.34396839141846 8.89192008972168 9.92727947235107 12.9387769699097 16.0245323181152 7.5970778465271 14.7979640960693 12.7990798950195 16.4795398712158 18.8851127624512 16.9997882843018 22.4746036529541 32.5682945251465 45.0731735229492 2.13462018966675 1.72808873653412 5.55382871627808 4.64214324951172 19.1799697875977 8.29728603363037 6.66167640686035 9.60572910308838 13.7558689117432 5.76916885375977 6.22125720977783 4.45944213867188 3.10813117027283 3.08787417411804 10.0533428192139
8.06484985351562 8.28346729278564 11.2515087127686 4.88071775436401 14.2603130340576 8.54065418243408 5.64643573760986 9.79706954956055 25.6052665710449 22.1108169555664 5.8552041053772 7.40515279769897 2.61252808570862 0.0155164925381541 0.705695152282715 0.827345848083496 4.19760942459106 7.50863122940063 8.65108203887939 9.7232837677002 10.1207695007324 16.3250465393066 9.61968040466309 11.6174850463867 13.085506439209 9.61574459075928 13.440146446228 16.8289108276367 20.0750064849854 20.0414619445801 33.3169326782227 0.915541112422943 2.24848294258118 3.44083523750305 3.59460353851318 6.80787372589111 0.324525713920593 3.84149408340454 2.12030482292175 2.4495677947998 2.13847160339355 4.86893463134766 3.74214887619019 3.95218062400818 5.83911180496216 11.4744682312012
11.5736074447632 20.376293182373 20.5164546966553 7.49082660675049 12.1970739364624 20.2510986328125 7.9925332069397 2.95770359039307 5.49526262283325 5.61746835708618 21.4179286956787 13.0025081634521 31.8261070251465 7.50360012054443 1.14848792552948 0.679870784282684 3.14317607879639 6.91282844543457 6.78305196762085 7.21776533126831 7.68170595169067 8.53885841369629 9.78462505340576 9.64235782623291 14.0641136169434 13.0532674789429 8.31023693084717 9.81642246246338 12.5044927597046 22.4504470825195 13.1278247833252 0.893360733985901 1.22707080841064 9.12220859527588 1.33075296878815 1.75880455970764 0.409784317016602 -0.0375608839094639 0.0640595480799675 0.67044460773468 1.46078789234161 4.24605083465576 10.6888866424561 11.3989658355713 10.0043487548828 13.4260272979736
6.75023555755615 6.53594970703125 8.23168468475342 4.78481483459473 6.70344018936157 5.80724048614502 17.5462188720703 4.29297780990601 2.47497940063477 11.8927669525146 27.9661407470703 6.40227937698364 1.14472258090973 13.1276931762695 15.8681945800781 1.80023372173309 2.30120849609375 6.13878583908081 6.60402870178223 7.09541034698486 7.64046287536621 8.27161598205566 8.35604381561279 8.52971839904785 17.9066963195801 26.4170970916748 7.56840562820435 10.3296384811401 0.995101630687714 0.131491959095001 6.74909830093384 11.6584987640381 7.00051403045654 23.5642318725586 13.7290821075439 -0.412797570228577 -0.698527276515961 -0.748095870018005 -0.00456535071134567 0.446846395730972 1.50782012939453 5.69213819503784 8.19635486602783 9.75802993774414 12.9260377883911 4.09107637405396
7.14908361434937 4.6155252456665 19.8558158874512 5.73113536834717 0.933294713497162 2.61570596694946 1.09019267559052 6.99781894683838 5.49967479705811 1.59440231323242 17.6919116973877 8.11513996124268 8.56669902801514 1.47610855102539 1.40828013420105 2.05144572257996 3.0558876991272 5.976891040802 6.45781373977661 6.85809230804443 6.93994474411011 3.06890249252319 4.20082330703735 7.5921049118042 6.54970407485962 8.2593355178833 22.2475147247314 32.2507629394531 36.1291732788086 -0.736859023571014 -1.11451017856598 4.25530385971069 13.2692928314209 15.1692428588867 5.80427408218384 -1.01090550422668 -0.898867666721344 -1.08311903476715 -0.917911648750305 -0.447247207164764 3.51651692390442 3.65048265457153 10.4575166702271 5.26943111419678 10.9969596862793 9.13331031799316
