slauniainen/Data/DEM/Vihti_dem1500b_cl_horizonAngle_102.asc
NCOLS 196 
NROWS 178 
XLLCORNER 353680 
YLLCORNER 6699024 
CELLSIZE 16 
NODATA_value -3.4e+38 
[rows 120 to 139 of 178, columns 45 to 89 of 196]
1.86639821529388 1.90290558338165 2.06525111198425 2.21766924858093 2.30388855934143 2.40842318534851 2.54563879966736 3.25591564178467 3.48076915740967 3.76310563087463 4.11428642272949 4.26607179641724 4.68216133117676 5.16296768188477 5.78174161911011 6.64815759658813 5.86896324157715 4.03798913955688 1.92091524600983 3.51792168617249 5.24910068511963 1.87642276287079 1.92542326450348 2.05227303504944 2.16963386535645 2.96732211112976 5.1734504699707 2.40776705741882 1.93844401836395 1.9335572719574 1.85418307781219 2.0627863407135 2.84544968605042 4.02424001693726 6.63389778137207 10.5075988769531 13.0860023498535 15.8381452560425 4.25744962692261 3.24925875663757 3.39584732055664 3.59842419624329 3.75838851928711 3.84284043312073 4.004638671875
1.69190561771393 1.72050714492798 1.79566359519958 1.98195195198059 2.0508987903595 2.12326002120972 2.21092629432678 2.53532528877258 2.75293898582458 2.94837212562561 3.18680429458618 4.51230955123901 5.07452058792114 5.7517523765564 6.66684627532959 7.78230094909668 8.38905143737793 6.38214349746704 2.04216718673706 1.66282677650452 1.92710983753204 1.93215990066528 2.04141521453857 2.18776798248291 2.35397529602051 2.52042245864868 2.66338300704956 2.77337884902954 2.76807475090027 2.80657148361206 2.90952491760254 3.25439763069153 3.62827086448669 4.53320646286011 7.41992902755737 10.8944149017334 13.0321674346924 14.2386741638184 3.51893544197083 3.30240368843079 3.3592586517334 3.43069005012512 3.52221393585205 3.73724770545959 4.04366540908813
1.57405972480774 1.58596563339233 1.59119236469269 1.7547607421875 1.82115340232849 1.87496900558472 1.9313542842865 2.10672974586487 2.36292910575867 2.51881074905396 2.72966933250427 3.38952708244324 3.81368207931519 4.30881643295288 4.95434904098511 7.10343456268311 8.7880859375 10.2141389846802 1.65338921546936 1.37202382087708 1.66610717773438 1.88930928707123 2.03925085067749 2.15961408615112 2.37128925323486 2.51741361618042 2.68994092941284 2.98046064376831 3.37202191352844 3.67117595672607 3.96341562271118 4.25032663345337 4.47987413406372 6.20536136627197 8.5087251663208 10.9847822189331 11.806921005249 11.966682434082 4.29245710372925 3.37263989448547 3.37565684318542 3.33901000022888 3.40267062187195 3.6384859085083 4.01097822189331
1.79582703113556 1.78042030334473 1.6312780380249 1.50798082351685 1.60554397106171 1.64258062839508 1.69847369194031 1.74418473243713 1.97717499732971 2.11306190490723 2.29401993751526 2.73203063011169 3.15109014511108 3.50816822052002 3.89836454391479 5.29096174240112 6.07786560058594 6.40386390686035 3.41276049613953 1.30167353153229 1.55333197116852 1.7866827249527 1.92964375019073 2.03804731369019 2.21287059783936 2.39458632469177 2.59433770179749 2.99017524719238 3.51130318641663 3.82440495491028 4.06511306762695 4.5857138633728 5.44729948043823 7.57347536087036 9.60157680511475 11.4822425842285 12.06662940979 10.3387107849121 3.87814927101135 3.34936356544495 3.33873653411865 3.37544870376587 3.43886947631836 3.67032909393311 4.05423307418823
1.81351745128632 1.87041389942169 1.72063851356506 1.63682448863983 1.5877947807312 1.73106133937836 1.8866560459137 1.52769136428833 1.59359908103943 1.73958933353424 1.88246488571167 2.09030699729919 2.58675074577332 2.85582852363586 3.11812162399292 3.59809184074402 4.77648401260376 5.7522554397583 3.87208461761475 1.12654232978821 1.39483070373535 1.56353378295898 1.70850896835327 1.8328093290329 1.88708162307739 2.22083234786987 2.49337673187256 2.83879065513611 3.22722506523132 3.54970049858093 4.00754404067993 4.4563512802124 5.30710887908936 7.72185134887695 9.91773700714111 13.0350456237793 10.0412378311157 10.0639915466309 3.9353654384613 3.13523507118225 3.30171966552734 3.3553569316864 3.43909692764282 3.63514757156372 3.90775179862976
2.31596636772156 2.518141746521 2.58901381492615 2.4407422542572 2.28967356681824 2.1340434551239 2.14289522171021 1.54925656318665 1.37794005870819 1.36375939846039 1.60078847408295 1.76314306259155 2.02222299575806 2.28012633323669 2.44746279716492 2.88206481933594 3.072181224823 3.61469841003418 4.35484266281128 1.92680728435516 0.998724579811096 1.0231739282608 1.1164835691452 1.264240026474 1.63094234466553 2.0069317817688 2.21543550491333 2.38236141204834 2.71628499031067 2.94687247276306 3.89045095443726 4.35943746566772 5.35152244567871 7.16492509841919 11.7105684280396 16.0874824523926 7.16192054748535 5.33721876144409 4.9351110458374 4.07967567443848 3.14877223968506 3.16747283935547 3.23634266853333 3.36131381988525 3.56798219680786
2.96514105796814 3.30967140197754 3.16903328895569 3.23123383522034 2.86213088035583 1.98925888538361 1.87124669551849 1.5387282371521 1.53880286216736 1.47551834583282 1.5251476764679 1.6098484992981 1.63752233982086 1.87917566299438 2.01581978797913 2.4237756729126 2.06152582168579 2.68517231941223 3.28175473213196 2.41343951225281 1.41127836704254 1.25582194328308 0.964361131191254 0.894371271133423 1.09050953388214 1.68552958965302 2.08887147903442 2.39976453781128 2.83891534805298 2.93607449531555 3.14125776290894 3.65413689613342 4.42734909057617 5.57507133483887 10.4964036941528 14.5928440093994 6.85426712036133 4.38087749481201 4.28191566467285 3.87795901298523 3.88987040519714 3.09678387641907 3.10107183456421 3.1934700012207 3.53736686706543
3.29806733131409 3.45892548561096 3.6358015537262 5.1469874382019 3.12276554107666 2.77754282951355 2.05735182762146 1.46156334877014 1.55953586101532 1.56069934368134 1.49273455142975 1.64510011672974 1.76573121547699 1.86026990413666 1.81937384605408 2.00291013717651 2.00980544090271 2.1227662563324 2.19462704658508 3.10478901863098 1.58233654499054 1.55778920650482 1.50673818588257 1.54686379432678 1.60166132450104 1.8268917798996 2.27545261383057 2.54017114639282 2.78142309188843 2.9228241443634 2.9756031036377 3.01890087127686 3.11443448066711 3.89315462112427 6.83859252929688 9.49953746795654 7.29394197463989 3.70999193191528 3.15414690971375 5.72960329055786 7.03684663772583 4.01693344116211 3.07462882995605 3.27097535133362 3.69009613990784
3.75115394592285 4.07718086242676 4.49115467071533 4.76185655593872 5.36374664306641 3.48968529701233 2.2908251285553 1.4976646900177 1.53112173080444 1.50110697746277 1.52089369297028 1.63105750083923 1.76158797740936 1.82727217674255 1.93277299404144 1.93152761459351 2.10349035263062 2.47013640403748 1.989377617836 1.91049957275391 2.23837018013 1.64635193347931 1.66617953777313 1.72087955474854 1.97417068481445 2.10617566108704 2.30138564109802 2.56507515907288 2.72268414497375 2.84239482879639 2.88454151153564 2.94817018508911 3.03878617286682 3.16573476791382 3.20586681365967 3.4654426574707 4.41680335998535 4.667724609375 5.04061222076416 6.22940063476562 6.35188007354736 3.18188810348511 3.06188130378723 3.23702549934387 3.76145911216736
4.23007726669312 4.57033014297485 5.12069749832153 5.50719928741455 6.4785361289978 3.51291656494141 2.92215085029602 1.46745932102203 1.3960177898407 1.41672325134277 2.07316470146179 2.28357028961182 1.74028503894806 1.78882050514221 1.92794144153595 2.06038546562195 2.20933556556702 2.27812623977661 2.26770186424255 2.2454047203064 2.16720700263977 2.21260213851929 2.37892436981201 2.35050964355469 2.41182827949524 3.16776561737061 2.437180519104 2.56384348869324 2.68409848213196 2.74087285995483 2.80100154876709 2.85334730148315 2.93237495422363 3.06864595413208 3.1869740486145 3.29216289520264 4.13584423065186 5.16887044906616 4.32646942138672 4.44717264175415 5.64084386825562 3.28102350234985 3.35004806518555 3.57376027107239 4.21220731735229
4.28644037246704 4.61140060424805 5.22361850738525 6.42935991287231 5.30216264724731 5.31918001174927 2.78410029411316 1.96918284893036 1.15024900436401 1.28063499927521 1.45191991329193 2.00663995742798 1.59429931640625 1.66359913349152 1.95619106292725 2.18317055702209 2.38364911079407 2.59415316581726 2.68218755722046 2.43446636199951 2.52516222000122 2.64212131500244 2.7149932384491 2.79528641700745 2.87471294403076 3.19030284881592 3.27848196029663 3.86726689338684 3.148188829422 2.62446689605713 2.67316555976868 2.73069024085999 2.82107639312744 3.0280909538269 3.22096037864685 3.37627029418945 3.53098654747009 4.37240314483643 3.55271768569946 3.59761381149292 3.70726013183594 3.73605132102966 3.90023469924927 4.17037963867188 4.61232805252075
4.74550437927246 5.16396284103394 5.67392587661743 6.392653465271 6.12239217758179 4.71563673019409 6.12050437927246 2.25357365608215 2.0342071056366 1.57544958591461 0.908391833305359 1.03487503528595 1.14128339290619 1.33578264713287 1.81413507461548 2.04376316070557 2.29247164726257 2.52463388442993 2.75999307632446 2.77663469314575 2.86945366859436 3.01164722442627 3.18811964988708 3.05651497840881 3.4942934513092 4.05537462234497 4.59459972381592 4.05646467208862 3.54579019546509 2.87552452087402 2.53831171989441 2.59563899040222 2.75606155395508 3.00400137901306 3.21936893463135 3.45349359512329 3.65606784820557 3.79226922988892 3.88985347747803 3.95149993896484 4.06401443481445 4.19912481307983 4.46828603744507 5.1432523727417 5.96972846984863
4.92719221115112 5.33363008499146 5.78159236907959 6.24242544174194 6.99144315719604 9.02451133728027 7.07575654983521 2.66968750953674 3.04988241195679 3.73203206062317 1.99332749843597 0.676724791526794 0.73378723859787 0.976314842700958 1.22186517715454 1.45944440364838 1.79442095756531 2.02726864814758 2.34386897087097 2.85572123527527 2.96515440940857 3.15302181243896 3.32631969451904 3.42313480377197 4.11821794509888 4.80587339401245 6.14004564285278 4.47417831420898 4.52928447723389 2.38492965698242 2.43479633331299 2.47474050521851 2.68038725852966 2.96181416511536 3.22190141677856 3.51337027549744 3.76085209846497 3.95326352119446 4.11918592453003 4.36562776565552 4.65798759460449 5.11001014709473 5.67893075942993 6.3137583732605 7.11136865615845
4.98388576507568 5.31963300704956 5.80451107025146 6.4056921005249 7.16251230239868 8.16609382629395 6.33776569366455 2.92393279075623 3.42943286895752 4.07115125656128 4.46854400634766 3.08083057403564 0.437770396471024 0.54831063747406 0.813718318939209 1.2540237903595 1.61067867279053 1.8211498260498 2.13560342788696 2.41825985908508 2.48841166496277 2.68679332733154 3.03175520896912 3.58115863800049 4.11182260513306 4.95092058181763 4.62663412094116 4.71710872650146 7.80766725540161 3.18248724937439 2.288907289505 2.37396955490112 2.63615131378174 2.88841128349304 3.21099066734314 3.55159139633179 3.79915285110474 4.03111028671265 4.21102571487427 4.64569854736328 5.15397834777832 5.60175895690918 6.22367572784424 6.75278043746948 7.59521675109863
4.93488359451294 5.22976016998291 5.74583768844604 6.25559949874878 7.61564683914185 9.38224220275879 6.54271030426025 2.72668290138245 3.13993501663208 4.19199132919312 4.02787590026855 4.55681371688843 0.762605130672455 0.889122307300568 1.03678274154663 1.02491509914398 1.43046391010284 1.70410311222076 2.02035284042358 2.14980792999268 2.28564214706421 2.50249814987183 2.91809153556824 3.16907382011414 3.59562969207764 4.21050357818604 4.86053991317749 4.50358581542969 7.22156858444214 5.21141338348389 2.24400973320007 2.38798260688782 2.69814896583557 2.94294857978821 3.20630931854248 3.54024934768677 3.81075048446655 4.11236810684204 4.59442663192749 5.24805784225464 6.19215106964111 6.68191766738892 7.14664077758789 7.87181568145752 8.87940692901611
4.66273212432861 4.93920040130615 5.25194644927979 5.73939037322998 6.49669456481934 8.45058250427246 8.82269668579102 2.50203609466553 2.60292649269104 5.11718845367432 3.30976128578186 3.36807012557983 1.59449911117554 1.64474952220917 1.81841623783112 1.42797100543976 1.31124484539032 1.57932329177856 1.89419031143188 1.93841993808746 1.96590113639832 2.47522926330566 2.95290732383728 3.38567924499512 3.85050845146179 4.57943534851074 5.19869184494019 5.27957773208618 3.98218750953674 2.26055264472961 2.33312177658081 2.54836750030518 2.79376721382141 2.99593925476074 3.27785682678223 3.5924768447876 4.09824752807617 4.71880912780762 5.52100896835327 6.25180816650391 6.9541974067688 7.67459726333618 8.80862045288086 9.82900714874268 10.1867170333862
4.47634410858154 4.92072772979736 5.18678331375122 5.57841348648071 6.152024269104 8.03121662139893 9.90751361846924 4.89920425415039 1.67136323451996 3.43267440795898 3.25335168838501 3.71943259239197 2.05526876449585 2.06574869155884 2.16584086418152 2.15909361839294 2.13834524154663 2.24821949005127 2.34031391143799 2.3448429107666 1.76106214523315 2.29613924026489 2.810382604599 3.25426006317139 3.66916251182556 4.35131216049194 5.79164600372314 6.00020122528076 2.24373912811279 2.24777030944824 2.42878484725952 2.63106727600098 2.88808059692383 3.12038326263428 3.35045838356018 3.61839914321899 3.84500408172607 4.65352630615234 5.33832740783691 6.43446159362793 7.24180364608765 8.16047477722168 9.81333065032959 9.63361263275146 9.88855648040771
4.28761148452759 4.74418830871582 5.10321140289307 5.37103080749512 5.74392032623291 7.44696664810181 9.56996440887451 5.45619058609009 1.17379570007324 1.96688151359558 2.08470988273621 2.9401216506958 3.639004945755 2.23418259620667 2.28171753883362 2.44451808929443 2.60338497161865 2.74358415603638 2.8074779510498 2.78587365150452 2.57443785667419 2.44195032119751 2.51660108566284 2.88067865371704 3.33387470245361 4.16420412063599 6.26730442047119 5.0293345451355 2.23559951782227 2.31497669219971 2.52063727378845 2.76333475112915 3.02245450019836 3.20038461685181 3.36606001853943 3.63347053527832 4.11740827560425 5.17984533309937 4.05002880096436 4.89107990264893 5.67614221572876 7.64847660064697 9.24029636383057 10.3293905258179 9.69444465637207
4.08218955993652 4.42438411712646 4.81082487106323 5.09422588348389 5.3299503326416 6.6647686958313 7.42170810699463 5.2686333656311 1.39645612239838 1.80042970180511 2.24237132072449 2.42558407783508 2.46070146560669 2.46306490898132 2.44300222396851 2.5724766254425 2.73291254043579 2.87047386169434 2.9599940776825 2.90952157974243 2.94850897789001 2.99763202667236 3.06195449829102 3.02799367904663 2.81127715110779 3.13589692115784 5.12012910842896 5.03733205795288 2.52927660942078 2.37469244003296 2.6104838848114 2.8653678894043 3.63399004936218 5.43804502487183 9.26729106903076 9.86496829986572 9.27666854858398 3.57296061515808 3.65269017219543 3.94376039505005 4.32397937774658 5.64933395385742 6.49710845947266 7.41602373123169 7.99045181274414
4.02091026306152 4.44314813613892 4.93175840377808 5.66054153442383 6.0962929725647 6.19664859771729 5.18957376480103 5.04268646240234 1.59622359275818 1.96596825122833 2.37179350852966 2.50519180297852 2.55984401702881 2.63095688819885 2.63947486877441 2.687748670578 2.83886361122131 2.96649169921875 3.02899360656738 3.05900120735168 3.12401723861694 3.17581081390381 3.20660877227783 3.13633704185486 3.18995642662048 3.2537693977356 3.308518409729 3.41629242897034 3.33975982666016 3.21105599403381 3.37242436408997 3.67716836929321 5.25463485717773 8.00638389587402 11.3052644729614 16.6526851654053 9.67908763885498 2.99201583862305 3.1756956577301 3.50542759895325 3.72879481315613 3.85511231422424 5.64134693145752 5.02806758880615 5.09547138214111
