slauniainen/Data/DEM/Vihti_dem1500b_cl_horizonAngle_162.asc
NCOLS 196 
NROWS 178 
XLLCORNER 353680 
YLLCORNER 6699024 
CELLSIZE 16 
NODATA_value -3.4e+38 
[rows 40 to 59 of 178, columns 45 to 89 of 196]
0.149617835879326 0.130942046642303 0.12343879789114 0.0923075601458549 0.0473880954086781 0.223280221223831 0.744302928447723 0.887745201587677 0.765006184577942 0.724110543727875 1.50605499744415 0.79554295539856 0.688298881053925 0.613080978393555 0.548490941524506 0.470494508743286 0.826395571231842 0.341587364673615 0.0977652594447136 0.0141826272010803 -0.0908144190907478 -0.0978155210614204 -0.0894895792007446 -0.0405747108161449 0.0249355603009462 0.110343739390373 0.185600891709328 0.235689625144005 0.21703015267849 0.235393136739731 0.600576519966125 1.55740487575531 1.73295974731445 0.808339059352875 0.303284883499146 0.0823319852352142 -0.056593082845211 -0.132014155387878 -0.191453859210014 0.257869780063629 0.735479772090912 1.65156865119934 2.01382541656494 2.15642809867859 2.21910524368286
0.476766467094421 0.66136634349823 0.69453626871109 0.713718175888062 0.80253678560257 1.06331586837769 1.33476364612579 1.35241293907166 1.25406730175018 1.07155907154083 0.837810397148132 0.718983590602875 0.688642978668213 0.6229088306427 0.615863978862762 0.518682479858398 0.31900417804718 0.181273803114891 0.137868747115135 0.0720583498477936 -0.0225081220269203 -0.0532946847379208 -0.00131880596745759 0.0633271634578705 0.0907544121146202 0.212003409862518 0.261922597885132 0.397397130727768 0.769360899925232 0.586843013763428 0.862229228019714 0.940364301204681 0.927608907222748 1.81459784507751 0.966311812400818 0.289103448390961 0.0484358593821526 -0.0824117735028267 -0.14477114379406 -0.185513347387314 0.644257605075836 1.38854837417603 1.94450676441193 2.15451550483704 2.2667019367218
0.823865830898285 0.99798172712326 1.24634146690369 1.1917028427124 1.52789771556854 1.70656418800354 1.83375990390778 1.78298819065094 1.47628569602966 0.880308449268341 0.713640749454498 0.74748957157135 0.715021431446075 0.70446789264679 0.636486411094666 0.57563990354538 0.413731902837753 0.22230751812458 0.184368744492531 0.151672974228859 0.0736994594335556 0.148010104894638 0.226829960942268 0.212210923433304 0.288901269435883 0.337447583675385 0.410176753997803 0.423380047082901 0.347002893686295 0.504607677459717 0.965656340122223 0.519230425357819 0.553993046283722 0.760483264923096 1.35564875602722 0.699224233627319 0.245435014367104 -0.00498331058770418 0.00962795224040747 -0.103585906326771 0.0110645554959774 1.0035218000412 1.82255446910858 2.1178936958313 2.23477244377136
1.05446791648865 1.39978301525116 1.80170047283173 2.09735369682312 2.25309228897095 2.62558960914612 2.71351027488708 2.4895122051239 2.11218881607056 1.45671415328979 1.02126753330231 0.711698055267334 0.774248003959656 0.773488640785217 0.720942378044128 0.654353499412537 0.489375948905945 0.322704046964645 0.269003450870514 0.672729074954987 0.170142471790314 0.180692359805107 0.187182649970055 0.49871414899826 0.288189202547073 0.312289088964462 0.420303225517273 0.476613253355026 0.37615767121315 0.600539863109589 0.419762253761292 0.230386167764664 0.370927572250366 0.57823783159256 0.761780738830566 1.14410948753357 0.570551574230194 0.131480798125267 -0.0775304734706879 -0.0077830022200942 -0.0572309270501137 0.800206542015076 1.79754328727722 2.17065715789795 2.31372046470642
1.19056880474091 2.27821016311646 2.9148256778717 3.09059572219849 3.86638689041138 4.99257040023804 5.34382724761963 4.48776912689209 4.10116291046143 3.32838606834412 1.72422504425049 0.677118301391602 0.788953363895416 0.828893184661865 0.765615880489349 0.727698981761932 0.58681321144104 0.413415551185608 0.275342434644699 0.320017427206039 0.286231011152267 0.27197539806366 0.197919726371765 0.245712891221046 0.404348969459534 0.559393167495728 0.467379063367844 0.382620871067047 0.563827931880951 0.751673817634583 0.529106080532074 0.276618212461472 0.603875637054443 0.299838274717331 0.476572275161743 1.00609278678894 0.845119953155518 0.397522658109665 0.0518148206174374 -0.113922238349915 0.0807806700468063 0.447543263435364 1.51361048221588 2.11345624923706 2.31578803062439
3.01626348495483 3.08536314964294 4.21575498580933 3.90149617195129 2.97155237197876 1.93758678436279 1.07206428050995 0.766779541969299 0.0987647250294685 0.167233869433403 0.677386581897736 1.56170475482941 0.825511932373047 0.835342586040497 0.829916775226593 0.744500696659088 0.63599169254303 0.505125463008881 0.39454647898674 0.526047348976135 0.476335257291794 0.388064801692963 0.519626557826996 0.247534185647964 0.31374529004097 0.576393127441406 0.69951319694519 0.450056791305542 0.663297176361084 0.782294929027557 0.223733484745026 0.506193518638611 0.664602220058441 0.334622532129288 0.33750307559967 0.529461205005646 1.23457050323486 0.949978590011597 0.325395405292511 -0.0495888292789459 -0.118922233581543 0.0821822360157967 1.11284267902374 2.01622319221497 2.3201596736908
0.901958286762238 2.01464319229126 0.919455766677856 0.306344717741013 0.393194168806076 0.201489746570587 0.244751513004303 0.101221479475498 0.127219080924988 0.168653711676598 0.286784201860428 0.541004061698914 0.744332849979401 0.858995258808136 0.8499915599823 0.789533972740173 0.702587187290192 0.531796038150787 0.435325175523758 0.594712793827057 0.609654426574707 0.509443700313568 0.388813883066177 0.402673989534378 0.464495778083801 0.416341036558151 0.415570139884949 0.589000999927521 0.673033773899078 0.260743767023087 0.224976286292076 0.867818474769592 0.183245778083801 0.332788616418839 0.36698105931282 0.293531656265259 0.593604147434235 1.25035452842712 0.691517412662506 0.171139135956764 -0.0895244255661964 -0.0216425843536854 0.951840281486511 2.00670886039734 2.38710999488831
2.19274568557739 2.0612211227417 0.356258064508438 0.124664649367332 0.115122869610786 0.116747371852398 0.12386491894722 0.142461806535721 0.171937242150307 0.140174344182014 0.183634474873543 0.385649114847183 0.681946694850922 0.863804221153259 0.859812617301941 0.800902783870697 0.783795297145844 0.656754493713379 0.447222024202347 0.548321962356567 0.60154527425766 0.623062789440155 0.518511235713959 0.38642680644989 0.437818944454193 0.537164986133575 0.408584773540497 0.571206986904144 0.913897395133972 0.282161355018616 0.499816119670868 0.479167580604553 0.109009690582752 0.45381161570549 0.266031354665756 0.375108629465103 0.369767636060715 0.678533911705017 1.21198654174805 0.892674446105957 0.0615307949483395 -0.0967940837144852 0.5849609375 1.75574958324432 2.35382056236267
2.77371168136597 1.79302215576172 0.16712848842144 0.169750288128853 0.181238815188408 0.185882538557053 0.175293982028961 0.185702264308929 0.199503839015961 0.198862791061401 0.187890961766243 0.38593003153801 0.729814648628235 0.899134337902069 0.877183556556702 0.867257416248322 0.799093663692474 0.702569127082825 0.560588121414185 0.455157190561295 0.609017372131348 0.622595608234406 0.594925165176392 0.43800351023674 0.344301909208298 0.331826955080032 0.423897087574005 0.678103625774384 0.365340918302536 0.319693028926849 0.768896520137787 0.226684466004372 0.114531382918358 0.525924324989319 0.333992481231689 0.398835629224777 0.38412407040596 0.346272706985474 0.771764695644379 0.922733426094055 0.454457610845566 -0.0604917369782925 0.182283043861389 1.36884379386902 2.31332993507385
2.48647546768188 0.481178611516953 0.234602496027946 0.240426063537598 0.259518027305603 0.259706646203995 0.238254964351654 0.2237159460783 0.218576908111572 0.216700986027718 0.208854392170906 0.344267845153809 0.633845388889313 0.835825026035309 0.941021740436554 0.930096030235291 0.862928032875061 0.771360695362091 0.567603826522827 0.459086745977402 0.626507639884949 0.636041164398193 0.599915027618408 0.445892781019211 0.372013092041016 0.339345008134842 0.425000071525574 0.586761057376862 0.391070902347565 0.412400364875793 0.581707239151001 0.228808388113976 0.328122645616531 0.414245218038559 0.0786138474941254 0.160210907459259 0.332626461982727 0.192583292722702 0.160454377532005 0.398166298866272 0.716831922531128 0.350398004055023 0.0831875950098038 1.1581164598465 2.32107543945312
0.624484837055206 0.290291786193848 0.285243511199951 0.286519259214401 0.492335230112076 0.311651110649109 0.293300867080688 0.258782804012299 0.236344203352928 0.233693152666092 0.228584825992584 0.210722416639328 0.4495989382267 0.80029821395874 0.984435379505157 0.973326623439789 0.927230179309845 0.887881338596344 0.716802537441254 0.497056901454926 0.577920615673065 0.633917152881622 0.650823295116425 0.541036069393158 0.402070045471191 0.348863750696182 0.431520819664001 0.420206785202026 0.418829768896103 0.603270351886749 0.292982578277588 0.272446900606155 0.521550595760345 0.211106538772583 0.0657986998558044 0.0896327421069145 0.218155190348625 0.254832684993744 0.227935865521431 0.144239634275436 0.377785950899124 0.502115309238434 0.0764305144548416 0.722399234771729 1.98185336589813
0.755536377429962 0.339772641658783 0.31632786989212 0.298727840185165 0.297051221132278 0.321674734354019 0.33339512348175 0.311911880970001 0.274180084466934 0.271599620580673 0.231340855360031 0.226936131715775 0.445525079965591 0.822396636009216 1.02299165725708 1.01580846309662 1.04944729804993 0.934297919273376 0.810762166976929 0.655076265335083 0.500758647918701 0.657571852207184 0.663805305957794 0.623740375041962 0.446530610322952 0.35561665892601 0.351840734481812 0.430594354867935 0.437460273504257 0.506158471107483 0.326934993267059 0.310541182756424 0.544076502323151 0.195984676480293 0.0821321308612823 0.0930395722389221 0.015293400734663 0.0555020980536938 0.097152516245842 0.192801848053932 0.155454725027084 0.353252917528152 0.421182870864868 0.283253937959671 1.58013427257538
1.25931942462921 0.885739147663116 0.42090693116188 0.328451126813889 0.310507565736771 0.332838892936707 0.349431931972504 0.327288120985031 0.310121953487396 0.298479586839676 0.279645264148712 0.255090534687042 0.385094910860062 0.705140054225922 0.940695762634277 1.1021386384964 1.11478710174561 1.01419055461884 0.927598237991333 0.722241520881653 0.5427405834198 0.708678364753723 0.707080006599426 0.643040478229523 0.459768533706665 0.388324469327927 0.356701672077179 0.440432548522949 0.51644378900528 0.410872966051102 0.364260494709015 0.363658040761948 0.248113885521889 0.131594270467758 0.24196195602417 0.0905613228678703 0.055202592164278 0.172270506620407 0.0793530866503716 0.2259551435709 0.0373474694788456 0.080145388841629 0.198716729879379 0.151054099202156 1.38791918754578
3.41352367401123 0.966854691505432 1.67820477485657 1.10385942459106 0.588387489318848 0.495681494474411 0.408822566270828 0.429846405982971 0.371095210313797 0.319366037845612 0.302798688411713 0.283593386411667 0.26371705532074 0.520337998867035 0.943089962005615 1.20222806930542 1.11744725704193 1.06725704669952 1.06114113330841 0.890082657337189 0.647096216678619 0.676882386207581 0.737203657627106 0.743448078632355 0.595750093460083 0.439183384180069 0.369551956653595 0.41492760181427 0.464714378118515 0.448077410459518 0.393473774194717 0.336030781269073 0.292982399463654 0.266684651374817 0.225675344467163 0.15029114484787 0.194632321596146 0.00627175206318498 0.113121442496777 0.059340663254261 0.281579107046127 0.0182719025760889 0.16802217066288 0.174469813704491 0.912775456905365
4.13610601425171 1.39168739318848 1.84714472293854 2.21912455558777 3.65231084823608 1.46651220321655 0.808326482772827 0.650461316108704 0.49071279168129 0.400516092777252 0.357042074203491 0.328483283519745 0.355927735567093 0.602839112281799 1.07530868053436 1.45982825756073 1.14177942276001 1.16109418869019 1.11070394515991 1.00151717662811 0.796219408512115 0.566274106502533 0.753104865550995 0.779729127883911 0.727832794189453 0.543792247772217 0.416902303695679 0.387183487415314 0.469853758811951 0.460915118455887 0.440779089927673 0.370553255081177 0.311861485242844 0.471844524145126 0.170168668031693 -0.0127619244158268 0.01848004758358 0.118489950895309 0.00515351071953773 0.0549693442881107 -0.0253470912575722 0.0554337985813618 -0.00510884402319789 0.0565129667520523 0.368800759315491
8.42830085754395 3.78972673416138 2.87126302719116 1.14710640907288 1.72511219978333 2.46745038032532 3.31832504272461 1.33970415592194 0.800399780273438 0.577044069766998 0.461000233888626 0.429343551397324 0.597762823104858 0.881010413169861 1.37273466587067 1.10618937015533 1.23363375663757 1.24486196041107 1.16991174221039 1.03129184246063 0.842491328716278 0.659107387065887 0.773198544979095 0.794783711433411 0.757190942764282 0.574058175086975 0.479408413171768 0.437952756881714 0.52205353975296 0.496630311012268 0.479693204164505 0.418497234582901 0.348009318113327 0.487171977758408 0.159662663936615 0.00652177492156625 -0.0148898120969534 0.0234958492219448 0.0169388689100742 -0.0208490379154682 -0.0115226097404957 0.00300528318621218 0.10832667350769 0.172844246029854 0.178599163889885
11.049430847168 8.74627494812012 3.9521152973175 1.30529654026031 0.769866228103638 1.58436381816864 2.04556441307068 2.70334815979004 3.22595500946045 1.46648633480072 0.935925245285034 0.660615801811218 0.919401526451111 0.970562040805817 1.14350867271423 1.06450223922729 1.28734469413757 1.32684063911438 1.34539210796356 1.19499552249908 0.932735979557037 0.844952285289764 0.733124971389771 0.799377202987671 0.827899754047394 0.712078213691711 0.535727560520172 0.456215798854828 0.518035709857941 0.568836688995361 0.546959280967712 0.466499477624893 0.406853199005127 0.353405982255936 0.29291245341301 0.005666917655617 -0.0138885993510485 -0.0159964729100466 0.18248838186264 0.123038835823536 0.138474985957146 0.0423608273267746 0.0605427734553814 0.146712139248848 0.032543208450079
3.12234544754028 3.79879832267761 1.45230615139008 0.452997952699661 0.412004023790359 0.440169394016266 1.06729853153229 1.77660465240479 2.07073521614075 2.99123811721802 3.26368641853333 1.4982715845108 1.49287581443787 1.27392315864563 0.643603086471558 1.11341691017151 1.3879371881485 1.3983736038208 1.415447473526 1.35888934135437 1.10971796512604 0.898539900779724 0.764212012290955 0.828175485134125 0.856618821620941 0.800628364086151 0.593622326850891 0.47638601064682 0.468775540590286 0.599536240100861 0.609396517276764 0.549648821353912 0.566869974136353 0.37687686085701 0.311046183109283 0.0953325256705284 0.0255429223179817 -0.00441713025793433 -0.014740938320756 -0.0120428018271923 -0.00942549575120211 -0.00461523421108723 -0.00760862743481994 0.0051226420328021 0.00866067968308926
2.46374154090881 1.5659636259079 0.991808295249939 0.496521651744843 0.42894721031189 0.49394702911377 0.345389276742935 0.821629106998444 1.64196491241455 2.07212686538696 2.33697748184204 3.31976819038391 3.89336514472961 1.73330116271973 0.970796167850494 1.18584227561951 1.4881899356842 1.51161575317383 1.51992201805115 1.42307925224304 1.25315189361572 1.01171708106995 0.78384530544281 0.851832568645477 0.886925160884857 0.821958839893341 0.59844309091568 0.514373004436493 0.490309029817581 0.615355312824249 0.631511747837067 0.887936472892761 0.877248048782349 0.554011523723602 0.331309884786606 0.173566445708275 0.157516822218895 0.0122509272769094 -0.00484155816957355 -0.0112184947356582 -0.00946552585810423 3.25424261973239e-05 0.0143297361209989 -0.00521166436374187 -0.000461353658465669
3.46627974510193 1.1353839635849 1.37063944339752 0.547404229640961 0.462024569511414 0.40679407119751 0.561546504497528 0.451233953237534 0.464562952518463 1.15525186061859 1.39043545722961 2.05602860450745 2.51799345016479 3.41797375679016 3.00734066963196 1.33929300308228 1.40727782249451 1.64603245258331 1.66930031776428 1.66244232654572 1.53250467777252 1.18560111522675 0.916801750659943 0.814775049686432 0.885573923587799 0.907222390174866 0.755154430866241 0.568630695343018 0.515494704246521 0.576815545558929 0.630223393440247 0.905685186386108 0.964420795440674 0.438325971364975 0.402141273021698 0.328231871128082 0.0564053654670715 0.0579336434602737 -0.00339472899213433 -0.00402679154649377 -0.00621991511434317 -0.000950353976804763 -0.000265375943854451 -1.06554844023776e-05 0.0111007103696465
