slauniainen/Data/DEM/Vihti_dem1500b_cl_horizonAngle_210.asc
NCOLS 196 
NROWS 178 
XLLCORNER 353680 
YLLCORNER 6699024 
CELLSIZE 16 
NODATA_value -3.4e+38 
[rows 120 to 139 of 178, columns 0 to 44 of 196]
0.150473743677139 -0.0612681396305561 -0.477403104305267 -0.638388097286224 -0.766631305217743 -0.835716307163239 -0.868291616439819 -0.874831020832062 -0.376853942871094 3.60339379310608 5.81511354446411 4.86067295074463 3.11675953865051 2.92601442337036 2.06213593482971 1.85768866539001 1.35685312747955 1.35583209991455 0.835781157016754 0.50013130903244 -0.00646385969594121 -0.274661839008331 -0.305633068084717 -0.325127065181732 -0.364394277334213 -0.417969822883606 -0.162562891840935 0.331946820020676 0.401801586151123 0.433811604976654 0.382552713155746 0.327319324016571 0.249570712447166 0.24141825735569 0.269586801528931 0.0996451824903488 0.147861436009407 0.0863646790385246 0.0812417566776276 0.0549249276518822 0.0300177782773972 0.101400502026081 0.230540439486504 0.225554585456848 0.212705910205841
0.199304401874542 0.130343332886696 -0.154710590839386 -0.527542352676392 -0.688302755355835 -0.764371931552887 -0.809070944786072 -0.830927789211273 -0.818268954753876 1.37301599979401 3.61852765083313 4.68277072906494 4.43004560470581 3.06767249107361 2.57473039627075 1.83246004581451 1.52835202217102 1.41520237922668 0.840720772743225 0.38540905714035 -0.0437164753675461 -0.258562922477722 -0.286882758140564 -0.297416299581528 -0.333661526441574 -0.362779229879379 -0.375747293233871 -0.0780071392655373 0.403127193450928 0.560620963573456 0.559435904026031 0.272745132446289 0.179381117224693 0.0817240253090858 0.146294459700584 0.14053575694561 0.137311086058617 0.174231186509132 0.0787292569875717 0.102999433875084 0.104628391563892 0.249644085764885 0.268054664134979 0.313367068767548 0.305030584335327
0.239333629608154 0.147820055484772 0.0721359103918076 -0.231595113873482 -0.532110631465912 -0.634555101394653 -0.703294277191162 -0.746587574481964 -0.752923548221588 0.254097104072571 1.9142142534256 3.56227087974548 5.0514497756958 4.07975769042969 2.73464870452881 1.96422803401947 1.4664523601532 1.28055560588837 0.736852765083313 0.278818517923355 -0.228945851325989 -0.256525486707687 -0.263899832963943 -0.297254830598831 -0.271107405424118 -0.201089084148407 -0.185859456658363 -0.124657787382603 0.0890401601791382 0.429364442825317 0.555049955844879 0.375154882669449 0.143770128488541 0.114172145724297 0.161763906478882 0.441288709640503 0.384605258703232 0.123064711689949 0.220103934407234 0.0935109034180641 0.159015193581581 0.298385441303253 0.335181504487991 0.32435530424118 0.33308345079422
0.273630797863007 0.178092315793037 0.0873451307415962 -0.0399389490485191 -0.318929076194763 -0.488617479801178 -0.59138286113739 -0.666042029857635 -0.693051636219025 -0.648029208183289 -0.116984181106091 1.40034556388855 3.76177883148193 4.62649154663086 3.03519582748413 2.26576471328735 1.48844134807587 1.26102447509766 0.871868431568146 0.11642911285162 -0.218192309141159 -0.239229619503021 -0.275666922330856 -0.232971653342247 -0.156659200787544 -0.0795945152640343 -0.00941460579633713 0.0475792624056339 0.131065264344215 0.191080212593079 0.221394538879395 0.241821452975273 0.159704566001892 0.178689777851105 0.20051334798336 0.208765581250191 0.533896028995514 0.19750665128231 0.236805960536003 0.222978219389915 0.286721229553223 0.296878814697266 0.34044224023819 0.357828766107559 0.367770999670029
0.294475734233856 0.201530933380127 0.0915145576000214 -0.0385256372392178 -0.0913332775235176 -0.345772534608841 -0.47271853685379 -0.569719314575195 -0.617921471595764 -0.604037821292877 -0.572855472564697 -0.1930992603302 1.9545636177063 3.99520540237427 3.88567614555359 2.26336860656738 1.67618000507355 1.22207057476044 0.857297599315643 0.0891972407698631 -0.199900895357132 -0.211253479123116 -0.274642169475555 -0.232307314872742 -0.0397826135158539 0.0249629076570272 0.0571330040693283 0.112564757466316 0.189573585987091 0.226411446928978 0.306001394987106 0.213378354907036 0.170038640499115 0.171198427677155 0.188942104578018 0.161580219864845 0.263843178749084 0.461416989564896 0.376083433628082 0.33110722899437 0.338563084602356 0.371699333190918 0.352336317300797 0.359737455844879 0.53884345293045
0.288376599550247 0.191485568881035 0.0977950990200043 -0.0243367347866297 -0.0466431491076946 -0.148101300001144 -0.360436469316483 -0.454670906066895 -0.527036011219025 -0.533316791057587 -0.532815635204315 -0.51152628660202 0.466507136821747 2.68918514251709 3.69545912742615 2.98251438140869 1.59417963027954 1.34899270534515 0.853335618972778 -0.151013538241386 -0.166227504611015 -0.208350539207458 -0.189198166131973 -0.133394181728363 -0.0531789101660252 0.0365182943642139 0.1034270003438 0.167607218027115 0.25045970082283 0.331628650426865 0.304567784070969 0.216230407357216 0.22052851319313 0.251540869474411 0.185332715511322 0.142569959163666 0.114607192575932 0.488704472780228 0.514886081218719 0.376687407493591 0.413653075695038 0.370191156864166 0.385059863328934 0.530107140541077 0.70160698890686
0.283958315849304 0.171499446034431 0.0519895330071449 0.0164073724299669 0.0326355770230293 -0.00771273300051689 -0.197232946753502 -0.353897213935852 -0.417178839445114 -0.446745365858078 -0.468209087848663 -0.479238897562027 -0.456258028745651 1.21734833717346 2.4787118434906 2.74526643753052 1.9121687412262 1.42945075035095 1.05945158004761 -0.117057502269745 -0.161738738417625 -0.135069400072098 -0.0526069663465023 -0.0120127582922578 0.0620514303445816 0.119212239980698 0.196772903203964 0.247939988970757 0.26433590054512 0.335818588733673 0.241735085844994 0.213489785790443 0.269715070724487 0.303418189287186 0.186618492007256 0.167190879583359 0.0965417474508286 0.207715108990669 0.35132423043251 0.39834401011467 0.414330214262009 0.379116415977478 0.402182042598724 0.622199952602386 0.798746824264526
0.239539340138435 0.11902954429388 0.0538699291646481 0.112442642450333 0.132987692952156 0.118835031986237 0.058756198734045 -0.128098756074905 -0.257341772317886 -0.347310245037079 -0.385336875915527 -0.432563930749893 -0.425200670957565 -0.375392466783524 1.27032423019409 2.14400148391724 1.90035879611969 1.52027535438538 0.718231379985809 -0.0887017846107483 -0.15229731798172 -0.122924320399761 0.0850499272346497 0.120543785393238 0.139458641409874 0.188131898641586 0.266794502735138 0.304181665182114 0.373878240585327 0.338131189346313 0.236450582742691 0.367433309555054 0.534299194812775 0.582978069782257 0.266242116689682 0.194658070802689 0.129735991358757 0.202970460057259 0.37965914607048 0.431828618049622 0.430879324674606 0.406664490699768 0.591589212417603 0.780640423297882 0.961933434009552
0.212944388389587 0.146174564957619 0.110499337315559 0.138561934232712 0.175611585378647 0.191435918211937 0.165448680520058 0.0873539447784424 0.0408188551664352 -0.133065104484558 -0.260080218315125 -0.341918766498566 -0.36927792429924 -0.348908573389053 -0.294745832681656 0.939345180988312 1.47405803203583 1.69977796077728 -0.0739324986934662 -0.0965280905365944 -0.0728344544768333 0.000756701803766191 0.0687451064586639 0.162680491805077 0.174046888947487 0.23542132973671 0.330991953611374 0.412009835243225 0.376070499420166 0.250909596681595 0.215130358934402 0.315037369728088 0.483115047216415 0.533431828022003 0.546833992004395 0.363205969333649 0.215378075838089 0.340656071901321 0.361804276704788 0.425140351057053 0.454046010971069 0.591420531272888 0.713207960128784 0.917401373386383 0.995582818984985
0.0744299069046974 0.111228369176388 0.154642358422279 0.183288007974625 0.207851111888885 0.219219744205475 0.238147780299187 0.188972055912018 0.123467311263084 0.0498619228601456 -0.0211460907012224 -0.171117767691612 -0.241805449128151 -0.280441850423813 -0.269671529531479 -0.219837009906769 -0.166084676980972 1.20800232887268 -0.0612575486302376 -0.0806488022208214 -0.0557695478200912 0.144040405750275 0.208188652992249 0.24848298728466 0.253611385822296 0.311318546533585 0.34108954668045 0.40954402089119 0.289620399475098 0.219108507037163 0.195957586169243 0.238881200551987 0.210297778248787 0.266513973474503 0.363798528909683 0.427452385425568 0.369197815656662 0.391385465860367 0.440874844789505 0.483455091714859 0.529300391674042 0.787000954151154 0.932965099811554 1.13834917545319 1.09089922904968
0.0748548433184624 0.137209072709084 0.178044617176056 0.218368515372276 0.236333280801773 0.255600899457932 0.255696177482605 0.240874364972115 0.198111236095428 0.106524214148521 0.00889489147812128 -0.0351498126983643 -0.0652817860245705 -0.0945918709039688 -0.15242475271225 -0.164057418704033 -0.131154343485832 -0.0204947795718908 -0.047736931592226 0.00119890610221773 0.0891125202178955 0.152566432952881 0.235768720507622 0.308191120624542 0.352359980344772 0.381204009056091 0.452315628528595 0.400957465171814 0.270371824502945 0.220449477434158 0.250769942998886 0.226455539464951 0.219122543931007 0.213027387857437 0.17619226872921 0.322728484869003 0.428156346082687 0.474072515964508 0.585290133953094 0.570699989795685 0.681155025959015 0.996448218822479 1.1422473192215 1.19684565067291 1.24499619007111
0.166399389505386 0.208168938755989 0.251135617494583 0.255034387111664 0.280585706233978 0.293606609106064 0.301766276359558 0.2877077460289 0.281191617250443 0.222939446568489 0.153167679905891 0.054899338632822 -0.033491525799036 -0.0715234950184822 -0.0598487965762615 -0.0552085936069489 -0.0375414080917835 -0.00862412247806787 0.051800612360239 0.159327864646912 0.257149636745453 0.316307455301285 0.367106556892395 0.424255102872849 0.459923505783081 0.396827280521393 0.460885167121887 0.322206526994705 0.263220846652985 0.278801798820496 0.252906560897827 0.216092482209206 0.238287955522537 0.188014730811119 0.235073253512383 0.383422344923019 0.645473122596741 0.598316371440887 0.739472448825836 0.738843321800232 0.939430892467499 1.27700698375702 1.39077830314636 1.39590454101562 1.4094649553299
0.209199324250221 0.275593936443329 0.292994022369385 0.330778002738953 0.335455387830734 0.325174957513809 0.334040492773056 0.335906773805618 0.303289413452148 0.276452660560608 0.234874323010445 0.135980322957039 0.00586503837257624 -0.0371790416538715 -0.0480356477200985 -0.051908865571022 0.00710871443152428 0.0232657454907894 0.0819541364908218 0.345473349094391 0.441655904054642 0.445779621601105 0.470230102539062 0.523781001567841 0.525651931762695 0.539118051528931 0.47217458486557 0.321527749300003 0.262109994888306 0.292650431394577 0.244525000452995 0.231221124529839 0.225486531853676 0.192178845405579 0.23517444729805 0.429118812084198 0.648887693881989 0.827805817127228 0.699390828609467 0.908168911933899 1.19709873199463 1.5177435874939 1.51924705505371 1.59999513626099 1.60560011863708
0.304756045341492 0.345313102006912 0.343794018030167 0.374480873346329 0.380133599042892 0.374689131975174 0.376329213380814 0.370855867862701 0.335681021213531 0.307118713855743 0.252429157495499 0.140958607196808 0.00605831434950233 -0.00942725781351328 -0.0172589607536793 0.000595991616137326 0.0137187037616968 0.133176431059837 0.276374876499176 0.42431765794754 0.514646828174591 0.533229291439056 0.570491135120392 0.614306390285492 0.647067129611969 0.575420439243317 0.403333753347397 0.339836835861206 0.332761645317078 0.277091264724731 0.225696578621864 0.249993979930878 0.220164462924004 0.268730729818344 0.398870795965195 0.403134435415268 0.462483048439026 0.606978178024292 0.941511869430542 1.12451159954071 1.48049747943878 1.56723761558533 1.73720562458038 1.90218722820282 1.93258535861969
0.40554016828537 0.439238965511322 0.469633191823959 0.470845758914948 0.456295847892761 0.442129701375961 0.427106708288193 0.395047277212143 0.361017882823944 0.308324873447418 0.255818873643875 0.162981778383255 0.0398974865674973 0.0334031283855438 0.0763174369931221 0.0502221286296844 0.0597304552793503 0.199529677629471 0.521370828151703 0.646723687648773 0.709980189800262 0.697411894798279 0.706717491149902 0.671705067157745 0.678686499595642 0.510895967483521 0.388362854719162 0.340086489915848 0.331282049417496 0.260736376047134 0.236553743481636 0.235191956162453 0.208635717630386 0.262892633676529 0.448949992656708 0.481569796800613 0.462872236967087 0.649651229381561 1.25206780433655 1.40593945980072 1.80617344379425 1.78249454498291 1.87495803833008 2.12863564491272 2.2255847454071
0.715082705020905 0.733498692512512 0.611201405525208 0.596267938613892 0.558708965778351 0.506746232509613 0.479830235242844 0.442964971065521 0.359165996313095 0.302557617425919 0.231836125254631 0.128393694758415 0.0956837311387062 0.098073422908783 0.0812032967805862 0.0962777882814407 0.203022196888924 0.401446521282196 0.550049901008606 0.716489672660828 0.853000044822693 0.900641560554504 0.863468289375305 0.864990413188934 0.727344751358032 0.523671746253967 0.460679739713669 0.425892353057861 0.326582401990891 0.279436528682709 0.260485142469406 0.228765025734901 0.295828223228455 0.430668413639069 0.422378987073898 0.469250112771988 0.483759135007858 1.0626916885376 1.52877509593964 1.76360511779785 1.83255088329315 2.01953363418579 2.18321704864502 2.28347635269165 2.38926577568054
0.74529242515564 1.0563713312149 1.0470210313797 0.782344698905945 0.677707493305206 0.604012489318848 0.559310674667358 0.606262803077698 0.623728513717651 0.407660335302353 0.265238583087921 0.246166482567787 0.244769066572189 0.268641799688339 0.197846263647079 0.317878723144531 0.23477278649807 0.590416610240936 0.762493431568146 0.867252349853516 0.993730962276459 1.09029877185822 1.01668000221252 0.947672069072723 0.701095998287201 0.552555859088898 0.515726149082184 0.446024417877197 0.335276395082474 0.306030601263046 0.247512295842171 0.274705350399017 0.520819842815399 0.509554862976074 0.520814776420593 0.48520690202713 0.723092496395111 1.31422936916351 1.92568171024323 2.05662679672241 2.27337336540222 2.31016445159912 2.46144413948059 2.55372595787048 2.44021129608154
0.35614413022995 0.749570786952972 1.2830296754837 1.2068920135498 0.98435515165329 0.761811077594757 0.688541650772095 1.17129707336426 1.16359829902649 0.896727383136749 0.615180134773254 0.491768389940262 0.495109051465988 0.556062519550323 0.563744246959686 0.548636376857758 0.440873742103577 0.610433220863342 0.792913496494293 1.05550014972687 1.21253490447998 1.22341763973236 1.24036169052124 1.02821207046509 0.761279284954071 0.671912014484406 0.626273393630981 0.463983476161957 0.358115047216415 0.304052799940109 0.270551860332489 0.358737647533417 0.607332468032837 0.604041457176208 0.50774735212326 0.54105532169342 0.991111874580383 1.62893915176392 2.21707081794739 2.25508689880371 2.41905498504639 2.61563229560852 2.66652965545654 2.74201464653015 2.70684599876404
0.23651884496212 0.32911229133606 0.653696835041046 1.03200888633728 1.22222411632538 1.15199220180511 1.20966899394989 1.38566899299622 1.43127298355103 1.13951301574707 0.934599816799164 0.771732807159424 0.730117499828339 0.698700666427612 0.665803670883179 0.617097795009613 0.661747992038727 0.840258419513702 1.03597748279572 1.22005891799927 1.33165466785431 1.31825137138367 1.3464663028717 1.04698860645294 0.902919769287109 0.820613622665405 0.665779531002045 0.517271101474762 0.397855013608932 0.302256137132645 0.386001378297806 0.539808511734009 0.516678333282471 0.560277462005615 0.505503535270691 0.808373630046844 1.51919257640839 2.03486347198486 2.20312523841858 2.6445426940918 2.85541677474976 3.14095449447632 2.89728474617004 2.89949417114258 2.92804980278015
0.154077410697937 0.263215333223343 0.431822538375854 0.54282933473587 0.814083218574524 1.22877979278564 1.42454051971436 1.47695219516754 1.52322030067444 1.46837997436523 1.3962961435318 1.1708756685257 0.988705515861511 0.854019105434418 0.771309912204742 0.71510112285614 0.900420784950256 1.01884996891022 1.1661319732666 1.3412172794342 1.43124854564667 1.50812673568726 1.41746485233307 1.19456851482391 1.16483926773071 0.929117381572723 0.745118618011475 0.58149266242981 0.421003699302673 0.302237421274185 0.365898638963699 0.573165118694305 0.607052743434906 0.545606315135956 0.539851903915405 1.0025120973587 2.08055543899536 2.42555451393127 2.36452746391296 2.7631402015686 3.14957499504089 3.42818069458008 3.29799914360046 3.16848015785217 3.06086111068726
