slauniainen/Data/DEM/Vihti_dsm1500b_cl_horizonAngle_258.asc
NCOLS 196 
NROWS 178 
XLLCORNER 353680 
YLLCORNER 6699024 
CELLSIZE 16 
NODATA_value -3.4e+38 
[rows 20 to 39 of 178, columns 46 to 91 of 196]
-0.757608592510223 8.80416011810303 -0.836925446987152 12.8889427185059 11.6816005706787 8.4730396270752 2.7390832901001 13.5454072952271 25.6590213775635 21.5876884460449 9.9590015411377 28.3482780456543 8.47393798828125 7.34904432296753 1.82592105865479 0.801977813243866 5.98412799835205 30.2831859588623 20.6230278015137 23.7772521972656 10.3595952987671 8.19397258758545 8.74725246429443 7.8389573097229 33.333984375 25.2692356109619 8.65671539306641 33.7515144348145 13.0285539627075 29.6609210968018 16.6554737091064 12.3378009796143 10.1855335235596 8.75946044921875 7.79979419708252 7.01670837402344 6.43928384780884 5.71073722839355 5.07729816436768 4.67762136459351 4.3369345664978 4.39119100570679 4.2988977432251 4.26544189453125 4.25648975372314 4.11589002609253
-0.821790993213654 2.53585648536682 7.11410522460938 7.56899929046631 5.42309904098511 8.88968372344971 8.47412490844727 6.95022106170654 25.2642955780029 15.2992792129517 24.1833400726318 18.9504680633545 4.52146577835083 3.27498412132263 2.86859655380249 1.66266202926636 14.8549165725708 12.023078918457 15.0491962432861 13.683177947998 26.9203796386719 14.4443893432617 8.34024143218994 32.4459190368652 17.8977298736572 7.85018014907837 6.93086767196655 6.8946270942688 40.5578002929688 24.1098136901855 14.4743995666504 15.3725938796997 12.1353445053101 10.1797971725464 8.71031093597412 7.56010007858276 5.56750822067261 5.22432565689087 4.94836711883545 4.69141483306885 4.57641363143921 4.3348331451416 4.25269794464111 4.19237756729126 4.17112016677856 4.17942762374878
6.89092350006104 0.0565101690590382 15.5221366882324 12.473596572876 9.22881317138672 9.01134395599365 10.6261529922485 9.79444313049316 12.0670680999756 7.77362060546875 10.0389223098755 8.97795867919922 4.38112211227417 27.9814949035645 4.77850532531738 1.7102222442627 19.6274166107178 14.1552381515503 6.68280506134033 18.0262393951416 10.0994901657104 26.7661266326904 7.94864749908447 19.8168849945068 8.58292865753174 5.29018545150757 8.73228168487549 34.3805465698242 5.98412227630615 41.4985656738281 24.060791015625 8.70940971374512 7.97517585754395 7.33438873291016 6.69796562194824 5.31049251556396 5.06027221679688 4.94375276565552 4.79761123657227 4.66206884384155 4.54877614974976 4.44915580749512 4.36432456970215 4.40989828109741 4.36145687103271 4.33658981323242
8.40634059906006 6.46364307403564 11.8944845199585 5.84097719192505 9.1910572052002 12.5950870513916 6.32437753677368 19.5005950927734 18.461088180542 5.66781663894653 15.7094326019287 2.94383525848389 36.8884353637695 17.5456447601318 3.70728659629822 9.63246726989746 3.28978657722473 3.13929343223572 2.82132911682129 23.2462902069092 14.6630544662476 25.6468639373779 3.89058327674866 7.45895862579346 15.5718488693237 19.4444713592529 9.93223667144775 34.8610916137695 19.9249477386475 12.0365285873413 10.4902315139771 7.48832225799561 6.77467203140259 6.18042087554932 5.46578073501587 5.31829214096069 5.16419982910156 5.04080867767334 5.06620645523071 4.92226696014404 4.81280755996704 4.69200277328491 4.58029556274414 4.48212814331055 4.41041898727417 4.36754846572876
14.264310836792 14.9211750030518 10.7304239273071 9.80599975585938 11.4551420211792 23.589822769165 6.01928997039795 15.5454139709473 10.9606618881226 7.34301471710205 5.90761423110962 11.7326507568359 3.78566694259644 32.6475563049316 16.2413787841797 8.65832424163818 7.98767566680908 7.18044662475586 6.08047199249268 6.71699476242065 4.98052978515625 6.62602663040161 4.67876482009888 6.03330135345459 25.7051181793213 14.7666807174683 37.8750152587891 21.8390598297119 11.5990238189697 10.0474882125854 7.77968645095825 6.17001295089722 5.94162654876709 6.00412702560425 5.81920289993286 5.63428401947021 5.45046997070312 5.27324151992798 5.10878801345825 4.98258972167969 4.87156438827515 4.75663089752197 4.66018533706665 4.09965372085571 4.02963781356812 3.96951866149902
16.1691436767578 28.1756706237793 19.0521354675293 10.8356771469116 7.95899438858032 5.04139471054077 15.3107957839966 10.3684492111206 5.44165897369385 7.63520765304565 3.0239040851593 24.0263385772705 23.8225173950195 9.69526767730713 9.97363376617432 7.53301572799683 6.71444177627563 7.2690544128418 7.50377559661865 5.41778945922852 21.3854522705078 7.07167339324951 5.21053504943848 15.8900995254517 25.9521865844727 17.7107353210449 20.7996253967285 10.966628074646 9.22701072692871 7.87598133087158 6.93558120727539 6.60120820999146 6.31954431533813 6.06829118728638 5.86516618728638 5.68419981002808 5.49782228469849 5.31496143341064 4.61065578460693 4.52267360687256 4.42537450790405 4.32865428924561 4.07693147659302 4.00362968444824 3.92946720123291 3.85777521133423
20.0665626525879 22.2414073944092 13.893853187561 6.85140180587769 8.56411361694336 6.00917434692383 3.19537472724915 24.9319686889648 12.4064750671387 14.9056329727173 9.96387195587158 7.16115474700928 7.03796005249023 17.8460540771484 13.235668182373 6.86869382858276 6.00042963027954 21.5594043731689 17.4263858795166 8.99538516998291 25.7167453765869 6.43431758880615 6.73359394073486 15.017689704895 11.8133478164673 31.620922088623 17.9368000030518 9.01246547698975 7.83245134353638 7.42724370956421 7.05761909484863 6.70304536819458 6.40512943267822 5.45743751525879 5.26346254348755 5.10140466690063 4.95397281646729 4.6094799041748 4.48114252090454 4.40485191345215 4.31715726852417 4.21857070922852 3.67091488838196 3.59703969955444 3.38132929801941 3.10287189483643
26.2644214630127 22.4299907684326 8.57026767730713 7.45959854125977 3.53877711296082 0.613561689853668 22.579833984375 14.0353536605835 13.0292825698853 12.1702823638916 12.2357482910156 8.1794900894165 24.8134326934814 10.4526290893555 31.2566356658936 22.0395050048828 12.7426319122314 17.7751846313477 15.595103263855 13.5677499771118 12.2368125915527 8.81625270843506 7.99181461334229 20.3209114074707 17.878791809082 14.3758220672607 8.93387413024902 8.46747875213623 8.01388740539551 6.67731761932373 6.32212162017822 6.03872013092041 5.59992551803589 5.31953048706055 5.12525463104248 4.94182157516479 4.80070877075195 4.16808080673218 4.05088043212891 3.77021455764771 3.69910216331482 3.37939429283142 3.21529340744019 3.01742267608643 2.72396945953369 2.49870300292969
12.6347875595093 6.49544668197632 25.6334915161133 4.52027606964111 2.33649635314941 -0.530667245388031 8.76601314544678 17.1041984558105 29.7022476196289 22.8878688812256 11.1264009475708 9.21380424499512 10.6764688491821 10.4275484085083 8.40450096130371 35.4311637878418 28.9918899536133 14.9349727630615 12.9343309402466 10.8553295135498 19.7431221008301 9.58783531188965 9.41582489013672 26.9099903106689 15.3886547088623 8.42934226989746 7.99442529678345 7.58176803588867 7.01957893371582 6.4644603729248 6.14099025726318 5.8696813583374 5.10003614425659 4.87913465499878 4.35690021514893 4.20193719863892 3.81127667427063 3.63651847839355 3.4192259311676 3.07711577415466 2.77695941925049 2.71544027328491 2.6514093875885 2.28176689147949 2.24180054664612 2.48554229736328
16.3531837463379 12.6690845489502 8.91388511657715 3.9227774143219 -0.383805751800537 -0.0758806243538857 -0.693249464035034 15.8779401779175 13.6897268295288 31.0360221862793 15.5566921234131 35.3229942321777 22.2127056121826 13.1054925918579 21.4467296600342 18.4589462280273 22.75954246521 15.4403066635132 11.4994649887085 8.76914501190186 11.7774753570557 29.43869972229 16.7407131195068 11.3098020553589 7.95977878570557 9.42951774597168 6.76786327362061 25.2137889862061 12.0235376358032 12.516975402832 9.11781406402588 7.17289638519287 5.94916391372681 5.05376577377319 3.61442089080811 3.15835976600647 3.06248235702515 2.99056529998779 2.83816838264465 2.71348476409912 3.03268790245056 2.91379547119141 2.79614877700806 2.66369700431824 2.55950474739075 2.21143293380737
13.5311222076416 9.09286785125732 2.22414207458496 -2.53763628005981 -2.98098039627075 -3.28217577934265 3.53527688980103 1.33774995803833 13.7312631607056 32.2177963256836 22.0572643280029 33.6582527160645 20.979866027832 14.1174879074097 28.6110305786133 20.3743553161621 13.0637474060059 10.9272632598877 8.77101516723633 41.5970726013184 24.8523063659668 11.4409580230713 7.04952144622803 5.69608163833618 13.8605241775513 8.64247035980225 4.43628692626953 36.765495300293 21.7504539489746 7.30824375152588 5.8382248878479 4.37829637527466 3.87898182868958 4.53292179107666 3.99880409240723 4.04587984085083 3.76049780845642 3.56835746765137 3.39760136604309 3.26327133178711 2.79352951049805 2.6775209903717 2.57334184646606 2.45010232925415 2.58637356758118 2.47813129425049
4.00244808197021 7.99363708496094 0.245430126786232 -2.53075528144836 -3.41178560256958 -2.50279688835144 3.55215644836426 -3.5318591594696 42.4238128662109 25.4163246154785 33.9465789794922 22.2440757751465 15.5228204727173 12.5022201538086 12.0582885742188 12.8867645263672 31.336555480957 21.2927112579346 16.3676338195801 15.0924873352051 7.64550113677979 5.3936505317688 47.2138824462891 4.53997898101807 16.2182998657227 11.8764495849609 29.7118835449219 14.9226016998291 15.2539806365967 11.265513420105 8.21136474609375 6.47869777679443 5.63203477859497 5.0294508934021 4.56951522827148 3.80727767944336 3.49129319190979 3.28160262107849 3.14699053764343 3.54479742050171 3.35523414611816 3.1446270942688 2.95422506332397 3.3832471370697 3.21004939079285 3.05054068565369
-0.668993473052979 12.5735054016113 -2.4588623046875 -3.38495635986328 -2.26612901687622 11.4012651443481 -3.04371762275696 10.2923851013184 27.7960147857666 24.4192600250244 23.8615398406982 19.2178421020508 8.76229190826416 30.1236209869385 28.2661285400391 18.0522785186768 9.34981155395508 37.52490234375 22.8110313415527 6.33199071884155 5.12705659866333 3.65944194793701 3.45395922660828 45.4078788757324 26.8674392700195 2.37954807281494 9.18919658660889 25.6876411437988 20.0695381164551 13.6618423461914 9.69664287567139 7.33783864974976 5.84496116638184 4.92149496078491 4.35452842712402 5.0517840385437 4.49969816207886 4.08945560455322 4.53752565383911 4.29380941390991 4.07252740859985 3.848468542099 3.61302709579468 2.60016989707947 2.72290802001953 3.00276470184326
1.17141485214233 0.411267876625061 -2.57997560501099 -3.85713911056519 11.7588186264038 -2.17673349380493 -0.642196655273438 24.2545490264893 11.9718780517578 17.972110748291 38.0512199401855 19.5303440093994 8.89650821685791 35.2012710571289 22.9773063659668 17.7698554992676 15.9910879135132 14.5717105865479 5.40963745117188 4.0882625579834 14.090633392334 10.1530456542969 34.6770095825195 1.59028851985931 8.20226383209229 47.1014938354492 4.44153451919556 24.8862342834473 23.3299465179443 12.1667547225952 15.3890810012817 11.1960287094116 8.6635684967041 7.09817457199097 6.75068759918213 5.99975824356079 5.42490291595459 4.95108842849731 3.42573022842407 3.67301607131958 4.16852760314941 3.91234660148621 3.65581297874451 3.41088604927063 3.20721960067749 2.84858274459839
12.3476676940918 3.57619547843933 -1.86195290088654 -3.25849199295044 -3.44473075866699 -3.53433895111084 11.9881887435913 9.23745632171631 7.68811178207397 11.4107789993286 24.5955772399902 24.4429798126221 4.34213733673096 42.4267120361328 28.4059066772461 13.5984010696411 13.947395324707 3.30572772026062 10.5054578781128 3.61515069007874 46.4089202880859 27.6421356201172 3.36409211158752 2.22971367835999 1.05840730667114 3.95556044578552 45.5609474182129 1.46164619922638 45.4131240844727 25.0959396362305 15.1832113265991 12.0363006591797 9.70403385162354 8.14898681640625 5.21797037124634 5.34205102920532 5.95121669769287 5.30442142486572 4.8086051940918 4.49605941772461 3.88106203079224 4.16029405593872 3.87205767631531 3.59994888305664 3.34129929542542 3.13307905197144
5.28475189208984 1.64775478839874 -0.165409773588181 -1.57153940200806 -2.48132753372192 8.08755207061768 1.12027871608734 1.52195453643799 25.7093887329102 7.93271017074585 6.25627422332764 11.5620708465576 23.4996471405029 8.65580654144287 35.5139312744141 22.2064647674561 3.74947118759155 24.0743713378906 38.5388107299805 21.5171794891357 3.75907731056213 1.8767317533493 1.87629175186157 3.70793795585632 1.87140774726868 5.66765594482422 0.586931586265564 51.8794898986816 23.6489582061768 17.2607116699219 16.2298755645752 17.2859306335449 13.1855840682983 10.2219133377075 8.37582492828369 7.06445026397705 5.40862512588501 5.91465187072754 5.27041435241699 4.83144855499268 4.49757099151611 3.89582300186157 4.15813684463501 3.85603451728821 3.5633442401886 3.29932403564453
3.60209202766418 2.06337237358093 -2.05682682991028 5.16833972930908 -0.463117718696594 5.7174072265625 20.2643909454346 11.2455425262451 8.23139572143555 4.16137552261353 2.16395401954651 -1.24686765670776 50.1656341552734 32.4443511962891 0.747489750385284 16.5545883178711 35.4781150817871 19.4348011016846 5.89891004562378 2.45767974853516 10.7773580551147 11.274676322937 7.28779983520508 6.05455160140991 6.68652200698853 4.30338954925537 1.02066433429718 0.747193574905396 0.588841915130615 47.8800926208496 27.5979080200195 13.9936800003052 17.3494853973389 13.2241678237915 10.1448793411255 8.31293106079102 7.05881452560425 5.63866662979126 6.00324440002441 5.38739347457886 4.88163042068481 4.45430898666382 3.45242500305176 3.88803648948669 3.59601354598999 3.30108070373535
0.978881657123566 27.8184356689453 -0.947668552398682 5.86399984359741 -1.5979311466217 -0.73951268196106 30.3484973907471 9.34690189361572 35.969898223877 20.0600776672363 0.0684452950954437 7.14738416671753 3.66495800018311 8.67848873138428 12.2871780395508 43.9609642028809 3.4288694858551 3.23175621032715 1.01481401920319 16.3337917327881 3.82799315452576 1.97808694839478 23.4237384796143 8.98034572601318 7.14497709274292 3.68511629104614 0.937313973903656 0.634201765060425 12.6845731735229 0.555932581424713 47.5269432067871 27.6053905487061 17.1490154266357 17.8988056182861 13.4778652191162 10.2892227172852 8.46444988250732 7.12162780761719 5.19562196731567 5.8388557434082 5.13713836669922 4.55640983581543 4.10553598403931 3.20879983901978 2.98748707771301 2.78922629356384
1.53549289703369 1.45850956439972 1.34537386894226 0.290961235761642 0.251774877309799 0.784111380577087 18.5357437133789 19.477819442749 15.059588432312 -1.30996918678284 3.93364953994751 21.5404186248779 13.8345880508423 44.39697265625 -0.567224025726318 -0.0201907027512789 0.650779783725739 -0.181808441877365 11.3076972961426 2.45128226280212 1.4431346654892 5.09850025177002 14.9271078109741 10.7961702346802 2.48726582527161 0.671160936355591 7.08703804016113 4.81472778320312 0.719503164291382 1.97581303119659 0.438943445682526 47.9520950317383 28.2040176391602 16.2962779998779 17.5281410217285 12.9677047729492 9.99597835540771 8.23605918884277 6.96799898147583 4.80124473571777 4.25936651229858 3.93929386138916 4.08115100860596 3.96298360824585 3.66205525398254 3.37308692932129
0.80768746137619 0.685541272163391 0.60671478509903 -1.75992357730865 -1.82106983661652 18.5963516235352 12.3870582580566 -0.533932268619537 5.02076721191406 -0.354780077934265 7.09212303161621 45.3020973205566 -0.40236884355545 3.48219537734985 3.83318948745728 0.587633371353149 -0.385266304016113 7.54760932922363 1.45673072338104 0.814051866531372 0.499038994312286 6.37036800384521 3.55334448814392 2.19287037849426 0.965629696846008 0.807865381240845 5.2756986618042 3.4937162399292 1.58524978160858 2.96869421005249 1.4023677110672 0.260148853063583 47.2755928039551 27.6283054351807 15.0563154220581 11.2825241088867 8.63668155670166 6.95875453948975 6.93237018585205 6.70516443252563 5.841139793396 5.08389043807983 4.42327404022217 3.66737389564514 3.33222460746765 3.07101488113403
