slauniainen/Data/DEM/Vihti_dsm1500b_cl_horizonAngle_300.asc
NCOLS 196 
NROWS 178 
XLLCORNER 353680 
YLLCORNER 6699024 
CELLSIZE 16 
NODATA_value -3.4e+38 
[rows 100 to 119 of 178, columns 135 to 179 of 196]
27.823616027832 15.3162050247192 13.8228597640991 10.2700052261353 9.79708862304688 8.9360523223877 7.87118053436279 7.51212596893311 6.95305728912354 6.634361743927 5.89131927490234 6.06396818161011 5.8893461227417 5.96415138244629 5.80084800720215 5.21333456039429 5.07814455032349 4.49606132507324 4.67130279541016 4.84753561019897 4.93449211120605 5.34655809402466 5.15743637084961 5.69812488555908 5.48980045318604 5.31678485870361 5.32770776748657 5.39766073226929 5.48199367523193 5.32260608673096 5.25997877120972 5.2580099105835 5.21401643753052 5.17389822006226 5.14962291717529 4.7026515007019 4.74942922592163 4.7514796257019 4.49940729141235 3.97808051109314 3.4972198009491 9.14002799987793 18.1106567382812 8.18625545501709 16.9748802185059
6.36510944366455 21.1803092956543 17.4457721710205 12.3273429870605 9.66510009765625 9.21496486663818 8.36575412750244 7.92547798156738 7.02530574798584 6.73553419113159 6.18548727035522 5.92934036254883 5.79430294036865 5.63407182693481 5.50581216812134 5.57347726821899 5.43484783172607 4.89883756637573 4.77197790145874 4.47411441802979 4.40982913970947 4.43028783798218 4.4248218536377 4.90593481063843 4.73139190673828 5.21075057983398 5.03362274169922 4.89288282394409 5.11872434616089 5.09903383255005 5.18471097946167 5.0531439781189 5.15431785583496 5.10231351852417 5.03776788711548 4.90536308288574 5.61327028274536 4.8599534034729 4.40129995346069 3.49460577964783 3.28991675376892 3.07137227058411 10.913046836853 3.99634861946106 21.2296276092529
20.7796382904053 10.5825309753418 32.970386505127 15.9187726974487 13.1168985366821 10.3628721237183 8.55946445465088 8.16590785980225 7.41464710235596 7.10617399215698 6.33104419708252 5.53574371337891 5.56773805618286 4.83589506149292 5.41490411758423 5.28018283843994 5.16769647598267 5.22498273849487 5.10363006591797 4.60470056533813 4.0236964225769 4.16504764556885 4.09881448745728 4.15838193893433 4.23072052001953 4.50249719619751 4.43897533416748 4.78059387207031 4.70018625259399 4.74421834945679 4.79314851760864 4.79027032852173 4.86853742599487 4.84585666656494 4.89257431030273 4.57347393035889 4.05133008956909 4.1401743888855 4.16024351119995 3.18784284591675 3.90742683410645 6.11693954467773 16.9954032897949 6.47877883911133 6.01067066192627
6.06271839141846 7.96582365036011 9.07062435150146 31.1519088745117 19.6144638061523 11.2673044204712 9.25528049468994 8.62828063964844 7.63353490829468 7.32325124740601 6.67888402938843 5.98204755783081 5.74438619613647 5.25349807739258 5.060218334198 4.42383527755737 5.06852531433105 4.9459114074707 4.84889936447144 4.90998601913452 4.42863273620605 4.32738971710205 3.74491381645203 3.87257504463196 3.8080358505249 3.85305786132812 4.27214574813843 4.15134572982788 4.54140138626099 4.3914999961853 4.40577030181885 4.45225286483765 4.6335563659668 4.72355651855469 4.63558912277222 3.59655070304871 3.57242608070374 3.58225607872009 3.29522800445557 3.7563145160675 18.0122661590576 9.39575958251953 10.2971334457397 12.018274307251 3.01936531066895
6.51933193206787 5.074866771698 9.11151885986328 40.395637512207 29.3842067718506 17.795337677002 13.6611547470093 8.9633846282959 7.94573879241943 7.61616802215576 6.87764263153076 6.29702520370483 6.06815481185913 5.43659114837646 5.24010753631592 4.76420211791992 4.59349727630615 4.0169563293457 4.75382280349731 4.66159152984619 4.71743679046631 4.60980749130249 4.15791988372803 4.04980897903442 3.47434425354004 3.57415103912354 3.66784977912903 3.58091616630554 2.73521041870117 3.80817842483521 4.157142162323 4.04120779037476 4.14658212661743 4.37114191055298 4.40489292144775 3.10637855529785 2.91787171363831 3.23583602905273 5.36791896820068 12.7917814254761 11.6574726104736 4.78536987304688 3.92554306983948 2.12743949890137 1.88655459880829
10.1890640258789 16.5316162109375 12.6879997253418 10.2247972488403 26.3227806091309 19.5694332122803 16.0833377838135 12.2174911499023 9.26142597198486 7.3928861618042 7.14464473724365 6.47346782684326 6.23049449920654 5.71298789978027 5.50614881515503 4.95786905288696 4.80792617797852 4.34386014938354 4.20466375350952 4.56701183319092 4.45692110061646 4.37258005142212 4.40258598327637 4.27744626998901 3.83971619606018 3.28490018844604 3.3686261177063 3.31521415710449 2.00831079483032 1.72115504741669 2.30262660980225 2.00562500953674 2.10163903236389 3.97195148468018 4.04270935058594 3.72307133674622 29.8942279815674 23.6868743896484 15.7353687286377 2.56977772712708 2.45236206054688 1.92674553394318 1.9428346157074 1.41907799243927 1.07947778701782
6.10289287567139 11.0741424560547 7.10762977600098 18.6905078887939 22.0147323608398 27.7458038330078 14.3807106018066 12.5478668212891 10.9153423309326 9.03223133087158 6.66752290725708 6.71935749053955 6.45812845230103 5.85945224761963 5.64203405380249 5.20291900634766 5.03413486480713 4.55247974395752 3.95628976821899 3.9704430103302 3.41765952110291 4.23758697509766 4.11291694641113 4.02462530136108 4.03241300582886 3.61069750785828 3.54070091247559 3.02934622764587 2.0169243812561 1.5208455324173 3.53924679756165 8.52168083190918 2.07071661949158 16.4276065826416 16.8020534515381 2.91378712654114 3.26143312454224 2.99636149406433 2.50423192977905 2.25655055046082 2.00482249259949 0.783544778823853 1.09000146389008 1.03431975841522 0.678118288516998
14.2673606872559 26.0635223388672 17.1300449371338 9.92256164550781 6.16848373413086 11.9405422210693 18.1300067901611 15.0366811752319 9.68586730957031 9.1203441619873 8.43556594848633 7.37126302719116 5.68604946136475 6.07069396972656 5.82832622528076 5.29549598693848 5.11263036727905 4.72441387176514 4.27527952194214 4.13060331344604 3.67476511001587 3.52475690841675 3.09049510955811 3.8565514087677 3.7678108215332 3.76607012748718 3.67110061645508 3.31479144096375 2.83624005317688 12.4826526641846 10.8293581008911 7.60559749603271 1.22207307815552 1.45838463306427 2.32449746131897 5.30266666412354 2.8135769367218 1.75892770290375 1.88240826129913 1.5896087884903 1.53153455257416 0.468663662672043 -0.744190096855164 -0.427644729614258 -0.0294498298317194
8.69468593597412 7.1978964805603 4.42062664031982 4.51358509063721 4.58242845535278 4.64806795120239 5.10617113113403 12.7189083099365 11.6150913238525 10.0193729400635 7.67137098312378 7.53089904785156 6.5571346282959 6.15437984466553 5.04087162017822 5.42232131958008 5.21599435806274 4.74050521850586 4.38467359542847 4.24946689605713 3.80845189094543 3.6578254699707 3.19131398200989 3.04338622093201 3.59298729896545 3.46295070648193 3.38474035263062 3.41764378547668 2.39859747886658 2.02044463157654 1.00014889240265 0.825481176376343 0.922371089458466 3.78459525108337 2.98829650878906 1.85004103183746 1.28587245941162 1.12176883220673 0.920393705368042 0.74338173866272 0.457550376653671 0.615708351135254 0.517102897167206 -0.734151303768158 -1.61072158813477
4.77237319946289 4.22767782211304 3.7311806678772 3.34005355834961 3.15932822227478 3.59123802185059 4.26409244537354 4.59921312332153 18.2419948577881 9.24501037597656 8.61468505859375 6.69875621795654 6.67989206314087 6.24509382247925 5.50702953338623 5.19687032699585 4.44565486907959 4.82637691497803 4.38112306594849 4.23346662521362 3.88977956771851 3.72868132591248 3.31594133377075 3.18079900741577 2.73454737663269 2.59007811546326 2.6137866973877 2.2820942401886 2.26443552970886 0.614672958850861 0.194853872060776 0.522522330284119 0.53828889131546 0.485614418983459 0.396377503871918 -0.0626100078225136 -0.185598582029343 0.22847193479538 0.069269061088562 -0.0650723949074745 -0.182785242795944 -0.307683199644089 -0.0193008836358786 -0.219809591770172 -1.47953271865845
5.05429983139038 4.63497352600098 7.53893995285034 6.2873330116272 16.1656227111816 5.53682422637939 3.14903330802917 3.15402221679688 28.5851230621338 19.0547580718994 9.11687564849854 7.26103973388672 6.63927364349365 5.86610269546509 5.61773777008057 5.10798931121826 4.67856502532959 4.07762765884399 4.45225286483765 4.28045701980591 3.88408517837524 3.7146782875061 3.38104248046875 3.25458550453186 2.88958477973938 2.36006212234497 1.50429427623749 1.5914192199707 1.76769840717316 0.560771584510803 0.0396277159452438 -0.447604537010193 -0.721525490283966 -0.319001585245132 -1.15527439117432 -1.60355842113495 -1.70801746845245 -1.02031493186951 -0.729014694690704 -0.674666583538055 -0.825196146965027 -0.347173988819122 -1.0009663105011 0.807995557785034 6.48265981674194
4.83016967773438 4.90665054321289 4.4771089553833 4.35952806472778 10.4397401809692 4.0310959815979 2.87229251861572 3.06654286384583 2.49610424041748 19.7937088012695 10.7376184463501 8.23886966705322 5.54661083221436 5.53985166549683 5.01030921936035 5.13164186477661 4.94038438796997 4.30975008010864 4.13409852981567 3.56380558013916 3.93113613128662 3.76773166656494 3.37531232833862 3.22761750221252 2.95266842842102 1.4284074306488 1.71452295780182 9.02511501312256 2.40039134025574 0.0805467441678047 -0.56693959236145 -1.00762510299683 -1.35565531253815 -1.06868779659271 -1.72827112674713 -1.90450870990753 -2.11585879325867 -2.17353940010071 -1.89242732524872 -1.4218921661377 -1.80666494369507 -1.3675194978714 11.0218420028687 15.7090692520142 17.2466087341309
8.68013763427734 4.69676446914673 4.44709920883179 9.990159034729 8.51060104370117 3.19628381729126 3.56257891654968 2.79976654052734 2.61615061759949 2.49262619018555 25.2676944732666 8.54984951019287 5.43756723403931 4.58997821807861 4.84584426879883 4.65237951278687 4.39900016784668 4.53939151763916 4.04333925247192 3.78251791000366 3.62610125541687 3.09111261367798 3.43313646316528 3.2462956905365 2.87281012535095 2.57246541976929 1.53741729259491 10.8721399307251 1.69206941127777 0.213911280035973 -0.655083239078522 -1.37014043331146 -1.458291888237 -1.5995386838913 -1.60703980922699 -2.34952926635742 -2.63738942146301 -3.21297025680542 -3.13806748390198 -2.92109942436218 4.69656610488892 11.6800117492676 19.7293815612793 5.76080369949341 2.76471447944641
3.52687048912048 3.45383739471436 4.12049531936646 3.98664450645447 3.08539247512817 3.31590723991394 3.06305313110352 2.81664228439331 4.13614177703857 2.31320881843567 2.33652997016907 21.2321701049805 11.4662389755249 4.58819913864136 4.10436010360718 4.03611278533936 4.28097343444824 4.03040790557861 4.149658203125 3.97246122360229 3.54334878921509 3.32255554199219 3.17264986038208 2.62292861938477 1.97973465919495 1.49186730384827 1.79865455627441 1.43660950660706 0.778372943401337 0.284817218780518 -0.7660813331604 -1.14150774478912 0.548622488975525 14.8192758560181 -1.66797661781311 -2.10958623886108 -2.53402805328369 1.87351179122925 30.1023044586182 22.8964996337891 0.524009943008423 -1.72566723823547 7.35257005691528 18.8921813964844 11.1113548278809
2.13798379898071 2.70728302001953 3.36946749687195 2.74770426750183 3.27244448661804 4.90531539916992 3.02071094512939 2.76796722412109 2.69610595703125 2.0294144153595 2.3715443611145 2.0062620639801 21.8685188293457 9.64077091217041 6.79034185409546 3.64772725105286 3.71003317832947 3.93025970458984 3.78245162963867 3.54499340057373 3.64595532417297 3.486172914505 3.08568859100342 2.84480953216553 0.799580276012421 1.86261129379272 11.7672739028931 1.24226927757263 0.482598692178726 0.175906702876091 -0.358063220977783 -0.544682800769806 -1.58382678031921 -1.33477222919464 -1.79042232036591 19.1861801147461 3.10600543022156 4.93295097351074 -3.28352665901184 5.41337871551514 6.45468425750732 20.0226421356201 14.9758682250977 21.759449005127 9.88998413085938
1.12894952297211 2.06199908256531 1.84312665462494 2.15859127044678 2.72859001159668 2.56643056869507 2.61115264892578 2.06868720054626 2.08381223678589 2.02403807640076 2.01238083839417 1.83523595333099 1.73271358013153 24.5090484619141 10.3784341812134 5.77697849273682 3.3464024066925 3.30639171600342 3.287757396698 3.47753024101257 3.31940937042236 3.08979463577271 3.1505823135376 1.88924074172974 1.77630805969238 14.5706262588501 12.6837320327759 0.544583261013031 -0.109317198395729 -0.548468053340912 -0.956325769424438 -0.407860487699509 1.63424646854401 2.68271398544312 4.89848613739014 -1.80842888355255 3.39089322090149 15.7989568710327 9.00050735473633 28.4685230255127 14.3028087615967 7.63995885848999 18.4071960449219 17.2467422485352 17.4623966217041
5.47207260131836 7.21478939056396 3.66306161880493 1.47661960124969 2.92870855331421 1.89441812038422 1.90662169456482 2.11668705940247 2.070063829422 2.0292706489563 10.8174638748169 1.79804611206055 7.30356359481812 1.78635358810425 28.3588085174561 11.8908166885376 6.10673666000366 3.46767067909241 2.94528484344482 2.89908599853516 2.86131072044373 3.01038885116577 2.83375024795532 1.81155157089233 1.55508494377136 5.46851682662964 3.86312460899353 0.409951776266098 -0.682498276233673 -0.688619673252106 2.4289243221283 13.0890674591064 -0.0549843907356262 -1.0978479385376 -2.53663802146912 0.880450487136841 -3.09985184669495 -3.23039078712463 -3.11589622497559 0.769404649734497 0.784139633178711 12.2464256286621 21.1452350616455 7.37831163406372 10.2937202453613
4.26763772964478 0.681452810764313 0.193518906831741 3.27989959716797 2.29135203361511 1.44574284553528 1.47286260128021 1.54698693752289 2.80594491958618 5.09778165817261 2.46999216079712 1.39750158786774 1.72572803497314 2.80803418159485 37.6858024597168 25.6935768127441 13.8785800933838 6.94660902023315 2.68519449234009 2.33532977104187 2.52912545204163 2.44064402580261 1.72955620288849 1.5016747713089 1.36742305755615 11.5909757614136 0.464392334222794 -0.281637489795685 -1.10780715942383 -1.22832667827606 -0.742102086544037 0.175418794155121 0.344334781169891 3.67176055908203 -0.237944677472115 5.57640075683594 7.14642667770386 30.5812740325928 27.9864273071289 31.4775867462158 30.8110389709473 30.4994525909424 13.8723945617676 11.0195436477661 15.3333616256714
3.86954259872437 8.96772861480713 24.2224407196045 19.2580661773682 7.98889541625977 0.774186432361603 0.921691477298737 0.766401350498199 1.10073661804199 1.52297794818878 1.71849679946899 1.4464316368103 9.61976337432861 6.96877098083496 21.506254196167 22.8248996734619 6.228759765625 11.9427146911621 8.24678421020508 2.79326939582825 0.824474334716797 0.845603227615356 1.37854409217834 1.50442945957184 12.1741523742676 0.690386593341827 0.593274831771851 4.14630031585693 4.8738226890564 13.3827047348022 1.53624558448792 3.13063502311707 -0.347511053085327 0.344747394323349 -1.52935361862183 27.6509418487549 29.155834197998 23.9042320251465 19.8071231842041 21.0657348632812 19.8976421356201 16.7029705047607 8.49227428436279 12.5347032546997 11.8146018981934
18.3299121856689 19.0850601196289 7.82278823852539 5.57068490982056 5.07600688934326 0.244102418422699 0.316005110740662 5.85960102081299 4.58508586883545 15.8241100311279 4.72899389266968 1.29685318470001 12.9461336135864 13.5064353942871 15.0272388458252 12.294958114624 6.19226789474487 4.87856340408325 4.79658603668213 1.03370380401611 0.719089686870575 0.0390972569584846 0.540169715881348 1.31782829761505 -0.0189051683992147 0.289444625377655 0.125572800636292 0.356299698352814 -0.330367028713226 -0.95084011554718 -0.896306276321411 7.85444450378418 7.66934680938721 2.59243607521057 22.6816673278809 28.0897407531738 18.9831733703613 11.3266916275024 14.6024713516235 12.5809717178345 12.6197643280029 12.1200618743896 5.80254983901978 4.89599514007568 11.1509714126587
