slauniainen/Data/DEM/Vihti_dem1500b_cl_horizonAngle_72.asc
NCOLS 196 
NROWS 178 
XLLCORNER 353680 
YLLCORNER 6699024 
CELLSIZE 16 
NODATA_value -3.4e+38 
[rows 100 to 119 of 178, columns 0 to 44 of 196]
2.31821227073669 2.81940865516663 6.57974529266357 7.80625915527344 0.842156291007996 -0.34554335474968 -0.16075824201107 0.179047748446465 0.436753392219543 0.591626584529877 0.684456706047058 0.787865340709686 0.834916174411774 0.886701762676239 0.926529347896576 1.00772595405579 1.08858466148376 1.19983100891113 1.32309567928314 1.46855175495148 1.56972599029541 1.60608899593353 1.70808374881744 1.76847898960114 1.86777305603027 1.91720902919769 1.96136319637299 2.06832456588745 2.21225690841675 2.34076905250549 2.47427225112915 2.76030254364014 3.07940030097961 3.06819009780884 2.57779812812805 3.52010583877563 5.79705429077148 4.21276569366455 6.82621622085571 -0.541433811187744 -0.36805522441864 0.214729472994804 0.434692233800888 1.81122708320618 2.07331371307373
4.44779491424561 5.07032632827759 6.51725673675537 6.92617702484131 4.26387548446655 -0.343054741621017 -0.243874430656433 -0.0049701351672411 0.333680987358093 0.583422005176544 0.715123653411865 0.782540738582611 0.855728209018707 0.885137856006622 0.918594002723694 0.964034497737885 1.02053380012512 1.14050340652466 1.26345694065094 1.39927339553833 1.599196434021 1.66931116580963 1.77878046035767 1.8353523015976 1.88529765605927 1.99056696891785 2.0650475025177 2.06965279579163 2.20577239990234 2.38659501075745 2.49434280395508 2.69916677474976 2.98837947845459 3.74091553688049 3.99767422676086 4.72659826278687 4.83175086975098 8.46140766143799 13.5571098327637 -0.727901995182037 -0.544774293899536 -0.113027229905128 0.360982865095139 2.05256319046021 1.56564962863922
3.58017110824585 4.15421295166016 5.13605976104736 6.43311262130737 4.73965120315552 0.392046749591827 -0.208235308527946 -0.0908193960785866 0.176602214574814 0.508669674396515 0.695554137229919 0.807730495929718 0.86129903793335 0.884591221809387 0.939253091812134 0.969001591205597 0.989970564842224 1.07767522335052 1.20136749744415 1.38187777996063 1.59781134128571 1.76637673377991 1.83981692790985 1.95003807544708 1.98341369628906 2.15084028244019 2.22647643089294 2.13540363311768 2.23980379104614 2.49305629730225 3.04792213439941 3.37564158439636 4.0651421546936 4.35000896453857 4.94065237045288 7.23616743087769 8.30806064605713 9.8815803527832 16.2887573242188 -0.717998862266541 -0.670165717601776 -0.192619174718857 0.684038281440735 -0.148011907935143 1.63571357727051
3.42867612838745 3.03850078582764 3.41114330291748 4.89251375198364 4.25575160980225 1.37089884281158 -0.0901848748326302 -0.0746797174215317 0.0888275504112244 0.394775092601776 0.68008154630661 0.81965035200119 0.855995059013367 0.908452689647675 0.971300899982452 1.31423938274384 0.988525986671448 1.03439056873322 1.15438735485077 1.36940705776215 1.64206218719482 1.86440539360046 1.92801928520203 2.04518508911133 2.12294363975525 2.20111966133118 2.36061120033264 2.48168420791626 2.78401970863342 3.41426420211792 3.56769633293152 3.95821070671082 5.54828691482544 5.95074224472046 6.42762041091919 8.26019954681396 9.4472484588623 11.4591941833496 16.0675926208496 5.77401351928711 -0.586310386657715 -0.254888385534286 0.85726135969162 -0.079680934548378 -0.110235892236233
2.35736489295959 2.3919460773468 2.2398579120636 3.16115927696228 3.58623027801514 2.71460652351379 -0.0224440656602383 -0.00537622347474098 0.0531023629009724 0.264925956726074 0.592291355133057 0.815785348415375 0.875370979309082 0.960953950881958 1.72638750076294 1.33818686008453 1.14315366744995 1.1158607006073 1.18681287765503 1.33035111427307 1.59830474853516 1.87142825126648 2.12110877037048 2.25292348861694 2.4019238948822 2.56151151657104 2.89256238937378 2.9456775188446 3.18985462188721 4.44282245635986 4.79947376251221 5.00750541687012 5.94688415527344 6.48888635635376 7.18133068084717 7.95586442947388 8.94746589660645 10.4422063827515 11.0512399673462 11.2785520553589 -0.409499913454056 -0.358307361602783 -0.202240690588951 -0.170632272958755 -0.155081197619438
1.51644170284271 1.70628774166107 1.51778662204742 2.17332816123962 3.34099912643433 2.75166463851929 0.385564357042313 0.88751208782196 0.0578341297805309 0.194086343050003 0.474475264549255 0.764473378658295 0.904919266700745 1.04905819892883 1.44955885410309 1.70198512077332 1.96064615249634 1.29463028907776 1.36953067779541 1.45589053630829 1.6079568862915 1.99613344669342 2.38876104354858 2.79621577262878 2.76848554611206 2.83917427062988 3.69970893859863 3.83812594413757 4.03855800628662 4.81212091445923 5.14081001281738 5.27707242965698 5.55610132217407 6.11991691589355 6.77486038208008 7.30238914489746 7.82812595367432 8.55277061462402 10.3165845870972 7.66382789611816 2.62878751754761 -0.308590590953827 -0.254882276058197 -0.31581050157547 -0.0505069829523563
1.11631083488464 1.27601742744446 1.06839454174042 0.704470574855804 0.965801060199738 1.97088158130646 1.62730324268341 1.07764947414398 0.12327316403389 0.200846299529076 0.370977222919464 0.656392157077789 0.952584445476532 1.12887978553772 1.25903630256653 1.48742270469666 2.04759693145752 1.83741474151611 1.69278705120087 1.98382949829102 2.11448740959167 2.31892943382263 2.59687566757202 3.40678548812866 3.42261719703674 3.5338122844696 4.00532102584839 4.17355251312256 4.38889789581299 4.5417218208313 4.84795141220093 5.08854866027832 5.37661981582642 5.68727970123291 6.21987295150757 6.84019708633423 6.2696270942688 6.61165618896484 7.91780042648315 4.92559480667114 2.57875752449036 0.700086891651154 -0.370428860187531 -0.364619106054306 -0.27857494354248
0.512315690517426 0.583545506000519 0.723846137523651 0.83771824836731 0.72622537612915 1.58230841159821 2.09657073020935 0.943682849407196 0.217534378170967 0.235039249062538 0.360814481973648 0.582192122936249 0.980081737041473 1.21847295761108 1.41412854194641 1.63595759868622 1.92996501922607 1.97671830654144 1.99191176891327 2.55399465560913 2.67337155342102 2.89673757553101 3.24806118011475 3.53144454956055 3.6466166973114 3.80664253234863 3.89531302452087 4.22579526901245 4.3207688331604 4.43669033050537 4.52190494537354 4.77500200271606 5.01275682449341 4.59995460510254 4.98714256286621 5.46861791610718 5.83638095855713 6.43853569030762 6.29962253570557 6.47427415847778 2.0624840259552 0.690136849880219 -0.350699871778488 -0.383034259080887 -0.0172869358211756
0.626428782939911 0.469844967126846 0.644127130508423 1.01823329925537 1.02110779285431 1.86639261245728 2.28047919273376 1.80533981323242 0.381651669740677 0.361588984727859 0.469145238399506 0.657695412635803 1.05302083492279 1.52823328971863 1.67339909076691 1.83676338195801 2.38829708099365 2.48473691940308 2.5510630607605 2.82913446426392 2.93115568161011 3.20070290565491 3.34396028518677 3.34010815620422 3.59905028343201 3.75729298591614 3.97985887527466 3.99222826957703 4.10989904403687 4.27561378479004 3.88165688514709 4.01726484298706 4.1431679725647 4.221435546875 4.44111061096191 4.87510299682617 5.49209403991699 6.15931367874146 6.67593860626221 5.92385292053223 2.39852380752563 2.21821355819702 0.59104996919632 0.0400578491389751 0.508629739284515
1.07610630989075 0.30690810084343 0.49371612071991 0.861552596092224 1.13538348674774 1.75123476982117 2.66905474662781 2.36959862709045 1.03493428230286 0.636386632919312 0.881851077079773 1.00592982769012 1.20034325122833 1.83359754085541 2.04525899887085 2.23043823242188 2.51709890365601 2.7008421421051 2.84448575973511 2.89579558372498 3.15434384346008 3.26401305198669 3.27646064758301 3.40596437454224 3.42977929115295 3.55656909942627 3.71891641616821 3.41468644142151 3.55885815620422 3.67880463600159 3.71404719352722 3.68691992759705 3.82911086082458 3.96967673301697 4.28879642486572 4.65655136108398 4.64451026916504 5.26152086257935 5.91912174224854 4.28089714050293 2.23750138282776 1.81604444980621 1.19762587547302 1.15425074100494 1.20663166046143
1.85437703132629 0.45713472366333 0.308706074953079 0.522095382213593 0.982819557189941 0.964370548725128 1.64025020599365 2.25193953514099 1.49204528331757 0.898006677627563 1.2887157201767 1.42457950115204 1.59645843505859 1.96570646762848 2.17076015472412 2.33978915214539 2.52302169799805 2.80972099304199 2.90565896034241 3.03434085845947 4.11113786697388 2.99839520454407 3.04496431350708 3.21537184715271 3.00892877578735 3.03897619247437 3.18200945854187 3.28992509841919 3.26289963722229 3.37167739868164 3.48208212852478 3.57937169075012 3.69133400917053 3.62260937690735 3.7363657951355 3.99185609817505 3.56926512718201 3.95443034172058 4.6395959854126 3.99871802330017 2.42192316055298 1.78358829021454 1.88181495666504 1.96116828918457 2.02569913864136
3.441725730896 0.713403701782227 0.388555854558945 0.558148562908173 0.806265592575073 0.869150161743164 1.08629286289215 1.94950032234192 1.79129660129547 1.33108985424042 1.51098036766052 1.63711047172546 1.77305018901825 1.86875760555267 2.19814205169678 2.37482571601868 2.530118227005 2.63751816749573 2.79337048530579 2.8697190284729 2.65128588676453 2.58937191963196 2.63803815841675 2.74801015853882 2.86650991439819 2.83355689048767 2.92822504043579 3.04260587692261 3.15891575813293 3.29207897186279 3.28794598579407 3.28347373008728 3.30815505981445 3.02901339530945 3.03353691101074 3.17944979667664 3.05402851104736 3.02518630027771 3.55709934234619 3.44611549377441 2.50003027915955 1.94529664516449 1.98319613933563 2.14995288848877 2.24506497383118
5.34310960769653 0.960330307483673 0.669011473655701 0.710748076438904 1.07822120189667 1.16527819633484 1.22887408733368 1.40540909767151 1.4752893447876 1.52369451522827 1.5354095697403 1.78581094741821 1.89655315876007 2.01161527633667 2.08599829673767 2.24162459373474 2.41053032875061 2.35896801948547 2.45541739463806 2.90887999534607 2.48881196975708 2.38671088218689 2.48520421981812 2.56304025650024 2.66109895706177 2.72208547592163 2.83918571472168 2.86906003952026 2.89565396308899 2.98778986930847 2.82362461090088 2.80982255935669 2.83561706542969 2.71668982505798 2.55300307273865 2.65891027450562 2.56349158287048 2.27900099754333 2.34032225608826 2.61595153808594 2.40256714820862 2.15381336212158 2.18730711936951 2.03901720046997 2.12409329414368
6.62200450897217 2.3091287612915 1.09127759933472 0.952209532260895 1.08597099781036 1.1539192199707 1.29772877693176 1.32867646217346 1.53839516639709 1.62149155139923 1.70977485179901 1.74332773685455 1.85396909713745 1.95406115055084 1.91628932952881 1.97457373142242 2.1144847869873 2.27837800979614 2.93952226638794 2.38416218757629 2.289719581604 2.33548808097839 2.39240860939026 2.44823026657104 2.50297927856445 2.45272850990295 2.56133270263672 2.48423624038696 2.49761986732483 2.60598492622375 2.57197213172913 2.45171904563904 2.62521600723267 2.38562822341919 2.201979637146 2.13901281356812 2.29093527793884 2.06503343582153 2.08448123931885 2.11641192436218 2.0053882598877 2.07085299491882 2.10516023635864 2.14924216270447 1.90929746627808
13.0045862197876 3.82379508018494 2.29832720756531 2.26590800285339 0.926160097122192 1.09457898139954 1.25309443473816 1.4225207567215 1.45105230808258 1.54100680351257 1.64328801631927 1.62778007984161 1.66384387016296 1.76131987571716 1.85352647304535 1.85309147834778 1.9865665435791 2.16533017158508 2.64603137969971 2.21308708190918 2.22611713409424 2.15261030197144 2.15231776237488 2.22339916229248 2.16605806350708 2.13834953308105 2.19853162765503 2.23728847503662 2.22743463516235 2.30482339859009 2.33138132095337 2.19259238243103 2.35216975212097 2.50240969657898 2.04823064804077 2.0619785785675 2.16296696662903 1.94742739200592 1.95793163776398 1.98553252220154 2.02913975715637 1.84368562698364 1.79938733577728 1.84047508239746 1.78853785991669
17.7390537261963 5.56345081329346 3.89624762535095 6.44704341888428 3.87190771102905 0.774146556854248 1.00233745574951 1.25249195098877 1.30627906322479 1.33941066265106 1.44422698020935 1.56385445594788 1.56375420093536 1.65615236759186 1.75360655784607 1.82284235954285 1.95057237148285 2.14856886863708 2.09622597694397 3.09465551376343 1.93306195735931 1.89298379421234 1.89101505279541 1.92608487606049 1.96896815299988 1.95601618289948 1.92953455448151 2.00118017196655 1.99482905864716 1.991947889328 2.18241143226624 2.27290487289429 2.20101070404053 2.27821040153503 1.94436824321747 2.08907055854797 1.94470775127411 1.7566465139389 1.71181607246399 1.73430252075195 1.74478149414062 1.69189023971558 1.48105227947235 1.4124813079834 1.41831457614899
16.8795013427734 8.4724063873291 6.32321882247925 5.31255722045898 7.71541166305542 0.594469010829926 0.583677411079407 0.957309603691101 1.18593955039978 1.23259723186493 1.33764088153839 1.4577978849411 1.53788828849792 1.60892796516418 1.70905792713165 1.76724183559418 1.86005139350891 2.03103446960449 1.88808715343475 2.09587812423706 1.81306934356689 1.7741219997406 1.72214472293854 1.75988185405731 1.78855335712433 1.81443583965302 1.83623719215393 1.92479467391968 1.95420908927917 1.99965786933899 2.00167322158813 2.63368129730225 2.27034068107605 2.10785579681396 1.84146273136139 1.86647188663483 1.77570390701294 1.64883589744568 1.48744094371796 1.4228972196579 1.38898158073425 1.38258922100067 1.38980054855347 1.40386354923248 1.42975509166718
11.6211566925049 11.1989545822144 7.90490818023682 6.76143407821655 7.94951868057251 5.53071546554565 0.3827223777771 0.674398005008698 0.982864916324615 1.173987865448 1.26004183292389 1.37069618701935 1.44402754306793 1.49194312095642 1.53500974178314 1.60008418560028 1.70000398159027 2.21823811531067 1.74871456623077 2.01146984100342 1.87308549880981 1.75345861911774 1.73342716693878 1.73741817474365 1.81354963779449 1.83072078227997 1.86455774307251 1.81188154220581 1.84164142608643 1.8846093416214 1.89770984649658 1.83052551746368 2.30086946487427 2.6616542339325 2.53799223899841 2.82363820075989 3.9224488735199 1.98113977909088 1.38550698757172 1.31448495388031 1.32760059833527 1.34667825698853 1.40915262699127 1.17600762844086 1.1841961145401
10.1071729660034 15.2133293151855 6.79263973236084 8.25522899627686 4.63505601882935 0.537231206893921 0.542663633823395 0.59222149848938 0.787718832492828 1.02204370498657 1.15011084079742 1.19569265842438 1.28132832050323 1.37576222419739 1.44390738010406 1.51452875137329 1.60361742973328 2.04605555534363 1.73228800296783 3.54055953025818 1.70304548740387 2.15580558776855 1.80010485649109 1.77756416797638 1.71142196655273 1.73374831676483 1.76327240467072 1.77881491184235 1.67136776447296 1.65178120136261 1.67306983470917 1.63595640659332 1.58413136005402 1.76533198356628 1.99441528320312 1.75306284427643 2.07048964500427 1.67047762870789 1.44240880012512 1.27232336997986 1.16684472560883 1.12751698493958 1.26549649238586 1.08890402317047 1.08731639385223
10.2036256790161 14.2576284408569 6.40600919723511 10.5651702880859 0.478909105062485 0.466779083013535 0.535027980804443 0.531176149845123 0.527504742145538 0.783399820327759 1.00395405292511 1.09600806236267 1.19145119190216 1.27878522872925 1.50359117984772 1.57197070121765 1.65115702152252 2.08893275260925 2.27904582023621 2.4409704208374 1.89183413982391 2.28974866867065 2.06407761573792 2.03923416137695 1.69583630561829 1.59046316146851 1.56386160850525 1.57899081707001 1.55333065986633 1.42557322978973 1.41302525997162 1.50707674026489 1.50259709358215 1.73521161079407 1.61080348491669 1.69198787212372 1.61538970470428 1.70736956596375 1.42830646038055 1.35672736167908 1.30653893947601 1.1956695318222 1.21119463443756 1.00438416004181 1.00267446041107
