slauniainen/Data/DEM/Vihti_dem1500b_cl_horizonAngle_72.asc
NCOLS 196 
NROWS 178 
XLLCORNER 353680 
YLLCORNER 6699024 
CELLSIZE 16 
NODATA_value -3.4e+38 
[rows 60 to 79 of 178, columns 90 to 134 of 196]
8.1154842376709 9.66062641143799 11.0025987625122 14.9491033554077 16.0840034484863 17.3559951782227 23.8136940002441 22.7073421478271 8.53322887420654 -1.49224901199341 -1.40555250644684 -1.24302768707275 -0.907199442386627 -0.270419746637344 0.500044405460358 0.898252844810486 1.160968542099 1.81087219715118 1.54521512985229 2.30670118331909 3.03088021278381 4.20765733718872 3.91061973571777 2.23261427879333 0.68612802028656 -0.750634074211121 -0.543078362941742 -0.398547232151031 -0.222817540168762 0.220219522714615 0.46336555480957 0.596559107303619 0.763486623764038 1.11398434638977 1.34731912612915 2.28879046440125 3.20626139640808 3.38839316368103 4.14957666397095 4.43895530700684 4.60846948623657 4.77520608901978 5.3195424079895 5.51609468460083 5.71750020980835
9.57518768310547 11.2363433837891 12.825496673584 14.3207759857178 17.0375499725342 19.605676651001 22.6399803161621 25.4699306488037 17.1837692260742 1.0360814332962 -1.34724915027618 -1.28436195850372 -0.999361932277679 -0.618351638317108 0.0731988176703453 0.805253505706787 1.09668970108032 2.01458191871643 2.74456524848938 3.17150592803955 5.21994829177856 6.34529542922974 5.62138938903809 4.28014993667603 4.86907052993774 1.86818671226501 -0.739390194416046 -0.337051779031754 -0.138312086462975 0.196576356887817 0.610385477542877 0.903123319149017 1.77986752986908 2.61962676048279 2.76830840110779 3.43846464157104 3.81094074249268 4.00442266464233 4.19429492950439 4.65491771697998 4.8319091796875 5.01238012313843 5.15206718444824 5.45597171783447 5.64840316772461
9.69643497467041 12.0034351348877 13.7777442932129 15.6283693313599 15.8057985305786 17.7131862640381 20.1801872253418 22.5635185241699 18.9966812133789 11.33385181427 -0.0253263395279646 -1.17030048370361 -1.03687131404877 -0.785414457321167 0.176692023873329 1.13916635513306 1.90225088596344 2.49628281593323 3.74287509918213 4.61769104003906 8.16598606109619 7.60950708389282 6.65127849578857 10.6345930099487 7.47576713562012 0.621577441692352 -0.780364215373993 -0.365389615297318 0.1400495916605 1.01523923873901 1.84363341331482 2.0118670463562 2.66480946540833 3.0959038734436 3.32853484153748 3.50191426277161 3.96499395370483 4.15401268005371 4.31130075454712 4.42007350921631 4.69831275939941 4.87309646606445 5.06177997589111 5.19645357131958 5.37305355072021
10.3733997344971 11.3188247680664 13.0453882217407 14.8495054244995 15.867359161377 15.1087789535522 16.4559898376465 18.8085269927979 18.8292694091797 13.4316644668579 5.67758464813232 0.033467922359705 -0.935312151908875 -0.510707378387451 0.559834539890289 1.53135526180267 2.71098279953003 3.45214796066284 4.99161148071289 6.11727476119995 7.53238821029663 8.15384578704834 8.08195209503174 16.7201061248779 9.5990514755249 1.31875860691071 -0.104550339281559 0.672216713428497 0.959561228752136 1.72991216182709 2.21168208122253 2.37401437759399 2.65717220306396 3.21757888793945 3.42990970611572 3.60555624961853 3.7833411693573 4.13142395019531 4.29732227325439 4.47683715820312 4.55447244644165 4.73692417144775 4.92883729934692 4.97518920898438 5.10094833374023
10.1988859176636 11.2470941543579 11.3330230712891 12.6683349609375 13.7172708511353 14.0014038085938 13.7912120819092 15.4241304397583 16.9991321563721 15.8157024383545 8.51468467712402 2.77599167823792 -0.48113152384758 0.13437519967556 1.16301083564758 2.37026762962341 3.60229897499084 5.21455764770508 6.04685306549072 6.6863579750061 9.87350082397461 10.7469129562378 11.4945793151855 17.0579299926758 13.2745952606201 2.83728861808777 0.636368215084076 1.01238918304443 1.27933669090271 1.69289112091064 2.23372483253479 2.44274139404297 2.68572568893433 3.03270483016968 3.39282894134521 3.56187415122986 3.7783031463623 3.91246747970581 4.09833765029907 4.29034328460693 4.32079839706421 4.38925981521606 4.58010292053223 4.61840963363647 4.59954833984375
9.09875297546387 9.92331218719482 10.9326457977295 11.3819789886475 12.0613689422607 12.4422092437744 11.9941501617432 13.2337656021118 14.9188928604126 13.7402105331421 10.0509061813354 5.04286241531372 1.46303629875183 1.02400922775269 2.52027201652527 3.80131483078003 4.5378155708313 6.39457893371582 7.53565311431885 8.37905025482178 10.1759471893311 11.84987449646 13.0924854278564 17.4599456787109 14.5863838195801 4.88892507553101 0.756213247776031 1.14440643787384 1.40758562088013 1.75334668159485 2.05544400215149 2.40752935409546 2.64354610443115 2.98847270011902 3.15951943397522 3.35711359977722 3.55295872688293 3.64268112182617 3.71124315261841 3.91539525985718 3.98392844200134 3.8804190158844 4.07538843154907 4.1603832244873 4.07205009460449
8.37818431854248 9.06796360015869 9.88276672363281 10.4604558944702 11.1678609848022 11.6729650497437 11.233549118042 10.53342628479 11.6332769393921 11.9054555892944 9.7843189239502 6.61984300613403 4.63773393630981 2.58432984352112 3.44871544837952 4.85804128646851 5.63127470016479 6.49885320663452 8.23621940612793 9.19144630432129 10.0450429916382 11.8180923461914 13.4174280166626 19.7076244354248 13.1674299240112 3.44242000579834 0.995556831359863 1.21701312065125 1.50713455677032 1.75981116294861 2.05436491966248 2.21868753433228 2.43096137046814 2.64974069595337 2.86642575263977 3.00011515617371 3.17164516448975 3.23580503463745 3.18311476707458 3.38834977149963 3.51285481452942 3.3756091594696 3.56741523742676 3.68944454193115 3.81839919090271
8.01435470581055 8.36582660675049 9.12520122528076 9.9685115814209 10.1400575637817 13.5908117294312 11.4557771682739 9.25253200531006 9.26001167297363 9.45551776885986 8.49351406097412 7.35305738449097 4.17098474502563 3.98443579673767 4.0405707359314 5.45039796829224 6.20685338973999 6.9238862991333 8.08762359619141 9.12194538116455 10.1595754623413 11.6088199615479 13.2147951126099 16.1269111633301 13.0289258956909 2.40491700172424 1.14659941196442 1.34729838371277 1.43532574176788 1.62649977207184 1.88266670703888 2.0935206413269 2.14754462242126 2.36613655090332 2.57762956619263 2.55300354957581 2.67454361915588 2.71551465988159 2.6601288318634 2.78678464889526 2.93364644050598 3.06373929977417 3.25797581672668 3.42324733734131 3.55458664894104
7.52775573730469 7.73175191879272 8.24397563934326 9.01767730712891 9.21633815765381 10.6723260879517 12.1999263763428 8.16444683074951 7.34682321548462 7.3673939704895 6.58734464645386 5.80031108856201 5.00398778915405 4.81367063522339 4.89615249633789 5.45640134811401 6.30202293395996 6.99397230148315 8.05594158172607 9.10707759857178 10.2197294235229 11.6960487365723 12.73206615448 16.9840393066406 11.0990037918091 2.41803503036499 1.1245641708374 1.26358449459076 1.41085755825043 1.445157289505 1.63669419288635 1.85213959217072 1.87293541431427 1.9886132478714 2.08844208717346 2.05408644676208 2.04015398025513 2.12806177139282 2.09979009628296 2.27518534660339 2.51771330833435 2.6883339881897 3.0223183631897 3.30383372306824 3.48196196556091
6.82100534439087 7.20769214630127 7.43422222137451 8.08869075775146 9.52892208099365 15.2124509811401 22.5573596954346 3.92794394493103 4.09539270401001 4.43731307983398 4.49022388458252 4.58435010910034 4.82507181167603 4.99172973632812 5.16165018081665 5.46987771987915 6.14025974273682 6.86608171463013 7.78243207931519 8.92578983306885 10.2100591659546 11.9057359695435 13.0830001831055 13.6927909851074 12.1650123596191 6.02889728546143 0.996287107467651 1.00807869434357 1.13873767852783 1.22583401203156 1.35542631149292 1.53443169593811 1.5291782617569 1.54010415077209 1.62630212306976 1.59026503562927 1.59456729888916 1.63279044628143 8.2516975402832 2.10709190368652 1.44639253616333 1.70067048072815 2.05654430389404 2.75137734413147 2.90276503562927
6.16839790344238 6.63184642791748 6.99436521530151 12.2207565307617 15.235785484314 25.2400398254395 30.463062286377 3.74956178665161 3.11564064025879 3.5823872089386 3.83975696563721 4.11800718307495 4.4775767326355 4.68818473815918 4.8485221862793 4.99471950531006 5.60485696792603 6.52522134780884 7.42441463470459 8.52497291564941 9.88676834106445 11.2578954696655 12.7492446899414 13.8678646087646 15.1148195266724 9.12883758544922 4.26797819137573 0.661673069000244 0.783243596553802 0.878551363945007 1.03990399837494 1.21972250938416 1.22550916671753 1.264040350914 1.33614552021027 1.31475758552551 2.4789035320282 6.7734317779541 5.71729612350464 7.5573205947876 8.25027942657471 0.141514137387276 0.224813595414162 2.22497415542603 2.92092514038086
7.29874277114868 8.34460926055908 9.70578289031982 17.1070232391357 21.5124893188477 32.227710723877 27.8833560943604 10.012996673584 2.71866869926453 2.84134936332703 2.96331882476807 3.21249079704285 3.59217762947083 3.76492214202881 3.88477969169617 3.99339270591736 4.48866701126099 5.38292407989502 6.33508157730103 7.63466024398804 8.98358249664307 10.3397121429443 12.267276763916 13.5218181610107 16.4181156158447 10.959529876709 6.14929580688477 0.426576614379883 0.481113702058792 0.661686778068542 0.856620013713837 1.02899312973022 1.06000757217407 1.17380654811859 2.20664405822754 2.2695906162262 5.48801422119141 9.91008472442627 8.32628440856934 2.97566676139832 9.4180212020874 2.32732200622559 -0.835873484611511 0.335620164871216 2.71719312667847
10.1341934204102 11.566258430481 13.4652070999146 18.0174942016602 22.6991634368896 35.3468627929688 26.7577743530273 12.0633373260498 5.88395404815674 2.28720283508301 2.19044971466064 2.43158531188965 2.69732284545898 2.82364988327026 2.97389721870422 2.93322968482971 3.14200925827026 4.08113813400269 5.26432943344116 6.7367377281189 8.11533832550049 9.5501766204834 11.2269601821899 12.8085422515869 14.2644033432007 11.6649360656738 7.50187206268311 0.336546391248703 0.339415967464447 0.577432811260223 0.857210576534271 1.01067662239075 1.14515161514282 2.2333345413208 3.77143716812134 5.40188932418823 11.5518989562988 12.4186906814575 10.8743171691895 -0.935888826847076 5.20686101913452 6.04275798797607 -0.814331650733948 -0.366497397422791 2.00190258026123
10.7726535797119 12.3414478302002 14.2695007324219 18.1448783874512 22.7766895294189 32.2546615600586 30.6200103759766 14.4399995803833 7.80932998657227 5.08043432235718 1.67646408081055 1.72548866271973 1.87708389759064 3.33340978622437 10.9297180175781 1.08187115192413 1.3304101228714 3.0504412651062 4.30385875701904 5.60953760147095 7.24210929870605 8.8544750213623 10.3980007171631 12.1764755249023 12.5907440185547 12.8612909317017 6.68591213226318 0.468501538038254 0.473698377609253 0.644526839256287 0.850760400295258 2.01962304115295 3.26388049125671 4.72063541412354 6.63182544708252 8.1317892074585 21.6911506652832 6.54408550262451 6.1142110824585 -0.0829457566142082 0.255338102579117 5.20108985900879 -0.853709399700165 -0.758339881896973 1.44015169143677
10.6898651123047 12.3515768051147 14.3075771331787 18.0039329528809 22.7885646820068 29.3251819610596 32.5385856628418 21.0271110534668 9.90555095672607 7.05065155029297 5.95988082885742 2.56299781799316 3.54963612556458 4.20974969863892 5.73869132995605 0.533852398395538 0.601159691810608 1.82025444507599 3.44706583023071 4.95902824401855 6.45175075531006 7.88435983657837 9.39186000823975 11.2763385772705 11.6732997894287 10.3951978683472 5.893874168396 1.54330027103424 1.19667112827301 1.62068772315979 2.29349541664124 4.10932731628418 5.66373634338379 8.33092212677002 9.09851264953613 10.8856725692749 20.6299266815186 8.62979507446289 4.08334493637085 1.3090101480484 -0.950242221355438 0.861413180828094 -0.78449946641922 -0.413208454847336 2.04417157173157
10.5108280181885 12.4346981048584 14.2186555862427 16.502477645874 20.3646087646484 25.9107036590576 29.2954025268555 29.4913063049316 15.9723863601685 7.87268733978271 7.64485454559326 9.41004467010498 6.69860553741455 3.67386054992676 3.42878150939941 -0.0533990785479546 0.140112936496735 0.749696314334869 1.39099025726318 3.3972635269165 4.93395853042603 6.63823556900024 8.10224056243896 9.66152095794678 10.7652292251587 8.79798889160156 5.10359382629395 4.99362087249756 3.59853434562683 4.36290550231934 5.37049341201782 6.11474561691284 6.81465101242065 9.71178722381592 10.8337907791138 12.6059579849243 12.768684387207 12.7000617980957 6.48553562164307 2.00217866897583 -0.133953422307968 -0.885475635528564 -0.331719160079956 0.620901465415955 2.52119016647339
10.614709854126 12.0491094589233 13.8214502334595 16.005163192749 18.1906566619873 22.554162979126 27.3488159179688 27.7239246368408 24.7598266601562 14.9032917022705 11.5243072509766 7.38723421096802 6.52121734619141 5.31202936172485 2.23392391204834 0.0315159037709236 0.11638581007719 0.293762028217316 0.173536136746407 1.40121340751648 3.28408145904541 4.10999965667725 6.2320499420166 6.83725786209106 7.83118724822998 5.32838010787964 4.13826370239258 4.92906522750854 5.3351993560791 5.63606023788452 7.11722278594971 8.04249382019043 10.7102346420288 10.9405422210693 8.75468921661377 11.2878007888794 10.6338014602661 9.83220195770264 3.60275888442993 1.95655274391174 6.66909456253052 -0.629707932472229 -0.0858785361051559 1.10332548618317 2.73228454589844
10.3029527664185 11.4086351394653 12.8952789306641 14.6595029830933 16.9032878875732 18.916955947876 22.8990516662598 26.6700820922852 24.9265060424805 21.9183502197266 14.99729347229 9.01598358154297 10.4383478164673 8.9224853515625 5.79220819473267 4.40931987762451 1.9332138299942 0.556801021099091 0.465862274169922 0.888833403587341 1.71238613128662 2.59368801116943 3.79312515258789 5.45662832260132 7.0478196144104 5.48552370071411 5.06067705154419 6.03787708282471 6.66299819946289 6.85008192062378 7.22370147705078 8.36904811859131 11.2975215911865 19.1229782104492 11.9958591461182 6.94570922851562 6.4212794303894 4.63447666168213 3.75217962265015 5.06725120544434 3.76910758018494 0.202190190553665 0.483522474765778 1.58973622322083 2.80268001556396
9.88419723510742 10.9573640823364 11.7724618911743 13.1733808517456 14.9879989624023 17.2834873199463 19.4546852111816 22.5951595306396 25.1471385955811 22.1526069641113 15.4219455718994 11.6308155059814 11.6006765365601 10.6656017303467 9.8637866973877 7.75982618331909 6.36165475845337 3.49353098869324 1.77053081989288 2.4162437915802 2.85384035110474 3.55357241630554 4.42994928359985 5.00883436203003 6.61804056167603 6.12092971801758 6.15319871902466 6.17446756362915 7.06010627746582 7.40286779403687 9.56892585754395 11.4480047225952 13.3847303390503 18.8524074554443 15.7427606582642 5.63159036636353 4.63432788848877 3.69084715843201 2.88024568557739 4.12530088424683 2.81392383575439 0.95859169960022 1.15104961395264 1.60905575752258 2.69420003890991
9.30864906311035 10.2182016372681 11.1736764907837 12.4096364974976 13.6173715591431 15.4871892929077 17.9163246154785 18.8803310394287 21.4540843963623 20.0722351074219 14.5920124053955 11.1581602096558 10.8170166015625 10.1651229858398 10.4331960678101 9.45458984375 7.14271450042725 5.32911920547485 3.14425945281982 3.44037294387817 3.73660111427307 4.49816513061523 5.24630403518677 5.81542348861694 6.4084267616272 7.34073877334595 7.13034248352051 7.11885261535645 8.27601432800293 8.99076843261719 9.85934829711914 12.2205038070679 14.2463092803955 18.7418613433838 11.3342456817627 6.49403285980225 5.08011341094971 4.57002449035645 2.28929281234741 1.16929173469543 1.45493757724762 1.22648143768311 1.48101401329041 1.88165199756622 3.00313138961792
