slauniainen/Data/DEM/Vihti_dsm1500b_cl_horizonAngle_66.asc
NCOLS 196 
NROWS 178 
XLLCORNER 353680 
YLLCORNER 6699024 
CELLSIZE 16 
NODATA_value -3.4e+38 
[rows 40 to 59 of 178, columns 0 to 44 of 196]
8.04493713378906 7.57278633117676 7.18009281158447 7.61257457733154 7.91229343414307 8.14656448364258 8.15810108184814 8.34001445770264 8.37752246856689 8.90583896636963 9.50129890441895 9.1102352142334 9.93564987182617 10.9340801239014 10.3445692062378 11.3726997375488 10.0882272720337 11.4111862182617 15.3841590881348 10.9076166152954 11.5457572937012 11.20592212677 14.8416137695312 8.12242126464844 8.53053951263428 10.3411703109741 20.1626071929932 5.58849573135376 6.49282312393188 7.15209102630615 8.17823505401611 8.15501976013184 9.43980312347412 11.0048322677612 14.7122955322266 9.63227272033691 11.5650644302368 10.790433883667 10.3288097381592 9.55422878265381 9.67686939239502 9.12756729125977 9.56216812133789 10.067569732666 11.5981483459473
6.53040361404419 6.79304647445679 7.06363296508789 7.18018245697021 6.94340372085571 7.28968524932861 7.37290287017822 7.76245594024658 8.07938194274902 7.74239253997803 8.15667533874512 7.87428188323975 8.47039604187012 8.04115390777588 7.63477802276611 7.97271585464478 8.29213237762451 8.75055503845215 9.00369167327881 8.47263813018799 9.60367298126221 7.66843461990356 7.9409818649292 8.24422264099121 12.6804800033569 15.3301639556885 6.09698724746704 6.17769622802734 6.07322692871094 6.48152542114258 7.02109527587891 7.86202955245972 8.03271579742432 7.87997961044312 8.394850730896 8.63381958007812 8.98104476928711 8.33303737640381 7.99615049362183 7.93825101852417 7.83642148971558 8.31137466430664 9.07929229736328 9.17003345489502 14.3180484771729
4.85533761978149 5.34145450592041 6.30470561981201 6.620774269104 6.62558603286743 6.92235851287842 7.07428741455078 6.76598691940308 6.95072937011719 6.77170324325562 7.19137525558472 6.1205472946167 6.22024488449097 6.44307518005371 6.64666700363159 6.95937013626099 7.19021463394165 7.00560855865479 7.04358577728271 7.09191513061523 7.35153532028198 7.62404823303223 9.24321365356445 10.5315408706665 9.68078327178955 9.08627510070801 30.8737525939941 5.08171319961548 6.27529191970825 6.43589925765991 6.50941610336304 6.95985984802246 7.05541133880615 7.23025369644165 7.80712985992432 7.28657817840576 7.0182638168335 6.87861251831055 6.81421899795532 6.87839651107788 6.96007013320923 5.50578641891479 10.3464441299438 11.7694435119629 12.353364944458
5.6423978805542 32.224048614502 4.87718105316162 6.2068510055542 6.3505744934082 6.05691242218018 6.14559412002563 6.00004768371582 6.27824449539185 5.76199960708618 5.81332635879517 6.01657390594482 6.24697637557983 6.44108581542969 6.64323329925537 6.48674201965332 6.21244049072266 6.45120525360107 6.6298713684082 6.89226150512695 7.05812740325928 7.89475011825562 6.72737741470337 7.09733247756958 14.4459085464478 18.5259704589844 7.47309160232544 6.87079477310181 6.22164297103882 6.24556589126587 6.23173427581787 6.11479330062866 5.66301250457764 5.69235181808472 5.5982551574707 5.99809455871582 5.98259973526001 5.80519866943359 5.88179016113281 7.41841554641724 8.11694431304932 8.90972232818604 9.35616970062256 11.2206783294678 13.4508495330811
14.4535579681396 5.55720376968384 5.61609935760498 5.45501518249512 5.4700665473938 5.51448583602905 5.6626148223877 5.48705148696899 5.49803161621094 5.68269491195679 5.86970090866089 6.00830411911011 5.85376167297363 5.48082160949707 5.66568040847778 5.87838745117188 5.99739789962769 6.14877653121948 5.69350337982178 6.15650939941406 5.84628629684448 5.8070240020752 9.72411823272705 11.4710474014282 6.23635816574097 6.33529186248779 6.16956329345703 6.27975273132324 6.12142276763916 5.68703079223633 5.06833839416504 4.79551601409912 4.47411727905273 4.6028470993042 4.4630274772644 4.92911148071289 5.05021238327026 6.13101100921631 6.62707710266113 6.97930717468262 6.6596245765686 7.96034908294678 9.08563423156738 6.46025323867798 8.80457305908203
5.19898366928101 5.11116409301758 5.01617956161499 4.91591548919678 5.0378212928772 4.95201730728149 5.14803409576416 5.31904268264771 5.46738624572754 5.61124324798584 5.48138284683228 5.14111471176147 5.27762079238892 5.39913845062256 5.45900440216064 5.59744071960449 5.21479082107544 5.40651273727417 5.5358362197876 5.47965240478516 7.11066055297852 7.99532222747803 5.89842510223389 6.06768560409546 5.99066257476807 6.11839151382446 6.03655767440796 5.6637749671936 5.04197692871094 4.61181783676147 4.21982192993164 3.90608382225037 3.25075936317444 3.61564707756042 4.07908535003662 5.05366230010986 5.50216007232666 5.85106801986694 5.63921642303467 6.21417856216431 6.84575700759888 6.21883392333984 6.99779081344604 52.1679649353027 0.254919737577438
4.73075342178345 4.62890672683716 4.73697662353516 4.70254325866699 4.88274049758911 5.01059579849243 5.14285087585449 5.2680196762085 5.14095640182495 4.78475856781006 4.91450452804565 4.98391056060791 5.02383089065552 5.16763544082642 5.02315616607666 5.13203573226929 5.24189710617065 5.18677377700806 5.61845541000366 6.15648078918457 5.52194452285767 5.48916435241699 5.63801956176758 5.65012168884277 5.43793535232544 5.54969930648804 5.05378580093384 5.10575151443481 5.58622455596924 3.89378809928894 3.22519278526306 3.14656853675842 2.77398777008057 3.59082126617432 4.18535137176514 4.74372863769531 4.57006740570068 5.0136251449585 4.86574268341064 5.17714595794678 5.80890464782715 22.1625137329102 30.016788482666 21.5085277557373 49.2906227111816
4.481276512146 4.41613960266113 4.57544326782227 4.68150663375854 4.79473686218262 4.92365169525146 4.81788921356201 4.47925567626953 4.59478855133057 4.46118783950806 4.61084842681885 4.74338626861572 4.74806118011475 4.84766817092896 4.77339744567871 4.89341926574707 4.96540832519531 5.07119464874268 5.19691896438599 5.17302274703979 5.30972623825073 5.3178825378418 5.08837938308716 4.68420457839966 4.46143484115601 4.31633377075195 5.03856086730957 7.03681993484497 3.40904426574707 3.11440873146057 3.45666408538818 3.44090533256531 3.4541597366333 15.5661497116089 2.64437580108643 3.32711744308472 3.51701736450195 4.21599578857422 6.70434045791626 13.3112449645996 15.9905662536621 12.930591583252 20.5005416870117 47.5386810302734 3.25321245193481
4.33677434921265 4.41713714599609 4.48082590103149 4.35618543624878 4.02426290512085 4.13422346115112 4.25913190841675 4.09482431411743 4.21959733963013 4.32136249542236 4.49373006820679 4.59633731842041 4.52214574813843 4.57520771026611 4.69981908798218 4.80457258224487 4.88897132873535 4.87180042266846 4.98526048660278 4.98845148086548 4.74678421020508 4.37531805038452 4.1815037727356 3.96159553527832 3.82645511627197 3.99254131317139 6.29626893997192 4.70497226715088 3.25638246536255 25.6897277832031 2.27895522117615 6.52379274368286 4.92298078536987 13.3337097167969 1.82523679733276 3.09661102294922 4.8406810760498 8.79333019256592 10.6896018981934 9.113525390625 12.2536945343018 18.782922744751 25.8035793304443 47.5669975280762 2.25318741798401
4.26597881317139 4.14450931549072 3.79204797744751 3.83685398101807 3.70412564277649 3.68466353416443 3.85524129867554 4.02621507644653 4.21350193023682 4.32651853561401 4.27003049850464 4.32173299789429 4.45391988754272 4.54837465286255 4.59780025482178 4.60523176193237 4.71431922912598 4.72510433197021 4.48163080215454 4.14013147354126 3.9456684589386 3.72312498092651 3.58108949661255 3.09513807296753 3.16599130630493 4.93589735031128 3.24519276618958 10.6287431716919 33.726749420166 1.1488938331604 9.43363761901855 10.7817296981812 13.4000816345215 2.84750652313232 5.18720245361328 5.74838924407959 6.57776260375977 6.06287384033203 8.03564262390137 11.0688591003418 13.5348377227783 18.7195854187012 25.7994041442871 44.7001457214355 3.33907961845398
3.62485671043396 3.68352293968201 3.52497005462646 3.45297479629517 3.45829439163208 3.27409911155701 3.46421718597412 3.79949831962585 3.91812300682068 4.01868200302124 4.17692089080811 4.28668737411499 4.24492263793945 4.33699750900269 4.3583025932312 4.13027667999268 4.2328667640686 3.9189190864563 3.74321937561035 3.53310322761536 3.38508486747742 2.90231084823608 2.922518491745 2.73503375053406 4.19680118560791 43.3448867797852 1.18761467933655 18.7861404418945 5.645592212677 7.2649188041687 7.92976951599121 2.94348692893982 4.4604640007019 4.63108110427856 4.0141863822937 4.53181505203247 5.12379360198975 6.25323534011841 7.7519736289978 10.483341217041 13.057448387146 16.8525352478027 23.477258682251 47.1156730651855 4.17982196807861
3.26243114471436 3.27684044837952 3.32613968849182 2.94079899787903 2.9462366104126 3.31376600265503 3.46142983436584 3.53768467903137 39.1560974121094 2.7295823097229 3.90925240516663 4.01682472229004 4.07225608825684 3.85627245903015 3.5775089263916 3.43527221679688 3.26385998725891 3.24039125442505 3.1985878944397 2.72939658164978 2.7716212272644 2.88978600502014 2.9731023311615 17.4137496948242 36.7408294677734 1.52796578407288 4.11269235610962 5.81787395477295 6.41871309280396 3.97555327415466 4.23484134674072 4.25867319107056 3.62795257568359 3.81748104095459 3.95671725273132 4.20483589172363 4.80313491821289 6.00494337081909 7.35185575485229 8.79885673522949 11.1820306777954 17.7685470581055 24.9406032562256 33.8846702575684 20.3815155029297
2.82933259010315 2.56894373893738 3.45560884475708 2.42945790290833 2.49922847747803 3.16302847862244 13.0013456344604 17.2274417877197 3.50583052635193 3.60412049293518 3.66821479797363 3.47784972190857 3.25936579704285 3.15446972846985 3.00480198860168 2.88678789138794 2.4843053817749 2.55382323265076 2.56298446655273 2.69115114212036 3.80587434768677 10.4617938995361 13.3045969009399 18.8176708221436 4.21676349639893 4.51309156417847 4.96177625656128 3.18228101730347 4.06467008590698 4.10502624511719 3.68811750411987 3.56688523292542 3.57090067863464 3.52681660652161 3.7478621006012 3.94383382797241 4.51551342010498 4.88889408111572 6.16526794433594 9.34914970397949 11.7058725357056 13.127121925354 17.3638801574707 24.452392578125 28.7888698577881
2.39163899421692 2.3773820400238 2.40706944465637 2.32857370376587 8.37593841552734 9.74811363220215 2.8417911529541 2.95046734809875 3.04826331138611 3.12179064750671 2.87955927848816 2.78574395179749 2.66776466369629 2.55852270126343 2.1909863948822 2.2871367931366 2.32067322731018 2.46564626693726 3.30793690681458 7.13450384140015 7.79730415344238 10.5999383926392 2.58342742919922 3.7002100944519 2.45481538772583 3.48864126205444 3.62588548660278 3.75170612335205 3.33463072776794 3.41234660148621 3.42758417129517 3.42154002189636 3.65301823616028 3.40965247154236 11.8803911209106 2.36254334449768 31.7911262512207 1.30071175098419 6.48091554641724 7.71568155288696 8.93465900421143 11.4163427352905 14.3802881240845 20.9824657440186 51.3119735717773
2.21372079849243 2.13221335411072 6.30449295043945 6.95412588119507 1.89593732357025 2.05289053916931 2.1666145324707 2.29168343544006 2.29088044166565 2.1831488609314 2.24748539924622 2.24824786186218 1.8983781337738 1.96342670917511 1.86207592487335 2.04601573944092 4.73640918731689 5.11254692077637 5.43240976333618 13.5451183319092 1.96396315097809 1.85982644557953 16.6168727874756 2.28813982009888 3.15713763237 2.85785007476807 2.93901395797729 3.03234839439392 3.10987377166748 3.10855507850647 3.2165834903717 3.49228858947754 5.44910717010498 5.95738077163696 10.7263736724854 13.2583494186401 27.9772453308105 17.1606903076172 -0.0274776183068752 7.02847194671631 8.30559349060059 10.9066438674927 19.4146404266357 27.9475955963135 46.1366539001465
5.00401735305786 5.35028982162476 1.77585983276367 2.10703730583191 2.48382568359375 1.76082110404968 1.77884387969971 2.42688465118408 2.01673626899719 1.53972566127777 1.56908130645752 1.61789429187775 1.68632185459137 1.79213786125183 3.17853212356567 3.44068384170532 3.12140583992004 3.58402252197266 53.1831092834473 -0.296017825603485 5.10813045501709 27.9368133544922 12.4733238220215 0.0269735213369131 2.43875455856323 2.54408144950867 2.59720468521118 2.68963098526001 2.78581213951111 2.88523840904236 3.72952771186829 4.14938974380493 7.42734384536743 9.36648941040039 7.64907646179199 14.0606164932251 19.9877624511719 4.25584554672241 4.68627595901489 6.43169355392456 9.70934963226318 12.1093511581421 14.5918083190918 49.1786308288574 0.0253661386668682
1.39997661113739 1.34379816055298 1.40623712539673 1.54234850406647 2.15820646286011 1.42989945411682 1.76017129421234 1.86488437652588 2.41129875183105 1.6739307641983 1.47519183158875 1.5828914642334 2.469731092453 2.65608143806458 2.12781047821045 1.72408366203308 20.7589263916016 28.0106048583984 47.9337120056152 -0.147033005952835 10.1267862319946 8.22642517089844 10.2141761779785 -0.594814777374268 -0.161145001649857 2.11142182350159 2.15814852714539 2.29101753234863 2.36999249458313 2.68433165550232 5.47986555099487 6.06541633605957 6.62660360336304 9.31676578521729 10.4389629364014 3.51111888885498 4.01276922225952 4.09313774108887 5.20110368728638 6.72449207305908 7.86061573028564 16.5970821380615 23.6642684936523 22.9688854217529 52.3952484130859
1.04512846469879 1.60605335235596 1.30042231082916 1.30203807353973 2.19432687759399 1.25099515914917 1.58333587646484 1.63530945777893 2.87323522567749 1.50238573551178 1.99815881252289 2.13587045669556 1.61543476581573 1.58972716331482 11.907018661499 14.1621408462524 18.0382061004639 24.5809459686279 39.4804420471191 30.8020763397217 -0.193165630102158 24.5250759124756 4.52446508407593 -1.08979058265686 -1.00773477554321 1.58716106414795 1.70059609413147 3.26596188545227 3.78901863098145 4.26024580001831 4.64718246459961 7.02300262451172 7.70054244995117 3.21330976486206 3.46469950675964 4.31842088699341 4.74946928024292 4.73206329345703 4.89629459381104 8.62198162078857 10.7158002853394 9.81972217559814 19.1985893249512 61.4089202880859 -1.51443135738373
0.918746173381805 1.1956559419632 1.55483865737915 1.30962455272675 1.58586537837982 2.75069689750671 1.42677295207977 1.86487138271332 2.01625871658325 2.18445134162903 1.29588508605957 1.04624676704407 8.34399223327637 9.33200168609619 10.8861751556396 12.7334938049316 14.5153369903564 23.7203502655029 45.1375503540039 27.7663822174072 3.02839636802673 4.15687465667725 11.6759252548218 -0.982486844062805 -0.710538744926453 1.15336263179779 1.94495129585266 2.54578638076782 4.53812646865845 5.15864658355713 5.75825452804565 2.94148778915405 3.16709280014038 3.66465473175049 4.05847263336182 4.51519155502319 4.91793584823608 6.41860103607178 6.53859710693359 6.18092727661133 11.0450897216797 28.8651351928711 49.8078422546387 10.4705581665039 3.32866930961609
0.999418914318085 1.01354324817657 1.35676836967468 1.43021464347839 1.52979052066803 3.08232879638672 1.7594006061554 2.20568919181824 1.4398695230484 6.05521297454834 6.37526845932007 6.97534847259521 7.52008676528931 8.49365234375 8.49097728729248 14.3847131729126 35.8277587890625 14.7155303955078 33.3612098693848 54.1285781860352 18.2571086883545 -1.17882370948792 -0.807567119598389 8.00459480285645 0.158834546804428 0.428140997886658 2.05463600158691 3.33775568008423 2.17812728881836 2.41892409324646 2.70046043395996 3.20361924171448 3.60198497772217 3.87346148490906 5.15848541259766 5.7505955696106 22.2995452880859 10.5816287994385 4.56324052810669 18.1930484771729 21.6692848205566 28.8285331726074 39.6010398864746 29.0872421264648 4.36147022247314
