slauniainen/Data/DEM/Vihti_dsm1500b_cl_horizonAngle_342.asc
NCOLS 196 
NROWS 178 
XLLCORNER 353680 
YLLCORNER 6699024 
CELLSIZE 16 
NODATA_value -3.4e+38 
[rows 40 to 59 of 178, columns 90 to 134 of 196]
4.04936742782593 4.23660469055176 4.27649784088135 4.25820112228394 4.14317846298218 4.15105581283569 4.4080638885498 4.25638628005981 4.21499681472778 4.47542238235474 4.47150611877441 4.29616260528564 3.98028349876404 3.60530543327332 3.78019666671753 3.9406316280365 4.11407470703125 3.71283578872681 3.51961803436279 3.58602690696716 3.15541529655457 2.82635760307312 2.28344964981079 2.03314805030823 0.522185206413269 0.175758212804794 0.417622536420822 0.351913869380951 0.0504350773990154 -0.461751848459244 -0.258639186620712 -0.156139954924583 -0.355004042387009 -0.705980241298676 -0.667080938816071 -0.653665125370026 -0.702790975570679 -0.699648678302765 -0.699203491210938 -0.72783899307251 -0.433991193771362 -0.348426997661591 -0.562568664550781 0.0842319577932358 0.46381014585495
4.09812688827515 2.67321801185608 2.98678874969482 4.08111238479614 3.8474268913269 3.99688577651978 4.2441577911377 4.10708618164062 4.01420927047729 4.32968473434448 4.32283592224121 4.14921092987061 3.85150766372681 3.83499050140381 3.35557341575623 3.8333854675293 4.01059675216675 3.64765620231628 3.41765189170837 3.35083866119385 3.46187353134155 2.87132787704468 2.25895953178406 2.18810844421387 0.41389012336731 0.0324470996856689 0.35923570394516 0.293664515018463 -0.03812225908041 0.0323997586965561 -0.307300567626953 -0.366478025913239 -0.218012914061546 -0.580336391925812 -0.720800280570984 -0.739765703678131 -0.81048846244812 -0.825412631034851 -0.83492511510849 -0.816799819469452 -0.837140381336212 -1.66502010822296 -0.794852137565613 -0.778182327747345 -0.11369925737381
3.74634051322937 31.6665725708008 31.7895736694336 3.87515783309937 3.71076655387878 3.84008860588074 3.74927926063538 4.06728458404541 3.93943071365356 4.17747497558594 4.18178606033325 3.92605352401733 3.99530625343323 3.70467162132263 3.35183024406433 3.71492409706116 3.70818161964417 3.87752604484558 3.42145276069641 3.28186440467834 3.34875750541687 2.76684784889221 2.17309069633484 1.94679749011993 1.56336069107056 -0.0227010753005743 0.312321066856384 -0.352338522672653 0.249741017818451 -0.0470337122678757 -0.785159707069397 -0.376149266958237 -0.422415494918823 -0.504817008972168 -0.781416296958923 -0.846224069595337 -0.904066979885101 -0.932384848594666 -0.975457966327667 -0.958917558193207 -0.963062286376953 -2.13242316246033 -0.918069958686829 -0.889205634593964 -0.326859474182129
3.60854268074036 3.14763832092285 18.477294921875 2.19351315498352 2.52695155143738 3.62488174438477 3.66129660606384 3.91598129272461 3.79429340362549 3.74993705749512 4.0248236656189 4.02860403060913 3.86823582649231 3.58290243148804 3.25725722312927 3.41050124168396 3.59417176246643 3.76527571678162 3.41062498092651 3.17079329490662 3.23179507255554 2.8213803768158 2.5147488117218 1.73452532291412 1.29571270942688 -0.0324856899678707 -0.177903234958649 0.257612884044647 0.184730008244514 -0.113756231963634 -0.667056322097778 -1.00821256637573 -0.997863233089447 -0.584465742111206 -0.474379628896713 -0.953380882740021 -1.01699662208557 -1.06372678279877 -1.10449528694153 -2.89747500419617 -2.13520550727844 2.68234658241272 19.3748893737793 -0.985188484191895 -0.528369724750519
2.80888271331787 3.05193185806274 10.0379905700684 1.96682739257812 2.18318343162537 2.05601859092712 3.50846171379089 3.76923990249634 3.65356636047363 3.55975580215454 3.88134527206421 3.88762140274048 3.74247121810913 3.46242523193359 3.44288778305054 3.00722575187683 3.47503757476807 3.63956451416016 3.29648971557617 3.06051349639893 2.98625254631042 3.07470393180847 2.52538204193115 1.96385622024536 0.162856251001358 -0.216915532946587 -0.362248837947845 0.203631103038788 0.141865253448486 -0.204828858375549 -0.171168744564056 -0.951280117034912 -1.08220267295837 -0.659558892250061 -0.669387698173523 -1.04286527633667 -1.10579800605774 -1.16204380989075 -1.21247613430023 44.9908294677734 -2.31331539154053 6.7752366065979 20.7154083251953 -1.08361852169037 -0.735962390899658
38.4438629150391 19.2912578582764 9.91903686523438 47.0391464233398 42.5186195373535 1.49215340614319 2.93395662307739 3.30768656730652 3.62562537193298 3.50482606887817 3.72872018814087 3.74481606483459 3.52033162117004 3.58789372444153 3.30825591087341 2.96766042709351 3.32413864135742 3.32638788223267 3.48485922813416 3.05547857284546 2.91207242012024 2.83648276329041 2.33486008644104 0.397533625364304 -0.0106658516451716 -0.397956937551498 -0.411571204662323 0.155474603176117 -0.479999274015427 0.0807089656591415 -0.221509948372841 -0.934780120849609 -1.10689842700958 -1.00148773193359 -0.606685996055603 -1.11665761470795 -1.17006719112396 -1.22318089008331 -1.29144191741943 15.5783748626709 18.0159454345703 3.13486456871033 17.6545734405518 -1.19237577915192 -1.1513477563858
19.0790920257568 15.2379789352417 1.83465421199799 7.33184194564819 7.88649845123291 37.820629119873 19.0957412719727 1.70191085338593 3.48589849472046 3.37218236923218 3.31251645088196 3.59142017364502 3.6019766330719 3.45858287811279 3.18525123596191 2.87324023246765 3.00322008132935 3.17280983924866 3.05190920829773 3.00719141960144 2.63690686225891 2.39214730262756 2.07620573043823 0.206236302852631 -0.148373544216156 -0.4989914894104 -0.543393790721893 -0.326787918806076 0.108689725399017 -0.596706867218018 -0.26011723279953 -0.835651159286499 -1.15302038192749 -0.988129496574402 -0.592568337917328 -1.17730247974396 -1.24034154415131 -1.3113317489624 -1.37209749221802 -1.43461203575134 12.9956769943237 8.32354831695557 13.252779006958 6.22250986099243 -1.25608146190643
2.29878354072571 2.42505240440369 9.68534469604492 6.11176300048828 12.3144226074219 27.5396747589111 29.3169326782227 48.4456329345703 3.35382199287415 3.25821924209595 3.15894412994385 3.46492218971252 3.469642162323 3.33238005638123 3.08111643791199 3.0517909526825 2.61436104774475 2.8607439994812 2.65408444404602 2.82292413711548 2.61727619171143 2.5152313709259 2.02655959129333 0.102691687643528 -0.261711835861206 -0.515827536582947 -0.587304055690765 -0.493561148643494 -0.356466054916382 -0.557168960571289 -0.328226774930954 -0.28830099105835 -1.00317490100861 -0.899913489818573 -0.739331245422363 0.354332029819489 -0.886160016059875 -1.35893452167511 -1.41165721416473 -1.71842288970947 11.2293882369995 11.9925832748413 13.1643199920654 7.14523458480835 -1.31863963603973
45.2250366210938 24.9025936126709 15.6778717041016 1.61739659309387 6.00377750396729 16.1204662322998 22.1646251678467 4.6438512802124 27.1552906036377 3.25489521026611 3.15614175796509 3.34402799606323 3.34273052215576 3.12854051589966 3.19913625717163 2.6927695274353 2.59383153915405 2.46878814697266 2.55731534957886 2.31182336807251 2.28541135787964 1.68707942962646 0.230809792876244 0.00438170786947012 -0.311558395624161 -0.553272366523743 -0.635874211788177 -0.528416037559509 -0.567412793636322 -0.579104602336884 -0.347312927246094 -0.403652727603912 -0.631814897060394 -1.00897967815399 -1.10984885692596 -0.782943308353424 0.745705246925354 -0.140483051538467 -1.45600628852844 7.46613550186157 6.15531301498413 10.3209915161133 10.7187385559082 6.15872526168823 -1.37607228755951
9.73177337646484 20.939962387085 29.2454166412354 1.09946346282959 28.0717487335205 9.9564962387085 17.431324005127 8.17843914031982 19.6581535339355 2.87151765823364 2.95044779777527 2.97586345672607 3.22664189338684 3.22167205810547 2.99943137168884 2.33987045288086 1.94074416160583 1.32214760780334 1.95210134983063 2.16669607162476 2.10918354988098 0.193406090140343 -0.215939283370972 -0.550012290477753 -0.646558523178101 -0.593491494655609 -1.01593339443207 -0.658973813056946 -0.544814944267273 -0.610749363899231 -0.663438022136688 -0.372436881065369 -0.838471829891205 -1.1145087480545 -1.19004130363464 -0.866857171058655 -0.524571180343628 0.620921850204468 1.8149608373642 4.26839923858643 6.96675777435303 9.54382419586182 7.57248497009277 4.84567594528198 3.11677169799805
8.10275936126709 16.1553726196289 13.8260049819946 39.8911781311035 9.58914852142334 12.7596273422241 5.60522603988647 11.799488067627 14.8915662765503 2.6763904094696 2.50663805007935 2.84964275360107 2.87462425231934 2.85445165634155 2.29351115226746 1.71621453762054 1.00392854213715 0.894034683704376 0.6719651222229 0.970150053501129 1.49510407447815 -0.19279845058918 -0.549777626991272 -0.697623550891876 -0.686676263809204 -0.758954763412476 -0.617021262645721 -0.777118682861328 -0.70168149471283 -0.627034842967987 -0.631496846675873 -0.856033802032471 -0.731322765350342 -1.17127573490143 -1.19589221477509 -0.884345233440399 -0.914654552936554 1.21578240394592 1.60564386844635 -1.83632802963257 -2.09954452514648 3.37818670272827 6.33322143554688 4.54999399185181 3.75341534614563
6.00922250747681 4.85705423355103 11.0559988021851 27.2663230895996 25.1940364837646 8.8888463973999 2.09018230438232 10.9544172286987 2.59645056724548 11.4720506668091 2.48307991027832 2.26412010192871 2.27889585494995 2.35110330581665 1.93057978153229 0.961531341075897 1.11891305446625 0.905657887458801 0.429900407791138 0.628354489803314 0.586099326610565 -0.268394947052002 -0.694015562534332 -0.920916557312012 -0.708276331424713 -0.77519953250885 -0.809288799762726 -1.04187381267548 -0.727215349674225 -0.886901438236237 -1.03112375736237 -1.27408635616302 -0.754801452159882 -1.02161622047424 -1.01126837730408 -0.404843777418137 -0.00271855248138309 0.784439206123352 1.34001636505127 15.5221366882324 28.7061023712158 38.3337707519531 8.02884101867676 3.70181465148926 3.2319438457489
5.49229192733765 34.2740097045898 9.14821147918701 9.45947647094727 22.1073837280273 15.162989616394 28.4517688751221 9.40942764282227 4.76546716690063 9.71546363830566 1.5243124961853 1.75745224952698 1.37275803089142 1.7457492351532 1.08549702167511 1.14021372795105 0.731136798858643 0.421225249767303 0.131562799215317 -0.332779705524445 -0.501836061477661 -0.297171413898468 -0.691173613071442 -0.708945155143738 -1.16783022880554 -0.709672808647156 -0.776104271411896 -1.13823056221008 -0.925538420677185 -0.741688251495361 -0.955787658691406 -1.17660558223724 -0.778227925300598 -0.872502207756042 -0.750741839408875 -0.169221773743629 0.113048873841763 -0.203462943434715 -0.321484714746475 -1.68616437911987 9.09604835510254 13.7129011154175 19.1274280548096 4.50294303894043 2.9114100933075
3.83176040649414 4.65224456787109 1.82953822612762 6.86490631103516 17.4293689727783 10.6404237747192 5.29616069793701 12.8171377182007 8.05049800872803 8.37198638916016 1.02369666099548 1.05637860298157 1.32574141025543 1.19584703445435 1.67276322841644 1.0325471162796 0.278184294700623 0.34956219792366 0.0136849246919155 -0.791727244853973 -0.927403450012207 -1.03898906707764 -0.344053745269775 -1.21046662330627 -1.27175843715668 -1.30982089042664 -1.07130539417267 -1.18847477436066 -1.21448040008545 -0.941144526004791 -1.43840706348419 -1.11853361129761 -0.713109791278839 -0.743393838405609 -0.513719379901886 -0.0416518822312355 0.0790029168128967 -0.323828101158142 -2.04917931556702 -2.35265326499939 6.58662843704224 9.93787288665771 14.0487337112427 4.17335271835327 2.80949306488037
3.86963653564453 4.14788436889648 34.071647644043 1.73014461994171 7.17304658889771 12.6367521286011 4.68586778640747 8.59354209899902 7.09012031555176 1.01399660110474 7.06745386123657 0.266166597604752 0.62914913892746 1.25632154941559 0.745376288890839 0.88683295249939 -0.413220286369324 -0.619866013526917 -1.73997259140015 -1.78636634349823 -2.00325727462769 -2.25087404251099 -2.49535179138184 -2.54116129875183 -1.36810028553009 -1.40402853488922 -1.44933891296387 -1.48429298400879 -1.19230711460114 -1.26101052761078 -1.47578358650208 -1.07671332359314 -0.530744016170502 -0.502076327800751 -0.351421982049942 0.0546276159584522 0.0919847413897514 -0.0706578940153122 0.259624630212784 39.2882041931152 6.23910188674927 7.84081029891968 11.1962280273438 5.96895170211792 2.69366192817688
11.9077529907227 4.10417747497559 2.86565685272217 1.7101001739502 0.810136437416077 3.78847599029541 5.25067663192749 6.05847215652466 6.2101583480835 3.15981030464172 6.07676982879639 0.178668335080147 0.0347936637699604 0.562194406986237 0.574979364871979 0.531716287136078 -0.484430819749832 -0.71503734588623 34.9862022399902 18.9915027618408 2.18853521347046 22.9666862487793 29.3889980316162 31.1404228210449 -2.00903987884521 -1.59824454784393 -1.89118039608002 -2.03073024749756 -1.36839962005615 -1.26661348342896 -1.22200262546539 -1.02068102359772 -0.750674664974213 -0.692378580570221 -0.414678931236267 0.0268250871449709 0.0866515040397644 0.101111724972725 1.53686916828156 13.7778930664062 19.5125885009766 3.71047782897949 5.9089994430542 8.50661277770996 3.43904399871826
8.95918941497803 3.6336133480072 10.6819562911987 14.5938320159912 3.05126953125 4.12831020355225 1.88005471229553 3.52513384819031 4.10141897201538 5.23034238815308 5.18142938613892 -0.00095726567087695 -0.276956051588058 -0.287019193172455 0.382757782936096 0.315328299999237 -0.566575407981873 -0.788227498531342 -0.588512122631073 6.4619665145874 12.9319820404053 21.159740447998 20.4133491516113 21.7474575042725 22.5325202941895 -2.04982614517212 7.13408184051514 16.7597141265869 -0.914840400218964 -0.929583966732025 -0.92676842212677 -0.831678152084351 -0.750692963600159 -0.825851321220398 -0.575098097324371 -0.221111923456192 -0.197109550237656 0.122175842523575 -1.84422338008881 13.1412553787231 13.8765296936035 3.13390064239502 4.99677991867065 7.20015239715576 3.15823245048523
12.5868072509766 3.98025608062744 22.3129997253418 23.9165363311768 36.4692649841309 16.2738666534424 2.27896738052368 0.246945485472679 -0.941536843776703 4.1446590423584 -0.112999014556408 4.30927705764771 -0.411786198616028 -0.415353000164032 -0.47484502196312 -0.55083817243576 -0.787141859531403 -0.866605997085571 -1.25546586513519 3.21739387512207 20.6300029754639 14.9791221618652 13.0609655380249 15.3046989440918 15.7238149642944 2.15172958374023 7.35241794586182 -2.20969796180725 9.67048263549805 -0.805451035499573 -0.732900142669678 -0.640354335308075 -0.706879436969757 -0.840406239032745 -0.737786591053009 -0.535013914108276 -0.346966356039047 -0.222446963191032 15.3650598526001 12.1133632659912 10.5035772323608 2.58355855941772 4.26195573806763 6.21650981903076 4.61816787719727
4.44263601303101 4.74581909179688 3.1953432559967 0.721893966197968 20.9356594085693 15.7594165802002 1.72638320922852 -0.691535830497742 -2.13523435592651 -1.26320374011993 -1.14116263389587 -0.149132236838341 -0.605174422264099 -0.59495609998703 -0.591051995754242 -0.636265814304352 -1.88161134719849 -0.916718900203705 -1.37928628921509 24.1505432128906 9.11334991455078 9.86202335357666 9.27940273284912 11.1870784759521 11.2881288528442 -2.10282802581787 0.755288660526276 7.55322074890137 6.37898635864258 -0.827561497688293 -0.744700968265533 -0.772113800048828 -0.835373401641846 -0.948303401470184 -0.805018603801727 -0.68377822637558 -0.436310082674026 -0.330297410488129 -1.43924486637115 17.6891345977783 5.31182479858398 7.85930919647217 2.08474826812744 3.44256114959717 5.11875581741333
1.74906253814697 3.31840682029724 0.782930076122284 42.6563034057617 11.0721569061279 6.71616554260254 16.5291500091553 -2.07730889320374 -1.96136605739594 -2.55063414573669 0.976884663105011 17.4116897583008 -0.991074562072754 -0.871475577354431 -0.727211833000183 -0.778636693954468 41.5325965881348 -1.51268708705902 13.622670173645 -1.82128095626831 9.70724868774414 6.95725727081299 5.15853214263916 6.20096063613892 -1.93018567562103 -3.07144141197205 -2.53799080848694 -2.64341640472412 -2.98898410797119 -3.31151676177979 -0.862931609153748 -0.835074126720428 -0.743613719940186 -0.779614448547363 -0.835086345672607 -0.501373827457428 -0.0928888916969299 -1.61070942878723 -1.9101927280426 12.4791765213013 5.12174940109253 6.60383939743042 1.81136107444763 3.04892301559448 4.57592153549194
