slauniainen/Data/DEM/Vihti_dsm1500b_cl_horizonAngle_348.asc
NCOLS 196 
NROWS 178 
XLLCORNER 353680 
YLLCORNER 6699024 
CELLSIZE 16 
NODATA_value -3.4e+38 
[rows 120 to 139 of 178, columns 45 to 89 of 196]
3.51540350914001 2.62438440322876 3.62923383712769 3.74184536933899 4.85999774932861 4.36615085601807 4.62968492507935 4.85581827163696 4.71071100234985 4.19531011581421 4.29117870330811 4.46128940582275 1.99200236797333 5.39994716644287 6.22968292236328 10.6150455474854 27.1659336090088 14.1736183166504 24.2215976715088 54.1073341369629 -1.74442219734192 -3.08574390411377 -3.14240336418152 -3.05634069442749 9.28154945373535 4.87801218032837 0.438049733638763 -2.8972647190094 32.0137481689453 25.789794921875 24.7511501312256 6.04906702041626 8.78441619873047 4.82358074188232 -0.570688605308533 5.7942066192627 1.62103521823883 0.297142833471298 -0.579513430595398 -1.92989015579224 -2.00722122192383 -2.08996200561523 -2.05088376998901 -2.22414326667786 3.62905383110046
3.27704572677612 2.45297288894653 3.41010403633118 3.52175545692444 4.57193803787231 4.09164571762085 3.37337589263916 4.52828550338745 4.38652420043945 3.86212277412415 3.95689582824707 4.16241550445557 1.87576282024384 5.01545143127441 5.83501052856445 6.67328691482544 14.1828775405884 10.2585430145264 9.72000789642334 31.4117584228516 11.2326440811157 3.39049625396729 1.73277139663696 16.322244644165 -2.93487787246704 -2.04388093948364 0.73043018579483 4.75143003463745 -0.0645835101604462 2.22803783416748 9.47089576721191 14.3881092071533 5.10752725601196 12.6385231018066 7.75078153610229 2.70344924926758 5.39486789703369 4.16004323959351 -0.777168333530426 7.65282487869263 -2.13492441177368 -1.97330796718597 -2.48796153068542 -2.39504933357239 -1.91011023521423
3.55780410766602 2.31094431877136 3.20562291145325 3.31286096572876 4.30565118789673 3.84848260879517 3.1677827835083 4.23296594619751 4.09666872024536 3.80019426345825 3.5554301738739 3.89024209976196 0.258349150419235 4.62839221954346 5.41250324249268 5.72514343261719 2.30346965789795 8.51374244689941 7.97550535202026 9.98579120635986 1.58929824829102 9.74796390533447 12.0700960159302 2.33540773391724 16.1423244476318 0.404220283031464 16.925853729248 24.1180973052979 21.4761981964111 12.7974348068237 9.44680309295654 6.1312837600708 4.83771324157715 6.29176759719849 3.93149065971375 5.43045854568481 0.8281489610672 0.0502584129571915 11.5127124786377 5.69603443145752 1.98493278026581 -2.0939838886261 -3.07917451858521 0.361711084842682 -2.03674411773682
3.51968622207642 0.734813153743744 2.07537412643433 2.93263006210327 4.03740978240967 3.59885334968567 2.97357392311096 3.96063327789307 3.82061791419983 3.52826857566833 3.3194751739502 3.64556646347046 0.0855605453252792 4.26456356048584 5.0042781829834 4.55343055725098 1.92238223552704 7.6130895614624 6.71120405197144 5.11713457107544 7.23129940032959 3.23856973648071 9.00574207305908 12.3910932540894 -1.09014999866486 14.9404554367065 7.56688737869263 7.32921171188354 14.5550975799561 12.7814493179321 12.7208003997803 5.29147720336914 3.19306945800781 5.06110095977783 3.20710229873657 4.55536985397339 7.78788375854492 0.335238426923752 -0.886404752731323 -2.02383804321289 -2.09195184707642 -2.89385056495667 -3.16986727714539 -1.59224534034729 4.76032447814941
3.75869750976562 2.16163897514343 1.93498969078064 2.74066066741943 2.82099795341492 3.69000577926636 3.28829336166382 3.69815254211426 3.56073689460754 3.2387843132019 3.07867026329041 3.41434621810913 1.67382991313934 3.92884135246277 4.62381935119629 0.668911874294281 0.548155665397644 2.41001057624817 5.70450830459595 -0.691697537899017 3.1878297328949 15.3755197525024 1.87197875976562 0.204107731580734 7.41177606582642 0.212856724858284 7.53149890899658 7.63406848907471 3.27302622795105 2.57638454437256 6.99194717407227 3.6199963092804 18.3852233886719 3.05960845947266 2.90233731269836 12.3144149780273 -0.915418028831482 0.11590526252985 -1.38975179195404 -1.63456606864929 -3.05457091331482 9.60579299926758 -3.67304086685181 -3.41729784011841 0.106499999761581
3.5660719871521 2.44481110572815 1.79857170581818 2.57978963851929 2.64784097671509 0.660756528377533 -0.332515209913254 -0.632378399372101 0.0322778299450874 -0.0139354933053255 -0.382720917463303 2.85384964942932 3.13064694404602 1.34763252735138 3.52404403686523 4.14563846588135 48.6373100280762 10.1889877319336 1.76584386825562 51.5472755432129 25.958215713501 -0.474076181650162 1.13830971717834 13.6627521514893 15.5965747833252 3.30961966514587 0.495663553476334 2.20515060424805 11.2338161468506 13.2090797424316 6.56343460083008 24.4952754974365 12.8981304168701 5.80317640304565 4.63394737243652 -0.77105039358139 -1.40374314785004 -0.61711710691452 -1.57928717136383 -1.67045295238495 -2.76403832435608 -2.91305017471313 10.770827293396 -3.75486087799072 -3.256267786026
3.4265308380127 -0.645079135894775 -1.18351721763611 -0.836593329906464 -0.0119137112051249 1.88245737552643 -0.325351864099503 17.5576267242432 18.3496837615967 10.4399356842041 -0.303449183702469 -0.483339846134186 2.93700766563416 -0.110835634171963 3.25807690620422 3.87983894348145 29.3610744476318 32.6924743652344 41.1627388000488 33.0722236633301 34.3952713012695 36.650146484375 7.93118762969971 9.09347534179688 -0.011248973198235 5.90846872329712 7.86987257003784 1.65317249298096 0.511839628219604 6.88395071029663 4.99334716796875 9.16994953155518 5.63885688781738 13.8428993225098 4.50084352493286 -1.25728797912598 -1.65866482257843 -0.956624209880829 4.58292961120605 10.5024261474609 21.5728187561035 -3.31560111045837 -3.28203725814819 -1.82350897789001 -3.12981986999512
0.700013279914856 14.1158533096313 -1.22140347957611 23.6409187316895 10.1494693756104 0.573517978191376 -0.395376920700073 6.47389268875122 8.63717079162598 6.45923757553101 -0.425867944955826 -0.746030986309052 -0.235432058572769 -0.195853799581528 3.01329255104065 3.62821817398071 3.43806219100952 19.0257301330566 23.5446109771729 4.83126354217529 22.0412044525146 32.3496170043945 15.060263633728 9.7057638168335 13.3467512130737 5.11726856231689 5.96708202362061 3.8405385017395 17.9798412322998 7.26005125045776 2.02729058265686 7.993323802948 7.50034666061401 3.62201595306396 2.80095195770264 16.4470920562744 10.3133840560913 16.3268966674805 3.14398956298828 10.2934322357178 7.85905504226685 24.5364646911621 12.9366245269775 5.11873340606689 4.75041007995605
0.622391104698181 6.41577863693237 -1.00654888153076 15.510552406311 -0.353395223617554 3.80902028083801 25.3955612182617 5.15420198440552 1.66105651855469 -0.287973970174789 12.2832660675049 5.16752672195435 -0.39467316865921 -0.844195902347565 0.113221287727356 3.38621258735657 3.19648504257202 14.6870365142822 10.5302505493164 14.8628206253052 17.5870819091797 17.8494319915771 13.0154304504395 7.04501008987427 11.0791349411011 1.80342292785645 2.23489022254944 5.3475456237793 1.77291989326477 1.35330438613892 14.8488159179688 3.46095418930054 3.5423526763916 2.52165794372559 5.65243196487427 11.4285554885864 5.28835868835449 19.7133197784424 16.5813465118408 5.580482006073 5.06100225448608 8.53578853607178 5.01542377471924 7.76356029510498 20.1427211761475
0.602120459079742 -0.00420924415811896 3.56118106842041 9.16175651550293 12.9336814880371 1.65569460391998 6.45838785171509 -0.479922741651535 3.34256649017334 2.07853889465332 6.85782480239868 11.8313083648682 4.95181035995483 0.032120306044817 -0.249315515160561 0.884975075721741 0.220668748021126 11.7810697555542 8.4009256362915 11.3347272872925 14.2751235961914 13.0172729492188 9.20293807983398 4.2536506652832 4.78400421142578 6.99777698516846 6.8442211151123 0.482775658369064 9.98683071136475 -0.231815546751022 0.49633663892746 2.78218483924866 2.75532603263855 2.64486742019653 1.88768517971039 2.64363360404968 11.2853183746338 15.083966255188 15.5671434402466 12.1708965301514 22.5818824768066 13.884391784668 21.1782894134521 21.3909072875977 13.9151840209961
14.6734199523926 29.4969234466553 7.7464656829834 5.39210844039917 0.271462470293045 -0.900875687599182 8.79969120025635 5.76550531387329 -0.723642826080322 24.7419052124023 -0.138680651783943 4.03987741470337 7.24444437026978 -0.645473837852478 -1.20238471031189 -0.568678021430969 0.858687341213226 9.80360412597656 7.07491874694824 9.10030269622803 11.8974084854126 10.8573703765869 34.2612190246582 -0.63493138551712 6.05734443664551 16.0025253295898 0.700748920440674 -0.775343954563141 1.15124011039734 5.56828165054321 14.3268966674805 0.78024297952652 13.398814201355 1.97908663749695 1.2064665555954 1.67309212684631 31.4427852630615 19.1981182098389 13.0239553451538 9.66594314575195 14.120626449585 13.182879447937 17.0530338287354 16.9664821624756 16.7120914459229
10.4148769378662 12.9560794830322 36.1892318725586 12.1171798706055 27.2640342712402 45.3077545166016 0.56463211774826 5.38491201400757 -0.738031029701233 -0.524991095066071 -0.345121800899506 1.14770233631134 2.57681941986084 23.6811065673828 16.1713333129883 20.2096004486084 -0.451639205217361 -0.714084386825562 5.92160034179688 7.55662155151367 10.1137809753418 9.20872116088867 18.3065719604492 56.3354682922363 3.86154651641846 5.89022445678711 23.5704727172852 40.553295135498 18.9386253356934 21.6488456726074 -0.834931075572968 -0.047722227871418 2.16029405593872 1.59345495700836 0.77308976650238 5.22268724441528 17.3221435546875 6.00163412094116 9.03867149353027 15.5112047195435 10.3360776901245 10.3916339874268 18.0363483428955 17.6900844573975 17.083309173584
0.358880072832108 8.47590827941895 19.1697368621826 15.9088373184204 31.335563659668 19.4901294708252 25.5115909576416 -0.510135173797607 25.71266746521 5.7158031463623 -0.448658227920532 -0.600197196006775 -0.509362697601318 24.7079639434814 -2.66338872909546 9.48835945129395 0.976688027381897 27.8377246856689 -0.0825415477156639 6.32707738876343 2.99064874649048 8.41331672668457 10.5059089660645 36.3397102355957 27.9373416900635 2.61925387382507 32.8147773742676 29.5722427368164 28.5369758605957 5.8227105140686 8.96164798736572 1.92500078678131 1.04196190834045 1.36689043045044 15.5523843765259 18.5069618225098 3.81998252868652 5.21248149871826 28.426830291748 11.7527685165405 10.940824508667 14.5596256256104 21.2951545715332 18.2070789337158 17.1853008270264
2.69824504852295 31.5324401855469 9.60631847381592 13.6760320663452 10.853554725647 17.712287902832 11.7669067382812 31.132417678833 1.51141476631165 25.1211223602295 18.5328845977783 11.1307363510132 -1.0703296661377 -0.553628444671631 11.0524206161499 1.83119225502014 29.0073280334473 18.4779071807861 37.6533737182617 2.46129179000854 5.01924180984497 7.39143371582031 6.73445177078247 8.86093902587891 24.6441173553467 2.3419668674469 16.307035446167 16.6664581298828 18.8588943481445 32.2431221008301 2.18196320533752 11.2767391204834 2.49470901489258 12.9057178497314 12.3184957504272 7.17985057830811 3.35851502418518 8.51482963562012 8.42769718170166 8.92014503479004 8.89509391784668 23.5828609466553 29.4554271697998 21.9050235748291 45.6646766662598
44.453483581543 19.7012500762939 19.3242702484131 13.0012760162354 7.79801797866821 13.0594921112061 11.4309186935425 18.8188362121582 21.1451892852783 15.753378868103 14.8870086669922 32.5564804077148 42.771297454834 5.62411689758301 1.12030625343323 -1.85185253620148 8.96435832977295 26.2480487823486 28.8683738708496 12.5564880371094 4.28797817230225 6.56132936477661 5.80563974380493 7.62844800949097 19.1419105529785 32.0335922241211 13.8264102935791 12.7961359024048 14.5089263916016 17.4330711364746 44.2494735717773 8.72811508178711 0.716887831687927 7.04972457885742 9.21271514892578 9.60631084442139 11.9099779129028 4.81436252593994 11.4199056625366 9.66708087921143 40.542896270752 38.6990280151367 24.8072338104248 36.0755310058594 29.1324691772461
20.5179843902588 18.986198425293 8.29285526275635 10.1121501922607 10.8358936309814 11.4153833389282 8.76738739013672 4.29121208190918 11.9698266983032 4.50454139709473 2.84275960922241 1.26572179794312 21.5293769836426 10.8733797073364 9.2420768737793 17.9348201751709 37.2484321594238 15.4014196395874 18.3127155303955 18.5319080352783 3.64678597450256 5.88930654525757 5.47966384887695 4.80361175537109 15.6325511932373 25.9907073974609 16.6499004364014 10.5210752487183 11.2681369781494 8.27699851989746 27.6919212341309 45.8123893737793 30.270450592041 10.4633197784424 12.4699993133545 9.0406608581543 23.1780738830566 19.3283176422119 14.8593835830688 41.5693321228027 37.1657791137695 24.4247570037842 25.0776844024658 19.7847919464111 16.4022102355957
9.37301921844482 14.9512252807617 6.7263126373291 8.48001194000244 3.0786657333374 9.13698196411133 7.38416814804077 0.891422510147095 8.23575210571289 24.2604904174805 26.5193881988525 8.93018817901611 4.5299243927002 7.11329984664917 -1.21938145160675 2.28951954841614 -1.00330126285553 9.18388748168945 14.8555669784546 14.1842403411865 3.27372360229492 2.74399471282959 5.31611061096191 22.0744323730469 13.1264343261719 9.68937301635742 10.8462581634521 8.68019485473633 9.19722461700439 6.98567485809326 9.89619827270508 29.3395004272461 15.6792669296265 14.0046319961548 9.91626930236816 10.8904523849487 12.8385057449341 7.79904413223267 25.3473224639893 21.0203456878662 16.9579277038574 18.1648635864258 18.6395721435547 15.157732963562 14.5991649627686
2.89860773086548 12.7596206665039 19.4045600891113 6.25049304962158 25.0028514862061 5.4386100769043 7.0872688293457 16.2072238922119 3.60654044151306 4.34576368331909 5.61085224151611 29.4545955657959 1.73862040042877 13.8944683074951 25.9130229949951 -0.0121058272197843 -1.78708946704865 6.25060653686523 11.8676900863647 11.6080713272095 2.39664793014526 2.91952323913574 4.81038808822632 11.068736076355 11.3028059005737 7.72081232070923 17.6663246154785 2.61185693740845 7.96733617782593 6.54244899749756 8.97470092773438 8.93838691711426 17.8021106719971 17.2248115539551 20.871976852417 7.5230507850647 4.76153039932251 7.72888135910034 8.98926258087158 8.36759662628174 10.3068580627441 12.5153827667236 14.3560724258423 14.2916631698608 13.5388078689575
0.743553400039673 6.62848472595215 5.95195865631104 4.7424693107605 2.36476159095764 2.80763673782349 2.1698944568634 9.71208763122559 6.69809627532959 2.73462915420532 8.45760917663574 16.4092922210693 10.6369361877441 1.19672453403473 12.4667911529541 1.33571565151215 23.6718997955322 0.820311069488525 10.6569395065308 9.76968479156494 2.31907224655151 2.71774744987488 4.42961311340332 4.06940174102783 4.94070672988892 9.43842792510986 10.2641201019287 26.8711528778076 5.86699533462524 1.77975213527679 0.400010496377945 9.01452350616455 21.2904319763184 23.2300701141357 19.9481582641602 18.6233024597168 4.83900690078735 2.56807470321655 2.33402323722839 4.80302762985229 7.19175577163696 7.45130586624146 10.0171909332275 11.0281143188477 10.8250865936279
14.0469913482666 10.0295791625977 2.40361285209656 4.71865844726562 7.4522647857666 0.142355561256409 0.420161724090576 -0.346198290586472 3.53970050811768 0.347063153982162 -0.244131922721863 6.35049200057983 1.47721135616302 6.93146467208862 -0.879166781902313 4.10745477676392 17.7510204315186 14.9995794296265 7.64236259460449 9.12404537200928 2.11739206314087 2.53903794288635 0.825618982315063 0.996923565864563 3.48758149147034 8.06221294403076 8.45552253723145 18.9575729370117 7.96065282821655 43.5529327392578 0.834669291973114 3.09893393516541 14.5959825515747 29.5611476898193 14.6650743484497 5.42673110961914 2.16798043251038 0.353339850902557 -0.590260565280914 0.786003530025482 3.71629190444946 6.77031850814819 7.12346887588501 8.67602729797363 6.19515657424927
