slauniainen/Data/DEM/Vihti_dsm1500b_cl_horizonAngle_240.asc
NCOLS 196 
NROWS 178 
XLLCORNER 353680 
YLLCORNER 6699024 
CELLSIZE 16 
NODATA_value -3.4e+38 
[rows 100 to 119 of 178, columns 0 to 44 of 196]
8.20562934875488 0.866047263145447 0.703372597694397 0.0517545528709888 0.27692312002182 2.57903504371643 0.24715282022953 14.6201457977295 42.2789840698242 31.3855686187744 21.3027667999268 20.7050590515137 17.0682334899902 14.849461555481 13.0061855316162 12.1483879089355 11.0763149261475 8.40802192687988 8.74303245544434 9.22517585754395 8.12532234191895 6.50754022598267 4.8034200668335 5.6002025604248 4.94862794876099 4.36315965652466 3.16734385490417 1.08549380302429 0.880267798900604 0.46913605928421 2.06896257400513 1.88696753978729 1.62656331062317 0.489592880010605 0.349677950143814 0.390417635440826 0.278397232294083 -0.0747494623064995 -2.42150950431824 -2.27215909957886 14.5416774749756 44.7432556152344 32.2069664001465 31.8672904968262 40.491756439209
1.00198984146118 1.71867215633392 1.89381909370422 0.76762866973877 0.386127412319183 0.270158588886261 0.66372287273407 6.98354434967041 41.0815734863281 42.1559906005859 30.8770790100098 22.9490566253662 19.116569519043 16.4125537872314 14.8158512115479 12.9874019622803 10.3074598312378 13.5554475784302 11.3768825531006 8.88549041748047 8.03093147277832 8.05409145355225 6.89170742034912 5.95793676376343 4.1514630317688 1.66453433036804 1.34816884994507 1.03302907943726 0.680148005485535 2.36733531951904 2.18034291267395 0.708236813545227 0.584399044513702 0.612662374973297 0.498361378908157 0.171765103936195 0.045155618339777 -0.0601590238511562 -2.18498373031616 -2.92255735397339 5.37356567382812 45.5553321838379 15.941312789917 4.13749885559082 0.657053291797638
1.86387038230896 2.30859518051147 2.54504871368408 2.54108572006226 1.23823428153992 0.995191395282745 1.21108496189117 5.92618846893311 10.8277015686035 44.8274421691895 33.8602600097656 25.3790416717529 23.2450008392334 19.0698318481445 12.9522495269775 30.5485954284668 20.3155136108398 12.95751953125 10.903618812561 12.4005880355835 10.4599752426147 8.68472385406494 7.31697797775269 2.15604114532471 2.15869402885437 1.52407693862915 1.474644780159 3.02724957466125 2.8138747215271 2.56613492965698 0.804195702075958 0.690152108669281 0.744484186172485 0.43989485502243 0.304662376642227 0.15796685218811 -0.0189733412116766 -0.149626523256302 -2.10732197761536 -2.64786601066589 1.81349861621857 17.1611785888672 33.3733215332031 22.3556880950928 6.27423667907715
2.72975134849548 2.73804450035095 2.68561100959778 2.90750980377197 2.30988812446594 1.64240229129791 1.46563315391541 1.53021335601807 6.52411985397339 46.8148765563965 46.3390617370605 34.5563697814941 20.3108978271484 16.7549018859863 7.43758583068848 30.6129817962646 19.9998226165771 26.7160739898682 18.2333679199219 12.8909254074097 10.8798818588257 7.02069902420044 3.49273633956909 2.85793566703796 1.63873267173767 4.18845415115356 3.86151313781738 3.31060528755188 0.972763895988464 0.908411264419556 0.957039058208466 0.862954199314117 0.536574244499207 0.410039037466049 0.237134695053101 0.101876333355904 -0.0568241626024246 -0.176554962992668 -2.16687440872192 -2.76345610618591 -0.23887811601162 14.7214508056641 29.3992671966553 4.67071104049683 4.53545379638672
2.85964322090149 3.08420062065125 3.01424551010132 2.99088311195374 8.15405082702637 2.39233994483948 2.07181310653687 6.35598182678223 3.93220210075378 0.852855682373047 40.8296585083008 30.7782726287842 21.0385684967041 19.5336856842041 5.42182350158691 27.8759078979492 1.54279959201813 28.4173755645752 19.0011291503906 9.27206134796143 5.02310514450073 4.51862668991089 3.26032137870789 1.9224841594696 5.16851186752319 4.80622529983521 1.33120787143707 1.05859053134918 1.14267182350159 1.07966327667236 0.763908505439758 0.644970417022705 0.426575541496277 0.339990198612213 0.217229932546616 0.100841082632542 -0.082189604640007 4.02110624313354 -0.708978831768036 -1.71681797504425 -1.80757677555084 3.24726867675781 4.31934595108032 4.84599304199219 4.38024616241455
3.19172430038452 3.16852712631226 3.37425947189331 11.3583908081055 2.71338152885437 2.86221361160278 1.65552914142609 1.8808286190033 8.57139301300049 14.7115612030029 39.8689460754395 40.5674247741699 29.6380920410156 32.2423248291016 3.41115140914917 11.4414558410645 2.45569491386414 17.922212600708 10.3380899429321 6.76319313049316 3.75988006591797 2.55483841896057 7.66119289398193 7.45623540878296 6.07792997360229 1.37187647819519 1.39065170288086 1.26791405677795 0.93061637878418 0.862219154834747 0.726584076881409 0.511237680912018 0.4139623939991 0.30283984541893 0.182483106851578 6.03071165084839 5.12646245956421 3.03121137619019 5.35382652282715 5.37283992767334 4.96987295150757 5.2515115737915 5.08762264251709 4.66642475128174 1.44041585922241
3.58487892150879 3.52674198150635 2.86582279205322 5.81656169891357 18.8660278320312 4.02768564224243 2.2518367767334 1.5338386297226 0.633140325546265 0.17322039604187 0.163246378302574 27.0898704528809 0.709429025650024 19.1909694671631 16.9273242950439 4.06277990341187 1.59240055084229 1.51511812210083 7.21100568771362 3.71532773971558 11.0025949478149 11.2629823684692 9.70926570892334 1.76567816734314 1.54595589637756 1.57789885997772 1.14124798774719 1.08224403858185 1.14381921291351 0.83299195766449 0.614170253276825 0.46227702498436 0.636119544506073 0.259895890951157 7.39285802841187 4.21661901473999 9.12016677856445 8.30908489227295 7.84578418731689 7.63479614257812 6.53632402420044 5.45127439498901 5.02021932601929 4.35946321487427 2.21099734306335
3.7583384513855 3.06466555595398 3.71259593963623 2.90636372566223 3.07326650619507 3.10641932487488 2.33185625076294 1.57693767547607 1.34356534481049 0.0477190278470516 18.195369720459 3.47343349456787 34.9221801757812 17.720235824585 4.28967571258545 3.31053519248962 1.53479266166687 1.30795478820801 27.4695148468018 26.1758995056152 17.2451362609863 1.86688578128815 1.97541534900665 1.91530644893646 1.76004767417908 1.30828881263733 1.28598856925964 1.23427176475525 1.14246368408203 0.846707701683044 0.920654892921448 0.702824831008911 10.7421836853027 9.12182998657227 16.0163135528564 15.5102691650391 12.0551404953003 9.94238376617432 10.0338172912598 7.81429815292358 6.54489898681641 8.56673908233643 8.96961498260498 5.92692089080811 4.04585695266724
3.7851550579071 4.00808811187744 3.94927859306335 3.90595769882202 3.66983795166016 3.20998883247375 2.73165941238403 2.24072408676147 2.12374234199524 0.992247462272644 0.604091644287109 0.392909377813339 4.17784881591797 5.34828090667725 4.36077499389648 1.34257531166077 2.28261709213257 0.885362207889557 0.672165155410767 2.17716979980469 2.0197389125824 2.24601006507874 2.11639881134033 1.54116868972778 1.40647518634796 1.34051263332367 1.29813694953918 1.23062014579773 1.1528879404068 1.00922775268555 18.3297500610352 14.5125780105591 37.9268989562988 37.1056671142578 24.9034252166748 15.8993101119995 15.3382816314697 12.9632682800293 10.1470470428467 7.74449062347412 4.8465576171875 4.05346488952637 4.99070310592651 4.53559017181396 4.28551816940308
4.20455026626587 4.08882427215576 3.8320255279541 3.65894412994385 3.17829179763794 2.88317847251892 2.56608438491821 2.28020572662354 2.15299510955811 1.99879193305969 1.95905101299286 1.96748328208923 2.53995537757874 3.56839418411255 3.68917417526245 2.90164566040039 2.61365079879761 2.73094010353088 2.67175245285034 2.70559787750244 2.53794836997986 1.92359447479248 1.6767965555191 1.45976567268372 1.40572917461395 1.33682489395142 1.28225350379944 1.21390950679779 42.104907989502 29.0871925354004 13.2746686935425 1.35848605632782 10.7169332504272 33.4771041870117 24.9468040466309 20.6759929656982 16.6892871856689 13.0578966140747 10.210599899292 8.48627853393555 6.97558975219727 5.90500831604004 5.32898712158203 4.93145561218262 5.08890438079834
4.31174564361572 3.98268747329712 3.46640229225159 3.11314177513123 2.77838158607483 2.56432461738586 2.5029559135437 2.3699848651886 2.24217772483826 2.08265995979309 2.0225465297699 1.52734053134918 2.08029818534851 2.72336602210999 2.91739702224731 2.98083543777466 3.17967176437378 3.04846048355103 3.03181195259094 2.34319186210632 2.1911780834198 1.72836291790009 1.49725985527039 1.44962823390961 1.39099848270416 1.33225321769714 1.2772045135498 -0.382912427186966 33.0378761291504 38.9512100219727 43.5261154174805 10.472469329834 28.6572589874268 45.4200668334961 39.3369216918945 26.6425952911377 16.3764266967773 13.004693031311 11.3260793685913 9.43140316009521 7.1436824798584 6.37755870819092 6.68435335159302 6.05371618270874 5.39248180389404
4.07184553146362 3.4259729385376 3.04620099067688 2.90080094337463 2.69778394699097 2.58946371078491 2.52912306785583 2.43467664718628 2.34478425979614 2.15598583221436 1.61192154884338 2.14777660369873 2.8127772808075 3.04117131233215 3.22470808029175 3.20198178291321 3.34623074531555 3.29652166366577 2.58774876594543 2.27754783630371 1.93795871734619 1.7082427740097 1.49011218547821 1.43842029571533 1.39832234382629 40.3679428100586 5.60533428192139 18.9151649475098 5.86216926574707 0.48785212635994 -1.3350248336792 -1.60055112838745 10.3838338851929 12.6167984008789 35.1029205322266 23.19189453125 19.077751159668 15.1579809188843 10.8738374710083 9.05873680114746 7.55801963806152 8.21306037902832 7.05611658096313 6.3485803604126 5.85909986495972
3.69857168197632 3.23391699790955 2.82253170013428 2.74966406822205 2.65288519859314 3.76596236228943 3.56285786628723 3.00652432441711 3.15880537033081 2.83334231376648 3.62167882919312 3.41891980171204 3.45261716842651 3.45684266090393 3.66958856582642 3.5664050579071 2.78052115440369 2.68268489837646 2.57036399841309 2.26526713371277 1.83090806007385 1.60325133800507 1.51100122928619 1.44198441505432 6.25689697265625 8.21220684051514 -0.677492141723633 9.50908184051514 2.39868187904358 2.25960230827332 -1.28152275085449 -1.44136881828308 8.15968418121338 18.355188369751 43.1649436950684 30.0672626495361 17.7829685211182 14.0454721450806 11.2454881668091 12.2481641769409 10.4187126159668 8.67094612121582 7.65889024734497 6.8771858215332 5.92912864685059
3.72353625297546 3.18751764297485 2.83449602127075 2.66228270530701 2.51050233840942 3.50557446479797 5.97791385650635 4.54500818252563 5.6144232749939 4.80747318267822 4.47621631622314 4.52795553207397 4.17430877685547 4.15172672271729 3.0167179107666 2.9354248046875 2.78420305252075 2.66638135910034 2.63835120201111 2.154541015625 1.81993091106415 1.56938755512238 36.3045387268066 -0.558689057826996 5.34881973266602 3.78423953056335 9.44019985198975 4.12053537368774 9.93634605407715 1.27388989925385 7.59870004653931 -0.995829164981842 -0.965645372867584 4.25466346740723 41.0841598510742 33.1507606506348 21.6819648742676 20.1807060241699 16.1773357391357 12.5785999298096 10.7842874526978 9.30879592895508 7.77359485626221 7.09598827362061 6.37801599502563
4.13044357299805 4.69783639907837 2.8445405960083 2.61335825920105 1.66237318515778 3.53400063514709 9.46316909790039 8.09043312072754 6.51875257492065 6.54819107055664 5.68003749847412 5.45056915283203 4.9829683303833 3.59997653961182 3.21290898323059 2.90922713279724 2.83461618423462 2.78699350357056 2.58397197723389 2.19418954849243 1.79919612407684 -0.11263956874609 -0.484616041183472 6.48007583618164 1.61847412586212 7.26477956771851 15.7135677337646 3.34656810760498 5.46853494644165 2.11756300926208 1.21229720115662 8.85990810394287 -1.05912005901337 9.45134162902832 13.6199064254761 44.7872543334961 31.4777984619141 20.6579341888428 16.6474075317383 13.2705888748169 11.4122591018677 9.33808040618896 8.53774642944336 7.29441165924072 6.49118566513062
3.04523420333862 3.42356991767883 2.82455205917358 1.85051155090332 2.18516945838928 1.556396484375 7.57075834274292 11.9036722183228 9.50296974182129 7.68847751617432 6.68401098251343 4.86927032470703 4.15121269226074 3.7922055721283 3.34095215797424 3.11117815971375 2.95038437843323 3.03492903709412 2.46206426620483 2.15804886817932 0.325807303190231 0.251624196767807 -0.783039569854736 1.88257598876953 -0.232953161001205 0.937832772731781 2.31470727920532 9.53509330749512 3.52010369300842 1.5012674331665 4.61271095275879 6.50702571868896 -1.40174472332001 6.71183776855469 1.13423705101013 45.4680404663086 39.0825004577637 26.4952697753906 17.4758205413818 13.2991857528687 12.2194995880127 10.4834613800049 8.81347751617432 8.16500759124756 7.39830827713013
4.67229127883911 2.82354259490967 3.04980230331421 2.61382722854614 1.85417926311493 1.47103357315063 1.16213941574097 11.9763355255127 10.7113304138184 7.68470907211304 5.62112140655518 5.09886360168457 4.27709054946899 4.03373527526855 3.70403456687927 3.36762642860413 2.97744870185852 2.93176174163818 2.26828718185425 1.37056577205658 1.14957463741302 -0.201551482081413 -0.65714567899704 -0.725955367088318 -0.645172536373138 -0.7124924659729 -0.704828917980194 5.4426383972168 1.93475186824799 0.6203453540802 -0.92868435382843 4.75120115280151 1.5590295791626 9.65968322753906 0.821190774440765 12.6887722015381 35.6532020568848 23.7407646179199 20.1195106506348 17.1830825805664 13.7222137451172 10.5728006362915 9.76478385925293 8.78628635406494 8.24759674072266
4.93585252761841 4.09258890151978 2.84227514266968 2.40654945373535 2.08263683319092 1.3147120475769 1.06173479557037 2.93201494216919 7.69341278076172 7.51296615600586 6.08036804199219 5.41448163986206 4.87956571578979 4.20620965957642 3.87595987319946 3.25401520729065 2.93764686584473 2.64215779304504 2.09529495239258 1.67753326892853 -0.0681279376149178 0.188884690403938 -0.613633513450623 -0.41876757144928 -0.696576118469238 3.14272546768188 0.569379329681396 -0.955476343631744 -0.9225053191185 0.100607499480247 -1.16661894321442 -1.65369880199432 3.45062446594238 3.24632716178894 -0.236714050173759 17.7502861022949 45.0183906555176 39.4728164672852 26.8112449645996 16.0455360412598 13.6914796829224 12.4039621353149 10.6790981292725 9.70043563842773 8.38279342651367
4.50352573394775 4.02130317687988 2.98671817779541 2.0037317276001 1.58892750740051 1.38249111175537 1.3256927728653 1.46491575241089 4.76918172836304 8.2556848526001 7.43718004226685 5.57358646392822 5.00312423706055 4.13666248321533 3.7639946937561 3.26435708999634 2.80077958106995 2.46970725059509 1.99857580661774 1.79447066783905 0.76491117477417 0.112418696284294 -0.412738114595413 -0.740669727325439 -0.956380128860474 2.17379093170166 -0.0759127587080002 6.88098478317261 4.00127840042114 6.37171602249146 -0.868567824363708 -1.06444656848907 3.69851231575012 3.44489407539368 1.90470707416534 5.11398410797119 7.85416030883789 34.8903465270996 23.1712303161621 20.0125370025635 16.942741394043 13.5790996551514 11.7114667892456 9.83603382110596 9.35289764404297
4.82214593887329 3.19213724136353 2.37642312049866 1.98364508152008 1.47147595882416 1.36547422409058 1.52651107311249 1.45887780189514 1.53619933128357 6.44837665557861 7.22460746765137 6.12279987335205 4.75256681442261 4.21205997467041 3.39746737480164 3.10407161712646 2.73668050765991 2.54507875442505 2.09417581558228 2.00065231323242 0.996216177940369 -0.0489432886242867 -0.662746071815491 -0.767727792263031 -0.986081480979919 -0.800073146820068 -0.808285713195801 -1.07419240474701 -1.26699924468994 3.2380952835083 -1.01605927944183 6.25076341629028 6.48729848861694 0.935759305953979 -0.434347957372665 5.51715850830078 19.5969390869141 43.9988327026367 38.9512901306152 26.5701847076416 17.6737594604492 13.7931613922119 13.105242729187 11.2662687301636 7.66840028762817
