slauniainen/Data/DEM/Vihti_dem1500b_cl_horizonAngle_198.asc
NCOLS 196 
NROWS 178 
XLLCORNER 353680 
YLLCORNER 6699024 
CELLSIZE 16 
NODATA_value -3.4e+38 
[rows 140 to 159 of 178, columns 45 to 89 of 196]
3.42274379730225 3.14924263954163 2.93554520606995 3.62702131271362 4.18438768386841 4.33046674728394 4.35926818847656 4.42350006103516 4.46358633041382 4.77334308624268 5.06659984588623 5.21826314926147 5.45658588409424 5.67842245101929 5.97469758987427 6.23536682128906 6.43420124053955 6.53979587554932 6.58640003204346 6.63884830474854 6.6121244430542 6.52515840530396 6.47775793075562 6.59954786300659 6.75572299957275 7.09145641326904 7.12511253356934 7.36621904373169 8.4275016784668 9.00452518463135 9.20647239685059 9.70433902740479 10.2870578765869 10.0654544830322 11.2323236465454 11.6636619567871 10.3428049087524 7.90921020507812 7.14558839797974 7.18184041976929 7.69244861602783 7.76331758499146 8.36994552612305 7.50459051132202 7.13967132568359
3.6020405292511 3.3374445438385 3.47148251533508 3.93723201751709 4.29699659347534 4.44897794723511 4.45750999450684 4.514479637146 4.62927532196045 5.01806306838989 5.34317398071289 5.71778297424316 6.1272873878479 6.26978445053101 6.52292776107788 6.78922986984253 6.92440938949585 6.96358633041382 7.01538753509521 7.04438924789429 7.08743715286255 7.12898969650269 7.16857051849365 7.15526819229126 7.30392265319824 7.58042907714844 7.8422474861145 8.57937431335449 9.47702407836914 9.88182163238525 9.81970691680908 10.5450448989868 11.185959815979 11.5081691741943 11.911810874939 12.5928649902344 11.2096242904663 8.19118595123291 7.57729244232178 7.7082953453064 7.80077457427979 7.74663066864014 7.61616802215576 7.49677085876465 7.20502233505249
3.77767062187195 3.49424695968628 3.61269450187683 4.02487325668335 4.38376903533936 4.5076060295105 4.55666875839233 4.6509256362915 4.91344833374023 5.54313516616821 5.8707971572876 6.13226461410522 6.41668939590454 6.626060962677 6.90726661682129 7.19048500061035 7.3442907333374 7.36349248886108 7.38390874862671 7.43113899230957 7.48165988922119 7.66314506530762 7.82524442672729 7.97935962677002 8.30787372589111 8.57967567443848 8.94047927856445 9.58371734619141 10.7936983108521 10.8880996704102 10.8302364349365 11.2105302810669 12.833517074585 12.9503126144409 13.8267965316772 13.4947738647461 12.2475433349609 8.86117649078369 8.09860610961914 8.25470733642578 7.98908138275146 7.93874835968018 7.79059886932373 7.62640428543091 7.45009613037109
3.88349080085754 3.43449068069458 3.64164614677429 4.3694019317627 4.86649179458618 4.78813457489014 4.75925827026367 5.02020883560181 5.5262246131897 6.03127098083496 6.24136543273926 6.51965808868408 6.7991623878479 7.38137292861938 7.78713035583496 7.96706390380859 8.00056266784668 7.97878646850586 8.00589275360107 8.00766277313232 8.38113117218018 8.58601665496826 8.75040912628174 8.99374961853027 9.39175891876221 9.82355117797852 10.7623300552368 11.8108940124512 12.2119159698486 11.8057975769043 12.5237884521484 15.1926317214966 14.8576698303223 13.9412660598755 15.3311395645142 14.2020044326782 11.1321716308594 9.76834201812744 8.89311504364014 8.71138572692871 8.1580171585083 8.21091747283936 7.94671392440796 7.92193126678467 7.81028652191162
4.00382995605469 3.51559376716614 4.10053873062134 4.93833827972412 5.37290477752686 5.38622140884399 5.26746368408203 5.49349117279053 6.07520914077759 6.39100551605225 6.97789669036865 7.42331981658936 7.5966420173645 7.94403839111328 8.33898735046387 8.5224609375 8.54546928405762 8.49849319458008 8.50813674926758 8.74176120758057 9.0026216506958 9.18979549407959 9.30453872680664 9.62547779083252 10.2210321426392 10.6304140090942 11.5209732055664 12.6031084060669 12.8642311096191 12.321494102478 12.6963119506836 16.1357097625732 14.8510770797729 16.7349166870117 16.8605690002441 15.5221862792969 12.3461351394653 10.7504615783691 10.0179491043091 9.47697067260742 8.9359073638916 8.57806968688965 8.25379276275635 8.23463344573975 8.18105602264404
4.04330444335938 3.84024357795715 4.45053768157959 5.09432363510132 5.57038259506226 5.71425437927246 5.82786083221436 6.24819183349609 6.84943151473999 7.18664407730103 7.51942348480225 7.95902109146118 8.13359928131104 8.68487739562988 9.18360137939453 9.14263820648193 9.09248447418213 8.98551368713379 9.2217960357666 9.54165744781494 9.80279445648193 9.81569957733154 10.0024948120117 10.131160736084 10.4031801223755 11.798023223877 12.4679822921753 13.9138069152832 13.0231971740723 13.2110166549683 12.9134397506714 11.655481338501 14.7697114944458 17.5985126495361 18.2574901580811 17.7289638519287 14.369909286499 12.2838411331177 11.1990480422974 10.5607633590698 10.3476991653442 9.92882347106934 8.82004642486572 8.75482940673828 8.56546878814697
3.88998246192932 3.95269536972046 5.04645538330078 5.80958604812622 6.14853954315186 6.27751445770264 6.61063289642334 7.04156351089478 7.33274459838867 7.65774488449097 8.03679084777832 8.53583145141602 9.41500663757324 9.89150428771973 10.1292066574097 10.0714950561523 9.89154815673828 9.8929386138916 10.3942003250122 10.5404367446899 10.2608022689819 10.0887908935547 10.0647735595703 10.3167123794556 11.494571685791 12.7893190383911 14.3550424575806 15.3553285598755 15.6109647750854 16.5310707092285 15.9694318771362 12.691689491272 14.5823030471802 18.0150260925293 18.0399398803711 17.6834449768066 16.485258102417 14.7414789199829 12.4898319244385 12.4486331939697 11.784384727478 10.7971658706665 10.1784076690674 10.1997365951538 8.9842414855957
4.0615062713623 4.50802564620972 5.7075023651123 6.36779832839966 6.70455455780029 6.87584733963013 7.13722467422485 7.49987268447876 8.01132106781006 8.89372158050537 9.46340560913086 9.65317630767822 10.1517877578735 10.8661785125732 10.8715648651123 10.7098226547241 10.610447883606 10.9388980865479 11.0085382461548 10.8026247024536 10.621506690979 10.8139991760254 11.0600538253784 13.6050205230713 14.5299730300903 14.6852111816406 16.9445476531982 16.0312824249268 14.3034029006958 14.0510025024414 16.6834869384766 18.88037109375 21.0658531188965 19.4904499053955 19.0223999023438 15.1032419204712 16.6288967132568 17.4973545074463 14.8133001327515 14.2075185775757 13.4547996520996 11.4674396514893 11.9830751419067 12.0345001220703 9.6364049911499
4.62207412719727 4.86626958847046 5.84515190124512 6.62093639373779 6.97301292419434 7.80427408218384 8.17926788330078 8.67943572998047 9.07554244995117 9.59409809112549 10.1026620864868 10.2362861633301 11.3729314804077 11.9623994827271 11.7720384597778 11.3243207931519 11.8394269943237 12.8168725967407 12.9607048034668 12.6524572372437 12.4633960723877 12.6294927597046 12.392448425293 13.7414979934692 15.4807500839233 15.3436126708984 20.0278606414795 16.7277984619141 13.7294836044312 12.0967235565186 10.2825412750244 12.7891340255737 18.7794361114502 25.6037139892578 21.0842704772949 16.4196300506592 14.3391895294189 18.4341583251953 17.7936477661133 16.1683654785156 15.6625413894653 14.3692951202393 15.0250816345215 12.8186864852905 11.1530570983887
4.83559799194336 5.65214586257935 6.69120740890503 7.35945463180542 7.71623849868774 8.2721471786499 8.77442932128906 9.29474067687988 9.62281799316406 10.1498317718506 10.6714315414429 12.0636539459229 12.6058158874512 12.9375658035278 12.3096141815186 12.1797103881836 13.7431221008301 14.0191402435303 14.9051790237427 13.8234663009644 14.4973526000977 15.2472467422485 14.6247587203979 14.0480966567993 14.1491479873657 17.945369720459 12.9857149124146 12.2330570220947 12.5776462554932 12.7927713394165 10.5381851196289 7.15213060379028 6.79323196411133 15.1195306777954 13.0415506362915 12.6623649597168 15.8919525146484 15.9972066879272 18.2318058013916 18.3796615600586 16.2597503662109 18.0704441070557 19.1078395843506 15.7503719329834 11.9995946884155
5.57966184616089 6.42324209213257 7.24590349197388 7.72350311279297 8.58753299713135 9.21644115447998 9.47255325317383 10.0194396972656 11.0943632125854 11.7021999359131 11.7801952362061 13.4501438140869 14.6877241134644 13.9347639083862 13.9164838790894 17.294319152832 17.8100337982178 17.6635780334473 17.279821395874 18.1053829193115 16.8311042785645 15.1323881149292 13.3066310882568 11.5069150924683 10.7433347702026 9.95543956756592 6.7650260925293 10.5959529876709 8.43460941314697 7.77851581573486 9.41031074523926 7.38107872009277 6.02311372756958 5.06182622909546 7.39999151229858 10.0508365631104 10.6675539016724 13.0591144561768 18.8389511108398 21.1104526519775 24.0872631072998 23.2397232055664 24.2439250946045 20.8687610626221 12.2771759033203
5.15382051467896 6.56313514709473 7.45444774627686 7.9594087600708 9.25794792175293 9.7677698135376 10.2332715988159 10.6373977661133 11.6097917556763 12.2325868606567 13.1110525131226 14.8820152282715 15.8715524673462 14.5224847793579 15.382098197937 15.4204425811768 14.8212337493896 15.5709924697876 15.173394203186 14.49840259552 14.6123523712158 14.1634035110474 12.069920539856 8.54963397979736 8.81885528564453 4.25132274627686 5.20434141159058 4.25477361679077 5.20457696914673 5.76079130172729 6.51648139953613 7.50133323669434 6.81943368911743 5.58433246612549 6.34416913986206 9.55897521972656 11.7293567657471 13.5517644882202 22.7491683959961 21.9784622192383 23.766731262207 28.9029293060303 29.8452968597412 21.0751953125 13.1553754806519
6.26207447052002 7.86955499649048 8.54363822937012 8.77227878570557 9.60897350311279 10.1585655212402 10.9413766860962 11.716703414917 12.3084478378296 14.6645011901855 16.9982089996338 17.6834945678711 16.3484439849854 16.2132263183594 14.6652431488037 12.5208463668823 12.0081701278687 12.8782720565796 12.1063356399536 11.2965497970581 10.2269859313965 11.3106842041016 10.195574760437 9.71163272857666 6.25193023681641 4.14103412628174 3.57559490203857 3.72533869743347 5.42722511291504 7.3970046043396 8.35452842712402 8.41951847076416 9.79426193237305 7.51041126251221 8.14032649993896 10.7183322906494 13.4397020339966 18.0428657531738 18.2592391967773 16.5762825012207 9.74238204956055 8.64829254150391 10.4043464660645 19.4381408691406 15.0096998214722
7.42945718765259 8.36022853851318 8.92327976226807 10.9001970291138 11.923002243042 12.5340728759766 13.2545881271362 13.6199045181274 14.2684288024902 17.1764125823975 19.6340045928955 21.4551639556885 19.3226013183594 16.676342010498 13.8614892959595 10.7707061767578 9.49521923065186 8.93644332885742 8.84833240509033 8.75179958343506 8.20210838317871 6.95136260986328 8.10741901397705 8.14447593688965 4.56578779220581 3.97388195991516 3.6489622592926 5.65399312973022 9.97274589538574 12.1540470123291 11.8027257919312 15.0236482620239 10.8505907058716 8.84848022460938 6.27304077148438 11.6187305450439 11.978343963623 7.35712909698486 7.5072283744812 10.4724712371826 10.0635585784912 9.07908725738525 9.61302661895752 13.91015625 15.6461458206177
7.84345388412476 8.85250377655029 10.2312021255493 13.7605981826782 15.2735900878906 14.2332715988159 13.3075618743896 13.6605157852173 14.3336477279663 15.2597332000732 15.0290765762329 13.2359495162964 13.7243013381958 12.5168628692627 10.6710596084595 8.80170059204102 7.79366111755371 6.58696603775024 6.11494016647339 7.13106870651245 8.55118370056152 6.47488117218018 6.03503036499023 5.15618801116943 4.61423110961914 3.90286207199097 4.30345964431763 7.42607355117798 7.13499641418457 4.76145315170288 3.71790909767151 5.45417356491089 9.85548877716064 7.14562129974365 4.34021472930908 4.924973487854 6.82596731185913 7.16127252578735 7.87184286117554 8.89236736297607 9.3478946685791 9.30190181732178 10.036937713623 11.6100282669067 13.9544878005981
10.9590625762939 11.5525531768799 15.3348712921143 14.0914115905762 12.8391389846802 13.2294254302979 13.5812482833862 14.3598260879517 16.0324172973633 18.8628063201904 13.9907217025757 11.002236366272 11.5677375793457 11.8203163146973 11.5455522537231 10.6867837905884 8.13497161865234 6.68591213226318 6.61221885681152 6.34621286392212 5.51741170883179 5.30509471893311 5.79440402984619 4.5215802192688 4.64424467086792 3.96216011047363 3.2742235660553 1.74113476276398 1.74530160427094 1.63021445274353 1.59139037132263 1.59214580059052 2.03289914131165 2.61804819107056 4.53043270111084 6.14469289779663 7.50394487380981 8.1151008605957 8.70846843719482 9.35340690612793 9.55423736572266 9.8557825088501 10.8404674530029 12.6495056152344 14.6902084350586
12.123722076416 14.6018629074097 17.8829612731934 16.8543548583984 15.0426321029663 14.0637540817261 18.903751373291 21.7191696166992 17.2464618682861 8.03277683258057 7.14987087249756 6.23330211639404 6.82146215438843 7.41366195678711 7.62926149368286 8.5802755355835 8.87476539611816 7.52099180221558 6.22898197174072 5.80192184448242 4.70799779891968 5.97909593582153 5.9563946723938 4.39209508895874 4.18938875198364 4.66932582855225 3.98311185836792 1.72621524333954 1.8147999048233 1.7843269109726 1.73193967342377 1.84824728965759 2.13224530220032 2.83677005767822 5.2874550819397 8.99599647521973 9.90635585784912 10.4878358840942 10.681736946106 10.782600402832 10.6736440658569 11.7590627670288 13.0302476882935 15.1973962783813 15.6269769668579
13.3526248931885 15.2746076583862 12.295485496521 11.1465873718262 13.2128553390503 12.3629417419434 7.8211555480957 5.58342361450195 6.30416393280029 4.6526346206665 2.14790725708008 1.41899585723877 1.48209357261658 2.57845759391785 2.84434723854065 3.12144660949707 4.62511253356934 4.94495487213135 5.38301467895508 4.48260974884033 4.75097990036011 3.7855920791626 1.70952606201172 2.80785369873047 3.3487663269043 2.89890623092651 2.57575821876526 1.89763402938843 1.91721320152283 1.9290314912796 2.12455677986145 2.16811275482178 2.48603892326355 4.51883220672607 7.75067663192749 11.5067758560181 12.6435232162476 12.7780237197876 13.9228992462158 13.9546756744385 13.6802854537964 15.0096197128296 16.1388854980469 18.6710472106934 18.8131675720215
19.4440841674805 12.5786352157593 8.10586643218994 8.56288528442383 7.06415939331055 5.15935897827148 2.34194159507751 1.10176491737366 0.866056680679321 0.11583985388279 -0.855048894882202 -0.927698910236359 -0.538829982280731 -0.552173852920532 -0.364060312509537 -0.414454102516174 -0.476386874914169 0.239437714219093 0.664793431758881 1.42306411266327 0.37606480717659 0.396939367055893 0.454671800136566 0.56519091129303 0.933084964752197 1.37111616134644 1.75152683258057 1.97985863685608 2.08615469932556 2.2394859790802 2.55684089660645 2.68375444412231 3.29828763008118 7.44621849060059 10.7802505493164 16.4395561218262 17.8904590606689 18.6606292724609 17.3141670227051 15.4730358123779 14.2169961929321 13.6250324249268 14.8633890151978 19.8664627075195 19.8063735961914
9.50771045684814 10.7244253158569 7.00608587265015 2.55040073394775 -0.220559373497963 -0.74325829744339 -0.808511078357697 -0.903187692165375 -1.15871524810791 -1.27738523483276 -1.26620447635651 -0.896156668663025 -0.481110602617264 -0.399349510669708 -0.33330100774765 -0.44698292016983 -0.496031850576401 -0.903985261917114 -0.377178698778152 -0.134515196084976 0.280062645673752 0.408429443836212 0.536624789237976 0.859472572803497 1.44351875782013 1.86138391494751 2.06360030174255 2.23011136054993 2.36421465873718 2.85891366004944 3.04462480545044 3.62066507339478 7.12068510055542 16.2963466644287 22.1023654937744 17.0170707702637 13.9192380905151 9.4882287979126 8.82409572601318 10.2012710571289 9.99082565307617 13.8749828338623 16.3985824584961 18.526029586792 19.5888404846191
