slauniainen/Data/DEM/Vihti_dsm1500b_cl_horizonAngle_276.asc
NCOLS 196 
NROWS 178 
XLLCORNER 353680 
YLLCORNER 6699024 
CELLSIZE 16 
NODATA_value -3.4e+38 
[rows 100 to 119 of 178, columns 45 to 89 of 196]
-0.917829751968384 34.3666648864746 13.6916351318359 5.57597255706787 0.387563616037369 9.29606151580811 23.4543323516846 41.5190277099609 9.05188465118408 4.84990358352661 44.5335464477539 26.3776607513428 18.3550815582275 13.9188690185547 7.48835372924805 6.91277122497559 6.42465972900391 6.03555774688721 5.73351621627808 4.85524988174438 4.7482590675354 4.60620260238647 4.41434192657471 4.22448778152466 4.05083656311035 3.89509630203247 3.75180816650391 3.56363749504089 3.2269139289856 3.06259155273438 2.79153299331665 0.255813360214233 -0.970574200153351 -0.476804494857788 33.4794082641602 17.1942615509033 11.0299549102783 18.7604084014893 33.0804443359375 19.9249000549316 15.2345132827759 12.0828514099121 11.8139905929565 10.2576332092285 10.0528059005737
7.34590911865234 1.44030153751373 1.36123478412628 1.22334349155426 0.396521508693695 3.50146126747131 19.4339256286621 43.9436302185059 26.2778091430664 18.3168106079102 14.3098392486572 12.1393194198608 10.5593242645264 9.44406700134277 10.9737520217896 9.39779663085938 8.27205848693848 7.45667505264282 6.79046678543091 6.30722904205322 6.04245042800903 5.78253889083862 5.43937206268311 5.10387754440308 4.48262643814087 4.31091547012329 4.10736656188965 3.90482997894287 3.30498600006104 3.10819673538208 2.81128716468811 0.0194837525486946 -2.1015727519989 21.9437313079834 29.3495388031006 24.5823783874512 26.6891345977783 19.0164489746094 15.6386995315552 14.5987567901611 12.6310415267944 12.8115129470825 12.2435436248779 8.66295719146729 23.3315658569336
1.50092720985413 8.34782886505127 13.8152494430542 8.03409767150879 4.80145692825317 3.49788880348206 9.59402370452881 9.10677146911621 39.6955795288086 22.986478805542 15.8287630081177 12.3022041320801 10.4489097595215 9.1599235534668 8.41217517852783 7.6617374420166 7.06601190567017 6.58654165267944 6.21818971633911 6.02745580673218 5.85643100738525 5.69994306564331 5.4694995880127 5.21923589706421 4.9790186882019 4.73879384994507 4.51920509338379 4.3031907081604 3.84022378921509 3.37394690513611 2.06152367591858 0.824512898921967 -0.0501640699803829 -0.411083251237869 39.4236450195312 32.4133758544922 24.4131469726562 23.0848178863525 21.4743232727051 15.2961673736572 14.0875091552734 13.6618337631226 10.2204761505127 28.3476696014404 15.5538120269775
9.5969934463501 7.72985887527466 3.36068940162659 -0.164373606443405 1.65076041221619 22.1537017822266 4.64383554458618 0.912892937660217 54.7344360351562 35.3375091552734 25.6104869842529 19.4849815368652 9.12380599975586 8.22029972076416 7.39353847503662 6.64249038696289 6.12405061721802 5.77395820617676 5.50031805038452 5.68225526809692 5.64341926574707 5.4385552406311 5.18767738342285 4.93669271469116 4.68896961212158 4.46040153503418 4.23676490783691 4.02119064331055 3.94019079208374 3.65940737724304 3.37242555618286 1.63344717025757 1.11322510242462 0.752817511558533 9.48435401916504 34.549919128418 21.208122253418 17.0325565338135 18.3732109069824 11.8583116531372 10.8605918884277 17.7527275085449 8.30020332336426 21.2691860198975 10.0994510650635
5.29031419754028 33.1952514648438 5.62541961669922 1.15948235988617 5.04020023345947 6.55079174041748 4.70916652679443 3.9706027507782 44.7742156982422 25.8193073272705 18.0190162658691 14.1318893432617 15.6465730667114 13.2611846923828 11.4689121246338 10.079309463501 9.05106067657471 8.36935138702393 7.82467794418335 7.37366914749146 6.99747943878174 6.62513828277588 4.54333114624023 4.33838272094727 4.08257627487183 3.88567852973938 3.68085265159607 3.46849489212036 3.57373547554016 3.32842946052551 3.00478029251099 2.60374665260315 2.04906153678894 0.502456843852997 24.9675121307373 24.889575958252 18.6836318969727 16.1224327087402 14.2299060821533 5.60882902145386 24.2087707519531 13.2313356399536 7.04523181915283 19.0585289001465 8.50810623168945
37.4982833862305 21.2732353210449 8.02108287811279 2.65806746482849 1.35760307312012 0.571890890598297 4.87175846099854 1.32504856586456 48.8419723510742 27.9851169586182 17.4089794158936 14.1775760650635 0.243697002530098 54.1400604248047 34.7343711853027 24.8271789550781 19.41916847229 6.03416919708252 5.88000011444092 5.89735555648804 5.64989137649536 5.47156429290771 5.93860769271851 5.57746982574463 5.27932024002075 5.01119804382324 4.69262838363647 4.30786323547363 3.99912428855896 3.74542117118835 3.35039472579956 2.57911658287048 2.35284852981567 2.05005979537964 0.776541709899902 45.8396339416504 29.5222949981689 22.8930377960205 19.5573196411133 7.68758869171143 15.9312582015991 10.5499649047852 4.58297300338745 31.2324714660645 16.1986980438232
26.4267463684082 14.3892612457275 9.73931312561035 0.852739989757538 0.0530624873936176 0.0128015605732799 31.9619750976562 10.811203956604 36.8725776672363 16.9891910552979 9.50427532196045 8.44154739379883 -0.863382637500763 28.4130306243896 44.724235534668 27.1728096008301 21.4584350585938 15.5558395385742 13.2964782714844 11.4816551208496 10.3474578857422 9.29608726501465 8.440505027771 7.73960018157959 7.16940832138062 6.53970146179199 5.82682228088379 3.5134015083313 3.43830227851868 3.23794889450073 2.9317524433136 3.01139831542969 2.86754012107849 2.61984705924988 2.34097456932068 13.7991380691528 10.4823637008667 9.65419673919678 9.05867576599121 13.8104791641235 10.9955768585205 10.4027328491211 6.31477689743042 5.27399873733521 27.438850402832
2.52846431732178 1.97817444801331 2.03132224082947 0.711192548274994 26.5347919464111 0.636914312839508 0.362855792045593 15.8532524108887 21.1137866973877 10.9638013839722 8.98123168945312 6.97348976135254 -2.54405760765076 51.9086990356445 34.9346237182617 25.4930095672607 19.9781112670898 17.0225620269775 14.1552429199219 11.787787437439 10.743613243103 9.94802379608154 9.10068607330322 8.39077281951904 5.21399641036987 24.9219913482666 11.7804088592529 7.89689445495605 5.90630054473877 4.38358640670776 4.08339309692383 3.82811141014099 3.58245635032654 1.31500065326691 12.2996692657471 33.994010925293 22.1305198669434 17.9770927429199 15.1122627258301 4.18242692947388 2.14241504669189 2.74372982978821 4.12702178955078 2.16854190826416 14.0447416305542
4.77261257171631 1.62861132621765 1.70283854007721 1.71599948406219 0.864529490470886 0.752319514751434 28.3013801574707 15.0987787246704 9.79820537567139 6.22725534439087 -0.455395251512527 -1.82296895980835 47.6439819335938 29.5881404876709 23.0698757171631 19.0974063873291 5.46438455581665 15.8148736953735 13.0721168518066 10.7264385223389 9.80287170410156 9.16958236694336 7.45833778381348 9.46292781829834 6.84114265441895 6.15674352645874 5.72030782699585 5.55903148651123 5.18223094940186 0.632756114006042 14.029709815979 9.71214485168457 0.405052542686462 1.60468292236328 22.4767780303955 45.2844085693359 29.9305553436279 23.6234035491943 9.59281826019287 14.9912567138672 5.62428283691406 4.40771245956421 29.6366100311279 15.3488473892212 3.27620244026184
3.70809102058411 3.99619841575623 3.63875341415405 3.22084712982178 2.2544252872467 4.50066137313843 2.20824527740479 1.96245992183685 1.70802593231201 4.72734403610229 3.48065376281738 -0.303995043039322 39.8483963012695 22.5329055786133 16.2930774688721 13.7948246002197 15.2413940429688 13.0541639328003 11.1035346984863 9.411452293396 8.46632862091064 7.81236839294434 7.43351984024048 6.77028369903564 6.06144142150879 5.5649585723877 1.56873846054077 5.08689308166504 0.124408289790154 1.41677868366241 11.4158163070679 2.47576904296875 -0.131200700998306 7.15173244476318 4.87799692153931 55.0048408508301 38.2992515563965 29.7292747497559 10.1884326934814 20.563081741333 7.19251489639282 6.11458921432495 4.51127958297729 4.06115388870239 25.9599781036377
2.95361018180847 2.75425720214844 1.82013833522797 1.59682774543762 1.71150839328766 1.66674637794495 1.62305521965027 1.58166766166687 1.53576791286469 1.09797370433807 1.06449365615845 0.804792165756226 0.533020913600922 0.44108858704567 0.992340922355652 1.13706350326538 11.0813837051392 9.45176982879639 8.09320735931396 7.01185607910156 6.12491416931152 5.55055284500122 5.38870668411255 4.99058246612549 4.49625015258789 4.31633996963501 5.04581212997437 0.922816812992096 0.121708653867245 -0.0456525273621082 1.72815835475922 1.36663508415222 -0.329293817281723 16.5662269592285 3.93850874900818 11.6250972747803 12.3595924377441 10.9810962677002 10.4106225967407 12.1451377868652 6.56291961669922 4.8137903213501 11.041316986084 8.76435375213623 3.33022999763489
3.97837686538696 2.61026906967163 2.66980910301208 2.57105708122253 2.44098472595215 2.29760551452637 2.16295170783997 2.04173755645752 1.92627012729645 1.79627645015717 1.63284921646118 0.778773188591003 0.523348748683929 -0.0210073255002499 1.05681097507477 0.826416075229645 0.510479390621185 0.26295018196106 1.31231427192688 0.723538100719452 0.408955067396164 0.386940121650696 1.30324852466583 0.145515024662018 7.92054224014282 -0.580791175365448 0.0972387343645096 -0.617341279983521 -1.13545823097229 18.0213890075684 9.82513999938965 5.34783840179443 -0.0307604372501373 -1.37506401538849 2.81193661689758 15.9626388549805 28.0497550964355 13.3931074142456 9.1613941192627 16.3029460906982 6.33211421966553 6.06731939315796 5.51838111877441 4.92902803421021 3.82949185371399
5.58041906356812 4.37259340286255 3.48040056228638 3.31838750839233 3.1582407951355 2.995525598526 2.8351354598999 2.68884038925171 2.54680800437927 2.40342473983765 1.60335028171539 1.51834785938263 1.29862773418427 1.13727211952209 1.06929218769073 1.00059413909912 0.934475362300873 0.904177308082581 0.903521656990051 0.901934921741486 0.869177281856537 0.321900010108948 -2.31053161621094 47.0512886047363 12.4425449371338 2.38742232322693 4.41664743423462 -2.23550724983215 -1.77560019493103 -1.55731379985809 17.904634475708 -1.61725890636444 -1.46813070774078 10.3392953872681 3.46622395515442 1.85141754150391 9.73958301544189 14.9459133148193 13.0904178619385 11.2472772598267 7.18552112579346 6.6995792388916 11.4399538040161 7.40546655654907 5.32065486907959
5.61039876937866 5.24065923690796 4.8690505027771 4.55812454223633 4.3127064704895 4.09185934066772 3.87757730484009 3.68061590194702 3.49394941329956 3.30894660949707 2.58040618896484 2.12571048736572 1.93839287757874 1.78890204429626 -1.23034679889679 -1.37002158164978 55.5637092590332 35.9907836914062 25.9949417114258 20.1629505157471 -1.17029392719269 17.6611766815186 16.3463153839111 13.0998649597168 5.11326313018799 0.120834060013294 -0.553399920463562 -0.167481169104576 -1.11605846881866 25.9503650665283 1.96933889389038 -0.699676215648651 4.62845945358276 6.25649547576904 3.98975324630737 19.3907604217529 12.5536432266235 7.10215330123901 3.22713828086853 24.4746685028076 7.95013380050659 2.29748797416687 15.9836006164551 6.22687768936157 4.29100513458252
5.40841817855835 5.2300968170166 4.8798360824585 4.53914403915405 4.27165269851685 4.04273843765259 3.83080863952637 3.61043524742126 3.42882776260376 3.25624656677246 3.13119411468506 2.96857833862305 2.7917263507843 2.59595012664795 0.80042827129364 -0.286235958337784 17.6511707305908 43.5953712463379 25.5186138153076 2.58639693260193 3.63324022293091 1.32990002632141 32.88427734375 16.1879959106445 36.2181587219238 7.87966871261597 2.07561874389648 1.99639439582825 0.69992458820343 -0.248132094740868 0.522727191448212 14.1500053405762 5.54740142822266 4.84717035293579 3.93366241455078 19.9804821014404 14.0081157684326 11.6597623825073 8.39098739624023 2.96951484680176 1.95790767669678 1.47985136508942 1.15700995922089 1.62611269950867 13.1324138641357
5.14569568634033 5.02595138549805 4.68953418731689 4.3707127571106 4.11552715301514 3.87058210372925 3.65487480163574 3.43648028373718 3.25362420082092 3.08538293838501 3.07530474662781 2.92255902290344 2.75873374938965 2.56721949577332 0.741604030132294 0.0377003252506256 -0.187695160508156 -0.637742459774017 23.7395324707031 1.67785620689392 11.3722810745239 5.46762228012085 35.6803550720215 12.8622636795044 12.2775135040283 3.46556448936462 -0.333463460206985 -0.508509993553162 14.5741128921509 1.54795336723328 -0.383826196193695 11.5658130645752 6.26468181610107 20.2061977386475 11.2368974685669 6.4568829536438 16.0054035186768 4.25618171691895 13.9764671325684 3.41954779624939 2.10569167137146 2.57564377784729 3.31904935836792 1.43117892742157 14.1650218963623
6.13291263580322 5.55448007583618 5.06980133056641 4.6597695350647 3.78704786300659 3.52919816970825 3.3120973110199 3.12184643745422 2.93634629249573 2.77371501922607 2.90424942970276 2.75818300247192 2.60132122039795 2.43179774284363 2.23359441757202 0.231229081749916 -0.0999254211783409 -0.249720320105553 8.02545070648193 3.22262287139893 -0.349943935871124 23.349702835083 31.144079208374 21.3663787841797 4.70864725112915 1.17954909801483 1.00810182094574 0.700995743274689 -0.317894339561462 -0.842403054237366 -0.853377938270569 12.5117206573486 1.97431218624115 21.3724212646484 9.58211040496826 11.8953714370728 6.97008895874023 11.354229927063 11.1757011413574 5.76471376419067 2.25776195526123 1.86516904830933 1.48702681064606 8.33015727996826 1.48554813861847
6.27219390869141 5.65357494354248 5.14864873886108 4.73220062255859 4.24275064468384 3.93383431434631 3.65294170379639 3.43092584609985 3.21081280708313 3.01978182792664 2.85027480125427 2.67967844009399 2.49519205093384 2.11279034614563 1.93405318260193 0.547776699066162 -0.345088928937912 6.51973104476929 -0.572060167789459 -1.20530331134796 7.64725112915039 46.937068939209 27.7478084564209 20.2263011932373 16.8910617828369 0.100083820521832 -0.158622473478317 -0.830856263637543 -1.3171226978302 0.60989373922348 -1.23615550994873 18.0563011169434 11.2259149551392 11.5218782424927 9.3983736038208 19.9322910308838 7.42411327362061 5.28983545303345 3.80423879623413 11.9836769104004 3.81584596633911 2.67027568817139 1.21937274932861 17.9686222076416 9.01063251495361
6.55064344406128 5.92589044570923 5.4017653465271 4.96448707580566 4.31328773498535 4.01471042633057 3.72489547729492 3.47931909561157 3.2661566734314 3.06528353691101 2.89388847351074 2.72202706336975 2.5180516242981 2.20036649703979 2.01012516021729 1.86325490474701 0.302314192056656 0.609352827072144 -0.578652501106262 -0.95039564371109 -0.990744531154633 46.8015747070312 29.0872955322266 21.0219421386719 16.4916896820068 -1.22853946685791 15.0057182312012 8.06018352508545 -0.294784724712372 -1.63289356231689 9.49178504943848 10.6585636138916 7.21747398376465 18.4700622558594 11.0688419342041 7.22995615005493 11.3897686004639 12.7929086685181 4.31352663040161 2.6670777797699 6.34186792373657 2.50874924659729 6.85994148254395 5.49512815475464 5.32470369338989
6.58807849884033 5.89901733398438 5.33208417892456 4.87473249435425 4.5098123550415 4.19683074951172 3.91234278678894 3.64319205284119 3.41944432258606 3.20537972450256 3.02455759048462 2.84944319725037 2.63554811477661 2.21665596961975 2.02078819274902 1.85862815380096 0.504496335983276 27.9213275909424 13.7637166976929 -1.31211447715759 7.28365468978882 48.9222373962402 29.7405338287354 21.5029449462891 0.300372570753098 0.793964147567749 4.85035181045532 -0.991010308265686 -1.1812402009964 -1.20160305500031 8.83428001403809 2.04682779312134 4.17397117614746 0.582911968231201 11.8255138397217 10.3386373519897 7.37966680526733 5.87402248382568 3.55569219589233 3.03284955024719 8.32728481292725 3.36781287193298 3.21066546440125 6.64945650100708 2.70046043395996
