slauniainen/Data/DEM/Vihti_dem1500b_cl_horizonAngle_216.asc
NCOLS 196 
NROWS 178 
XLLCORNER 353680 
YLLCORNER 6699024 
CELLSIZE 16 
NODATA_value -3.4e+38 
[rows 120 to 139 of 178, columns 0 to 44 of 196]
0.15837824344635 -0.0329984128475189 -0.484436064958572 -0.634851813316345 -0.729205310344696 -0.816959857940674 -0.862615764141083 -0.872115612030029 -0.376853942871094 3.60339379310608 5.81511354446411 4.86067295074463 3.11675953865051 2.92601442337036 2.55150508880615 2.07743644714355 1.8835676908493 1.56031250953674 1.07793319225311 0.67790013551712 0.265758007764816 -0.083543062210083 -0.356554925441742 -0.400768786668777 -0.444546043872833 -0.48816305398941 -0.162562891840935 0.331946820020676 0.401801586151123 0.433811604976654 0.335740447044373 0.177322298288345 0.123984128236771 0.24141825735569 0.269586801528931 0.0213024541735649 -0.145573601126671 -0.167311832308769 -0.226198390126228 -0.200120598077774 -0.165355771780014 -0.115263268351555 -0.0715376064181328 0.133483737707138 0.212705910205841
0.211178928613663 0.15312223136425 -0.134168580174446 -0.496157079935074 -0.683935880661011 -0.733700454235077 -0.791535496711731 -0.830378234386444 -0.821214437484741 1.37301599979401 3.61852765083313 4.68277072906494 4.43004560470581 3.06767249107361 2.57473039627075 2.20582842826843 1.85491907596588 1.72917413711548 1.04944360256195 0.584242939949036 0.137671753764153 -0.24620221555233 -0.351710766553879 -0.396073132753372 -0.448132991790771 -0.496591061353683 -0.511046826839447 -0.0780071392655373 0.403127193450928 0.560620963573456 0.559435904026031 0.272745132446289 0.1169403642416 -0.00597470672801137 0.146294459700584 0.116121746599674 0.0797029808163643 -0.0914517417550087 -0.088795118033886 -0.12121656537056 -0.0932442471385002 -0.0992620661854744 -0.102810807526112 -0.0801208838820457 -0.00533325038850307
0.259664714336395 0.181961089372635 0.123540505766869 -0.218039184808731 -0.515308320522308 -0.612184226512909 -0.685097515583038 -0.735284984111786 -0.755982875823975 0.254097104072571 1.9142142534256 3.56227087974548 5.0514497756958 4.07975769042969 2.73464870452881 2.17710709571838 1.81412839889526 1.6633186340332 1.18588387966156 0.469288796186447 -0.0140917943790555 -0.298092246055603 -0.354602098464966 -0.401169300079346 -0.454088002443314 -0.497440576553345 -0.515360355377197 -0.230513691902161 0.0890401601791382 0.429364442825317 0.555049955844879 0.375154882669449 0.0815443024039268 -0.148182168602943 -0.00842445809394121 0.441288709640503 0.384605258703232 0.0994269475340843 -0.0212169270962477 -0.069442942738533 -0.0697371810674667 -0.0833923742175102 -0.0805003866553307 -0.10278706997633 -0.0815083533525467
0.313815146684647 0.215008795261383 0.145934417843819 0.0464319288730621 -0.306035786867142 -0.473274827003479 -0.580889403820038 -0.66061007976532 -0.688740313053131 -0.654504418373108 -0.116984181106091 1.40034556388855 3.76177883148193 4.62649154663086 3.03519582748413 2.26576471328735 1.77452754974365 1.52330589294434 1.21840810775757 0.503580749034882 -0.247756689786911 -0.295668244361877 -0.36444753408432 -0.409767657518387 -0.459933876991272 -0.491331368684769 -0.513873517513275 -0.531581282615662 -0.247551694512367 -0.0755390599370003 0.10756903141737 0.241821452975273 0.135964021086693 -0.137669995427132 -0.134487494826317 0.208765581250191 0.533896028995514 0.19750665128231 0.0922056883573532 0.0397965759038925 -0.0402975305914879 -0.0561461001634598 -0.0868853107094765 -0.115915380418301 -0.0444532297551632
0.338025778532028 0.25678151845932 0.183627635240555 0.0915991365909576 -0.0725540220737457 -0.343092203140259 -0.468451350927353 -0.569118201732635 -0.620203256607056 -0.603262603282928 -0.579562306404114 -0.1930992603302 1.9545636177063 3.99520540237427 3.88567614555359 2.26336860656738 1.67618000507355 1.48774516582489 1.09183204174042 0.447132974863052 -0.251275211572647 -0.29493260383606 -0.369631141424179 -0.422129213809967 -0.462971150875092 -0.494645416736603 -0.515881478786469 -0.515827417373657 -0.533452689647675 -0.452980846166611 -0.134522289037704 -0.120703555643559 -0.0158531311899424 -0.0933516472578049 -0.0383142419159412 -0.0315728597342968 0.263843178749084 0.461416989564896 0.376083433628082 0.181076869368553 -0.0248545315116644 -0.0613691098988056 -0.0763596296310425 0.0108864279463887 -0.00273529160767794
0.340297937393188 0.292526930570602 0.199350565671921 0.10656812787056 -0.0272323824465275 -0.146925613284111 -0.357663035392761 -0.455556929111481 -0.526302099227905 -0.534698486328125 -0.533288896083832 -0.511800944805145 0.466507136821747 2.68918514251709 3.69545912742615 2.98251438140869 1.59417963027954 1.34899270534515 1.03230142593384 0.145280539989471 -0.246041432023048 -0.300375878810883 -0.358772844076157 -0.431351721286774 -0.465424835681915 -0.491066545248032 -0.467232465744019 -0.521364390850067 -0.470102310180664 -0.369319468736649 -0.344829589128494 -0.193694606423378 0.0736208036541939 0.00497934734448791 0.0280050821602345 0.0029632116202265 -0.0157731175422668 0.488704472780228 0.514886081218719 0.32256355881691 0.0853747054934502 -0.0705570951104164 0.0165068060159683 0.0378122068941593 0.122064098715782
0.365489333868027 0.291312962770462 0.193924725055695 0.0998791232705116 -0.00581511063501239 -0.0431757643818855 -0.195151582360268 -0.351837545633316 -0.413686573505402 -0.449154824018478 -0.469982504844666 -0.482478111982346 -0.459400534629822 1.21734833717346 2.4787118434906 2.74526643753052 1.9121687412262 1.42945075035095 1.05945158004761 -0.0993163138628006 -0.240993440151215 -0.305750817060471 -0.357811778783798 -0.436812072992325 -0.462801665067673 -0.473252534866333 -0.43048232793808 -0.430433452129364 -0.354777544736862 -0.254727751016617 0.0611460283398628 0.183602467179298 0.224392458796501 0.183084860444069 0.0776393413543701 0.0373872816562653 -0.017886059358716 0.0692650228738785 0.35132423043251 0.39834401011467 0.21883936226368 -0.0551158264279366 0.0188344828784466 0.14791364967823 0.258424550294876
0.353968918323517 0.288322597742081 0.172617331147194 0.0513393320143223 0.0638991221785545 0.0714571103453636 0.0157629158347845 -0.123471014201641 -0.256752073764801 -0.350089013576508 -0.388190120458603 -0.43519914150238 -0.436560988426208 -0.388656616210938 1.27032423019409 2.14400148391724 1.90035879611969 1.52027535438538 0.718231379985809 -0.170129641890526 -0.244814664125443 -0.306351602077484 -0.354731172323227 -0.434906274080276 -0.444836646318436 -0.482215404510498 -0.434242457151413 -0.332577407360077 -0.156673759222031 -0.145423114299774 0.227807402610779 0.367433309555054 0.534299194812775 0.582978069782257 0.265970289707184 0.0627940744161606 0.0103574385866523 0.0443437956273556 0.179344460368156 0.277070283889771 0.238553136587143 0.0470234528183937 0.073151171207428 0.208427309989929 0.391464591026306
0.325215637683868 0.250047922134399 0.102340660989285 0.0936768427491188 0.124639764428139 0.150472968816757 0.123309560120106 0.0608122646808624 0.0237242896109819 -0.133844077587128 -0.262845933437347 -0.347131997346878 -0.375316262245178 -0.357908993959427 -0.315614581108093 0.939345180988312 1.47405803203583 1.69977796077728 -0.120758146047592 -0.171030253171921 -0.241112381219864 -0.303838193416595 -0.366486608982086 -0.406108826398849 -0.455004215240479 -0.415108352899551 -0.319551706314087 -0.210172012448311 -0.0885453224182129 -0.0685200095176697 0.124197952449322 0.315037369728088 0.483115047216415 0.533431828022003 0.546833992004395 0.363205969333649 0.0620299130678177 0.0500371530652046 0.0374915823340416 0.133945718407631 0.226829960942268 0.209959745407104 0.216030389070511 0.363371610641479 0.57041734457016
0.264426171779633 0.182024672627449 0.122356116771698 0.0876234546303749 0.143561437726021 0.180534020066261 0.198194369673729 0.157100230455399 0.102723866701126 0.0396021082997322 -0.0208430048078299 -0.180259272456169 -0.249495401978493 -0.290129780769348 -0.286114394664764 -0.239938363432884 -0.1907047778368 1.20800232887268 -0.125726625323296 -0.162671461701393 -0.233083575963974 -0.301198899745941 -0.361304312944412 -0.368826419115067 -0.453907608985901 -0.407296180725098 -0.188036650419235 -0.105708666145802 -0.0619384460151196 -0.00729171745479107 0.0773250609636307 0.116595223546028 0.202043667435646 0.266513973474503 0.363798528909683 0.427452385425568 0.149373441934586 0.0328563936054707 0.064683198928833 0.165082991123199 0.434098720550537 0.326424390077591 0.444261074066162 0.602538526058197 0.79484236240387
0.208710536360741 0.076397642493248 0.133473336696625 0.167424142360687 0.19468642771244 0.215393632650375 0.22609543800354 0.221199437975883 0.183373153209686 0.109548270702362 0.0201589316129684 -0.0140847600996494 -0.0290210153907537 -0.114395909011364 -0.159950196743011 -0.188313990831375 -0.145838856697083 -0.0950653031468391 -0.133855372667313 -0.156242683529854 -0.214116007089615 -0.287644445896149 -0.324515819549561 -0.377352684736252 -0.362248331308365 -0.305342525243759 -0.204451501369476 -0.102252580225468 -0.0448885634541512 0.0293361470103264 0.134043306112289 0.217207908630371 0.195594266057014 0.0859522223472595 0.0331023968756199 0.322728484869003 0.412772983312607 0.189833700656891 0.342753469944 0.363047152757645 0.35525307059288 0.460534811019897 0.680567681789398 0.841410577297211 1.00627994537354
0.108677171170712 0.163129061460495 0.198949903249741 0.232176393270493 0.229092434048653 0.264107316732407 0.266219288110733 0.266394585371017 0.268091201782227 0.23825316131115 0.167400404810905 0.097331628203392 0.0138771226629615 -0.0802812501788139 -0.0828239321708679 -0.0716856196522713 -0.0832492038607597 -0.089021272957325 -0.120485655963421 -0.167020902037621 -0.193721354007721 -0.260630011558533 -0.323072135448456 -0.294660031795502 -0.212366864085197 -0.164852783083916 -0.0831136852502823 -0.0247593577951193 0.0469411052763462 0.098499707877636 0.133748263120651 0.215633600950241 0.10696730017662 0.0550356060266495 0.0663972198963165 0.160064294934273 0.645473122596741 0.598316371440887 0.739472448825836 0.360261499881744 0.547944009304047 0.623782217502594 0.917375802993774 1.03183054924011 1.05977356433868
0.192351952195168 0.212342813611031 0.264169543981552 0.261081784963608 0.309979528188705 0.313124060630798 0.313663959503174 0.321440368890762 0.303202927112579 0.294148772954941 0.256404876708984 0.176373317837715 0.0691953599452972 -0.0429309196770191 -0.0647583901882172 -0.0705364271998405 -0.0793397203087807 -0.0748765245079994 -0.115674316883087 -0.136490106582642 -0.177522286772728 -0.233842775225639 -0.308590620756149 -0.275000214576721 -0.0643978118896484 -0.0199015643447638 0.00737231085076928 0.0551439560949802 0.127562820911407 0.155553370714188 0.23214615881443 0.205778613686562 0.0914831236004829 0.0415429025888443 0.0680891573429108 0.142482399940491 0.648887693881989 0.827805817127228 0.699390828609467 0.536264479160309 0.692928373813629 0.834844589233398 1.18346869945526 1.28861355781555 1.20500206947327
0.187532767653465 0.25885421037674 0.309560298919678 0.321267634630203 0.35403123497963 0.356082737445831 0.370710343122482 0.360341191291809 0.347515761852264 0.309655904769897 0.28076907992363 0.206766247749329 0.106508076190948 -0.0275813303887844 -0.0539126805961132 -0.0564701594412327 -0.0667024031281471 -0.0694607272744179 -0.0795704275369644 -0.0544028207659721 -0.094876617193222 -0.192811325192451 -0.202049449086189 -0.141692981123924 -0.0804114267230034 0.0203747265040874 0.0639509409666061 0.123826719820499 0.19515472650528 0.262446612119675 0.224961280822754 0.111279062926769 0.0652395933866501 0.087419830262661 0.0547522380948067 0.132060334086418 0.364220052957535 0.606978178024292 0.793522238731384 0.867958247661591 0.89307177066803 1.09909176826477 1.44219851493835 1.42327964305878 1.40585577487946
0.396615207195282 0.439238965511322 0.413287758827209 0.418136745691299 0.448832601308823 0.43277770280838 0.422205895185471 0.402236789464951 0.361672759056091 0.336409538984299 0.285338342189789 0.218936547636986 0.111548438668251 -0.0296910349279642 -0.042534414678812 -0.0509162731468678 -0.052155364304781 -0.0191633533686399 -0.004560602363199 0.0252787619829178 0.00619553029537201 -0.0391772650182247 -0.00961051974445581 0.0356162711977959 0.079257145524025 0.165336355566978 0.206941962242126 0.21238999068737 0.191473469138145 0.257365345954895 0.12742555141449 0.0776933208107948 0.118020758032799 0.0837009027600288 0.0265565142035484 0.0149568319320679 0.198422998189926 0.649651229381561 1.12773597240448 1.1045241355896 1.21759283542633 1.37627375125885 1.43769180774689 1.60316264629364 1.74012684822083
0.715082705020905 0.733498692512512 0.611201405525208 0.596267938613892 0.531245112419128 0.49980691075325 0.470798790454865 0.436647951602936 0.395599395036697 0.338115453720093 0.286060720682144 0.208132714033127 0.0979441255331039 -0.0212153252214193 -0.044125609099865 -0.0249465759843588 -0.0124671645462513 0.0225220452994108 0.0437246784567833 0.0718530938029289 0.160212755203247 0.226055085659027 0.218468680977821 0.237810745835304 0.254594683647156 0.290600270032883 0.320525020360947 0.274679064750671 0.306108474731445 0.249296635389328 0.113523855805397 0.13810732960701 0.118443101644516 0.0584379695355892 0.03943707421422 0.0274959020316601 0.217672541737556 1.0626916885376 1.3284193277359 1.45354557037354 1.55575084686279 1.66305136680603 1.73017144203186 1.72353458404541 1.97202169895172
0.74529242515564 1.0563713312149 1.0470210313797 0.782344698905945 0.677707493305206 0.591252267360687 0.542863607406616 0.491914540529251 0.427907943725586 0.372973650693893 0.294126123189926 0.181399643421173 0.020597904920578 -0.00120710581541061 -0.00689152302220464 0.00821223761886358 0.0228768456727266 0.0635698810219765 0.0981213673949242 0.114918455481529 0.208198830485344 0.474383533000946 0.479535400867462 0.412113159894943 0.397161424160004 0.436416774988174 0.404092252254486 0.413169652223587 0.321592897176743 0.153192296624184 0.0995567440986633 0.167937844991684 0.295836985111237 0.420060783624649 0.0989246666431427 0.264974504709244 0.552521049976349 1.1092324256897 1.70727705955505 1.76355135440826 1.8253858089447 2.01524019241333 2.02379393577576 1.97256374359131 2.03162670135498
0.35614413022995 0.749570786952972 1.2830296754837 1.2068920135498 0.98435515165329 0.761811077594757 0.688541650772095 0.547638833522797 0.450113862752914 0.355339735746384 0.274362862110138 0.167206302285194 0.0368669331073761 0.0334340184926987 0.0270341318100691 0.0447796992957592 0.0688060820102692 0.106337279081345 0.132331743836403 0.228356823325157 0.402124762535095 0.516212344169617 0.568267822265625 0.589121162891388 0.563149213790894 0.54962545633316 0.579005479812622 0.436487704515457 0.233555316925049 0.136752903461456 0.181125432252884 0.280686765909195 0.607332468032837 0.567743480205536 0.0363186374306679 0.54105532169342 0.968311190605164 1.17712032794952 1.7999324798584 2.03615689277649 1.99593567848206 2.16395330429077 2.27307105064392 2.40334296226501 2.30688381195068
0.23651884496212 0.32911229133606 0.653696835041046 1.03200888633728 1.22222411632538 1.15199220180511 0.956352949142456 0.671184241771698 0.476369708776474 0.319119542837143 0.194391906261444 0.160232380032539 0.147967219352722 0.0647663623094559 0.0751032903790474 0.0945445671677589 0.13536348938942 0.156042337417603 0.249612212181091 0.444548934698105 0.583162188529968 0.719356834888458 0.901105523109436 0.847036063671112 0.715604662895203 0.609086215496063 0.611783146858215 0.370771080255508 0.234478503465652 0.215146377682686 0.178895846009254 0.106417044997215 0.182405099272728 0.236115649342537 0.0421373695135117 0.517036318778992 1.51919257640839 1.35478234291077 1.70417582988739 2.36912298202515 2.31277012825012 2.58574271202087 2.63747024536133 2.6561963558197 2.59152150154114
0.154077410697937 0.263215333223343 0.431822538375854 0.54282933473587 0.814083218574524 1.22877979278564 1.39767158031464 1.05163013935089 0.541519522666931 0.27505424618721 0.299966067075729 0.612577199935913 0.631837069988251 0.410397350788116 0.265464693307877 0.248405233025551 0.250392824411392 0.284565836191177 0.470570921897888 0.633461833000183 0.802675485610962 0.973090708255768 1.10058498382568 1.03071343898773 0.852045655250549 0.811229050159454 0.64029997587204 0.43694144487381 0.346256256103516 0.229809209704399 0.144383788108826 0.10000216960907 0.0745522603392601 0.399449706077576 0.395876049995422 0.683973670005798 2.08055543899536 1.92577910423279 2.12470149993896 2.60363602638245 3.03023934364319 2.83997511863708 2.99507975578308 2.95028734207153 2.87171864509583
