slauniainen/Data/DEM/Vihti_dem1500b_cl_horizonAngle_84.asc
NCOLS 196 
NROWS 178 
XLLCORNER 353680 
YLLCORNER 6699024 
CELLSIZE 16 
NODATA_value -3.4e+38 
[rows 140 to 159 of 178, columns 0 to 44 of 196]
1.37028443813324 1.42426693439484 1.49331390857697 1.5979597568512 1.77435743808746 1.9721827507019 2.02881598472595 2.09158492088318 2.16049575805664 2.23048734664917 2.30263590812683 2.35235714912415 2.40293335914612 2.45776414871216 2.59250354766846 2.82207226753235 3.03117895126343 3.27340269088745 3.56081652641296 3.90783286094666 4.34939813613892 4.87109899520874 5.85553312301636 6.60426616668701 5.41921234130859 5.73345756530762 5.13013029098511 4.39930582046509 4.27433586120605 4.13693141937256 3.01152276992798 3.42420101165771 3.80481863021851 4.71744823455811 5.05412626266479 2.16789245605469 2.21766829490662 2.27278757095337 2.29805040359497 2.39776611328125 2.58715152740479 2.72751903533936 2.97283244132996 3.18592834472656 3.44299578666687
1.42338418960571 1.45835113525391 1.51870858669281 1.61321699619293 1.72023820877075 1.94076156616211 2.05752491950989 2.11624383926392 2.17969655990601 2.23534107208252 2.28656888008118 2.35242486000061 2.45281100273132 2.56594109535217 2.6937940120697 2.82823944091797 3.07269978523254 3.30376815795898 3.57265424728394 3.88697671890259 4.23101902008057 4.78256130218506 5.48135423660278 6.20177888870239 5.66351652145386 5.90223503112793 6.01849460601807 4.24068546295166 4.2322826385498 4.69210910797119 3.89068627357483 4.12838697433472 4.4962363243103 4.9061336517334 4.81867074966431 1.92871189117432 1.96729707717896 1.98129677772522 2.04110860824585 2.14967894554138 2.31662392616272 2.49760484695435 2.77786302566528 3.05535054206848 3.30596923828125
1.47982311248779 1.5192985534668 1.61597228050232 1.67142391204834 1.73982894420624 1.93690764904022 2.06632781028748 2.12706995010376 2.19470357894897 2.24674987792969 2.2964141368866 2.36382389068604 2.59197354316711 2.71175360679626 2.8388340473175 2.97850632667542 3.13272619247437 3.32487034797668 3.57350659370422 3.86227893829346 4.22517728805542 4.75293064117432 5.44473457336426 5.59819555282593 5.60795450210571 5.94767141342163 6.33039808273315 4.98081636428833 4.53993082046509 4.75815963745117 5.15221786499023 6.01442813873291 5.01451826095581 5.23372554779053 4.91058111190796 1.72855830192566 2.1230525970459 1.72282910346985 1.83551263809204 1.98127961158752 2.13410115242004 2.34223294258118 2.62752366065979 2.95533871650696 3.27838706970215
1.54559528827667 1.58176875114441 1.7116973400116 1.76984393596649 1.83823215961456 1.94070875644684 2.07074236869812 2.13835287094116 2.2091748714447 2.29111933708191 2.37858295440674 2.52922606468201 2.73785138130188 2.86104869842529 2.99602794647217 3.14468193054199 3.30614376068115 3.48835492134094 3.7281060218811 4.06288576126099 4.42332458496094 4.7585973739624 5.43397569656372 5.17585563659668 5.25912427902222 5.60827445983887 6.15870761871338 5.69428968429565 5.25335073471069 5.660888671875 6.25106620788574 8.02459335327148 6.31763219833374 5.12439823150635 4.85213136672974 1.56172668933868 1.89177322387695 1.94573271274567 1.67505097389221 1.76055407524109 1.9458042383194 2.14768409729004 2.41122126579285 2.75978422164917 3.16443300247192
1.6255943775177 1.6776477098465 1.82489418983459 1.88700747489929 1.9567197561264 2.04524111747742 2.15684247016907 2.24567008018494 2.32730507850647 2.41678190231323 2.51211643218994 2.70790719985962 2.92058658599854 3.05188488960266 3.19548010826111 3.35197043418884 3.521817445755 3.71378374099731 3.92247748374939 4.33865261077881 4.67714500427246 4.9822850227356 5.17023754119873 5.19967937469482 5.30843639373779 5.46209716796875 5.83130788803101 5.91527080535889 5.37471961975098 5.84764862060547 6.21292161941528 7.12600517272949 7.3170313835144 6.1962571144104 3.9576621055603 3.03019905090332 2.98234224319458 2.43111181259155 1.40579962730408 1.48111283779144 1.72199487686157 1.96332037448883 2.21972823143005 2.54276418685913 2.9118480682373
1.72899353504181 1.81499528884888 1.96523880958557 2.03375911712646 2.11441326141357 2.22357821464539 2.31383395195007 2.39497566223145 2.48486542701721 2.57631468772888 2.67859578132629 2.87904906272888 3.09058928489685 3.22824001312256 3.37968111038208 3.53663420677185 3.71980905532837 3.91621589660645 4.13789749145508 4.3852071762085 4.78794097900391 5.0687952041626 5.18310594558716 5.22956562042236 5.35912227630615 5.54776620864868 5.91350030899048 6.23288345336914 5.58970737457275 5.8886981010437 6.30732154846191 7.03399419784546 7.76450157165527 6.16879415512085 5.79790592193604 3.85571217536926 4.16236972808838 2.52663731575012 1.07929265499115 1.12456727027893 1.30824685096741 1.59208238124847 1.85443711280823 2.16995406150818 2.52825260162354
1.8605363368988 1.9515495300293 2.09827613830566 2.17403364181519 2.27560186386108 2.368488073349 2.44837141036987 2.53651928901672 2.62852954864502 2.72628283500671 2.83276534080505 2.96893334388733 3.14066100120544 3.27877116203308 3.42552065849304 3.59101366996765 3.76882362365723 3.97415709495544 4.20435237884521 4.45782327651978 4.7960147857666 5.06197643280029 5.10873651504517 5.19581031799316 5.31089115142822 5.48804903030396 5.8968620300293 6.44346904754639 5.59251689910889 5.80888319015503 6.38818788528442 6.81776857376099 7.13232421875 7.56577730178833 7.31927537918091 4.0196795463562 3.99394655227661 3.33806586265564 1.46240830421448 0.613602697849274 0.727154135704041 1.001748919487 1.30979990959167 1.55708205699921 1.80424058437347
1.99541819095612 2.04751205444336 2.15334796905518 2.26144361495972 2.37001276016235 2.44320225715637 2.52140831947327 2.6054835319519 2.6936571598053 2.78736543655396 2.88998770713806 3.00147819519043 3.24322152137756 3.38902544975281 3.56414484977722 3.71462726593018 3.89078235626221 4.099289894104 4.32307100296021 4.55465173721313 4.78261280059814 5.06551265716553 5.10160303115845 5.20377349853516 5.30244779586792 5.45582723617554 5.65934944152832 5.6877269744873 5.78342533111572 6.0415210723877 6.5489559173584 7.0079460144043 7.32150173187256 7.91000080108643 7.48046731948853 5.89638900756836 3.8287045955658 3.10267806053162 2.34434175491333 0.373783618211746 0.275216788053513 0.351750671863556 0.619066476821899 0.84099543094635 0.983655571937561
2.10995721817017 2.16178774833679 2.24770021438599 2.36867690086365 2.49641346931458 2.57311415672302 2.6545078754425 2.74108576774597 2.83321571350098 2.93350982666016 3.04099106788635 3.15657043457031 3.33557152748108 3.50404119491577 3.66783452033997 3.82454943656921 3.9987633228302 4.20438957214355 4.42909955978394 4.64549970626831 4.76884126663208 4.91606712341309 5.05110645294189 5.12318086624146 5.19813823699951 5.36264419555664 5.46863794326782 5.55890083312988 5.73024034500122 6.00000953674316 6.40923976898193 6.94636869430542 7.53064870834351 8.38544178009033 7.87686920166016 8.03879070281982 3.97566199302673 2.79217505455017 3.35274147987366 0.696112275123596 0.493026226758957 0.555893778800964 0.699709057807922 1.02951538562775 1.14227342605591
2.22914123535156 2.28477883338928 2.35095643997192 2.45068717002869 2.57151579856873 2.67150664329529 2.75428485870361 2.84067797660828 2.9316737651825 3.03034615516663 3.13762450218201 3.25197792053223 3.3853485584259 3.63485741615295 3.78822159767151 3.95560455322266 4.13893699645996 4.33670234680176 4.54317712783813 4.693199634552 4.69978094100952 4.74256181716919 5.07611465454102 5.12968397140503 5.9065260887146 5.18270826339722 5.36377096176147 5.71009731292725 5.86735391616821 6.22648620605469 6.61337661743164 7.19676542282104 7.72582960128784 8.69384384155273 9.63016510009766 7.35548973083496 4.30892038345337 3.07773852348328 3.47715425491333 1.87064290046692 0.737616240978241 0.856496155261993 0.927091836929321 1.12955367565155 1.29674685001373
2.31858611106873 2.37784624099731 2.44298934936523 2.54293918609619 2.65984344482422 2.75127100944519 2.83281850814819 2.92102003097534 3.01456546783447 3.11301517486572 3.2216317653656 3.34398365020752 3.47962117195129 3.74887824058533 3.91110610961914 4.08102655410767 4.27035760879517 4.47536277770996 4.66243267059326 4.8838529586792 4.69644546508789 4.75934457778931 5.00158548355103 6.0101318359375 4.9753360748291 4.97941064834595 5.07369136810303 5.43819618225098 5.85591220855713 6.19140529632568 6.62332630157471 6.98483037948608 7.53107833862305 8.01845836639404 8.32686614990234 8.33373355865479 5.42234659194946 4.12891340255737 5.076828956604 1.99642097949982 1.11694371700287 1.26766562461853 1.30648672580719 1.4026061296463 1.53696417808533
2.38968658447266 2.45152854919434 2.51825308799744 2.63138246536255 2.7514054775238 2.83488941192627 2.91698479652405 3.00048804283142 3.10089945793152 3.2146143913269 3.32928776741028 3.45121479034424 3.57981562614441 3.76430416107178 3.94940996170044 4.11173915863037 4.28611373901367 4.473557472229 4.77234649658203 4.58755350112915 4.59562158584595 4.68561935424805 5.16885042190552 5.48759460449219 4.85747051239014 4.86742448806763 4.87788486480713 5.07975053787231 5.58431053161621 6.05681180953979 6.49329805374146 6.79297113418579 6.91579103469849 7.21407985687256 7.65668296813965 8.12534618377686 7.45113658905029 5.03658676147461 6.32656574249268 1.45329284667969 1.51119530200958 1.64349174499512 1.76570975780487 1.92841744422913 2.02127146720886
2.4744234085083 2.53296232223511 2.59988570213318 2.67018222808838 2.78377771377563 2.86558437347412 2.95270419120789 3.03639912605286 3.13268136978149 3.23888444900513 3.35798025131226 3.47939300537109 3.59925317764282 3.73250389099121 3.95149517059326 4.11519145965576 4.28966188430786 4.41388463973999 4.50904321670532 4.47551107406616 4.48989963531494 4.59158611297607 4.82293319702148 5.26133251190186 5.42609643936157 5.11938381195068 4.74094200134277 4.94413900375366 5.27702522277832 5.79243755340576 6.21915864944458 6.50475311279297 6.68251895904541 6.60188436508179 7.32662630081177 7.88182878494263 6.66899347305298 6.74221897125244 4.72826814651489 2.11448001861572 2.1466817855835 2.15320825576782 2.18375182151794 2.28220844268799 2.49454307556152
2.51710271835327 2.58020257949829 2.64835715293884 2.71890068054199 2.81355547904968 2.90358376502991 3.04959321022034 3.13308119773865 3.22108578681946 3.31278443336487 3.41168737411499 3.52331972122192 3.6361026763916 3.74557018280029 3.86808228492737 3.99332141876221 4.18566370010376 4.30859613418579 4.41918897628784 4.46692514419556 4.66742610931396 4.47873115539551 4.5654182434082 4.89810562133789 4.95177507400513 4.58978080749512 4.60708570480347 4.76032018661499 5.06141996383667 5.43304300308228 5.85792064666748 6.17650938034058 6.32929992675781 6.62293815612793 7.16503190994263 8.05475521087646 7.83013820648193 6.3531756401062 5.06361436843872 2.52397680282593 3.20964121818542 2.53945231437683 2.55620360374451 2.71448922157288 2.82109689712524
2.598876953125 2.66676878929138 2.73480916023254 2.80686140060425 2.88287997245789 2.95647668838501 3.11023020744324 3.19764804840088 3.2834529876709 3.35638046264648 3.44994783401489 3.53479647636414 3.60247659683228 3.69178485870361 3.79205822944641 3.88095712661743 3.92939591407776 4.1266622543335 4.28058958053589 4.93044662475586 4.28986740112305 4.30907964706421 4.3400616645813 4.39088153839111 4.41257762908936 4.48719549179077 4.55722999572754 4.69711971282959 4.86322546005249 5.14652442932129 5.58514642715454 5.99156522750854 6.23110103607178 6.82935047149658 7.34368324279785 8.35128498077393 9.88260364532471 6.14602756500244 3.08779072761536 2.91759991645813 2.86536145210266 2.94044041633606 3.21294832229614 3.48096871376038 3.91453576087952
2.65613198280334 2.72225046157837 2.79287099838257 2.86717462539673 2.94321346282959 3.02088403701782 3.09808540344238 3.17645740509033 3.23735356330872 4.12829160690308 5.11549472808838 6.06885576248169 5.40761613845825 3.16912913322449 3.24740123748779 3.39520978927612 3.59966540336609 3.83265233039856 4.00898504257202 4.45587587356567 4.06519508361816 4.08336591720581 4.12826824188232 4.18804788589478 4.29340124130249 4.35054445266724 4.48170566558838 4.62402677536011 4.60926008224487 4.94703149795532 5.46254873275757 5.95090961456299 6.16680240631104 6.30770492553711 6.55437278747559 7.63885641098022 8.75568294525146 6.59450626373291 3.35499596595764 3.41823244094849 3.80995726585388 4.31796264648438 4.67058134078979 4.8813362121582 6.17173099517822
2.64300775527954 2.71108603477478 2.78210234642029 2.8575222492218 2.93288254737854 3.00703120231628 3.44435262680054 5.31388807296753 6.15746545791626 7.55025911331177 8.47208595275879 3.55429005622864 4.07199621200562 5.00672340393066 2.76162791252136 3.03795647621155 3.28226590156555 3.53329396247864 3.73374247550964 4.68271923065186 3.9648540019989 3.70023345947266 3.82207536697388 3.92687797546387 4.01303625106812 4.10979557037354 4.23221349716187 4.34015083312988 4.4301323890686 4.67129707336426 5.17184638977051 5.66596364974976 5.82475757598877 5.88063383102417 5.95802974700928 5.94972324371338 6.35028123855591 6.38523292541504 4.73624610900879 4.57077503204346 4.85939407348633 5.31501817703247 5.44813346862793 7.07548046112061 8.50242614746094
2.64152145385742 2.71080279350281 2.82444953918457 3.07640314102173 3.35872030258179 3.72997617721558 5.10121774673462 6.31496477127075 7.54033136367798 10.0208654403687 5.55533170700073 4.16806316375732 4.57732391357422 6.66490364074707 2.72164082527161 2.84273791313171 3.03572750091553 3.64892649650574 5.27335405349731 7.94474840164185 4.45210123062134 3.43822264671326 3.74160170555115 3.99752426147461 4.05655002593994 4.13935422897339 4.19675445556641 4.31206607818604 4.39266443252563 4.51348924636841 4.81624937057495 5.26249122619629 5.84357309341431 6.13435554504395 7.05606031417847 7.86618614196777 5.56220865249634 5.66796064376831 5.71266651153564 5.82670307159424 6.16142129898071 6.24470186233521 7.83906030654907 10.57350730896 12.2635488510132
2.83230662345886 3.05408406257629 3.30831289291382 3.59480309486389 3.91663455963135 4.31462049484253 5.07563972473145 6.43950653076172 7.30517339706421 11.2206945419312 7.44384384155273 3.89372754096985 5.84699630737305 4.64169645309448 3.21704268455505 3.26493573188782 3.48217630386353 5.20380258560181 6.93246793746948 9.31840991973877 9.68565845489502 3.58799839019775 3.90104866027832 4.19303798675537 4.3520622253418 4.4589204788208 4.65047168731689 4.83242464065552 4.93136930465698 5.07489728927612 5.26804256439209 5.71539545059204 5.83760213851929 6.64141464233398 6.88216733932495 7.06310653686523 7.10868740081787 7.09248352050781 7.27180004119873 7.32143449783325 7.52011680603027 8.72464942932129 10.7213525772095 11.9729251861572 12.0646343231201
2.9010488986969 3.14898204803467 3.40956592559814 3.69461345672607 4.01079654693604 4.50590753555298 6.28939247131348 7.46629047393799 9.18765354156494 12.7395505905151 7.3734130859375 3.10381269454956 5.32454299926758 3.45037388801575 3.50859808921814 3.55319857597351 3.73505520820618 4.40319347381592 5.70048093795776 7.58169746398926 9.91463184356689 6.30451488494873 4.10711717605591 4.31783008575439 4.68213224411011 5.05545997619629 5.26286888122559 5.47076416015625 5.64801788330078 5.82506465911865 6.05081224441528 6.29628276824951 6.82577848434448 7.40915250778198 7.64282989501953 7.90531063079834 8.105881690979 8.15566730499268 8.24918079376221 10.60289478302 11.9628658294678 14.8212337493896 20.4552116394043 11.8686780929565 7.09044647216797
