slauniainen/Data/DEM/Vihti_dsm1500b_cl_horizonAngle_114.asc
NCOLS 196 
NROWS 178 
XLLCORNER 353680 
YLLCORNER 6699024 
CELLSIZE 16 
NODATA_value -3.4e+38 
[rows 40 to 59 of 178, columns 0 to 45 of 196]
1.83995842933655 2.53074836730957 2.64927864074707 2.7611255645752 2.72023701667786 3.20799827575684 3.27650785446167 2.88117146492004 2.37525773048401 2.43115568161011 2.48987674713135 2.29422903060913 2.17831587791443 2.29185676574707 2.14917063713074 2.51803517341614 2.63155031204224 2.73297429084778 3.12060213088989 4.53153800964355 2.72061705589294 2.41445398330688 7.67583847045898 8.50450992584229 6.44913196563721 10.3411703109741 20.1626071929932 1.12408816814423 1.77288639545441 2.0767240524292 2.22423052787781 2.98902106285095 4.21642351150513 4.71559047698975 4.21657371520996 4.55468225479126 4.4248194694519 4.11498212814331 5.9639630317688 6.59102058410645 7.19075107574463 8.73817443847656 9.71776485443115 8.01279354095459 9.2849645614624 17.3372917175293
1.87849807739258 2.5241539478302 2.74116539955139 2.84510278701782 2.82312154769897 2.86961722373962 2.85259032249451 3.39922642707825 3.4754102230072 3.55628395080566 3.12458443641663 2.58777594566345 2.65518736839294 2.4602382183075 2.49264883995056 2.63536190986633 2.29399180412292 2.60681295394897 2.91540813446045 3.00261259078979 2.78170776367188 2.62190747261047 2.87075543403625 2.97806453704834 12.4731397628784 15.0434694290161 3.42353272438049 2.50320053100586 1.98086154460907 2.28214883804321 2.64531970024109 2.87957978248596 3.041668176651 3.80314445495605 5.41002893447876 6.30910062789917 7.54931640625 6.69210338592529 7.44748973846436 6.96094226837158 6.23035955429077 8.69907474517822 9.77576541900635 12.6871795654297 15.3038177490234 12.220775604248
0.78449022769928 1.65205812454224 2.32020807266235 2.74177384376526 2.89475083351135 2.94590353965759 2.97458934783936 3.05672478675842 3.1818995475769 3.32372188568115 3.69076943397522 3.77975130081177 3.32515573501587 2.83914875984192 3.00508236885071 2.64709067344666 2.86719441413879 3.02018451690674 2.4234082698822 2.46327972412109 3.20046854019165 3.29990410804749 2.96136856079102 3.64712715148926 4.78215456008911 4.23958492279053 30.8737525939941 0.94254732131958 2.20161080360413 2.13327312469482 2.52329158782959 3.04936623573303 3.3063268661499 3.88441133499146 4.40747833251953 5.69753742218018 6.36200523376465 9.1353702545166 10.409779548645 8.85897350311279 10.0724201202393 9.36198616027832 8.24674224853516 12.4816188812256 14.9862575531006 21.6091957092285
1.57388746738434 32.224048614502 0.895469009876251 2.40805268287659 2.42519283294678 2.84924149513245 3.04826521873474 3.1040096282959 3.13526153564453 3.198486328125 3.58849716186523 3.77829313278198 3.93139433860779 4.03835964202881 3.55343246459961 3.27427077293396 3.47110247612 2.82918977737427 3.29663252830505 3.45901846885681 2.54225897789001 2.70412158966064 3.67309474945068 3.80691599845886 3.73789119720459 3.25384187698364 3.56619691848755 4.87414264678955 5.10905742645264 2.5823118686676 2.54910922050476 2.8407871723175 3.29835081100464 4.04431438446045 5.04873466491699 5.76791572570801 6.48229360580444 6.51637935638428 8.45945739746094 13.0703449249268 15.646538734436 12.5573701858521 15.0756225585938 14.1915616989136 12.5858125686646 20.9885482788086
1.11506509780884 1.1833428144455 1.64245843887329 1.70612049102783 1.82112157344818 2.50687503814697 2.55844831466675 3.01449036598206 3.22976350784302 3.29647135734558 3.36875462532043 3.39891576766968 4.11179637908936 4.36275720596313 4.19620180130005 4.31653356552124 3.7953679561615 3.79939484596252 4.05444097518921 3.31701397895813 3.83448100090027 4.1455192565918 4.50755596160889 3.20614862442017 4.27042388916016 4.35869741439819 4.44950151443481 4.03763580322266 5.23861598968506 2.91524291038513 2.88535571098328 3.03356862068176 3.09613537788391 3.6870653629303 4.96650791168213 5.79977369308472 6.52305364608765 7.75568246841431 8.85148048400879 8.86853408813477 12.0618371963501 21.7224006652832 29.5494937896729 21.1681251525879 28.7372436523438 27.1935443878174
3.50983047485352 3.31046414375305 1.25973689556122 1.34363031387329 1.73646891117096 1.78101718425751 1.873286485672 2.58744359016418 2.63866758346558 2.69921803474426 3.21519494056702 3.4824755191803 3.60087037086487 3.60782980918884 4.81150722503662 5.15577030181885 4.49194145202637 4.62388277053833 4.76273775100708 4.50765800476074 4.85523986816406 5.29392957687378 3.37385058403015 5.34819936752319 5.90321159362793 3.68100810050964 4.38940620422363 5.13044500350952 5.17106962203979 3.31714820861816 4.17582178115845 3.01641988754272 3.20941662788391 3.68655514717102 4.54710817337036 5.18960475921631 6.055016040802 7.78780078887939 8.90614414215088 11.137864112854 13.3539361953735 13.2940998077393 20.3485813140869 52.1679649353027 -0.0278059542179108 51.1783561706543
4.81680107116699 4.59816694259644 3.85468649864197 3.66971468925476 1.40800058841705 1.50360703468323 1.82305562496185 1.86207473278046 1.90805649757385 2.0054030418396 2.79307818412781 2.86564826965332 3.4282214641571 3.96566009521484 4.25736951828003 3.86190724372864 5.80620193481445 6.28918552398682 6.863938331604 4.98133516311646 5.14039754867554 4.50447463989258 6.2546067237854 7.0554256439209 3.70121097564697 7.37809562683105 8.2635498046875 4.27832937240601 5.58622455596924 5.805823802948 6.5318775177002 4.56712102890015 5.15606355667114 3.6432638168335 4.46236276626587 5.42918825149536 6.47394466400146 7.06763410568237 8.05842590332031 11.2148818969727 13.5230312347412 18.8728466033936 25.8796520233154 25.8376445770264 49.2906227111816 0.164952293038368
5.78577709197998 6.36640310287476 5.24185609817505 5.04215383529663 4.21538114547729 4.05710601806641 4.27521657943726 1.64203369617462 1.739497423172 1.95844423770905 2.04074740409851 2.13463544845581 2.97114014625549 3.04560327529907 3.64661240577698 4.74392557144165 5.17473840713501 5.6550178527832 4.24424648284912 8.07619857788086 9.14403533935547 5.42434549331665 5.62072372436523 4.91037273406982 8.70115184783936 10.2870254516602 4.66170501708984 10.9297094345093 12.2921924591064 4.61096668243408 5.87388038635254 9.29026508331299 11.7886991500854 15.5661497116089 3.02921152114868 4.29615640640259 5.49930286407471 7.48636054992676 8.85914134979248 10.103196144104 12.2011795043945 18.8527889251709 25.8754367828369 47.5386810302734 1.39506506919861 2.14940524101257
5.10028409957886 5.48627042770386 7.2278904914856 8.09158039093018 5.66320419311523 5.50957918167114 5.83019685745239 4.89533233642578 4.80255365371704 1.85378170013428 1.99818885326385 2.08493900299072 2.14867234230042 2.27715826034546 3.16897511482239 3.26259851455688 3.90963506698608 4.19096517562866 6.5338339805603 7.33149385452271 4.54127025604248 11.0877389907837 13.2440128326416 5.90830850601196 6.13977098464966 5.50428009033203 14.033673286438 16.9167518615723 4.31636476516724 25.6897277832031 2.14564371109009 6.52379274368286 4.92298078536987 13.3337097167969 2.50435376167297 5.23297357559204 5.6596040725708 6.63641548156738 7.8557915687561 11.06569480896 13.3334913253784 17.0195865631104 23.5295543670654 47.5669975280762 3.85222983360291 6.82851409912109
5.47068548202515 5.44542169570923 5.47280883789062 5.88365602493286 9.43863391876221 11.3822374343872 6.72127246856689 6.58131074905396 6.57105588912964 5.54278326034546 5.55420160293579 2.17746043205261 2.37724733352661 2.22095489501953 2.28854703903198 2.47276735305786 3.39429426193237 3.49176096916199 3.58941721916199 4.32039308547974 9.04988479614258 10.777663230896 4.9252872467041 18.3492546081543 24.8399410247803 6.46343755722046 6.5140266418457 6.75977993011475 33.726749420166 2.6892671585083 5.28376293182373 4.61110925674438 4.00458574295044 3.41797685623169 3.63957190513611 5.15300416946411 5.86207342147827 6.86267614364624 7.95184183120728 9.16256809234619 10.9418983459473 18.5259704589844 25.5517387390137 44.7001457214355 5.54656314849854 14.7569408416748
5.9820294380188 6.19681119918823 5.92444801330566 6.11523485183716 6.04009771347046 6.1468505859375 15.0047168731689 21.3738040924072 7.57959413528442 7.45970249176025 7.59833288192749 6.4059419631958 6.57510662078857 2.78930139541626 2.88259267807007 3.2070837020874 2.79234504699707 2.70731949806213 2.80554223060608 3.75267124176025 3.86662364006042 4.67100381851196 14.9879693984985 20.529447555542 5.32811260223389 43.3448867797852 2.86074662208557 5.93699741363525 7.33559274673462 7.4669337272644 7.28991889953613 7.02580261230469 5.12602376937866 4.86096334457397 4.39513921737671 4.00400829315186 4.54751539230347 5.31692123413086 8.21936321258545 10.0051221847534 11.0430870056152 12.9699945449829 18.2582168579102 47.1156730651855 4.4596095085144 2.78077507019043
4.79649686813354 5.62751436233521 6.45497179031372 6.58625507354736 6.83310890197754 6.60020303726196 6.47243404388428 6.76411294937134 39.1560974121094 4.84942483901978 8.73964977264404 9.73196601867676 8.97784519195557 7.54673337936401 7.97415685653687 8.82619762420654 3.68583154678345 4.20917701721191 4.02492141723633 2.95456838607788 3.07622051239014 4.04033851623535 4.14076900482178 4.94954490661621 36.7408294677734 3.53409695625305 5.76238870620728 6.01326751708984 6.21431875228882 6.34474802017212 7.87614631652832 8.13016319274902 8.76085186004639 9.37135696411133 5.7441349029541 5.68232107162476 6.42650842666626 6.21579837799072 6.46884059906006 7.9679217338562 12.343430519104 15.1668577194214 16.4887866973877 33.8846702575684 20.3815155029297 11.1906385421753
4.23932027816772 4.35112619400024 5.1552791595459 5.21996068954468 6.21195983886719 7.17917013168335 7.46238899230957 7.23762369155884 7.45754241943359 8.06237506866455 8.8390941619873 9.69909763336182 11.0413379669189 12.7542371749878 10.8183813095093 12.0153341293335 10.228928565979 11.6670713424683 5.05939149856567 6.0223503112793 7.14870500564575 2.78383111953735 3.10478782653809 4.21767997741699 4.39006519317627 5.37350845336914 5.81017255783081 6.0460958480835 6.33996343612671 6.50475645065308 6.6154580116272 6.77931976318359 8.66926956176758 10.2033271789551 12.0302505493164 16.1467533111572 6.85404348373413 7.86949062347412 9.21259212493896 9.0754976272583 9.86541557312012 12.3570470809937 20.9566669464111 28.9931716918945 30.8990173339844 51.4583625793457
2.7212872505188 3.14165949821472 4.49996852874756 4.58270740509033 5.19860744476318 5.71109104156494 6.86322593688965 7.93101787567139 8.45279407501221 8.59075355529785 8.76725673675537 9.78364944458008 10.9973211288452 11.7276344299316 15.0968351364136 18.4436950683594 14.1926622390747 15.8295879364014 13.9877338409424 15.9414434432983 6.03809976577759 10.5999383926392 2.36156702041626 2.96796274185181 3.48890376091003 4.55574512481689 4.74225521087646 4.92164421081543 6.06704711914062 6.43006896972656 6.74045276641846 6.96876335144043 7.16461944580078 7.40452098846436 11.8803911209106 12.2032384872437 31.7911262512207 5.93200635910034 9.33128643035889 11.5820569992065 14.276216506958 13.7941923141479 17.2532939910889 24.8543453216553 51.3119735717773 4.85771369934082
2.55878758430481 2.60349059104919 2.83915233612061 3.28035759925842 4.7409725189209 4.86719751358032 5.53178644180298 6.23957347869873 7.70148134231567 9.06879997253418 9.82272720336914 10.3918218612671 11.5830383300781 12.3975505828857 14.2373485565186 16.3066501617432 24.2983341217041 32.3533706665039 19.1075115203857 21.6539993286133 18.7421550750732 23.3225860595703 16.6168727874756 1.70571005344391 3.73607182502747 3.41613578796387 3.65434670448303 3.86028218269348 4.96134042739868 5.11929893493652 6.44696474075317 6.91237878799438 7.30911207199097 7.53895044326782 7.82956838607788 8.14080047607422 27.9772453308105 17.1606903076172 8.15889453887939 14.0131769180298 13.5139932632446 19.4813232421875 27.891529083252 27.6678600311279 46.1366539001465 3.51448130607605
1.95760262012482 1.97703123092651 2.65103149414062 2.70213031768799 2.9185745716095 3.35232615470886 5.02697515487671 5.1705060005188 5.87426328659058 6.90872049331665 9.00434875488281 10.8334589004517 11.9793796539307 13.2000608444214 14.9623517990112 16.7036991119385 20.8902797698975 28.8155288696289 53.1831092834473 8.93063163757324 28.5262088775635 30.2914257049561 12.4733238220215 0.473265707492828 3.56673288345337 3.20038080215454 2.26272773742676 2.98123168945312 3.8215754032135 4.0879282951355 5.26387596130371 5.49232721328735 7.01118040084839 9.36648941040039 7.4866156578064 8.5111722946167 9.4903392791748 10.5675201416016 11.9607820510864 19.1489429473877 23.2440032958984 20.4796180725098 22.3890609741211 49.1786308288574 0.412712246179581 0.624957919120789
2.00925755500793 2.06206393241882 2.06000685691833 2.07715106010437 2.73156380653381 2.74719977378845 3.04452395439148 3.5631115436554 4.68413352966309 5.55220127105713 6.4054594039917 8.2022762298584 9.12014770507812 12.7137241363525 15.002836227417 17.7826557159424 21.1942539215088 26.0192317962646 47.9337120056152 12.4358148574829 19.3094329833984 17.0084457397461 11.7866744995117 -0.885763227939606 -0.244514644145966 2.10570859909058 2.20612335205078 2.02808427810669 2.27805471420288 3.12967896461487 3.3443922996521 4.60969018936157 5.72279262542725 5.91495752334595 7.74287462234497 8.468186378479 9.25681781768799 10.6805830001831 12.2761850357056 15.8477554321289 18.5941905975342 30.637601852417 40.5081100463867 36.7938690185547 52.3952484130859 -0.229090228676796
2.46752333641052 2.18979787826538 2.08516025543213 2.14965915679932 2.48559737205505 2.0219099521637 2.82838439941406 2.88348793983459 2.93856954574585 3.19650030136108 3.84713768959045 6.26106023788452 8.99351215362549 10.8324327468872 11.3182439804077 17.0070476531982 19.9372520446777 27.2979335784912 39.4804420471191 30.8020763397217 5.52799844741821 24.5250759124756 4.52446508407593 -1.47318720817566 -1.27823114395142 1.31847822666168 1.54096233844757 2.13797688484192 2.27716946601868 2.37752914428711 2.32674980163574 3.40121650695801 3.87969946861267 5.42014932632446 6.38440990447998 7.05765390396118 7.9623966217041 10.4776601791382 11.4554481506348 15.2394752502441 21.6601829528809 29.528694152832 33.3934364318848 61.4089202880859 -1.82068705558777 -1.39089107513428
2.51790523529053 2.5504138469696 2.62959957122803 2.25895547866821 2.35666918754578 2.75069689750671 2.14057946205139 2.02859401702881 2.32894372940063 2.97621417045593 3.00809526443481 3.50544810295105 4.305579662323 7.10667514801025 14.4405994415283 19.4409084320068 15.0648403167725 26.1695365905762 45.1375503540039 27.7663822174072 0.274158954620361 -2.16634082794189 11.6759252548218 -1.81176722049713 -1.28943383693695 0.640270292758942 1.15444958209991 1.5348482131958 1.75201845169067 2.17423629760742 2.44936299324036 2.55722069740295 2.25921225547791 3.74351286888123 6.01518821716309 9.89863204956055 13.9698276519775 9.65537643432617 10.493278503418 14.7578239440918 17.8348159790039 24.8315715789795 49.8078422546387 10.4705581665039 3.32866930961609 -0.90102607011795
2.40018844604492 2.59280300140381 2.69138813018799 2.69003033638 2.80284667015076 3.08232879638672 2.3160548210144 2.49509143829346 2.47195386886597 2.40958046913147 2.06074213981628 3.17964220046997 3.32127451896667 3.90942168235779 4.73019933700562 8.16529083251953 35.8277587890625 6.32858037948608 22.7423820495605 54.1285781860352 18.2571086883545 -2.75477600097656 -2.23296093940735 8.00459480285645 -0.917446434497833 0.0138618582859635 0.570890784263611 1.05062651634216 1.5876761674881 1.8555474281311 1.97877681255341 2.4122793674469 2.68892908096313 2.81554484367371 2.62485122680664 3.27015900611877 22.2995452880859 10.5816287994385 2.26196575164795 15.8671426773071 22.0546607971191 24.3373985290527 39.6010398864746 29.0872421264648 4.36147022247314 -1.59654927253723
