slauniainen/Data/DEM/Vihti_dem1500b_cl_horizonAngle_90.asc
NCOLS 196 
NROWS 178 
XLLCORNER 353680 
YLLCORNER 6699024 
CELLSIZE 16 
NODATA_value -3.4e+38 
[rows 80 to 99 of 178, columns 135 to 179 of 196]
3.58762645721436 4.51019287109375 5.22790479660034 6.46363306045532 7.54184198379517 9.00041103363037 12.5038175582886 9.11352252960205 4.80408477783203 5.9473729133606 6.94597148895264 8.0665979385376 9.66246700286865 8.12648391723633 3.66689515113831 1.20537781715393 -2.00286078453064 -2.05485510826111 -0.760319352149963 -3.35723853111267 -3.16541695594788 -2.8696928024292 -2.53992629051208 -2.18053388595581 -1.85402858257294 -1.658047914505 -1.44979226589203 -1.26220536231995 -1.12653517723083 -0.973273158073425 -0.80312442779541 -0.638261437416077 -0.473154813051224 -0.253780543804169 -0.032159723341465 0.191241383552551 0.330987572669983 0.489374071359634 0.800987839698792 1.46183502674103 1.71677315235138 1.15219867229462 1.28281021118164 1.37911701202393 1.53434348106384
3.37986636161804 4.22637319564819 4.69776916503906 5.16812181472778 6.39563941955566 7.8527946472168 10.1541528701782 6.03832674026489 5.25853776931763 5.64710474014282 7.04049968719482 8.91132640838623 9.39685535430908 8.04531288146973 3.4409499168396 1.04684221744537 -2.37329363822937 -0.924426853656769 -3.14084076881409 -3.15174150466919 -2.97157669067383 -2.71057891845703 -2.41367125511169 -2.04588913917542 -1.78825986385345 -1.60469126701355 -1.39443850517273 -1.19397234916687 -1.03981494903564 -0.87146258354187 -0.695585131645203 -0.518840968608856 -0.355419874191284 -0.131882876157761 0.146685987710953 0.349707156419754 0.464270919561386 0.623660266399384 1.02378189563751 1.8323792219162 2.38245749473572 1.36450362205505 1.46733331680298 1.5941002368927 1.74321329593658
2.53134799003601 3.23028326034546 3.8523850440979 4.83225059509277 6.08998107910156 7.73671197891235 11.2405529022217 5.95801639556885 3.49735903739929 3.7672758102417 4.83618927001953 7.91599130630493 10.3469343185425 6.02742481231689 6.09622097015381 2.57943916320801 -1.44941210746765 -2.75005626678467 -1.64638733863831 -2.87141513824463 -2.68601202964783 -2.48264598846436 -2.14722585678101 -1.86757874488831 -1.73888254165649 -1.60009634494781 -1.33796834945679 -1.11732113361359 -0.919547855854034 -0.743946850299835 -0.60261207818985 -0.431578993797302 -0.259991556406021 -0.0355501137673855 0.28025409579277 0.503940165042877 0.624091863632202 0.814752042293549 0.945114493370056 1.3887425661087 1.97716927528381 1.53990685939789 1.84206962585449 2.16092967987061 2.29005026817322
1.63302981853485 2.13443875312805 2.95698857307434 3.98840832710266 5.25997114181519 6.8235182762146 8.15104866027832 8.7571907043457 2.14441180229187 2.14847636222839 3.38076210021973 5.04007577896118 6.75705099105835 7.07349634170532 6.88033533096313 5.63004779815674 0.497061371803284 -2.78680157661438 -2.60690546035767 -2.45335650444031 -2.34431123733521 -2.1580171585083 -1.93432104587555 -1.73306632041931 -1.56919658184052 -1.3990250825882 -1.17015790939331 -0.931395590305328 -0.749493479728699 -0.579157650470734 -0.426503717899323 -0.370505571365356 -0.193890601396561 0.0398336574435234 0.312605053186417 0.590558528900146 0.79938280582428 0.937895655632019 1.04902279376984 1.19244360923767 1.38473689556122 1.55740308761597 2.28826475143433 2.44126677513123 2.55041337013245
0.986016452312469 1.20880162715912 1.43287527561188 2.34237241744995 3.44153523445129 4.69052124023438 6.07995891571045 5.60420656204224 1.49744355678558 1.74806785583496 2.53143191337585 3.65338826179504 4.72738647460938 5.85417032241821 7.14980363845825 8.68309116363525 2.16111183166504 -2.48413944244385 -2.30583786964417 -2.10765790939331 -1.87626504898071 -1.88004398345947 -1.71738624572754 -1.54570889472961 -1.32741689682007 -1.10779654979706 -0.890264451503754 -0.689695775508881 -0.516377091407776 -0.407052963972092 -0.291230082511902 -0.228749960660934 -0.140036910772324 0.0913082137703896 0.355051070451736 0.631179571151733 0.873538792133331 1.06175112724304 1.17964553833008 1.33325147628784 1.52916491031647 1.73645615577698 2.25696849822998 2.50687003135681 2.58112978935242
0.488947719335556 0.450429737567902 0.496290981769562 1.2732982635498 2.67058086395264 4.01962518692017 6.84866523742676 5.1660795211792 0.61641138792038 1.03110718727112 1.92508029937744 2.34535551071167 3.25133109092712 4.16962146759033 4.87871313095093 5.79659461975098 3.42717528343201 -2.22627305984497 -2.05609011650085 -1.90820789337158 -1.62375676631927 -1.68176710605621 -1.50969135761261 -1.33362996578217 -1.09748494625092 -0.794719159603119 -0.519536435604095 -0.335157334804535 -0.174503237009048 -0.09187101572752 -0.0438916981220245 -0.0197743289172649 0.0231756251305342 0.237425029277802 0.472209393978119 0.725121915340424 0.98125284910202 1.18100261688232 1.34824550151825 1.51519417762756 1.72075700759888 1.93908655643463 2.27625155448914 2.42508625984192 2.4875590801239
3.83863186836243 -0.476338356733322 -0.414377629756927 -0.0331166572868824 0.327849715948105 1.21613740921021 2.69349360466003 3.75147986412048 0.419830560684204 0.790216445922852 1.49149930477142 1.88217091560364 2.73014760017395 3.36366629600525 5.24685192108154 3.03214716911316 1.09684896469116 -1.5938915014267 -1.18216526508331 -0.666814923286438 -0.662799298763275 -1.12742304801941 -0.817818641662598 -1.10547542572021 -0.778351008892059 -0.376612961292267 -0.0758438259363174 0.098665326833725 0.235112398862839 0.328334599733353 0.396633058786392 0.42982816696167 0.466806083917618 0.523342192173004 0.651258111000061 0.858457088470459 1.09982848167419 1.28773415088654 1.52195537090302 1.83420181274414 1.98654592037201 2.13752007484436 2.3026168346405 2.36483883857727 2.42624545097351
3.5221471786499 -0.856551170349121 -0.829051613807678 -0.6187584400177 -0.430578410625458 -0.089681550860405 0.36249515414238 0.737762331962585 0.902213931083679 1.23870575428009 1.77849936485291 2.27321314811707 3.91666579246521 4.97775888442993 7.8479151725769 2.59405326843262 -0.610319912433624 -0.0608888380229473 0.466860413551331 0.930039823055267 -0.451725691556931 -0.822591960430145 -0.726447284221649 -0.80566418170929 -0.311215817928314 0.149733677506447 0.509524464607239 0.632606148719788 0.715834259986877 0.812729477882385 0.912544131278992 0.981382846832275 1.02723455429077 1.0854160785675 1.16408002376556 1.24341309070587 1.34042847156525 1.42634093761444 1.71686494350433 2.10624194145203 2.26860880851746 2.31180047988892 2.3746612071991 2.43817567825317 2.50804376602173
0.110840171575546 0.87343156337738 -0.348963707685471 -0.58408534526825 -0.474631875753403 -0.352173775434494 0.17270764708519 0.469258099794388 0.854470729827881 1.34565150737762 1.7403861284256 2.14532470703125 3.24265933036804 5.43922853469849 4.79923295974731 3.7739360332489 2.56842374801636 0.620804369449615 0.663543701171875 0.996437788009644 1.22109389305115 1.55294120311737 -0.919171571731567 -0.409122258424759 0.441728949546814 1.00810313224792 1.28372871875763 1.39362144470215 1.50104379653931 1.61090111732483 1.73564577102661 1.85523736476898 1.93727898597717 2.02945709228516 2.11691331863403 2.18744683265686 2.27239727973938 2.3515100479126 2.40242314338684 2.47414112091064 2.54417777061462 2.61106967926025 2.69910836219788 2.79819989204407 2.8962881565094
0.536673247814178 1.31496977806091 2.5340678691864 -0.199372410774231 -0.0442983210086823 0.221620053052902 0.530318319797516 0.970949590206146 1.4114443063736 1.85295569896698 2.33933687210083 2.76036596298218 3.32049250602722 5.30850124359131 5.98723030090332 3.62220191955566 4.67940807342529 2.95210838317871 3.20905566215515 4.25023126602173 5.73181486129761 7.14441061019897 -0.793338239192963 -0.0760365277528763 0.938542127609253 1.41306126117706 1.76733195781708 1.89922451972961 2.02025985717773 2.14402270317078 2.26634788513184 2.41249990463257 2.55144715309143 2.64985179901123 2.73770356178284 2.80205798149109 2.86772584915161 2.91161227226257 2.97584342956543 3.0497841835022 3.1316180229187 3.21868276596069 3.29988384246826 3.39863419532776 3.47165942192078
0.174716934561729 0.272390455007553 0.791486620903015 0.993187606334686 0.199919581413269 0.471337497234344 0.675790250301361 1.08006191253662 1.67401564121246 2.31181335449219 2.80898833274841 3.31393599510193 3.82319116592407 4.23794269561768 5.27353000640869 6.41935062408447 4.53915357589722 4.33438777923584 5.12117290496826 6.39192008972168 8.07829666137695 9.37942314147949 -0.363566100597382 0.39406430721283 1.00159001350403 1.40509247779846 1.68969523906708 1.91633641719818 2.11540460586548 2.22387766838074 2.33642506599426 2.47193431854248 2.61472725868225 2.70887303352356 2.77422165870667 2.83718299865723 2.87106728553772 2.90588164329529 2.95578694343567 3.02262544631958 3.09848093986511 3.17162799835205 3.23143553733826 3.72987937927246 3.25356531143188
0.246381223201752 0.320595800876617 0.402787834405899 0.462955862283707 0.531713545322418 0.545353651046753 0.668731153011322 0.95873612165451 1.46244144439697 2.14810037612915 2.79095411300659 3.29038453102112 3.69583630561829 4.10779476165771 4.64998817443848 5.7903881072998 4.79851388931274 4.6623969078064 5.41372585296631 6.61400699615479 9.09379768371582 7.47864103317261 0.758079409599304 0.367448955774307 0.60372132062912 0.979890108108521 1.33830046653748 1.73993170261383 2.13070631027222 2.38285255432129 2.4948046207428 2.61736583709717 2.73240995407104 2.81380796432495 2.88192868232727 2.93719983100891 2.96112442016602 2.98152160644531 3.0350124835968 3.52796077728271 4.34833002090454 5.582106590271 7.69206953048706 11.5359659194946 3.03844976425171
0.305107444524765 0.367907106876373 0.4227594435215 0.500019967556 0.559317231178284 0.594641506671906 0.67246150970459 0.820084095001221 1.12860465049744 1.6460177898407 2.2594473361969 2.732426404953 3.08160424232483 3.40038990974426 3.77580952644348 3.84624934196472 3.8467845916748 4.00443029403687 4.4505467414856 5.23727464675903 6.69377517700195 7.0848503112793 2.63817977905273 0.435891777276993 0.52214115858078 0.806639194488525 1.22589838504791 1.78008615970612 2.37878060340881 2.73822665214539 2.8740918636322 3.0432140827179 3.34381723403931 3.65470409393311 3.96854567527771 4.32268095016479 4.51101779937744 4.59892511367798 5.17489051818848 6.29041147232056 7.79723215103149 10.2388172149658 14.5560188293457 22.2961120605469 5.28865242004395
0.531913638114929 0.597213447093964 0.66163432598114 0.726244032382965 0.761316359043121 0.788326978683472 0.824146509170532 0.909138381481171 1.04533064365387 1.36303853988647 1.85103273391724 2.24868273735046 2.50835180282593 2.73550295829773 3.48919916152954 3.53345608711243 2.75044298171997 2.8837194442749 3.28667235374451 3.68092918395996 4.21594524383545 4.8356728553772 4.9212121963501 3.98275828361511 0.83804851770401 0.936208128929138 1.39126098155975 2.00893020629883 2.52099895477295 2.89849448204041 3.02421641349792 3.20150089263916 3.49233865737915 3.79241061210632 4.13805818557739 4.52277898788452 4.96119785308838 4.72946548461914 5.11648178100586 6.15909671783447 7.5467472076416 9.35344409942627 11.9551610946655 15.3038415908813 13.630220413208
0.39760422706604 0.530587494373322 0.644552648067474 0.71819931268692 0.773927390575409 0.841480255126953 0.939135193824768 1.02042329311371 1.09029603004456 1.24229776859283 1.52881896495819 1.83796548843384 2.03222990036011 2.33819580078125 3.26977300643921 3.95022559165955 2.12953853607178 2.25552701950073 2.61403107643127 3.09662771224976 3.50159072875977 3.90163683891296 4.5268611907959 4.961021900177 2.32696723937988 1.33992397785187 1.64905762672424 2.0707790851593 2.57106733322144 2.79847359657288 2.95200824737549 3.03204941749573 3.10607671737671 3.18250846862793 3.25640344619751 3.48595881462097 3.8471314907074 4.17122936248779 3.69342637062073 4.09797477722168 5.11879873275757 6.44466924667358 8.2194242477417 10.3078384399414 12.5155086517334
0.0131000056862831 0.249445363879204 0.466588377952576 0.590621471405029 0.6993128657341 0.835889577865601 0.958427011966705 1.0419579744339 1.11254215240479 1.19748651981354 1.33652031421661 1.49256992340088 1.60855233669281 1.69671475887299 2.01017379760742 3.72970271110535 2.31742072105408 1.94013833999634 2.17999267578125 2.51993632316589 2.81120610237122 3.15221977233887 3.335932970047 3.67837715148926 3.8035991191864 1.55579090118408 1.77366352081299 1.94708001613617 2.37712240219116 2.64406585693359 2.79702520370483 2.97637486457825 3.05363798141479 3.12354826927185 3.1935408115387 3.26762914657593 3.34137892723083 3.38927888870239 3.40703964233398 3.45048785209656 3.54421734809875 3.84681868553162 4.65149784088135 5.93231296539307 9.1233377456665
-0.198740854859352 0.0368112251162529 0.284596830606461 0.45818954706192 0.553236842155457 0.736800193786621 0.864718914031982 0.955678403377533 1.03076696395874 1.08648455142975 1.12612414360046 1.20346891880035 1.26624262332916 1.34048783779144 1.53061819076538 1.71145665645599 1.74739766120911 1.75355112552643 1.85577476024628 2.04729700088501 2.25397658348083 2.51727080345154 2.64938926696777 2.82896947860718 3.20896053314209 1.81638550758362 1.63783037662506 1.77571296691895 2.12573552131653 2.42651534080505 2.70352149009705 2.92778611183167 3.00029468536377 3.06939005851746 3.13782858848572 3.21520304679871 3.29986524581909 3.38174176216125 3.44491171836853 3.49881410598755 3.55630302429199 3.62190747261047 3.71965360641479 3.79336452484131 3.86131286621094
-0.314279437065125 -0.0798126012086868 0.172573938965797 0.372600167989731 0.498690605163574 0.579388976097107 0.629542887210846 0.69072949886322 0.738981902599335 0.776047229766846 0.811432480812073 0.854563176631927 0.907348453998566 0.962700664997101 1.06704008579254 1.18394720554352 1.25841641426086 1.3184472322464 1.37253558635712 1.45154988765717 1.61028015613556 1.78224098682404 2.14144134521484 1.52731919288635 1.42085933685303 1.55770516395569 1.3841689825058 1.53943490982056 1.91023933887482 2.23696255683899 2.57678079605103 2.81122422218323 2.94849920272827 3.01295232772827 3.0799241065979 3.16407489776611 3.25405502319336 3.34461188316345 3.42219662666321 3.49099206924438 3.55511021614075 3.61746287345886 3.69137763977051 3.77154088020325 3.86754751205444
-0.350484311580658 -0.153889313340187 0.075018398463726 0.270242720842361 0.444614887237549 0.545605480670929 0.57958710193634 0.61291778087616 0.651279926300049 0.690131962299347 0.712345540523529 0.745652139186859 0.786899209022522 0.842151165008545 0.903042078018188 0.982945382595062 1.05389320850372 1.12843477725983 1.20459139347076 1.29946804046631 1.37159168720245 1.46101200580597 1.65674686431885 1.4858558177948 1.60209155082703 1.88765454292297 2.06544208526611 2.23219156265259 1.79951345920563 2.09819293022156 2.42440581321716 2.83469772338867 3.41093134880066 3.60711574554443 3.69988512992859 3.7976291179657 3.89828085899353 3.99341607093811 4.08617162704468 4.18021965026855 4.27948808670044 4.36128520965576 4.45520734786987 4.53026628494263 4.63150262832642
-0.339425325393677 -0.185700282454491 0.00282130413688719 0.192746043205261 0.372340351343155 0.491546779870987 0.516860842704773 0.531639516353607 0.563725113868713 0.597947061061859 0.616383731365204 0.644539177417755 0.677272021770477 0.714544177055359 0.769878089427948 0.818570792675018 0.875491678714752 0.927511036396027 0.99447375535965 1.09287118911743 1.21208357810974 1.41906404495239 1.31191635131836 1.39050602912903 1.52468192577362 1.67266142368317 1.79688882827759 1.84580719470978 1.85062432289124 2.02707147598267 2.58175897598267 3.08158850669861 3.57652926445007 3.79105806350708 3.97110629081726 4.05098056793213 4.14665222167969 4.24776172637939 4.34325504302979 4.44387149810791 4.55005598068237 4.6533579826355 4.75803136825562 4.86003065109253 4.93673419952393
