slauniainen/Data/DEM/Vihti_aspect_cl.asc
NCOLS 196 
NROWS 178 
XLLCORNER 353680 
YLLCORNER 6699024 
CELLSIZE 16 
NODATA_value -3.4e+38 
[rows 80 to 99 of 178, columns 138 to 183 of 196]
191.787750244141 206.659637451172 221.510269165039 239.898468017578 235.390563964844 207.122177124023 185.485473632812 195.090209960938 210.876846313477 225.046905517578 230.018737792969 221.112777709961 199.943542480469 174.584777832031 162.255249023438 163.447708129883 150.08415222168 129.669021606445 118.254508972168 112.703544616699 113.280838012695 117.633964538574 116.272262573242 112.030960083008 118.287811279297 128.948471069336 132.182464599609 133.871246337891 134.873123168945 137.717239379883 141.681427001953 148.462890625 160.616455078125 169.250869750977 169.91015625 171.151092529297 183.725219726562 195.927764892578 185.970596313477 143.426986694336 111.530807495117 99.454475402832 94.5626525878906 91.275520324707 85.577018737793 79.1420593261719
178.343902587891 200.806427001953 217.677780151367 234.092239379883 232.98551940918 210.507904052734 187.489364624023 183.6728515625 199.998687744141 214.360626220703 214.476013183594 204.647552490234 192.907653808594 176.775604248047 167.470977783203 169.085800170898 160.761688232422 145.810806274414 133.453063964844 125.501556396484 122.468719482422 118.527740478516 108.1962890625 108.454872131348 118.787002563477 128.646591186523 131.108917236328 133.222747802734 134.907699584961 137.548629760742 139.501892089844 140.982650756836 149.982788085938 161.627777099609 166.419677734375 169.744079589844 183.414367675781 199.6826171875 197.127151489258 163.999389648438 127.254348754883 109.595748901367 101.530227661133 97.9948501586914 94.2772521972656 86.9974212646484
166.480163574219 194.22314453125 213.977416992188 229.949661254883 231.690811157227 214.901123046875 180.747192382812 166.054168701172 184.585174560547 202.589767456055 203.116271972656 198.198486328125 193.747924804688 182.603302001953 169.771713256836 168.201110839844 166.212631225586 157.955154418945 146.034362792969 136.261245727539 135.472137451172 133.857391357422 114.089401245117 110.046035766602 118.125091552734 126.08203125 127.936325073242 129.945281982422 130.889083862305 131.139175415039 131.620056152344 130.954406738281 137.524475097656 151.389678955078 160.764663696289 166.921081542969 180.212936401367 195.112945556641 196.361297607422 178.290023803711 144.472076416016 119.380767822266 107.396087646484 101.618843078613 99.7824096679688 97.9500122070312
140.853256225586 178.044219970703 206.838500976562 224.534408569336 225.408752441406 206.659133911133 172.611312866211 158.390747070312 171.290405273438 194.335556030273 199.428680419922 197.98991394043 197.980804443359 190.364273071289 170.787780761719 162.774551391602 166.555633544922 165.021057128906 154.937286376953 145.371032714844 147.696075439453 151.480911254883 137.366485595703 124.862075805664 123.699005126953 127.940269470215 127.569107055664 126.270919799805 124.67041015625 121.297729492188 118.975601196289 117.987129211426 123.397552490234 138.170394897461 152.279006958008 161.166778564453 173.102386474609 185.620300292969 190.195190429688 183.827880859375 163.449523925781 134.717346191406 114.937454223633 103.564483642578 97.640380859375 96.1901931762695
101.037460327148 143.898712158203 195.741088867188 223.695159912109 228.181198120117 201.750335693359 165.43896484375 158.327560424805 166.291625976562 184.113479614258 196.253021240234 199.997283935547 203.799545288086 197.857543945312 172.941207885742 156.449417114258 160.793167114258 166.256530761719 161.553924560547 155.842926025391 154.411651611328 149.253967285156 142.78645324707 134.705825805664 128.003860473633 130.063323974609 134.465774536133 135.341873168945 129.781051635742 120.549949645996 115.65885925293 113.147789001465 115.118843078613 126.018005371094 142.916717529297 152.463943481445 161.369827270508 174.707855224609 180.159713745117 180.491149902344 172.675598144531 150.606079101562 123.649955749512 104.959663391113 94.9512481689453 90.1017379760742
85.9704742431641 109.856338500977 164.602508544922 211.725158691406 219.078048706055 190.476318359375 158.867736816406 161.686721801758 169.872497558594 176.844055175781 191.4921875 202.625946044922 208.46826171875 200.284637451172 175.127319335938 157.780136108398 159.946746826172 166.699142456055 166.018615722656 162.369140625 155.776824951172 142.547912597656 138.220275878906 137.841079711914 132.318237304688 132.032455444336 140.741516113281 152.042037963867 153.516540527344 142.831985473633 132.759490966797 123.726348876953 118.923881530762 124.473480224609 140.654800415039 149.975982666016 153.689865112305 166.314651489258 166.691162109375 167.861129760742 171.719604492188 158.353393554688 129.837905883789 108.53800201416 100.919792175293 97.3453369140625
100.574142456055 103.95433807373 128.539901733398 178.571868896484 195.797424316406 181.865386962891 164.828002929688 168.156936645508 172.415557861328 177.233947753906 188.986480712891 202.436645507812 208.089889526367 192.868804931641 173.697174072266 165.113006591797 169.692321777344 173.163208007812 169.129119873047 166.701080322266 156.881195068359 142.438323974609 140.064498901367 142.604904174805 141.087463378906 138.362060546875 142.693084716797 156.816787719727 165.769638061523 162.001617431641 153.970855712891 145.719055175781 136.90283203125 136.005950927734 147.248260498047 155.821655273438 156.530868530273 165.861358642578 156.996063232422 145.032073974609 154.680908203125 145.833206176758 121.025955200195 106.534896850586 102.551162719727 101.286254882812
128.907104492188 114.902816772461 115.67456817627 141.403930664062 170.979797363281 173.375274658203 168.844940185547 172.234710693359 171.495819091797 175.862075805664 189.169158935547 203.208557128906 204.689849853516 187.728012084961 174.764236450195 172.37370300293 178.974914550781 181.344635009766 176.371124267578 168.071029663086 149.202331542969 140.774917602539 141.358306884766 143.596542358398 145.691482543945 144.862579345703 144.458892822266 152.89582824707 165.134033203125 168.074188232422 164.413604736328 161.853363037109 156.389099121094 151.594192504883 158.88330078125 168.029022216797 165.907318115234 175.922897338867 165.164093017578 124.481895446777 104.162750244141 82.616813659668 77.8779602050781 78.567985534668 78.0478591918945 78.1164779663086
161.189392089844 143.729110717773 130.579498291016 130.888214111328 147.927551269531 158.653991699219 164.888580322266 171.203338623047 171.187744140625 172.997192382812 189.995758056641 204.402069091797 201.507415771484 193.054046630859 187.464904785156 181.134429931641 182.931671142578 190.70947265625 207.1337890625 180.589965820312 110.750503540039 122.951843261719 134.299194335938 137.460556030273 142.023956298828 144.621398925781 143.67512512207 145.395751953125 155.944763183594 165.115097045898 167.138580322266 169.931457519531 170.080749511719 168.374603271484 178.350402832031 186.966445922852 182.437683105469 196.913238525391 203.652282714844 77.5839309692383 0.545196533203125 1.10371398925781 20.2544021606445 35.3421897888184 40.7459373474121 41.9191932678223
177.794723510742 155.442321777344 141.098724365234 130.859252929688 130.408721923828 140.611511230469 152.83528137207 163.517486572266 169.291275024414 172.484832763672 189.269622802734 203.642639160156 202.552886962891 201.513305664062 196.650787353516 185.486450195312 186.606735229492 204.321624755859 236.687683105469 258.949005126953 83.8721771240234 96.2650833129883 115.658676147461 127.208099365234 134.038391113281 138.865493774414 139.600219726562 136.019393920898 139.033355712891 153.06266784668 165.758911132812 175.038269042969 183.542144775391 195.664489746094 212.91552734375 214.601791381836 210.511352539062 221.549514770508 252.12890625 308.006195068359 327.448364257812 338.578796386719 357.909576416016 13.1973648071289 20.8629150390625 22.1511001586914
180.806167602539 167.944061279297 155.577941894531 141.943939208984 126.732696533203 126.23624420166 137.6298828125 152.502349853516 163.840728759766 173.061889648438 186.129486083984 200.249725341797 207.683013916016 209.617584228516 200.118469238281 188.957977294922 193.850708007812 216.913055419922 237.943435668945 226.846008300781 114.150146484375 98.4830627441406 105.038566589355 117.082046508789 124.925651550293 132.080993652344 137.5302734375 134.611236572266 129.554611206055 137.187133789062 161.216217041016 182.50927734375 211.214401245117 240.426803588867 253.149688720703 253.819519042969 245.765960693359 247.796936035156 267.115661621094 290.266357421875 308.275024414062 328.758026123047 353.363403320312 5.99114990234375 10.8517837524414 11.0650482177734
177.326965332031 176.303207397461 171.657684326172 160.425109863281 141.069091796875 125.119560241699 124.874710083008 140.351135253906 159.683013916016 174.548309326172 182.132522583008 199.562805175781 216.664672851562 215.054061889648 201.619720458984 193.016998291016 198.188827514648 216.701690673828 225.50927734375 208.908935546875 158.487045288086 117.535972595215 104.53369140625 106.571952819824 113.751495361328 122.892120361328 133.859313964844 138.7958984375 135.483551025391 136.130920410156 159.268859863281 196.093139648438 241.854217529297 267.7626953125 288.595581054688 316.192077636719 311.305236816406 269.658447265625 265.072052001953 279.475921630859 295.553894042969 320.711730957031 356.303924560547 8.87260437011719 8.65142059326172 5.78504180908203
173.386077880859 177.690185546875 177.089172363281 170.748443603516 159.165191650391 139.120819091797 124.133651733398 128.154693603516 151.966156005859 174.79948425293 183.967437744141 209.538269042969 228.347396850586 220.899871826172 203.749420166016 195.531753540039 197.587966918945 208.69792175293 212.847015380859 203.305786132812 184.693542480469 147.481002807617 107.695663452148 97.6232833862305 102.892066955566 113.191589355469 124.940170288086 135.308197021484 139.100524902344 142.562316894531 165.319198608398 202.574096679688 245.958786010742 265.991638183594 286.053833007812 345.822631835938 21.0556869506836 312.20556640625 263.661071777344 273.889526367188 277.033386230469 288.697357177734 344.407806396484 15.4628829956055 14.4581756591797 9.69711303710938
169.674285888672 175.566955566406 176.342224121094 174.467437744141 171.102096557617 158.500869750977 137.087356567383 128.182846069336 143.549713134766 172.529708862305 189.670745849609 216.772247314453 230.985961914062 222.435409545898 199.640579223633 191.699356079102 194.952697753906 202.320617675781 206.922271728516 204.654220581055 200.999465942383 186.926452636719 138.43196105957 105.038078308105 99.9943923950195 106.103881835938 116.294799804688 128.164794921875 136.666305541992 147.563171386719 170.465576171875 191.279388427734 230.120239257812 245.585357666016 248.591781616211 254.754806518555 59.8879241943359 80.3210144042969 244.843948364258 258.4443359375 253.294189453125 244.591644287109 228.150329589844 152.233856201172 52.2517738342285 37.6186599731445
157.167327880859 168.684112548828 172.326217651367 174.082427978516 176.138671875 171.657745361328 156.856811523438 143.098434448242 147.965072631836 175.130996704102 187.225616455078 202.904861450195 217.116760253906 212.371307373047 192.234558105469 184.402221679688 191.536605834961 199.645080566406 204.586212158203 207.126525878906 207.963760375977 202.140625 177.470947265625 133.208709716797 104.454498291016 97.6332015991211 102.350288391113 118.903656005859 139.787445068359 157.160675048828 172.917007446289 181.400726318359 209.242919921875 226.612213134766 225.508316040039 211.079772949219 174.550933837891 165.396484375 200.843963623047 228.948989868164 230.820022583008 227.051391601562 213.583236694336 190.344940185547 181.103729248047 176.513092041016
126.253486633301 149.5322265625 160.768188476562 169.477447509766 175.859146118164 176.707153320312 171.200744628906 162.582305908203 164.968536376953 185.24772644043 174.943054199219 177.754180908203 206.581695556641 208.408416748047 193.31755065918 184.423126220703 189.822280883789 197.472229003906 203.222793579102 207.228973388672 208.269241333008 206.832901000977 194.766265869141 166.501251220703 123.519401550293 98.9342803955078 93.3765716552734 103.627319335938 133.369979858398 158.827041625977 175.790878295898 178.666732788086 186.066711425781 207.087554931641 212.348693847656 203.981643676758 188.311309814453 184.084945678711 191.553283691406 202.413024902344 210.518478393555 216.676147460938 209.166076660156 191.872314453125 189.015869140625 192.74967956543
104.392471313477 122.854598999023 138.827117919922 156.227752685547 169.74348449707 177.045059204102 180.487060546875 178.060028076172 179.608734130859 187.977600097656 171.167892456055 160.237335205078 198.60546875 207.644317626953 196.743103027344 189.976211547852 192.38818359375 197.454711914062 203.590270996094 207.644256591797 207.050186157227 205.534118652344 198.624618530273 185.320373535156 159.531463623047 118.159393310547 91.3171768188477 83.367317199707 103.863632202148 150.048767089844 177.635665893555 171.375823974609 164.217834472656 177.395812988281 194.905426025391 199.128875732422 195.325073242188 194.555419921875 192.107040405273 193.430465698242 199.139434814453 206.423080444336 204.238555908203 195.005859375 198.278778076172 206.703674316406
100.907646179199 113.637466430664 127.794738769531 141.235076904297 157.865386962891 173.371917724609 187.8447265625 188.854583740234 185.122543334961 185.549591064453 172.641052246094 159.994049072266 186.723175048828 205.206970214844 200.928268432617 196.671234130859 196.790802001953 199.710021972656 203.330383300781 207.460174560547 205.263076782227 199.316513061523 196.490112304688 193.678482055664 185.994415283203 156.61328125 87.166374206543 66.6050262451172 72.3092880249023 106.027565002441 167.200759887695 161.174713134766 155.925018310547 161.712951660156 179.374542236328 194.775573730469 197.817413330078 199.124755859375 196.872650146484 197.829895019531 200.055740356445 200.830322265625 204.199295043945 204.77555847168 211.829803466797 219.115844726562
101.142845153809 106.975280761719 123.281631469727 142.283050537109 157.499740600586 167.012954711914 186.624114990234 194.305084228516 186.709732055664 182.310791015625 173.891082763672 165.925567626953 182.975662231445 206.756332397461 208.081115722656 201.617340087891 198.693908691406 199.607223510742 204.41259765625 209.351715087891 204.044525146484 196.497817993164 198.508209228516 203.59407043457 206.031524658203 203.089050292969 164.660522460938 79.3018951416016 67.17333984375 73.8947448730469 123.072830200195 152.258422851562 149.173370361328 143.024429321289 167.699462890625 201.348434448242 202.807891845703 208.729309082031 208.759704589844 210.408325195312 216.915466308594 217.242401123047 215.997573852539 216.747375488281 220.27734375 222.17626953125
103.909858703613 101.728713989258 110.957595825195 141.526763916016 160.909698486328 162.057342529297 185.927520751953 196.543395996094 187.337478637695 185.756164550781 180.093490600586 176.42936706543 188.689498901367 208.082458496094 206.374114990234 192.036819458008 195.636795043945 203.050186157227 214.402770996094 215.890380859375 205.932723999023 201.302612304688 205.597412109375 210.674346923828 211.301208496094 208.986968994141 200.723022460938 167.973266601562 86.5873184204102 71.1134796142578 78.8499374389648 106.013488769531 128.176971435547 84.800910949707 44.7862205505371 292.181610107422 234.341949462891 238.644897460938 232.03889465332 225.042510986328 227.528778076172 220.951599121094 215.232681274414 219.806198120117 221.658752441406 221.304870605469
