slauniainen/Data/DEM/Vihti_dem1500b_cl_horizonAngle_48.asc
NCOLS 196 
NROWS 178 
XLLCORNER 353680 
YLLCORNER 6699024 
CELLSIZE 16 
NODATA_value -3.4e+38 
[rows 40 to 59 of 178, columns 0 to 44 of 196]
6.80658769607544 7.04271459579468 7.31938123703003 7.63563108444214 7.82986783981323 7.92115354537964 8.20012187957764 8.47236347198486 8.8521900177002 9.30787181854248 9.56815242767334 9.63711261749268 9.76867389678955 9.90785694122314 10.3492259979248 10.5324687957764 11.2733249664307 11.2755661010742 10.8063173294067 10.6504983901978 8.69828224182129 8.3827600479126 7.69390153884888 7.19348192214966 7.57321405410767 7.52235221862793 7.00528001785278 7.02718353271484 7.18732357025146 7.54216432571411 7.57489347457886 8.32631492614746 8.80484104156494 8.33285522460938 7.80130767822266 7.20484781265259 6.82294750213623 6.79504728317261 6.94372892379761 7.71137380599976 8.18445301055908 8.6582612991333 9.10098266601562 9.69480419158936 10.4047231674194
6.72948741912842 6.97015190124512 7.1859302520752 7.48687601089478 7.51547527313232 7.67307710647583 7.93466567993164 8.23037528991699 8.61079597473145 8.84602165222168 8.82541275024414 8.87753582000732 8.78670024871826 9.01883602142334 9.18233203887939 8.78850746154785 8.97731590270996 8.83957958221436 8.59970474243164 8.14041137695312 7.60618305206299 7.0068793296814 7.27682828903198 7.39934492111206 7.44938516616821 9.85977935791016 7.02574157714844 6.59427356719971 6.57638835906982 6.5671820640564 6.49361515045166 6.7160701751709 6.5599308013916 6.11578559875488 5.82999610900879 5.99198770523071 5.72194147109985 6.44177436828613 7.14709043502808 7.51265525817871 7.99435901641846 8.4570255279541 8.93522167205811 9.45837688446045 8.78399181365967
6.82100200653076 6.95668888092041 7.09523916244507 7.22300910949707 7.25949954986572 7.47109317779541 7.72512626647949 8.03056335449219 8.23434352874756 8.16129779815674 8.14758014678955 7.92162609100342 7.98955202102661 8.12861347198486 7.65186452865601 7.39380359649658 7.88919591903687 7.52444076538086 7.40742492675781 6.89058256149292 6.76364755630493 7.05500984191895 7.16185235977173 7.27111482620239 8.05900001525879 9.6921911239624 11.3347816467285 8.71689701080322 6.24958276748657 5.77053737640381 5.70887804031372 5.56006193161011 5.29463481903076 4.72257804870605 4.80142736434937 5.20802783966064 5.93547296524048 6.59721231460571 6.88300704956055 7.29112863540649 7.75199174880981 8.13113784790039 8.59486389160156 7.97128391265869 7.1880578994751
6.51227807998657 6.6699333190918 6.88868761062622 6.95637178421021 7.09066963195801 7.30440759658813 7.53447437286377 7.71852445602417 7.60165214538574 7.529953956604 7.27120685577393 7.25813055038452 7.30629348754883 6.80785274505615 6.81289529800415 7.22679615020752 6.90838098526001 6.75849151611328 6.39891672134399 6.47308349609375 6.73495864868164 6.8331995010376 6.8891453742981 7.02830839157104 7.7350058555603 8.74175834655762 8.48165702819824 9.27659797668457 7.41942739486694 5.31402492523193 4.83655405044556 4.60749101638794 4.01408195495605 4.18244504928589 5.08107471466064 5.66782426834106 6.10913038253784 6.36105489730835 6.67998600006104 7.11443567276001 7.47486877441406 7.83340120315552 7.25881958007812 6.55897188186646 6.00930690765381
6.24154567718506 6.36067342758179 6.45670938491821 6.63842153549194 6.89925479888916 7.0845422744751 7.06324243545532 7.1728081703186 7.07153987884521 6.81917715072632 6.72394609451294 6.65774774551392 6.19541311264038 6.31153631210327 6.64921379089355 6.36479473114014 6.19885778427124 6.11675214767456 6.19645214080811 6.41361808776855 6.48639440536499 6.51219987869263 6.72350692749023 6.63779878616333 7.47985649108887 7.34930944442749 7.33423042297363 6.87089109420776 7.07318449020386 4.77142000198364 4.19472360610962 3.58323812484741 3.63083028793335 4.44286108016968 5.27947854995728 5.64750051498413 5.91022729873657 6.15786504745483 6.55617904663086 6.90979290008545 7.19579744338989 6.65094089508057 6.00956201553345 5.51502752304077 5.14702033996582
6.02600908279419 6.07808399200439 6.18652009963989 6.38045454025269 6.58186483383179 6.4419469833374 6.46291446685791 6.52967643737793 6.29300212860107 6.12925386428833 6.07794570922852 5.82766675949097 5.92667007446289 6.18228006362915 5.90787553787231 5.78817987442017 5.84236001968384 5.91168022155762 6.11591386795044 6.1809458732605 6.1954402923584 6.37825870513916 6.32653331756592 6.39593410491943 6.46140480041504 6.47016572952271 6.28172779083252 5.96449422836304 5.45399904251099 4.17947244644165 3.4848108291626 3.36505532264709 3.87324023246765 4.5109748840332 5.04416179656982 5.37594747543335 5.66822290420532 6.066162109375 6.39627981185913 6.64932012557983 6.15223741531372 5.54235935211182 5.0998158454895 4.74105072021484 4.23226308822632
5.76420736312866 5.82463645935059 5.97535133361816 6.16118669509888 6.01331949234009 5.91311693191528 5.73316287994385 5.79365015029907 5.67394542694092 5.58441591262817 5.41216230392456 5.56498146057129 5.78088808059692 5.55346727371216 5.5690655708313 5.62104177474976 5.67005729675293 5.82835817337036 5.87227869033813 5.90668773651123 6.06532001495361 6.01932954788208 6.08319520950317 5.90463542938232 5.60359334945679 5.59683275222778 5.54362154006958 5.01344966888428 5.05034732818604 3.4509060382843 4.50352954864502 3.82486987113953 4.14037895202637 4.36430263519287 4.7421727180481 5.20496320724487 5.68742513656616 5.94943332672119 6.1525707244873 5.71877765655518 5.17058753967285 4.7418646812439 4.37732934951782 3.90502047538757 3.31572771072388
5.52560138702393 5.61764621734619 5.77554273605347 5.60545539855957 5.50113677978516 5.30149078369141 5.17888212203979 5.24881076812744 5.14257955551147 5.17416667938232 5.20645713806152 5.19174766540527 5.30504846572876 5.31772136688232 5.37910747528076 5.43742656707764 5.58133554458618 5.6158332824707 5.65786457061768 5.77815914154053 5.75980949401855 5.80313682556152 5.63644695281982 5.34436368942261 5.09507751464844 5.158766746521 4.7738471031189 4.86629295349121 3.64931344985962 3.59129500389099 3.80328965187073 4.13358211517334 4.18296766281128 4.34547567367554 4.88885879516602 5.20925951004028 5.47896814346313 5.76431798934937 5.29878377914429 4.79226064682007 4.39847946166992 4.03999519348145 3.60205817222595 3.15538883209229 2.58032703399658
5.32060527801514 5.45650911331177 5.24182271957397 5.09926223754883 4.86803007125854 4.80266618728638 4.80023956298828 4.88740873336792 4.94501876831055 4.96799421310425 4.9673957824707 4.99558782577515 5.05773258209229 5.08988237380981 5.20168495178223 5.32382774353027 5.36481380462646 5.39861392974854 5.49145936965942 5.47173595428467 5.49846982955933 5.3270468711853 5.07075262069702 4.72993421554565 4.51960563659668 4.48624467849731 4.26344442367554 3.61669015884399 3.35298418998718 3.77206444740295 6.13426780700684 9.1218376159668 8.42535495758057 4.68193626403809 4.67246627807617 4.63235139846802 4.4053521156311 4.09753704071045 4.06797885894775 3.96999907493591 3.74043846130371 3.32888865470886 2.90596675872803 2.52132534980774 2.04246234893799
5.187659740448 4.98469352722168 4.81717443466187 4.56199264526367 4.52446746826172 4.50254678726196 4.60601472854614 4.67281532287598 4.71689367294312 4.73612403869629 4.77416896820068 4.84251308441162 4.8775954246521 4.92788648605347 5.08077001571655 5.12745952606201 5.17638826370239 5.24679756164551 5.24374580383301 5.26119184494019 5.0956392288208 4.84435033798218 4.4726767539978 4.18121814727783 3.85909605026245 3.49104499816895 3.21672344207764 4.04252481460571 3.75121760368347 4.13324594497681 4.60854578018188 4.12944936752319 4.08054494857788 4.19259881973267 4.21027421951294 3.92057108879089 3.51052665710449 3.31113314628601 3.14816045761108 2.95791697502136 2.75690889358521 2.64686918258667 2.31176853179932 1.99804592132568 1.59966778755188
4.75073432922363 4.59699440002441 4.41895389556885 4.35653924942017 4.29329776763916 4.33785772323608 4.37149095535278 4.41341876983643 4.44761037826538 4.50530672073364 4.59866237640381 4.64572620391846 4.73270988464355 4.84753847122192 4.89553260803223 4.95070886611938 5.01096487045288 5.03046751022339 5.03625679016113 4.88542938232422 4.64418601989746 4.2764368057251 3.96384501457214 3.65832138061523 3.25869297981262 3.0761125087738 3.31073999404907 3.76338481903076 4.02186632156372 4.01030826568604 3.97366762161255 3.93614220619202 4.03365516662598 3.9845712184906 3.6547384262085 3.16354584693909 2.894770860672 2.65113139152527 2.45171999931335 2.2755434513092 2.11849737167358 1.97200512886047 1.64972245693207 1.31482696533203 1.70841217041016
4.38123941421509 4.28041124343872 4.21853876113892 4.12434530258179 4.16263246536255 4.15346622467041 4.09153747558594 4.0851845741272 4.15959787368774 4.2680459022522 4.34599256515503 4.47774171829224 4.52624273300171 4.60685348510742 4.65371656417847 4.75254249572754 4.7981014251709 4.80879831314087 4.67334842681885 4.44882583618164 4.09217023849487 3.76062512397766 3.43224573135376 3.0460250377655 3.03032207489014 3.25719904899597 3.55056238174438 3.85968017578125 3.95377326011658 3.92333793640137 3.86927580833435 3.93798875808716 3.86203694343567 3.5011568069458 2.95980525016785 2.61273598670959 2.33589601516724 2.06483459472656 1.89292871952057 1.81841647624969 1.60368156433105 1.22939956188202 1.05266082286835 1.13267636299133 2.11433982849121
4.13695955276489 4.0895791053772 4.05215930938721 4.04136943817139 4.0254545211792 3.97611522674561 3.91982316970825 3.86246109008789 3.97165584564209 4.02999973297119 4.11128330230713 4.23367691040039 4.27822542190552 4.33436250686646 4.45264720916748 4.45694637298584 4.56325244903564 4.45432996749878 4.24453401565552 3.89514708518982 3.54363012313843 3.16656732559204 2.84239649772644 2.95556712150574 3.34620022773743 3.60868954658508 3.69359040260315 3.80099606513977 3.83012437820435 3.80443596839905 3.86106324195862 3.76071858406067 3.38524889945984 2.82580041885376 2.44530010223389 2.07311034202576 1.77746832370758 1.610995054245 1.52233910560608 1.34854030609131 0.993533968925476 0.740000426769257 0.762377977371216 0.929123520851135 1.79176533222198
3.95401978492737 3.92830872535706 3.97299337387085 3.94729328155518 3.89038729667664 3.84483909606934 3.78115797042847 3.76221704483032 3.78364944458008 3.84509873390198 3.86106562614441 3.91783094406128 3.96770453453064 4.05699443817139 4.08279514312744 4.11825656890869 4.07383012771606 3.94471025466919 3.65827989578247 3.20528244972229 2.87061619758606 2.70631647109985 2.86577916145325 3.1956832408905 3.44435524940491 3.54575204849243 3.60862493515015 3.6561164855957 3.6578106880188 3.73668575286865 3.66750240325928 3.31969618797302 2.76701307296753 2.35693669319153 1.95663559436798 1.55157053470612 1.35227298736572 1.19975435733795 1.05834460258484 0.781401097774506 0.585281252861023 0.619828164577484 0.673532009124756 0.810728847980499 1.5035811662674
3.80858731269836 3.84685659408569 3.84483551979065 3.80267357826233 3.75023055076599 3.70817136764526 3.69441652297974 3.64836621284485 3.60861325263977 3.62894201278687 3.64834856987 3.67364978790283 3.73002052307129 3.72791004180908 3.65509176254272 3.55034232139587 3.37892699241638 3.16464638710022 2.87181568145752 2.71449303627014 2.55322337150574 2.65048956871033 2.99184536933899 3.24355006217957 3.33310890197754 3.37397789955139 3.38115882873535 3.42976975440979 3.53892302513123 3.5021710395813 3.19779801368713 2.71175622940063 2.32542443275452 1.91014790534973 1.50206971168518 1.18150520324707 1.00913166999817 0.755471408367157 0.455256342887878 0.423453271389008 0.452952772378922 0.498331069946289 0.558710992336273 0.611114263534546 1.04742968082428
3.66374397277832 3.70749878883362 3.69177198410034 3.65359687805176 3.60133409500122 3.57538056373596 3.55952954292297 3.52866172790527 3.50808835029602 3.45385432243347 3.45181894302368 3.47931504249573 3.47777152061462 3.37844228744507 3.20687627792358 2.87844181060791 2.75173377990723 2.60315203666687 2.38937997817993 2.2158510684967 2.33169484138489 2.62827968597412 2.82426357269287 2.88636302947998 3.07796263694763 3.11658716201782 3.21030354499817 3.2701051235199 3.28946161270142 3.02849173545837 2.57377552986145 2.26465177536011 1.89949977397919 1.74747121334076 1.11660158634186 0.886227965354919 0.65789794921875 0.24880613386631 0.143196314573288 0.245221301913261 0.284634053707123 0.315786689519882 0.371892780065536 0.464696407318115 0.560699045658112
3.34429502487183 3.43613123893738 3.50775575637817 3.49531865119934 3.50487399101257 3.46044063568115 3.44737029075623 3.44073987007141 3.38948750495911 3.33519148826599 3.27653169631958 3.24938035011292 3.1809413433075 3.01319479942322 2.67252111434937 2.4877564907074 2.31799459457397 2.02746152877808 1.95911920070648 2.00008821487427 2.24013948440552 2.44948220252991 2.28708839416504 2.38149929046631 2.6332631111145 2.85507655143738 2.90932106971741 2.95570182800293 2.73018097877502 2.4053795337677 2.13442039489746 1.8387131690979 1.60235261917114 2.02395963668823 1.29363024234772 0.443781435489655 0.411036759614944 0.027793949469924 -0.0293531641364098 0.0602845400571823 0.115683637559414 0.157396793365479 0.218557506799698 0.301672637462616 0.340103358030319
2.96850109100342 3.07493758201599 3.25040340423584 3.30621409416199 3.35978055000305 3.33695435523987 3.35381507873535 3.30916833877563 3.27622389793396 3.1859827041626 3.12228512763977 3.02469682693481 2.84008979797363 2.52003717422485 2.17993402481079 1.97186863422394 1.79132342338562 1.79211783409119 1.87446713447571 2.04584336280823 2.15563631057739 2.15712738037109 2.07839751243591 1.90986657142639 2.17880439758301 2.47471404075623 2.38624024391174 2.06009268760681 1.88312315940857 1.78185415267944 1.64026689529419 1.40236330032349 1.48966181278229 1.70327150821686 1.34467208385468 1.8532041311264 3.76507759094238 1.50063228607178 -0.147674888372421 -0.0696222484111786 -0.0216360166668892 0.00605222024023533 0.0649633333086967 0.111208215355873 0.129697501659393
2.72629761695862 2.81890058517456 2.9547381401062 3.14021396636963 3.22408246994019 3.21951746940613 3.19272136688232 3.15669989585876 3.12233233451843 3.04090309143066 2.88463640213013 2.71133351325989 2.38867402076721 2.06087350845337 1.82782518863678 1.68085157871246 1.6954790353775 1.77605724334717 2.01722478866577 2.12025880813599 1.95674359798431 1.89979708194733 1.78873991966248 1.75230014324188 1.77494513988495 1.8475079536438 1.67144381999969 1.62801325321198 1.4899195432663 1.31236433982849 1.12759578227997 1.06971263885498 1.38800823688507 1.35867035388947 1.41457009315491 3.08422660827637 5.78767442703247 4.30794954299927 -0.213049218058586 -0.145117595791817 -0.105007097125053 -0.0928272232413292 -0.0998573526740074 -0.094730369746685 -0.0255128815770149
2.54251742362976 2.66562509536743 2.86360383033752 3.1070728302002 3.11317586898804 3.11985516548157 3.04573655128479 3.04501485824585 2.96430897712708 2.82663369178772 2.60028409957886 2.28059148788452 1.96265149116516 1.71963560581207 1.5675812959671 1.58621871471405 1.69882214069366 1.92832267284393 2.10384607315063 5.03956460952759 4.15953540802002 1.64100527763367 1.60843729972839 1.56097197532654 1.16332519054413 0.940039753913879 1.0966522693634 1.21514892578125 1.16133487224579 1.02627050876617 0.861463904380798 0.994588136672974 1.66916489601135 1.90538573265076 2.51735281944275 3.89457488059998 5.11310052871704 5.72532892227173 0.837627768516541 0.393312752246857 1.36674106121063 1.90632164478302 -0.18667134642601 -0.276213407516479 -0.186717435717583
