slauniainen/Data/DEM/Vihti_dsm1500b_cl_horizonAngle_90.asc
NCOLS 196 
NROWS 178 
XLLCORNER 353680 
YLLCORNER 6699024 
CELLSIZE 16 
NODATA_value -3.4e+38 
[rows 60 to 79 of 178, columns 0 to 45 of 196]
3.01208543777466 4.86127185821533 5.08960056304932 5.30323266983032 5.56438875198364 5.87315559387207 6.1857852935791 6.47668361663818 6.71447801589966 7.22689247131348 7.66752099990845 8.31734371185303 9.02392387390137 9.94481086730957 11.2447671890259 12.9980411529541 15.318678855896 18.2812061309814 23.4749355316162 31.7122955322266 50.2526512145996 0.530340850353241 4.74948740005493 5.52595138549805 5.44250440597534 2.29574918746948 3.03758692741394 4.28652811050415 5.21399736404419 5.82390546798706 6.36662483215332 6.91307306289673 7.64700937271118 8.45546245574951 9.33365058898926 10.331768989563 11.4590864181519 12.7469244003296 14.4355840682983 17.9371662139893 25.5469093322754 42.7160606384277 15.368631362915 51.8938179016113 9.06226634979248 -0.972517848014832
2.14379858970642 0.943264603614807 2.54536175727844 2.64628529548645 2.73645329475403 2.85619568824768 2.96912670135498 3.02012777328491 3.03462147712708 3.10962176322937 4.00902223587036 3.11707544326782 3.19507241249084 3.50796103477478 3.91260004043579 4.20890998840332 4.47358560562134 4.71917819976807 4.92019748687744 5.25826215744019 7.97985172271729 11.7535943984985 5.34363746643066 5.93329286575317 8.28391170501709 1.29110360145569 1.48525702953339 2.62639164924622 3.72372531890869 4.45590400695801 5.04768800735474 5.63758993148804 6.31621885299683 7.14661884307861 7.96562385559082 8.83025550842285 9.82466983795166 11.1636724472046 12.8664503097534 14.9934797286987 18.1620750427246 23.037935256958 33.4883728027344 27.0532264709473 -0.528120577335358 4.40859746932983
27.8067989349365 2.62410259246826 4.93996858596802 5.11455106735229 5.34735584259033 5.58893728256226 5.77717781066895 5.95808601379395 6.22252559661865 6.47269821166992 6.63873481750488 6.90810585021973 7.31097459793091 7.80973768234253 8.40019512176514 9.10696601867676 9.99323844909668 10.9502363204956 11.6837463378906 12.8871803283691 14.9240455627441 17.4189109802246 19.7333698272705 24.7025394439697 34.0553741455078 51.7672996520996 -1.31042265892029 0.816532611846924 1.73640072345734 2.38716411590576 2.91180229187012 3.16797304153442 4.13094615936279 4.88344478607178 5.59672021865845 6.3657374382019 7.28082847595215 8.58742141723633 10.2103900909424 12.3563604354858 15.7646818161011 22.3356456756592 37.6808624267578 2.58671450614929 5.89154291152954 6.49368572235107
6.79939365386963 7.82741260528564 8.93466567993164 10.6580495834351 13.883768081665 19.9820709228516 35.9642639160156 3.81097269058228 6.08740854263306 6.23729419708252 6.43113040924072 6.76520967483521 6.99954748153687 7.30297708511353 7.65253448486328 8.48813343048096 9.22602653503418 9.98551464080811 10.5613689422607 12.1424026489258 14.3008518218994 17.5210762023926 22.1868019104004 31.1246395111084 49.4853210449219 10.7862215042114 17.7106590270996 -1.42559444904327 1.30200684070587 2.02633929252625 6.57783222198486 17.4569263458252 2.05898594856262 3.82469367980957 4.27184104919434 4.69752836227417 5.16773843765259 5.72557973861694 6.28109502792358 6.85506200790405 7.50884246826172 8.43031597137451 9.54530620574951 11.6249170303345 10.5964479446411 16.8920383453369
9.41298484802246 10.8975248336792 13.126275062561 16.8123874664307 24.0118026733398 41.5972213745117 2.00291967391968 38.3199577331543 2.44723081588745 4.86594295501709 5.08371925354004 5.23926544189453 5.30035591125488 5.51098728179932 6.06149435043335 5.5273585319519 6.54451990127563 7.23550939559937 7.87913417816162 8.83147811889648 10.2482271194458 11.8395824432373 14.2731428146362 17.5241813659668 30.1599349975586 18.1306304931641 23.6545352935791 -0.784324288368225 1.45883560180664 1.88794076442719 2.38951683044434 2.77051758766174 3.14770746231079 3.5427508354187 3.93751645088196 4.33702421188354 4.75626134872437 5.1806263923645 5.62068510055542 6.07449626922607 6.55021905899048 7.16316747665405 7.90647506713867 8.74159622192383 9.79854679107666 11.6854190826416
9.12302112579346 10.534649848938 12.441948890686 15.9727458953857 22.9281539916992 39.6606063842773 0.589912295341492 2.41870594024658 0.830422759056091 4.16325283050537 4.86438846588135 5.33864068984985 5.97125864028931 6.75241708755493 3.71197819709778 2.5584442615509 2.95268559455872 3.43515181541443 4.36508131027222 5.3020658493042 6.86188650131226 8.92694568634033 12.6207113265991 18.5102405548096 32.7432746887207 3.32232666015625 6.43715620040894 9.97915649414062 0.142444878816605 2.09993815422058 2.33519577980042 2.76087117195129 3.16149806976318 3.52104806900024 3.93143701553345 4.35261392593384 4.76706647872925 5.16004133224487 5.64291429519653 6.17924833297729 6.76938676834106 7.52536487579346 8.47048854827881 9.61760234832764 11.1256351470947 13.7151956558228
7.25509738922119 8.11502647399902 9.08892345428467 10.9191064834595 13.9497404098511 19.903263092041 35.8926048278809 7.53245210647583 0.0246282331645489 3.33727955818176 3.75825357437134 4.09845113754272 5.12670183181763 3.12294006347656 4.00207567214966 3.27792882919312 1.15671873092651 1.20990681648254 1.87301087379456 2.75343656539917 3.71086764335632 4.75493097305298 6.77389717102051 9.35285758972168 9.74633598327637 28.1244163513184 0.969510734081268 1.00987362861633 1.69999146461487 2.12196111679077 2.25547695159912 2.44332504272461 2.77886819839478 3.11128997802734 3.44974541664124 3.82755398750305 4.16981744766235 4.4997353553772 4.85580205917358 5.27117252349854 5.7426176071167 6.29124212265015 6.9132137298584 7.64074563980103 8.54874706268311 9.88818359375
3.63960361480713 2.95049834251404 3.15839266777039 3.32332754135132 3.80735182762146 4.97166347503662 8.58525466918945 1.07013094425201 2.44727230072021 2.90424394607544 3.3619532585144 4.14533615112305 4.21254825592041 2.59139490127563 2.38592123985291 1.6746883392334 2.04784274101257 1.19876825809479 1.22860169410706 1.40354549884796 2.28959035873413 3.24131321907043 4.52267122268677 6.74597930908203 11.099552154541 23.1462287902832 1.43255043029785 2.26732993125916 2.34872078895569 2.45196557044983 2.61009311676025 2.81014370918274 3.17370581626892 3.51800155639648 3.91784262657166 4.35451793670654 4.75678634643555 5.17091608047485 5.62871551513672 6.1935977935791 6.87234735488892 7.6389045715332 8.52257061004639 9.63466453552246 11.1462688446045 13.2470102310181
2.45126533508301 2.68374109268188 2.81340026855469 2.13531637191772 1.87669348716736 1.87756741046906 1.87797582149506 2.02453827857971 2.39625334739685 2.94043493270874 3.44361424446106 3.78367877006531 3.95014405250549 3.81438398361206 0.975641250610352 1.00157046318054 1.05703151226044 1.17163753509521 1.12547028064728 1.25844824314117 1.96785163879395 2.23517560958862 2.82381653785706 3.55939102172852 4.25245714187622 5.82071781158447 7.59491491317749 10.1701536178589 15.0666265487671 27.9449462890625 1.2721756696701 2.84470820426941 3.03090810775757 3.29863858222961 3.62552189826965 3.99688124656677 4.36432266235352 4.76814556121826 5.23735189437866 5.82768392562866 6.4991307258606 7.26620006561279 8.16733551025391 9.28843879699707 10.8048648834229 12.8144454956055
2.80386543273926 3.20900130271912 3.15834140777588 2.7442638874054 2.02020859718323 2.26068425178528 2.18448543548584 2.24688124656677 1.95446789264679 2.43386626243591 3.37098336219788 4.29228019714355 3.27097105979919 1.2199319601059 1.28954708576202 1.36104261875153 1.42504990100861 1.5160083770752 1.58197462558746 1.72461426258087 1.8338463306427 1.95898902416229 2.10134053230286 2.15264797210693 2.31586146354675 2.50475597381592 2.62002229690552 2.73461890220642 2.84312629699707 2.94182872772217 3.04762864112854 3.1679220199585 3.33149170875549 3.52856421470642 3.78851723670959 4.07262802124023 4.34770822525024 4.66270589828491 5.05231714248657 5.48225116729736 6.15182447433472 6.79789400100708 7.534255027771 8.43037605285645 9.59623050689697 11.1487045288086
3.51465559005737 3.54947280883789 2.70675563812256 2.97227430343628 2.78656435012817 2.94250583648682 3.23317861557007 3.65519499778748 2.79460763931274 1.41606521606445 2.2534282207489 4.19574117660522 0.755625247955322 0.834159016609192 0.954762816429138 1.01279854774475 1.02763557434082 1.05852937698364 1.13451910018921 1.28762924671173 1.70503783226013 3.04988098144531 5.10153341293335 11.1805047988892 1.33825659751892 1.96285462379456 2.05526947975159 2.15461826324463 2.25012183189392 2.33667969703674 2.40675950050354 2.48393368721008 2.62702655792236 2.7695415019989 2.96054625511169 3.27389430999756 3.58161544799805 3.97885036468506 4.30426979064941 4.57641887664795 4.87418937683105 5.38424682617188 5.69233274459839 6.20650291442871 6.84948110580444 7.64761304855347
3.57956600189209 3.92270731925964 3.40918827056885 3.85141491889954 3.56297993659973 3.85401582717896 4.22894716262817 5.19460678100586 6.02019691467285 1.98890316486359 0.618527054786682 0.709968328475952 0.805756807327271 0.898925840854645 1.45285224914551 0.943885445594788 0.986941039562225 1.05381381511688 1.1147049665451 1.21169173717499 1.34197211265564 1.42978358268738 1.5011225938797 1.71435356140137 1.84004485607147 1.93456661701202 2.02165412902832 2.10420680046082 2.19434189796448 2.27830648422241 2.3487913608551 2.45497059822083 2.61178636550903 2.77750182151794 3.05809760093689 3.32745313644409 3.68216490745544 3.76935768127441 3.92825388908386 4.29459190368652 4.71078491210938 5.26865434646606 5.82783651351929 6.34091854095459 7.08463430404663 8.0050630569458
3.96493554115295 4.62868165969849 3.38081026077271 3.50980377197266 3.59096646308899 3.64160633087158 3.78780221939087 4.77760982513428 4.6241626739502 4.37161540985107 0.779857814311981 1.12324178218842 1.40041589736938 1.6165452003479 1.72751486301422 1.89230525493622 2.07608842849731 2.20876479148865 2.42508983612061 2.84277558326721 3.33894801139832 3.63640594482422 4.64056396484375 5.61157512664795 6.54688549041748 7.71282434463501 9.25630187988281 11.5252208709717 15.3122072219849 22.3842353820801 38.961254119873 0.861965000629425 1.2042852640152 1.53691744804382 2.03542995452881 2.42697191238403 2.42781281471252 2.50377154350281 2.6206226348877 2.75851440429688 2.91708326339722 3.17375373840332 3.7036669254303 3.97322630882263 4.48628377914429 5.08026218414307
3.30777812004089 4.46171426773071 3.71852111816406 3.13592433929443 4.14719104766846 2.90969753265381 2.59914827346802 3.5867030620575 2.7864990234375 2.78185176849365 0.838264226913452 0.974626660346985 1.20837008953094 1.51429498195648 1.66142702102661 1.94073522090912 2.48836612701416 2.20827913284302 2.47147560119629 2.9892852306366 3.43285346031189 4.2483925819397 5.51556968688965 6.73047637939453 8.23560047149658 10.4503755569458 14.0058307647705 20.6490097045898 37.6567001342773 1.00664019584656 1.33263850212097 1.52643954753876 1.75889670848846 1.90024697780609 2.40546846389771 2.47734785079956 2.53193187713623 2.64277386665344 2.78814888000488 2.95250272750854 3.1297492980957 3.3015673160553 3.55207943916321 3.75903058052063 4.26667928695679 4.81758785247803
3.56153392791748 5.37371253967285 4.61441802978516 2.26931571960449 2.61474680900574 2.74199485778809 2.76702404022217 2.71228933334351 2.9585280418396 2.41934394836426 1.93682777881622 2.06220650672913 2.30726218223572 2.67185378074646 3.01853680610657 3.444260597229 3.72683572769165 4.13888168334961 4.48997020721436 4.89842176437378 5.56205129623413 6.87153339385986 8.22678661346436 9.86311149597168 12.111424446106 15.5891342163086 21.0417652130127 33.4647026062012 27.7013854980469 0.495770663022995 0.940840303897858 1.94224846363068 1.97736752033234 2.10352730751038 2.1969108581543 2.30397057533264 2.40090751647949 2.51861619949341 2.65199422836304 2.80542039871216 2.97022223472595 3.1351363658905 3.34309530258179 3.51316070556641 3.66795802116394 3.85411310195923
2.50974154472351 3.82239437103271 3.51500248908997 2.7412383556366 2.26333022117615 2.466313123703 2.48767066001892 2.93291425704956 2.6154351234436 2.9034161567688 1.04873645305634 1.10588014125824 1.30807983875275 1.41519331932068 1.79123222827911 2.21479272842407 2.46939754486084 2.73261499404907 2.96665477752686 3.09913206100464 3.92831611633301 4.89719915390015 6.09442949295044 7.74488067626953 10.3855810165405 14.9280414581299 21.3088321685791 35.5436706542969 3.75461363792419 1.00062203407288 19.3319549560547 0.696903169155121 9.78728294372559 1.44334697723389 1.88306391239166 1.97970545291901 2.08728432655334 2.2154586315155 2.34033894538879 2.48188471794128 2.63893842697144 2.78973817825317 2.94511532783508 3.17405676841736 3.27863216400146 3.4594886302948
2.09361362457275 2.49187016487122 2.88119292259216 2.52832794189453 1.93116819858551 2.59375333786011 2.13130593299866 2.52555346488953 2.66195249557495 1.55845272541046 1.64311981201172 1.71335625648499 1.76837944984436 1.84369874000549 2.21874189376831 2.54509711265564 2.82421112060547 3.08121657371521 3.32805395126343 3.81072640419006 4.35257530212402 4.91918897628784 5.66307878494263 6.75799894332886 8.42449474334717 9.35941982269287 10.5630292892456 12.7195310592651 16.342357635498 26.135534286499 18.4208545684814 0.480308413505554 12.5571756362915 1.31854212284088 1.78297543525696 1.87335765361786 1.98670434951782 2.12539339065552 2.25596952438354 2.38808727264404 2.52923941612244 2.67761206626892 2.82461857795715 3.03904867172241 3.13855624198914 3.31606602668762
1.62741994857788 1.87902140617371 2.82047271728516 1.63439834117889 1.69362902641296 1.84522950649261 2.03681230545044 2.16775512695312 1.7262374162674 1.77884685993195 1.81147456169128 1.87432742118835 1.92096996307373 2.08404159545898 2.31348729133606 2.5985164642334 2.77005386352539 2.96310329437256 3.43109917640686 3.81523513793945 4.1573314666748 4.56916761398315 5.15214538574219 6.08449649810791 6.90501308441162 7.2794771194458 8.05667209625244 9.15688419342041 13.8187475204468 9.86680221557617 12.3190231323242 13.0201530456543 22.1922054290771 -0.243868306279182 0.99376392364502 1.07599663734436 1.16262578964233 1.27392423152924 1.39899230003357 1.51001167297363 1.62985479831696 1.76013147830963 1.88333427906036 2.06267285346985 2.20945286750793 2.34184312820435
1.22019469738007 1.59677839279175 1.96093261241913 1.23483788967133 1.25752866268158 1.27769911289215 1.28735637664795 1.31177771091461 1.41420388221741 2.05269956588745 1.31357264518738 1.39782071113586 1.46723222732544 1.54373049736023 1.71351194381714 1.88808858394623 1.98446881771088 2.37802791595459 2.66937518119812 2.87020206451416 3.14325833320618 3.43288898468018 3.88925981521606 4.74434995651245 5.00359344482422 5.37210512161255 5.92179679870605 7.60784149169922 13.1879663467407 6.17245817184448 10.7640714645386 14.77565574646 26.8160266876221 4.20357847213745 0.12018009275198 16.0183696746826 0.560400545597076 1.17810475826263 1.28816664218903 1.40067231655121 1.5111471414566 1.62678575515747 1.74752771854401 1.85177218914032 2.02735257148743 2.10054659843445
1.70541894435883 1.76651358604431 1.81163799762726 1.84298503398895 1.88345444202423 1.92588603496552 1.98360455036163 2.06223273277283 2.111891746521 2.16178798675537 2.20850205421448 2.31202912330627 2.4359347820282 2.57908487319946 2.8371479511261 3.01779294013977 3.43550038337708 3.96570515632629 4.32461309432983 4.7135181427002 5.1610860824585 5.73195695877075 6.60217142105103 8.08524036407471 8.80950832366943 10.0286617279053 11.748384475708 14.190938949585 18.0802097320557 25.4094829559326 41.6515769958496 -0.457766532897949 6.360520362854 7.81138753890991 11.3117237091064 22.1014919281006 0.112534590065479 0.879357814788818 1.0005419254303 1.10039246082306 1.14099383354187 1.2698450088501 1.44306194782257 1.55179250240326 1.69475626945496 1.81494975090027
