slauniainen/Data/DEM/Vihti_dsm1500b_cl_horizonAngle_102.asc
NCOLS 196 
NROWS 178 
XLLCORNER 353680 
YLLCORNER 6699024 
CELLSIZE 16 
NODATA_value -3.4e+38 
[rows 100 to 119 of 178, columns 92 to 137 of 196]
9.68978881835938 12.3213176727295 2.83964419364929 3.8401792049408 7.18928813934326 8.19566059112549 11.4758186340332 19.4057941436768 8.27015495300293 13.694561958313 10.4366226196289 6.44122982025146 8.67486763000488 20.5073947906494 9.00886535644531 3.05663776397705 4.51051235198975 7.03172302246094 10.3896169662476 -1.26332581043243 9.57894515991211 21.6193733215332 5.16606855392456 -0.949205040931702 0.0487102977931499 14.1131353378296 2.6276159286499 3.78647041320801 3.11936283111572 17.6315288543701 28.7588043212891 7.02309608459473 17.1044158935547 0.93864917755127 1.28777599334717 3.19350433349609 8.18068504333496 2.00617551803589 2.14400029182434 3.40074181556702 2.20600867271423 1.76727259159088 2.44688487052917 3.71105337142944 3.91217684745789 4.12823152542114
22.7765884399414 0.379952132701874 9.86448097229004 0.588753998279572 2.83086276054382 5.1041145324707 6.98235511779785 13.8717203140259 12.1665000915527 12.2364835739136 18.2697353363037 0.912367582321167 8.37674808502197 7.31808185577393 19.1587009429932 19.1237945556641 -1.10967612266541 3.55757093429565 6.45570230484009 -0.466057926416397 4.04225015640259 11.7567834854126 -0.132962480187416 -0.046892311424017 -0.118811286985874 1.33115303516388 4.98497819900513 12.9229297637939 14.4437847137451 11.9587631225586 5.1570405960083 5.67932653427124 7.65432739257812 22.5769557952881 3.84985089302063 3.336665391922 8.56660652160645 9.59802341461182 2.84920716285706 5.51196813583374 4.83334398269653 28.3079605102539 2.14340448379517 2.4990086555481 4.36662864685059 4.58501625061035
0.212652981281281 5.04021406173706 8.86863040924072 0.611919045448303 0.984419226646423 3.94108843803406 4.29595851898193 5.06960916519165 13.7582950592041 17.5002918243408 1.67048585414886 9.9982795715332 35.9852104187012 1.18862926959991 6.41653919219971 12.9354362487793 15.7325305938721 9.05650424957275 14.7187166213989 -0.6187384724617 -0.349627673625946 0.90290904045105 0.369080424308777 0.598599493503571 1.58733427524567 12.9513959884644 13.7146854400635 30.7085590362549 3.49951028823853 3.57058525085449 5.61752557754517 11.003532409668 14.0457849502563 12.5561227798462 28.2763957977295 2.77772164344788 3.30762648582458 2.62790608406067 2.38848853111267 2.91219210624695 3.28031969070435 7.37873888015747 3.4887421131134 6.77900552749634 2.64648866653442 4.54635190963745
11.655556678772 0.771193265914917 1.3076993227005 1.64676320552826 2.16980695724487 2.71970653533936 3.09565448760986 3.66109228134155 8.68796825408936 16.8798332214355 5.07938385009766 7.49570560455322 0.935558378696442 2.88878798484802 16.655345916748 9.37003707885742 10.9293012619019 25.6801452636719 0.460859924554825 8.56933689117432 12.4098176956177 3.57761073112488 0.467620342969894 6.98269653320312 14.0112857818604 14.7009038925171 6.96359491348267 7.45852899551392 2.41502571105957 7.58594417572021 2.95636892318726 10.0522203445435 15.2137889862061 2.57472229003906 3.76435232162476 9.69893646240234 31.2689456939697 4.94353103637695 2.9843418598175 3.02298641204834 10.0847873687744 3.19709181785583 13.8451919555664 2.95923471450806 7.27711153030396 3.90527868270874
2.3492157459259 1.20806360244751 1.43314039707184 1.81239068508148 1.82325863838196 1.99650049209595 2.54729723930359 2.8380401134491 4.12199354171753 4.85956525802612 5.37452602386475 7.07442903518677 9.23886585235596 18.1708679199219 1.59101223945618 2.01452851295471 4.09203910827637 17.5416107177734 13.2924747467041 3.10171937942505 3.61817288398743 4.32093286514282 9.52763366699219 11.4704923629761 17.7274227142334 6.45442056655884 4.81820011138916 10.2326650619507 17.7598628997803 2.97993946075439 6.16302585601807 3.85117816925049 3.70140838623047 4.61956834793091 6.56530952453613 3.06662106513977 3.21170139312744 3.22967672348022 3.09629607200623 4.25289583206177 6.82620811462402 3.79635834693909 21.9034252166748 12.4053688049316 3.65466260910034 4.2612566947937
19.3587398529053 1.36652863025665 1.63296365737915 1.9265683889389 1.99425339698792 2.11012697219849 2.19239902496338 2.23758244514465 2.64470934867859 2.87696170806885 4.12263345718384 5.01394987106323 5.71423625946045 14.7077693939209 29.5503120422363 1.09220170974731 1.42855596542358 1.92687559127808 1.87395584583282 2.4565441608429 2.53728723526001 3.96587252616882 4.96685743331909 11.9478416442871 17.3978328704834 14.3864555358887 2.35853242874146 11.9902200698853 2.77124500274658 4.32730865478516 4.36965703964233 2.70071458816528 4.67049551010132 9.2519645690918 3.01366543769836 6.30815601348877 8.45718288421631 17.2150726318359 3.2257387638092 3.42399215698242 3.63521647453308 3.69839119911194 3.54891586303711 9.83310127258301 17.813512802124 4.2842264175415
1.94824969768524 2.32949566841125 1.97678029537201 2.22914028167725 2.3201265335083 2.40538883209229 2.50840592384338 2.60159707069397 2.38789772987366 2.48453783988953 2.60036540031433 3.48876237869263 4.1829309463501 5.65102434158325 11.1013469696045 17.841588973999 10.6983699798584 1.32305097579956 5.41630697250366 10.4147577285767 2.73365473747253 3.15102553367615 3.64642286300659 8.60897064208984 13.750283241272 2.90756988525391 6.99506807327271 9.25779247283936 9.79690837860107 12.0096158981323 2.77634644508362 3.06174898147583 3.32845211029053 3.55575513839722 3.62139248847961 3.54304909706116 6.35447359085083 14.6115436553955 5.23219871520996 11.7358407974243 3.5342230796814 9.3727331161499 19.7752285003662 3.98671746253967 10.9829959869385 4.4915018081665
3.37737154960632 1.99096369743347 2.03299498558044 2.14003944396973 2.20068168640137 2.30273962020874 2.38770198822021 2.47736430168152 2.73755192756653 2.82805061340332 2.94457960128784 3.08252835273743 2.88241195678711 3.30437088012695 3.48586249351501 4.77534961700439 12.3079853057861 24.6978168487549 4.45976209640503 1.84574329853058 2.22265768051147 2.53385400772095 3.06277561187744 11.7490539550781 2.91947770118713 7.40266942977905 8.6215238571167 8.1709680557251 4.11847114562988 13.7246961593628 3.16961979866028 3.55701947212219 3.64944410324097 4.62472820281982 7.51753330230713 4.18942260742188 4.41840124130249 4.62099742889404 4.47731924057007 5.05761957168579 5.23508644104004 6.72220706939697 8.9545373916626 10.7063245773315 11.1319789886475 14.1086120605469
8.14628982543945 5.45316505432129 6.59426641464233 1.81294810771942 2.19909596443176 2.301913022995 2.39038014411926 2.50092840194702 2.59060049057007 2.71207547187805 2.8104944229126 2.9258279800415 3.25173997879028 3.6839280128479 3.92474842071533 4.14507722854614 4.73368453979492 4.06055355072021 5.35313081741333 6.42371416091919 16.6190528869629 29.7173748016357 2.34055709838867 3.40484952926636 5.10246181488037 7.11443710327148 13.1944627761841 14.3843660354614 3.87719964981079 4.21404218673706 4.31927824020386 4.35136318206787 4.27977991104126 4.13616418838501 4.2206244468689 4.32085800170898 4.4250054359436 4.34565687179565 4.69446802139282 5.4832501411438 6.69368124008179 9.0410041809082 8.68997764587402 13.1941785812378 22.1742706298828 4.70253849029541
7.6721248626709 4.73458003997803 1.8135758638382 1.37226343154907 2.26423406600952 2.37988877296448 2.46693325042725 2.55519819259644 2.59871935844421 2.9458155632019 3.38902878761292 2.95550632476807 3.10457563400269 3.46901440620422 3.7944803237915 4.04039812088013 4.16889715194702 4.46453428268433 4.53599405288696 4.81895303726196 5.18011903762817 7.71341419219971 17.4354782104492 13.66930103302 3.51615166664124 3.5191764831543 5.66568326950073 7.09092998504639 8.98279476165771 17.5086841583252 17.7949504852295 12.4162340164185 7.25850343704224 8.93144416809082 4.66382837295532 4.84546279907227 5.40544986724854 4.52068662643433 4.58541345596313 4.87584972381592 5.00335645675659 7.62731027603149 15.0529155731201 11.3981981277466 5.53120517730713 10.1921558380127
1.79520654678345 2.77609801292419 1.80479669570923 2.10356450080872 2.93105220794678 3.03385353088379 3.14269185066223 3.25617003440857 2.77229809761047 2.98952603340149 3.12134194374084 3.26041698455811 3.25810551643372 3.40374279022217 3.75287175178528 4.06259727478027 4.35573768615723 4.57566070556641 4.69753408432007 5.02227878570557 5.3351035118103 5.34332275390625 10.3030796051025 20.9042739868164 5.3901686668396 6.07709264755249 7.75699520111084 12.7678155899048 18.9577865600586 12.8554449081421 23.9466457366943 38.2537460327148 4.54639148712158 3.18798780441284 3.45225095748901 4.02434682846069 6.24813747406006 10.1638135910034 10.0716800689697 5.36639928817749 5.47791767120361 5.46913576126099 9.61114692687988 7.88119602203369 6.18235921859741 6.6774435043335
2.06409406661987 8.87929344177246 2.29689979553223 2.29563903808594 3.27362036705017 3.34549331665039 3.57610893249512 3.40054726600647 3.60195899009705 3.79391503334045 3.95396900177002 4.14307451248169 4.20279026031494 3.45517873764038 3.68443727493286 4.07427167892456 4.37898731231689 4.65414428710938 4.9379243850708 5.19204092025757 5.45241785049438 5.9846830368042 6.45007944107056 6.80279779434204 7.60531568527222 8.51166534423828 10.2223892211914 12.4859676361084 16.4579811096191 18.0022525787354 26.8534660339355 7.14539241790771 3.5349292755127 4.4376540184021 3.399582862854 3.60487794876099 4.42386054992676 6.79687690734863 14.0493822097778 14.06969165802 19.9070091247559 5.00191879272461 6.0091438293457 7.66494560241699 10.246111869812 10.4243698120117
3.09649419784546 5.98361444473267 3.38583898544312 3.67354893684387 3.68638920783997 3.70952558517456 3.83322310447693 3.9386420249939 3.88386368751526 4.18627023696899 4.38380670547485 4.08704853057861 4.36645460128784 4.40167331695557 4.75647068023682 5.08640003204346 5.38842964172363 5.23877573013306 4.97851133346558 5.33330011367798 5.73983287811279 6.38389539718628 7.12520313262939 7.51927995681763 8.04128456115723 8.85155010223389 10.313178062439 14.9969329833984 28.2644195556641 10.8237752914429 27.7095489501953 8.19533824920654 19.3585186004639 3.09152245521545 5.16074371337891 3.72236633300781 4.75209999084473 7.85755157470703 8.57311630249023 11.5533123016357 14.7792081832886 5.75805234909058 7.55287885665894 9.48463916778564 13.3056697845459 8.5784330368042
3.30536007881165 3.73016119003296 4.02009344100952 4.44100999832153 5.07164859771729 5.34899139404297 5.52216196060181 5.70925855636597 5.33567762374878 4.46694993972778 4.78623342514038 5.02578020095825 5.28770017623901 5.01060438156128 5.28904008865356 5.59366893768311 5.19091939926147 5.73280954360962 6.09511852264404 6.47960710525513 6.87301874160767 7.61159086227417 6.79829216003418 8.23270034790039 10.5184507369995 10.5749063491821 21.9544944763184 9.92649936676025 9.3648624420166 20.1914958953857 12.1312665939331 16.2649364471436 3.02018642425537 3.47013831138611 5.62641143798828 3.82249927520752 4.02426910400391 8.28316307067871 8.92731475830078 9.15812206268311 20.3193359375 18.6194381713867 5.57292318344116 5.38686466217041 5.99848461151123 14.6400079727173
5.59975242614746 24.2655773162842 4.19636821746826 4.98943042755127 4.8721227645874 5.72331619262695 5.90533876419067 6.09278297424316 6.15927839279175 6.21426105499268 6.43496561050415 6.67192649841309 6.97892618179321 6.375807762146 6.03845834732056 6.34863758087158 6.83455324172974 7.40908432006836 6.72434616088867 7.31489229202271 7.8820333480835 7.24966669082642 8.59804725646973 10.3032913208008 12.2450113296509 13.6227769851685 27.391637802124 7.05515146255493 12.8135166168213 13.5934782028198 5.3444447517395 17.2762126922607 3.3601770401001 3.37628936767578 3.68241238594055 14.7894735336304 3.71763253211975 4.8293342590332 8.60283946990967 14.1706466674805 18.4128894805908 21.4975624084473 5.36591339111328 5.26555299758911 6.16231107711792 18.1884536743164
4.17623853683472 4.7633957862854 5.13337469100952 5.27697515487671 5.42893934249878 6.34958219528198 6.54063367843628 6.86291646957397 6.8510947227478 6.65132093429565 6.83864974975586 7.0676851272583 7.34401798248291 7.40728902816772 7.61433219909668 7.91607522964478 8.2480583190918 7.39212608337402 7.95007658004761 9.00254726409912 9.86615943908691 10.7507028579712 10.5054750442505 13.2800798416138 15.9187526702881 27.4148082733154 9.35618591308594 13.4806966781616 13.9460563659668 7.07834529876709 11.8210306167603 13.2506456375122 4.00001192092896 3.35385847091675 3.85301089286804 6.56153964996338 4.00112342834473 7.9215931892395 14.5867643356323 3.94798016548157 9.44360637664795 26.6080169677734 4.58990383148193 4.65730285644531 6.83401918411255 7.91390323638916
4.03146266937256 5.02168798446655 5.62525272369385 5.6471962928772 5.78929710388184 6.74427700042725 6.7405571937561 6.94886112213135 7.2080249786377 7.46821546554565 7.57427453994751 7.82061862945557 8.10239696502686 8.12872409820557 7.99539756774902 8.37720108032227 8.77460098266602 8.71698093414307 9.1013011932373 9.78032779693604 10.5084943771362 12.9974575042725 15.044750213623 18.4438972473145 13.2202224731445 19.1748046875 13.2342462539673 8.18740940093994 10.4901266098022 11.2012491226196 10.6776084899902 14.4412250518799 21.7930450439453 3.4559121131897 4.27861452102661 4.34561586380005 4.70317888259888 7.05275058746338 4.12194013595581 4.29368829727173 4.81506681442261 4.91028785705566 5.12411117553711 4.99381685256958 5.79952812194824 6.51085805892944
3.91531705856323 17.1652317047119 4.62666797637939 5.89918279647827 6.29954147338867 7.07926893234253 7.46172332763672 7.67798185348511 7.61175107955933 8.18942451477051 8.26326370239258 8.19601249694824 8.32511234283447 8.67984008789062 8.74316883087158 9.06986236572266 9.6976375579834 9.66879463195801 10.1510534286499 11.0692167282104 13.3842458724976 17.4406661987305 20.1567916870117 13.230694770813 19.5743713378906 9.90138053894043 10.0899276733398 16.3354511260986 20.3064289093018 4.32189226150513 9.45588970184326 10.0981502532959 3.25253939628601 3.56714224815369 3.75317358970642 3.7111496925354 3.86511039733887 4.55154514312744 10.3302898406982 15.2970905303955 4.80768632888794 5.0227313041687 4.63010263442993 16.1536922454834 5.14797306060791 5.18491363525391
4.72252368927002 5.32264471054077 5.56235790252686 5.63190269470215 6.19930934906006 7.05313873291016 7.40541982650757 7.72672271728516 7.9220290184021 8.49705791473389 8.53484058380127 8.86320400238037 8.95416831970215 9.19293403625488 9.50936889648438 9.7022180557251 10.0659713745117 10.8605537414551 11.8911485671997 12.3792934417725 14.4406433105469 17.5370254516602 24.762414932251 36.557487487793 10.9595308303833 12.8817119598389 19.5535144805908 9.38174915313721 11.7372732162476 10.4942312240601 16.0000457763672 9.08693313598633 7.18125820159912 5.27943325042725 9.72099304199219 13.8334150314331 9.37204456329346 8.83553886413574 5.82092475891113 12.0393762588501 4.93571758270264 4.83707427978516 9.04156112670898 5.81440830230713 8.3091459274292 15.2711820602417
4.20718145370483 5.16316986083984 22.2099800109863 5.16509866714478 6.37164211273193 7.97305250167847 8.26412391662598 8.07587146759033 8.55807209014893 8.98380565643311 9.17006397247314 9.37955093383789 9.16195106506348 9.54677677154541 10.0027351379395 10.6293306350708 11.103964805603 11.7296781539917 13.4601259231567 14.9997205734253 15.1298885345459 17.351146697998 18.3140277862549 29.6109466552734 13.2413759231567 15.9601802825928 25.8593521118164 10.4701194763184 12.4644174575806 11.4691286087036 12.7292518615723 12.2978916168213 13.9567308425903 15.2002058029175 19.5009498596191 23.729621887207 17.9666042327881 3.2592613697052 3.24892735481262 3.8360641002655 4.5040020942688 5.2375636100769 5.61155652999878 9.10268974304199 10.3200931549072 7.53900909423828
