slauniainen/Data/DEM/Vihti_dsm1500b_cl_horizonAngle_282.asc
NCOLS 196 
NROWS 178 
XLLCORNER 353680 
YLLCORNER 6699024 
CELLSIZE 16 
NODATA_value -3.4e+38 
[rows 20 to 39 of 178, columns 45 to 89 of 196]
0.575794577598572 0.20904578268528 8.80416011810303 0.0170937590301037 12.8889427185059 11.6816005706787 8.4730396270752 5.43749904632568 13.5454072952271 25.6590213775635 21.5876884460449 14.3078689575195 28.3482780456543 14.0705461502075 11.7244930267334 4.62887048721313 2.45332264900208 5.98412799835205 30.2831859588623 20.6230278015137 23.7772521972656 10.4172477722168 7.38941669464111 8.74725246429443 7.8389573097229 33.333984375 25.2692356109619 16.0805702209473 33.7515144348145 15.7707557678223 29.6609210968018 19.9645824432373 18.1222133636475 16.5561218261719 15.2723245620728 12.9383239746094 11.9921779632568 11.2522487640381 10.6713933944702 10.6348295211792 10.1106910705566 9.67614269256592 9.231125831604 8.84992218017578 8.22738361358643
1.35922682285309 0.472113847732544 2.53585648536682 7.11410522460938 8.00135803222656 6.93487167358398 12.8111553192139 11.7907457351685 10.6938714981079 25.2642955780029 17.8452854156494 24.1833400726318 19.5467891693115 12.2976722717285 8.42903709411621 6.42115116119385 4.50931215286255 14.8549165725708 12.023078918457 15.3108072280884 17.2014141082764 26.9203796386719 16.3318881988525 13.5948724746704 32.4459190368652 20.3820705413818 15.9605131149292 15.9478635787964 13.885461807251 40.5578002929688 24.1098136901855 15.2566995620728 13.7430734634399 13.5825939178467 14.5430221557617 14.0791940689087 13.1164464950562 12.2354412078857 11.4844799041748 10.8451499938965 9.55289554595947 9.10415077209473 8.68136882781982 8.45683574676514 8.51487445831299
16.1644039154053 7.39980411529541 4.46822071075439 15.5221366882324 13.6609497070312 15.6279859542847 16.1657562255859 17.0763835906982 18.727575302124 19.6546688079834 18.0986766815186 19.314302444458 16.8307361602783 8.98590660095215 27.9814949035645 8.87656307220459 5.34512996673584 19.6274166107178 14.1552381515503 16.8745059967041 18.0262393951416 15.710765838623 26.7661266326904 12.9100341796875 19.8168849945068 13.3878831863403 11.8119678497314 11.5369873046875 34.3805465698242 8.98959255218506 41.4985656738281 24.060791015625 13.5139350891113 12.3005418777466 11.2647657394409 10.2990140914917 9.63907718658447 9.03003787994385 10.0036382675171 10.6121463775635 10.2273244857788 9.72958946228027 9.2686939239502 8.84952449798584 8.4870662689209
7.53949117660522 11.9358987808228 12.0838956832886 12.1494035720825 10.5761241912842 15.2553644180298 14.7547731399536 10.3645401000977 19.5005950927734 18.461088180542 11.0888395309448 15.7094326019287 7.38112545013428 36.8884353637695 17.5456447601318 9.91014957427979 12.7944583892822 8.51918888092041 8.1204137802124 14.8584594726562 23.2462902069092 15.1778440475464 25.6468639373779 10.642970085144 12.4990901947021 15.5718488693237 19.4444713592529 12.2309865951538 34.8610916137695 22.1393756866455 20.0047588348389 15.7596473693848 16.8907051086426 13.1045150756836 10.6521148681641 9.92871189117432 9.45719814300537 8.81369400024414 8.21859359741211 7.80512428283691 7.49382972717285 7.29723167419434 7.01856470108032 7.91596698760986 8.43692874908447
8.33448219299316 14.264310836792 14.9211750030518 9.57730770111084 8.53297328948975 11.4551420211792 23.589822769165 10.2608480453491 15.5454139709473 10.9606618881226 15.1586074829102 12.0571002960205 12.0488338470459 8.65851593017578 32.6475563049316 19.2256832122803 15.8489942550659 13.7487926483154 12.3259592056274 10.725417137146 15.5431070327759 11.3663482666016 13.3659934997559 7.6927604675293 10.3201704025269 25.7051181793213 14.7666807174683 37.8750152587891 21.8390598297119 15.2910203933716 14.2451915740967 11.902551651001 11.1585140228271 10.902684211731 10.6162071228027 10.1039447784424 9.62289524078369 9.17050743103027 8.75100421905518 7.67318487167358 7.3164963722229 7.067138671875 6.80874633789062 6.77781581878662 6.57908630371094
22.5263595581055 16.1691436767578 28.1756706237793 19.5652160644531 14.8693065643311 10.2078056335449 8.54783821105957 15.3107957839966 10.3684492111206 8.15587139129639 8.48555088043213 7.2008900642395 24.0263385772705 23.8225173950195 10.1694498062134 9.67985820770264 12.2930469512939 9.82695579528809 8.92965888977051 8.81320762634277 7.60861968994141 21.3854522705078 7.67694473266602 7.3754448890686 15.8900995254517 25.9521865844727 19.7081394195557 23.9847927093506 18.9369525909424 15.7049217224121 13.0184803009033 11.1537036895752 9.99747753143311 10.4605751037598 9.91848373413086 9.44148254394531 9.02026844024658 8.61286449432373 8.58174324035645 8.34724140167236 8.06936931610107 7.79298305511475 7.53062868118286 6.535804271698 6.40566968917847
17.9250240325928 23.916482925415 25.3389835357666 20.3438243865967 13.1323766708374 12.5162496566772 10.3789100646973 7.20731830596924 24.9319686889648 11.4952020645142 14.9056329727173 7.53949880599976 6.43254947662354 6.42575311660767 17.8460540771484 13.235668182373 6.98857927322388 6.45913410186768 21.5594043731689 17.4263858795166 8.99538516998291 25.7167453765869 7.336510181427 10.8359422683716 15.017689704895 13.7788429260254 31.620922088623 19.2697811126709 15.1824083328247 12.674934387207 10.8484497070312 10.5610656738281 9.62820053100586 9.36856555938721 8.86742782592773 8.41476154327393 8.0316858291626 7.6888747215271 8.19918441772461 7.89536714553833 7.6562557220459 7.41385459899902 7.47408056259155 7.29160737991333 7.07112264633179
11.6980962753296 26.2644214630127 22.4299907684326 13.4539670944214 11.5929708480835 7.38308382034302 7.21958875656128 22.579833984375 14.0353536605835 8.15360641479492 7.09893989562988 11.977611541748 6.28454542160034 24.8134326934814 10.4526290893555 31.2566356658936 22.0395050048828 13.4078025817871 15.7967090606689 21.1252593994141 23.1917591094971 19.2951812744141 12.2972860336304 9.68833541870117 20.3209114074707 17.878791809082 19.7180862426758 15.4788646697998 12.6123676300049 10.4744825363159 9.75149250030518 9.26403427124023 8.18457126617432 7.35670471191406 7.61373710632324 7.37745141983032 7.15291166305542 6.96757888793945 7.35191202163696 7.07053375244141 6.8600902557373 6.64337682723999 7.15613031387329 6.92742347717285 6.71567630767822
21.5959320068359 13.6078882217407 11.7341375350952 25.6334915161133 8.35017585754395 6.17461967468262 3.33076691627502 8.76601314544678 17.1041984558105 29.7022476196289 22.8878688812256 8.43802928924561 7.23904848098755 10.6764688491821 10.4275484085083 7.65698432922363 35.4311637878418 28.9918899536133 17.5140209197998 15.2529067993164 10.9910106658936 19.7431221008301 8.77889156341553 8.90920639038086 26.9099903106689 15.3886547088623 16.4106578826904 12.5582275390625 10.0039949417114 8.11982250213623 8.1699686050415 7.27518177032471 7.48519992828369 7.23915815353394 7.00562620162964 6.78611660003662 6.62476825714111 6.49007368087769 6.3527135848999 6.64177560806274 6.49960708618164 6.35862302780151 6.40075349807739 6.19014406204224 5.99818658828735
12.3229131698608 16.3531837463379 15.8607997894287 11.7504444122314 6.67542886734009 3.45388531684875 3.14430236816406 2.63670349121094 15.8779401779175 13.6897268295288 31.0360221862793 10.8756914138794 35.3229942321777 22.2127056121826 10.6362171173096 21.4467296600342 18.4589462280273 22.75954246521 23.9205989837646 13.9974317550659 11.3795890808105 11.7774753570557 29.43869972229 16.7407131195068 10.8292922973633 8.70040416717529 7.90658330917358 6.53343725204468 25.2137889862061 12.0235376358032 8.02352142333984 7.32427263259888 6.78608798980713 6.76251840591431 6.54802513122559 6.34088516235352 6.18526554107666 6.30065298080444 6.25403451919556 6.12120771408081 5.99322271347046 5.94613170623779 5.82674932479858 6.062584400177 5.92340135574341
15.365611076355 14.234338760376 12.0696830749512 4.70540523529053 2.83518695831299 2.49837636947632 2.15563011169434 3.53527688980103 2.30618596076965 13.7312631607056 32.2177963256836 22.0572643280029 33.6582527160645 20.979866027832 11.6859674453735 28.6110305786133 20.3743553161621 18.3625965118408 12.7899198532104 8.70762825012207 41.5970726013184 24.8523063659668 14.8461256027222 7.43218374252319 6.62959718704224 13.8605241775513 8.64247035980225 5.89219903945923 36.765495300293 21.7504539489746 7.31562852859497 6.28314971923828 6.06974267959595 5.96158504486084 6.10956382751465 6.02509927749634 5.85627794265747 5.71271848678589 5.83576154708862 5.70911550521851 5.65498638153076 5.76729440689087 5.71259689331055 5.5968074798584 5.47300434112549
17.9239349365234 13.7594547271729 12.509464263916 5.38400268554688 3.44238710403442 2.48507499694824 2.31307935714722 3.55215644836426 1.85533726215363 42.4238128662109 25.4163246154785 33.9465789794922 25.5347080230713 20.6654930114746 16.2646923065186 15.1715402603149 13.6160440444946 31.336555480957 21.2927112579346 16.4298305511475 14.2519149780273 9.73803329467773 7.80796051025391 47.2138824462891 6.80300951004028 16.2182998657227 11.8764495849609 29.7118835449219 14.9226016998291 10.4271860122681 13.7435245513916 9.87253379821777 7.51327610015869 6.10771989822388 5.70065498352051 5.55224800109863 5.40883016586304 5.34032154083252 5.49609327316284 5.4635591506958 5.36222648620605 5.26198673248291 5.33520460128784 5.21563959121704 5.10825443267822
13.9586992263794 7.35644102096558 12.5735054016113 2.71297931671143 2.27882671356201 2.12208867073059 11.4012651443481 1.78741097450256 10.2923851013184 27.7960147857666 24.4192600250244 28.9175968170166 24.0008201599121 13.7417621612549 30.1236209869385 28.2661285400391 18.0522785186768 13.4727573394775 37.52490234375 22.8110313415527 10.5674629211426 8.89353466033936 8.09622001647949 7.63997745513916 45.4078788757324 26.8674392700195 6.53240442276001 9.18919658660889 25.6876411437988 20.0695381164551 7.95959997177124 6.71127796173096 6.44562530517578 6.21624755859375 5.73496103286743 5.57590007781982 5.43221235275269 5.29451656341553 5.14079475402832 5.04767227172852 4.9618182182312 4.87656831741333 4.84992408752441 4.97455263137817 4.92203330993652
11.8185272216797 8.36086559295654 5.83341932296753 3.19495463371277 1.61786913871765 11.7588186264038 1.36410129070282 1.29944396018982 24.2545490264893 11.9718780517578 17.972110748291 38.0512199401855 19.5303440093994 14.8465595245361 35.2012710571289 22.9773063659668 25.1004695892334 21.804220199585 19.3774852752686 11.5796546936035 10.1162185668945 14.090633392334 10.1569910049438 34.6770095825195 7.1063027381897 8.20226383209229 47.1014938354492 6.36436986923218 24.8862342834473 23.3299465179443 12.1836423873901 8.87550258636475 6.95447301864624 5.91144847869873 6.01980304718018 5.84113121032715 5.68458843231201 5.54495429992676 5.15307188034058 5.04720401763916 4.96251630783081 4.87728881835938 4.78526926040649 4.67004871368408 4.45371055603027
4.87494850158691 12.3476676940918 4.55502557754517 2.99367165565491 1.99614238739014 1.68786263465881 1.71021938323975 11.9881887435913 9.23745632171631 13.8935861587524 17.4701118469238 24.5955772399902 25.0835418701172 13.3881959915161 42.4267120361328 28.4059066772461 20.299337387085 17.0206336975098 9.69182205200195 10.5054578781128 10.1765127182007 46.4089202880859 27.6421356201172 8.7577600479126 8.0724573135376 7.03750562667847 6.88076066970825 45.5609474182129 6.14347124099731 45.4131240844727 25.0959396362305 10.314582824707 8.02247905731201 6.32674360275269 6.05783319473267 5.81788349151611 5.60819101333618 5.32233762741089 5.39334583282471 5.27121496200562 5.18004274368286 5.09455060958862 4.9943060874939 4.6635046005249 4.56447792053223
5.48742580413818 5.56935834884644 5.46646881103516 3.68974423408508 3.26080989837646 2.8840639591217 8.08755207061768 8.15701007843018 10.9263515472412 25.7093887329102 13.3676881790161 13.3110542297363 14.4989995956421 23.4996471405029 13.0042686462402 35.5139312744141 22.7590465545654 9.59600448608398 24.0743713378906 38.5388107299805 21.5171794891357 8.99945259094238 7.18549299240112 6.86647987365723 6.572998046875 7.30251407623291 7.2239933013916 5.8042631149292 51.8794898986816 23.6489582061768 17.2607116699219 15.7564468383789 11.8810091018677 9.45679187774658 7.51870536804199 6.28645515441895 5.59486389160156 5.41812419891357 5.24871397018433 5.09098148345947 4.9670205116272 4.85909795761108 4.62741279602051 4.8530969619751 4.75287103652954
8.91506481170654 6.38602733612061 5.77258014678955 3.9710590839386 5.16833972930908 3.37591814994812 5.7174072265625 20.2643909454346 16.716724395752 15.7814922332764 14.8632936477661 12.5742902755737 5.89566898345947 50.1656341552734 32.4443511962891 9.96152210235596 16.5545883178711 35.4781150817871 19.4348011016846 10.3535623550415 7.96405410766602 10.7773580551147 11.274676322937 8.08557319641113 7.73705720901489 7.5128698348999 6.71222305297852 5.59122705459595 5.25298881530762 4.7238941192627 47.8800926208496 27.5979080200195 12.4751796722412 10.3999814987183 8.8213529586792 6.1929612159729 5.93648672103882 5.71638631820679 5.50576305389404 5.04602861404419 4.90334558486938 4.76823282241821 4.67469263076782 4.55584001541138 4.43749094009399
13.7371873855591 13.5299825668335 27.8184356689453 7.49569988250732 7.24804592132568 3.84395289421082 3.50933337211609 30.3484973907471 9.34690189361572 35.969898223877 20.0600776672363 12.2389421463013 11.7438173294067 4.70546531677246 8.67848873138428 12.2871780395508 43.9609642028809 6.66162586212158 7.20489025115967 6.31279850006104 16.3337917327881 6.06531047821045 5.5545334815979 23.4237384796143 8.98034572601318 6.94180727005005 6.13730573654175 5.10578441619873 4.7578558921814 12.6845731735229 4.5841703414917 47.5269432067871 27.6053905487061 14.0509223937988 11.3246374130249 9.22609233856201 7.45686149597168 5.7789478302002 5.55467844009399 5.31029987335205 5.14637422561646 4.97369289398193 4.80766487121582 4.65998363494873 4.30764484405518
13.6158018112183 13.1135749816895 10.1144580841064 8.39321613311768 11.5245723724365 8.75735187530518 13.1513137817383 11.4313116073608 19.5023422241211 19.5642032623291 2.34777426719666 3.93364953994751 21.5404186248779 13.8345880508423 44.39697265625 3.01896524429321 3.20022201538086 3.75513792037964 3.3690869808197 11.3076972961426 3.57420611381531 3.99914765357971 5.09850025177002 14.9271078109741 10.7961702346802 4.56207275390625 4.24813318252563 7.08703804016113 4.86509084701538 4.57233095169067 4.46693181991577 4.15865659713745 47.9520950317383 28.2040176391602 14.153636932373 11.2777509689331 9.0375509262085 7.38732862472534 5.62862586975098 5.36478710174561 5.18528079986572 4.99552631378174 4.80658483505249 4.63150882720947 4.43794059753418
11.0189638137817 8.92462539672852 9.57946968078613 9.33965969085693 1.62425267696381 1.45984363555908 18.5963516235352 12.3870582580566 3.14034557342529 5.02076721191406 3.13135814666748 7.09212303161621 45.3020973205566 5.87503099441528 5.73313474655151 5.32751560211182 3.36519908905029 2.7155168056488 7.54760932922363 2.66099977493286 2.62114834785461 2.78524899482727 6.37036800384521 3.55334448814392 2.82904410362244 2.49318075180054 3.1394579410553 5.2756986618042 3.96770358085632 3.73758745193481 3.93480849266052 3.76646733283997 3.85842442512512 47.2755928039551 27.6283054351807 14.2235984802246 11.2798652648926 9.05080699920654 7.54740476608276 5.63371467590332 4.96466112136841 4.52431440353394 4.34326791763306 4.11895179748535 4.41172027587891
