slauniainen/Data/DEM/Vihti_dem1500b_cl_horizonAngle_246.asc
NCOLS 196 
NROWS 178 
XLLCORNER 353680 
YLLCORNER 6699024 
CELLSIZE 16 
NODATA_value -3.4e+38 
[rows 60 to 79 of 178, columns 45 to 89 of 196]
5.88080453872681 10.7940120697021 11.0109233856201 7.86506080627441 4.47590732574463 3.42141938209534 1.92535209655762 1.69088852405548 1.17498564720154 0.848703622817993 0.802791655063629 0.646817922592163 0.706711173057556 1.19355905056 1.38910973072052 2.56849193572998 2.59529042243958 1.33519065380096 0.995794117450714 0.992288529872894 0.840836822986603 0.637407064437866 0.553058624267578 0.583403646945953 0.392743229866028 0.254847884178162 0.268251180648804 0.249932944774628 0.251352459192276 0.251358985900879 0.23720371723175 0.22795732319355 0.19599874317646 0.167838871479034 0.145964115858078 0.0627133697271347 -0.00924830790609121 -0.0625828951597214 0.190220072865486 0.0297085847705603 0.152953341603279 0.252428501844406 0.173797205090523 0.336856067180634 0.647692918777466
3.51918053627014 10.8493633270264 9.87362766265869 6.57357168197632 3.98838448524475 2.53676009178162 1.62696993350983 1.06808114051819 0.794545412063599 0.455824196338654 0.433773458003998 0.374510943889618 0.530977368354797 0.305043160915375 0.53528881072998 0.950923442840576 1.36375939846039 2.61944985389709 2.48134732246399 1.56931805610657 1.16287922859192 0.850954353809357 0.703671991825104 0.538945019245148 0.379610389471054 0.285817086696625 0.272970110177994 0.276723980903625 0.271764069795609 0.270459830760956 0.259659707546234 0.246955946087837 0.212187647819519 0.183240652084351 0.158615335822105 0.10225722938776 0.0410639680922031 0.0757466852664948 0.178199574351311 0.175384372472763 0.285690784454346 0.361035823822021 0.434535920619965 0.424244284629822 0.576212763786316
2.00217866897583 8.01322174072266 11.6351251602173 5.50601196289062 3.8220055103302 1.72338736057281 1.1733318567276 0.597808063030243 0.532927453517914 0.349156439304352 0.153238758444786 0.154319554567337 0.186506673693657 0.210682824254036 0.308462023735046 0.218485057353973 0.427561908960342 0.440775573253632 1.23801136016846 3.33910036087036 2.2512378692627 1.20591843128204 1.07109701633453 0.522861361503601 0.334349185228348 0.323756277561188 0.299756437540054 0.301370203495026 0.307956606149673 0.294216990470886 0.267850488424301 0.250820368528366 0.228004738688469 0.211854711174965 0.198948100209236 0.150729611515999 0.225580260157585 0.223405122756958 0.431729525327682 0.507423877716064 0.481547176837921 0.465113908052444 0.617859661579132 0.616594135761261 0.623966693878174
0.369057327508926 4.2568793296814 8.30754661560059 4.58178901672363 3.29209637641907 1.44336438179016 0.846122920513153 0.494222104549408 0.179345652461052 0.17150217294693 0.209323361515999 0.233561709523201 0.233627200126648 0.250546604394913 0.247450590133667 0.240186989307404 0.236852928996086 0.251958340406418 0.684038281440735 0.989828169345856 1.59252643585205 2.69680571556091 1.51625001430511 0.869546294212341 0.387423902750015 0.352265447378159 0.347886741161346 0.344324082136154 0.319943070411682 0.31245818734169 0.292296141386032 0.255050629377365 0.240268364548683 0.222321212291718 0.31307515501976 0.283997088670731 0.501882493495941 0.588957011699677 0.552165925502777 0.719106495380402 0.721168160438538 0.703544616699219 0.685534536838531 0.78119695186615 0.779140472412109
0.0181765537708998 2.0154402256012 3.41707539558411 6.64952659606934 3.38691544532776 1.71985733509064 0.406661719083786 0.199483707547188 0.239747330546379 0.269701540470123 0.256229639053345 0.27526730298996 0.264348179101944 0.248076036572456 0.265077918767929 0.26284646987915 0.269749492406845 0.506021916866302 0.581597924232483 1.4043607711792 0.582431137561798 0.371898651123047 0.935584425926208 1.79405927658081 0.872013807296753 0.403973698616028 0.562170505523682 0.467177391052246 0.576499998569489 0.502074778079987 0.334905683994293 0.323487281799316 0.462798357009888 0.393659651279449 0.622436881065369 0.719907760620117 0.681441247463226 0.847883760929108 0.832392930984497 0.798971951007843 0.90494042634964 0.887453138828278 0.863011300563812 0.852925837039948 0.988544464111328
0.0972490385174751 0.574795782566071 1.43353509902954 4.18383884429932 3.75161576271057 1.31114292144775 0.323516100645065 0.317167490720749 0.297396302223206 0.318440139293671 0.300614237785339 0.288984388113022 0.298630982637405 0.292849600315094 0.319820791482925 0.313244193792343 0.529543161392212 0.608342111110687 1.55247712135315 0.591086268424988 0.422024041414261 0.421387940645218 0.622963845729828 0.487152695655823 1.58529210090637 1.39591431617737 1.17585015296936 1.03240668773651 0.940580487251282 0.966236233711243 0.732615768909454 0.579506278038025 0.804087400436401 0.897036969661713 0.822551488876343 1.01596057415009 1.02022874355316 0.962827026844025 1.07500851154327 1.03048813343048 0.997135698795319 1.01350426673889 1.0172723531723 1.08143615722656 1.05298101902008
0.210658937692642 0.162910386919975 1.20636093616486 2.54715609550476 2.7182183265686 0.599236845970154 0.411226391792297 0.382007867097855 0.357996046543121 0.32883682847023 0.336599439382553 0.319609761238098 0.347893327474594 0.344755202531815 0.35880845785141 0.367150604724884 0.539282143115997 1.19061744213104 1.25929772853851 0.431086122989655 0.422739654779434 0.571299076080322 1.75412774085999 1.58136832714081 1.6430459022522 1.99929141998291 1.84054923057556 2.06357192993164 1.5719633102417 1.56466329097748 1.52139949798584 1.28567171096802 1.12348353862762 1.2882513999939 1.27043390274048 1.17868649959564 1.2935585975647 1.23008072376251 1.19307243824005 1.18727672100067 1.24011981487274 1.24565887451172 2.34244608879089 1.27548241615295 1.19480466842651
0.444701284170151 0.489366799592972 0.57057511806488 1.73295974731445 1.39440822601318 0.654131293296814 0.490678876638412 0.403032749891281 0.407765626907349 0.38278329372406 0.401263684034348 0.377093732357025 0.397594958543777 0.40192711353302 0.401039987802505 0.550332427024841 0.821792960166931 1.26051294803619 0.499895602464676 0.426157027482986 0.357807606458664 0.676485121250153 2.32458281517029 3.10957002639771 2.36928749084473 2.61695122718811 2.58008241653442 2.69897055625916 2.9822826385498 2.49936318397522 2.18917107582092 2.05977511405945 1.82421100139618 1.65459060668945 1.69939529895782 1.60958230495453 1.53020048141479 1.54359102249146 1.51737821102142 1.45816540718079 1.44554400444031 1.4324688911438 1.39453113079071 1.22174096107483 1.13170099258423
0.855391383171082 0.795338094234467 0.794399321079254 1.05158078670502 0.793862283229828 0.739259004592896 0.571972668170929 0.497822791337967 0.498415917158127 0.473521858453751 0.471357107162476 0.462709605693817 0.455229133367538 0.490033328533173 0.487892895936966 0.648922204971313 0.736240208148956 0.608574271202087 0.513384521007538 0.417829006910324 0.305441051721573 0.287174075841904 2.12422585487366 3.80074310302734 4.27395868301392 3.47841215133667 3.78085684776306 3.37910771369934 3.37282204627991 3.35838913917542 3.03256964683533 2.86944246292114 2.54556179046631 2.33746933937073 2.07065320014954 1.97039902210236 1.92154598236084 1.83617639541626 1.74997544288635 1.6676059961319 1.51139688491821 1.40461492538452 1.31229341030121 1.21340560913086 1.06699585914612
1.10756289958954 1.04073476791382 0.96868622303009 1.00750768184662 0.96119749546051 0.876708686351776 0.790146708488464 0.73151159286499 0.630694627761841 0.595669031143188 0.561273634433746 0.581838309764862 0.573887467384338 0.573227345943451 0.575206339359283 0.573249757289886 0.596944749355316 0.610519409179688 0.561640322208405 0.388541907072067 0.237622439861298 0.165123492479324 1.03431975841522 3.4213650226593 5.27224445343018 5.55919361114502 5.11861801147461 4.65711688995361 4.17404222488403 3.72404909133911 3.49785447120667 3.13178181648254 2.98518538475037 2.66321301460266 2.24673938751221 2.08279204368591 2.02204251289368 1.93498170375824 1.74760782718658 1.5877251625061 1.49834024906158 1.32103502750397 1.23250305652618 1.16128921508789 1.05985689163208
1.15992712974548 1.16628742218018 1.11110436916351 1.08252716064453 1.0293300151825 0.942468523979187 0.925424754619598 0.908096313476562 0.838107347488403 0.747306346893311 0.690407752990723 0.669324994087219 0.649873197078705 0.627915620803833 0.654322147369385 0.664883434772491 0.657098770141602 0.642151534557343 0.566754162311554 0.364604949951172 0.198088362812996 0.0504098609089851 0.0113235749304295 2.74251937866211 4.07698822021484 5.98150825500488 6.76562118530273 5.74628448486328 4.941819190979 4.31331443786621 3.78407335281372 3.42442584037781 2.95017337799072 2.71000385284424 2.42214202880859 2.20727348327637 1.9276659488678 1.81894648075104 1.71824681758881 1.5433007478714 1.42014133930206 1.31425631046295 1.07363164424896 0.95749032497406 0.903340399265289
1.2911536693573 1.24362921714783 1.171142578125 1.12783241271973 1.13635563850403 1.06111001968384 1.06170177459717 1.01582503318787 0.928476929664612 0.821353614330292 0.771219313144684 0.732308685779572 0.743610560894012 0.743956446647644 0.728142738342285 0.717753350734711 0.701727151870728 0.675309598445892 0.596683382987976 0.485992401838303 0.25946569442749 -0.00103699264582247 -0.0995663106441498 0.120784886181355 3.40855431556702 4.76478004455566 6.23656177520752 6.34139156341553 5.44705724716187 4.67234039306641 3.98549461364746 3.49121832847595 3.13031005859375 2.76781105995178 2.4385290145874 2.11811923980713 1.97932088375092 1.82636427879333 1.68248426914215 1.53238320350647 1.2704941034317 1.11682724952698 0.983320116996765 0.796227335929871 0.715850293636322
1.4059761762619 1.32918846607208 1.31120669841766 1.22817945480347 1.21892368793488 1.1761018037796 1.14568221569061 1.0740749835968 1.00217127799988 0.905501186847687 0.878470957279205 0.876300156116486 0.853437006473541 0.820456087589264 0.798072576522827 0.782511293888092 0.751362264156342 0.658244431018829 0.577245056629181 0.44599437713623 0.322184503078461 -0.0369252040982246 -0.132900357246399 -0.180303111672401 2.02524971961975 4.69145774841309 5.21130561828613 5.71089649200439 5.97202110290527 4.93250465393066 4.32587814331055 3.52877593040466 3.06735992431641 2.66664958000183 2.4382746219635 2.15256237983704 1.80752873420715 1.65127265453339 1.46400451660156 1.34101867675781 1.20280730724335 0.924688458442688 0.829146683216095 0.693575501441956 0.636833250522614
1.54679203033447 1.4507908821106 1.41663861274719 1.38681674003601 1.37176716327667 1.27350425720215 1.19535005092621 1.15490686893463 1.12365961074829 1.05030560493469 1.00093674659729 0.954025685787201 0.910779237747192 0.87117463350296 0.831848978996277 0.820221185684204 0.775352478027344 0.727252244949341 0.64405220746994 0.536719918251038 0.315139681100845 -0.0739612802863121 -0.173339337110519 -0.189431846141815 0.971615314483643 3.69206261634827 5.03153038024902 5.46962594985962 6.45012331008911 5.59673166275024 4.19656848907471 3.64086270332336 3.02167654037476 2.5646665096283 2.34917688369751 2.11523389816284 1.70315778255463 1.40836608409882 1.28583514690399 1.01994717121124 0.936285793781281 0.787200689315796 0.733971774578094 0.68131959438324 0.715735793113708
1.73547732830048 1.65860879421234 1.63837873935699 1.5263899564743 1.43370914459229 1.35382497310638 1.33101260662079 1.29212081432343 1.20308315753937 1.0997371673584 1.03367471694946 0.974315702915192 0.961358428001404 0.91807633638382 0.874309062957764 0.856933653354645 0.778282284736633 0.678560674190521 0.660378754138947 0.548598647117615 0.247713655233383 -0.13933040201664 -0.252527356147766 -0.255894392728806 2.48268055915833 2.57343983650208 3.96297788619995 5.84153509140015 8.08828639984131 5.64807605743408 4.09473133087158 3.32631373405457 2.98694944381714 2.45963382720947 1.97752892971039 1.79576504230499 1.56086599826813 1.13411617279053 1.03646063804626 0.881643712520599 0.808908343315125 0.745881378650665 0.789682030677795 0.823910534381866 0.833535671234131
1.98980033397675 1.86440062522888 1.73809504508972 1.6328409910202 1.62065827846527 1.54396569728851 1.43914675712585 1.3736709356308 1.31154036521912 1.15089070796967 1.08486819267273 1.03491425514221 0.982042968273163 0.959000945091248 0.916993975639343 0.865367829799652 0.818065822124481 0.769235551357269 0.673834145069122 0.516838073730469 0.152598902583122 -0.159249261021614 -0.301423937082291 0.141808092594147 2.93652486801147 2.77597808837891 3.66728949546814 5.65818643569946 8.27378463745117 5.28118515014648 3.99215888977051 3.35072875022888 2.5546452999115 2.16375136375427 1.53179359436035 1.39475393295288 1.25741744041443 1.02133977413177 0.92010498046875 0.851329624652863 0.892749845981598 0.947607636451721 0.948619246482849 1.07378351688385 1.00466513633728
2.07464861869812 1.99112343788147 1.98257744312286 1.86037385463715 1.69619739055634 1.59386014938354 1.47128176689148 1.39833652973175 1.38156247138977 1.20890867710114 1.14412581920624 1.08916962146759 1.03483653068542 0.976690709590912 0.930342793464661 0.882910847663879 0.858062207698822 0.813796937465668 0.728542983531952 0.523695945739746 0.224856466054916 -0.0495149530470371 -0.227713912725449 -0.232564568519592 1.51422810554504 2.6834888458252 4.77522230148315 4.42565011978149 7.4574089050293 5.3278431892395 3.74140048027039 2.99383902549744 2.11796975135803 1.77032339572906 1.42951726913452 1.20575439929962 1.12038195133209 1.16691482067108 1.27379238605499 1.14264321327209 1.09238958358765 1.22924077510834 1.16042804718018 1.05558967590332 1.00216197967529
2.41380476951599 2.23033308982849 2.02707076072693 1.87503004074097 1.73378598690033 1.61920344829559 1.55199885368347 1.46360623836517 1.42311382293701 1.29545748233795 1.17134857177734 1.10807657241821 1.05452990531921 0.997487425804138 0.976161420345306 0.9292973279953 0.899778962135315 0.840594828128815 0.774251103401184 0.635398745536804 0.378623932600021 0.131896197795868 -0.0824059024453163 -0.151587501168251 0.324676394462585 1.81391549110413 3.84464287757874 5.7418966293335 7.15319299697876 4.65400123596191 3.31751132011414 2.37268042564392 2.04206371307373 1.67760455608368 1.48132991790771 1.50878179073334 1.65134739875793 1.44862627983093 1.64498233795166 1.50030088424683 1.37330365180969 1.22508454322815 1.14173138141632 1.06436669826508 0.987346827983856
2.49523019790649 2.31797003746033 2.08406639099121 1.90344130992889 1.8538978099823 1.72158575057983 1.60738325119019 1.50561952590942 1.42871129512787 1.33638751506805 1.19255948066711 1.15467798709869 1.10384917259216 1.05694496631622 1.02410697937012 0.967766463756561 0.918538987636566 0.86700165271759 0.781951069831848 0.693961679935455 0.497975826263428 0.268151432275772 0.0782633498311043 0.00662075262516737 0.0432624109089375 0.859050452709198 2.18959379196167 5.31095933914185 5.39845037460327 3.65622282028198 2.98958158493042 2.37580966949463 2.23998093605042 2.3253390789032 2.50584745407104 1.98386335372925 2.13573956489563 1.91618621349335 1.61278283596039 1.49744093418121 1.36671459674835 1.23950445652008 1.13100230693817 1.06479632854462 0.908767223358154
2.73349642753601 2.50816130638123 2.28259420394897 2.08647513389587 1.92542839050293 1.771568775177 1.63691365718842 1.55811953544617 1.48806405067444 1.41758060455322 1.29859805107117 1.2420209646225 1.18903648853302 1.11793029308319 1.07856023311615 1.02567863464355 0.930146753787994 0.872779607772827 0.814753770828247 0.742252469062805 0.603192389011383 0.383504301309586 0.198275625705719 0.115535661578178 0.386459916830063 1.42460680007935 1.47447621822357 2.5202431678772 3.05440521240234 2.3442325592041 2.67265129089355 3.45034599304199 4.13845252990723 3.29012823104858 3.21180558204651 2.69249105453491 2.13261151313782 1.94583296775818 1.7195873260498 1.51381421089172 1.38531792163849 1.25196754932404 1.05687034130096 0.975699067115784 0.835811913013458
