slauniainen/Data/DEM/Vihti_dsm1500b_cl_horizonAngle_342.asc
NCOLS 196 
NROWS 178 
XLLCORNER 353680 
YLLCORNER 6699024 
CELLSIZE 16 
NODATA_value -3.4e+38 
[rows 80 to 99 of 178, columns 45 to 89 of 196]
2.5507640838623 2.82061100006104 1.46972417831421 3.9299578666687 3.55276107788086 5.43033790588379 5.87471675872803 5.45105028152466 5.00865697860718 5.61721801757812 6.02376937866211 6.91923761367798 7.05044031143188 6.73155117034912 7.7418794631958 7.13775587081909 6.82095050811768 7.62396049499512 6.75152063369751 6.99149608612061 5.5408182144165 10.5778274536133 9.45353603363037 10.1808614730835 13.9053382873535 25.1627006530762 27.6262073516846 5.33405494689941 3.97166800498962 23.7617721557617 15.331693649292 8.62961769104004 11.9254570007324 8.03065967559814 6.62139511108398 25.2218132019043 17.5372772216797 19.4875679016113 1.99760568141937 1.71223926544189 1.14316415786743 0.263810575008392 0.114681802690029 0.663490772247314 5.88689804077148
2.38244366645813 2.11783051490784 2.69278907775879 1.49035835266113 3.72568392753601 4.70953893661499 5.16366291046143 5.57501220703125 4.80173826217651 5.18188238143921 5.540846824646 6.38844013214111 6.49044370651245 6.03328466415405 7.2057991027832 6.65951871871948 6.37830877304077 7.10988569259644 5.84425115585327 6.53086471557617 5.96398210525513 8.67363166809082 8.85389041900635 8.9996337890625 9.76013088226318 11.4018039703369 13.2772445678711 27.4839534759521 24.9192810058594 10.8711376190186 9.86681461334229 9.58623600006104 7.23410320281982 9.26443481445312 5.43295001983643 11.7387371063232 10.6194868087769 16.37815284729 27.2502498626709 15.6752910614014 0.971671104431152 8.86587333679199 6.74517726898193 14.6818981170654 13.4544506072998
2.2319028377533 2.03591918945312 2.59939312934875 1.33074867725372 3.60193777084351 3.54175710678101 4.94196844100952 5.31889200210571 4.59428310394287 3.85905838012695 5.18272876739502 4.88295459747314 5.73416185379028 5.82248592376709 6.76963090896606 6.2305645942688 5.97107219696045 6.66069507598877 5.50575542449951 6.1213173866272 5.66998529434204 7.79452228546143 8.21783447265625 7.76881742477417 9.14928722381592 10.2900609970093 10.1806993484497 10.5633344650269 12.8855009078979 10.9954605102539 7.61169242858887 7.96095037460327 6.02436590194702 7.56777334213257 5.3570351600647 8.95107173919678 17.2350406646729 10.1355867385864 10.5027742385864 1.78379714488983 0.330722272396088 9.41017436981201 32.5412063598633 14.8274574279785 14.8728065490723
1.66349732875824 2.16002941131592 2.49469518661499 1.22261548042297 3.42202639579773 3.04668045043945 4.71193218231201 5.09070158004761 4.76306915283203 4.38722467422485 4.57435512542725 4.79293918609619 5.29028797149658 5.36374568939209 5.23438882827759 6.20694446563721 5.70966053009033 5.42498064041138 6.10245990753174 5.57040309906006 5.61603689193726 4.70781517028809 6.78113889694214 7.1015305519104 7.63024759292603 9.22193813323975 8.16496181488037 8.48438835144043 9.72970390319824 8.16049003601074 6.28443479537964 6.88376235961914 5.06846714019775 6.47788000106812 4.89478445053101 4.49526834487915 6.76907777786255 9.37056159973145 9.44852256774902 1.64232099056244 23.001256942749 21.5918941497803 9.53426551818848 14.9415893554688 10.5799026489258
1.57415246963501 2.02041292190552 1.85393285751343 2.41816544532776 1.25976872444153 3.22078156471252 4.06617498397827 4.50177955627441 4.87958717346191 4.23337316513062 4.23364686965942 4.46948575973511 4.88289451599121 4.97710275650024 4.81394290924072 5.80215120315552 5.37192821502686 5.21547746658325 5.83391571044922 4.80637359619141 5.30373001098633 4.9919376373291 6.11429452896118 6.50203847885132 6.13453054428101 7.37244892120361 7.82360219955444 6.76143789291382 7.76115226745605 6.63781404495239 5.57432651519775 5.21053171157837 6.14421939849854 5.03824281692505 5.89136600494385 3.64679408073425 5.69769430160522 7.83810043334961 7.32637119293213 36.479175567627 29.7377319335938 12.2459383010864 8.81840705871582 6.40636587142944 7.45784330368042
1.46387124061584 1.90987503528595 1.73430860042572 2.29293394088745 1.14576935768127 3.08782196044922 3.06671547889709 4.32466268539429 4.66548299789429 4.07343530654907 3.43437957763672 4.19296979904175 3.9594202041626 4.47034454345703 4.53390026092529 5.48025035858154 5.07720279693604 4.90848445892334 5.52203750610352 4.72300052642822 5.04168844223022 4.72195196151733 5.41583824157715 5.77381992340088 5.56497287750244 4.97231006622314 3.04080677032471 6.62715148925781 5.95614004135132 5.74703025817871 5.0824556350708 4.66854476928711 5.59963178634644 4.48342275619507 5.244309425354 3.83507180213928 4.79010057449341 6.66336536407471 6.18942642211914 5.52544260025024 16.2734375 23.5633735656738 14.0547428131104 25.8865795135498 5.91939973831177
0.669301748275757 1.40025627613068 1.81270468235016 2.17688846588135 0.984730899333954 2.9953932762146 2.60732340812683 4.11300563812256 4.46885919570923 4.20995473861694 3.8748562335968 3.79481387138367 3.8982458114624 4.19109725952148 4.27110052108765 4.23911571502686 5.10121870040894 4.75915193557739 4.62514448165894 5.15483331680298 4.73043441772461 4.51668453216553 3.14248132705688 2.39874053001404 2.5904688835144 11.778600692749 2.5140540599823 3.45665740966797 3.27981925010681 5.20858001708984 4.32553768157959 4.30911111831665 5.06248426437378 3.92182230949402 4.50378751754761 3.40775561332703 3.26749563217163 3.89703941345215 5.28374719619751 4.70187330245972 11.4600954055786 12.4942407608032 9.96802425384521 8.18357086181641 2.94921493530273
0.604005098342896 1.29550206661224 1.71094799041748 1.59181988239288 2.07895302772522 1.00560307502747 2.8434956073761 3.56973576545715 3.95965385437012 4.28741312026978 3.74631571769714 3.63852262496948 3.73610544204712 3.98727035522461 4.0540943145752 4.03695583343506 4.89295101165771 4.54364919662476 4.34291791915894 4.77788066864014 4.42486667633057 4.3324613571167 3.66753792762756 21.9437599182129 10.2953157424927 1.95779764652252 4.18576002120972 14.2755613327026 23.0304393768311 4.43084383010864 2.7445855140686 4.01207828521729 3.67815732955933 4.31533098220825 3.34205174446106 3.93072462081909 2.78215336799622 3.41373705863953 4.60475254058838 4.03791666030884 8.31999397277832 6.44567441940308 9.21434688568115 7.32778882980347 1.57906091213226
0.628357648849487 1.09889686107635 1.55423212051392 1.50231266021729 1.977503657341 0.859959542751312 2.62738990783691 2.63050127029419 3.73797750473022 4.07595014572144 3.60915613174438 3.31942272186279 3.52245759963989 3.76120162010193 3.71031546592712 3.88511252403259 4.64170503616333 4.24423313140869 4.00224113464355 4.47920560836792 3.81363153457642 4.08880186080933 3.72059369087219 3.32276272773743 2.21573543548584 14.323769569397 19.0840244293213 17.6030979156494 8.4556188583374 3.52248024940491 12.8449048995972 2.3298397064209 3.4041223526001 3.88227224349976 2.95692324638367 3.34978842735291 2.64805746078491 3.10796332359314 4.00374221801758 3.39312720298767 2.60673642158508 5.32524633407593 7.67429733276367 0.54950886964798 21.5772228240967
0.534745395183563 0.490242958068848 1.08395576477051 1.50920975208282 1.9058974981308 0.753944635391235 2.48326396942139 2.1558518409729 3.56098365783691 3.86307835578918 3.64725780487061 3.35031008720398 3.19759798049927 3.04770398139954 3.44631695747375 3.56292343139648 4.29221200942993 3.90278077125549 3.78469085693359 4.23910284042358 3.58649587631226 3.82947778701782 3.64801025390625 2.46254396438599 21.3455619812012 0.929463028907776 15.7338848114014 1.60771214962006 3.33134126663208 16.2558307647705 6.70830726623535 13.5798101425171 3.20736885070801 1.88728499412537 0.832813322544098 2.52752327919006 2.09312224388123 2.19443798065186 2.63896059989929 2.91129946708679 2.38751316070557 4.19801044464111 6.47458982467651 21.9309825897217 6.78659963607788
0.444510966539383 0.404858380556107 0.962681949138641 1.33571004867554 1.36912059783936 1.81646800041199 0.747560501098633 2.36385893821716 3.00356531143188 3.37242341041565 3.66219329833984 3.17881464958191 2.88586497306824 2.90457558631897 3.17053031921387 3.19335961341858 3.27246737480164 3.92746090888977 3.57729721069336 3.41841626167297 3.83454275131226 3.58363842964172 3.39560890197754 2.96774363517761 4.75436544418335 40.2692527770996 9.4868221282959 39.1504287719727 1.94052517414093 3.43037939071655 7.21866798400879 1.39641880989075 4.72521114349365 1.35303568840027 18.7159652709961 1.73075020313263 2.12072992324829 1.30784738063812 1.11701166629791 2.54571652412415 2.0546247959137 3.47833442687988 2.96133065223694 10.2834167480469 10.3148384094238
0.24109011888504 0.411588877439499 0.823721170425415 1.16799771785736 1.17635548114777 1.7062007188797 0.662696719169617 2.23218083381653 2.21857213973999 3.17600703239441 3.46795153617859 3.06464576721191 2.5308141708374 2.64183235168457 2.89373755455017 2.84670114517212 3.00043869018555 3.61090087890625 3.26879143714905 3.11247825622559 3.53891921043396 3.01051545143127 3.2375659942627 3.10655546188354 2.8419988155365 6.91575622558594 20.7369823455811 8.66835784912109 36.4094200134277 2.9171838760376 2.85767412185669 1.36999011039734 5.95353221893311 13.7768430709839 2.70678567886353 6.85786819458008 1.62095510959625 11.5473251342773 6.60836124420166 2.29703974723816 1.879723072052 2.05321025848389 3.0678346157074 8.88233947753906 11.0909452438354
0.166592836380005 0.345025926828384 0.323919713497162 0.796248257160187 1.14530420303345 1.61193919181824 0.517799198627472 2.06786060333252 1.75360321998596 3.04945874214172 3.31868815422058 3.11814618110657 2.81759548187256 2.40361332893372 2.28457927703857 2.59761619567871 2.64343547821045 3.28656840324402 2.97363376617432 2.83093500137329 3.24247217178345 2.79060959815979 3.04088187217712 2.92534136772156 2.1541543006897 5.31523990631104 14.9073038101196 5.62946605682373 14.4549751281738 3.83845162391663 2.58616232872009 32.2783279418945 1.78452825546265 1.61268413066864 3.7757785320282 5.03723812103271 1.32327687740326 1.2102757692337 0.8210529088974 10.6188716888428 1.91702079772949 2.04633593559265 2.92135238647461 4.87472820281982 12.8887042999268
0.296254724264145 -0.735638678073883 0.24361227452755 0.759279131889343 1.11151301860809 1.10171639919281 1.49738168716431 0.445032387971878 1.919109582901 2.4931948184967 2.85914063453674 3.11507654190063 2.67192792892456 2.21749711036682 2.15093231201172 2.36684942245483 2.29886960983276 2.41508674621582 2.94873476028442 2.65394949913025 2.53645730018616 2.97096228599548 2.87404370307922 2.78038740158081 2.49170327186584 2.60612821578979 11.5028896331787 4.73266315460205 11.1034965515137 2.85217761993408 2.28330254554749 7.95357322692871 28.2006244659424 1.31414341926575 4.65176582336426 5.76872634887695 1.14347624778748 11.0509672164917 8.4598388671875 7.49966430664062 2.89090800285339 4.61073970794678 4.50710201263428 3.82997345924377 6.27630567550659
0.0353241823613644 7.35890245437622 -0.721032023429871 0.655564069747925 0.990843713283539 1.0092750787735 1.39141225814819 0.341638416051865 1.75782740116119 1.7865446805954 2.68634986877441 2.9517707824707 2.60424661636353 1.93052136898041 2.01674675941467 2.18487930297852 2.10635948181152 2.21652817726135 2.71768760681152 2.42411303520203 2.31508111953735 2.75914216041565 2.43384337425232 2.70425343513489 2.63606119155884 2.24405717849731 3.48237180709839 0.834639191627502 4.83367300033569 10.8865528106689 5.60407114028931 9.42118549346924 11.1519536972046 3.98131036758423 1.26545703411102 4.07960748672485 1.19486248493195 0.36457148194313 0.562692642211914 9.47229862213135 1.95860874652863 3.2543420791626 4.73371553421021 4.93814134597778 0.669380962848663
-1.48089957237244 -1.29311847686768 -1.28190052509308 0.173116892576218 0.602579832077026 0.919336557388306 1.28790771961212 0.234158039093018 1.62183368206024 1.29793679714203 2.51959872245789 2.80404281616211 2.6472475528717 2.37758421897888 1.87657272815704 1.81870901584625 1.98161053657532 1.97565066814423 2.54775238037109 2.26736903190613 2.15088987350464 2.57820653915405 2.30701518058777 2.59741353988647 2.55722069740295 2.14938735961914 1.48942172527313 6.00479745864868 3.44061589241028 19.7015247344971 18.6614627838135 9.18091011047363 5.64571332931519 19.6339836120605 17.1750659942627 3.44776558876038 20.8734092712402 12.9254913330078 0.537928462028503 7.14478063583374 5.10472345352173 3.09352469444275 4.43440532684326 1.02719700336456 21.9499320983887
-1.73959720134735 -1.84956800937653 -1.81957674026489 -1.42905843257904 0.505510926246643 0.819485127925873 0.840201139450073 1.18165004253387 0.177158147096634 1.49242031574249 1.99943065643311 2.37534332275391 2.65453290939331 2.25519990921021 1.73485767841339 1.65289902687073 1.85689306259155 1.79872214794159 1.93060326576233 2.3967981338501 2.14275979995728 2.08525109291077 2.52761483192444 2.53797054290771 2.51507258415222 2.31291222572327 20.8552093505859 22.6574249267578 19.6753978729248 6.26113510131836 10.4662370681763 1.95363318920135 1.82762265205383 6.77145719528198 7.30012464523315 6.95059251785278 4.02122974395752 22.8093414306641 31.1052875518799 15.0327110290527 4.80728387832642 3.57450389862061 0.883125305175781 17.9187030792236 2.53260636329651
17.2539463043213 0.203533321619034 11.1503458023071 -0.0448716022074223 -1.00559759140015 0.711315751075745 0.763058483600616 1.10742366313934 0.123600199818611 1.41336464881897 1.41851758956909 2.23114919662476 2.5118350982666 2.1818540096283 1.56160926818848 1.58659410476685 1.74207317829132 1.70232403278351 1.84441208839417 2.31611061096191 2.09987115859985 2.05178809165955 2.47457408905029 2.23630571365356 2.52017426490784 2.48334527015686 2.05525898933411 16.0609817504883 8.30670356750488 1.43489420413971 7.69397783279419 1.26851761341095 21.4974727630615 -0.27777498960495 4.07610321044922 4.54847431182861 2.23211050033569 8.20341777801514 13.5022916793823 16.9889965057373 0.265511035919189 0.366394996643066 8.39640712738037 1.50108850002289 9.47480297088623
11.7761011123657 19.4351367950439 12.3819704055786 11.7078790664673 -1.45693385601044 -0.940903306007385 0.634158730506897 1.02297806739807 0.0621765740215778 1.34940183162689 1.01096785068512 2.08979415893555 2.37443733215332 2.21268248558044 1.98988425731659 1.46549880504608 1.4845290184021 1.61584067344666 1.65392470359802 2.22305345535278 2.05442762374878 2.02061557769775 2.42154932022095 2.18204164505005 2.44840550422668 2.40662240982056 1.95697152614594 6.94013833999634 20.0631141662598 31.5060577392578 3.98990416526794 30.9513301849365 0.0736551582813263 -1.43036031723022 1.9404011964798 2.22082352638245 2.16075563430786 6.61552572250366 0.319727420806885 -0.500808477401733 0.00847463682293892 22.3119583129883 1.07955431938171 3.79624962806702 3.55066323280334
0.523773014545441 5.39490509033203 10.0312843322754 2.10984086990356 -1.67105603218079 -1.10001266002655 0.546863675117493 0.572375953197479 0.972040832042694 0.0385417006909847 1.22959935665131 1.64267873764038 1.97804296016693 2.25402140617371 1.9059374332428 1.37520742416382 1.33066189289093 1.51877844333649 1.51980650424957 1.69010925292969 2.19378066062927 2.05239915847778 2.01289391517639 2.382568359375 2.36920118331909 2.31695222854614 2.11215281486511 5.0462212562561 9.32454204559326 2.08321952819824 13.7334423065186 3.02529406547546 -0.803075194358826 1.12420868873596 -0.887895584106445 1.19305956363678 2.13011384010315 0.0755579248070717 -0.172468140721321 39.1053276062012 33.3316459655762 12.1814594268799 10.6928091049194 19.5432720184326 0.869250535964966
