slauniainen/Data/DEM/Vihti_dem1500b_cl_horizonAngle_48.asc
NCOLS 196 
NROWS 178 
XLLCORNER 353680 
YLLCORNER 6699024 
CELLSIZE 16 
NODATA_value -3.4e+38 
[rows 80 to 99 of 178, columns 0 to 44 of 196]
1.86635148525238 2.21499752998352 1.94884133338928 2.11393475532532 2.0865216255188 2.25126504898071 2.24855494499207 1.78784942626953 1.86216342449188 1.7328097820282 1.19855463504791 0.83359831571579 0.594255030155182 0.547380208969116 0.523277521133423 0.483411729335785 0.590591490268707 0.688425958156586 0.7826789021492 0.91031414270401 1.07800102233887 1.08331739902496 1.10885798931122 1.63475799560547 2.32400941848755 1.90775740146637 1.99871218204498 2.02364754676819 2.45482516288757 2.65852546691895 2.49053192138672 1.98159718513489 1.18043684959412 0.167830660939217 -0.239293903112411 -0.221369698643684 -0.197855919599533 -0.145904377102852 -0.0638471394777298 -0.00704973749816418 0.0249529387801886 0.0750266313552856 0.203087538480759 0.286584615707397 0.358765751123428
1.70849978923798 1.78748559951782 1.97148180007935 1.99484467506409 1.9085282087326 1.97095215320587 1.69428050518036 1.74833345413208 1.55036389827728 1.18383800983429 1.24890053272247 1.1010684967041 0.485468834638596 0.484491795301437 0.421385228633881 0.424353957176208 0.646756529808044 0.715692639350891 0.848718404769897 1.03702580928802 1.054643034935 1.02796828746796 1.00067758560181 1.54346930980682 3.34691858291626 1.88460421562195 1.8801805973053 2.20820784568787 2.37383532524109 2.28891110420227 2.40212678909302 1.61874604225159 1.4090530872345 0.744539141654968 -0.253140211105347 -0.242923557758331 -0.231502279639244 -0.185658857226372 -0.10058007389307 -0.0531328395009041 0.0141432583332062 0.0777884125709534 0.160805240273476 0.223077118396759 0.286929488182068
1.52876079082489 1.82500076293945 1.85051894187927 1.79197561740875 1.84376502037048 1.63237154483795 1.6565021276474 1.36247658729553 1.17060399055481 1.08582675457001 0.928964138031006 1.00677692890167 0.401949763298035 0.393597036600113 0.655367732048035 0.553654730319977 0.702941715717316 0.906034052371979 0.966343879699707 0.993801355361938 0.989219725131989 0.965437293052673 1.16588735580444 1.37506914138794 2.72121143341064 1.91561651229858 1.99727702140808 2.20361518859863 2.28889012336731 2.47631096839905 3.59945869445801 2.8733115196228 2.46705532073975 1.65151286125183 0.181575775146484 -0.256725519895554 -0.242398172616959 -0.201188907027245 -0.151704385876656 -0.106016136705875 -0.0100889541208744 0.0602250471711159 0.0526153855025768 0.144023835659027 0.229013815522194
1.57476270198822 1.60204148292542 1.65882658958435 1.74921011924744 1.55072748661041 1.60503280162811 1.29651522636414 1.11536848545074 0.916741847991943 0.936882734298706 1.13954627513885 1.08010566234589 0.876208245754242 0.405094563961029 0.483213901519775 0.621421277523041 0.810380876064301 0.887103617191315 0.948424160480499 0.931792378425598 0.906055390834808 1.04875886440277 1.21416032314301 1.39974319934845 1.96690917015076 2.65411114692688 2.01362323760986 2.046217918396 2.23611998558044 2.99338054656982 2.92294907569885 3.07473492622375 2.67823600769043 2.03169655799866 0.903875589370728 -0.185304254293442 -0.252073884010315 -0.217330724000931 -0.196318328380585 -0.144779995083809 -0.0618273317813873 0.0161644257605076 0.0328578986227512 0.15276437997818 0.210177645087242
1.42748427391052 1.43198442459106 1.54392302036285 1.40875482559204 1.49197483062744 1.24340188503265 1.02147173881531 0.799108326435089 0.852084696292877 0.938286185264587 1.18605625629425 1.14835214614868 1.62562763690948 1.03186404705048 0.561289191246033 0.741492986679077 0.799265623092651 0.842860460281372 0.824983477592468 0.862206280231476 0.873119354248047 1.01080060005188 1.21904528141022 1.48574507236481 1.92391014099121 3.32400703430176 2.04562044143677 2.03300333023071 2.47302341461182 2.69084930419922 2.80002236366272 2.76909875869751 2.93640804290771 2.17409586906433 1.17571544647217 0.171704024076462 -0.249474853277206 -0.222883671522141 -0.227914109826088 -0.155193507671356 -0.10118180513382 -0.0514132231473923 0.0163805428892374 0.119590453803539 0.169522732496262
1.26911818981171 1.35000276565552 1.21623027324677 1.32177305221558 1.11480236053467 1.00626707077026 0.724590539932251 0.587501168251038 0.554957985877991 0.449823290109634 0.591868281364441 0.777462005615234 1.73535025119781 2.42499804496765 0.71999990940094 0.748978614807129 0.763632655143738 0.775265216827393 0.72849303483963 0.805881559848785 0.889189779758453 1.02679967880249 1.18776786327362 1.54834938049316 1.79171776771545 3.24808382987976 2.20431733131409 2.18061375617981 2.29665994644165 2.42286944389343 2.57484436035156 2.74794554710388 2.9092972278595 2.2367115020752 1.37265884876251 0.525125324726105 -0.24216802418232 -0.238314554095268 -0.232162192463875 -0.181517899036407 -0.143645957112312 -0.0953107848763466 -0.0233372393995523 0.0404495075345039 0.0571586228907108
1.00868022441864 1.0557382106781 1.16400969028473 1.01091969013214 0.880788445472717 0.718834698200226 0.541794955730438 0.467921078205109 0.403444916009903 0.359133720397949 0.403249084949493 0.58652400970459 1.68659961223602 3.24384737014771 1.70893657207489 0.735391557216644 0.675627887248993 0.611197233200073 0.73756992816925 0.85481595993042 0.960788071155548 1.04471611976624 1.28740751743317 1.47888660430908 1.74282264709473 2.76545596122742 2.50857973098755 2.24843454360962 2.17415380477905 2.2678701877594 2.4751443862915 2.68483352661133 2.94123458862305 2.29176092147827 1.57937622070312 0.79271125793457 0.00329383695498109 -0.260758996009827 -0.232713803648949 -0.203290209174156 -0.19204169511795 -0.136593952775002 -0.0657779350876808 -0.016618674620986 0.020921653136611
0.98959881067276 0.767214417457581 0.699807047843933 0.77338033914566 0.583846747875214 0.526560425758362 0.449351191520691 0.391806960105896 0.503779888153076 0.378942906856537 0.445550560951233 0.771596670150757 1.3741455078125 1.15667510032654 0.725962102413177 0.644205093383789 0.588481605052948 0.562042832374573 0.71166056394577 0.847516119480133 0.984660506248474 1.19540703296661 1.30778503417969 1.47592997550964 1.80102396011353 2.2503068447113 2.88882374763489 2.26866388320923 2.28003573417664 2.24324083328247 2.36744213104248 2.6368191242218 3.1414098739624 2.87164449691772 1.87476027011871 0.657917439937592 0.188134402036667 -0.295650631189346 -0.272863745689392 -0.238276243209839 -0.217278584837914 -0.173986613750458 -0.124091491103172 -0.0731462463736534 -0.0109119126573205
0.843422174453735 0.642310440540314 0.474068969488144 0.512924194335938 0.427562296390533 0.415697813034058 0.373778194189072 0.353081196546555 0.372217059135437 0.437065243721008 0.539730906486511 0.692634642124176 0.738775610923767 1.36370968818665 0.859173059463501 0.573572337627411 0.547669351100922 0.679490149021149 0.740614652633667 0.853950619697571 0.988163232803345 1.16939520835876 1.32061862945557 1.53862071037292 1.80838513374329 2.11188006401062 3.00241637229919 2.39391136169434 2.49296140670776 2.30684852600098 2.38437175750732 2.59134101867676 2.72053694725037 3.0859169960022 2.46253347396851 0.840940237045288 0.334257870912552 -0.131521433591843 -0.317616313695908 -0.305134028196335 -0.267141759395599 -0.223551079630852 -0.185617089271545 -0.108193784952164 0.0144709413871169
0.63643616437912 0.455613791942596 0.354762822389603 0.349642068147659 0.356993615627289 0.342828720808029 0.331675946712494 0.349336415529251 0.413678020238876 0.478378027677536 0.63638561964035 0.67497843503952 0.713279843330383 2.36678647994995 2.53920793533325 2.45654606819153 1.20593619346619 1.2009733915329 0.809476792812347 0.957959473133087 0.970057427883148 1.21731793880463 1.41639137268066 1.52663493156433 1.79654741287231 2.05505800247192 2.40186643600464 2.32269740104675 2.41092348098755 2.37277221679688 2.43867993354797 2.45586156845093 2.6096031665802 3.04609942436218 2.99014377593994 1.37883722782135 0.690107583999634 0.413673639297485 -0.217247307300568 -0.324116826057434 -0.317912995815277 -0.279892861843109 -0.226588800549507 -0.149588197469711 -0.00424576131626964
0.622954964637756 0.351369053125381 0.717342853546143 0.350174367427826 0.308566629886627 0.310402035713196 0.345521688461304 0.389716237783432 0.464487373828888 0.568331718444824 0.6077721118927 0.653702139854431 1.01648151874542 1.76502501964569 2.0534942150116 2.30151081085205 2.11618232727051 0.857782423496246 0.861637771129608 1.71963918209076 1.14281153678894 1.35450148582458 1.50811064243317 1.66336417198181 1.67918050289154 2.0070812702179 2.25811195373535 2.2689905166626 2.39630103111267 2.37853860855103 2.40432286262512 2.41343069076538 2.50786161422729 2.90729808807373 3.2367799282074 1.86549723148346 0.919056236743927 0.803315162658691 0.137519851326942 -0.331048250198364 -0.332317620515823 -0.306823700666428 -0.23990024626255 -0.12525537610054 0.0608663037419319
0.331645727157593 0.285866558551788 0.283016532659531 0.291407108306885 0.277857840061188 0.273952543735504 0.330229341983795 0.443206608295441 0.561474323272705 0.54180908203125 0.541997015476227 0.573360621929169 0.747832417488098 0.952114582061768 0.897437632083893 1.27655625343323 2.05526447296143 1.77226269245148 0.969224452972412 1.10725367069244 1.27041482925415 1.41046607494354 1.56012296676636 1.64707148075104 1.80795776844025 2.03516435623169 2.02419924736023 2.22951221466064 2.35253858566284 2.34935736656189 2.3591251373291 2.36430335044861 2.55810618400574 2.87343192100525 3.34386682510376 2.71210408210754 1.42038631439209 1.04207062721252 0.585249066352844 -0.157775357365608 -0.329341888427734 -0.289165824651718 -0.19679719209671 -0.0457086786627769 0.0523881129920483
0.248921290040016 0.106801338493824 0.094060055911541 0.161704838275909 0.188306018710136 0.210075706243515 0.26734858751297 0.402229130268097 0.661394357681274 0.525230467319489 0.457655966281891 0.462894320487976 0.508796155452728 0.608023464679718 0.729046940803528 1.01348328590393 1.77138936519623 0.972802519798279 1.00486314296722 1.14226400852203 1.34217548370361 1.49015271663666 1.57817351818085 1.72081446647644 1.94498479366302 2.02024483680725 2.02793407440186 2.02688121795654 2.20994591712952 2.36206865310669 2.28313159942627 2.36843538284302 2.44163036346436 2.57174825668335 2.67467951774597 3.0809760093689 2.28166365623474 1.54279446601868 0.946703612804413 -0.0129435239359736 -0.222720220685005 -0.230656996369362 -0.105141647160053 -0.0425353497266769 0.0902870073914528
0.713817715644836 -0.0255136769264936 -0.0745365843176842 0.0169096905738115 0.0787900015711784 0.12264347076416 0.19801290333271 0.461083769798279 0.409948468208313 0.749194145202637 0.3983014523983 0.378224581480026 0.436096668243408 0.61700177192688 0.76994800567627 1.00621044635773 1.56153917312622 1.58291852474213 1.05689167976379 1.20678293704987 1.36273896694183 1.4476615190506 1.56043875217438 1.76562333106995 1.82776999473572 1.87152576446533 1.9770884513855 2.10526943206787 2.1520938873291 2.22616839408875 2.2581934928894 2.27038741111755 2.23049068450928 2.24025106430054 2.32031106948853 2.25279378890991 2.377605676651 1.96381604671478 1.39756536483765 0.480058282613754 -0.0506149604916573 -0.0698761194944382 -0.0634615570306778 0.0323630906641483 0.0696321055293083
2.62263035774231 -0.115288779139519 -0.178046569228172 -0.113872684538364 -0.0382821373641491 0.0335071347653866 0.0959732979536057 0.174305185675621 0.359153926372528 0.375345200300217 0.351134985685349 0.286137819290161 0.423784494400024 0.620459914207458 0.791725754737854 0.916427135467529 1.04276728630066 1.97777664661407 1.1970329284668 1.35007667541504 2.02436470985413 1.53583610057831 1.58875548839569 1.67090606689453 1.66762208938599 1.77204704284668 1.89509642124176 2.08121585845947 2.28588771820068 2.26824831962585 2.05404353141785 2.0553994178772 2.03786849975586 1.94651055335999 1.82732129096985 1.78451824188232 1.91517901420593 2.05426120758057 1.59933638572693 0.81591808795929 -0.0609105192124844 0.0285732485353947 0.0237341523170471 0.0471535287797451 0.103090353310108
4.02243661880493 0.747011482715607 -0.193872258067131 -0.196865871548653 -0.126315519213676 -0.0532123409211636 0.00178965518716723 0.0726631879806519 0.474485218524933 0.810790002346039 0.277985453605652 0.328868806362152 0.440266042947769 0.614619851112366 0.781645774841309 0.94524210691452 1.07795453071594 1.18252635002136 1.27345716953278 1.73613679409027 1.5180823802948 1.38323950767517 1.60274088382721 1.58468675613403 1.63079571723938 1.72736763954163 1.88670289516449 2.05146431922913 2.17000102996826 2.31633305549622 2.07086491584778 1.89239656925201 1.74728059768677 1.65818905830383 1.48661637306213 1.49180960655212 1.52870678901672 1.58310675621033 1.62203729152679 1.15740895271301 0.298838138580322 0.0447422824800014 0.0981333181262016 0.0722278356552124 0.161657005548477
4.49004173278809 2.5322573184967 -0.203681468963623 -0.207153111696243 -0.185368359088898 -0.0859730914235115 -0.00244947988539934 0.13918462395668 0.430243343114853 0.933995366096497 0.640020966529846 0.428509891033173 0.488108545541763 0.620010197162628 0.774118602275848 0.942294478416443 1.07854008674622 1.16718137264252 1.32955396175385 1.71071231365204 2.67290616035461 1.47897338867188 1.54630279541016 1.58300924301147 1.63348209857941 1.73793613910675 1.86250412464142 1.97863256931305 2.02506971359253 2.03096985816956 1.89828717708588 1.87089109420776 1.68030226230621 1.41676235198975 1.34221756458282 1.25019907951355 1.21086668968201 1.26072752475739 1.31020677089691 1.24103188514709 0.765776336193085 0.245007827877998 0.236092403531075 0.123183310031891 0.190801367163658
2.83570456504822 2.17801189422607 0.095385953783989 -0.230379983782768 -0.128230959177017 0.0182066969573498 0.0944991558790207 0.134323805570602 0.233653828501701 0.35336822271347 0.35987463593483 0.448667198419571 0.535384654998779 0.634226202964783 0.744742929935455 0.901741683483124 1.05896139144897 1.19275057315826 1.39097988605499 2.48536896705627 1.90754699707031 1.47698569297791 1.53255927562714 1.5898824930191 1.65963065624237 1.72896337509155 1.80481719970703 1.84619331359863 1.92865562438965 1.91009426116943 1.78390061855316 1.73772430419922 2.10334324836731 1.65463018417358 1.23283493518829 1.06472373008728 0.93919712305069 0.914031445980072 0.96819931268692 1.09964919090271 0.595284104347229 0.146957382559776 0.132772177457809 0.156225919723511 0.159389063715935
2.56430149078369 2.19950151443481 0.303088128566742 -0.210190519690514 -0.11110769957304 -0.008006208576262 0.0955108925700188 0.19658188521862 0.277167111635208 0.326034218072891 0.420096337795258 0.501829624176025 0.596992075443268 0.674223959445953 0.784271776676178 0.924507617950439 1.05870282649994 1.16080927848816 1.27028977870941 1.46127271652222 1.39220416545868 1.45792210102081 1.52798533439636 1.61161959171295 1.66012179851532 1.69483387470245 1.7187671661377 1.77944219112396 1.80799221992493 1.77386868000031 1.71110308170319 1.91161394119263 1.79279780387878 1.59491586685181 1.42375528812408 0.894279003143311 0.647269368171692 0.527040898799896 0.418000787496567 0.132635459303856 0.140074923634529 0.167398348450661 0.139538705348969 0.121224075555801 0.0625871643424034
1.82530772686005 1.8734769821167 0.590879917144775 -0.234079048037529 -0.287552833557129 -0.25234043598175 -0.097113311290741 0.138257056474686 0.289634048938751 0.366664975881577 0.466422885656357 0.580686867237091 0.671830892562866 0.725350022315979 0.819217145442963 0.918450891971588 1.00772547721863 1.12455141544342 1.24922204017639 1.39854502677917 1.3910825252533 1.44915521144867 1.5387202501297 1.60891544818878 1.63472986221313 1.63823616504669 1.66481184959412 1.68136239051819 1.67978346347809 1.65208840370178 1.76214289665222 1.75840985774994 1.91454231739044 1.74750018119812 1.63018321990967 1.30346810817719 0.434126168489456 0.125791043043137 0.03725790604949 0.0687184631824493 0.131536856293678 0.115025267004967 0.052562739700079 0.0375547409057617 -0.0416093543171883
