slauniainen/Data/DEM/Vihti_dsm1500b_cl_horizonAngle_90.asc
NCOLS 196 
NROWS 178 
XLLCORNER 353680 
YLLCORNER 6699024 
CELLSIZE 16 
NODATA_value -3.4e+38 
[rows 100 to 119 of 178, columns 0 to 45 of 196]
22.8505783081055 31.9682006835938 50.261157989502 5.94446659088135 6.07282304763794 9.12264537811279 0.319894820451736 1.47819495201111 3.59962177276611 3.87730669975281 4.08208179473877 4.32072448730469 4.50881385803223 4.70195817947388 4.90519523620605 5.16798400878906 5.44943952560425 5.77937984466553 6.1447901725769 6.552659034729 6.9468469619751 7.2835636138916 7.70345497131348 8.15389347076416 8.64218521118164 9.16137790679932 9.79625034332275 10.532265663147 11.4018583297729 12.4536123275757 13.7248754501343 15.3457269668579 17.3625068664551 20.0235347747803 23.8523330688477 29.8873977661133 39.738166809082 57.3584251403809 0.406552612781525 2.16775512695312 1.57390689849854 21.0223922729492 27.2358055114746 37.534610748291 56.3970336914062 0.436461746692657
20.3877811431885 27.2767219543457 45.174877166748 22.54953956604 2.12220144271851 0.843172907829285 1.20294690132141 1.54527068138123 3.85169291496277 4.23107957839966 4.48775959014893 4.69350910186768 4.91577768325806 5.10803461074829 5.31255006790161 5.5439772605896 5.8026328086853 6.13994264602661 6.51223564147949 6.9179630279541 7.3817286491394 7.73743438720703 8.13933753967285 8.5808162689209 9.04473781585693 9.56934261322021 10.154314994812 10.8259382247925 11.6326303482056 12.6185331344604 13.7897996902466 15.2400436401367 16.9978351593018 19.2274360656738 22.1713390350342 26.2271480560303 34.6224822998047 52.8012809753418 27.2997608184814 0.638705432415009 1.22119343280792 38.7711753845215 19.7974758148193 3.12463617324829 1.55517995357513 7.77983522415161
15.9987659454346 20.3687896728516 28.5881614685059 46.8427276611328 5.80484485626221 4.32291603088379 0.795032978057861 1.11378002166748 1.30646276473999 3.71096444129944 4.02458524703979 4.25847434997559 4.44524002075195 4.60954141616821 4.80590867996216 5.00039577484131 5.19978761672974 5.48499870300293 5.83062791824341 6.22423982620239 6.64683866500854 7.06698083877563 7.38098001480103 7.76908540725708 8.18634605407715 8.63246917724609 9.12405109405518 9.68971729278564 10.4112033843994 11.3620920181274 12.3989963531494 13.6765785217285 15.3001222610474 17.3862400054932 19.9035892486572 24.6112823486328 33.2746658325195 51.1205520629883 19.8474273681641 0.694230616092682 1.01738142967224 9.90358924865723 26.5077075958252 38.6424446105957 34.4035911560059 -0.134299904108047
13.2699289321899 16.2464599609375 20.7275714874268 29.6435298919678 34.485710144043 6.71177005767822 2.22366952896118 0.832861065864563 1.05106544494629 7.02371072769165 10.854115486145 15.3779191970825 22.5411853790283 40.0965614318848 2.9628267288208 5.11538171768188 5.27987051010132 5.52731847763062 5.85588598251343 6.26224851608276 6.69132852554321 7.16640138626099 7.50156927108765 7.89077377319336 8.30230140686035 8.7380199432373 9.23363780975342 9.79717254638672 10.5753593444824 11.58056640625 12.6366577148438 13.9366111755371 15.5476369857788 17.5677337646484 20.2744808197021 24.6509628295898 33.1115112304688 50.9214172363281 21.8272132873535 -0.0172451641410589 1.538902759552 4.23190259933472 13.1911592483521 15.5502624511719 26.0360012054443 16.7732887268066
11.1772117614746 12.948751449585 15.3189649581909 19.0027351379395 34.2735557556152 18.795280456543 24.6199703216553 0.447791993618011 0.454933196306229 0.794472754001617 9.92460346221924 15.1042795181274 22.4581813812256 40.5211334228516 2.56017351150513 37.266056060791 3.02449655532837 4.96495294570923 5.21302604675293 5.55073070526123 5.93757629394531 6.37971687316895 6.83871364593506 7.14617538452148 7.469482421875 7.85299968719482 8.27203941345215 8.78113460540771 9.49512958526611 10.3593606948853 11.3917446136475 12.4446868896484 13.754771232605 15.5936107635498 18.0940933227539 22.1605949401855 29.7593803405762 46.6073760986328 19.2684535980225 4.2567024230957 -0.24478942155838 9.20371913909912 14.4732971191406 21.7812004089355 39.0873222351074 7.21839714050293
14.4491891860962 17.1183738708496 20.9479084014893 23.7021961212158 27.1934909820557 50.4411735534668 9.18970908969641e-05 0.446376740932465 0.657532334327698 0.75474613904953 7.34635257720947 12.5513887405396 20.0370254516602 37.1895446777344 1.87830197811127 39.7489166259766 1.88685965538025 3.31399750709534 3.38231182098389 3.50441241264343 3.67079091072083 3.85569477081299 4.1281213760376 4.30887889862061 4.38437175750732 4.50972557067871 4.6447548866272 4.81330966949463 5.03364849090576 5.33274602890015 5.60814952850342 5.75592374801636 6.03888893127441 6.42866230010986 6.84865856170654 7.28330945968628 7.66911268234253 8.01759052276611 8.69343090057373 8.86135005950928 9.15955638885498 11.2924518585205 17.814826965332 34.326774597168 3.89051556587219 16.7227630615234
14.3678703308105 26.9774532318115 8.68948841094971 14.8936605453491 20.2029399871826 22.3016357421875 17.7671699523926 5.71403932571411 0.151570916175842 0.639226853847504 1.2140508890152 36.1362915039062 1.78906238079071 17.6733741760254 37.9428977966309 2.10799860954285 2.8163378238678 2.85030484199524 3.36933970451355 3.45563101768494 3.59886908531189 3.79363608360291 4.03326463699341 4.18012857437134 4.22758531570435 4.33759689331055 4.45772552490234 4.58352327346802 4.73392820358276 4.88710451126099 5.0085129737854 5.15665292739868 5.32245063781738 5.55052995681763 5.78294849395752 6.01766061782837 6.2224178314209 6.32897710800171 7.91780042648315 6.34073686599731 6.50530767440796 7.15299844741821 10.322380065918 21.3041954040527 6.8962984085083 15.3992204666138
23.4104137420654 7.48887491226196 35.0367431640625 1.98803269863129 4.00215578079224 19.224681854248 4.6103310585022 7.38356351852417 29.5835514068604 0.149766772985458 29.1667060852051 1.65245258808136 15.2639312744141 2.42699551582336 9.45254230499268 17.8080501556396 2.66883850097656 2.91290998458862 3.26841831207275 3.31752038002014 3.40538334846497 3.54688239097595 3.75065016746521 3.77635216712952 3.84408235549927 3.93077659606934 4.01498031616211 4.10604238510132 4.15027189254761 4.20121431350708 4.28814601898193 4.37964534759521 4.4560694694519 4.57188558578491 4.68603515625 4.92031478881836 5.49656820297241 5.97541618347168 6.3786153793335 6.47427415847778 4.76985263824463 4.96734380722046 5.29496574401855 5.7069263458252 6.40308427810669 9.08790111541748
3.57198858261108 3.87431192398071 4.37543773651123 5.09473085403442 6.13310861587524 7.53335428237915 9.38240528106689 13.2395639419556 24.2473335266113 10.1548223495483 5.18705368041992 1.46466970443726 6.67415618896484 9.80263519287109 13.7160339355469 14.4168243408203 36.9026756286621 2.19100475311279 2.27218413352966 3.46715450286865 3.54472827911377 3.71227478981018 3.80826616287231 3.86288642883301 3.93852639198303 4.03571605682373 4.16204309463501 4.26943016052246 4.43224143981934 4.65836334228516 4.90936708450317 5.21898126602173 5.53132009506226 6.03899574279785 6.73803472518921 7.71070194244385 9.05351543426514 10.9825677871704 14.107889175415 22.2941551208496 4.20996999740601 4.44915819168091 6.02750682830811 6.44245767593384 7.04167079925537 7.77077913284302
1.88556301593781 1.9125337600708 2.00902438163757 2.13483071327209 2.28383803367615 2.44223427772522 2.57578110694885 2.63918948173523 2.69343972206116 2.76873993873596 2.92867302894592 3.21487379074097 3.62379598617554 4.10514831542969 4.56861782073975 5.0231990814209 5.39361381530762 5.90683603286743 6.40450525283813 6.91644525527954 7.50433254241943 8.16400909423828 8.74544525146484 9.72623634338379 10.9409313201904 12.5099210739136 14.7329177856445 17.73264503479 22.9410877227783 31.7088203430176 50.1231002807617 1.12543642520905 1.16764259338379 3.89146018028259 3.98768305778503 4.08009433746338 4.17408657073975 4.26176452636719 4.31012916564941 4.30964469909668 4.31144142150879 4.49600887298584 4.77579975128174 5.11212301254272 5.49621629714966 5.96248388290405
2.47554445266724 2.49624085426331 2.58846974372864 2.73807811737061 2.91690182685852 3.08869051933289 3.24097967147827 3.3895959854126 3.47903990745544 3.56919527053833 3.74377632141113 4.14922857284546 4.65936470031738 5.31031322479248 5.98362493515015 6.66061925888062 7.59664344787598 8.45511054992676 9.32843399047852 10.4810829162598 11.8780488967896 13.1381368637085 15.2813453674316 18.9006423950195 24.1948490142822 33.6395835876465 52.8077964782715 3.73804569244385 27.1075210571289 36.9455451965332 55.829704284668 0.874464988708496 1.41289019584656 2.71764302253723 2.73589491844177 2.75137782096863 2.83658003807068 3.06479835510254 3.53324508666992 3.99871802330017 2.75822186470032 2.78691506385803 2.85448837280273 2.92150640487671 2.98435282707214 3.03567266464233
3.441725730896 3.23625659942627 3.32308387756348 3.51272392272949 3.72530388832092 3.92479729652405 4.11206197738647 4.32111167907715 4.49656963348389 4.65291595458984 4.88560056686401 5.2412428855896 5.63618469238281 6.10409784317017 6.67846202850342 7.28638124465942 7.91818857192993 8.69034671783447 9.49016094207764 10.2502222061157 11.0237340927124 11.9968643188477 14.4547500610352 18.8425941467285 26.9247646331787 45.0976333618164 12.0671863555908 16.3015575408936 17.2840843200684 21.3673973083496 5.92019557952881 0.471376061439514 0.831394493579865 1.15708696842194 2.76082897186279 2.77917313575745 2.79452252388 2.81576228141785 2.85015797615051 2.87339878082275 2.8774197101593 2.89647817611694 2.9454448223114 3.0010826587677 3.07536268234253 3.14183163642883
5.34310960769653 3.22604060173035 3.3040292263031 3.45550632476807 3.65459036827087 3.8745744228363 4.07307147979736 4.27703094482422 4.50278091430664 4.71240425109863 4.97039556503296 5.30761528015137 5.75302505493164 6.30439901351929 7.01982641220093 7.91151189804077 9.14744663238525 10.5912113189697 12.615044593811 14.8404474258423 17.6669445037842 22.536901473999 31.7861309051514 50.7496643066406 7.50772476196289 23.1220264434814 5.43086004257202 15.6826229095459 15.6595973968506 26.588191986084 5.39507913589478 0.227375864982605 0.576289236545563 1.10908246040344 2.79450082778931 2.8246898651123 2.8408055305481 2.86364364624023 2.90894222259521 2.95738959312439 2.99820232391357 3.04291081428528 3.10303401947021 3.16807866096497 3.25115394592285 3.36185669898987
6.62200450897217 3.1610631942749 3.19041728973389 3.26526188850403 3.39243245124817 3.57600951194763 3.96096634864807 4.31329345703125 4.68189716339111 5.10270404815674 5.58838605880737 6.19450712203979 6.89555406570435 7.68445682525635 8.68030834197998 9.95952892303467 11.5935611724854 13.7973594665527 16.7804889678955 20.0063362121582 25.2477283477783 35.195068359375 54.2810134887695 3.69007778167725 7.76256513595581 4.70668458938599 8.84846305847168 7.93182516098022 14.0504341125488 12.1629705429077 31.3754692077637 0.832064867019653 1.13333022594452 1.47572135925293 4.45575571060181 4.55520725250244 4.66193151473999 4.76471519470215 4.90823793411255 5.07478141784668 5.26081800460815 5.48005437850952 5.71709251403809 5.98932027816772 6.29654121398926 6.68207550048828
12.3228197097778 3.82379508018494 3.16748309135437 3.20883822441101 3.25594329833984 3.44721722602844 3.89400768280029 4.39759397506714 4.79808378219604 5.21872472763062 5.78328800201416 6.48479318618774 7.28763961791992 8.22680854797363 9.35433292388916 10.8342800140381 12.8621273040771 15.8349761962891 20.9394721984863 28.8491058349609 47.1732711791992 15.7245035171509 5.3019323348999 5.56592988967896 1.65587103366852 2.52476692199707 16.9204883575439 3.02693200111389 8.18321704864502 4.80092239379883 6.08723115921021 23.583345413208 0.888212740421295 1.286869764328 1.94196200370789 4.13901615142822 4.22851037979126 4.31810617446899 4.43893671035767 4.58607053756714 4.76011276245117 4.95062971115112 5.14453506469727 5.38183164596558 5.65108489990234 5.95067024230957
3.20331716537476 5.56345081329346 5.17421579360962 6.44704341888428 3.87190771102905 3.54337334632874 4.2256383895874 5.01949787139893 5.68492650985718 6.27507209777832 6.96901321411133 7.81088304519653 8.73942947387695 9.82548999786377 11.1698350906372 12.8895606994629 15.2715883255005 18.7560424804688 22.9243106842041 39.2338562011719 22.5001125335693 38.4074440002441 1.15055596828461 6.46270799636841 1.15382933616638 1.66504192352295 2.04696774482727 5.71044683456421 4.13173532485962 4.29646301269531 7.0924859046936 13.478964805603 1.05110704898834 7.60589694976807 1.19629108905792 4.22397661209106 4.30589246749878 4.40009641647339 4.52321195602417 4.66710472106934 4.81271934509277 4.98257255554199 5.17553043365479 5.39063549041748 5.63550853729248 5.90173292160034
16.8795013427734 8.4724063873291 6.45233058929443 6.51686191558838 7.71541166305542 3.26919317245483 3.54877829551697 4.63329553604126 5.46178245544434 6.15794515609741 6.85142803192139 7.69360160827637 8.63172435760498 9.75793170928955 11.1090507507324 12.8697652816772 15.2557916641235 18.5004978179932 23.300666809082 29.1991729736328 46.2229843139648 19.0608654022217 3.49315142631531 1.05341458320618 1.95431780815125 1.27582216262817 1.43220317363739 7.37479972839355 3.14625597000122 3.22581052780151 2.20472621917725 6.19230127334595 1.18099427223206 15.3392572402954 1.24528908729553 1.64585697650909 3.71523070335388 3.79266428947449 3.89043927192688 3.99953126907349 4.12133979797363 4.26194524765015 4.42749071121216 4.60197782516479 4.80745363235474 5.03663110733032
11.1771183013916 11.1989545822144 7.90490818023682 6.27005815505981 7.94951868057251 5.53071546554565 3.23410153388977 4.15358352661133 5.16894865036011 6.01721858978271 6.77946996688843 7.59510517120361 8.56888294219971 9.72340679168701 11.0882968902588 13.2027683258057 16.8614311218262 22.4543590545654 30.9870681762695 49.8424758911133 11.8478803634644 30.9369201660156 1.76942849159241 9.84506607055664 1.82802736759186 3.17248845100403 2.72896385192871 2.82817220687866 3.63593697547913 7.81543302536011 1.68672502040863 1.46098160743713 2.84984707832336 8.03231906890869 1.53735685348511 2.27272200584412 4.28448963165283 4.29789209365845 4.3867654800415 4.50642538070679 4.65191602706909 4.81386089324951 4.98648262023926 5.15608358383179 5.36332559585571 5.60204362869263
11.5447263717651 15.2133293151855 7.52516746520996 8.25522899627686 3.61560320854187 3.31609439849854 3.48303842544556 3.8837628364563 4.52786827087402 5.36587524414062 6.11507368087769 6.91423177719116 7.82107019424438 8.9375638961792 10.2333202362061 11.8559970855713 14.1003694534302 17.2296867370605 21.8796157836914 32.7460098266602 28.7161884307861 16.3777294158936 5.99343585968018 8.02853393554688 1.68792223930359 3.90720152854919 3.54885411262512 4.85031318664551 5.2394061088562 10.8587207794189 6.32135152816772 1.76495957374573 2.79361820220947 3.90840888023376 1.88927221298218 2.06999731063843 2.39825057983398 4.24927949905396 4.32071542739868 4.40270137786865 4.49446535110474 4.59494256973267 4.70623254776001 4.83129358291626 5.02391767501831 5.23771905899048
12.0374813079834 14.2576284408569 8.49686050415039 10.5651702880859 2.97409200668335 3.09495329856873 3.37715911865234 3.6105363368988 4.09021759033203 5.05227375030518 6.05511617660522 6.94148778915405 7.86905765533447 8.98887157440186 10.3333387374878 11.9686651229858 14.1681833267212 17.1788444519043 21.3579425811768 36.5986404418945 22.5597686767578 19.0976409912109 3.43496775627136 4.1286997795105 4.45852518081665 8.14945507049561 1.92618894577026 2.51323175430298 2.74939846992493 13.9267644882202 3.08429026603699 1.2509857416153 4.05913591384888 5.30154657363892 1.294793009758 1.59240520000458 2.36804986000061 4.53639841079712 4.6448540687561 4.77304220199585 4.9148211479187 5.07102680206299 5.24634599685669 5.43751668930054 5.65925264358521 5.90555810928345
