slauniainen/Data/DEM/Vihti_dem1500b_cl_horizonAngle_228.asc
NCOLS 196 
NROWS 178 
XLLCORNER 353680 
YLLCORNER 6699024 
CELLSIZE 16 
NODATA_value -3.4e+38 
[rows 100 to 119 of 178, columns 45 to 89 of 196]
2.86842656135559 2.05250930786133 3.11987614631653 1.84718787670135 1.11654019355774 1.54354739189148 2.96642684936523 1.92389166355133 1.37443518638611 1.03066182136536 0.857244074344635 1.23867607116699 1.06765913963318 1.20416438579559 1.66146326065063 2.79583835601807 2.65455532073975 3.21580457687378 3.47821974754333 3.44891905784607 3.67591214179993 3.42068123817444 3.32699203491211 2.80667686462402 2.65858674049377 2.26590609550476 2.31471419334412 2.57111263275146 2.51491260528564 2.17116832733154 1.7688707113266 1.16211414337158 0.277107626199722 -0.149237766861916 3.95088005065918 5.25644826889038 8.29341793060303 13.1574277877808 8.88341236114502 6.98465013504028 4.98719215393066 3.8276948928833 3.07209968566895 2.63591742515564 2.5503876209259
2.06366205215454 1.56759107112885 2.36703729629517 2.00402784347534 1.01143610477448 1.0061057806015 2.09479641914368 1.37671339511871 1.76730251312256 0.907699763774872 0.847835540771484 0.973967492580414 1.43564176559448 1.82360708713531 3.12248349189758 3.72098588943481 3.987056016922 3.80931210517883 3.62041735649109 3.74973201751709 3.5513060092926 3.61285042762756 3.04121708869934 2.87503218650818 2.4696044921875 2.53043413162231 2.86914396286011 2.74616503715515 2.37578701972961 2.17291069030762 1.66742527484894 0.897420465946198 -0.102378740906715 0.0709768384695053 5.74743843078613 5.89592838287354 4.09980440139771 8.67142105102539 10.740514755249 7.41088342666626 4.63082933425903 3.45373153686523 2.94013714790344 2.81192994117737 2.31797957420349
1.68193650245667 1.09592199325562 1.14235603809357 1.29300272464752 1.59047603607178 0.889042496681213 1.37015843391418 0.965360283851624 0.860761702060699 1.44235718250275 1.37170314788818 1.90430510044098 1.91329765319824 3.50431704521179 4.36900472640991 4.61581516265869 4.15862274169922 4.23623657226562 4.05720043182373 3.63251543045044 3.73949885368347 3.25016641616821 3.13482093811035 3.01964330673218 3.53973937034607 3.18808269500732 3.04638123512268 2.65974688529968 2.42279553413391 2.04326605796814 1.56874942779541 0.46296215057373 -0.209533184766769 0.0714598074555397 8.56439113616943 5.04961919784546 4.17343854904175 6.73296642303467 9.77224922180176 6.75540542602539 3.92345380783081 3.33446884155273 3.13074159622192 2.56007623672485 2.6328752040863
2.03021097183228 0.762576460838318 0.297787725925446 -0.0519576072692871 0.688755452632904 0.443847745656967 0.81744396686554 0.953666090965271 1.05026865005493 1.27276682853699 3.07165265083313 2.49641299247742 4.98090982437134 5.50430870056152 5.79920148849487 4.71400785446167 4.74509382247925 4.03799962997437 4.03103542327881 3.92747354507446 3.31190037727356 3.26675319671631 3.28764986991882 3.9808394908905 3.67897152900696 3.33816194534302 2.9087119102478 2.68487191200256 2.30649495124817 2.11438345909119 1.90673172473907 0.175956517457962 -0.304711401462555 -0.33056116104126 3.79850745201111 3.7156879901886 2.91700959205627 4.7379469871521 7.25540733337402 5.55385732650757 3.82564783096313 3.54637241363525 2.86297798156738 2.88446569442749 3.61532068252563
1.37797808647156 0.413921535015106 -0.374075412750244 -0.497129917144775 -0.0777093917131424 -0.0970570147037506 0.242776557803154 0.0773326754570007 -0.180085033178329 -0.434561789035797 3.17127275466919 9.30394554138184 7.88058757781982 8.22053718566895 6.05395460128784 5.87800264358521 4.48070049285889 4.45308637619019 3.45045495033264 3.42020273208618 3.38317370414734 3.70936846733093 4.59008073806763 4.03421115875244 3.52862143516541 3.20302104949951 2.886958360672 2.48131251335144 2.75594425201416 2.59417510032654 1.39662313461304 0.376792132854462 -0.074727438390255 -0.0450271219015121 0.776613533496857 3.3721776008606 2.08758568763733 2.94756412506104 4.89028549194336 4.28437185287476 4.07521772384644 3.29649329185486 3.09194207191467 3.88693332672119 3.75164532661438
1.14694237709045 0.216827139258385 -0.28235650062561 -0.459726721048355 -0.261935502290726 -0.297244399785995 0.102987840771675 -0.166768133640289 -0.432298928499222 -0.874667644500732 -1.03973746299744 8.17164134979248 13.3515148162842 8.23597812652588 8.06756496429443 5.37644863128662 5.15447568893433 3.7312924861908 3.60224175453186 3.24167132377625 4.58566570281982 5.58800172805786 4.47562217712402 3.76302909851074 3.35279059410095 3.10432457923889 2.67074704170227 2.88084602355957 2.7153422832489 2.1559476852417 0.953699886798859 0.706339240074158 0.691404819488525 0.816281974315643 0.856038808822632 2.80152559280396 2.42419290542603 3.38739347457886 4.28553676605225 4.65093040466309 3.84090900421143 3.33387637138367 4.18971347808838 4.05234670639038 4.07024335861206
0.578652441501617 0.0960427895188332 -0.24869279563427 -0.22946298122406 -0.337744772434235 -0.422752916812897 -0.166314154863358 -0.331490367650986 -0.615570962429047 -0.948896169662476 -1.2337121963501 -0.875648140907288 8.89263343811035 12.7256155014038 7.19150876998901 6.58851528167725 4.38420391082764 3.92913055419922 2.75596356391907 3.56217479705811 7.34526205062866 5.58919286727905 4.17179584503174 3.5265588760376 3.29152488708496 2.70111918449402 2.2163417339325 3.26305556297302 3.18185567855835 2.11471605300903 0.835943877696991 1.02914953231812 1.41611969470978 1.03166162967682 1.29531419277191 2.76576447486877 3.77841711044312 4.59633827209473 4.59312295913696 4.32523059844971 3.60946536064148 4.54529190063477 4.39668941497803 4.38969039916992 3.903235912323
0.215276837348938 0.0725706294178963 0.218701019883156 -0.0141026452183723 -0.225560665130615 -0.433607012033463 -0.502876818180084 -0.440011262893677 -0.637543141841888 -0.880700051784515 -1.19912302494049 -1.2428605556488 -1.16918277740479 7.21737337112427 10.4793529510498 6.17100048065186 4.40926694869995 2.87316203117371 1.62477505207062 0.589286267757416 4.54400014877319 4.74385643005371 3.72733616828918 3.49310731887817 2.7513153553009 1.65955233573914 1.28041326999664 1.41198778152466 1.61918997764587 1.48077154159546 1.29773461818695 1.68268537521362 1.40474426746368 1.41828644275665 1.52022707462311 3.64534497261047 4.85129070281982 5.28476524353027 4.5477819442749 3.99375820159912 4.96354198455811 4.81581926345825 4.76211833953857 4.20650196075439 3.71208095550537
-0.523985624313354 0.507170021533966 0.753144145011902 0.572712540626526 0.0418217405676842 -0.382526963949203 -0.351755172014236 -0.459965765476227 -0.59924978017807 -0.746118724346161 -0.950644910335541 -1.08664560317993 -1.14525854587555 -1.02798104286194 3.58522868156433 6.00203847885132 3.28299498558044 2.2333550453186 1.10445773601532 0.0269431341439486 2.30125999450684 4.60860347747803 4.52658748626709 2.96512150764465 1.45330393314362 0.895754098892212 1.56358540058136 1.62689197063446 1.51734101772308 1.42526125907898 1.93769550323486 1.65669476985931 1.5894695520401 1.5499951839447 4.35830402374268 5.09942579269409 5.37599563598633 5.08557796478271 4.40654420852661 5.48583269119263 5.2843804359436 5.2164044380188 4.57406091690063 4.03242826461792 3.60272097587585
-1.13020312786102 0.0847510397434235 1.22339236736298 0.499665319919586 0.361428618431091 0.0226382855325937 -0.252622455358505 -0.352539956569672 -0.560743391513824 -0.644990742206573 -0.756015300750732 -0.895407021045685 -0.97760134935379 -0.935936093330383 -0.81812310218811 1.02246844768524 2.15626120567322 2.11972260475159 1.0145503282547 0.165779680013657 0.317872941493988 1.93523824214935 4.25053691864014 1.8702300786972 0.50908887386322 0.487404644489288 0.349214434623718 0.872919678688049 1.53757262229919 2.47223281860352 1.86005640029907 1.91893780231476 1.40342891216278 1.38121151924133 5.99860858917236 6.52620029449463 5.32409238815308 4.87637805938721 6.09503793716431 5.92377376556396 5.74317073822021 5.00009727478027 4.41526365280151 3.94023132324219 3.63133716583252
-1.08735239505768 -1.01479017734528 0.613943874835968 0.641740143299103 0.255198240280151 -0.0840169340372086 -0.227251023054123 -0.314344167709351 -0.429171204566956 -0.503048479557037 -0.605031549930573 -0.700719356536865 -0.767247200012207 -0.746131598949432 0.215160921216011 0.271927863359451 0.739652335643768 1.3914932012558 1.44154632091522 0.539202570915222 -0.0691866427659988 -0.0451284572482109 2.59430050849915 2.06287574768066 0.782476723194122 1.29326331615448 1.68334233760834 1.33048403263092 2.02681589126587 1.99903655052185 2.15663576126099 1.91439116001129 1.60227346420288 1.33382022380829 2.77750205993652 5.81280946731567 5.35715675354004 6.62380027770996 6.67701578140259 6.41391801834106 5.52108955383301 4.86551952362061 4.35100078582764 3.97927641868591 3.4795286655426
-0.985588788986206 -0.971386551856995 -0.635259509086609 0.446378320455551 0.196769773960114 -0.105958074331284 -0.232421919703484 -0.339512377977371 -0.401741713285446 -0.402627170085907 -0.447154015302658 -0.570478022098541 -0.685848474502563 -0.707499980926514 -0.614630997180939 -0.535052061080933 -0.109797656536102 0.210775643587112 1.12738990783691 0.600808620452881 -0.00930195022374392 0.0265825185924768 0.530746579170227 1.42084968090057 1.70596170425415 2.39916658401489 2.83334565162659 2.43249082565308 2.13100934028625 2.39899373054504 2.14509034156799 2.0736198425293 1.89065861701965 1.7684760093689 3.73383045196533 6.33184003829956 7.08211040496826 7.36604785919189 7.22643995285034 6.15260362625122 5.43143510818481 4.8585729598999 4.37552642822266 3.81562757492065 3.57653141021729
-0.903168737888336 -0.880241930484772 -0.8246710896492 -0.648075878620148 -0.00886727962642908 -0.0380578190088272 -0.252532303333282 -0.265794306993484 -0.350608259439468 -0.323020845651627 -0.341192096471786 -0.403654009103775 -0.540188908576965 -0.571265757083893 -0.530449151992798 -0.49972739815712 -0.470509707927704 -0.382092148065567 0.1417216360569 0.325371563434601 0.225351378321648 0.219198480248451 0.884378135204315 2.19103956222534 3.22431087493896 3.76534461975098 2.86137819290161 2.94916915893555 2.71805596351624 2.36201810836792 2.28376054763794 2.22923040390015 2.97675371170044 4.31539297103882 6.84999132156372 7.86055850982666 8.00155448913574 7.85122060775757 6.88041162490845 6.10024166107178 5.47740459442139 4.89072704315186 4.23799228668213 4.51720905303955 4.95353603363037
-0.800026416778564 -0.769302248954773 -0.724464535713196 -0.671400964260101 -0.601079046726227 -0.312766522169113 -0.38966166973114 -0.33691218495369 -0.160711780190468 -0.271445006132126 -0.244100078940392 -0.250784546136856 -0.321833431720734 -0.367378383874893 -0.429970413446426 -0.407538145780563 -0.357160598039627 -0.275507211685181 0.244099855422974 0.377462476491928 0.545707583427429 1.7574303150177 3.02984023094177 4.71775197982788 4.95363855361938 3.89136505126953 3.63406991958618 3.02331185340881 2.64110445976257 2.48613858222961 2.38231015205383 3.70740604400635 5.71891212463379 8.10783290863037 8.36446094512939 8.5669469833374 8.57250785827637 7.51329898834229 6.68926095962524 5.89755392074585 5.20046949386597 5.0795693397522 5.78691911697388 7.02061033248901 6.51192665100098
-0.699160873889923 -0.68363744020462 -0.613142073154449 -0.608572900295258 -0.528332114219666 -0.412993222475052 -0.309636980295181 -0.289113372564316 -0.211828500032425 -0.19490747153759 -0.167838677763939 -0.140996113419533 -0.171086952090263 -0.238076493144035 -0.286860316991806 -0.294917941093445 -0.252048969268799 -0.115199357271194 0.345153242349625 0.286310285329819 0.251479476690292 4.26856756210327 8.51718807220459 7.08589363098145 5.52174234390259 4.63884544372559 3.83031272888184 2.94220757484436 2.77061080932617 3.04279565811157 4.91041278839111 7.52370309829712 9.93732070922852 9.83736324310303 9.22837352752686 8.30467319488525 7.88554573059082 7.14871644973755 6.41069602966309 5.42432308197021 4.35035467147827 4.04855108261108 5.54560899734497 6.61298799514771 6.99231290817261
-0.611120164394379 -0.553432404994965 -0.422297030687332 -0.388950794935226 -0.27612766623497 -0.221435546875 -0.09135802090168 -0.118747964501381 -0.0756538882851601 -0.0465754233300686 -0.0388885214924812 -0.0440363995730877 -0.0477192364633083 -0.110222116112709 -0.164351344108582 -0.19254307448864 -0.0873378664255142 0.0550775751471519 0.214803531765938 0.396113812923431 0.0882578790187836 0.02952472679317 9.73189640045166 9.11420059204102 6.370285987854 5.21579074859619 3.68457651138306 2.92118620872498 2.44870734214783 4.28372526168823 9.15782451629639 12.7786207199097 12.4820156097412 10.3813238143921 8.84908103942871 8.4220724105835 7.51418542861938 6.4427342414856 5.96545743942261 4.69672536849976 3.73656582832336 5.38803386688232 6.31396770477295 7.03675937652588 7.26997470855713
-0.418985992670059 -0.335047513246536 -0.260508835315704 -0.108957290649414 -0.0924205407500267 -0.13512048125267 -0.0667557120323181 0.0774389281868935 0.0106663331389427 0.0360119678080082 0.0729917734861374 0.0872218981385231 0.0593932010233402 -0.00318114762194455 -0.11170420050621 -0.0378860980272293 0.0779931023716927 0.137936756014824 0.556674778461456 0.525888323783875 0.181838199496269 -0.156997233629227 2.52400493621826 8.75790786743164 8.61399936676025 5.01514625549316 4.2510027885437 2.72285962104797 1.37065804004669 3.57095003128052 13.1161518096924 16.3503570556641 15.2637186050415 9.71181011199951 8.90839290618896 7.97522020339966 6.9111475944519 5.88974952697754 4.82916259765625 4.54474878311157 6.07287454605103 6.81809520721436 7.60723495483398 7.69632005691528 7.40812158584595
-0.195610657334328 -0.252293258905411 -0.238734185695648 -0.175393864512444 -0.0875264853239059 -0.0251883529126644 -0.0173892378807068 0.085485152900219 0.0789264664053917 0.13188847899437 0.18941667675972 0.173830986022949 0.116792544722557 0.0304295588284731 0.0651723742485046 0.122990429401398 0.143645271658897 0.713093400001526 0.80256187915802 0.478825181722641 0.388489723205566 0.00931524019688368 2.06689858436584 2.29107618331909 5.07273626327515 6.45020818710327 3.90969371795654 2.03041839599609 0.267585188150406 -0.174486950039864 3.74024391174316 9.82890129089355 10.3783006668091 10.7924957275391 7.91555786132812 6.93020009994507 6.55974102020264 5.09245634078979 3.19326639175415 6.37633943557739 7.41643524169922 8.18333911895752 8.19089412689209 7.89801359176636 8.50263595581055
-0.196940407156944 -0.195362731814384 -0.165702402591705 -0.0806216821074486 0.0635005161166191 0.18592244386673 0.138495430350304 0.138080090284348 0.220645427703857 0.225267663598061 0.286580741405487 0.277620315551758 0.155570298433304 0.137010842561722 0.177579164505005 0.173890367150307 0.187406435608864 0.51955235004425 0.915618419647217 1.74242401123047 0.972742736339569 0.00540923373773694 1.21719396114349 3.03241205215454 2.72898411750793 3.99654150009155 3.15705895423889 0.633757650852203 0.240059971809387 -0.166724070906639 -0.0653308182954788 6.13117408752441 5.96940088272095 8.15517330169678 7.84731817245483 6.42688798904419 5.83165502548218 2.987957239151 1.22462749481201 6.11821556091309 9.99348449707031 9.56434345245361 9.29563426971436 9.03127479553223 9.62928009033203
-0.039072047919035 -0.102007418870926 -0.0167589653283358 0.040994256734848 0.206448316574097 0.392675250768661 0.419314384460449 0.24450795352459 0.337058991193771 0.382442593574524 0.436769783496857 0.412041276693344 0.367231786251068 0.314356088638306 0.23665152490139 0.267411440610886 0.285024642944336 0.679416239261627 3.21822547912598 3.76434659957886 2.69800853729248 1.08695650100708 1.26314115524292 2.74648070335388 2.3148672580719 1.78943967819214 0.930634796619415 0.643761396408081 0.340943038463593 0.166561469435692 0.0622190684080124 0.410917371511459 3.63985657691956 7.04545307159424 6.80415773391724 6.05421113967896 4.6186990737915 1.72927618026733 0.349146664142609 3.87199401855469 10.9174423217773 11.8863677978516 11.1270151138306 11.2460479736328 10.3566980361938
