slauniainen/Data/DEM/Vihti_dsm1500b_cl_horizonAngle_192.asc
NCOLS 196 
NROWS 178 
XLLCORNER 353680 
YLLCORNER 6699024 
CELLSIZE 16 
NODATA_value -3.4e+38 
[rows 60 to 79 of 178, columns 46 to 91 of 196]
7.80935668945312 0.924792349338531 3.47678685188293 1.84949576854706 3.52012896537781 7.72298765182495 7.93129253387451 6.44830703735352 7.04919576644897 2.9295506477356 3.38370800018311 5.69921541213989 3.01923370361328 3.51314306259155 6.90233659744263 3.10174036026001 1.39602410793304 3.5429413318634 4.03422260284424 4.29805612564087 7.10164403915405 19.9497165679932 19.2625694274902 15.5312643051147 6.10231494903564 4.7085428237915 9.60704898834229 0.166221499443054 3.80465984344482 0.305974125862122 1.18840599060059 0.603129744529724 1.77048373222351 3.87266278266907 10.5357818603516 1.91153967380524 0.69877701997757 2.92931199073792 4.80285263061523 3.2533233165741 8.20900344848633 8.39974117279053 4.18050718307495 0.500932097434998 14.3330135345459 8.59612274169922
0.573984742164612 0.861785352230072 3.55532169342041 6.81562232971191 5.05473232269287 6.83175897598267 13.4499130249023 6.73009300231934 9.40493679046631 10.4312877655029 8.49825859069824 4.57616567611694 5.16344213485718 9.38300800323486 6.92135429382324 4.12377166748047 6.46723413467407 6.77014875411987 0.598523259162903 2.2814154624939 1.2428492307663 11.4641532897949 10.6317615509033 19.6546974182129 3.51638650894165 6.94586277008057 1.7254341840744 1.42513370513916 8.50807952880859 1.35461020469666 3.34214115142822 2.91376137733459 2.68574953079224 4.32016515731812 4.442054271698 3.51674294471741 3.45788383483887 3.88136959075928 6.1267786026001 6.44442272186279 3.52665781974792 2.854576587677 12.9189405441284 5.36072826385498 8.69645881652832 12.2993116378784
1.93359482288361 1.88472187519073 1.00624001026154 1.00530576705933 6.41585683822632 0.816329956054688 2.5314199924469 5.59955024719238 2.58933854103088 4.0484676361084 5.21259212493896 5.2806658744812 5.65674257278442 7.11111927032471 12.0861186981201 7.86312198638916 7.14406776428223 10.3248081207275 2.76209330558777 10.9140663146973 8.02102756500244 1.47368025779724 4.29239511489868 1.19393789768219 5.90500402450562 5.89620780944824 0.554430305957794 8.43576240539551 -0.154977828264236 2.51259160041809 8.386155128479 9.28001689910889 6.55057239532471 6.90545272827148 8.31945991516113 8.67494010925293 10.9034662246704 7.12569856643677 5.22837114334106 7.69982528686523 5.68354415893555 3.34719514846802 20.5903224945068 11.2341995239258 0.00170870043803006 11.3240098953247
2.62905836105347 2.3720977306366 1.13357675075531 0.941576600074768 0.263133406639099 2.08850860595703 2.00658869743347 7.31312274932861 3.10417413711548 4.7824125289917 5.75645208358765 9.20149898529053 6.06456279754639 8.93442440032959 17.1979808807373 5.58194923400879 10.4490146636963 -0.653348684310913 0.392284989356995 0.987301349639893 1.81643307209015 5.91121864318848 2.90551996231079 2.37137603759766 1.35288774967194 1.458775639534 0.799982070922852 1.29309034347534 -0.325333774089813 4.32579851150513 15.1704320907593 15.4888181686401 9.76832485198975 13.1576433181763 9.35405731201172 6.91462564468384 6.16768455505371 7.51888036727905 15.4301738739014 12.5261945724487 8.90641784667969 9.25156688690186 0.98242723941803 0.799897432327271 1.71173429489136 0.31584420800209
2.76309061050415 3.17739176750183 2.10317444801331 14.7008457183838 0.129464998841286 0.827562153339386 4.07955312728882 8.70670700073242 6.06726408004761 11.7133922576904 11.7717294692993 17.0019569396973 17.3996601104736 21.3205509185791 14.5183525085449 6.40866804122925 0.098957784473896 -0.660299897193909 10.0877265930176 5.40945768356323 2.07045817375183 9.54283142089844 5.53236627578735 3.39192008972168 5.18134689331055 2.41495895385742 11.2169990539551 0.220151722431183 5.69947910308838 11.0906038284302 10.3446731567383 4.8180193901062 18.3828449249268 26.275411605835 11.3062124252319 10.3352794647217 14.3259744644165 11.9879484176636 19.8932914733887 11.9561824798584 4.94838237762451 13.1701135635376 1.01132583618164 0.936104595661163 0.731878697872162 0.877705752849579
2.68318605422974 3.26296067237854 2.91478109359741 0.54164046049118 0.176864221692085 0.873816967010498 7.76036024093628 11.1802110671997 15.8534479141235 24.8546333312988 20.7315635681152 7.81499052047729 11.9719209671021 26.7597541809082 12.0120830535889 2.69078826904297 3.00194311141968 -0.630548417568207 7.26961946487427 19.8550720214844 12.0260848999023 0.209458842873573 4.86942958831787 4.41757869720459 2.40100049972534 1.43760049343109 2.0951189994812 1.65547120571136 16.7747421264648 -0.502540290355682 4.00954675674438 5.10919046401978 12.0382108688354 8.52281951904297 14.5380830764771 9.66850757598877 14.9827032089233 10.3634872436523 1.52877831459045 2.21631956100464 20.6665077209473 1.17334198951721 7.63050174713135 9.05963230133057 1.17119836807251 3.85747361183167
3.40874600410461 2.97257661819458 3.01657390594482 2.28927850723267 14.1004686355591 0.988414824008942 1.88172328472137 3.51993298530579 10.0678453445435 3.45075392723083 5.72481632232666 3.12523937225342 13.4352436065674 4.72649097442627 4.85825347900391 6.64972352981567 -0.926181077957153 22.3772392272949 20.0116539001465 10.4814901351929 2.36705899238586 14.062933921814 2.37458992004395 2.07450032234192 2.87958741188049 6.57005882263184 0.934627830982208 4.87947988510132 -0.560659527778625 -0.299668908119202 -0.665800631046295 0.625473141670227 -0.466068744659424 -0.0402330756187439 0.435312777757645 0.674460291862488 0.9871626496315 1.07761430740356 2.25548696517944 2.01470470428467 1.18733167648315 15.0294713973999 16.8884887695312 5.12054252624512 7.7155556678772 3.66049003601074
3.61544871330261 3.13532972335815 2.84478664398193 2.59232354164124 0.883350908756256 1.00392353534698 4.5250678062439 4.30328321456909 4.93037605285645 9.37399101257324 5.42459535598755 6.89811849594116 2.12975883483887 0.411368578672409 0.672969341278076 0.798667728900909 -0.299142241477966 9.31206321716309 0.627458870410919 2.4548008441925 5.23659610748291 29.1315593719482 3.60646843910217 4.5795316696167 3.67342209815979 14.0351991653442 7.87528896331787 5.1132345199585 6.13311529159546 1.13936865329742 0.418039709329605 0.626337587833405 0.0266887806355953 0.283949255943298 0.496413767337799 0.798864603042603 1.04871296882629 1.11224281787872 2.71589112281799 2.11705255508423 4.10878133773804 10.5201530456543 15.9926290512085 13.4443235397339 17.5085029602051 9.18424892425537
3.81856250762939 3.30429220199585 2.97751140594482 2.73412537574768 1.10141313076019 5.91942501068115 1.35146331787109 1.27429962158203 0.787185370922089 10.881760597229 8.40639400482178 1.685267329216 8.07891845703125 1.03121745586395 19.983419418335 1.03083407878876 -0.193804949522018 -0.45844030380249 1.02621853351593 11.7101221084595 7.93546772003174 -0.853347063064575 10.663649559021 7.74559116363525 6.82559728622437 1.43164265155792 11.5208759307861 4.02044534683228 1.12241899967194 1.47655344009399 3.31419014930725 0.466153591871262 1.15661239624023 0.984593331813812 3.7790744304657 1.70441961288452 2.47062706947327 2.0337233543396 10.7226371765137 6.68304586410522 5.47894096374512 14.6689481735229 1.61352813243866 11.4015645980835 8.07754230499268 24.4034099578857
4.01555871963501 3.4838011264801 2.61427974700928 2.8953275680542 2.32540798187256 1.12778007984161 1.74985718727112 1.68549299240112 0.991016089916229 0.872214794158936 1.07327139377594 0.872381150722504 0.524792611598969 1.17997550964355 0.502492904663086 1.39763307571411 0.220891505479813 1.05219733715057 1.39622521400452 1.12463855743408 1.14014685153961 22.4282970428467 17.579402923584 7.03217363357544 11.3061494827271 1.12286365032196 1.24257707595825 1.1596508026123 1.78156316280365 2.21843242645264 13.0645875930786 0.628530263900757 7.97925996780396 8.01770210266113 1.44231045246124 1.82211565971375 4.91284847259521 3.62989568710327 3.51799011230469 9.00804615020752 26.7047824859619 33.4298057556152 3.96332859992981 9.07896137237549 4.4599142074585 0.771657824516296
4.15629053115845 3.60752105712891 3.0380334854126 2.69673633575439 2.80742526054382 2.90694451332092 3.12540078163147 7.90979194641113 1.18823325634003 1.58261597156525 1.64253008365631 1.1953489780426 1.35290944576263 1.7395966053009 1.2354828119278 0.253959149122238 0.475038707256317 8.1298713684082 10.0523748397827 7.57176542282104 0.285853683948517 -0.0432808399200439 0.848401308059692 8.40250396728516 3.16840839385986 1.18839514255524 1.36472582817078 12.2373447418213 1.61661982536316 3.26336622238159 1.14244771003723 14.3072872161865 15.4750328063965 7.36489534378052 2.98874425888062 14.5405025482178 3.36916160583496 9.8823709487915 16.8686866760254 19.5897369384766 38.5711402893066 1.75059700012207 5.02449131011963 19.6593914031982 10.2090320587158 10.1289625167847
3.75909638404846 3.71508145332336 3.16352868080139 3.93619060516357 3.73095941543579 4.05347299575806 4.35162258148193 1.58573293685913 1.35882866382599 1.89004576206207 1.65360176563263 1.66654026508331 1.87649488449097 1.90048551559448 1.9550017118454 0.966293334960938 0.797420740127563 14.8096542358398 23.0919132232666 7.66878938674927 4.36882591247559 5.5228009223938 1.95293974876404 4.66770315170288 0.813604712486267 10.0065574645996 1.09456324577332 21.1529102325439 14.3246755599976 5.30496025085449 1.92491602897644 18.4748649597168 16.0682849884033 1.49457025527954 5.41635084152222 3.90830397605896 8.21527481079102 26.164192199707 16.7211360931396 19.7598361968994 1.62246060371399 11.9605255126953 16.6857433319092 1.1413631439209 1.4253842830658 1.37112629413605
3.90327143669128 3.43683242797852 3.29998373985291 4.09491968154907 3.87810778617859 4.203932762146 4.52644968032837 2.18000149726868 2.32142114639282 3.04373860359192 2.46804666519165 2.13363671302795 2.40029048919678 3.2200882434845 2.52044248580933 1.28756010532379 1.55900573730469 2.18348813056946 2.16036581993103 2.81015825271606 6.55243110656738 0.925029098987579 4.18932819366455 0.978393912315369 10.3266973495483 5.43372917175293 4.3699951171875 1.45581555366516 4.74700450897217 5.11425924301147 3.60853028297424 0.551992058753967 0.939091145992279 11.0484952926636 2.86609888076782 5.61641073226929 22.6562938690186 4.28231620788574 30.4414176940918 4.89540433883667 3.83155345916748 12.3060350418091 1.63128077983856 3.38714647293091 2.05540251731873 2.09802341461182
4.04192781448364 3.54480624198914 3.45018911361694 4.27195358276367 4.05131006240845 4.38379859924316 4.72954750061035 2.33363962173462 2.68881583213806 3.48714995384216 3.33086228370667 3.55239295959473 3.78848004341125 3.12655091285706 3.1804986000061 1.33573877811432 3.00870370864868 3.21259689331055 10.8568687438965 4.40102243423462 -0.837749183177948 10.6482992172241 0.86046826839447 2.18261170387268 23.0645771026611 3.23293781280518 5.28631210327148 1.79974555969238 15.2050247192383 7.82217311859131 2.64332413673401 1.71565008163452 1.11536455154419 19.3530960083008 3.19555473327637 12.5134162902832 2.60326313972473 11.6510848999023 2.86031150817871 2.38851737976074 6.37910509109497 2.03693127632141 2.24907112121582 2.82536768913269 3.33545136451721 2.26222729682922
4.19689559936523 3.65510249137878 3.21965551376343 4.46501111984253 4.24568223953247 4.59228706359863 4.97492218017578 4.13569641113281 4.1836404800415 4.39092779159546 4.03139877319336 3.68657517433167 3.92755603790283 3.24382281303406 3.30148243904114 1.3546199798584 3.04819965362549 3.4206383228302 18.8331298828125 0.843586206436157 -0.426075756549835 0.993479788303375 1.06686532497406 1.35981631278992 1.14048004150391 8.86105060577393 1.5152941942215 2.18713736534119 2.155433177948 8.74859142303467 3.06999087333679 2.20393228530884 15.3427515029907 2.17426943778992 11.7169952392578 13.6302995681763 16.7546672821045 5.52189445495605 3.6321325302124 2.51687383651733 2.28190445899963 3.34810662269592 5.74299764633179 6.91855239868164 7.35699033737183 6.44744777679443
4.30858993530273 3.8559365272522 4.74367189407349 4.52055883407593 4.91437339782715 5.29503726959229 4.51602602005005 4.35144186019897 4.61585855484009 4.23339939117432 4.08977317810059 3.81118941307068 4.06421995162964 3.46445941925049 1.37715673446655 1.59272813796997 3.19928646087646 3.67994236946106 2.10153293609619 0.983498632907867 -0.336510330438614 1.24700772762299 26.9644050598145 10.4039535522461 1.4808863401413 1.91651439666748 2.22277474403381 6.08981370925903 15.3544054031372 1.77042007446289 9.2229118347168 2.46354746818542 2.27117609977722 6.55008792877197 21.7806930541992 25.4367904663086 25.1273994445801 4.67824554443359 4.46062755584717 5.18266248703003 3.05538463592529 3.59439730644226 3.45290231704712 4.53741598129272 15.3344984054565 16.8614635467529
4.49085330963135 4.10905122756958 5.02721548080444 4.77710771560669 5.14959621429443 5.52617740631104 4.54564762115479 4.53346109390259 4.81163740158081 4.41407585144043 3.77635979652405 3.95526266098022 4.21077632904053 3.60314536094666 1.49142920970917 1.85911667346954 3.31507205963135 4.04936122894287 3.60125041007996 0.15081225335598 0.681097567081451 1.72372126579285 1.41906535625458 1.33506882190704 2.03752326965332 3.62297487258911 3.39420652389526 10.558614730835 1.60865449905396 2.19556379318237 2.01249504089355 2.86981177330017 2.69307923316956 5.73621129989624 3.58860516548157 3.36070680618286 3.7441508769989 6.95134162902832 5.76485824584961 6.8024263381958 7.54778099060059 10.7149667739868 11.1190099716187 17.1726913452148 3.38830637931824 9.75223350524902
4.14940929412842 4.32040548324585 5.23688459396362 4.97655487060547 5.38923692703247 5.79768562316895 4.77173900604248 4.72318363189697 5.04000377655029 4.60605907440186 3.71733784675598 4.10364866256714 4.37108278274536 3.77178716659546 1.55655491352081 1.92958521842957 3.41448426246643 4.20086145401001 3.05272173881531 1.42090654373169 0.990723967552185 2.02244710922241 2.13280701637268 14.1351490020752 9.91289806365967 18.1971549987793 3.86559820175171 8.8006010055542 13.241042137146 2.64664554595947 2.82436728477478 2.90653395652771 3.02203345298767 16.760763168335 5.71194553375244 5.71087169647217 4.57605981826782 9.10721015930176 7.80550098419189 7.9347095489502 11.8216142654419 12.1906442642212 12.3395709991455 5.46197891235352 7.37306928634644 13.1170301437378
4.26803207397461 4.51406049728394 5.49211883544922 5.23589944839478 5.67351007461548 6.10161781311035 5.0140380859375 5.0769624710083 5.27553272247314 4.80809783935547 4.30430364608765 4.59109497070312 3.76243901252747 3.94816756248474 1.61153495311737 3.56102013587952 3.95565509796143 4.33326053619385 3.18638324737549 1.41662919521332 3.0262656211853 3.02435827255249 2.57533931732178 1.84913384914398 2.08596086502075 1.51231181621552 2.93635869026184 2.14141583442688 2.09630823135376 3.16333413124084 3.22706866264343 3.73851418495178 3.18933320045471 2.44814372062683 2.09076380729675 3.0105767250061 4.74960947036743 8.79940319061279 14.6029424667358 12.372727394104 23.7841663360596 25.5998210906982 14.5266036987305 19.8848037719727 20.8277816772461 1.52942335605621
4.85238790512085 4.20456266403198 5.81276369094849 5.64788341522217 5.97866201400757 6.44257783889771 5.31218528747559 5.593186378479 5.15087938308716 4.89461708068848 4.51213645935059 4.80033731460571 4.18280601501465 1.56052565574646 2.29172849655151 3.66433644294739 4.06736898422241 4.4902172088623 3.32688546180725 2.37530112266541 3.20003342628479 3.20138454437256 2.37422823905945 2.56760239601135 2.32184362411499 1.83398342132568 13.4345283508301 5.65466928482056 2.39400506019592 6.92991924285889 5.31624126434326 3.64361453056335 4.11689567565918 3.81386804580688 3.01396942138672 5.33444213867188 4.81939077377319 17.1644725799561 15.6721048355103 23.2968597412109 15.1159887313843 31.8068027496338 22.7508525848389 1.50756239891052 1.6500780582428 1.75982940196991
