slauniainen/Data/DEM/Vihti_dem1500b_cl_horizonAngle_234.asc
NCOLS 196 
NROWS 178 
XLLCORNER 353680 
YLLCORNER 6699024 
CELLSIZE 16 
NODATA_value -3.4e+38 
[rows 20 to 39 of 178, columns 135 to 179 of 196]
1.43447184562683 1.3964923620224 1.39803075790405 1.3744957447052 1.34679079055786 1.3524706363678 1.34488928318024 1.35612785816193 1.36426448822021 1.36565124988556 1.37308692932129 1.36147856712341 1.35669648647308 1.36959314346313 1.37465143203735 1.38204455375671 1.37831628322601 1.36668956279755 1.37427854537964 1.3879246711731 1.40338349342346 1.37371873855591 1.33841109275818 1.33486676216125 1.37382066249847 1.41088831424713 1.41366946697235 1.517333984375 1.52167010307312 1.55703949928284 1.52734327316284 1.60297906398773 1.59722113609314 1.53497302532196 1.51272928714752 1.38202106952667 1.35460209846497 1.33355057239532 1.30878520011902 1.31714630126953 1.30940246582031 1.29116833209991 1.30333995819092 1.30162036418915 1.29334759712219
1.43913590908051 1.43502688407898 1.42453217506409 1.42350971698761 1.40056717395782 1.40201938152313 1.40079927444458 1.41961359977722 1.42340958118439 1.4269415140152 1.42192053794861 1.41073524951935 1.42556309700012 1.42629623413086 1.42376816272736 1.432652592659 1.44012463092804 1.44151306152344 1.42609083652496 1.4474116563797 1.44551682472229 1.40251326560974 1.36538589000702 1.44095146656036 1.4933488368988 1.60379505157471 1.58993470668793 1.57051610946655 1.6077127456665 1.68747913837433 1.65374636650085 1.64903724193573 1.58594071865082 1.55957746505737 1.53553330898285 1.42218542098999 1.41143870353699 1.38793051242828 1.36545562744141 1.35983788967133 1.34874403476715 1.35270488262177 1.3670197725296 1.37006175518036 1.380251288414
1.51803982257843 1.52405893802643 1.5122903585434 1.49994468688965 1.49491107463837 1.48920834064484 1.48420429229736 1.47204220294952 1.48673737049103 1.47653913497925 1.47048664093018 1.47142803668976 1.46739816665649 1.46692728996277 1.47287058830261 1.48562610149384 1.49460256099701 1.51378726959229 1.48583781719208 1.4882949590683 1.45404517650604 1.40950882434845 1.48885118961334 1.55004417896271 1.66234409809113 1.66356813907623 1.70343172550201 1.66320693492889 1.74179232120514 1.73586881160736 1.70429873466492 1.64000773429871 1.6104291677475 1.58253812789917 1.49981200695038 1.45320177078247 1.45074450969696 1.43696546554565 1.41780281066895 1.40218555927277 1.39584302902222 1.40999162197113 1.44412100315094 1.42858803272247 1.47557091712952
1.63959658145905 1.61402904987335 1.60145938396454 1.56723213195801 1.57901692390442 1.58152782917023 1.57488811016083 1.53407859802246 1.52354037761688 1.52903842926025 1.54178726673126 1.54522490501404 1.54457128047943 1.53014051914215 1.53109216690063 1.54026412963867 1.56696546077728 1.56863105297089 1.53827548027039 1.52944505214691 1.56247317790985 1.59302759170532 1.60028660297394 1.71646010875702 1.71645545959473 1.76648342609406 1.84590065479279 1.80625092983246 1.79676723480225 1.72644591331482 1.69428884983063 1.66325557231903 1.63268947601318 1.546546459198 1.49892604351044 1.49456000328064 1.48137819766998 1.47403299808502 1.46060407161713 1.47170948982239 1.478276014328 1.50525331497192 1.51988613605499 1.49989068508148 1.54277384281158
1.73629093170166 1.77496933937073 1.71576654911041 1.68146157264709 1.6592857837677 1.65386688709259 1.63846671581268 1.59882020950317 1.58734965324402 1.59943783283234 1.60301792621613 1.63470768928528 1.65341591835022 1.6664844751358 1.58908927440643 1.61584270000458 1.61933779716492 1.58974647521973 1.58974170684814 1.64401078224182 1.67364871501923 1.82534158229828 1.8074209690094 1.78197288513184 1.82820022106171 1.91218554973602 1.89936375617981 1.8604508638382 1.78771805763245 1.75335717201233 1.71539068222046 1.67933833599091 1.59552395343781 1.55265867710114 1.54025375843048 1.52633893489838 1.52054250240326 1.5167191028595 1.53535187244415 1.58170735836029 1.56464195251465 1.60050284862518 1.60020685195923 1.60501766204834 1.64776384830475
2.29375028610229 2.23971796035767 2.14839196205139 1.94233477115631 1.77043879032135 1.74026346206665 1.71938931941986 1.71848738193512 1.69876623153687 1.68051612377167 1.68332552909851 1.68296349048615 1.66921293735504 1.69310331344604 1.6906316280365 1.67456793785095 1.65459990501404 1.66422319412231 1.70261657238007 1.76888108253479 1.87658476829529 1.88042497634888 1.92650830745697 1.88837897777557 1.97579026222229 1.96226477622986 1.8901664018631 1.84950864315033 1.8105640411377 1.77447938919067 1.67682206630707 1.64568793773651 1.62046909332275 1.60560703277588 1.57972776889801 1.5870406627655 1.61164629459381 1.61636626720428 1.64694309234619 1.67491030693054 1.65818119049072 1.66318249702454 1.66067290306091 1.70409321784973 1.72767508029938
3.12004971504211 2.79979705810547 2.51514387130737 2.28670787811279 2.21707081794739 1.98351049423218 1.80224990844727 1.8241366147995 1.81812262535095 1.7961699962616 1.77983295917511 1.7730039358139 1.78147840499878 1.76347589492798 1.75831270217896 1.77499938011169 1.84017789363861 1.87480974197388 1.89675521850586 1.99110424518585 2.00589442253113 2.01397895812988 2.08178877830505 2.03405237197876 2.02177166938782 1.95101702213287 1.91008162498474 1.86927354335785 1.83096253871918 1.72521662712097 1.69031143188477 1.66759049892426 1.6625349521637 1.65270638465881 1.65619075298309 1.66847920417786 1.6904217004776 1.71336019039154 1.75884509086609 1.77457392215729 1.768927693367 1.77797269821167 1.80984961986542 1.81558537483215 1.81833279132843
3.96917629241943 3.55193638801575 2.91757011413574 2.83285713195801 2.23789310455322 2.04995512962341 1.91683661937714 1.9232280254364 1.91683566570282 1.91465926170349 1.86375761032104 1.88529026508331 1.85812270641327 1.88079261779785 1.88949179649353 1.9158353805542 1.98830544948578 2.17823004722595 2.11689853668213 2.0506706237793 2.10176277160645 2.21107220649719 2.17104816436768 2.11163830757141 2.01517128944397 1.97079360485077 1.92538750171661 1.81875133514404 1.77703666687012 1.75031614303589 1.7425674200058 1.72120153903961 1.70821285247803 1.72010481357574 1.75213003158569 1.80698549747467 1.79234135150909 1.82067823410034 1.83623397350311 1.83583152294159 1.8525402545929 1.87841093540192 1.93559348583221 2.04826760292053 2.16668939590454
6.08927869796753 4.55435085296631 3.89561200141907 2.89709806442261 2.59652614593506 2.08929491043091 2.06709480285645 2.0171685218811 2.02416491508484 2.03203248977661 1.97349011898041 1.97454309463501 2.04639935493469 2.12945222854614 2.15277624130249 2.16340970993042 2.28090238571167 2.23001003265381 2.26420092582703 2.21342754364014 2.28496623039246 2.23807692527771 2.15528273582458 2.10934853553772 2.07949161529541 2.0224986076355 1.89800953865051 1.82758271694183 1.81910979747772 1.81463611125946 1.79074311256409 1.81281900405884 1.82814347743988 1.83922255039215 1.88318729400635 1.91317582130432 1.88841676712036 1.88981962203979 1.89320838451385 1.91979849338531 1.95847427845001 1.99580013751984 2.13901591300964 2.24924898147583 2.43947958946228
5.61964559555054 6.15651607513428 4.75344038009644 3.49416160583496 2.4316771030426 2.18155241012573 2.17901134490967 2.12064957618713 2.13537240028381 2.10762095451355 2.1204240322113 2.18650364875793 2.25319218635559 2.32440447807312 2.47232460975647 2.43771529197693 2.3573944568634 2.39624881744385 2.48441934585571 2.41596341133118 2.36973190307617 2.25512862205505 2.19181513786316 2.13239860534668 2.07342863082886 1.94298613071442 1.91202163696289 1.9290851354599 1.88909029960632 1.86671686172485 1.88796067237854 1.90460383892059 1.92694449424744 1.96326899528503 2.0062358379364 2.01961612701416 2.05449104309082 2.08008146286011 2.12483692169189 2.06721949577332 2.07959818840027 2.21503090858459 2.34564733505249 2.56055879592896 2.62057685852051
2.44597887992859 4.88281583786011 5.09579372406006 4.11653089523315 3.05058860778809 2.3112690448761 2.29143214225769 2.22301602363586 2.26952505111694 2.36718416213989 2.33187437057495 2.41463494300842 2.4649384021759 2.64640069007874 2.61406016349792 2.6469292640686 2.55809640884399 2.62444424629211 2.56503701210022 2.4960310459137 2.40408039093018 2.31149220466614 2.23858094215393 2.09712338447571 2.06069684028625 2.05286145210266 1.99908769130707 1.98722493648529 2.03013920783997 2.00520181655884 2.02352428436279 2.10075998306274 2.08769965171814 2.09337759017944 2.12284731864929 2.13632559776306 2.14252161979675 2.18783521652222 2.22714638710022 2.36820769309998 2.52016687393188 2.52844142913818 2.65536975860596 2.74122548103333 2.7701780796051
1.95611071586609 2.37381601333618 4.00415468215942 4.07621002197266 3.33301734924316 2.57323312759399 2.41618132591248 2.46649646759033 2.55030059814453 2.63478207588196 2.76272892951965 2.73919606208801 2.81635689735413 2.79370427131653 2.81470274925232 2.88019824028015 2.78547072410583 2.71954965591431 2.6129457950592 2.52194619178772 2.44407916069031 2.36463928222656 2.23546004295349 2.18335151672363 2.17877173423767 2.15368795394897 2.12133526802063 2.11559319496155 2.13041353225708 2.19120955467224 2.21525716781616 2.23379158973694 2.22259736061096 2.21479034423828 2.24688506126404 2.24579763412476 2.30214738845825 2.35088729858398 2.48035287857056 2.63595199584961 2.82925081253052 2.91566061973572 2.91463875770569 2.94541621208191 3.0955696105957
2.11363101005554 2.26868581771851 2.7432234287262 3.71208095550537 3.59723210334778 2.88614273071289 2.66660976409912 2.73809909820557 2.82160615921021 2.90687823295593 3.13369750976562 3.10506629943848 2.98607730865479 2.99234819412231 3.05510687828064 2.96153712272644 2.8686683177948 2.76051998138428 2.65855073928833 2.5607807636261 2.48657250404358 2.39583611488342 2.38997077941895 2.33342623710632 2.33853530883789 2.31229186058044 2.28963780403137 2.33156156539917 2.40781879425049 2.3758807182312 2.4006404876709 2.37981939315796 2.37597107887268 2.41747260093689 2.49438810348511 2.43539381027222 2.46335816383362 2.61021828651428 2.77445983886719 2.97965383529663 3.06034898757935 3.07655811309814 3.15664958953857 3.2579231262207 3.60376644134521
2.29843258857727 2.43641901016235 2.42790126800537 3.06875371932983 3.53157567977905 3.10026264190674 3.06564736366272 3.06950235366821 3.15096282958984 3.3228120803833 3.32585263252258 3.32953095436096 3.1898992061615 3.24374628067017 3.13921737670898 3.02115988731384 2.88803243637085 2.79657030105591 2.68963265419006 2.56381964683533 2.5458390712738 2.53000211715698 2.47671937942505 2.47633624076843 2.46332979202271 2.47768259048462 2.47857213020325 2.57173538208008 2.57062959671021 2.52818012237549 2.55346488952637 2.56019377708435 2.54313015937805 2.60233378410339 2.62870979309082 2.75576567649841 2.95907878875732 3.01029181480408 3.11336588859558 3.21094298362732 3.22090244293213 3.29301619529724 3.67175078392029 4.04791736602783 4.68350076675415
2.45766353607178 2.54293417930603 2.6974892616272 3.07288551330566 3.46063280105591 3.42372965812683 3.57368278503418 3.57905030250549 3.58377766609192 3.55277681350708 3.56616950035095 3.60583329200745 3.45974946022034 3.33804106712341 3.21315503120422 3.06343126296997 2.92961430549622 2.84439444541931 2.87453389167786 2.88657379150391 2.76283359527588 2.69571471214294 2.66178202629089 2.67276978492737 2.72390937805176 2.64991974830627 2.7419900894165 2.74541616439819 2.73682570457458 2.72925543785095 2.76549005508423 2.86141657829285 2.77664685249329 2.77381372451782 2.90784955024719 3.09867739677429 3.32681727409363 3.42667841911316 3.4224259853363 3.45767760276794 3.64081621170044 4.04488849639893 5.04921960830688 5.91053295135498 6.0037055015564
2.58736777305603 2.78968548774719 3.13711357116699 3.33212232589722 3.56237196922302 3.80070734024048 4.03554248809814 4.00541257858276 3.85821676254272 3.80538272857666 3.86236977577209 3.70432901382446 3.56590223312378 3.42652797698975 3.26186108589172 3.10619211196899 3.13276529312134 3.02978515625 3.12953352928162 3.15485334396362 3.01665258407593 2.86755466461182 2.90438985824585 2.9730658531189 3.06543040275574 3.0281810760498 2.9288272857666 2.91987133026123 2.90931391716003 2.94208908081055 2.99763369560242 2.99415421485901 3.19399785995483 3.39293599128723 3.38590478897095 3.45833706855774 3.56719398498535 3.59462690353394 3.7223641872406 4.17022895812988 4.60017728805542 5.2814793586731 6.31137752532959 6.61704921722412 6.53324699401855
2.85311484336853 3.14281964302063 3.49940824508667 3.88714194297791 4.1090350151062 4.24257898330688 4.31390190124512 4.26269435882568 4.12593841552734 4.13150691986084 3.96453547477722 3.82416248321533 3.61429214477539 3.51925921440125 3.4413754940033 3.45147085189819 3.35789370536804 3.24807047843933 3.25205278396606 3.31053042411804 3.15525102615356 3.06206107139587 3.15636730194092 3.30086874961853 3.25535178184509 3.22653222084045 3.23073244094849 3.18449664115906 3.14489960670471 3.1936719417572 3.18279886245728 3.34798955917358 3.55183434486389 3.7703685760498 3.89110779762268 3.8670506477356 3.90045261383057 4.13787984848022 4.59712743759155 5.72851705551147 6.71289253234863 6.81639719009399 6.91564416885376 6.84369516372681 6.88530397415161
3.32031726837158 3.49936151504517 3.90693378448486 4.34121751785278 4.5394172668457 4.49136924743652 4.47515916824341 4.5584716796875 4.43735456466675 4.23600625991821 4.1639928817749 4.06048774719238 4.00987577438354 4.12031412124634 3.84699630737305 3.69771862030029 3.6810245513916 3.61051273345947 3.56153321266174 3.57254338264465 3.61763668060303 3.46013760566711 3.53042244911194 3.51848340034485 3.46509552001953 3.47360873222351 3.50812029838562 3.56720781326294 3.51361989974976 3.43545913696289 3.57250380516052 3.80203795433044 4.00905418395996 4.1269645690918 4.11601543426514 4.18252277374268 4.36676025390625 4.88421869277954 6.07316064834595 7.1886248588562 7.51904916763306 7.41232109069824 7.18526268005371 7.21255922317505 7.09133195877075
3.79758358001709 3.99680471420288 4.43357229232788 4.62195014953613 4.63048839569092 4.53405618667603 4.66418361663818 4.88341045379639 4.83551406860352 4.61795997619629 4.61870193481445 4.61623573303223 4.64166927337646 4.4114351272583 4.27769565582275 4.18388080596924 4.18377113342285 3.9899697303772 3.94042205810547 4.00753784179688 4.08710432052612 4.0426812171936 3.88012456893921 3.74213767051697 3.75441074371338 3.77551460266113 3.84325671195984 3.77766871452332 3.97856450080872 4.22372388839722 4.26660108566284 4.26870679855347 4.39468669891357 4.37792253494263 4.62429141998291 5.18071603775024 5.73782014846802 6.46407127380371 7.62246131896973 7.97477865219116 7.85613250732422 7.84528112411499 7.7061243057251 7.46432733535767 7.33139562606812
4.72045373916626 4.64326047897339 4.7821216583252 4.90645265579224 4.98775482177734 4.84482669830322 5.14630174636841 5.30499172210693 5.06951189041138 5.74565887451172 5.74991035461426 5.3621392250061 4.9848484992981 4.81604480743408 4.73002529144287 4.75763416290283 4.69492816925049 4.76505184173584 4.57491779327393 4.50484752655029 4.46740770339966 4.29596900939941 4.31204271316528 4.26287269592285 4.16630220413208 4.15440845489502 4.09122276306152 4.28033351898193 4.54677104949951 4.75408458709717 4.88645172119141 4.86857223510742 4.90607404708862 5.16349124908447 5.73970460891724 7.15040111541748 8.39615249633789 8.5300931930542 8.47529125213623 8.36042881011963 8.31523036956787 8.15982723236084 7.97301769256592 7.83246421813965 7.63927793502808
