slauniainen/Data/DEM/Vihti_flowaccum_16m.asc
ncols         196
nrows         178
xllcorner     353680
yllcorner     6699024
cellsize      16
NODATA_value  -9999
[rows 93 to 123 of 178, columns 70 to 139 of 196]
-9999 -9999 -9999 -9999 -9999 -9999 -9999 -9999 -9999 -9999 -9999 16 16 16 16 23.11111 34.48889 32.89284 35.01827 16 29.86667 50.93192 1688.392 42.05827 22.08026 34.27924 40.58197 567.6917 552.1797 1175.993 102179.8 118.7844 75.38129 59.54686 44.51556 32 16 16 16 16 16 33.42222 31.42321 27.47716 31.7526 91.31966 16 16 27.73333 24.55704 970.7128 76.703 69.1667 60.85531 29.51111 16 16 30.22222 86.75555 90.46474 98.2375 129.8514 282.9301 1046.923 2173.362 1302.248 201.4523 190.8702 141.9328 82.34714
-9999 -9999 -9999 -9999 -9999 -9999 -9999 -9999 -9999 -9999 -9999 29.51111 34.48889 16 16 35.91111 43.06963 64.34151 46.72474 38.56733 46.85386 1625.917 61.51111 16 16.53728 16 1159.007 650.137 4349.975 5136.348 101740.8 16 89.85973 75.91025 57.83019 45.32148 37.68889 16 16 16 16 18.48889 35.99012 59.07226 59.31966 16 16 16 20.26667 27.70963 1025.914 50.70632 52.12655 38.70025 33.06667 16 16 29.86667 51.27901 96.3696 114.2908 178.503 196.0755 99.77213 98.66052 1196.671 2520.072 1555.527 201.7612 128.3703
-9999 -9999 -9999 -9999 -9999 -9999 -9999 -9999 -9999 -9999 -9999 31.08346 74.16099 22.75556 16 28.08889 55.58519 121.4061 182.7691 193.8528 1595.34 29.51111 16 24.17778 371.7202 1143.007 16 7437.078 3341.019 1534.91 42.3787 95224.5 96.24429 78.61755 62.95951 44.71677 35.24741 30.93333 33.06667 16 16 16 28.44444 34.96296 43.19342 23.67883 24.53333 23.46667 16 16 1063.98 84.33432 48.20929 43.21975 29.15556 16 16 32 49.8963 73.96521 104.5059 129.9704 39.45779 37.04416 32.46407 28.98563 39.83263 1341.214 2464.346 452.6971
-9999 -9999 -9999 -9999 -9999 -9999 -9999 -9999 -9999 -9999 -9999 16 102.8904 58.53182 22.75556 25.24444 37.22272 73.79138 119.3042 1343.285 32 16 16 25.24444 1062.122 7389.078 7421.078 19.65037 139.1881 84.78867 143.5626 95004.08 17.74706 91.37988 74.4934 50.59508 39.81853 40.9837 34.39407 23.11111 30.57778 16 16 24.53333 30.85695 51.51459 42.94994 56.03556 34.91555 17.77778 28.8 1212.524 39.05053 36.5195 30.93333 16 16 34.13334 46.24593 60.43391 88.10011 55.15561 65.02721 57.90642 57.1779 51.57736 53.8234 68.89068 577.7934 2428.211
-9999 -9999 -9999 -9999 -9999 -9999 -9999 -9999 -9999 -9999 16 23.10374 42.38635 151.4081 53.64476 46.19852 22.17086 114.0147 1162.421 33.37481 16 16 32 5230.609 7373.078 16 23.46667 123.1881 37.85798 103.729 153.3508 36.06755 94655.67 140.5874 101.7507 78.5005 55.1622 42.75095 24.67029 42.84049 41.82124 24.17778 23.82222 23.46667 33.44593 48.00172 72.09647 76.88274 84.47684 32.59259 31.36 676.1194 657.4146 48.85333 28.44444 16 16 23.46667 38.51852 53.66518 77.72304 69.54254 20.63617 52.87823 53.87981 71.12576 80.33228 83.85405 100.5882 478.2871
-9999 -9999 -9999 -9999 -9999 -9999 -9999 -9999 -9999 -9999 29.06074 52.13182 87.95557 208.4368 232.712 278.6839 248.22 1005.381 30.93333 16 16 32 5184.032 3156.591 16 16 87.37185 40.9837 87.72899 102.7745 53.12 138.5987 94395.27 94.10355 97.62944 83.60056 58.75095 28.60926 28.06103 55.98446 63.90097 36.95407 32.94025 32.26864 35.2827 57.04369 83.24414 83.38969 144.3917 42.63591 52.67648 727.6099 706.0601 48.79012 24.88889 16 16 24.53333 22.25778 21.99177 16 40.1805 90.72827 61.18621 80.35959 66.71266 70.64503 71.31369 84.51017 134.6626
-9999 -9999 -9999 -9999 -9999 -9999 -9999 -9999 -9999 20.26667 27.73333 54.82667 74.34798 88.86839 224.0059 517.1157 811.8028 16 16 34.48889 16 16 8228.622 16 16 51.55556 36.26667 50.63111 88.74667 37.12 138.9511 125.3515 94142.58 16 71.61964 56.96787 32.52979 42.42177 44.64791 65.5754 71.38084 57.34611 44.54821 39.66367 41.07023 57.63491 94.62309 82.64383 180.6891 80.66715 67.89392 1228.364 300.9644 27.06173 26.31111 21.68889 29.86667 32.30815 36.25087 66.3572 16 16 54.18082 94.90918 90.95361 100.3618 84.29926 86.73744 91.59995 108.3751
-9999 -9999 -9999 -9999 -9999 -9999 -9999 -9999 -9999 16 27.73333 38.73185 50.85972 64.37669 246.0815 16 223.0988 16 16 5722.62 7866.469 8136.889 23.77481 51.95852 32 16 16 99.2 28.8 122.9511 59.94667 32 38.41254 93931.23 21.06381 103.1058 89.86161 102.556 48.05909 55.86128 95.05382 59.32817 54.60845 51.02645 52.13179 46.88473 102.423 121.5615 176.0533 132.3027 151.0361 1330.22 189.7445 27.10914 33.61185 35.27901 54.48217 51.77626 41.64185 90.83815 22.04445 16 24.17778 52.28896 85.42472 121.9499 121.3275 122.9715 116.7679 123.6632
-9999 -9999 -9999 -9999 -9999 -9999 -9999 -9999 -9999 16 20.26667 16 48.35556 70.58173 156.6433 20.87818 180.7877 16 16 7741.511 106.3111 152.96 20.26667 43.73333 16 16 80 16 16 131.84 16 36.02015 305.4827 13277.99 80503.83 25.98462 109.7943 42.48312 55.72358 53.26077 89.93075 56.87052 66.0092 73.07454 67.76334 51.08927 102.0744 169.576 197.7355 172.9091 298.0565 1407.174 191.8905 43.83166 53.71698 103.5942 64.6853 30.05675 82.20111 85.92554 36.74074 25.95555 16 31.58123 47.37338 67.85934 139.5235 137.3261 144.5326 142.1323
-9999 -9999 -9999 -9999 -9999 -9999 -9999 -9999 16 16 32 48 39.46667 55.17029 73.1727 16 121.5096 16 7716.623 16 40.53333 160 16 16 16 16 32 16 75.55792 35.65985 21.97333 275.8751 32 15353.57 10234.76 67735.65 21.66442 65.53207 66.89363 72.32559 51.9723 46.33094 85.07884 75.19527 100.0306 75.68272 126.0263 212.0833 303.1952 123.8431 1674.866 16 16 61.02537 207.8993 159.832 46.05675 16 117.2957 100.7931 47.46798 29.26617 28.44444 29.38083 37.75596 47.58225 62.78342 136.7639 131.7269 125.0809
-9999 -9999 -9999 -9999 -9999 -9999 -9999 -9999 16 29.51111 36.32988 38.60526 46.02631 51.79824 60.89181 78.16866 19.83353 37.14963 7683.926 31.3284 16 16 128 112 16 16 16 32.71111 30.50667 53.76 257.9219 16 9699.636 15856.7 92.42074 42.60346 67453.16 67274.88 88.4016 77.67245 44.8735 49.97602 96.41799 81.47494 136.098 159.9643 80.41342 223.3703 348.6768 115.0745 1712.2 28.44444 66.28358 184.1813 108.0262 17.02348 64.94438 43.72831 175.8923 85.98304 46.44779 38.65302 44.56929 41.46339 35.29749 34.45847 42.43459 60.99337 143.8138 182.6674
-9999 -9999 -9999 -9999 -9999 -9999 -9999 -9999 -9999 18.48889 33.80938 34.23254 40.55413 46.6409 57.45858 94.34012 118.9667 140.2088 7599.704 19.8321 19.16049 28.44444 16 16 64 22.4 16 36.26667 37.76 38.89567 163.8831 9683.636 15840.7 70.66864 32.35556 56.13827 106.154 60.43186 67016.27 66504.59 47.25303 62.64429 119.6602 90.23273 194.7551 213.7206 110.3119 145.0584 438.8359 1274.48 527.7021 55.77015 214.416 45.08282 116.6796 65.41904 42.00655 72.44796 185.8111 124.4267 45.91163 43.15352 63.05744 60.42619 41.88483 38.20657 28.2519 32.97383 46.51747 104.0637
-9999 -9999 -9999 -9999 -9999 -9999 -9999 -9999 -9999 16 34.39407 52.18028 50.49122 55.08594 66.4752 60.3168 69.86048 5020.692 1119.505 1283.907 88.84938 49.77778 16 16 16 16 16 30.93333 57.23918 139.2396 1248.473 24537.22 66.48889 16.35556 33.42222 30.22222 111.0796 341.028 152.0311 20.02963 66329.3 65691.23 16 153.8395 376.8689 126.3119 48.2352 167.8308 1208.838 497.4701 595.7543 176.9564 98.22361 100.8588 76.58014 76.43041 83.25182 59.46878 44.90395 303.4554 80.72323 41.22676 74.73666 85.84064 62.76546 37.22587 32.95114 27.30076 30.65504 30.98691
-9999 -9999 -9999 -9999 -9999 -9999 -9999 -9999 -9999 16 34.13334 61.7197 79.3774 81.41707 98.16378 16 27.73333 6000.19 26.31111 29.51111 1160.039 46.55407 32 16 16 16 16 35.67407 88.89609 1232.473 24202.53 16 48 16 16 81.06667 315.2921 133.5874 30.22222 380.0928 241.9722 19.08148 65457.84 63932.13 63733.14 26.71894 72.16414 272.6352 1183.715 486.8577 741.129 122.0883 58.58483 74.27398 90.87836 82.24302 120.3917 92.16258 34.95944 184.5863 232.5085 59.63224 91.23018 104.9994 84.20015 51.80096 37.96743 40.26734 19.03342 31.66813
-9999 -9999 -9999 -9999 -9999 -9999 -9999 -9999 -9999 21.68889 34.34667 55.58993 89.81934 123.1343 243.6081 16 5968.546 16 16 16 431.967 654.7725 17.42222 180.7091 16 25.24444 22.75556 73.75012 1765.848 11548.84 18027.14 16 16 37.30963 65.06667 16 400.8795 16 217.8277 329.0965 46.22222 70.5826 1439.132 29.15556 18.84444 63168.39 54305.54 54167.83 53745.14 52499.44 51974.98 19.90565 75.63078 85.32238 100.8198 93.33584 225.1836 58.30396 43.50148 200.7442 227.841 74.30708 108.5553 120.9994 88.97346 75.57425 65.4743 52.44352 30.80377 27.96352
-9999 -9999 -9999 -9999 -9999 -9999 -9999 -9999 16 42.31111 48.18173 54.52396 78.10177 105.1233 367.4677 16 4369.454 1563.892 16 16 275.6509 124.3161 634.1266 23.7037 118.1314 18.44938 40.80198 16 6410.264 14135.87 22.04445 4746.376 16 17.06667 30.93333 90.00823 293.0934 16 503.1909 30.22222 42.54815 23.54568 1411.621 16 7151.918 1687.593 56.88204 79.72043 77.70232 44.22058 16 51059.86 49232.51 48963.12 48749.03 48509.1 48288.03 16.9667 107.6056 167.6734 263.6563 94.61526 100.4319 225.9729 16 16 40493.94 40322.94 39669.82 38026.02
-9999 -9999 -9999 -9999 -9999 -9999 -9999 -9999 16 32 57.56049 75.99618 83.58965 102.8169 596.6667 16 5413.373 433.2174 16 16 246.1398 487.4224 22.04445 18.84444 32 29.15556 25.95555 22.04445 20482.13 16 32 4730.021 16 16 16 54.47901 258.9338 17.73111 463.4153 16 28.44444 19.55556 1381.715 6043.197 2731.803 44.33365 31.89482 56.47802 66.10963 28.22058 72.52016 1738.83 175.8666 114.6601 123.1128 106.7299 16 47960.58 47817.62 47597.25 46531.79 46151.16 45599.57 45378.86 45010.11 44438.36 16 522.9082 1672.714 728.6271
-9999 -9999 -9999 -9999 -9999 -9999 -9999 -9999 16 24.17778 41.90025 64.63456 96.08627 130.7156 427.1524 5383.151 16 28.08889 381.3063 16 232.8248 452.4055 25.95555 16 16 16 16 16 20450.13 16 4413.982 31.64444 220.7494 16 16 33.77778 206.4244 19.47502 437.8153 16 16 16 4049.144 5989.982 53.58881 32.69268 25.95555 34.48889 41.67901 68.74074 232.9227 1559.205 92.62697 91.61974 112.0948 90.72987 34.48889 92.4699 93.03787 879.6513 104.7319 418.2104 129.1493 126.7679 539.7561 3854.348 42.07407 651.7391 1582.203 491.3757
-9999 -9999 -9999 -9999 -9999 -9999 16 16 16 33.77778 54.29728 86.71984 223.7132 1954.094 3770.076 246.5853 326.6704 16 151.1884 194.2068 207.8483 36.72194 396.5475 20.62222 16 16 16 126.8385 20420.04 4397.982 16 47.83284 63.00743 77.90916 16 105.5352 156.3758 50.85059 309.8092 54.75555 16 56.41481 9941.822 16 31.17037 16 16 16 62.22222 17.77778 328.6349 1407.2 95.78371 75.61974 160.158 16 16 75.29877 56.31231 857.3516 114.0839 311.691 203.6687 131.1725 325.7167 3996.783 32 21.33333 2172.738 317.1785
-9999 -9999 -9999 -9999 -9999 67.0261 111.7872 96.25625 19.91111 33.10617 118.1061 244.5485 361.7351 1913.321 1937.874 201.9109 100.1624 79.25552 131.411 169.983 108.0105 116.5609 160.5785 199.3468 16 54.94519 84.97778 18.48889 16 24648.65 22.75556 43.95457 31.04395 44.66252 89.53521 53.44869 22.4 100.8198 215.1111 16 16 26.66667 21.33333 9918.237 418.1192 45.51111 16 32 16 34.72593 297.7596 1435.133 16 41.68888 161.3777 16 16 57.52099 49.02848 821.4921 100.29 201.0868 291.2101 115.1725 516.1945 3763.638 16 16 2020.203 292.5745
-9999 -9999 -9999 -9999 -9999 68.11839 93.9284 227.4214 382.1856 424.2693 400.4709 342.5332 658.0742 2649.478 488.8309 92.24448 64.7919 66.19763 120.779 125.6124 115.0131 102.8464 46.6175 215.2698 36.37468 23.46667 16 19.91901 144 24488.65 16 22.75556 25.24444 24.24889 99.12889 16 25.6 59.21975 27.37778 171.7333 67.31852 16 3699.973 1335.59 4448.555 1520.912 16 16 16 33.77778 258.2238 226.1236 1187.271 115.6 37.33333 16 16 30.22222 424.9088 381.3901 103.2018 193.6955 214.9982 159.3844 548.994 3682.839 16 1081.042 730.3569 275.7388
-9999 -9999 -9999 -9999 -9999 44.84916 60.5649 51.69891 55.39603 73.68486 89.47271 160.3841 1835.143 1542.392 105.1482 64.62858 51.06129 64.53982 109.9907 103.9137 100.845 78.10178 24.2132 32.9529 177.6202 16 22.04445 55.81432 38.04445 16 24472.65 16 16 59.73333 27.37778 20.62222 34.33086 16 16 35.2 53.33333 39.46667 3683.973 4567.811 19.2 16 1502.423 1374.423 16 16 433.503 16 1091.083 170.5521 23.82222 16 16 33.01248 522.7546 207.6736 89.79608 205.0333 35.13024 307.2523 348.6511 2073.858 1777.324 1055.938 409.6595 259.0178
-9999 -9999 -9999 -9999 -9999 31.92099 51.09728 52.27808 33.79007 53.15504 73.28275 501.2231 2258.908 612.1595 80.02251 55.67434 47.81085 72.80972 101.2076 81.91 83.47759 46.19922 34.67638 33.72348 144.1214 16 16 16 16 16 24454.52 16 16 16 16 31.28889 157.7891 179.0025 16 16 16 32 6113.289 2093.696 16 41.82124 42.08988 28.08889 1358.423 372.7299 39.79523 415.4369 650.4356 138.1545 16 16 45.56174 326.9717 195.4569 147.0818 73.8297 110.3663 107.6076 285.2371 270.6848 1529.584 2235.957 1094.599 188.3292 152.483
-9999 -9999 -9999 -9999 -9999 23.11111 34.88395 47.09136 33.22469 52.12146 63.14207 1416.91 1737.18 73.53645 62.31324 38.90831 55.05724 88.15302 89.77383 71.05375 56.62355 76.40337 73.727 79.89673 76.36642 16 16 16 27.73333 20.93037 6069.703 18330.11 33.06667 16 16 87.35535 26.06688 56.55177 283.1328 16 16 16 4114.228 4054.807 18.13333 27.02222 20.97778 16 552.5209 1146.632 107.0785 316.1536 611.2164 116.0958 21.33824 21.04408 63.28215 247.6543 172.8035 123.9873 61.95486 83.8384 83.80727 89.05856 440.8006 1215.425 1677.145 1513.749 424.6968 174.2715
-9999 -9999 -9999 -9999 -9999 16 19.55556 38.75555 31.36 30.56988 75.79015 3000.471 49.05296 46.78621 42.21718 42.95308 53.25988 81.49273 86.93912 58.96966 71.53031 33.15071 49.15071 80.82365 96.82365 627.7222 711.0864 748.72 789.2491 1012.645 4813.279 1386.55 17110.18 16 41.72642 38.27358 16 56.84148 56.93629 500.2475 578.632 615.8914 470.6286 7203.861 33.42222 16 16 16 1585.029 73.94575 80.21198 244.4976 598.7035 128.9364 34.31725 32.4262 69.84953 213.3593 112.697 92.51244 49.3864 66.80466 89.09104 112.0764 250.9417 490.9665 1532.929 1850.435 721.3275 283.444
-9999 -9999 -9999 -9999 -9999 16 28.44444 25.6 33.73037 66.10805 54.86863 2912.32 24.88889 24.55831 30.09604 39.12543 64.48824 101.288 50.88513 86.16773 90.35654 113.9473 131.4603 143.8755 159.8755 393.2317 29.15556 45.59065 168.9483 16 6167.474 6946.854 16460.86 19.91111 26.31111 21.68889 25.95555 55.82222 49.46173 80.50568 61.97264 89.46979 176.0455 166.4243 7015.48 16 16 1518.218 36.28149 50.30941 43.03277 114.1826 674.2731 138.0053 51.51727 41.06549 73.02559 186.7427 92.17501 47.83577 45.52691 43.49717 69.80934 78.43906 120.645 266.6919 491.5994 2789.973 735.2075 296.9857
-9999 -9999 -9999 -9999 16 16 16 28.08889 42.28741 45.19348 48.68941 2819.594 43.10023 16 22.65435 45.24542 59.32859 87.21281 65.90245 47.9844 43.76086 68.08808 101.602 117.1862 377.2317 16 34.13334 114.157 16 130.4637 12995.35 8065.466 2022.481 32 16 16 49.77778 16 46.22222 55.46667 34.74419 116.9582 110.5201 147.2572 32 6955.747 1408.094 73.19424 36.97444 29.44088 40.41969 33.08374 691.7574 139.4279 61.47219 40.28383 49.50859 163.0413 87.89424 23.82222 27.02222 33.80938 50.81284 63.57333 81.871 154.1073 204.6736 1153.9 2577.48 185.0751
-9999 -9999 -9999 19.55556 28.44444 28.08889 19.91111 16 26.31111 32.87704 2138.292 612.2732 59.05589 33.3152 23.0343 27.56887 56.00581 65.7483 59.97075 30.46923 44.88078 65.86265 82.89048 115.1033 244.0455 16 16.71111 79.22568 16 969.3736 20123.66 33.42222 1970.001 28.08889 16 16 17.77778 30.22222 32 16 45.94884 75.25406 200.099 16 16 8217.7 102.9069 69.92793 45.26951 29.49531 24.19358 30.75073 634.0792 125.0347 69.3544 40.47305 40.75369 116.6266 86.88609 16 16 41.24445 32 36.62222 72.03109 138.906 120.9888 259.1841 2600.98 840.0522
-9999 -9999 18.60741 35.47654 46.90963 39.09531 28.38914 23.52197 16 33.55356 2525.399 85.42043 55.66358 41.80754 24.3495 34.70661 36.14587 52.7374 36.17308 40.61235 60.57806 60.16446 67.70547 80.94225 93.34482 16 16 32 16 21042.9 17.42222 62.57778 1888.91 30.22222 16 16 16 16 16 58.59555 78.42449 69.01932 151.89 16 8117.157 80.68414 57.88227 44.76962 41.11802 35.91111 21.68889 26.55131 548.9736 135.7225 44.44444 55.58519 29.12922 36.35621 105.9982 33.19783 25.24444 16 32 79.94469 110.7093 55.09373 87.48559 269.5632 1131.381 2049.194
-9999 -9999 41.09695 65.15674 70.03409 63.35807 24.83218 16 49.47753 2367.056 102.6186 52.38489 50.39144 41.37877 34.15704 30.0642 32.95605 25.71062 31.64444 35.68988 42.99536 57.97919 68.81206 71.87608 87.87608 101.9233 16 16 21019.79 16 46.57778 16.71111 1744.373 57.24445 48 16 32 16 16 52.26667 36.26667 99.07973 117.6274 200.9386 7882.612 72.30936 59.96633 35.11309 34.48889 16 25.6 43.16444 413.0255 187.1463 29.86667 32 26.66667 26.8642 54.25778 52.21136 16 16 32 48.71111 54.68444 45.58222 92.4071 270.3698 956.1087 2096.593
16 16 65.90262 120.9402 140.5013 58.12601 16 16 36.97778 2269.87 54.35464 60.02258 34.51259 28.08889 25.95555 31.64444 26.31111 16 31.64444 60.31012 85.44431 96.43049 106.0018 119.6462 135.6462 219.35 16 21.33333 20987.79 16 16 38.82667 1680.37 40.53333 16 48 16 16 16 16 16 182.9294 25.07062 51.17752 7793.532 55.80794 45.02387 50.73383 19.55556 16 16 25.95555 217.2331 327.3774 24.31347 16 16 16 24.88889 36.97778 18.13333 16 32.71111 31.28889 36.97778 161.0925 170.3219 192.1635 654.1796 2255.884
