slauniainen/Data/DEM/Vihti_dsm1500b_cl_svf.asc
NCOLS 196 
NROWS 178 
XLLCORNER 353680 
YLLCORNER 6699024 
CELLSIZE 16 
NODATA_value -3.4e+38 
[rows 140 to 159 of 178, columns 88 to 131 of 196]
0.924232959747314 0.938279271125793 0.930850803852081 0.947445333003998 0.978040158748627 0.946935892105103 0.957327902317047 0.955784857273102 0.971391201019287 0.97144603729248 0.979754269123077 0.969766974449158 0.884800970554352 0.934427678585052 0.896836936473846 0.90094131231308 0.962179183959961 0.964846730232239 0.910091876983643 0.976230978965759 0.978292465209961 0.966992259025574 0.981166541576385 0.892151534557343 0.829250752925873 0.924567759037018 0.836018443107605 0.881700456142426 0.944489717483521 0.970217764377594 0.968348741531372 0.997082829475403 0.921193182468414 0.998982548713684 0.977693676948547 0.988304018974304 0.979571104049683 0.928305149078369 0.914520621299744 0.985413074493408 0.987681150436401 0.950931131839752 0.974797785282135 0.906296849250793
0.949548602104187 0.957564294338226 0.942884743213654 0.930034160614014 0.974392652511597 0.864602267742157 0.936006247997284 0.961683094501495 0.821132004261017 0.925047814846039 0.957955539226532 0.953645348548889 0.944258511066437 0.874399304389954 0.886871337890625 0.87922066450119 0.923875391483307 0.866824388504028 0.869261801242828 0.886236786842346 0.995531737804413 0.974655866622925 0.979550004005432 0.921428084373474 0.890576004981995 0.912443101406097 0.89324414730072 0.842201471328735 0.906329214572906 0.938452661037445 0.951374590396881 0.984109163284302 0.947068095207214 0.989537179470062 0.979208827018738 0.914592564105988 0.933267951011658 0.962839543819427 0.990803480148315 0.99183201789856 0.987860083580017 0.988236844539642 0.94114738702774 0.963717937469482
0.989524066448212 0.98968106508255 0.978438198566437 0.940584719181061 0.99262660741806 0.965793550014496 0.956831872463226 0.930279076099396 0.943526268005371 0.950469195842743 0.958060026168823 0.927103042602539 0.863334059715271 0.930424392223358 0.916257619857788 0.905200004577637 0.926527917385101 0.864357590675354 0.792742431163788 0.847146570682526 0.939923465251923 0.968135356903076 0.973988473415375 0.954394280910492 0.93059641122818 0.914406478404999 0.918965756893158 0.844252169132233 0.922881960868835 0.942237794399261 0.956916987895966 0.995530605316162 0.989583909511566 0.952105581760406 0.840491056442261 0.98948734998703 0.990414023399353 0.991323590278625 0.949215292930603 0.976367712020874 0.984619975090027 0.995560228824615 0.972230434417725 0.965048849582672
0.948891878128052 0.985205709934235 0.975211501121521 0.977128565311432 0.962360382080078 0.92502236366272 0.922250866889954 0.949085593223572 0.96001148223877 0.921700119972229 0.963549137115479 0.958768486976624 0.882044076919556 0.914525628089905 0.863792896270752 0.912847280502319 0.820323467254639 0.878202021121979 0.826068341732025 0.741209626197815 0.865070641040802 0.94351452589035 0.97891241312027 0.960455715656281 0.953323900699615 0.934189260005951 0.91712874174118 0.924576878547668 0.896602511405945 0.932388126850128 0.945199429988861 0.970613181591034 0.960970401763916 0.850436270236969 0.887996971607208 0.992583036422729 0.952748000621796 0.974179983139038 0.970672249794006 0.959751725196838 0.985269665718079 0.992805182933807 0.980566143989563 0.996761083602905
0.986740410327911 0.968902707099915 0.952637612819672 0.942883491516113 0.928617775440216 0.910065174102783 0.899250864982605 0.911572813987732 0.980532705783844 0.915571331977844 0.908003449440002 0.950761258602142 0.899955987930298 0.878686964511871 0.909622669219971 0.897549152374268 0.876852214336395 0.830010831356049 0.79834645986557 0.841654539108276 0.891935229301453 0.920650601387024 0.973229587078094 0.972353398799896 0.943109631538391 0.95049649477005 0.95711362361908 0.731836318969727 0.89026951789856 0.925473392009735 0.951147019863129 0.995810627937317 0.966789662837982 0.803455591201782 0.987801015377045 0.950962066650391 0.998903453350067 0.987532615661621 0.973669111728668 0.994596421718597 0.993419528007507 0.993714034557343 0.976882457733154 0.971833407878876
0.981294453144073 0.964182734489441 0.969355344772339 0.94962877035141 0.908288300037384 0.954993724822998 0.866321921348572 0.875090360641479 0.982119858264923 0.950494050979614 0.918681442737579 0.921553730964661 0.937925636768341 0.929954171180725 0.940909564495087 0.952117741107941 0.916838645935059 0.851710677146912 0.813592910766602 0.848987519741058 0.8520627617836 0.915457725524902 0.971051394939423 0.952158153057098 0.946307122707367 0.911184310913086 0.908366143703461 0.82871675491333 0.891659915447235 0.943358719348907 0.973793268203735 0.94513601064682 0.991732478141785 0.990727007389069 0.981860101222992 0.96853905916214 0.989091873168945 0.987289071083069 0.98505163192749 0.880680561065674 0.977306485176086 0.989794731140137 0.998579740524292 0.965035080909729
0.980395138263702 0.958260118961334 0.952006578445435 0.941741108894348 0.944946050643921 0.935057163238525 0.962630271911621 0.964224219322205 0.939643502235413 0.915190279483795 0.960894405841827 0.956008017063141 0.896294295787811 0.961073637008667 0.969944715499878 0.984638690948486 0.971234798431396 0.929839730262756 0.852745771408081 0.791033208370209 0.811596572399139 0.910103797912598 0.96769106388092 0.983421683311462 0.933781027793884 0.886989235877991 0.913634657859802 0.902050614356995 0.944219827651978 0.976008176803589 0.977905035018921 0.998217344284058 0.990417659282684 0.962733089923859 0.972347736358643 0.985899567604065 0.968792498111725 0.985358715057373 0.994143009185791 0.991589486598969 0.996598899364471 0.905721664428711 0.994207501411438 0.928500235080719
0.933779418468475 0.949103593826294 0.911411285400391 0.888565003871918 0.923257350921631 0.931101739406586 0.905463993549347 0.953280508518219 0.925008952617645 0.97273850440979 0.959776282310486 0.953842043876648 0.946192145347595 0.949355483055115 0.95987856388092 0.997982382774353 0.982738494873047 0.959871172904968 0.968324780464172 0.918530821800232 0.912283420562744 0.94840544462204 0.975229740142822 0.979444563388824 0.970640242099762 0.951732158660889 0.86832183599472 0.911226511001587 0.964767932891846 0.9564169049263 0.993136465549469 0.967321217060089 0.982559978961945 0.98535567522049 0.98308253288269 0.984338819980621 0.962541222572327 0.971424341201782 0.984689831733704 0.952242970466614 0.967733561992645 0.988619565963745 0.99637645483017 0.991312086582184
0.949830234050751 0.9529989361763 0.8753342628479 0.878227949142456 0.899429142475128 0.922721087932587 0.92300283908844 0.935933291912079 0.95615166425705 0.864163100719452 0.964840292930603 0.959392011165619 0.959796726703644 0.986037313938141 0.99771636724472 0.975677490234375 0.984103202819824 0.968516290187836 0.973178863525391 0.912507355213165 0.974147856235504 0.960322320461273 0.976475238800049 0.97096174955368 0.948550343513489 0.922627866268158 0.899792671203613 0.897919595241547 0.933948278427124 0.964675843715668 0.997255682945251 0.991346061229706 0.998044490814209 0.991926312446594 0.992484927177429 0.98845237493515 0.975363969802856 0.906695246696472 0.973509550094604 0.986313045024872 0.967749059200287 0.995028793811798 0.987798750400543 0.996705055236816
0.914551734924316 0.801078081130981 0.952104449272156 0.91206020116806 0.920896768569946 0.960510075092316 0.97224235534668 0.987932205200195 0.990753650665283 0.97388756275177 0.975763499736786 0.96192878484726 0.974797368049622 0.971564650535583 0.980840027332306 0.981210350990295 0.979909300804138 0.990582466125488 0.983752250671387 0.980751991271973 0.967308878898621 0.966725051403046 0.916515111923218 0.963914573192596 0.970054388046265 0.942517638206482 0.854094922542572 0.929871320724487 0.937136471271515 0.959603130817413 0.982346832752228 0.960344910621643 0.991924345493317 0.988579571247101 0.983203828334808 0.993526697158813 0.992878615856171 0.983820915222168 0.981907844543457 0.986806452274323 0.999230742454529 0.973112404346466 0.950339138507843 0.995394647121429
0.84713077545166 0.891184985637665 0.864265918731689 0.932301163673401 0.962516963481903 0.989276528358459 0.995797216892242 0.969288170337677 0.979742288589478 0.979553580284119 0.969882845878601 0.982138156890869 0.984305202960968 0.991980373859406 0.99385279417038 0.99864649772644 0.996198654174805 0.997049391269684 0.976118326187134 0.967218637466431 0.967020928859711 0.969735562801361 0.979144990444183 0.979247987270355 0.959153592586517 0.968375086784363 0.961034774780273 0.956961631774902 0.900955319404602 0.961849868297577 0.989351332187653 0.988808274269104 0.990024566650391 0.97857928276062 0.969665110111237 0.966496407985687 0.928050637245178 0.985326945781708 0.996302783489227 0.988052785396576 0.977753281593323 0.996907353401184 0.991425454616547 0.980755686759949
0.807050943374634 0.854242146015167 0.904265105724335 0.964453876018524 0.967065334320068 0.983541905879974 0.966964840888977 0.968561887741089 0.940583527088165 0.895097851753235 0.953227579593658 0.954251110553741 0.959347784519196 0.975843608379364 0.993048131465912 0.98273777961731 0.946442663669586 0.979490697383881 0.962180972099304 0.939363598823547 0.958617329597473 0.978792548179626 0.960589230060577 0.95254647731781 0.984207570552826 0.97627979516983 0.980600118637085 0.928066372871399 0.952370047569275 0.958136379718781 0.998325884342194 0.988622963428497 0.992935061454773 0.990255355834961 0.993800282478333 0.987149953842163 0.990316092967987 0.99868255853653 0.976231694221497 0.991830766201019 0.974238932132721 0.986513197422028 0.991248250007629 0.99830836057663
0.724956750869751 0.700558185577393 0.89093005657196 0.962090015411377 0.931158542633057 0.961368083953857 0.927736341953278 0.904911458492279 0.920190870761871 0.836898982524872 0.92326432466507 0.982232570648193 0.987440466880798 0.926927387714386 0.994979083538055 0.988507211208344 0.970967948436737 0.973288238048553 0.954363107681274 0.962304413318634 0.944622993469238 0.980253636837006 0.955857753753662 0.964507222175598 0.969073832035065 0.955564916133881 0.985847651958466 0.968514263629913 0.949938893318176 0.968631148338318 0.991350889205933 0.987027823925018 0.987070858478546 0.994392156600952 0.974932849407196 0.994393765926361 0.99330347776413 0.983838260173798 0.935000538825989 0.962522625923157 0.989696204662323 0.990819573402405 0.992759704589844 0.994410037994385
0.846820533275604 0.649135231971741 0.914082646369934 0.859121024608612 0.870365262031555 0.842572927474976 0.803150236606598 0.91215306520462 0.950813889503479 0.925689935684204 0.917917907238007 0.971924543380737 0.989541411399841 0.994742691516876 0.952783346176147 0.992919981479645 0.977207481861115 0.979948103427887 0.982931733131409 0.966326594352722 0.946572780609131 0.969623148441315 0.980864882469177 0.96587735414505 0.963073194026947 0.919145882129669 0.963754653930664 0.964627206325531 0.971659123897552 0.971737265586853 0.996684193611145 0.987958133220673 0.979434132575989 0.989996075630188 0.99671882390976 0.995213806629181 0.997744202613831 0.991311132907867 0.987956345081329 0.991575300693512 0.996375620365143 0.995208978652954 0.986847579479218 0.982688128948212
0.943405091762543 0.907250344753265 0.747272074222565 0.780940473079681 0.73434966802597 0.761860370635986 0.727114140987396 0.876925766468048 0.965480864048004 0.925916194915771 0.913337409496307 0.94856470823288 0.987089931964874 0.998033225536346 0.993317604064941 0.993317842483521 0.97003972530365 0.959867835044861 0.988318383693695 0.992395043373108 0.954285204410553 0.933562040328979 0.991788446903229 0.960979878902435 0.967472434043884 0.863793671131134 0.956995487213135 0.985290765762329 0.92459511756897 0.974495708942413 0.98649525642395 0.980247139930725 0.994239628314972 0.976667761802673 0.996398627758026 0.949362754821777 0.995256781578064 0.993391811847687 0.977358877658844 0.985228657722473 0.970528602600098 0.965568661689758 0.976183772087097 0.93558394908905
0.955955147743225 0.857809722423553 0.814560353755951 0.895161271095276 0.946171224117279 0.858343541622162 0.902595102787018 0.960005760192871 0.898383975028992 0.969668030738831 0.931862592697144 0.940218150615692 0.973552286624908 0.998220264911652 0.975507378578186 0.992343664169312 0.993754208087921 0.98612904548645 0.962271094322205 0.996349275112152 0.95281308889389 0.953728199005127 0.983376085758209 0.955527544021606 0.967726469039917 0.97109717130661 0.945435464382172 0.967450261116028 0.969590663909912 0.981854140758514 0.989687144756317 0.984344363212585 0.955800592899323 0.993373870849609 0.998037397861481 0.998397827148438 0.994577944278717 0.987529456615448 0.96516478061676 0.930350244045258 0.939319491386414 0.952221751213074 0.964835703372955 0.97153377532959
0.940727055072784 0.802582025527954 0.843784272670746 0.748076438903809 0.912819564342499 0.879295229911804 0.97547060251236 0.96537971496582 0.969045579433441 0.953296184539795 0.929356455802917 0.944192945957184 0.965106606483459 0.997061789035797 0.990242481231689 0.975003182888031 0.967000067234039 0.99778163433075 0.991579949855804 0.994485020637512 0.948393166065216 0.916303277015686 0.990530848503113 0.979445219039917 0.992612481117249 0.96613621711731 0.983206212520599 0.960002183914185 0.970056772232056 0.974286317825317 0.976499676704407 0.920809864997864 0.987390220165253 0.979930579662323 0.981855988502502 0.978485763072968 0.956147730350494 0.94481486082077 0.940995454788208 0.916830897331238 0.945895910263062 0.960684359073639 0.959423780441284 0.979915618896484
0.660322248935699 0.909772098064423 0.832201957702637 0.75494396686554 0.868917167186737 0.98524534702301 0.966848969459534 0.886403501033783 0.92967277765274 0.954626381397247 0.951768517494202 0.943203568458557 0.959667980670929 0.989034354686737 0.986405611038208 0.989329159259796 0.985956728458405 0.983842432498932 0.988577544689178 0.986162006855011 0.990127563476562 0.98617148399353 0.978176474571228 0.903999328613281 0.979187846183777 0.984841704368591 0.98175972700119 0.978782951831818 0.983411371707916 0.926208913326263 0.974599301815033 0.98970490694046 0.983517408370972 0.9861199259758 0.976428985595703 0.937867343425751 0.963501334190369 0.847808659076691 0.970804512500763 0.966799676418304 0.967664659023285 0.925304710865021 0.94367527961731 0.935891807079315
0.849036872386932 0.767390251159668 0.910183489322662 0.747927129268646 0.821960091590881 0.911883175373077 0.970169961452484 0.95373398065567 0.88547557592392 0.929475009441376 0.95405638217926 0.934260249137878 0.932873249053955 0.981663882732391 0.989799082279205 0.994044363498688 0.991353154182434 0.986836016178131 0.979613900184631 0.949057877063751 0.973528385162354 0.980259895324707 0.97242671251297 0.97430944442749 0.974320769309998 0.972325503826141 0.983307838439941 0.971867263317108 0.967705190181732 0.992142021656036 0.987230658531189 0.967036783695221 0.976661443710327 0.979494333267212 0.958848714828491 0.970748782157898 0.98041844367981 0.973263680934906 0.950352549552917 0.955760359764099 0.98476767539978 0.955835461616516 0.919593930244446 0.88135701417923
0.863638579845428 0.723123371601105 0.924480080604553 0.712492346763611 0.808373630046844 0.946482062339783 0.974687695503235 0.933646082878113 0.882619142532349 0.916077673435211 0.961642384529114 0.979117333889008 0.940429925918579 0.971749663352966 0.990440785884857 0.988961458206177 0.970084011554718 0.996123433113098 0.987626969814301 0.987942516803741 0.990578591823578 0.979907274246216 0.97737067937851 0.983278453350067 0.981623709201813 0.982770562171936 0.950242578983307 0.929573833942413 0.973161399364471 0.956042408943176 0.993067383766174 0.985434114933014 0.983810126781464 0.94954389333725 0.978841066360474 0.973270416259766 0.98448646068573 0.978136479854584 0.930409789085388 0.951152324676514 0.954574227333069 0.880550622940063 0.855332314968109 0.856719076633453
