slauniainen/Data/DEM/Vihti_dsm1500b_cl_horizonAngle_84.asc
NCOLS 196 
NROWS 178 
XLLCORNER 353680 
YLLCORNER 6699024 
CELLSIZE 16 
NODATA_value -3.4e+38 
[rows 20 to 39 of 178, columns 45 to 89 of 196]
6.1774787902832 1.752445936203 12.1926574707031 -2.72072005271912 -2.14730358123779 -1.65436220169067 1.99340832233429 -1.57440364360809 -1.12805199623108 -0.220685407519341 2.28681945800781 5.42272138595581 18.5265846252441 17.0072536468506 31.3398456573486 18.4422550201416 -5.0168309211731 -4.86387538909912 -4.19421625137329 -3.61079573631287 11.0355558395386 3.21906447410583 -3.16165018081665 -3.03948855400085 -2.95278358459473 -2.16968464851379 6.04396820068359 -2.29947280883789 11.6087980270386 -1.74061715602875 -0.497426599264145 -0.312666267156601 -0.128434717655182 -0.0571515262126923 0.00679667526856065 0.441522002220154 -0.194260403513908 -0.21444645524025 0.133857801556587 -0.499438107013702 -0.766677141189575 -0.24150039255619 -0.783797264099121 -0.438381314277649 -0.38500639796257
4.05342721939087 -2.53585648536682 -2.27243685722351 -1.89838814735413 -1.42374384403229 -1.25664377212524 -0.489606022834778 0.352339595556259 1.12217569351196 5.09022855758667 6.61149072647095 12.7533550262451 20.745584487915 15.6787614822388 15.7455549240112 18.7714328765869 -4.57023763656616 -4.34160566329956 -4.23432683944702 -3.9829421043396 -3.64197611808777 0.451231211423874 1.32556867599487 -2.83066582679749 3.04776191711426 6.65281772613525 -2.4213240146637 -2.38844561576843 -2.25541925430298 -0.58978396654129 -0.416053056716919 -0.365162134170532 -0.297118812799454 -0.183677211403847 0.107021391391754 0.192355632781982 0.220327153801918 -0.0779112279415131 -0.197785943746567 -0.337404042482376 -0.259595513343811 -0.151254191994667 -0.14258673787117 -0.987460672855377 -0.414232224225998
4.52715587615967 6.28913450241089 -1.43809950351715 -0.739349067211151 -0.0170155819505453 0.812816917896271 1.78729128837585 3.16809225082397 4.67190933227539 7.03529071807861 8.584792137146 12.9137306213379 30.8590927124023 5.11370134353638 21.7955112457275 23.5405960083008 -3.9931378364563 -3.63126444816589 -3.5220673084259 -3.48857688903809 -1.7647123336792 -3.23841619491577 12.6880493164062 -2.71021294593811 3.34758996963501 1.98214387893677 -2.5130090713501 -2.37096452713013 25.3874988555908 -2.21865701675415 -0.376341044902802 -0.361675888299942 -0.280359745025635 -0.0151552194729447 0.109938591718674 0.240790069103241 -0.148682624101639 0.0389636680483818 0.0756233483552933 -0.0973027795553207 -0.47020697593689 -0.397660881280899 -0.392757058143616 -0.725332915782928 -0.492030680179596
-0.364317029714584 0.171327859163284 -0.627455115318298 3.17614102363586 -0.540629148483276 0.249920874834061 8.71597576141357 0.748529970645905 3.56880688667297 14.8944988250732 8.44798946380615 30.0412731170654 -1.50150227546692 6.73859453201294 2.96781086921692 0.467923134565353 10.5396108627319 -1.10053050518036 -0.0275611765682697 -3.29889678955078 -1.15118908882141 0.95877069234848 27.1848659515381 -2.79440546035767 -2.60687947273254 -2.28290748596191 2.06761932373047 -1.93615019321442 -0.291364818811417 -0.243640080094337 -0.11113091558218 0.00578668434172869 0.0331264138221741 0.0436858832836151 -0.203340798616409 -0.1229213103652 -0.0556914620101452 0.0449562966823578 0.0503111593425274 -0.207472920417786 -0.545822978019714 -0.499642997980118 -0.534364998340607 -0.532916307449341 -0.521272540092468
-1.5733300447464 -0.714245319366455 0.862582266330719 -1.01353001594543 -0.534008622169495 1.03294432163239 18.175594329834 2.64837622642517 -0.402010530233383 1.47510147094727 4.41961097717285 7.28968715667725 24.86887550354 -0.902344167232513 6.09960269927979 0.643365502357483 0.524184942245483 1.33515453338623 2.01121544837952 2.5231716632843 11.634934425354 2.24135875701904 11.0034284591675 -2.62505578994751 -2.56965184211731 -2.00269818305969 -1.96848833560944 -0.0766526609659195 0.151961728930473 0.424689322710037 0.638309419155121 0.89637553691864 1.03296780586243 -0.234479323029518 -0.123232081532478 -0.0251131374388933 0.0380987897515297 0.112656995654106 -0.241322815418243 -0.542579412460327 -0.535916268825531 -0.522575318813324 -0.547256708145142 -0.531945526599884 -0.571827113628387
-3.03753733634949 -2.68290734291077 0.967352449893951 5.87216711044312 9.96300411224365 0.223903387784958 -2.20108604431152 1.83454632759094 4.19946527481079 6.65831089019775 13.3273334503174 -3.34377932548523 -1.72729480266571 5.45907926559448 0.0544843971729279 1.67183434963226 1.54281401634216 2.53522038459778 6.2727222442627 16.0166988372803 -2.75911641120911 8.16584396362305 -1.87179744243622 -2.43086218833923 -2.09579491615295 -1.51728343963623 -1.20654904842377 0.789116442203522 1.02777373790741 0.922023236751556 1.09754538536072 1.4954035282135 0.776490330696106 0.00647501926869154 -0.0512041077017784 -0.0943612530827522 0.116126716136932 0.240489542484283 -0.598179876804352 -0.598275184631348 -0.577151358127594 -0.566419720649719 -0.566937685012817 -0.551111698150635 -0.534895062446594
-2.50600600242615 0.309316724538803 11.0956258773804 22.9555797576904 1.63453984260559 6.73550939559937 15.4024505615234 -3.33664441108704 3.32701635360718 -1.30985307693481 5.64219903945923 7.4935359954834 -2.97623920440674 -1.82867419719696 4.03221750259399 16.1426372528076 3.04864048957825 -2.92020201683044 -0.768686532974243 -0.805598676204681 1.19601774215698 27.6267719268799 -2.16968631744385 -2.03093552589417 -1.7110767364502 -1.53902971744537 0.886868834495544 1.413898229599 1.49287045001984 1.39021241664886 1.71458268165588 1.88023591041565 1.09779119491577 0.263493180274963 0.25535175204277 -0.194828122854233 -0.129063040018082 0.208688676357269 -0.58318018913269 -0.579088926315308 -0.551428973674774 -0.41493746638298 -0.407960057258606 -0.391810268163681 -0.377393484115601
-2.21143937110901 3.93378400802612 15.4300546646118 10.6734199523926 19.7562065124512 13.1841201782227 -3.66724967956543 -3.21720218658447 -2.86021542549133 -2.72036528587341 -1.09204506874084 9.87197780609131 -3.14960813522339 5.33488941192627 -2.75839638710022 0.0414463169872761 1.95657134056091 2.07998871803284 3.92701005935669 3.38526201248169 6.93602275848389 18.3655872344971 4.17757225036621 -1.71982502937317 -1.20003199577332 -0.250816643238068 1.53198349475861 1.92181646823883 2.01076054573059 2.25201654434204 2.25882935523987 1.0903080701828 0.898751854896545 0.666213929653168 0.421565324068069 0.445647209882736 -0.443038880825043 -0.441621333360672 -0.43513223528862 -0.43388819694519 -0.385930776596069 -0.369344621896744 -0.320683628320694 -0.314020693302155 -0.305599868297577
3.36231398582458 4.59545230865479 9.24954605102539 26.4022903442383 17.6092662811279 22.8727512359619 -3.89672493934631 -3.7620861530304 -3.45795106887817 2.90365886688232 20.5729160308838 -0.929682016372681 -3.05400776863098 -2.85262656211853 0.902521193027496 -2.69582724571228 -1.64214909076691 1.82718431949615 3.7112877368927 11.8077068328857 -1.33463978767395 17.3438472747803 -1.36296772956848 -1.1418594121933 0.939981281757355 1.47065377235413 1.81122612953186 1.96820962429047 2.40756916999817 3.0041663646698 1.67641484737396 0.953461050987244 0.603397607803345 0.664574921131134 0.630401015281677 0.489794582128525 -0.155659630894661 -0.37058699131012 -0.354752153158188 -0.339097827672958 -0.322685986757278 -0.140654310584068 -0.00543383928015828 0.00348238903097808 0.0163045078516006
5.4924955368042 10.3995141983032 16.5284252166748 23.0119113922119 23.0763683319092 0.693249464035034 1.31045746803284 -3.82674407958984 -3.53983020782471 -3.33619046211243 14.7103128433228 -3.00303196907043 4.94014120101929 15.6917591094971 -2.43357944488525 -1.97475504875183 -1.66178679466248 6.89937210083008 20.549991607666 0.0892049297690392 -1.51464200019836 -1.19860601425171 3.01923036575317 6.3980827331543 14.2372674942017 7.21205902099609 12.0296230316162 -1.12420213222504 2.92782545089722 3.28534936904907 2.3085560798645 1.14712727069855 0.559460818767548 0.568553626537323 0.647638261318207 0.419284164905548 -0.193649590015411 -0.0800140053033829 -0.0644980818033218 -0.04280935972929 -0.0215636473149061 -0.0133008575066924 -0.121763326227665 -0.0336181856691837 -0.384233355522156
6.85123729705811 13.5183534622192 26.4498825073242 16.8674221038818 6.94431447982788 7.34795999526978 -1.33774995803833 0.863718569278717 -3.91856908798218 -3.65745162963867 -2.93544435501099 -2.75913619995117 5.82551574707031 16.9674377441406 -2.28112936019897 -0.662346541881561 2.88268446922302 10.1352090835571 13.7040576934814 -1.65138697624207 12.8958749771118 19.9372425079346 38.3206176757812 3.61579370498657 -0.798379242420197 5.85062599182129 14.6912775039673 -1.55350732803345 1.30892622470856 3.34737777709961 3.26747179031372 1.5235652923584 0.826040506362915 0.472524553537369 0.541611015796661 0.552750051021576 -0.11534807831049 -0.55924516916275 -0.508414089679718 -0.446839511394501 -0.308421939611435 -0.154401645064354 -0.151835307478905 0.0118367178365588 0.143064841628075
10.6619882583618 10.5424184799194 24.2291679382324 11.2166519165039 13.9653911590576 3.99174880981445 4.73433017730713 12.8282403945923 -3.88920164108276 -2.08924245834351 -2.80794167518616 -2.03369855880737 0.659842252731323 3.86202454566956 -1.97872221469879 -1.79528391361237 -1.71458971500397 2.59159398078918 8.11555576324463 15.8890008926392 27.3043384552002 20.7641506195068 -1.36557364463806 44.9867134094238 -1.54418754577637 -1.13458812236786 -0.910772085189819 3.38006782531738 3.99061584472656 4.04376602172852 3.19750785827637 2.57999801635742 1.23807954788208 0.669970035552979 0.312245845794678 0.355691194534302 0.402236878871918 -0.523399114608765 -0.49920442700386 -0.387141615152359 -0.254365980625153 -0.177945330739021 -0.114156693220139 -0.113117769360542 -0.0660888776183128
20.1301040649414 10.549017906189 30.7733421325684 9.30042552947998 2.78463196754456 3.04371762275696 17.1190509796143 -3.57133293151855 -3.37580037117004 -2.76079177856445 1.10103392601013 14.0360622406006 30.4917240142822 -2.51600122451782 -1.82755935192108 2.86849880218506 14.4097080230713 0.478442132472992 17.9179344177246 35.7475395202637 2.86410713195801 3.68427038192749 -0.432908266782761 -0.60884016752243 26.1616554260254 44.4606781005859 -1.50353944301605 -1.33564209938049 0.0106013901531696 3.68293452262878 3.66893577575684 2.74261498451233 1.94359040260315 0.943792104721069 0.45953893661499 0.178438112139702 0.195697814226151 -0.204727217555046 -0.417492657899857 -0.332383632659912 -0.26866203546524 -0.172327473759651 0.0650370344519615 -0.0369752235710621 0.0435458645224571
15.2569952011108 19.0933246612549 29.9842319488525 12.6000261306763 2.17673349380493 15.8640775680542 0.642196655273438 -3.41356945037842 1.51657605171204 -2.95506429672241 -2.58757472038269 4.19210529327393 1.09288620948792 -1.85597145557404 1.49404335021973 4.36551761627197 8.29599952697754 16.8453903198242 36.8509826660156 4.03941917419434 2.54041481018066 8.12838363647461 14.9929790496826 50.8309669494629 -1.75116312503815 -1.59567511081696 42.6399345397949 -1.4359815120697 -0.569072246551514 4.43071508407593 2.93587756156921 3.10743141174316 2.24244856834412 1.11658084392548 0.934601187705994 0.408506691455841 0.0288233961910009 -0.00375660392455757 -0.325308233499527 -0.277602225542068 -0.175859063863754 -0.0661336481571198 0.0259496662765741 0.176177337765694 0.234957188367844
10.1616868972778 14.6088161468506 18.9837970733643 24.9575042724609 7.44230985641479 4.26998853683472 -2.95710182189941 -2.71744060516357 -2.60148739814758 -2.46431946754456 -2.24703884124756 1.3616464138031 26.512170791626 -1.70059645175934 7.1871976852417 12.627495765686 21.6411666870117 41.5403633117676 0.768927752971649 5.11357021331787 0.375817269086838 24.5657176971436 42.3410911560059 5.35021734237671 7.94572401046753 -0.752810180187225 0.851585388183594 46.3836364746094 -1.57249450683594 4.45036315917969 3.0187292098999 2.25455331802368 2.69210338592529 1.58414542675018 1.2325633764267 0.758735001087189 0.0990649685263634 0.207691475749016 -0.109255574643612 -0.168781355023384 -0.0529118999838829 0.101234599947929 0.181173950433731 0.284201830625534 0.457435369491577
10.9254531860352 12.7247486114502 9.26872730255127 8.65190315246582 7.94362306594849 -0.479175597429276 5.88012313842773 -1.52195453643799 -2.13284802436829 11.4631462097168 -1.84292411804199 -1.74051690101624 -1.0927460193634 7.42610311508179 3.65254378318787 24.3507041931152 45.2269744873047 -0.908533811569214 4.813157081604 21.6607513427734 38.1773109436035 18.7290649414062 -0.614019513130188 2.88433027267456 5.07343149185181 7.52763080596924 19.9776954650879 -1.80480456352234 21.7318859100342 -0.358736157417297 3.39499640464783 1.70705115795135 1.85047423839569 2.6623067855835 1.36739003658295 1.10617566108704 0.387129217386246 0.292780339717865 0.219125062227249 -0.00821327324956656 0.0566538721323013 0.173250362277031 0.267084777355194 0.459644794464111 0.625135600566864
6.93435001373291 6.13529062271118 12.6307182312012 4.51269817352295 6.08566999435425 1.20872008800507 1.10192000865936 2.94926810264587 7.29928779602051 11.2815933227539 12.4343156814575 18.4522476196289 -1.730717420578 17.6492023468018 35.3353080749512 1.37052440643311 5.47166967391968 20.0668621063232 34.8192977905273 21.4706745147705 1.63780248165131 3.69228887557983 6.62124395370483 5.85751533508301 7.14498472213745 9.89503860473633 16.0882205963135 3.42273116111755 5.04978609085083 -1.60672557353973 3.46031832695007 2.04451394081116 1.6660008430481 2.16308307647705 3.23409795761108 1.35272705554962 0.820789158344269 0.885641098022461 0.184851601719856 0.150399342179298 0.175755590200424 0.201887100934982 0.240247085690498 0.557848334312439 0.699171781539917
13.240195274353 6.78753614425659 31.7031345367432 10.9252071380615 26.0473880767822 1.24686765670776 1.32786333560944 14.3751964569092 0.587292313575745 13.4219055175781 17.7295436859131 25.5697116851807 45.4117050170898 -1.10578978061676 -0.355250358581543 4.2696967124939 48.0788269042969 1.24244344234467 5.01375913619995 0.150769680738449 9.04778289794922 3.57630181312561 0.792144596576691 7.00197410583496 7.10833835601807 11.9324855804443 14.8654813766479 2.46721029281616 -0.386724889278412 11.9463109970093 -1.53430950641632 2.66376543045044 1.91207301616669 2.03106188774109 2.73828077316284 3.57789921760559 1.2087436914444 1.24644947052002 0.607525944709778 0.655660450458527 0.875514268875122 0.924672663211823 0.584616601467133 0.404842466115952 0.589974284172058
12.9129238128662 13.1363077163696 8.04387855529785 9.38078022003174 6.510413646698 7.2367992401123 17.2234439849854 22.5100955963135 31.6962509155273 50.7967834472656 -1.0610818862915 -0.901842772960663 2.46011734008789 6.46666383743286 50.3316688537598 0.591022610664368 0.431591480970383 1.51365482807159 -0.235274359583855 8.36686706542969 1.80431628227234 -0.161138713359833 1.22538816928864 6.69488286972046 19.1661758422852 6.80707836151123 -0.786608934402466 2.38034391403198 7.25321483612061 0.622924208641052 3.21910262107849 -1.48858714103699 2.2857780456543 2.12401223182678 2.34734654426575 2.86367654800415 2.90359330177307 1.04714262485504 1.17032670974731 1.33014178276062 1.54753112792969 1.70414865016937 1.56955361366272 0.919838190078735 0.426226675510406
17.1970272064209 22.3890991210938 31.7161293029785 50.7122917175293 3.79783797264099 1.30996918678284 4.31012868881226 8.47433376312256 0.586847960948944 5.72410726547241 1.31912267208099 5.52611780166626 50.2904968261719 1.41307282447815 3.04377579689026 6.46188497543335 7.46039819717407 -0.518324792385101 4.66713285446167 0.0876763388514519 0.989361107349396 -0.451388984918594 0.692635774612427 1.39825963973999 4.34761428833008 0.161402404308319 -0.0743593871593475 -0.0719819590449333 1.56109595298767 1.14379632472992 3.19827318191528 5.55224895477295 -1.40578460693359 2.27216076850891 2.05119943618774 2.18100690841675 2.75245499610901 1.83677339553833 1.54137766361237 1.83568167686462 2.04511761665344 2.24275541305542 2.42856192588806 2.18906164169312 0.917270660400391
