slauniainen/Data/DEM/Vihti_dsm1500b_cl_horizonAngle_114.asc
NCOLS 196 
NROWS 178 
XLLCORNER 353680 
YLLCORNER 6699024 
CELLSIZE 16 
NODATA_value -3.4e+38 
[rows 100 to 119 of 178, columns 0 to 45 of 196]
18.6039810180664 25.1212692260742 50.261157989502 6.44391059875488 2.98809671401978 9.12264537811279 0.110241360962391 1.46208369731903 5.54979658126831 3.49103856086731 3.10018038749695 3.33791613578796 3.36984968185425 0.881981432437897 0.939018249511719 1.03010201454163 1.15204584598541 1.35113048553467 1.89602851867676 1.96988642215729 2.15861535072327 3.14950633049011 3.20118522644043 3.23247814178467 3.19984269142151 3.21325325965881 3.24996542930603 3.07459235191345 7.93955898284912 9.60473918914795 10.2943782806396 11.7131052017212 14.2522306442261 15.6611032485962 18.4668712615967 24.9310359954834 32.2058906555176 57.3584251403809 0.758238852024078 2.16775512695312 2.20615983009338 29.0063896179199 30.197639465332 27.5155544281006 56.3970336914062 0.372801929712296
12.5516748428345 19.4487991333008 45.174877166748 22.54953956604 2.12220144271851 0.0467413365840912 0.594126462936401 0.984175503253937 4.87436866760254 7.63723182678223 9.87855911254883 4.03145170211792 3.6068229675293 3.77992987632751 3.96411299705505 3.98470854759216 1.02392864227295 1.1778199672699 1.33799588680267 1.58149540424347 2.04983925819397 2.07184720039368 3.11419415473938 3.28024315834045 3.40068173408508 3.49240803718567 3.4192361831665 3.30060744285583 3.33332228660583 3.37376117706299 3.73504328727722 10.4385623931885 12.6757411956787 15.4534101486206 18.8084716796875 23.5389881134033 30.2484931945801 52.8012809753418 27.2997608184814 0.793804407119751 1.35599291324615 38.7711753845215 19.7974758148193 9.33379173278809 4.25075674057007 7.77983522415161
13.1019010543823 10.0865316390991 19.6970481872559 46.8427276611328 5.80484485626221 4.32291603088379 0.446802079677582 0.818535625934601 1.20914494991302 7.01686573028564 9.61274814605713 14.5315837860107 20.4484710693359 4.57225275039673 4.80962896347046 4.28732013702393 4.49895048141479 4.57265090942383 1.23350155353546 1.45798015594482 1.63422441482544 1.85517048835754 2.87632465362549 3.15675640106201 3.21639251708984 3.37580394744873 3.64368057250977 3.72062373161316 3.65188765525818 3.21438884735107 3.45052719116211 3.55080723762512 3.80651831626892 13.9159660339355 16.6878299713135 23.3221950531006 30.2036113739014 51.1205520629883 19.8474273681641 1.47231328487396 1.24746942520142 2.16301584243774 9.78375148773193 38.6424446105957 34.4035911560059 0.622299253940582
9.55974197387695 15.9377737045288 18.628002166748 24.2875156402588 34.485710144043 6.71177005767822 2.58197546005249 0.0469413138926029 0.674174427986145 5.09296178817749 8.02967834472656 14.322603225708 19.9669361114502 40.0965614318848 3.37899208068848 5.23042392730713 5.4379620552063 4.91425132751465 5.32479238510132 5.49471378326416 1.67990064620972 1.75661373138428 3.05963468551636 3.09407353401184 2.97805571556091 3.23758459091187 3.28659272193909 3.4462685585022 3.99143958091736 4.27189970016479 4.17402267456055 3.47281718254089 3.74378085136414 4.02083206176758 4.35432004928589 20.8461742401123 26.846004486084 50.9214172363281 21.8272132873535 0.706969499588013 1.81572830677032 2.33976006507874 14.973726272583 20.3825836181641 26.0360012054443 12.8896913528442
5.73978805541992 9.98260879516602 13.1524438858032 25.7744178771973 34.2735557556152 12.6839847564697 24.6199703216553 0.219267129898071 -0.0149260181933641 0.311066150665283 6.08877897262573 12.3319654464722 17.5773868560791 40.5211334228516 3.36684441566467 37.266056060791 4.25848293304443 5.94085073471069 6.33587169647217 5.91935300827026 6.51669692993164 6.69673013687134 2.93426775932312 3.04099559783936 3.15021944046021 3.16921877861023 3.15049076080322 3.30697345733643 3.39733552932739 3.53728675842285 4.72543334960938 4.88866949081421 5.05029058456421 4.86993932723999 4.33269023895264 4.57284879684448 5.05380725860596 46.6073760986328 19.2684535980225 4.2567024230957 1.00726938247681 9.93532466888428 16.9183387756348 4.47125959396362 39.0873222351074 2.8833315372467
12.9229774475098 7.03305244445801 12.092248916626 16.1442451477051 13.4929418563843 50.4411735534668 -0.189586654305458 0.454023778438568 0.762574851512909 0.866835355758667 16.1845722198486 5.4242992401123 12.8668012619019 37.1895446777344 3.69961667060852 39.7489166259766 4.06026220321655 7.44879198074341 7.77933216094971 7.00840187072754 7.65650510787964 7.32548522949219 8.23828983306885 9.02352809906006 8.7303524017334 3.19436478614807 3.22079682350159 3.24904036521912 3.24759864807129 3.46198725700378 3.68097543716431 3.53785276412964 3.73865842819214 5.62637281417847 6.0577244758606 5.71842336654663 5.21515226364136 5.04500770568848 7.85162830352783 7.66382789611816 3.76738286018372 5.6663875579834 9.08141803741455 34.326774597168 2.83288359642029 8.69141101837158
12.5393142700195 26.9774532318115 1.75382852554321 8.22404003143311 18.0461273193359 22.3016357421875 17.7671699523926 5.71403932571411 0.550982713699341 0.995917499065399 1.16800892353058 36.1362915039062 2.3151068687439 7.81006526947021 37.9428977966309 3.81136751174927 6.02392911911011 6.30477285385132 8.20627689361572 8.75691413879395 9.29382228851318 8.68350124359131 9.74840259552002 10.690728187561 10.1735210418701 11.2889108657837 11.0802612304688 3.28406405448914 3.33813858032227 3.37358474731445 3.38664102554321 3.34948825836182 3.54598498344421 3.64095520973206 3.87143635749817 7.06293725967407 7.75208473205566 6.79641056060791 7.91780042648315 4.85518312454224 3.46309447288513 3.65532875061035 3.77570867538452 21.3041954040527 3.57231688499451 8.33275890350342
23.4104137420654 2.06167697906494 35.0367431640625 1.49683022499084 1.80886101722717 19.224681854248 1.61067759990692 1.74116134643555 29.5835514068604 1.2534294128418 29.1667060852051 2.21726894378662 15.2639312744141 4.20931625366211 13.3805150985718 18.3220100402832 10.230938911438 6.48260974884033 8.29530429840088 8.80194187164307 10.1224422454834 11.7014808654785 12.4525156021118 12.7786321640015 12.1285943984985 13.5614318847656 13.8284778594971 16.2474460601807 15.6870193481445 3.35416531562805 3.38344573974609 3.44104504585266 3.45968461036682 3.43136739730835 3.66190266609192 3.75820994377136 4.05565929412842 9.95340633392334 11.7355003356934 9.27192401885986 3.27488613128662 3.63448715209961 3.77046132087708 4.18494367599487 4.54496240615845 5.66719532012939
2.53858160972595 2.87428975105286 3.0237820148468 3.31664228439331 3.54733657836914 3.75996851921082 4.12740039825439 4.31500482559204 24.2473335266113 10.1548223495483 5.18705368041992 1.94938373565674 5.93648433685303 6.07873725891113 12.3020038604736 5.97288417816162 36.9026756286621 4.52753734588623 5.08279609680176 8.47444534301758 9.99503612518311 11.1374273300171 14.7817659378052 17.2194862365723 15.6849145889282 16.3767414093018 16.568868637085 19.3144454956055 21.6842784881592 28.6878051757812 27.984920501709 3.45859456062317 3.47019839286804 3.54094195365906 3.58268070220947 3.53790283203125 3.78852677345276 4.54748821258545 5.29319000244141 22.2941551208496 3.25629258155823 3.23452472686768 3.71821737289429 4.18099021911621 4.39211416244507 4.4605884552002
2.63334965705872 2.67857003211975 2.81822276115417 3.36884307861328 3.62117457389832 3.89345908164978 4.276686668396 4.44798851013184 4.84261751174927 5.0783314704895 4.96228885650635 5.47172164916992 5.92235612869263 6.99582958221436 8.02283096313477 9.12160396575928 8.47730922698975 9.85605049133301 11.2464904785156 11.821008682251 13.3125343322754 11.6518678665161 13.3390426635742 13.9360466003418 23.2932281494141 30.9240169525146 22.427713394165 23.1678142547607 25.9568042755127 33.9473762512207 50.1231002807617 1.77297556400299 1.7211446762085 3.38539814949036 3.58686351776123 3.67567276954651 3.71235847473145 3.63359427452087 4.31012916564941 4.28089714050293 3.90450763702393 4.24856233596802 4.38545274734497 4.27502679824829 4.18809127807617 4.74296617507935
2.77130699157715 2.7167432308197 2.83826375007629 3.07641839981079 3.36891722679138 3.83471989631653 4.30874586105347 4.56506061553955 4.91577291488647 5.12441349029541 5.76528978347778 6.42591142654419 6.41824817657471 7.26859998703003 8.35731315612793 9.15117454528809 11.0592842102051 12.6692752838135 11.6697177886963 14.0373821258545 16.665319442749 15.8650932312012 18.4970455169678 18.1585273742676 24.4258327484131 23.5842323303223 52.8077964782715 9.38642406463623 38.7881050109863 39.8938064575195 55.829704284668 1.13071882724762 2.04879713058472 3.62048554420471 3.48078846931458 3.49658179283142 3.69923806190491 3.80735087394714 3.8534083366394 3.99871802330017 3.72027134895325 4.06679725646973 4.28619337081909 4.73307847976685 4.88008403778076 4.66609191894531
3.441725730896 2.91657853126526 2.976322889328 3.13736128807068 3.39684414863586 3.6392834186554 3.93431186676025 4.21202278137207 5.0419340133667 5.28957605361938 5.8922815322876 6.52153587341309 7.66128015518188 8.63364028930664 9.8369197845459 10.0268526077271 11.59033203125 12.6354217529297 15.6114921569824 18.4025707244873 16.5914211273193 21.6648559570312 28.8122844696045 25.3458347320557 33.4664154052734 45.0976333618164 9.17517375946045 15.2965545654297 15.2558689117432 21.3673973083496 5.92019557952881 0.670748174190521 1.07193994522095 1.48846769332886 3.71215009689331 3.75405311584473 3.58990788459778 3.6141402721405 3.84785318374634 3.89377188682556 4.02487277984619 4.07798719406128 3.98435163497925 4.42960405349731 4.69585037231445 5.21420526504517
5.34310960769653 3.18591284751892 3.25949954986572 3.25513553619385 3.44132208824158 3.47093415260315 3.97351026535034 4.24204969406128 4.6420726776123 4.94588088989258 6.07300424575806 6.6783390045166 7.68606042861938 8.541916847229 9.64909648895264 11.7524518966675 13.5921697616577 14.51145362854 17.7060031890869 18.5181293487549 24.3188304901123 32.0498847961426 29.7896137237549 50.7496643066406 3.41141295433044 23.1220264434814 2.31326055526733 15.6826229095459 10.5296831130981 26.588191986084 5.39507913589478 0.761654436588287 1.29976165294647 1.92973864078522 3.52974581718445 3.57813787460327 3.85660123825073 3.90321826934814 3.9731502532959 3.78575944900513 4.02852916717529 4.09126710891724 4.31675148010254 4.41597127914429 4.28012466430664 4.84613704681396
6.62200450897217 3.44548487663269 3.48019313812256 3.40929770469666 3.54516291618347 3.62751936912537 4.00965070724487 4.21406841278076 4.67136716842651 5.05412673950195 5.62657356262207 6.19326210021973 7.77365970611572 8.59896755218506 9.60775470733643 11.5500841140747 13.3154668807983 17.0555515289307 20.6610317230225 26.2915439605713 31.0201625823975 32.5746002197266 54.2810134887695 2.6668336391449 7.76256513595581 2.67762923240662 8.84846305847168 4.46883869171143 14.0504341125488 4.73401737213135 31.3754692077637 0.43489545583725 1.02232563495636 1.48993372917175 3.17021465301514 3.26267600059509 3.68207216262817 3.72248578071594 3.96897196769714 4.12333202362061 4.214928150177 4.01676416397095 4.09195375442505 4.37828063964844 4.68966674804688 4.84583330154419
12.3228197097778 4.51676273345947 4.12325286865234 4.80157995223999 3.63013339042664 3.61051368713379 3.97069883346558 4.36064863204956 4.72232627868652 4.94485330581665 5.71772480010986 6.31222057342529 7.18474054336548 8.15828132629395 9.38234519958496 11.5025539398193 13.2546548843384 16.9159240722656 20.8101863861084 27.2985858917236 47.1732711791992 15.7245035171509 7.35157918930054 5.56592988967896 2.31912875175476 3.22949171066284 16.9204883575439 3.14357113838196 8.18321704864502 5.14475154876709 6.27906942367554 23.583345413208 1.44849002361298 1.78429007530212 1.92129349708557 3.2247326374054 3.24661731719971 3.34149074554443 3.86622548103333 3.95681643486023 3.6872546672821 4.41504287719727 4.52185201644897 4.28798532485962 4.42870187759399 4.71852016448975
2.74419641494751 5.56345081329346 5.54979515075684 6.44704341888428 3.87190771102905 3.45083665847778 3.9861900806427 4.58868646621704 4.74029064178467 5.2168025970459 5.69569492340088 6.01183271408081 7.2739315032959 8.06844043731689 9.00315380096436 11.9898996353149 14.7810249328613 17.1244983673096 22.3731918334961 39.2338562011719 19.7163734436035 38.4074440002441 1.62266659736633 6.46270799636841 1.55408418178558 2.24523949623108 2.84320282936096 6.4856858253479 5.37953948974609 4.05172300338745 6.31505012512207 13.478964805603 0.910408496856689 7.60589694976807 1.53787350654602 3.79912829399109 3.16212201118469 3.30668783187866 3.34480714797974 3.47180414199829 4.15575695037842 4.27279424667358 3.91850662231445 4.76428890228271 4.9188666343689 4.63942813873291
16.8795013427734 8.4724063873291 6.32321882247925 5.31255722045898 7.71541166305542 2.73249745368958 2.91193914413452 3.90237188339233 5.09194326400757 5.59010124206543 5.71166515350342 6.47007083892822 7.10595750808716 7.4207329750061 8.1389627456665 10.8805179595947 12.6124658584595 21.4410209655762 28.3483257293701 24.6579990386963 46.2229843139648 19.0608654022217 3.49315142631531 1.63056111335754 1.95431780815125 1.72623121738434 2.09391713142395 7.37479972839355 5.00878715515137 4.39471530914307 1.65796589851379 6.19230127334595 1.5669469833374 15.3392572402954 1.01929950714111 1.66191256046295 3.8972806930542 3.94967460632324 3.26429319381714 3.43655180931091 3.48304772377014 3.53532552719116 4.53338813781738 4.68819189071655 4.8642463684082 5.21840333938599
11.1552791595459 11.1989545822144 7.90490818023682 5.07233715057373 7.94951868057251 5.53071546554565 2.49487781524658 3.39836311340332 4.06927347183228 5.09314584732056 6.20366287231445 6.75489044189453 7.01637077331543 8.14784812927246 9.04411792755127 10.0949277877808 12.1744585037231 15.9149675369263 20.7091159820557 49.8424758911133 7.34638023376465 30.9369201660156 2.01566576957703 9.84506607055664 3.27303385734558 3.17248845100403 2.43124270439148 2.37434267997742 2.98552775382996 7.81543302536011 1.68672502040863 1.34660649299622 2.32638454437256 8.03231906890869 1.18909883499146 2.63411688804626 5.62015867233276 5.38088798522949 5.25716400146484 4.12197923660278 3.37309527397156 3.42826104164124 3.63504338264465 3.6915910243988 3.91387677192688 5.16415786743164
10.9477872848511 15.2133293151855 8.21431350708008 8.25522899627686 3.61560320854187 3.01188278198242 3.12354803085327 2.83862280845642 3.31920146942139 4.33659601211548 5.07767868041992 6.37497997283936 7.59737348556519 8.36067485809326 8.80697059631348 9.75915622711182 12.1401014328003 14.7568664550781 20.1411991119385 32.7460098266602 28.7161884307861 16.3777294158936 3.9430525302887 8.02853393554688 1.82999289035797 5.6491379737854 5.92831134796143 5.14868545532227 5.63453912734985 10.8587207794189 6.32135152816772 1.38271033763885 3.42891311645508 3.90840888023376 1.47707736492157 1.58438551425934 2.30040192604065 6.34748458862305 6.014732837677 5.89214181900024 5.79437303543091 4.34527826309204 4.44754838943481 3.55437707901001 3.80125451087952 3.88707685470581
9.78004741668701 14.2576284408569 6.40600919723511 10.5651702880859 3.14928197860718 3.06475615501404 3.08212924003601 3.47067737579346 3.7902398109436 4.4225697517395 4.64968299865723 5.46509408950806 6.24761295318604 8.11013317108154 9.54817771911621 10.5647106170654 12.1302928924561 13.8398389816284 20.0739917755127 36.5986404418945 22.5597686767578 19.0976409912109 2.42092370986938 3.46824765205383 3.20584297180176 8.14945507049561 2.26412773132324 5.96596956253052 7.61546325683594 13.9267644882202 3.08429026603699 1.73766672611237 3.84797310829163 5.30154657363892 1.48608827590942 1.88971185684204 3.20851182937622 6.816246509552 7.12933778762817 7.10517120361328 6.74322843551636 6.61126279830933 6.50382328033447 4.59855651855469 4.719970703125 3.74637079238892
