slauniainen/Data/DEM/Vihti_dem1500b_cl_horizonAngle_288.asc
NCOLS 196 
NROWS 178 
XLLCORNER 353680 
YLLCORNER 6699024 
CELLSIZE 16 
NODATA_value -3.4e+38 
[rows 120 to 139 of 178, columns 0 to 44 of 196]
1.53623044490814 1.30089771747589 0.803618550300598 0.597797036170959 0.388152420520782 0.282897472381592 1.64700734615326 1.77818083763123 1.70437169075012 6.2713942527771 7.91195774078369 5.93390083312988 5.30114364624023 4.31359004974365 4.59833526611328 4.29765176773071 4.02361011505127 3.39355278015137 3.05898070335388 2.76404047012329 2.12749242782593 1.87452399730682 1.29459965229034 0.955847918987274 0.796400010585785 0.659300327301025 0.401718765497208 0.351830452680588 0.249625384807587 0.223044082522392 0.178861871361732 0.137288302183151 0.0939446464180946 0.0781626403331757 0.0709030479192734 0.0246336925774813 0.00380861572921276 -0.0214168019592762 -0.064848780632019 -0.0817370340228081 -0.117001481354237 -0.152531802654266 -0.182663589715958 -0.2088383436203 -0.222088292241096
1.68559014797211 1.52539265155792 1.34616053104401 0.841601252555847 0.533048808574677 0.431311756372452 0.372289031744003 0.297282099723816 1.10437750816345 4.80189180374146 6.57370567321777 5.78558778762817 5.47937297821045 4.69271278381348 4.27500104904175 3.89347410202026 3.42272686958313 3.78789329528809 3.48010587692261 3.10851359367371 2.39819741249084 2.12552881240845 1.85689103603363 1.42992746829987 1.23532295227051 1.05880832672119 0.61997389793396 0.447488725185394 0.390694051980972 0.199008971452713 0.147172838449478 0.07393828779459 0.0441797897219658 0.00117509556002915 -0.0106404302641749 -0.0547811985015869 -0.057054340839386 -0.0759814754128456 -0.105571731925011 -0.11778424680233 -0.144955590367317 -0.188427492976189 -0.199392721056938 -0.218758076429367 -0.238043233752251
1.84823739528656 1.66934859752655 1.61441564559937 1.31685078144073 0.861958682537079 0.731276452541351 0.587731063365936 0.426110506057739 1.13044130802155 3.41657161712646 4.69726037979126 4.79221534729004 5.36324548721313 4.77108144760132 4.4010763168335 4.01246786117554 3.47667551040649 3.35260844230652 3.05910062789917 2.66401100158691 2.71246266365051 2.41030359268188 2.11017775535583 1.58951699733734 1.38727593421936 1.1996443271637 1.03865361213684 0.793493807315826 0.711931049823761 0.367270022630692 0.247720718383789 0.184376448392868 0.0129228197038174 -0.0387221165001392 -0.0745937153697014 -0.0892161801457405 -0.123338006436825 -0.142138466238976 -0.174082338809967 -0.177123486995697 -0.191572040319443 -0.231377094984055 -0.234734579920769 -0.251235872507095 -0.267897069454193
1.99074244499207 1.79671919345856 1.74106824398041 1.65323221683502 1.22618627548218 1.01727521419525 0.824071764945984 0.664574027061462 0.621272265911102 2.06693172454834 3.24971413612366 3.32779669761658 5.32926940917969 5.06545782089233 4.22725677490234 3.88348531723022 3.59223103523254 3.43858361244202 3.16804647445679 2.66323781013489 2.27918744087219 2.01028966903687 1.70002472400665 1.81468617916107 1.59794056415558 1.40004169940948 1.2299998998642 0.897593140602112 0.806258976459503 0.695685923099518 0.535760939121246 0.473266661167145 0.160709112882614 0.063322015106678 0.000510614481754601 -0.122262366116047 -0.164287820458412 -0.192508593201637 -0.212066933512688 -0.234642326831818 -0.251623541116714 -0.288815170526505 -0.287471354007721 -0.291756451129913 -0.314136147499084
2.12887334823608 1.98714685440063 1.87160551548004 1.79365265369415 1.5947699546814 1.28027617931366 1.08174455165863 0.882595658302307 0.815798699855804 1.34655356407166 2.45513296127319 2.50482296943665 3.84343242645264 5.20076465606689 4.12833642959595 3.67461657524109 3.49443960189819 3.32223558425903 3.08990502357483 2.67634344100952 2.23389363288879 1.93404853343964 1.59224414825439 1.42683899402618 1.23228585720062 1.04500198364258 0.894195973873138 1.04872691631317 0.934995949268341 0.843965232372284 0.62512069940567 0.567881345748901 0.482629388570786 0.335806101560593 0.25189733505249 -0.0312005653977394 -0.0822985023260117 -0.133959114551544 -0.233821794390678 -0.26121574640274 -0.293380677700043 -0.318906933069229 -0.352663040161133 -0.346459060907364 -0.37367981672287
2.29621243476868 2.23694562911987 2.04779982566833 1.94614517688751 1.8079149723053 1.60579121112823 1.31134164333344 1.10424911975861 1.00605070590973 0.944620847702026 1.80025601387024 1.8760529756546 2.41482472419739 4.14459562301636 4.3865270614624 3.62564921379089 3.15583777427673 3.03555202484131 2.83119654655457 2.59214854240417 2.15804934501648 1.83770287036896 1.5843471288681 1.3226318359375 1.13795268535614 0.974953472614288 0.822852492332458 0.741965293884277 0.642020225524902 0.576084077358246 0.736501038074493 0.677558600902557 0.630528688430786 0.443227171897888 0.351481914520264 0.239484891295433 0.144460529088974 0.111116081476212 -0.13877846300602 -0.189254000782967 -0.244648888707161 -0.350494623184204 -0.380912840366364 -0.389512926340103 -0.409679532051086
2.33996796607971 2.28224563598633 2.16811537742615 2.10605001449585 2.0495924949646 1.86273157596588 1.63976228237152 1.37014019489288 1.22100579738617 1.1335461139679 1.26331734657288 1.14496302604675 1.55499672889709 2.96491765975952 4.02199029922485 3.55849504470825 3.15528130531311 2.86234188079834 2.69060182571411 2.39013648033142 1.95609629154205 1.69506967067719 1.48853099346161 1.1364803314209 1.01407039165497 0.881737947463989 0.81579601764679 0.70382034778595 0.61168384552002 0.509600937366486 0.482428252696991 0.422577232122421 0.391845494508743 0.545298099517822 0.459328770637512 0.377739012241364 0.205988496541977 0.173567518591881 0.114768080413342 0.0192551910877228 -0.0192637760192156 -0.280189901590347 -0.319771438837051 -0.359826236963272 -0.441956132650375
2.17133021354675 2.197758436203 2.21159791946411 2.15834069252014 2.10921025276184 2.00299406051636 1.93408536911011 1.8069611787796 1.52331876754761 1.2571439743042 1.1642302274704 0.983287453651428 0.740797877311707 2.24169826507568 3.18205142021179 3.29402232170105 2.99141263961792 2.75919198989868 2.56392550468445 2.12418270111084 1.70029413700104 1.43257343769073 1.29443776607513 0.983742713928223 0.882442116737366 0.712409973144531 0.585626304149628 0.545362055301666 0.561583995819092 0.508921682834625 0.442708492279053 0.381940424442291 0.326343715190887 0.30336406826973 0.232647359371185 0.179494932293892 0.282448530197144 0.242964431643486 0.212655052542686 0.085797943174839 0.0510608926415443 -0.0468951500952244 -0.124628677964211 -0.163484081625938 -0.38816511631012
1.9963983297348 2.10903882980347 2.05965900421143 2.01212787628174 2.038414478302 2.05306506156921 1.99847269058228 1.93072247505188 1.82709813117981 1.60564351081848 1.29676234722137 1.08172047138214 0.857524752616882 1.61517417430878 2.54401612281799 2.7563169002533 2.75340843200684 2.75818634033203 2.46382164955139 1.87986147403717 1.45593535900116 1.15030837059021 1.03795099258423 0.827082276344299 0.651115119457245 0.530613005161285 0.408773452043533 0.398575127124786 0.368368804454803 0.260233491659164 0.254187256097794 0.322151720523834 0.303752839565277 0.253104895353317 0.196106240153313 0.115441933274269 0.068007729947567 0.0303868260234594 0.0157762691378593 0.146709203720093 0.107866942882538 0.0677528977394104 -0.0521462149918079 -0.0917897447943687 -0.167006969451904
1.85968089103699 1.93197751045227 1.89161193370819 1.84924209117889 1.95526075363159 1.91406726837158 1.87496244907379 1.88833236694336 1.88331735134125 1.75676274299622 1.51582026481628 1.22959494590759 1.00245404243469 1.20529556274414 1.89593493938446 2.34215402603149 2.46806049346924 3.42959809303284 2.15401172637939 1.67852878570557 1.2057431936264 0.906324505805969 0.785208523273468 0.611101090908051 0.430661827325821 0.348061978816986 0.236064434051514 0.133204832673073 0.156148940324783 0.0812373906373978 0.104367114603519 0.0923899859189987 0.0562642998993397 0.0701461732387543 0.136497795581818 0.0923103988170624 0.044124785810709 0.0038850826676935 -0.0394231900572777 -0.0624892860651016 -0.0921974703669548 -0.0955601632595062 0.0131228044629097 -0.0270708464086056 -0.0736410617828369
1.77940917015076 1.80370914936066 1.76429677009583 1.72537589073181 1.79627954959869 1.75864171981812 1.72199726104736 1.81918966770172 1.72026038169861 1.54558432102203 1.41577780246735 1.24725830554962 1.05642879009247 1.35612726211548 1.75777757167816 2.10411739349365 2.61760354042053 2.83223700523376 1.81567966938019 1.39235639572144 1.09360194206238 0.662419557571411 0.514944016933441 0.343466520309448 0.199468567967415 0.124396704137325 0.0106050865724683 -0.099286362528801 -0.0768453329801559 -0.101612485945225 -0.124316908419132 -0.0875745117664337 -0.0985568910837173 -0.0771682187914848 -0.102510452270508 -0.112461291253567 -0.100205220282078 -0.0292335934937 -0.0493213981389999 -0.090969629585743 -0.123133532702923 -0.146634981036186 -0.160606160759926 -0.19807194173336 -0.220053717494011
1.69670248031616 1.68242609500885 1.64535892009735 1.65431320667267 1.67628169059753 1.64131045341492 1.60755956172943 1.67740452289581 1.61833882331848 1.45028293132782 1.302570104599 1.11859476566315 0.925881266593933 0.75499039888382 0.622539162635803 0.580155968666077 1.38989734649658 1.81777167320251 1.27990674972534 0.891416072845459 0.822705864906311 0.393614590167999 0.28483173251152 0.0611672401428223 -0.0511825196444988 -0.120138213038445 -0.224573716521263 -0.331487685441971 -0.314489334821701 -0.301398277282715 -0.34618803858757 -0.278446674346924 -0.276762545108795 -0.284823536872864 -0.274656921625137 -0.251493602991104 -0.212076142430305 -0.229956790804863 -0.233864322304726 -0.24483522772789 -0.15384466946125 -0.160687878727913 -0.171833336353302 -0.202391177415848 -0.256669640541077
1.67035961151123 1.63569474220276 1.60081040859222 1.57719194889069 1.56268954277039 1.53005361557007 1.54562056064606 1.5671249628067 1.50263166427612 1.35145390033722 1.17173767089844 0.9952632188797 0.841559708118439 0.706541180610657 0.561489164829254 0.442821890115738 0.397655725479126 0.417600899934769 0.016935596242547 0.0769338756799698 0.224673926830292 0.0447959080338478 -0.042696624994278 -0.202727630734444 -0.315768241882324 -0.390362650156021 -0.452863842248917 -0.540847659111023 -0.573918700218201 -0.503544449806213 -0.555647850036621 -0.484204649925232 -0.453740268945694 -0.492939084768295 -0.441632747650146 -0.438981533050537 -0.412689715623856 -0.387761831283569 -0.37713548541069 -0.344278484582901 -0.346917003393173 -0.3315190076828 -0.310122668743134 -0.216749459505081 -0.263884514570236
1.6525651216507 1.61363279819489 1.57801175117493 1.55187404155731 1.52019834518433 1.48925614356995 1.47500681877136 1.46250951290131 1.36053597927094 1.19887602329254 1.02140855789185 0.854685842990875 0.714510500431061 0.597881972789764 0.472231209278107 0.458957463502884 0.393084138631821 0.379233807325363 -0.0214984472841024 -0.033753402531147 -0.100770898163319 -0.208952739834785 -0.301983863115311 -0.395801514387131 -0.474951654672623 -0.522624015808105 -0.60309773683548 -0.650481343269348 -0.697075963020325 -0.742729425430298 -0.77629554271698 -0.731970906257629 -0.643481910228729 -0.682836472988129 -0.623793482780457 -0.614039063453674 -0.636300623416901 -0.571720063686371 -0.560474991798401 -0.477227956056595 -0.478221952915192 -0.442280203104019 -0.403950989246368 -0.401628136634827 -0.412575781345367
1.60193181037903 1.56571161746979 1.51930904388428 1.53245115280151 1.50334012508392 1.47365701198578 1.45345962047577 1.4125554561615 1.25303983688354 1.09876453876495 0.907674849033356 0.7443528175354 0.59863555431366 0.542532861232758 0.518324255943298 0.50229674577713 0.44487076997757 1.09458220005035 0.730707287788391 0.164615541696548 -0.0303022507578135 -0.155771389603615 -0.274043828248978 -0.364511013031006 -0.449586451053619 -0.504997491836548 -0.579984605312347 -0.633543610572815 -0.690877079963684 -0.74417632818222 -0.778391659259796 -0.828239440917969 -0.851357460021973 -0.890553712844849 -0.852670967578888 -0.807530462741852 -0.845089435577393 -0.762889623641968 -0.511198759078979 -0.570547819137573 -0.612067520618439 -0.599468111991882 -0.570617258548737 -0.537065327167511 -0.510051488876343
1.64425253868103 1.49333894252777 1.52224242687225 1.48876368999481 1.46117269992828 1.41915690898895 1.43514728546143 1.36401283740997 1.2118353843689 1.00258684158325 0.809710800647736 0.654708385467529 0.599625408649445 0.564296722412109 0.534801065921783 0.531233429908752 0.506597757339478 0.588610053062439 0.661171495914459 0.406416386365891 0.0711328312754631 -0.070145919919014 -0.223472535610199 -0.327958941459656 -0.42542564868927 -0.507893145084381 -0.557083964347839 -0.62606543302536 -0.688329935073853 -0.732946157455444 -0.778994619846344 -0.816416323184967 -0.864225268363953 -0.907042026519775 -0.966047525405884 -1.0083075761795 -1.05075633525848 -0.978806138038635 -0.643690943717957 -0.253002226352692 -0.782309114933014 -0.658933937549591 -0.740674018859863 -0.683931171894073 -0.677775263786316
2.40584111213684 2.15504169464111 1.66854822635651 1.51696360111237 1.38834154605865 1.42120051383972 1.38056683540344 1.28695023059845 1.16997516155243 0.920744657516479 0.753436088562012 0.60481595993042 0.575944006443024 0.571362257003784 0.550481915473938 0.539651036262512 0.529820203781128 0.378178775310516 0.314347058534622 0.192600905895233 0.164898216724396 0.000851170218084008 -0.138924211263657 -0.286100417375565 -0.400368958711624 -0.474274426698685 -0.550717175006866 -0.6305872797966 -0.693087339401245 -0.733193814754486 -0.772564470767975 -0.693421602249146 -0.846699774265289 -0.913905560970306 -0.975741803646088 -1.03243231773376 -1.09632241725922 -1.13815486431122 -0.518629431724548 -0.454662501811981 -0.667934894561768 -0.720123589038849 -0.905525743961334 -0.843285381793976 -0.830630421638489
2.82666540145874 2.76561117172241 2.27378559112549 2.2308497428894 1.98890256881714 1.53476548194885 1.40367567539215 1.29130601882935 1.16449558734894 0.933220386505127 0.764512240886688 0.640131175518036 0.546426832675934 0.558778405189514 0.542415142059326 0.525994956493378 0.528277337551117 0.138096824288368 0.163045510649681 0.24054579436779 0.153548762202263 0.033105157315731 -0.0764861702919006 -0.227630645036697 -0.362707674503326 -0.458461344242096 -0.536367177963257 -0.632544219493866 -0.69523823261261 -0.74321836233139 -0.768669605255127 -0.798543691635132 -0.851262152194977 -0.930612206459045 -0.995977222919464 -1.0587249994278 -1.14509642124176 -1.17876851558685 -0.53294426202774 -0.429242044687271 -0.736636281013489 -0.625224351882935 -1.10476934909821 -0.82725602388382 -0.981657803058624
2.96337914466858 2.88614773750305 2.66043329238892 2.61332130432129 2.56549692153931 2.11492109298706 2.0690290927887 1.84247386455536 1.42017209529877 1.30514812469482 1.16511225700378 0.937640130519867 0.76221239566803 0.53320449590683 0.511055648326874 0.505257129669189 0.518055498600006 0.161656901240349 0.168122142553329 0.182698339223862 0.0949061363935471 0.0613596998155117 0.0043357009999454 -0.169048324227333 -0.323007136583328 -0.429445803165436 -0.522788822650909 -0.621129512786865 -0.702099621295929 -0.757983207702637 -0.7843297123909 -0.829104959964752 -0.886198937892914 -0.9450643658638 -1.04220020771027 -1.11583340167999 -1.18206346035004 -1.22750997543335 -0.58060085773468 -0.146397963166237 -0.265023112297058 -0.511854410171509 -1.29623413085938 -0.387129217386246 -1.08798670768738
3.07221746444702 2.99266266822815 2.7850935459137 2.72517871856689 2.67471170425415 2.47854280471802 2.4393937587738 2.38926076889038 1.96837317943573 1.92570722103119 1.71654856204987 1.32547318935394 1.03044104576111 0.742972850799561 0.572591841220856 0.482659846544266 0.495558679103851 0.197669863700867 0.169501528143883 0.156824186444283 0.134237423539162 0.101886391639709 0.0603957325220108 -0.103459849953651 -0.252807766199112 -0.371246099472046 -0.49908173084259 -0.588373303413391 -0.688724517822266 -0.759984910488129 -0.807756006717682 -0.863003313541412 -0.91805899143219 -0.955148339271545 -1.06089544296265 -1.18145263195038 -1.22541666030884 -1.27204835414886 -0.957967698574066 -0.0522099509835243 -0.213674649596214 -0.409408241510391 -1.11977434158325 -0.854407012462616 -0.846950054168701
