slauniainen/Data/DEM/Vihti_twi_16m.asc
ncols         196
nrows         178
xllcorner     353680
yllcorner     6699024
cellsize      16
NODATA_value  -9999
[rows 90 to 119 of 178, columns 68 to 135 of 196]
-9999 -9999 -9999 -9999 -9999 -9999 -9999 -9999 -9999 -9999 -9999 -9999 4.977268 5.348252 5.952438 7.862603 5.825987 5.770989 6.536619 5.387733 5.401081 6.448338 9.510526 12.41321 11.72598 10.39141 8.808123 8.186806 8.21844 9.153593 16.39034 8.265052 9.547679 7.132634 4.827845 3.826952 3.544854 4.351208 4.404643 4.703025 4.114833 5.079932 5.395069 5.290794 5.877237 6.886278 7.668209 7.456048 11.38456 9.332833 8.311208 8.21368 8.129842 7.719715 7.390589 7.603904 9.184101 9.293722 8.320849 7.172541 5.876799 5.495668 5.868115 8.906672 8.735073 6.437819 6.235974 7.220908
-9999 -9999 -9999 -9999 -9999 -9999 -9999 -9999 -9999 -9999 -9999 -9999 5.722138 5.01909 5.317934 7.612105 6.12113 6.03914 7.091503 5.678442 5.461649 5.96002 7.879623 10.51962 12.18201 10.83352 8.307363 9.054431 9.265794 8.831468 8.171092 17.38604 10.02785 7.641616 5.324925 3.998674 3.680536 4.015733 4.607716 4.932218 4.637752 4.895122 5.387024 4.776035 5.345776 5.871571 6.551338 7.216646 8.238696 8.613462 11.32628 10.78168 9.550494 7.562191 5.766019 4.733011 5.64093 6.27834 6.6224 6.331347 5.185533 4.740904 4.891278 6.004489 9.329898 7.754994 6.601487 7.155447
-9999 -9999 -9999 -9999 -9999 -9999 -9999 -9999 -9999 -9999 -9999 -9999 -9999 5.541593 5.75909 7.152566 6.437889 6.074409 5.706368 6.051435 5.224897 5.570169 6.598295 8.952756 12.13431 11.54687 9.271389 9.109898 8.701224 8.554873 10.90636 16.8274 9.052634 8.988427 6.045431 4.480581 3.795486 3.897507 4.637755 5.756618 4.902276 5.322866 4.757411 4.835689 5.222991 5.392007 5.935534 6.584899 6.635532 5.94569 6.743753 10.74697 9.085472 6.833041 5.255234 4.441728 5.58852 5.536694 5.286241 6.447812 5.6005 5.542202 5.611327 5.834155 8.427423 9.1923 7.192356 6.96992
-9999 -9999 -9999 -9999 -9999 -9999 -9999 -9999 -9999 -9999 -9999 -9999 -9999 5.314981 5.685717 6.964681 7.613906 6.414122 6.220778 5.993075 6.071712 5.477402 6.812976 8.835607 12.71612 9.098809 8.340545 8.540224 8.559919 11.11612 10.99103 12.05155 17.97724 10.32924 6.800594 4.855909 4.120126 4.117264 4.100131 5.175915 6.119723 5.088869 4.489208 5.051443 5.190656 5.346418 5.754462 6.905398 4.888252 4.765481 5.533799 6.101635 12.22686 7.343948 6.277339 5.810223 5.252574 5.501824 4.918167 5.250716 6.337935 6.519838 6.829861 7.246615 8.117112 9.503761 10.21064 9.479415
-9999 -9999 -9999 -9999 -9999 -9999 -9999 -9999 -9999 -9999 -9999 -9999 -9999 6.274669 6.750326 6.552263 6.333453 6.548686 6.443025 6.758753 6.568416 6.788714 7.949176 13.16421 9.662243 8.280937 8.469851 8.140141 11.85306 11.06555 12.99024 13.38265 17.3038 8.442754 7.701323 5.447165 4.466902 4.355205 4.731515 4.528204 5.23153 8.935701 4.948068 4.493518 5.152996 6.138921 6.667945 6.979771 7.645771 5.534941 5.360177 5.970833 10.85646 7.050086 6.179338 5.471359 5.07588 5.090345 4.843315 4.985902 5.656738 6.681431 7.317633 7.936357 7.856811 7.003867 7.003919 9.507401
-9999 -9999 -9999 -9999 -9999 -9999 -9999 -9999 -9999 -9999 -9999 -9999 -9999 6.902117 7.568796 6.2072 5.775429 6.040573 6.629843 7.673933 8.657013 9.520967 13.19242 9.574775 8.651132 9.015787 11.88704 13.39532 8.097038 13.52481 12.50005 11.91101 9.019596 17.13078 8.673428 5.96965 4.686683 4.252262 4.51272 4.953485 5.321627 4.970195 5.326315 4.635592 4.852758 5.446684 6.111913 5.88889 5.508098 5.219492 4.995342 5.321844 9.909885 7.226375 6.001619 5.50986 4.835083 4.932861 4.785851 5.007264 5.59363 6.441307 7.523851 8.046159 6.442404 6.079853 5.861128 5.599043
-9999 -9999 -9999 -9999 -9999 -9999 -9999 -9999 -9999 -9999 -9999 -9999 -9999 6.415875 7.901503 6.963118 5.781227 5.827137 6.399332 7.729608 9.656631 13.65983 9.437782 8.792573 9.201502 9.327604 12.99961 14.94217 14.79365 8.157832 9.405423 8.771924 9.821586 17.3242 8.006828 6.863734 5.11277 4.321635 4.416946 5.060044 5.13008 4.729918 5.104157 4.616727 4.393979 4.957154 5.415158 6.082293 5.758636 5.885232 5.440366 4.958537 5.608709 9.269238 5.435735 5.099393 4.810153 4.733918 4.943321 5.115503 5.518857 6.239998 7.550798 7.531094 6.948194 6.48015 6.382126 6.144279
-9999 -9999 -9999 -9999 -9999 -9999 -9999 -9999 -9999 -9999 -9999 -9999 5.513399 6.03458 6.676105 7.91692 6.749852 6.717327 6.460505 9.034993 13.55784 9.766446 8.976265 9.358037 9.848483 15.0917 14.75774 8.405308 8.830894 10.57925 8.60936 9.047147 9.524039 8.762808 17.26009 8.536353 5.94209 4.873789 4.559479 4.756588 4.439303 4.939152 4.857535 4.389934 4.535615 4.679621 5.166022 5.598711 5.964771 5.980169 6.044446 5.044091 4.970703 7.992583 7.862912 5.072066 4.637578 4.577495 5.065176 4.813454 5.33574 6.191684 7.581123 7.742348 5.654686 6.267634 6.242874 6.465348
-9999 -9999 -9999 -9999 -9999 -9999 -9999 -9999 -9999 -9999 -9999 -9999 5.43206 6.153218 7.005986 8.375412 8.859112 9.510701 10.1897 12.71799 10.38429 9.849371 11.61891 9.911378 15.10358 13.9266 8.465908 8.326484 10.05547 9.370373 9.83367 9.343537 8.329783 9.47967 16.90104 9.682346 6.701202 5.299619 4.6566 4.076803 4.21736 4.996732 5.13951 4.61086 4.620166 4.764005 4.958566 5.476344 5.864621 5.845245 6.36086 5.025826 5.110847 7.760488 7.745181 4.879835 4.443032 4.360014 4.388979 4.747698 4.807648 5.504301 6.359331 6.806374 6.927948 6.319676 6.587587 6.415374
-9999 -9999 -9999 -9999 -9999 -9999 -9999 -9999 -9999 -9999 -9999 4.947468 5.109815 5.738613 6.364126 7.21953 9.131072 11.88946 14.76491 10.66316 9.875146 11.63511 10.00365 10.21982 15.18605 8.685143 9.079545 9.641681 9.010556 9.346546 9.895803 8.718279 9.473389 9.115822 16.19587 8.807473 7.368332 5.532858 4.404151 4.575556 4.76674 5.332325 5.49028 5.27216 5.015946 4.931026 5.009043 5.35375 5.828989 5.666624 6.46664 5.671243 5.538842 8.563893 6.846862 4.221356 4.379661 4.150136 4.443531 4.717189 5.212212 6.422338 5.581874 5.493859 6.267874 6.730775 6.677394 6.809383
-9999 -9999 -9999 -9999 -9999 -9999 -9999 -9999 -9999 -9999 -9999 5.019313 5.222049 5.24225 5.62033 6.474463 8.983271 9.427667 13.00177 10.54495 9.789977 15.88196 17.06412 15.21408 8.690287 9.386972 8.790272 8.065678 8.168328 10.01505 8.69908 10.26997 9.106692 7.856315 8.004163 16.66764 7.367879 7.037006 6.063099 5.8994 5.253829 5.618574 6.196441 5.7082 5.50312 5.303318 5.285001 5.159765 5.943876 6.230297 6.825504 6.798675 7.229136 9.531909 6.591715 4.21981 4.308494 4.356617 4.995592 5.231884 5.276976 6.273048 5.017992 4.943038 5.396606 6.135905 6.604632 6.991614
-9999 -9999 -9999 -9999 -9999 -9999 -9999 -9999 -9999 -9999 -9999 5.285832 5.31053 4.555375 5.45237 6.223743 8.187025 8.774649 12.09913 10.16246 9.868144 15.79079 11.14732 10.52704 8.248606 9.058793 8.006232 7.964415 9.64715 8.242656 8.222177 10.92418 8.688576 8.466627 10.08483 14.02165 17.48364 6.97931 6.985298 5.342677 5.572886 5.807739 6.450152 5.841524 5.792369 5.787272 5.67674 5.436511 6.339262 7.333873 8.111332 8.696867 10.10727 11.17162 7.435471 5.219671 5.145321 5.771662 5.431997 4.932568 5.9434 5.967957 5.199146 5.052182 4.806877 5.592016 6.026937 6.431473
-9999 -9999 -9999 -9999 -9999 -9999 -9999 -9999 -9999 -9999 5.391459 4.920418 5.810657 5.89999 5.319276 5.80723 7.054441 7.716483 11.68271 10.53053 17.00794 9.203395 9.569056 10.53304 8.28392 8.976123 9.631467 8.745809 8.961826 8.270848 9.794776 9.807111 10.1087 11.28898 8.142958 13.98716 13.92976 16.57782 6.256039 6.194582 5.819027 5.933054 5.719451 5.534893 6.113525 6.048516 6.450915 6.435329 7.496443 9.066372 10.75523 10.63682 13.18581 8.245173 7.437906 7.783387 8.25919 7.057022 5.302227 4.232584 6.242468 6.125239 5.434855 5.03969 5.136067 5.362186 5.810808 6.178781
-9999 -9999 -9999 -9999 -9999 -9999 -9999 -9999 -9999 -9999 5.930347 5.38291 5.890009 5.802114 5.579059 5.734344 6.672976 8.778231 9.888636 10.62271 18.12974 9.4809 9.034341 8.643157 10.56904 11.47355 9.690346 10.07222 9.122603 9.1062 9.067682 9.744948 12.32615 9.580535 14.56457 14.38303 9.054018 8.485822 17.02994 14.311 6.684514 6.173929 5.57089 5.74339 6.590168 6.689693 7.627031 8.522377 8.832692 10.90353 11.55316 10.56294 13.14603 8.756427 9.795762 11.27277 10.10699 6.02914 6.314263 5.598631 6.94689 6.171057 5.536301 5.378741 5.541194 5.602128 5.710951 5.970877
-9999 -9999 -9999 -9999 -9999 -9999 -9999 -9999 -9999 -9999 -9999 4.963846 5.699955 5.622737 5.504909 5.708649 6.630712 8.806445 11.02031 11.75339 16.227 9.236698 9.174618 9.107946 8.393327 9.632972 11.35044 9.908545 9.19828 9.346366 9.819253 9.591136 11.35388 16.29558 16.26799 9.848295 8.564116 8.926661 9.550018 9.798737 15.06442 14.04823 6.49385 6.85585 7.840017 8.055301 9.647446 11.00211 10.55162 11.44682 12.70964 13.80546 12.77746 10.2378 11.51986 9.956649 10.75448 9.782576 7.959475 7.760401 8.131531 7.131034 5.844595 5.773014 6.142929 6.101425 5.873914 6.071302
-9999 -9999 -9999 -9999 -9999 -9999 -9999 -9999 -9999 -9999 -9999 4.96242 5.585732 5.936905 5.758714 6.011869 6.983587 8.629832 10.1408 15.1597 13.70285 14.55534 11.13973 9.507608 8.309445 9.358915 9.461942 9.343617 8.920186 9.256979 10.36177 11.32049 13.1808 16.04849 10.36218 8.845315 9.127267 8.792275 9.93035 10.83411 10.10673 8.978685 17.04037 16.71549 8.955177 12.14063 12.71823 11.04781 10.03237 12.20102 13.89861 12.90356 12.96311 11.66515 11.01731 10.874 10.5254 10.11608 9.781733 9.124998 8.571948 9.33028 7.156701 6.218683 6.723121 6.768424 6.40447 6.00292
-9999 -9999 -9999 -9999 -9999 -9999 -9999 -9999 -9999 -9999 -9999 5.104215 5.563124 6.05166 6.26992 6.627234 7.797992 7.917535 9.517648 15.32911 9.622763 9.873557 13.73029 9.809364 9.232712 8.44457 8.863258 9.697965 8.851286 9.586562 10.83282 13.86353 16.58475 8.658794 9.725914 9.133572 8.997491 10.39876 11.76656 10.36521 8.484929 11.02918 10.77014 8.568598 16.85613 16.89748 17.20414 9.694401 10.86649 12.686 13.76288 13.23746 13.63163 11.43817 10.51684 10.58395 10.65908 10.28487 10.43625 9.871073 8.910065 10.5869 9.693959 7.650094 7.824021 7.809072 7.314288 6.658687
-9999 -9999 -9999 -9999 -9999 -9999 -9999 -9999 -9999 -9999 -9999 5.540405 5.608343 5.908124 6.477713 7.388819 9.482187 9.023393 15.02534 9.75586 9.718223 9.265824 12.67952 13.32525 9.385713 10.97821 8.490458 9.514549 9.821478 10.61828 13.6784 15.87302 16.96635 9.733051 8.97967 9.509365 10.18716 9.057753 13.54713 10.03041 11.48415 11.32572 8.987612 9.356636 12.42641 8.601162 8.374491 16.88649 17.41253 18.22071 17.60123 18.21108 18.14361 9.859416 10.94662 10.9436 11.01684 11.03156 12.28105 10.67392 10.10539 12.01674 12.93623 11.77048 12.21728 10.91154 9.256872 8.305292
-9999 -9999 -9999 -9999 -9999 -9999 -9999 -9999 -9999 -9999 6.15915 6.128613 5.906047 5.877976 6.440825 7.583801 11.01348 9.593054 14.40111 14.55594 10.02803 10.0081 12.76518 11.933 12.73995 9.076454 10.81447 9.373009 10.13338 8.93636 14.73489 15.43207 9.242769 16.01732 9.411094 8.399793 8.716158 10.2638 13.17354 10.82983 13.66566 9.632476 9.454535 8.575809 12.80577 8.521148 14.47424 12.89273 9.584676 10.36611 10.98703 10.92048 10.09594 19.02905 18.41957 18.27245 18.24648 19.1619 19.20634 12.15309 11.8519 12.57631 13.48331 11.24134 11.03143 11.53217 9.129821 10.17395
-9999 -9999 -9999 -9999 -9999 -9999 -9999 -9999 -9999 -9999 5.764925 5.557881 5.953452 6.243362 6.660019 7.845199 12.40768 10.41601 14.96616 12.97226 9.824686 10.45166 12.85412 12.68971 8.590004 8.036007 8.512456 8.716373 9.168639 9.378704 16.16462 8.777136 9.204221 14.85285 9.039704 9.014684 7.936278 9.182799 11.92472 9.962492 12.74391 8.588954 9.319663 9.194263 13.58221 15.22575 14.12915 9.673631 9.039696 9.61583 10.1157 9.600515 10.6451 13.77841 11.56387 11.12741 11.18601 11.3221 9.635242 17.43108 17.43412 17.27704 17.07886 16.64439 16.69228 17.52456 18.31977 18.32032
-9999 -9999 -9999 -9999 -9999 -9999 -9999 -9999 -9999 -9999 5.932804 5.07375 5.516475 6.159976 6.999788 8.351296 12.06412 16.29005 9.979951 9.717208 12.46993 9.546662 11.9495 12.29749 8.625348 7.825479 8.067996 8.053695 8.327846 9.166997 17.25031 9.670762 14.33731 9.266135 12.02174 9.413396 8.564698 8.690603 11.16236 9.846624 12.89168 8.664131 9.852191 9.497416 14.80254 14.79125 9.852589 9.274726 8.93795 9.085835 9.360251 10.15242 11.66282 13.49655 10.51352 10.48255 10.20465 9.210803 8.053509 9.361611 9.865481 12.17579 10.09494 11.46173 10.51365 10.57643 12.15519 14.19037
-9999 -9999 -9999 -9999 -9999 -9999 -9999 -9999 7.194878 5.848141 5.46893 5.385589 5.792967 6.619497 8.055158 11.0196 12.88866 11.19138 11.96205 8.65542 10.84715 11.22472 11.15349 9.644111 11.6674 8.118537 8.500728 8.496618 8.488818 11.19329 16.60771 15.10286 9.085467 9.727772 10.24838 11.29212 9.511909 10.10327 10.45729 10.12185 12.60885 10.25592 9.57737 11.43068 17.70278 10.17922 10.00746 9.197339 9.016672 8.596283 9.782498 8.61135 11.83887 13.43866 10.70831 10.52937 8.834614 5.747198 5.750647 7.871456 9.248405 12.18718 10.32447 11.49315 11.25633 10.53999 11.21774 13.65129
-9999 -9999 -9999 -9999 -9999 -9999 -9999 8.423188 9.24886 8.282777 5.843249 5.568823 6.708591 7.817096 8.628539 10.62728 10.88545 8.695037 7.919004 7.6768 8.373517 9.018944 8.993032 9.567703 10.66586 10.94485 8.834759 10.26827 10.94798 9.379252 9.594109 16.37935 9.088739 9.567739 9.443338 10.04862 10.83895 9.674666 8.329502 10.18288 11.61202 9.817211 10.13632 12.29865 12.03042 16.71335 12.64786 10.23201 10.37263 10.06314 8.759706 9.388444 11.96199 13.83577 9.497321 9.283299 7.956789 5.241276 5.313503 6.845024 9.190028 12.83936 10.66271 11.44586 11.86571 10.88833 12.2185 13.94957
-9999 -9999 -9999 -9999 -9999 -9999 -9999 7.955518 8.206817 9.112667 8.981635 8.325577 8.071771 8.219334 9.240173 10.69403 8.793691 6.877892 6.382355 6.403972 7.103373 7.333983 7.472191 7.58143 7.092134 9.31934 9.001234 9.178066 8.805637 9.280499 12.67033 16.38353 9.468544 9.104095 9.004156 9.189658 11.19331 9.255854 8.827044 9.691439 8.922418 11.25491 11.60853 10.9122 16.24749 14.83881 15.22608 13.94317 9.747719 9.771781 10.00092 9.5551 11.99644 12.27462 14.82013 8.846152 6.045567 5.284124 5.326695 5.920408 11.08377 12.32731 10.9042 11.43168 11.36856 11.14166 12.41451 14.2027
-9999 -9999 -9999 -9999 -9999 -9999 -9999 6.440175 6.824006 6.747576 6.602309 6.526515 6.63008 7.465366 10.18197 9.976045 6.963449 6.204606 5.875078 6.119525 6.670057 6.674083 6.766333 6.676841 5.70042 6.414944 9.434835 8.890698 8.79184 9.580578 9.661038 9.581788 17.85482 9.696799 8.704176 9.79803 9.193215 8.92057 9.530299 9.922865 8.80989 9.108271 9.750505 10.16949 15.23371 15.16418 9.526194 10.24038 14.71827 13.9572 10.10245 9.444123 12.63281 9.374781 12.63583 8.234024 5.371624 5.81463 5.138905 6.077842 11.24398 10.69597 10.06766 11.14345 9.519627 11.74107 11.79837 13.44841
-9999 -9999 -9999 -9999 -9999 -9999 -9999 5.215957 5.848443 6.207352 5.807041 6.053528 6.40761 8.584188 10.23562 8.748797 6.429184 5.980328 5.905129 6.383865 6.714242 6.495012 6.551777 6.126531 5.941453 6.122166 8.876219 8.568541 8.478049 8.212085 9.030066 9.470631 20.26617 9.289419 10.55771 9.047686 8.569696 8.840899 10.7306 11.94874 10.26354 8.99568 8.298001 9.083329 15.18939 14.45137 9.417576 10.19465 9.812644 9.558704 14.10106 12.84216 9.669832 10.97392 10.10523 7.348513 4.876879 5.952223 6.061937 8.514011 9.136491 9.340946 8.951262 9.624157 9.890857 11.11839 11.17164 12.14726
-9999 -9999 -9999 -9999 -9999 -9999 -9999 4.446553 4.960373 5.61482 5.581587 5.972538 6.207334 9.594436 9.736318 6.192719 5.85589 5.485832 6.029296 6.603976 6.695797 6.53998 6.358783 6.639832 6.399528 6.841 8.446364 10.01056 8.937774 8.42016 9.851329 9.9109 16.50063 17.23758 10.29504 9.382985 9.149089 10.06193 8.433988 9.284221 11.93806 9.928868 10.22291 8.637641 14.65056 15.26145 9.178399 9.079908 8.639007 8.513596 11.7297 10.96324 7.706069 8.29919 8.607588 6.605592 4.944357 5.25584 6.075557 7.689635 7.676779 7.733334 7.408373 8.143373 8.967158 9.291115 10.46272 10.82594
-9999 -9999 -9999 -9999 -9999 -9999 -9999 4.356155 4.440033 5.254023 5.312767 5.463984 6.43549 10.34541 5.790768 5.380141 5.309825 5.583737 6.042654 6.579724 6.664538 6.350792 6.69313 5.62879 5.760635 6.861581 9.267999 12.72363 12.63331 12.68533 13.84681 14.19212 15.39607 14.43361 16.12631 8.993851 9.950034 9.260386 8.018661 9.007779 9.253601 12.39079 13.99799 12.59606 12.47695 15.52559 9.341918 8.244219 8.631629 7.984102 10.59174 6.531112 6.158895 7.099565 7.935877 6.350574 5.110038 5.152308 5.800758 6.920105 6.2068 6.066108 5.638785 6.188545 6.940097 7.719646 8.715673 9.3147
-9999 -9999 -9999 -9999 -9999 -9999 -9999 5.221535 5.110024 4.990483 5.321805 6.250239 6.244626 10.41805 4.83351 4.620198 5.015985 5.514894 6.260449 6.904118 6.18892 6.584177 6.612708 6.61316 6.657577 7.437861 9.838408 11.81963 9.229418 10.19602 11.68823 9.501945 15.7979 16.01704 16.07659 8.722133 8.920512 8.607968 8.797392 9.169088 8.847079 9.454131 9.342743 9.806896 10.53475 10.60458 14.44838 8.419796 8.678323 10.60394 5.581554 5.373433 5.048368 6.034704 7.869269 6.247348 5.199749 4.871312 5.287704 6.124938 5.189951 4.309368 4.189233 4.259342 5.059948 5.763028 6.825829 8.138535
-9999 -9999 -9999 -9999 -9999 -9999 4.952275 5.074418 4.802727 5.298582 5.628892 5.885202 6.241649 10.29503 5.204597 4.233006 4.824318 5.463042 5.840772 6.437123 6.327681 5.9506 5.649145 5.864171 6.285022 7.128771 10.56525 9.232404 9.19942 11.03514 9.262929 11.38351 16.59776 16.12434 13.85951 8.773642 8.249295 8.650681 9.950162 8.410271 9.066604 9.155612 8.63226 9.84487 9.815127 10.05943 8.68239 14.34935 10.81732 6.363596 4.901247 4.423791 4.755745 4.686215 7.832604 6.142837 5.17355 4.594011 4.595999 5.629941 4.805482 3.314551 3.345273 3.605919 4.211256 4.86265 5.619647 6.771146
