slauniainen/Data/DEM/Vihti_dem1500b_cl_horizonAngle_138.asc
NCOLS 196 
NROWS 178 
XLLCORNER 353680 
YLLCORNER 6699024 
CELLSIZE 16 
NODATA_value -3.4e+38 
[rows 80 to 99 of 178, columns 90 to 134 of 196]
1.9091944694519 3.38647961616516 4.54355239868164 5.28518676757812 6.28006839752197 7.1851601600647 7.58828353881836 7.37604236602783 6.54221439361572 5.3377833366394 3.6068696975708 2.52324509620667 1.75379407405853 1.33917856216431 1.19948577880859 0.838111519813538 0.343877196311951 -0.0543649010360241 0.229197859764099 0.675771176815033 0.970811426639557 1.68691718578339 2.44574546813965 3.85900139808655 7.25448942184448 9.26610469818115 9.96298313140869 9.32983112335205 7.85809564590454 6.64509677886963 4.97808504104614 4.30026531219482 5.23324394226074 7.09683227539062 0.444050580263138 -1.80960297584534 -1.77569818496704 -1.60584712028503 -1.41165113449097 -1.24219417572021 -0.872859597206116 -0.484780758619308 -0.0401691533625126 0.268499314785004 0.658750712871552
0.976198852062225 2.53596806526184 4.07817840576172 4.86197996139526 5.71112585067749 6.86038684844971 7.81784057617188 8.29517078399658 7.50626611709595 6.62783002853394 5.72399187088013 4.38520574569702 3.66433143615723 2.85354328155518 2.26240587234497 2.09235835075378 1.64512836933136 1.15121722221375 1.19252562522888 1.14605021476746 1.32408821582794 1.95665192604065 3.60703444480896 4.45048904418945 5.47872495651245 8.91622924804688 10.9600744247437 11.1510820388794 11.2259864807129 10.3852729797363 8.32129001617432 5.7397403717041 4.73870468139648 4.24927854537964 -1.4760023355484 -1.53370189666748 -1.42981123924255 -1.24473011493683 -1.01166963577271 -0.809738993644714 -0.490805745124817 -0.0727084130048752 0.338712424039841 0.627756416797638 0.844737231731415
0.557858407497406 1.37072455883026 3.34502243995667 4.35682964324951 5.23843812942505 6.22038221359253 7.52818393707275 8.55331516265869 8.66366863250732 7.66123723983765 7.21213483810425 6.77826261520386 5.56160593032837 4.93673467636108 3.9208869934082 2.95919942855835 2.76915740966797 2.33363389968872 2.20145535469055 2.3389744758606 2.10771870613098 2.16877913475037 3.28491282463074 5.0811243057251 5.88538789749146 6.82582664489746 10.3341131210327 13.1727685928345 16.1483306884766 15.7853374481201 14.3321714401245 10.7028226852417 5.8651180267334 2.05204224586487 -1.27026700973511 -1.2077602148056 -1.09361577033997 -0.889972627162933 -0.628725290298462 -0.403273820877075 -0.0883011072874069 0.422696024179459 0.621325016021729 0.866369605064392 1.04161429405212
0.632673978805542 0.710714757442474 2.13600587844849 3.57042050361633 4.69006872177124 5.69345140457153 6.77881669998169 8.28114223480225 9.51220607757568 9.49400234222412 8.92879867553711 8.8266544342041 8.4744930267334 6.97422885894775 5.99918270111084 4.55071544647217 3.50250363349915 3.20787596702576 2.80997896194458 2.84814453125 3.05126214027405 2.89950466156006 2.96675419807434 4.17258834838867 6.67555904388428 7.86927080154419 8.19712734222412 12.4147872924805 19.7540817260742 13.3609781265259 12.1436948776245 7.36380767822266 0.84596198797226 -1.2212735414505 -1.07861804962158 -0.98486202955246 -0.892238438129425 -0.597366571426392 -0.291638404130936 0.0313415750861168 0.382557094097137 0.75633293390274 0.957218885421753 1.12825918197632 1.19742155075073
0.917108833789825 1.01289117336273 1.2014057636261 2.27292466163635 3.83320188522339 5.0874195098877 6.24758243560791 7.47494411468506 9.29742050170898 10.7897253036499 11.4242753982544 11.4535713195801 10.9443874359131 10.5799465179443 8.55342483520508 7.04482889175415 5.43855476379395 4.31811475753784 3.79703068733215 3.6424560546875 3.6784520149231 3.51905870437622 3.30778789520264 3.48437070846558 4.91302061080933 8.32066535949707 9.95323276519775 8.26149272918701 16.2179279327393 8.06353092193604 2.07025551795959 -0.464585036039352 -1.49518048763275 -1.19565916061401 -0.909130454063416 -0.765761435031891 -0.665233314037323 -0.419233292341232 -0.0403189398348331 0.395681202411652 0.763161957263947 1.08001267910004 1.28780829906464 1.38967740535736 1.44211208820343
1.22657239437103 1.34646546840668 1.56642603874207 1.80253839492798 2.44107413291931 4.17669057846069 5.60372924804688 6.8454852104187 8.36515998840332 10.7694511413574 12.4360055923462 13.2873773574829 12.9520435333252 12.2751741409302 10.9744920730591 8.60181617736816 7.73161697387695 7.72944784164429 4.85113000869751 4.73698759078979 4.07551670074463 4.0308518409729 4.03222799301147 3.61863684654236 4.16256237030029 7.03404521942139 9.63270378112793 5.39522075653076 3.86708998680115 -1.09741258621216 -1.42445778846741 -1.45780003070831 -1.42533457279205 -1.10051548480988 -0.718331038951874 -0.466152667999268 -0.282375514507294 -0.0928436443209648 0.264439046382904 0.719701945781708 1.07914757728577 1.35635125637054 1.44935178756714 1.42444252967834 1.58945798873901
1.57033336162567 1.67734694480896 1.92062473297119 2.17993426322937 2.58686828613281 2.77300000190735 4.57623863220215 6.17232704162598 7.56600046157837 10.7920703887939 13.76389503479 15.2002010345459 15.8519906997681 15.3491687774658 12.6283645629883 9.36474895477295 7.80017709732056 6.92558336257935 5.35149717330933 4.46355962753296 4.12309503555298 4.26598024368286 4.36328506469727 4.31305408477783 4.00903749465942 4.97574281692505 5.02495718002319 1.53234386444092 1.15185248851776 0.262972891330719 -0.854425668716431 -0.861214101314545 -0.876167953014374 -0.761637330055237 -0.466678619384766 -0.169729560613632 0.125950843095779 0.498346894979477 0.770764589309692 1.06532955169678 1.33068692684174 1.50668919086456 1.48237872123718 1.52047312259674 1.57134282588959
1.8422327041626 1.96549761295319 2.33845686912537 2.68625378608704 2.98172044754028 3.21340537071228 3.30803513526917 5.06993103027344 6.82475185394287 9.45736980438232 13.5441484451294 17.2181968688965 20.5903205871582 19.484691619873 16.7101535797119 13.1693801879883 9.92823886871338 7.51694107055664 5.81260871887207 4.70190000534058 4.25518560409546 4.39139175415039 4.63211536407471 4.69083976745605 4.90858125686646 3.88844537734985 1.97168827056885 1.93730115890503 1.88594901561737 1.921839594841 1.35442042350769 0.496926069259644 -0.250618100166321 -0.267257273197174 -0.163590684533119 0.252273201942444 0.764372169971466 1.05859553813934 1.21805799007416 1.39360690116882 1.52798247337341 1.57473146915436 1.55131435394287 1.54251182079315 1.61435985565186
2.10345053672791 2.23111081123352 2.63776278495789 3.01704597473145 3.24184489250183 3.58333706855774 3.74450206756592 3.86957836151123 5.63508749008179 7.65638589859009 12.3052816390991 17.3737716674805 24.9048004150391 29.1080570220947 22.8985042572021 19.2275524139404 14.0014429092407 9.12254905700684 7.83121204376221 7.05009078979492 5.31084966659546 4.85094404220581 4.85924434661865 5.09200859069824 4.37111520767212 2.08133959770203 1.48370969295502 1.99805545806885 2.58641624450684 2.9870433807373 3.01621866226196 1.99574422836304 0.16488941013813 0.17950876057148 0.353458881378174 0.786162614822388 1.33224844932556 1.42655599117279 1.53978800773621 1.67971587181091 1.70138716697693 1.61005485057831 1.67583155632019 1.67811787128448 1.68379783630371
2.43348956108093 2.46530389785767 2.68860125541687 3.06291055679321 3.38752269744873 3.68155765533447 4.04645204544067 4.10175895690918 4.16355562210083 6.34071111679077 10.6674299240112 15.354395866394 23.427188873291 25.364688873291 18.6125717163086 18.5154037475586 13.4692621231079 12.9503831863403 10.1393604278564 9.43685150146484 8.71293258666992 6.47235298156738 4.94747066497803 4.18934011459351 2.85143947601318 0.378424316644669 0.619515657424927 1.5968199968338 2.34408044815063 3.24679732322693 4.42953252792358 5.5326042175293 3.00932288169861 1.06907534599304 0.878217816352844 1.25684952735901 1.60595452785492 1.67929220199585 1.68155896663666 1.72587656974792 1.81397485733032 1.86296308040619 1.78151941299438 1.87060034275055 1.89389026165009
2.74498748779297 2.76860976219177 2.84487581253052 2.9823169708252 3.18937754631042 3.49007415771484 4.03329658508301 4.17715740203857 4.23128175735474 4.28457164764404 9.34904766082764 13.2418689727783 20.9767532348633 25.4622249603271 16.2415962219238 13.1163806915283 8.57317447662354 7.78164482116699 3.9800271987915 6.77577543258667 7.5827841758728 5.57603693008423 5.32490158081055 4.0344033241272 2.82304310798645 1.15313160419464 0.61043393611908 0.738889276981354 1.81364345550537 2.9229953289032 4.91696548461914 6.21919298171997 10.6350440979004 3.78462028503418 1.36218678951263 1.57490193843842 1.79605638980865 1.70176136493683 1.70199084281921 1.7794177532196 1.9016820192337 2.04521584510803 2.08207011222839 2.02351880073547 2.12871694564819
2.85295128822327 2.85673809051514 2.99274659156799 3.05287909507751 3.1670229434967 3.37174105644226 3.99388480186462 4.17754888534546 4.31031942367554 4.36367988586426 7.04277944564819 11.5878276824951 17.1092929840088 24.6231899261475 14.7186422348022 8.72964572906494 4.51762199401855 3.18844246864319 2.41186547279358 4.10471487045288 2.62076044082642 2.05482053756714 2.33038377761841 2.722811460495 4.04619169235229 3.00859570503235 1.55871593952179 0.913896441459656 1.00315058231354 2.55001473426819 4.59585046768188 6.04640913009644 8.54616069793701 3.00697255134583 2.39805769920349 2.14632606506348 1.74342000484467 1.83265197277069 1.78371846675873 1.92378044128418 2.03157877922058 2.21430826187134 2.31612944602966 2.33894348144531 2.30416536331177
2.83956837654114 2.92807745933533 2.98516345024109 3.08762693405151 3.2067391872406 3.42385959625244 3.95405983924866 4.13600492477417 4.31039428710938 4.45193815231323 4.50174856185913 9.41184329986572 15.2235383987427 23.8715667724609 14.7800588607788 6.15514135360718 1.69477880001068 1.64999759197235 3.02623772621155 2.77649021148682 0.644316077232361 1.01340711116791 0.989662408828735 1.01062202453613 2.76176500320435 5.73573350906372 5.24358892440796 2.67935419082642 1.29376983642578 1.96723532676697 3.6833176612854 5.6141996383667 7.00923347473145 5.31124544143677 1.66626453399658 2.24285507202148 1.79190719127655 1.82803106307983 2.03885221481323 2.14099669456482 2.33830976486206 2.43535685539246 2.51777315139771 2.60170769691467 2.62901282310486
2.79926776885986 2.93443894386292 3.02584433555603 3.14988112449646 3.29875755310059 3.65147662162781 4.02734994888306 4.17101621627808 4.26712942123413 4.45149707794189 4.60200929641724 6.02972364425659 11.6696519851685 19.7219944000244 17.2904052734375 6.8003101348877 3.48449897766113 1.0690495967865 3.13958024978638 -0.120802842080593 0.411609560251236 0.945656836032867 1.16794347763062 1.28820550441742 1.35094356536865 3.73828196525574 2.49779152870178 1.32734262943268 1.40483367443085 1.45640015602112 2.80309438705444 4.43558549880981 6.50415897369385 8.24391555786133 9.58029651641846 1.6729416847229 1.67501294612885 1.93874752521515 2.07759356498718 2.38714933395386 2.458083152771 2.63851070404053 2.71514248847961 2.79664874076843 2.91639304161072
2.87569093704224 3.02743816375732 3.24545907974243 3.43502688407898 3.66832852363586 4.10336017608643 4.32714414596558 4.36188316345215 4.43541097640991 4.60140371322632 4.64565277099609 4.75781679153442 7.4737982749939 15.884108543396 20.8723049163818 9.96956539154053 4.6781268119812 1.47659599781036 1.51346063613892 0.00617867428809404 0.372624397277832 0.818556725978851 1.24360322952271 1.43077564239502 1.55167412757874 1.55260217189789 1.45962560176849 1.36989402770996 1.44849336147308 1.54495704174042 1.65564751625061 3.37893009185791 5.12635946273804 7.09631872177124 9.97100830078125 1.60712015628815 1.67611384391785 1.92950785160065 2.26946568489075 2.40218877792358 2.64104962348938 2.677401304245 2.81845211982727 2.87903833389282 2.95768737792969
3.16716432571411 3.41203999519348 3.61823678016663 3.8952260017395 4.18019962310791 4.35375022888184 4.53959274291992 4.63482522964478 4.69814205169678 4.79462194442749 4.82564687728882 4.80364036560059 4.91858911514282 9.61210060119629 19.1326999664307 10.502420425415 4.44844198226929 2.12687206268311 1.57607138156891 0.771488666534424 0.558972835540771 0.803575336933136 1.25503218173981 1.4826043844223 1.65559947490692 1.73326349258423 1.71716630458832 1.67358958721161 1.64561533927917 1.69301223754883 1.78440606594086 2.10570979118347 4.14438915252686 5.6125373840332 8.17533206939697 1.59484124183655 1.74264526367188 2.0518581867218 2.29873728752136 2.59571409225464 2.61206007003784 2.81470155715942 2.80668497085571 2.99110698699951 3.05854558944702
3.62198066711426 3.83198213577271 4.04296207427979 4.16628408432007 4.29739093780518 4.45344018936157 4.69647836685181 4.81779289245605 4.88287734985352 4.92635774612427 4.94157695770264 4.96852397918701 4.94460868835449 5.09295082092285 12.7243375778198 12.0407743453979 3.12486672401428 2.58293342590332 2.27753520011902 1.70474421977997 1.08881533145905 1.0562596321106 1.34294712543488 1.65579628944397 1.86622858047485 1.91939234733582 1.96468830108643 1.99511885643005 1.94069981575012 1.86123847961426 1.94054639339447 2.07910442352295 3.35561585426331 5.49820899963379 5.70368671417236 1.72063207626343 1.7491021156311 2.11882996559143 2.41832160949707 2.61140060424805 2.8023853302002 2.74502539634705 2.96568775177002 3.02103209495544 3.24409198760986
3.98943066596985 4.08945178985596 4.25769472122192 4.32326745986938 4.41755533218384 4.57786130905151 4.85231924057007 4.99554538726807 5.03801345825195 5.03565692901611 5.07978296279907 5.09600973129272 5.12240934371948 5.09323263168335 6.80302906036377 11.4392499923706 3.58902335166931 3.14301347732544 2.82399344444275 2.63553071022034 2.17188620567322 1.50402474403381 1.66907060146332 1.82819199562073 2.04377555847168 2.20111203193665 2.28159213066101 2.31965065002441 2.35506677627563 2.26619362831116 2.18900442123413 2.32074499130249 5.28588581085205 7.12530946731567 4.16592502593994 1.85864233970642 1.86573731899261 2.07965302467346 2.48727607727051 2.75828576087952 2.81847739219666 2.93321800231934 2.90273237228394 3.23430609703064 3.30921363830566
4.0241379737854 4.16639757156372 4.27220392227173 4.38851547241211 4.47854375839233 4.6475248336792 4.89412355422974 5.06178665161133 5.14721012115479 5.19395971298218 5.1962571144104 5.23788022994995 5.25863838195801 5.27985858917236 5.27541303634644 6.91872024536133 4.36534214019775 3.81414484977722 3.64216637611389 3.47343730926514 3.37405323982239 2.7882091999054 2.1044762134552 2.1746141910553 2.31548070907593 2.46776127815247 2.6332631111145 2.70657134056091 2.75846433639526 2.72151708602905 2.74996018409729 2.77223229408264 8.5471248626709 7.44700860977173 2.05957341194153 1.89682424068451 2.0125687122345 2.23495197296143 2.52251172065735 2.82526516914368 2.95176243782043 2.94301748275757 3.14587950706482 3.21105551719666 3.57716965675354
4.02786493301392 4.14966201782227 4.29399490356445 4.39773416519165 4.52067041397095 4.61769819259644 4.80282211303711 5.04164505004883 5.2148756980896 5.30518293380737 5.35444402694702 5.36410474777222 5.40747737884521 5.4286937713623 5.45222759246826 5.51737833023071 5.10255336761475 4.75804805755615 4.49614572525024 4.29443502426147 4.11505365371704 3.75886297225952 3.01749300956726 2.61927342414856 2.69184255599976 2.83719682693481 3.00622344017029 3.15385270118713 3.27999567985535 3.30597567558289 3.36548590660095 3.41823101043701 10.0470170974731 2.6316545009613 2.26147246360779 2.15927648544312 2.32819962501526 2.57011747360229 2.80554938316345 2.90776515007019 2.98877048492432 3.1030445098877 3.21728277206421 3.50097322463989 3.5766863822937
