slauniainen/Data/DEM/Vihti_dsm1500b_cl_horizonAngle_192.asc
NCOLS 196 
NROWS 178 
XLLCORNER 353680 
YLLCORNER 6699024 
CELLSIZE 16 
NODATA_value -3.4e+38 
[rows 140 to 159 of 178, columns 46 to 91 of 196]
4.15558099746704 8.79706478118896 18.8713417053223 4.93703603744507 7.4586763381958 4.12337923049927 4.41732358932495 24.4239826202393 5.22313404083252 32.1897735595703 6.19085216522217 24.5537948608398 12.0653228759766 8.24038124084473 7.10391569137573 23.9980278015137 23.0325660705566 33.6368179321289 19.0262718200684 10.7168073654175 11.0031957626343 10.9021291732788 19.0397548675537 11.9244794845581 10.7642631530762 9.90711307525635 12.1235980987549 19.2554607391357 14.6622266769409 8.76146221160889 10.6826362609863 23.4077091217041 20.4711093902588 19.6656093597412 18.4629402160645 15.0968704223633 7.32812547683716 7.69302940368652 9.17198467254639 7.24925804138184 16.0094528198242 29.5047054290771 23.8057231903076 22.6391487121582 14.1163177490234 6.30166387557983
4.31803178787231 22.8044662475586 25.8805999755859 8.5723991394043 4.40327262878418 6.9760365486145 6.19218730926514 5.57177448272705 8.94942092895508 5.40938568115234 13.4842166900635 6.73587465286255 14.3046092987061 10.0949535369873 7.28903532028198 7.56895875930786 7.61104393005371 9.30180931091309 21.2418479919434 15.2438011169434 15.5294370651245 12.3409967422485 10.6407871246338 14.1710653305054 13.9753074645996 13.4552040100098 12.6857175827026 35.7204055786133 16.9015731811523 15.1666536331177 29.41286277771 28.146125793457 24.6543159484863 22.1742401123047 25.1878681182861 17.6927337646484 12.2851791381836 12.2716274261475 18.6316032409668 8.95424365997314 30.2092685699463 13.1936874389648 17.3664169311523 14.7925233840942 22.1797161102295 7.68688821792603
7.68822288513184 9.56213760375977 6.4788932800293 14.1115579605103 35.1259536743164 5.52284479141235 11.5574789047241 8.15298748016357 20.4750938415527 5.87171506881714 6.99383211135864 8.0283203125 8.28975582122803 15.9627151489258 12.7104749679565 7.7559118270874 8.3505392074585 8.04099369049072 26.2562522888184 27.1248779296875 16.0561580657959 12.7771368026733 11.8293294906616 16.945915222168 15.8583192825317 15.4350633621216 14.34521484375 9.97862720489502 19.8334808349609 20.0511360168457 47.5870704650879 35.2768211364746 29.4038333892822 26.7868232727051 20.1255016326904 20.3937320709229 13.9083013534546 13.4277696609497 9.44921684265137 9.0266284942627 8.07580852508545 21.6835842132568 8.05912113189697 7.64976978302002 7.47452402114868 11.5871200561523
7.88089990615845 10.3440933227539 10.7172441482544 21.1243534088135 6.46778202056885 12.4518127441406 7.79807138442993 10.426965713501 6.17065715789795 6.68225860595703 7.04745006561279 8.50096035003662 9.04185581207275 8.1871452331543 8.56915187835693 8.7448673248291 12.3218088150024 13.1224966049194 9.49796676635742 17.2288188934326 11.8008193969727 17.8097152709961 20.086742401123 18.9996089935303 16.7902011871338 14.7579755783081 13.4414224624634 13.5177898406982 23.4031791687012 15.996509552002 24.9528369903564 52.1672134399414 36.907657623291 32.6758575439453 27.5339756011963 23.743522644043 16.6659641265869 15.3795433044434 15.0396776199341 14.3038024902344 7.88677215576172 8.12062454223633 12.5604839324951 7.93670892715454 7.83467388153076 7.74553680419922
13.0927515029907 28.6462593078613 10.6943893432617 32.1394500732422 7.06424808502197 7.82274770736694 10.0428285598755 12.2824897766113 6.70154809951782 8.2707691192627 7.98938989639282 12.3923063278198 10.8453826904297 8.86588668823242 9.37040710449219 9.05106925964355 14.1318273544312 16.4630661010742 16.734432220459 10.8710813522339 24.3908309936523 33.9655952453613 23.2086563110352 22.0225925445557 19.132080078125 19.1442775726318 22.6712856292725 24.7757167816162 24.0975475311279 26.215389251709 7.01348829269409 20.3760032653809 54.1590843200684 49.7436103820801 25.6351013183594 22.489315032959 20.654016494751 16.8070068359375 16.5212306976318 15.7680349349976 9.440260887146 8.92839050292969 8.73531055450439 8.84167671203613 9.33247375488281 8.80160522460938
23.7043647766113 30.793966293335 10.0478658676147 5.4284987449646 8.94229221343994 7.94756889343262 23.4933834075928 23.081823348999 7.67870855331421 13.5287017822266 10.3981142044067 21.2803325653076 29.287956237793 9.83571624755859 10.0358619689941 9.08919239044189 8.90595531463623 10.0454664230347 22.305513381958 24.7369518280029 35.9979934692383 19.9513378143311 17.669994354248 25.2833385467529 24.6001052856445 22.8696479797363 31.6137790679932 37.4661445617676 32.6599006652832 37.9871788024902 7.55451488494873 20.6567935943604 12.9566993713379 27.638599395752 54.4580574035645 18.6039695739746 25.7598133087158 20.3177623748779 19.9703407287598 17.9517498016357 35.8027877807617 9.36549282073975 9.68742370605469 10.0003089904785 9.70200157165527 9.22815322875977
16.7551250457764 6.16823244094849 22.5888977050781 7.26953363418579 18.4159889221191 37.2392845153809 11.2113914489746 9.95380783081055 9.44388294219971 10.1064443588257 10.5803279876709 11.1450691223145 9.92667579650879 9.40900897979736 10.8327789306641 10.023853302002 15.6336536407471 21.432056427002 10.9762315750122 22.74880027771 19.3093490600586 22.6001930236816 24.9165019989014 33.6077728271484 38.6879692077637 26.3124504089355 20.0325489044189 32.6968650817871 18.4849605560303 19.5406951904297 41.7953567504883 7.02748584747314 21.1559143066406 16.7875366210938 18.7312641143799 41.0256309509277 30.7430324554443 30.6394939422607 21.0311374664307 23.4828834533691 12.2516403198242 10.6927852630615 9.52535152435303 10.384747505188 10.5497217178345 9.73132610321045
17.4276256561279 13.4677953720093 5.99277591705322 7.32125568389893 9.578857421875 8.58841896057129 9.10173988342285 9.44467353820801 10.4846048355103 12.279109954834 30.4410495758057 19.6468601226807 20.3795032501221 15.3466529846191 10.065863609314 12.749285697937 12.6318912506104 12.584153175354 16.2985057830811 18.0062770843506 16.0096321105957 11.0449352264404 32.7012023925781 21.3030109405518 16.0171432495117 14.6773223876953 11.1944208145142 7.61767959594727 9.59366989135742 17.3383769989014 8.13654041290283 51.4279708862305 15.5458469390869 20.8144073486328 8.96932697296143 31.9502296447754 47.5781097412109 49.2948455810547 34.4922904968262 21.7052707672119 12.9383544921875 10.8142433166504 12.0585012435913 11.0984544754028 13.7602815628052 22.2736396789551
4.52844667434692 6.1932430267334 6.22726392745972 7.38686609268188 22.683464050293 8.73056125640869 14.9965867996216 13.6463584899902 15.9268398284912 32.7338333129883 13.7950563430786 15.4900646209717 15.4402275085449 17.4874973297119 13.6390361785889 13.7624816894531 16.2887344360352 14.1916389465332 11.1781301498413 10.0455617904663 12.8870220184326 13.1748065948486 13.8948984146118 24.0231418609619 15.8960905075073 14.6082572937012 9.80659008026123 8.84060382843018 7.49214315414429 7.59243535995483 12.1062211990356 11.104697227478 54.4225921630859 34.0221633911133 9.73484325408936 11.8782215118408 18.2114868164062 17.5380992889404 53.1486968994141 31.2330169677734 15.5043916702271 12.733528137207 13.360671043396 12.3138074874878 33.6771049499512 30.8573684692383
5.14618539810181 6.36017990112305 7.94928121566772 8.30032062530518 9.73092842102051 11.0939016342163 17.7344150543213 16.8609428405762 16.5449752807617 17.2472763061523 26.0261783599854 20.2724838256836 29.6547260284424 19.347225189209 14.4819087982178 21.8419589996338 13.4849376678467 16.6565113067627 20.6324863433838 10.7968425750732 9.47355651855469 14.2889804840088 22.4269104003906 15.3257789611816 16.8217182159424 23.898401260376 11.8647375106812 14.2714862823486 9.34633445739746 7.58977937698364 8.38781261444092 6.78623628616333 26.3439884185791 4.13195943832397 29.5534934997559 15.6698808670044 23.6288909912109 25.0628128051758 17.9876956939697 49.2313766479492 16.5221042633057 16.2299842834473 16.3777828216553 19.1929378509521 11.2126560211182 19.2760696411133
10.7650346755981 9.32716941833496 11.352635383606 11.2651863098145 14.1691389083862 17.3945751190186 20.5140953063965 29.9982986450195 32.4868202209473 28.3489780426025 42.2671241760254 33.787712097168 29.7965755462646 28.1592674255371 21.7936630249023 20.0423736572266 21.7297477722168 16.2951736450195 23.4224720001221 11.4481611251831 17.7668743133545 13.3066310882568 12.7870836257935 21.0537261962891 21.1778926849365 13.4167490005493 15.3534393310547 9.92398548126221 14.5292510986328 11.9635972976685 20.0050773620605 6.47517347335815 2.8672182559967 20.2393646240234 13.3769445419312 48.8693580627441 34.7814140319824 33.9823455810547 25.2766418457031 22.8715724945068 52.9614105224609 37.4914970397949 25.3512344360352 20.4728145599365 26.767463684082 13.8962087631226
7.95432424545288 12.4958333969116 10.4386863708496 18.7236995697021 18.396411895752 22.5435638427734 28.6989040374756 35.0471839904785 32.4843788146973 30.1637878417969 15.3676443099976 25.0878868103027 19.0388565063477 20.8748378753662 28.5718173980713 20.3476963043213 22.2891826629639 16.1692733764648 9.45229339599609 11.0498380661011 10.7501916885376 12.7530241012573 14.7263526916504 30.6528968811035 33.4980278015137 19.4727554321289 12.9624252319336 16.7269992828369 19.9495658874512 27.7803249359131 44.2137451171875 9.52246761322021 3.80818390846252 14.9601821899414 22.4309272766113 9.42987823486328 21.4180717468262 55.4181938171387 27.657018661499 31.084056854248 20.6612777709961 53.3184661865234 35.4609909057617 17.4719009399414 16.8874359130859 8.63815021514893
11.58376121521 16.3360958099365 19.195686340332 23.7740097045898 28.4725131988525 31.2607116699219 26.4988670349121 23.6024284362793 13.4153537750244 19.2887535095215 22.4197387695312 14.4355163574219 22.881067276001 20.2009315490723 17.8525257110596 9.03585815429688 11.2652740478516 12.3778810501099 14.8075294494629 16.3584003448486 11.5696363449097 9.32899379730225 7.88648176193237 8.85927391052246 11.5672397613525 15.1570329666138 15.6710062026978 27.7412929534912 15.9644575119019 7.58546829223633 4.7129168510437 18.0635776519775 7.82805824279785 5.80600166320801 34.8199005126953 19.9541244506836 21.2185535430908 26.2169876098633 55.5944976806641 10.084644317627 10.9031400680542 12.3540477752686 51.1663055419922 26.8773422241211 9.9882869720459 10.3135757446289
18.1900959014893 15.9612016677856 21.5916728973389 37.9041061401367 43.0705146789551 12.2778272628784 15.665020942688 13.7291612625122 27.8273601531982 22.7460079193115 22.3797473907471 17.0606174468994 16.3471698760986 9.45580577850342 8.04691982269287 9.85572910308838 15.761589050293 16.0093536376953 19.8088626861572 19.9453163146973 20.0860996246338 14.973482131958 9.11399936676025 15.9890213012695 21.8816661834717 15.974292755127 16.3175163269043 7.68851089477539 8.4624137878418 10.1304988861084 6.95705556869507 21.4625663757324 12.6357469558716 9.34768295288086 9.50650215148926 31.9914360046387 7.35712909698486 6.59167861938477 8.88193321228027 32.9601631164551 12.1999340057373 12.5472192764282 13.3686723709106 43.5186500549316 10.6042642593384 12.5855197906494
11.9384889602661 29.7012577056885 41.2230453491211 14.6049995422363 9.31845378875732 13.3754539489746 14.5819234848022 22.6293640136719 15.2597332000732 16.3566036224365 10.1841650009155 14.0617532730103 7.47830009460449 9.50587749481201 13.2166976928711 18.2696514129639 6.43194484710693 6.8180103302002 12.6862344741821 7.83528089523315 6.32252264022827 12.6516094207764 18.7901630401611 13.9592981338501 24.7432727813721 20.2541160583496 14.6940574645996 12.4589500427246 9.82862854003906 13.1748466491699 12.362566947937 6.70897102355957 10.5271186828613 12.6057577133179 10.287543296814 4.88576745986938 5.82641553878784 11.2746276855469 30.8066177368164 22.2767505645752 32.1122131347656 15.8126573562622 15.1057395935059 14.0395402908325 20.2665843963623 23.6130752563477
35.8722114562988 13.7834920883179 8.35066413879395 11.6756153106689 12.6285648345947 15.9932699203491 18.315013885498 16.6917686462402 10.3156423568726 6.93726634979248 16.0754375457764 9.83915138244629 16.8584327697754 12.2313451766968 16.0954093933105 11.6095294952393 9.24515533447266 11.6556720733643 6.95790433883667 10.2095584869385 11.415732383728 10.0877323150635 4.88447141647339 13.2600078582764 5.21018123626709 9.83948516845703 12.1600875854492 12.6634197235107 17.2782249450684 19.5821266174316 13.7591886520386 15.0042524337769 11.4873657226562 13.1434297561646 16.2020397186279 12.8731851577759 11.5682802200317 14.6711835861206 11.2866268157959 13.0599384307861 29.1961727142334 16.781888961792 16.5978355407715 19.4436550140381 22.8501224517822 15.8201713562012
19.3502025604248 20.9472351074219 16.3698863983154 20.2412929534912 17.8666362762451 21.737154006958 14.9538421630859 16.2614650726318 13.2177228927612 14.3847742080688 7.02861642837524 8.79834842681885 7.18696117401123 11.1141300201416 19.653356552124 10.087215423584 22.1475639343262 14.8634567260742 15.1288080215454 14.0958423614502 15.6281862258911 19.192232131958 6.16728210449219 0.949415802955627 9.1328592300415 17.3999805450439 4.83527565002441 12.5656538009644 30.0118865966797 11.7694759368896 14.281792640686 10.7449645996094 12.7272472381592 14.7570991516113 20.0305442810059 18.7017211914062 14.1623916625977 19.2242851257324 30.2894401550293 24.6069526672363 13.3426895141602 48.2746086120605 17.4950637817383 25.9398860931396 26.1381874084473 20.3941802978516
20.1451950073242 21.4524803161621 24.3841571807861 16.884859085083 19.6306209564209 11.3021717071533 11.5306129455566 5.24076700210571 5.0770149230957 15.04310131073 12.7394304275513 10.6433067321777 15.123438835144 4.58102130889893 12.927375793457 10.6002397537231 10.9111051559448 14.7339630126953 12.8654661178589 2.92454051971436 3.73760557174683 0.599291265010834 3.8784646987915 2.57209920883179 4.60427141189575 2.63235211372375 18.134952545166 19.1965141296387 9.62990951538086 24.7908096313477 23.3941841125488 28.0699844360352 16.6841659545898 35.4101867675781 15.8107881546021 22.2978744506836 13.7805233001709 19.0664539337158 14.9009504318237 24.508768081665 16.2087001800537 16.4687614440918 51.299503326416 25.9969501495361 30.0185947418213 22.7672996520996
-0.0338028334081173 -0.317482888698578 -0.592420637607574 1.37033355236053 -0.0486556068062782 6.6109356880188 7.19486856460571 4.98565053939819 6.95888137817383 -0.630308389663696 26.6747150421143 17.026237487793 16.4616851806641 5.24592542648315 -1.70014107227325 -1.51014649868011 -0.62467485666275 -0.171888008713722 -0.265614211559296 4.6629319190979 20.6556949615479 10.5948915481567 0.941235542297363 8.88512897491455 5.23809576034546 3.14661717414856 28.950023651123 32.5767822265625 30.9925155639648 31.5573902130127 17.0045337677002 18.1880340576172 28.1617088317871 45.9618949890137 25.7603931427002 9.06476020812988 23.6397457122803 25.3720188140869 18.4212551116943 12.7957563400269 19.5039157867432 16.9866695404053 18.3916397094727 36.1287727355957 30.1964645385742 28.2406578063965
0.0340829640626907 0.598709881305695 2.37996673583984 -0.679684519767761 0.288906335830688 0.588710427284241 10.0371160507202 12.8496522903442 11.9058952331543 -0.834695041179657 -0.811029672622681 -1.19614601135254 -1.75336515903473 -1.19365990161896 2.46865558624268 3.53228306770325 3.98976492881775 0.310292184352875 -0.434450417757034 -0.370442748069763 0.0856048092246056 1.6387654542923 2.40361332893372 1.62479865550995 2.69977807998657 5.43930816650391 3.23563408851624 3.15069103240967 3.48440909385681 3.01173734664917 9.15620899200439 13.6945648193359 13.9607906341553 3.15657091140747 11.2765369415283 13.0848331451416 5.8873233795166 11.2182998657227 13.8201131820679 21.5356063842773 10.7050943374634 22.4425392150879 23.8858890533447 50.5920715332031 23.5114517211914 31.2131175994873
