slauniainen/Data/DEM/Vihti_dem1500b_cl_svf.asc
NCOLS 196 
NROWS 178 
XLLCORNER 353680 
YLLCORNER 6699024 
CELLSIZE 16 
NODATA_value -3.4e+38 
[rows 20 to 39 of 178, columns 132 to 175 of 196]
0.998945415019989 0.998936355113983 0.998944997787476 0.999012768268585 0.999082505702972 0.9991175532341 0.99908435344696 0.999058127403259 0.998912453651428 0.998851001262665 0.998859047889709 0.99889862537384 0.998960673809052 0.999005675315857 0.999038696289062 0.999049425125122 0.999054253101349 0.999143064022064 0.999240577220917 0.999260544776917 0.999194502830505 0.999012470245361 0.998833775520325 0.998785018920898 0.998689711093903 0.998725056648254 0.99845826625824 0.998506009578705 0.99854975938797 0.998583853244781 0.998670041561127 0.998777568340302 0.998891890048981 0.998898804187775 0.998763084411621 0.998500168323517 0.998355627059937 0.998251557350159 0.99819028377533 0.998181283473969 0.998142123222351 0.998104333877563 0.99803638458252 0.998008787631989
0.998844742774963 0.998896837234497 0.998889744281769 0.998966753482819 0.999048709869385 0.999137878417969 0.999104261398315 0.999042928218842 0.99897837638855 0.998924195766449 0.998877286911011 0.998901963233948 0.998936176300049 0.998995244503021 0.999030709266663 0.999035179615021 0.999043822288513 0.99911642074585 0.999227404594421 0.999233901500702 0.999195873737335 0.999027192592621 0.998818159103394 0.998775660991669 0.998727083206177 0.998594403266907 0.998409032821655 0.998474538326263 0.99846887588501 0.998511075973511 0.998633205890656 0.998735785484314 0.99882048368454 0.998810172080994 0.998633205890656 0.998408675193787 0.998229801654816 0.998165369033813 0.998119473457336 0.998059809207916 0.99802166223526 0.997977435588837 0.997941851615906 0.997912764549255
0.998741388320923 0.998819887638092 0.998820960521698 0.998891770839691 0.99899697303772 0.999131798744202 0.999142646789551 0.999082446098328 0.998983800411224 0.998916864395142 0.998882234096527 0.998915135860443 0.998938679695129 0.998970329761505 0.999024987220764 0.999041438102722 0.999035060405731 0.99905252456665 0.999136686325073 0.999191105365753 0.999181270599365 0.999007821083069 0.998818933963776 0.998711168766022 0.998704671859741 0.998475432395935 0.998514413833618 0.998506546020508 0.998417317867279 0.998430550098419 0.998552143573761 0.998652756214142 0.998716354370117 0.998652338981628 0.99837988615036 0.998279631137848 0.99818080663681 0.998107135295868 0.998032987117767 0.997986972332001 0.997934401035309 0.997846722602844 0.997813403606415 0.997814655303955
0.998611211776733 0.998713552951813 0.998777687549591 0.998834848403931 0.998960852622986 0.999088704586029 0.999188125133514 0.999116837978363 0.998982012271881 0.998884499073029 0.998845338821411 0.998852431774139 0.998894214630127 0.998920440673828 0.998895287513733 0.998814284801483 0.998840689659119 0.99895828962326 0.999053418636322 0.999136865139008 0.999141156673431 0.998970508575439 0.998773872852325 0.998683631420135 0.998589634895325 0.998503029346466 0.998550415039062 0.998473286628723 0.998395979404449 0.998383402824402 0.998469948768616 0.998547971248627 0.998637974262238 0.998556673526764 0.998325765132904 0.998187482357025 0.998092949390411 0.998051404953003 0.997930228710175 0.997869312763214 0.997815549373627 0.997738301753998 0.99769526720047 0.997717440128326
0.998571813106537 0.998589813709259 0.998643159866333 0.998780131340027 0.998872816562653 0.99899023771286 0.999135971069336 0.999049723148346 0.998940885066986 0.998826920986176 0.998710572719574 0.998709440231323 0.998781263828278 0.998832523822784 0.998825788497925 0.998868644237518 0.99868369102478 0.998878002166748 0.998961746692657 0.999035954475403 0.999080538749695 0.998955011367798 0.998683154582977 0.998662650585175 0.998547792434692 0.99857622385025 0.998496174812317 0.998446106910706 0.998387634754181 0.998357474803925 0.998456060886383 0.998547613620758 0.998601257801056 0.998492360115051 0.99822986125946 0.998091816902161 0.998024702072144 0.997976720333099 0.997860908508301 0.997778952121735 0.997760653495789 0.997680246829987 0.99765944480896 0.99764496088028
0.998609960079193 0.99854987859726 0.998487949371338 0.99859356880188 0.998775601387024 0.998915910720825 0.999044716358185 0.99899035692215 0.99892121553421 0.998820304870605 0.998654246330261 0.99858433008194 0.998590528964996 0.998652100563049 0.998821973800659 0.99898362159729 0.998961567878723 0.998730063438416 0.998769879341125 0.998915135860443 0.998966157436371 0.998848676681519 0.998453974723816 0.998357594013214 0.998442888259888 0.998573005199432 0.998557686805725 0.998499155044556 0.998356401920319 0.998287796974182 0.998388826847076 0.998487055301666 0.998505771160126 0.998213291168213 0.998032033443451 0.998018264770508 0.99794465303421 0.997905433177948 0.99781209230423 0.9977205991745 0.997707009315491 0.997605800628662 0.99759429693222 0.997655808925629
0.99810653924942 0.998226463794708 0.998315095901489 0.998401045799255 0.998491942882538 0.99879515171051 0.998919665813446 0.999035775661469 0.99897837638855 0.998852550983429 0.998649477958679 0.998488366603851 0.998438537120819 0.998400151729584 0.998383939266205 0.998375833034515 0.998401522636414 0.998451173305511 0.998682260513306 0.998760938644409 0.998826742172241 0.99860942363739 0.998500883579254 0.998111188411713 0.998236238956451 0.998296797275543 0.998394727706909 0.998407185077667 0.998304307460785 0.998231709003448 0.998295366764069 0.998413622379303 0.99837988615036 0.998176991939545 0.998012900352478 0.997920989990234 0.997872710227966 0.997810363769531 0.997752785682678 0.997696280479431 0.997670471668243 0.997596859931946 0.997566103935242 0.997656524181366
0.997209131717682 0.997321307659149 0.997520089149475 0.998089671134949 0.998316943645477 0.998461902141571 0.998804330825806 0.998990297317505 0.998927175998688 0.998819887638092 0.998632788658142 0.998425364494324 0.998284876346588 0.998318076133728 0.998289167881012 0.998216688632965 0.998224496841431 0.998298525810242 0.998340249061584 0.998379945755005 0.998447477817535 0.998678684234619 0.998532772064209 0.998449862003326 0.99832683801651 0.998269617557526 0.998153209686279 0.998062372207642 0.997996389865875 0.998056352138519 0.998183250427246 0.998224556446075 0.997979760169983 0.997919917106628 0.997896313667297 0.99786651134491 0.997835695743561 0.997841894626617 0.997799158096313 0.997771084308624 0.997743666172028 0.997738718986511 0.99767404794693 0.997658014297485
0.99798458814621 0.997156977653503 0.996609807014465 0.997211635112762 0.997975409030914 0.998210608959198 0.998514771461487 0.998870611190796 0.99892520904541 0.998879909515381 0.998696327209473 0.998462855815887 0.99820750951767 0.998026371002197 0.997986495494843 0.997932732105255 0.997961580753326 0.998131573200226 0.998096823692322 0.998221397399902 0.998472630977631 0.998387277126312 0.998103737831116 0.998144865036011 0.998303294181824 0.998342633247375 0.99824720621109 0.998096823692322 0.998095989227295 0.997948586940765 0.997936189174652 0.997881352901459 0.99775356054306 0.99775505065918 0.997750997543335 0.997788608074188 0.997802555561066 0.997840046882629 0.997766196727753 0.997703552246094 0.997680246829987 0.997628569602966 0.997693538665771 0.997575104236603
0.998787105083466 0.998346149921417 0.996926546096802 0.996286273002625 0.997162997722626 0.997974097728729 0.998235762119293 0.998531997203827 0.99879789352417 0.998865365982056 0.998795926570892 0.998565495014191 0.998146891593933 0.997804403305054 0.997668027877808 0.997733354568481 0.997756958007812 0.997787833213806 0.997886002063751 0.99797523021698 0.998062551021576 0.997979342937469 0.997819721698761 0.99775618314743 0.997780323028564 0.997887015342712 0.998012900352478 0.99814909696579 0.998135507106781 0.99804425239563 0.997767090797424 0.997647762298584 0.99760115146637 0.997719883918762 0.997729122638702 0.997744500637054 0.997724533081055 0.997730076313019 0.997659087181091 0.997593760490417 0.997744381427765 0.997578263282776 0.997537076473236 0.99746435880661
0.998239278793335 0.99870902299881 0.99840897321701 0.996956825256348 0.99659389257431 0.997529864311218 0.998115599155426 0.998155295848846 0.998310685157776 0.998550176620483 0.998535871505737 0.998434782028198 0.998080372810364 0.997686088085175 0.997508585453033 0.997546851634979 0.997563123703003 0.997501015663147 0.997418344020844 0.997424960136414 0.997548997402191 0.997649192810059 0.997538983821869 0.997515797615051 0.997474730014801 0.997515976428986 0.997584402561188 0.99755334854126 0.997486710548401 0.997606694698334 0.997717082500458 0.997179687023163 0.997283101081848 0.997571289539337 0.997623920440674 0.99767929315567 0.997605204582214 0.997554540634155 0.997584640979767 0.997714698314667 0.997778117656708 0.99775242805481 0.997532725334167 0.997368156909943
0.997930109500885 0.998057246208191 0.998394012451172 0.997939586639404 0.997215986251831 0.997204482555389 0.997855424880981 0.998239994049072 0.998052835464478 0.998065114021301 0.998184502124786 0.998132765293121 0.998003780841827 0.997610569000244 0.99744313955307 0.997345149517059 0.997280716896057 0.997352182865143 0.997414290904999 0.997463881969452 0.99743664264679 0.997374355792999 0.997250080108643 0.997273325920105 0.997310936450958 0.997332572937012 0.997469663619995 0.997472405433655 0.997409999370575 0.997332215309143 0.997281610965729 0.99730658531189 0.997165441513062 0.99724143743515 0.997385621070862 0.997586190700531 0.997504115104675 0.997463643550873 0.997619926929474 0.997408509254456 0.997251272201538 0.997270822525024 0.997257113456726 0.99702775478363
0.998188376426697 0.998184859752655 0.998183965682983 0.99805474281311 0.997733771800995 0.997398853302002 0.997548878192902 0.998005509376526 0.998003900051117 0.997829914093018 0.997890830039978 0.997934997081757 0.997819423675537 0.997610986232758 0.997382283210754 0.997182428836823 0.997120797634125 0.997194826602936 0.99732232093811 0.997409999370575 0.99732905626297 0.997078657150269 0.996850669384003 0.996998131275177 0.99719649553299 0.997296094894409 0.997336208820343 0.997340083122253 0.997274458408356 0.997061848640442 0.996620059013367 0.996845781803131 0.997220933437347 0.99705171585083 0.997108519077301 0.997304975986481 0.99736613035202 0.997487485408783 0.99761551618576 0.997521221637726 0.997484922409058 0.997229516506195 0.9969642162323 0.996734619140625
0.998493194580078 0.998499035835266 0.99849945306778 0.998230218887329 0.997975885868073 0.997553884983063 0.997237861156464 0.997520387172699 0.997866094112396 0.997714221477509 0.997578024864197 0.997557103633881 0.997605979442596 0.997415542602539 0.997192144393921 0.996990263462067 0.996892750263214 0.996908485889435 0.997018575668335 0.997075319290161 0.997015833854675 0.996753454208374 0.996443450450897 0.996561110019684 0.996750295162201 0.996892809867859 0.997011363506317 0.997081875801086 0.996974408626556 0.996579945087433 0.996311724185944 0.996456265449524 0.996871590614319 0.997034430503845 0.996867775917053 0.997021853923798 0.997155606746674 0.997415959835052 0.997555613517761 0.997547447681427 0.9975346326828 0.997186958789825 0.996989011764526 0.996866047382355
0.998685657978058 0.998669743537903 0.998762130737305 0.998493015766144 0.998075664043427 0.997471809387207 0.996932029724121 0.997159361839294 0.997612178325653 0.997679352760315 0.997574508190155 0.997384548187256 0.997288465499878 0.997245788574219 0.996904850006104 0.996751606464386 0.99656081199646 0.996551930904388 0.996658682823181 0.996690154075623 0.99655818939209 0.996214032173157 0.995711028575897 0.99599552154541 0.996456205844879 0.996665775775909 0.996685087680817 0.996641993522644 0.996432065963745 0.995769023895264 0.995837271213531 0.996214210987091 0.996460437774658 0.996748566627502 0.996776580810547 0.996834635734558 0.996875643730164 0.997268319129944 0.997493803501129 0.997344613075256 0.997155010700226 0.997070133686066 0.99696558713913 0.996837258338928
0.99886029958725 0.998777747154236 0.998840034008026 0.998624205589294 0.998105525970459 0.997365713119507 0.996889352798462 0.9969202876091 0.99737685918808 0.997527837753296 0.997454166412354 0.997102856636047 0.99687272310257 0.996777176856995 0.996773838996887 0.996335029602051 0.996180832386017 0.996196627616882 0.996199190616608 0.996253609657288 0.996104538440704 0.995700120925903 0.995160579681396 0.995503187179565 0.996279418468475 0.996452867984772 0.996526002883911 0.996378123760223 0.9959716796875 0.99543684720993 0.995560646057129 0.995876312255859 0.996103882789612 0.996455073356628 0.996664345264435 0.996663570404053 0.996859133243561 0.997049987316132 0.997029423713684 0.997030377388 0.99693751335144 0.99696558713913 0.996843218803406 0.996766090393066
0.998904347419739 0.998922228813171 0.998807787895203 0.998737990856171 0.998165428638458 0.997441709041595 0.99703061580658 0.996900737285614 0.997196435928345 0.997376084327698 0.997107148170471 0.996790885925293 0.996615529060364 0.996326267719269 0.996220111846924 0.995722055435181 0.995524406433105 0.995739340782166 0.995814859867096 0.995820879936218 0.99571019411087 0.995221078395844 0.994391679763794 0.994506597518921 0.995181322097778 0.995664060115814 0.996036887168884 0.995947062969208 0.995442450046539 0.994991898536682 0.995131373405457 0.995420873165131 0.995708465576172 0.996037065982819 0.996104896068573 0.996428549289703 0.996477901935577 0.996381402015686 0.996263861656189 0.996374726295471 0.996675729751587 0.996719062328339 0.996630787849426 0.996601104736328
0.998908817768097 0.998908400535583 0.99887228012085 0.998794317245483 0.998277008533478 0.997632205486298 0.997322380542755 0.997022807598114 0.997051656246185 0.997147977352142 0.996772170066833 0.99665504693985 0.996466815471649 0.996036767959595 0.995455145835876 0.995096862316132 0.994949698448181 0.994779825210571 0.995087027549744 0.99523788690567 0.99510931968689 0.994551122188568 0.993597149848938 0.99327027797699 0.993666708469391 0.994591474533081 0.995107591152191 0.995036661624908 0.994199872016907 0.994035840034485 0.994468092918396 0.994942903518677 0.995369613170624 0.995669960975647 0.995521545410156 0.995486617088318 0.99532425403595 0.995507955551147 0.995882570743561 0.996098756790161 0.996370434761047 0.99634063243866 0.996288001537323 0.996343195438385
0.998652756214142 0.998809516429901 0.998857438564301 0.998742878437042 0.998354554176331 0.997817635536194 0.997580289840698 0.997265934944153 0.996943235397339 0.996581435203552 0.996259331703186 0.9961838722229 0.996040940284729 0.995629608631134 0.995005190372467 0.99469256401062 0.994093537330627 0.994097232818604 0.994214475154877 0.994427025318146 0.994604766368866 0.993924081325531 0.992815792560577 0.992289006710052 0.992758929729462 0.993450522422791 0.993935465812683 0.993703424930573 0.993240654468536 0.993212103843689 0.993775427341461 0.994434833526611 0.994914412498474 0.995078325271606 0.994933366775513 0.994605898857117 0.994610548019409 0.99491935968399 0.995421767234802 0.995820164680481 0.996090412139893 0.996119260787964 0.995987772941589 0.996023654937744
0.997919142246246 0.998319149017334 0.998458445072174 0.998568475246429 0.998367786407471 0.997824609279633 0.997529625892639 0.997098505496979 0.996651649475098 0.995951652526855 0.995380818843842 0.995241224765778 0.994980335235596 0.9951171875 0.994837045669556 0.994362890720367 0.993399381637573 0.993300974369049 0.993509829044342 0.994026958942413 0.994639217853546 0.994142055511475 0.992668807506561 0.991947948932648 0.991656959056854 0.992075502872467 0.992471039295197 0.991842687129974 0.991772174835205 0.99217963218689 0.992980360984802 0.993768870830536 0.994345784187317 0.99448573589325 0.99398946762085 0.993569552898407 0.993921399116516 0.994478225708008 0.994867980480194 0.995430052280426 0.995755136013031 0.995764791965485 0.995666027069092 0.995662748813629
