slauniainen/Data/DEM/Vihti_dem1500b_cl_horizonAngle_324.asc
NCOLS 196 
NROWS 178 
XLLCORNER 353680 
YLLCORNER 6699024 
CELLSIZE 16 
NODATA_value -3.4e+38 
[rows 20 to 39 of 178, columns 45 to 89 of 196]
0.517050743103027 1.78148877620697 5.4275598526001 5.64296817779541 8.9147424697876 10.9640836715698 12.5919504165649 7.80057048797607 8.13889312744141 9.84283638000488 14.5212488174438 19.0241069793701 13.2164239883423 9.11978149414062 6.47876024246216 4.27049255371094 3.8221390247345 3.7867443561554 3.75585222244263 3.59542965888977 3.67702460289001 4.38587713241577 5.96926546096802 10.7365989685059 21.9779357910156 21.2464828491211 16.4719142913818 15.1794147491455 14.4542284011841 14.1124458312988 12.5239372253418 10.7617015838623 10.1241331100464 9.23096752166748 8.76663875579834 7.75087642669678 7.01235818862915 6.99299573898315 6.85238313674927 6.73601865768433 6.57001209259033 6.41989898681641 5.98676347732544 5.6756796836853 5.17445373535156
6.17899179458618 8.66599369049072 10.7333536148071 14.1578874588013 15.5376310348511 14.238429069519 15.0624141693115 14.0017614364624 16.1093940734863 16.5671081542969 17.9906234741211 16.1618576049805 10.4503555297852 8.41357707977295 4.80805444717407 3.0544593334198 3.12543964385986 3.41399908065796 3.57080435752869 3.66988253593445 3.76400470733643 5.52045345306396 9.3721981048584 19.3908500671387 21.6340026855469 17.9165534973145 16.6865348815918 14.5568914413452 14.0013914108276 12.9315385818481 12.2404680252075 10.3452796936035 9.0754976272583 8.77004718780518 8.11212825775146 7.68921089172363 6.89749383926392 6.36929941177368 6.34337854385376 6.49168109893799 6.34224891662598 6.0618371963501 5.90001678466797 5.50339126586914 5.33608388900757
11.9464483261108 11.5798645019531 13.5151538848877 14.8184757232666 15.8492851257324 15.8645906448364 17.0255546569824 17.25514793396 17.5061779022217 16.8715744018555 16.2005615234375 13.276683807373 10.6744251251221 7.09859895706177 4.52871942520142 3.0055558681488 3.00293707847595 3.29666018486023 3.33107376098633 3.62246251106262 3.61319589614868 6.90811538696289 17.6219062805176 18.9448699951172 18.9802913665771 17.8321323394775 16.8261070251465 15.4397192001343 13.2864599227905 12.5060863494873 11.2432823181152 9.85185718536377 8.93144798278809 8.11799716949463 7.95717859268188 7.2605037689209 6.74639081954956 6.22733926773071 6.11008024215698 5.95019245147705 5.96524810791016 5.83411455154419 5.62046003341675 5.48888397216797 5.17400693893433
9.59696769714355 11.9085025787354 13.2841901779175 15.1821250915527 14.9061717987061 17.9276180267334 17.891206741333 17.3741416931152 16.6434135437012 16.1551742553711 14.761815071106 12.2400388717651 10.0285329818726 7.12047529220581 4.88269233703613 3.78158521652222 6.84219264984131 8.0709924697876 5.82837295532227 5.18365907669067 5.90657997131348 15.1680850982666 20.1955146789551 17.3893432617188 16.7240543365479 17.5375900268555 16.6778545379639 15.5970554351807 13.9082098007202 11.5590448379517 10.5168914794922 9.90910911560059 8.87288856506348 8.10403060913086 7.29530239105225 7.05085325241089 6.48962831497192 6.12830066680908 5.59352970123291 5.54776906967163 5.41794013977051 5.54637861251831 5.42826223373413 5.31605243682861 5.03015232086182
6.77162981033325 13.217321395874 14.883113861084 16.2567462921143 17.1632328033447 19.7528839111328 16.7671451568604 15.7270498275757 14.964409828186 14.1151418685913 13.7229404449463 11.9726915359497 9.87118339538574 8.47759246826172 5.99543476104736 8.36544895172119 14.9124135971069 14.7177019119263 14.6549205780029 17.8375434875488 21.3787536621094 22.1053409576416 17.0763339996338 15.4056482315063 16.208215713501 16.1759300231934 16.354772567749 15.4986505508423 13.6243734359741 11.318621635437 10.2316875457764 9.39407634735107 8.72476005554199 7.83374071121216 7.02535915374756 6.75498628616333 6.27537822723389 5.80331516265869 5.33689069747925 5.11130523681641 5.19476318359375 5.34074115753174 5.23690319061279 5.14683818817139 5.07097816467285
11.2442865371704 19.540771484375 20.2184829711914 18.5362892150879 18.750940322876 17.7068157196045 14.7644128799438 14.1502542495728 13.5245561599731 13.0776147842407 11.8741455078125 11.3733253479004 10.2281923294067 9.14865112304688 8.26434803009033 12.6010780334473 15.2379760742188 15.217113494873 15.3199405670166 17.4838943481445 19.4991683959961 19.7729644775391 15.8616714477539 16.2636184692383 14.9769315719604 15.4896507263184 15.3570690155029 14.6348180770874 12.8008518218994 11.5091581344604 10.0706777572632 9.03615665435791 8.32320308685303 7.73154878616333 7.01378917694092 6.44388628005981 6.09876394271851 5.73979139328003 5.29265689849854 4.91609144210815 4.96539878845215 4.92702627182007 5.04763889312744 4.97832918167114 4.91316938400269
19.4068336486816 21.2073707580566 18.7495746612549 15.8856868743896 14.9930353164673 13.8185691833496 13.2828426361084 12.9292221069336 12.3033752441406 11.6928110122681 10.9702463150024 10.3757925033569 9.52825736999512 8.77483463287354 7.96425342559814 9.06784439086914 12.3114070892334 13.7331829071045 14.6723556518555 15.5967769622803 17.1840991973877 18.3534488677979 18.3113555908203 15.7596702575684 15.3856840133667 14.4141540527344 14.4816732406616 13.7086849212646 12.8229551315308 11.3739995956421 10.1708507537842 8.97790813446045 7.96376180648804 7.34394359588623 6.83158254623413 6.38690328598022 5.98337030410767 5.69459533691406 5.21982192993164 4.83346319198608 4.67994213104248 4.71922063827515 4.68332767486572 4.8046875 4.72658348083496
15.0466499328613 17.6797695159912 17.0628890991211 14.3166990280151 12.6262102127075 11.8233804702759 11.367488861084 11.3632459640503 11.3644857406616 10.6246290206909 10.1410961151123 9.77743148803711 9.03667640686035 8.40339660644531 7.75117874145508 7.31863307952881 10.419548034668 13.4948291778564 15.7050647735596 17.0322742462158 17.1788139343262 16.5340213775635 17.0463542938232 16.7568225860596 14.6318264007568 14.4769840240479 13.5258083343506 12.9002962112427 11.9408683776855 11.2991237640381 10.086142539978 8.89285469055176 7.64712762832642 7.18243646621704 6.69197225570679 6.2575535774231 5.82829189300537 5.59853553771973 5.36900949478149 4.94285249710083 4.53172445297241 4.45915794372559 4.46627330780029 4.44467258453369 4.53753805160522
19.4641456604004 18.8019256591797 15.0257024765015 13.6660022735596 11.2373418807983 9.78158664703369 8.76225280761719 9.32070922851562 9.9630012512207 9.92278575897217 9.19886016845703 9.04307842254639 8.61938667297363 8.13518333435059 7.87274932861328 7.54939889907837 12.872350692749 14.3203105926514 14.8819808959961 14.2928800582886 14.9933748245239 15.1478929519653 15.3846588134766 15.8947219848633 15.5048828125 13.7108316421509 12.4341230392456 11.6280717849731 11.1906042098999 10.3375930786133 9.77671909332275 8.44815540313721 7.61202526092529 6.97681713104248 6.56967306137085 6.12622880935669 5.82920837402344 5.48842096328735 5.30399560928345 4.96443510055542 4.63023662567139 4.3258204460144 4.21656179428101 4.29356098175049 4.37621116638184
20.5487308502197 17.0588245391846 14.1377620697021 11.42112159729 10.1145896911621 7.81334686279297 6.44185590744019 6.43696975708008 7.44925451278687 8.48958015441895 8.3311824798584 7.95204067230225 7.86484670639038 7.81623697280884 7.93115949630737 7.63231515884399 11.0151395797729 14.4559917449951 12.962929725647 13.3740892410278 13.6836986541748 14.0641565322876 15.0516691207886 15.0460071563721 14.5630798339844 12.9496479034424 12.1433849334717 11.0422763824463 10.1827802658081 9.84405326843262 9.26591968536377 8.4491605758667 7.65428495407104 6.92656135559082 6.29461336135864 5.87967872619629 5.6716947555542 5.48588371276855 5.13662815093994 4.97364234924316 4.66380643844604 4.41480255126953 4.08136606216431 4.07223272323608 4.05322360992432
18.8259162902832 16.0840377807617 12.4447603225708 10.5912494659424 7.92354726791382 6.21738243103027 6.06101179122925 5.98015594482422 6.38337230682373 6.97128438949585 6.98280429840088 7.12228155136108 7.64873075485229 7.87507343292236 7.49250364303589 7.31360769271851 8.06387233734131 14.1698741912842 13.30553150177 12.292911529541 12.8069171905518 12.8077144622803 13.0113544464111 13.7785711288452 13.7319288253784 12.9337978363037 11.5709056854248 10.7478561401367 9.80960845947266 9.38247013092041 8.7418851852417 8.24851989746094 7.64885950088501 6.82533073425293 6.13989973068237 5.79151964187622 5.44890689849854 5.31113529205322 5.05578565597534 4.87941932678223 4.7448878288269 4.44902467727661 4.08046960830688 3.86079978942871 3.84023714065552
16.5913639068604 14.5679378509521 12.425256729126 9.32118988037109 7.30062675476074 6.22251033782959 6.09103488922119 5.48970508575439 5.48694658279419 6.17846488952637 6.90751123428345 9.46169281005859 9.29866790771484 7.52148580551147 7.46954202651978 7.25594329833984 7.85510063171387 11.2648487091064 12.0912590026855 11.3317823410034 11.2568063735962 12.0234251022339 12.1665725708008 12.0514421463013 12.1542816162109 11.9303741455078 11.2440547943115 10.2150554656982 9.39302349090576 8.65088081359863 8.3337926864624 7.8740406036377 7.45161867141724 6.7131233215332 6.09848308563232 5.6813530921936 5.37041759490967 5.11741018295288 5.00106906890869 4.80810880661011 4.65899705886841 4.52584552764893 4.17482805252075 3.85104846954346 3.65263676643372
15.9154300689697 14.5428314208984 11.9396677017212 8.78040599822998 7.12977600097656 5.90891647338867 5.38458013534546 5.12818765640259 4.93352174758911 6.25284051895142 12.5845708847046 12.0860195159912 10.9952869415283 12.1160974502563 12.5320606231689 12.0540504455566 12.5844058990479 14.4400310516357 15.0229921340942 10.5343713760376 10.5476589202881 10.6959857940674 10.991662979126 10.8756685256958 10.6841402053833 10.7150421142578 10.5301856994629 9.92654323577881 8.92266464233398 8.2812614440918 7.76948881149292 7.55754280090332 7.17873096466064 6.70487928390503 6.20265197753906 5.67534494400024 5.2900218963623 5.00610494613647 4.83303260803223 4.75727224349976 4.58336734771729 4.43196678161621 4.13934373855591 3.9277708530426 3.61576318740845
15.3401622772217 14.5948753356934 11.9343481063843 9.01811408996582 7.65704107284546 6.24849367141724 5.22528266906738 4.83936166763306 9.8279447555542 17.6295757293701 17.9869174957275 13.842453956604 13.7227249145508 14.8475971221924 14.1567153930664 14.6253433227539 16.017484664917 16.4433517456055 13.4031410217285 10.4082441329956 9.68148326873779 9.80817127227783 10.3000946044922 10.1165065765381 9.95643329620361 10.013129234314 9.84554767608643 9.30178737640381 8.60839080810547 7.85692977905273 7.39289999008179 7.19844818115234 6.87954044342041 6.60451459884644 6.21937084197998 5.77564811706543 5.22802686691284 4.83425617218018 4.65460920333862 4.58592128753662 4.53562688827515 4.32218074798584 4.18919324874878 3.94181847572327 3.60366272926331
14.8092479705811 14.2963361740112 12.5921754837036 10.7990522384644 8.70132827758789 9.21021556854248 10.7702178955078 16.8392944335938 23.0643615722656 18.9874076843262 17.2292308807373 15.2580547332764 15.2516889572144 14.5213842391968 13.3797178268433 14.2844696044922 14.9153909683228 13.3672103881836 13.4189109802246 10.6164512634277 9.22942924499512 8.64664077758789 8.87059116363525 9.22474956512451 8.99908924102783 8.85614585876465 8.93306922912598 8.83250522613525 8.32668685913086 7.69264554977417 7.02998638153076 6.68605661392212 6.56126880645752 6.33438873291016 6.14798593521118 5.77397632598877 5.15539216995239 4.80347156524658 4.54683256149292 4.43831586837769 4.38715839385986 4.25204420089722 4.12832355499268 3.98654723167419 3.66605925559998
14.3743257522583 14.0315771102905 12.7579040527344 11.4025106430054 12.4551115036011 13.7370347976685 17.6579990386963 20.7966976165771 23.1437683105469 23.1363296508789 18.349048614502 16.7628364562988 14.9900007247925 13.8609857559204 14.1348085403442 13.1407442092896 12.7265043258667 13.8090267181396 12.4563970565796 10.6214609146118 8.35099792480469 7.9203667640686 7.6584005355835 7.83557081222534 8.27185344696045 8.25801563262939 8.14306735992432 8.08022022247314 7.98257064819336 7.47849130630493 6.64285373687744 6.31949901580811 6.1378927230835 6.06366205215454 5.97961521148682 5.66124486923218 5.25314235687256 4.86478710174561 4.53191709518433 4.28981304168701 4.2411994934082 4.18468570709229 4.03836393356323 3.87187814712524 3.63137769699097
13.7470388412476 13.3121318817139 12.7317819595337 11.544303894043 10.9425811767578 13.9058046340942 17.1633052825928 20.0422096252441 20.5463771820068 22.0061092376709 19.8285808563232 16.2934074401855 16.1791095733643 14.9659280776978 13.4830875396729 13.303373336792 12.8804922103882 11.9822387695312 10.9980821609497 9.63596820831299 7.93910551071167 7.1811318397522 6.71107339859009 7.31521558761597 7.68615674972534 7.56367921829224 7.5346474647522 7.60547113418579 7.53697967529297 7.16121530532837 6.63370132446289 6.07893991470337 5.85125541687012 5.86225557327271 5.8228497505188 5.61422395706177 5.33603954315186 4.96644115447998 4.59537172317505 4.28519582748413 4.08048105239868 4.03206539154053 3.94341492652893 3.76292943954468 3.61996603012085
12.7473316192627 12.6064624786377 12.221981048584 11.6744747161865 10.863712310791 12.0355358123779 14.2014045715332 15.0921773910522 16.5402069091797 16.7617702484131 17.9703121185303 16.3066787719727 15.5138835906982 15.2195596694946 14.1338052749634 13.0400257110596 11.9248943328857 10.596302986145 9.53227806091309 8.22744560241699 7.15726089477539 6.84836387634277 6.63513278961182 6.32376861572266 6.6754412651062 7.02253389358521 6.91475772857666 6.93819379806519 6.98203754425049 7.00121688842773 6.5582799911499 6.12905931472778 5.68628692626953 5.62135171890259 5.57501173019409 5.48233079910278 5.29096031188965 5.05297899246216 4.68427896499634 4.24262285232544 3.94828224182129 3.89458012580872 3.7771270275116 3.6246542930603 3.52051520347595
12.3356990814209 11.9587259292603 11.5779304504395 11.2648334503174 10.7342491149902 10.339448928833 10.0050382614136 11.3802080154419 12.2683420181274 12.9841327667236 14.2303218841553 15.6293258666992 15.4007835388184 14.9986362457275 13.2108860015869 11.881649017334 10.6663770675659 9.40163516998291 8.45247268676758 7.66872358322144 7.04236698150635 6.68004989624023 6.40016984939575 6.20901107788086 5.84511470794678 6.15455436706543 6.47884893417358 6.41642999649048 6.44766235351562 6.46237802505493 6.47079277038574 6.05747699737549 5.72066116333008 5.40513849258423 5.31626987457275 5.24226570129395 5.13451671600342 4.99958467483521 4.70664596557617 4.27100610733032 3.96768236160278 3.75056171417236 3.66295313835144 3.52989649772644 3.38411545753479
11.5131235122681 11.3976774215698 11.1383800506592 11.1349020004272 10.5488052368164 10.2657585144043 10.3027992248535 10.7391452789307 11.929069519043 13.1475219726562 14.4322519302368 15.2997426986694 14.2600870132446 13.6686353683472 12.7371664047241 11.2206468582153 10.0401382446289 8.88950824737549 8.07120895385742 7.36963558197021 7.08573389053345 6.62343549728394 6.29360961914062 6.039381980896 5.86859607696533 5.5171160697937 5.72620820999146 6.15091133117676 6.1758713722229 6.10067367553711 6.04368162155151 6.02320337295532 5.62834596633911 5.26589393615723 5.07404088973999 4.99131059646606 5.0062575340271 4.93631362915039 4.7118878364563 4.38241338729858 4.07018852233887 3.7527186870575 3.538818359375 3.44151949882507 3.29497933387756
