slauniainen/Data/DEM/Vihti_dem1500b_cl_horizonAngle_324.asc
NCOLS 196 
NROWS 178 
XLLCORNER 353680 
YLLCORNER 6699024 
CELLSIZE 16 
NODATA_value -3.4e+38 
[rows 40 to 59 of 178, columns 135 to 179 of 196]
-0.617196142673492 -0.595283150672913 -0.556481122970581 -0.513067007064819 -0.448930263519287 0.139287501573563 0.392298549413681 0.906231880187988 0.76144003868103 0.518161475658417 0.265601128339767 -0.039314154535532 -0.0151412934064865 0.0218851529061794 0.0365420244634151 0.0211408007889986 -0.0263167377561331 -0.0570133402943611 -0.0438108965754509 -0.03846425563097 -0.02667804248631 0.000723063305485994 0.0396880395710468 0.31229430437088 0.475377708673477 0.576011598110199 0.585338413715363 0.53804749250412 0.453308343887329 0.314237505197525 0.335898637771606 0.366144806146622 0.427342414855957 0.542932868003845 0.615046441555023 0.642893731594086 0.651832759380341 0.625274240970612 0.56133097410202 0.470583081245422 0.378814667463303 0.32866969704628 0.312770932912827 0.310362160205841 0.305799454450607
-0.714655220508575 -0.696073949337006 -0.685954928398132 -0.646686911582947 -0.553150951862335 -0.496148020029068 -0.239740446209908 -0.0597114711999893 -0.0259698927402496 -0.0120576219633222 -0.140519425272942 -0.151696756482124 -0.127326726913452 -0.0888305976986885 -0.0355763137340546 -0.0539016537368298 -0.0808195024728775 -0.12779700756073 -0.141864597797394 -0.126813903450966 -0.0899070277810097 -0.0522658936679363 -0.00449139392003417 0.103401646018028 0.465167313814163 0.562537014484406 0.572892844676971 0.530350029468536 0.50990629196167 0.43450853228569 0.301528513431549 0.325649261474609 0.354016780853271 0.409964233636856 0.527222752571106 0.611011862754822 0.631757736206055 0.636166334152222 0.609009504318237 0.542831182479858 0.457648307085037 0.367268830537796 0.318175464868546 0.299511164426804 0.299813002347946
-0.8054039478302 -0.804251790046692 -0.806368052959442 -0.752833545207977 -0.366161495447159 -0.675310134887695 -0.568669974803925 -0.406673550605774 -0.241316437721252 -0.18398554623127 -0.287387162446976 -0.260039925575256 -0.228450566530228 -0.203979179263115 -0.186121389269829 -0.199400469660759 -0.213955566287041 -0.233588293194771 -0.241680473089218 -0.212470769882202 -0.163504645228386 0.172360852360725 0.142079025506973 0.0208855178207159 0.28736475110054 0.441966563463211 0.52937525510788 0.54246199131012 0.50596559047699 0.491583079099655 0.425662845373154 0.292662352323532 0.318092972040176 0.34275084733963 0.402426421642303 0.527102530002594 0.593250274658203 0.617525458335876 0.612804651260376 0.577174723148346 0.492257833480835 0.384753614664078 0.317027717828751 0.288695812225342 0.284107714891434
-0.909522771835327 -0.918220102787018 -0.911154329776764 -0.556544363498688 -0.878424048423767 -0.843687117099762 -0.724736750125885 -0.638395667076111 -0.596503734588623 -0.531100928783417 -0.454910427331924 -0.400743901729584 -0.363986253738403 -0.349801361560822 -0.348652750253677 -0.375267058610916 -0.384449005126953 -0.380335479974747 -0.355813503265381 -0.292183339595795 -0.228052362799644 0.234402045607567 -0.104554750025272 -0.0654177218675613 0.0136839989572763 0.26700034737587 0.422907292842865 0.516949355602264 0.522165954113007 0.486217826604843 0.476420432329178 0.409450471401215 0.287636041641235 0.232833534479141 0.24765656888485 0.382649302482605 0.433533400297165 0.506415843963623 0.537404179573059 0.506842732429504 0.414492219686508 0.347045183181763 0.299565553665161 0.267442733049393 0.260457813739777
-1.0321683883667 -1.04060816764832 -1.00986814498901 -0.946757078170776 -1.02466452121735 -0.958335518836975 -0.882793605327606 -0.822628140449524 -0.795966625213623 -0.74547266960144 -0.662845432758331 -0.591837882995605 -0.539643406867981 -0.504088342189789 -0.522278606891632 -0.550409376621246 -0.583305954933167 -0.544081151485443 -0.462045818567276 -0.412624508142471 -0.321362555027008 -0.250428706407547 -0.20111121237278 -0.162544131278992 -0.0879550203680992 -0.00649870093911886 0.250460535287857 0.403745740652084 0.499396324157715 0.507697820663452 0.463640332221985 0.313831061124802 0.167445436120033 0.117872223258018 0.110806733369827 0.19180491566658 0.195690155029297 0.27265653014183 0.330277383327484 0.32779523730278 0.295101910829544 0.274611711502075 0.264895170927048 0.232459336519241 0.232219070196152
-1.13566970825195 -1.13892829418182 -1.12018537521362 -1.07876002788544 -1.09574913978577 -1.06287980079651 -1.04166841506958 -1.04227042198181 -0.998082041740417 -0.946332335472107 -0.873079657554626 -0.804206371307373 -0.754136502742767 -0.704833447933197 -0.699428796768188 -0.715071618556976 -0.735858500003815 -0.707687735557556 -0.597140371799469 -0.56311970949173 -0.493042916059494 -0.40538427233696 -0.34723037481308 -0.314386397600174 -0.242736786603928 -0.149752482771873 -0.0653703510761261 0.21104808151722 0.338421821594238 0.259275048971176 0.18711519241333 0.110070198774338 0.0462902225553989 0.0245192069560289 0.0235980339348316 0.0426700673997402 0.0553349740803242 0.0966572165489197 0.142331972718239 0.157832652330399 0.155127331614494 0.175409197807312 0.204830303788185 0.196721866726875 0.162149384617805
-1.24210500717163 -1.23400175571442 -1.22277140617371 -1.19617021083832 -1.19899499416351 -1.17899334430695 -1.16591417789459 -1.17264723777771 -1.19784772396088 -1.15247023105621 -1.0644348859787 -1.0179990530014 -0.9713214635849 -0.921661972999573 -0.898342430591583 -0.879465341567993 -0.873884618282318 -0.849302113056183 -0.807737290859222 -0.736601829528809 -0.666774988174438 -0.622700273990631 -0.579795300960541 -0.535880267620087 -0.483530312776566 -0.407908022403717 -0.347020298242569 -0.189400017261505 -0.11555989086628 -0.066983200609684 -0.0660643428564072 -0.0281014554202557 -0.0270454175770283 -0.0303113460540771 -0.0349930413067341 -0.0235980339348316 -0.0149454222992063 0.0105495676398277 0.0383614674210548 0.0424628518521786 0.0505977161228657 0.0694055110216141 0.126924455165863 0.158306628465652 0.103023804724216
-1.29802775382996 -1.30284416675568 -1.30513107776642 -1.28009235858917 -1.2826201915741 -1.27609539031982 -1.27789425849915 -1.30139446258545 -1.34584152698517 -1.3345981836319 -1.28497338294983 -1.22947084903717 -1.18922543525696 -1.17245495319366 -1.09247219562531 -1.06700468063354 -1.03791320323944 -1.01382744312286 -0.99100124835968 -0.963937401771545 -0.931920945644379 -0.924899816513062 -0.901288986206055 -0.8536057472229 -0.80627030134201 -0.778644382953644 -0.695157527923584 -0.541008949279785 -0.460303425788879 -0.421446532011032 -0.413256525993347 -0.221288219094276 -0.0770052596926689 -0.0489854142069817 -0.0624094679951668 -0.0814643874764442 -0.0620217211544514 -0.0402211807668209 -0.0301709845662117 -0.0183412786573172 -0.0151335019618273 0.0130974799394608 0.241462901234627 0.0466449707746506 0.109314687550068
-1.1215193271637 -1.35941541194916 -1.35244953632355 -1.08987748622894 -1.35215020179749 -1.36545991897583 -1.37406969070435 -1.40136444568634 -1.42601048946381 -1.41809117794037 -1.4224226474762 -1.40724742412567 -1.37801837921143 -1.32912063598633 -1.23705697059631 -1.2372670173645 -1.23068499565125 -1.2398773431778 -1.26126027107239 -1.2865217924118 -1.33403122425079 -1.29320740699768 -1.26439583301544 -1.24866652488708 -1.21464359760284 -1.24482178688049 -1.16084849834442 -0.979260146617889 -0.870948731899261 -0.84586238861084 -0.65976744890213 -0.334209591150284 1.25598704814911 0.118558645248413 -0.101195529103279 -0.129135206341743 -0.103663966059685 -0.0852260589599609 -0.1073362454772 -0.0888777002692223 -0.0344813168048859 0.245181679725647 -0.00909562595188618 0.00885442644357681 0.0309210605919361
-1.0358647108078 -1.38919532299042 -1.18851828575134 -1.39990937709808 -1.38842034339905 -1.42720532417297 -1.44966018199921 -1.49701535701752 -1.5162205696106 -1.52004373073578 -1.54092884063721 -1.56835222244263 -1.54651832580566 -1.51814925670624 -1.49299275875092 -1.49736094474792 -1.51340019702911 -1.53700351715088 -1.59427177906036 -1.72640287876129 -1.84441089630127 -1.8261204957962 -1.7229950428009 -1.74815618991852 -1.73370432853699 -1.86939382553101 -1.91167545318604 -1.47629380226135 -1.27250790596008 -1.08384788036346 -0.0104803908616304 0.621033012866974 2.53107142448425 0.633569300174713 -0.193814545869827 -0.187785744667053 -0.155933603644371 -0.151778653264046 -0.185215562582016 -0.192658394575119 -0.0961408317089081 0.107537373900414 -0.0376495718955994 -0.0234836749732494 0.00483231898397207
-1.01892459392548 -1.23592448234558 -1.20076107978821 -1.41783702373505 -1.44630348682404 -1.42818021774292 -1.48779630661011 -1.55292570590973 -1.57278203964233 -1.59345769882202 -1.6117057800293 -1.65706825256348 -1.74251079559326 -1.85029876232147 -1.8688497543335 -1.84718775749207 -1.83235836029053 -1.87006366252899 -2.01554441452026 -2.25395894050598 -2.47392892837524 -2.61726999282837 -2.540287733078 -2.39694166183472 -2.44217085838318 -2.49472594261169 -2.12555050849915 2.80706644058228 -1.59060204029083 -0.0783179327845573 2.35406732559204 2.63731074333191 4.34433078765869 1.40412020683289 -0.268556356430054 -0.265390634536743 -0.235996961593628 -0.234697550535202 -0.344805270433426 -0.513887107372284 -0.428382307291031 -0.286226391792297 -0.144018337130547 -0.0568220168352127 -0.0424119122326374
-0.42004469037056 -0.816864550113678 -1.10881245136261 -1.42584073543549 -1.4420051574707 -1.46859002113342 -1.51924824714661 -1.59982693195343 -1.62011933326721 -1.65109646320343 -1.68264961242676 -1.74713242053986 -1.89545142650604 -2.07105731964111 -2.13062357902527 -2.12236285209656 -2.1410801410675 -2.24946117401123 -2.48843002319336 -3.08651781082153 -3.61075806617737 -3.66799068450928 -3.46768140792847 -3.16588091850281 -3.24605131149292 -3.365070104599 -2.97831773757935 -2.36954808235168 -1.90322268009186 2.3115017414093 4.01972627639771 5.32926797866821 5.3771824836731 2.08108878135681 -0.359691679477692 -0.342286378145218 -0.386273205280304 -0.44032621383667 -0.588240683078766 -0.715803384780884 -0.756315350532532 -0.534390568733215 1.83972406387329 0.869824886322021 -0.0778731927275658
0.267368763685226 -0.109314687550068 -0.886077761650085 -1.44871413707733 -1.47638463973999 -1.50678992271423 -1.5289990901947 -1.6200875043869 -1.66451275348663 -1.69142127037048 -1.70969176292419 -1.77315938472748 -1.93969058990479 -2.14763259887695 -2.23793005943298 -2.28704929351807 -2.35778284072876 -2.57427763938904 -2.97599077224731 -3.87087559700012 -4.0490140914917 -3.9919741153717 -3.82633829116821 -3.68928837776184 -3.6194760799408 -3.62015104293823 -3.50696325302124 -0.0994525253772736 2.99502778053284 10.1919183731079 9.34393882751465 6.69620084762573 4.84785079956055 0.859395205974579 -0.478812485933304 -0.479002892971039 -0.650829493999481 -0.747928142547607 -0.816996037960052 -0.914110124111176 -0.853277325630188 2.36160826683044 5.75045013427734 2.25512290000916 -0.116086818277836
0.353569090366364 -0.271164804697037 -0.804992198944092 -1.18249380588531 -1.50736165046692 -1.53770744800568 -1.5406037569046 -1.49833488464355 -1.65246856212616 -1.67398083209991 -1.44886350631714 -1.79416024684906 -1.94884288311005 -2.10958337783813 -2.23539018630981 -2.3211076259613 -2.50583267211914 -2.7613205909729 -3.32856225967407 -3.90335607528687 -4.19232702255249 -4.2235426902771 -4.14555501937866 -3.98799133300781 -3.90296149253845 -3.84873795509338 -2.42156553268433 7.35215997695923 15.1137237548828 18.2663860321045 9.65921592712402 5.69355821609497 3.84776258468628 1.27127754688263 0.492626637220383 -0.653265058994293 -0.817922830581665 -0.980938494205475 -1.06764209270477 -1.08109033107758 -0.57351416349411 3.28445839881897 8.54886245727539 5.72107315063477 -0.13798114657402
0.488733470439911 0.0840454176068306 -0.510355591773987 -1.11283230781555 -1.44842708110809 -1.48401010036469 -1.33207356929779 -1.40221846103668 -1.3555166721344 -0.989057421684265 -1.03089833259583 -1.80652558803558 -1.92203414440155 -2.05727744102478 -0.65444016456604 -1.73640942573547 -2.53539371490479 -2.84888863563538 -3.42892861366272 -3.81160163879395 -4.13451099395752 -3.22143173217773 -2.24509263038635 -2.32764506340027 -3.9611759185791 -0.270691514015198 5.12626695632935 9.94047927856445 14.5594053268433 17.8916893005371 9.6381778717041 4.19626379013062 2.4814395904541 1.51865613460541 0.825181901454926 -0.855020880699158 -0.99188631772995 -1.10209453105927 -1.20116603374481 -1.21625518798828 1.23316311836243 2.5979151725769 8.15571308135986 5.05564785003662 0.885572791099548
0.401209950447083 0.198364287614822 -0.120600007474422 -0.64756041765213 -1.18174684047699 -1.36760020256042 -1.17343807220459 -1.07428276538849 -0.666001260280609 -0.771503329277039 -0.883343517780304 -1.53376066684723 -1.89219343662262 -1.46965086460114 -0.91716742515564 -1.38691174983978 -2.51741194725037 -2.85592794418335 -3.30899667739868 -3.72942733764648 -2.35450410842896 -0.586417138576508 1.7546124458313 4.89116764068604 7.07362222671509 9.7978572845459 11.2612714767456 11.6599826812744 12.9986667633057 15.2558336257935 9.22499465942383 5.17472648620605 3.09869813919067 2.03303337097168 0.689210474491119 -1.05639183521271 -1.13412177562714 -1.25704479217529 -1.40623223781586 -1.4362930059433 -1.38231527805328 -1.23893439769745 2.19411945343018 3.22891306877136 2.85356163978577
0.368336379528046 0.115641802549362 0.0276136789470911 -0.33184689283371 -0.942931771278381 -1.18419778347015 -1.03290688991547 -0.971548080444336 -0.609702527523041 -0.787023425102234 -1.15954601764679 -1.43231403827667 -1.87366950511932 -1.7392293214798 -1.04721641540527 -1.79176652431488 -2.49762749671936 -2.78712916374207 -3.20655846595764 -3.27937507629395 -1.26991200447083 1.40802443027496 4.99783945083618 8.50251579284668 11.7631540298462 14.0012149810791 14.905198097229 15.4549112319946 16.337532043457 17.5786933898926 15.9814968109131 7.03901052474976 4.11771678924561 3.13943576812744 0.42527762055397 -1.23000800609589 -1.34635400772095 -1.50067698955536 -1.66394829750061 -1.86880207061768 -2.0753059387207 -1.88861191272736 -1.48259997367859 -1.012211561203 1.66071164608002
0.061834592372179 0.148961991071701 0.0138388127088547 -0.256626933813095 -0.688201367855072 -1.09802639484406 -0.93690687417984 -0.826608657836914 -0.962613046169281 -1.12116646766663 -1.27570831775665 -1.6483827829361 -1.8927253484726 -1.97392594814301 -1.77161991596222 -1.87859773635864 -2.42318844795227 -2.6955509185791 -3.07590913772583 -1.63933455944061 1.42453336715698 3.60189318656921 7.72459268569946 10.3858337402344 13.0805158615112 11.8250942230225 11.6042757034302 12.6156806945801 13.1808795928955 14.8466939926147 15.4354639053345 9.51941108703613 6.05827903747559 5.65181636810303 0.0310626048594713 -1.45372867584229 -1.56908619403839 -1.74625539779663 -1.97543454170227 -2.32721948623657 -2.53344893455505 -2.30416297912598 -1.95809769630432 -1.64789688587189 -1.28618967533112
-0.367963433265686 -0.098709799349308 -0.0303956530988216 -0.134200468659401 -0.360786765813828 -0.756148219108582 -0.868117094039917 -0.879055917263031 -1.11915159225464 -1.33808577060699 -1.39464855194092 -1.834796667099 -1.83801186084747 -1.97651445865631 -1.78407657146454 -2.24101328849792 -2.41763305664062 -2.68753790855408 -2.94419932365417 -0.494715392589569 1.90989100933075 5.69509077072144 9.3862886428833 10.6449861526489 11.2763652801514 10.516037940979 11.2880525588989 12.3365001678467 12.5863475799561 14.3682537078857 13.0548553466797 11.3669767379761 7.80758190155029 5.45308017730713 0.303328603506088 -1.48224520683289 -1.7536997795105 -1.94412863254547 -2.28328633308411 -2.68271279335022 -2.83860731124878 -1.97227728366852 3.25665283203125 5.48165130615234 6.71183586120605
-0.431453704833984 -0.346965432167053 -0.0603419467806816 -0.257371544837952 -0.262983202934265 -0.500896036624908 -0.96671849489212 -1.05734598636627 -1.21499860286713 -1.33137726783752 -1.44661116600037 -1.72901964187622 -1.08955883979797 -1.7200825214386 -2.07154846191406 -2.25952315330505 -2.45482182502747 -2.61257171630859 -2.31529998779297 -2.10022497177124 -0.748970508575439 4.03365421295166 7.30346536636353 7.87362051010132 9.67931842803955 9.81980133056641 9.61823272705078 10.6282911300659 11.7353954315186 12.9025764465332 12.8406085968018 11.8582420349121 9.30829429626465 4.47798824310303 1.0568368434906 -0.751916825771332 -1.86893451213837 -2.07268714904785 -2.45620346069336 -2.77461934089661 -2.89960479736328 2.21530961990356 7.80438184738159 11.1393966674805 15.9076156616211
