slauniainen/Data/DEM/Vihti_dem1500b_cl_horizonAngle_348.asc
NCOLS 196 
NROWS 178 
XLLCORNER 353680 
YLLCORNER 6699024 
CELLSIZE 16 
NODATA_value -3.4e+38 
[rows 100 to 119 of 178, columns 0 to 44 of 196]
0.438440829515457 0.412671715021133 0.533732533454895 -0.142305836081505 -0.657758235931396 -0.682525157928467 -0.487209290266037 -0.0223320350050926 0.747981131076813 1.30067729949951 1.3754745721817 1.796271443367 1.6032018661499 1.18836963176727 1.06833899021149 1.29325878620148 1.46107196807861 1.33608722686768 1.42742705345154 1.40169191360474 1.48899698257446 1.44920253753662 1.53959691524506 1.49490284919739 1.4791761636734 1.38732624053955 1.17453408241272 1.11837041378021 1.07527482509613 1.04905033111572 1.25812327861786 1.31547522544861 1.34027683734894 1.47231161594391 1.43584525585175 1.10074198246002 0.775186598300934 0.253802508115768 -0.061635710299015 -0.333974331617355 -0.237961411476135 -0.169049203395844 -0.121737100183964 -0.0751114711165428 -0.0894427970051765
0.487518399953842 0.308669745922089 0.483525723218918 2.13228797912598 3.02526783943176 -0.401458293199539 -0.565614938735962 -0.300015032291412 0.200905561447144 0.974891304969788 1.50261008739471 1.38216614723206 1.50868678092957 1.26428663730621 1.03901720046997 1.22831332683563 1.36767959594727 1.25450456142426 1.20970594882965 1.39494073390961 1.45589423179626 1.42482912540436 1.39749193191528 1.47171401977539 1.43542122840881 1.35114359855652 1.14014220237732 1.07093632221222 1.02742755413055 1.00664019584656 1.16937100887299 1.26581263542175 1.28968739509583 1.35730361938477 1.41211330890656 1.21741330623627 0.714977383613586 0.606662034988403 -0.155270308256149 -0.57438725233078 -0.443269193172455 -0.265228897333145 -0.189871191978455 -0.141362100839615 -0.166349679231644
0.374565333127975 0.277512222528458 0.351526230573654 3.21039032936096 5.6301965713501 5.15570020675659 0.906372427940369 -0.384460270404816 -0.0670263841748238 0.657832503318787 1.2044163942337 1.40949976444244 1.40451049804688 1.20103514194489 1.02313017845154 1.17078602313995 1.30112755298615 1.27226185798645 1.22551667690277 1.33015823364258 1.38773906230927 1.41419041156769 1.36582136154175 1.43484961986542 1.37434756755829 1.34230697154999 1.1728982925415 1.02378261089325 0.985880196094513 0.986050665378571 1.14566385746002 1.23602592945099 1.2700309753418 1.35062396526337 1.38501012325287 1.18811798095703 0.930022835731506 0.400078654289246 -0.0816770121455193 -0.622830390930176 -0.618494153022766 -0.36446276307106 -0.275082617998123 -0.27750152349472 -0.204741388559341
0.305223792791367 0.551124632358551 0.216474592685699 2.45072674751282 4.9884352684021 4.99248886108398 3.85572576522827 0.620980203151703 -0.190470919013023 0.227978467941284 1.02646052837372 1.29437053203583 1.26083827018738 1.15695285797119 1.12216579914093 1.13745951652527 1.14612829685211 1.26551115512848 1.15520370006561 1.2657173871994 1.32596790790558 1.380242228508 1.34279465675354 1.40748238563538 1.34238684177399 1.30421042442322 1.20437598228455 0.990670442581177 0.939911305904388 0.956457138061523 1.13406026363373 1.22130131721497 1.24678170681 1.3103940486908 1.3660626411438 1.17876708507538 0.91214394569397 0.591062605381012 2.05474615097046 2.29418110847473 -0.723196446895599 -0.499780356884003 -0.349282443523407 -0.328019648790359 -0.290731430053711
0.249038115143776 0.274273365736008 1.12743675708771 1.31998729705811 3.37038445472717 4.30250215530396 3.49762988090515 2.46639800071716 0.445365786552429 0.00234126439318061 0.650699436664581 1.18323826789856 1.21301281452179 1.74434196949005 2.44566106796265 1.69524991512299 1.67131018638611 1.2379025220871 1.09744536876678 1.18466734886169 1.2422581911087 1.25505089759827 1.35994935035706 1.39010167121887 1.31052231788635 1.27532041072845 1.17356538772583 0.966105103492737 0.94965785741806 0.937452018260956 1.09489631652832 1.19947242736816 1.20620799064636 1.27984607219696 1.34927332401276 1.17557847499847 0.907070338726044 0.575797080993652 2.72422885894775 8.44826984405518 2.8747341632843 -0.592117726802826 -0.428952693939209 -0.371745139360428 -0.361577987670898
0.306891113519669 0.233914598822594 0.682112395763397 0.906864106655121 2.13875412940979 3.60043215751648 3.5043625831604 3.01482176780701 1.34708154201508 -0.0434052497148514 0.318410217761993 0.959277153015137 1.21781539916992 1.51383233070374 1.74918007850647 1.5100919008255 2.2808153629303 1.46359598636627 1.06841635704041 1.1211268901825 1.09416687488556 1.20906710624695 1.274338722229 1.27346396446228 1.29586100578308 1.24619209766388 1.15331935882568 0.975237190723419 0.932224035263062 0.924219071865082 0.90597277879715 1.05853414535522 1.09915161132812 1.14020383358002 1.27692937850952 1.25306522846222 1.03528940677643 0.720915734767914 1.95034456253052 6.227126121521 7.6641092300415 2.58418321609497 -0.49768939614296 -0.461754024028778 1.1113646030426
0.21221736073494 0.228135317564011 0.232604160904884 0.303497582674026 1.23741924762726 2.87214136123657 3.3443455696106 2.69596195220947 1.75281286239624 0.829760849475861 0.115995198488235 0.607736349105835 1.1509827375412 1.47717940807343 1.46469902992249 1.23460817337036 1.88780236244202 1.99894499778748 1.28564929962158 0.973826348781586 1.10700798034668 1.16384851932526 1.23707795143127 1.24185240268707 1.25905501842499 1.19688510894775 1.17522037029266 1.03428447246552 0.924743354320526 0.891203820705414 0.847926199436188 0.950695097446442 1.06257379055023 1.09705197811127 1.17128396034241 1.23450350761414 1.18545603752136 1.4620943069458 0.971924662590027 2.34577369689941 5.60894203186035 3.64765453338623 0.392606794834137 -0.434651225805283 0.85031658411026
0.16784642636776 0.200634375214577 0.58120185136795 1.24916660785675 1.23295271396637 2.57170486450195 3.2047266960144 2.66060638427734 2.5845513343811 1.33538997173309 0.343263745307922 0.334298372268677 0.843078851699829 1.19261431694031 1.12108147144318 1.146564245224 1.22250461578369 1.79965460300446 1.89450919628143 1.2703572511673 1.09169602394104 1.1431006193161 1.24055099487305 1.18019330501556 1.2309318780899 1.1819041967392 1.16675746440887 1.19777238368988 0.899330615997314 0.84336930513382 0.817201972007751 0.825006783008575 0.948359787464142 1.00145614147186 1.03603112697601 1.16896116733551 1.08113157749176 1.86660373210907 1.3077677488327 2.96570777893066 2.4369957447052 3.47076535224915 2.98716497421265 2.02743268013 1.15739572048187
1.07767677307129 0.634853780269623 0.886911153793335 2.3622612953186 3.75957274436951 3.08512115478516 3.18041896820068 3.50833415985107 3.29880118370056 2.50090980529785 1.39368271827698 0.21585787832737 0.564612448215485 0.964544117450714 1.00721669197083 1.00756740570068 1.07833683490753 1.34650826454163 1.81863725185394 2.22350311279297 1.61502110958099 2.24937725067139 1.1193995475769 1.13290548324585 1.18478667736053 1.13923966884613 1.1495920419693 1.06322610378265 0.88407289981842 0.980760335922241 0.796498656272888 0.765271604061127 0.857035398483276 0.882163286209106 0.877910435199738 0.93954336643219 1.05930006504059 1.71377742290497 2.18451952934265 3.18222856521606 3.73711585998535 5.43124103546143 5.02342414855957 3.92822742462158 2.00703048706055
1.93496692180634 1.39977359771729 1.63448524475098 2.05208563804626 3.05966997146606 3.25147271156311 4.16560363769531 3.76049780845642 3.52489614486694 2.87354874610901 1.99914348125458 1.11915004253387 0.461089849472046 0.757954597473145 0.98337721824646 0.92507791519165 0.994285643100739 1.46591675281525 2.97377300262451 3.68572330474854 3.97277998924255 1.66618323326111 1.08743512630463 1.09990179538727 1.15960443019867 1.10683333873749 1.10079860687256 1.01410353183746 0.873521685600281 0.835791945457458 0.793047070503235 0.757797241210938 0.847305178642273 0.7241171002388 0.732035636901855 0.698046982288361 0.764461100101471 1.21792614459991 2.10658717155457 3.09948396682739 4.66534996032715 4.23306369781494 3.96615242958069 3.52164363861084 2.71864867210388
2.86619067192078 2.0888659954071 1.5089248418808 1.74295139312744 2.42715525627136 2.95889449119568 2.69726228713989 3.18588495254517 3.09870076179504 2.56911206245422 2.42703866958618 2.12961745262146 1.2456876039505 0.723127365112305 0.918685615062714 0.89767062664032 2.43660712242126 1.70573174953461 1.79989337921143 2.3040144443512 2.41879177093506 1.0649710893631 1.02574861049652 1.03687369823456 1.03235447406769 1.09166753292084 1.07011067867279 1.00802004337311 0.862971067428589 0.815585494041443 0.750300109386444 0.708855092525482 0.640206098556519 0.604614555835724 0.595356285572052 0.527026414871216 0.486056953668594 0.69505375623703 1.90905511379242 3.03522562980652 3.99223351478577 3.69641542434692 3.44436407089233 3.20418667793274 2.69719696044922
2.92591118812561 1.71319055557251 1.30074203014374 1.72692668437958 2.09986114501953 2.48858451843262 2.46847629547119 2.9180850982666 2.70489406585693 3.0440526008606 3.21642279624939 2.7665057182312 2.3135621547699 1.09248530864716 0.837428689002991 0.83376532793045 0.937216579914093 1.11091017723083 1.29285788536072 1.28861773014069 1.03840184211731 1.02560698986053 0.998939216136932 0.996323645114899 1.01118803024292 1.07512199878693 1.02266538143158 1.01838231086731 0.899948477745056 0.787774205207825 0.698196113109589 0.925109684467316 0.50911146402359 0.46316134929657 0.450172811746597 0.3674456179142 0.318633586168289 0.443728029727936 1.33911526203156 2.4667956829071 3.23791742324829 3.56198239326477 3.23678350448608 2.85990691184998 2.48454356193542
2.8863365650177 1.26660466194153 1.16482484340668 1.23635709285736 1.56626343727112 1.99939036369324 2.22166609764099 2.67814230918884 2.5600254535675 2.80187797546387 3.12565493583679 3.08929061889648 2.69427466392517 1.71430265903473 0.860023081302643 0.75714373588562 0.88008987903595 0.979922235012054 1.11542248725891 1.17729759216309 0.990018129348755 0.987246036529541 0.989044725894928 0.97631162405014 0.958634614944458 0.949526607990265 1.0015834569931 0.991497933864594 0.937820434570312 0.776711881160736 0.660837769508362 0.589404284954071 0.626644849777222 0.38836196064949 0.334407031536102 0.511212408542633 0.397128164768219 0.321657538414001 0.760159432888031 1.37018203735352 2.44402480125427 2.89917302131653 3.13095998764038 2.68279409408569 2.26894021034241
3.19065809249878 1.90026748180389 1.04995942115784 0.739186584949493 0.846912264823914 1.05366182327271 1.61545741558075 2.19171738624573 2.49876189231873 2.45159029960632 2.56579518318176 3.05172157287598 2.68119287490845 1.90713107585907 0.928807616233826 0.782805442810059 0.802815020084381 0.930951476097107 1.10320377349854 1.11785447597504 0.948390662670135 0.979122877120972 0.962685585021973 0.898316264152527 0.925260365009308 0.900404393672943 0.906042754650116 0.927437365055084 0.910502374172211 0.764763712882996 0.620132803916931 0.525106132030487 0.455727934837341 0.33822113275528 0.25410869717598 0.304726004600525 0.437588065862656 0.301727652549744 0.589450478553772 1.04556226730347 1.98274517059326 2.67565703392029 2.97424697875977 2.56337594985962 2.18341732025146
8.12724685668945 1.75055849552155 0.893683075904846 0.476654559373856 0.281279355287552 0.345193654298782 1.04940164089203 1.92608511447906 2.31288266181946 2.23388504981995 2.3478536605835 2.59102368354797 2.31601929664612 1.83309102058411 1.28998684883118 0.816105544567108 0.759053170681 0.922367990016937 1.0680627822876 1.08845293521881 0.947881400585175 0.946390807628632 0.859254479408264 0.903777956962585 0.892549157142639 0.869678556919098 0.823152303695679 0.764667391777039 0.774493932723999 0.686024248600006 0.523679375648499 0.466559767723083 0.369361072778702 0.26968178153038 0.203450366854668 0.221269711852074 0.329395890235901 0.349359840154648 0.366766154766083 0.910112023353577 1.64745151996613 2.40688610076904 2.77485013008118 2.40955114364624 2.18879652023315
8.05776119232178 2.94197463989258 1.19287037849426 0.407714992761612 0.0553186237812042 -0.0371816754341125 0.584383070468903 1.60428094863892 2.10526490211487 2.05517768859863 2.11675906181335 2.29470896720886 2.0417947769165 1.5281286239624 1.327761054039 0.980013132095337 1.11275744438171 1.89029276371002 1.03964722156525 1.08106696605682 0.90388685464859 0.815301239490509 0.884341299533844 0.870348453521729 0.81945812702179 0.769169092178345 0.720350503921509 0.661340296268463 0.626459002494812 0.526791095733643 0.465063661336899 0.371980756521225 0.265390008687973 0.228344857692719 0.290048331022263 0.324457824230194 0.221338003873825 0.440060436725616 0.656475365161896 0.793521642684937 1.25850307941437 1.92465388774872 2.57765030860901 2.47619342803955 2.0425877571106
5.9214334487915 4.77675533294678 1.83352553844452 0.298229068517685 0.533941388130188 -0.154899701476097 -0.0238671135157347 1.24464511871338 1.86599397659302 1.91593563556671 1.92556691169739 2.07841873168945 2.01093697547913 1.76297032833099 1.27215147018433 1.40561676025391 1.45023715496063 1.54623067378998 0.985060811042786 1.04356968402863 0.960625767707825 0.857840538024902 0.860924780368805 0.779926419258118 0.679374396800995 0.632858633995056 0.620018780231476 0.599430322647095 0.543184340000153 0.453080892562866 0.378079921007156 0.440961956977844 0.227187320590019 0.155683740973473 0.235373824834824 0.232115879654884 0.509163558483124 0.678137838840485 0.673111498355865 0.646497786045074 0.921918570995331 1.42478442192078 2.03107953071594 2.35899066925049 2.03464102745056
3.65112018585205 6.48703241348267 3.70066022872925 2.09844279289246 2.83540821075439 2.59740662574768 -0.22703430056572 0.654857873916626 1.54038274288177 1.75335848331451 1.74383938312531 1.86895179748535 1.82446622848511 1.72970259189606 1.35296261310577 1.16996502876282 1.48753559589386 1.43578362464905 0.889971077442169 0.954240798950195 0.984577000141144 0.843585848808289 0.735950767993927 0.640452742576599 0.589482069015503 0.595513224601746 0.566590666770935 0.513735473155975 0.46384584903717 0.404947370290756 0.308035105466843 0.259643584489822 0.76728492975235 2.19585466384888 2.30681037902832 2.81981873512268 2.18376922607422 0.355336040258408 0.0823788568377495 0.348483592271805 0.672283709049225 1.30325949192047 1.8998898267746 2.1754150390625 1.85828959941864
3.05125260353088 5.07814359664917 1.56782686710358 1.33016574382782 0.0492185093462467 1.90818858146667 6.4351601600647 0.273170828819275 1.05003142356873 1.64488983154297 1.70760071277618 1.74937546253204 1.71848464012146 1.57516407966614 1.33025527000427 1.08292901515961 1.36207580566406 1.1970990896225 0.84625369310379 0.927811920642853 0.94554603099823 0.811222851276398 0.692915856838226 0.586180090904236 0.545677125453949 0.49998927116394 0.466906815767288 0.446363478899002 0.408429145812988 0.333499073982239 0.258832514286041 0.236437171697617 0.0882716029882431 -0.00730342464521527 0.150475546717644 -0.0220410190522671 -0.0385495834052563 -0.0512003153562546 -0.000384441984351724 0.167996287345886 0.517595887184143 0.97735983133316 1.74260270595551 2.00014662742615 1.69504296779633
2.44967794418335 1.93134605884552 0.866124749183655 0.349996745586395 -0.0646960213780403 0.525131225585938 4.57150077819824 1.62406980991364 0.810298562049866 1.38091170787811 1.5898619890213 1.6129959821701 1.69548320770264 1.58804941177368 1.23787486553192 1.04910743236542 1.04689836502075 1.00524485111237 0.817340791225433 0.858214735984802 1.79158914089203 0.797135889530182 0.684751093387604 0.563216686248779 0.504457771778107 0.425891101360321 0.365041226148605 0.396529167890549 0.358733683824539 0.272461414337158 0.230598121881485 0.136840283870697 0.00624075997620821 -0.0622401386499405 -0.11811026930809 -0.169487535953522 -0.20766107738018 -0.109788328409195 -0.0594745054841042 0.0955010950565338 0.302709549665451 0.660591244697571 1.56902027130127 1.85025537014008 1.55432295799255
