slauniainen/Data/DEM/Vihti_dem1500b_cl_horizonAngle_348.asc
NCOLS 196 
NROWS 178 
XLLCORNER 353680 
YLLCORNER 6699024 
CELLSIZE 16 
NODATA_value -3.4e+38 
[rows 0 to 19 of 178, columns 90 to 134 of 196]
1.86506676673889 1.53133523464203 1.15842700004578 1.01638698577881 0.944731056690216 1.01948189735413 0.934388041496277 4.54902362823486 7.25328969955444 8.39153957366943 9.61087989807129 8.03017330169678 7.62896776199341 5.91075372695923 3.84268403053284 3.43460464477539 3.4050407409668 3.35849118232727 3.28392267227173 3.15672588348389 2.76906752586365 2.48843097686768 2.2966616153717 3.12241840362549 5.96497964859009 7.2085919380188 7.64281320571899 7.92668104171753 7.8902850151062 7.95741605758667 8.15168857574463 8.13704872131348 7.64964866638184 5.64304065704346 4.04231548309326 2.32712769508362 0.921422898769379 0.5931556224823 0.766882240772247 0.981023669242859 0.919741332530975 0.868910014629364 0.832946717739105 1.02492260932922 1.15901732444763
1.77038955688477 2.65924000740051 3.33722162246704 2.2859160900116 1.22640538215637 3.29142165184021 4.80643558502197 5.38036012649536 9.59059143066406 9.07590675354004 9.84031200408936 8.15153694152832 7.06214237213135 5.79574155807495 4.79563617706299 3.81347584724426 3.3519172668457 3.35396480560303 3.30315923690796 3.15130853652954 2.71218323707581 2.29867935180664 1.98319911956787 2.04886722564697 3.97204732894897 5.90435743331909 7.11562871932983 7.39190626144409 7.39238977432251 7.45586395263672 7.63630199432373 7.62352800369263 7.16573047637939 5.75835084915161 4.38695812225342 2.43421602249146 1.01454269886017 0.57615727186203 0.610011875629425 0.736905634403229 0.932977557182312 0.871513605117798 0.799883604049683 0.985296308994293 1.11335945129395
4.09079313278198 7.06106519699097 3.91371989250183 4.19094514846802 5.8864951133728 4.44836711883545 4.93809413909912 12.6262969970703 9.73259735107422 9.21866321563721 8.34374237060547 7.46908950805664 6.62610960006714 6.05298519134521 4.84613466262817 3.70071387290955 3.31948685646057 3.31096434593201 3.25476574897766 3.09953689575195 2.57542896270752 1.9970828294754 1.55562460422516 1.94480860233307 3.7130606174469 5.51553440093994 6.68260049819946 6.92984771728516 6.95056819915771 7.01009893417358 7.18146276473999 7.16822624206543 6.73527240753174 6.13573980331421 4.42698526382446 2.41810989379883 1.07042586803436 0.557850897312164 0.590882956981659 0.707839012145996 0.892478406429291 0.837828934192657 0.770547032356262 0.938920140266418 1.03453230857849
3.97476482391357 10.7792482376099 13.6551055908203 12.3397388458252 10.7254009246826 8.19801330566406 18.1095790863037 16.6373310089111 9.97075653076172 7.98652458190918 8.0067777633667 6.97013139724731 6.70977163314819 6.1978759765625 4.8110933303833 3.51799321174622 3.26978945732117 3.24378728866577 3.15999388694763 2.8861973285675 2.21776819229126 1.6851007938385 1.2235232591629 1.73346102237701 3.48470258712769 5.17196798324585 6.28678560256958 6.51834964752197 6.34005737304688 6.48670959472656 6.6036057472229 6.69670867919922 6.68102645874023 6.26795482635498 4.51208639144897 2.31590294837952 1.00691223144531 0.612780153751373 0.568764925003052 0.677563309669495 0.856376528739929 0.807178378105164 0.723250508308411 0.77604067325592 0.864732682704926
5.95198917388916 10.5927848815918 21.2519989013672 19.8797931671143 15.4037609100342 25.5263195037842 23.0136413574219 20.5000476837158 22.6495895385742 14.216854095459 9.3449535369873 6.61773347854614 6.80695676803589 6.06489419937134 4.72345018386841 3.3467493057251 3.20105242729187 3.0456874370575 2.81938910484314 2.33344697952271 1.78767657279968 1.32246959209442 0.95350444316864 1.24768650531769 3.27665114402771 4.86231184005737 5.78371572494507 6.01217174530029 6.08129167556763 6.14658784866333 6.19747400283813 6.34632110595703 6.32855319976807 5.91609191894531 4.24868392944336 2.21451449394226 1.37078738212585 0.673071682453156 0.521945357322693 0.645941317081451 0.82535183429718 0.774652123451233 0.724773645401001 0.688658237457275 0.740934550762177
8.5771427154541 9.82067012786865 18.5479907989502 23.1101322174072 27.3940372467041 23.3638973236084 20.9684562683105 22.8215103149414 15.8089647293091 12.2843809127808 9.6867790222168 6.86112451553345 6.56678771972656 5.68024730682373 4.44581031799316 3.24986720085144 3.0447359085083 2.72203683853149 2.30264210700989 1.91428661346436 1.43319892883301 1.02205502986908 0.906464695930481 0.969137132167816 2.24110722541809 4.15585660934448 4.99320697784424 5.55547332763672 5.7617392539978 5.83931255340576 5.88771963119507 6.02837896347046 6.01364850997925 5.63719701766968 4.04184532165527 3.05445432662964 1.71961545944214 0.685515642166138 0.519469499588013 0.539822041988373 0.629167079925537 0.778204262256622 0.720117211341858 0.596927106380463 0.302788019180298
11.9605340957642 10.9288005828857 14.2010898590088 20.1164817810059 23.8442134857178 21.8768253326416 22.6179370880127 20.1468887329102 14.8213624954224 13.7028713226318 10.483998298645 6.81865835189819 6.11096000671387 5.29486751556396 4.5383358001709 3.79582023620605 3.00862073898315 2.29639387130737 1.88642919063568 1.64526450634003 1.34745252132416 1.0659339427948 0.895971834659576 0.901124119758606 1.56120586395264 2.89417481422424 4.29439496994019 5.27730178833008 5.47368431091309 5.55971336364746 5.60639810562134 5.74063158035278 5.73235321044922 5.37870407104492 4.43044805526733 3.29189682006836 1.83117377758026 0.764607846736908 0.494741976261139 0.519852042198181 0.599586248397827 0.757488429546356 0.707779407501221 0.473463624715805 0.123063303530216
13.813910484314 13.0049839019775 13.3671617507935 16.9714374542236 19.4188652038574 21.7853889465332 20.6000957489014 17.8323249816895 13.1664323806763 11.390998840332 8.78251934051514 6.17762994766235 5.72958326339722 5.00838184356689 4.63571119308472 3.73338460922241 2.85452818870544 2.07788968086243 1.78196978569031 1.60929143428802 1.31773865222931 1.1148236989975 0.940946221351624 0.860190808773041 1.48959517478943 2.74821639060974 4.07842874526978 5.02501153945923 5.2107892036438 5.30487442016602 5.3504843711853 5.47993564605713 5.47531223297119 5.22358131408691 4.76785612106323 3.35079026222229 1.87481868267059 0.812558710575104 0.496226489543915 0.501365780830383 0.575803101062775 0.729665040969849 0.67543363571167 2.97984910011292 7.30536603927612
14.0425796508789 14.0827560424805 13.4048099517822 15.4963350296021 17.552095413208 19.0009727478027 18.2749214172363 15.8518648147583 13.2464733123779 9.84158706665039 7.71398258209229 6.08594942092896 5.42354583740234 5.16556739807129 4.68580389022827 3.62555575370789 2.73618030548096 1.98050904273987 1.74234414100647 1.57384848594666 1.28885316848755 1.08845376968384 0.919450640678406 0.802336752414703 1.32443463802338 2.61715865135193 3.8846869468689 4.79543972015381 4.97197151184082 4.91488933563232 5.03638648986816 5.07773590087891 5.201500415802 5.19664001464844 4.88105869293213 3.58452177047729 1.86060225963593 1.13509058952332 0.554764926433563 0.470470517873764 0.548784792423248 0.703689277172089 0.656936526298523 2.475017786026 10.8856859207153
13.9054679870605 12.8375253677368 11.5406265258789 13.7397003173828 15.3968753814697 16.0979557037354 15.8380880355835 13.8563089370728 12.9384737014771 10.2609052658081 7.23961210250854 6.07039594650269 5.2020206451416 5.14742422103882 4.51892280578613 3.4714732170105 2.61857962608337 1.89874756336212 1.70388853549957 1.68559658527374 1.47665572166443 1.1349333524704 0.897798657417297 0.767382740974426 0.952926933765411 2.49665808677673 3.70371532440186 4.41170215606689 4.58509397506714 4.71539211273193 4.82578039169312 4.86570119857788 4.98664426803589 4.97780418395996 4.67732381820679 3.44611167907715 2.64399933815002 1.49789345264435 0.564581036567688 0.458635658025742 0.517646789550781 0.672239005565643 0.630167722702026 1.05506980419159 6.30427169799805
10.7249851226807 10.425087928772 9.86327362060547 12.1251277923584 13.5223445892334 14.0694141387939 13.8048048019409 13.3367547988892 12.5385189056396 9.32429313659668 7.33668231964111 6.07636165618896 5.10709857940674 4.96713495254517 4.30930757522583 3.30822992324829 2.57001709938049 2.19483876228333 1.71859073638916 1.65961682796478 1.50057423114777 1.22776353359222 0.909113347530365 0.739607632160187 0.748353064060211 1.70230495929718 3.16915321350098 3.8095703125 4.36152219772339 4.52907514572144 4.63191890716553 4.67420244216919 4.78644561767578 4.77716541290283 4.4879584312439 3.78374052047729 2.88436031341553 1.61103570461273 0.65965461730957 0.440021008253098 0.457469880580902 0.495679259300232 0.638654589653015 0.606998801231384 1.25299429893494
9.97350215911865 10.0985584259033 9.12384128570557 9.49775409698486 11.5288105010986 12.3297739028931 12.7022724151611 12.4694528579712 11.3171396255493 9.36126613616943 7.20843887329102 5.8816294670105 4.89876317977905 4.71469020843506 4.103515625 3.61277198791504 2.99128699302673 2.34599709510803 1.66862010955811 1.61686682701111 1.46672391891479 1.20063400268555 0.936205267906189 0.787651777267456 0.71957391500473 1.25310552120209 2.27263450622559 3.37121915817261 4.18805932998657 4.35697174072266 4.45469903945923 4.49103450775146 4.60239505767822 4.5955171585083 4.41752004623413 4.03787422180176 2.9216628074646 1.64535844326019 1.40919363498688 0.41488191485405 0.457488775253296 0.486304134130478 0.626681685447693 0.586690902709961 1.00629198551178
10.2625122070312 9.66684627532959 8.42938232421875 8.6014404296875 10.3657665252686 11.0427713394165 11.2066078186035 11.104868888855 10.2015037536621 9.41029930114746 7.02400064468384 5.50728750228882 4.70217037200928 4.44275426864624 4.03326272964478 3.69151186943054 2.92700839042664 2.24584531784058 1.57508015632629 1.40915310382843 1.32423913478851 1.12150931358337 0.917330086231232 0.80198210477829 0.692661285400391 1.11080408096313 2.1797091960907 3.23748016357422 4.02678251266479 4.17676067352295 4.16036510467529 4.25652360916138 4.29213380813599 4.3955717086792 4.38402795791626 4.10888862609863 3.0220992565155 1.57141280174255 0.710753202438354 1.74346852302551 0.434933841228485 0.474261969327927 0.598348021507263 0.562553286552429 0.779858946800232
9.43894672393799 8.82560539245605 7.7421293258667 7.87891101837158 9.23874759674072 9.77696228027344 9.88811779022217 9.79644680023193 9.37194919586182 8.8732795715332 7.03006744384766 5.01797103881836 4.43247222900391 4.15499019622803 4.05501222610474 3.68425321578979 2.80543684959412 2.10848498344421 1.56393718719482 1.29399621486664 1.20329535007477 1.02991688251495 0.893149733543396 0.763146221637726 0.68306028842926 0.799903035163879 2.09814071655273 3.11508512496948 3.70475792884827 3.84830451011658 4.01306200027466 4.10919570922852 4.14275026321411 4.24448919296265 4.23352527618408 3.96211385726929 2.90837407112122 1.61555457115173 1.01004433631897 1.09544932842255 0.955386579036713 0.453817993402481 0.580081045627594 0.545760989189148 0.627536833286285
8.7379789352417 8.10266304016113 7.46781349182129 6.78882884979248 7.84156084060669 8.4992208480835 8.94637298583984 8.9899787902832 8.68491077423096 8.20098114013672 6.2748589515686 4.97122573852539 4.20837211608887 3.88552856445312 3.9402482509613 3.48351550102234 2.66024994850159 2.1056649684906 1.78991568088531 1.33853995800018 1.06514275074005 0.966602504253387 0.848935425281525 0.703223705291748 0.651063978672028 0.67792534828186 1.43425536155701 2.65973711013794 3.19492506980896 3.71168828010559 3.87774968147278 3.96972703933716 4.00175094604492 4.09925699234009 4.08903694152832 3.83304023742676 2.81679534912109 2.21930956840515 1.27384066581726 0.513032078742981 0.833060443401337 0.437082141637802 0.56426614522934 0.529614448547363 0.508542716503143
8.1212158203125 7.9706130027771 7.50709915161133 6.43243932723999 6.65063858032227 7.74938869476318 8.13967132568359 8.09537792205811 7.74871349334717 7.29808950424194 5.59922790527344 4.9066014289856 4.03152799606323 3.70688223838806 3.6993887424469 3.29568266868591 2.97172474861145 2.44286131858826 1.89706099033356 1.3015547990799 1.00059914588928 0.906463384628296 0.795928061008453 0.667002558708191 0.548434495925903 0.573371648788452 1.07546877861023 1.93169784545898 2.87967348098755 3.58726501464844 3.75020289421082 3.83610320091248 3.87176656723022 3.96470141410828 3.95121145248413 3.70809578895569 3.16127228736877 2.39688992500305 1.35098826885223 0.597397804260254 0.519712865352631 0.359121650457382 0.429635405540466 0.543113589286804 0.504237651824951
7.27158641815186 7.6449122428894 7.06760215759277 6.01565742492676 6.25997400283813 7.18973875045776 7.50767755508423 7.39156579971313 6.99789428710938 6.53637981414795 6.08568668365479 4.63979482650757 3.74642992019653 3.49040198326111 3.4582405090332 3.24662280082703 3.00029134750366 2.38073706626892 1.80416834354401 1.24812793731689 0.947495222091675 0.861679673194885 0.764035165309906 0.646904826164246 0.493773639202118 0.467237114906311 1.00270187854767 1.85481894016266 2.7817530632019 3.46892547607422 3.63164377212524 3.71605062484741 3.74805116653442 3.83801054954529 3.82434725761414 3.70376181602478 3.37507271766663 2.43407320976257 1.38274455070496 0.623808562755585 0.467551052570343 0.322278797626495 0.413275092840195 0.529175698757172 0.496819883584976
6.77305364608765 7.16136026382446 6.61320638656616 5.66265392303467 5.905686378479 6.7427773475647 6.99123191833496 6.863685131073 6.52056932449341 6.23835563659668 5.9875340461731 4.35472106933594 3.51458120346069 3.25184774398804 3.21896767616272 3.22435879707336 2.95080327987671 2.27153062820435 1.7286057472229 1.21810972690582 0.909617245197296 0.823278546333313 0.733696520328522 0.621213614940643 2.50381398200989 0.810211360454559 0.841343104839325 1.76353406906128 2.66927886009216 3.34258651733398 3.47293901443481 3.49326014518738 3.57732224464417 3.60532069206238 3.68877792358398 3.68076419830322 3.45388007164001 2.53885722160339 1.34347236156464 0.606550455093384 0.37992987036705 0.707175552845001 0.405956417322159 0.517867684364319 0.483659356832504
6.38567447662354 6.75225925445557 6.21971130371094 5.33422660827637 5.50745344161987 6.34647130966187 6.5745735168457 6.44678974151611 6.44772005081177 6.00585222244263 5.62106323242188 4.31708097457886 3.38236975669861 2.99186229705811 2.97222805023193 3.0860903263092 2.78270173072815 2.1300003528595 1.64596700668335 1.2103636264801 0.919573366641998 0.806915283203125 0.717480719089508 0.600601673126221 1.52558553218842 0.900445342063904 0.572915375232697 1.6836177110672 2.5451877117157 3.04564809799194 3.21044778823853 3.37851738929749 3.46232557296753 3.4931263923645 3.57895159721375 3.57158184051514 3.35283756256104 2.4651825428009 1.39527440071106 0.875193178653717 0.398012161254883 0.551869034767151 0.405727326869965 0.501491010189056 0.473332017660141
6.02723836898804 6.39006376266479 5.90994215011597 5.54600143432617 5.0092568397522 5.53181791305542 5.99969720840454 6.22980880737305 6.12639331817627 5.77662944793701 5.33249282836914 4.04960203170776 3.4194700717926 2.850346326828 2.8909969329834 2.93978714942932 2.61252689361572 1.99107301235199 1.64209091663361 1.39175927639008 1.06124722957611 0.757797837257385 0.688308596611023 0.546173572540283 0.486913710832596 0.826815366744995 0.476274490356445 1.09563636779785 2.14932823181152 2.60873341560364 3.1044602394104 3.27277302742004 3.34883117675781 3.37931871414185 3.46883940696716 3.46722865104675 3.25823760032654 2.41845488548279 1.90593481063843 1.06336796283722 0.412197768688202 0.290409475564957 0.38455930352211 0.488292068243027 0.484241873025894
