slauniainen/Data/DEM/Vihti_dsm1500b_cl_horizonAngle_264.asc
NCOLS 196 
NROWS 178 
XLLCORNER 353680 
YLLCORNER 6699024 
CELLSIZE 16 
NODATA_value -3.4e+38 
[rows 120 to 139 of 178, columns 46 to 91 of 196]
7.31512260437012 6.56775283813477 5.95199775695801 5.43470144271851 4.99703454971313 4.7125997543335 4.45560550689697 4.12699174880981 3.84207057952881 3.59017252922058 3.36059165000916 3.11141586303711 2.87203764915466 2.64124035835266 2.38848257064819 1.62854099273682 1.3523473739624 1.16105973720551 1.78225457668304 -1.12608110904694 -1.25911843776703 -1.28777742385864 3.9177770614624 20.3343982696533 5.93490076065063 6.02912139892578 1.24956822395325 27.7758560180664 9.83751583099365 8.89775371551514 0.24005863070488 8.11956214904785 1.84253489971161 5.47256183624268 14.4128580093384 5.18549728393555 2.82378149032593 0.15701350569725 -0.247303307056427 3.37281584739685 1.84925425052643 9.00094223022461 3.97185134887695 15.1410484313965 7.81062650680542 7.37767219543457
7.85964679718018 6.98717498779297 6.28754091262817 5.69780206680298 5.19083213806152 4.75998163223267 3.48710083961487 3.51850557327271 3.25880360603333 3.03039336204529 2.8223819732666 2.62219572067261 2.41705942153931 2.21727180480957 1.98855137825012 1.6012772321701 1.32831764221191 1.02155423164368 0.904758751392365 -0.943694531917572 -1.27649545669556 -1.3443375825882 18.3184185028076 3.9564197063446 3.58364582061768 1.65786612033844 4.49239063262939 -1.18933427333832 -1.47288799285889 5.88613843917847 15.3927726745605 4.07269334793091 11.1355257034302 5.83869457244873 5.37854290008545 4.84846353530884 2.54694271087646 -1.11898648738861 8.93689632415771 -0.659894943237305 6.30406665802002 3.29925322532654 2.00864195823669 12.3537521362305 8.28084754943848 25.4700374603271
7.28511905670166 6.33480834960938 5.63074827194214 5.05013942718506 4.55464839935303 4.12927484512329 3.76764297485352 3.66606903076172 3.39603757858276 3.16932773590088 2.95289325714111 2.75960755348206 2.56266212463379 2.36931967735291 2.14436817169189 -0.339543998241425 35.5550117492676 14.9642066955566 9.56810474395752 -1.41964948177338 3.71482110023499 1.0309249162674 -1.10846328735352 17.1168041229248 2.15159177780151 12.6885614395142 12.6013536453247 3.98437070846558 1.85518562793732 1.97317433357239 1.0020580291748 5.38440132141113 7.22650003433228 2.54765868186951 15.2146596908569 0.742242753505707 6.42585802078247 0.307908415794373 1.07084894180298 -0.526978254318237 -0.0174524988979101 -0.681131899356842 8.33797264099121 6.48182678222656 7.80940246582031 14.0560569763184
7.69258832931519 6.60443639755249 5.83307361602783 5.23640441894531 4.72203207015991 4.3008599281311 3.92198801040649 3.35046696662903 3.47244095802307 3.23474979400635 3.01070737838745 2.79586744308472 2.60159230232239 2.40061616897583 2.1712760925293 -0.296650886535645 38.4154510498047 18.798397064209 5.04629373550415 -0.90156614780426 -0.886075735092163 7.56623649597168 4.44167613983154 -1.25297224521637 25.8138408660889 11.4034414291382 8.96967029571533 7.8529224395752 3.62483263015747 3.3909215927124 1.04206848144531 0.930378079414368 10.8489017486572 3.36028337478638 11.3713073730469 2.5509786605835 -0.111770786345005 -0.983901262283325 0.771152794361115 -0.95049786567688 -1.08237063884735 2.29133343696594 10.2178888320923 12.7267198562622 16.7391242980957 15.4245672225952
8.36915016174316 7.16166830062866 6.20529460906982 5.4738712310791 4.89179849624634 4.43191194534302 4.03081655502319 3.65315580368042 2.60565567016602 12.3489866256714 15.099328994751 15.1414041519165 14.2571029663086 13.8734149932861 13.4838237762451 0.715102016925812 15.1691770553589 35.2035636901855 -0.362774640321732 5.07636022567749 9.64219951629639 -0.457880586385727 -0.857505023479462 7.05212879180908 4.73434257507324 19.9808902740479 11.0218439102173 3.75586414337158 -0.0450035855174065 9.30265522003174 -0.208140432834625 22.7924766540527 4.37535429000854 4.55829620361328 21.4016742706299 -0.311166614294052 -0.762673377990723 -1.27810418605804 -1.48723566532135 7.39414024353027 14.2260475158691 1.34025573730469 8.06510162353516 15.8493537902832 11.8665008544922 24.3555126190186
6.57158946990967 5.55382442474365 4.78952693939209 4.1733865737915 -0.60779470205307 1.1584986448288 0.794131636619568 3.895676612854 2.25398063659668 1.62392151355743 52.0023956298828 32.37548828125 22.7461128234863 17.1738872528076 14.5440368652344 13.1999206542969 4.80235576629639 2.28712224960327 37.7343864440918 2.58243680000305 -0.784070491790771 1.88359546661377 6.53030014038086 9.07707405090332 1.82909047603607 0.337755769491196 7.85202264785767 15.1678991317749 3.27975964546204 2.52437448501587 10.9828939437866 8.08965492248535 1.65269136428833 3.38496947288513 0.294406354427338 -0.656087458133698 -1.47680366039276 -1.49457013607025 -1.65623831748962 0.21059837937355 8.41931819915771 8.74937152862549 0.61620682477951 12.7028074264526 10.5197496414185 23.921989440918
-1.71480619907379 9.13328266143799 2.52547860145569 17.3486804962158 8.78506755828857 -1.02004313468933 21.2655239105225 13.2941331863403 6.38596963882446 0.53366756439209 4.56848192214966 52.051887512207 32.3936042785645 22.6365127563477 17.0621662139893 14.6017827987671 13.0173330307007 10.6364841461182 8.7237663269043 7.37047433853149 2.98152732849121 -0.224741756916046 2.98723840713501 -0.959355890750885 15.0177507400513 6.78110837936401 4.30622148513794 1.84034049510956 8.51539611816406 5.59759283065796 3.83203101158142 4.39208698272705 5.79092931747437 1.28572845458984 -0.727806389331818 -0.968913555145264 -1.63958334922791 11.5653257369995 4.24690198898315 12.0611419677734 -1.42574667930603 -1.05596423149109 4.87138175964355 11.4513473510742 18.0906658172607 25.8106460571289
1.59158742427826 -0.840310513973236 22.6118183135986 13.2293710708618 4.54990386962891 -1.36490774154663 18.7306156158447 13.6047134399414 7.91862154006958 0.176723077893257 0.0656298920512199 6.67525053024292 51.5913124084473 31.9940013885498 22.3640213012695 16.8271923065186 13.7901649475098 11.290843963623 9.56896686553955 8.03292083740234 6.3269944190979 1.01782846450806 0.688290894031525 -0.0864455923438072 4.17504453659058 2.04419875144958 1.06515181064606 9.09170722961426 3.22277665138245 -0.246795743703842 21.3200511932373 9.74138259887695 5.25345802307129 2.94773697853088 0.565931856632233 -0.489899873733521 -1.00363600254059 -1.07476162910461 5.25760746002197 0.244598522782326 6.50718259811401 -1.31908571720123 -1.23199212551117 11.0944576263428 25.3430824279785 19.5992565155029
0.529245376586914 -1.44565641880035 28.8713340759277 5.65446519851685 7.11714792251587 5.07232618331909 2.63021206855774 0.206288531422615 -0.921518743038177 9.19489669799805 1.02333903312683 0.480661809444427 20.9972705841064 9.71892642974854 43.2981071472168 24.9270305633545 16.6851615905762 12.0798931121826 10.8030223846436 8.92445182800293 7.38196468353271 1.62515997886658 0.786212205886841 0.51985490322113 -0.332695424556732 9.78026008605957 8.11190891265869 1.69666659832001 0.557293772697449 11.5439786911011 -0.311658143997192 10.3003730773926 5.36301565170288 7.14986562728882 3.40936684608459 -0.422277867794037 3.34320378303528 0.123871266841888 -0.552345395088196 -0.857467412948608 -0.945071160793304 -1.18647730350494 7.72330665588379 23.1006908416748 19.6001720428467 19.0840702056885
-1.03575038909912 -1.05867552757263 27.3238182067871 10.3547506332397 4.79929876327515 0.636940121650696 -1.35500288009644 14.0029344558716 2.62324213981628 8.44017028808594 5.96329164505005 1.41135716438293 5.93398332595825 3.50722074508667 11.2553777694702 39.9951400756836 22.2032260894775 14.526421546936 12.1125831604004 11.9219055175781 9.76504516601562 3.42067050933838 1.21304333209991 1.05948829650879 0.259038209915161 9.62886905670166 -0.0718856453895569 13.1645021438599 1.64984619617462 1.48399353027344 0.96812492609024 9.19872951507568 6.82213687896729 3.91059613227844 5.13754796981812 2.85586738586426 2.76674199104309 2.05317807197571 0.153455570340157 5.68066835403442 -0.51425701379776 -0.162656426429749 7.96363258361816 9.28885078430176 15.3141431808472 13.6031036376953
13.9851055145264 1.90684676170349 6.71777391433716 -0.10239939391613 -1.28000450134277 22.4477310180664 4.16849374771118 1.24837648868561 28.0080375671387 2.74685621261597 6.06707000732422 4.00420427322388 -1.03861427307129 16.3514919281006 6.11571264266968 18.667407989502 38.5189399719238 21.0808238983154 15.1284894943237 10.2442903518677 13.461386680603 15.3936395645142 -1.02236771583557 31.740026473999 17.9893112182617 6.19715881347656 2.35349655151367 11.5601406097412 3.09946894645691 9.41887474060059 -0.359607875347137 26.4623146057129 4.25789260864258 3.2466607093811 7.14313840866089 29.6960067749023 9.8333625793457 4.92503786087036 2.41611957550049 3.53339076042175 1.85049176216125 1.69381237030029 7.53734159469604 11.4717502593994 7.81730365753174 13.4962425231934
7.39949941635132 20.9013023376465 3.2810685634613 2.5375440120697 18.1569728851318 -0.578450679779053 -0.601994395256042 -1.17345952987671 -1.36299252510071 6.77050018310547 5.42152214050293 5.94315958023071 9.04466247558594 8.64247131347656 6.01885223388672 0.823981523513794 -0.917941212654114 56.0086936950684 36.2664527893066 25.5829849243164 19.4195861816406 10.7736845016479 12.1243028640747 1.4871678352356 1.36182153224945 10.9271202087402 14.4699840545654 2.73101830482483 1.78056240081787 -0.551597416400909 -0.877073884010315 14.0997800827026 8.14483547210693 5.39520978927612 16.5516891479492 26.1621990203857 6.40708112716675 4.30997705459595 8.58540153503418 4.02970218658447 2.91985654830933 10.3184299468994 7.1691370010376 6.66216135025024 9.12704181671143 7.7845983505249
20.9716796875 18.339054107666 11.037278175354 17.9677543640137 3.12602806091309 3.06686997413635 -1.20411694049835 30.7281970977783 3.03414130210876 1.24556922912598 -0.350028485059738 5.33488416671753 40.3708534240723 3.7739315032959 21.5812721252441 -0.042946171015501 16.7576751708984 2.52802991867065 49.3613433837891 29.5891304016113 20.3932666778564 15.1988945007324 6.88545227050781 4.53844594955444 1.22626411914825 44.7197303771973 23.8139820098877 15.6294641494751 0.860264599323273 -0.00204173405654728 -0.862487316131592 -0.897139430046082 13.9514808654785 16.9564952850342 19.4744148254395 8.48165702819824 6.33780527114868 21.2969589233398 5.68890428543091 5.08710432052612 4.28209543228149 17.3342514038086 9.11140251159668 7.48206996917725 5.32771682739258 37.7948989868164
43.5236320495605 14.2506847381592 12.9529600143433 9.04745769500732 3.84575700759888 1.09741592407227 0.322744905948639 -0.883023142814636 22.2564067840576 6.69611835479736 0.127183377742767 -1.36190366744995 10.5741367340088 18.3849601745605 10.7170886993408 11.6116819381714 6.71412515640259 20.9358444213867 13.4303998947144 15.2485885620117 12.749457359314 10.8698921203613 9.39961528778076 8.35169219970703 1.7448365688324 42.6023979187012 22.9029026031494 15.2348289489746 9.64694881439209 -0.822916924953461 2.21560287475586 -0.945683598518372 23.4606456756592 18.4744319915771 13.3200349807739 7.994056224823 9.09574794769287 7.04454326629639 8.04865550994873 5.99018573760986 20.2474098205566 23.7655467987061 12.3197774887085 34.7846870422363 10.3127136230469 31.2410507202148
15.1747274398804 8.81032371520996 11.4687356948853 7.16778135299683 6.90663766860962 4.01786327362061 2.18408060073853 1.23234713077545 6.71672010421753 1.27387583255768 12.0718746185303 5.08360862731934 -0.803860306739807 -0.539899051189423 -1.12708020210266 28.7149658203125 31.7563743591309 24.8174533843994 18.9577388763428 11.4566469192505 9.60745429992676 7.90946578979492 6.86907148361206 6.21483373641968 3.46302604675293 16.3858184814453 5.96605491638184 3.45139026641846 4.54498624801636 3.94407320022583 0.950267791748047 -0.332627475261688 28.9195804595947 22.9658164978027 16.1184692382812 12.3109149932861 3.67169809341431 8.22271633148193 6.97418355941772 32.9247970581055 25.691234588623 17.1613082885742 16.382230758667 9.95839977264404 7.89112234115601 6.79697513580322
21.8485946655273 12.1162700653076 10.6017990112305 11.1598815917969 9.14539527893066 4.59714078903198 2.62482619285583 1.9163578748703 0.860964775085449 -0.337312936782837 -0.526612758636475 26.7320327758789 5.48029613494873 2.45632576942444 0.317721426486969 44.5535354614258 21.3005142211914 19.2270584106445 17.0556526184082 14.1662311553955 13.3496513366699 11.3242015838623 7.15475225448608 21.2236137390137 10.3185319900513 6.91575145721436 6.00260782241821 5.20501184463501 3.79903173446655 3.44145894050598 7.14997863769531 1.98138129711151 3.26543211936951 19.9889602661133 9.84438419342041 17.3965950012207 7.39556503295898 6.17015314102173 35.818431854248 29.7521667480469 16.7718334197998 14.5627613067627 10.2572040557861 7.21764659881592 5.76008558273315 20.0304298400879
27.8338184356689 15.9184713363647 14.5605554580688 4.60336828231812 28.8404769897461 5.51609325408936 1.59405422210693 9.67776584625244 16.257698059082 5.39689970016479 0.518484532833099 0.572498321533203 0.44770947098732 -1.70809137821198 16.6771469116211 9.73658657073975 37.7890815734863 31.6809673309326 21.8544158935547 16.4587707519531 17.5759887695312 15.0031356811523 12.9158544540405 11.197657585144 9.84982585906982 6.87073945999146 12.4620475769043 6.28800773620605 5.6583514213562 5.58916425704956 6.49617576599121 0.447071522474289 18.1391201019287 13.0766172409058 11.6542844772339 10.8595180511475 2.77798199653625 31.3666610717773 20.2859630584717 14.4713363647461 11.3160600662231 15.9355697631836 7.96511030197144 6.2770676612854 5.03786849975586 3.51844549179077
32.0870742797852 21.2172718048096 12.1796875 9.37491989135742 6.32245779037476 5.82075452804565 3.73277139663696 1.11311841011047 8.95590305328369 2.45515394210815 24.2191295623779 0.0172284822911024 19.8699493408203 -0.428299933671951 -0.835715532302856 -1.63261747360229 47.4592437744141 38.3536911010742 28.5321063995361 21.9177379608154 12.7859477996826 10.9503116607666 9.38636302947998 8.135178565979 7.09347915649414 6.19607925415039 2.01605629920959 26.8277950286865 14.8845500946045 11.926176071167 1.98546493053436 1.84125554561615 5.59086799621582 23.1157627105713 6.62974500656128 5.48541593551636 5.46441078186035 5.43467807769775 5.0872745513916 15.6617679595947 11.6591167449951 17.4423484802246 16.0176982879639 11.7847375869751 8.06775379180908 5.4114351272583
32.9811820983887 23.8098449707031 11.8850536346436 2.8279242515564 14.3902854919434 1.0065108537674 12.3930654525757 0.521774291992188 0.399447023868561 8.34184551239014 18.023946762085 3.423184633255 -0.535805642604828 5.70572948455811 -0.543351173400879 2.08371734619141 10.0415554046631 45.5510482788086 26.9196281433105 18.4418144226074 13.8010149002075 10.2761459350586 9.02338790893555 7.44283676147461 7.04507637023926 6.31335353851318 7.07526969909668 6.93595600128174 1.1909601688385 0.635937511920929 26.9070281982422 20.0473785400391 16.1234264373779 18.8924160003662 10.1741180419922 6.02601432800293 2.99903345108032 1.13798022270203 12.6190242767334 18.1820201873779 12.5753164291382 20.1442031860352 19.2685966491699 15.5283288955688 9.54368305206299 4.67514944076538
29.9247608184814 4.51333284378052 19.7433471679688 3.25953149795532 -0.0577601417899132 2.01451516151428 -1.14569187164307 22.9895973205566 4.63879776000977 1.19804632663727 30.6954345703125 4.07128429412842 2.66235566139221 0.799627602100372 0.327680826187134 18.4610939025879 16.0927658081055 36.4013519287109 20.4371852874756 13.7859029769897 10.1514234542847 1.78723680973053 1.78549218177795 26.6212291717529 20.6341762542725 14.5552625656128 11.0686264038086 4.14876508712769 4.09213447570801 0.491942822933197 0.86485755443573 39.7357063293457 35.0832901000977 20.8819675445557 7.77257204055786 0.724384248256683 0.285475671291351 -0.413799941539764 10.4890022277832 15.4207572937012 38.8220863342285 21.1526985168457 19.1212940216064 5.77543067932129 6.95473957061768 1.66298270225525
