slauniainen/Data/DEM/Vihti_dsm1500b_cl_horizonAngle_264.asc
NCOLS 196 
NROWS 178 
XLLCORNER 353680 
YLLCORNER 6699024 
CELLSIZE 16 
NODATA_value -3.4e+38 
[rows 140 to 159 of 178, columns 0 to 45 of 196]
8.31346607208252 2.8899257183075 -0.433292120695114 -1.31752598285675 6.6290431022644 8.28706550598145 11.249659538269 6.24728536605835 49.5135841369629 30.3793773651123 21.3585624694824 16.3493881225586 10.5944271087646 9.29401969909668 8.29983139038086 7.53899431228638 6.91479206085205 6.38321781158447 5.92748594284058 5.89192533493042 5.51290130615234 5.15526533126831 4.80871105194092 4.2932448387146 3.75300359725952 3.33466267585754 2.92500424385071 2.57669520378113 -0.521304130554199 -0.966071903705597 0.511133193969727 -1.19014644622803 -1.38495552539825 -1.68796348571777 8.79101085662842 -1.80997896194458 0.130778774619102 14.4852266311646 3.05993819236755 0.686228156089783 0.624535977840424 -0.223650678992271 15.3734569549561 9.70332336425781 4.69051504135132 2.83342552185059
-1.08178150653839 3.03790378570557 2.05326437950134 0.755973398685455 -0.546988666057587 7.89598751068115 12.9240894317627 12.7822198867798 23.9762382507324 23.4784259796143 16.1495418548584 12.4850120544434 10.9823503494263 9.80899810791016 8.86874198913574 8.08276557922363 7.42087125778198 6.85574579238892 6.36945533752441 4.8495454788208 4.54214191436768 4.26459932327271 3.98489475250244 3.56410789489746 3.1021580696106 2.72778987884521 2.35926818847656 1.80044341087341 -0.331459432840347 -1.64168930053711 17.3108825683594 -1.85067903995514 3.77269268035889 17.1832695007324 -1.75489974021912 8.00891399383545 3.04192495346069 0.737702548503876 8.19468688964844 2.07454299926758 8.91501998901367 -1.36862003803253 -0.81998473405838 23.3521213531494 8.52085113525391 13.3154716491699
-1.25886249542236 -1.57339084148407 2.13845944404602 -1.36984205245972 -1.70762145519257 25.4745063781738 17.0352115631104 27.4517307281494 25.5209770202637 17.6935939788818 13.4369211196899 9.62394142150879 8.60778427124023 7.77360963821411 7.07911348342896 6.49759817123413 6.00379848480225 5.58046770095825 4.66572189331055 4.79299163818359 4.4893102645874 4.18147659301758 3.89069175720215 3.45013761520386 3.00266075134277 2.6276159286499 2.25708913803101 1.88482439517975 -1.00313591957092 -1.56766450405121 -1.60795831680298 -1.64633512496948 9.97578048706055 2.63385844230652 -1.98839962482452 1.52277624607086 -2.06941795349121 15.7314014434814 5.9528660774231 14.7516441345215 2.79053282737732 2.86182022094727 -0.453850328922272 19.2923412322998 4.66259765625 16.5187492370605
-0.981857001781464 -1.24506771564484 1.11814033985138 -1.25342214107513 18.6598834991455 17.094856262207 20.0614643096924 21.1800994873047 14.5192785263062 14.0146160125732 11.8065061569214 10.1922130584717 8.96047019958496 7.99108695983887 7.2094578742981 6.56670665740967 6.024573802948 5.56858968734741 5.16840791702271 3.6767852306366 3.46670889854431 3.27587842941284 3.03599452972412 2.65324592590332 2.32130217552185 1.99685251712799 1.72375571727753 1.41047930717468 1.13879430294037 -1.44844818115234 -1.67634344100952 14.2695636749268 -1.94127345085144 7.57798719406128 -1.62216532230377 -2.1522364616394 -3.07574486732483 15.3316650390625 4.89943599700928 2.3716835975647 1.89847242832184 7.76563358306885 1.07069230079651 20.2830505371094 2.61355662345886 21.9761409759521
0.330286085605621 1.95835936069489 -1.30573701858521 20.7142658233643 1.31161379814148 45.5360069274902 32.317928314209 22.9687080383301 17.6312484741211 8.87189960479736 7.79589796066284 6.94690942764282 6.26517009735107 5.70412254333496 5.23465824127197 4.83430576324463 4.48649597167969 4.19877147674561 3.93476963043213 3.69905424118042 3.4769766330719 3.26160907745361 2.96533799171448 2.59567165374756 2.289386510849 2.0053391456604 0.277912348508835 0.0470354221761227 -0.173205494880676 -1.9872590303421 -2.20282483100891 -0.0890273451805115 0.909210383892059 -2.29707169532776 -2.61111950874329 -2.76791381835938 -3.1915922164917 16.2593898773193 5.86499071121216 5.55682992935181 4.88351678848267 3.51330423355103 4.55455255508423 4.0684666633606 16.4597415924072 4.13469219207764
10.8692502975464 -1.22602379322052 3.28056478500366 18.8712291717529 26.3836517333984 20.6647682189941 15.4230766296387 12.3153553009033 10.3810596466064 8.94548892974854 7.86288547515869 7.0080623626709 6.32376575469971 5.75502967834473 5.28068780899048 4.86366510391235 4.51893901824951 1.81472265720367 1.6796441078186 1.57478857040405 1.46507561206818 1.33805549144745 1.10065424442291 0.840151846408844 0.634693682193756 0.100010007619858 -0.0981740206480026 -0.301145851612091 -0.512717366218567 -1.60283970832825 -2.38347315788269 7.62837600708008 0.494470208883286 -2.60663819313049 -2.67469668388367 -2.77140760421753 -2.86253380775452 1.55948519706726 3.55483174324036 0.932644605636597 -0.416005164384842 -2.08983016014099 4.72252130508423 2.18071508407593 23.9525279998779 9.14866828918457
9.11146354675293 7.80968904495239 -0.250478744506836 33.517406463623 21.9204730987549 20.3756084442139 15.5599603652954 6.45227384567261 4.42503309249878 3.6187150478363 3.22028851509094 2.90719795227051 2.64665269851685 2.42208361625671 2.22470593452454 2.06147599220276 1.42874157428741 1.14366209506989 1.06925618648529 0.996905326843262 0.913327991962433 0.772749602794647 0.536651432514191 0.338129431009293 -0.0131583046168089 -0.164442583918571 -0.487252503633499 -0.606529831886292 -0.745399713516235 -0.834585666656494 -1.85301458835602 -2.20227813720703 -2.3717827796936 -0.0929970443248749 -2.52217292785645 -2.79317116737366 -2.92026996612549 -3.1338677406311 -0.118959866464138 18.9432773590088 7.60965442657471 0.0523547530174255 1.07800722122192 2.5922679901123 4.28025960922241 26.0334339141846
-0.858162879943848 -0.873576641082764 8.65686702728271 14.2206230163574 10.1474990844727 7.26786708831787 5.11429405212402 3.11326885223389 2.60762810707092 2.23849606513977 1.99391460418701 1.81900537014008 1.6624493598938 1.52193164825439 1.40587747097015 1.17566204071045 1.09192788600922 0.101283937692642 0.0938533619046211 0.0797969996929169 0.0525380820035934 -0.0196380242705345 -0.150158822536469 -0.255442351102829 -0.358396232128143 -0.450932323932648 -0.536319971084595 -0.973334789276123 -1.20982217788696 16.5069217681885 2.23692035675049 -1.93155097961426 -2.27815556526184 -2.70251703262329 1.34967434406281 5.35266160964966 0.863738596439362 -3.05249977111816 -3.34609699249268 -3.52595472335815 -2.16325354576111 12.6713600158691 15.5658683776855 3.98483753204346 7.74165344238281 9.33527755737305
-0.56434041261673 5.18983125686646 2.0933051109314 15.4726448059082 7.91461896896362 5.2893533706665 3.96623468399048 0.159359276294708 0.14495150744915 0.141191497445107 0.137568071484566 0.134144648909569 0.127790823578835 0.121412076056004 0.113329723477364 0.106182962656021 0.10079712420702 0.0860195308923721 0.0769460424780846 0.0555044673383236 -0.00486620794981718 -0.097377322614193 -0.213775396347046 -0.320150405168533 -0.424917250871658 -0.509479880332947 -1.2983181476593 -1.79478371143341 3.01597738265991 3.00585985183716 7.16594696044922 -0.328866571187973 -2.21419596672058 -2.37599921226501 -2.84488391876221 -0.241713494062424 -3.16897320747375 -3.48088955879211 5.27293252944946 -2.43482208251953 -2.12756252288818 -1.79946076869965 20.9390678405762 10.6942758560181 4.13391351699829 3.10670828819275
0.190402671694756 0.178141996264458 0.176419973373413 0.172100588679314 0.166788697242737 0.160765752196312 0.155922323465347 0.14982233941555 0.132602587342262 0.127881288528442 0.124738797545433 0.121245458722115 0.117122106254101 0.110700778663158 0.101025082170963 0.0943426936864853 0.086433544754982 0.0433061607182026 0.0239918045699596 -0.0203222092241049 -0.120648644864559 -0.206458225846291 -0.273535788059235 -0.383059203624725 -1.005704164505 -1.04729974269867 -1.14095568656921 7.79407358169556 6.5228419303894 2.67928624153137 -1.92022800445557 16.4327259063721 0.446663469076157 -1.63398110866547 -2.94420003890991 -3.13899374008179 -3.31788063049316 -3.47177195549011 -3.58391404151917 1.53158640861511 -0.885804951190948 2.32260870933533 4.31047964096069 2.04734134674072 7.07967376708984 2.16828203201294
0.180148303508759 0.169964283704758 0.163918718695641 0.158753663301468 0.155085116624832 0.147901460528374 0.139757096767426 0.133493185043335 0.0859418734908104 0.0728437677025795 0.0670651942491531 0.0654527246952057 0.102562010288239 0.0604768209159374 0.0533322878181934 0.0465865358710289 0.0395665057003498 0.0311332568526268 7.19470117473975e-05 -0.0864961892366409 -0.192725360393524 -0.268761605024338 -0.325967520475388 -0.977790832519531 5.76544284820557 7.56542825698853 3.12359476089478 1.67347466945648 9.70688438415527 3.00565671920776 -0.670092403888702 -1.27089846134186 -2.36692142486572 1.43442797660828 -2.83805179595947 -1.57470512390137 -3.35641002655029 13.2966718673706 -3.80849385261536 -0.792923390865326 9.72553062438965 5.4996166229248 -0.402031093835831 19.9233646392822 6.62361526489258 9.8878059387207
0.119460120797157 0.112176477909088 0.107447393238544 0.102718599140644 0.0993459448218346 0.0943338125944138 0.0829355120658875 0.0685073211789131 0.0648783594369888 0.12511520087719 0.05506481975317 0.0505299232900143 0.044305682182312 0.0401256680488586 0.03849196434021 0.0291720628738403 0.0186886247247458 0.00340197770856321 -0.0638811960816383 -0.17873726785183 -0.274831891059875 -0.339401334524155 -1.28655230998993 22.5459060668945 12.3481645584106 3.79463458061218 1.75301849842072 9.27010345458984 4.37679386138916 2.3160297870636 2.99376511573792 -2.05193328857422 18.4339389801025 6.91119623184204 1.99524486064911 -2.92166876792908 -1.01817834377289 -3.53450679779053 4.8360538482666 -3.78975343704224 20.268404006958 9.66914176940918 8.31581878662109 2.37624454498291 13.3532457351685 13.5185861587524
0.158924430608749 0.101351037621498 0.0967343002557755 0.0920926406979561 0.0857941955327988 0.0783702656626701 0.0626595616340637 0.0530815497040749 0.0485532432794571 0.0245944727212191 0.0229084528982639 0.0121341720223427 -7.73124920669943e-05 -0.00924148596823215 -0.0125614162534475 -0.0201007034629583 -0.0296586770564318 -0.0718134567141533 -0.144907042384148 -0.248584523797035 -0.338025748729706 -0.930549740791321 18.2510318756104 7.22457981109619 -0.680932343006134 -1.42867362499237 9.11325645446777 4.34621143341064 11.0877752304077 5.07027196884155 2.24572920799255 -1.31803345680237 -1.35414302349091 -2.52003979682922 13.8980474472046 8.10938453674316 -3.13812136650085 -3.40054392814636 3.24975967407227 -3.72857403755188 21.777868270874 2.41669058799744 1.5526682138443 9.46927738189697 10.4664106369019 4.44253587722778
0.075869508087635 0.0693273469805717 0.0657153949141502 0.0606003999710083 0.051597036421299 0.0432731285691261 0.0339216515421867 0.0216514598578215 0.00938323605805635 -0.00403552362695336 -0.0195398014038801 -0.0258531682193279 -0.0370451249182224 -0.0559642538428307 -0.0745765790343285 -0.100208289921284 -0.138819098472595 -0.170567110180855 6.06245565414429 4.52578973770142 0.737799525260925 6.74997568130493 11.900318145752 5.08913373947144 0.620553255081177 -0.148575037717819 -0.367701232433319 -0.558536052703857 -0.336235225200653 10.0595178604126 3.9204216003418 0.837866961956024 -2.19680309295654 16.3814544677734 -2.66729736328125 21.8955020904541 -3.10914826393127 -3.53233790397644 1.856276512146 12.9605159759521 -2.11824083328247 15.385440826416 8.76428699493408 6.9726881980896 2.70785140991211 -0.347465991973877
0.0803912729024887 0.0681967288255692 0.0611829087138176 0.0550932437181473 0.04935347661376 0.0360078401863575 0.0257348380982876 0.0158600769937038 -0.000362119695637375 -0.0324952565133572 -0.0260363090783358 -0.0547356009483337 -0.0994120761752129 -1.05362629890442 7.76855182647705 -1.29844570159912 5.0987548828125 32.0780715942383 17.0116539001465 1.51082038879395 1.66460335254669 1.33745682239532 8.00876331329346 4.60211753845215 9.13834190368652 3.6485869884491 0.871766924858093 0.261184126138687 -1.24920833110809 23.7212047576904 11.474513053894 4.94802188873291 -2.22593641281128 19.6603546142578 -2.51148128509521 12.7192668914795 -3.22531771659851 3.62112998962402 -3.41408848762512 13.1461019515991 3.97109818458557 10.6329145431519 -3.27483177185059 16.9731597900391 6.30863904953003 5.74196624755859
0.158528283238411 0.0992843061685562 0.0926644802093506 0.086312860250473 0.0773729756474495 0.0658167824149132 0.0513840317726135 0.0317131318151951 -0.00856039114296436 -0.0494577214121819 -0.118413530290127 -1.43759644031525 -1.44798338413239 -1.52827501296997 -1.17342638969421 -1.56370460987091 -1.58149707317352 5.5004448890686 7.7459774017334 4.80368328094482 1.77823889255524 -0.0394383929669857 9.51194095611572 5.89681100845337 3.51162028312683 2.42148375511169 3.07960844039917 1.67491054534912 0.0262216459959745 4.56424951553345 2.09780979156494 6.26799583435059 -2.36684966087341 30.17360496521 3.32207298278809 -2.97844910621643 10.1778135299683 0.730837047100067 -1.72015881538391 12.099534034729 7.68011856079102 -2.60206723213196 0.902712404727936 -3.12693428993225 5.84898090362549 9.91712093353271
0.0585489571094513 0.0742367058992386 0.069371834397316 0.0656214505434036 0.0565826669335365 0.0414236485958099 0.0237656459212303 -0.0105745773762465 -0.0992679297924042 -0.612809300422668 -0.730348706245422 -1.00190377235413 -1.01465129852295 -1.07343244552612 -1.40079236030579 -1.48563301563263 -1.57533931732178 2.04163527488708 0.848920822143555 2.81646633148193 -1.47618532180786 -1.21491765975952 4.01767301559448 2.34171390533447 12.1824741363525 3.80807375907898 3.05734848976135 0.128368243575096 7.98778009414673 -1.07566940784454 12.123330116272 13.8643941879272 -0.0124373193830252 16.2868041992188 -2.48407006263733 18.746509552002 -1.62376272678375 -1.80591189861298 11.6864261627197 -2.53922986984253 -1.08036410808563 -2.96147346496582 -1.71699976921082 3.74051642417908 11.2566366195679 1.78025209903717
0.0749862641096115 0.0522060841321945 0.0490115098655224 0.0742249041795731 0.0364080183207989 0.0210530906915665 -0.00399811239913106 -0.0515276603400707 -0.173613801598549 -0.893330216407776 -1.25834536552429 -1.29075741767883 0.586944043636322 -1.5290732383728 5.81824111938477 1.7355991601944 -1.27130806446075 -1.72911334037781 -1.81867897510529 1.71614265441895 -1.96250355243683 10.8071432113647 8.83643245697021 1.68872320652008 0.567701935768127 0.854805588722229 7.94664573669434 5.57905960083008 3.17320871353149 3.00184655189514 0.017422990873456 15.2155323028564 -0.979134440422058 23.3546028137207 2.16695165634155 1.0270357131958 0.492319524288177 -2.24486446380615 2.03640985488892 -2.32996988296509 -2.46243524551392 -2.92395782470703 9.25898742675781 7.30859422683716 -3.14874696731567 -3.76273608207703
0.306604266166687 0.189509734511375 0.134190201759338 0.211213022470474 0.182103127241135 0.0536375343799591 -0.0409725643694401 -0.105120852589607 -0.776648879051208 -1.08550989627838 -1.42816150188446 -1.86428892612457 4.54010915756226 3.63343358039856 3.61553144454956 -0.0980131179094315 -0.662677645683289 -1.25821352005005 13.0462579727173 -1.21373701095581 -2.15660047531128 -2.37070202827454 7.76035499572754 7.86214351654053 3.7630512714386 8.96004009246826 7.48118686676025 6.10226631164551 11.5420637130737 2.87786102294922 -0.421313643455505 -1.07544183731079 -1.45841753482819 14.5366497039795 -0.569800674915314 17.1671562194824 -2.33851003646851 -1.41552269458771 -2.40186738967896 -2.48459815979004 12.042459487915 3.88232922554016 -2.43948197364807 -4.32291841506958 10.9213895797729 -0.435451686382294
0.698161065578461 0.522132992744446 0.350111126899719 0.202548414468765 0.165557652711868 -0.0160840786993504 -0.134885549545288 -0.8258056640625 13.3100414276123 -0.965386688709259 1.92067968845367 -2.13714218139648 11.8327798843384 4.3976411819458 2.55686831474304 1.68436861038208 -2.1326003074646 12.6685953140259 6.75330448150635 1.9422150850296 -2.23969030380249 -2.36695790290833 0.115692317485809 5.20471811294556 0.7558873295784 19.2912845611572 12.8173952102661 10.7907381057739 -1.77345514297485 16.2122173309326 10.8577165603638 -0.365073770284653 19.1516017913818 12.3760442733765 -1.51313710212708 10.8232746124268 -2.16270899772644 -2.35331511497498 2.00817370414734 5.38603162765503 1.02537786960602 -3.38758993148804 0.00161192461382598 -3.6746392250061 -4.22368478775024 -4.60397720336914
