slauniainen/Data/DEM/Vihti_dem1500b_cl_horizonAngle_354.asc
NCOLS 196 
NROWS 178 
XLLCORNER 353680 
YLLCORNER 6699024 
CELLSIZE 16 
NODATA_value -3.4e+38 
[rows 80 to 99 of 178, columns 90 to 134 of 196]
0.415011674165726 0.449545443058014 0.532908737659454 0.678597867488861 1.02254605293274 1.25030148029327 2.32507514953613 5.68896722793579 10.4501028060913 13.8346138000488 14.8587017059326 16.3892440795898 16.5562534332275 18.290376663208 17.2956390380859 18.5377445220947 18.4241733551025 16.953197479248 16.0837497711182 15.0166521072388 11.8413324356079 9.34324932098389 7.44822216033936 4.23385190963745 3.77062392234802 4.28560733795166 4.115309715271 4.41493225097656 4.70190334320068 4.36481237411499 2.90670561790466 1.38262629508972 1.39936411380768 1.4769788980484 4.64023113250732 6.80349540710449 7.81485414505005 9.73530769348145 12.5869102478027 10.7298059463501 11.0819292068481 12.3181314468384 11.7707328796387 9.42192268371582 7.89254999160767
0.379797548055649 0.422788500785828 0.488907247781754 0.629936397075653 0.938190817832947 1.20554852485657 1.30317270755768 4.97672367095947 7.76846027374268 10.3210277557373 14.1508941650391 16.1515998840332 16.1993923187256 17.5037651062012 17.1214485168457 17.2596130371094 16.8573951721191 16.229341506958 15.5851125717163 14.9411973953247 13.0248155593872 9.21443557739258 7.39031410217285 5.72941398620605 4.45074367523193 3.88151812553406 3.90731048583984 3.76064538955688 4.16099977493286 3.78727293014526 2.39776420593262 1.00266480445862 0.793544411659241 1.47533619403839 5.97458267211914 8.60589122772217 11.4135723114014 11.4363555908203 13.4438629150391 14.9975996017456 11.2279624938965 11.3015613555908 10.8507766723633 10.5697288513184 7.90347194671631
0.347593873739243 0.394824683666229 0.463073313236237 0.586766600608826 0.887824475765228 1.14819693565369 1.25617372989655 4.49070882797241 7.15976762771606 8.16145038604736 11.0099630355835 14.1488552093506 15.1363210678101 15.9912481307983 15.4954566955566 15.4971208572388 15.2796697616577 14.6275081634521 14.2928743362427 13.6919202804565 11.9303045272827 8.99300193786621 6.99185657501221 4.90037727355957 3.80788326263428 3.71101665496826 3.81904602050781 3.52935671806335 3.62095546722412 2.98665738105774 1.55103611946106 0.493408977985382 -0.252175778150558 1.16154670715332 5.74799585342407 10.0812864303589 11.2940540313721 12.2647581100464 12.9804754257202 14.3609666824341 12.0844984054565 9.97089004516602 10.0516843795776 9.74131679534912 6.93108892440796
0.321348786354065 0.37272834777832 0.439066022634506 0.515774667263031 0.766024827957153 1.00481939315796 1.20289444923401 4.03285884857178 7.03314971923828 8.10583972930908 9.23514461517334 12.1341562271118 13.3461465835571 14.2380523681641 13.675609588623 13.4574689865112 13.0127286911011 13.0757541656494 12.7545108795166 12.2435321807861 10.8588876724243 8.87942409515381 6.93527030944824 4.71549701690674 3.38205528259277 3.49714636802673 3.95796132087708 3.49897623062134 3.08185625076294 1.19296729564667 -0.0243055373430252 -0.628901362419128 -0.922811448574066 -0.462509870529175 4.99819183349609 8.0352954864502 9.19326877593994 10.8300275802612 12.2205123901367 13.4496088027954 12.4163455963135 14.0333633422852 11.6492910385132 9.28806114196777 6.7141261100769
0.302327632904053 0.353777855634689 0.420715779066086 0.490748316049576 0.642688989639282 0.934715628623962 1.15656018257141 3.6906623840332 6.41586256027222 8.07013893127441 10.0307607650757 10.5854120254517 12.2788066864014 12.4724969863892 12.7898559570312 12.8139381408691 12.1264314651489 11.9311094284058 11.5984525680542 11.0577583312988 9.6905460357666 7.73414182662964 6.11875438690186 4.44764137268066 2.91001152992249 2.98219060897827 3.46908712387085 3.31127905845642 2.81717157363892 0.429842084646225 -0.714087545871735 -1.46520113945007 -1.65731942653656 -1.41257429122925 4.37968921661377 7.21960544586182 7.83869171142578 8.54553985595703 10.6368026733398 12.1379165649414 11.9287729263306 12.1310033798218 11.4899015426636 11.4859790802002 9.72450542449951
0.284319847822189 0.324500262737274 0.391780823469162 0.466127693653107 0.574325084686279 0.841551601886749 1.09809935092926 3.41339302062988 5.85850048065186 7.35085391998291 8.50589752197266 9.59646892547607 11.1052799224854 11.0921039581299 11.1797771453857 10.9742031097412 11.0865516662598 10.8033485412598 10.2244215011597 9.8841381072998 8.61885070800781 6.77336740493774 5.36434316635132 3.80604672431946 2.68329930305481 2.83602499961853 3.02153730392456 2.89397287368774 2.70748591423035 5.39181566238403 -0.236623734235764 1.30322122573853 -1.78398108482361 -1.55641460418701 3.12225008010864 6.45793485641479 8.41787433624268 8.25084495544434 9.51986408233643 10.7688875198364 10.8804216384888 10.2780961990356 9.97339725494385 9.04245662689209 7.87119960784912
0.261569052934647 0.289283186197281 0.356283187866211 0.441931337118149 0.533742785453796 0.805445194244385 1.00192224979401 3.17309761047363 5.42264032363892 6.77445077896118 7.79873371124268 8.78472900390625 10.0554475784302 10.0023336410522 9.55448722839355 9.09278011322021 9.14978885650635 8.92385101318359 8.41647720336914 8.2102689743042 7.39207983016968 5.83393287658691 4.62063789367676 3.15239405632019 2.34673237800598 2.60405397415161 2.84157252311707 2.57150959968567 2.62515616416931 18.7669715881348 21.5752391815186 20.0492496490479 16.4027061462402 5.77712345123291 2.07505321502686 4.96260118484497 7.76247644424438 9.38866424560547 9.02447032928467 9.70285224914551 9.66940879821777 9.28886795043945 9.29731178283691 8.37905883789062 6.51119041442871
0.221946328878403 0.26342710852623 0.329967141151428 0.410717904567719 0.499247252941132 0.777266919612885 0.927554309368134 2.67007350921631 5.04862928390503 6.27085876464844 7.22787857055664 8.08649158477783 9.21367740631104 8.82232570648193 8.09672069549561 7.75502729415894 7.64844989776611 7.43926906585693 7.08051490783691 6.96350431442261 6.36559867858887 5.00472593307495 3.93641209602356 2.58659720420837 1.95920932292938 2.27828741073608 2.96880030632019 8.44156074523926 8.33021640777588 15.5879640579224 22.2095336914062 21.8405475616455 20.1646499633789 14.266713142395 5.30189847946167 4.62729930877686 6.72309732437134 7.70543909072876 8.2525463104248 8.74743366241455 8.80443572998047 8.41122436523438 8.69187259674072 7.87290811538696 5.96508502960205
0.205410778522491 0.241007447242737 0.294173777103424 0.383857905864716 0.466957598924637 0.752699732780457 0.893607139587402 1.71777367591858 4.34265756607056 5.84617137908936 6.72263240814209 7.49666976928711 8.4604549407959 7.54760265350342 6.75004291534424 6.2014799118042 5.85131549835205 5.77353954315186 5.87356233596802 5.85949087142944 5.39853429794312 4.23658275604248 3.36373424530029 2.18338012695312 1.55773782730103 1.88679707050323 2.48033857345581 8.01332855224609 10.9447689056396 13.8528966903687 17.6557159423828 16.7847709655762 15.3458738327026 12.2193832397461 9.18880462646484 4.49647903442383 6.15173006057739 6.88226699829102 7.4799165725708 7.93953704833984 8.09420299530029 7.84743404388428 8.27041912078857 7.69142389297485 5.90554428100586
0.199006900191307 0.224376037716866 0.283326804637909 0.340977907180786 0.4454665184021 0.691030025482178 0.863600969314575 0.975780069828033 2.89371657371521 5.16966772079468 6.26471090316772 6.97198534011841 7.37195348739624 5.43567943572998 4.04661321640015 4.03991031646729 3.7483959197998 3.78763628005981 4.3068699836731 4.51996231079102 4.17353534698486 3.37623333930969 2.72619700431824 1.72952520847321 1.25437462329865 1.54232180118561 2.33192944526672 5.89776754379272 7.87823629379272 11.9276895523071 15.257511138916 14.7820081710815 13.6660566329956 10.9691677093506 7.52703380584717 4.44643497467041 5.74388265609741 6.19352149963379 6.62508249282837 7.13223934173584 7.55999231338501 7.62754011154175 8.04114627838135 7.59227514266968 8.43503761291504
0.273659884929657 0.216389209032059 0.262160956859589 0.320420354604721 0.416177541017532 0.638230383396149 0.831324219703674 0.922162175178528 2.39063453674316 4.12379550933838 5.46522665023804 6.51109075546265 6.97749471664429 5.07412528991699 2.79220652580261 2.19957637786865 1.98418724536896 2.1625120639801 2.16357922554016 2.75307202339172 2.55731415748596 1.89186227321625 1.85706341266632 1.25478649139404 1.10688626766205 1.46151697635651 2.24913501739502 4.54473924636841 6.12631464004517 7.77818059921265 10.8456735610962 12.3293485641479 11.6044282913208 10.1998243331909 7.42039251327515 4.66027355194092 5.36919593811035 5.66824913024902 5.79274702072144 6.38505697250366 7.00065660476685 7.4146089553833 7.94662857055664 7.54000520706177 8.17154788970947
0.291236490011215 0.177615940570831 0.235147193074226 0.295564293861389 0.386828482151031 0.616973519325256 0.807738602161407 0.893176853656769 2.24735903739929 3.88811278343201 4.79994869232178 5.74516582489014 6.71251010894775 8.36616134643555 2.24994087219238 1.19502246379852 0.869052648544312 1.16883540153503 1.19997119903564 1.5457478761673 1.91854155063629 1.61270642280579 1.09509479999542 1.08753824234009 0.876587629318237 1.33597993850708 2.13483953475952 2.63093256950378 4.15542602539062 4.88888359069824 8.32743549346924 10.730037689209 9.93819236755371 7.42593431472778 5.82315731048584 4.31371784210205 4.95224142074585 5.32580327987671 5.54243946075439 6.04988670349121 6.57156896591187 7.19074392318726 7.77617073059082 7.90728282928467 7.84659242630005
0.0681275725364685 0.12805013358593 0.203420102596283 0.270488768815994 0.347164064645767 0.532932102680206 0.712281823158264 0.862792789936066 2.12031817436218 3.67607474327087 4.53690004348755 5.16405010223389 5.66484403610229 14.530933380127 9.77578926086426 2.46807742118835 0.613909900188446 0.645219922065735 0.702197432518005 0.778683960437775 0.898139595985413 0.926748394966125 0.383740603923798 0.408336311578751 0.459037929773331 1.0743579864502 1.80804705619812 2.40390229225159 2.95887422561646 4.1244010925293 7.23368120193481 9.41695308685303 9.01683712005615 6.97073459625244 4.16546010971069 3.14625883102417 4.35652351379395 5.10295915603638 6.38315534591675 8.37394332885742 8.26068782806396 7.05055236816406 7.3252100944519 7.85360670089722 7.60092401504517
0.0270726587623358 0.0946105867624283 0.154419749975204 0.23665726184845 0.32001256942749 0.448077976703644 0.670895218849182 0.827851057052612 2.00508785247803 3.48431801795959 4.30107688903809 4.88075828552246 5.3569598197937 10.791072845459 15.7224349975586 9.68556499481201 6.14956569671631 0.637398242950439 0.469639122486115 0.224196031689644 0.322952181100845 0.402225464582443 0.0487060993909836 0.0787267610430717 0.0469235181808472 0.565598666667938 0.99335914850235 1.82309424877167 2.44056034088135 3.40543794631958 6.3786096572876 8.29788494110107 8.09961700439453 8.92137908935547 6.9432053565979 2.58967089653015 3.51337194442749 4.53346347808838 5.2960729598999 6.7655782699585 6.46068572998047 6.80345058441162 7.0438084602356 7.6819052696228 7.51907110214233
0.351149290800095 0.0499031394720078 0.10160069167614 0.168927624821663 0.275497287511826 0.374657303094864 0.595855355262756 0.789659857749939 1.90838348865509 3.3096239566803 4.08364868164062 4.62757253646851 5.0599684715271 8.82200336456299 15.5005903244019 12.1018953323364 8.78521060943604 3.63198447227478 0.436819672584534 0.00896221492439508 0.0659215077757835 -0.0102459797635674 -0.0388697125017643 0.0427498184144497 0.004998411051929 0.314979881048203 0.600152313709259 1.29504954814911 2.09625720977783 2.70231056213379 5.70500898361206 7.44793081283569 7.32882070541382 6.47089242935181 4.14858961105347 1.92796123027802 2.76216840744019 4.00349140167236 5.10290765762329 5.81697225570679 6.17317962646484 6.43317842483521 6.53905963897705 7.12230443954468 7.02183294296265
0.2436313778162 0.0156921166926622 0.0570264980196953 0.125279635190964 0.236156985163689 0.352281481027603 0.545809149742126 0.722163379192352 1.81229770183563 3.15350222587585 3.88184595108032 4.39335966110229 4.78965377807617 7.15836048126221 14.9232711791992 10.9940090179443 8.22268962860107 7.12111568450928 6.14754009246826 2.14250540733337 1.69888031482697 -0.298173636198044 -0.220537289977074 -0.10537114739418 -0.0202318634837866 1.71899783611298 5.58650875091553 7.69283437728882 3.33686780929565 2.57978510856628 5.25510740280151 6.87900590896606 6.83281707763672 6.09579038619995 3.84013366699219 1.54243779182434 2.24149012565613 3.83839106559753 4.8692889213562 5.56678771972656 5.90097379684448 6.04527473449707 6.08812713623047 6.66384935379028 6.54360008239746
0.461962968111038 0.0100517459213734 0.0228065010160208 0.0962319597601891 0.193133011460304 0.328429013490677 0.536117672920227 0.696982562541962 1.4967520236969 2.99810767173767 3.69533705711365 4.17652606964111 4.55536317825317 5.11257362365723 14.5410127639771 16.3572254180908 9.12079429626465 7.97940969467163 8.11138248443604 10.6152744293213 6.66055059432983 3.56286311149597 -0.406952410936356 -0.145717263221741 1.19409930706024 3.08205628395081 5.68687725067139 8.13529300689697 6.51154899597168 3.141521692276 5.0337028503418 6.7894868850708 6.55535650253296 5.92968893051147 3.79687261581421 3.61753511428833 2.15664052963257 3.69853448867798 4.62162923812866 5.28727769851685 5.63592672348022 5.71038675308228 5.77502584457397 6.33203458786011 6.25119304656982
0.94011253118515 0.00687071168795228 0.0145346419885755 0.0614701062440872 0.162742167711258 0.27168208360672 0.459274232387543 0.617352545261383 0.934336960315704 2.53696084022522 3.52171778678894 3.98379755020142 4.34024238586426 4.87628364562988 12.236234664917 22.257511138916 14.2529964447021 11.583155632019 10.0071144104004 15.1178750991821 13.9088649749756 13.2957372665405 9.30734825134277 4.61859798431396 5.39368438720703 5.84273815155029 7.42854499816895 8.83755588531494 11.7211580276489 10.634183883667 6.84298229217529 6.76532649993896 14.1231994628906 8.21023178100586 4.26143026351929 6.86334276199341 2.82935786247253 3.47795701026917 4.44790935516357 5.05661487579346 5.38010215759277 5.44100713729858 5.5008487701416 6.0964298248291 6.01408433914185
0.774131119251251 0.0485489740967751 0.0116044916212559 0.0136337280273438 0.10989136248827 0.231152474880219 0.385283648967743 0.579560935497284 0.71740734577179 1.64137649536133 3.06292390823364 3.79659700393677 4.14806127548218 4.65093088150024 8.57513999938965 18.6302814483643 23.0134792327881 20.2059020996094 19.1999855041504 19.91286277771 22.4171466827393 22.0190582275391 15.8358316421509 12.1744108200073 9.11801052093506 10.028058052063 10.8815364837646 10.1504068374634 11.6779909133911 12.8617191314697 17.3735980987549 17.7577896118164 14.8894233703613 9.30476760864258 5.91639232635498 6.64836740493774 7.04785299301147 3.81336402893066 4.35823059082031 4.86135530471802 5.11819887161255 5.19355726242065 5.33579397201538 5.89122295379639 5.8603138923645
0.674175798892975 0.0246965363621712 0.00625307904556394 -0.0029507742729038 0.0587932467460632 0.188328757882118 0.312943458557129 0.514426827430725 0.681315898895264 1.49644553661346 2.60093140602112 3.26356053352356 3.94808888435364 4.45052194595337 5.14984321594238 15.1832714080811 21.9074325561523 27.1710586547852 24.779468536377 20.6435165405273 20.2699451446533 21.2276039123535 19.9076232910156 16.4447345733643 13.9197015762329 13.0936231613159 13.4588260650635 13.4636325836182 15.5372934341431 17.7185554504395 18.2868175506592 19.2605609893799 13.9767866134644 8.36277866363525 8.85389423370361 13.1456689834595 17.8094024658203 14.4468154907227 8.09045505523682 4.84411859512329 4.88076686859131 4.98053216934204 5.21304798126221 5.75605916976929 5.71069574356079
