slauniainen/Data/DEM/Vihti_dem1500b_cl_horizonAngle_108.asc
NCOLS 196 
NROWS 178 
XLLCORNER 353680 
YLLCORNER 6699024 
CELLSIZE 16 
NODATA_value -3.4e+38 
[rows 140 to 159 of 178, columns 90 to 134 of 196]
6.03587579727173 4.26309299468994 4.00973176956177 4.04535579681396 4.14567518234253 5.29239082336426 4.05542230606079 4.05851411819458 4.08359861373901 4.4433765411377 4.70422887802124 5.02086448669434 5.32046985626221 5.72117471694946 5.95536613464355 6.18049430847168 7.16032457351685 6.72727727890015 6.80699396133423 7.37979173660278 8.24671173095703 10.2765645980835 16.7023525238037 24.2872943878174 28.422571182251 40.4950408935547 25.6221733093262 12.8097352981567 4.53395414352417 1.04620623588562 2.97206997871399 0.786154508590698 0.847814559936523 1.28914451599121 1.83735454082489 2.67697930335999 7.59017992019653 2.30146408081055 2.24584484100342 4.67638206481934 6.00330877304077 2.01595854759216 -0.17616368830204 -1.89902579784393 -1.87754774093628
7.02253818511963 6.65184831619263 7.03763198852539 7.04301834106445 4.86974287033081 4.60115003585815 4.8197660446167 4.5751314163208 4.51264238357544 4.71423149108887 4.91567468643188 5.13874292373657 5.33552217483521 5.70522212982178 5.95004844665527 6.68461942672729 7.54041194915771 9.37438297271729 6.26743030548096 6.76874446868896 7.72765398025513 10.1135358810425 15.1067066192627 20.6974506378174 24.2300262451172 39.3770370483398 27.7916011810303 18.3549327850342 4.38397407531738 0.494222223758698 4.03378868103027 1.694540143013 0.726805567741394 1.17768943309784 1.49380266666412 2.51029014587402 4.07910490036011 1.35274171829224 2.04248118400574 3.54694175720215 4.4052677154541 4.17518329620361 0.822871923446655 -0.76021009683609 -1.21591889858246
7.65723466873169 8.14259243011475 8.66963005065918 8.59733867645264 8.49130344390869 9.34298515319824 9.41120052337646 6.40406084060669 6.80202865600586 7.01217699050903 5.15930700302124 5.33446931838989 5.38445806503296 5.5986065864563 6.17517185211182 7.7560715675354 7.95870018005371 8.97813701629639 6.06796360015869 6.47044801712036 7.39134693145752 10.0044345855713 14.084792137146 18.9109725952148 22.4475440979004 33.2617301940918 26.8014430999756 21.4805526733398 9.53973007202148 0.298019617795944 1.68957209587097 3.72849202156067 0.499543517827988 0.961169064044952 1.33780896663666 1.41097962856293 1.84408795833588 2.77833557128906 2.40148067474365 2.86584997177124 2.35822463035583 2.48419380187988 3.93280935287476 0.569728255271912 0.2456394135952
8.413330078125 8.86295890808105 9.12699604034424 10.132716178894 11.2425937652588 11.7832183837891 11.5245914459229 12.2407493591309 13.8768930435181 13.4661359786987 9.28604793548584 10.9737663269043 10.8994674682617 6.53454542160034 6.17950582504272 6.00294733047485 6.09800386428833 5.77701807022095 5.86818504333496 6.52899885177612 7.51396942138672 9.75142955780029 13.5286884307861 18.0139694213867 21.7332763671875 24.7467479705811 25.7769660949707 26.603178024292 10.5898551940918 0.00670507829636335 0.359963446855545 2.94332337379456 1.39674282073975 0.529644966125488 0.915229260921478 1.09912884235382 1.98031604290009 2.85023403167725 2.35186958312988 2.61161351203918 2.69972705841064 2.97889304161072 3.94647479057312 4.48437976837158 5.35839796066284
8.92253971099854 9.56003475189209 10.1873359680176 11.2569341659546 12.3352947235107 13.0247974395752 14.7102365493774 16.6966896057129 16.8518123626709 16.916711807251 21.218843460083 23.027135848999 20.861442565918 7.39124774932861 4.28454923629761 5.15157222747803 5.52534818649292 5.7270302772522 5.92147970199585 6.63815021514893 7.68549537658691 9.47958946228027 13.2081718444824 19.2774791717529 23.3097267150879 27.8691959381104 26.0180206298828 22.6206493377686 10.5303945541382 -0.26613461971283 -0.230911612510681 1.03031861782074 2.23847937583923 0.245860725641251 0.548679351806641 1.17673575878143 1.71785259246826 3.32630300521851 2.27489614486694 2.52487707138062 2.93722772598267 3.28223276138306 5.12315559387207 6.01895380020142 6.78639793395996
9.12871170043945 9.83026695251465 10.7663669586182 11.8674087524414 13.0453958511353 14.6922426223755 16.5117721557617 17.4167213439941 19.2099380493164 23.7115287780762 27.1126613616943 23.1558532714844 13.793906211853 5.49774360656738 1.58831179141998 3.70215630531311 4.78384399414062 5.31566667556763 6.16839504241943 6.81392574310303 7.96656084060669 9.30153274536133 13.5675191879272 19.6435127258301 25.6723594665527 30.979419708252 22.5173988342285 12.4217910766602 8.72612380981445 2.03789710998535 -0.574395835399628 -0.148321270942688 -0.0286455266177654 0.149832859635353 0.743066310882568 1.24047493934631 1.44582056999207 2.15770173072815 2.71564221382141 2.25290989875793 2.17093920707703 3.41200184822083 4.86805295944214 5.89611864089966 7.40861129760742
9.56261157989502 10.2397565841675 11.2069978713989 12.2709941864014 13.5099105834961 14.7745742797852 16.3668804168701 18.7704372406006 20.5601482391357 23.5408630371094 25.9494514465332 18.0172233581543 5.67980289459229 0.349314391613007 -0.128971457481384 0.974356174468994 2.93981719017029 4.26470422744751 5.90683317184448 6.68275022506714 8.01229572296143 10.2964401245117 14.5081596374512 19.3482131958008 25.603063583374 27.3767948150635 13.1991310119629 11.7889289855957 7.55200433731079 -0.789627611637115 -0.664847314357758 -0.277502506971359 -0.130345866084099 0.421190738677979 1.15856659412384 2.25121855735779 1.72227644920349 1.79435968399048 2.30446457862854 4.62166547775269 1.88410627841949 2.81092667579651 3.38649940490723 6.48782825469971 4.63208818435669
9.21074104309082 10.679102897644 11.6036787033081 12.5957937240601 13.3291110992432 14.594518661499 16.2458114624023 18.3233871459961 18.6958789825439 20.8257675170898 24.2393226623535 9.88319969177246 2.20781707763672 -0.821002662181854 -0.767489731311798 -0.294079601764679 0.604692101478577 2.80021476745605 5.01253414154053 6.37508773803711 8.30981826782227 10.8952856063843 13.8205289840698 18.0158157348633 24.9048194885254 25.4523468017578 11.8749256134033 11.6480598449707 4.58768033981323 -1.07561421394348 -0.476481795310974 -0.212128847837448 -0.0765817314386368 0.607499659061432 1.61882090568542 4.036208152771 1.82944023609161 2.0947322845459 2.18511962890625 3.0737476348877 2.13590312004089 2.60269594192505 2.53524041175842 4.08728647232056 3.90969514846802
10.825647354126 14.6378602981567 16.9089374542236 15.3145189285278 13.744366645813 13.1345911026001 14.7048292160034 16.5190982818604 17.4205932617188 18.4595470428467 20.1493377685547 9.94828319549561 0.790530562400818 -1.12616980075836 -1.05332779884338 -0.865434527397156 -0.182719320058823 1.23006200790405 3.54129719734192 5.3154125213623 8.21839618682861 10.7928924560547 14.3198251724243 18.1524238586426 22.9797019958496 27.5238075256348 16.1482639312744 9.45891094207764 -1.13265299797058 -1.13123261928558 -0.983131110668182 -0.637408494949341 -0.39871671795845 0.678577184677124 2.17370057106018 5.55105543136597 2.05923461914062 2.13609409332275 2.80256628990173 1.42188167572021 2.40808057785034 3.00618267059326 3.90773725509644 1.60950672626495 2.66008496284485
15.6852149963379 19.9393882751465 15.3240776062012 10.2364635467529 8.57924175262451 9.23027038574219 10.3577890396118 14.1444215774536 14.871132850647 17.1342277526855 17.4686717987061 6.62523937225342 3.24000763893127 -1.5649551153183 -1.40417516231537 -1.05175769329071 -0.565467119216919 0.658739805221558 2.57555866241455 4.27627515792847 7.17104434967041 9.48355293273926 13.0637531280518 16.4262180328369 20.4591236114502 29.3751220703125 12.6074409484863 9.11115169525146 -1.24777150154114 -1.21855580806732 -1.05312705039978 -0.753093361854553 -0.1164640635252 0.635492920875549 2.01136207580566 4.73459100723267 4.54218053817749 3.00836229324341 1.73515701293945 0.463456809520721 1.62401831150055 4.84444141387939 5.43597936630249 1.98973548412323 1.14726376533508
12.9946575164795 16.9043979644775 20.468376159668 6.58857345581055 7.26346015930176 7.68991708755493 9.04429149627686 12.1092891693115 12.4064588546753 14.9295921325684 15.6133975982666 2.84704542160034 1.21534550189972 -1.94371688365936 -1.71184980869293 -1.30850958824158 -0.508625686168671 0.588099479675293 2.0887393951416 3.71654343605042 6.14250802993774 8.05381298065186 11.0700674057007 14.027663230896 17.4774208068848 25.0533409118652 14.8225612640381 8.00888156890869 -1.11131322383881 -1.10460519790649 -1.05967569351196 -0.461936205625534 -0.163249880075455 0.243073180317879 1.5475105047226 3.08676075935364 4.51541042327881 4.2052116394043 3.01449251174927 0.613468527793884 1.9987940788269 3.69774889945984 5.16204166412354 2.06343650817871 0.843194305896759
7.15161991119385 7.73172616958618 20.5785808563232 6.39992761611938 6.47816848754883 7.83814096450806 10.6236019134521 14.5482988357544 16.1548671722412 8.84049034118652 7.95834827423096 6.44313144683838 -1.39297473430634 -1.82263910770416 -1.58924460411072 -1.03696501255035 -0.283939689397812 0.809354543685913 2.10242795944214 3.60002827644348 5.81325006484985 7.38001203536987 8.88981628417969 11.9409017562866 13.9347066879272 21.7200412750244 13.7282209396362 7.35823059082031 0.0199168305844069 -0.961563348770142 -0.715492963790894 0.124964945018291 0.33169761300087 -1.02210092544556 0.374152898788452 2.93592071533203 3.63807988166809 5.10951805114746 4.09843111038208 -1.08038055896759 0.0142398253083229 3.20939612388611 4.9728307723999 -1.24441432952881 -1.18343019485474
7.51779651641846 6.87049245834351 7.64096021652222 9.09423732757568 7.26545238494873 9.64249706268311 13.6293649673462 20.6130542755127 17.2681884765625 4.37738656997681 5.07869958877563 4.95995044708252 -1.93244934082031 -1.80734920501709 -1.50439691543579 -0.68796581029892 -0.0117260720580816 0.930679976940155 2.37774419784546 3.67155170440674 5.36794900894165 6.75305843353271 8.01568984985352 10.7540721893311 12.4755277633667 17.9497966766357 13.6965560913086 7.12953567504883 2.49581050872803 -0.717506587505341 -0.640658795833588 0.501213788986206 1.23825705051422 -0.896314263343811 -0.162462130188942 2.33712673187256 4.89735984802246 5.2585825920105 3.28592109680176 -1.09099316596985 -0.683790624141693 0.097152516245842 2.84072256088257 2.13011908531189 -1.04665148258209
9.31463813781738 6.87557935714722 7.97756195068359 9.14524459838867 9.78717708587646 12.3015642166138 16.1984672546387 28.5671062469482 18.5673637390137 4.27253103256226 3.97840809822083 2.49439263343811 -1.77961730957031 -1.66066718101501 -1.39125096797943 -1.08175086975098 -0.827897667884827 -0.179053574800491 1.41689443588257 3.36964750289917 4.41304302215576 5.87334060668945 6.98111009597778 9.82945251464844 12.1442756652832 18.0151233673096 14.6052913665771 5.17242050170898 3.31949591636658 1.54540622234344 -0.85562652349472 0.23717013001442 1.69822525978088 -0.892210245132446 -0.745196342468262 -0.350866317749023 5.48157119750977 5.60926675796509 0.585272192955017 -1.01670920848846 -0.927127599716187 -0.0146985668689013 4.29547262191772 3.48676300048828 -0.973564147949219
6.63869619369507 7.10665798187256 7.99158811569214 9.46400928497314 10.5436058044434 13.7880907058716 17.1363315582275 24.8187446594238 25.3414268493652 5.69138145446777 4.24942064285278 -0.864144623279572 -1.65010344982147 -1.57140445709229 -1.33109128475189 -1.18875396251678 -0.97946959733963 -0.654497623443604 -0.0185534935444593 2.18370223045349 3.14620208740234 5.34777879714966 6.51887321472168 8.79097175598145 11.0630083084106 15.7104864120483 16.8011131286621 4.15561628341675 2.25795650482178 1.89269435405731 0.0106004532426596 0.901210129261017 0.21943923830986 -0.986687779426575 -0.875641286373138 -0.613798320293427 0.748464167118073 5.72359848022461 -0.594987511634827 -0.570383071899414 -0.431546688079834 2.1689145565033 2.12428045272827 2.69830513000488 -0.805959343910217
5.11860466003418 6.70520162582397 7.22731065750122 8.98113059997559 10.0111169815063 11.9295358657837 14.8458280563354 19.132926940918 27.9349670410156 8.8205623626709 2.98757362365723 -0.997325420379639 -1.63709199428558 -1.52910900115967 -1.31785666942596 0.180125162005424 -1.08244705200195 -0.804793834686279 -0.485715448856354 1.56478917598724 2.73769545555115 4.43962955474854 5.23086261749268 7.07926082611084 9.63852310180664 12.7055215835571 16.5012626647949 7.11869478225708 -0.473649173974991 -0.69963127374649 0.160071894526482 2.72493767738342 -1.05036950111389 -1.03639769554138 -0.881525337696075 -0.67060512304306 -0.497866302728653 4.83350944519043 -0.375272840261459 -0.309513449668884 1.24194359779358 3.46027731895447 0.339019298553467 2.27418684959412 -0.366093158721924
4.14127349853516 5.59416389465332 6.24510335922241 7.38726854324341 9.20126914978027 10.4015645980835 12.4580068588257 14.6459331512451 26.0729999542236 12.768684387207 4.83985710144043 -0.618627190589905 -1.2554829120636 -1.26538455486298 -1.3163720369339 0.595844209194183 -1.0643949508667 -0.822271645069122 -0.489775747060776 0.939867615699768 2.15336894989014 3.6077880859375 4.2866039276123 5.46898937225342 7.90595006942749 8.86807441711426 14.9917106628418 11.1329374313354 -0.529221653938293 -0.471531838178635 -0.406112223863602 0.468923002481461 -0.476462632417679 1.93060064315796 -0.606502652168274 -0.543829023838043 -0.410633265972137 -0.255576848983765 -0.109758444130421 2.98460364341736 0.522139847278595 1.5156751871109 -0.0395846404135227 2.94514918327332 -0.0512078106403351
3.72071695327759 4.8679838180542 5.51723861694336 6.24456405639648 8.05968379974365 9.03175258636475 10.9139518737793 11.9518995285034 19.5683460235596 18.0949668884277 7.76687526702881 -0.0445055030286312 -1.14878392219543 -1.05830085277557 -0.825172007083893 -0.613661587238312 -0.733179688453674 -0.77496874332428 -0.329350978136063 0.542514979839325 1.50844144821167 2.72174787521362 3.55203437805176 4.46756029129028 6.91984415054321 8.01954936981201 12.7756481170654 10.3273410797119 -0.407047539949417 -0.283078551292419 -0.168106451630592 0.0216700695455074 0.337899208068848 3.44339990615845 -0.0831854343414307 0.030848104506731 0.118104837834835 0.251957148313522 0.405965000391006 2.59969687461853 1.25283944606781 0.23458443582058 0.469113051891327 0.602130532264709 0.772536814212799
3.00789713859558 4.52558088302612 5.26703691482544 5.85488319396973 7.22746419906616 8.21184730529785 9.98556900024414 10.8902549743652 13.8760900497437 15.5624732971191 14.3868474960327 2.80747222900391 -1.00086212158203 -0.9247967004776 -0.712773978710175 -0.517392337322235 -0.492348909378052 -0.289629727602005 -0.0564730875194073 0.251839309930801 0.979617357254028 2.68427729606628 3.35411381721497 4.04113912582397 5.99701070785522 7.52667284011841 11.0630884170532 10.5114326477051 -0.342272847890854 -0.198785901069641 0.000347151595633477 0.303384006023407 0.466668784618378 5.55051422119141 0.391807854175568 0.693222522735596 0.754568517208099 0.882108092308044 0.902354538440704 0.870869576931 1.02255976200104 1.41930520534515 1.61923730373383 1.70568203926086 4.04265117645264
1.7156103849411 3.73497247695923 4.53423404693604 5.12988376617432 6.86240339279175 7.90468645095825 9.06403350830078 10.9135303497314 13.1357984542847 13.765212059021 13.4351530075073 5.99693155288696 -0.668851554393768 -0.608535885810852 -0.610382258892059 -0.514929533004761 -0.32258528470993 0.0174001175910234 0.245489329099655 0.552538871765137 1.17440688610077 2.25669002532959 2.59701490402222 3.41346764564514 5.44382047653198 6.99164342880249 11.2179479598999 8.61147403717041 -0.34933215379715 -0.270200669765472 -0.155977845191956 0.396905273199081 0.638268530368805 1.26952433586121 0.921845257282257 1.04481661319733 1.30570447444916 1.40772366523743 1.46719646453857 1.56602966785431 2.08526635169983 2.54276752471924 2.64573383331299 2.8148365020752 3.00066709518433
