slauniainen/Data/DEM/Vihti_dsm1500b_cl_horizonAngle_156.asc
NCOLS 196 
NROWS 178 
XLLCORNER 353680 
YLLCORNER 6699024 
CELLSIZE 16 
NODATA_value -3.4e+38 
[rows 20 to 39 of 178, columns 138 to 183 of 196]
7.74830532073975 6.40095329284668 6.09539365768433 6.58136892318726 7.2061562538147 6.97709321975708 6.97352266311646 6.71421957015991 6.69888591766357 6.2001256942749 5.26083850860596 4.24389934539795 3.49434566497803 3.65157103538513 3.52558040618896 3.54483485221863 3.74062967300415 3.64639973640442 3.54570746421814 3.95806670188904 4.1483998298645 4.44209575653076 4.10366630554199 4.08105564117432 3.33628392219543 2.8325526714325 2.66809701919556 4.54589557647705 4.49597263336182 2.66384792327881 1.93705010414124 0.357966303825378 0.190386563539505 0.169337838888168 0.183521330356598 0.240937680006027 0.270020514726639 0.383811116218567 0.363233476877213 0.557226836681366 0.231583133339882 0.100478336215019 0.407440006732941 0.219875037670135 0.341415345668793 0.472897887229919
9.0932788848877 6.06072092056274 6.78608179092407 7.44176483154297 7.31900119781494 7.47570371627808 7.25307083129883 7.23708343505859 6.83738327026367 6.96136379241943 6.43151521682739 4.79980516433716 4.41178894042969 3.74817681312561 3.42819857597351 3.62669730186462 3.64427042007446 3.84052634239197 4.06203317642212 4.0562424659729 4.24404764175415 4.54435873031616 4.19653511047363 4.17316961288452 3.41069364547729 2.89532136917114 2.50643420219421 4.98785018920898 3.92938208580017 5.27037572860718 3.32470393180847 1.35125243663788 0.206914439797401 0.223920226097107 0.22011411190033 0.259109884500504 0.29434734582901 0.373465806245804 0.478872239589691 0.709731936454773 0.160973474383354 0.107293851673603 0.594492018222809 0.22810161113739 0.352009832859039 0.515105307102203
5.16664934158325 6.05999946594238 6.99389886856079 7.25129795074463 7.72030544281006 7.67175960540771 7.45881605148315 7.42028999328613 7.14761972427368 7.14420652389526 6.60451030731201 5.59245300292969 4.53190517425537 3.65089726448059 3.89809489250183 3.6929771900177 3.70970249176025 3.91093015670776 5.27172088623047 5.53149080276489 4.29792070388794 4.64854335784912 4.62062358856201 4.29091501235962 3.72910213470459 3.46032905578613 2.79238367080688 3.54704904556274 5.86811590194702 5.98847341537476 4.01448249816895 2.76167130470276 0.381296813488007 0.249769255518913 0.229772463440895 0.268572896718979 0.373887300491333 0.375920087099075 0.650921761989594 0.69407719373703 0.675979793071747 0.270325988531113 0.117092192173004 0.181512728333473 0.268351376056671 0.371071457862854
14.2557811737061 5.87319564819336 6.77727079391479 7.82025003433228 7.91766691207886 7.77673816680908 7.97103548049927 7.76492023468018 7.70302629470825 7.29337596893311 7.42777490615845 6.87494707107544 5.10202217102051 4.10090684890747 4.01850414276123 3.59589052200317 3.79873418807983 3.80318450927734 4.0046501159668 7.47063732147217 9.52123355865479 8.7809009552002 4.81540632247925 5.1456036567688 4.69546175003052 3.61729407310486 3.06849789619446 3.66792154312134 6.65233898162842 6.68626689910889 7.44178152084351 5.66124153137207 2.29826736450195 0.297426789999008 0.294289022684097 0.328519731760025 0.373032063245773 0.493738025426865 0.640354335308075 0.661556363105774 0.117825031280518 0.145901069045067 0.126875996589661 0.152319371700287 0.263515561819077 0.805105865001678
4.4502854347229 5.68101978302002 6.95468759536743 8.03675174713135 7.72454166412354 8.23484802246094 8.18409252166748 7.98845672607422 7.94327974319458 7.68216562271118 7.70238828659058 7.07403659820557 5.98033761978149 4.88816595077515 4.14127922058105 4.04947423934937 3.87372875213623 3.86495614051819 4.09891271591187 3.70443439483643 4.07834196090698 4.30778121948242 4.83373022079468 4.85217094421387 10.7728281021118 10.389331817627 3.68566989898682 4.16404008865356 5.24531936645508 9.41502952575684 11.7620286941528 7.95853614807129 4.6792893409729 0.405950486660004 0.364018470048904 0.371912240982056 0.394226670265198 0.51447069644928 0.415896564722061 0.185425326228142 0.125060081481934 0.345739990472794 0.133852511644363 0.162403404712677 0.242652222514153 0.826722204685211
4.64986515045166 5.82366466522217 6.24234962463379 7.24143028259277 8.38940906524658 8.46730899810791 8.31431198120117 8.53517723083496 7.97192144393921 8.22930812835693 7.86729192733765 7.4572925567627 6.41833066940308 5.47274208068848 4.0476393699646 4.30985021591187 3.91905045509338 3.97112703323364 4.03784084320068 4.22282934188843 4.12398386001587 4.24845409393311 4.64010667800903 5.01253128051758 5.42282676696777 4.40271806716919 3.93121862411499 3.20176601409912 6.49120759963989 9.50601196289062 9.21300983428955 15.5421504974365 17.0604724884033 7.18653726577759 1.06027221679688 0.395207077264786 0.424398005008698 0.44058620929718 0.3984394967556 0.118856325745583 0.17151266336441 0.510269939899445 0.157986804842949 0.185913383960724 0.477489918470383 0.588495790958405
5.15031337738037 5.18849182128906 6.03186416625977 7.43739795684814 8.64940452575684 8.42327785491943 8.82775402069092 8.80661296844482 8.6414623260498 8.49814701080322 8.1018648147583 8.29141330718994 7.64274215698242 5.72822046279907 5.2926778793335 4.49671030044556 4.24168968200684 4.26461362838745 4.17142486572266 4.39030170440674 4.20530319213867 4.68446779251099 4.88965129852295 5.24274682998657 5.05046463012695 16.4746036529541 7.23588085174561 3.81752800941467 6.72212982177734 12.7729978561401 7.40750360488892 10.6379642486572 -0.0176229011267424 7.592453956604 1.07579398155212 0.471673488616943 0.377299100160599 0.360560923814774 0.13819694519043 0.12091301381588 0.351611346006393 0.141902700066566 0.284611642360687 0.217054232954979 0.495010077953339 0.602345943450928
5.36213874816895 5.23319482803345 6.18204164505005 6.63868188858032 8.92404460906982 8.34339237213135 9.10428619384766 9.0797119140625 8.94710445404053 8.7762393951416 8.51903057098389 8.57264423370361 7.8942403793335 6.64901542663574 5.58728551864624 4.67745590209961 4.67840051651001 4.54333829879761 4.45383834838867 4.496901512146 4.31999969482422 4.18936014175415 4.8707447052002 5.07854986190796 5.44709539413452 4.35081100463867 5.98818683624268 3.90426015853882 3.28536558151245 2.4089024066925 12.3294906616211 1.28413963317871 22.0783405303955 0.91206294298172 0.804638981819153 1.09835839271545 0.551739275455475 0.190918579697609 0.157135128974915 0.170731276273727 0.485355287790298 0.159887477755547 0.192739918828011 0.249846577644348 0.316084235906601 0.510285496711731
5.46282434463501 5.52534580230713 5.55222320556641 6.40991973876953 8.00601768493652 9.3501501083374 9.39620780944824 9.22586822509766 9.50883769989014 9.40572071075439 9.22004985809326 8.83085441589355 9.0206298828125 8.34281253814697 6.26710319519043 5.79868650436401 4.87377405166626 4.63444995880127 4.51570987701416 4.37789583206177 4.6220965385437 4.4907021522522 5.03712749481201 6.38174724578857 5.58673477172852 5.39377927780151 4.55791187286377 4.55530214309692 5.89759731292725 2.51627278327942 1.56013643741608 30.9791774749756 0.481041669845581 0.680722236633301 1.2368928194046 1.10548150539398 0.256074458360672 0.246090605854988 0.228751376271248 0.687411904335022 0.204825609922409 0.22906693816185 0.564210057258606 0.325259327888489 0.369842350482941 0.527920305728912
5.8691873550415 5.67222309112549 5.60659742355347 6.56983280181885 8.24914932250977 9.66301727294922 9.16534042358398 9.85828018188477 9.85062122344971 9.77151298522949 9.54049396514893 9.27810287475586 9.33297538757324 8.62617111206055 7.24369812011719 6.07183742523193 4.92340040206909 5.16470003128052 4.76589155197144 4.65441083908081 4.71301317214966 4.5703182220459 4.72858190536499 8.52604675292969 6.5183572769165 5.72779560089111 4.72643804550171 6.41379976272583 4.01495552062988 3.53452706336975 2.80287885665894 0.881910264492035 1.64410293102264 1.03475677967072 1.28694796562195 0.770398914813995 1.15083789825439 0.253766179084778 0.356982052326202 0.240792572498322 0.233594715595245 0.246133327484131 0.286767214536667 0.404405623674393 0.508312940597534 0.602403938770294
6.0541672706604 5.87564039230347 5.77778291702271 5.94255876541138 7.08257436752319 8.63720798492432 10.1603507995605 10.1927633285522 10.0546283721924 10.3627729415894 10.3380470275879 10.0268621444702 9.72256565093994 9.8935604095459 9.144362449646 6.97449493408203 6.46976232528687 5.40134286880493 4.88095903396606 4.76258087158203 4.62921476364136 4.88127613067627 5.13132381439209 8.50557041168213 18.2980194091797 7.39141321182251 5.51150226593018 8.6060094833374 14.7863349914551 11.6300039291382 2.98551034927368 2.07882642745972 1.75300240516663 1.37328612804413 0.714356541633606 1.31343948841095 1.19523847103119 0.298381865024567 0.271932303905487 0.268633276224136 0.269548177719116 0.240289092063904 0.293216109275818 0.406018674373627 0.521220266819 0.61754584312439
6.18911838531494 5.77912998199463 6.15268278121948 6.14639282226562 7.03447675704956 8.93595695495605 10.530101776123 9.95917224884033 10.7337837219238 10.7876043319702 10.7645330429077 10.4147844314575 10.2024526596069 10.3111410140991 9.54221343994141 7.98742723464966 6.79282903671265 5.19258403778076 5.74987936019897 5.12617683410645 4.91766786575317 5.02105236053467 5.16858291625977 8.55081748962402 5.11471748352051 13.1326522827148 13.3612966537476 16.1132659912109 5.60545587539673 4.09266757965088 11.7843818664551 2.30055832862854 1.91018235683441 1.80322217941284 0.652101337909698 1.36705899238586 0.514635443687439 1.23314869403839 0.294270873069763 0.285179853439331 0.283220380544662 0.253701627254486 0.292201519012451 0.37344554066658 0.504486382007599 0.630741477012634
6.05167388916016 6.50446176528931 6.36630249023438 6.2570013999939 7.14851331710815 7.86924457550049 9.40047168731689 11.1671676635742 11.1257677078247 11.0191469192505 11.4644508361816 11.4429225921631 11.000171661377 10.7618646621704 10.9571371078491 10.1440553665161 7.31453132629395 6.0684642791748 6.02061176300049 5.40666055679321 5.02852916717529 5.1331672668457 5.64506244659424 6.27561044692993 5.12426376342773 5.34988880157471 6.04305028915405 12.0215711593628 31.7411956787109 20.66579246521 5.71718502044678 4.83395528793335 2.29855012893677 1.86109960079193 1.48995327949524 0.816374182701111 1.42525970935822 1.28066873550415 0.324699491262436 0.319777071475983 0.304715305566788 0.296965092420578 0.318123489618301 0.375606328248978 0.47630786895752 0.575618028640747
6.10198211669922 6.68216848373413 6.21254920959473 6.70033836364746 6.71276378631592 7.56594371795654 9.75812339782715 11.6090469360352 10.8605785369873 11.7489051818848 11.9843559265137 11.9569664001465 11.4497909545898 11.2747421264648 11.4501600265503 10.5990343093872 8.84501838684082 7.65201187133789 6.29933500289917 5.59037351608276 5.85806846618652 5.51271486282349 6.20346450805664 6.48874092102051 5.31163835525513 5.52709579467773 6.24932432174683 6.34940052032471 4.72899150848389 10.9293937683105 8.77922534942627 15.4564962387085 3.62576293945312 2.02385687828064 1.9269095659256 0.739982903003693 1.46399199962616 1.31414699554443 0.339709252119064 0.330189496278763 0.311996817588806 0.302434325218201 0.334152102470398 0.38044199347496 0.435708969831467 0.531797885894775
6.16230583190918 6.40260314941406 7.07706165313721 6.92952394485474 6.80740356445312 7.80143594741821 8.53512954711914 10.3413915634155 12.3454713821411 12.2272319793701 12.5477561950684 12.5629081726074 11.9367408752441 12.1560115814209 11.9904890060425 11.1013135910034 9.48090362548828 8.08498764038086 6.67718696594238 6.78269386291504 6.24913930892944 5.76502799987793 6.43160533905029 7.26407098770142 6.53658628463745 6.61342334747314 6.04665374755859 15.0835666656494 22.5610599517822 4.96204662322998 4.11207389831543 3.88568687438965 14.6432638168335 3.35487604141235 1.96248745918274 1.56179535388947 1.48608291149139 1.31366646289825 1.35277903079987 0.488182783126831 0.344492405653 0.324053317308426 0.337678074836731 0.390131711959839 0.436392575502396 0.506560385227203
6.27344655990601 6.52307415008545 7.29837608337402 6.58172464370728 7.3036036491394 7.45632028579712 8.29763603210449 10.7611026763916 12.897162437439 12.7750310897827 12.9830560684204 13.4693670272827 13.4332132339478 12.7065458297729 12.6455402374268 12.8761310577393 11.919228553772 9.41805171966553 8.67137336730957 7.12646675109863 6.58366584777832 6.85159015655518 7.30813884735107 8.27283954620361 9.25139999389648 7.45805931091309 7.41595411300659 6.44794607162476 6.45124530792236 14.4028062820435 16.6217098236084 4.99269342422485 3.40085315704346 8.85968208312988 2.00263452529907 1.59380769729614 0.843325018882751 1.52852654457092 1.38018131256104 0.538066506385803 0.668440282344818 0.633815705776215 0.397169142961502 0.388710260391235 0.44221818447113 0.49997740983963
6.40778207778931 6.5776538848877 6.77832508087158 7.71503829956055 7.58511447906494 7.93085765838623 8.46503257751465 9.33850479125977 13.490912437439 12.6307754516602 13.7062273025513 14.1770477294922 14.1398954391479 13.4118490219116 13.3161792755127 13.5539283752441 12.5524139404297 10.3657331466675 9.18612098693848 7.73969316482544 7.74572277069092 7.3623194694519 7.41807413101196 9.08678150177002 10.2218885421753 11.4270372390747 10.1584568023682 8.09882068634033 7.55986309051514 6.5701060295105 6.42197179794312 5.33342313766479 4.71784162521362 3.61242604255676 2.44370603561401 2.07063150405884 0.849558651447296 1.5623083114624 1.00261950492859 1.42318439483643 0.532042801380157 0.445073485374451 0.530007541179657 0.618053495883942 0.443450272083282 0.491631746292114
6.50415992736816 6.62086153030396 6.8768138885498 7.93832492828369 6.96686935424805 8.65236568450928 8.39344024658203 9.24882507324219 11.9481115341187 14.4787244796753 14.4290380477905 14.2887668609619 15.3449392318726 15.3133087158203 14.2650814056396 14.4181299209595 14.6674671173096 13.560564994812 10.9534502029419 10.1438808441162 8.20744323730469 8.10582542419434 8.23347187042236 10.8973817825317 12.2656869888306 13.7331943511963 12.2045650482178 11.3971357345581 10.9273319244385 8.24685192108154 7.42992496490479 6.67365741729736 6.17900991439819 5.02488374710083 2.67457818984985 2.12970590591431 1.68056726455688 1.00547730922699 1.61342585086823 1.45721304416656 0.354164361953735 0.344404071569443 0.368825107812881 0.436590909957886 0.438255816698074 0.491545826196671
6.73993587493896 6.73445796966553 6.89149141311646 7.13928270339966 8.42818832397461 8.39019203186035 10.0949535369873 9.65984344482422 12.4961938858032 15.2088556289673 14.408052444458 15.6226673126221 16.2736968994141 16.2378196716309 15.2786331176758 15.2893781661987 15.5421533584595 14.3959035873413 11.8393049240112 10.9253749847412 9.33675861358643 9.20972347259521 9.50162696838379 9.83937454223633 15.1993360519409 17.0990810394287 19.0172367095947 17.0413150787354 13.0772104263306 8.63729381561279 7.95141506195068 7.9044337272644 6.47974824905396 5.52453231811523 4.60787868499756 2.63061165809631 2.21817278862 0.907662212848663 1.66191458702087 0.698580145835876 1.51644539833069 0.346835166215897 0.323835104703903 0.357556968927383 0.461437612771988 0.481964826583862
8.87825489044189 8.02787590026855 6.9358491897583 7.21476364135742 8.71039390563965 8.68683624267578 11.2575597763062 9.57474994659424 10.7610111236572 13.3977508544922 16.4572868347168 16.5376625061035 16.4630012512207 17.804500579834 17.7380924224854 16.2113380432129 16.7217311859131 17.0139350891113 15.7705001831055 13.1630277633667 12.2249345779419 10.4376573562622 10.7537059783936 11.3562574386597 21.0501098632812 23.4908542633057 26.0617809295654 23.4990539550781 19.0078735351562 18.2338771820068 8.32082653045654 8.27130603790283 6.96045970916748 6.08612394332886 6.14251232147217 2.86573696136475 2.27823352813721 1.79607129096985 1.1422632932663 1.73132157325745 1.5606529712677 0.370609432458878 0.350050359964371 0.340108513832092 0.430935829877853 0.549840688705444
