slauniainen/Data/DEM/Vihti_dem1500b_cl_horizonAngle_78.asc
NCOLS 196 
NROWS 178 
XLLCORNER 353680 
YLLCORNER 6699024 
CELLSIZE 16 
NODATA_value -3.4e+38 
[rows 120 to 139 of 178, columns 0 to 44 of 196]
10.3651170730591 16.7579765319824 7.39637327194214 6.10925436019897 3.00962924957275 1.47743856906891 0.323379695415497 0.300730139017105 0.334596395492554 0.541615426540375 0.807175815105438 0.994612693786621 1.08264148235321 1.16104924678802 1.2259007692337 1.28677582740784 1.34928798675537 1.85321962833405 1.98382759094238 2.16857886314392 2.26388931274414 2.30877423286438 2.18532419204712 2.26725816726685 2.10103487968445 1.31011605262756 1.28409349918365 1.34380233287811 1.3561919927597 1.37583982944489 1.54285359382629 1.42902994155884 1.45058977603912 1.46481573581696 1.59024691581726 1.59481966495514 1.60335755348206 1.70922577381134 1.46758222579956 1.59982228279114 1.63918054103851 1.39341163635254 1.28822958469391 1.29666519165039 1.30428493022919
9.12745761871338 11.290093421936 16.6943168640137 7.42948532104492 3.76752972602844 2.12713146209717 1.00378477573395 0.337900519371033 0.337524056434631 0.477409720420837 0.700979173183441 0.930272042751312 1.06930613517761 1.15760314464569 1.1795175075531 1.24427390098572 1.37046229839325 1.8873348236084 2.14012026786804 2.25810647010803 2.26608538627625 2.48336219787598 2.30437588691711 2.51752996444702 2.50476837158203 1.74580228328705 1.22792661190033 1.23983418941498 1.28367388248444 1.31674981117249 1.46558916568756 1.5369838476181 1.35855686664581 1.35888087749481 1.58708024024963 1.50738906860352 1.79388189315796 1.4088386297226 1.62589979171753 1.81124746799469 1.96533977985382 1.56862187385559 1.57260644435883 1.59270489215851 1.61292052268982
7.61294746398926 9.61877059936523 11.2764568328857 14.0972967147827 4.78998184204102 3.24083828926086 2.25940227508545 0.39617645740509 0.397706538438797 0.483437061309814 0.61948549747467 0.804081320762634 0.980652511119843 1.08733880519867 1.15205991268158 1.25392127037048 1.45859348773956 1.92020213603973 2.29201936721802 2.3677978515625 2.48083972930908 2.74161982536316 2.39539194107056 2.52389025688171 2.59194016456604 1.92091274261475 1.46000564098358 1.20335698127747 1.1974048614502 1.25933134555817 1.47631227970123 1.61689114570618 1.39147305488586 1.3040589094162 1.4362428188324 1.4687168598175 1.61002540588379 1.55371928215027 1.59654641151428 1.76263654232025 1.85552322864532 1.52866673469543 1.52777493000031 1.53726482391357 1.55980563163757
6.03806447982788 7.51129865646362 8.84139537811279 12.1231679916382 7.77332592010498 4.8944034576416 3.5477991104126 1.36674845218658 0.450007259845734 0.504650950431824 0.579928636550903 0.708591938018799 0.86752849817276 1.03258538246155 1.16142880916595 1.32663154602051 1.57419276237488 1.98682045936584 2.41643595695496 2.87380766868591 2.69524502754211 3.2889301776886 2.3195686340332 2.41081476211548 2.42402124404907 2.21298670768738 2.01325726509094 1.33893775939941 1.24842536449432 1.24851942062378 1.28451895713806 1.48950183391571 1.50032937526703 1.51966118812561 1.50163769721985 1.51288211345673 1.51124036312103 1.51367211341858 1.51457607746124 1.84074449539185 1.80271148681641 1.67059707641602 1.67240107059479 1.6881195306778 1.83034217357635
4.5789008140564 5.41808462142944 6.81990671157837 8.18847465515137 11.8449172973633 6.01346874237061 4.59651613235474 2.24356698989868 0.526625096797943 0.554947137832642 0.59976053237915 0.678081214427948 0.814082622528076 0.981909155845642 1.15485668182373 1.40229392051697 1.66621053218842 2.03696775436401 2.60502028465271 3.07455110549927 2.77353858947754 3.57589888572693 2.5172164440155 2.45060396194458 2.55905795097351 2.1499400138855 1.91736495494843 1.62873888015747 1.43124377727509 1.43398487567902 1.4466495513916 1.45059549808502 1.78497040271759 2.22657203674316 1.44484055042267 1.45217883586884 1.61336362361908 1.62134790420532 1.63898754119873 1.87544631958008 1.77366769313812 1.77289390563965 1.77322804927826 1.80189263820648 2.04402279853821
3.98283576965332 4.3869309425354 5.2140040397644 6.64489698410034 7.79959774017334 9.96494102478027 4.43854999542236 3.44668030738831 0.627365291118622 0.637670040130615 0.656020641326904 0.701085388660431 0.794843554496765 0.948282659053802 1.1280175447464 1.42082989215851 1.73217725753784 2.12490820884705 2.64851188659668 3.04783964157104 2.66106653213501 3.10025358200073 3.4656400680542 2.42166209220886 2.3156750202179 2.0343770980835 2.09411835670471 1.60179471969604 1.40767502784729 1.48882365226746 1.41039323806763 1.54399621486664 1.76517498493195 2.3619339466095 1.95881772041321 1.6713855266571 1.69659793376923 1.71453249454498 1.73393189907074 1.8371148109436 1.9849054813385 1.83619940280914 1.87358057498932 1.95646405220032 2.30690574645996
3.53549909591675 3.51340126991272 4.15978765487671 5.12407302856445 6.38313579559326 7.14523792266846 7.36150932312012 3.01458787918091 1.48492383956909 1.0068027973175 0.748701930046082 0.763264060020447 0.819311857223511 0.946311891078949 1.11459755897522 1.41128480434418 1.77195918560028 2.18392062187195 2.84354376792908 3.23612689971924 3.07512331008911 3.2832932472229 4.15459680557251 2.30158686637878 2.30829691886902 1.89086580276489 1.80926191806793 1.59415078163147 1.64533627033234 1.50530385971069 1.63758218288422 1.64876163005829 1.66641652584076 2.0241174697876 2.03868842124939 1.8109405040741 1.73517251014709 1.756467461586 1.78860151767731 1.81899070739746 2.1530909538269 1.81956994533539 1.98014509677887 2.01614904403687 2.23576521873474
3.00107383728027 3.05655598640442 3.23907089233398 3.96934199333191 5.15076112747192 5.97789001464844 6.04576969146729 6.10975408554077 4.32607555389404 2.00900030136108 2.21563291549683 0.854067087173462 0.883889675140381 0.991985082626343 1.13382828235626 1.40444469451904 1.77179324626923 2.24061751365662 2.95545148849487 3.35694813728333 2.99326920509338 3.20507264137268 4.03146457672119 2.82829475402832 2.40358066558838 1.83516311645508 1.50036180019379 1.65588700771332 1.76336669921875 1.61292254924774 1.69092237949371 1.70060133934021 1.71759176254272 1.93537628650665 2.18537878990173 2.29100346565247 1.68745505809784 1.71026265621185 1.85954082012177 1.88838398456573 2.15154957771301 1.90372574329376 1.92302894592285 1.94049263000488 2.17417979240417
2.37450051307678 2.55832457542419 2.67104887962341 2.73273777961731 3.18707680702209 3.93876218795776 4.96638154983521 5.14651441574097 5.58632135391235 6.04548645019531 3.94266629219055 1.34282886981964 0.992647469043732 1.05999612808228 1.16462981700897 1.40353810787201 1.76254796981812 2.37316036224365 2.87797427177429 3.21545600891113 2.99305701255798 3.03508949279785 3.21190857887268 4.06998491287231 2.49504709243774 1.80937111377716 1.56646859645844 1.90872764587402 2.14530181884766 1.65416765213013 1.64157319068909 1.64777958393097 1.66779148578644 1.81198441982269 2.13478446006775 1.80361211299896 1.76775658130646 1.78886711597443 1.80004060268402 1.7029641866684 1.75942599773407 1.8202702999115 2.29443621635437 2.39937090873718 2.55706310272217
1.80930435657501 1.98213291168213 2.20705556869507 2.46452331542969 2.46223473548889 2.64904642105103 3.16212344169617 3.74017667770386 4.59230327606201 4.69087076187134 4.59403228759766 3.2753963470459 1.94626474380493 1.1790097951889 1.26392495632172 1.45613658428192 1.82587099075317 2.56291127204895 2.81159472465515 3.10123419761658 3.16895055770874 2.96101856231689 3.13686394691467 4.26115846633911 2.85380434989929 1.90076553821564 2.00628542900085 1.93826222419739 2.12434864044189 1.67099034786224 1.67372798919678 1.68355858325958 1.70145559310913 1.71941184997559 1.82825803756714 1.56940901279449 1.57130324840546 1.57955980300903 1.85149836540222 1.92131876945496 2.00362396240234 2.08901190757751 2.15165638923645 2.69211888313293 2.8234748840332
1.63686501979828 1.57933259010315 1.7527676820755 1.96008193492889 2.12086915969849 2.02555274963379 1.90036261081696 2.19810485839844 2.58636164665222 3.05992293357849 3.28830313682556 3.0767822265625 2.48384761810303 2.37881660461426 1.67583644390106 1.73287558555603 2.05156850814819 2.62386631965637 2.77327156066895 2.99278998374939 3.24420142173767 2.9869019985199 3.03878784179688 3.39698386192322 3.59338402748108 2.10947918891907 2.17843580245972 2.09216737747192 1.91454041004181 1.52957189083099 1.51104032993317 1.51543569564819 1.62182545661926 1.7246208190918 1.64088153839111 1.69476389884949 1.75417637825012 1.76663529872894 1.80851459503174 2.09654855728149 2.23461866378784 2.36361050605774 2.52381658554077 3.14038515090942 3.28603720664978
1.40621018409729 1.34815573692322 1.20447731018066 1.31943488121033 1.46111214160919 1.63466966152191 1.61052811145782 1.43779420852661 1.51642894744873 1.59104800224304 1.66442775726318 1.81185042858124 1.89004778862 1.81338608264923 2.0205774307251 2.21982216835022 2.39353895187378 2.64975166320801 2.86584424972534 3.007248878479 3.2918438911438 3.21952748298645 3.11510324478149 3.44951128959656 4.22260236740112 2.22582173347473 2.30214595794678 2.36440229415894 1.95416498184204 1.55709993839264 1.58174061775208 1.6114741563797 1.77570390701294 1.97044277191162 1.76030397415161 1.88012766838074 1.966024518013 1.98963451385498 2.04229307174683 2.29452109336853 2.49847316741943 2.69782900810242 2.89991998672485 3.38735938072205 3.81226325035095
1.12815570831299 1.16131949424744 1.19486832618713 1.22863304615021 1.2728568315506 1.32402348518372 1.38741040229797 1.46854948997498 1.56759476661682 1.63921165466309 1.73524260520935 1.81464397907257 1.87449884414673 1.92369115352631 2.08685660362244 2.25790119171143 2.46229243278503 2.72346067428589 2.96190285682678 3.18785309791565 3.52649521827698 3.57336807250977 3.26385974884033 3.35712504386902 3.78914189338684 2.57510375976562 2.59140849113464 2.32729458808899 1.89221668243408 1.6871737241745 1.74002146720886 1.7791063785553 1.79246604442596 1.99946343898773 1.92715716362 2.04973840713501 2.16575980186462 2.20851802825928 2.24918794631958 2.4133198261261 2.79167032241821 2.97756767272949 3.22093868255615 3.5003981590271 3.67237782478333
1.14354801177979 1.18753337860107 1.2144033908844 1.24977970123291 1.30731463432312 1.36235678195953 1.42478001117706 1.50978481769562 1.60803127288818 1.68192625045776 1.77353405952454 1.8787454366684 1.96403467655182 2.03271722793579 2.14491415023804 2.33529949188232 2.50082087516785 2.80046725273132 3.07085132598877 3.66484189033508 4.29567623138428 3.90031337738037 3.68488669395447 3.7000207901001 2.85097002983093 3.20046305656433 2.72427654266357 2.76880931854248 2.25507855415344 1.81931948661804 1.87526249885559 1.95168089866638 1.98617470264435 2.00168681144714 2.01349401473999 2.2200722694397 2.30118155479431 2.35016465187073 2.44019460678101 2.58279705047607 2.69106388092041 3.12223935127258 3.35648274421692 3.6128466129303 3.98916697502136
1.16008102893829 1.20795249938965 1.24201166629791 1.2808758020401 1.34176075458527 1.40459322929382 1.46391332149506 1.55722188949585 1.64478027820587 1.72306311130524 1.80708980560303 1.91830730438232 2.02395629882812 2.08284211158752 2.18473815917969 2.35957479476929 2.54729628562927 2.99693894386292 3.46168518066406 3.9393482208252 4.89725112915039 4.84993410110474 4.19591808319092 3.91853308677673 3.0997154712677 3.38995981216431 3.10890936851501 3.24726533889771 2.34614181518555 1.86831200122833 2.02541947364807 2.09573864936829 2.14346575737 2.15755772590637 2.1648223400116 2.15798497200012 2.35366749763489 2.42014598846436 2.54981637001038 2.69343280792236 2.87889957427979 3.43026828765869 3.63502407073975 3.91304469108582 4.28779220581055
1.18645668029785 1.22541964054108 1.26303648948669 1.31152701377869 1.376713514328 1.43172991275787 1.49295234680176 1.58425641059875 1.67330014705658 1.75518369674683 1.84478116035461 1.94721674919128 2.0664393901825 2.12125205993652 2.21053576469421 2.41405749320984 2.66635537147522 3.02623963356018 3.46301865577698 4.10937213897705 5.04045104980469 5.80868196487427 4.84406137466431 4.40241575241089 3.94611954689026 3.29932546615601 3.64399814605713 3.46709632873535 2.42031216621399 2.01108384132385 2.01429677009583 2.18668127059937 2.23177456855774 2.32515358924866 2.23069190979004 2.24170684814453 2.52805495262146 2.59688448905945 2.7293689250946 2.90981602668762 3.07066464424133 3.50876259803772 3.71908473968506 3.96154570579529 4.29073333740234
1.19274640083313 1.25062167644501 1.29038405418396 1.35827422142029 1.40141355991364 1.49662125110626 1.53699803352356 1.59103548526764 1.67847228050232 1.7628425359726 1.85735380649567 1.95381712913513 2.1077094078064 2.20195364952087 2.31787109375 2.4890410900116 2.73275804519653 3.04445433616638 3.45211625099182 3.96937584877014 4.86580514907837 5.64482116699219 5.9340968132019 4.97771167755127 3.96363735198975 4.11471891403198 4.12816619873047 3.48223090171814 2.91291308403015 2.09293746948242 2.11656951904297 2.39101648330688 2.57989573478699 2.87744569778442 2.41766691207886 2.40100646018982 2.55210471153259 2.61256289482117 2.75483131408691 2.9220564365387 3.09747076034546 3.44451808929443 3.68695998191833 3.90685939788818 4.15352916717529
1.19218456745148 1.26046967506409 1.30932211875916 1.42851150035858 1.46759068965912 1.50631129741669 1.60309088230133 1.6646203994751 1.71401071548462 1.79962205886841 1.8944787979126 1.99876546859741 2.16615533828735 2.29657864570618 2.43248796463013 2.59213209152222 2.78029894828796 3.09466361999512 3.39243745803833 3.82391476631165 4.55373811721802 5.46627521514893 6.07311058044434 5.60775136947632 4.45508861541748 4.41572380065918 4.93961238861084 3.91061973571777 2.99727320671082 2.25105142593384 2.29975247383118 2.45175838470459 2.55823993682861 2.7068510055542 2.9802713394165 3.31464910507202 2.4692108631134 2.54669260978699 2.68347406387329 2.84740090370178 3.01143193244934 3.30873703956604 3.5134756565094 3.79595041275024 4.02221155166626
1.19636225700378 1.25141227245331 1.31486761569977 1.39447963237762 1.52101612091064 1.59096240997314 1.68074226379395 1.75254023075104 1.81563925743103 1.85413408279419 1.93723952770233 2.04389953613281 2.19696283340454 2.33808398246765 2.46653270721436 2.6627414226532 2.85457849502563 3.14791107177734 3.431560754776 3.83068585395813 4.32914066314697 5.10778427124023 6.38953685760498 6.29952144622803 4.87406158447266 4.58433437347412 4.9319109916687 4.56641054153442 3.11945796012878 2.31959176063538 2.40361475944519 2.55949401855469 2.47454738616943 2.8655092716217 2.94280576705933 2.82333445549011 2.45125150680542 2.47819638252258 2.5732147693634 2.71351861953735 2.90509939193726 3.06581807136536 3.32015228271484 3.60132551193237 3.86490225791931
1.20517718791962 1.25161683559418 1.33353137969971 1.41767513751984 1.56814706325531 1.65494287014008 1.73200511932373 1.84343683719635 1.90574216842651 1.94596457481384 1.99086630344391 2.07158231735229 2.20612454414368 2.37800669670105 2.53269100189209 2.70935344696045 2.90000772476196 3.20046973228455 3.4787003993988 3.82550764083862 4.31812477111816 4.99330139160156 6.25736331939697 6.49431467056274 5.19359064102173 5.25201320648193 4.76412534713745 5.18008947372437 3.81348633766174 2.66883611679077 2.79284954071045 2.35273408889771 2.64649486541748 4.01846265792847 4.26599454879761 2.30587124824524 2.34993243217468 2.36858773231506 2.45705485343933 2.62123370170593 2.79674410820007 2.98319530487061 3.20825147628784 3.43305706977844 3.70492362976074
