slauniainen/Data/DEM/Vihti_dem1500b_cl_horizonAngle_276.asc
NCOLS 196 
NROWS 178 
XLLCORNER 353680 
YLLCORNER 6699024 
CELLSIZE 16 
NODATA_value -3.4e+38 
[rows 120 to 139 of 178, columns 45 to 89 of 196]
-0.0164701342582703 -0.0440120063722134 -0.0679919272661209 -0.124246299266815 -0.180851295590401 -0.193623840808868 -0.200665086507797 -0.214833751320839 -0.39084666967392 -0.571712672710419 -0.680106818675995 -0.74104642868042 -0.821785509586334 -0.918227970600128 -1.00494921207428 -1.09018290042877 -1.238609790802 -1.39005506038666 -1.51960384845734 1.78225457668304 0.000983547186478972 -1.60736644268036 -0.973071813583374 1.77473497390747 1.47729516029358 0.981497764587402 0.548078656196594 -0.804631590843201 -1.0328141450882 -1.07383334636688 -1.12776291370392 1.83576357364655 4.58356761932373 7.64170122146606 7.26530599594116 7.02914190292358 5.96593618392944 3.67735552787781 1.21341335773468 0.609449863433838 3.72953939437866 6.03028869628906 6.1867790222168 5.72486972808838 5.39266204833984
0.0333469286561012 0.00510775344446301 -0.0205413065850735 -0.0400171838700771 -0.124825656414032 -0.143548101186752 -0.159964472055435 -0.172191455960274 -0.223388195037842 -0.509135127067566 -0.672642886638641 -0.718225061893463 -0.794873714447021 -0.921272277832031 -0.998446047306061 -1.09477996826172 -1.27011620998383 -1.48328137397766 -1.66372311115265 -1.73640894889832 3.38881635665894 0.801825523376465 0.611383438110352 0.706137478351593 0.773444592952728 0.604148805141449 0.315455943346024 0.135885030031204 0.0303176548331976 -0.0298029445111752 -0.137390419840813 0.0177721511572599 1.65824830532074 3.3957314491272 7.55792474746704 5.83434295654297 3.57458019256592 1.14576065540314 -0.798283994197845 -1.09973585605621 -0.127232551574707 2.03159379959106 5.98390626907349 5.91594648361206 8.89566040039062
-0.146505057811737 -0.171381935477257 -0.20253886282444 -0.190736830234528 -0.0821142047643661 -0.102051444351673 -0.122527062892914 -0.140962392091751 -0.15934944152832 -0.399315267801285 -0.518110394477844 -0.648526072502136 -0.686847329139709 -0.820051670074463 -1.00716292858124 -1.10537695884705 -1.28214538097382 -1.46838903427124 -1.73431289196014 -1.65338921546936 2.39396691322327 2.16142559051514 1.84327352046967 1.46803617477417 0.80445122718811 0.489348769187927 0.422171473503113 1.25759100914001 1.14742767810822 0.680414199829102 0.374428927898407 0.220069780945778 1.46090662479401 4.74747943878174 4.16036510467529 2.71852731704712 1.14693641662598 -0.465930819511414 -1.17805576324463 -1.35079193115234 -1.3784853219986 -0.375545740127563 1.3957052230835 6.57779026031494 11.6218233108521
-0.170199051499367 -0.197186484932899 -0.227812469005585 -0.254718214273453 -0.266759604215622 -0.283574849367142 -0.295195639133453 -0.311387151479721 -0.330714762210846 -0.413407266139984 -0.397729188203812 -0.514736533164978 -0.622939944267273 -0.718576788902283 -0.983457505702972 -1.12194669246674 -1.26546359062195 -1.418128490448 -1.59966015815735 -1.67563819885254 0.389000624418259 0.96909773349762 1.16459178924561 1.18919110298157 1.31467270851135 0.948786318302155 0.874352157115936 3.29829740524292 2.09896802902222 1.20922386646271 0.770902991294861 0.541444063186646 0.739477157592773 5.59114980697632 3.36028337478638 1.1895751953125 -0.0114096896722913 -0.687047302722931 -1.19825434684753 -1.33211660385132 -1.33730125427246 -1.29390954971313 -0.572214245796204 6.36224269866943 12.0434789657593
-0.312282592058182 -0.334498137235641 -0.261596262454987 -0.289274096488953 -0.310612827539444 -0.326242506504059 -0.334132254123688 -0.344699144363403 -0.426413416862488 -0.450657218694687 -0.250816613435745 -0.108353994786739 -0.402045667171478 -0.530973970890045 -0.835887551307678 -1.06697285175323 -1.24625170230865 -1.36720752716064 -1.52654659748077 -1.60433197021484 -0.639866471290588 0.423696219921112 1.42408800125122 1.08288633823395 0.8168905377388 0.579712212085724 0.555119156837463 1.8448246717453 0.955209076404572 0.724976599216461 0.782126307487488 0.300281286239624 0.799612998962402 4.73440074920654 2.32764911651611 0.470084935426712 -0.332095891237259 -0.87269926071167 -1.35935235023499 -1.48808324337006 -0.44269672036171 -0.657554447650909 0.323283076286316 4.88404273986816 7.62665796279907
-0.390727788209915 -0.421267122030258 -0.454517662525177 -0.447798877954483 -0.447295278310776 -0.46181583404541 -0.48181426525116 -0.494742542505264 -0.51542991399765 -0.537514626979828 1.07885110378265 0.505154550075531 0.107343129813671 -0.0666523724794388 -0.645131886005402 -1.0051052570343 -1.14690792560577 -1.29077327251434 -1.40779554843903 -1.51620173454285 -1.52688431739807 -0.481489688158035 0.8099245429039 1.54496943950653 0.732807457447052 0.560851097106934 0.519659459590912 0.498331099748611 0.447662949562073 0.398983329534531 0.479091495275497 0.228023514151573 0.87101423740387 2.29510855674744 0.87301504611969 0.00747552234679461 -0.958212077617645 -1.30302929878235 -1.51525437831879 -1.68625009059906 -1.8002861738205 -1.82151281833649 -0.134445190429688 2.09612369537354 4.66848468780518
-0.509129405021667 -0.541070520877838 -0.58358895778656 -0.563333630561829 -0.588756084442139 -0.611311852931976 -0.61961430311203 -0.627601206302643 -0.59453296661377 -0.64323765039444 0.801975727081299 1.35504806041718 0.620416462421417 0.27327036857605 -0.183666571974754 -0.710396111011505 -0.954027235507965 -1.06767988204956 -1.18121123313904 -1.35819852352142 -1.43368494510651 -0.657294929027557 -0.175972446799278 0.841295897960663 0.456137716770172 0.398929178714752 0.572401940822601 0.485315680503845 0.438759505748749 0.427284598350525 0.356958836317062 0.314097017049789 0.461615175008774 0.450428038835526 0.235872283577919 -0.153714641928673 -1.04460942745209 -1.36743295192719 -1.5259120464325 -1.6636974811554 -1.7447144985199 -1.79240894317627 -1.81538796424866 0.943983316421509 9.3731861114502
-0.619105577468872 -0.652682065963745 -0.706667602062225 -0.728010237216949 -0.784234404563904 -0.773633003234863 -0.797999024391174 -0.825936496257782 0.784794270992279 0.0917088687419891 0.0861468315124512 1.49768316745758 1.05786240100861 0.682239890098572 0.342024475336075 -0.249341309070587 -0.535517871379852 -0.70501697063446 -0.862190186977386 -0.904575228691101 -1.08025765419006 -0.859842598438263 -0.0282496605068445 -0.0744490176439285 0.283792048692703 0.0845303609967232 0.171237125992775 0.100589081645012 0.216324716806412 0.0734670162200928 0.0126229925081134 -0.089763879776001 1.2497810125351 1.19750607013702 0.418933570384979 -0.169316843152046 -0.753454327583313 -1.1380820274353 -1.28071355819702 -1.31294298171997 -1.468017578125 -1.66460299491882 -1.71574437618256 5.43254089355469 14.1624536514282
-0.729997515678406 -0.77159172296524 -0.818519413471222 -0.85864520072937 -0.895261347293854 -0.93745756149292 -0.9708411693573 -1.0005704164505 -0.706929683685303 0.822817325592041 0.751537263393402 0.71781986951828 0.814294993877411 0.393866896629333 1.21660161018372 0.924583911895752 0.372476845979691 -0.15493905544281 -0.504927039146423 -0.541256904602051 -0.577977299690247 -0.696453154087067 -0.203470483422279 -0.232634961605072 -0.0105321519076824 -0.245154485106468 -0.333778083324432 -0.631201565265656 0.575628995895386 0.110047869384289 -0.203529670834541 -0.487376868724823 1.10209262371063 2.49169301986694 0.729406595230103 0.100984245538712 -0.476188451051712 -0.703150153160095 -0.922833740711212 -1.08293426036835 -1.33420264720917 -1.5265234708786 -1.56596672534943 4.53802680969238 16.7807064056396
-0.863174021244049 -0.904129564762115 -0.936893343925476 -1.00573599338531 -1.07005393505096 -1.12178707122803 -1.14591073989868 -1.18622815608978 -1.19260394573212 0.988257706165314 3.12716674804688 2.0449640750885 0.69877564907074 0.239574313163757 3.92655491828918 2.65229487419128 1.79666137695312 1.02355206012726 -0.145256847143173 -0.214001715183258 -0.265609622001648 -0.37587383389473 -0.404804915189743 -0.198457181453705 -0.130893513560295 -0.583942711353302 -0.810670673847198 -0.820691287517548 -0.825711309909821 -0.623858511447906 0.0992698669433594 -0.579023241996765 0.684188485145569 2.99540686607361 2.48750710487366 2.06258153915405 1.62631607055664 0.101431615650654 -0.59171187877655 -0.81218159198761 -0.936407625675201 -1.14115178585052 -0.878785192966461 4.06937313079834 16.4258594512939
-1.01342558860779 -1.04553663730621 -1.07311022281647 -1.13860476016998 -1.27097368240356 -1.29384458065033 -1.33733475208282 -1.37022876739502 -1.02491080760956 -0.67953097820282 2.23726558685303 2.01470351219177 0.674504637718201 0.420059353113174 4.98053121566772 3.27069878578186 2.42675280570984 1.94181668758392 0.387778282165527 0.210714474320412 0.0949632748961449 -0.0268033891916275 -0.133318111300468 0.0359541103243828 -0.345043331384659 -0.495216310024261 -0.665510714054108 -0.683675289154053 -0.759159624576569 -0.861081659793854 -0.522098898887634 -0.617664217948914 1.30386292934418 6.12962007522583 5.63729906082153 4.83926486968994 4.10087728500366 2.14050364494324 0.940885663032532 0.569957613945007 0.384063094854355 0.083906963467598 1.90033578872681 5.06122875213623 9.39386367797852
-1.11349081993103 -1.14271831512451 -1.17954313755035 -1.23325157165527 -1.36908388137817 -1.43246161937714 -1.43918788433075 -1.54556274414062 -1.55343616008759 -1.11505150794983 -0.717842638492584 1.56625020503998 1.25871062278748 1.6000611782074 2.56539726257324 2.15003538131714 1.95456981658936 1.68199038505554 1.15579462051392 0.691148400306702 0.371536284685135 0.216592788696289 0.0869425386190414 0.0411602035164833 -0.169543445110321 -0.24610798060894 -0.391495227813721 -0.598107755184174 -0.680422961711884 -0.81455671787262 -0.908096730709076 0.0362546406686306 4.35629558563232 7.69185495376587 6.79763650894165 6.50075626373291 6.00243377685547 4.50795364379883 3.76570105552673 3.09700441360474 2.6002984046936 2.39537811279297 3.26593327522278 4.68783473968506 5.29029130935669
-1.24931168556213 -1.28391337394714 -1.33159923553467 -1.39702165126801 -1.45539474487305 -1.52270674705505 -1.68581032752991 -1.74991643428802 -1.03565800189972 -0.768391191959381 -1.01529693603516 -1.06610703468323 0.336970329284668 2.87326264381409 2.81260991096497 2.62531590461731 3.04493808746338 2.29667019844055 1.80563187599182 1.37020933628082 0.737217009067535 0.56513923406601 0.382332175970078 0.258786171674728 0.253806501626968 0.0585893578827381 -0.202002540230751 -0.607685089111328 -0.705088555812836 -0.886942267417908 -0.943095088005066 -0.627669274806976 6.40182685852051 9.14215278625488 8.44891834259033 8.07626628875732 7.60395383834839 6.22751045227051 5.52251243591309 4.84086894989014 4.26828527450562 4.08313655853271 4.00472545623779 3.92251420021057 4.34525156021118
-1.26011741161346 -1.32123970985413 -1.38046884536743 -1.44944226741791 -1.54999947547913 -1.67881309986115 -1.85272085666656 -1.98716247081757 -0.765277206897736 -1.01305735111237 -1.38053750991821 -1.90891587734222 -1.93451023101807 4.24230194091797 5.06399393081665 5.49253463745117 4.69734191894531 3.78519749641418 2.80678391456604 1.64810013771057 1.23238492012024 1.01067495346069 0.805186629295349 0.612414062023163 0.536725223064423 0.421048611402512 0.0375202037394047 -0.468356639146805 -0.530960977077484 -0.904942154884338 -1.01323235034943 1.5001677274704 8.88743305206299 8.435959815979 9.39462089538574 9.26565837860107 8.23157405853271 7.22460031509399 6.46206665039062 6.05224847793579 5.64591789245605 5.23236083984375 4.97078132629395 4.77871608734131 4.71888303756714
-1.27595317363739 -1.34080791473389 -1.39222609996796 -1.46597325801849 -1.54553687572479 -1.66882920265198 -1.86813735961914 -2.00685739517212 -0.954567193984985 -0.772365629673004 -1.97473609447479 -2.09557294845581 -2.15033888816833 2.72371101379395 5.91912221908569 6.49207639694214 5.76346588134766 4.59909820556641 3.50283598899841 2.64481353759766 2.199702501297 1.9349319934845 1.72362720966339 1.4457288980484 1.2482978105545 1.05763578414917 0.728638827800751 0.0787407085299492 -0.336977392435074 -0.719326674938202 -0.955373466014862 4.12957954406738 10.8788623809814 9.25535869598389 8.8056755065918 9.61526584625244 8.34301280975342 7.69144535064697 7.03221464157104 6.6583137512207 6.98637008666992 6.30024194717407 5.80970430374146 5.62417030334473 5.5005259513855
-1.25759363174438 -1.35484600067139 -1.42175602912903 -1.48843562602997 -1.55535769462585 -1.65590810775757 -1.82746529579163 -2.01546931266785 -2.02567267417908 0.245871633291245 -2.14368414878845 -2.19162917137146 -2.23703598976135 0.400242567062378 6.37962055206299 6.404052734375 5.87284755706787 4.87745523452759 3.71617817878723 2.87941956520081 2.3051540851593 2.16531586647034 1.99736976623535 1.75470972061157 1.49478626251221 1.2741836309433 1.01933145523071 0.459626585245132 0.0411916114389896 -0.194213777780533 -0.252284497022629 7.14997863769531 8.01628875732422 6.97598934173584 8.60091018676758 8.44825649261475 8.43096828460693 7.97432422637939 7.74080657958984 7.25690698623657 6.9143238067627 6.64926958084106 6.26618194580078 5.81352043151855 5.24003934860229
-1.23160421848297 -1.35146129131317 -1.43225169181824 -1.49934530258179 -1.57483494281769 -1.6495007276535 -1.78006517887115 -1.99177217483521 -2.09561347961426 0.952122688293457 -1.24209380149841 -1.75732088088989 -2.24841570854187 -1.52413856983185 5.76054525375366 7.10130262374878 5.87168025970459 5.01039361953735 4.01898050308228 3.0787558555603 2.47526979446411 2.24884629249573 2.09768676757812 1.84084618091583 1.54274547100067 1.3020795583725 1.01571309566498 0.544595539569855 0.130465596914291 0.00568210054188967 4.67041158676147 6.49617576599121 8.42816734313965 7.67510461807251 7.24672174453735 7.68196439743042 7.31616163253784 9.47254753112793 6.98520946502686 6.56706666946411 6.11935520172119 5.70603656768799 5.95321893692017 4.68263864517212 4.0427942276001
-1.17830622196198 -1.27373254299164 -1.39630043506622 -1.51604628562927 -1.60093402862549 -1.6702446937561 -1.78301119804382 -1.98732960224152 -2.10458850860596 1.15123736858368 -0.408124208450317 -0.752962231636047 -1.12498569488525 -1.67136323451996 4.03911733627319 6.12234115600586 5.27998399734497 4.63712787628174 3.90278577804565 3.31764721870422 2.68003273010254 2.25238704681396 2.04653739929199 1.87402880191803 1.62023937702179 1.36443281173706 1.10294115543365 0.57636559009552 0.142359957098961 1.47996401786804 5.82682609558105 8.15929412841797 8.3925142288208 7.03192663192749 6.73427152633667 6.96788501739502 9.10320091247559 6.21033430099487 4.81266736984253 4.6199164390564 4.49066162109375 8.940749168396 5.61179685592651 3.95814037322998 2.99766230583191
-1.02254831790924 -1.20165061950684 -1.27965044975281 -1.44671010971069 -1.60930204391479 -1.69996905326843 -1.82610189914703 -1.98420882225037 -2.09940433502197 1.52535355091095 0.666289091110229 -0.0259592700749636 -0.206636235117912 -0.240237087011337 -0.261062413454056 3.17733955383301 4.22555065155029 3.60369086265564 3.60863566398621 2.98954916000366 2.45003414154053 2.02257943153381 1.74000823497772 1.55834519863129 1.36696553230286 1.11846530437469 0.945241093635559 0.512377440929413 0.273540467023849 4.85914325714111 6.04260921478271 8.59985542297363 7.2607626914978 6.15431880950928 7.055006980896 7.04822301864624 5.26833152770996 3.46866512298584 3.02927660942078 5.29193019866943 4.17691564559937 3.22849225997925 2.83868145942688 2.53474187850952 2.27106904983521
-1.04298448562622 -1.0829519033432 -1.16196584701538 -1.23794257640839 -1.45608699321747 -1.72450077533722 -1.85891628265381 -1.97015690803528 -2.07865118980408 1.10388147830963 1.10218143463135 0.613555192947388 0.293753623962402 0.783005118370056 0.281089574098587 0.170241609215736 3.72415280342102 3.09801983833313 2.65846300125122 2.25664401054382 1.80556643009186 1.39240264892578 1.08865880966187 0.886675596237183 0.699057757854462 0.54859060049057 0.388200312852859 0.514814913272858 0.670943200588226 3.34189128875732 6.82600069046021 5.98839235305786 5.54164552688599 6.71427440643311 6.35095596313477 4.78181314468384 2.07707476615906 0.770878970623016 3.86229395866394 7.34439086914062 5.84461736679077 4.11119222640991 4.31447553634644 1.62092709541321 1.28416514396667
