slauniainen/Data/DEM/Vihti_dsm1500b_cl_horizonAngle_348.asc
NCOLS 196 
NROWS 178 
XLLCORNER 353680 
YLLCORNER 6699024 
CELLSIZE 16 
NODATA_value -3.4e+38 
[rows 0 to 19 of 178, columns 135 to 179 of 196]
2.01944398880005 1.19852089881897 -0.378538459539413 4.72048854827881 8.55692481994629 16.7677726745605 15.9061002731323 10.1140146255493 5.24793434143066 11.1515808105469 0.645664989948273 0.714858591556549 0.725671410560608 0.735155344009399 0.693790435791016 0.678210258483887 0.850384771823883 0.979390859603882 1.98381197452545 2.14936518669128 3.45974802970886 2.7373206615448 3.91435503959656 6.49183368682861 26.4235000610352 37.120849609375 12.3174715042114 6.90880823135376 4.58661890029907 21.2050380706787 2.97872757911682 15.3563623428345 15.6642084121704 1.93132102489471 18.4649696350098 16.2513809204102 9.74441242218018 9.59631443023682 8.25086307525635 6.90940093994141 6.3113899230957 5.53461885452271 0.0174516756087542 9.95410060882568 28.3513565063477
1.91495597362518 -0.949414670467377 -0.843806564807892 1.87845242023468 13.8459234237671 11.7116107940674 10.3247814178467 6.13330841064453 3.10488247871399 6.12163162231445 0.315457582473755 0.452537268400192 0.522323131561279 0.548909366130829 0.503189742565155 0.518164753913879 0.677783906459808 0.809257566928864 0.911286771297455 1.90280497074127 2.66413307189941 2.22686147689819 3.43498182296753 5.4823112487793 9.25563621520996 21.4895439147949 12.589768409729 6.46266269683838 4.27218914031982 13.4531831741333 38.6782989501953 2.76489949226379 5.13943147659302 0.866527497768402 5.94469451904297 18.7837982177734 8.34989929199219 8.96464061737061 7.71987628936768 6.4062671661377 5.77881956100464 4.94269180297852 0.605733036994934 6.77877855300903 18.054708480835
1.62901782989502 -0.809751868247986 16.2893619537354 23.2726535797119 13.9433298110962 8.35653400421143 7.05744409561157 4.10505819320679 0.441866487264633 3.18850874900818 0.0758446604013443 0.156637921929359 0.273046851158142 0.357741504907608 0.36739182472229 0.379838317632675 0.572427928447723 0.731044411659241 0.851181328296661 1.79844331741333 2.11051273345947 2.08520078659058 2.65469408035278 4.37269449234009 4.79002666473389 13.614673614502 14.0918836593628 5.93472719192505 4.23509073257446 11.1119813919067 22.4650039672852 9.41347503662109 1.29030847549438 21.4187984466553 2.50026559829712 20.9663105010986 7.09654140472412 8.41541767120361 7.31720542907715 6.10886335372925 5.47322273254395 1.834193110466 31.5506534576416 19.6339225769043 8.74406433105469
-1.28505563735962 -1.06197094917297 9.66466617584229 17.4765377044678 11.2171030044556 6.51487493515015 5.75778150558472 3.38832664489746 0.0768851637840271 2.27442359924316 -0.0261789225041866 0.0137246809899807 0.103007331490517 0.226346626877785 0.308564573526382 0.339628040790558 0.465303242206573 0.847960710525513 1.0759152173996 1.6922972202301 1.83788883686066 2.26060891151428 2.09483671188354 4.24348258972168 4.27538251876831 11.1983127593994 11.0572490692139 4.26757669448853 4.99873781204224 4.27533292770386 2.97418785095215 2.70840859413147 3.19803905487061 16.2799015045166 9.10673332214355 16.5134353637695 7.0598349571228 7.95127582550049 7.06077146530151 5.89761114120483 5.39335298538208 39.6447410583496 22.5393829345703 15.3869361877441 7.4066104888916
15.3126735687256 0.926969766616821 7.00784015655518 7.37981176376343 10.4513072967529 5.69129276275635 5.42914009094238 3.13396310806274 2.90142035484314 2.06812214851379 -0.0581772364675999 -0.0597619451582432 0.0529545061290264 0.198653593659401 0.299334198236465 0.548775255680084 0.65285587310791 0.808353900909424 1.65206527709961 2.31781625747681 2.22246646881104 2.20456671714783 2.04515314102173 4.12192440032959 3.79277062416077 9.53021430969238 9.06930828094482 4.16474723815918 4.56289672851562 1.63157308101654 2.41043257713318 2.0803689956665 1.47583425045013 5.13557386398315 9.28158664703369 18.2973327636719 6.55844020843506 7.1891393661499 7.38661670684814 6.44324398040771 5.25692272186279 24.7518577575684 8.88084888458252 16.2967472076416 9.01446056365967
2.07952928543091 8.9309196472168 -1.40453708171844 3.97419285774231 8.40155792236328 5.41420984268188 7.18322134017944 8.81761455535889 7.36222124099731 5.06026649475098 3.58225345611572 3.44427108764648 3.669602394104 1.72967052459717 0.771791994571686 0.981415867805481 1.33246624469757 1.799067735672 2.28130626678467 2.41773509979248 2.51970243453979 2.21224856376648 2.0010814666748 3.252436876297 4.00142383575439 8.20881938934326 7.70734167098999 5.40198707580566 4.1605339050293 12.1631765365601 2.13784170150757 2.02666854858398 15.6061086654663 9.78904151916504 8.36519241333008 20.9483814239502 6.90378475189209 6.95282316207886 7.17572784423828 6.26248168945312 5.33423757553101 5.00219964981079 17.6553897857666 13.9134464263916 7.80694437026978
21.5653896331787 19.0132427215576 32.673267364502 2.04378533363342 7.82636499404907 5.3863525390625 6.81174516677856 8.68931198120117 10.5317945480347 10.5255756378174 9.40085697174072 8.24915504455566 5.63367366790771 3.30172848701477 1.77206003665924 1.82110726833344 2.57567644119263 2.99535250663757 2.7438006401062 2.59434032440186 1.46444809436798 2.53645205497742 1.96619749069214 2.93565583229065 3.8964958190918 3.87820100784302 6.98338556289673 5.15290212631226 3.83873462677002 19.7955455780029 8.65165710449219 19.8906288146973 8.02058219909668 4.82762575149536 6.27920961380005 18.5316123962402 8.00051116943359 6.07668733596802 6.99066829681396 6.16979312896729 5.29151439666748 4.94604158401489 14.6214075088501 12.2157220840454 7.1659631729126
21.9267330169678 9.43663311004639 15.6255073547363 11.8077802658081 10.0988788604736 6.04932975769043 5.35548734664917 6.42324209213257 8.32621765136719 9.28157234191895 8.94419479370117 7.93643379211426 6.13977527618408 4.506103515625 2.48875427246094 1.85466361045837 2.38933038711548 2.85813736915588 4.42061233520508 3.44650864601135 17.1044445037842 2.00809288024902 1.81845760345459 2.3775954246521 3.81860160827637 3.7788200378418 6.39276933670044 5.58923721313477 3.84332036972046 10.337025642395 17.8566417694092 1.6770886182785 4.04665184020996 1.39409112930298 7.53573322296143 18.9633598327637 8.95626068115234 5.65202808380127 6.72258615493774 5.96764898300171 5.14729166030884 4.85978031158447 12.2669134140015 10.6419763565063 6.6256103515625
14.483546257019 14.3750238418579 12.2201375961304 22.5608711242676 9.51091575622559 5.69443607330322 5.03418779373169 5.08216047286987 5.66888475418091 6.34526586532593 6.74095106124878 6.98896217346191 6.37092065811157 4.70556259155273 3.41304636001587 2.30138731002808 2.63689827919006 3.94747924804688 3.08819651603699 2.76148915290833 9.13976669311523 1.83244180679321 1.92875361442566 1.90078699588776 3.74885153770447 3.33757495880127 5.66596269607544 5.72703504562378 3.76492261886597 2.3569598197937 5.52572965621948 14.2758941650391 5.54670095443726 1.26991009712219 5.65954971313477 17.6010303497314 8.11622905731201 5.44202041625977 6.4546856880188 5.85872983932495 5.02033710479736 4.63387727737427 10.4644660949707 9.35777950286865 8.17405891418457
17.5264720916748 13.2425966262817 8.04510593414307 13.59264087677 15.075701713562 5.91600513458252 3.28298997879028 2.82952785491943 4.76438522338867 5.37464237213135 5.58815240859985 5.86059951782227 5.50141048431396 4.38888788223267 4.45743751525879 6.13202381134033 4.12046051025391 2.95717549324036 2.85635423660278 2.5516140460968 2.14943814277649 6.28347730636597 1.8865031003952 1.88312339782715 2.97514176368713 3.63965725898743 5.12449216842651 5.28868675231934 2.47492218017578 2.30414986610413 1.57517147064209 1.6884388923645 8.04953670501709 1.07103443145752 1.53265237808228 18.6552333831787 7.7980785369873 4.95506811141968 5.79664468765259 6.10679006576538 5.38000726699829 4.40191602706909 9.10096073150635 4.62819862365723 8.42056751251221
22.5750999450684 16.3349666595459 22.0680294036865 13.1152315139771 11.6539430618286 5.28792190551758 3.90766859054565 4.16371202468872 2.98656225204468 3.2077317237854 1.36031997203827 1.90970015525818 4.76340913772583 3.98057675361633 4.03578042984009 4.02669334411621 3.29846000671387 2.88904857635498 2.65948367118835 2.34799027442932 2.06094336509705 5.13055610656738 1.84622013568878 1.86005616188049 2.70606589317322 3.57176971435547 3.49898648262024 4.94392967224121 2.17330479621887 1.540891289711 1.48351109027863 4.55726718902588 5.75440263748169 26.1247234344482 6.19580888748169 5.31846046447754 7.07617330551147 5.73375988006592 5.63810968399048 5.98306941986084 5.29157733917236 4.5415210723877 4.25148391723633 8.2629337310791 7.74387502670288
15.5067920684814 11.7508182525635 11.5196943283081 11.0092811584473 9.50398826599121 4.77297067642212 4.26687002182007 9.23934841156006 2.44478607177734 2.37596535682678 14.147144317627 18.5890846252441 4.13205766677856 3.4963321685791 2.97907209396362 2.88904213905334 2.81240677833557 2.37248206138611 2.28932476043701 2.05533194541931 1.96758890151978 4.22705411911011 1.7696236371994 1.82643330097198 1.87084817886353 3.4977171421051 3.43138575553894 2.28586602210999 1.8046760559082 3.72501516342163 1.5419317483902 21.2126369476318 14.9524192810059 24.048656463623 2.49792242050171 19.4833011627197 6.91111755371094 6.45166349411011 4.96532487869263 5.8728609085083 5.25749778747559 4.53766202926636 4.22400617599487 7.67216110229492 7.14484357833862
13.0866184234619 10.1433639526367 8.23927783966064 9.54233837127686 7.99420738220215 4.38514375686646 3.93691420555115 2.71876835823059 13.4200429916382 2.0190417766571 7.62015771865845 9.65742778778076 3.65062022209167 3.47259664535522 3.00644779205322 2.39716601371765 2.18793416023254 2.03889346122742 1.95441889762878 1.90287125110626 1.77235078811646 3.53939294815063 1.73242235183716 1.68580615520477 1.77350270748138 3.41499829292297 3.34880924224854 2.66143989562988 22.720983505249 25.9683437347412 40.2070808410645 19.9978828430176 13.6563863754272 24.8221015930176 42.3386726379395 11.0919561386108 8.53602123260498 6.06577205657959 4.80458402633667 5.69759941101074 5.27027559280396 4.58035135269165 4.18505477905273 7.12179136276245 6.62316846847534
9.85435485839844 7.47815179824829 8.70970821380615 6.97720670700073 8.20059299468994 5.18714570999146 1.08620154857635 3.11724615097046 3.72358131408691 1.46243834495544 6.64920043945312 6.93445587158203 6.13014221191406 3.10967040061951 2.68934416770935 2.19199395179749 1.97040832042694 1.80105757713318 1.74735200405121 1.69812715053558 1.59558176994324 3.03960847854614 1.69191825389862 1.65157568454742 1.7383474111557 3.33622121810913 2.97398352622986 21.4371147155762 27.6461086273193 15.5914115905762 30.7696876525879 17.6514949798584 20.7636280059814 14.7135934829712 31.5506134033203 27.803108215332 15.7183132171631 6.15031051635742 3.92546057701111 5.06938219070435 5.45897769927979 4.90554332733154 4.03347063064575 6.52755689620972 3.54649710655212
2.26667833328247 8.89218521118164 7.77144241333008 6.30979537963867 7.34597206115723 5.90646266937256 18.6962375640869 6.04679441452026 2.13094067573547 6.66665840148926 5.26900100708008 5.3364634513855 4.71868991851807 2.80219864845276 2.43179535865784 1.96011471748352 1.76240587234497 1.60962045192719 1.56151616573334 1.54228246212006 1.44765162467957 1.40740549564362 2.57923245429993 1.52823686599731 1.20282828807831 2.62879753112793 3.24131608009338 23.9115390777588 20.8463344573975 32.8966369628906 22.6471366882324 22.37548828125 16.0169925689697 14.6100206375122 17.4899234771729 22.8168525695801 12.2614908218384 6.3419976234436 3.84327173233032 4.89285087585449 5.28867149353027 4.75784349441528 4.12316226959229 3.84398245811462 5.89631223678589
11.3630933761597 5.98790645599365 6.18611288070679 6.16571807861328 6.64813709259033 5.24638175964355 15.080753326416 2.80773377418518 6.47414779663086 12.014778137207 6.29580593109131 4.30734872817993 3.81326293945312 2.55504202842712 2.21528196334839 1.87853968143463 1.59479212760925 1.45792973041534 1.41427040100098 1.401003241539 1.31673669815063 1.29460215568542 2.32274985313416 1.46429443359375 1.03797471523285 2.37118887901306 3.17266273498535 12.5139293670654 14.7933902740479 20.7936668395996 20.5044918060303 20.8796920776367 15.2957248687744 12.5627927780151 14.80064868927 17.881799697876 12.7768383026123 5.8769006729126 4.30296564102173 4.31599617004395 5.10781621932983 4.60651731491089 3.99712920188904 3.72249031066895 5.47493982315063
25.160493850708 5.39184331893921 2.57000184059143 5.70111560821533 6.06002044677734 4.18376398086548 5.76359605789185 7.91642427444458 13.3809661865234 6.11822605133057 6.27197122573853 3.61552143096924 3.19533705711365 2.4344277381897 2.31596422195435 2.00599479675293 1.60247576236725 1.37830138206482 1.29689455032349 1.27444851398468 1.27081692218781 1.20370292663574 2.10424327850342 1.41071772575378 0.950639307498932 1.32476806640625 2.50693798065186 2.46609497070312 11.4467258453369 15.1248893737793 17.2868843078613 17.1301784515381 12.9249801635742 10.3655548095703 12.839186668396 14.6291627883911 9.85521984100342 5.71359777450562 4.7238564491272 4.1741623878479 4.94026470184326 4.45206260681152 3.86212754249573 3.60643768310547 5.10411310195923
13.3162450790405 5.59312057495117 30.2385501861572 3.30643367767334 4.1838059425354 4.90084981918335 2.95578646659851 5.8314208984375 6.84273862838745 6.42888212203979 4.75843620300293 3.10102248191833 2.75119090080261 2.26960873603821 2.15509390830994 1.85142755508423 1.47766780853271 1.30442607402802 1.19930100440979 1.16436862945557 1.15860545635223 1.12105429172516 1.91295146942139 0.770600080490112 1.2813173532486 0.857718944549561 2.26786351203918 2.39529371261597 9.31265163421631 12.7735815048218 14.2459144592285 14.5162000656128 11.1669626235962 10.1617965698242 9.01875400543213 12.3368234634399 9.22056770324707 5.3102388381958 4.48247671127319 4.0463547706604 4.79024744033813 4.46487522125244 3.88689088821411 3.48481798171997 4.78774499893188
7.13126802444458 20.0588111877441 10.8012142181396 21.7864952087402 2.90826630592346 3.5175473690033 2.45099568367004 4.66828060150146 2.70084857940674 4.95438957214355 3.85426616668701 2.34244608879089 2.62886881828308 2.34817910194397 1.99938321113586 1.72087848186493 1.38275277614594 1.21639347076416 1.10015594959259 1.0897843837738 1.08446443080902 1.04522037506104 0.93938159942627 1.57493352890015 1.254758477211 0.883391678333282 1.49844455718994 1.64922618865967 7.82005929946899 11.0348138809204 12.3135051727295 12.5568542480469 10.4202823638916 9.62771034240723 7.7167444229126 10.6745166778564 8.49238681793213 6.21425580978394 4.25968074798584 3.10616016387939 4.22247886657715 4.61281538009644 4.14696359634399 3.36868667602539 4.50224828720093
5.57611799240112 9.26809883117676 20.6518421173096 9.41362571716309 2.23886680603027 5.55380249023438 9.10012149810791 13.1772003173828 3.88453841209412 4.00028514862061 3.23656678199768 2.25031757354736 2.35705471038818 2.07993221282959 1.84274935722351 1.58645153045654 1.26783514022827 1.10058546066284 1.01414549350739 1.00467884540558 0.995486378669739 0.965958535671234 0.903598129749298 1.45698201656342 1.20741236209869 0.852658808231354 1.44910824298859 1.58614158630371 6.74258089065552 7.7428035736084 9.48947238922119 10.596004486084 10.8135366439819 8.62880706787109 6.89114952087402 8.99076461791992 9.16711044311523 5.55850315093994 4.50903987884521 2.9843635559082 4.08837747573853 4.47345590591431 4.02500009536743 3.46887111663818 3.26073336601257
