slauniainen/Data/DEM/Vihti_dem1500b_cl_horizonAngle_264.asc
NCOLS 196 
NROWS 178 
XLLCORNER 353680 
YLLCORNER 6699024 
CELLSIZE 16 
NODATA_value -3.4e+38 
[rows 100 to 119 of 178, columns 90 to 134 of 196]
3.56389403343201 3.27213954925537 3.02292633056641 3.12579011917114 2.93503069877625 2.76081538200378 2.61299657821655 2.48580980300903 2.36890316009521 2.26401805877686 2.15619325637817 2.07715845108032 2.19794917106628 2.13309741020203 2.04601716995239 1.9485901594162 1.69125878810883 1.28540539741516 0.762524783611298 0.570064544677734 0.528618991374969 0.444271773099899 0.271900832653046 1.57812583446503 3.42967987060547 4.83513689041138 8.96267700195312 8.04884910583496 7.01017236709595 6.03363561630249 4.23140954971313 2.67372584342957 2.06535863876343 0.226043358445168 0.0649650096893311 0.0163527857512236 0.557298541069031 -0.269895434379578 -0.454033851623535 -0.000464452867163345 -0.870880305767059 -0.584001958370209 4.28010892868042 6.03811073303223 5.991614818573
3.94024109840393 3.63675785064697 3.35113883018494 3.400226354599 3.18069291114807 3.0002806186676 2.86053419113159 2.70715546607971 2.57529544830322 2.4680871963501 2.34868216514587 2.25527143478394 1.94157242774963 1.89604318141937 1.8379715681076 1.75023865699768 1.65663623809814 1.26150631904602 0.857997179031372 0.664449512958527 0.601644456386566 0.550020158290863 2.49244284629822 4.17735719680786 4.00172901153564 4.09054851531982 7.5092568397522 6.03103160858154 4.34217071533203 3.31809687614441 2.0233416557312 1.83426988124847 1.65620052814484 1.36428117752075 1.07336163520813 0.549874007701874 0.226893618702888 -0.0901216045022011 -0.257300108671188 -0.481511622667313 -0.696970164775848 -0.835964262485504 0.558623492717743 3.97605633735657 5.64683675765991
4.30418348312378 3.96933484077454 3.65962743759155 3.01530647277832 2.82445955276489 2.66161394119263 2.52469325065613 2.39816808700562 2.30033111572266 2.19642615318298 2.09526324272156 2.00642824172974 1.7283411026001 1.62875699996948 1.59116852283478 1.53057706356049 1.46719360351562 1.35096490383148 1.00452995300293 0.7302086353302 0.607604742050171 2.49398350715637 3.93959355354309 3.70550966262817 4.81522560119629 3.98131060600281 3.42789316177368 2.63242721557617 1.42140531539917 0.961423695087433 0.865111768245697 0.790856301784515 0.746368288993835 0.735826015472412 0.718520224094391 0.688042044639587 0.391910463571548 0.066411979496479 3.26143980026245 0.513964772224426 -0.502260804176331 -0.622373282909393 -0.649221539497375 1.54060125350952 3.67620038986206
3.8114287853241 3.52580809593201 3.26162505149841 2.79084730148315 2.4472484588623 2.30766487121582 2.17663335800171 2.07720446586609 1.97923398017883 1.8968403339386 1.81785070896149 1.73407828807831 1.63415431976318 1.44157731533051 1.39985704421997 1.35812127590179 1.31932890415192 1.27598011493683 1.19350183010101 0.996100187301636 0.843454420566559 2.02320337295532 2.50035095214844 2.10819673538208 2.50381398200989 1.77610313892365 1.10819315910339 0.861212074756622 0.840097427368164 0.818605482578278 0.799747943878174 0.758241295814514 0.738737523555756 0.721778094768524 0.7046257853508 0.685923278331757 0.604942202568054 0.407035946846008 0.20877867937088 -0.0932738929986954 -0.305896610021591 -0.385106205940247 -0.402256160974503 -0.428562104701996 0.457107543945312
3.39087438583374 3.10258555412292 2.84313893318176 2.62706756591797 2.20107650756836 2.06846594810486 1.94710850715637 1.86177825927734 1.77362370491028 1.6951847076416 1.62688660621643 1.5599889755249 1.46591091156006 1.33894693851471 1.2940366268158 1.25582838058472 1.21767151355743 1.18531227111816 1.14834260940552 1.10800755023956 1.05614829063416 1.01577198505402 0.97520923614502 0.948754191398621 0.923513174057007 0.898328244686127 0.869316577911377 0.845923185348511 0.825526237487793 0.802962481975555 0.813172578811646 0.818775475025177 0.799098491668701 0.779370784759521 0.762104511260986 0.743418276309967 0.609515309333801 0.435582190752029 0.247627526521683 0.0699290037155151 -0.129453286528587 -0.197395652532578 -0.20639780163765 -0.23342353105545 -0.266789138317108
3.05278706550598 2.79027628898621 2.54972124099731 2.36328554153442 2.04531788825989 1.92451441287994 1.82201969623566 1.73696517944336 1.65797984600067 1.58374345302582 1.5165239572525 1.45685315132141 1.36171245574951 1.30577087402344 1.2596607208252 1.21640300750732 1.18252968788147 1.14577341079712 1.11600255966187 1.08341586589813 1.0456018447876 1.04898452758789 1.05405950546265 1.02627050876617 0.994840145111084 0.966946721076965 0.936359584331512 0.91138106584549 0.88846617937088 0.864056169986725 0.843838930130005 0.873630046844482 0.854129076004028 0.833597302436829 0.813896238803864 0.796174347400665 0.640887975692749 0.404352277517319 0.209287628531456 0.356135129928589 -4.65326811536215e-05 -0.0678729489445686 -0.0811755433678627 -0.0844696313142776 -0.120267264544964
2.7875964641571 2.56128454208374 2.37103605270386 2.15515947341919 1.99550032615662 1.87630236148834 1.78199636936188 1.69842398166656 1.62161886692047 1.54721248149872 1.47830045223236 1.43843197822571 1.46001839637756 1.39984452724457 1.35070753097534 1.30742168426514 1.26517581939697 1.21846234798431 1.18422114849091 1.15526843070984 1.12209689617157 1.0897604227066 1.11894977092743 1.09103357791901 1.05853426456451 1.02852630615234 0.999010443687439 0.972276508808136 0.947190761566162 0.922721803188324 0.900276899337769 0.797377049922943 0.77919065952301 0.759971797466278 0.743621230125427 0.728247463703156 0.586463093757629 0.353581696748734 0.181994467973709 0.0744263604283333 0.103381633758545 0.0400863736867905 0.0317817814648151 0.0285238474607468 0.0162927508354187
2.71821713447571 2.50564312934875 2.32584095001221 2.32218647003174 2.16245365142822 2.03576803207397 1.92740094661713 1.83011448383331 1.74470901489258 1.66560029983521 1.59266293048859 1.51955139636993 1.54650735855103 1.49525237083435 1.44380629062653 1.39173424243927 1.34706032276154 1.29504227638245 1.25683057308197 1.21399748325348 1.18103528022766 1.15117967128754 1.01563608646393 0.984255135059357 0.960528671741486 0.93622088432312 0.90926319360733 0.887312352657318 0.862534880638123 0.839448511600494 0.819870173931122 0.689321458339691 0.674240052700043 0.657562375068665 0.64277982711792 0.630129814147949 0.547072947025299 0.340649902820587 0.192289963364601 0.110526904463768 0.0518632419407368 0.0394308716058731 0.0386074334383011 0.0376449190080166 0.036412138491869
2.92071223258972 2.69736456871033 2.50751519203186 2.471107006073 2.31813287734985 2.17345523834229 2.05355596542358 1.94585430622101 1.85549736022949 1.7711216211319 1.69414591789246 1.6218888759613 1.40550255775452 1.35098373889923 1.30831265449524 1.27081048488617 1.22626638412476 1.18042826652527 1.14496612548828 1.10552632808685 1.06996142864227 1.03412199020386 0.864673852920532 0.838412165641785 0.82206916809082 0.798681795597076 0.782153069972992 0.770503222942352 0.752244710922241 0.73582935333252 0.719756722450256 0.704599320888519 0.68752247095108 0.663000285625458 0.633781969547272 0.599077224731445 0.514952540397644 0.361853003501892 0.225775435566902 0.151285395026207 0.123515158891678 0.118455000221729 0.114323981106281 0.112528145313263 0.105109043419361
3.11227011680603 2.87442827224731 2.66279768943787 2.23347640037537 2.09064817428589 1.9657928943634 1.85969936847687 1.76435470581055 1.68132638931274 1.59978032112122 1.53207814693451 1.47785997390747 1.20622742176056 1.15193772315979 1.11379837989807 1.09052205085754 1.05643689632416 1.01678383350372 0.984135448932648 0.946755111217499 0.915282964706421 0.887343943119049 0.865099191665649 0.845129430294037 0.822848916053772 0.809613227844238 0.792156040668488 0.796648263931274 0.786414504051208 0.768238008022308 0.749758958816528 0.736220002174377 0.721198976039886 0.696012794971466 0.674511969089508 0.632577478885651 0.538267731666565 0.401229619979858 0.275419533252716 0.31365492939949 0.319981962442398 0.312695920467377 0.301149368286133 0.293474972248077 0.288649469614029
2.82916402816772 2.61002397537231 2.41263461112976 1.89921307563782 1.75929534435272 1.66581678390503 1.59041321277618 1.51193106174469 1.43973064422607 1.37037456035614 1.3119410276413 1.26028335094452 1.17719984054565 1.12472259998322 1.08513355255127 1.0612211227417 1.03589797019958 1.00320327281952 1.00546014308929 1.04829335212708 1.01965463161469 1.00006687641144 0.980306327342987 0.960164129734039 0.860442519187927 0.862188041210175 0.889385223388672 0.940957129001617 0.946781039237976 0.928430438041687 0.907110035419464 0.887931108474731 0.868114769458771 0.794569134712219 0.760211527347565 0.725284099578857 0.599000096321106 0.455872446298599 0.443164587020874 0.498982846736908 0.485094636678696 0.474460124969482 0.458669930696487 0.453205287456512 0.445729225873947
2.42235732078552 2.23125243186951 2.07582139968872 1.79566395282745 1.66318130493164 1.56920123100281 1.50677084922791 1.4434220790863 1.39395952224731 1.37030422687531 1.31986713409424 1.28414189815521 1.2415167093277 1.21007812023163 1.17745840549469 1.14980781078339 1.13040363788605 1.12868106365204 1.19167149066925 1.23069286346436 1.20043385028839 1.17447400093079 1.14874911308289 1.12354040145874 1.03847324848175 1.00836133956909 1.07393777370453 1.24082541465759 1.27524244785309 1.24631345272064 1.22203636169434 1.19546759128571 1.17048668861389 1.01511561870575 0.881934583187103 0.795705378055573 0.645536780357361 1.24881160259247 0.621144711971283 0.654430329799652 1.24704790115356 1.36648607254028 1.13041889667511 0.975426316261292 0.855138301849365
2.27224636077881 2.11789417266846 2.05338144302368 1.92150437831879 1.79404020309448 1.70589864253998 1.61372017860413 1.56502997875214 1.65159499645233 1.66345751285553 1.59448742866516 1.53881251811981 1.48364675045013 1.43374013900757 1.38575530052185 1.34625828266144 1.31558907032013 1.36692702770233 1.57613337039948 1.61276888847351 1.56664216518402 1.52318775653839 1.48265564441681 1.44439268112183 1.40672540664673 1.37054085731506 1.35636901855469 1.70620489120483 1.66723346710205 1.6343092918396 1.60152018070221 1.56767356395721 1.51475119590759 1.34668409824371 1.07994556427002 0.747953355312347 0.615044116973877 6.61298704147339 3.36650466918945 2.28669810295105 1.83097457885742 2.09770512580872 1.75947880744934 1.50297009944916 1.31983327865601
2.57790231704712 2.46357655525208 2.50281167030334 2.21230816841125 2.09365391731262 1.98709535598755 1.89456462860107 1.90219354629517 2.20357418060303 2.25323629379272 2.15470719337463 2.08183121681213 2.00813102722168 1.94150650501251 1.87730312347412 1.80945289134979 1.76020097732544 1.71616804599762 2.15991568565369 2.10374617576599 2.0448305606842 1.98861408233643 1.93802165985107 1.8882474899292 1.84189343452454 1.79470670223236 1.74992775917053 1.7702339887619 1.78679418563843 1.75080251693726 1.71488404273987 1.67856466770172 1.64447343349457 1.39299237728119 1.19153249263763 0.792637467384338 0.768756628036499 9.66106033325195 5.29755115509033 3.55077028274536 2.65154504776001 1.9378547668457 1.66850674152374 1.45250034332275 1.2969583272934
3.13669180870056 3.03935241699219 3.04364895820618 3.48793339729309 3.2341570854187 2.69560122489929 2.57293653488159 2.46563243865967 3.03327560424805 2.92723679542542 2.81507706642151 2.70311665534973 2.60198497772217 2.52183794975281 2.43619537353516 2.3609414100647 2.29300570487976 2.22388982772827 2.23527860641479 2.26407885551453 2.20515656471252 2.14393615722656 2.0864143371582 2.03259873390198 1.97896933555603 1.92879617214203 1.88342249393463 1.83742892742157 1.71667861938477 1.67894411087036 1.6446704864502 1.60863983631134 1.57717382907867 1.38983416557312 1.15176439285278 0.863968968391418 2.69696927070618 8.29645824432373 4.48299694061279 3.01439714431763 2.54681730270386 2.13238978385925 1.819828748703 1.59764981269836 1.42180383205414
3.7641167640686 3.696448802948 3.58763957023621 5.78164005279541 4.56776809692383 3.84674310684204 3.33233857154846 3.19487166404724 3.14123868942261 3.1757481098175 3.05673933029175 2.93492603302002 2.82685804367065 2.72983407974243 2.63160753250122 2.55720067024231 2.48407483100891 2.41035294532776 2.33390069007874 2.16535663604736 2.1054253578186 2.05452990531921 2.00013136863708 1.9477311372757 1.89664888381958 1.85051000118256 1.80595624446869 1.76218438148499 1.72597324848175 1.6762387752533 1.63048827648163 1.58953142166138 1.54798913002014 1.48624134063721 1.25648295879364 1.11154270172119 6.55648946762085 6.12215852737427 4.16087961196899 3.14970350265503 3.07971000671387 2.6036810874939 2.24116730690002 1.96249890327454 1.74148070812225
3.76505613327026 3.73711133003235 5.97360992431641 8.63864707946777 5.35754013061523 4.53843259811401 3.77571392059326 3.46849989891052 3.32626724243164 3.10276889801025 2.93067526817322 2.81928992271423 2.71536231040955 2.614417552948 2.52503395080566 2.44756317138672 2.37056946754456 2.31746435165405 2.4398832321167 2.33712649345398 2.24488663673401 2.16557097434998 2.10131621360779 2.02895665168762 1.9587869644165 1.89389741420746 1.83125865459442 1.87906098365784 2.00728011131287 1.95200514793396 1.89620411396027 1.83641219139099 1.76238703727722 1.60674238204956 1.37618255615234 1.27367877960205 6.20620727539062 6.04027891159058 4.63601922988892 4.2254753112793 4.51965808868408 3.84854817390442 3.32215094566345 2.92509579658508 2.63038516044617
4.04861545562744 4.16332149505615 9.68758296966553 9.27783298492432 6.40145826339722 5.17984056472778 4.48709344863892 4.00358200073242 3.67497420310974 3.86133766174316 3.62449240684509 3.41521883010864 3.22938466072083 3.05008029937744 2.90159559249878 2.76479482650757 2.63692259788513 2.64483666419983 2.83110523223877 2.72837233543396 2.62438082695007 2.52986884117126 2.44528317451477 2.36176943778992 2.28137397766113 2.20014977455139 2.12824678421021 2.08978056907654 2.19839310646057 2.1708071231842 2.00220823287964 1.83665454387665 1.72065126895905 1.55602216720581 1.3386048078537 1.26979720592499 6.36248540878296 6.22784805297852 4.78346109390259 5.83831691741943 6.18663883209229 5.68412446975708 5.05656957626343 5.57453918457031 4.86741781234741
5.25210857391357 6.36237764358521 9.94893264770508 9.30945014953613 7.31822538375854 6.26092576980591 5.32489347457886 4.68185663223267 4.2187967300415 4.49492502212524 4.25332403182983 3.99314546585083 3.76637649536133 3.55757784843445 3.37811231613159 3.21263074874878 3.06675457954407 2.93786096572876 3.09319519996643 3.10656118392944 3.0274977684021 2.9116096496582 2.80600786209106 2.70364952087402 2.60794973373413 2.50729179382324 2.41704130172729 2.3502197265625 2.30069017410278 2.10644006729126 1.86592841148376 1.67634892463684 1.59287977218628 1.44171762466431 1.24392318725586 1.16526627540588 6.67238283157349 5.09283542633057 2.77561211585999 5.17436504364014 7.8612060546875 8.31271076202393 9.36106491088867 11.5131053924561 15.1401309967041
6.27540826797485 9.76310539245605 11.922082901001 10.3673505783081 8.27078247070312 7.17240571975708 6.0560474395752 5.32938385009766 4.91954278945923 4.92929744720459 4.94040060043335 4.80816221237183 4.51616239547729 4.24088621139526 3.99273276329041 3.78020811080933 3.59880828857422 3.42848944664001 3.29275035858154 3.37618589401245 3.39569544792175 3.34500217437744 3.21466994285583 3.09669351577759 2.98383760452271 2.87889051437378 2.78166508674622 2.66002082824707 2.28082036972046 1.81952214241028 1.55103313922882 1.36528754234314 2.21699690818787 1.22504651546478 0.950224101543427 0.73322981595993 0.714105308055878 3.78570079803467 0.58804839849472 0.184898138046265 0.107070669531822 12.0173711776733 25.4122047424316 23.9791049957275 20.7297096252441
