slauniainen/Data/DEM/Vihti_dsm1500b_cl_horizonAngle_330.asc
NCOLS 196 
NROWS 178 
XLLCORNER 353680 
YLLCORNER 6699024 
CELLSIZE 16 
NODATA_value -3.4e+38 
[rows 80 to 99 of 178, columns 0 to 44 of 196]
5.97387742996216 2.64217138290405 2.73311614990234 1.16143250465393 3.44342422485352 2.43544435501099 0.621622145175934 0.425741940736771 0.740660488605499 1.12807631492615 1.62710869312286 2.45705008506775 1.73576414585114 2.10178089141846 2.1914005279541 3.08018112182617 3.78637838363647 3.26447105407715 2.63041520118713 2.59816694259644 2.47417783737183 2.43671631813049 2.55818676948547 3.38009977340698 2.89421343803406 2.77211284637451 2.66890287399292 2.18856167793274 1.8953492641449 2.48598074913025 4.54784202575684 5.20964097976685 29.7307453155518 8.51220798492432 11.3339233398438 13.2803773880005 3.44626069068909 3.80716371536255 2.59945726394653 1.34557974338531 0.977942585945129 0.911629140377045 1.96023941040039 1.53075408935547 0.910481631755829
12.4840469360352 2.36019492149353 2.31222224235535 2.51523447036743 3.19388866424561 2.3185498714447 0.0362575463950634 0.409663617610931 0.383945524692535 0.61056786775589 1.03597617149353 1.52306020259857 2.31852340698242 1.80597865581512 1.83565926551819 2.8908588886261 1.58148741722107 3.59652471542358 2.98604917526245 2.3146755695343 2.39036464691162 2.29005312919617 2.35057258605957 2.54319858551025 2.77563500404358 2.6532678604126 2.5562961101532 2.20007109642029 1.85471177101135 1.67832219600677 2.27698659896851 4.41129207611084 19.820915222168 5.91200971603394 6.248694896698 8.94131374359131 2.15527391433716 3.52109289169312 29.3937034606934 1.59869062900543 1.08468639850616 1.18848931789398 2.34987258911133 0.914150536060333 1.4963446855545
6.34161233901978 3.33961367607117 2.20609021186829 2.30069589614868 0.700154781341553 2.86975431442261 2.1290876865387 0.336624354124069 0.30445060133934 0.466933131217957 0.522625684738159 1.49752771854401 1.55006432533264 2.21381330490112 1.71493542194366 2.58715748786926 3.60555863380432 20.8552417755127 2.93163657188416 2.25722432136536 2.14629077911377 2.28736686706543 2.30252194404602 2.37180924415588 2.77158498764038 2.49996829032898 2.42440342903137 2.31356048583984 1.89678823947906 1.66099858283997 2.23597431182861 1.83511543273926 3.53765201568604 12.2230215072632 5.42716646194458 5.41679811477661 6.85002756118774 33.7064666748047 29.566349029541 2.355877161026 1.32222485542297 0.999395728111267 0.749911367893219 1.69439911842346 1.44167017936707
1.54114162921906 4.7153582572937 0.759737253189087 2.07916045188904 2.1516706943512 1.02113735675812 2.60482406616211 0.164328411221504 0.193722099065781 0.158483311533928 0.421901911497116 0.971862196922302 1.43878936767578 2.16957354545593 1.61334252357483 1.77262187004089 2.81198883056641 13.817813873291 3.29348683357239 2.73965907096863 2.16104602813721 2.23766613006592 2.21394801139832 2.25291132926941 2.61800360679626 2.41755771636963 2.30245494842529 2.22298121452332 1.92960858345032 1.61921620368958 1.47155332565308 2.06017661094666 1.1816623210907 10.0094718933105 4.52426910400391 4.43355512619019 5.91710948944092 22.5976066589355 19.0489253997803 11.9197187423706 2.27544808387756 1.10465323925018 0.824953734874725 3.34353971481323 1.83023869991302
2.2119038105011 3.90644955635071 2.09234690666199 1.94010996818542 2.02101755142212 0.799392342567444 2.38628840446472 1.90726792812347 0.241511195898056 0.280331313610077 0.550082862377167 0.803258299827576 1.46353423595428 1.53457415103912 2.10431981086731 1.58242201805115 1.88397097587585 2.79865694046021 9.30278873443604 2.73618960380554 2.66945314407349 2.03270578384399 2.16824531555176 2.2020161151886 2.28090763092041 2.27426028251648 2.1931164264679 2.12583589553833 2.00756096839905 1.64115273952484 1.44008660316467 2.01997423171997 1.17418849468231 2.61928558349609 7.38698196411133 3.93130970001221 3.77046084403992 4.96063089370728 14.472297668457 12.3450784683228 3.33048915863037 1.14812064170837 0.838156461715698 2.45391392707825 1.58402931690216
1.74057328701019 1.21467018127441 3.34164261817932 1.90503919124603 1.84828495979309 1.89874804019928 0.662564098834991 2.24166893959045 1.78512561321259 0.051134429872036 0.133147954940796 0.401641011238098 1.8441241979599 1.93556308746338 2.10457825660706 2.26139163970947 2.26207637786865 2.55689787864685 7.78721857070923 3.08892464637756 2.66689944267273 2.04109716415405 2.07389378547668 2.06010293960571 2.13059878349304 2.22119140625 2.03999400138855 2.01356840133667 1.934161901474 1.68026030063629 1.42298769950867 1.27880680561066 1.84700345993042 0.997826755046844 6.50101518630981 3.6702823638916 3.74242782592773 3.14655423164368 11.6925001144409 9.82944869995117 7.39234304428101 2.10092926025391 0.932311594486237 0.90309339761734 0.674093961715698
1.40633010864258 1.56356251239777 2.00006341934204 3.16341376304626 1.76020193099976 1.80037653446198 0.741258263587952 2.12076783180237 1.71479272842407 -0.106941193342209 0.428132891654968 1.08552265167236 2.73462700843811 2.42247200012207 2.11759424209595 2.14505934715271 1.564493060112 1.66620564460754 2.68838286399841 6.37358808517456 2.9976692199707 2.54238963127136 1.88877618312836 2.00480842590332 2.03497958183289 2.14022326469421 1.93233835697174 1.91667997837067 1.81836915016174 1.75261354446411 1.49755942821503 1.22877764701843 1.1180317401886 1.67175161838531 2.03572392463684 5.27533435821533 3.28108787536621 3.57762217521667 3.85967588424683 9.06989574432373 7.58831119537354 3.07542705535889 1.04886293411255 1.07793307304382 0.586063504219055
1.34705555438995 1.48911249637604 1.56776869297028 2.78493881225586 1.52704501152039 1.74942553043365 1.68480801582336 0.6348477602005 1.98260986804962 1.61338949203491 0.744857847690582 2.07253217697144 2.69064998626709 1.59316504001617 1.43654119968414 2.0393807888031 1.66767394542694 2.02984428405762 3.05625152587891 5.55782318115234 2.93021774291992 2.54412508010864 1.92499685287476 1.93612539768219 1.89687848091125 1.99200522899628 1.92673492431641 1.72865474224091 1.76868283748627 1.70389521121979 1.56446301937103 1.23101413249969 1.11343777179718 1.67210233211517 0.875468075275421 1.71231532096863 4.41463470458984 3.47254347801208 2.91157984733582 7.79137325286865 6.45626544952393 5.22851800918579 1.941978931427 0.92035984992981 0.616176605224609
0.733848035335541 2.07289886474609 2.72834324836731 2.5198016166687 2.62081480026245 0.331496357917786 1.50180661678314 1.59214079380035 1.8949066400528 1.59508347511292 1.68126738071442 2.24372315406799 1.88935911655426 1.79777276515961 1.11828231811523 1.39901435375214 2.38552236557007 3.34724569320679 2.31289029121399 2.54258966445923 4.70716381072998 2.79824018478394 2.40874218940735 1.77273988723755 1.86415898799896 1.83677411079407 1.8663364648819 1.72436857223511 1.75091111660004 1.63390970230103 1.56113982200623 1.31384742259979 1.07672393321991 0.993411958217621 1.53571677207947 0.789236724376678 4.03691911697388 2.78078055381775 3.31558871269226 3.23480844497681 6.47700548171997 5.39138698577881 4.54152631759644 1.10331070423126 0.722728788852692
2.71697020530701 1.96288800239563 2.51625561714172 1.8518146276474 2.44391989707947 1.46157133579254 25.6331806182861 1.50870609283447 0.447990328073502 1.78501379489899 1.56685662269592 1.65915441513062 2.3047993183136 2.31736493110657 1.73299551010132 3.9793062210083 4.38647031784058 3.346186876297 2.18364429473877 2.01652860641479 2.41470575332642 4.28949451446533 2.40390467643738 1.76388418674469 1.69979763031006 1.80614256858826 1.80903589725494 1.68340456485748 1.57032561302185 1.60953462123871 1.54002130031586 1.38528907299042 1.08690869808197 0.992431402206421 1.5248875617981 0.75302529335022 1.43122518062592 3.52840662002563 3.2270770072937 2.69971108436584 3.08238649368286 5.54707813262939 4.67687892913818 1.79303979873657 0.87210613489151
0.508271336555481 2.15042781829834 2.58467054367065 1.24716818332672 0.708256423473358 2.33233737945557 16.9444541931152 1.54221796989441 1.45667898654938 0.681272923946381 1.76273310184479 2.22055649757385 3.19093632698059 3.02219223976135 3.26474046707153 4.39162874221802 4.25189924240112 2.62087726593018 1.92537415027618 1.93153262138367 2.45220446586609 4.10018062591553 2.67708086967468 2.29713940620422 1.67804384231567 1.73851931095123 1.67929649353027 1.60499572753906 1.53368973731995 1.58155691623688 1.46332061290741 1.39804744720459 1.16943228244781 0.96390974521637 0.869335114955902 1.39671850204468 0.685734629631042 3.31354665756226 2.5828230381012 3.09370541572571 2.58810782432556 5.01638031005859 4.18167066574097 3.73051285743713 1.7360851764679
1.5295524597168 19.0516338348389 -0.620389640331268 1.85455346107483 7.47915554046631 9.61762237548828 2.15244174003601 10.7177610397339 1.41315007209778 0.561746060848236 1.6545432806015 2.08555507659912 2.90158009529114 2.34977626800537 2.38792681694031 2.92618346214294 3.02939367294312 2.55617642402649 2.0448739528656 2.43492937088013 1.91388142108917 2.4065043926239 3.68649554252625 2.27767300605774 2.20715689659119 1.67126893997192 1.57953023910522 1.55828106403351 1.49451529979706 1.40809941291809 1.44825172424316 1.37464118003845 1.23527860641479 0.973669588565826 0.865238964557648 1.41002154350281 0.700663149356842 1.26055753231049 2.93935465812683 3.0153501033783 2.52095031738281 2.84892296791077 4.45362997055054 3.69273281097412 2.56937170028687
0.166178867220879 11.0674057006836 0.586611270904541 22.8950538635254 4.69961595535278 6.04564380645752 2.00453448295593 8.81512641906738 1.47515594959259 1.36714279651642 0.509922444820404 2.33124184608459 3.00683784484863 2.32334017753601 2.16826438903809 2.09715938568115 2.70237374305725 2.20406460762024 2.02371716499329 1.82714748382568 1.80894875526428 1.7367388010025 3.50588941574097 2.52709412574768 2.24511623382568 1.63619673252106 1.54763352870941 1.40116989612579 1.41733348369598 1.36182165145874 1.30457246303558 1.31089675426483 1.24078643321991 1.03663921356201 0.878819286823273 0.802072703838348 1.33197271823883 0.656685888767242 1.12902295589447 2.60750961303711 2.89940500259399 2.41986513137817 4.0651388168335 3.29909658432007 3.4121425151825
-0.928382515907288 4.8171067237854 6.44673538208008 -1.39893734455109 1.28553950786591 3.06306791305542 4.26728391647339 1.97427380084991 6.92308139801025 1.34746658802032 0.880289673805237 2.4599494934082 3.25947403907776 2.51292777061462 1.96677827835083 1.93409991264343 1.89489138126373 2.1213846206665 1.76934134960175 1.98771440982819 1.66214263439178 1.61661911010742 2.25893545150757 3.23226571083069 2.41618680953979 2.05073118209839 1.40645146369934 1.44852817058563 1.37398934364319 1.2907909154892 1.24023723602295 1.27908408641815 1.17013883590698 1.12499833106995 0.934921860694885 0.779976665973663 0.724321484565735 1.25227272510529 1.1115642786026 2.49243378639221 2.31641173362732 2.79603672027588 2.64895558357239 3.62162637710571 3.28243732452393
-1.00371766090393 16.1438045501709 4.76895761489868 1.71835780143738 37.0869674682617 2.40512609481812 3.38448882102966 1.8494074344635 6.0585732460022 1.42668449878693 1.34191823005676 2.04305124282837 3.19094610214233 2.57989883422852 1.93478083610535 1.81753885746002 1.75703966617584 2.00505948066711 1.84459781646729 2.46316027641296 2.58129644393921 1.5723762512207 1.59510576725006 2.1806948184967 2.75665235519409 2.0004894733429 1.42596733570099 1.40888357162476 1.30670571327209 1.26983559131622 1.15663826465607 1.11172199249268 1.15576601028442 1.08947050571442 0.967327296733856 0.761961042881012 0.71154910326004 1.24397158622742 0.599744617938995 0.983710825443268 2.26546716690063 2.72918796539307 2.27407741546631 2.53257632255554 3.26358366012573
-0.832887649536133 6.58190298080444 11.7969579696655 4.04629373550415 25.1536350250244 1.10583853721619 1.96684658527374 2.75435018539429 1.84518802165985 5.39880037307739 1.68776249885559 2.24617266654968 2.72167420387268 2.47120118141174 1.90389978885651 1.81084716320038 1.65243196487427 1.58295714855194 1.71833467483521 3.22325158119202 1.97926700115204 1.50447750091553 1.5321831703186 2.101318359375 2.61841058731079 2.19620156288147 1.89795398712158 1.27167701721191 1.30342864990234 1.17326784133911 1.13087022304535 1.07270061969757 1.1101690530777 1.01332974433899 0.969256103038788 0.794836938381195 0.667182564735413 0.63115268945694 1.1575391292572 0.562177181243896 2.15386438369751 2.17940831184387 2.63033270835876 1.04219090938568 1.60069680213928
0.0505785457789898 21.548677444458 24.6381683349609 1.5839056968689 2.18445491790771 17.0739059448242 1.84881114959717 2.65464758872986 2.69284749031067 2.14682769775391 4.92661237716675 2.9130163192749 2.15573072433472 2.38870429992676 1.73985707759857 1.61163032054901 1.58733570575714 1.47562515735626 1.44915211200714 3.02786564826965 1.61805236339569 1.86322891712189 1.40103435516357 1.43303549289703 2.01502180099487 2.39784908294678 1.86425828933716 1.2922455072403 1.16658616065979 1.17129266262054 1.09203612804413 1.01648986339569 0.974220454692841 0.996219158172607 0.930338978767395 0.816539824008942 0.637848138809204 0.599529683589935 1.13372623920441 0.534044802188873 0.867368936538696 2.14142942428589 2.56229662895203 1.04730093479156 0.410131305456161
0.708732068538666 15.7379388809204 20.8706836700439 -0.914058804512024 11.4272813796997 14.0711889266968 1.7336517572403 1.80795800685883 2.50247669219971 2.09263563156128 4.52931499481201 1.90796875953674 2.00332593917847 1.9516339302063 1.66753101348877 1.45959401130676 1.51212596893311 1.41449463367462 2.48904705047607 2.62404751777649 1.57117521762848 1.83441293239594 1.47235202789307 1.38241922855377 1.97434115409851 2.28983902931213 2.04356098175049 1.75527036190033 1.18453538417816 1.13605177402496 1.00478076934814 0.984363913536072 0.95248156785965 0.978917062282562 0.869553864002228 0.82403975725174 0.66120582818985 0.550752699375153 0.531233608722687 1.06781184673309 0.480359256267548 1.84498012065887 2.02583932876587 1.9487487077713 0.553852617740631
1.56761503219604 13.4149513244629 15.5760526657104 -1.06311178207397 -1.54096794128418 3.0606005191803 11.0490112304688 1.90619623661041 2.89789009094238 2.36688375473022 1.80759823322296 4.23630952835083 1.90276193618774 1.81475520133972 1.73335766792297 1.98953723907471 1.51990854740143 1.37060987949371 1.34264290332794 1.45860850811005 1.37042474746704 1.40935397148132 1.76848542690277 1.28175795078278 1.30859839916229 1.87747669219971 2.07781481742859 1.71777677536011 1.65807688236237 1.01168060302734 1.01709532737732 0.960279762744904 0.87960296869278 0.837974190711975 0.868563890457153 0.786440193653107 0.656017780303955 0.50702828168869 0.46574205160141 0.436857223510742 0.958538889884949 0.678688228130341 1.62910068035126 1.92870509624481 1.27730655670166
1.12363624572754 0.199922636151314 12.5865449905396 -1.15545177459717 -1.51202702522278 -1.85955023765564 8.65436267852783 4.00257921218872 1.86129081249237 2.25039887428284 2.06092715263367 4.08432579040527 2.1978907585144 1.77512693405151 1.74502694606781 1.63406872749329 1.48814749717712 1.32807731628418 1.31538343429565 1.32768476009369 1.20581769943237 1.3265243768692 1.73831486701965 1.39296317100525 1.21885466575623 1.21963095664978 1.97940981388092 1.88463485240936 1.6166844367981 1.03488504886627 0.983106732368469 0.869764268398285 0.845999538898468 0.76433140039444 0.734788417816162 0.751300930976868 0.664830684661865 0.510495901107788 0.363732397556305 0.33275631070137 0.893460333347321 0.344435095787048 0.566286146640778 1.86674606800079 0.939903140068054
