slauniainen/Data/DEM/Vihti_dem1500b_cl_horizonAngle_42.asc
NCOLS 196 
NROWS 178 
XLLCORNER 353680 
YLLCORNER 6699024 
CELLSIZE 16 
NODATA_value -3.4e+38 
[rows 120 to 139 of 178, columns 0 to 44 of 196]
8.49633598327637 15.1095275878906 7.77095794677734 10.013035774231 6.06231546401978 2.140789270401 0.838912189006805 0.0273674912750721 0.064182385802269 0.219395846128464 0.421880006790161 0.562607109546661 0.65495103597641 0.747245907783508 0.835046231746674 0.910666882991791 1.03953182697296 1.4260528087616 2.07356429100037 2.09869360923767 1.79990017414093 1.82376384735107 2.09253835678101 2.27433609962463 2.21480822563171 2.37737894058228 2.33838510513306 2.18296408653259 2.0378258228302 2.01525092124939 1.9459068775177 1.82992839813232 1.66856634616852 1.5349942445755 1.46917068958282 1.38490056991577 1.35626602172852 1.23435723781586 1.1580730676651 1.02366518974304 0.957633972167969 1.21856498718262 1.63511919975281 1.67363107204437 1.81207013130188
9.21716976165771 14.5308074951172 15.6802387237549 8.2129487991333 5.1031346321106 3.48939752578735 2.08555507659912 0.376853942871094 0.0980329886078835 0.217002302408218 0.378645777702332 0.529231607913971 0.659218192100525 0.76127290725708 0.834715187549591 0.959312975406647 1.07711744308472 1.68434929847717 1.77765226364136 1.7580189704895 1.73517656326294 2.07893085479736 2.23502588272095 2.18401885032654 2.31977462768555 2.22698140144348 2.04022598266602 1.99997282028198 1.88570189476013 1.81716215610504 1.72663903236389 1.56352913379669 1.43029725551605 1.35926926136017 1.31628954410553 1.28440296649933 1.19268393516541 1.11377108097076 1.00257730484009 0.909637629985809 1.09611141681671 1.55012965202332 1.55975139141083 1.68947541713715 1.59712052345276
7.81020355224609 10.0762338638306 15.6070690155029 14.956690788269 7.75175476074219 5.88844013214111 4.3168625831604 2.25808358192444 0.16658291220665 0.247610583901405 0.358241736888885 0.486669957637787 0.637383460998535 0.752302527427673 0.88185054063797 0.996473729610443 1.11333155632019 1.41374087333679 1.72574555873871 1.88047254085541 2.05788922309875 2.21449995040894 2.13967776298523 2.27508687973022 2.18716812133789 1.9762088060379 1.90057039260864 1.78916609287262 1.76551032066345 1.6555141210556 1.47722995281219 1.36437964439392 1.27916550636292 1.21932375431061 1.21598041057587 1.13215100765228 1.08797776699066 0.957000851631165 0.88997757434845 0.895492434501648 1.1303037405014 1.50268161296844 1.60132491588593 1.50692689418793 1.55775654315948
7.84247159957886 8.31174278259277 10.7061100006104 15.4438371658325 10.4054384231567 7.24600648880005 5.39801597595215 3.12815833091736 0.231710731983185 0.286174774169922 0.35395422577858 0.444391280412674 0.582808196544647 0.760822236537933 0.913903653621674 1.03739404678345 1.25005853176117 1.44736707210541 1.77993929386139 2.05712080001831 2.18279623985291 2.13406991958618 2.22688770294189 2.14959239959717 1.9579359292984 1.86478364467621 1.72489416599274 1.66698837280273 1.57412850856781 1.49288737773895 1.30304944515228 1.21566724777222 1.17635273933411 1.15052402019501 1.05655205249786 1.02167057991028 0.922269105911255 0.859485983848572 0.879203677177429 1.12476968765259 1.45016729831696 1.43493175506592 1.5267059803009 1.47963905334473 1.30861592292786
6.46771097183228 7.48084402084351 8.39837265014648 9.87950134277344 13.0725507736206 8.21964740753174 6.49260807037354 4.22228384017944 1.30847859382629 0.346453130245209 0.383993029594421 0.437052577733994 0.548176765441895 0.749448120594025 0.940350949764252 1.16634058952332 1.33629596233368 1.59775173664093 2.03556942939758 2.17912101745605 2.09825301170349 2.34729790687561 2.11049652099609 1.92444252967834 1.8378232717514 1.69018912315369 1.62999737262726 1.51512086391449 1.42078924179077 1.2691787481308 1.18666636943817 1.1103196144104 1.10742390155792 1.02964210510254 0.932170808315277 0.83702564239502 0.821047425270081 0.85794472694397 1.0898425579071 1.42732524871826 1.40842807292938 1.48700726032257 1.38165891170502 1.41241014003754 1.2346111536026
5.79480075836182 6.3694486618042 6.89110326766968 7.68594694137573 9.92346858978271 10.7490921020508 6.98127174377441 5.4420337677002 2.56322169303894 1.54295861721039 0.429333180189133 0.466222196817398 0.5387864112854 0.723056674003601 1.02360022068024 1.23656272888184 1.4815845489502 1.92905056476593 2.15408253669739 2.32073068618774 2.20107913017273 2.25819945335388 2.10437536239624 1.81015491485596 1.67457258701324 1.61120808124542 1.49960207939148 1.39146602153778 1.23399472236633 1.14651393890381 1.06703245639801 1.04415380954742 1.00633907318115 1.43977010250092 0.818256497383118 0.734393835067749 0.824616253376007 1.04810929298401 1.36785101890564 1.37404048442841 1.45290076732635 1.34281182289124 1.35233283042908 1.20149612426758 1.06151628494263
5.13256406784058 5.42058849334717 5.845374584198 6.39197826385498 7.43127632141113 10.3168678283691 8.58639717102051 5.83689069747925 3.95070695877075 2.87832164764404 1.59496414661407 0.505889654159546 0.557697832584381 0.744896054267883 0.970290780067444 1.32594108581543 1.79462683200836 2.03270816802979 2.10215187072754 2.51060438156128 2.15485763549805 1.95739042758942 2.55738949775696 1.65655875205994 1.59729242324829 1.47801351547241 1.3838415145874 1.22655117511749 1.12840354442596 1.04585242271423 1.01678836345673 0.996846616268158 0.972916543483734 1.34217178821564 1.30627751350403 0.79991614818573 0.98292088508606 1.28503215312958 1.31314218044281 1.40311801433563 1.32228517532349 1.3034770488739 1.15367782115936 1.03696620464325 1.10893797874451
4.62960815429688 4.91656112670898 5.03372764587402 5.5185341835022 6.25398921966553 7.30964756011963 10.3090696334839 9.61153984069824 6.3536229133606 4.02035093307495 3.16951036453247 0.894054472446442 0.636241495609283 0.832155644893646 1.03710412979126 1.32650375366211 1.88877403736115 1.96185255050659 2.18643236160278 2.24963521957397 2.05000686645508 2.11391067504883 2.92899942398071 1.69925677776337 1.47040450572968 1.36210358142853 1.21131443977356 1.12401247024536 1.11597692966461 0.990666568279266 0.964100539684296 0.903517425060272 0.874785661697388 1.21408021450043 1.29714441299438 1.10693919658661 1.22675490379333 1.23222649097443 1.3347829580307 1.2685923576355 1.28555500507355 1.11404609680176 1.00149536132812 0.820277154445648 0.937211036682129
4.16347217559814 4.2809362411499 4.54986953735352 4.72794342041016 5.12284135818481 5.82196474075317 6.68661069869995 7.16179895401001 9.59800815582275 8.40042877197266 5.71880674362183 2.95622491836548 0.816801965236664 0.950249493122101 1.18779194355011 1.60413897037506 1.84429037570953 2.06571269035339 2.0893394947052 2.21130704879761 2.08300852775574 2.27233791351318 2.32148289680481 2.65805315971375 1.47745585441589 1.20084798336029 1.10309445858002 1.03554570674896 0.98300176858902 0.920528769493103 0.857036232948303 0.826686024665833 0.844085276126862 0.909380078315735 1.02324092388153 1.2184237241745 1.1954562664032 1.27962338924408 1.2082371711731 1.22855353355408 1.09962117671967 0.986590564250946 0.819399178028107 0.836739301681519 1.17388093471527
3.69520950317383 3.84103846549988 4.02622413635254 4.19747352600098 4.37527322769165 4.59232950210571 4.93145895004272 5.49467754364014 5.81438684463501 6.73935890197754 8.78724956512451 6.52272033691406 3.66883230209351 1.17522156238556 1.50846385955811 1.7146008014679 1.78565382957458 2.05117249488831 1.9081130027771 2.23213982582092 2.23947310447693 2.20022010803223 2.15373396873474 3.10727882385254 1.85639810562134 1.11713564395905 1.02747976779938 0.965263605117798 0.922329902648926 0.831756591796875 0.776916265487671 0.693158626556396 0.767131447792053 0.948699057102203 1.19299173355103 1.16908347606659 1.23846113681793 1.17209112644196 1.1776043176651 1.06011378765106 0.960159301757812 0.813605844974518 0.85341739654541 1.01549661159515 1.0215607881546
3.33367347717285 3.40347123146057 3.55709648132324 3.72120499610901 3.63746666908264 3.70556640625 3.87944579124451 4.18923425674438 4.5815258026123 5.05259990692139 5.09486436843872 5.63464593887329 6.9317421913147 5.67817831039429 2.74657702445984 1.72622013092041 1.92383873462677 1.98454821109772 1.88277471065521 2.18493485450745 2.44466757774353 2.24319267272949 2.35331535339355 2.57979273796082 2.33440494537354 1.06117033958435 1.03694319725037 0.911033689975739 0.827943921089172 0.761337637901306 0.6788649559021 0.746125936508179 0.913351774215698 1.14074218273163 1.11888182163239 1.20154392719269 1.14514195919037 1.14243936538696 1.02972996234894 0.918628811836243 0.77864933013916 0.7562056183815 1.01183688640594 1.19656109809875 1.19999182224274
2.96935391426086 3.08239984512329 3.15303063392639 3.17460775375366 3.21874332427979 3.20871615409851 3.201819896698 3.59409976005554 3.79174661636353 4.01980638504028 3.70098543167114 4.09783935546875 3.70138931274414 2.66286778450012 3.39024519920349 2.47096967697144 1.92523550987244 1.85036110877991 2.01047825813293 2.14542889595032 2.66659283638 2.40421915054321 2.37079310417175 2.28719449043274 2.88991236686707 1.34434390068054 1.32075881958008 1.21620905399323 0.897772431373596 0.668224573135376 0.635083496570587 0.823194622993469 1.11637568473816 1.09882581233978 1.14716076850891 1.10027158260345 1.11653482913971 0.99484395980835 0.898831248283386 0.745569825172424 0.627459585666656 0.782382547855377 1.01435720920563 1.4361115694046 1.39463067054749
2.71155953407288 2.73226809501648 2.69381618499756 2.72286033630371 2.71507096290588 2.81340217590332 2.89916062355042 2.89302062988281 3.10915207862854 2.95629954338074 3.14760541915894 2.93238091468811 2.30796885490417 2.06607842445374 1.88433980941772 1.87051665782928 1.79556095600128 1.7875394821167 2.0716986656189 2.35548496246338 2.94675493240356 2.76267099380493 2.42042779922485 2.46499681472778 2.95939421653748 1.84287941455841 1.61718249320984 1.45647978782654 1.19240927696228 0.787901818752289 0.705238878726959 0.858852088451385 1.07788836956024 1.13924717903137 1.06075382232666 1.06201362609863 0.962055027484894 0.859987556934357 0.722627222537994 0.608834266662598 0.619452893733978 0.768619537353516 1.06555414199829 1.37048673629761 1.59218442440033
2.40915322303772 2.3503041267395 2.35269403457642 2.34537887573242 2.37613272666931 2.44246101379395 2.61397290229797 2.6247661113739 2.38292837142944 2.39229130744934 2.34075021743774 1.94282412528992 1.78506183624268 1.85438203811646 1.82363104820251 1.75548005104065 1.73248517513275 1.91127908229828 2.21891212463379 3.20914530754089 3.74405288696289 3.23278403282166 2.74610495567322 2.58907103538513 2.28172159194946 2.32241821289062 1.89123106002808 1.64177453517914 1.02123248577118 0.701888263225555 0.8397416472435 1.04815411567688 1.03951680660248 1.09425055980682 1.03909027576447 0.915811717510223 0.816424608230591 0.68719220161438 0.574560761451721 0.522965788841248 0.573981642723083 0.778053045272827 1.05150651931763 1.33753776550293 1.66649150848389
2.10926842689514 2.08016037940979 2.06821799278259 2.0535409450531 2.1224365234375 2.20745491981506 2.21800804138184 2.25671052932739 2.15034151077271 1.88515615463257 1.70026183128357 1.69745862483978 1.82062172889709 1.78619420528412 1.71012401580811 1.6994297504425 1.65460503101349 2.15746307373047 2.7042715549469 3.37934398651123 5.01947450637817 4.31504726409912 3.47976422309875 3.12861108779907 2.22390794754028 2.4023003578186 1.89939391613007 1.75655210018158 1.05376410484314 0.834019005298615 1.02154636383057 1.01029741764069 1.07843935489655 1.00942754745483 0.986907541751862 0.860537171363831 0.654557943344116 0.535025596618652 0.484679579734802 0.468295872211456 0.59330415725708 0.804692327976227 0.932884812355042 1.31643962860107 1.65115571022034
1.86313712596893 1.86245143413544 1.82238900661469 1.86602628231049 1.91368734836578 1.91548824310303 1.90496873855591 1.81915926933289 1.72528862953186 1.70308530330658 1.64825177192688 1.77984035015106 1.7619560956955 1.67385399341583 1.64862251281738 1.6250034570694 1.76421427726746 2.22266864776611 2.68805742263794 3.57159948348999 4.87822246551514 5.72438192367554 4.58448505401611 3.92981624603271 2.80271100997925 2.40864491462708 2.42004203796387 2.13893747329712 1.34498107433319 1.01665079593658 0.989391446113586 1.05190527439117 1.00148272514343 0.978912174701691 0.853035628795624 0.742278218269348 0.605429828166962 0.437740564346313 0.399664461612701 0.481861591339111 0.608972311019897 0.762815535068512 1.05718266963959 1.16213810443878 1.91438591480255
1.64365875720978 1.62383592128754 1.68451750278473 1.69098198413849 1.68650150299072 1.64325320720673 1.57022416591644 1.47233653068542 1.59377479553223 1.59447276592255 1.72672426700592 1.71550047397614 1.65185928344727 1.62860953807831 1.58665299415588 1.61914670467377 1.83039569854736 2.22872185707092 2.72688794136047 3.41614031791687 4.53802013397217 5.98938894271851 5.62877178192139 4.54540157318115 3.81540417671204 3.19927549362183 2.87536382675171 2.40685153007507 1.654900431633 0.987333357334137 1.03957545757294 1.08724141120911 1.41112864017487 1.44152700901031 0.807603061199188 0.603247463703156 0.429419100284576 0.352582573890686 0.35091570019722 0.461341112852097 0.613844633102417 0.904236793518066 0.97862184047699 1.24138724803925 1.70093023777008
1.38892114162445 1.43942224979401 1.47678446769714 1.51183450222015 1.45649063587189 1.38894617557526 1.26305079460144 1.54628312587738 1.54255342483521 1.66888570785522 1.6602463722229 1.60601150989532 1.59635281562805 1.55904650688171 1.57078742980957 1.69631493091583 1.88211345672607 2.19849252700806 2.65302562713623 3.2747848033905 4.1170220375061 5.07040691375732 5.74175786972046 4.96674060821533 3.70544385910034 3.45483803749084 3.62265491485596 2.58955788612366 1.88263392448425 1.03227508068085 0.988552093505859 1.05458009243011 1.14711141586304 1.18405759334564 0.979236781597137 0.735209763050079 0.342101693153381 0.294592529535294 0.306369215250015 0.470968872308731 0.71469259262085 0.802111625671387 1.04814994335175 1.42608380317688 1.66056191921234
1.24945878982544 1.21451187133789 1.25348174571991 1.22540688514709 1.20988082885742 1.12210309505463 1.15370786190033 1.50019323825836 1.62041413784027 1.60579907894135 1.55458402633667 1.54753994941711 1.51451981067657 1.52792346477509 1.55406725406647 1.75677192211151 1.934237241745 2.17674827575684 2.66825270652771 3.22145342826843 3.77394270896912 4.4839038848877 5.8874077796936 5.33383560180664 4.02677154541016 3.47659802436829 3.82898259162903 3.1051504611969 1.99292361736298 0.974164187908173 0.964947581291199 0.862829923629761 0.740702450275421 0.777027428150177 0.604512572288513 0.737498641014099 0.262891203165054 0.219121128320694 0.306041955947876 0.550661146640778 0.654008090496063 0.906766653060913 1.12168920040131 1.42005157470703 1.81919825077057
1.08662569522858 1.08795857429504 1.01085770130157 0.978707849979401 0.883279800415039 0.985562920570374 1.09283435344696 1.32220947742462 1.56331622600555 1.50871098041534 1.49942576885223 1.46682906150818 1.48379778862 1.46051025390625 1.6047922372818 1.77614939212799 1.9723504781723 2.20788955688477 2.59863829612732 3.12440061569214 3.64110016822815 4.33108329772949 5.63082885742188 5.82864999771118 4.68127393722534 4.04519701004028 3.8181254863739 3.97302889823914 2.51287961006165 0.963886141777039 0.8497633934021 0.734287440776825 0.665663182735443 1.34062707424164 0.753337264060974 0.242804512381554 0.204154670238495 0.192448109388351 0.356131672859192 0.463587731122971 0.694324612617493 0.987003445625305 1.15003550052643 1.52187931537628 1.6828019618988
