slauniainen/Data/DEM/Vihti_dem1500b_cl_horizonAngle_330.asc
NCOLS 196 
NROWS 178 
XLLCORNER 353680 
YLLCORNER 6699024 
CELLSIZE 16 
NODATA_value -3.4e+38 
[rows 80 to 99 of 178, columns 0 to 44 of 196]
-0.368055254220963 -0.305739760398865 -0.353198707103729 -0.0443714037537575 -0.0919377058744431 0.107361316680908 0.621622145175934 0.425741940736771 0.740660488605499 0.817110955715179 1.12372994422913 1.44367349147797 1.59159111976624 2.10178089141846 2.1914005279541 2.57027363777161 3.42448210716248 3.08164143562317 2.63041520118713 2.59816694259644 2.47417783737183 2.43671631813049 2.55818676948547 3.38009977340698 2.89421343803406 2.77211284637451 2.66890287399292 2.18856167793274 1.8953492641449 1.70782423019409 1.59612894058228 1.47368335723877 1.63870072364807 1.68968963623047 1.78066790103912 1.95884644985199 2.37083864212036 2.47878193855286 2.07536888122559 1.34557974338531 0.977942585945129 0.826170146465302 1.94380581378937 0.909605443477631 0.910481631755829
-0.319961786270142 -0.291468262672424 -0.401926428079605 0.296684175729752 -0.0981238558888435 0.0430019944906235 0.0362575463950634 0.409663617610931 0.383945524692535 0.61056786775589 0.761363744735718 1.08827376365662 1.32688069343567 1.80597865581512 1.83565926551819 2.27600622177124 3.31102991104126 2.28718948364258 2.43240094184875 2.3146755695343 2.39036464691162 2.29005312919617 2.35057258605957 2.54319858551025 2.77563500404358 2.6532678604126 2.5562961101532 2.20007109642029 1.85471177101135 1.67832219600677 1.54386699199677 1.37222707271576 1.36575591564178 1.43258249759674 1.63456654548645 1.75672233104706 1.98897683620453 2.29772114753723 2.26456618309021 1.59869062900543 1.08468639850616 1.18848931789398 2.34987258911133 0.914150536060333 0.879954874515533
-0.15350179374218 0.34844696521759 -0.11974673718214 -0.0472245328128338 -0.115499958395958 -0.0967292338609695 -0.0739296674728394 0.336624354124069 0.30445060133934 0.466933131217957 0.522625684738159 0.823229014873505 1.11165273189545 1.19465661048889 1.71493542194366 2.58715748786926 3.60555863380432 2.1318998336792 1.97180950641632 2.25722432136536 2.14629077911377 2.28736686706543 2.30252194404602 2.37180924415588 2.77158498764038 2.49996829032898 2.42440342903137 2.31356048583984 1.89678823947906 1.66099858283997 1.4711217880249 1.33285748958588 1.23730313777924 1.21604943275452 1.42030513286591 1.5593147277832 1.72179877758026 2.10584497451782 2.19403100013733 1.93491017818451 1.32222485542297 0.999395728111267 0.749911367893219 0.760162532329559 0.835965692996979
-0.23126494884491 0.178996756672859 0.0810998156666756 0.0407914109528065 0.381132870912552 0.873166263103485 -0.0316716432571411 0.164328411221504 0.193722099065781 0.158483311533928 0.421901911497116 0.621121168136597 0.781894266605377 1.03346359729767 1.33993649482727 1.77262187004089 2.25582242012024 2.20222353935242 2.06643319129944 1.86452341079712 2.16104602813721 2.23766613006592 2.21394801139832 2.25291132926941 2.61800360679626 2.41755771636963 2.30245494842529 2.22298121452332 1.92960858345032 1.61921620368958 1.47155332565308 1.2961699962616 1.1816623210907 1.0683422088623 1.25260949134827 1.46754682064056 1.59018909931183 1.81974828243256 2.05676555633545 1.98749136924744 1.54155850410461 1.10465323925018 0.824953734874725 3.34353971481323 1.83023869991302
-0.220444515347481 0.478232771158218 0.935009300708771 -0.0626118555665016 0.227283224463463 0.367353886365891 -0.149894326925278 -0.054975837469101 0.241511195898056 0.280331313610077 0.550082862377167 0.803258299827576 1.16426420211792 1.36484611034393 1.14309561252594 1.58242201805115 1.88397097587585 2.50374960899353 2.15682435035706 1.98267030715942 2.09869909286499 2.03270578384399 2.16824531555176 2.2020161151886 2.28090763092041 2.27426028251648 2.1931164264679 2.12583589553833 2.00756096839905 1.64115273952484 1.44008660316467 1.30288517475128 1.17418849468231 1.05817842483521 1.04439997673035 1.2816333770752 1.42417764663696 1.57486140727997 1.90028941631317 1.99087035655975 1.72238647937775 1.14812064170837 0.838156461715698 2.45391392707825 0.737331748008728
-0.222581014037132 0.411819130182266 0.513225972652435 0.779316306114197 0.215151265263557 0.245036795735359 -0.135795831680298 0.518441617488861 -0.00908016879111528 0.051134429872036 0.133147954940796 0.401641011238098 1.8441241979599 1.93556308746338 1.39826798439026 2.26139163970947 2.26207637786865 2.55689787864685 2.26746034622192 1.95728039741516 1.80362868309021 2.04109716415405 2.07389378547668 2.06010293960571 2.13059878349304 2.22119140625 2.03999400138855 2.01356840133667 1.934161901474 1.68026030063629 1.42298769950867 1.27880680561066 1.10192310810089 0.997826755046844 0.919320642948151 1.12309682369232 1.34901940822601 1.47191977500916 1.66769790649414 1.90208888053894 1.81856298446655 1.37593626976013 0.932311594486237 0.90309339761734 0.599994957447052
-0.162026673555374 0.657057881355286 1.42668998241425 2.05127048492432 0.790712177753448 1.1010684967041 -0.11274342238903 0.491725921630859 -0.0927481427788734 -0.106941193342209 0.428132891654968 1.08552265167236 2.73462700843811 2.42247200012207 2.11759424209595 2.14505934715271 1.564493060112 1.66620564460754 2.19447302818298 2.0808846950531 1.92416703701019 1.99071037769318 1.88877618312836 2.00480842590332 2.03497958183289 2.14022326469421 1.93233835697174 1.91667997837067 1.81836915016174 1.75261354446411 1.49755942821503 1.22877764701843 1.1180317401886 0.986429750919342 0.913223266601562 0.93110865354538 1.1790806055069 1.31347966194153 1.44183385372162 1.75271582603455 1.81948924064636 1.54233300685883 1.04886293411255 1.07793307304382 0.586063504219055
-0.00871769525110722 0.816178858280182 1.54466700553894 1.56044852733612 0.259577721357346 1.48747551441193 -0.0201990660279989 0.406621426343918 0.171620354056358 -0.0823099762201309 0.744857847690582 2.07253217697144 2.69064998626709 1.59316504001617 1.42069613933563 1.33227515220642 1.66767394542694 2.02984428405762 3.05625152587891 2.11351656913757 1.88547801971436 1.73717284202576 1.92499685287476 1.93612539768219 1.89687848091125 1.99200522899628 1.92673492431641 1.72865474224091 1.76868283748627 1.70389521121979 1.56446301937103 1.23101413249969 1.11343777179718 0.956634044647217 0.875468075275421 0.806362211704254 1.01921844482422 1.10888516902924 1.24528563022614 1.37073123455048 1.67510831356049 1.75194311141968 1.45874071121216 0.92035984992981 0.616176605224609
0.733848035335541 2.07289886474609 2.72834324836731 2.5198016166687 1.33599317073822 2.0773458480835 0.382631003856659 0.228705421090126 0.215849205851555 0.418532013893127 1.68126738071442 2.24372315406799 1.88935911655426 1.79777276515961 1.11828231811523 1.25442481040955 2.38552236557007 3.34724569320679 2.31289029121399 2.04458975791931 1.88211500644684 1.78685235977173 1.8697817325592 1.77273988723755 1.86415898799896 1.83677411079407 1.8663364648819 1.72436857223511 1.75091111660004 1.63390970230103 1.56113982200623 1.31384742259979 1.07672393321991 0.993411958217621 0.880031764507294 0.789236724376678 0.822947263717651 0.949323534965515 1.17026519775391 1.27565217018127 1.46367716789246 1.66535580158234 1.59702003002167 1.10331070423126 0.722728788852692
1.70358037948608 1.96288800239563 2.51625561714172 1.8518146276474 1.15164220333099 1.22122001647949 0.515837490558624 -0.0726286023855209 0.223051533102989 0.12035083770752 1.03141129016876 1.65915441513062 2.3047993183136 2.31736493110657 1.73299551010132 3.9793062210083 4.38647031784058 3.346186876297 2.18364429473877 2.01652860641479 1.89876103401184 1.77201175689697 1.63503050804138 1.76388418674469 1.69979763031006 1.80614256858826 1.80903589725494 1.68340456485748 1.57032561302185 1.60953462123871 1.54002130031586 1.38528907299042 1.08690869808197 0.992431402206421 0.840701103210449 0.75302529335022 0.722675144672394 0.771195292472839 1.00576233863831 1.13380038738251 1.24967801570892 1.53143954277039 1.61625492572784 1.3599739074707 0.87210613489151
1.81627035140991 2.15042781829834 2.58467054367065 2.10020399093628 1.49575614929199 1.25771522521973 0.914637446403503 0.200059428811073 0.51803594827652 0.105809532105923 1.36082315444946 2.22055649757385 3.19093632698059 3.02219223976135 3.26474046707153 4.39162874221802 4.25189924240112 2.62087726593018 1.92537415027618 1.93153262138367 1.97273933887482 3.11585998535156 1.73612761497498 1.58048844337463 1.67804384231567 1.73851931095123 1.67929649353027 1.60499572753906 1.53368973731995 1.58155691623688 1.46332061290741 1.39804744720459 1.16943228244781 0.96390974521637 0.869335114955902 0.723925113677979 0.685734629631042 0.677398025989532 0.870103299617767 1.07792174816132 1.17375695705414 1.34969806671143 1.54406881332397 1.46470379829407 1.05181813240051
1.5295524597168 1.63689363002777 1.90643405914307 1.85455346107483 1.34431481361389 0.885682642459869 0.683185696601868 0.356789320707321 0.458992660045624 0.103667356073856 0.818583548069 2.08555507659912 2.90158009529114 2.34977626800537 2.38792681694031 2.92618346214294 3.02939367294312 2.55617642402649 2.00188159942627 2.43492937088013 1.91388142108917 2.29997277259827 1.80654454231262 1.65291750431061 1.68861639499664 1.67126893997192 1.57953023910522 1.55828106403351 1.49451529979706 1.40809941291809 1.44825172424316 1.37464118003845 1.23527860641479 0.973669588565826 0.865238964557648 0.773276448249817 0.700663149356842 0.674572885036469 0.707605600357056 0.923766374588013 1.04464852809906 1.14960265159607 1.41920077800751 1.48514497280121 1.21361756324768
1.01988101005554 0.666629254817963 1.01313257217407 1.49669325351715 1.38566398620605 0.979755997657776 0.665239095687866 0.686119318008423 0.707037925720215 0.460006803274155 0.433677047491074 2.33124184608459 3.00683784484863 2.32334017753601 2.16826438903809 2.09715938568115 2.70237374305725 2.20406460762024 1.94598972797394 1.82714748382568 1.80894875526428 1.7367388010025 1.86744689941406 1.63660943508148 1.54358780384064 1.63619673252106 1.54763352870941 1.40116989612579 1.41733348369598 1.36182165145874 1.30457246303558 1.31089675426483 1.24078643321991 1.03663921356201 0.878819286823273 0.802072703838348 0.695258557796478 0.656685888767242 0.621163666248322 0.791845440864563 0.998558402061462 1.08500266075134 1.24700736999512 1.40265810489655 1.3063645362854
0.585122108459473 0.132299691438675 0.26316624879837 1.11518454551697 1.20241749286652 1.02405107021332 1.3047810792923 1.56515872478485 0.655228137969971 0.569576025009155 0.880289673805237 2.4599494934082 3.25947403907776 2.51292777061462 1.96677827835083 1.93409991264343 1.89489138126373 2.1213846206665 1.76934134960175 1.70929729938507 1.66214263439178 1.61661911010742 1.78623700141907 1.723299741745 1.54800808429718 1.53313028812408 1.40645146369934 1.44852817058563 1.37398934364319 1.2907909154892 1.24023723602295 1.27908408641815 1.17013883590698 1.12499833106995 0.934921860694885 0.779976665973663 0.724321484565735 0.666599273681641 0.623555481433868 0.642766535282135 0.854333162307739 0.969361841678619 1.06486332416534 1.28765630722046 1.33486092090607
0.521296262741089 0.159796178340912 0.0836844071745872 1.22468614578247 0.885692477226257 1.03079080581665 1.00510811805725 0.792240023612976 0.627435922622681 0.769649028778076 1.18145072460175 2.04305124282837 3.19094610214233 2.57989883422852 1.93478083610535 1.81753885746002 1.75703966617584 2.00505948066711 1.84459781646729 2.46316027641296 2.58129644393921 1.5723762512207 1.59510576725006 1.70643413066864 1.43406629562378 1.29123377799988 1.42596733570099 1.40888357162476 1.30670571327209 1.26983559131622 1.15663826465607 1.11172199249268 1.15576601028442 1.08947050571442 0.967327296733856 0.761961042881012 0.71154910326004 0.635940313339233 0.599744617938995 0.563763737678528 0.729488611221313 0.817853808403015 0.922422230243683 1.01198244094849 1.22816896438599
0.601923525333405 0.271621078252792 0.0956504717469215 1.59498345851898 1.30377697944641 0.841780364513397 0.956254005432129 0.870982885360718 1.72692537307739 2.02254128456116 1.68776249885559 2.24617266654968 2.72167420387268 2.47120118141174 1.90389978885651 1.81084716320038 1.65243196487427 1.58295714855194 1.71833467483521 3.22325158119202 1.84020578861237 1.31947481632233 1.5321831703186 1.62036550045013 1.4878306388855 1.35132741928101 1.38210952281952 1.27167701721191 1.30342864990234 1.17326784133911 1.13087022304535 1.07270061969757 1.1101690530777 1.01332974433899 0.969256103038788 0.794836938381195 0.667182564735413 0.63115268945694 0.594586968421936 0.562177181243896 0.585798263549805 0.690348148345947 0.889699995517731 0.947391390800476 1.08863246440887
1.12738132476807 0.467840641736984 0.660829424858093 1.80284333229065 2.18445491790771 2.32467484474182 1.81422996520996 2.45550489425659 2.69284749031067 2.14682769775391 2.20732498168945 2.9130163192749 2.15573072433472 2.38870429992676 1.73985707759857 1.61163032054901 1.58733570575714 1.47562515735626 1.44915211200714 3.02786564826965 1.61805236339569 1.41957938671112 1.40103435516357 1.43303549289703 1.52566242218018 1.31740081310272 1.17664051055908 1.2922455072403 1.16658616065979 1.17129266262054 1.09203612804413 1.01648986339569 0.974220454692841 0.996219158172607 0.930338978767395 0.816539824008942 0.637848138809204 0.599529683589935 0.548400282859802 0.534044802188873 0.51447868347168 0.552368998527527 0.747341811656952 0.820818901062012 0.910903751850128
1.01760911941528 0.545405328273773 0.866278648376465 1.32358348369598 1.95835530757904 3.00883173942566 1.7336517572403 1.53727340698242 1.83991289138794 2.09263563156128 1.64568376541138 1.90796875953674 2.00332593917847 1.9516339302063 1.54686272144318 1.45959401130676 1.51212596893311 1.41449463367462 2.48904705047607 2.62404751777649 1.57117521762848 1.3314436674118 1.28432631492615 1.38241922855377 1.49506378173828 1.37086808681488 1.23170292377472 1.08973395824432 1.18453538417816 1.13605177402496 1.00478076934814 0.984363913536072 0.95248156785965 0.978917062282562 0.869553864002228 0.82403975725174 0.66120582818985 0.550752699375153 0.531233608722687 0.495230227708817 0.480359256267548 0.448692500591278 0.605337560176849 0.781541526317596 0.864353775978088
0.916596710681915 0.743886530399323 0.505121231079102 0.507986426353455 1.12094676494598 1.46079075336456 1.40757763385773 1.90619623661041 2.89789009094238 1.73816871643066 1.63182032108307 1.95377242565155 1.90276193618774 1.81475520133972 1.73335766792297 1.98953723907471 1.51990854740143 1.37060987949371 1.34264290332794 1.45860850811005 1.2659113407135 1.2478164434433 1.23590588569641 1.28175795078278 1.30859839916229 1.39391195774078 1.27739691734314 1.13382625579834 1.14629352092743 1.01168060302734 1.01709532737732 0.960279762744904 0.87960296869278 0.837974190711975 0.868563890457153 0.786440193653107 0.656017780303955 0.50702828168869 0.46574205160141 0.436857223510742 0.421342134475708 0.410359531641006 0.439714401960373 0.641771614551544 0.729565501213074
0.760107517242432 0.762606024742126 0.659967243671417 0.33920282125473 0.0773459374904633 0.00803876295685768 0.265015929937363 0.98142671585083 1.86129081249237 1.58906292915344 2.06092715263367 2.23990368843079 2.1978907585144 1.77512693405151 1.74502694606781 1.58065974712372 1.30051839351654 1.32807731628418 1.31538343429565 1.32768476009369 1.20581769943237 1.17005860805511 1.16979968547821 1.1772164106369 1.21885466575623 1.21963095664978 1.28584325313568 1.10010135173798 0.959624588489532 1.03488504886627 0.983106732368469 0.869764268398285 0.845999538898468 0.76433140039444 0.734788417816162 0.751300930976868 0.664830684661865 0.510495901107788 0.363732397556305 0.33275631070137 0.332839518785477 0.344435095787048 0.344200760126114 0.507163465023041 0.567869782447815
