slauniainen/Data/DEM/Vihti_dsm1500b_cl_horizonAngle_102.asc
NCOLS 196 
NROWS 178 
XLLCORNER 353680 
YLLCORNER 6699024 
CELLSIZE 16 
NODATA_value -3.4e+38 
[rows 0 to 19 of 178, columns 46 to 91 of 196]
4.10317945480347 4.40813064575195 6.04936552047729 7.66972494125366 8.98794651031494 22.9584465026855 19.8635349273682 2.21692585945129 11.3745470046997 7.38460731506348 -1.80480003356934 1.54279112815857 11.631534576416 34.211009979248 -1.72415316104889 1.11555635929108 14.0092792510986 48.5078773498535 -1.03691208362579 5.54384517669678 0.134753495454788 1.5747447013855 1.98215270042419 4.45355415344238 5.83572340011597 8.47522354125977 12.9983768463135 26.7417163848877 11.2409467697144 0.568071305751801 1.72968149185181 3.46301555633545 16.3690738677979 8.44389152526855 0.0332465767860413 0.208443224430084 3.67536568641663 1.82349288463593 2.65273594856262 9.65809059143066 19.4732608795166 17.9945640563965 4.41465377807617 2.53096294403076 7.86844635009766 22.7336826324463
11.5830192565918 14.0028972625732 18.4154319763184 21.8895874023438 24.1921787261963 44.5294227600098 11.1760702133179 9.63819789886475 14.7857522964478 -1.7783488035202 -1.47183501720428 2.12563920021057 -0.270041823387146 -1.76628124713898 -0.933249175548553 1.92707479000092 -1.3787727355957 44.1907958984375 8.33152675628662 -1.29987645149231 0.130620181560516 2.20362019538879 11.8759775161743 4.31554937362671 6.10635280609131 12.3659200668335 14.931209564209 24.7232513427734 10.2896871566772 1.48023128509521 1.59481430053711 1.43642055988312 11.0765428543091 15.9314956665039 0.788008749485016 1.22512543201447 3.60740733146667 5.19519376754761 13.8516674041748 2.13564467430115 4.96130418777466 6.00026845932007 7.66053771972656 -1.63253581523895 6.82706451416016 20.2860431671143
14.8871088027954 19.7223072052002 19.5181884765625 24.1190166473389 44.2126388549805 12.5703220367432 9.19896411895752 11.9096508026123 9.08417320251465 1.70152807235718 -2.2524721622467 -1.87190544605255 -1.72341120243073 -1.6931414604187 -0.538590967655182 -1.80370461940765 -1.69786024093628 41.5192794799805 -1.2340532541275 -0.82126647233963 -0.0137808816507459 2.40146350860596 5.84053421020508 7.95530939102173 11.8388271331787 11.8538045883179 17.0598125457764 32.2060241699219 7.42524909973145 13.6086702346802 1.42315149307251 1.19235289096832 1.9142028093338 4.39293384552002 7.5052752494812 13.5973815917969 28.1683807373047 1.46043062210083 3.39724516868591 2.07855677604675 4.07195854187012 17.2713527679443 -3.20588827133179 -1.48121440410614 -4.32335329055786 11.6586313247681
17.5305347442627 23.0580501556396 27.4628944396973 43.5892906188965 12.7891340255737 17.0765953063965 26.3439350128174 2.66463780403137 0.0651271939277649 -1.46544075012207 -2.30907416343689 7.37645483016968 -2.48897099494934 -2.07514262199402 -1.62962675094604 0.167667001485825 -0.229747205972672 39.3472442626953 1.70230329036713 -0.930259346961975 0.213782712817192 13.6919031143188 2.14129042625427 23.1572666168213 5.17931938171387 12.3192567825317 15.6803178787231 15.5787725448608 38.2166175842285 -1.20671617984772 6.58405113220215 -0.878654718399048 1.28332984447479 2.08762812614441 11.9884090423584 21.2557144165039 13.5299835205078 21.5237903594971 -0.678980588912964 0.955957055091858 0.225160121917725 10.879207611084 4.38378381729126 -3.99692964553833 -3.84873104095459 -0.694372236728668
19.4198455810547 24.7053966522217 30.2187347412109 51.4089775085449 9.85261154174805 17.6242427825928 8.91473960876465 1.8516538143158 1.52326059341431 -1.08600533008575 4.39653825759888 8.01002788543701 -2.46498155593872 -1.26162707805634 0.285641610622406 3.9209098815918 -1.8121634721756 -0.687991738319397 2.15885949134827 9.32006072998047 20.062349319458 -0.51483279466629 2.02354192733765 12.0652856826782 23.6465873718262 0.74327826499939 5.57224893569946 8.97012710571289 12.6543579101562 21.7245349884033 0.279432624578476 10.4264650344849 2.22973489761353 19.2357196807861 34.5769577026367 8.30910110473633 14.3307304382324 -0.856157302856445 0.974639534950256 9.43557453155518 13.2784099578857 -0.760543346405029 -3.94571661949158 -3.5709183216095 -2.97615694999695 0.474364936351776
22.7486820220947 21.187536239624 40.7930564880371 26.4586162567139 5.69986009597778 8.92100811004639 10.9444875717163 3.32704901695251 3.51884293556213 1.18855011463165 -2.46130347251892 -2.69924449920654 -1.48011684417725 -2.82249903678894 -1.36487448215485 1.20010983943939 34.8564491271973 2.41757202148438 3.59297299385071 14.2764329910278 1.13030791282654 2.06646513938904 16.7844066619873 1.29157662391663 2.42689299583435 1.1022584438324 9.37032985687256 1.57962656021118 7.78567361831665 22.2938690185547 0.0198012478649616 7.55837249755859 9.9918737411499 33.1713752746582 7.80984497070312 3.2508327960968 6.09866857528687 -4.22127628326416 3.92484998703003 15.9465103149414 0.594374537467957 -1.12138473987579 -4.00495576858521 -3.15721273422241 -2.59689736366272 0.941139996051788
19.4242153167725 31.6552696228027 50.9604797363281 7.37016487121582 12.5925006866455 9.96775817871094 3.04381275177002 5.30955362319946 8.30169105529785 -2.43006539344788 -2.20783615112305 -2.14370393753052 -1.90839326381683 -0.823605954647064 1.99061810970306 4.94281625747681 6.63899374008179 27.0745296478271 11.18630027771 6.77168035507202 5.53717374801636 11.8125896453857 9.543701171875 9.54611206054688 10.0513782501221 -1.29230427742004 -0.0459491349756718 1.17894661426544 3.13766837120056 4.09155321121216 5.94489240646362 7.35691928863525 14.7617406845093 8.96657943725586 1.37325799465179 4.05375909805298 -2.41884231567383 -3.19219422340393 13.7858915328979 -3.88482999801636 2.07341194152832 3.27097105979919 -3.81803703308105 -3.39521718025208 8.04586791992188 -1.64130163192749
30.8110446929932 49.9546737670898 9.24190425872803 11.783863067627 16.3594665527344 1.90476644039154 9.09713268280029 22.7135906219482 -2.93525838851929 -2.76559734344482 4.89072036743164 -2.20489025115967 -1.11864161491394 -0.0973903089761734 0.710999011993408 2.64397668838501 5.17568445205688 7.12019634246826 44.3608589172363 7.96130084991455 10.8845434188843 14.4349699020386 19.1927833557129 18.5278034210205 2.74223041534424 -3.48987722396851 -2.4030385017395 2.54362106323242 2.56101632118225 2.98132991790771 13.9228544235229 17.187967300415 0.327804625034332 17.1895923614502 10.0485067367554 -0.305585235357285 -4.23591899871826 -3.90407848358154 -3.58638310432434 10.6828212738037 -0.719396591186523 26.8000240325928 -2.95444202423096 17.3449745178223 -2.19866752624512 -1.82612025737762
47.9621658325195 18.7251071929932 6.04253101348877 7.14531707763672 12.3338203430176 17.2172966003418 1.07518601417542 -3.00617170333862 -2.45242977142334 -1.486656665802 5.86856031417847 -1.4679764509201 6.63466358184814 -1.35805606842041 -1.38615989685059 0.657107651233673 7.12530708312988 11.3991384506226 8.59172439575195 32.5898246765137 52.0157432556152 9.26055526733398 28.1895446777344 12.2272901535034 -4.72311687469482 -4.42171192169189 -2.81775832176208 -0.524610102176666 5.21602487564087 0.739152371883392 1.99125564098358 4.65594053268433 10.6349201202393 0.0217063408344984 8.40240478515625 -4.09506940841675 -3.75256967544556 -3.34668660163879 9.12407493591309 3.89653015136719 3.44427919387817 19.2016143798828 21.910945892334 -3.1428849697113 -2.45168876647949 3.74078035354614
6.00608015060425 18.4604835510254 19.8072319030762 10.8665599822998 1.6511971950531 -1.05906796455383 -0.210139393806458 0.672409474849701 -1.48113799095154 -1.22467982769012 -0.0984748378396034 3.05865526199341 0.381173580884933 -2.237309217453 -0.344302088022232 4.44821643829346 15.8765649795532 11.5599994659424 15.158712387085 23.8774013519287 5.87882089614868 52.4580688476562 14.9634609222412 1.43422317504883 1.70752787590027 -4.83094501495361 -2.99907875061035 -1.75706708431244 1.93330776691437 1.24519872665405 -3.51358985900879 9.03048610687256 1.24280107021332 -4.11398839950562 -3.67690324783325 -3.48080611228943 0.714944362640381 -2.80504417419434 -2.15492033958435 9.67345142364502 22.549861907959 27.73974609375 -2.47783303260803 7.18294715881348 -2.21023678779602 -0.806157350540161
9.79111766815186 11.2118701934814 18.9511966705322 5.62303686141968 0.875574171543121 4.99565029144287 15.4039793014526 1.14419960975647 -2.10568141937256 -1.77098536491394 0.457107543945312 6.28071784973145 -2.29129981994629 -1.42705154418945 0.371011078357697 3.28391981124878 16.4762268066406 14.034387588501 27.3823871612549 9.96766567230225 13.384955406189 -3.04564762115479 50.6416282653809 -2.25668048858643 4.73055839538574 -1.48566079139709 0.649116098880768 1.28739893436432 2.97038531303406 2.7419798374176 0.804677248001099 8.68619918823242 -4.0731258392334 10.4073629379272 -3.61399555206299 -3.02509593963623 -2.56882405281067 9.90188694000244 -1.39688551425934 6.17105197906494 8.73081398010254 23.9893321990967 1.3649845123291 -1.72822940349579 -1.89273297786713 -0.746232390403748
3.42937326431274 6.81259202957153 10.5047817230225 2.47665929794312 20.8656177520752 10.1101665496826 -2.14744734764099 -1.45413219928741 2.5539562702179 -0.347230046987534 8.6375846862793 15.6548480987549 -0.944678783416748 -0.0348355546593666 2.77708458900452 12.3941059112549 8.30568981170654 16.2237529754639 19.6634368896484 6.77297878265381 -1.19746923446655 -4.08424377441406 0.751452565193176 42.6115341186523 -0.583922684192657 7.35184049606323 -0.718260526657104 7.01339530944824 15.2382030487061 4.00599336624146 -2.71930050849915 -4.28738832473755 -3.70025491714478 -3.22381162643433 0.689881324768066 -2.54166984558105 -2.52908539772034 -2.1070613861084 0.764883816242218 -1.40382659435272 -1.33740413188934 15.1988220214844 29.1951789855957 -1.81346297264099 -1.7145391702652 -0.734536826610565
5.88135004043579 7.83440685272217 23.2795829772949 14.3614978790283 -0.0706872940063477 -0.754533171653748 0.541570365428925 1.49977695941925 9.88584518432617 17.9185371398926 4.97678422927856 0.899349749088287 1.72719419002533 3.24489188194275 5.55048084259033 16.4457664489746 21.5064525604248 8.90966892242432 17.7421531677246 13.8252038955688 -1.22861731052399 -4.80159521102905 -4.62289905548096 -0.648097217082977 42.484375 -1.10349094867706 -3.13962316513062 17.0329570770264 2.67746686935425 14.5023612976074 -4.31144952774048 -3.94290280342102 -3.82358312606812 12.2345657348633 -3.23581004142761 7.16969108581543 -2.3672788143158 -0.214300289750099 7.72924089431763 -1.26325678825378 -0.797092735767365 -0.796520590782166 -0.824715971946716 -0.745563447475433 -0.685748398303986 -0.606408178806305
5.81290245056152 30.9048805236816 4.45058059692383 13.1841487884521 13.7582111358643 1.49149930477142 11.8842706680298 -1.1519501209259 11.150785446167 0.61147266626358 21.1703453063965 -0.56812447309494 0.952888190746307 3.53185272216797 11.8594665527344 12.1960515975952 9.43721199035645 10.4930601119995 25.2870960235596 12.3375120162964 -1.05320703983307 -1.0437136888504 -4.7342848777771 -4.56866502761841 -4.40090703964233 40.0543403625488 -0.709328055381775 13.2813034057617 -2.35137319564819 -3.95555925369263 -3.58437728881836 -3.36944961547852 -2.7783260345459 -2.48742318153381 -2.33249306678772 10.4745054244995 -1.58796799182892 17.5226268768311 -1.33555221557617 -0.781342267990112 -0.765515625476837 -0.710346460342407 -0.698949873447418 -0.677753448486328 -0.627735912799835 -0.555945158004761
4.25019693374634 10.3933229446411 13.8228435516357 4.152099609375 6.64586877822876 14.7271699905396 -0.0895785689353943 2.00212669372559 -0.22310671210289 2.12219333648682 5.13689756393433 0.413322359323502 1.70111548900604 15.0944890975952 16.3023338317871 21.6459789276123 26.6459560394287 4.20297765731812 1.79848909378052 9.94844245910645 -2.54865574836731 0.548655033111572 -1.21830022335052 -1.19946277141571 -4.7814302444458 -3.90121483802795 36.8156280517578 0.579786777496338 9.24211978912354 -3.68615436553955 -2.66899943351746 4.91861724853516 -0.404078215360641 -2.2731716632843 -1.54904842376709 6.45805358886719 17.3344440460205 -1.01782608032227 -0.402856171131134 -0.484024316072464 -0.647478222846985 -0.630591094493866 -0.611734569072723 -0.588141620159149 -0.58418607711792 -0.532142162322998
4.48960447311401 2.83983707427979 8.62231159210205 12.5277976989746 2.85314393043518 3.15339231491089 -1.03865647315979 1.6247695684433 5.62833261489868 -0.926865756511688 -1.30790793895721 1.3368980884552 2.69708609580994 7.32066249847412 27.6721706390381 20.3309555053711 3.03451108932495 4.19419574737549 3.79650664329529 12.0812225341797 3.51675820350647 -4.77107954025269 -4.63683843612671 4.27542781829834 -4.45723867416382 -4.17112588882446 -3.39528894424438 -3.14947891235352 -2.95598888397217 6.40509414672852 -2.63259196281433 5.99462080001831 -1.38621282577515 22.1344680786133 4.1725172996521 -2.09418892860413 -0.968278348445892 -1.17928862571716 -0.500815451145172 -0.353723526000977 -0.33224493265152 -0.308502167463303 -0.267851531505585 -0.228654325008392 -0.325323879718781 -0.450541824102402
2.62165546417236 -2.3539605140686 4.9691104888916 3.89759111404419 8.64847183227539 5.24350881576538 13.4360322952271 -3.6547589302063 2.55836796760559 0.333008944988251 -0.320329874753952 0.0763681158423424 1.7454332113266 4.37626552581787 11.7408590316772 11.1599054336548 4.49246120452881 -0.214817017316818 14.1910581588745 9.81734752655029 -0.527275741100311 -4.88097190856934 -4.41352558135986 4.1327428817749 -4.21705055236816 -4.02192640304565 1.90742588043213 36.7527847290039 -3.13467812538147 9.63391971588135 -2.06364417076111 10.6371879577637 13.2224817276001 -2.16259837150574 -1.7371119260788 0.234342485666275 -0.0191928315907717 -0.994662463665009 -1.1161812543869 -1.07985007762909 -1.05965518951416 -0.551601052284241 -0.350539475679398 -0.321133673191071 -0.151450246572495 -0.107268154621124
-1.51534199714661 -2.41477513313293 -1.87473177909851 1.39599192142487 4.74798393249512 -2.33425617218018 -2.24518060684204 -0.0919315367937088 8.0045280456543 15.4267492294312 -2.18981719017029 2.26644945144653 3.60025310516357 11.7813997268677 8.45707988739014 4.7349271774292 6.15683078765869 2.48318576812744 7.05298185348511 24.9881706237793 -4.65588665008545 -4.57861518859863 -4.35047340393066 5.08779096603394 -1.33451962471008 -3.44727182388306 -2.81228733062744 -0.392052203416824 10.3654937744141 -1.95556282997131 12.8713531494141 -0.18109093606472 8.19486045837402 -1.71005046367645 0.669526159763336 1.04972362518311 0.329949140548706 -0.813297986984253 -1.03724551200867 -0.991221725940704 -0.968077957630157 -0.932962119579315 -0.918918311595917 -0.433723449707031 -0.260730355978012 -0.21920707821846
5.37751770019531 0.931337177753448 -4.50931215286255 -3.43594980239868 -1.96375286579132 -1.40483582019806 1.33840250968933 -0.615344882011414 -0.78053867816925 -1.51973938941956 1.31385636329651 1.43513941764832 6.5269947052002 6.36982154846191 18.3103523254395 24.1591720581055 -4.39783763885498 17.1711101531982 6.52837991714478 47.3949203491211 10.8317213058472 -4.71984481811523 -4.59417390823364 -3.59573435783386 -3.07133865356445 -2.59036898612976 -1.9620064496994 -0.498053312301636 5.29261016845703 5.74550724029541 -1.7552033662796 -1.51588261127472 -0.279417097568512 0.167195722460747 0.814315438270569 1.14218413829803 -0.116700448095798 -1.01718664169312 -0.939617931842804 -0.877299726009369 -0.852090835571289 -0.824064135551453 -0.817740738391876 -0.840542852878571 -0.453199446201324 -0.345913708209991
-5.34512996673584 -5.25739288330078 -2.2214024066925 -3.43706512451172 -2.7653660774231 -1.4980982542038 -0.603323817253113 1.28676068782806 -0.938162446022034 2.53515338897705 10.4379873275757 13.5829181671143 20.422887802124 7.54971218109131 12.0170783996582 2.11961507797241 -4.16731977462769 -4.08699369430542 -3.97751307487488 -3.57609868049622 10.8726568222046 2.85417485237122 -3.42496347427368 -3.33080983161926 -2.73007130622864 -2.01772284507751 -1.71443057060242 3.94551181793213 9.45199108123779 -1.06035053730011 -1.68775033950806 -0.68223637342453 -0.547092616558075 0.100929602980614 0.764034330844879 0.338186055421829 -0.455673307180405 -0.884261727333069 -0.782199323177338 -0.669792473316193 -0.781165599822998 -0.772261738777161 -0.755663990974426 -0.735375881195068 -0.695846617221832 -0.653988301753998
