slauniainen/Data/DEM/Vihti_dsm1500b_cl_horizonAngle_186.asc
NCOLS 196 
NROWS 178 
XLLCORNER 353680 
YLLCORNER 6699024 
CELLSIZE 16 
NODATA_value -3.4e+38 
[rows 20 to 39 of 178, columns 0 to 45 of 196]
17.8698616027832 6.29363012313843 0.044674213975668 0.806409955024719 0.906207859516144 1.23490810394287 0.0271423105150461 0.0473508350551128 0.0701261088252068 0.100326135754585 -0.125713527202606 5.2979736328125 8.68142318725586 -0.895802021026611 -2.86286044120789 1.24156677722931 -3.84147167205811 -4.20455932617188 5.4749059677124 9.34856224060059 1.73996376991272 1.17786133289337 13.7597579956055 10.2269172668457 27.1540946960449 11.2199401855469 -1.71578228473663 -2.85716533660889 -3.29282569885254 -4.07788944244385 -2.98840522766113 -3.12628507614136 -0.787741661071777 2.82378149032593 -4.62840032577515 -4.72736167907715 -4.86634635925293 -2.41843867301941 -3.47942447662354 2.7620415687561 -5.3540186882019 14.630687713623 -3.52066040039062 3.13588333129883 -2.32116794586182 -5.41073131561279
25.8269081115723 10.162353515625 0.221118450164795 0.896537303924561 0.971908211708069 1.29325413703918 0.0653760954737663 0.0616662316024303 0.0942985936999321 0.120900124311447 6.76816463470459 25.41721534729 13.2436780929565 10.1116456985474 11.555046081543 13.9771747589111 -3.67720508575439 -3.98847389221191 -1.35842847824097 18.954475402832 3.47935914993286 1.40351164340973 -4.70658493041992 1.33400082588196 -3.70877861976624 0.912234008312225 -2.98913192749023 -0.767670035362244 12.610954284668 -2.48928785324097 -2.37259769439697 -2.59950375556946 0.515911221504211 -3.55809497833252 5.00599145889282 -4.05122184753418 12.503885269165 5.8376145362854 -0.807157456874847 -4.14496231079102 -2.76272559165955 -3.48217368125916 4.35869121551514 -3.02317953109741 -5.28821229934692 -5.31788873672485
43.857364654541 3.11199140548706 0.676346898078918 0.970790266990662 1.0207245349884 1.35742139816284 0.105496801435947 0.101480305194855 0.118346624076366 0.144647821784019 -0.318460494279861 -0.511319398880005 24.4342212677002 15.6775751113892 -1.99762904644012 -3.55124568939209 -3.35405278205872 -3.75834250450134 -3.72705554962158 -4.66733741760254 -1.00990009307861 2.14678335189819 -4.6855731010437 6.95172071456909 -3.60850048065186 -1.47579765319824 -2.86524176597595 8.54876327514648 -2.59860324859619 -2.42199635505676 -1.99729883670807 -2.44596028327942 -3.87475967407227 -1.99047768115997 -4.53190851211548 -3.96319913864136 -4.64086580276489 -4.6179518699646 4.63921594619751 -4.98257064819336 -1.87153995037079 -1.43808937072754 -3.74133086204529 -1.67986154556274 -5.18473958969116 -4.87686443328857
-0.778814494609833 0.505084872245789 0.81265127658844 1.0204998254776 1.07684171199799 1.4394656419754 0.131715908646584 0.142834842205048 0.149727791547775 0.167776897549629 9.22835826873779 9.74400424957275 18.4232425689697 15.0460395812988 9.229172706604 22.8979167938232 -2.94445157051086 -3.59717702865601 -4.05489921569824 7.16532039642334 -4.61831712722778 -4.76918315887451 -4.24009418487549 9.93656730651855 -3.56102061271667 -2.9116804599762 -2.53943181037903 -2.32142281532288 2.18278169631958 15.8933725357056 -1.39651894569397 1.66261315345764 -3.28502869606018 -4.33497524261475 -4.36676931381226 -3.26571702957153 16.2796077728271 -4.70555973052979 -5.09118270874023 1.92089092731476 9.24498844146729 3.90733480453491 -3.60867214202881 7.40707731246948 2.70822501182556 -1.59918761253357
0.146384298801422 -0.441666066646576 0.930167496204376 1.06700801849365 1.14050078392029 1.5068382024765 0.153251811861992 0.171510383486748 0.196240276098251 0.210006669163704 -0.230423912405968 -0.413837641477585 -1.0311861038208 -0.0530323050916195 21.577995300293 -2.426194190979 -3.04891085624695 -3.46987104415894 -3.89518785476685 -4.28282785415649 2.66235876083374 -4.4532470703125 -1.4361971616745 -4.52741050720215 1.7257399559021 -2.61074233055115 -1.81466698646545 -1.83816730976105 15.7258682250977 -2.38472080230713 -1.61038947105408 -1.64713048934937 -3.28464126586914 -3.9380886554718 -4.16762971878052 0.104419820010662 -4.13563823699951 -1.16533052921295 -4.8683705329895 -3.1291389465332 1.87112879753113 -5.05243492126465 0.12538568675518 9.51566600799561 7.25725269317627 -4.5654444694519
-0.0242672469466925 0.512950718402863 1.06899154186249 1.13231444358826 1.21798431873322 1.57274663448334 0.180761069059372 0.20460832118988 0.240525245666504 0.269590258598328 0.426376402378082 3.06547141075134 6.46539449691772 -1.70727300643921 5.76029348373413 7.67373752593994 27.8298740386963 8.76021671295166 -3.55448412895203 -3.74759411811829 -4.29332542419434 -2.96320772171021 8.15317153930664 -4.00898933410645 -3.57267832756042 -1.82937455177307 -1.81007301807404 0.421218365430832 -0.351009964942932 0.149209246039391 -1.27736186981201 -1.36293148994446 -2.55062079429626 -3.53266859054565 0.782537996768951 2.03439903259277 0.658073425292969 10.1656179428101 -1.09133493900299 -4.41297960281372 -4.94463157653809 -4.77402257919312 -4.76424503326416 -5.04097127914429 -4.69517517089844 -4.22996807098389
0.300059705972672 0.558202743530273 1.12882518768311 1.16835522651672 1.25926172733307 1.63203990459442 0.203013554215431 0.23186132311821 0.275220215320587 0.310602605342865 1.52109432220459 7.60950708389282 23.8945751190186 2.07963848114014 0.578419029712677 22.5313816070557 -1.12374079227448 -3.12130665779114 -3.12178373336792 -3.69959306716919 6.66482543945312 1.84475922584534 -4.48415231704712 -3.34393811225891 -2.31250834465027 -2.36237788200378 -1.09384369850159 0.161911934614182 3.67252731323242 4.99678897857666 -1.16056847572327 0.561221420764923 -2.28065299987793 -2.90222382545471 12.1347608566284 -2.68659114837646 3.58341550827026 14.0080299377441 2.05471611022949 -4.28725147247314 13.5091276168823 -4.63485097885132 -4.51539611816406 -4.56425333023071 17.1906757354736 -1.33657848834991
0.566198706626892 0.65060168504715 1.22716963291168 1.21220314502716 1.31901562213898 1.7166246175766 0.236834049224854 0.259600609540939 0.313173770904541 0.355620265007019 1.62069749832153 0.0145489685237408 -0.936577439308167 0.532165706157684 12.8164377212524 4.69523525238037 9.69534492492676 9.0409984588623 3.03550910949707 -3.4679696559906 -4.04029512405396 -2.16303253173828 -4.11809682846069 -2.93076777458191 -2.05638837814331 -1.35747826099396 -1.08064293861389 1.39956796169281 -3.35746049880981 10.081937789917 -0.652424693107605 -0.737093687057495 -1.38528215885162 -2.17644476890564 -1.73828232288361 -1.18892335891724 -2.42131996154785 28.0456390380859 -3.50304174423218 -3.92919230461121 -4.48061752319336 -4.40482902526855 -4.31510210037231 -4.1996374130249 -4.02250051498413 -3.15652990341187
0.968221247196198 1.14578461647034 1.19728517532349 1.31357216835022 1.42614495754242 1.79899752140045 0.288264632225037 0.296356946229935 0.352617472410202 0.399479001760483 1.70598137378693 0.365551501512527 -0.430945992469788 -1.65841603279114 8.33854293823242 6.67004060745239 24.2672843933105 29.2392177581787 -2.71580123901367 -3.23586702346802 -3.92996764183044 17.2868614196777 14.8654527664185 -2.29461455345154 -1.65761613845825 1.04284656047821 -0.443195760250092 11.9044933319092 6.69275236129761 -1.78382420539856 -0.321696072816849 -0.696965098381042 -0.137468680739403 -1.74803137779236 -1.70105850696564 2.06410765647888 4.18354511260986 -3.72658753395081 -3.36012315750122 -2.44367575645447 -4.01785278320312 -2.29504299163818 -4.0754599571228 -4.01181840896606 -3.84757494926453 -2.64693784713745
1.02439868450165 1.17165768146515 1.21128058433533 1.34301853179932 1.78740656375885 0.293119609355927 0.348917156457901 0.353577584028244 0.399537801742554 0.445143759250641 1.81654810905457 1.0482120513916 0.014879978261888 13.6803312301636 -2.11141681671143 -2.43785500526428 -2.62208223342896 0.206789910793304 -2.554368019104 -2.12580275535583 -3.61516761779785 -4.02826070785522 7.55456590652466 16.17626953125 -0.640172839164734 8.10960483551025 2.46379327774048 7.13096141815186 -2.74534273147583 0.410656720399857 -0.617227971553802 0.136096030473709 2.49533605575562 0.925740659236908 2.05566549301147 10.089898109436 4.6345853805542 2.04220819473267 -2.90144443511963 -3.33357954025269 14.9346885681152 7.71236658096313 -0.551310420036316 -0.684210360050201 -3.49497079849243 -2.63407683372498
1.06776928901672 1.27011215686798 1.25621736049652 1.39649188518524 1.85832512378693 0.353040963411331 0.408453285694122 0.410699337720871 0.461902439594269 0.505095779895782 1.91064941883087 2.19689559936523 1.19226729869843 -1.43786334991455 -1.50218284130096 -2.08506464958191 -1.00586605072021 -2.97714877128601 19.7839450836182 -2.62670850753784 -3.43491673469543 -3.79642367362976 -3.72429442405701 -2.06593155860901 -0.512476623058319 -1.21647310256958 25.2228412628174 -1.30135428905487 -1.05370688438416 -1.01885378360748 -0.0247700903564692 5.6463794708252 8.20014381408691 1.35884356498718 8.72553443908691 -0.835567951202393 -2.08283686637878 -2.6333441734314 3.12344598770142 -3.06865835189819 0.499836951494217 -3.73351216316223 -3.80063056945801 -3.71925139427185 -3.3178882598877 -2.42007207870483
1.11285674571991 1.43338108062744 1.32677483558655 1.47910726070404 1.95232594013214 0.417532622814178 0.453453689813614 0.485425293445587 0.505928456783295 2.01557397842407 1.88797807693481 2.36354780197144 1.4954479932785 -0.684582889080048 -1.24598217010498 -1.8531905412674 -2.16383934020996 -2.71828436851501 -2.54836511611938 -2.55719351768494 2.87443995475769 -3.11478638648987 -2.41814184188843 -1.5033655166626 -0.494799375534058 6.44003486633301 -0.855562031269073 22.7637348175049 -0.897141098976135 -0.548042953014374 0.307990461587906 -1.60943555831909 -1.33883893489838 -1.73071229457855 12.8442344665527 9.28518676757812 4.81626176834106 4.95287847518921 -2.10228562355042 -2.1984875202179 -3.52400708198547 -3.08175730705261 -3.15350151062012 -3.11438798904419 -2.96480989456177 -1.78679597377777
0.569244027137756 1.64710545539856 1.41398131847382 1.75017833709717 2.0731942653656 0.476626425981522 0.506124079227448 0.527700364589691 0.561454892158508 2.12233424186707 1.87723922729492 2.56291031837463 1.98356890678406 0.263091444969177 -0.976025998592377 -1.65184986591339 -1.38108313083649 -2.43828105926514 -2.48009181022644 -2.41482639312744 -2.28512954711914 -2.42706370353699 -2.33835697174072 -1.1899151802063 1.19072389602661 0.0917919799685478 -0.473026603460312 -1.2231330871582 -0.812036752700806 0.496515989303589 0.580900251865387 -1.13561880588531 -0.620003998279572 -1.01524496078491 -2.01658034324646 20.3001174926758 8.43261051177979 3.69828486442566 0.525696694850922 -1.98717844486237 -2.58599209785461 -2.48115921020508 -2.80552339553833 -2.79197406768799 -2.47285962104797 -1.42679488658905
0.580139219760895 1.82167172431946 1.49898111820221 2.1092255115509 2.20809626579285 0.557098507881165 0.555568158626556 0.599500954151154 0.649248361587524 2.24022507667542 1.99980175495148 2.81560039520264 0.781542003154755 0.65960818529129 -0.517472863197327 -1.50676989555359 -1.28559327125549 -1.71737432479858 -1.50558137893677 -1.72274398803711 -1.87280988693237 -1.44303011894226 -0.650779783725739 -0.134553149342537 0.63168340921402 2.59703874588013 0.160311356186867 -0.40623465180397 -0.345320969820023 0.678575336933136 1.22910857200623 -0.711845099925995 -1.70524477958679 -0.730957806110382 -1.68343544006348 -2.15309691429138 -1.71183526515961 16.4863014221191 -1.67888641357422 -1.76798069477081 -2.36043286323547 -1.40466332435608 -1.38003385066986 -2.13694453239441 3.00684189796448 1.5792533159256
0.614938974380493 2.12091279029846 1.6203351020813 2.60314893722534 2.35260820388794 0.613155841827393 0.611420929431915 0.656046688556671 0.713120877742767 2.36274528503418 2.12921357154846 3.07710528373718 0.892838299274445 0.965006649494171 5.54571294784546 -0.647299468517303 -0.295801520347595 -1.13091897964478 -1.16082310676575 -1.64667665958405 -1.78096055984497 -1.2880345582962 -0.696249485015869 0.13753816485405 0.834562361240387 0.800384044647217 1.33640468120575 1.00320029258728 0.430203706026077 1.26537799835205 1.75634491443634 -0.576951920986176 -1.40461003780365 -0.670738995075226 -1.33324694633484 -1.60606968402863 5.91914939880371 -2.2370011806488 -1.67468369007111 -1.49142622947693 -2.11683583259583 -0.815150082111359 -0.978891372680664 -0.996954023838043 -2.1008038520813 -1.2129989862442
0.948654294013977 2.9426383972168 1.98949289321899 3.21191000938416 2.5094358921051 0.690886616706848 0.664902627468109 0.714265823364258 0.772329032421112 2.48383212089539 2.24705171585083 3.34753847122192 1.0151698589325 1.04257893562317 0.194195121526718 -0.522996842861176 3.16534161567688 -0.635928213596344 -0.934091985225677 -0.973598420619965 -1.13568162918091 -1.00166201591492 0.51578164100647 0.426563650369644 1.23244774341583 1.32105493545532 1.76931524276733 -0.267733007669449 0.962638854980469 1.94494724273682 2.04589819908142 0.31778347492218 -0.58122056722641 0.475742161273956 -0.170719385147095 -1.41935563087463 -1.38401472568512 -1.58023691177368 -1.64376819133759 3.17269563674927 -1.56033575534821 -0.570525705814362 -0.842929840087891 4.51392507553101 -1.74083316326141 0.214864760637283
2.14645099639893 4.30301904678345 2.84465909004211 3.97342228889465 2.70886373519897 0.730526566505432 0.73185795545578 0.779085695743561 0.831678032875061 2.60761308670044 2.36192083358765 3.64113187789917 1.14685094356537 1.13704550266266 1.23756754398346 0.743551552295685 -0.076526902616024 1.5804899930954 0.0497030913829803 0.359034240245819 -1.05976104736328 -0.275347590446472 1.44102239608765 1.6533567905426 1.94564211368561 2.62467837333679 2.59960317611694 0.73688930273056 2.63991689682007 3.51811814308167 3.26658844947815 0.771906614303589 0.200416043400764 0.823285341262817 0.277424961328506 0.211585223674774 -0.595155000686646 -0.68061226606369 -1.14003705978394 -1.58508920669556 16.1195583343506 -0.473235100507736 -0.560269057750702 -1.74264764785767 -1.44704222679138 0.693124294281006
3.43377637863159 5.84006071090698 3.9181957244873 4.89783239364624 2.89475870132446 0.762639582157135 0.792570173740387 0.887759625911713 0.918441712856293 2.73769736289978 3.99444651603699 2.59890961647034 1.27013385295868 1.24573230743408 1.33930230140686 1.28567051887512 3.31910920143127 -0.233497083187103 0.289982408285141 0.546658456325531 -0.292510956525803 1.12480890750885 2.59917140007019 3.15738987922668 3.31379365921021 2.67667269706726 4.05797719955444 3.63642525672913 3.00553894042969 3.88612818717957 3.95631122589111 1.80327439308167 0.425294309854507 1.07783019542694 0.60068142414093 1.29498362541199 -0.643532931804657 -0.0976721420884132 -0.564067900180817 -1.51161646842957 -0.898866951465607 0.237851068377495 0.0484917759895325 -0.84671550989151 1.87888526916504 3.48761248588562
7.68023538589478 5.12090873718262 2.4564528465271 6.10506439208984 3.06408643722534 0.827235460281372 0.889065444469452 1.04353427886963 1.2133367061615 2.88090038299561 4.38126134872437 2.72637152671814 1.39170789718628 1.44280827045441 1.54029810428619 1.50550663471222 0.758696973323822 1.21446454524994 1.04475736618042 1.93217265605927 0.491209268569946 2.85610818862915 4.22393846511841 5.0419020652771 3.47584772109985 4.78662824630737 4.69376373291016 8.27693653106689 3.28521800041199 4.19304943084717 4.26874446868896 2.01270937919617 0.553987085819244 1.26398921012878 1.15395057201385 2.52162909507751 -0.387835264205933 0.164710059762001 0.0253405850380659 0.290962934494019 0.602712452411652 0.39001402258873 0.767280280590057 0.583712637424469 2.76389980316162 7.64412021636963
10.8501739501953 7.34139442443848 7.82513952255249 3.19031977653503 0.99417370557785 0.921151399612427 1.05292475223541 1.22870278358459 1.38891422748566 3.02857995033264 4.79360198974609 2.86107635498047 1.51629984378815 1.53641605377197 1.63933432102203 1.61107683181763 1.68329334259033 1.90115714073181 1.92130398750305 3.20354008674622 0.606249928474426 4.47407627105713 5.36478233337402 5.8334321975708 4.42031145095825 5.67330598831177 5.21092891693115 19.2657985687256 4.49269151687622 3.74274849891663 4.55877542495728 2.19252848625183 0.677007079124451 1.39291954040527 1.69556558132172 3.27098441123962 -0.300821274518967 1.19630718231201 3.19529938697815 2.80813407897949 4.01243495941162 1.20828831195831 0.815644025802612 0.842256367206573 3.17652463912964 10.121561050415
