slauniainen/Data/DEM/Vihti_dsm1500b_cl_horizonAngle_318.asc
NCOLS 196 
NROWS 178 
XLLCORNER 353680 
YLLCORNER 6699024 
CELLSIZE 16 
NODATA_value -3.4e+38 
[rows 140 to 159 of 178, columns 90 to 134 of 196]
1.62325930595398 0.0263188034296036 -0.529470324516296 -0.144271656870842 17.2745895385742 4.76404571533203 1.54496431350708 2.07753491401672 7.21779203414917 12.3859834671021 23.41233253479 6.97233772277832 12.2753791809082 18.9641170501709 3.36348724365234 1.02894878387451 6.61295366287231 2.08155965805054 0.823453545570374 0.68757951259613 -1.55274641513824 -1.36755776405334 27.4433746337891 5.89854717254639 0.692685306072235 -2.39479231834412 -3.27896285057068 -3.58687090873718 -4.28569841384888 -4.52592420578003 8.4073371887207 1.1034129858017 2.72290778160095 2.90871930122375 4.29268407821655 16.4300174713135 5.93760967254639 1.79444932937622 4.08554744720459 7.77794647216797 7.14214754104614 9.35576438903809 4.7408652305603 6.62437200546265 9.38011074066162
1.22544610500336 0.954131841659546 5.83444166183472 27.3601894378662 19.3834686279297 6.24002170562744 18.3015213012695 12.5437059402466 4.40278720855713 6.71832084655762 8.91970729827881 16.3436412811279 24.7908992767334 14.4562139511108 6.17041444778442 18.2680759429932 27.1577606201172 4.05116367340088 -1.21807718276978 -0.219084501266479 -1.71625244617462 1.94603455066681 21.7997760772705 10.6469993591309 3.83998656272888 -1.30783832073212 -2.82682418823242 1.21206319332123 -4.23020172119141 -4.32706785202026 16.6747283935547 -3.87219572067261 8.66904449462891 12.5285224914551 14.0375347137451 3.90016508102417 -0.510123252868652 -0.0612489096820354 9.96253395080566 3.3485107421875 6.43748426437378 5.21791124343872 3.85450291633606 21.0464248657227 13.5900831222534
0.164974868297577 0.539071917533875 -0.0660395622253418 2.63513803482056 11.9556436538696 12.6055421829224 19.4483203887939 3.41246223449707 5.95298480987549 14.7521305084229 21.5022220611572 17.4325885772705 11.256890296936 11.3637981414795 6.17956733703613 22.6037197113037 17.5624732971191 0.816376686096191 0.484353542327881 11.6794853210449 5.48766374588013 9.59484958648682 8.25843238830566 11.6418151855469 5.79924345016479 0.118213228881359 -2.85668158531189 -3.04609251022339 -3.71262001991272 0.00559469312429428 -1.26163899898529 8.11596012115479 30.3738574981689 4.26607942581177 1.68878555297852 2.96474313735962 5.87690162658691 16.2595310211182 9.93641567230225 4.12038850784302 11.3821926116943 4.19445657730103 4.63535642623901 13.4093198776245 4.12133026123047
0.372646987438202 1.53120970726013 -0.0110199581831694 9.44201564788818 19.3076725006104 10.5892543792725 6.20375156402588 9.69754409790039 1.196448802948 2.70434045791626 11.3446617126465 6.70319366455078 8.32805061340332 3.11827158927917 6.86489057540894 5.90056085586548 15.5079536437988 12.3361206054688 22.8908786773682 14.6378574371338 8.88559818267822 10.963454246521 5.70848560333252 6.31141376495361 6.30671834945679 0.66756683588028 -2.12018871307373 -1.80477714538574 -3.59998488426208 -0.351205557584763 3.30245018005371 25.070972442627 12.0609769821167 5.4891242980957 13.6137971878052 12.7959299087524 11.6731967926025 3.57725811004639 8.07737445831299 4.3045973777771 6.23483085632324 2.21182656288147 1.61308598518372 1.74558007717133 12.805362701416
14.1861343383789 13.6424436569214 11.2856750488281 18.0459098815918 24.4320068359375 10.880443572998 2.67677402496338 5.12468194961548 5.49313163757324 2.28794097900391 2.32742238044739 2.49643588066101 0.0650149956345558 -0.170475229620934 -0.775004863739014 1.60235285758972 9.86269187927246 8.5157470703125 4.81516551971436 12.9382209777832 7.06314992904663 7.40707731246948 7.32046365737915 8.89589405059814 -0.582605600357056 6.8967719078064 -2.38391304016113 -2.87859392166138 -4.02678060531616 -3.91428208351135 -3.92913770675659 19.9095821380615 -1.39911639690399 5.45320272445679 3.63800692558289 4.53194952011108 6.98846626281738 1.67474138736725 1.81580448150635 3.70488977432251 3.19759678840637 3.73510599136353 17.0297565460205 14.047064781189 11.4112091064453
5.88881063461304 10.1432237625122 16.79274559021 9.67543315887451 14.5572776794434 9.17850017547607 -0.0367966555058956 3.98110175132751 2.98022365570068 0.759725093841553 -1.00601315498352 -1.06323623657227 -1.25112855434418 -1.6512166261673 -1.99560868740082 1.67389011383057 1.27155733108521 5.86010789871216 5.87729501724243 2.79196405410767 4.9205641746521 6.08552646636963 6.17166423797607 8.27319240570068 5.01603698730469 14.2309074401855 -2.56827735900879 -3.09555816650391 -3.7708785533905 11.3342056274414 -0.40429875254631 8.99237728118896 3.88158988952637 18.4187927246094 3.22829532623291 12.2751436233521 9.0335865020752 12.4982976913452 10.4088850021362 1.58788847923279 0.461634308099747 2.98132467269897 3.32374882698059 2.6510922908783 0.312775850296021
7.46925830841064 6.01170825958252 8.91046810150146 6.9774751663208 0.430253952741623 0.0443931259214878 1.79982006549835 7.99520063400269 -0.790652275085449 -0.12389325350523 -0.348434239625931 -1.86210191249847 -2.59359884262085 -2.38975024223328 -2.46857857704163 -2.0895688533783 -1.50076687335968 2.75233626365662 4.56725597381592 2.10468411445618 1.13440072536469 0.78618973493576 3.75160217285156 12.2312726974487 4.10545063018799 -1.65434765815735 -2.55259990692139 -3.03295230865479 -3.58436965942383 -2.86958837509155 3.34450221061707 18.7327747344971 16.573902130127 7.58492136001587 12.3040256500244 11.2831077575684 7.42980480194092 3.813307762146 1.54180788993835 8.49830913543701 0.862383544445038 18.9652366638184 1.42566537857056 3.3137366771698 1.38310182094574
12.5502405166626 17.5378284454346 5.36191558837891 3.77823209762573 2.5757315158844 -0.222120836377144 -0.160844370722771 -0.765963315963745 -0.781969130039215 -1.20585691928864 -1.2668764591217 -1.66922187805176 -1.97352516651154 -2.82291674613953 -2.45625901222229 16.1629848480225 8.86895370483398 3.61170268058777 -0.617924392223358 -0.59956306219101 0.425780117511749 0.580199718475342 1.96966469287872 2.77474141120911 3.99043154716492 -2.129558801651 -2.65824031829834 -2.82017660140991 -3.40879607200623 2.68796110153198 13.8252992630005 7.90383529663086 9.80246257781982 8.23862075805664 7.6944465637207 9.80438041687012 7.28615856170654 10.3069496154785 5.70872497558594 2.60015559196472 0.974798858165741 1.85106587409973 6.65735387802124 2.89126706123352 0.0424423702061176
19.1178531646729 7.09330892562866 1.14917051792145 -0.190570950508118 -0.535447478294373 -1.01857328414917 -1.54012942314148 -0.525507390499115 -1.07840609550476 -1.53135395050049 -2.17611646652222 -2.1002037525177 -2.38204455375671 -2.0383608341217 13.6307125091553 15.4307270050049 8.21100330352783 15.5981998443604 1.31685662269592 2.6994457244873 -0.719871044158936 0.415752112865448 10.1240043640137 13.9777364730835 16.7002468109131 -0.306072294712067 -2.34068179130554 -3.17895913124084 -3.43345499038696 5.0457010269165 -1.58875799179077 6.99173593521118 4.78274536132812 6.69978666305542 4.82770681381226 8.45298194885254 6.64283514022827 3.79395508766174 4.65479803085327 1.69709181785583 1.78708505630493 3.46664476394653 1.11299169063568 1.13395702838898 0.85705441236496
1.03454315662384 1.27932071685791 -0.464570164680481 -0.757933259010315 -1.15190351009369 -1.58014488220215 -1.6080493927002 -1.56956613063812 -1.68046259880066 -1.65606009960175 -2.39126968383789 -2.29975008964539 9.67649364471436 11.1475276947021 2.55321335792542 4.21779537200928 3.09337162971497 2.66339373588562 6.51767444610596 9.92360210418701 13.898736000061 12.1983289718628 3.66960978507996 4.44464921951294 10.6273679733276 0.532262325286865 -2.01923656463623 -3.10860395431519 4.44898366928101 22.3456802368164 5.03358554840088 5.25395679473877 7.01439905166626 3.16210246086121 4.75890874862671 7.13675594329834 2.84893202781677 3.90831589698792 2.29121279716492 3.44178795814514 10.9517459869385 1.28063797950745 10.1205701828003 1.91513276100159 -0.102345690131187
3.03082156181335 0.292373210191727 -0.696983993053436 -1.14527940750122 -1.29022145271301 1.59396028518677 -0.509370267391205 -1.67037320137024 -1.80501544475555 -2.04781985282898 -2.2167489528656 -2.44511675834656 -2.52445960044861 -0.324444323778152 1.88777089118958 -2.15598249435425 8.92077922821045 14.2237129211426 17.7656269073486 13.7560091018677 8.10634899139404 3.84847807884216 7.43188667297363 0.129767626523972 0.842543542385101 0.081222876906395 -0.51319545507431 -2.63903880119324 8.53018856048584 7.98358726501465 12.3280172348022 14.0550241470337 18.2583274841309 9.13614273071289 16.7411117553711 4.22765970230103 1.51668846607208 3.73644995689392 3.67933320999146 6.68807697296143 2.32538223266602 1.57165026664734 0.884059071540833 3.46413230895996 0.823136746883392
-0.280108422040939 -0.907873809337616 -1.06286895275116 -1.24840378761292 3.65066981315613 6.05355834960938 1.26440012454987 13.8023309707642 -1.84608852863312 -1.95159697532654 2.31353449821472 -1.15578484535217 -2.59632515907288 3.26971626281738 16.6875915527344 1.08110284805298 15.1191539764404 22.7278842926025 20.2732334136963 16.0026111602783 11.8397178649902 17.6780853271484 2.3475034236908 2.80033206939697 -0.355563014745712 0.614016592502594 -1.37304508686066 -1.80653607845306 0.11340443789959 6.784987449646 6.34506464004517 10.2582759857178 6.23699569702148 6.25454139709473 3.53700661659241 2.43681001663208 3.9842472076416 3.74402213096619 7.83492851257324 2.88670039176941 2.9804356098175 1.31612622737885 0.816149592399597 0.791741788387299 1.15615081787109
-0.698469340801239 -0.523794114589691 6.98534488677979 3.53783416748047 -1.29354548454285 11.7937498092651 18.6443481445312 15.5617942810059 -2.11152744293213 -2.2587525844574 -2.65432858467102 -1.46277940273285 -2.56150674819946 4.28097772598267 10.7291393280029 10.3552503585815 26.76003074646 17.5536403656006 17.6151428222656 12.1375904083252 14.2473335266113 10.1853733062744 8.32743644714355 7.43393850326538 -0.652299284934998 1.54929828643799 -0.356296807527542 -1.33428239822388 -2.44065570831299 11.3676357269287 10.062180519104 5.76211881637573 8.87696075439453 4.2823657989502 4.45710754394531 7.55163955688477 23.3723907470703 9.95058059692383 11.0392293930054 3.23085260391235 2.1159086227417 1.98915493488312 11.9586629867554 3.52985501289368 1.75383269786835
-0.859062016010284 12.2230024337769 -0.807660520076752 -0.872804224491119 25.2815208435059 28.1370372772217 5.70998907089233 4.17240762710571 -1.68566584587097 -2.38412833213806 -2.52649521827698 -2.79939436912537 -2.11735510826111 0.923701167106628 11.2482709884644 8.680908203125 8.06681537628174 11.7763385772705 13.3111801147461 10.8269367218018 8.51243877410889 10.4597826004028 7.88803815841675 8.53652954101562 0.779774844646454 6.75057125091553 -0.982606828212738 -1.20636940002441 -2.27020311355591 2.44371867179871 11.5675926208496 6.55844736099243 3.87640452384949 5.73251008987427 2.92239665985107 4.0310583114624 7.35515260696411 6.8947057723999 3.54533076286316 4.06543207168579 2.56858777999878 6.45459890365601 9.47569942474365 8.16681480407715 1.12854015827179
1.43804109096527 36.5864601135254 26.0815696716309 35.7842712402344 37.3720932006836 11.750171661377 6.78681230545044 2.68668389320374 -0.788725614547729 -2.2064151763916 -2.77220678329468 -2.6531765460968 8.18620109558105 -2.3241593837738 18.7665538787842 11.7805461883545 3.31667637825012 5.02811527252197 7.52407121658325 11.9071912765503 6.94409322738647 12.5291738510132 9.1399450302124 12.7237148284912 2.02690124511719 -0.817813038825989 1.29417669773102 -1.69537317752838 0.564987778663635 16.820873260498 12.3152894973755 8.75092315673828 4.89401245117188 12.6691284179688 4.12503099441528 10.5045127868652 11.0590629577637 5.56650686264038 4.78157472610474 8.44546604156494 8.84023189544678 20.3085441589355 6.12192821502686 10.7510280609131 6.33700132369995
31.0055770874023 2.09580731391907 5.19188690185547 6.79458427429199 -0.0814881175756454 -0.238936066627502 4.94905281066895 0.860854685306549 -1.1616028547287 -1.87182509899139 1.48653721809387 1.63718044757843 10.0596370697021 5.67559576034546 8.87091445922852 10.4708185195923 7.69308948516846 2.63789510726929 4.55729198455811 20.8979148864746 8.9279260635376 19.5379066467285 8.45333671569824 6.22007703781128 5.07021188735962 0.740932703018188 -1.06083512306213 -1.51885974407196 2.11419725418091 6.87974166870117 13.929238319397 4.30571317672729 5.02477216720581 3.80130434036255 5.89498233795166 5.32492828369141 3.39517378807068 11.6047534942627 18.5721817016602 25.317663192749 13.9897890090942 8.19044208526611 3.69776201248169 3.46977066993713 3.95494914054871
25.2645683288574 16.9364280700684 -0.535583019256592 8.19152641296387 -0.279993236064911 1.20090579986572 -0.914108633995056 0.831462979316711 0.668932437896729 -1.75424981117249 -1.72957539558411 -2.49276614189148 -0.507264673709869 7.90877056121826 14.6622943878174 4.87527084350586 7.70030927658081 4.73817539215088 19.4132061004639 28.6161098480225 8.56553745269775 7.81937313079834 6.25336885452271 7.73620557785034 4.63359451293945 3.61555504798889 -0.297382950782776 -1.15685772895813 -0.470310717821121 21.8969421386719 7.69237518310547 9.37929630279541 14.3826589584351 8.28390026092529 7.62298107147217 11.9354496002197 17.6621856689453 37.2426109313965 22.328971862793 14.6076564788818 13.1393690109253 4.87405824661255 3.6676664352417 2.38919258117676 7.72916698455811
21.3947811126709 15.2777528762817 -0.343213319778442 -1.59812593460083 0.154949054121971 16.7353782653809 3.7869246006012 0.226668491959572 -1.17274844646454 -2.02697062492371 -2.40618228912354 -2.7398464679718 9.93762969970703 14.8233242034912 9.26849460601807 8.89486312866211 9.54349899291992 7.1745924949646 5.90612506866455 12.2485218048096 12.9685964584351 26.1248569488525 7.29359340667725 8.86721420288086 6.29197216033936 3.8609824180603 1.57463121414185 8.67078876495361 12.0246982574463 17.9788513183594 11.507363319397 6.78967380523682 6.99390316009521 17.2531642913818 18.4158573150635 33.9491386413574 17.7219676971436 19.047025680542 21.5102100372314 15.8947057723999 9.0530309677124 6.27947807312012 7.83925867080688 16.1757507324219 36.0732078552246
15.5372562408447 16.5512008666992 3.12160801887512 15.6533308029175 11.7970962524414 5.12943267822266 7.99500751495361 -1.01994633674622 -0.566036343574524 -1.03044879436493 6.2719292640686 10.7861280441284 13.9207458496094 8.75084972381592 13.7436265945435 7.41007328033447 8.40245723724365 20.3695182800293 15.292667388916 16.9868717193604 14.3413763046265 14.5222625732422 12.2881469726562 7.98168516159058 5.98303699493408 5.31232213973999 3.49800372123718 0.923998653888702 2.37141513824463 11.2257070541382 13.8215818405151 9.53529262542725 15.9801864624023 24.9470157623291 13.098783493042 13.8457593917847 19.6066188812256 16.7681217193604 12.2126808166504 17.1243114471436 10.4089488983154 17.0406513214111 34.4470176696777 23.9221591949463 40.4754905700684
2.9727463722229 25.0266227722168 4.8341760635376 -0.123390235006809 2.7079906463623 9.02532386779785 12.9115705490112 -0.858240783214569 -1.13774371147156 -1.56038308143616 -0.381260365247726 -1.17706143856049 10.414213180542 8.25253105163574 12.7260971069336 7.96065759658813 6.50736522674561 7.79750537872314 9.03183937072754 10.6936006546021 13.7708549499512 10.3085193634033 9.71566867828369 7.4197850227356 6.7141900062561 9.88172435760498 4.9190092086792 3.56298303604126 7.83646392822266 1.80542695522308 3.71338391304016 13.3666915893555 11.8070631027222 12.3217210769653 12.3163471221924 10.5996112823486 15.348424911499 15.6401119232178 10.5246658325195 23.2919979095459 25.4110050201416 30.6010322570801 27.3433055877686 38.7494468688965 45.3093795776367
