slauniainen/Data/DEM/Vihti_dem1500b_cl_horizonAngle_294.asc
NCOLS 196 
NROWS 178 
XLLCORNER 353680 
YLLCORNER 6699024 
CELLSIZE 16 
NODATA_value -3.4e+38 
[rows 120 to 139 of 178, columns 0 to 44 of 196]
1.36844336986542 1.20448052883148 0.738801121711731 0.537532567977905 0.297536283731461 0.22033366560936 1.64700734615326 1.77818083763123 1.70437169075012 6.2713942527771 7.91195774078369 5.93390083312988 5.14068174362183 4.86614227294922 3.90513253211975 3.69658446311951 3.49480104446411 2.90962314605713 2.26051950454712 1.76110708713531 1.32255280017853 1.02915561199188 0.792637348175049 0.668786704540253 0.556725859642029 0.516040146350861 0.460023283958435 0.450410544872284 0.392389476299286 0.346095263957977 0.314950883388519 0.258937627077103 0.215545460581779 0.176878795027733 0.159226417541504 0.114597827196121 0.0659285038709641 0.0105657512322068 -0.00528066698461771 -0.00330833974294364 -0.0261083636432886 0.00187776342500001 -0.0335425399243832 -0.0316864922642708 -0.0250284671783447
1.35146248340607 1.32255673408508 1.14750027656555 0.695278584957123 0.474664717912674 0.375780045986176 0.244141131639481 0.216739565134048 1.37572336196899 4.80189180374146 6.57370567321777 5.78558778762817 5.16093778610229 4.63599300384521 4.43481349945068 4.16030788421631 3.9157075881958 3.30764245986938 3.04976654052734 2.36365127563477 1.72907090187073 1.30710768699646 0.900205850601196 0.731074333190918 0.541267573833466 0.4165078997612 0.358413487672806 0.355786502361298 0.313064813613892 0.287046730518341 0.265661656856537 0.223010569810867 0.180685430765152 0.137056022882462 0.100544214248657 0.0647475570440292 0.0513352118432522 0.00370855117216706 -0.0292970687150955 -0.0841154977679253 -0.0997610911726952 -0.107778169214725 -0.141370803117752 -0.143561378121376 -0.104696609079838
1.35708022117615 1.29692995548248 1.25169157981873 1.01347923278809 0.668118894100189 0.540914952754974 0.432516098022461 0.373207300901413 1.13044130802155 3.41657161712646 4.69726037979126 4.79221534729004 5.36324548721313 4.76585960388184 4.05116891860962 3.7487940788269 3.33287453651428 3.67777037620544 3.42868185043335 2.67534327507019 2.3598039150238 1.82215797901154 1.24067461490631 0.907207489013672 0.747649788856506 0.421838492155075 0.3046013712883 0.251629918813705 0.203242510557175 0.19343501329422 0.195357218384743 0.168517410755157 0.136862546205521 0.10485265403986 0.0791076719760895 0.044279370456934 0.000186916106031276 -0.0283009801059961 -0.0450027734041214 -0.0826385170221329 -0.122193768620491 -0.166551530361176 -0.195115193724632 -0.200139656662941 -0.200275495648384
1.39731013774872 1.29936015605927 1.25641238689423 1.20317554473877 0.87787914276123 0.675197541713715 0.573697149753571 0.482663005590439 0.421893715858459 2.06693172454834 3.24971413612366 3.32779669761658 5.32926940917969 5.06545782089233 4.16337060928345 3.86888790130615 3.36653208732605 3.25756311416626 3.00928664207458 3.01715207099915 2.64806032180786 2.04534459114075 1.75036478042603 1.34134578704834 1.16533291339874 0.687943339347839 0.459812939167023 0.211695671081543 0.150005236268044 0.104172006249428 0.092784158885479 0.0815332159399986 0.0813059136271477 0.0621258392930031 0.0351063087582588 0.0182203389704227 -0.0112694203853607 -0.0467790365219116 -0.0818260759115219 -0.113274566829205 -0.145079031586647 -0.17074553668499 -0.204518407583237 -0.232674807310104 -0.252905935049057
1.44352769851685 1.36624932289124 1.31693983078003 1.24935925006866 1.13354659080505 0.826810121536255 0.672277629375458 0.555696964263916 0.520253121852875 1.34655356407166 2.45513296127319 2.50482296943665 3.84343242645264 5.20076465606689 4.12833642959595 3.74711894989014 3.47142767906189 3.32120156288147 3.10593318939209 2.59906148910522 2.21785712242126 2.31191396713257 1.98664748668671 1.48418581485748 1.30452752113342 1.11048853397369 0.824365615844727 0.41575101017952 0.255445957183838 0.070592001080513 0.0206947606056929 0.0112960701808333 0.00308992713689804 -0.00619988655671477 -0.0379650667309761 -0.0440209433436394 -0.049093384295702 -0.0820923894643784 -0.0907604023814201 -0.113295905292034 -0.155098378658295 -0.198315232992172 -0.225794792175293 -0.234798088669777 -0.264846801757812
1.56283414363861 1.5229480266571 1.43608903884888 1.30264794826508 1.23152899742126 1.06584846973419 0.785535633563995 0.670198321342468 0.583679258823395 0.757430136203766 1.80025601387024 1.8760529756546 2.43497920036316 4.14459562301636 4.3865270614624 3.51195669174194 3.33488488197327 3.21484351158142 3.01047682762146 2.60969591140747 2.19156002998352 1.89879083633423 1.64321577548981 1.68662071228027 1.48586845397949 1.30742037296295 0.964295923709869 0.809553921222687 0.597500383853912 0.255349010229111 0.126379668712616 -0.013174245133996 -0.0397451482713223 -0.0603736340999603 -0.104628436267376 -0.123135298490524 -0.112240768969059 -0.134525001049042 -0.129702001810074 -0.145894467830658 -0.163721635937691 -0.204726219177246 -0.236346378922462 -0.261815637350082 -0.286535978317261
1.69671666622162 1.65635311603546 1.56821858882904 1.42972016334534 1.3508837223053 1.20982372760773 1.01143169403076 0.796539604663849 0.690370738506317 0.64647251367569 1.26331734657288 1.14496302604675 1.6776340007782 2.96491765975952 4.02199029922485 3.55849504470825 3.04768443107605 2.90854287147522 2.79756188392639 2.55256032943726 2.12391519546509 1.79712355136871 1.55763721466064 1.31403112411499 1.13686728477478 0.974272608757019 1.12415850162506 0.999929189682007 0.731858432292938 0.608787536621094 0.452809125185013 0.140464588999748 0.0625703558325768 0.0111132888123393 -0.144615858793259 -0.181198731064796 -0.201530754566193 -0.219474196434021 -0.196083515882492 -0.200264006853104 -0.202269092202187 -0.239053696393967 -0.245907828211784 -0.266849845647812 -0.3005331158638
1.80742430686951 1.76957619190216 1.70540976524353 1.56539785861969 1.48398959636688 1.36052417755127 1.26795244216919 1.06778168678284 0.903185904026031 0.763742625713348 0.649095356464386 0.443587958812714 1.00207853317261 2.24169826507568 3.18205142021179 3.29402232170105 2.96280217170715 2.72743153572083 2.57601499557495 2.31071281433105 1.96229374408722 1.71038341522217 1.5273277759552 1.25195360183716 1.05898189544678 0.878141522407532 0.808322250843048 0.714433789253235 0.87873786687851 0.776407837867737 0.559066951274872 0.461246490478516 0.330159068107605 0.288771331310272 -0.0135715482756495 -0.121033817529678 -0.255167901515961 -0.263075292110443 -0.276902943849564 -0.273828506469727 -0.263965427875519 -0.288503021001816 -0.28229433298111 -0.306730985641479 -0.333423495292664
1.98006653785706 1.88622355461121 1.81976675987244 1.67402231693268 1.61527538299561 1.48982667922974 1.40218532085419 1.27034294605255 1.19073152542114 1.01059114933014 0.747627794742584 0.533381879329681 0.460027247667313 1.61517417430878 2.54401612281799 2.7563169002533 2.75340843200684 2.75818634033203 2.39615774154663 2.03855395317078 1.68697369098663 1.50345540046692 1.33035027980804 1.14831626415253 0.961408853530884 0.867273271083832 0.75331711769104 0.644793748855591 0.58817720413208 0.491736561059952 0.649353444576263 0.593047678470612 0.416099071502686 0.364159226417542 0.267959117889404 0.125942587852478 -0.156144291162491 -0.221286207437515 -0.320615857839584 -0.327853500843048 -0.340709716081619 -0.340335220098495 -0.335808247327805 -0.347808808088303 -0.374155819416046
2.21192646026611 2.0388069152832 1.87624847888947 1.78479409217834 1.72270452976227 1.59078145027161 1.53516852855682 1.40469622612 1.31337308883667 1.139533162117 0.938592731952667 0.672806084156036 0.449767380952835 1.20529556274414 1.89593493938446 2.34215402603149 2.50603938102722 3.42959809303284 2.21637344360352 1.78903234004974 1.42045402526855 1.28303182125092 1.09624457359314 1.01059901714325 0.836858212947845 0.653249979019165 0.685430645942688 0.62024199962616 0.527768015861511 0.414492130279541 0.367572784423828 0.325180172920227 0.481650859117508 0.430161118507385 0.372453391551971 0.200900822877884 0.111498706042767 0.0122854821383953 -0.238284513354301 -0.293113350868225 -0.372585147619247 -0.383686691522598 -0.399879038333893 -0.400601923465729 -0.432845532894135
2.25330328941345 2.14293217658997 2.09817814826965 1.93454933166504 1.78188169002533 1.6955498456955 1.63696873188019 1.50952792167664 1.44469749927521 1.25415468215942 1.01934671401978 0.777218461036682 0.599029779434204 1.35612726211548 1.75777757167816 2.10411739349365 2.61760354042053 2.83223700523376 1.99858772754669 1.58372151851654 1.18389558792114 1.03689301013947 0.863484978675842 0.772134006023407 0.655448436737061 0.481203377246857 0.434426307678223 0.380826354026794 0.44512602686882 0.388929545879364 0.325694441795349 0.258292645215988 0.223048031330109 0.164748951792717 0.127657845616341 0.271707147359848 0.230759680271149 0.0877257809042931 0.0141029031947255 -0.0794350802898407 -0.313153177499771 -0.337172657251358 -0.367475509643555 -0.433720380067825 -0.467186987400055
2.16607260704041 2.18341779708862 2.13741111755371 2.03486728668213 1.99372398853302 1.8383481502533 1.69787514209747 1.61579084396362 1.55865347385406 1.41537535190582 1.13847625255585 0.887396156787872 0.62680059671402 0.457077413797379 0.447270035743713 0.968186020851135 1.5738537311554 1.96095681190491 1.62924444675446 1.3170975446701 1.10348129272461 0.772240817546844 0.595547616481781 0.544305264949799 0.463222026824951 0.310833305120468 0.187121942639351 0.200587674975395 0.19075433909893 0.151400566101074 0.273461252450943 0.238869786262512 0.186681851744652 0.129156172275543 0.0564803369343281 0.0389912091195583 0.0373943783342838 0.154361844062805 0.11613330245018 -0.0202304180711508 -0.0860620141029358 -0.147195190191269 -0.15839222073555 -0.37669312953949 -0.445798575878143
2.07618927955627 2.03458690643311 2.05888342857361 2.07231450080872 2.03042387962341 1.93624079227448 1.90029561519623 1.75341892242432 1.57020175457001 1.43558168411255 1.23538446426392 0.951670825481415 0.689426422119141 0.490699291229248 0.419480472803116 0.437561243772507 0.422196358442307 0.575594961643219 0.818016946315765 0.959052443504333 0.883761882781982 0.452481240034103 0.303391396999359 0.299060940742493 0.215398147702217 0.132902801036835 -0.0032226974144578 -0.0130557604134083 -0.0319129079580307 0.0121372081339359 0.0290419571101665 0.0229285024106503 0.0230611190199852 0.0907437354326248 0.0413823835551739 0.000721967429853976 -0.0346361733973026 -0.0689755380153656 -0.0831007286906242 0.0427732542157173 0.0122389709576964 -0.0847249105572701 -0.0993165895342827 -0.155557587742805 -0.247962474822998
1.90873968601227 1.86611580848694 1.97106182575226 1.93110072612762 1.95680284500122 1.97130620479584 1.93662655353546 1.83220899105072 1.60984015464783 1.41744291782379 1.25609862804413 0.964072525501251 0.694535493850708 0.527647912502289 0.463831216096878 0.451348602771759 0.37980854511261 0.176674172282219 0.020696310326457 0.355957806110382 0.417931854724884 0.154448539018631 0.0334475263953209 -0.00626780139282346 -0.106122083961964 -0.0556658059358597 -0.208616137504578 -0.223761186003685 -0.247755825519562 -0.220128238201141 -0.200595557689667 -0.125737339258194 -0.093742311000824 -0.116125956177711 -0.15253958106041 -0.0486042909324169 -0.0789537280797958 -0.120116204023361 -0.148283675312996 -0.153057172894478 -0.15083871781826 -0.0293420925736427 -0.0457599349319935 -0.0674369111657143 -0.181422844529152
1.78087615966797 1.74182319641113 1.80965483188629 1.77253377437592 1.87796211242676 1.84279096126556 1.75617599487305 1.60123610496521 1.49536323547363 1.33494305610657 1.14315009117126 0.923046410083771 0.704908013343811 0.540531814098358 0.502614617347717 0.487607449293137 0.30349463224411 1.09458220005035 0.730707287788391 0.164615541696548 -0.0462153851985931 -0.203118562698364 -0.302586019039154 -0.391081094741821 -0.336483478546143 -0.325529813766479 -0.429858148097992 -0.486418634653091 -0.477295637130737 -0.446556329727173 -0.426962941884995 -0.349568694829941 -0.295725166797638 -0.280573785305023 -0.29424199461937 -0.295429617166519 -0.29182368516922 -0.167124375700951 -0.16932213306427 -0.18051715195179 -0.196846693754196 -0.213073700666428 -0.240570485591888 -0.229411259293556 -0.12765209376812
1.66029620170593 1.66979873180389 1.6905529499054 1.65453541278839 1.72583997249603 1.69235348701477 1.63537216186523 1.47364938259125 1.33661270141602 1.16901862621307 0.99468469619751 0.844624876976013 0.703246116638184 0.541761159896851 0.505115747451782 0.502631664276123 0.264094829559326 0.588610053062439 0.661171495914459 0.406416386365891 0.214932650327682 -0.104731306433678 -0.246941819787025 -0.364019632339478 -0.453560650348663 -0.536113381385803 -0.5990931391716 -0.67280900478363 -0.737661719322205 -0.694565832614899 -0.630044281482697 -0.545446932315826 -0.506868541240692 -0.456591665744781 -0.490093886852264 -0.48005273938179 -0.429483383893967 -0.408918440341949 -0.364643901586533 -0.215924024581909 -0.226453542709351 -0.237939745187759 -0.264721423387527 -0.293982893228531 -0.313900321722031
1.60302364826202 1.58925867080688 1.57931053638458 1.58988153934479 1.60906410217285 1.57783627510071 1.51362431049347 1.36183738708496 1.18262541294098 1.02131545543671 0.886966466903687 0.775990724563599 0.636908411979675 0.508328914642334 0.495942234992981 0.486819744110107 0.423500001430511 0.378178775310516 0.314347058534622 0.287082850933075 0.308247298002243 -0.0136233428493142 -0.154133319854736 -0.303860276937485 -0.417675137519836 -0.499859720468521 -0.589982688426971 -0.681389510631561 -0.74923038482666 -0.808802604675293 -0.846045255661011 -0.693421602249146 -0.671083927154541 -0.62777578830719 -0.649953484535217 -0.698939800262451 -0.657463371753693 -0.592793822288513 -0.503025412559509 -0.454662501811981 -0.413004606962204 -0.393319219350815 -0.296865254640579 -0.324364483356476 -0.358860701322556
1.55988085269928 1.54193341732025 1.52698767185211 1.51548767089844 1.50205492973328 1.47239196300507 1.3689112663269 1.2062908411026 1.02782702445984 0.869994163513184 0.746345996856689 0.648871541023254 0.543573200702667 0.48440882563591 0.470550388097763 0.450567275285721 0.0881426259875298 0.114032439887524 0.293274283409119 0.24054579436779 0.159905463457108 0.0256851613521576 -0.0874001756310463 -0.230913981795311 -0.370035707950592 -0.468218445777893 -0.55194091796875 -0.658916473388672 -0.729425072669983 -0.811147391796112 -0.835408508777618 -0.86297333240509 -0.908469676971436 -0.861005842685699 -0.835100531578064 -0.89894437789917 -0.876487791538239 -0.824082612991333 -0.53294426202774 -0.429242044687271 -0.554792165756226 -0.515743792057037 -0.51975953578949 -0.492406815290451 -0.391278713941574
1.48666369915009 1.49874198436737 1.48068618774414 1.47109949588776 1.45489525794983 1.42352545261383 1.26427710056305 1.10764992237091 0.914143264293671 0.752292573451996 0.624890863895416 0.593132734298706 0.580589175224304 0.526622653007507 0.509412109851837 0.391290605068207 0.112470842897892 0.101452633738518 0.168122142553329 0.182698339223862 0.138468742370605 0.0290676914155483 -0.0217624586075544 -0.172105938196182 -0.323951750993729 -0.426450818777084 -0.527776598930359 -0.624004662036896 -0.718186914920807 -0.807648658752441 -0.841579675674438 -0.890107154846191 -0.95163768529892 -1.0059734582901 -1.07421791553497 -1.14075076580048 -1.10477614402771 -1.0546338558197 -0.58060085773468 -0.146397963166237 -0.265023112297058 -0.511854410171509 -0.684414327144623 -0.387129217386246 -0.599633932113647
1.47750902175903 1.44743490219116 1.40761697292328 1.42842495441437 1.4130676984787 1.35833382606506 1.22085869312286 1.01259899139404 0.817846238613129 0.661617040634155 0.617011368274689 0.607617259025574 0.596494376659393 0.562998950481415 0.552802264690399 0.309598386287689 0.176913067698479 0.112479150295258 0.100154913961887 0.0907782167196274 0.0795449912548065 0.0526721365749836 0.014891192317009 -0.129620894789696 -0.271246820688248 -0.380698055028915 -0.496243566274643 -0.579259634017944 -0.695973992347717 -0.78947639465332 -0.865796506404877 -0.924560248851776 -0.9840127825737 -1.01681840419769 -1.1111079454422 -1.20950055122375 -1.24626302719116 -1.28090226650238 -0.957967698574066 -0.0522099509835243 -0.213674649596214 -0.409408241510391 -0.833535015583038 -0.82021951675415 -0.746047139167786
