slauniainen/Data/DEM/Vihti_dsm1500b_cl_horizonAngle_12.asc
NCOLS 196 
NROWS 178 
XLLCORNER 353680 
YLLCORNER 6699024 
CELLSIZE 16 
NODATA_value -3.4e+38 
[rows 100 to 119 of 178, columns 0 to 45 of 196]
10.2504777908325 23.0858554840088 14.0416135787964 2.47223615646362 3.39755821228027 11.3062839508057 -1.8187472820282 -0.689071893692017 1.422203540802 1.75873863697052 1.94303059577942 2.73954463005066 3.20264673233032 2.77847480773926 2.89201712608337 2.81495428085327 1.89688014984131 3.16594076156616 3.57977676391602 3.82644128799438 2.23523592948914 2.48454117774963 1.64521312713623 2.73865056037903 2.07859349250793 2.02804851531982 2.40599012374878 2.95918321609497 2.54355978965759 2.08152914047241 0.873855471611023 1.15340554714203 3.33396100997925 2.66731643676758 1.9606237411499 2.5374608039856 2.40722560882568 1.91752076148987 -0.573984742164612 -0.709369897842407 -0.786442756652832 1.17882204055786 9.83678817749023 18.5410900115967 45.3992156982422 -1.07882189750671
8.68364810943604 11.5584392547607 18.4908828735352 11.295202255249 -1.61908602714539 2.83888292312622 14.1648931503296 -0.937654614448547 1.30716550350189 1.71259582042694 1.92057871818542 2.67326807975769 3.14327883720398 2.72331500053406 2.83173823356628 2.73766779899597 1.82097005844116 3.05586671829224 3.46628785133362 3.70429015159607 2.44638776779175 1.25312733650208 1.93026053905487 2.64879727363586 2.00128507614136 1.99333035945892 2.85825824737549 1.52770030498505 2.40934681892395 1.96890377998352 0.823400378227234 1.55039572715759 3.17964172363281 2.56340289115906 1.92620825767517 2.46246886253357 2.3137218952179 1.88803374767303 14.2644214630127 -1.21004712581635 -0.0990922823548317 1.03959202766418 -0.0376090630888939 -0.440325349569321 -0.739940941333771 20.394100189209
7.90841436386108 6.43001747131348 21.527587890625 44.4531326293945 18.2542591094971 14.8544111251831 7.1097149848938 -0.51773065328598 -0.21899339556694 1.5724128484726 2.25439715385437 2.63748526573181 3.08494162559509 2.75614786148071 2.78191065788269 2.4808144569397 1.76336133480072 3.29288601875305 3.08356475830078 3.59438991546631 2.36020684242249 1.17861926555634 1.86823105812073 2.55999255180359 1.93744230270386 2.26141595840454 2.71943783760071 1.43827509880066 2.29145932197571 1.89716064929962 0.801495611667633 2.41901087760925 3.05333662033081 2.4944007396698 2.48687481880188 2.14854764938354 2.2724974155426 1.84552407264709 9.40129566192627 13.0661430358887 -1.00080442428589 -0.233465164899826 37.5513496398926 48.1578598022461 20.3987197875977 -1.33750200271606
5.94549369812012 5.87099885940552 20.8978137969971 26.8074398040771 32.8113975524902 9.22187900543213 0.996667206287384 -1.1775838136673 -0.427173852920532 1.62828147411346 2.4691743850708 2.58694696426392 3.01318597793579 2.71699333190918 1.60052525997162 1.63472056388855 2.84202218055725 3.19975185394287 3.41232991218567 2.95331811904907 2.28060173988342 1.15400528907776 1.81992828845978 2.48697423934937 1.88843107223511 2.17700457572937 2.60369038581848 2.23746395111084 1.69417583942413 1.84902763366699 0.799538135528564 2.99866199493408 2.46548819541931 1.9170229434967 2.44641661643982 2.11880397796631 2.22551774978638 26.4536666870117 3.6049633026123 5.80692720413208 9.80695152282715 -0.263133406639099 19.939208984375 28.1589756011963 37.0402603149414 43.5598564147949
4.69387292861938 5.35447597503662 17.9980201721191 24.5190353393555 28.9268951416016 24.9847221374512 19.8622550964355 -0.617181301116943 -1.29260122776031 -0.0250478889793158 2.38706755638123 2.93240928649902 2.5596981048584 2.69768929481506 1.37369585037231 1.69524991512299 1.81077456474304 3.13477492332458 3.31369209289551 1.88272356987 2.18219494819641 0.962370812892914 1.83168065547943 2.4297924041748 1.83448088169098 2.10814118385315 2.50414133071899 2.16904830932617 1.79712855815887 0.833833575248718 1.10032713413239 2.88363575935364 2.33782315254211 1.87538492679596 2.16354417800903 2.18096494674683 2.19201350212097 22.6275234222412 13.796106338501 12.6000881195068 2.98586106300354 34.6325759887695 17.7802867889404 19.075231552124 20.1724147796631 16.8898468017578
4.88349103927612 5.73341941833496 14.0456647872925 16.642520904541 13.3711442947388 22.7420787811279 -1.41665327548981 10.0601034164429 18.1721382141113 11.890097618103 2.25762057304382 2.84322595596313 2.53223371505737 1.51383233070374 6.75046873092651 1.74175047874451 1.7060718536377 3.09832835197449 3.24000024795532 2.04682850837708 1.02538919448853 1.34746909141541 2.36755061149597 1.84157955646515 1.78253269195557 2.4838273525238 1.3649480342865 2.11864876747131 1.74084544181824 0.911433577537537 1.43117868900299 2.7194709777832 2.22108936309814 1.49051129817963 2.12026023864746 2.2486789226532 1.89878141880035 21.6274337768555 45.0507621765137 50.508171081543 49.0726203918457 20.1992340087891 13.3261184692383 14.565957069397 12.5070686340332 40.7445526123047
4.52589893341064 7.55440092086792 6.87036085128784 13.7537078857422 16.7705993652344 13.2539701461792 30.5075435638428 3.1840832233429 0.430461853742599 5.30095863342285 -0.633619546890259 2.19846868515015 0.301940411329269 13.8628454208374 38.1941223144531 0.776104748249054 28.3065414428711 2.67762923240662 3.19717764854431 2.00159931182861 0.934603452682495 1.56079792976379 2.29094123840332 1.7841659784317 1.72636008262634 2.40125846862793 1.3415447473526 2.07333779335022 1.70206069946289 0.745456039905548 2.10507941246033 2.60289716720581 2.12418818473816 1.1843022108078 2.06827402114868 2.20949149131775 2.23533320426941 21.8563919067383 26.9118900299072 31.5016059875488 31.2821712493896 7.10695600509644 10.9171361923218 11.7843446731567 15.9226226806641 23.6649723052979
4.18874549865723 5.87116289138794 27.0281391143799 7.09748935699463 8.74779415130615 13.2356233596802 23.6435050964355 31.9662532806396 45.9199600219727 6.76411247253418 44.0385704040527 -0.0608976781368256 39.0107383728027 9.3783540725708 21.3840560913086 37.3911323547363 14.3236227035522 6.93810367584229 3.16967678070068 1.98563981056213 0.925209939479828 1.52444565296173 2.26134395599365 1.68997001647949 1.95711350440979 2.33822870254517 1.32446384429932 2.04609084129333 1.63869953155518 0.667419016361237 2.55386400222778 2.1123468875885 0.580498039722443 1.15400242805481 1.73402452468872 1.83544719219208 2.56386733055115 19.6386375427246 23.691535949707 23.1473693847656 11.8731670379639 6.34296131134033 9.66279792785645 10.243106842041 25.7667484283447 14.8680772781372
3.9915919303894 23.8612804412842 14.7250528335571 36.5477867126465 31.880012512207 27.1536159515381 36.7257881164551 35.6616554260254 35.4038467407227 26.8474769592285 9.17497730255127 -0.281858891248703 20.5381450653076 17.6467113494873 1.28874540328979 15.0558767318726 18.3482227325439 2.17634582519531 1.70372366905212 2.22350311279297 1.61502110958099 2.24937725067139 2.14590239524841 1.6402690410614 1.8737131357193 2.23818445205688 2.02252912521362 1.53060019016266 1.59261929988861 0.980760335922241 2.48876881599426 2.05522203445435 0.654837846755981 1.12447512149811 0.933003842830658 1.60983884334564 11.8182764053345 15.6579704284668 19.0749053955078 18.8484878540039 6.99828243255615 3.66144967079163 9.02872848510742 13.8442630767822 14.2617511749268 12.66774559021
4.06192445755005 13.1367282867432 10.3266744613647 21.0981597900391 18.3443412780762 22.154203414917 24.2681503295898 25.4862480163574 19.772798538208 26.5678424835205 34.3511199951172 39.4636878967285 0.862927734851837 9.38139247894287 13.1820459365845 14.0686616897583 10.0757761001587 38.8979988098145 38.7278289794922 3.68572330474854 3.97277998924255 1.56563115119934 2.04180359840393 1.58811366558075 1.82030951976776 2.15646147727966 1.9312127828598 1.57220959663391 0.743567049503326 0.954917728900909 2.42541170120239 -0.313719689846039 -1.22040796279907 0.872166693210602 1.16874432563782 1.36098754405975 10.6235408782959 13.2877607345581 15.9899520874023 15.9802141189575 21.199089050293 20.3902645111084 8.47643184661865 11.4316749572754 12.1850099563599 10.998950958252
9.61333465576172 7.94092845916748 13.6734523773193 11.7166986465454 10.4468450546265 18.4705581665039 19.3396778106689 20.6391925811768 18.6103286743164 14.9127330780029 19.6267757415771 23.0819873809814 3.61239671707153 7.62176847457886 10.1287031173706 9.38607215881348 5.47834253311157 22.7000484466553 22.1180248260498 2.3040144443512 2.41879177093506 1.98816287517548 1.49000477790833 1.53346192836761 2.09114980697632 1.19604218006134 1.86638712882996 -0.725965917110443 1.07956504821777 1.24075949192047 2.35795402526855 -0.824925124645233 7.97719669342041 0.949740529060364 1.13753247261047 1.38088798522949 9.64213085174561 11.9808549880981 13.785117149353 13.9701652526855 12.5666599273682 11.9928092956543 7.91058158874512 10.8481769561768 9.73245906829834 7.88099527359009
8.09894752502441 6.87027597427368 10.6728258132935 9.23568439483643 9.89585399627686 15.7798461914062 16.0159130096436 17.2149047851562 15.070405960083 13.5981616973877 15.2172937393188 8.0653133392334 5.30541849136353 6.41221475601196 8.08899021148682 7.83228874206543 13.7630462646484 14.1756906509399 1.96095359325409 1.48340666294098 1.41000497341156 1.9207204580307 1.44763028621674 1.4765020608902 2.02924060821533 1.17059504985809 0.187886640429497 19.5249137878418 -1.2948545217514 -0.617956578731537 -0.964519262313843 -1.48198056221008 -1.78227567672729 -1.45742130279541 1.14453029632568 1.40070700645447 9.59813976287842 12.0449848175049 12.0380067825317 12.3358354568481 9.19039535522461 7.17893218994141 7.34785890579224 9.87999153137207 8.9033203125 7.36487054824829
7.11479711532593 6.67374610900879 8.7967643737793 8.14452075958252 8.79735946655273 13.6541681289673 13.5705080032349 14.5873165130615 12.5429029464722 11.1095027923584 12.4886665344238 7.19249868392944 5.40263223648071 5.55135583877563 6.76535797119141 6.66132164001465 10.6035480499268 10.6713581085205 1.29989755153656 1.10954105854034 1.34676325321198 1.85576939582825 1.45719838142395 1.65908658504486 -0.091599240899086 -0.52891206741333 -0.559499979019165 9.40074157714844 -1.37230050563812 6.93982124328613 0.713469266891479 1.24358487129211 0.626644849777222 9.57908153533936 1.17995297908783 8.20713996887207 8.64296913146973 10.8333606719971 10.9012260437012 7.78332805633545 7.48648166656494 6.74482393264771 7.33787727355957 9.11416721343994 8.18819046020508 6.77921724319458
6.49214839935303 7.35398435592651 7.48038005828857 6.98451375961304 11.1456146240234 9.18926048278809 11.5761814117432 12.5812435150146 10.5682926177979 9.25732421875 10.4683980941772 6.41724491119385 5.00990629196167 1.23697364330292 5.86629009246826 2.95683097839355 8.5292444229126 8.76768684387207 1.19697046279907 0.708770453929901 1.33900415897369 1.82544219493866 1.41819286346436 -0.470427632331848 -0.156172901391983 -0.407025128602982 16.9913120269775 -0.634327948093414 5.34375143051147 0.720200061798096 30.2285003662109 3.85055017471313 -1.69236183166504 -1.77595794200897 1.14974749088287 7.62352466583252 9.2431583404541 9.84388542175293 9.80068969726562 6.6926064491272 6.32245874404907 6.47061538696289 6.92662954330444 8.48333549499512 7.62780380249023 6.31090831756592
7.42416906356812 6.94156503677368 6.81550645828247 6.43258619308472 9.61807537078857 8.96107864379883 10.1822776794434 8.39457511901855 9.11063194274902 7.80629968643188 8.92842769622803 1.3081568479538 4.63552284240723 5.01634120941162 5.00873374938965 2.5844407081604 7.20305109024048 7.48471403121948 0.951616942882538 1.09912312030792 1.80045711994171 -0.107134088873863 -0.375291079282761 -0.485198467969894 -0.52084743976593 -0.42096620798111 9.37984466552734 -1.57018041610718 2.87901854515076 7.32446002960205 10.0745620727539 31.2044982910156 2.08689332008362 5.56668519973755 -1.38457190990448 7.12449645996094 8.59613227844238 9.02428531646729 8.90406608581543 6.14019727706909 5.90914583206177 6.05761528015137 7.84161043167114 7.08674955368042 5.87849473953247 5.83451271057129
4.83012580871582 6.67542695999146 6.43707036972046 6.18399810791016 8.26724815368652 7.08136510848999 8.48165988922119 7.22381925582886 6.91039562225342 6.69612264633179 7.71787643432617 3.82002210617065 4.27892017364502 4.54272603988647 4.60306453704834 2.05056381225586 6.36028289794922 6.71202230453491 0.79523229598999 1.29551815986633 0.693382322788239 14.706690788269 -0.691368162631989 -0.487977027893066 -1.25708627700806 -0.613852441310883 -0.910487592220306 5.24519109725952 0.270487755537033 6.04151678085327 8.14492416381836 10.650821685791 0.105692960321903 0.855257868766785 -2.01098322868347 6.70080423355103 8.35801792144775 7.94224119186401 8.19025230407715 4.77520322799683 5.53883409500122 5.67004728317261 7.32569980621338 6.62599468231201 5.51080226898193 7.43525171279907
29.0129413604736 6.56069326400757 6.14669322967529 5.69096660614014 7.59659337997437 6.08319425582886 6.77785873413086 6.09570646286011 6.0975980758667 6.37382030487061 4.39107036590576 3.75747561454773 3.71529364585876 4.1987099647522 4.29325246810913 5.37851667404175 5.52620363235474 1.00978672504425 0.651506364345551 1.05436408519745 30.4468021392822 -0.312659561634064 1.55133044719696 -0.638118028640747 1.73442554473877 -0.665231883525848 -0.9805628657341 0.590287804603577 -0.658629179000854 3.3873884677887 3.9144172668457 2.05694937705994 0.0795306712388992 6.42875528335571 -1.60937023162842 2.14667963981628 7.79404830932617 7.58020257949829 5.34969329833984 4.23094606399536 5.22767114639282 5.35521936416626 6.8914098739624 6.2360405921936 5.19663381576538 6.95901441574097
15.6972894668579 6.56345510482788 6.0038275718689 7.46483421325684 5.91857099533081 5.78243637084961 5.79882383346558 4.98048400878906 5.2575478553772 5.57803297042847 3.98760175704956 3.4514365196228 0.471273988485336 3.86147141456604 1.89387154579163 4.84311437606812 4.98928737640381 0.816784799098969 0.559081792831421 8.6993522644043 0.179708287119865 14.8641691207886 1.10697305202484 10.785831451416 0.65067321062088 4.63932180404663 1.81037271022797 -1.76186072826385 -0.425511479377747 2.68250322341919 2.20227003097534 -0.464306890964508 2.19864535331726 -1.94952082633972 0.957175374031067 8.13839817047119 7.41865634918213 7.03590106964111 4.9516282081604 3.72962021827698 4.90132856369019 5.4866304397583 6.45285129547119 5.81844234466553 4.84119844436646 6.48508787155151
7.17125701904297 6.47139644622803 5.45835781097412 6.9677472114563 5.61756944656372 5.78668069839478 6.4351601600647 4.30584001541138 3.52212691307068 4.82211542129517 0.382251352071762 3.21041941642761 3.31897068023682 3.54586124420166 1.76684927940369 4.42632675170898 4.54892826080322 0.735151588916779 0.557376086711884 14.6449499130249 28.9626884460449 8.34420871734619 7.47899007797241 3.86038184165955 -0.626161158084869 5.39643001556396 4.66457653045654 8.72038269042969 6.28719902038574 7.26630210876465 4.17176723480225 -0.469724118709564 1.29306995868683 -0.308428376913071 0.93366676568985 2.13994193077087 2.36237144470215 6.53264141082764 4.62999105453491 4.61850738525391 4.72403192520142 5.16179227828979 6.02433061599731 5.43604564666748 4.51844787597656 6.03015089035034
6.39779567718506 5.98222160339355 5.11487054824829 6.42909383773804 4.96084642410278 5.35499858856201 4.57150077819824 3.57155251502991 2.88963413238525 4.10959148406982 0.983877241611481 2.99749970436096 3.08243632316589 3.308109998703 1.50020682811737 4.07437419891357 4.15151453018188 0.79026859998703 3.46704339981079 11.4938745498657 13.1155662536621 8.66076469421387 3.555504322052 2.68712306022644 6.75424909591675 2.08404660224915 -1.71078848838806 -0.282540768384933 1.53474473953247 3.6438946723938 1.7232893705368 0.0349186547100544 0.455421954393387 -0.0152065278962255 0.779326021671295 2.03176307678223 9.72501850128174 6.11063861846924 4.34290647506714 4.36816072463989 4.46362400054932 5.65573167800903 5.11069536209106 4.24866247177124 4.19770050048828 5.63837814331055
