slauniainen/Data/DEM/Vihti_dsm1500b_cl_horizonAngle_228.asc
NCOLS 196 
NROWS 178 
XLLCORNER 353680 
YLLCORNER 6699024 
CELLSIZE 16 
NODATA_value -3.4e+38 
[rows 40 to 59 of 178, columns 0 to 44 of 196]
8.91502857208252 8.59026908874512 12.5777702331543 9.58344268798828 2.34672355651855 7.79235172271729 1.2753666639328 2.14951586723328 1.24315237998962 1.19543862342834 1.12931418418884 2.23493027687073 1.08645629882812 1.0160915851593 1.31573867797852 0.949132859706879 2.03363299369812 1.97620975971222 0.867532134056091 0.680034875869751 0.983790457248688 2.86037850379944 1.41242492198944 1.37168729305267 1.36373317241669 1.51523518562317 0.52713668346405 -0.839290380477905 -0.135066390037537 7.46721363067627 3.14327812194824 2.17554259300232 2.10924673080444 1.64436757564545 1.4347311258316 1.38816595077515 3.21583104133606 3.10538458824158 2.9127368927002 3.93163871765137 4.08991050720215 4.48396921157837 4.61205625534058 4.4152774810791 3.80390763282776
17.7422943115234 24.5464668273926 18.1405067443848 2.59654140472412 12.1265850067139 1.32012867927551 2.29191780090332 1.33209013938904 1.25956523418427 1.18824541568756 2.34861254692078 1.1342545747757 1.40198314189911 1.37511992454529 0.986975371837616 2.13428258895874 0.928205490112305 1.0636373758316 1.09396910667419 1.19279623031616 3.63179492950439 1.7116242647171 1.69284617900848 1.66836988925934 1.88142538070679 0.894455373287201 -0.33798885345459 0.126685366034508 10.8348817825317 0.227102920413017 2.63248157501221 2.95615744590759 2.0330376625061 1.4095104932785 3.42090702056885 3.48684000968933 3.64294934272766 3.16298484802246 4.22818899154663 4.41021728515625 4.87746667861938 5.04971933364868 4.85540294647217 4.13507175445557 2.4655590057373
0.739072680473328 1.21627628803253 2.77922654151917 25.0741291046143 1.42074573040009 2.46641254425049 1.44440841674805 1.33778893947601 1.25531077384949 2.47880959510803 1.19006264209747 1.47123217582703 1.07072103023529 1.02372479438782 2.23613238334656 1.05264246463776 1.21797370910645 1.17053937911987 1.27234327793121 4.24734163284302 1.94357204437256 1.96124219894409 1.97957444190979 2.20147943496704 1.15435314178467 0.460937887430191 0.837814271450043 -0.552576541900635 0.309477090835571 0.582737445831299 1.39727413654327 2.01143717765808 1.43008196353912 3.69573831558228 4.54554080963135 4.062087059021 3.994544506073 4.50275707244873 4.96482515335083 5.21117210388184 5.4208869934082 5.22869157791138 4.44127655029297 2.65400457382202 2.49207592010498
2.95307946205139 2.89117169380188 0.37300118803978 2.63626956939697 2.68698406219482 1.57908225059509 1.38107931613922 1.27062726020813 2.62747430801392 1.24919056892395 1.55355417728424 1.12082278728485 1.06824958324432 2.34838914871216 1.1817489862442 1.38094747066498 1.33683145046234 1.42649209499359 4.842453956604 2.10757637023926 2.14534616470337 2.19787573814392 2.47745728492737 1.37405550479889 0.922746002674103 1.05206489562988 0.514517247676849 0.636746644973755 0.8645179271698 1.53011989593506 1.37401330471039 1.43663859367371 3.76069235801697 5.6955189704895 5.59428310394287 4.9099555015564 4.79674768447876 5.74924278259277 5.98567628860474 6.02610158920288 5.61184549331665 4.74619436264038 2.83218836784363 2.65803527832031 2.87456130981445
1.6933308839798 1.57958292961121 1.53270995616913 2.81051278114319 2.03369355201721 1.57505214214325 1.38597416877747 2.83413863182068 1.3518283367157 1.6804301738739 1.33322429656982 1.18200826644897 2.4685971736908 1.33560907840729 1.55444252490997 1.52005851268768 1.62396144866943 5.53637361526489 2.27318120002747 2.31307363510132 2.36748456954956 2.67070865631104 1.50956809520721 1.29710304737091 1.24220144748688 0.957635998725891 0.84787529706955 1.12623846530914 1.94061696529388 1.62181198596954 1.51660752296448 3.96533536911011 3.40702867507935 4.9024829864502 7.09071636199951 5.42764377593994 6.15431118011475 7.0431661605835 7.53204107284546 5.71440267562866 5.08654499053955 3.01997208595276 2.82416939735413 3.06790137290955 2.77171683311462
1.6236172914505 2.95971965789795 2.89110922813416 1.69451212882996 1.49255621433258 1.39050877094269 2.94242477416992 1.43296945095062 1.71990323066711 1.51660931110382 1.68179047107697 2.64106225967407 1.64487075805664 1.83604216575623 1.92723667621613 1.84666526317596 6.38060426712036 2.41561675071716 2.48947072029114 2.5605685710907 2.85981893539429 1.60289347171783 1.5213223695755 1.44312405586243 1.30860579013824 1.21764898300171 1.36113500595093 2.27983021736145 1.95876741409302 1.79285895824432 4.55359506607056 4.65395879745483 4.17372894287109 4.93596410751343 6.57908296585083 6.5296893119812 10.1615238189697 9.95920848846436 5.6516637802124 3.35692811012268 3.24375772476196 3.00728583335876 3.27643895149231 2.96014642715454 -0.192344486713409
3.13571619987488 1.77795422077179 1.74098694324493 1.51315808296204 1.43368864059448 3.08297491073608 1.87887072563171 2.03386402130127 1.93724179267883 2.06621122360229 2.74925756454468 2.4093930721283 2.40473198890686 2.42058324813843 8.4744815826416 7.64614820480347 2.60009145736694 2.66354870796204 2.73580694198608 3.06217336654663 1.76349341869354 1.7175920009613 1.64738273620605 1.52757799625397 1.50986516475677 1.55271422863007 2.64646983146667 2.28487277030945 2.15269827842712 5.34138774871826 6.92457103729248 3.92284440994263 5.40455102920532 5.44320964813232 6.62029552459717 17.0973339080811 14.4766092300415 6.98708057403564 3.67992067337036 3.33403873443604 3.62087154388428 3.50918412208557 3.15458750724792 3.393550157547 5.46568059921265
1.87159311771393 1.62190175056458 1.52733588218689 1.46429884433746 3.17648315429688 2.56650900840759 2.65109419822693 2.63731074333191 2.61316156387329 2.89042115211487 2.95396327972412 2.92724847793579 2.83934688568115 10.4267091751099 2.87745189666748 2.9887752532959 3.08784031867981 2.96341013908386 3.29196953773499 2.03544306755066 1.97984004020691 1.89488708972931 1.75965690612793 1.71371042728424 1.6565135717392 2.92260098457336 2.63035035133362 2.53165316581726 6.38765621185303 10.0661754608154 4.68969392776489 14.5386562347412 6.00512838363647 7.0134220123291 6.2550368309021 17.13893699646 6.01010227203369 4.86331415176392 4.71485948562622 3.86219358444214 3.45620894432068 3.36408042907715 3.88038349151611 5.87436151504517 2.36272859573364
1.69093155860901 1.57514953613281 3.39162731170654 3.24088168144226 1.78536736965179 2.90382480621338 3.44477081298828 3.27316498756409 3.33465433120728 3.70545673370361 3.7080442905426 3.47341728210449 13.7902555465698 3.08354449272156 3.19002389907837 3.3062059879303 3.65570187568665 3.5038206577301 2.30452227592468 2.17161130905151 2.07639789581299 1.89480984210968 1.87547194957733 1.89862632751465 3.13697528839111 2.84779381752014 2.85901308059692 7.69672966003418 16.1487731933594 5.60637664794922 5.16049194335938 6.46002721786499 7.02174806594849 6.99236822128296 5.68899822235107 6.42518472671509 4.37051010131836 5.92251110076904 6.83955478668213 4.66258239746094 4.95136547088623 6.43810367584229 8.4416561126709 7.74519157409668 3.31486415863037
1.6536717414856 3.62721228599548 1.45641434192657 1.28570747375488 1.76556479930878 1.70193004608154 3.35567855834961 4.06988763809204 4.5601110458374 4.91857719421387 4.32203912734985 19.9062786102295 3.55620574951172 3.41767239570618 3.54510712623596 3.915363073349 2.92227673530579 2.70449471473694 2.51504158973694 2.41503858566284 2.20337629318237 2.12972044944763 3.22701454162598 3.32600450515747 3.01841497421265 3.07660293579102 9.09823894500732 33.0153198242188 6.78266143798828 5.27016687393188 8.39258766174316 9.13421726226807 9.17896842956543 8.60444450378418 6.82423257827759 3.57078504562378 3.34605646133423 4.21114921569824 5.77351379394531 5.99591779708862 6.9130711555481 10.4170169830322 8.02394199371338 10.5868520736694 2.49750876426697
3.90033030509949 1.54604852199554 2.0172483921051 1.86314189434052 1.10519683361053 3.05340766906738 2.31898522377014 5.1303391456604 6.28899335861206 5.39882040023804 34.6372451782227 4.67288303375244 4.23253726959229 4.10047721862793 4.18906354904175 3.53969240188599 3.33071112632751 3.1024112701416 2.99134230613708 2.87300109863281 2.77888774871826 3.71180653572083 3.56235766410828 3.44912719726562 12.3835830688477 10.7241516113281 2.866459608078 8.72187232971191 10.1377992630005 9.60471343994141 10.430591583252 10.524115562439 9.87545299530029 7.62034463882446 3.82326674461365 3.40094900131226 3.87971520423889 3.51248407363892 6.1058497428894 7.20447158813477 13.3341102600098 9.83984470367432 12.9737911224365 5.29424333572388 0.443849802017212
1.62614285945892 2.1786892414093 1.32521760463715 1.11636900901794 3.21394920349121 1.52538883686066 1.79154825210571 2.34728002548218 4.88840627670288 1.70316243171692 5.69053602218628 5.49525165557861 5.22407674789429 4.80496025085449 4.31505346298218 4.07477283477783 3.91200137138367 3.67974591255188 3.58355212211609 3.50292086601257 4.00026893615723 3.60203123092651 3.6716046333313 15.1078758239746 11.3265171051025 4.90205097198486 12.0827922821045 13.1318063735962 14.3464059829712 12.6112031936646 12.4598178863525 11.6604833602905 8.81547355651855 4.33628416061401 3.68109822273254 4.02568912506104 3.52700901031494 6.89200496673584 7.36953353881836 17.8224964141846 12.0709915161133 16.4156875610352 4.86090087890625 4.62643384933472 2.01110792160034
2.33138298988342 1.41826212406158 1.2801262140274 3.5200629234314 1.58423566818237 1.87348973751068 2.39478611946106 2.65908861160278 2.7567617893219 3.21796274185181 4.36816692352295 5.44158363342285 5.73185110092163 5.43151330947876 4.86512279510498 4.85475587844849 4.80054807662964 4.56958627700806 4.50645112991333 4.28184509277344 3.87087845802307 3.83346438407898 19.3674736022949 14.2042007446289 13.3702983856201 14.9121608734131 16.7344837188721 17.8248958587646 16.9146003723145 15.9764986038208 14.0860614776611 10.3940896987915 5.04878807067871 4.18032217025757 4.40856027603149 3.58890318870544 9.91215038299561 7.65748596191406 29.5086784362793 16.062084197998 22.3545665740967 5.53384494781494 5.23103618621826 4.52999782562256 4.18866205215454
1.49379134178162 1.35091400146484 4.02481412887573 1.69922351837158 1.9871209859848 2.53752851486206 2.80202651023865 2.76736950874329 3.2237229347229 3.50511407852173 3.69767022132874 4.35496664047241 4.57980155944824 4.97679710388184 5.36478328704834 5.79681444168091 6.1010160446167 5.98694276809692 5.36738300323486 4.15210819244385 3.89968299865723 27.6848239898682 16.0822277069092 17.4285182952881 20.1941604614258 23.8790855407715 22.9699153900146 20.733304977417 19.7833347320557 14.4838285446167 12.511209487915 6.1102147102356 5.05856132507324 5.06808376312256 3.96400856971741 2.78399586677551 8.00240993499756 3.94578814506531 26.0012950897217 37.1713066101074 6.28018951416016 5.63615417480469 5.12037372589111 5.35794687271118 5.05369901657104
1.43343222141266 4.4170880317688 1.90977263450623 2.12916088104248 2.66122841835022 2.95977711677551 2.92607021331787 3.63631582260132 3.62411713600159 3.75582218170166 4.38772106170654 3.36910176277161 3.44928479194641 3.18564009666443 3.9870924949646 5.04107904434204 6.6906270980835 5.48704957962036 3.81456708908081 4.90081930160522 40.1047782897949 21.2780990600586 23.9785652160645 25.9114303588867 40.434741973877 31.6161365509033 26.2245903015137 25.1214580535889 17.3049964904785 8.31385612487793 7.29198503494263 6.24211025238037 6.09047174453735 4.61130666732788 4.07310247421265 8.49436092376709 6.82050895690918 5.92941331863403 2.52985167503357 8.27752685546875 6.26573514938354 5.22656726837158 6.25536966323853 7.01796531677246 6.6610689163208
4.94785356521606 2.00129008293152 2.50613856315613 2.94669342041016 3.07961869239807 4.7882833480835 4.30486726760864 4.32904100418091 4.29846096038818 4.66196775436401 3.36977791786194 3.05330920219421 3.13714361190796 2.6038498878479 2.45074319839478 2.80590057373047 4.31035900115967 4.25196838378906 5.91171169281006 -0.402819871902466 34.6755905151367 29.5832195281982 17.6933116912842 14.8328161239624 49.0519256591797 42.7944259643555 33.8936614990234 21.717945098877 9.95835399627686 8.70979976654053 8.31229019165039 7.34331607818604 5.56595516204834 4.95992517471313 9.34209060668945 7.38690042495728 8.97492218017578 6.15943765640259 2.82829689979553 7.1449670791626 5.27086782455444 4.78381013870239 7.0028247833252 7.16326332092285 -1.32676708698273
2.35927867889404 2.99597358703613 3.33207368850708 3.22638463973999 6.27485609054565 5.93006324768066 6.09405422210693 5.30550098419189 5.5867166519165 3.47144889831543 3.07088446617126 3.05220127105713 2.6133987903595 2.454265832901 2.08231973648071 4.39314270019531 3.819176197052 4.01515007019043 3.47867870330811 -0.219815641641617 0.108020149171352 13.3426675796509 7.49508047103882 11.203311920166 25.8060340881348 51.1334686279297 29.075231552124 11.9130401611328 10.7669048309326 9.99147987365723 7.83701848983765 7.02014207839966 6.11021947860718 11.6372623443604 8.52309226989746 10.0921936035156 6.92273235321045 2.95096945762634 3.59787011146545 4.43613290786743 4.54123783111572 7.46852922439575 4.96669292449951 6.09493255615234 6.95217752456665
3.12074732780457 3.49137282371521 3.44370698928833 8.41702365875244 7.61509037017822 7.60630226135254 7.62901163101196 6.72373104095459 3.63977861404419 3.19566512107849 3.12665271759033 2.64741706848145 2.46532320976257 2.2665650844574 4.67292737960815 3.93331909179688 4.08556747436523 3.48179173469543 3.4654746055603 0.213623583316803 -0.844585299491882 14.5890607833862 -1.89336180686951 2.95035696029663 1.2274454832077 43.8609962463379 14.7493324279785 13.4906463623047 12.063494682312 9.55660820007324 8.3424654006958 15.4435529708862 13.8272943496704 10.0570411682129 11.7949752807617 8.07308197021484 3.73743987083435 4.1938328742981 0.234075933694839 4.91792345046997 9.2362003326416 1.10633087158203 2.70936679840088 5.26394319534302 -2.45813512802124
3.62742686271667 3.60190057754517 12.6500482559204 10.127477645874 10.3180770874023 9.57070636749268 4.17959833145142 3.76251816749573 3.35369682312012 3.24789595603943 2.69080853462219 2.5113320350647 5.52664661407471 5.17961740493774 4.35125350952148 4.58930969238281 3.75031685829163 3.72642779350281 26.3596038818359 -0.440690070390701 -1.43292462825775 -0.875008821487427 15.6035766601562 -1.95194351673126 -2.35154628753662 17.1620388031006 18.540075302124 15.5273599624634 12.8766975402832 10.5585775375366 18.7225379943848 13.3791437149048 15.6501054763794 14.0790357589722 9.43387031555176 4.54992771148682 5.51470136642456 2.16158986091614 7.87904834747314 16.6549854278564 -0.310402035713196 1.21574819087982 0.199122905731201 -1.8305242061615 -2.04581880569458
3.73972654342651 23.9582176208496 15.0755558013916 15.3349170684814 12.8202571868896 4.39322757720947 3.90733504295349 3.50204205513 3.37753129005432 2.82415652275085 2.57113885879517 6.67627859115601 5.93867492675781 5.90427350997925 5.13379621505737 4.11348962783813 4.12154579162598 0.298017740249634 0.906531274318695 0.523342370986938 -1.73830950260162 -2.09328436851501 -1.82821011543274 -1.1247022151947 -1.2819287776947 3.85164737701416 18.1851139068604 19.3423271179199 14.1486511230469 23.7987632751465 16.1912612915039 19.2790699005127 12.5054359436035 11.4289741516113 5.45267295837402 6.6539134979248 3.97854232788086 0.206584393978119 -0.55689811706543 -0.277857840061188 1.48694860935211 -0.330229341983795 -0.443206608295441 -1.41042006015778 -2.11524319648743
