slauniainen/Data/DEM/Vihti_dem1500b_cl_horizonAngle_96.asc
NCOLS 196 
NROWS 178 
XLLCORNER 353680 
YLLCORNER 6699024 
CELLSIZE 16 
NODATA_value -3.4e+38 
[rows 20 to 39 of 178, columns 0 to 44 of 196]
7.32451915740967 7.85268211364746 8.63433074951172 9.73693370819092 10.6223449707031 11.6804676055908 13.0334949493408 14.3938779830933 16.2024250030518 18.5989074707031 21.4300556182861 26.1060962677002 32.284351348877 40.9253921508789 26.8162860870361 15.0460720062256 8.37955856323242 5.82320261001587 5.53828954696655 6.78205251693726 5.58729314804077 0.922187149524689 0.320871353149414 1.15668511390686 2.55157566070557 4.70821475982666 6.47335720062256 8.58742141723633 8.77749919891357 6.602783203125 5.8940372467041 0.177727609872818 0.358616709709167 0.52784937620163 1.29199814796448 0.562577784061432 1.21195924282074 3.21359038352966 2.7071099281311 0.921961784362793 2.42819380760193 4.68147087097168 5.77387809753418 3.23189187049866 2.44187045097351
7.2300705909729 7.76824808120728 8.87220573425293 9.73736763000488 10.4155883789062 11.2724666595459 12.4513854980469 13.552318572998 15.2995748519897 17.5457229614258 20.11106300354 25.4140110015869 29.6239929199219 39.6266212463379 29.479434967041 10.7308473587036 11.4121541976929 7.71483469009399 7.74950742721558 7.9310941696167 4.17819976806641 3.47905969619751 -0.113131791353226 0.477048754692078 1.54791045188904 2.98630023002625 5.09828329086304 7.30233764648438 10.8287010192871 10.578106880188 5.03424167633057 3.32848143577576 0.112684316933155 0.742937207221985 1.36935603618622 0.763406038284302 0.457785964012146 0.920466363430023 1.77599048614502 0.657622694969177 1.94526195526123 3.96889185905457 5.80351734161377 2.31199288368225 -1.84190440177917
6.82794904708862 7.46625137329102 8.65364933013916 9.46354866027832 10.6183929443359 11.441780090332 12.3833951950073 13.3176155090332 14.6473026275635 16.6097602844238 18.9222545623779 23.6202411651611 27.0649127960205 32.0151481628418 33.4148712158203 13.6033430099487 10.8253889083862 11.3811750411987 10.9656658172607 6.08908987045288 4.93055486679077 2.90389323234558 -0.504245519638062 -0.0098416218534112 0.768300652503967 1.94980263710022 3.2678599357605 5.62325620651245 8.16254615783691 10.8857259750366 7.76399183273315 8.41664409637451 1.43278419971466 0.52534294128418 1.68689703941345 2.97351408004761 0.920138597488403 -1.31397998332977 -0.919148504734039 0.198545977473259 1.28336000442505 2.44312477111816 2.98506689071655 -1.90271008014679 -2.98614764213562
6.56314182281494 7.36121320724487 8.31290340423584 9.29207897186279 10.2023000717163 11.0508079528809 11.8279647827148 12.7835330963135 14.0824022293091 15.6594276428223 17.402099609375 22.0770359039307 25.1634140014648 29.9127464294434 36.3977546691895 15.6873683929443 14.0716199874878 16.3048038482666 5.86065006256104 5.68744516372681 5.93069124221802 4.52122068405151 -0.667122721672058 -0.394108057022095 0.284427553415298 1.17557990550995 2.43930006027222 5.63516187667847 7.42053270339966 10.0502443313599 7.71201753616333 7.46711874008179 3.56163835525513 0.926247775554657 1.96319758892059 3.49479269981384 0.266730606555939 -0.505830645561218 -0.380463272333145 -0.524662256240845 -0.150741919875145 0.0232772827148438 -1.47794365882874 -1.72400665283203 -1.02720499038696
6.25427389144897 7.15223121643066 7.82623147964478 8.64478778839111 9.66629600524902 10.4653434753418 11.166314125061 12.0850286483765 13.1970930099487 14.6116142272949 16.0348415374756 19.9004364013672 22.49560546875 26.6613693237305 33.4781074523926 19.0108852386475 15.7500247955322 12.7830018997192 6.96678781509399 6.16828107833862 5.85597276687622 3.98319339752197 -0.670717179775238 -0.559054911136627 0.105613529682159 1.09941327571869 2.38528037071228 4.98802852630615 8.80092620849609 5.03048229217529 5.07590770721436 5.05069732666016 3.95866823196411 1.86430442333221 3.08715057373047 5.55728054046631 4.74237823486328 1.30447733402252 1.99674832820892 0.197241425514221 0.350247740745544 -0.14135730266571 -2.08160829544067 -2.78460454940796 -3.18663024902344
6.03183269500732 6.97204875946045 7.54124021530151 8.17793369293213 9.12777328491211 9.83489513397217 10.4864501953125 11.3533735275269 12.4111518859863 13.8553457260132 15.3402862548828 17.2397384643555 19.6526069641113 21.8400707244873 26.2680187225342 20.9084053039551 17.5798225402832 13.7067937850952 9.72129440307617 7.1792950630188 5.93915128707886 3.04830265045166 -0.639825284481049 -0.50680935382843 0.100821174681187 1.23822820186615 3.31004047393799 6.18703556060791 9.15312480926514 4.55051565170288 1.94824469089508 2.25920152664185 2.45873665809631 4.14942646026611 6.03621053695679 7.80352401733398 9.85477256774902 3.94980406761169 3.7829806804657 1.45356214046478 1.79796230792999 -0.297561347484589 0.234246864914894 -3.18832421302795 -3.0994508266449
5.82516765594482 6.80506134033203 7.33658981323242 7.87582492828369 8.70253849029541 9.40441513061523 10.0307540893555 10.8791160583496 11.9192905426025 13.1833734512329 14.6970338821411 16.3353271484375 19.2614612579346 21.0137557983398 22.5888767242432 22.0634937286377 16.3317279815674 12.3419027328491 9.35241317749023 7.48125982284546 7.97054052352905 3.44761943817139 -0.495135426521301 -0.23993131518364 0.493155062198639 1.67038476467133 4.87256956100464 8.14256191253662 9.67653846740723 2.08268475532532 2.11291003227234 2.64639616012573 3.59943389892578 5.02182197570801 6.68384408950806 7.63947820663452 8.94180202484131 10.2648448944092 5.28445386886597 1.42328250408173 1.47772514820099 -0.640016734600067 -2.69020867347717 -3.03133916854858 -2.84000086784363
5.78081178665161 6.5718297958374 7.03733253479004 7.54585647583008 8.29591464996338 9.25219440460205 9.799880027771 10.5442743301392 11.4958257675171 12.6451969146729 14.1701030731201 16.0051078796387 19.1040287017822 21.3529052734375 24.2119216918945 21.3015556335449 14.6052656173706 13.1997528076172 8.81760120391846 7.7353572845459 8.48168087005615 3.09739327430725 -0.488855183124542 -0.140851765871048 0.598444640636444 1.69615066051483 5.54372072219849 11.891282081604 4.83790397644043 1.72091567516327 2.06387948989868 2.55062985420227 4.04769372940063 5.74756717681885 8.5603141784668 9.87752532958984 11.494086265564 12.7213802337646 1.48961544036865 1.58706653118134 -0.234738633036613 -0.0296156983822584 -1.47150015830994 -2.94593834877014 -2.76025295257568
5.59023523330688 6.17821550369263 6.6584153175354 7.17760324478149 7.8481183052063 8.92970752716064 9.49570369720459 10.1765184402466 11.1019382476807 12.205132484436 13.4389657974243 15.7553195953369 19.11208152771 22.444953918457 26.3119964599609 20.0376396179199 13.3882083892822 15.2625303268433 12.3452405929565 6.57842397689819 8.00641632080078 2.63186836242676 -0.73788845539093 -0.333637684583664 0.595706164836884 2.88305950164795 6.15874814987183 12.971887588501 7.07072496414185 1.41069042682648 1.98169779777527 3.57567191123962 6.04874897003174 8.94062232971191 11.3209810256958 11.5148372650146 11.7120943069458 4.84267807006836 1.83738744258881 2.58437418937683 1.25068211555481 -1.99284625053406 -2.74692034721375 -2.55960369110107 -1.30739986896515
5.05803394317627 5.4915509223938 5.91257190704346 6.38216018676758 7.15833282470703 8.56599712371826 9.18539333343506 9.8347225189209 10.698299407959 11.7558794021606 12.9879341125488 14.297308921814 18.4430618286133 20.9825305938721 22.745002746582 23.2605247497559 14.4139518737793 14.8109693527222 12.9264516830444 7.08622264862061 7.53439092636108 4.2998194694519 -0.819389879703522 -0.672360777854919 0.1529321372509 1.80998516082764 4.5616283416748 8.14549350738525 7.86081075668335 1.23848652839661 1.70583820343018 4.09637641906738 7.1559362411499 9.43591499328613 13.4368591308594 13.1552801132202 8.14214706420898 4.93182945251465 5.9802041053772 0.546139061450958 2.18310070037842 -2.00903701782227 -1.79683518409729 -1.2202033996582 0.39273327589035
4.49999713897705 4.8796272277832 5.27756309509277 5.7191801071167 6.32681751251221 7.55620861053467 8.17706489562988 8.7498607635498 9.53021335601807 10.4675054550171 11.5309982299805 12.839282989502 16.286060333252 18.7826232910156 19.9438743591309 20.3996925354004 18.9826717376709 15.1283779144287 16.465389251709 5.38642692565918 3.57842993736267 2.81823801994324 -0.612159550189972 -0.52908056974411 -0.0548282451927662 0.597658336162567 2.15264534950256 4.48873329162598 7.19268798828125 0.857641160488129 1.27919220924377 2.92451596260071 4.95023584365845 7.8285493850708 10.0539264678955 11.6178398132324 10.8361597061157 4.84164714813232 6.63831329345703 1.94353592395782 -1.0993185043335 -0.865980386734009 -0.414022922515869 0.448703795671463 1.95862674713135
3.91947507858276 4.26474761962891 4.64825296401978 5.0592474937439 5.58180284500122 6.76155185699463 7.40564870834351 7.97791528701782 8.61516380310059 9.36574363708496 10.3404960632324 11.5141077041626 13.8425979614258 17.22678565979 19.0786914825439 19.8420066833496 19.6219463348389 13.8951177597046 13.7619390487671 8.88071250915527 4.54413557052612 1.81510269641876 -1.24799966812134 -1.13394963741302 2.02726435661316 7.02304124832153 2.394362449646 -0.285781651735306 0.855922937393188 0.563269972801208 0.711808443069458 0.80608332157135 2.83697533607483 5.39081382751465 6.73291826248169 7.31961154937744 7.29509782791138 5.00764513015747 4.32956600189209 3.07737064361572 -0.161362633109093 0.528049826622009 1.22598361968994 2.31005167961121 3.53580498695374
3.43594837188721 3.7917275428772 4.15734434127808 4.53597354888916 4.93836641311646 5.84593200683594 6.60483026504517 7.10407209396362 7.69747447967529 8.39950466156006 9.19510746002197 10.1299533843994 11.3162899017334 15.0391607284546 17.5335712432861 19.2780170440674 19.7448692321777 16.431978225708 13.1012554168701 9.41110801696777 1.90784072875977 1.38491988182068 -1.03529751300812 0.674982726573944 4.11534643173218 8.26435375213623 9.61435031890869 -0.668362438678741 -0.30051526427269 0.618480861186981 2.1005437374115 0.759886682033539 2.74273753166199 5.1372537612915 6.16468954086304 5.59146070480347 2.45164704322815 2.7179319858551 2.22786784172058 0.717377245426178 0.853919565677643 1.31625187397003 2.19459056854248 3.20487880706787 4.32099103927612
2.68631291389465 3.01014065742493 3.39018821716309 3.77584004402161 4.13524055480957 4.96780347824097 5.73151540756226 6.27444934844971 6.78346920013428 7.34902715682983 8.06146430969238 8.90016937255859 9.87064361572266 12.2775859832764 15.2646884918213 16.7126712799072 17.659236907959 17.1391086578369 13.7517442703247 11.0284805297852 4.04664754867554 1.19581973552704 -0.79563307762146 -0.602696299552917 1.47002589702606 4.76034069061279 6.28229999542236 2.43058013916016 -0.489032983779907 0.265463978052139 1.9512791633606 3.89762091636658 5.81855201721191 11.9178457260132 6.22061204910278 3.29006028175354 1.30844354629517 1.6941579580307 1.46229910850525 2.0314028263092 -1.11713850498199 -0.659085810184479 0.268016695976257 1.2653501033783 3.54823112487793
1.88353955745697 2.19396018981934 2.59487748146057 2.96901917457581 3.25293207168579 4.03414106369019 4.56139087677002 5.24658489227295 5.67734861373901 6.18292808532715 6.76700496673584 7.39046049118042 8.09634304046631 10.1316633224487 13.1774053573608 15.2068119049072 17.9450359344482 15.370325088501 12.5846338272095 12.0474901199341 7.4178261756897 1.67234754562378 -0.708753347396851 -0.192146435379982 0.466829121112823 1.00302624702454 2.06923460960388 3.77864193916321 1.1928004026413 1.32177448272705 2.71283459663391 6.35124588012695 9.01859569549561 14.2192163467407 10.7502965927124 2.72526478767395 -0.413150995969772 -0.160727590322495 0.546562492847443 0.327599614858627 -1.33342969417572 -1.18243813514709 -0.620752513408661 -0.1086780205369 1.46656858921051
1.35898005962372 1.60789179801941 1.94208550453186 2.24289965629578 2.46135282516479 3.23941278457642 3.58412647247314 4.1265435218811 4.47113561630249 4.87810039520264 5.34895372390747 5.84633684158325 6.42814636230469 7.20126485824585 10.9640817642212 13.1932783126831 15.6029367446899 15.8706455230713 11.9597930908203 9.10076999664307 9.4088077545166 0.501568973064423 -0.966251134872437 -0.536060750484467 -0.0984316170215607 0.326935410499573 0.691140472888947 0.897946119308472 1.20095384120941 1.01033043861389 1.63219213485718 5.90668153762817 8.42169094085693 11.5415391921997 14.1786470413208 9.2871265411377 0.384861707687378 -1.33270287513733 -1.18543171882629 -0.96989917755127 -0.853546440601349 -0.720628499984741 -0.572437703609467 -0.404681175947189 1.14640688896179
1.05358123779297 1.23988378047943 1.44239330291748 1.65939581394196 1.87426316738129 2.21438670158386 2.6730899810791 3.11604285240173 3.36947679519653 3.68145155906677 4.03414583206177 4.42741537094116 4.9110164642334 5.51329231262207 7.82970952987671 10.8727464675903 12.7133045196533 15.1718034744263 14.1955442428589 7.08602094650269 7.20187139511108 -0.594929099082947 -0.936922788619995 -0.753919899463654 -0.409370243549347 -0.182405561208725 -0.0734397247433662 0.0529453605413437 0.375656962394714 0.487713128328323 0.646291017532349 2.70538592338562 6.03937387466431 8.3022632598877 10.2118835449219 11.6520166397095 0.853000283241272 -0.915784418582916 -0.879233479499817 -0.752661466598511 -0.584135293960571 -0.422493129968643 -0.282271921634674 0.513862311840057 0.241124749183655
1.1889271736145 1.30617487430573 1.42401707172394 1.54563426971436 1.99627089500427 1.49694430828094 2.01382088661194 2.27425742149353 2.47913217544556 2.7003071308136 2.96382451057434 3.28814315795898 3.68683338165283 4.21045732498169 4.91079044342041 7.90379238128662 9.57996654510498 11.6312398910522 13.5816745758057 7.72958993911743 5.82455444335938 -0.0634797513484955 0.379076808691025 1.35357356071472 -0.68031370639801 -0.10302646458149 -0.0428662598133087 -0.607004046440125 -0.572530746459961 -0.520197987556458 -0.498595535755157 0.00873922742903233 2.83924078941345 4.40183210372925 5.54426193237305 8.78743839263916 5.16308498382568 0.53164666891098 -0.549630224704742 -0.440087407827377 -0.282623380422592 -0.0826505720615387 -0.00434448104351759 0.8614541888237 0.443461656570435
1.22202372550964 1.30997586250305 1.40669977664948 1.50794410705566 2.22983193397522 1.75137305259705 1.8170393705368 1.92426002025604 2.03927111625671 2.16247487068176 2.30369877815247 2.45288801193237 2.61136984825134 2.5076687335968 2.89606523513794 5.3141827583313 7.47797298431396 8.9562873840332 10.2649374008179 9.3741569519043 3.22788858413696 0.547078132629395 2.31830048561096 2.9075174331665 1.56143176555634 1.19457721710205 0.952996730804443 -0.278136789798737 -0.465875804424286 -0.433110684156418 -0.401535421609879 -0.34410235285759 -0.287991583347321 0.726399481296539 1.49830210208893 2.33669781684875 2.39511227607727 0.625251650810242 -0.160993635654449 -0.0755364671349525 0.00341096101328731 0.984679698944092 0.198049977421761 0.600652158260345 0.52649712562561
1.07340908050537 1.13770496845245 1.21707355976105 1.32207894325256 2.45291519165039 1.68243825435638 1.75564074516296 1.85210335254669 1.95243787765503 2.05352258682251 2.16769886016846 2.30448579788208 2.46758270263672 2.87121438980103 3.10357999801636 3.35533118247986 4.54375553131104 5.72722291946411 6.99002408981323 7.5422043800354 3.1391544342041 3.40427017211914 4.02492761611938 3.49481987953186 3.70813512802124 4.26952648162842 2.35507440567017 -0.409408241510391 -0.383211493492126 -0.363943964242935 -0.338392794132233 -0.274493545293808 -0.21451424062252 -0.155780136585236 -0.0692671909928322 0.325905799865723 0.180302739143372 -0.0338572971522808 0.0118143754079938 0.0882328972220421 0.160795092582703 0.233439415693283 0.463117718696594 0.378820389509201 0.541024386882782
