slauniainen/Data/DEM/Vihti_flowaccum_16m.asc
ncols         196
nrows         178
xllcorner     353680
yllcorner     6699024
cellsize      16
NODATA_value  -9999
[rows 124 to 154 of 178, columns 70 to 139 of 196]
25.6 16 97.77578 216.2678 112.5678 34.48889 16 16 2120.478 119.2908 48.66333 41.82357 34.86639 16 16 16 16 16 32.35556 32 28.8 40.32 53.632 61.28925 77.28925 163.5827 201.2289 425.2475 20950.11 16 18.84444 40.46222 1597.273 102.7556 80 16 39.82222 24.17778 16 54.82667 146.8445 29.15556 16 16 7715.305 68.34142 40.22519 36.33778 41.6 25.6 16 16 74.7935 193.4922 232.3371 30.90067 20.95407 20.26667 16 16 16 16 16 20.97778 145.0925 27.73333 65.28592 240.4099 325.8171 2432.234
37.04889 16 46.73523 277.7675 161.0282 50.94716 16 16 2075.854 70.6778 31.40612 19.25765 24.43237 22.32099 17.77778 16 16 16 16 16 20.62222 34.78913 46.51931 58.45692 74.45692 73.91093 243.6388 546.1909 16 20003.85 16 16 1391.951 72.90469 16 238.9333 213.5593 96.40612 16 38.04445 57.95555 16 16 7045.443 558.3192 453.5686 104.2801 59.84851 48.12642 38.04445 16 16 37.33333 40.95123 142.0011 191.6166 78.76741 50.84444 26.66667 16 16 16 16 129.0925 16 25.5523 156.8654 189.5569 208.7201 2301.106
24.23309 787.819 878.9708 1169.418 1564.515 1712.573 1769.045 1825.251 185.7955 56.15478 31.22568 16.71111 16 27.45679 30.22222 32 16 16 16 16 16.71111 31.57333 51.72464 78.98035 84.44964 100.1057 411.0786 16 19875.85 104.8889 16 16 487.0227 844.2422 268.0889 16 45.72445 49.20889 16 33.06667 30.93333 16 27.02222 6937.77 547.3331 594.9426 822.2981 639.7109 376.4488 196.2618 141.5212 16 16 16 23.8076 116.4781 123.8124 64.05991 33.42222 16 20.62222 202.7221 218.7221 196.1337 237.8533 253.3869 175.3347 108.0007 125.9047 1642.114
615.7704 109.6386 35.13834 95.63002 89.75784 81.11047 36.94997 43.02739 93.54273 74.13342 48.77432 31.28889 33.69437 33.82167 58.07407 48.35556 16 16 32 42.66667 43.61481 51.92428 66.1153 86.58041 120.87 285.1181 16 56.17778 19761.36 26.31111 80 16 890.2618 75.50778 97.06667 59.37778 17.06667 40.53333 22.4 16 16 16 6320.807 90.32216 76.87829 89.00206 155.7555 325.0313 497.0131 547.8542 431.8314 492.8455 431.3324 311.1758 252.4371 175.6711 151.7881 151.3608 83.11604 16 82.31282 56.40929 63.4819 25.71957 27.10808 55.01894 66.05568 54.24856 137.3461 1190.807
56.52796 95.20071 23.92293 75.0771 68.29376 75.12746 34.91661 20.26667 49.69086 16 16 33.97033 53.52023 69.3226 81.13251 27.73333 16 19.2 28.8 44.37333 62.11793 63.93216 74.60265 87.28697 95.52813 116.4983 16 16 19731.85 16 16 48 914.9252 16 16 16 16 16 16 16 16 16 6279.759 39.14514 32.54786 43.80315 41.25046 19.92874 58.93113 117.5502 230.6798 243.803 227.5656 223.1927 147.9418 146.9434 135.6198 69.72256 89.05344 70.80738 66.31282 33.10438 54.78681 20.82765 27.88346 47.31733 60.70677 75.29574 128.8812 1125.35
43.9839 49.35074 50.9331 55.66271 38.41188 59.87169 35.46864 16 21.95753 16 16 78.51446 99.5152 89.88658 46.35537 42.07407 21.33333 27.52 23.68 37.76 58.02193 67.92407 65.19002 68.15202 81.12304 77.29296 89.85772 19565.36 16 134.491 54.92841 16 16 898.9252 52.29037 27.73333 16 16 16 21.68889 34.48889 5625.866 582.8145 90.0928 79.38515 77.09004 68.7263 67.79095 83.23547 84.04433 69.58701 38.06806 85.78232 94.49585 77.13189 74.51918 69.8151 45.55062 19.89812 63.57983 79.58843 28.5073 38.78681 16.71111 31.28889 43.26646 69.67329 88.5603 141.0106 1131.685
58.29176 23.32181 44.14069 60.35788 25.85986 35.96256 27.37778 20.62222 34.42568 50.42568 47.72012 136.9306 144.2653 55.29603 56.63393 57.20494 32.59259 34.34667 35.17155 29.68178 40.33422 54.11555 61.515 86.452 90.11174 18843.93 19195.56 237.0817 92.95078 52.44018 50.05081 51.35018 134.483 672.076 541.7028 20.26667 17.42222 36.26667 26.31111 37.68889 5557.243 16 448.8709 392.4899 307.1862 277.4813 241.1355 199.4504 129.8645 96.53331 58.01694 44.76974 70.93304 44.82285 84.70914 63.43585 48.93077 30.98074 30.22222 36.29827 50.22025 33.01136 30.15901 16 31.58123 59.415 60.93525 76.55256 104.8395 1362.563
55.05165 49.89665 27.45679 40.84938 39.56148 21.91012 16 24.17778 40.65185 51.23161 87.0616 158.5949 213.2235 76.35989 71.42616 68.12006 41.34979 46.90384 49.35174 38.39937 35.78785 61.88826 90.41256 17946.53 18737.82 152.0864 271.2193 158.5058 76.12259 37.26837 35.63457 34.53384 66.36546 95.63666 91.74059 465.0648 370.6745 208.9664 50.798 624.7589 4027.453 1059.595 310.5666 299.4615 288.0511 248.5274 228.8909 192.638 142.3375 97.48787 56.72242 33.03405 58.84721 37.28337 29.51111 55.59309 47.43585 37.99704 28.08889 26.66667 25.24444 25.24444 22.75556 24.17778 48.41877 51.02126 60.2464 70.11445 84.25863 1279.298
60.29012 64.36469 47.63654 17.77778 23.82222 24.17778 16 23.82222 35.58716 56.21658 75.10884 141.9777 316.3404 185.0766 94.21371 65.9547 62.65076 62.21822 58.06434 48.78387 42.4529 54.15765 18241.38 659.7975 104.7792 159.8467 120.04 109.1746 85.24057 41.61202 25.24444 22.36839 43.84395 80.28181 72.17251 78.00317 108.0709 56.69529 78.29549 622.5943 3875.487 596.0702 190.6377 115.5977 127.3324 96.23316 83.01598 86.13359 94.06979 69.27125 70.73666 27.50579 23.22825 42.29193 16 16 36.74864 32.07111 16 16 16 16 16 23.82222 16 17.42222 27.33827 36.89719 46.88572 1224.153
66.85343 18.2292 16.71901 32.35556 16 16 16 26.31111 33.54074 47.35017 74.72345 104.1618 198.183 424.8258 350.983 115.4518 68.24706 70.09547 62.08624 61.16115 64.78387 18146.47 123.1333 136.5396 60.86577 100.1093 126.0286 71.05722 73.36497 65.27238 16 22.04445 27.37778 64.94815 53.33333 53.74332 87.29372 46.95611 56.03468 699.9164 3728.637 281.4585 220.8808 144.2248 118.8265 91.47527 73.38316 48.27654 43.02222 48.80066 33.21416 51.06923 30.4565 21.68474 31.97668 34.23573 30.39289 29.44 22.4 16 16 18.13333 19.2237 16 16 27.37778 32.42667 27.52948 30.68239 1185.81
59.62061 48.52148 41.81333 43.02222 16 16 16 29.86667 42.02667 39.52777 52.35261 74.4873 76.54553 121.6976 336.9795 615.7681 130.5415 50.06352 83.06976 17709.35 17899.63 152.232 85.10523 95.5834 68.42561 55.64634 82.19057 80.50574 55.56148 70.91428 22.4 16 16 53.33333 26.66667 42.74568 57.99506 60.5663 42.64563 89.50029 4216.463 218.8834 152.338 149.198 123.256 97.77541 45.57069 35.92691 33.77778 32 32.80066 18.01481 18.13333 16 34.25906 35.58607 19.66477 20.61432 25.95555 16 16 29.86667 32.19121 33.94212 32 32.71111 37.08049 44.01637 50.23496 1138.751
91.96037 84.69334 55.60889 18.84444 16 16 34.48889 29.95358 28.61037 47.01709 63.10958 64.33627 62.34765 162.4734 209.0439 2791.261 5463.451 5608.754 17428.68 128.6184 95.47533 102.8389 105.0869 73.51431 72.56213 38.34575 35.65476 73.20213 45.56642 47.13877 38.75555 16 16 32 16 30.22222 33.77778 59.95267 89.39224 170.859 3555.77 752.7648 44.70222 88.40486 78.97825 102.9024 116.406 70.03584 37.68889 32 16 16 29.86667 50.25906 51.58607 37.36055 45.62349 51.8479 38.4 16 18.13333 36.5037 40.66035 59.58307 37.11954 82.63065 75.37277 80.33749 88.26613 1082.563
-9999 41.26815 28.44444 16 16 16 29.51111 48.94815 61.18189 78.5807 57.88052 41.24383 4128.973 4221.778 4349.608 1996.907 25.08307 11756.06 33.63101 36.256 124.2119 100.7771 77.57074 61.70074 48.82173 45.23457 25.31556 43.58321 34.13334 20.62222 30.22222 16 16 16 16 17.77778 34.54578 60.47289 125.5851 178.5409 64.47435 3937.55 87.05345 58.70909 52.38193 51.69857 49.98798 79.33349 53.95753 16 16 16 252.1589 160.1368 75.81674 72.1806 68.12937 48.58276 35.54765 30.90963 19.2237 16 58.38504 156.8581 16 255.1471 308.8801 317.5235 353.3849 956.9636
-9999 43.56741 27.73333 16 16 34.13334 41.10222 65.58183 78.86732 33.67477 64.64508 3991.31 51.6962 29.52059 51.37067 45.41537 153.5517 10317.96 1243.46 36.06343 113.94 81.71964 65.94528 31.28889 32.71111 32 28.08889 19.91111 16 16 16 16 16 16 35.2 34.77333 44.47289 96.98133 141.7927 68.21984 17.49398 55.42716 3811.938 73.88384 59.19282 47.40675 47.11013 38.63475 56.76247 32.35556 16 16 409.6372 125.4783 106.1087 67.30705 64.33878 57.20137 46.10295 30.52458 20.69913 16 27.02222 216.7471 232.7471 16 43.37778 90.38934 112.4041 562.3342
-9999 -9999 20.26667 16 16 29.86667 54.96889 59.31457 52.43435 139.1452 3814.25 37.47556 23.82222 26.45333 58.95111 87.52389 67.94111 9534.281 1889.011 77.33913 103.1894 58.9292 40.67556 29.15556 16 16 16 16 16 16 16 32 27.73333 20.26667 28.8 61.22667 80.98133 95.64375 50.24834 33.61449 39.42716 31.49169 3656.821 116.7418 88.82536 76.21258 71.30437 53.03045 37.57827 44.8 16 16 452.3039 16 42.92282 77.47927 60.48995 51.87404 37.02804 28.41948 40.27965 16 16 16 16 16 17.77778 45.13185 64.8881 395.1746
-9999 -9999 16 24.17778 23.82222 42.05827 52.49071 86.08778 1938.869 3572.617 49.47349 18.13333 16 17.42222 49.06667 67.43013 42.95043 9235.02 2124.457 62.24747 99.34405 38.35712 29.15556 18.84444 16 16 16 25.95555 22.04445 24.53333 33.77778 44.44444 52.97778 34.46519 17.80148 16 57.00319 24.84938 32.03951 36.02963 20.5037 30.57778 80.58575 3506.05 83.1228 58.48027 48.70625 42.0509 35.52395 18.84444 16 16 21.33333 532.5704 34.12297 184.6834 85.97938 48.91381 29.89397 63.64433 39.16083 26.31111 21.68889 17.42222 30.57778 32 39.46667 48.18963 61.18347 264.7505
-9999 -9999 16 45.36889 85.20386 552.8338 978.7958 1768.578 16 1570.35 46.64099 35.55556 16 16 32 41.61843 52.31478 845.5067 10430.56 35.91111 66.8476 52.69017 18.84444 16 22.4 36.97778 33.88839 39.46667 27.26716 37.26222 44.7921 63.76296 80.80909 75.99074 31.88938 16 28.544 18.08593 24.88889 23.11111 16 16.35556 39.80642 3339.824 106.3348 59.12216 31.3837 25.63951 21.68889 16 16 16 16 29.86667 582.8841 306.8888 84.83741 29.95052 58.8155 84.10094 48.97389 25.84494 29.01333 27.22765 42.57975 26.19259 24.53333 32.90074 56.16927 96.39425
-9999 16 32 67.39122 437.866 760.0413 648.6159 114.6683 17.79517 118.0394 1418.515 45.15556 32 16 16 39.34815 37.04099 56.2963 11141.32 16 19.91111 50.84761 43.44889 27.44889 36.81185 52.90702 59.39323 48.89653 34.68273 57.08501 112.7606 902.1189 743.5422 606.5578 434.1087 192.7197 66.25452 44.46815 23.46667 16 16 32.35556 51.06937 3153.193 130.4755 71.35033 48.22738 34.09383 16 16 48 16 16 16 708.2549 282.9704 17.33113 16 108.4559 94.75659 51.6105 47.54401 29.2221 38.38718 45.33272 35.06761 36.37202 51.56375 85.07204 48.13833
-9999 -9999 536.6049 807.6769 744.0413 235.2977 27.58119 96.82951 80.78249 45.10184 1323.713 52.4563 16 16 16 22.04445 25.95555 27.37778 11102.98 16 16 16 16 16 18.45412 1793.219 308.4304 357.7496 1089.341 1195.076 1018.711 115.9326 61.76072 63.27239 135.8914 242.6368 171.4114 51.96942 24.53333 16 16 41.25235 58.02175 3025.413 92.14792 115.5384 69.46326 54.71605 46.22222 16 71.82222 40.17778 16 16 739.8994 16 312.065 108.5404 113.2173 82.95133 54.42454 53.85995 64.68872 32.58963 53.27357 16 51.06761 83.87588 75.92553 97.04552
-9999 -9999 367.1495 202.579 232.9625 128.9789 39.21748 51.47083 63.63869 654.7915 519.473 135.7394 23.30074 29.86667 16 16 16 31.28889 24.53333 11030.8 16 16 16 16 1868.918 16 1322.131 1172.419 343.8733 95.73622 65.13695 61.88505 53.10802 43.25831 69.97334 106.4446 173.1788 37.85235 16 16 34.48889 60.0615 71.15773 2781.279 140.8347 113.0699 118.5705 74.88 33.42222 16 16 174.8543 19.55556 16 17.06667 755.8994 346.4771 207.6704 97.13287 70.89192 55.79841 63.40054 85.0667 68.31164 57.57211 16 16 16 38.4 60.65778
-9999 -9999 367.4821 215.2834 185.6904 115.5466 27.49438 35.09316 72.89909 243.9471 457.106 412.0518 449.0228 34.13334 16 16 16 21.33333 28.8 23.11111 10930.89 23.46667 25.95555 16 2288.849 219.7555 172.1877 151.8095 100.3327 63.04952 69.25427 62.73234 44.42739 32.51239 28.08889 71.82222 108.3675 94.56644 21.85235 16 39.96015 61.84115 64.93478 2565.449 117.8582 123.0808 91.06384 71.57729 32.71111 16 16 208 16 16 32 167.4488 1025.528 302.8714 75.86429 27.02763 85.88742 69.09228 129.1647 111.3569 66.26331 31.64444 16 16 32 43.02222
-9999 -9999 371.7782 189.1125 155.9173 144.5031 17.83611 30.20076 52.21292 80.58578 134.5981 441.106 429.2253 16 16 26.66667 21.33333 16 16 24.88889 16 10835.96 16 2659.837 111.3059 177.4197 88.78447 55.83229 60.33238 68.62523 65.59527 63.89623 31.47975 21.85464 16 51.91111 64.49778 46.44957 65.83897 20.44377 25.99473 16.57766 32.41854 2369.798 123.4133 92.23467 73.50519 23.56148 33.06667 16 16 16 224 32 49.06667 221.1716 1139.887 249.9849 43.02763 101.8874 16 85.09228 394.5051 172.601 52.20346 30.57778 16 -9999 -9999 -9999
-9999 -9999 463.7798 176.3215 112.1756 129.2324 41.3124 31.95172 51.92428 48.29504 64.69214 137.754 324.0864 411.0919 27.02222 20.74074 69.21481 89.29185 17.77778 16 31.28889 10715.39 2817.365 41.05719 227.6826 214.4383 142.095 43.61558 58.32971 38.50166 54.0613 43.02222 36.5116 16.46617 16 32 40.96 40.18726 39.99394 20.6248 30.2082 30.76845 419.3172 1850.464 112.5481 44.62577 44.78999 56.79408 40.17778 16 18.84444 39.11111 46.93333 218.6667 86.96889 1028.97 481.7361 178.7847 112.2799 86.21791 36.80033 474.797 42.077 33.52757 -9999 -9999 -9999 -9999 -9999 -9999
-9999 -9999 429.0344 170.1614 104.9018 108.2682 49.52427 31.20988 42.27161 43.72998 44.02042 102.4961 174.0701 208.1759 279.8216 16 511.1375 596.0996 108.8205 24.2963 16.71111 7908.833 34.28574 68.47122 53.69398 70.14883 192.2029 166.8905 54.03048 44.29853 38.94519 25.6 27.02222 20.97778 16 24.96 36.28089 43.18909 52.02904 70.57682 85.15156 109.0223 1215.299 889.6946 74.65426 41.40089 38.10133 44.51556 22.4 16 16.41877 67.32536 76.14319 166.4964 288.5071 1592.072 243.6891 330.0887 347.778 481.9796 490.797 -9999 -9999 -9999 -9999 -9999 -9999 -9999 -9999 -9999
-9999 -9999 354.6517 200.0218 129.8201 99.08742 37.7148 19.55556 39.46667 38.20967 74.1162 46.4245 186.0382 146.4335 247.5512 485.893 63.58217 70.67406 5026.407 7644.7 7789.116 46.13979 48.48198 44.64988 42.38222 42.43753 73.43804 130.228 85.86839 50.7117 41.07852 34.13334 16 16 22.4 29.44 25.15911 31.56354 35.86293 53.46362 79.57629 116.1098 1765.724 106.6541 70.0973 67.88214 48.35556 19.91111 16 16 23.82222 26.20155 41.43403 86.99465 414.4238 1937.334 265.4003 268.7073 240.9238 -9999 -9999 -9999 -9999 -9999 -9999 -9999 -9999 -9999 -9999 -9999
-9999 -9999 266.9692 234.9782 73.33059 142.9843 34.89878 16 16 33.71457 72.05802 170.0382 98.00775 140.9581 236.212 428.2395 148.5862 182.5679 6744.503 16.46968 73.19686 76.3779 25.95555 29.86667 27.37778 34.84444 19.91111 93.3956 63.24423 52.40749 35.24741 20.26667 16 16 25.6 32.49778 22.49956 32.99966 43.86638 51.09311 64.8223 87.92657 1617.038 105.2746 60.31527 44.21267 31.73926 29.51111 16 16 29.15556 33.99901 42.20155 69.94197 386.2594 2398.656 -9999 -9999 -9999 -9999 -9999 -9999 -9999 -9999 -9999 -9999 -9999 -9999 -9999 -9999
-9999 48.64845 230.6034 229.1153 38.35787 93.8619 65.22266 16 16 31.64444 168.9708 97.11444 98.73812 131.9924 286.5452 372.8986 44.39704 37.99018 5074.169 2123.657 21.1358 74.72198 25.6 16 16 16 16 16 61.3956 75.92823 35.8321 16 16 16 16 25.10222 49.24998 36.79443 42.16493 49.73195 60.20617 103.2249 1417.209 106.2511 55.09387 40.2531 26.61926 19.91111 16 16 33.77778 81.30809 31.11067 -9999 -9999 -9999 -9999 -9999 -9999 -9999 -9999 -9999 -9999 -9999 -9999 -9999 -9999 -9999 -9999 -9999
-9999 97.94535 107.3181 236.1849 40.54036 33.13567 78.68523 16 16 81.99567 152.0896 82.73812 87.46437 76.67237 540.2537 26.66667 28.08889 61.3965 174.9127 6301.64 16 23.11111 37.33333 16 16 16 16 50.56318 86.40794 75.20219 49.38272 40.88889 16 16 32 34.84444 47.78825 77.37634 74.77478 87.57613 176.578 507.7764 727.6501 207.2282 58.26632 50.05222 37.52296 30.57778 16 16 25.24444 117.1876 16 -9999 -9999 -9999 -9999 -9999 -9999 -9999 -9999 -9999 -9999 -9999 -9999 -9999 -9999 -9999 -9999 -9999
-9999 81.94535 128.416 126.4579 63.70765 30.22222 32.81383 34.24659 61.729 124.736 72.98707 76.56897 39.94074 27.93876 511.2156 16 16 54.22808 144.0375 6256.681 21.68889 16 16 32 16 19.55556 68.0406 117.983 45.335 41.25235 57.00741 39.11111 16 16 35.91111 70.69234 162.1024 259.8735 349.4045 379.5528 366.2439 237.5659 400.0102 336.1245 73.96427 65.20981 60.99314 42.82469 25.95555 22.75556 16 156.1328 16 -9999 -9999 -9999 -9999 -9999 -9999 -9999 -9999 -9999 -9999 -9999 -9999 -9999 -9999 -9999 -9999 -9999
-9999 102.329 117.9813 61.81662 43.02222 25.6 27.02222 51.67407 94.19002 53.48291 56.653 37.33333 16 27.02222 134.735 340.0638 41.95765 69.50541 78.95722 6180.437 40.53333 16 17.42222 53.33333 31.76296 29.03704 128.612 135.683 27.81638 24.16988 33.42222 16 16 29.51111 49.07457 64.54343 86.01907 51.11535 37.74871 55.40398 52.5504 29.60715 240.6622 309.2099 109.6875 88.40655 63.21497 48.16048 34.71012 20.04543 16 189.555 -9999 -9999 -9999 -9999 -9999 -9999 -9999 -9999 -9999 -9999 -9999 -9999 -9999 -9999 -9999 -9999 -9999 -9999
-9999 -9999 56.35687 36.89877 32 16 16 39.46667 69.41965 67.46924 16 16 16 36.02173 265.8641 166.8706 63.99751 61.03625 44.04199 69.81911 6068.271 21.42025 55.26123 53.36757 78.35294 415.3139 313.0217 80.11214 54.50342 32.68741 23.46667 16 16 22.04445 45.10025 59.97897 16 16 17.06667 29.96938 26.65578 30.21642 212.5997 201.6778 115.0502 84.40475 59.97609 35.5399 28.91817 32.72726 26.61233 224.9516 -9999 -9999 -9999 -9999 -9999 -9999 -9999 -9999 -9999 -9999 -9999 -9999 -9999 -9999 -9999 -9999 -9999 -9999
