slauniainen/Data/DEM/Vihti_dsm1500b_cl_horizonAngle_18.asc
NCOLS 196 
NROWS 178 
XLLCORNER 353680 
YLLCORNER 6699024 
CELLSIZE 16 
NODATA_value -3.4e+38 
[rows 80 to 99 of 178, columns 46 to 91 of 196]
5.53693532943726 5.97057485580444 6.16512393951416 6.04504013061523 6.96847009658813 7.85550165176392 7.31865692138672 7.10729455947876 8.000657081604 7.08329916000366 7.37348175048828 5.45217323303223 4.67350912094116 6.00267362594604 6.13281059265137 7.11343002319336 10.7390146255493 11.4554376602173 11.8329286575317 12.9318208694458 12.7135143280029 14.7324714660645 12.2476930618286 14.3621559143066 25.1627006530762 27.6262073516846 3.91202688217163 6.53684186935425 23.7617721557617 10.4410018920898 5.83052778244019 5.76125144958496 16.0111389160156 22.0564498901367 25.2218132019043 12.7909278869629 19.4875679016113 2.12006497383118 1.86113154888153 1.26892018318176 1.20785868167877 0.896522223949432 1.08803772926331 5.88689804077148 9.49731636047363 8.86619281768799
5.15985488891602 5.51978015899658 5.75092124938965 5.65406560897827 6.37732172012329 7.32625722885132 6.80661773681641 6.57855272293091 7.36415529251099 6.29996776580811 6.90726041793823 5.17991256713867 4.52363729476929 5.67648029327393 5.40035676956177 6.64945793151855 9.27065277099609 9.85292816162109 9.56733512878418 11.2883081436157 12.8854923248291 10.1349792480469 10.2269515991211 13.1700649261475 14.0136871337891 7.43947505950928 27.4839534759521 24.9192810058594 7.67409372329712 4.39838552474976 4.07990264892578 4.4725489616394 10.7071228027344 15.7540864944458 15.4150876998901 11.3139209747314 16.37815284729 27.2502498626709 15.6752910614014 1.12361407279968 8.86587333679199 6.74517726898193 14.6818981170654 13.4544506072998 17.3341579437256 18.3587474822998
4.54196691513062 5.21892786026001 5.16685676574707 5.74504470825195 5.85179901123047 6.8012523651123 6.28690576553345 6.09062004089355 6.84966087341309 5.94982194900513 6.4157977104187 4.92012548446655 5.23321437835693 5.39411878585815 5.10822105407715 6.22364139556885 8.15281105041504 8.79691505432129 9.58295059204102 9.96588897705078 11.2990341186523 8.92922496795654 9.15820407867432 10.8803243637085 11.0979862213135 13.9574127197266 12.6982831954956 8.76928520202637 6.69726228713989 4.00340366363525 3.74639201164246 3.88276362419128 7.73128938674927 11.9765634536743 11.8384952545166 17.2350406646729 18.1155738830566 18.430534362793 3.86071014404297 1.15038406848907 9.41017436981201 32.5412063598633 8.49447441101074 12.0307703018188 9.58333683013916 17.053861618042
4.58822298049927 4.8642110824585 4.84976291656494 5.2482852935791 6.18163013458252 5.72436618804932 5.54949331283569 6.27782201766968 5.77882385253906 5.91948366165161 4.58411979675293 4.04069995880127 4.90054225921631 5.08515024185181 5.8139796257019 7.18795013427734 7.52748489379883 8.08234596252441 8.73926544189453 8.9087963104248 9.96451473236084 7.98293161392212 8.48853588104248 9.12767887115479 9.01370716094971 10.3834161758423 9.50016498565674 6.69594240188599 5.97267198562622 3.6324520111084 3.51530456542969 5.00835800170898 8.37487697601318 8.74526405334473 7.58883762359619 10.1793794631958 15.0665149688721 14.9619007110596 4.35443544387817 23.001256942749 21.5918941497803 6.95023441314697 7.08285856246948 8.47627449035645 7.32400226593018 12.5145721435547
4.21337366104126 4.54745960235596 4.54102468490601 4.82308483123779 5.77543973922729 5.3825421333313 5.25400876998901 5.94104337692261 5.25360107421875 5.54509782791138 4.32471084594727 3.77068877220154 4.73151683807373 4.50993490219116 5.43216323852539 6.48260974884033 7.39654016494751 6.77045726776123 7.99769973754883 8.62985897064209 6.93273782730103 6.7082142829895 7.44833993911743 7.54681015014648 4.66907215118408 8.24071884155273 7.52175617218018 5.56963586807251 3.71344971656799 3.33560299873352 3.26678371429443 4.29511785507202 7.22591686248779 7.35142946243286 7.61080503463745 5.63587379455566 11.4250659942627 19.2464618682861 36.479175567627 29.7377319335938 7.39743804931641 6.83232355117798 3.2539439201355 6.63294172286987 6.38735771179199 8.71358680725098
4.07639169692993 4.02119255065918 4.32882022857666 4.50610876083374 5.42382907867432 5.04857063293457 4.93424892425537 5.54632377624512 4.94277095794678 5.18723487854004 4.09902238845825 4.29668760299683 4.49615669250488 4.27775573730469 5.13090419769287 5.96693706512451 6.83343458175659 7.28955841064453 7.54100465774536 7.84879112243652 6.20514440536499 5.62829685211182 6.2316427230835 6.54693269729614 3.52271509170532 1.96529817581177 5.57961511611938 5.09979152679443 3.55981469154358 3.26062417030334 3.15771555900574 4.23065996170044 6.14764642715454 6.31061410903931 6.42787170410156 8.65107440948486 9.11353302001953 19.3577709197998 18.4126071929932 11.9750928878784 23.5633735656738 14.0547428131104 25.8865795135498 4.19828224182129 7.16471862792969 4.04811191558838
3.79982542991638 3.77430057525635 4.02410745620728 4.96614217758179 4.69876480102539 4.50457191467285 5.07589197158813 4.77640104293823 4.80459213256836 3.7720673084259 3.90708065032959 4.06937599182129 4.27204561233521 4.77836942672729 5.28913927078247 5.67342376708984 6.42089319229126 6.84347820281982 6.96118927001953 7.19142436981201 5.51372098922729 5.17801570892334 2.44435381889343 1.6768491268158 11.778600692749 1.42184615135193 1.94577419757843 2.23247671127319 3.39347076416016 3.1648325920105 3.22626662254333 4.86222314834595 4.76706123352051 4.80041790008545 5.33618497848511 7.20925855636597 7.5839991569519 13.4175386428833 14.0253057479858 12.2838926315308 7.20172262191772 11.5972032546997 6.17527866363525 3.73417043685913 6.07946538925171 3.86431765556335
3.53135251998901 3.53099799156189 3.76083564758301 4.60754632949829 4.31152629852295 4.29657602310181 4.86305093765259 4.56818056106567 4.55670070648193 3.68409323692322 3.24512243270874 3.90583896636963 4.10392999649048 4.56291961669922 4.90736627578735 5.90181350708008 5.37875938415527 6.2955207824707 6.37450122833252 5.07349920272827 4.679527759552 4.61057949066162 21.9437599182129 10.2953157424927 2.80241370201111 4.18576002120972 14.2755613327026 23.0304393768311 2.88283753395081 2.10711526870728 3.05391907691956 4.35675716400146 3.93938899040222 3.74081873893738 2.96692895889282 6.03078174591064 7.79656457901001 11.1298904418945 7.9037914276123 8.07710075378418 5.90706205368042 8.17265701293945 10.4593849182129 3.67296171188354 6.91978788375854 15.1926136016846
3.14397382736206 3.22033047676086 3.50474667549133 4.30594205856323 4.00400257110596 3.90909314155579 4.46274423599243 4.08002519607544 4.23170709609985 3.4541175365448 3.06233882904053 3.84437584877014 3.69003009796143 4.35471773147583 4.77104663848877 5.52771329879761 5.73058605194092 5.7431321144104 5.78980398178101 4.63941240310669 3.89836835861206 9.92924213409424 9.15264320373535 1.91531896591187 14.323769569397 19.0840244293213 16.0560855865479 2.45048236846924 2.12279462814331 12.8449048995972 1.73750340938568 4.02119302749634 3.44483470916748 3.01422476768494 4.47818422317505 5.17880344390869 7.74991464614868 9.2154369354248 6.60764646530151 6.19760990142822 3.9655294418335 5.99215602874756 2.83482623100281 21.5772228240967 8.43721675872803 17.0214328765869
2.82675385475159 3.10444688796997 3.26383686065674 4.07402849197388 3.77048230171204 3.64112043380737 4.17057228088379 3.8337574005127 3.91467380523682 3.19095635414124 3.29179167747498 3.53825688362122 3.41653776168823 4.042724609375 4.36769342422485 5.04429149627686 5.19553089141846 5.35595703125 5.33201313018799 4.19635105133057 3.74277234077454 7.63485765457153 7.18465566635132 21.3455619812012 0.690298020839691 15.7338848114014 0.970405220985413 1.91323256492615 16.2558307647705 6.70830726623535 13.5798101425171 3.46420454978943 1.49480402469635 1.00350189208984 3.19268822669983 3.75634908676147 5.66206407546997 7.70336627960205 5.62346172332764 4.0887622833252 3.99316501617432 4.00174617767334 21.9309825897217 6.78659963607788 7.85390996932983 13.475546836853
2.5970447063446 2.85061001777649 3.569669008255 3.45127320289612 3.37677693367004 3.83987665176392 3.69702553749084 3.62742948532104 2.95465540885925 2.58156800270081 3.05210590362549 3.28158855438232 3.62563943862915 3.66463470458984 4.57217264175415 4.18884468078613 4.82708549499512 4.90481567382812 3.77842688560486 3.59240126609802 3.28494620323181 5.24451923370361 9.9481840133667 9.40897560119629 40.2692527770996 7.42162752151489 39.1504287719727 0.997994184494019 2.05024409294128 10.2810878753662 1.08134877681732 2.39678120613098 1.45150709152222 18.7159652709961 2.2263069152832 3.0308883190155 4.04189014434814 2.33048915863037 4.93377542495728 3.52937126159668 3.2291476726532 16.3665428161621 10.2834167480469 3.88265633583069 6.65326642990112 9.79072761535645
2.38663625717163 2.58224630355835 3.23513102531433 3.0338978767395 3.12715792655945 3.62657380104065 3.3409743309021 3.3507776260376 2.7258095741272 2.38593554496765 2.99426460266113 2.8419361114502 3.33356499671936 3.55203104019165 4.15513134002686 4.3205771446228 4.4223837852478 4.25669956207275 3.31164240837097 2.63764715194702 3.92150974273682 4.28033590316772 6.64957857131958 20.6734180450439 8.60117340087891 19.9859199523926 9.60150718688965 36.4094200134277 1.63994288444519 1.71300256252289 1.07219326496124 9.84850215911865 13.7768430709839 1.97186660766602 1.72352600097656 2.53217816352844 11.5473251342773 6.60836124420166 4.19723033905029 2.6620934009552 2.90556859970093 11.5219717025757 10.0074768066406 11.0909452438354 6.29713726043701 7.63641166687012
2.32722425460815 2.45033931732178 3.07534313201904 2.85632634162903 2.91466736793518 3.3492169380188 3.09155368804932 3.12412548065186 2.58540010452271 2.60117268562317 2.79521369934082 2.63120675086975 3.0638530254364 3.23333263397217 3.74426889419556 3.87465524673462 3.97339391708374 3.77877449989319 2.89723086357117 2.4478964805603 2.87972331047058 3.31603622436523 5.03465461730957 14.5741167068481 4.78715658187866 14.3415851593018 18.2085590362549 6.45322370529175 1.16001069545746 7.17276191711426 32.2783279418945 1.12365102767944 7.63377904891968 1.9707008600235 1.63930761814117 2.38691997528076 4.71785974502563 2.24812865257263 3.16066718101501 2.59938621520996 3.52926135063171 9.24127864837646 8.62156295776367 12.8887042999268 4.10398292541504 7.59659862518311
0.615992426872253 2.77860283851624 2.63552069664001 2.60504031181335 3.0562846660614 2.97432327270508 2.86688280105591 2.36199045181274 2.04636836051941 2.4040150642395 2.60549330711365 2.82356071472168 2.79851531982422 2.98809409141541 3.40167450904846 3.50406885147095 3.59095215797424 2.7005763053894 2.52299857139587 2.09052133560181 2.32511115074158 3.40582203865051 4.1075553894043 10.6770191192627 4.09427213668823 11.0571899414062 12.9702281951904 9.53906917572021 1.11415636539459 6.9319224357605 3.84766387939453 28.2006244659424 2.75198411941528 4.65176582336426 5.76872634887695 2.93949246406555 11.0509672164917 8.4598388671875 2.90191340446472 2.89090800285339 7.64095973968506 6.64584302902222 6.98376560211182 11.0336999893188 16.3519458770752 5.2436466217041
7.35890245437622 1.05311024188995 2.42300033569336 2.4159939289093 2.83452653884888 2.65458941459656 2.58933520317078 2.11992526054382 1.84520161151886 2.3762149810791 2.25401544570923 2.62932252883911 2.74745464324951 3.11016249656677 2.83970522880554 3.209956407547 3.27881503105164 2.45755076408386 2.23934507369995 1.76881277561188 2.02957797050476 2.64383268356323 8.0048656463623 4.28968954086304 8.02276229858398 3.97948741912842 0.629841327667236 14.2449407577515 10.8865528106689 5.17751884460449 14.6074476242065 7.07703924179077 3.35469913482666 1.24582231044769 4.28598117828369 2.16224217414856 1.01431846618652 1.01194107532501 2.35660481452942 2.73504662513733 6.99204921722412 6.38139343261719 6.32592725753784 2.95823550224304 5.27617788314819 6.17814826965332
0.0228683967143297 0.123657256364822 2.23604369163513 2.24347567558289 2.63008880615234 2.46273326873779 2.39086508750916 1.944256067276 1.9262433052063 2.17834496498108 2.07888269424438 2.44107127189636 2.60756707191467 2.88683199882507 2.94352841377258 3.01471781730652 2.80858683586121 2.06566214561462 1.77889657020569 1.69565403461456 1.67283952236176 2.71151614189148 6.73812532424927 2.74741959571838 6.86930751800537 3.63930678367615 6.00479745864868 14.0810012817383 19.7015247344971 18.6614627838135 10.345046043396 6.49523162841797 19.6339836120605 17.1750659942627 6.60232400894165 20.8734092712402 12.9254913330078 0.91232693195343 2.30251884460449 3.40309691429138 6.42201805114746 5.09437084197998 3.08429622650146 21.9499320983887 4.93747329711914 16.6402606964111
-0.451171517372131 -0.896064817905426 -0.359057575464249 2.35541963577271 2.3577401638031 2.29595470428467 1.86361014842987 1.53285646438599 1.7587982416153 1.99411022663116 2.2031729221344 2.22500205039978 2.43304252624512 2.66789126396179 2.72719669342041 2.8135085105896 2.56403827667236 1.94832813739777 1.60998737812042 1.60141134262085 1.74348640441895 2.50084614753723 5.95137166976929 2.60751891136169 6.13691425323486 20.8552093505859 22.6574249267578 10.0557765960693 8.8105297088623 2.23963379859924 2.72409820556641 1.39291441440582 9.27071952819824 3.67087841033936 9.79481410980225 16.5254592895508 22.8093414306641 31.1052875518799 3.78060054779053 5.37451028823853 5.12657833099365 3.05545091629028 17.9187030792236 4.04557418823242 14.5629138946533 10.0451965332031
0.203533321619034 11.1503458023071 -0.0448716022074223 0.32826292514801 2.0786120891571 2.04407978057861 1.68274021148682 1.42715907096863 1.83611977100372 1.70039784908295 2.01347756385803 2.14253568649292 2.40203166007996 2.22376537322998 2.56771159172058 2.63060712814331 2.01848936080933 1.8386641740799 1.51290619373322 1.56382977962494 1.75106561183929 4.93162679672241 3.05572414398193 5.15971183776855 9.31490325927734 17.3841762542725 16.0609817504883 2.67846345901489 0.857742071151733 6.10170316696167 0.602400958538055 21.4974727630615 0.118074916303158 2.11264252662659 6.58410167694092 11.8736686706543 15.5497531890869 3.33773899078369 4.51037359237671 2.19145727157593 2.66779184341431 8.39640712738037 9.33870029449463 9.10036945343018 4.50270462036133 8.22654151916504
19.4351367950439 12.3819704055786 6.40581226348877 -0.0922076776623726 0.289596498012543 1.86461436748505 1.55009829998016 1.53828048706055 1.74566352367401 1.59372532367706 1.84277093410492 2.0384829044342 2.2015380859375 2.28018403053284 2.39562320709229 2.29551196098328 1.63877904415131 1.52133142948151 1.4514251947403 1.52203094959259 1.95564413070679 4.52195692062378 2.12579584121704 4.65496444702148 6.57126951217651 12.3613548278809 6.04092216491699 20.0631141662598 31.5060577392578 6.22513818740845 30.9513301849365 0.0537620857357979 -1.48423385620117 1.65171205997467 3.79264116287231 8.87946891784668 11.5198936462402 1.1142760515213 1.43209874629974 2.22201323509216 22.3119583129883 3.07672429084778 5.97201871871948 4.16496133804321 19.533031463623 7.1169319152832
10.4552307128906 7.11722326278687 -0.418133825063705 -0.369558691978455 0.055034838616848 1.45857381820679 1.21046459674835 1.42452764511108 1.63187873363495 1.72961258888245 1.69536638259888 1.88942694664001 2.02042746543884 2.09983777999878 2.21738314628601 1.97967720031738 1.51747918128967 1.33573937416077 1.39076447486877 1.60382199287415 2.02127480506897 4.16673231124878 1.9782030582428 4.20049715042114 8.1948766708374 9.38876247406006 9.04993629455566 15.621862411499 0.763548195362091 16.5178050994873 5.00712060928345 -1.00279462337494 1.12420868873596 -0.321726113557816 4.47416257858276 5.05440139770508 0.712228894233704 0.58973640203476 39.1053276062012 33.3316459655762 4.65828275680542 4.42874097824097 19.5432720184326 3.57265639305115 6.39575338363647 5.62516403198242
