slauniainen/Data/DEM/Vihti_dem1500b_cl_horizonAngle_342.asc
NCOLS 196 
NROWS 178 
XLLCORNER 353680 
YLLCORNER 6699024 
CELLSIZE 16 
NODATA_value -3.4e+38 
[rows 20 to 39 of 178, columns 90 to 134 of 196]
4.80697584152222 5.38994932174683 5.81042909622192 6.0884485244751 5.96896266937256 5.57169437408447 4.77013301849365 5.0579981803894 5.69314289093018 5.93273162841797 5.90338897705078 5.62052536010742 5.24547481536865 5.02186393737793 3.83091807365417 3.3108332157135 2.90361857414246 2.90648365020752 2.91638541221619 2.74591445922852 2.50103282928467 1.97756934165955 1.50789773464203 1.11342298984528 0.822039484977722 0.743664383888245 0.677266478538513 0.603143215179443 0.484927237033844 0.473932921886444 0.563474476337433 1.56473815441132 2.33897542953491 2.78683733940125 2.93073678016663 3.09774827957153 3.17608714103699 3.20110654830933 3.26599884033203 3.21652746200562 3.02566885948181 2.60975217819214 1.97586739063263 1.08936071395874 0.473902493715286
4.53530502319336 5.07308578491211 5.36508131027222 5.53579616546631 5.76774454116821 5.33403730392456 4.5757622718811 4.85994100570679 5.46199369430542 5.68634462356567 5.67574310302734 5.56900596618652 5.3778772354126 5.16682624816895 3.85731840133667 3.40821123123169 2.95526933670044 2.81340718269348 2.80789661407471 2.7712881565094 2.50201225280762 1.89920246601105 1.53389084339142 1.27870178222656 0.981877982616425 0.668682515621185 0.605717241764069 0.542338132858276 0.466785430908203 0.471001118421555 0.469477564096451 1.04502761363983 1.98104238510132 2.39907479286194 2.84752345085144 3.01114892959595 3.08960342407227 3.11693000793457 3.1479799747467 3.14056181907654 3.05415225028992 2.78770637512207 2.00453352928162 1.21354484558105 0.744739532470703
4.3228645324707 4.62149381637573 4.88526058197021 5.29357862472534 5.52644300460815 5.13941478729248 4.40347290039062 4.56404685974121 5.25637626647949 5.50399875640869 5.50101518630981 5.56926393508911 5.27231502532959 4.95568704605103 4.0369086265564 3.49148416519165 3.01002717018127 2.73454093933105 2.66829800605774 2.69666028022766 2.39818096160889 2.2039315700531 1.7989364862442 1.38989925384521 0.951600909233093 0.642624735832214 0.568428695201874 0.507828235626221 0.451172232627869 0.467993408441544 0.44557312130928 0.713667094707489 1.44827127456665 2.20037484169006 2.76289010047913 2.87796759605408 2.90915036201477 2.95173382759094 2.96198129653931 3.04256534576416 3.04068946838379 2.85241532325745 2.12917494773865 1.67591845989227 0.94958484172821
4.17816972732544 4.29466104507446 4.63012218475342 5.0504937171936 5.28482484817505 4.96643257141113 4.65902662277222 4.21518611907959 4.63726758956909 5.10945749282837 5.3754506111145 5.37684345245361 5.08114242553711 4.7428297996521 4.5248908996582 3.40569090843201 2.98965954780579 2.61387777328491 2.59813404083252 2.58731532096863 2.43677949905396 2.22145676612854 1.74910485744476 1.34310925006866 0.988299310207367 0.72860723733902 0.539081931114197 0.507582306861877 0.463830024003983 0.445476859807968 0.424633532762527 0.491218566894531 1.3910436630249 2.10281682014465 2.52020525932312 2.65504765510559 2.82382988929749 2.83678507804871 2.89312934875488 2.97049188613892 2.96607565879822 2.78149557113647 2.40712237358093 1.823490858078 1.00466442108154
3.96907043457031 4.09112071990967 4.41558456420898 4.79297733306885 5.03444719314575 5.02998399734497 4.71415519714355 4.06598997116089 4.38957262039185 4.94785165786743 5.18073606491089 5.15997743606567 5.0256552696228 4.79681730270386 4.54077577590942 3.43158960342407 3.01727294921875 2.64030504226685 2.50301933288574 2.48152184486389 2.45562696456909 2.20738863945007 1.66050601005554 1.3577995300293 1.13956785202026 0.866380333900452 0.547925710678101 0.482291549444199 0.451424062252045 0.420634567737579 0.417106091976166 0.405358612537384 0.915493428707123 1.77006995677948 2.14355659484863 2.57962465286255 2.69034194946289 2.76487112045288 2.81204080581665 2.8879656791687 2.88519191741943 2.81834030151367 2.57242465019226 1.851646900177 1.1280357837677
3.85862302780151 3.96371030807495 4.22982215881348 4.40956163406372 4.62888097763062 4.81076240539551 4.51885509490967 3.93002891540527 4.13209915161133 4.76005697250366 4.91765356063843 4.90227842330933 4.90893363952637 4.6059741973877 4.30239152908325 3.5295844078064 3.03624033927917 2.64942479133606 2.39893865585327 2.3616669178009 2.38605356216431 2.10780692100525 1.93576526641846 1.56858849525452 1.21338927745819 0.827655792236328 0.542957544326782 0.441101551055908 0.417465269565582 0.38692644238472 0.397953718900681 0.369634449481964 0.614856481552124 1.28202188014984 1.98146867752075 2.47792863845825 2.55801224708557 2.60260987281799 2.67861342430115 2.71923518180847 2.79028177261353 2.78633046150208 2.61734795570374 1.97421991825104 1.5559606552124
3.74457144737244 3.8518385887146 3.90691757202148 4.07315540313721 4.43217515945435 4.60296487808228 4.39072751998901 4.16737508773804 3.81111001968384 4.10338830947876 4.4821925163269 4.63609457015991 4.63893699645996 4.34432983398438 4.08512687683105 3.90816497802734 2.94178915023804 2.60189604759216 2.28299713134766 2.2961094379425 2.28600120544434 2.15032482147217 1.94364631175995 1.50577926635742 1.14786875247955 0.839207231998444 0.621876299381256 0.425431102514267 0.379228621721268 0.358402937650681 0.36200413107872 0.340432971715927 0.389352858066559 1.22597372531891 1.87292492389679 2.25105476379395 2.36964273452759 2.52361011505127 2.58517241477966 2.62211489677429 2.67774271965027 2.67397689819336 2.5229024887085 2.21855688095093 1.69041347503662
3.61536979675293 3.61869645118713 3.71498584747314 3.90682148933411 4.20468997955322 4.39486312866211 4.41709756851196 4.12105083465576 3.60457706451416 3.85595631599426 4.25824451446533 4.40180921554565 4.39500570297241 4.31354475021362 4.10691261291504 3.88327169418335 2.96651482582092 2.60138821601868 2.30514574050903 2.18489074707031 2.17921733856201 2.16129207611084 1.92127478122711 1.43712508678436 1.1655341386795 0.975892603397369 0.732990980148315 0.449553728103638 0.341887325048447 0.330542117357254 0.328504025936127 0.321420758962631 0.312291741371155 0.768588185310364 1.55394411087036 1.90162289142609 2.29827117919922 2.4355890750885 2.49626064300537 2.50100946426392 2.53179693222046 2.51170206069946 2.47802662849426 2.28405833244324 1.68460524082184
3.27169179916382 3.47968792915344 3.58447265625 3.7520318031311 3.8710720539093 4.08647966384888 4.1909351348877 3.9095721244812 3.40553069114685 3.52020525932312 4.03919649124146 4.18604564666748 4.18955183029175 4.19306230545044 3.90519714355469 3.67342400550842 3.02844071388245 2.59385919570923 2.28391695022583 2.0730414390564 2.04980492591858 2.07593464851379 1.83372807502747 1.69798374176025 1.36378979682922 1.03415429592133 0.689089715480804 0.451779991388321 0.325625509023666 0.295394778251648 0.298251509666443 0.298212051391602 0.273779928684235 0.48810800909996 1.10648000240326 1.74982309341431 2.22100520133972 2.30579304695129 2.33214139938354 2.35985994338989 2.34048533439636 2.34768629074097 2.34917736053467 2.23680305480957 1.72352695465088
3.11043167114258 3.33292007446289 3.4479603767395 3.47373414039612 3.5864531993866 3.90225100517273 4.01106929779053 3.7967255115509 3.55573034286499 3.24174308776855 3.47108387947083 3.84214878082275 3.98747706413269 3.98726439476013 3.73781561851501 3.49941635131836 3.33690595626831 2.5129976272583 2.20346999168396 1.94571530818939 1.97263312339783 1.97240900993347 1.87093734741211 1.67817711830139 1.28676199913025 0.959431529045105 0.697324514389038 0.495674699544907 0.341281622648239 0.270050883293152 0.241492450237274 0.24578221142292 0.215033292770386 0.269069045782089 1.03916049003601 1.64506733417511 1.99503350257874 2.12818694114685 2.24812173843384 2.28299570083618 2.27232885360718 2.26885390281677 2.2383348941803 2.10517120361328 1.8596773147583
2.99622941017151 3.20424103736877 3.20716643333435 3.31001281738281 3.43398499488831 3.68635368347168 3.80648684501648 3.80958342552185 3.52514505386353 3.07965135574341 3.31080532073975 3.65503787994385 3.80238938331604 3.79384422302246 3.70700144767761 3.49963021278381 3.2824923992157 2.5017261505127 2.16444063186646 1.93118786811829 1.85352492332458 1.85960185527802 1.82607984542847 1.63238394260406 1.19284451007843 0.964284062385559 0.790576457977295 0.573058247566223 0.315996587276459 0.250280767679214 0.173740312457085 0.167362630367279 0.150949567556381 0.165317818522453 0.599399626255035 1.33169829845428 1.64811944961548 2.05246353149414 2.17924118041992 2.2150137424469 2.20609426498413 2.21644496917725 2.19194340705872 2.12977623939514 1.92490613460541
2.95759558677673 2.90233898162842 3.07991409301758 3.16797471046448 3.27843737602234 3.36407113075256 3.56323838233948 3.65489482879639 3.37273359298706 2.93220710754395 3.01990675926208 3.47993874549866 3.60256004333496 3.62589383125305 3.59869885444641 3.32415127754211 3.10613536834717 2.54171109199524 2.15603256225586 1.88388323783875 1.73117828369141 1.71474063396454 1.71687734127045 1.51205778121948 1.41131913661957 1.10916364192963 0.816534876823425 0.496579617261887 0.299438267946243 0.186475217342377 0.114255152642727 0.0775344371795654 0.083723247051239 0.0862206593155861 0.330935508012772 0.891713440418243 1.51779675483704 1.96592140197754 2.05718278884888 2.08247017860413 2.12220740318298 2.11240792274475 2.14951324462891 2.12667489051819 1.97134971618652
2.87695741653442 2.78501963615417 2.95926356315613 3.03020858764648 3.03425598144531 3.11403012275696 3.41194605827332 3.50633025169373 3.31996917724609 3.08064198493958 2.80335712432861 3.01348423957825 3.34508323669434 3.44906616210938 3.42881965637207 3.23186707496643 2.99878740310669 2.83533430099487 2.0763692855835 1.79383933544159 1.60279870033264 1.61585021018982 1.61797165870667 1.54570949077606 1.37054669857025 1.0003856420517 0.712024211883545 0.480909287929535 0.31049633026123 0.164288401603699 0.0278989356011152 0.0191006753593683 0.00109002727549523 0.0246547739952803 0.105831928551197 0.824458479881287 1.40787947177887 1.7511157989502 1.88348650932312 1.96237111091614 1.89372909069061 1.8272180557251 1.95482110977173 1.93308055400848 1.71350717544556
2.78375649452209 2.72098231315613 2.85560941696167 2.80089259147644 2.86976504325867 2.93953394889832 3.1843535900116 3.29660868644714 3.31783986091614 3.06384325027466 2.67466473579407 2.86425471305847 3.18166351318359 3.28794384002686 3.25864338874817 3.20965242385864 3.01816463470459 2.79255628585815 2.08788466453552 1.7723822593689 1.58881282806396 1.51035714149475 1.5315408706665 1.52270901203156 1.3189252614975 0.901725709438324 0.695533394813538 0.525916874408722 0.331485837697983 0.11154866963625 -0.0436120256781578 -0.0567591525614262 -0.0646384432911873 -0.0542136467993259 -0.069584883749485 0.408913433551788 1.10569643974304 1.42669284343719 1.67134535312653 1.75729608535767 1.43164014816284 1.35307991504669 1.4756954908371 1.52583801746368 1.28894054889679
2.70221900939941 2.66508150100708 2.56233549118042 2.69265103340149 2.74753928184509 2.78987073898315 2.86721205711365 3.0747504234314 3.16741538047791 2.93156123161316 2.55458807945251 2.59435844421387 2.98952722549438 3.09698343276978 3.12487125396729 3.10104489326477 2.86823010444641 2.64829134941101 2.13922715187073 1.82064700126648 1.55093669891357 1.41213262081146 1.40902733802795 1.41953957080841 1.21917974948883 1.11582970619202 0.819923281669617 0.534149408340454 0.23541633784771 -0.0237453132867813 -0.154365628957748 -0.148933097720146 -0.137198314070702 -0.157202839851379 -0.155775889754295 -0.133269622921944 0.381785541772842 1.0513824224472 1.3581291437149 1.25606107711792 0.967586100101471 0.9979168176651 1.00022172927856 1.05868709087372 0.730067908763885
2.78295660018921 2.56312847137451 2.44992113113403 2.57292485237122 2.63278031349182 2.62241530418396 2.67169070243835 2.92999768257141 3.02234387397766 2.88276481628418 2.68199586868286 2.42594075202942 2.5945873260498 2.89027667045593 2.98278999328613 2.95556545257568 2.79603910446167 2.56778407096863 2.40941047668457 1.75883829593658 1.48944532871246 1.31578183174133 1.30973792076111 1.31847298145294 1.25907421112061 1.08117949962616 0.72652941942215 0.375289440155029 0.0721298158168793 -0.167675092816353 -0.26526004076004 -0.241060763597488 -0.218532264232635 -0.211947843432426 -0.233087435364723 -0.20152921974659 -0.152498632669449 0.293687909841537 0.665473878383636 0.601658523082733 0.521495223045349 0.481452107429504 0.509321630001068 0.53099536895752 0.296766698360443
2.66693377494812 2.45351624488831 2.37178206443787 2.43943619728088 2.40717220306396 2.49324464797974 2.50486445426941 2.727543592453 2.82445931434631 2.86618399620056 2.65130829811096 2.32515120506287 2.48458504676819 2.74898958206177 2.84476280212402 2.83835673332214 2.76991724967957 2.57835483551025 2.3837354183197 1.76504564285278 1.49698710441589 1.30797076225281 1.21257841587067 1.2248854637146 1.23297166824341 1.0333114862442 0.617686867713928 0.208306893706322 -0.117816083133221 -0.297788739204407 -0.377555787563324 -0.327960431575775 -0.309203326702118 -0.294609725475311 -0.288153529167175 -0.292838096618652 -0.261653691530228 -0.184725999832153 0.00816325284540653 0.100283555686474 0.122775472700596 0.0771629363298416 0.162625297904015 0.0749970003962517 -0.0196343120187521
2.52661991119385 2.2292377948761 2.29440999031067 2.19101977348328 2.28834795951843 2.37112975120544 2.38521003723145 2.46088433265686 2.65026235580444 2.73313283920288 2.52632355690002 2.22060680389404 2.25480580329895 2.60733246803284 2.67967748641968 2.71732044219971 2.68015599250793 2.45892858505249 2.27539014816284 1.82542753219604 1.53912603855133 1.27095079421997 1.11993741989136 1.12293612957001 1.13495028018951 0.887586116790771 0.487220644950867 0.0448146536946297 -0.282019883394241 -0.405982404947281 -0.478150010108948 -0.431397557258606 -0.408041715621948 -0.380098879337311 -0.360925853252411 -0.326998859643936 -0.372565776109695 -0.318055152893066 -0.272233188152313 -0.166107878088951 -0.163291111588478 -0.133912980556488 -0.112904503941536 -0.163207307457924 -0.255540430545807
2.51186299324036 2.28614377975464 2.18188834190369 2.09305620193481 2.16640019416809 2.24592041969299 2.24394941329956 2.30133605003357 2.53148317337036 2.61432099342346 2.5084502696991 2.33434534072876 2.12613010406494 2.29201102256775 2.54797005653381 2.59506440162659 2.55635452270508 2.4349319934845 2.23073863983154 2.08835387229919 1.49405562877655 1.21564090251923 1.04554581642151 1.04346656799316 0.992332696914673 0.637335538864136 0.220212936401367 -0.168263718485832 -0.407451927661896 -0.495719939470291 -0.565895259380341 -0.560299634933472 -0.518458664417267 -0.491441339254379 -0.440876662731171 -0.430248558521271 -0.449668049812317 -0.413212805986404 -0.402523308992386 -0.391774445772171 -0.383001655340195 -0.357148200273514 -0.3613540828228 -0.39539110660553 -0.423946619033813
2.51339221000671 2.15070128440857 2.06523370742798 2.02852773666382 2.05768728256226 2.02517294883728 2.12994980812073 2.15667390823364 2.34845638275146 2.44257521629333 2.50467371940613 2.31343722343445 2.03609752655029 2.19220304489136 2.43609380722046 2.50672817230225 2.48225879669189 2.42479038238525 2.25966858863831 2.07308554649353 1.51381063461304 1.26066088676453 1.05765986442566 0.941485702991486 0.728916168212891 0.382531374692917 0.0263685770332813 -0.27849155664444 -0.449776023626328 -0.532268166542053 -0.601265728473663 -0.659822940826416 -0.633417129516602 -0.603541731834412 -0.559594392776489 -0.532300710678101 -0.580715835094452 -0.578954935073853 -0.592882215976715 -0.537247896194458 -0.534079134464264 -0.579804420471191 -0.516161322593689 -0.503820657730103 -0.506918549537659
