slauniainen/Data/DEM/Vihti_dsm1500b_cl_horizonAngle_192.asc
NCOLS 196 
NROWS 178 
XLLCORNER 353680 
YLLCORNER 6699024 
CELLSIZE 16 
NODATA_value -3.4e+38 
[rows 80 to 99 of 178, columns 46 to 91 of 196]
5.15415573120117 6.22352266311646 5.93294477462769 6.42828798294067 6.92578077316284 5.83365154266357 5.50299453735352 5.88189458847046 5.43416261672974 4.56580877304077 4.71131896972656 5.01943063735962 4.41420841217041 2.26125502586365 2.34382700920105 3.79983758926392 4.48911571502686 4.66600370407104 3.47935080528259 2.57244610786438 3.419513463974 3.43004083633423 2.73891019821167 3.12924218177795 3.17987132072449 3.84285616874695 2.47739028930664 2.34687924385071 4.87518644332886 3.89191150665283 3.78606796264648 3.92754745483398 4.41240930557251 3.92447233200073 4.47598934173584 6.57305192947388 5.92009449005127 2.89790916442871 2.53801226615906 5.9587459564209 1.81256747245789 1.59346604347229 1.72763526439667 1.6667240858078 1.97647202014923 2.0694637298584
5.51895666122437 6.61300992965698 6.32359313964844 6.86315393447876 7.39260101318359 6.1226692199707 5.81279802322388 6.17448949813843 5.67634916305542 4.46281766891479 4.9587345123291 5.271803855896 4.64128637313843 2.42633247375488 2.75256729125977 3.96237683296204 4.92866182327271 4.51521730422974 2.59417700767517 2.68197250366211 3.62848162651062 3.68634581565857 2.95624446868896 3.7084538936615 4.36805105209351 4.84886789321899 8.68968868255615 5.71948575973511 5.14403629302979 3.91379857063293 3.24167704582214 3.39220833778381 4.60867118835449 4.03047466278076 4.6761155128479 6.57133722305298 7.19898176193237 4.58818340301514 11.4729127883911 9.13878154754639 2.08810997009277 1.67329347133636 2.39517688751221 3.02261400222778 4.09519577026367 2.88560199737549
5.88512754440308 7.04768800735474 6.75673294067383 7.37424755096436 7.93376445770264 6.52170276641846 6.10321140289307 6.47626256942749 5.9721884727478 5.22118616104126 5.56289100646973 4.55030345916748 4.95239734649658 2.50028014183044 2.87939167022705 4.12520408630371 5.14919185638428 3.86142182350159 2.76117634773254 2.75952219963074 3.7965772151947 3.9180736541748 3.20137095451355 5.74889087677002 6.25208234786987 7.0704665184021 11.6286220550537 7.19732570648193 4.88791561126709 4.38081359863281 3.28640699386597 3.61817836761475 4.88671922683716 5.04731273651123 6.66439485549927 8.09632396697998 7.05682182312012 5.42680311203003 2.79273962974548 2.19700789451599 2.39245843887329 10.7735538482666 3.6903772354126 5.50739240646362 4.78604173660278 3.21557211875916
6.2229962348938 7.50564575195312 7.23461532592773 7.84116172790527 8.42752456665039 6.93231296539307 6.64611911773682 6.83799743652344 6.33358573913574 5.50716495513916 5.86132383346558 4.78987121582031 5.20800828933716 2.55542731285095 4.3847541809082 4.85610723495483 5.37745332717896 4.05643558502197 2.86313462257385 3.99379682540894 4.14429998397827 3.63217210769653 3.37994146347046 8.4488410949707 8.72756004333496 19.018913269043 13.2137937545776 9.89052391052246 6.70211458206177 3.46107506752014 3.62919306755066 4.9884181022644 4.69835996627808 5.72802543640137 7.60174608230591 8.54515933990479 7.32067346572876 5.03067779541016 2.80038142204285 2.94787836074829 12.6034030914307 3.1953010559082 14.1461009979248 6.52613735198975 5.86227989196777 11.0152864456177
5.64800500869751 8.0322208404541 7.7502384185791 8.38441562652588 9.0299711227417 7.46922588348389 7.33607339859009 6.7979416847229 6.40719413757324 5.7646427154541 6.123948097229 5.57255220413208 2.53965330123901 2.64079546928406 4.5357403755188 5.49958944320679 5.68779182434082 4.29736661911011 2.9379255771637 4.13702058792114 4.29063892364502 3.3280611038208 14.3403282165527 14.9513721466064 16.0457935333252 35.2638740539551 16.4496994018555 12.4925470352173 6.76926279067993 3.59000158309937 4.88666009902954 5.8224196434021 4.32347393035889 6.68573427200317 8.86406230926514 9.08816909790039 7.25863218307495 5.54746389389038 6.13859462738037 4.10080003738403 2.59188032150269 3.84585499763489 2.08481574058533 11.157732963562 7.88970518112183 17.7101020812988
8.6307954788208 8.24164867401123 9.1196985244751 9.97716903686523 8.17551231384277 7.43245077133179 7.77633571624756 7.16479969024658 5.86275577545166 6.02732276916504 6.42448854446411 5.93644952774048 2.59598350524902 2.77493238449097 4.72726917266846 5.99954462051392 5.4827127456665 2.94117116928101 3.0594596862793 4.29986524581909 4.42190599441528 3.6275486946106 25.9072952270508 27.9988574981689 9.42545127868652 3.7986376285553 30.788703918457 24.5406436920166 8.33676338195801 8.88565254211426 3.59233403205872 7.05045509338379 4.95515966415405 8.10050296783447 10.8220453262329 9.65335464477539 7.07803249359131 5.81344127655029 7.11411905288696 4.22477674484253 4.25739860534668 5.1942720413208 3.7942476272583 13.0893125534058 3.16328692436218 2.93184995651245
9.31320476531982 8.93726062774658 9.81850719451904 10.7329568862915 8.99170589447021 7.82714557647705 8.18779754638672 7.5859694480896 5.91722583770752 6.36467313766479 6.77402353286743 6.32103872299194 2.76676297187805 3.12725138664246 4.93447589874268 6.29339551925659 4.81269788742065 3.04955244064331 3.12366724014282 4.4708456993103 4.52876710891724 3.68088126182556 3.26231551170349 2.29589676856995 28.3926334381104 2.6244101524353 2.78330302238464 7.32998275756836 10.479811668396 18.4410305023193 10.7334108352661 8.62486171722412 5.38409042358398 9.66304016113281 13.4389629364014 10.3096132278442 7.4981050491333 6.66481685638428 8.46475982666016 4.55666494369507 4.53423166275024 5.58584451675415 20.7204856872559 7.13323163986206 5.12232732772827 2.97344017028809
10.0974979400635 9.73402309417725 10.6867208480835 11.6186332702637 9.61839008331299 8.71622657775879 8.8323802947998 8.1484317779541 6.78663015365601 7.25947046279907 6.23124885559082 6.82392692565918 2.84108471870422 5.22639083862305 5.80819892883301 6.65167713165283 5.07452249526978 3.19744253158569 3.14154767990112 4.56318807601929 4.72204542160034 3.78796553611755 5.9103102684021 9.33713912963867 9.11264133453369 2.8301157951355 14.9291687011719 12.4436140060425 11.3140068054199 3.32990741729736 21.8365898132324 11.1164350509644 12.2719497680664 17.5956268310547 11.0484418869019 10.0829601287842 7.9570746421814 8.20038032531738 10.4033346176147 4.58221292495728 6.23620319366455 4.36633920669556 38.068603515625 2.35382843017578 3.48019027709961 3.37189936637878
10.7068700790405 10.630747795105 11.7083311080933 12.7555131912231 10.4883995056152 9.21547985076904 9.24748134613037 8.55970859527588 7.07806062698364 7.60292530059814 6.61261796951294 7.29780769348145 3.16865754127502 5.48493623733521 6.11855792999268 6.98079347610474 5.25218820571899 3.22240209579468 4.77095222473145 4.95292377471924 4.29113626480103 3.78853011131287 4.10982847213745 2.65280318260193 29.9479370117188 3.53864860534668 39.3878555297852 14.802152633667 3.63943362236023 6.43622398376465 7.06201505661011 11.0729341506958 22.3040504455566 29.906925201416 11.7390871047974 9.70739364624023 12.9604864120483 16.9557571411133 7.45942306518555 5.16055393218994 6.51435518264771 4.6658239364624 2.19492363929749 3.01814913749695 4.01129531860352 7.613525390625
11.7144660949707 12.9860572814941 14.4422302246094 11.9910888671875 10.3686876296997 9.9957857131958 9.23453807830811 8.50891780853271 7.37809753417969 7.90758943557739 7.68839931488037 2.98890852928162 3.51447176933289 5.63255071640015 7.12028121948242 7.20312166213989 5.36756610870361 3.28467607498169 4.93021631240845 5.08370113372803 3.81348633766174 3.9959545135498 4.34141063690186 3.85845923423767 2.62228393554688 4.25735998153687 2.53822088241577 19.4124221801758 14.1132946014404 10.4412479400635 26.0733947753906 11.6617698669434 4.77791738510132 7.22085762023926 12.1160249710083 9.01872158050537 19.516809463501 29.6145420074463 7.87761688232422 5.37565946578979 6.96789169311523 4.99796962738037 2.88376426696777 6.8586540222168 5.94616365432739 3.84648156166077
13.4075050354004 15.3380794525146 16.0281314849854 13.5587015151978 10.8954591751099 10.9225883483887 9.98487091064453 7.71275234222412 7.79576349258423 8.33704948425293 8.18673133850098 3.17012166976929 3.32035636901855 5.76226472854614 7.59027290344238 6.81853818893433 3.98020267486572 3.86146426200867 5.03144836425781 5.20268058776855 4.16567897796631 4.63388633728027 3.77000617980957 4.42367076873779 4.39603281021118 4.43476819992065 4.36179542541504 3.07611894607544 9.35568618774414 17.7707538604736 3.21331429481506 10.2852230072021 5.17955350875854 10.9610090255737 12.6836490631104 8.90149974822998 5.84765386581421 4.99414110183716 7.49877500534058 5.73180484771729 7.63260173797607 5.41167259216309 3.39216780662537 3.64972686767578 8.70231056213379 3.97094941139221
21.4119758605957 16.5410041809082 18.149341583252 14.8875913619995 12.3629903793335 11.8662300109863 10.8056125640869 8.14880847930908 8.14596843719482 8.75584602355957 8.75508117675781 2.95217490196228 3.37428712844849 5.87523889541626 7.83876085281372 5.84220266342163 4.36496067047119 3.98618412017822 5.07949066162109 5.28579378128052 4.22081470489502 4.73395204544067 3.67173624038696 4.59724855422974 4.54461479187012 4.61187267303467 5.3779501914978 14.5156984329224 11.3475589752197 3.53816366195679 3.3547739982605 25.0425987243652 8.68750667572021 14.0413627624512 11.8605327606201 9.23611164093018 11.704665184021 6.2334771156311 9.44265365600586 8.8026123046875 5.93722820281982 6.06593751907349 5.08824825286865 5.06414604187012 13.3699340820312 4.09780883789062
36.7195281982422 21.6110420227051 21.9086074829102 17.8966655731201 14.0816040039062 12.7490358352661 11.6521215438843 8.83261966705322 9.52866649627686 8.6284065246582 9.48794746398926 2.96527981758118 6.05943727493286 6.836021900177 8.07565593719482 5.93420028686523 3.86203551292419 5.21846008300781 5.42799139022827 4.64990091323853 4.2720742225647 4.84125995635986 3.83522057533264 4.73527765274048 4.63632535934448 4.79854822158813 22.2146015167236 12.6283025741577 3.44864797592163 3.5566246509552 5.10660314559937 4.28780078887939 12.7155828475952 16.4863262176514 11.6726064682007 7.23594903945923 10.9584884643555 6.4201545715332 9.41396617889404 10.472487449646 7.18028974533081 7.51451730728149 6.36154699325562 22.5003929138184 3.56880927085876 4.45161151885986
10.2149562835693 36.6973686218262 27.5308170318604 22.8011283874512 16.5182247161865 13.3273506164551 11.4202928543091 9.34587097167969 10.132640838623 10.7161874771118 3.26986193656921 3.03986883163452 6.26587820053101 7.06217765808105 8.39412689208984 6.08913993835449 3.29207420349121 5.2925009727478 5.51332092285156 4.03150510787964 4.35298871994019 4.97725057601929 4.40150737762451 4.82614707946777 5.04003715515137 10.7715625762939 38.9924697875977 5.15111255645752 3.5856773853302 4.24678707122803 6.56100463867188 11.1342763900757 12.8633460998535 20.254524230957 12.7551870346069 8.38077259063721 30.2233963012695 16.0019950866699 9.0692195892334 12.9749250411987 9.83882904052734 10.3288412094116 15.5550270080566 40.4551010131836 4.2056622505188 4.50367736816406
22.8182353973389 23.00217628479 31.8535995483398 21.9018650054932 20.3298931121826 15.6480274200439 10.755916595459 9.9027099609375 10.7469730377197 11.8616666793823 3.28403639793396 3.17179989814758 6.52283620834351 8.86834049224854 8.83058261871338 6.32030534744263 3.29566311836243 5.39079523086548 5.61012125015259 4.4096827507019 5.12505340576172 4.20340299606323 5.03862619400024 4.97440004348755 5.1672797203064 21.0324668884277 3.26225900650024 5.05826807022095 4.12741613388062 5.30650186538696 10.9398946762085 13.808051109314 16.4166297912598 22.5049743652344 15.8563060760498 8.58496379852295 6.45723819732666 4.26441955566406 10.7767009735107 16.2276058197021 13.6554498672485 15.1270093917847 32.0643653869629 3.5545437335968 4.73907327651978 4.58158540725708
23.1570606231689 23.0369281768799 50.0556602478027 28.7795658111572 23.1975364685059 19.1851463317871 12.2192468643188 10.656138420105 11.7347564697266 13.4057264328003 3.41529226303101 3.53598308563232 6.82517385482788 9.60385036468506 8.30013847351074 3.23136162757874 3.32177448272705 5.56528472900391 5.80043077468872 4.51072454452515 5.2585620880127 4.1272349357605 5.25169944763184 5.24651670455933 5.43493986129761 4.36183643341064 3.74340677261353 10.4254140853882 17.5427379608154 8.1776819229126 20.8605003356934 15.4160938262939 31.550651550293 32.5353965759277 19.890661239624 14.2990083694458 10.205283164978 5.00363731384277 13.5523557662964 21.2352142333984 22.3229312896729 30.9942569732666 3.94040751457214 4.40603399276733 4.95971584320068 5.30703783035278
3.89904046058655 0.583428561687469 2.72713422775269 46.1966133117676 27.580738067627 20.5458450317383 14.4189386367798 13.025107383728 13.6999931335449 15.6336336135864 3.48747062683105 3.58383345603943 7.14417314529419 10.2703723907471 7.28069686889648 3.39817142486572 3.38135719299316 5.83147859573364 6.11168146133423 4.72781229019165 5.50568628311157 4.37746620178223 5.54924345016479 5.60327100753784 5.78528833389282 5.41910696029663 4.86246824264526 20.1976642608643 32.6314353942871 11.2158355712891 20.6060161590576 22.834545135498 50.3167343139648 32.3910751342773 25.311164855957 17.7241268157959 17.9851512908936 18.872465133667 31.9425315856934 38.5345191955566 40.8810424804688 3.57241320610046 4.84336709976196 4.6840934753418 19.7921562194824 5.46273565292358
5.14210176467896 2.90830588340759 6.69073390960693 13.1484050750732 44.5116119384766 24.6630401611328 17.894775390625 14.7981233596802 17.1547107696533 19.2219886779785 3.26496648788452 7.58004665374756 8.7012996673584 11.046537399292 7.80092668533325 3.46211886405945 6.16767263412476 6.52708292007446 5.5005087852478 5.01886367797852 5.84911298751831 4.62819385528564 5.96611547470093 5.58471536636353 6.13579416275024 5.64418125152588 5.75807905197144 4.6781644821167 4.31799411773682 7.72129726409912 5.31798601150513 51.0250434875488 40.9593124389648 36.4896850585938 21.4240188598633 22.6444511413574 24.6111698150635 36.5754127502441 52.9748802185059 7.51341104507446 2.90762495994568 4.15695238113403 5.06978940963745 11.6726417541504 5.10283756256104 5.5698299407959
9.73659896850586 6.62085723876953 19.1310863494873 10.0159730911255 12.6110515594482 25.5702571868896 18.7444553375244 25.4360942840576 28.5750045776367 2.75718235969543 3.03472399711609 7.96148061752319 12.3698234558105 11.9913692474365 8.41629981994629 3.50183606147766 6.42302322387695 6.83924198150635 4.85827445983887 5.33274698257446 6.23028659820557 5.68583822250366 6.36896800994873 6.51092052459717 6.39591836929321 5.86905717849731 6.00077962875366 5.93620777130127 29.8560886383057 8.82985496520996 32.5248680114746 26.4381675720215 6.20899438858032 52.699405670166 30.7869739532471 33.6753730773926 43.1813850402832 20.5730934143066 1.9846305847168 2.5012321472168 4.06242084503174 4.75744819641113 4.92298173904419 13.2910823822021 6.04265213012695 5.75419569015503
14.0643243789673 12.2018918991089 0.445387780666351 10.724928855896 17.485595703125 42.0943069458008 18.5962734222412 42.3654251098633 46.4438438415527 2.81274604797363 3.79403162002563 8.48396587371826 13.8646221160889 11.1727933883667 3.39760613441467 3.54438138008118 6.74613952636719 7.21832847595215 5.58114814758301 6.5979437828064 5.37726163864136 6.61592388153076 6.80166959762573 6.90391063690186 6.80664730072021 6.27280759811401 6.09373140335083 6.30475330352783 5.35453939437866 9.90075206756592 50.3902549743652 18.3712139129639 2.05610585212708 3.05889081954956 47.0888442993164 51.698314666748 8.67066287994385 2.59245729446411 4.46338510513306 5.35860109329224 4.51448106765747 5.10644817352295 13.0201253890991 4.97811555862427 6.09650039672852 5.96231460571289
