slauniainen/Data/DEM/Vihti_dem1500b_cl_horizonAngle_108.asc
NCOLS 196 
NROWS 178 
XLLCORNER 353680 
YLLCORNER 6699024 
CELLSIZE 16 
NODATA_value -3.4e+38 
[rows 80 to 99 of 178, columns 135 to 179 of 196]
0.0422734655439854 1.86321341991425 2.39596962928772 3.70047426223755 4.65281438827515 5.31292295455933 12.5038175582886 9.11352252960205 1.12888586521149 3.24091339111328 4.73131704330444 6.39769887924194 9.66246700286865 8.12648391723633 3.66689515113831 1.20537781715393 -2.00286078453064 -3.24097394943237 -0.760319352149963 -3.41088914871216 -3.17466497421265 -2.86266040802002 -2.50018787384033 -2.09802913665771 -1.57852149009705 -1.10931897163391 -0.221247643232346 0.595111608505249 0.895978331565857 1.10932743549347 1.50802278518677 1.82663691043854 2.01456642150879 2.19648957252502 2.31407976150513 2.4984655380249 2.59871315956116 2.67864441871643 2.7636981010437 2.72685432434082 2.76327800750732 2.74784994125366 2.51466178894043 2.67360353469849 2.89014387130737
-0.69699090719223 1.57684874534607 2.06729006767273 3.44187831878662 4.87572336196899 5.52566719055176 10.1541528701782 6.03832674026489 3.30912137031555 0.951535761356354 2.39512872695923 8.42450428009033 9.39685535430908 8.04531288146973 3.4409499168396 1.04684221744537 -2.61096167564392 -0.924426853656769 -2.72651195526123 -2.88911604881287 -2.9236433506012 -2.74589443206787 -2.51455450057983 -2.0247700214386 -1.57335114479065 -1.07205879688263 -0.289272904396057 0.442399442195892 0.767496228218079 1.09288322925568 1.31432092189789 1.71880888938904 1.93673551082611 2.13631653785706 2.32319402694702 2.43893718719482 2.5995147228241 2.68791103363037 2.88551926612854 2.98240041732788 3.02241849899292 3.03529620170593 2.98381280899048 3.14387822151184 3.30428719520569
-0.916851818561554 0.53717052936554 0.996017515659332 2.09665822982788 4.2546215057373 4.67095613479614 11.2405529022217 5.95801639556885 1.87500965595245 -1.01731693744659 -0.500332355499268 5.45604181289673 10.3469343185425 5.95861053466797 6.09622097015381 2.57943916320801 -1.44941210746765 -2.27321004867554 -1.64638733863831 -2.24058389663696 -2.22416877746582 -2.0851583480835 -1.95980310440063 -1.73118543624878 -1.62908041477203 -1.28713846206665 -0.669735789299011 0.0183285847306252 0.617956459522247 0.914133727550507 1.14561319351196 1.50858545303345 1.84989607334137 2.08259677886963 2.31830096244812 2.4308135509491 2.52793884277344 2.70584726333618 2.8201892375946 2.96895313262939 3.02405118942261 3.18538570404053 3.23344087600708 3.36458516120911 3.56470990180969
-1.16217362880707 0.0471313372254372 0.511125683784485 1.02994728088379 2.66452956199646 4.14765310287476 7.54306364059448 8.7571907043457 2.11595892906189 -1.44952476024628 -0.801064372062683 0.137004226446152 6.31668758392334 7.07349634170532 6.88033533096313 5.63004779815674 0.497061371803284 -1.8683739900589 -1.75029134750366 -1.66578698158264 -1.63539147377014 -1.49463558197021 -1.3290730714798 -1.27177107334137 -1.23739552497864 -1.33655679225922 -0.857679665088654 -0.410285294055939 0.194925129413605 0.522822856903076 1.03971195220947 1.41747999191284 1.76897585391998 2.17847084999084 2.74586153030396 2.99671053886414 3.09029865264893 2.97830867767334 2.81101870536804 2.87786746025085 3.04795718193054 3.15793108940125 3.27096700668335 3.35151100158691 3.68510270118713
-1.20729351043701 -1.14551711082458 -0.882585167884827 0.513779580593109 2.26964354515076 3.05919933319092 6.07995891571045 5.60420656204224 -0.508808374404907 -1.26584553718567 -1.03739166259766 -0.277903020381927 1.32845222949982 3.24610781669617 5.60615491867065 8.68309116363525 2.16111183166504 -1.40547204017639 -1.2635772228241 -1.06286776065826 -1.04458296298981 -1.08194661140442 -1.03006112575531 -0.973228216171265 -0.873960793018341 -0.784471571445465 -0.702074587345123 -0.520359039306641 -0.119766891002655 0.43863970041275 0.862821936607361 1.32708525657654 1.94166624546051 2.46664142608643 2.9684145450592 3.19770932197571 3.4223473072052 3.306560754776 3.38644051551819 3.45206642150879 3.31099486351013 3.13043689727783 3.21194219589233 3.41949772834778 3.59846448898315
0.603704035282135 -0.237525299191475 -1.28112435340881 -1.030801653862 -0.0248219557106495 0.406753331422806 6.84866523742676 5.1660795211792 -1.25142014026642 -1.19555938243866 -0.599340915679932 -0.633901476860046 0.634292423725128 2.74780750274658 3.95831489562988 5.79659461975098 3.42717528343201 -1.29578924179077 -1.07556247711182 -0.823076486587524 -0.6823850274086 -0.645318746566772 -0.59449690580368 -0.625641226768494 -0.565926015377045 -0.532151579856873 -0.39189612865448 -0.271822422742844 -0.15643422305584 0.38146385550499 0.839384734630585 1.41559278964996 2.10120940208435 2.56559753417969 2.9730339050293 3.2885103225708 3.4949107170105 3.59671807289124 3.69833946228027 3.80787658691406 3.66462230682373 3.75382542610168 3.82189035415649 3.66122317314148 3.5273380279541
3.83863186836243 -1.40553486347198 -1.5033928155899 -1.3655754327774 -1.25474584102631 -1.17197382450104 1.63366627693176 3.75147986412048 -1.08144783973694 -0.639028310775757 -0.3918476998806 -0.384710907936096 1.15865194797516 1.47317934036255 5.24685192108154 3.03214716911316 1.09684896469116 -1.19431483745575 -1.08017790317535 -0.670830547809601 -0.662799298763275 -0.639208078384399 -0.422302931547165 -0.341294199228287 -0.225292667746544 -0.0226480457931757 0.0459410063922405 0.258885473012924 0.512265801429749 0.609866380691528 1.02217233181 1.42759847640991 2.02703285217285 2.56432747840881 2.93878507614136 3.25742888450623 3.52955031394958 3.68428301811218 3.78909111022949 3.89080858230591 3.97468090057373 4.06845426559448 4.18781805038452 4.04441547393799 4.15585088729858
3.5221471786499 -1.43393099308014 -1.45976853370667 -1.33208167552948 -1.25496411323547 -1.16342961788177 -1.05884480476379 -0.578060269355774 -0.819424033164978 -0.249597772955894 -0.0466612093150616 0.00497639924287796 1.78711295127869 2.08235859870911 7.8479151725769 2.59405326843262 -0.636816799640656 -0.29904767870903 0.00362000032328069 0.930039823055267 -0.451725691556931 -0.914608895778656 -0.726447284221649 -0.52088063955307 -0.270047754049301 0.176947832107544 0.447118997573853 0.666132926940918 0.867957413196564 1.11562645435333 1.34749686717987 1.62703597545624 2.01933598518372 2.48676609992981 2.88862586021423 3.17380785942078 3.4893741607666 3.73406195640564 3.82532596588135 3.91232442855835 4.04923248291016 4.13396596908569 4.24173212051392 4.33980560302734 4.46021938323975
-0.651790499687195 0.87343156337738 -0.348963707685471 -1.25242376327515 -1.19705009460449 -1.1368054151535 -0.945230484008789 -0.853279948234558 -0.587132573127747 -0.216348946094513 0.0820959657430649 0.229393497109413 1.20601618289948 5.43922853469849 4.79923295974731 3.7739360332489 2.56842374801636 0.679995656013489 1.12231123447418 1.56914746761322 1.97423148155212 1.55294120311737 -0.962573409080505 -0.837088167667389 -0.63428395986557 -0.158270195126534 0.267568081617355 0.548435926437378 0.747527360916138 1.43320405483246 1.75686371326447 2.08965706825256 2.30255126953125 2.61405897140503 2.94267463684082 3.12533855438232 3.39309358596802 3.63375735282898 3.69753241539001 3.8366072177887 4.05280303955078 4.1347508430481 4.23290109634399 4.38544416427612 4.49369668960571
-0.570349097251892 0.0946799963712692 2.5340678691864 -1.03582978248596 -1.03472280502319 -0.955758094787598 -0.856743335723877 -0.721502304077148 -0.611116647720337 -0.258091598749161 0.109350420534611 0.571713507175446 1.20735013484955 4.62827444076538 5.98723030090332 2.56252074241638 4.67940807342529 1.92323231697083 2.77095913887024 3.58712983131409 4.50141763687134 7.14441061019897 -1.14499282836914 -1.01184093952179 -0.693910479545593 -0.485649198293686 -0.187807008624077 0.0192645266652107 0.370415091514587 0.960330188274384 1.41877841949463 1.77477359771729 2.85413098335266 3.17827939987183 3.50070381164551 3.7761971950531 4.11580085754395 4.41853809356689 3.77556133270264 3.65833306312561 3.89516234397888 3.97501349449158 4.1220064163208 4.35092258453369 4.42439270019531
0.226565226912498 0.346177220344543 0.589766025543213 0.993187606334686 -0.501901507377625 -0.643842697143555 -0.72336208820343 -0.619909882545471 -0.473449259996414 -0.231496706604958 0.016066761687398 0.526272714138031 0.846810400485992 1.99379420280457 4.12346410751343 6.41935062408447 4.53915357589722 1.83495485782623 3.37116837501526 3.98814797401428 6.76873016357422 9.37942314147949 -0.363566100597382 -1.1656790971756 -0.837863564491272 -0.571439385414124 -0.288396239280701 -0.0879056602716446 0.123868986964226 0.390073329210281 0.80061799287796 1.11020648479462 2.16539883613586 2.59928393363953 2.80891728401184 4.11071300506592 4.36351537704468 4.66301345825195 5.15310335159302 5.87831830978394 6.78462791442871 5.7812876701355 6.90395402908325 7.14522266387939 5.08402919769287
0.763507783412933 1.00342547893524 0.95524936914444 0.599910497665405 0.631830811500549 0.197741031646729 -0.151463478803635 -0.117082118988037 -0.229043737053871 -0.191188052296638 0.0772379264235497 0.374809980392456 0.762971699237823 1.5107809305191 3.29463505744934 5.7903881072998 4.79851388931274 1.64354825019836 2.65902519226074 3.23484683036804 9.09379768371582 7.47864103317261 0.758079409599304 -1.10240018367767 -0.898340165615082 -0.646565139293671 -0.344704836606979 -0.165180861949921 0.0549389347434044 0.294852912425995 0.536984264850616 0.828923106193542 1.28857743740082 1.70750284194946 2.00534343719482 3.00501942634583 3.25191187858582 3.54184436798096 5.30956649780273 6.03501510620117 7.59892797470093 9.67491245269775 12.9950885772705 13.6391630172729 6.47096920013428
1.21751964092255 1.49840545654297 1.63803935050964 1.31363797187805 1.35595810413361 1.27435123920441 0.907432615756989 0.969491183757782 0.601670265197754 0.37739560008049 0.482253670692444 0.377952456474304 1.21296048164368 1.60346341133118 3.28242182731628 3.8430380821228 3.0577290058136 2.21563291549683 2.08143091201782 2.30569195747375 6.30207204818726 7.0848503112793 2.63817977905273 -0.801405310630798 -0.787862420082092 -0.688036203384399 -0.479986667633057 -0.245809003710747 -0.0281319916248322 0.271490931510925 0.44913387298584 0.882079064846039 1.15345513820648 1.75769913196564 2.23061037063599 2.96793246269226 3.80702638626099 1.78499782085419 3.44673347473145 4.14764976501465 5.81262969970703 9.04506683349609 11.3333330154419 22.2961120605469 5.28865242004395
1.75405073165894 1.97775089740753 2.1193060874939 1.91350543498993 1.97025287151337 2.02029919624329 1.67353129386902 1.734703540802 1.67586767673492 1.37900328636169 1.55766785144806 1.14657938480377 1.24465918540955 1.62074625492096 3.44493794441223 3.53345608711243 1.81675398349762 0.49980702996254 1.31145405769348 1.76954901218414 2.97366404533386 4.75011157989502 4.9212121963501 3.98275828361511 -0.635217547416687 -0.621206045150757 -0.53944331407547 -0.308078169822693 -0.130321562290192 0.188384413719177 0.33987033367157 0.492964506149292 0.65032696723938 0.950313568115234 1.96853196620941 2.47884154319763 4.96119785308838 2.01018738746643 1.34538090229034 2.18449902534485 3.09648299217224 6.11147356033325 7.52681303024292 15.3038415908813 13.630220413208
2.12629699707031 2.31678032875061 2.36053109169006 2.3807520866394 2.46785593032837 2.54038739204407 2.30631041526794 2.37090921401978 2.42969870567322 2.09612846374512 2.22901797294617 2.20563244819641 1.8307009935379 1.87386405467987 2.58839559555054 3.95022559165955 1.12099146842957 0.270143896341324 0.599819123744965 1.47408032417297 2.29955458641052 2.64853954315186 4.09217929840088 4.961021900177 2.32696723937988 -0.521561145782471 -0.476122081279755 -0.349175602197647 -0.153223037719727 0.080327071249485 0.220099613070488 0.311452925205231 0.446376532316208 0.50661164522171 0.82630980014801 1.25810408592224 3.52278685569763 4.17122936248779 1.27122068405151 1.54443836212158 1.87184965610504 2.96328735351562 3.98139882087708 8.06880283355713 12.5155086517334
2.29798555374146 2.38034653663635 2.5200572013855 2.68864989280701 2.80986928939819 2.7988965511322 2.80781674385071 2.88421225547791 2.95457792282104 2.69595050811768 2.78465914726257 2.87658023834229 2.50433993339539 2.55686640739441 2.48519706726074 3.72970271110535 2.31742072105408 1.34529376029968 0.904923319816589 1.061931848526 1.44539844989777 2.60070562362671 2.65035247802734 3.55311989784241 3.8035991191864 0.484931856393814 -0.355969578027725 -0.329777836799622 -0.210169851779938 -0.0232881139963865 0.108360685408115 0.170343607664108 0.283754914999008 0.356788367033005 0.372015625238419 0.593028783798218 1.37421631813049 2.67835021018982 1.70999002456665 1.64234614372253 1.94376575946808 2.2368483543396 2.34146571159363 2.70396137237549 9.1233377456665
2.35976243019104 2.55667996406555 2.77886343002319 2.95078349113464 2.95621991157532 3.02385425567627 3.13536977767944 3.22861337661743 3.17712259292603 3.15924000740051 3.22484564781189 3.30630230903625 3.02207159996033 3.09409594535828 3.20543813705444 2.83320617675781 2.87554287910461 2.70569372177124 2.23151183128357 2.28118467330933 1.58115124702454 2.12076091766357 2.29007601737976 2.44872903823853 3.20896053314209 1.81638550758362 -0.141462787985802 -0.195790871977806 -0.111089177429676 -0.00222783396020532 0.0868655294179916 0.140116453170776 0.188066065311432 0.232495725154877 0.248693108558655 0.557981252670288 0.990967214107513 1.27341210842133 1.48528909683228 1.70064735412598 1.91952741146088 2.13460922241211 2.36507415771484 2.46133399009705 3.07764315605164
2.52082490921021 2.66736769676208 2.87046122550964 3.03332996368408 3.21756386756897 3.35995483398438 3.42951917648315 3.36403751373291 3.3729248046875 3.45347738265991 3.53513503074646 3.46580100059509 3.45682072639465 3.54506301879883 3.65291428565979 3.37469625473022 3.46205258369446 3.54508972167969 3.11485147476196 3.18820762634277 3.02737522125244 2.51233339309692 2.55046439170837 1.71855926513672 1.2839971780777 1.55770516395569 1.3841689825058 0.0928631722927094 0.0164286438375711 0.0509719476103783 0.0929176583886147 0.188552260398865 0.219587475061417 0.267803490161896 0.419079065322876 0.63888818025589 0.926259279251099 1.2451947927475 1.44437026977539 1.5833226442337 1.82315409183502 2.04120254516602 2.25181698799133 2.33604764938354 2.37629532814026
2.75831317901611 2.89913010597229 3.09179902076721 3.21604442596436 3.3623628616333 3.49252033233643 3.53603363037109 3.62967491149902 3.72534608840942 3.75861144065857 3.66208076477051 3.6775906085968 3.77647924423218 3.8745391368866 3.80354261398315 3.81224417686462 3.91943526268005 4.02946949005127 3.71501421928406 3.823246717453 3.9252564907074 3.47884750366211 3.56429553031921 3.35364460945129 2.81021881103516 2.89715600013733 1.97432100772858 2.23219156265259 1.27863705158234 1.09961307048798 0.583659708499908 0.309815496206284 0.376668632030487 0.341662794351578 0.446942985057831 0.665528059005737 0.908634722232819 1.1450229883194 1.3343653678894 1.50432968139648 1.72871804237366 2.03944754600525 2.15625715255737 2.25028467178345 2.27835464477539
3.09925127029419 3.2725772857666 3.38460755348206 3.4620418548584 3.65901827812195 3.78531050682068 3.75642323493958 3.7600724697113 3.83580422401428 3.87136173248291 3.96786689758301 4.07355260848999 4.1046314239502 4.00485610961914 4.05208492279053 4.17064905166626 4.27288246154785 4.1857385635376 4.20038843154907 4.33571624755859 4.47923278808594 4.15151453018188 4.24809074401855 4.37407350540161 3.91112899780273 4.03665399551392 3.81221842765808 3.19999957084656 3.26332592964172 3.33181953430176 2.24647378921509 1.68324089050293 1.68818938732147 1.15173578262329 0.725361108779907 0.666916251182556 0.907737910747528 1.12778317928314 1.28432965278625 1.41358840465546 1.62725031375885 1.94957554340363 2.09767961502075 2.21580672264099 2.21795845031738
