slauniainen/Data/DEM/Vihti_dem1500b_cl_horizonAngle_270.asc
NCOLS 196 
NROWS 178 
XLLCORNER 353680 
YLLCORNER 6699024 
CELLSIZE 16 
NODATA_value -3.4e+38 
[rows 120 to 139 of 178, columns 90 to 134 of 196]
5.56898546218872 10.3620300292969 13.0844469070435 12.26331615448 9.1556978225708 7.31179809570312 6.1216835975647 5.34624338150024 4.92765522003174 4.58795547485352 4.28559541702271 4.02155876159668 3.78889298439026 3.57063221931458 3.37172269821167 3.21397161483765 3.06770849227905 2.93756675720215 2.81985116004944 2.71053981781006 2.60936260223389 2.51565599441528 2.43149065971375 2.34555459022522 2.265052318573 2.20007395744324 2.11408448219299 1.83795404434204 1.33385002613068 0.687170326709747 0.337738692760468 0.229296714067459 5.84369802474976 0.219323307275772 -0.0496588796377182 -0.326424211263657 -0.495562106370926 -0.55570262670517 -0.850235283374786 -1.27107298374176 -1.47411417961121 15.6339731216431 34.7055244445801 30.8934345245361 26.365327835083
9.41497707366943 11.3833932876587 13.5441083908081 12.9745798110962 10.3900079727173 8.58674240112305 7.52684736251831 6.7164945602417 6.06060647964478 5.58129167556763 5.18746852874756 4.84604072570801 4.54968070983887 4.26795482635498 4.00213766098022 3.79483127593994 3.60492014884949 3.43654251098633 3.28156471252441 3.15160131454468 3.02212500572205 2.90364408493042 2.7975537776947 2.69519591331482 2.60016345977783 2.50362634658813 2.186847448349 1.71621656417847 1.14883327484131 0.221778348088264 -0.0792145356535912 1.08193731307983 6.26310682296753 0.645808041095734 -0.318017840385437 -0.610170066356659 -1.04991936683655 -1.22285914421082 -1.24921059608459 -1.51482033729553 -1.66205215454102 -1.3443169593811 27.7346324920654 38.5297737121582 32.771167755127
11.2842473983765 16.3895301818848 15.4577007293701 14.5200653076172 12.5029935836792 10.4332466125488 9.14836025238037 8.15389537811279 7.37121534347534 6.70050811767578 6.19066667556763 5.75196409225464 5.37481737136841 5.03209114074707 4.71661853790283 4.44730949401855 4.21744155883789 4.00381278991699 3.81246376037598 3.65236282348633 3.49642515182495 3.35159349441528 3.21965885162354 3.105144739151 2.99038648605347 2.8079400062561 2.21676969528198 1.62887036800385 0.840616464614868 -0.23914298415184 -0.289943873882294 6.06796455383301 4.19824123382568 0.829646050930023 -0.658459365367889 -1.05942463874817 -1.36933541297913 -1.59004867076874 -1.64708626270294 -1.79174733161926 -2.04976987838745 -2.05578446388245 15.4604740142822 23.4127998352051 38.6364517211914
13.4013681411743 18.3819389343262 16.9589347839355 15.6832914352417 13.4705476760864 11.4103841781616 9.99211406707764 8.93289470672607 8.07597541809082 7.3435320854187 6.73663568496704 6.24001121520996 5.83019161224365 5.46366786956787 5.12038898468018 4.83535242080688 4.57407140731812 4.34193897247314 4.14107227325439 3.95614314079285 3.78864336013794 3.63432478904724 3.49000811576843 3.36484384536743 3.24359631538391 2.9756293296814 2.15671992301941 1.58419322967529 0.42211127281189 -0.468476504087448 -0.710896193981171 9.29425811767578 7.48582553863525 2.98032593727112 -0.913894534111023 -1.35433268547058 -1.57461845874786 -1.90813517570496 -2.03194117546082 -2.10813355445862 -2.19764399528503 -1.08554232120514 9.52904891967773 10.9060106277466 20.9203243255615
11.5902347564697 24.9471054077148 21.9246578216553 19.0112590789795 16.091609954834 13.0538339614868 11.033299446106 9.70723342895508 8.65036392211914 7.78879022598267 7.13494920730591 6.59787034988403 6.13559579849243 5.72546672821045 5.35151815414429 5.03215408325195 4.76103734970093 4.5199875831604 4.30112314224243 4.11351823806763 3.93631529808044 3.77126336097717 3.61868619918823 3.47922515869141 3.36251902580261 3.0689582824707 2.09749722480774 1.36905026435852 0.567026436328888 -0.444187700748444 -0.874283611774445 0.870864033699036 8.60530376434326 3.53220391273499 -0.7132807970047 -1.2752822637558 -1.61483073234558 -1.89721763134003 -2.23665428161621 -2.14359664916992 -2.23644709587097 -2.14438796043396 6.28621387481689 5.48457622528076 17.4032192230225
13.1419906616211 31.7408618927002 25.8455486297607 21.9962177276611 18.0792007446289 14.680100440979 12.4477815628052 10.9457521438599 9.75611209869385 8.79679107666016 7.99857759475708 7.34531021118164 6.79786014556885 6.31040668487549 5.87731170654297 5.51208257675171 5.18932008743286 4.90052795410156 4.63515329360962 4.41854858398438 4.21929121017456 4.02819967269897 3.86522436141968 3.72403907775879 3.57385420799255 3.19563412666321 2.3242564201355 1.51928210258484 0.643629670143127 -0.160473421216011 -0.79216068983078 -0.941209852695465 1.43881833553314 0.102234162390232 -0.961987733840942 -1.10962271690369 -1.32787811756134 -1.58763515949249 -2.21199798583984 -2.30635023117065 -0.214548900723457 -0.40875256061554 3.93397855758667 5.91233777999878 6.94993591308594
15.1320056915283 29.7327690124512 24.9421520233154 21.3261318206787 16.8852081298828 13.9676942825317 12.0454473495483 10.5765762329102 9.43730926513672 8.5815601348877 7.86288213729858 7.27081441879272 6.76397037506104 6.31949186325073 5.91613578796387 5.56479406356812 5.25645065307617 4.97690296173096 4.72366189956665 4.50135087966919 4.29647445678711 4.10727500915527 3.94631218910217 3.79280424118042 3.58289813995361 3.06082201004028 2.36530900001526 1.63079285621643 0.775345683097839 -0.126647725701332 -0.667529284954071 -0.969469726085663 -0.499711275100708 -1.01193153858185 -1.16237485408783 -1.21178388595581 -1.3222873210907 -1.53077352046967 -2.20461869239807 -2.35082411766052 3.54337644577026 3.08690547943115 1.91888415813446 2.59547090530396 10.1104154586792
15.6352396011353 21.5426502227783 19.3378353118896 17.1241302490234 14.0542049407959 12.1449251174927 10.6610879898071 9.50587940216064 8.57280731201172 7.80076313018799 7.15893507003784 6.61004781723022 6.14221096038818 5.73578596115112 5.38076066970825 5.0792350769043 4.80005598068237 4.56051969528198 4.33999729156494 4.13827228546143 3.9526584148407 3.79239416122437 3.66126990318298 3.48755860328674 3.08146047592163 2.50477766990662 1.86349582672119 1.192498087883 0.467346429824829 -0.291953921318054 -0.83693253993988 -1.04967057704926 -1.05048716068268 -1.12096869945526 -1.27926564216614 -1.37348198890686 -1.4823911190033 -1.70000088214874 -2.26679110527039 -2.41094422340393 2.96809196472168 1.43476378917694 0.590253174304962 1.00308835506439 5.77260732650757
17.256067276001 16.8334197998047 16.1784477233887 15.1600933074951 13.1834859848022 11.4104928970337 10.0183897018433 8.92378902435303 8.04794311523438 7.31690883636475 6.71531820297241 6.20416688919067 5.7619194984436 5.37808799743652 5.03525972366333 4.73279428482056 4.46430778503418 4.24212598800659 4.03767013549805 3.84955191612244 3.67874503135681 3.5426778793335 3.41231513023376 3.14778971672058 2.58971905708313 2.00934195518494 1.31690788269043 0.453535109758377 -0.132813885807991 -0.684269607067108 -1.04671967029572 -1.24165368080139 -1.26836967468262 -1.3389036655426 -1.5056871175766 -1.62073385715485 -1.75991809368134 -2.13011980056763 -2.50725555419922 -2.6036593914032 -2.62919068336487 -2.66232347488403 0.935980498790741 -0.273232817649841 7.6339316368103
16.0370559692383 14.887225151062 13.8363647460938 13.0485649108887 11.3178243637085 9.78484630584717 8.59521389007568 7.65255069732666 6.88606452941895 6.2764630317688 5.74741554260254 5.30863189697266 4.93271589279175 4.6058874130249 4.3190336227417 4.05685424804688 3.83799147605896 3.63952255249023 3.46662640571594 3.30771231651306 3.16930150985718 3.04459691047668 2.92381024360657 2.68729758262634 2.10289931297302 1.52221584320068 0.74996280670166 -0.107783898711205 -0.606873571872711 -1.09341287612915 -1.36759281158447 -1.57773494720459 -1.65461564064026 -1.77792489528656 -2.00999617576599 -2.26614761352539 -2.48821759223938 -2.93217182159424 -3.10818457603455 -1.05948746204376 -2.05514168739319 -3.157639503479 -1.7777373790741 0.779877483844757 7.70463943481445
12.8380222320557 11.2865657806396 10.397852897644 9.77914237976074 8.2570219039917 7.13398170471191 6.26475524902344 5.57014751434326 5.01008176803589 4.55552768707275 4.20028352737427 3.94222927093506 3.68650221824646 3.45481777191162 3.24988675117493 3.06389260292053 2.89990305900574 2.75463700294495 2.62159061431885 2.50375080108643 2.3947377204895 2.29489898681641 2.20145750045776 2.02387499809265 1.53362441062927 0.937465310096741 0.391520142555237 -0.205015078186989 -0.674152016639709 -1.06299662590027 -1.37288200855255 -1.6385817527771 -1.82353830337524 -2.05690741539001 -2.29456067085266 -2.70460534095764 -3.09656143188477 -3.33912920951843 -3.56941246986389 -3.6040952205658 -2.38320755958557 -3.17969536781311 -1.19336199760437 1.05806720256805 5.76411533355713
8.07681083679199 8.19482803344727 7.56622505187988 6.50566625595093 5.33963203430176 4.59188079833984 4.10587120056152 3.5965051651001 2.796626329422 2.36364221572876 2.1483371257782 4.05099678039551 11.4679269790649 6.46355199813843 4.41048240661621 3.46035647392273 2.88742208480835 2.47069931030273 2.14996385574341 2.0844030380249 2.02326226234436 1.96630191802979 1.89283382892609 1.74800515174866 1.44192588329315 0.972852945327759 0.478937417268753 -0.11796435713768 -0.595638394355774 -1.09733629226685 -1.46032786369324 -1.94219636917114 -2.14928722381592 -2.36449933052063 -2.67014622688293 -2.95698547363281 -3.21273684501648 -3.49474334716797 -3.83233094215393 -3.98899030685425 -2.75486731529236 -1.27176356315613 1.77058613300323 2.27666902542114 5.30967283248901
5.58395099639893 6.09534311294556 5.24093198776245 4.25110626220703 4.02692222595215 3.78896927833557 3.41419434547424 2.98456025123596 2.36783194541931 1.82550799846649 1.34019947052002 1.02495229244232 18.048755645752 17.3833522796631 13.6408042907715 11.4085845947266 9.38660049438477 7.74819326400757 6.80078268051147 5.94178295135498 5.30378866195679 4.74738168716431 4.10658645629883 3.34872198104858 2.34847497940063 0.95918345451355 0.328920185565948 -0.283783704042435 -0.815362155437469 -1.33503484725952 -1.77313494682312 -2.22602319717407 -2.4359769821167 -2.52396249771118 -2.82740592956543 -3.0274064540863 -3.34583640098572 -3.66535973548889 -4.07155752182007 -4.28932619094849 -2.01131987571716 1.31935930252075 3.23769283294678 4.14776182174683 3.83611607551575
5.74169397354126 4.91640472412109 4.62510919570923 4.30870294570923 3.82353806495667 3.50062251091003 2.98657083511353 2.30722332000732 1.71989369392395 1.26236522197723 0.347290635108948 -0.0360823087394238 11.2986783981323 22.5810165405273 17.3033466339111 15.3518018722534 13.44602394104 10.8433284759521 9.97226715087891 9.54505062103271 8.46773242950439 7.54620218276978 6.64624691009521 5.68545484542847 4.21308135986328 2.54360055923462 0.213346809148788 -0.753136515617371 -1.4661557674408 -1.83849906921387 -2.07553100585938 -2.18657565116882 -2.36613059043884 -2.53925609588623 -2.8340859413147 -3.0914888381958 -3.41969704627991 -3.78239011764526 -4.1569390296936 -4.41357946395874 -0.943846762180328 3.43613147735596 4.19904279708862 3.582035779953 3.45515990257263
5.14276266098022 4.65782403945923 4.13310575485229 3.73626041412354 3.25521159172058 2.75721836090088 2.21427607536316 1.69736909866333 1.11311066150665 0.629310607910156 -0.167813450098038 -0.597906112670898 5.06549835205078 10.458890914917 7.24274253845215 27.6125602722168 22.8599910736084 18.0905876159668 15.3743162155151 14.2385149002075 12.5170278549194 10.4604177474976 8.88812828063965 7.2405686378479 5.03121662139893 2.7318263053894 -0.476331889629364 -1.19589388370514 -1.69995248317719 -2.02509665489197 -2.15451693534851 -2.24493741989136 -2.32198047637939 -2.51690721511841 -2.8475124835968 -3.09299564361572 -3.41317892074585 -3.77263140678406 -4.08931541442871 -4.34548854827881 -2.46755933761597 3.42006993293762 4.66213369369507 3.75500273704529 4.34578323364258
4.22922086715698 3.81720423698425 3.46266007423401 2.98152923583984 2.34256672859192 1.53139936923981 0.971819281578064 0.756501913070679 0.272634148597717 -0.185957431793213 -0.352627724409103 -0.717127442359924 0.0460354648530483 5.17903280258179 4.66389799118042 11.7742938995361 21.3371086120605 19.1926078796387 17.7899513244629 16.3013515472412 14.9173583984375 12.1791944503784 9.96563529968262 7.99438571929932 4.73188972473145 2.13691878318787 -0.652333199977875 -1.48788166046143 -1.91297805309296 -2.26320052146912 -2.34488964080811 -2.35392737388611 0.146821424365044 -2.24482178688049 -2.8452615737915 -3.06463027000427 -3.36464142799377 -3.66889309883118 -3.94246172904968 -4.27685737609863 -3.31159925460815 3.83025479316711 3.72238445281982 3.71650338172913 3.43871784210205
3.36221981048584 3.06372785568237 2.72332262992859 2.18459916114807 1.34677588939667 0.591590464115143 0.0344478748738766 -0.0607515312731266 -0.26632833480835 -0.503753125667572 -0.515740156173706 -0.726599752902985 -0.76996248960495 3.13740873336792 4.91610050201416 8.78182125091553 12.6014566421509 14.6039609909058 18.325553894043 16.5224151611328 14.6903448104858 12.9954195022583 10.0168762207031 7.36417388916016 4.21595764160156 1.08284485340118 -1.2775559425354 -1.68023705482483 -1.97410929203033 -2.37835764884949 -2.41793179512024 3.15682983398438 2.55803537368774 0.724025249481201 -0.902172923088074 -1.75379431247711 -2.36260223388672 -2.8737998008728 -3.39269590377808 -4.04686498641968 -3.95249605178833 1.98127615451813 4.5529317855835 4.43726015090942 2.98741912841797
2.48369956016541 2.18694090843201 1.71663892269135 0.921724855899811 0.288279682397842 -0.178238570690155 -0.381052792072296 -0.493686467409134 -0.56902140378952 -0.67744255065918 -0.160864189267159 -0.68903374671936 -0.75127774477005 3.03792285919189 7.02627038955688 6.9973521232605 6.91691064834595 8.45874786376953 10.8835515975952 8.25507736206055 6.5942177772522 19.7766761779785 14.6234607696533 6.36348676681519 3.71955370903015 0.255323380231857 -1.44971299171448 -1.89899110794067 -2.14579510688782 -2.3415424823761 -2.43796586990356 3.58640360832214 2.93969941139221 1.02699565887451 0.0572369657456875 -0.931725025177002 -1.58804476261139 -2.09372663497925 -2.62346434593201 -3.16125750541687 -3.29672908782959 -0.712925672531128 3.12773895263672 3.01044654846191 1.91761064529419
1.65332496166229 1.3085732460022 0.836919069290161 0.212043628096581 -0.350389987230301 -0.562365710735321 -0.700275242328644 -0.791365265846252 -0.718061149120331 0.608656227588654 1.73941516876221 1.229532122612 0.464620262384415 1.69718790054321 5.63451242446899 5.06873750686646 4.5897068977356 4.13938426971436 3.46166014671326 2.37633466720581 4.85236215591431 10.1747989654541 30.5476226806641 12.5055885314941 4.21515417098999 -0.279325217008591 -1.52571702003479 -1.98853170871735 -2.26778507232666 -2.36741662025452 -2.44462943077087 1.88603532314301 2.50821781158447 0.538421630859375 0.267475098371506 -0.174535378813744 -1.1131489276886 -1.64181292057037 -2.15882706642151 -2.44569754600525 -2.59545731544495 -2.81952142715454 -0.286483079195023 2.12755441665649 1.24706387519836
1.2267484664917 0.60265851020813 -0.0435401722788811 -0.176666721701622 -0.303252577781677 -0.450875222682953 -0.572476267814636 -0.660253524780273 -0.702521979808807 1.57636499404907 2.38994407653809 2.15224528312683 2.07347750663757 1.46290528774261 1.32901203632355 1.16903340816498 1.63754260540009 0.447620242834091 0.189012512564659 0.107666008174419 0.899543941020966 7.6669135093689 34.3725204467773 19.23659324646 8.694411277771 -0.31795409321785 -1.71526730060577 -2.14518046379089 -2.42135548591614 -2.56574606895447 -2.60866928100586 -0.991699039936066 3.61617469787598 2.59672522544861 1.47688794136047 1.11191761493683 -0.0209495555609465 -0.987797915935516 -1.59675109386444 -1.71704769134521 -2.00339007377625 -2.3803117275238 -1.90901410579681 0.286100596189499 1.46573925018311
