slauniainen/Data/DEM/Vihti_dem1500b_cl_horizonAngle_114.asc
NCOLS 196 
NROWS 178 
XLLCORNER 353680 
YLLCORNER 6699024 
CELLSIZE 16 
NODATA_value -3.4e+38 
[rows 140 to 159 of 178, columns 135 to 179 of 196]
-1.15114176273346 -2.44198441505432 -2.20308899879456 -1.75314176082611 2.77871084213257 10.6898708343506 4.9753794670105 -1.75513732433319 -1.20627903938293 -1.52184534072876 -2.02913808822632 -2.41515564918518 -2.391681432724 -2.29681944847107 -2.05875945091248 -1.79154634475708 0.773126542568207 1.5403858423233 3.10469388961792 4.46104907989502 0.13488233089447 -2.17450833320618 -2.08204865455627 -2.06379652023315 -2.05867052078247 -1.8116637468338 -1.78905892372131 -1.36878514289856 -0.646330773830414 -0.251256763935089 1.72898972034454 3.10433959960938 4.50908422470093 1.30327582359314 1.18597590923309 1.57803273200989 2.09104347229004 3.47235894203186 3.99921560287476 4.29601287841797 4.06521034240723 2.39641380310059 1.77847385406494 1.80073809623718 0.373529940843582
-2.21725869178772 -2.24203681945801 -2.07410335540771 -1.77266681194305 -1.57836866378784 2.64064693450928 6.31971025466919 -1.35111606121063 -1.9933100938797 0.08193489164114 -2.16489315032959 -2.16205787658691 -2.08256459236145 -1.95680344104767 -1.78862345218658 -1.23705267906189 0.915959596633911 3.10992383956909 5.02480697631836 1.70671451091766 -1.9474858045578 -1.85096549987793 -1.71630573272705 -1.49911272525787 -1.5107147693634 -1.52354598045349 -1.45425379276276 -1.32330250740051 -1.00217080116272 -0.659793615341187 -0.213928237557411 2.0709125995636 7.35675287246704 2.60847616195679 0.583366274833679 1.19077813625336 2.09993839263916 3.14754748344421 4.7323751449585 5.55611705780029 5.55048894882202 6.27413320541382 6.23821592330933 4.3171443939209 3.17537450790405
-2.10932660102844 -2.09879660606384 -1.99661302566528 -1.80643713474274 -1.51332128047943 -0.32577782869339 3.78360629081726 2.31242918968201 -0.732784688472748 -0.532466232776642 -1.93599414825439 -1.84679019451141 -1.70448124408722 -1.54119038581848 -1.32311403751373 -1.10751867294312 0.421415060758591 5.35904788970947 1.97281682491302 -1.33790016174316 -1.59364426136017 -1.51581585407257 -1.31540787220001 -1.21847105026245 -1.14399218559265 -0.982776999473572 -0.278426468372345 -1.10578835010529 -1.11938345432281 -0.853576302528381 -0.524449348449707 -0.11674789339304 5.01171207427979 4.60149717330933 0.222469702363014 0.81843638420105 1.84391188621521 2.85788369178772 4.24883127212524 5.74053478240967 7.08007621765137 8.3363094329834 9.0379114151001 8.9385232925415 7.50819253921509
1.38495802879333 -2.0844464302063 -2.05458164215088 -1.91293621063232 -1.52591145038605 -1.22407579421997 0.323091834783554 4.68775320053101 0.280609250068665 -1.01628017425537 -1.70941174030304 -1.58529043197632 -1.30606889724731 -1.0767765045166 -0.917531251907349 -0.888690888881683 -0.841047048568726 1.86627626419067 1.0159797668457 0.703474164009094 0.813995957374573 1.75267481803894 3.50511956214905 2.50214004516602 -1.16926419734955 -1.07456278800964 -0.591036260128021 1.36214745044708 -1.12770867347717 -0.899749577045441 -0.388837873935699 -0.14748552441597 0.0268563013523817 2.0986065864563 1.9885892868042 0.585009515285492 1.19756948947906 2.44396924972534 2.87132453918457 4.2466516494751 6.24447822570801 9.23680686950684 10.7028131484985 10.2097797393799 5.93028497695923
9.10574531555176 -1.99638092517853 -2.08738160133362 -2.02210903167725 -1.66137051582336 -1.20447909832001 -1.02969288825989 3.15298914909363 0.725518584251404 -1.2952709197998 -1.27152764797211 -1.17209339141846 -0.922192335128784 -0.517813861370087 -0.366038352251053 -0.354901909828186 -0.0343535393476486 0.0697415322065353 0.763651907444 1.10459244251251 1.66913545131683 4.40676403045654 5.25241136550903 7.65470361709595 -1.14941573143005 -1.0779447555542 -0.879784464836121 0.886296629905701 -0.862786769866943 -0.835468709468842 -0.200583517551422 0.208622321486473 0.402549922466278 0.556094527244568 0.548401832580566 0.97012197971344 0.799173772335052 1.55107033252716 1.7702409029007 2.76740145683289 3.94610667228699 5.96391248703003 8.58113861083984 16.2134780883789 7.10171937942505
8.69315624237061 1.42530298233032 -2.09734010696411 -2.0532066822052 -1.70998179912567 -1.27420139312744 -0.930204212665558 -0.847754061222076 0.478184103965759 -0.880864202976227 -0.886754155158997 -0.756977558135986 -0.574156045913696 -0.373562216758728 -0.0406239666044712 0.430923640727997 0.819545984268188 1.62790012359619 1.8290376663208 2.68694281578064 3.89427614212036 5.1160774230957 6.42233180999756 8.10077857971191 0.343581706285477 -0.878912925720215 -0.661275684833527 -0.393226653337479 -0.327564775943756 -0.2879458963871 0.0228776261210442 0.507285356521606 0.763660311698914 0.92797464132309 1.06979203224182 1.06338787078857 1.06871926784515 0.827885210514069 0.818515241146088 1.58606278896332 2.28479337692261 3.66791486740112 5.98612213134766 11.0714302062988 12.9235181808472
5.99558019638062 2.80526447296143 -1.96792161464691 -1.94744396209717 -1.70440185070038 -1.27235496044159 -0.81655615568161 -0.688178896903992 -0.552355587482452 -0.467977046966553 -0.454679727554321 -0.300897926092148 -0.158182606101036 -0.0520807541906834 0.367401003837585 0.534072399139404 0.484298646450043 2.04261350631714 2.44976091384888 5.04523038864136 6.71208906173706 8.89183330535889 3.03383612632751 3.88100481033325 2.8351628780365 -0.566979765892029 -0.398091912269592 -0.160872548818588 0.103147856891155 0.193085953593254 0.351648092269897 0.869838178157806 1.14249897003174 1.19757091999054 1.24606537818909 1.30968654155731 1.3272043466568 1.40548455715179 1.28358960151672 0.731244802474976 0.924794137477875 2.45422124862671 3.98430824279785 6.61130237579346 8.80442142486572
2.40202617645264 3.50951814651489 -1.77821207046509 -1.75505328178406 -1.57914090156555 -1.14977443218231 -0.757742464542389 -0.499484300613403 -0.330984950065613 -0.129742980003357 0.0196512304246426 0.151458293199539 0.272494316101074 0.437469124794006 0.702258884906769 0.804000377655029 0.79158490896225 1.82154107093811 3.08558630943298 5.89908981323242 7.90169191360474 9.94266414642334 -0.354209095239639 -0.252227544784546 0.987629473209381 0.29071769118309 0.00251875258982182 0.235310256481171 0.502252161502838 0.635277271270752 0.73514199256897 1.0481036901474 1.20129859447479 1.33634424209595 1.41033232212067 1.47457158565521 1.5903662443161 1.72244453430176 1.53071236610413 1.01654648780823 0.263508349657059 0.160678520798683 1.38183188438416 5.51703262329102 3.91241455078125
2.02193450927734 1.52285540103912 1.72344708442688 -1.63191306591034 -1.46275067329407 -1.087721824646 -0.66766744852066 -0.382003486156464 -0.121779456734657 0.154299527406693 0.42622646689415 0.637901604175568 0.781504571437836 0.90623140335083 1.04901003837585 1.15665757656097 1.19849479198456 1.29251098632812 3.35251665115356 4.91317462921143 10.1719932556152 8.86321640014648 0.141279995441437 0.302543878555298 0.542906284332275 0.589939892292023 0.599654495716095 0.747759103775024 1.07029068470001 1.21019327640533 1.27808141708374 1.27306270599365 1.23169529438019 1.28619074821472 1.2876193523407 1.49277567863464 1.60356998443604 1.33037316799164 1.4406635761261 1.10321724414825 0.502619981765747 -0.237972781062126 -0.599210917949677 1.1965024471283 2.62731528282166
0.153105154633522 0.120976127684116 2.24859976768494 -1.44807720184326 -1.37271642684937 -1.0714339017868 -0.621377110481262 -0.240453749895096 0.15618859231472 0.425287693738937 0.656315624713898 1.0931898355484 1.28762495517731 1.35313928127289 1.47900009155273 1.50815784931183 1.60597670078278 1.62310409545898 2.2281129360199 4.18646097183228 10.3644886016846 6.30767250061035 0.668719351291656 0.795742690563202 0.997099816799164 1.26659369468689 1.35590386390686 1.38751327991486 1.50714135169983 1.91422367095947 1.70974290370941 1.50850605964661 1.39052617549896 1.43077301979065 1.3824303150177 1.20931923389435 1.39133846759796 1.91544413566589 2.1099009513855 1.28167235851288 0.741445362567902 -0.0925895422697067 -0.865482330322266 -1.17780721187592 -0.121467903256416
-1.39553534984589 -0.714974403381348 2.1092472076416 -1.16247427463531 -1.11565589904785 -0.950294256210327 -0.59802633523941 -0.0223519392311573 0.494645059108734 1.11243212223053 1.43363702297211 1.74466729164124 1.93413984775543 2.11082339286804 1.97304975986481 1.9847754240036 2.00455403327942 2.01757907867432 2.07297301292419 3.28216314315796 7.40278100967407 5.39230346679688 1.30826342105865 1.38959813117981 1.54195690155029 1.67108964920044 1.79901194572449 2.04296612739563 2.34575843811035 2.61787796020508 2.74992918968201 2.67032265663147 1.85925245285034 1.58589780330658 1.39951348304749 1.39740097522736 1.51869809627533 1.31431484222412 1.94863891601562 1.54597949981689 0.434291750192642 0.15133672952652 -0.110419042408466 -0.488685578107834 -0.842441201210022
-0.857288658618927 -1.21294045448303 -0.294296592473984 -1.04136097431183 -0.944734215736389 -0.715956747531891 -0.325795769691467 0.316597580909729 1.09136581420898 1.8381575345993 2.12586259841919 2.59216070175171 2.73687291145325 2.79940009117126 2.94186639785767 2.92995357513428 3.11680316925049 3.01322388648987 3.02072334289551 3.20200991630554 2.90071845054626 2.24084448814392 2.24465322494507 2.20478129386902 2.06618785858154 2.0748336315155 2.2929162979126 2.635258436203 2.87131786346436 2.83854269981384 3.14203476905823 3.07041478157043 1.77522134780884 1.71743965148926 1.5979483127594 1.51073169708252 1.51303279399872 1.30339086055756 1.11809778213501 1.14994013309479 0.810011029243469 0.571763396263123 0.45765283703804 0.211443364620209 0.0392437539994717
-1.20826041698456 -1.11056387424469 -0.993120670318604 -0.95112407207489 -0.857447803020477 -0.628755152225494 -0.00358260795474052 0.605440616607666 1.33791613578796 2.18338799476624 2.68098402023315 3.15141940116882 3.41099119186401 3.63810992240906 3.68353819847107 3.7603223323822 4.15022850036621 4.15136480331421 4.33475828170776 4.54477405548096 4.18633556365967 5.35477304458618 3.71740818023682 2.54733896255493 2.87379193305969 3.10480666160583 3.21858978271484 2.98028826713562 2.94223284721375 2.84458374977112 2.88583898544312 2.91356706619263 2.2611620426178 2.24138689041138 1.95158112049103 1.69959700107574 1.62389504909515 1.64177358150482 1.54263818264008 1.33255898952484 1.16398501396179 1.05090641975403 0.906849920749664 0.748944282531738 0.714845299720764
-0.962413728237152 -0.739985525608063 2.5216338634491 -0.952778995037079 -0.904518187046051 -0.636917769908905 -0.0940302163362503 0.623239815235138 1.50215148925781 2.33320736885071 2.89196109771729 3.48139071464539 3.98707938194275 4.18719530105591 4.35077953338623 4.47603750228882 4.89800214767456 5.08735036849976 5.61649608612061 6.05241727828979 6.45320558547974 7.29188919067383 4.41483402252197 2.20576643943787 2.48502230644226 2.91113305091858 3.11014866828918 3.07249808311462 2.97088122367859 2.85709476470947 2.69959425926208 2.86305451393127 2.90752577781677 2.82206583023071 2.25357413291931 1.77319025993347 1.78220427036285 1.85801184177399 1.79623425006866 1.67142617702484 1.6536306142807 1.48453545570374 1.37887752056122 1.28460383415222 1.20012092590332
-0.758148968219757 -0.563605844974518 2.36703419685364 -0.382992178201675 -0.339667052030563 -0.218078300356865 0.0885269716382027 0.696116328239441 1.51125502586365 2.10277986526489 2.92486119270325 3.61941504478455 4.11614227294922 4.55541801452637 4.93248987197876 5.04970932006836 5.44747638702393 5.94093561172485 6.46640539169312 7.11650705337524 8.08975219726562 10.1841154098511 5.33195352554321 2.73623967170715 2.2643826007843 2.31734132766724 2.92372179031372 2.97521328926086 3.21481418609619 2.90930509567261 2.7484176158905 2.54924750328064 2.68820142745972 2.54410147666931 2.35854148864746 1.95952582359314 1.85977602005005 1.809525847435 1.88401937484741 1.91081595420837 1.89993405342102 1.8881162405014 1.88647305965424 1.75759589672089 1.65171253681183
-0.734584271907806 -0.392716467380524 0.0411218628287315 0.0678007677197456 0.274686813354492 0.633230626583099 0.902374267578125 1.28403031826019 1.89793169498444 2.20580983161926 2.84280514717102 3.55082607269287 4.09902238845825 4.6834979057312 5.08797407150269 5.56943130493164 6.02483940124512 6.6115198135376 7.11670351028442 8.23585891723633 9.07513618469238 10.1781787872314 8.09100437164307 4.25338125228882 2.98952460289001 2.11989402770996 1.95970892906189 2.63293242454529 3.63279175758362 3.02328824996948 2.13342547416687 2.13274216651917 2.31722116470337 2.44389867782593 2.98138499259949 2.36582350730896 1.91884064674377 1.86564946174622 1.93530738353729 1.9449235200882 2.01541495323181 2.11207270622253 2.19652247428894 2.21676588058472 2.21601986885071
-0.422168731689453 -0.015602758154273 0.159298494458199 0.299994021654129 0.780401825904846 1.19404458999634 1.85038006305695 2.34328365325928 2.82453203201294 3.06257247924805 3.41825890541077 3.58259558677673 4.13278150558472 4.51930856704712 5.03584337234497 5.63035821914673 6.17423582077026 6.89831590652466 7.5137767791748 8.095703125 8.71607685089111 10.6792058944702 11.2291450500488 5.60723447799683 2.68050265312195 1.7822333574295 1.33980107307434 1.86117482185364 2.73784875869751 2.53307795524597 1.87675893306732 1.90884149074554 2.09973096847534 2.54730844497681 2.82865977287292 2.44677925109863 1.87810909748077 1.89945554733276 1.98116016387939 2.05092906951904 2.15605664253235 2.14973425865173 2.3091516494751 2.5194239616394 2.56754541397095
0.970527708530426 0.971827328205109 1.22733271121979 1.44164490699768 1.49878573417664 2.00861692428589 2.50800156593323 2.93843936920166 3.25484228134155 3.72053456306458 3.95317053794861 4.06217956542969 4.14370203018188 4.6191463470459 5.03721570968628 5.77655553817749 6.68196201324463 7.67276906967163 7.73017120361328 7.39995908737183 8.18448448181152 9.10483551025391 9.66937065124512 6.69039583206177 4.58541870117188 2.0715868473053 1.05797398090363 1.27469921112061 1.46591138839722 1.98588192462921 2.02268695831299 1.95503485202789 2.0969672203064 2.63625812530518 2.60664224624634 1.82383191585541 1.76015913486481 1.75902211666107 1.93307268619537 2.0600962638855 2.24803185462952 2.33037710189819 2.52859687805176 2.82442855834961 2.85353183746338
2.19260406494141 2.27996516227722 2.78203582763672 2.97618722915649 3.24724102020264 3.56911444664001 3.59702515602112 3.94488334655762 3.76386547088623 4.02208757400513 4.3715238571167 4.53438711166382 4.88268899917603 5.43150568008423 5.73030853271484 6.74886703491211 7.50654697418213 8.09619426727295 7.23718500137329 6.54579973220825 6.97476005554199 7.33058786392212 7.57394695281982 7.86002445220947 5.62591886520386 1.90817022323608 0.619301557540894 0.902342259883881 1.11756420135498 1.40143871307373 1.85869026184082 2.44753503799438 2.41371488571167 2.66439747810364 2.43906497955322 1.65866506099701 1.78361654281616 1.82020139694214 1.79673433303833 1.89159166812897 2.20296835899353 2.42946600914001 2.72181630134583 2.97741198539734 3.07062602043152
3.55387830734253 3.45563244819641 3.72395467758179 3.91766929626465 4.08590745925903 4.05006217956543 4.35421466827393 4.46808910369873 4.46096467971802 4.86580276489258 5.34173583984375 5.20280599594116 5.8137264251709 5.87831687927246 6.82862710952759 7.3652286529541 8.35746765136719 8.30002689361572 6.86186170578003 5.17063474655151 5.22915267944336 7.16590118408203 6.22090625762939 7.2214879989624 6.52650308609009 1.63318157196045 0.251293182373047 0.444746017456055 1.05955266952515 1.01213204860687 1.96272325515747 2.53046822547913 3.13923287391663 3.60892748832703 2.95725798606873 1.53956830501556 1.61604559421539 1.67499220371246 1.868856549263 1.97457492351532 2.12135553359985 2.26231503486633 2.56996011734009 3.04006767272949 3.26341152191162
