slauniainen/Data/DEM/Vihti_dem1500b_cl_horizonAngle_210.asc
NCOLS 196 
NROWS 178 
XLLCORNER 353680 
YLLCORNER 6699024 
CELLSIZE 16 
NODATA_value -3.4e+38 
[rows 40 to 59 of 178, columns 0 to 44 of 196]
1.47846972942352 1.65436279773712 1.78056728839874 1.77629745006561 1.48935294151306 1.12927353382111 0.856983840465546 0.710062205791473 0.612798869609833 0.83711576461792 0.945652186870575 1.05223751068115 1.24552702903748 1.22877931594849 1.37210941314697 1.28905689716339 1.33680331707001 1.35253620147705 1.30256927013397 1.1845874786377 0.924729764461517 0.789231836795807 0.716574251651764 0.711950957775116 0.699980974197388 0.517321169376373 0.224550291895866 0.123334683477879 0.468691527843475 4.04690742492676 3.14327812194824 1.71832668781281 1.68208861351013 1.94798278808594 2.09889698028564 2.47603440284729 2.42483687400818 2.82517838478088 2.5988564491272 2.44923543930054 2.1525182723999 1.68075311183929 1.30542635917664 1.21313393115997 1.25178444385529
1.80615735054016 1.89863288402557 1.94464087486267 1.77771103382111 1.43384623527527 1.14670670032501 0.886106550693512 0.706679284572601 0.792236149311066 0.952813506126404 1.07203018665314 1.20949983596802 1.37362229824066 1.53757035732269 1.4336062669754 1.41647803783417 1.43105173110962 1.51783168315887 1.46248972415924 1.40329432487488 1.20970571041107 1.09934151172638 1.017538189888 0.955818653106689 0.904037594795227 0.694524228572845 0.413344085216522 0.342305153608322 0.477780997753143 0.682255387306213 2.63248157501221 2.95615744590759 2.0330376625061 2.13930225372314 2.65883803367615 2.74608898162842 3.13128328323364 2.85654950141907 2.79554390907288 2.37419581413269 2.19829344749451 1.84877860546112 1.56846106052399 1.57714343070984 1.51521646976471
2.61467719078064 2.56573343276978 2.0110137462616 1.70790135860443 1.37759923934937 1.13806641101837 0.924075484275818 0.962100148200989 1.13844692707062 1.24432861804962 1.36088454723358 1.58248436450958 1.54687666893005 1.66904187202454 1.58318603038788 1.59844541549683 1.63780474662781 1.61307263374329 1.61696815490723 1.50967729091644 1.3787841796875 1.30702126026154 1.29906189441681 1.27317583560944 1.10126399993896 0.995696306228638 0.932576060295105 0.890912771224976 0.839993119239807 0.824767470359802 1.27090764045715 2.01143717765808 2.03411650657654 2.87968015670776 3.91182398796082 3.44044923782349 3.03792929649353 2.98239731788635 2.78323411941528 2.49442028999329 2.00848460197449 1.87114417552948 1.84550869464874 1.76759111881256 1.71357762813568
2.14767789840698 2.18536162376404 3.79762268066406 2.63626956939697 1.37592470645905 1.17173635959625 1.31352305412292 1.38181364536285 1.35837590694427 1.44864809513092 1.55405747890472 1.76578736305237 1.91841065883636 1.74505007266998 1.77762985229492 1.83518838882446 1.80837404727936 1.7721700668335 1.7246345281601 1.60425388813019 1.51579809188843 1.53011918067932 1.58638346195221 1.47389364242554 1.34430742263794 1.22236812114716 1.26930618286133 1.37316715717316 1.19506478309631 1.17579054832458 1.75114059448242 2.08646702766418 2.34570837020874 5.6955189704895 5.59428310394287 4.09409618377686 3.1757709980011 2.96505522727966 2.66152596473694 2.47021842002869 2.10829591751099 2.09987354278564 1.98164439201355 1.95704019069672 2.00738930702209
2.13969993591309 2.02178716659546 1.87219333648682 1.59188520908356 2.03369355201721 1.79415893554688 1.76775205135345 1.90941917896271 2.00908041000366 1.97715640068054 2.24959063529968 2.08833241462708 2.10926651954651 1.93847060203552 1.89948725700378 2.00978064537048 1.99381303787231 1.93697440624237 1.85252022743225 1.68995976448059 1.65437459945679 1.67780900001526 1.72251200675964 1.70887470245361 1.61730873584747 1.60124003887177 1.62587201595306 1.6334570646286 1.89858305454254 1.87852251529694 2.00116038322449 2.19964146614075 2.34406089782715 4.9024829864502 7.09071636199951 4.06887817382812 3.33420538902283 2.84362816810608 2.62798738479614 2.34051322937012 2.39836955070496 2.30398344993591 2.18596196174622 2.27381014823914 2.27960324287415
2.16140413284302 1.97814404964447 1.70898044109344 1.48408150672913 1.48129630088806 1.89856505393982 2.11392760276794 2.04471111297607 2.18896579742432 2.53792095184326 2.49332714080811 2.61146306991577 2.25307130813599 2.19064021110535 2.24239993095398 2.15670704841614 2.15014600753784 2.07171678543091 1.92361760139465 1.88939273357391 1.83139717578888 1.90553045272827 1.9054673910141 1.94234251976013 1.96695137023926 1.94326150417328 2.07708811759949 2.15702605247498 2.16795372962952 2.52293181419373 2.5831093788147 2.4859631061554 2.96437621116638 2.90468454360962 6.57908296585083 5.47883749008179 3.27501153945923 3.29286527633667 2.90596890449524 2.70652675628662 2.66898989677429 2.501051902771 2.4868528842926 2.51672673225403 2.65180063247681
2.07943630218506 1.91567957401276 1.60206234455109 1.599400639534 2.12420129776001 2.34493517875671 2.43178081512451 2.64885878562927 2.51196002960205 2.89562487602234 2.99378538131714 2.57125735282898 2.56910943984985 2.52022695541382 2.53964447975159 2.502516746521 2.35935115814209 2.24461364746094 2.12371563911438 2.08930921554565 2.13324189186096 2.1360125541687 2.22901272773743 2.24058628082275 2.33397245407104 2.70124626159668 2.92185020446777 2.84727191925049 2.89345026016235 2.90403437614441 2.9157874584198 2.88160800933838 3.21767663955688 3.40541911125183 3.32682657241821 3.51425123214722 4.91214466094971 4.17951679229736 3.69658088684082 3.16639924049377 3.01145553588867 2.82530307769775 2.85965609550476 2.88518071174622 2.7404317855835
1.95887100696564 1.74964094161987 1.56202030181885 1.60735464096069 2.47699975967407 3.16301083564758 3.22276735305786 3.07497429847717 3.63982248306274 3.59978795051575 3.40281128883362 3.02127575874329 2.93235182762146 2.86859607696533 2.76092386245728 2.72683191299438 2.6238706111908 2.43007564544678 2.3584680557251 2.35544276237488 2.35491919517517 2.39692854881287 2.49016189575195 2.54459166526794 2.67250490188599 3.06515765190125 3.64014840126038 3.73514342308044 3.48988723754883 3.53354072570801 3.51182699203491 3.94190382957458 3.34005188941956 3.80189514160156 4.39909887313843 5.26085615158081 8.13926219940186 7.11712026596069 4.31631088256836 3.69024229049683 3.25882339477539 3.20805811882019 3.11971473693848 3.26008486747742 2.7279839515686
1.79206418991089 1.63219332695007 1.48498785495758 1.2888115644455 1.78536736965179 2.90382480621338 3.74645566940308 3.91822409629822 4.19177961349487 4.25734901428223 3.64688968658447 3.43982148170471 3.44953036308289 3.29893898963928 3.14390873908997 2.98050117492676 2.83266854286194 2.64162516593933 2.58622980117798 2.62004947662354 2.62364816665649 2.70896291732788 2.73222780227661 2.92430591583252 3.44356536865234 3.87825083732605 3.9690420627594 4.18309450149536 4.09837007522583 4.24921894073486 5.05926704406738 4.66617250442505 5.03439664840698 6.22677230834961 4.02113914489746 2.91243267059326 4.37051010131836 5.92251110076904 6.83955478668213 4.18718576431274 3.78620624542236 3.58394861221313 3.62192630767822 3.56427240371704 2.79112982749939
1.67545974254608 1.59254240989685 1.30904650688171 1.23432397842407 1.51040768623352 2.22691822052002 3.36789059638977 5.11306047439575 5.59945297241211 4.82846641540527 4.27565288543701 4.14113855361938 4.01900672912598 3.72022342681885 3.51598525047302 3.29277896881104 3.22626709938049 3.12533354759216 3.03047490119934 2.98416972160339 2.87473464012146 2.98136210441589 3.08213114738464 3.35740065574646 3.74089121818542 4.5718207359314 4.5700159072876 4.83216714859009 5.04768466949463 5.07063484191895 5.55728197097778 5.11525297164917 4.0930438041687 3.7261803150177 3.29674100875854 2.88758683204651 2.76522469520569 4.21114921569824 5.77351379394531 5.66585874557495 4.39886093139648 4.2701473236084 4.07719945907593 3.65570998191833 3.27955198287964
1.63576114177704 1.52956187725067 1.30850839614868 0.992152094841003 0.948028564453125 1.1846741437912 2.31898522377014 5.1303391456604 6.28899335861206 5.39882040023804 5.34143781661987 4.87267589569092 4.71003770828247 4.3515944480896 4.06200790405273 3.84669518470764 3.67697215080261 3.68421578407288 3.64313149452209 3.52719593048096 3.55947756767273 3.55702686309814 4.08406114578247 4.49466991424561 4.83341455459595 5.20654964447021 5.42431116104126 6.33407020568848 5.90369892120361 6.24427175521851 5.28225088119507 5.29678678512573 4.25959920883179 3.62568044662476 3.05454635620117 2.69692754745483 2.72281169891357 3.37549495697021 4.52688503265381 5.29023361206055 4.57696676254272 4.84843158721924 4.14569425582886 3.74739861488342 3.5688853263855
1.57143211364746 1.35463666915894 1.27370083332062 0.697953224182129 0.330481767654419 0.249646291136742 0.186171323060989 0.987232327461243 4.88840627670288 4.5205979347229 5.69053602218628 5.80087947845459 5.65307760238647 5.05766820907593 4.64650201797485 4.48362445831299 4.51019048690796 4.4917573928833 4.23149967193604 4.3014760017395 4.31450223922729 4.48705196380615 5.13834619522095 5.58829307556152 5.59734964370728 6.57711553573608 7.41206026077271 6.87117338180542 6.69899988174438 6.85177421569824 6.3377480506897 5.01724720001221 4.58614873886108 3.44976854324341 2.88914966583252 2.21456718444824 3.3203592300415 3.83291554450989 4.38327169418335 4.96230983734131 5.37457847595215 5.08673095703125 4.39180183410645 4.16195249557495 4.15311050415039
1.38927662372589 1.32180511951447 0.935819089412689 0.395823270082474 0.273115158081055 0.166105687618256 0.238734304904938 0.115303359925747 2.4502694606781 3.16395401954651 4.38565874099731 5.44158363342285 5.73185110092163 5.63595008850098 5.58382940292358 5.42199850082397 5.20061779022217 5.30098533630371 5.08001947402954 5.24603843688965 5.05472230911255 5.34612226486206 5.59085464477539 6.514488697052 8.10009479522705 7.67309141159058 8.43401050567627 8.12236785888672 8.30771541595459 7.16269683837891 6.88408422470093 5.42636489868164 4.43459033966064 3.58321475982666 2.37078237533569 1.53359341621399 3.4245879650116 4.34206438064575 5.5695595741272 5.5405535697937 5.82476472854614 4.82883501052856 4.729407787323 4.67326307296753 4.56154680252075
1.38950371742249 1.06669044494629 0.72386622428894 0.515792191028595 0.337011367082596 0.338682383298874 0.243888765573502 0.201976016163826 0.389950484037399 2.04788446426392 3.25310969352722 4.06925296783447 4.57980155944824 4.97679710388184 5.36478328704834 5.97932100296021 6.91939067840576 7.08173561096191 6.19213771820068 5.00978994369507 4.96090126037598 6.59469032287598 8.20444488525391 8.383864402771 9.52230644226074 10.6514091491699 9.15758895874023 9.8790979385376 8.67450141906738 8.2321949005127 6.44011497497559 5.86968851089478 4.2739109992981 3.35201382637024 2.37093496322632 0.943203210830688 2.75057649612427 3.18805718421936 5.89610528945923 7.06104516983032 5.94920015335083 5.08751678466797 5.40582609176636 5.57803201675415 5.59461545944214
1.36287236213684 0.789642214775085 0.616156041622162 0.621204614639282 0.54850161075592 0.454739779233932 0.326839774847031 0.32082936167717 0.299254685640335 0.307451277971268 2.31213808059692 3.34452152252197 3.44928479194641 3.26608848571777 3.9870924949646 5.04107904434204 6.6906270980835 5.56469440460205 5.02102947235107 6.38574171066284 8.86155414581299 10.0585012435913 10.4308204650879 14.0063629150391 13.2984762191772 12.1369609832764 10.8398771286011 10.5797843933105 9.69336223602295 7.69413089752197 6.9467887878418 5.63367795944214 4.52469444274902 2.81263113021851 1.58935844898224 0.709791481494904 1.9439891576767 1.58891236782074 4.49519681930542 8.27752685546875 5.43748569488525 5.32748413085938 6.25536966323853 7.02148103713989 6.82951259613037
1.10157060623169 0.625234603881836 0.656061887741089 0.567002296447754 0.465733796358109 0.317833214998245 0.365870416164398 0.359553694725037 0.270066857337952 0.160419255495071 0.656095504760742 2.53011703491211 3.13714361190796 2.6110315322876 2.72634100914001 3.23265099525452 3.8930983543396 5.11769676208496 6.10959672927856 6.29732894897461 8.36597156524658 9.93999671936035 9.82547473907471 13.4040184020996 16.5407943725586 13.5545873641968 12.6036205291748 11.1666479110718 10.4234619140625 8.30005264282227 6.50263023376465 5.45097684860229 4.22407054901123 2.95524096488953 1.08757448196411 0.109267398715019 0.396046191453934 -0.411036759614944 1.65661835670471 7.1449670791626 5.27086782455444 4.78381013870239 5.72592687606812 7.16326332092285 8.31658363342285
0.808185756206512 0.687571406364441 0.655890882015228 0.678387701511383 0.503139555454254 0.447482973337173 0.459716141223907 0.733333826065063 0.379143953323364 0.182185441255569 0.157725632190704 1.1700245141983 1.848060131073 2.11446452140808 2.30856037139893 2.27713370323181 2.92744469642639 3.47763729095459 3.74715518951416 2.95362663269043 3.99880838394165 7.27475214004517 5.47711420059204 7.73732757568359 16.8228340148926 15.182671546936 13.665657043457 12.2929201126099 10.0281791687012 8.77499103546143 6.36160230636597 5.01549959182739 3.71158623695374 2.13533234596252 0.973296403884888 -0.0150736505165696 -0.397203266620636 -0.630611956119537 -0.69061279296875 4.43613290786743 3.7867169380188 3.89326238632202 4.96669292449951 6.54585123062134 8.08542728424072
0.653705418109894 0.936137318611145 0.568653643131256 0.654026806354523 0.653969824314117 0.556619882583618 0.692547559738159 0.802012264728546 0.449085503816605 0.189172357320786 0.207441031932831 1.40441942214966 1.35894203186035 1.83722770214081 2.06113266944885 2.11428761482239 1.96130156517029 2.12828254699707 2.29041504859924 1.94302117824554 1.31110775470734 3.76590466499329 5.42628479003906 4.23808908462524 9.49578666687012 16.5162467956543 15.8196058273315 13.5515165328979 10.9910907745361 7.87560653686523 6.73771715164185 4.49012851715088 2.6654257774353 1.4375638961792 0.406805098056793 0.216434001922607 -0.415850251913071 -0.628132224082947 -0.72203403711319 1.9302499294281 1.49324786663055 1.10633087158203 2.70936679840088 5.26394319534302 7.0448112487793
0.570150256156921 0.94655054807663 0.995128452777863 0.554859578609467 0.677532494068146 0.631774187088013 0.446073889732361 0.41852542757988 0.318658649921417 0.370542705059052 0.156576842069626 0.799317002296448 1.12324750423431 1.58384668827057 2.44531536102295 2.08369135856628 1.65203106403351 2.01178765296936 2.58084535598755 1.72199618816376 0.33089154958725 -0.241591110825539 2.57904076576233 2.3576352596283 4.33062553405762 17.1620388031006 18.540075302124 14.5266666412354 11.8499507904053 8.27168941497803 6.267737865448 4.91372060775757 2.33798623085022 0.797181487083435 0.424429774284363 0.126301348209381 -0.166025444865227 -0.582907378673553 -0.709671199321747 -0.688312530517578 -0.393312752246857 -0.702996611595154 -0.774094045162201 1.05823493003845 6.79932928085327
0.414396911859512 0.571707904338837 0.782943248748779 0.843826591968536 0.847298860549927 0.99000746011734 0.444358378648758 0.590769410133362 0.32499286532402 0.249691382050514 0.0640362054109573 0.339106470346451 1.73624467849731 2.5842432975769 1.57346296310425 1.69334530830383 2.17374038696289 2.19005155563354 2.40619564056396 1.4625506401062 0.448208749294281 -0.805811941623688 -0.887092769145966 -0.931844055652618 -1.12738823890686 3.85164737701416 18.1851139068604 19.3423271179199 10.9160623550415 9.70834541320801 5.89786386489868 3.51811146736145 2.43377828598022 1.14045464992523 0.492093563079834 0.164260357618332 -0.166385993361473 -0.528006970882416 -0.629359006881714 -0.642858147621155 -0.65670919418335 -0.708620131015778 -0.855512499809265 -1.00268459320068 1.61117911338806
