slauniainen/Data/DEM/Vihti_dsm1500b_cl_horizonAngle_102.asc
NCOLS 196 
NROWS 178 
XLLCORNER 353680 
YLLCORNER 6699024 
CELLSIZE 16 
NODATA_value -3.4e+38 
[rows 20 to 39 of 178, columns 46 to 91 of 196]
1.752445936203 12.1926574707031 -5.35567426681519 -5.08376026153564 -2.24631929397583 1.99340832233429 -4.77016162872314 -4.23960065841675 1.92263770103455 5.1510968208313 6.07046127319336 18.5265846252441 16.2812995910645 31.3398456573486 18.4422550201416 -4.60583353042603 -4.50187158584595 -3.81967449188232 -3.65151262283325 11.0355558395386 3.21906447410583 -3.46732068061829 -3.3074312210083 -3.18802237510681 -2.41621685028076 6.04396820068359 -2.24586081504822 11.6087980270386 -1.70562565326691 -0.998687744140625 -0.886884748935699 -0.810496151447296 -0.785485506057739 -0.269647061824799 0.441522002220154 -0.381474077701569 -0.21444645524025 0.133857801556587 -0.499438107013702 -0.766677141189575 -0.24150039255619 -0.723027050495148 -0.716910302639008 -0.669073760509491 -0.638044059276581 -0.576494097709656
-2.53585648536682 -5.02312612533569 -4.8851752281189 -3.26183748245239 -4.66595935821533 -4.47533512115479 -4.30004978179932 -4.18169975280762 0.73462176322937 1.56174492835999 6.87631845474243 20.745584487915 15.5450439453125 15.7455549240112 18.7714328765869 -4.33533763885498 -4.02376794815063 -3.86589455604553 -3.57561683654785 -3.32357001304626 0.451231211423874 1.32556867599487 -2.77993941307068 3.04776191711426 6.65281772613525 -2.22682929039001 -2.11085247993469 -1.99517893791199 -0.964122712612152 -0.823459208011627 -0.84304404258728 -0.849115908145905 -0.762160539627075 -0.612631380558014 -0.0776728615164757 0.220327153801918 -0.172598361968994 -0.593112468719482 -0.523546755313873 -0.318099141120911 -0.151254191994667 -0.14258673787117 -0.692384541034698 -0.666582822799683 -0.615637421607971 -0.54680073261261
6.28913450241089 -4.65776824951172 -4.32865333557129 -4.13846683502197 -3.51658177375793 -2.61341762542725 -1.01149094104767 0.939528286457062 5.08509302139282 -2.02922105789185 12.9137306213379 30.8590927124023 -3.45389533042908 21.7955112457275 23.5405960083008 -3.83575391769409 -3.40319180488586 -3.25318884849548 -3.18107032775879 -1.7647123336792 -2.779860496521 12.6880493164062 -2.47455096244812 3.34758996963501 1.98214387893677 -2.23592066764832 -2.08938837051392 25.3874988555908 -1.88141083717346 -0.476722538471222 -0.768387675285339 -0.69059818983078 -0.489713072776794 0.109938591718674 0.240790069103241 -0.601754665374756 -0.172830581665039 -0.0161465667188168 -0.0973027795553207 -0.508931338787079 -0.397660881280899 -0.392757058143616 -0.663865745067596 -0.659997045993805 -0.609784126281738 -0.548210740089417
-3.10575079917908 -3.98021912574768 3.17614102363586 -3.78911733627319 -2.00824189186096 8.71597576141357 -3.51993322372437 -1.36263084411621 14.8944988250732 8.44798946380615 30.0412731170654 -3.44210052490234 6.73859453201294 2.20140624046326 0.467923134565353 10.5396108627319 -1.10053050518036 -0.0275611765682697 -2.8145227432251 -2.30665397644043 0.95877069234848 27.1848659515381 -2.28553891181946 -2.1383535861969 -1.8217248916626 2.06761932373047 -1.48645889759064 -0.635432243347168 -0.529371500015259 -0.46491613984108 -0.168500274419785 0.0331264138221741 0.0436858832836151 -0.500468492507935 -0.470960527658463 -0.216488644480705 0.0449562966823578 0.0503111593425274 -0.207472920417786 -0.695667207241058 -0.499642997980118 -0.595174908638 -0.628714680671692 -0.619616329669952 -0.597885608673096 -0.550959229469299
-3.88411998748779 0.862582266330719 -3.5422694683075 -3.43513083457947 -2.50934314727783 18.175594329834 -2.19740271568298 2.17266821861267 -2.05309343338013 -1.37309682369232 7.28968715667725 24.86887550354 -2.77807712554932 3.32380342483521 0.014259890653193 0.958586812019348 2.64462113380432 -0.899755120277405 2.5231716632843 11.634934425354 2.24135875701904 11.0034284591675 -2.13485026359558 -2.01231026649475 -1.44389235973358 -1.40960276126862 -0.389179557561874 -0.242047995328903 -0.0245800130069256 0.440955132246017 0.89637553691864 1.03296780586243 -0.457869708538055 -0.36684113740921 -0.196490108966827 0.0380987897515297 0.112656995654106 -0.241322815418243 -0.671822190284729 -0.649049878120422 -0.618088126182556 -0.588642060756683 -0.564987540245056 -0.553758919239044 -0.539767801761627 -0.536965429782867
-3.63199687004089 1.07783567905426 5.87216711044312 9.96300411224365 0.223903387784958 -3.00808453559875 -1.79934144020081 -0.475993126630783 6.65831089019775 13.3273334503174 -2.85755157470703 -0.887224972248077 5.50984001159668 4.74939966201782 1.67183434963226 -1.43757879734039 -1.91356539726257 6.2727222442627 16.0166988372803 -2.12813091278076 8.16584396362305 -1.83992910385132 -1.81230628490448 -1.46855163574219 -0.889619469642639 -0.719586491584778 0.257466197013855 0.391827434301376 0.635256707668304 1.09754538536072 1.4954035282135 0.776490330696106 0.00647501926869154 -0.261116325855255 -0.26178565621376 0.116126716136932 0.240489542484283 -0.598179876804352 -0.611947596073151 -0.585096895694733 -0.5594881772995 -0.53257954120636 -0.493605047464371 -0.478023827075958 -0.473708003759384 -0.487744122743607
4.01404142379761 11.0956258773804 22.9555797576904 -0.74867045879364 6.73550939559937 15.4024505615234 -3.02591514587402 3.32701635360718 -0.0755047202110291 5.64219903945923 7.4935359954834 -2.4781334400177 -2.35673069953918 4.03221750259399 16.1426372528076 3.04864048957825 -2.24946236610413 -1.78043341636658 -1.51389718055725 1.19601774215698 27.6267719268799 -1.4850926399231 -1.35468482971191 -1.02931213378906 -0.856321334838867 0.390418946743011 0.75235116481781 0.898219227790833 1.1451199054718 1.71458268165588 1.88023591041565 1.09779119491577 0.263493180274963 0.25535175204277 -0.326356559991837 -0.129063040018082 0.208688676357269 -0.541875183582306 -0.533246040344238 -0.500901222229004 -0.480588495731354 -0.460213512182236 -0.447073936462402 -0.428424865007401 -0.415692031383514 -0.421748518943787
7.63826751708984 15.4300546646118 13.1692953109741 19.7562065124512 13.1841201782227 -3.33786749839783 -2.82916712760925 -2.73109889030457 -2.67709231376648 -1.09204506874084 9.87197780609131 -2.52907919883728 5.33488941192627 -2.09200406074524 -1.35993254184723 1.29520118236542 -1.16808879375458 -0.835740149021149 -0.380333870649338 6.93602275848389 18.3655872344971 4.17757225036621 -0.978944718837738 -0.532548666000366 -0.202244147658348 1.08796679973602 1.46226298809052 1.88669717311859 2.25201654434204 2.25882935523987 1.0903080701828 0.898751854896545 0.666213929653168 0.421565324068069 0.445647209882736 -0.367825478315353 -0.393787741661072 -0.42280450463295 -0.425771504640579 -0.396934062242508 -0.392460972070694 -0.391058534383774 -0.386465340852737 -0.380840361118317 -0.365840703248978 -0.368293076753616
6.09306240081787 9.11181259155273 26.4022903442383 17.6092662811279 22.8727512359619 -3.51324558258057 -3.31951665878296 -2.95181393623352 2.90365886688232 20.5729160308838 -0.929682016372681 -2.41514658927917 -2.18221426010132 0.902521193027496 -1.98141157627106 -1.13426768779755 1.48530554771423 3.42622780799866 11.8077068328857 -0.657056629657745 17.3438472747803 -0.596133828163147 -0.45584899187088 7.38307428359985 1.17180037498474 1.45481610298157 1.6201251745224 2.40756916999817 3.0041663646698 1.67641484737396 0.953461050987244 0.589895784854889 0.664574921131134 0.630401015281677 0.489794582128525 -0.155659630894661 -0.272678196430206 -0.289126068353653 -0.264608561992645 -0.25068262219429 -0.257436484098434 -0.28524062037468 -0.322566866874695 -0.315170228481293 -0.314786285161972 -0.305797189474106
11.0127010345459 15.6552505493164 23.0119113922119 23.0763683319092 1.41660094261169 1.31045746803284 -3.32858157157898 -2.98937344551086 -2.75691294670105 14.7103128433228 -2.37873983383179 4.94014120101929 15.6917591094971 -1.73293781280518 -1.25227022171021 -0.444574445486069 6.89937210083008 20.549991607666 0.171857580542564 0.190899759531021 4.02001619338989 9.68798446655273 10.7394647598267 14.8809585571289 7.21205902099609 12.0296230316162 -0.30152416229248 2.92782545089722 3.28534936904907 2.3085560798645 1.14712727069855 0.469257652759552 0.568553626537323 0.647638261318207 0.419284164905548 -0.117031499743462 -0.144052311778069 -0.166105046868324 -0.144800871610641 -0.128027945756912 -0.138809874653816 -0.157189935445786 -0.0336181856691837 -0.184296756982803 -0.193176850676537 -0.200231418013573
11.8062782287598 26.4498825073242 16.8674221038818 6.94431447982788 7.34795999526978 -1.33774995803833 0.863718569278717 -3.36742949485779 -3.08390283584595 -2.34196925163269 -2.13958144187927 5.82551574707031 16.9674377441406 -1.59100043773651 -0.84418123960495 0.877027571201324 10.1352090835571 13.7040576934814 -0.897382795810699 10.2948360443115 19.9372425079346 38.3206176757812 3.61579370498657 -0.706518650054932 5.85062599182129 14.6912775039673 -0.655365884304047 1.08159947395325 3.34737777709961 3.26747179031372 1.5235652923584 0.826040506362915 0.432411074638367 0.541611015796661 0.552750051021576 -0.00995426997542381 -0.0318430662155151 -0.039116982370615 -0.0322578437626362 -0.00668866652995348 -0.0033591624815017 -0.0338882096111774 0.0118367178365588 0.143064841628075 -0.0748400762677193 -0.0752145946025848
9.94890689849854 24.2291679382324 11.2166519165039 13.9653911590576 2.50279688835144 4.73433017730713 12.8282403945923 -3.35304832458496 -2.08924245834351 -2.22804641723633 -1.42643642425537 0.659842252731323 3.86202454566956 -1.3113899230957 -0.843229115009308 -0.502570807933807 4.26586103439331 7.9592661857605 14.0279941558838 27.3043384552002 20.7641506195068 -0.777292728424072 44.9867134094238 -0.667539298534393 -0.303158700466156 -0.142416134476662 3.04786682128906 3.99061584472656 4.04376602172852 3.19750785827637 2.57999801635742 1.23807954788208 0.669970035552979 0.267249703407288 0.355691194534302 0.402236878871918 0.0637346431612968 0.0531899333000183 0.0686695873737335 1.16127514839172 1.20566725730896 0.109922841191292 0.114299468696117 0.147296950221062 0.124196842312813 0.085849717259407
10.549017906189 30.7733421325684 9.30042552947998 2.26612901687622 3.04371762275696 17.1190509796143 -2.54455971717834 -2.83012557029724 -2.20954728126526 -1.7596241235733 14.0360622406006 30.4917240142822 -1.87842440605164 -0.629285097122192 2.86849880218506 14.4097080230713 1.45275676250458 17.9179344177246 35.7475395202637 4.17083644866943 4.79028511047363 1.02304327487946 -0.648760676383972 26.1616554260254 44.4606781005859 -0.598051726818085 -0.396725445985794 0.192708611488342 3.68293452262878 3.66893577575684 2.74261498451233 1.94359040260315 0.943792104721069 0.45953893661499 0.178438112139702 0.195697814226151 0.159386798739433 0.167204886674881 0.161976099014282 1.32767641544342 1.37778162956238 1.25266587734222 1.2790994644165 1.31242096424103 1.35147631168365 1.3796638250351
19.0933246612549 29.9842319488525 12.6000261306763 2.17673349380493 15.8640775680542 0.642196655273438 -2.28548264503479 1.51657605171204 -1.76247835159302 -1.30553126335144 4.19210529327393 1.09288620948792 -1.16111850738525 4.56571102142334 8.4859561920166 7.53794574737549 16.8453903198242 36.8509826660156 4.03941917419434 0.572802662849426 4.18901109695435 14.9929790496826 50.8309669494629 -0.867012202739716 -0.394423514604568 42.6399345397949 -0.46385258436203 0.105993904173374 4.43071508407593 2.93587756156921 3.10743141174316 2.24244856834412 1.11658084392548 0.934601187705994 0.408506691455841 0.258201062679291 0.28616139292717 2.0803484916687 2.13661670684814 1.35571455955505 1.32011258602142 1.42863464355469 1.46355807781219 1.49277806282043 1.5281378030777 1.5672162771225
8.99330806732178 18.9837970733643 24.9575042724609 7.44230985641479 4.26998853683472 -1.3115576505661 -1.05237221717834 -0.919655621051788 -1.04755997657776 -1.67903673648834 1.3616464138031 26.512170791626 -0.311596810817719 10.6610956192017 5.70994758605957 21.6411666870117 41.5403633117676 0.165866181254387 5.11357021331787 1.99769639968872 24.5657176971436 42.3410911560059 5.35021734237671 7.94572401046753 -0.654796242713928 0.851585388183594 46.3836364746094 -0.573688268661499 4.45036315917969 3.0187292098999 2.25455331802368 2.69210338592529 1.58414542675018 1.2325633764267 0.758735001087189 0.392412036657333 0.39624160528183 0.871485531330109 1.47084283828735 2.21731495857239 2.29612684249878 2.35917067527771 2.41849946975708 2.47291684150696 1.55326974391937 1.48372161388397
6.85059070587158 8.12383842468262 8.65190315246582 7.94362306594849 0.0990001037716866 5.88012313842773 -0.282745480537415 -0.252348601818085 11.4631462097168 -0.028921477496624 0.136260539293289 0.457707107067108 7.42610311508179 0.706734180450439 24.3507041931152 45.2269744873047 0.261621445417404 2.19923734664917 21.6607513427734 38.1773109436035 18.7290649414062 0.416893899440765 0.783731281757355 1.66272962093353 7.52763080596924 19.9776954650879 -0.836496889591217 21.7318859100342 0.267640143632889 3.39499640464783 1.42014253139496 1.85047423839569 2.6623067855835 1.36739003658295 1.10617566108704 0.569933950901031 0.583438336849213 0.571036338806152 1.20859479904175 1.24850642681122 1.58203530311584 1.62884771823883 1.66681480407715 1.70559692382812 2.51865148544312 2.56769227981567
6.13529062271118 12.6307182312012 0.463117718696594 6.08566999435425 -0.304081469774246 0.805875480175018 2.28320407867432 3.04205203056335 8.94902229309082 12.4343156814575 18.4522476196289 0.296925008296967 17.6492023468018 35.3353080749512 1.99082791805267 7.93144416809082 19.355297088623 34.8192977905273 21.4706745147705 0.430500656366348 2.24799370765686 4.86327028274536 6.7809534072876 8.20477294921875 9.89503860473633 16.0882205963135 3.42273116111755 5.04978609085083 -0.611950933933258 3.46031832695007 2.04451394081116 1.19113707542419 2.16308307647705 3.23409795761108 1.35272705554962 0.842521905899048 0.885641098022461 0.755774617195129 1.21327221393585 1.24179422855377 1.27984595298767 1.30830514431 1.33920788764954 1.3665828704834 1.46989238262177 1.73342144489288
2.5776219367981 31.7031345367432 10.9252071380615 26.0473880767822 1.29286444187164 1.41949033737183 14.3751964569092 6.54121732711792 12.3713636398315 10.7502145767212 25.5697116851807 45.4117050170898 1.14773786067963 1.41515326499939 4.76816606521606 48.0788269042969 1.2931911945343 5.01375913619995 0.952831149101257 9.04778289794922 3.57630181312561 1.63045120239258 9.8769063949585 5.58271026611328 11.9324855804443 14.8654813766479 2.46721029281616 0.591533243656158 11.9463109970093 0.213795274496078 2.66376543045044 1.4943265914917 1.5004278421402 2.73828077316284 3.57789921760559 1.2087436914444 1.24644947052002 1.07539308071136 1.11523008346558 1.3031986951828 1.33275198936462 1.26595973968506 1.2811793088913 1.30553603172302 1.33051729202271 1.36639356613159
19.3283863067627 20.3737335205078 14.5484962463379 12.1374492645264 14.5277013778687 13.2614440917969 15.0245447158813 31.6962509155273 50.7967834472656 0.42423340678215 0.54229599237442 2.65850853919983 6.46666383743286 50.3316688537598 1.4290828704834 1.4523960351944 1.51379978656769 1.51276838779449 8.36686706542969 1.80431628227234 1.16102111339569 1.3949271440506 6.63876628875732 19.1661758422852 6.80707836151123 1.13375544548035 2.38034391403198 7.25321483612061 0.622924208641052 3.21910262107849 0.725072860717773 5.19728660583496 5.42130661010742 5.74132013320923 4.99916172027588 2.90359330177307 1.5213440656662 1.55152475833893 1.56404960155487 1.76977729797363 1.87461686134338 1.62588262557983 1.28624355792999 1.16740453243256 1.14908313751221 1.29556155204773
17.1115169525146 31.7161293029785 50.7122917175293 3.79783797264099 0.503593742847443 1.78797781467438 8.47433376312256 1.1867835521698 5.72410726547241 1.25426948070526 5.52611780166626 50.2904968261719 0.999622046947479 1.93453633785248 6.46188497543335 7.46039819717407 1.01829946041107 4.66713285446167 1.16376709938049 1.58704268932343 1.60614478588104 1.88417017459869 1.97664308547974 4.34761428833008 1.41121077537537 1.46509563922882 1.4782133102417 1.63286447525024 1.63484513759613 3.19827318191528 5.55224895477295 0.878268957138062 2.99003195762634 3.01713085174561 6.32220220565796 6.7699294090271 7.18677997589111 7.80599451065063 6.7405800819397 2.11267948150635 2.24750661849976 2.42856192588806 2.18906164169312 1.29687345027924 1.11260807514191 1.1075564622879
