slauniainen/Data/DEM/Vihti_dem1500b_cl_horizonAngle_30.asc
NCOLS 196 
NROWS 178 
XLLCORNER 353680 
YLLCORNER 6699024 
CELLSIZE 16 
NODATA_value -3.4e+38 
[rows 0 to 19 of 178, columns 45 to 89 of 196]
6.72154903411865 8.13096904754639 9.48698329925537 10.4082117080688 8.55750465393066 3.91379737854004 2.25820994377136 3.64131903648376 3.25054860115051 1.28178787231445 0.775643944740295 0.742214977741241 0.788225650787354 0.683421492576599 0.455989629030228 0.217758387327194 0.34272313117981 0.576256811618805 0.695666611194611 0.572060883045197 0.653970539569855 0.853830456733704 1.17302238941193 1.61540031433105 3.18819761276245 4.34000444412231 4.47151279449463 4.13881683349609 5.14341068267822 8.02061176300049 7.13618946075439 -1.28721141815186 -1.24866926670074 -0.185671299695969 -0.8253533244133 -0.529888272285461 1.93580770492554 4.29499626159668 6.46356010437012 4.85010480880737 2.32477116584778 -2.20919156074524 -2.56579184532166 -0.387102067470551 1.58245527744293
11.9098358154297 11.0246505737305 9.05115032196045 8.69614219665527 6.72403144836426 3.39282655715942 1.53571152687073 2.82045102119446 1.43376576900482 1.1998051404953 0.370225608348846 0.166681930422783 0.305657565593719 0.396312415599823 0.0594336465001106 0.131235256791115 0.264867395162582 0.440451204776764 0.584489464759827 0.55502861738205 0.61558985710144 0.848020255565643 1.21203005313873 1.72583222389221 3.05535173416138 3.63270258903503 3.76836800575256 4.06963348388672 4.2517728805542 6.80090045928955 9.39551639556885 0.850887179374695 -1.24617755413055 1.33298099040985 3.55159044265747 0.36721408367157 3.13186573982239 5.44057035446167 6.91380834579468 5.29450511932373 2.19329476356506 -2.41925811767578 -2.46191239356995 -1.41841459274292 1.28008210659027
9.42951488494873 8.7251033782959 7.6724214553833 5.37914705276489 2.80278301239014 1.72801101207733 1.42897975444794 1.25848150253296 0.886943399906158 0.869042694568634 0.14475853741169 -0.120926402509212 -0.18136166036129 -0.175070956349373 -0.15092670917511 0.150087267160416 0.336723059415817 0.481854915618896 0.485181599855423 0.503887057304382 0.598275423049927 0.847119331359863 1.24625468254089 1.96680915355682 2.64796900749207 2.82735419273376 2.71745467185974 3.4283287525177 4.25408983230591 5.83122158050537 6.15459060668945 4.01333427429199 -0.925379455089569 0.543107748031616 5.03077554702759 3.6316967010498 4.04195165634155 5.27499771118164 4.19713830947876 2.63683843612671 3.05655980110168 -1.15967798233032 -2.4723789691925 -2.09522819519043 0.381494790315628
6.71839380264282 5.88844966888428 4.66161394119263 3.37227392196655 1.69376945495605 2.2499725818634 1.17574083805084 1.26619207859039 0.499944001436234 0.186807513237 -0.0556741692125797 -0.29796040058136 -0.265920490026474 -0.430813848972321 -0.150248527526855 0.190888479351997 0.43262979388237 0.460353910923004 0.470369756221771 0.509957075119019 0.638594627380371 0.858699083328247 1.1456470489502 1.98285746574402 2.13631415367126 2.08461260795593 2.66903185844421 3.09762263298035 4.18278026580811 6.08098220825195 3.74491667747498 4.31378889083862 1.67615234851837 2.00616407394409 4.73060894012451 3.72139883041382 4.10019540786743 4.73022413253784 3.58973145484924 2.17427897453308 4.33785772323608 4.70543336868286 0.978531837463379 -1.55272567272186 0.848650097846985
5.83894300460815 5.11564636230469 3.58606386184692 2.05019092559814 2.61017656326294 7.99625015258789 1.54703187942505 0.889013528823853 0.217797890305519 0.0236751828342676 -0.218777105212212 -0.454840779304504 -0.667666375637054 -0.537297606468201 -0.137133419513702 0.204340398311615 0.473664194345474 1.00627410411835 0.732442021369934 0.572219014167786 0.721675097942352 0.935860335826874 1.01003968715668 1.5743054151535 1.81145417690277 1.97674226760864 2.37798261642456 2.77222943305969 4.14373636245728 5.00336074829102 3.351154088974 3.92813539505005 3.34191274642944 2.93793654441833 2.6808500289917 2.99807024002075 3.50211691856384 5.32421207427979 3.61988425254822 4.20493316650391 6.60136938095093 10.0917205810547 5.61947345733643 -0.225308239459991 2.5113959312439
4.26127576828003 3.10213875770569 2.24179363250732 1.35714244842529 3.36617088317871 12.5635185241699 10.1963806152344 3.41560792922974 0.00956757180392742 -0.0369373336434364 0.155598565936089 -0.735659599304199 -0.725467145442963 -0.405688673257828 -0.0616244189441204 0.251126825809479 0.425763070583344 1.97530543804169 2.25391578674316 1.650639295578 0.84940242767334 0.884783983230591 0.846996128559113 1.22609198093414 1.22031033039093 1.51466608047485 1.91325414180756 2.22776174545288 3.99824452400208 3.65717315673828 3.23716115951538 2.4690055847168 3.1125545501709 3.06707644462585 2.494065284729 2.98894834518433 3.18250870704651 5.64790439605713 5.99899578094482 6.57308626174927 6.62616014480591 7.01345491409302 7.8142614364624 3.65259051322937 4.82288646697998
3.00457906723022 2.09269142150879 1.39555072784424 1.32687854766846 3.55385756492615 9.78200531005859 11.1406059265137 5.64863109588623 1.02594470977783 0.0821918696165085 1.05829465389252 0.780194699764252 -0.445955395698547 -0.217336162924767 0.0822266638278961 0.310802608728409 0.473949074745178 3.48516821861267 5.45706415176392 4.87154150009155 2.8700258731842 0.876005589962006 0.827858209609985 1.02077329158783 0.945620238780975 0.951421618461609 0.647937536239624 1.23805332183838 2.71615767478943 2.65867877006531 2.99618363380432 2.17067050933838 2.37635374069214 2.09429264068604 2.53369474411011 2.8014760017395 3.1784884929657 5.57533311843872 6.50569629669189 6.94238376617432 9.78213691711426 7.70467615127563 8.87059497833252 5.64517068862915 5.76277208328247
2.33968544006348 1.59637665748596 1.28322207927704 1.30768430233002 3.83120965957642 5.40479373931885 4.23746252059937 2.42303109169006 0.057926531881094 0.196419239044189 1.50471794605255 3.02509140968323 2.43247890472412 1.61032736301422 1.15337800979614 0.394909352064133 1.8403035402298 5.49654483795166 7.40706014633179 4.97337007522583 3.73845624923706 0.747389733791351 0.749666392803192 0.507943391799927 0.112597025930882 -0.820098876953125 -1.01473724842072 -0.227510869503021 0.589538991451263 1.77897942066193 1.64934086799622 1.9425083398819 2.05661463737488 1.84900844097137 2.22446489334106 2.35709571838379 3.09447550773621 5.21875190734863 6.21803331375122 9.03026676177979 13.1445226669312 12.0008010864258 8.45539665222168 5.98240280151367 7.09325981140137
1.84250617027283 1.24232339859009 1.19420528411865 0.994126558303833 0.854892909526825 4.11153793334961 2.57088565826416 1.98537909984589 0.567480802536011 0.510768890380859 0.578549444675446 3.57897663116455 3.40826487541199 1.40536248683929 1.03954589366913 1.84203052520752 3.7321662902832 5.383216381073 5.92515993118286 4.23818016052246 1.62734603881836 0.46655809879303 0.351996511220932 -0.0498775206506252 -0.910447180271149 -1.49096405506134 -1.48430812358856 -1.19474017620087 0.227497324347496 0.968718349933624 1.24128091335297 1.43945693969727 1.41151010990143 1.58756768703461 1.65726673603058 1.51618552207947 2.05568599700928 4.44621753692627 6.20194959640503 9.52791881561279 12.842827796936 12.6146459579468 10.6135559082031 10.1147451400757 8.51400375366211
1.4034218788147 3.12721467018127 3.43780279159546 1.63198804855347 2.17459273338318 5.10675668716431 4.3444652557373 2.98109841346741 0.744670391082764 0.585989534854889 1.33553266525269 1.98017466068268 1.49740433692932 0.372576951980591 0.359626024961472 1.29411637783051 4.06518983840942 5.27884674072266 4.07571172714233 2.62766861915588 0.541912734508514 0.14027439057827 -0.428615987300873 0.402536958456039 -0.379761278629303 -1.71539282798767 -1.55466735363007 -1.14326143264771 -0.0215150006115437 0.248505249619484 0.71284407377243 0.816943287849426 0.822423040866852 0.876945555210114 0.98679506778717 1.03474402427673 2.23300099372864 3.97656178474426 6.01453828811646 9.17534160614014 10.2417793273926 13.0437831878662 13.2094459533691 11.3282012939453 8.91222095489502
1.16322457790375 3.44981408119202 3.38927292823792 2.66604351997375 4.37479305267334 4.68743371963501 4.78229475021362 5.04871797561646 2.0589451789856 1.26624834537506 1.19672822952271 1.92505514621735 0.835129082202911 1.86570906639099 1.79617917537689 2.25835227966309 3.79079651832581 3.8936984539032 2.45212268829346 0.908134341239929 0.0849385410547256 -0.55728954076767 -1.01893126964569 0.0886727273464203 -1.38825929164886 -1.8036687374115 -1.80174267292023 -1.02021420001984 -0.15130053460598 0.623560070991516 0.749274730682373 0.643081247806549 0.58176451921463 0.784642398357391 0.863203287124634 1.22812867164612 2.2334520816803 3.36459445953369 6.0025782585144 7.86104679107666 9.4703950881958 10.2355766296387 9.29690647125244 7.87532711029053 7.5937705039978
2.63024544715881 0.941280424594879 1.47942495346069 3.59671664237976 4.52933311462402 4.34333992004395 5.43604469299316 6.69430494308472 5.91336154937744 4.42667579650879 2.1584255695343 2.48732137680054 3.17684817314148 4.16988277435303 3.26188683509827 2.73743009567261 3.47111225128174 2.79087018966675 1.66502845287323 2.84856796264648 2.08841061592102 -0.93917590379715 -1.3477224111557 0.977469623088837 -0.459407985210419 -1.7359334230423 -1.7870968580246 -1.2032470703125 -0.163638934493065 0.578565001487732 3.05062651634216 3.01157712936401 1.50571918487549 1.5289626121521 2.4920060634613 1.73156011104584 2.5168731212616 3.91978454589844 5.61988925933838 7.35621070861816 8.50707244873047 8.80563163757324 7.49927520751953 7.6207447052002 7.41857576370239
8.18328189849854 5.87798357009888 2.99936270713806 4.88353490829468 4.63546419143677 4.89584255218506 5.66613912582397 7.07660388946533 6.08983373641968 4.91720819473267 3.11323690414429 3.94404149055481 2.45570015907288 1.66811299324036 2.79687142372131 2.71658563613892 2.31170964241028 1.52407848834991 1.71672463417053 4.60087776184082 2.53533267974854 0.0760383307933807 -0.950450420379639 1.05178463459015 0.82091099023819 -1.64802873134613 -1.51057279109955 -0.974287271499634 0.0785613283514977 0.669531166553497 3.2874813079834 4.55129528045654 4.71618032455444 6.16540002822876 5.77247047424316 4.78813695907593 4.40450382232666 4.95196962356567 6.25124549865723 7.08585071563721 7.73824739456177 7.16495943069458 6.96741628646851 6.7983775138855 6.90070676803589
6.24927091598511 7.89102268218994 5.30479097366333 5.57148265838623 5.31728458404541 4.91615915298462 5.29527997970581 4.35849761962891 1.81099128723145 0.971765398979187 1.61207103729248 2.52751731872559 2.53549242019653 2.04872560501099 2.4314239025116 2.42287087440491 1.46519887447357 0.456463307142258 2.46493434906006 5.3529200553894 2.78024840354919 0.142204597592354 0.109470777213573 0.327676713466644 0.237557366490364 -0.530731797218323 -0.586062848567963 -0.337331265211105 0.0173858627676964 0.991337537765503 3.78968548774719 7.80404901504517 8.92857837677002 8.87042808532715 8.82157802581787 8.72278785705566 9.17654514312744 6.51573705673218 6.79011201858521 6.81415033340454 6.85627603530884 6.49275970458984 6.80150175094604 6.62939119338989 6.1183500289917
4.52755212783813 5.19445610046387 4.66453790664673 4.71660804748535 4.73425722122192 4.73836135864258 4.25175333023071 2.26771306991577 0.236473932862282 -0.0165506675839424 0.50361567735672 1.07173001766205 0.844441413879395 1.46248078346252 1.97772085666656 1.6310008764267 0.665175914764404 -0.0161694698035717 -0.58289510011673 0.92545872926712 1.68755984306335 -0.133850291371346 0.317460119724274 2.11788964271545 1.26683449745178 0.127240270376205 -0.500225424766541 0.373888671398163 0.376564532518387 1.72819459438324 3.38117456436157 8.20771789550781 8.763596534729 8.30908298492432 8.28127956390381 8.91123485565186 8.51970386505127 6.54715967178345 6.45169925689697 5.87009286880493 5.97366714477539 6.243408203125 6.09777975082397 6.0105767250061 5.68863153457642
2.74164199829102 2.89637517929077 3.11369872093201 3.15986704826355 3.64973497390747 3.98964858055115 3.04924416542053 2.02084350585938 -0.0267087481915951 -0.443571329116821 -0.221592500805855 0.527746737003326 0.793858230113983 1.508021235466 1.71476745605469 0.945927917957306 0.855773746967316 -0.565457284450531 -1.00005578994751 -0.610193729400635 0.127078145742416 -0.0904857441782951 0.447922825813293 2.29333066940308 2.44761443138123 -0.108803063631058 -0.380677998065948 2.64487814903259 2.52410268783569 3.75180506706238 5.30973815917969 7.15223264694214 7.77933597564697 8.21282005310059 8.11487197875977 8.49248027801514 6.36489486694336 6.29938650131226 5.63151693344116 5.40697956085205 5.6808705329895 5.61263465881348 5.40960645675659 5.15031099319458 3.80933380126953
0.495417773723602 1.1393917798996 1.7180837392807 1.76670014858246 2.07829642295837 2.26429319381714 1.5636123418808 1.17974615097046 0.262461930513382 -0.497326999902725 -0.497338503599167 -0.0149391843006015 0.675549745559692 1.19080543518066 0.972667813301086 2.45999789237976 8.73140144348145 5.31605291366577 -1.07232820987701 -1.02825677394867 -0.913021087646484 -1.04171192646027 -0.998611569404602 -0.23575522005558 0.650604128837585 0.214294254779816 -0.117539562284946 3.23405790328979 5.46863889694214 8.55135154724121 7.01962184906006 7.33871650695801 7.98870897293091 8.00337791442871 7.79156398773193 6.81003427505493 5.79126024246216 5.48757457733154 4.86392784118652 5.09452438354492 5.37045335769653 5.26702165603638 4.88140201568604 4.39412069320679 2.51628851890564
-0.685566365718842 -0.647691249847412 -0.265678703784943 0.368584156036377 0.741344690322876 0.801597654819489 0.800835072994232 1.88874018192291 2.87269473075867 1.25071430206299 -0.072018176317215 0.379085808992386 0.717936217784882 0.530035316944122 0.208524599671364 4.66323471069336 11.7904624938965 8.93057918548584 3.72691297531128 0.351866245269775 0.0136389965191483 -1.31877994537354 -1.28923976421356 -0.726732969284058 -0.447043150663376 1.2654789686203 1.89581894874573 6.20946598052979 5.93665552139282 8.54659557342529 7.87128829956055 7.62463617324829 7.92655277252197 7.50613260269165 6.97322559356689 5.38810968399048 5.06354999542236 4.69118881225586 4.65045356750488 4.85212135314941 4.84091186523438 4.60138559341431 4.41460418701172 3.28224182128906 1.8406662940979
-1.06659233570099 -1.10675644874573 -0.760761797428131 -0.472583949565887 -0.436758935451508 -0.386726230382919 -0.00989675335586071 0.691065311431885 2.28659701347351 1.02515757083893 -0.0557723939418793 0.492660701274872 0.630746304988861 0.329973220825195 0.926788508892059 5.36808156967163 8.77057838439941 8.64433670043945 5.77228975296021 4.91446876525879 5.6467752456665 2.4964611530304 -1.19014751911163 -0.965664684772491 -0.344610571861267 4.90478849411011 5.2800464630127 5.80869150161743 6.20696973800659 6.52539396286011 7.13913583755493 7.17953109741211 6.63974857330322 6.04912853240967 5.05698299407959 5.14940881729126 4.5389199256897 4.37222385406494 4.53017139434814 4.70367431640625 4.57873487472534 4.21101903915405 3.77705454826355 2.16679883003235 1.19683575630188
3.53101754188538 -1.01202988624573 -0.720081746578217 -0.668249547481537 -0.727560341358185 -0.763217210769653 -0.522424936294556 0.0710916370153427 -0.270686417818069 -0.428332448005676 -0.138481989502907 0.387390226125717 0.414984136819839 0.194425523281097 1.87815451622009 4.65045404434204 4.50362825393677 4.19144296646118 4.18874502182007 4.73387336730957 5.49205350875854 4.91757535934448 0.567334234714508 -1.08415067195892 0.285421222448349 3.96898174285889 4.41415405273438 5.09695100784302 5.47615432739258 5.78714752197266 5.95410394668579 5.64919996261597 4.92224025726318 4.59399032592773 4.80828285217285 4.50054597854614 4.16470193862915 4.2617073059082 4.42940616607666 4.39018058776855 4.06297636032104 3.79345488548279 2.73797130584717 1.44535136222839 1.04204785823822
