slauniainen/Data/DEM/Vihti_dem1500b_cl_horizonAngle_96.asc
NCOLS 196 
NROWS 178 
XLLCORNER 353680 
YLLCORNER 6699024 
CELLSIZE 16 
NODATA_value -3.4e+38 
[rows 120 to 139 of 178, columns 135 to 179 of 196]
5.22064685821533 5.56782531738281 5.77141809463501 5.77615737915039 5.71593618392944 5.7579174041748 5.81938648223877 5.88283443450928 6.00817203521729 6.19899559020996 6.31869220733643 6.49112558364868 6.64040231704712 6.62876653671265 6.71369457244873 6.91596412658691 7.42121982574463 7.96047019958496 8.67471981048584 9.46024513244629 10.2445983886719 11.2505350112915 12.390510559082 12.6133270263672 13.2891473770142 15.3958377838135 14.7367630004883 12.8536825180054 8.90993976593018 0.137368500232697 -2.17542600631714 -2.07446098327637 -1.53226447105408 -0.388161212205887 0.743505239486694 1.75384426116943 2.51762747764587 3.19922041893005 3.27325701713562 3.28867149353027 3.62779402732849 2.43156170845032 1.56113135814667 0.690553307533264 1.80507230758667
5.21119451522827 5.48098754882812 5.89691495895386 6.26406383514404 6.57038307189941 6.68328380584717 6.81072330474854 6.95462226867676 7.14015579223633 7.11797761917114 6.99110412597656 6.97484397888184 6.76196193695068 7.02850580215454 7.30236768722534 7.69374990463257 8.56306552886963 9.49033260345459 10.3436079025269 11.5358476638794 11.4968576431274 11.7838134765625 11.9423856735229 12.779182434082 10.523211479187 11.1705713272095 11.4034385681152 8.1716480255127 1.79324042797089 -2.08002233505249 -1.89076566696167 -1.68914771080017 -1.11546015739441 0.168596491217613 1.27089810371399 2.25472545623779 2.92172193527222 3.53446388244629 4.38937902450562 5.61589622497559 7.20938730239868 3.62504553794861 1.10741817951202 1.28162145614624 -0.932767152786255
4.58940505981445 5.35613441467285 6.03120708465576 6.51253795623779 6.8110466003418 6.85382318496704 7.13091993331909 7.26265096664429 7.43033838272095 7.47023248672485 7.16653347015381 7.47138738632202 8.03692817687988 8.65263175964355 9.21875 9.95572853088379 10.9175672531128 12.1555337905884 13.5713405609131 13.2205429077148 12.6290769577026 15.0661354064941 18.0812644958496 10.5543985366821 5.21079921722412 5.71718788146973 5.29174041748047 2.89882445335388 -2.41627526283264 -2.28816986083984 -1.87644422054291 -1.33555710315704 -0.724685966968536 0.24996592104435 1.07471239566803 1.6963769197464 2.16835641860962 3.15215158462524 4.5046648979187 5.55236339569092 6.72482585906982 6.15969324111938 0.582267224788666 -1.06519556045532 -1.07681727409363
3.22749781608582 5.19899415969849 5.91304302215576 6.64208698272705 7.23017263412476 6.69968128204346 6.87119388580322 7.15312051773071 7.25631666183472 6.93362092971802 7.24098110198975 7.65078401565552 8.22759437561035 8.91695785522461 9.60759449005127 10.4013795852661 11.4241542816162 12.5902605056763 14.1545143127441 13.8738241195679 16.1936855316162 19.7824478149414 21.3705825805664 2.70153069496155 2.70974063873291 3.50440096855164 -0.6811563372612 -2.95937180519104 -2.57295203208923 -2.23958539962769 -1.93791508674622 -1.60621953010559 -1.01753175258636 -0.293621987104416 0.289618104696274 0.614538788795471 1.03200507164001 2.18786811828613 3.38274502754211 4.05186700820923 4.79780864715576 5.20198392868042 0.0154908690601587 -1.2509149312973 -1.05473017692566
1.27284181118011 4.26053905487061 6.9287314414978 8.25886058807373 9.96123123168945 7.33587169647217 6.25417613983154 6.50785112380981 6.17013216018677 6.62674045562744 6.99461269378662 7.55666303634644 8.05772876739502 8.68024349212646 9.31513214111328 10.0795650482178 11.7134981155396 13.1050796508789 14.0010499954224 13.1542119979858 14.9644813537598 17.5621662139893 15.1011962890625 4.10283422470093 -2.04144430160522 -2.0074450969696 -3.29889059066772 -3.07081198692322 -2.63980555534363 -2.17033457756042 -1.83033084869385 -1.64120936393738 -1.06255185604095 -0.406900823116302 -0.0306085329502821 0.183673024177551 0.763262629508972 1.22960722446442 1.53927254676819 1.6769335269928 1.65793430805206 0.946687340736389 -1.35786890983582 -1.22288024425507 -1.12520718574524
0.649410247802734 3.3074586391449 8.25277137756348 10.3225650787354 10.180004119873 12.3601522445679 10.2082509994507 4.92517185211182 5.43332242965698 6.1553201675415 6.77670812606812 7.49719285964966 8.1249361038208 8.84639644622803 9.52994251251221 10.9927816390991 12.4153747558594 13.3758239746094 13.013970375061 14.192590713501 14.3388500213623 10.1360445022583 10.2804250717163 -2.45937824249268 -2.66144800186157 -1.28889882564545 -0.541153430938721 -2.66503691673279 -2.54927635192871 -2.28555369377136 -1.92777764797211 -1.38252973556519 -0.684609591960907 -0.225817680358887 0.0854387879371643 0.223356902599335 0.522624731063843 0.800983309745789 1.1782054901123 1.13890695571899 0.109200932085514 -0.911999106407166 -1.45738124847412 -1.37081575393677 -1.27811801433563
0.701616108417511 2.69146537780762 6.8147759437561 10.6653938293457 14.1151485443115 19.2445259094238 22.1940765380859 3.50213408470154 3.94672989845276 5.12407064437866 6.11192655563354 6.98615407943726 7.79477739334106 8.54696750640869 9.32883930206299 10.305495262146 11.4613208770752 12.136926651001 14.895318031311 19.0086135864258 9.03010749816895 7.17372798919678 -1.86434233188629 -1.35573756694794 0.0932365506887436 2.32931303977966 0.32710787653923 -1.90032148361206 -1.64226734638214 -1.11787593364716 -0.879234313964844 -0.339874297380447 0.497162044048309 0.927822113037109 1.20183753967285 1.46388745307922 1.73821842670441 2.14784646034241 2.43195176124573 1.30554473400116 0.412645578384399 -0.151629850268364 -1.50136291980743 -1.39796888828278 -1.15641570091248
0.466152846813202 1.87109291553497 4.75805807113647 8.92420291900635 13.2476081848145 19.4791088104248 26.0861148834229 6.62615585327148 2.52510976791382 3.37027788162231 4.27408981323242 5.30022859573364 6.18726396560669 6.83837604522705 7.69801330566406 8.62764739990234 9.60240459442139 11.1333932876587 14.1241502761841 17.1621704101562 8.85884189605713 -1.41186666488647 -1.41110897064209 -0.247005432844162 1.3241925239563 2.60326862335205 3.03094840049744 -1.20179009437561 -0.797264754772186 -0.317316800355911 0.0441259294748306 0.964587271213531 1.73459899425507 2.26248335838318 2.76903867721558 3.25143098831177 3.8320152759552 4.60256052017212 5.20643854141235 4.50935983657837 2.47743105888367 2.5888729095459 1.72522127628326 -1.59011161327362 -1.34651863574982
-0.18726572394371 1.09328258037567 3.43319439888 6.68839359283447 9.84306335449219 13.3778524398804 19.6512355804443 13.3368988037109 2.21556520462036 2.3294723033905 2.76510310173035 3.35353064537048 4.54346609115601 5.10471773147583 6.07143020629883 7.49974536895752 8.90630054473877 10.5953102111816 13.3819637298584 14.168360710144 5.30606985092163 -1.44412505626678 -1.18675398826599 -0.836131036281586 0.0410494282841682 0.127587720751762 -0.77803111076355 -0.774231612682343 -0.408740699291229 0.293377429246902 1.09924733638763 1.8809734582901 2.23636412620544 2.74594664573669 3.83332347869873 4.53098917007446 5.27427387237549 6.13543891906738 7.11267423629761 6.66480016708374 7.13145875930786 7.75877475738525 3.48869562149048 -1.23399698734283 -1.77907562255859
-1.01135885715485 0.151929393410683 2.54581356048584 5.61896181106567 7.3010458946228 9.9804048538208 13.0191230773926 11.9625778198242 4.9346227645874 1.80725061893463 1.9666668176651 2.09808158874512 2.56420731544495 3.21825051307678 4.44439125061035 6.01377487182617 8.27234649658203 10.4195642471313 13.869987487793 12.0594701766968 0.261157304048538 -1.51240277290344 -1.24305784702301 -0.962114572525024 0.291455328464508 -0.260856777429581 -0.913255453109741 -0.679418087005615 -0.214200168848038 0.703214347362518 1.39032459259033 1.80472314357758 1.81796753406525 2.22211289405823 3.44139504432678 4.43559694290161 5.27486753463745 6.10805892944336 7.03399753570557 8.63292789459229 10.5815000534058 12.7698793411255 8.03762531280518 -2.17658805847168 -1.99719858169556
-1.5984867811203 -0.587541997432709 1.96650302410126 5.17504787445068 6.99385690689087 7.65318298339844 9.29178333282471 9.70746517181396 4.03865528106689 1.39619672298431 1.32823383808136 0.948381543159485 1.12562620639801 1.61263847351074 2.65331745147705 3.99158763885498 6.59168910980225 8.5129566192627 10.7268781661987 10.3035936355591 -1.2562255859375 -1.8702826499939 -1.72275304794312 -1.56357991695404 -1.34168267250061 -1.3331857919693 -1.31746983528137 -1.0480055809021 -0.510614454746246 0.323170065879822 1.05554246902466 1.20880305767059 1.2785701751709 1.77851438522339 2.03038477897644 3.14072179794312 4.1211256980896 4.50530004501343 4.88971138000488 8.18305110931396 10.0562658309937 12.0860786437988 13.2705583572388 -0.742509305477142 -2.07520985603333
-2.12919759750366 -1.08589911460876 1.15272605419159 4.83605289459229 6.38970708847046 7.29921054840088 8.57170104980469 9.06333446502686 3.75882482528687 2.3524968624115 1.03720116615295 -0.199182212352753 0.206355378031731 0.523170411586761 1.41810953617096 2.62550830841064 4.21415853500366 5.35851526260376 6.34788608551025 6.24042940139771 0.522850155830383 -2.04737257957458 -1.98473370075226 -1.76249396800995 -1.67938160896301 -1.53948986530304 -1.41598272323608 -1.14138412475586 -0.760475754737854 2.09085774421692 -0.0413188450038433 0.188093483448029 0.756677031517029 1.05489253997803 1.26249504089355 1.96620547771454 4.61375284194946 5.4531717300415 2.25973439216614 4.99618291854858 7.00042486190796 9.69859981536865 12.1677532196045 5.57354545593262 -2.07524585723877
-2.22496128082275 -1.83724915981293 -0.83544135093689 3.86999320983887 5.60496807098389 7.21026563644409 8.36830043792725 9.09900569915771 2.14411520957947 0.42609578371048 0.728222846984863 0.953624904155731 -0.778534889221191 -0.608925461769104 0.256466299295425 1.43178844451904 2.53202271461487 3.53216314315796 3.17992687225342 2.81635737419128 -0.124828338623047 -2.17733907699585 -1.9984096288681 -1.83332502841949 -1.73949372768402 -1.51787805557251 -1.27274346351624 -0.992487072944641 -0.72460925579071 -0.126945689320564 0.378933370113373 -0.218784511089325 0.145753860473633 0.600822031497955 1.41470217704773 3.10749959945679 6.06778860092163 7.59324026107788 1.9296727180481 1.83849287033081 4.52357625961304 6.25689792633057 7.12907838821411 6.7382984161377 -1.92115938663483
-1.85944628715515 -1.69230806827545 -1.15608501434326 2.41606688499451 5.50210428237915 6.91288089752197 6.99365091323853 8.10822296142578 -0.173456892371178 -0.116869434714317 0.123271062970161 -0.163664549589157 -0.0468824096024036 -1.0142297744751 -0.72802472114563 0.265403300523758 0.771445989608765 2.51184463500977 2.28809833526611 0.181573137640953 -2.36605548858643 -2.27711296081543 -2.11370539665222 -1.9000551700592 -1.73510241508484 -1.52045381069183 -1.23549890518188 -0.843228280544281 -0.490436166524887 -0.251504123210907 0.289938002824783 0.473819255828857 0.515533566474915 0.88138872385025 1.37853038311005 1.88612031936646 2.70781874656677 3.43837738037109 3.47277188301086 2.39202380180359 3.74053692817688 4.53422594070435 5.36388206481934 6.04932308197021 -0.487035393714905
-1.8968186378479 -1.27088737487793 -0.539027631282806 2.49735403060913 8.30269145965576 12.008563041687 3.58079743385315 2.30274605751038 0.00478113256394863 -0.260892063379288 -0.614877760410309 -0.455691516399384 0.277002990245819 0.0630016401410103 -0.57716578245163 0.0084335571154952 -0.0465827994048595 0.681101679801941 1.22960042953491 0.0622639805078506 -1.68228375911713 -2.53123450279236 -2.48425555229187 -2.3935170173645 -2.17460155487061 -1.88995575904846 -1.51653409004211 -1.01163113117218 -0.630741238594055 -0.0549347624182701 0.571303188800812 0.91374808549881 1.13926041126251 1.39396798610687 1.71790301799774 2.06314778327942 2.36051535606384 2.75913619995117 3.12282514572144 3.78432035446167 4.06000185012817 4.33119630813599 4.60151100158691 4.77271270751953 -1.50158739089966
-1.69831681251526 -1.23804271221161 0.108076922595501 6.18030738830566 13.1038599014282 13.9477033615112 0.54779177904129 -0.650959193706512 -0.477280646562576 -0.30943775177002 -0.121361657977104 0.0141481831669807 0.224507614970207 0.848657250404358 0.319104373455048 0.428268522024155 0.643637120723724 0.878694117069244 1.484987616539 1.83723735809326 -1.03059375286102 -1.33907425403595 -0.413629084825516 0.276483923196793 -2.8262677192688 -2.69298601150513 -2.39264369010925 -1.88851177692413 -1.05105471611023 -0.286911249160767 0.204286754131317 0.513375520706177 0.758441925048828 0.932206511497498 1.14714777469635 1.38905358314514 1.59661030769348 1.86510932445526 2.75629830360413 3.88704228401184 4.34676122665405 5.52892875671387 6.15272569656372 4.24594306945801 -1.65025067329407
-2.27707982063293 -1.52571523189545 1.2724871635437 7.93698120117188 14.2815189361572 15.933087348938 -1.1199666261673 -1.07882058620453 -0.700460433959961 -0.153449907898903 -0.0944419726729393 0.0561566688120365 0.257247745990753 0.405079454183578 0.50228750705719 0.739627420902252 1.07308852672577 1.51443290710449 1.88366091251373 1.27129936218262 0.640802145004272 1.51136147975922 3.87338995933533 1.62037169933319 -3.22193837165833 -3.08359932899475 -2.80172920227051 -2.47097635269165 -1.68333315849304 -0.659266114234924 -0.250791311264038 0.0421260148286819 0.224635154008865 0.390160948038101 0.576039373874664 0.749217450618744 0.931445956230164 1.14193511009216 1.63571357727051 2.78202891349792 3.37248086929321 4.31561660766602 5.58677911758423 2.27094078063965 -1.32252681255341
-2.67430806159973 -2.22929620742798 0.334197372198105 6.27022457122803 12.1504831314087 16.76149559021 0.125347435474396 -1.32857549190521 -1.10060214996338 -0.877173066139221 -0.537438154220581 0.109938591718674 1.01521503925323 -0.252851963043213 -0.623865306377411 -0.141118258237839 0.927827417850494 2.42204403877258 0.94696044921875 1.22880852222443 1.2087277173996 2.11469030380249 4.33087015151978 -1.59662139415741 -3.211918592453 -3.10711407661438 -2.81310701370239 -2.51731562614441 -2.10092282295227 -1.11448347568512 -0.690493047237396 -0.429717302322388 -0.279115527868271 -0.215979710221291 -0.104085884988308 0.0447006337344646 0.21091528236866 0.545340001583099 1.0569064617157 1.78690826892853 2.04756546020508 2.76540231704712 3.75814461708069 -1.45379781723022 -1.33877646923065
-2.30054616928101 -2.12086939811707 -0.67288613319397 5.38930654525757 12.1996917724609 16.5349884033203 -0.241951182484627 -1.80620503425598 -2.07560181617737 -0.883333027362823 -0.276360958814621 0.102712273597717 0.675556361675262 -0.0229767542332411 -2.34793591499329 -2.2269389629364 0.879515826702118 2.64228272438049 3.51230788230896 4.19341802597046 0.618968665599823 0.867476999759674 0.0350798480212688 -2.28292942047119 -2.19731402397156 -3.18084621429443 -2.99397778511047 -2.65167760848999 -2.15020561218262 -1.0543167591095 -0.193317398428917 -0.51121324300766 0.113135106861591 -0.311180353164673 -0.96905517578125 -0.71361380815506 -0.140134707093239 0.303275793790817 0.724043488502502 0.990988910198212 0.518670380115509 0.935270369052887 2.21613740921021 -1.35058462619781 -1.2319895029068
-2.02218151092529 -1.9430239200592 -1.54530012607574 2.95335078239441 10.2185840606689 16.8295269012451 1.5424576997757 -1.42554879188538 -1.71399819850922 -1.09698557853699 -1.67165517807007 -1.6709064245224 -1.66190969944 -1.88143229484558 -2.03610134124756 -1.39201164245605 0.751223146915436 1.85928046703339 3.28052926063538 3.85448837280273 1.40214908123016 -0.766192257404327 -1.6769335269928 -1.7419536113739 -1.35720527172089 -2.82764172554016 -2.76194047927856 -2.33291411399841 -1.48681235313416 0.135563552379608 0.947247505187988 1.52671408653259 2.97711086273193 1.57579171657562 -1.8109176158905 -1.63611888885498 -1.04445111751556 -0.232339471578598 0.200141936540604 0.374097794294357 0.504737913608551 -0.753189861774445 -1.34789156913757 -1.2619491815567 -1.15384101867676
