slauniainen/Data/DEM/Vihti_dem1500b_cl_horizonAngle_42.asc
NCOLS 196 
NROWS 178 
XLLCORNER 353680 
YLLCORNER 6699024 
CELLSIZE 16 
NODATA_value -3.4e+38 
[rows 140 to 159 of 178, columns 135 to 179 of 196]
-0.0351986512541771 -3.5302631855011 -1.38715100288391 1.9102486371994 6.61953592300415 12.0534496307373 5.65911531448364 1.14222085475922 0.0764011815190315 0.23893740773201 0.21820992231369 0.298430979251862 1.449143409729 2.03263235092163 2.8764910697937 5.73882865905762 7.04711151123047 7.49915075302124 8.17561626434326 7.22523546218872 6.39563512802124 5.99217224121094 7.2885308265686 7.95959806442261 8.25002765655518 7.21769666671753 0.482608169317245 0.213821291923523 0.502118825912476 0.747299790382385 1.34607672691345 1.87108135223389 2.23030090332031 2.4701988697052 2.64816808700562 2.81452703475952 3.21681642532349 3.64002704620361 3.87074208259583 3.72734379768372 3.48144292831421 2.57693457603455 1.16941058635712 0.886966228485107 -0.246288791298866
2.10857152938843 -2.39479064941406 -0.955687522888184 0.894208967685699 3.70090365409851 6.64961385726929 8.27995777130127 2.60790181159973 2.71014761924744 3.04299783706665 1.55212831497192 1.38563990592957 1.753737449646 2.4895658493042 4.4146728515625 5.87814140319824 6.66968774795532 6.8191032409668 6.18097114562988 5.71923685073853 5.14035701751709 5.38568496704102 6.71548175811768 7.48569631576538 7.01375961303711 6.79463386535645 4.14455556869507 0.483867853879929 0.608716607093811 1.05891013145447 1.78572630882263 4.48851537704468 6.2033748626709 2.5790491104126 2.35393142700195 2.59917593002319 2.39629793167114 2.92517924308777 3.13753962516785 3.50461864471436 3.21845388412476 1.39260244369507 0.420642465353012 -0.54092812538147 -0.81237268447876
0.0729280263185501 -1.59272921085358 -0.882589817047119 -0.00564105808734894 2.84910130500793 6.23015165328979 9.15803146362305 5.5842080116272 2.79864454269409 3.1288902759552 1.38389098644257 1.61367404460907 2.26871109008789 3.72981762886047 5.08480739593506 5.89502334594727 6.55999326705933 7.65807342529297 7.42388200759888 7.23859214782715 5.24327278137207 5.51433038711548 5.5643253326416 5.4925274848938 4.93106603622437 3.32941746711731 2.13882160186768 0.573194563388824 0.774392366409302 1.47025096416473 2.2939887046814 5.14491319656372 9.32128143310547 7.65145111083984 2.59236073493958 2.10434079170227 2.37931776046753 2.44056606292725 2.94851088523865 2.84124803543091 2.39986991882324 1.09510707855225 -0.614631831645966 -1.279128074646 -0.842235147953033
-0.832306623458862 -1.7122483253479 -1.53550434112549 -0.789846360683441 1.68798446655273 5.41456890106201 6.35388088226318 7.74018430709839 3.94104528427124 3.36844277381897 1.56188011169434 2.04129886627197 2.9840931892395 4.371337890625 5.51396942138672 6.34317016601562 6.72046756744385 10.8610057830811 10.9337301254272 9.32062339782715 6.62111806869507 4.98050260543823 4.64633655548096 3.20835566520691 1.53794574737549 0.452663838863373 0.548969626426697 0.71452784538269 0.957652628421783 1.65536105632782 2.80365204811096 5.31364917755127 6.74327421188354 9.01845169067383 7.52696895599365 2.33907032012939 2.0552704334259 2.45954561233521 2.46029210090637 2.09963464736938 1.15521216392517 2.23652815818787 2.6133189201355 -0.941979587078094 -1.00200307369232
2.89824652671814 -1.99325168132782 -1.75478971004486 -1.30654168128967 0.00663238344714046 3.19269847869873 5.69613075256348 8.04819011688232 6.04567623138428 4.82503461837769 2.54957318305969 2.66723942756653 3.83002734184265 4.86276769638062 5.79810523986816 6.51576948165894 7.77707433700562 9.03629589080811 8.61605834960938 7.48128080368042 6.43741178512573 5.14801692962646 3.48786735534668 1.31268310546875 0.106817916035652 0.173698469996452 0.600943863391876 2.26877903938293 1.35391485691071 1.89413464069366 2.63674831390381 4.60627746582031 5.46854829788208 5.91347026824951 6.11952352523804 4.93147802352905 2.19450044631958 2.18536353111267 1.81135189533234 0.98490047454834 1.6445734500885 3.87991690635681 6.36538696289062 7.54944849014282 -0.258289158344269
6.61499929428101 -1.19374179840088 -1.57192802429199 -1.33375811576843 -0.427334070205688 1.76562917232513 4.65370607376099 6.07643270492554 7.9875545501709 5.54367589950562 2.69777250289917 3.44039392471313 4.05772972106934 4.9192419052124 5.91954183578491 6.92686367034912 7.73275470733643 7.44553661346436 6.57916116714478 7.26093006134033 6.80665302276611 5.60812711715698 5.12770414352417 6.00410175323486 0.0950048193335533 0.238639011979103 0.432303071022034 1.30403769016266 1.57494592666626 2.14791965484619 2.69239449501038 3.56687021255493 4.10764265060425 3.43419337272644 3.20803785324097 2.17712903022766 2.00698566436768 1.55615413188934 0.791174173355103 1.02907335758209 2.3555588722229 5.00922727584839 7.96735715866089 15.1857566833496 12.47083568573
6.77295589447021 3.55311059951782 -1.3594616651535 -1.16411900520325 -0.477918684482574 0.961758434772491 3.54632377624512 4.86138296127319 6.34277486801147 7.37606334686279 4.39870405197144 4.01899337768555 4.48065805435181 4.8425555229187 5.90844821929932 6.76559495925903 6.62531328201294 6.27012825012207 6.06178998947144 5.68141412734985 6.22059631347656 6.76722192764282 5.50647783279419 8.57553577423096 6.11133003234863 0.401712656021118 0.689692676067352 1.34119093418121 2.02352356910706 2.35793828964233 2.53430199623108 3.07225465774536 2.43370795249939 2.21358013153076 1.98023438453674 1.81381559371948 1.38776290416718 0.677921235561371 0.636988341808319 1.55621600151062 3.20069742202759 5.63097858428955 10.205662727356 11.2797966003418 14.4691686630249
6.32201147079468 6.6041145324707 2.00224328041077 -0.827852070331573 -0.472160249948502 0.393275111913681 2.8575234413147 3.43639135360718 4.10807847976685 5.66116189956665 5.37419557571411 5.24042797088623 4.82695055007935 5.20210647583008 6.16049003601074 6.72101163864136 6.13221740722656 5.92608594894409 5.47995615005493 5.5462212562561 5.94647741317749 5.83215856552124 4.75794887542725 5.21804189682007 8.02898406982422 4.61070489883423 1.19007110595703 1.7459774017334 2.19170498847961 2.48680639266968 2.60366606712341 2.37046813964844 1.96975183486938 1.80978763103485 1.64572870731354 1.25463342666626 0.619961500167847 0.490497350692749 1.14179599285126 2.02438402175903 3.72675895690918 6.49775075912476 8.43743801116943 10.4957246780396 10.7158231735229
5.80996990203857 6.05813217163086 3.72981762886047 -0.635409474372864 -0.397216320037842 0.352399289608002 1.88435733318329 2.63399744033813 3.18373155593872 3.76557874679565 4.37736368179321 5.12026834487915 5.17785501480103 5.67974472045898 6.21291875839233 6.12356853485107 5.74987602233887 5.26546573638916 5.27354955673218 6.22454833984375 8.66193389892578 8.4983959197998 4.00159454345703 4.49191379547119 6.60901355743408 7.97493600845337 4.0211968421936 2.01923775672913 2.23128843307495 2.48000931739807 2.51659154891968 2.14036393165588 1.64812207221985 1.50888776779175 1.1171418428421 0.52497661113739 0.141123831272125 0.505105018615723 1.58636236190796 2.82534980773926 4.44009351730347 5.683678150177 6.75890302658081 8.63583278656006 9.72822761535645
5.46862459182739 5.83829593658447 6.95766925811768 -0.337802737951279 -0.316119074821472 0.246057242155075 1.4677609205246 2.45839238166809 3.20858216285706 3.77046275138855 4.30379438400269 4.97794342041016 5.54946613311768 5.90661239624023 5.81069707870483 5.51358461380005 5.24331378936768 4.93892955780029 5.58192157745361 7.80763387680054 11.1450500488281 10.0900726318359 4.60131931304932 3.91310048103333 5.1368932723999 5.18979072570801 5.14456844329834 2.17279982566833 2.33055257797241 2.21443223953247 2.03258895874023 1.71282839775085 1.38050186634064 1.02368938922882 0.464286714792252 0.0868704617023468 0.210031881928444 0.808132529258728 1.44158494472504 3.50441575050354 4.3857364654541 4.55376195907593 5.74136114120483 6.16474676132202 7.96654891967773
4.97940492630005 6.53475284576416 8.17487812042236 3.34195113182068 -0.12096081674099 0.442762523889542 1.47999596595764 2.47529315948486 3.27100729942322 3.86530232429504 4.41410541534424 5.13110303878784 5.40304374694824 5.3817195892334 5.30292320251465 4.89515495300293 4.62691020965576 4.99157953262329 6.28690338134766 8.55045890808105 10.8944292068481 10.1350269317627 5.49402666091919 4.53031206130981 3.56567716598511 3.38539385795593 2.17172694206238 2.2471776008606 2.03302335739136 1.93596518039703 1.61581695079803 1.38596272468567 0.911450922489166 0.370223581790924 0.0508354976773262 0.0980345830321312 0.623437821865082 1.11332762241364 2.13687753677368 3.02942204475403 3.74289178848267 4.30358123779297 4.39339971542358 5.19309091567993 5.66049909591675
5.61347818374634 6.02742147445679 6.38925647735596 4.33845329284668 0.368365973234177 0.904012680053711 1.62609374523163 2.40633630752563 3.25784516334534 3.93247675895691 4.60125827789307 4.86429977416992 4.89745616912842 4.91368436813354 4.60082864761353 4.35493040084839 4.37876892089844 5.23186063766479 6.84912729263306 8.26802349090576 8.91354942321777 9.41591739654541 7.28621196746826 5.49567270278931 3.42180633544922 2.14121055603027 2.21363377571106 1.97736549377441 1.86344170570374 1.52572119235992 1.29592549800873 1.13954401016235 0.396493881940842 -0.106847710907459 -0.0510653406381607 0.403522372245789 0.874680280685425 1.72057926654816 2.5739860534668 3.2937924861908 3.19625306129456 3.85776495933533 3.9454140663147 3.72785067558289 4.12931537628174
4.82780313491821 5.51636409759521 7.65714359283447 5.58824586868286 0.823896884918213 1.22077548503876 1.76796305179596 2.31575608253479 3.12560892105103 4.04905700683594 4.34238243103027 4.42029285430908 4.54154968261719 4.239990234375 4.05259704589844 3.90249824523926 4.32756948471069 5.65523338317871 6.47666120529175 6.51075410842896 6.01238012313843 5.20151662826538 3.66986465454102 2.84200620651245 3.09828352928162 2.20086741447449 1.90624618530273 1.73949527740479 1.43562126159668 1.20989167690277 1.04067528247833 0.651623427867889 0.071211576461792 -0.307828158140182 0.169342562556267 0.447819530963898 1.37558925151825 2.10117197036743 2.72501611709595 2.79626893997192 3.40784597396851 3.43345856666565 3.75296497344971 3.37706112861633 2.73981165885925
4.01416063308716 5.09272718429565 4.90476512908936 1.00705695152283 0.988038837909698 1.36728894710541 1.78127121925354 2.40385127067566 3.06692361831665 3.9671573638916 4.27833652496338 4.244544506073 3.90334987640381 3.76663088798523 3.47657585144043 3.87920331954956 4.51501178741455 5.26691055297852 5.16354417800903 5.15049314498901 4.47786951065063 4.20099449157715 2.69648790359497 1.8689626455307 1.87026846408844 1.70468199253082 1.56792092323303 1.28193879127502 1.07803642749786 0.93753969669342 0.581900775432587 0.414436668157578 -0.121224611997604 -0.0316853858530521 0.176387131214142 0.834124684333801 1.53007209300995 2.22965860366821 2.24852252006531 2.65990996360779 2.94000720977783 3.28914332389832 2.99512052536011 3.16620135307312 2.1359007358551
3.77494049072266 3.96002244949341 8.13910102844238 5.38893985748291 2.55710029602051 1.69716918468475 1.98622441291809 2.54174065589905 3.29653334617615 3.65108203887939 3.80450463294983 4.02177476882935 3.70012497901917 3.16740393638611 3.47849798202515 4.05806589126587 4.52793025970459 4.81108713150024 4.5402512550354 4.09024381637573 3.90383744239807 3.20968461036682 1.74582707881927 1.60425901412964 1.36979961395264 1.30399310588837 1.09886288642883 0.92704451084137 0.789085626602173 0.448071360588074 0.0127453505992889 -0.274503707885742 -0.0573928318917751 0.108339607715607 0.642967164516449 1.0204119682312 1.51639842987061 1.61221420764923 2.08634042739868 2.18614745140076 2.37417697906494 2.24693822860718 2.4332320690155 2.00876212120056 1.67311024665833
3.12724828720093 5.45573139190674 8.5995044708252 6.72566938400269 3.91570281982422 4.23073768615723 2.49170899391174 2.99500417709351 3.35837912559509 3.35554623603821 3.57815551757812 3.43296360969543 3.38394474983215 3.16336059570312 3.72096705436707 4.0528416633606 4.0431866645813 4.00843048095703 3.67815041542053 3.52022099494934 2.78307199478149 5.41984367370605 1.59493279457092 1.12014150619507 0.95138818025589 0.771661877632141 0.633492708206177 0.637945532798767 0.366321057081223 -0.0754433199763298 -0.393940299749374 -0.215137630701065 0.0045700129121542 0.575095772743225 0.956697344779968 1.27736687660217 1.18306541442871 1.32952165603638 1.52586913108826 1.73232698440552 1.43697488307953 1.4912121295929 1.2012825012207 1.06354641914368 0.760934710502625
5.19391679763794 7.31751585006714 6.28873586654663 5.23910617828369 4.2010326385498 4.31046581268311 5.18350601196289 3.53011298179626 4.0200047492981 3.54965400695801 3.29222273826599 3.18491840362549 2.90452170372009 3.38031816482544 3.64800143241882 3.66556143760681 3.63263273239136 3.29559469223022 2.99076271057129 2.29290652275085 2.6582555770874 4.30564403533936 4.51645088195801 0.807034730911255 0.423301964998245 0.24492210149765 0.189775094389915 0.0509552098810673 -0.181362375617027 -0.434877067804337 -0.360160708427429 -0.156692624092102 0.397327214479446 0.790385901927948 1.1737869977951 1.06786298751831 1.08252418041229 1.03660607337952 1.02846133708954 0.865557670593262 0.844281256198883 0.282849758863449 0.265486419200897 0.144021570682526 -0.202304244041443
10.4540586471558 11.6890707015991 13.9265298843384 11.4630222320557 9.11707305908203 6.30031156539917 5.30262660980225 4.78793478012085 3.51331448554993 3.21993184089661 3.06534314155579 2.715092420578 3.09469699859619 3.3514564037323 3.38091683387756 3.30480861663818 3.00453305244446 2.63987612724304 1.8760724067688 1.7231320142746 1.57850694656372 2.3749828338623 3.40625214576721 0.507907330989838 0.0343000441789627 -0.130154117941856 -0.340585052967072 -0.596191883087158 -0.702264368534088 -0.489356815814972 -0.266360461711884 0.237342774868011 0.589130043983459 0.998190820217133 0.948137223720551 0.965052485466003 0.890216529369354 0.706911623477936 0.357512265443802 0.238811120390892 -0.176639676094055 -0.334649294614792 -0.601987481117249 -0.61460554599762 -0.641060829162598
11.8767013549805 11.9850521087646 12.6102018356323 12.9011631011963 9.76341247558594 6.91356086730957 4.25136280059814 3.43822169303894 3.09513258934021 2.91706442832947 2.56684398651123 2.90499138832092 3.11746430397034 3.12315106391907 3.00936150550842 2.73074293136597 2.47981834411621 1.750452876091 1.64275169372559 1.45174753665924 1.29157400131226 1.18096792697906 1.4186292886734 1.36541843414307 -0.208388909697533 -0.635247528553009 -0.988298296928406 -1.09149599075317 -1.03204166889191 -0.63193953037262 0.0603929534554482 0.423991560935974 0.796195864677429 0.788123428821564 0.850161075592041 0.761612176895142 0.574838995933533 0.199523970484734 -0.0903072357177734 -0.678124964237213 -0.799367606639862 -0.956599950790405 -0.815622687339783 -0.775233864784241 -0.790601074695587
11.8913745880127 10.5160760879517 8.90083312988281 6.91369867324829 4.86415433883667 3.50066161155701 3.30733633041382 2.93412923812866 2.77891278266907 2.45592284202576 2.73261451721191 2.90923190116882 2.89591813087463 2.74582958221436 2.46609306335449 2.20394849777222 1.71515262126923 1.63191699981689 1.44341003894806 1.2416033744812 0.92231547832489 1.63131237030029 1.03896129131317 1.76076936721802 0 -1.11937463283539 -1.3831387758255 -1.32883727550507 -1.09168720245361 -0.784628868103027 0.102422676980495 0.586218535900116 0.653954982757568 0.720840573310852 0.66694051027298 0.424529522657394 0.0678841173648834 -0.170618906617165 -0.79257732629776 -1.09220039844513 -1.16221749782562 -1.0790593624115 -1.00710105895996 -0.910030245780945 -0.977891802787781
