slauniainen/Data/DEM/Vihti_dsm1500b_cl_horizonAngle_96.asc
NCOLS 196 
NROWS 178 
XLLCORNER 353680 
YLLCORNER 6699024 
CELLSIZE 16 
NODATA_value -3.4e+38 
[rows 60 to 79 of 178, columns 0 to 45 of 196]
3.40355825424194 4.830162525177 4.99994468688965 5.21778583526611 5.41404724121094 5.64017009735107 5.86080455780029 6.05566740036011 6.2014856338501 6.529296875 6.78469705581665 7.15407657623291 3.47454190254211 3.63513922691345 3.90547561645508 4.25280094146729 4.62108516693115 18.2812061309814 23.4749355316162 31.7122955322266 50.2526512145996 -0.452994257211685 4.74948740005493 5.52595138549805 5.44250440597534 0.276349395513535 0.703219652175903 1.65498042106628 2.31236577033997 2.81307220458984 5.05715656280518 5.54515266418457 6.22676181793213 6.97994804382324 7.77106714248657 8.59463310241699 9.50282669067383 10.5070209503174 13.9660768508911 17.9371662139893 25.5469093322754 42.7160606384277 15.368631362915 51.8938179016113 9.06226634979248 -1.23583853244781
2.17944860458374 2.18028259277344 4.4328408241272 4.61737823486328 5.32546138763428 5.5489559173584 5.77593040466309 5.95892095565796 6.1231861114502 6.35655212402344 6.60088968276978 6.75790071487427 7.31124544143677 7.90653657913208 8.6294641494751 9.31156635284424 10.0397825241089 10.8496131896973 11.7552099227905 12.9602203369141 15.0546398162842 17.049976348877 5.34363746643066 5.93329286575317 8.28391170501709 0.369147509336472 0.4316026866436 1.24077689647675 1.97442328929901 2.59019827842712 3.08461356163025 3.56075167655945 4.1131534576416 4.80758714675903 5.45859336853027 6.11807918548584 6.86592721939087 7.93152952194214 9.31673431396484 11.701096534729 18.1620750427246 23.037935256958 33.4883728027344 27.0532264709473 -0.436688244342804 4.40859746932983
27.8067989349365 0.517831444740295 9.0848331451416 3.12913203239441 4.21328210830688 4.39158248901367 4.51299095153809 4.62064838409424 4.79954195022583 4.95529651641846 5.02062892913818 6.13854312896729 6.51217412948608 7.53369760513306 8.0552339553833 8.67146682739258 9.43385219573975 10.2345323562622 10.8008947372437 12.0073232650757 14.2116250991821 15.1058149337769 19.7333698272705 24.7025394439697 34.0553741455078 51.7672996520996 -1.34254014492035 0.663956522941589 1.48986518383026 2.06420731544495 2.43683767318726 2.57235383987427 3.12446594238281 3.50531983375549 4.21259880065918 4.57963275909424 4.96561050415039 5.47121953964233 5.9784255027771 12.3563604354858 15.7646818161011 22.3356456756592 37.6808624267578 2.05874109268188 5.89154291152954 6.49368572235107
9.34330368041992 10.9984941482544 8.18253993988037 10.6580495834351 13.883768081665 19.9820709228516 35.9642639160156 0.974420487880707 3.50729489326477 3.52196788787842 3.62801575660706 3.30897235870361 3.96142601966858 5.54468584060669 5.75937366485596 6.44012355804443 6.99432277679443 7.53318071365356 7.83689069747925 8.74586868286133 9.82005500793457 17.5210762023926 22.1868019104004 31.1246395111084 49.4853210449219 10.7862215042114 17.7106590270996 -1.4426908493042 1.22786927223206 1.83043324947357 6.57783222198486 17.4569263458252 1.76721239089966 3.39932560920715 3.76007127761841 4.09042549133301 4.59289503097534 5.01941347122192 5.42199039459229 5.81165266036987 6.22799444198608 6.79952526092529 7.42856454849243 11.6249170303345 10.5964479446411 16.8920383453369
8.97578239440918 10.322452545166 13.126275062561 16.8123874664307 24.0118026733398 41.5972213745117 -0.0488644391298294 38.3199577331543 0.511039078235626 3.86861705780029 4.36998510360718 4.37344884872437 4.39074611663818 5.41274070739746 6.06149435043335 2.72006249427795 3.45049500465393 3.92835545539856 4.28294944763184 4.95177173614502 6.15223264694214 8.57149219512939 11.7769613265991 17.5241813659668 30.1599349975586 18.1306304931641 23.6545352935791 -0.503130733966827 1.60105443000793 1.9043744802475 2.24871015548706 2.50041723251343 2.73999881744385 2.9805862903595 3.29537653923035 4.15174627304077 4.62947034835815 5.04206705093384 5.49313640594482 5.97491645812988 6.48583555221558 7.15672779083252 7.98781871795654 8.94637107849121 10.1999168395996 11.1587858200073
7.16173028945923 7.92822027206421 12.441948890686 15.9727458953857 22.9281539916992 39.6606063842773 -0.25745165348053 2.41870594024658 0.0953875035047531 3.51287269592285 4.86438846588135 5.33864068984985 5.97125864028931 6.75241708755493 3.71197819709778 1.043532371521 1.14923918247223 1.49931669235229 2.06807804107666 2.53958058357239 3.37288856506348 8.92694568634033 12.6207113265991 18.5102405548096 32.7432746887207 3.32232666015625 6.43715620040894 9.97915649414062 0.0743126347661018 2.03084850311279 2.26104640960693 2.67993593215942 3.0728485584259 3.42366600036621 3.82340240478516 4.23179531097412 4.11085987091064 4.42661714553833 4.7785177230835 5.15222358703613 5.54021692276001 6.0203161239624 6.58621263504028 7.20898532867432 7.94099283218384 13.7151956558228
2.86256980895996 3.18540143966675 3.00001358985901 10.9191064834595 13.9497404098511 19.903263092041 35.8926048278809 7.53245210647583 -0.124892204999924 3.33727955818176 3.75825357437134 4.09845113754272 5.12670183181763 3.12294006347656 4.00207567214966 3.27792882919312 0.6779465675354 0.613875687122345 0.774148046970367 1.23569548130035 1.93038582801819 2.60253643989563 6.77389717102051 9.35285758972168 9.74633598327637 28.1244163513184 1.11750042438507 1.16839909553528 1.96133983135223 2.45434331893921 2.62057018280029 2.8521888256073 2.93928217887878 3.25997972488403 3.58475017547607 3.9443302154541 4.72053909301758 5.11540126800537 5.5487380027771 6.05962896347046 6.64961719512939 7.34893751144409 8.16419219970703 9.14769458770752 10.4115839004517 12.2951421737671
3.63960361480713 2.20412063598633 2.49815559387207 3.32332754135132 3.80735182762146 4.97166347503662 8.58525466918945 0.982217133045197 2.73904323577881 3.1740620136261 3.3619532585144 4.14533615112305 4.21254825592041 2.59139490127563 2.38592123985291 1.6746883392334 2.04784274101257 0.580738484859467 0.59735894203186 0.909406721591949 1.48440206050873 1.92083418369293 4.52267122268677 6.74597930908203 11.099552154541 23.1462287902832 0.945864498615265 1.75070488452911 2.0041606426239 2.0863983631134 2.21864151954651 2.387864112854 3.18870711326599 3.4537878036499 3.75338888168335 4.07038974761963 4.36373710632324 4.74608039855957 5.1664080619812 5.68631505966187 6.31008243560791 7.00801467895508 7.80354690551758 8.79785823822021 10.1433706283569 11.9925680160522
2.45126533508301 2.68374109268188 2.81340026855469 2.13531637191772 1.93086659908295 1.93691658973694 1.94336009025574 2.11902141571045 2.568110704422 2.72171759605408 3.44361424446106 3.78367877006531 3.95014405250549 3.81438398361206 0.00322981318458915 0.00696619506925344 0.0428482294082642 1.17163753509521 0.543417692184448 1.06801402568817 1.22367060184479 1.27754652500153 1.35860168933868 1.44004535675049 1.48619985580444 1.60833883285522 7.59491491317749 10.1701536178589 15.0666265487671 27.9449462890625 1.01440262794495 2.28949689865112 2.43268370628357 2.64522480964661 2.90520143508911 3.19335317611694 3.43254327774048 4.41559743881226 4.81996440887451 5.32411241531372 5.88584661483765 6.51102495193481 7.22284460067749 8.07827663421631 9.19441890716553 10.5855016708374
2.80386543273926 3.20900130271912 3.15834140777588 2.7442638874054 2.40099191665649 2.26068425178528 2.18448543548584 2.24688124656677 1.62496483325958 2.43386626243591 3.37098336219788 4.29228019714355 3.27097105979919 -0.0193684175610542 0.0208360720425844 0.0614515878260136 0.0935179442167282 0.167860999703407 0.7740598320961 0.867546379566193 1.23202216625214 1.33353710174561 1.42144405841827 1.44252419471741 1.58327984809875 1.70300579071045 1.76609110832214 1.82601320743561 1.87874042987823 1.92158281803131 2.18217277526855 2.27346205711365 2.40918898582458 2.57877635955811 2.81459736824036 3.07428216934204 3.32078766822815 3.60807967185974 3.97529125213623 4.17662239074707 4.90285921096802 5.30383634567261 5.73202419281006 6.22113656997681 6.81952905654907 7.55378246307373
3.51465559005737 3.54947280883789 3.11075377464294 3.28033876419067 3.33029890060425 3.26735830307007 3.23317861557007 3.65519499778748 2.79460763931274 1.41606521606445 2.2534282207489 4.19574117660522 0.924527227878571 1.11132299900055 1.40885365009308 1.57668876647949 1.65032386779785 0.878064692020416 0.764417827129364 0.86033433675766 1.70503783226013 3.04988098144531 5.10153341293335 11.1805047988892 1.06666934490204 1.70244657993317 1.77355086803436 1.83165204524994 1.88519155979156 1.93086040019989 1.96400916576385 1.99953663349152 2.07280564308167 2.23385405540466 2.33585286140442 2.50683426856995 2.6649808883667 2.86514759063721 3.01037955284119 4.53619527816772 4.85192394256592 5.3994574546814 5.73368549346924 6.29788303375244 7.01384496688843 7.91836261749268
3.57956600189209 3.92270731925964 3.26744341850281 3.85141491889954 3.33630919456482 3.85401582717896 4.22894716262817 5.19460678100586 6.02019691467285 1.98890316486359 0.568149089813232 0.78229147195816 1.02123618125916 1.27099657058716 1.45285224914551 0.599145770072937 0.258869141340256 2.04012537002563 2.28323912620544 2.66107583045959 3.18451905250549 3.64485383033752 4.12989568710327 5.23985195159912 6.23974227905273 7.37434101104736 8.85687637329102 6.60775756835938 4.5437707901001 1.71958780288696 1.74790179729462 1.79556214809418 1.87008476257324 1.94496583938599 2.3541796207428 2.48300933837891 2.6494734287262 2.66113615036011 2.70456075668335 2.84317302703857 2.98893809318542 3.2705602645874 3.64828181266785 3.94329071044922 4.42079162597656 5.00855255126953
3.96493554115295 4.62868165969849 2.97347664833069 3.1801381111145 3.33768463134766 3.45890951156616 3.78780221939087 4.77760982513428 4.6241626739502 4.37161540985107 1.48586881160736 1.90333437919617 2.25556588172913 2.5485565662384 2.73321676254272 1.72902262210846 1.92760825157166 2.06905007362366 2.31034803390503 2.79669570922852 3.39262962341309 3.76527905464172 5.05595684051514 6.38891935348511 7.79928207397461 5.69978761672974 4.58854579925537 11.5252208709717 15.3122072219849 22.3842353820801 38.961254119873 0.540098786354065 0.880861163139343 1.21152770519257 1.76828181743622 2.39921689033508 2.16652822494507 2.23816657066345 2.35295796394348 2.48995494842529 2.64700484275818 2.97466611862183 3.48359727859497 3.72850275039673 4.20947694778442 4.76147270202637
3.30777812004089 4.46171426773071 3.71852111816406 3.13592433929443 4.14719104766846 2.90969753265381 2.59914827346802 3.5867030620575 2.7864990234375 2.78185176849365 0.803482592105865 0.923683166503906 1.14292550086975 1.44193136692047 1.58221745491028 3.21762490272522 3.60234141349792 3.6937894821167 4.08811330795288 4.76005935668945 5.39088106155396 6.43231201171875 7.97476053237915 9.5441837310791 11.5100297927856 10.4503755569458 14.0058307647705 20.6490097045898 37.6567001342773 0.0412018336355686 0.328155040740967 0.493897914886475 0.816307485103607 0.932109355926514 1.51928436756134 2.02172541618347 2.05826115608215 2.14603137969971 2.26432275772095 2.39828896522522 2.54194116592407 2.67803192138672 2.883549451828 2.97244381904602 3.27696967124939 3.43162512779236
3.56153392791748 5.37371253967285 4.61441802978516 2.01020097732544 2.5497100353241 2.74199485778809 2.76702404022217 2.71228933334351 2.9585280418396 2.41934394836426 1.28571736812592 1.36536991596222 1.54674530029297 1.82667541503906 2.08078837394714 2.39191269874573 2.56426811218262 2.5516095161438 2.75772833824158 2.99199509620667 3.44230222702026 4.58215522766113 5.77040767669678 7.21842432022095 8.27075576782227 15.5891342163086 21.0417652130127 33.4647026062012 27.7013854980469 -0.341677874326706 0.0486477836966515 0.948671758174896 0.955472707748413 1.04425752162933 1.12543785572052 1.20276165008545 1.26526975631714 1.34466111660004 1.43699705600739 1.54633939266205 1.66370606422424 1.77748954296112 2.24484276771545 2.37981462478638 2.54366898536682 3.29018473625183
2.50974154472351 3.82239437103271 3.51500248908997 2.7412383556366 2.0872118473053 2.38087558746338 2.48767066001892 2.93291425704956 2.6154351234436 2.9034161567688 1.44225895404816 1.50636076927185 1.68792736530304 1.79165935516357 2.1059992313385 2.45000267028809 2.6561176776886 2.99937105178833 3.21655082702637 3.34640955924988 4.02728986740112 4.71026659011841 5.48110914230347 6.4279613494873 10.3855810165405 14.9280414581299 21.3088321685791 35.5436706542969 3.75461363792419 1.00062203407288 19.3319549560547 -0.128300458192825 9.78728294372559 0.492969512939453 0.857536733150482 0.914527833461761 1.02070283889771 1.23159992694855 1.37009370326996 1.4631667137146 1.56655895709991 1.66095364093781 1.75536954402924 1.90822517871857 2.13479828834534 2.26307106018066
2.09361362457275 2.49187016487122 2.88119292259216 2.52832794189453 1.83211100101471 2.59375333786011 2.13130593299866 2.52555346488953 2.66195249557495 0.703173696994781 1.00047695636749 1.1725264787674 1.19517886638641 1.23206031322479 1.51875686645508 1.75525903701782 1.94250905513763 2.10073852539062 2.23829126358032 3.54725480079651 3.98379373550415 4.42321729660034 4.984046459198 5.78842210769653 6.97287797927856 7.48808336257935 8.52131843566895 12.7195310592651 16.342357635498 26.135534286499 18.4208545684814 -0.370868861675262 12.5571756362915 0.334326028823853 0.722048223018646 0.773633778095245 0.843364655971527 1.01277327537537 1.18405771255493 1.24363672733307 1.35500574111938 1.41615211963654 1.48317337036133 1.62593829631805 1.73843014240265 1.80843102931976
1.84029030799866 1.87902140617371 2.82047271728516 1.52178537845612 1.54120087623596 1.84522950649261 2.03681230545044 2.16775512695312 1.94616186618805 2.01291155815125 2.05915951728821 2.13976979255676 2.20432806015015 2.39927577972412 2.67133736610413 3.01029849052429 3.22841572761536 1.47601628303528 1.7818797826767 2.70694041252136 3.0522632598877 3.34685182571411 3.77869701385498 4.52835083007812 5.17367553710938 5.3281078338623 5.8207368850708 7.72871255874634 13.8187475204468 9.86680221557617 12.3190231323242 13.0201530456543 22.1922054290771 -1.03601491451263 0.0320791862905025 0.0756773501634598 0.120885238051414 0.873232305049896 1.35884344577789 1.42499244213104 1.49439978599548 1.56763160228729 1.63411438465118 1.51582586765289 1.58438313007355 1.68059253692627
1.06887340545654 1.59677839279175 1.96093261241913 1.88568866252899 1.92684996128082 1.96682298183441 1.99832034111023 2.04494452476501 2.07936811447144 2.12688541412354 2.12920427322388 2.23788857460022 2.33499050140381 1.93213987350464 2.0794517993927 2.25353908538818 2.35745620727539 3.80524754524231 4.27013683319092 4.65087127685547 5.15455055236816 5.7241530418396 6.57273197174072 7.98552799224854 8.75540065765381 9.82446098327637 11.3890438079834 7.60784149169922 13.1879663467407 6.17245817184448 10.7640714645386 14.77565574646 26.8160266876221 4.20357847213745 -0.789155721664429 16.0183696746826 -0.392077744007111 0.868747293949127 0.940465271472931 1.01219630241394 1.08064079284668 1.15069925785065 1.18645203113556 1.70236074924469 1.8136465549469 1.85546433925629
1.78269815444946 1.90793836116791 0.933549582958221 0.764696717262268 0.779645264148712 0.627471208572388 0.802050888538361 1.03770184516907 1.09686267375946 1.18022632598877 0.192821681499481 0.195119082927704 0.18266561627388 2.49499034881592 2.68937134742737 2.81887412071228 3.12019467353821 3.49170064926147 3.72236084938049 3.95887184143066 4.21630430221558 4.52999210357666 4.14801502227783 4.87780332565308 5.03576803207397 5.3650074005127 5.77323246002197 14.190938949585 18.0802097320557 25.4094829559326 41.6515769958496 -0.216833099722862 8.8049783706665 7.81138753890991 11.3117237091064 22.1014919281006 -0.63412469625473 0.049232117831707 0.134402677416801 0.743285715579987 0.762682557106018 0.884165704250336 1.1993750333786 1.26724517345428 1.35606205463409 1.42698454856873
