slauniainen/Data/DEM/Vihti_dem1500b_cl_horizonAngle_348.asc
NCOLS 196 
NROWS 178 
XLLCORNER 353680 
YLLCORNER 6699024 
CELLSIZE 16 
NODATA_value -3.4e+38 
[rows 0 to 19 of 178, columns 45 to 89 of 196]
14.8693532943726 12.6647748947144 10.7934055328369 13.8924016952515 15.7080554962158 11.1968908309937 9.13765239715576 5.4366888999939 3.52241849899292 2.62853240966797 1.39511334896088 1.57257008552551 1.93830180168152 2.13015246391296 2.10450410842896 1.52245700359344 0.554852545261383 0.254757702350616 0.611671090126038 0.75410932302475 1.01762080192566 1.32905876636505 1.77291345596313 2.62689590454102 3.28817534446716 3.54408168792725 3.53515124320984 3.36188387870789 3.85431838035583 3.99286270141602 2.96531772613525 2.77206635475159 3.00489115715027 2.93372297286987 2.66017413139343 2.30239582061768 2.22189974784851 1.90838146209717 4.57831478118896 4.09318494796753 4.2984881401062 2.24287128448486 1.83010756969452 2.03005719184875 1.96444356441498
18.4746837615967 17.7633895874023 14.8022871017456 11.9660491943359 12.2414360046387 10.7839679718018 7.54096364974976 3.6754777431488 2.20607304573059 1.43603575229645 0.549366176128387 0.677704930305481 1.03105795383453 1.41382908821106 1.40359103679657 0.944199919700623 0.495258331298828 0.224370241165161 0.382873505353928 0.613117635250092 0.870933473110199 1.30128931999207 3.3572781085968 4.3250093460083 3.18283557891846 3.40913438796997 3.39578747749329 3.35018634796143 3.22798323631287 3.19323015213013 2.87833142280579 6.08528089523315 2.87697839736938 2.96318173408508 2.75480771064758 2.38257026672363 4.45925664901733 6.17829990386963 4.73486232757568 4.92781591415405 2.95926356315613 1.72969746589661 1.54914474487305 1.76604747772217 1.8097517490387
15.0407943725586 12.9504690170288 10.7305002212524 9.55516910552979 9.45150470733643 8.17604541778564 4.72677373886108 1.93453907966614 1.07557380199432 0.613568246364594 0.435570806264877 0.504053473472595 0.512771606445312 0.773719966411591 0.870113551616669 0.628867566585541 0.431464076042175 0.174560442566872 0.0730689987540245 0.728277504444122 1.06096231937408 2.76129102706909 6.13991832733154 7.50134181976318 3.77369427680969 3.1981360912323 3.29310584068298 3.24980115890503 3.02387094497681 2.83162188529968 2.7139630317688 4.7954888343811 2.73933148384094 2.89204597473145 3.30751490592957 8.93551063537598 6.77114152908325 4.4617280960083 1.60205399990082 1.5446765422821 1.91401088237762 1.68020856380463 1.3606321811676 1.42588698863983 1.57767510414124
11.6939516067505 9.98869895935059 8.25369739532471 7.74630451202393 7.66164302825928 6.0181999206543 2.43492746353149 1.1985764503479 0.648876965045929 0.452311486005783 0.332777053117752 0.402503967285156 0.514553725719452 0.62946355342865 0.648760259151459 0.564778387546539 0.424953788518906 2.12932777404785 1.99723958969116 1.80877065658569 3.50489091873169 4.75570440292358 7.98980379104614 8.32099056243896 3.90998244285583 3.03232574462891 3.16942429542542 3.12989234924316 2.94582557678223 2.70861601829529 2.61213231086731 2.66255927085876 5.2141227722168 2.85032105445862 3.46490502357483 6.80697059631348 4.84165000915527 3.708829164505 1.50369572639465 1.39603996276855 3.27432060241699 4.14346790313721 1.26163196563721 1.34562909603119 1.51322638988495
9.49170398712158 8.12533950805664 6.79345941543579 6.49881601333618 6.43430233001709 4.86473894119263 1.30202674865723 0.786113500595093 0.524013459682465 0.398773342370987 0.290822088718414 0.542218863964081 0.549061954021454 0.583350658416748 0.651344120502472 0.577791094779968 2.02769184112549 2.56463384628296 2.26993155479431 2.94866418838501 4.25221967697144 6.380042552948 8.30391120910645 7.52673244476318 2.63611745834351 2.90103578567505 3.02383327484131 2.99333715438843 2.82625341415405 2.61781048774719 2.57768940925598 2.68322992324829 4.5128173828125 4.56362819671631 2.86860251426697 3.26949167251587 4.32819604873657 2.94903922080994 1.54695165157318 6.1353325843811 7.34113931655884 5.62734222412109 5.18293476104736 4.78307676315308 6.05867099761963
8.13609886169434 7.74155855178833 6.60156297683716 5.69090127944946 5.53181743621826 4.26483201980591 1.3288893699646 0.698402166366577 0.463530749082565 0.349002152681351 1.07964313030243 1.83922970294952 1.46912479400635 1.1120423078537 0.634367406368256 0.614307701587677 1.61604571342468 4.15906763076782 5.1996808052063 6.88275909423828 8.54258060455322 7.76752233505249 8.23037719726562 5.49593496322632 2.49192595481873 2.7314817905426 2.84340238571167 2.80980372428894 2.66445684432983 2.52761173248291 2.50973343849182 2.64638042449951 3.18295049667358 3.84453392028809 3.02946829795837 2.58478593826294 3.38473796844482 2.63084983825684 8.27917575836182 8.73696041107178 6.41666603088379 3.19154334068298 7.89129114151001 11.3736124038696 10.5251398086548
7.44512748718262 6.98996353149414 6.01541042327881 5.09206295013428 4.40012264251709 3.29183411598206 1.18183314800262 0.705576241016388 0.475447833538055 0.346290618181229 2.5592896938324 5.23016262054443 5.13456153869629 3.92685413360596 4.12012100219727 2.7544584274292 2.92606449127197 5.6368932723999 10.0439929962158 11.3371877670288 9.16635894775391 8.73605632781982 7.86940574645996 4.1544713973999 2.30037403106689 2.45419311523438 2.44714260101318 2.45520162582397 2.58856272697449 2.46178603172302 2.45049214363098 2.57122159004211 2.81149387359619 2.93023705482483 2.79402136802673 2.66989970207214 3.2146942615509 4.48383188247681 7.77335262298584 8.33873558044434 5.85052251815796 7.32426118850708 8.80522155761719 10.9122276306152 10.5475339889526
6.6744065284729 6.28418016433716 5.37338447570801 4.23318099975586 3.08365821838379 2.09594202041626 0.822024166584015 0.603746592998505 0.428271651268005 1.33495104312897 2.83628034591675 6.46776008605957 7.77264213562012 7.19873857498169 5.77431106567383 6.41016387939453 8.4799165725708 9.6475715637207 11.1878461837769 10.0570917129517 10.2613887786865 9.47617340087891 6.9775562286377 3.79619383811951 1.88087677955627 1.66022634506226 1.79337477684021 2.03361654281616 2.29570198059082 2.29024720191956 2.30908584594727 2.43566203117371 2.61658215522766 2.66408777236938 2.72367477416992 2.56712484359741 2.86736536026001 5.75189065933228 7.31025791168213 8.42667007446289 12.1320610046387 16.2574768066406 10.4577283859253 11.2598161697388 12.6659278869629
6.03979015350342 5.71249914169312 4.40861797332764 3.10867381095886 2.00165557861328 1.0427520275116 0.629406750202179 0.536888778209686 1.37519931793213 2.03852462768555 2.92372918128967 6.41623449325562 7.56393814086914 7.03685235977173 6.29632139205933 7.38375091552734 10.0924091339111 10.0981960296631 10.2229452133179 10.242431640625 8.71995162963867 6.60223293304443 4.45336675643921 2.90121984481812 1.36752653121948 1.33577144145966 1.58653008937836 1.86360740661621 2.13777875900269 2.13292193412781 2.13713026046753 2.28710508346558 2.38222217559814 2.48742723464966 2.50889182090759 2.33752655982971 2.33457088470459 4.21764326095581 6.83838367462158 8.22394943237305 11.1580867767334 13.8045234680176 15.1650466918945 17.7113170623779 15.5698137283325
5.5609917640686 5.18357276916504 4.18576955795288 2.62753033638 1.5829017162323 0.862198173999786 0.628392696380615 2.78411412239075 1.73092615604401 2.17524385452271 4.84419727325439 6.55772924423218 6.77273511886597 5.97217702865601 6.11901807785034 7.61519432067871 11.0144109725952 11.327299118042 9.2995023727417 8.21320343017578 6.86333894729614 4.44859743118286 3.06824088096619 1.26206314563751 1.03970944881439 1.24232077598572 1.49722790718079 1.80527687072754 2.06094646453857 2.04999399185181 1.97492897510529 2.04580116271973 2.12957072257996 2.23750758171082 2.26669001579285 2.2137131690979 2.32437515258789 3.44889640808105 6.63281011581421 7.83499956130981 8.87207794189453 11.4306735992432 16.957935333252 16.0123405456543 14.4687805175781
5.0858211517334 4.45127248764038 3.51286840438843 2.27309274673462 1.33996641635895 0.837279200553894 3.40542340278625 4.65993547439575 4.96759748458862 6.27347278594971 5.38071966171265 6.82213401794434 5.48432731628418 7.54451370239258 11.4508953094482 8.67879295349121 10.6262474060059 9.64916133880615 7.40255069732666 6.4515700340271 4.59508752822876 2.61892199516296 1.5533572435379 1.03248906135559 0.908395826816559 1.11891114711761 1.44770073890686 1.76487171649933 2.11141276359558 2.11143589019775 1.95006394386292 1.8467298746109 1.91455566883087 2.12391495704651 2.23409175872803 3.31865167617798 2.43981432914734 2.65291929244995 4.92820501327515 6.90593194961548 7.84631776809692 9.90319919586182 12.2057857513428 12.6311836242676 11.5860977172852
4.56849527359009 3.54541850090027 2.93359708786011 2.07537698745728 1.2672004699707 2.88808751106262 5.39701509475708 7.29243659973145 10.7135581970215 11.7734298706055 10.5910167694092 7.96740913391113 8.20020866394043 8.4707498550415 9.83440399169922 10.3554048538208 9.95849990844727 7.89826774597168 6.04181718826294 4.96071624755859 3.05296468734741 1.57651424407959 0.847747981548309 0.937616527080536 0.87492424249649 0.980859398841858 1.23722434043884 1.7676157951355 3.45144462585449 2.06183981895447 1.908123254776 1.78760480880737 3.04233646392822 4.53835248947144 7.79605531692505 6.76187372207642 4.83692741394043 4.63248825073242 4.38148736953735 6.4718132019043 7.61803150177002 8.96230411529541 10.4603204727173 10.7292900085449 10.7093772888184
4.24787712097168 3.54340171813965 2.89807319641113 2.08959102630615 3.03874015808105 4.78028249740601 5.28626871109009 6.83060646057129 8.70139217376709 8.71881008148193 9.2133731842041 8.1092586517334 7.07808351516724 7.50027179718018 10.7344455718994 11.8777074813843 9.59552192687988 6.75257539749146 5.2680139541626 3.81038093566895 2.0345892906189 1.13207101821899 0.936454057693481 0.90611606836319 1.0939267873764 1.93111908435822 2.48972964286804 2.81668615341187 3.15981268882751 2.00485420227051 1.90464925765991 5.21786165237427 8.37942504882812 11.5191659927368 10.5762596130371 12.8514490127563 12.5204563140869 13.8007621765137 10.6891059875488 8.08267593383789 7.31398868560791 8.18698596954346 9.37683010101318 9.65152168273926 9.87578392028809
3.94021344184875 4.41795110702515 5.29152393341064 4.01606369018555 5.3386812210083 4.55833435058594 4.52488613128662 4.04500532150269 3.99207592010498 6.05341196060181 7.80055618286133 7.8289041519165 6.97237253189087 9.29537105560303 10.4796829223633 10.014796257019 7.40736627578735 6.2150764465332 4.5906457901001 2.8285870552063 1.61961317062378 1.06315588951111 0.975668370723724 0.864878714084625 0.831718504428864 1.53781652450562 5.26340484619141 4.10652685165405 2.53737473487854 1.9403156042099 3.82636547088623 10.9728803634644 13.8313035964966 13.7306699752808 13.4711256027222 13.5172119140625 14.1599359512329 13.7351045608521 11.9575700759888 9.38448429107666 7.49088335037231 7.55486869812012 8.63437557220459 8.87409400939941 8.88810539245605
3.68624353408813 3.50896692276001 3.85186386108398 3.29290580749512 4.09026288986206 3.7490177154541 2.79369974136353 2.57487225532532 2.49047446250916 3.88176441192627 5.38864183425903 5.85063552856445 5.88280773162842 7.85176420211792 8.60587310791016 8.21177768707275 6.306236743927 4.65461158752441 2.09779095649719 1.88244271278381 1.50747227668762 1.07646560668945 0.944145083427429 2.72597360610962 4.22616195678711 3.95630264282227 4.27484607696533 6.13534021377563 4.09999418258667 4.03172254562378 3.10764932632446 10.1277847290039 12.5005359649658 11.6960983276367 13.0332536697388 13.8110065460205 14.5235052108765 14.0603446960449 13.414701461792 10.1164417266846 7.17251586914062 6.71331787109375 6.96625518798828 7.92170238494873 8.26147270202637
3.24824976921082 3.12312626838684 2.68461132049561 2.20728182792664 1.78462600708008 1.91199207305908 2.06285953521729 1.94931519031525 2.31548643112183 3.21132874488831 4.09722661972046 4.9581503868103 5.87131357192993 7.04410934448242 7.38595151901245 6.55385303497314 4.93906402587891 2.67431735992432 1.2345654964447 1.26961708068848 1.19478678703308 0.97805655002594 0.919534802436829 2.42969369888306 4.00423717498779 4.73961067199707 4.79868841171265 7.03977108001709 8.98232173919678 9.85774230957031 11.5611295700073 9.00059986114502 11.4370403289795 12.8054857254028 13.13161277771 14.1779651641846 13.2506294250488 12.1162338256836 10.831859588623 8.07850551605225 6.21232318878174 6.2350606918335 6.36498260498047 7.30497980117798 7.71133518218994
1.93695914745331 2.01667094230652 1.84625208377838 1.56826376914978 1.16771364212036 1.01207423210144 1.12420058250427 1.64584362506866 3.83583045005798 2.98187279701233 3.82606101036072 4.80074453353882 5.85193395614624 6.39137125015259 6.24490308761597 5.62657880783081 4.36999320983887 2.64324760437012 1.39248991012573 0.884612500667572 0.823247611522675 0.460185945034027 0.442338079214096 0.742575228214264 2.43164396286011 4.25848770141602 5.37578725814819 6.77887725830078 10.5358085632324 13.6848983764648 15.7659673690796 12.3304309844971 11.6019992828369 12.7138547897339 12.7645702362061 12.4569673538208 11.4892921447754 10.0846681594849 8.85147571563721 6.46680307388306 5.46109962463379 5.74519348144531 5.85595369338989 6.76838636398315 7.09668350219727
0.724675416946411 0.687819242477417 0.880107045173645 1.0731098651886 0.82760614156723 0.845489621162415 0.882018625736237 2.80763578414917 5.2301082611084 9.1304349899292 8.53670215606689 8.10835647583008 6.37725210189819 5.9969162940979 5.83721685409546 5.5434193611145 4.6298246383667 6.06004858016968 4.75097990036011 1.76485431194305 0.59189784526825 0.207989320158958 0.370185732841492 0.691005706787109 2.23837637901306 5.92855596542358 11.4124689102173 15.3766622543335 10.8804302215576 13.3700895309448 13.9520902633667 14.6777801513672 12.2186031341553 11.9872608184814 11.4993782043457 10.6496562957764 9.88095474243164 8.56146049499512 7.46330785751343 5.65323638916016 4.94301271438599 5.33190441131592 5.50611019134521 6.18235921859741 6.43506813049316
0.369795888662338 0.256478250026703 0.481621205806732 0.555053353309631 0.418092519044876 0.579042375087738 0.793710649013519 1.98516476154327 3.14402770996094 5.4007248878479 6.21088218688965 8.00659561157227 7.35541200637817 5.54747629165649 5.47569942474365 5.16826105117798 4.44804620742798 5.20075082778931 4.70946311950684 3.73099493980408 4.57530164718628 4.78918123245239 2.59511637687683 0.88807201385498 2.19592475891113 11.0105285644531 13.4646139144897 13.0314493179321 11.5901193618774 13.4535980224609 13.8968305587769 13.4702110290527 11.2017688751221 10.5394763946533 10.0741195678711 9.31428527832031 8.87859058380127 8.07981109619141 7.0052661895752 6.17082071304321 4.66755390167236 5.00319814682007 5.15489387512207 5.30054569244385 5.92240953445435
2.41729855537415 0.25527235865593 0.466038316488266 0.479254633188248 0.38490504026413 0.458653777837753 0.702154695987701 0.829345881938934 2.78253769874573 3.5519073009491 5.8171763420105 8.08783435821533 8.53408145904541 5.72954225540161 5.14870929718018 4.51714611053467 3.49482274055481 2.8201949596405 2.93261456489563 3.68415880203247 4.43696165084839 6.01357698440552 6.67909383773804 3.9633994102478 6.38982009887695 10.1953897476196 12.7941036224365 14.382848739624 12.7916097640991 12.5472917556763 11.8500776290894 11.3133392333984 9.23652267456055 9.16287422180176 9.01674556732178 8.79709815979004 8.0321798324585 7.4513521194458 6.64721822738647 5.97656345367432 4.47562122344971 4.72019720077515 4.82116031646729 4.92318058013916 5.50913095474243
