slauniainen/Data/VMI/vihti_koivu.asc
ncols         196
nrows         178
xllcorner     353680
yllcorner     6699024
cellsize      16
NODATA_value  -9999
[rows 111 to 147 of 178, columns 84 to 167 of 196]
69 84 33 27 23 83 56 70 71 30 11 21 0 0 0 0 0 0 0 0 0 0 0 0 0 0 0 0 0 0 0 0 0 0 0 0 0 14 17 17 11 28 80 127 21 1 0 12 21 48 39 45 53 93 92 85 29 92 71 14 -9999 -9999 -9999 -9999 -9999 -9999 -9999 -9999 -9999 -9999 -9999 -9999 -9999 -9999 -9999 -9999 9 18 0 0 50 28 5 5
32 22 28 25 34 38 1 13 60 84 26 18 0 0 0 0 0 0 0 0 0 0 0 0 0 0 0 0 0 0 0 0 0 0 0 0 0 21 19 15 17 32 15 120 19 0 2 0 12 20 41 44 53 67 57 45 24 63 29 30 20 -9999 -9999 -9999 -9999 -9999 -9999 -9999 -9999 -9999 -9999 -9999 -9999 -9999 -9999 -9999 -9999 32 0 0 51 55 28 40
14 29 30 4 16 20 29 52 117 122 104 51 4 0 0 0 0 0 0 0 0 0 0 0 0 0 0 0 0 0 0 0 0 0 0 19 20 10 6 18 47 45 58 84 64 1 3 8 1 16 57 86 109 86 72 27 107 10 22 6 28 20 -9999 -9999 -9999 -9999 -9999 -9999 -9999 -9999 -9999 -9999 -9999 -9999 -9999 20 30 10 14 49 52 49 50 50
24 51 43 24 32 23 32 52 13 55 134 48 15 0 0 0 0 0 0 0 0 0 0 0 0 0 0 0 0 0 0 0 0 0 0 22 33 7 81 15 64 73 20 49 121 33 44 31 2 22 72 112 94 108 141 38 28 24 30 15 43 8 13 -9999 -9999 -9999 -9999 -9999 -9999 -9999 -9999 -9999 -9999 -9999 -9999 68 8 2 15 51 49 50 21 40
57 57 51 0 27 27 31 44 80 32 68 25 14 0 0 0 0 0 0 0 0 0 0 0 0 0 0 0 0 0 0 0 0 0 21 5 29 6 19 5 35 35 14 41 33 32 22 27 19 44 78 105 97 102 55 27 17 28 51 41 60 48 41 19 -9999 -9999 -9999 -9999 -9999 -9999 -9999 -9999 -9999 -9999 67 9 7 2 25 48 36 57 18 7
37 38 48 41 0 24 18 48 76 60 51 46 19 0 0 0 0 0 0 0 0 0 0 0 0 0 0 0 0 0 0 0 13 0 0 14 32 53 43 29 53 30 31 57 35 21 6 11 28 11 90 132 157 167 91 52 19 39 52 35 23 8 37 17 19 -9999 -9999 -9999 -9999 -9999 -9999 -9999 -9999 -9999 11 12 2 0 24 33 32 10 43 14
57 53 38 15 10 16 35 33 73 36 125 57 15 0 0 0 0 0 0 0 0 0 0 0 0 0 0 0 0 0 0 17 4 15 10 17 37 72 35 49 13 6 13 24 10 27 33 14 18 19 12 97 148 153 52 25 30 33 43 18 43 30 40 31 22 -9999 -9999 -9999 -9999 -9999 -9999 -9999 -9999 11 12 10 2 40 55 71 54 12 38 8
12 11 14 11 9 21 17 38 50 75 76 45 18 0 0 0 0 0 0 0 0 0 0 0 0 0 0 0 0 0 0 1 6 13 14 30 30 74 35 43 17 35 39 39 33 20 16 5 13 0 12 59 57 34 37 12 33 35 47 38 29 31 38 10 27 16 -9999 16 -9999 -9999 -9999 7 10 8 7 3 32 33 31 20 12 30 12 34
14 12 13 15 11 28 14 3 39 62 56 56 35 0 0 0 0 0 0 0 0 0 0 0 0 0 0 0 0 0 13 0 25 40 49 13 48 46 43 44 39 39 37 30 27 24 24 24 29 7 91 24 18 22 61 59 11 11 61 110 43 62 13 25 77 5 20 15 18 9 35 10 12 5 7 48 36 37 26 17 19 9 17 -9999
0 0 23 10 16 11 14 25 9 63 89 43 42 19 0 0 0 0 0 0 0 0 0 0 0 0 0 0 0 0 17 0 37 24 22 59 47 33 18 21 20 39 31 29 28 27 27 27 28 32 46 63 11 33 11 71 60 50 63 55 57 71 42 43 50 13 18 12 25 9 30 6 2 31 64 68 40 35 30 10 98 24 -9999 -9999
5 18 2 11 11 4 29 32 22 61 22 45 32 31 0 0 0 0 0 0 0 0 0 0 0 0 0 0 0 0 32 20 12 76 48 42 26 21 45 20 20 31 30 28 30 7 6 21 27 27 46 31 26 12 69 47 19 75 69 83 72 102 51 32 58 11 40 14 22 25 9 30 30 72 46 54 68 51 24 85 26 -9999 -9999 -9999
5 19 70 8 3 45 33 34 4 114 47 35 39 36 0 0 0 0 0 0 0 0 0 0 0 0 0 0 0 0 32 28 80 26 38 23 18 22 15 21 21 37 38 29 5 27 28 4 6 23 35 31 50 25 28 28 33 15 23 24 23 23 17 32 39 23 -9999 21 27 61 63 68 72 50 26 50 63 19 12 66 -9999 -9999 -9999 -9999
10 42 14 7 5 21 3 18 32 30 13 56 37 15 0 0 0 0 0 0 0 0 0 0 0 0 0 0 0 0 4 32 97 31 18 20 44 47 47 52 44 42 40 18 3 26 28 3 5 5 26 22 16 53 6 3 31 49 61 57 61 37 32 14 8 31 20 30 25 64 60 42 45 27 32 52 15 15 49 -9999 -9999 -9999 -9999 -9999
13 9 5 0 0 13 2 15 71 45 21 57 9 4 0 0 0 0 0 0 0 0 0 0 0 0 0 0 0 16 11 14 68 48 18 20 46 51 46 64 67 43 61 37 13 31 36 26 0 0 19 26 45 70 26 26 20 54 30 37 33 83 108 44 36 31 22 47 46 68 47 29 48 38 32 38 4 37 10 -9999 -9999 -9999 -9999 -9999
10 10 2 4 5 6 20 32 37 22 15 71 30 33 0 0 0 0 0 0 0 0 0 0 0 0 0 0 9 4 22 8 86 29 53 62 27 80 87 91 55 62 84 79 10 14 14 3 11 23 55 32 54 64 36 36 17 45 36 42 60 81 72 62 35 32 47 40 57 50 39 22 11 50 53 13 20 12 -9999 -9999 -9999 -9999 -9999 -9999
7 2 2 21 18 24 18 52 18 22 81 53 29 4 0 0 0 0 0 0 0 0 0 0 0 0 0 0 19 22 9 13 116 85 84 89 55 22 16 10 9 19 30 92 9 8 6 6 1 16 13 29 71 66 22 24 27 32 12 0 51 35 105 67 53 45 39 -9999 64 45 44 10 12 22 34 84 25 -9999 -9999 -9999 -9999 -9999 -9999 -9999
50 13 21 17 30 10 22 25 59 12 61 52 22 47 19 5 0 0 0 0 0 0 0 0 0 0 0 0 19 63 69 22 122 104 50 29 21 18 21 26 37 83 37 61 3 5 2 8 8 7 11 27 65 34 34 34 16 54 0 0 55 54 12 94 121 65 33 -9999 47 103 47 12 17 10 14 19 -9999 -9999 -9999 -9999 -9999 -9999 -9999 -9999
64 3 21 6 4 29 14 62 67 25 61 74 51 110 142 21 12 0 0 0 0 0 0 0 0 0 0 0 17 77 43 37 96 60 37 32 31 32 21 62 98 67 73 84 1 4 6 4 10 16 9 12 9 1 42 39 16 49 30 24 64 34 75 95 109 54 41 -9999 27 84 3 13 4 2 13 -9999 -9999 -9999 -9999 -9999 -9999 -9999 -9999 -9999
28 8 14 26 20 40 52 60 52 43 76 50 38 81 32 36 23 12 0 0 0 0 0 0 0 0 0 0 43 62 43 34 63 68 61 33 35 51 76 60 30 49 52 17 10 11 16 12 17 14 4 14 17 12 45 5 38 25 27 83 74 93 61 59 51 30 26 -9999 26 11 88 4 2 24 24 -9999 -9999 -9999 -9999 -9999 -9999 -9999 -9999 -9999
41 43 31 52 48 17 52 60 37 72 78 100 53 74 16 12 10 5 13 0 0 0 0 0 0 0 0 0 51 14 23 62 66 58 69 51 36 33 38 47 33 31 44 4 0 32 34 10 11 11 16 14 9 12 42 16 28 12 11 13 49 43 11 17 34 19 16 19 12 15 37 6 76 61 25 -9999 -9999 -9999 -9999 -9999 -9999 -9999 -9999 -9999
60 57 52 53 42 49 30 37 58 50 15 13 0 18 16 22 16 14 5 5 18 18 14 0 0 0 0 0 75 16 63 85 45 40 40 40 23 27 31 32 25 57 54 6 2 3 4 1 2 3 17 17 13 9 42 45 16 17 10 0 22 17 16 3 6 5 6 13 26 59 29 26 41 56 53 -9999 -9999 -9999 -9999 -9999 -9999 -9999 -9999 -9999
51 44 56 58 63 22 20 31 31 0 42 31 14 24 9 20 14 10 22 24 14 5 5 22 24 0 0 79 29 31 120 54 41 45 38 35 39 38 25 16 65 71 58 44 29 10 4 0 0 4 6 3 15 23 26 20 11 12 2 10 17 26 24 17 12 8 9 10 -9999 14 60 40 89 42 27 -9999 -9999 -9999 -9999 -9999 -9999 -9999 -9999 -9999
20 32 37 39 50 4 4 7 0 39 0 22 54 14 11 18 30 21 7 13 10 11 88 69 13 12 13 31 36 98 27 46 39 26 22 26 41 52 24 11 4 11 15 11 3 8 0 0 0 0 0 5 11 26 9 24 5 2 9 12 16 19 18 20 3 12 10 8 -9999 6 10 0 46 39 129 87 -9999 -9999 -9999 -9999 -9999 -9999 -9999 -9999
47 18 6 38 14 9 39 40 41 19 45 36 61 26 37 29 18 31 22 12 44 17 67 95 86 35 18 27 50 78 47 34 26 24 22 29 25 78 52 18 37 29 0 2 0 16 5 21 12 0 0 3 6 4 16 1 6 0 0 0 29 7 12 18 35 16 88 18 -9999 16 31 14 95 72 75 67 -9999 -9999 -9999 -9999 -9999 -9999 -9999 -9999
10 0 37 9 37 50 52 0 15 29 12 12 28 30 32 21 51 40 50 51 40 36 46 44 104 63 37 47 62 57 52 26 21 21 24 27 38 61 19 79 40 18 1 3 0 24 11 17 11 22 18 0 4 5 1 10 16 0 0 5 12 49 78 75 37 51 55 19 -9999 7 78 73 73 40 34 29 -9999 -9999 -9999 -9999 -9999 -9999 -9999 -9999
49 50 50 40 41 11 9 32 9 2 11 11 9 15 13 35 94 80 81 76 64 57 57 59 60 58 75 71 59 68 21 9 6 21 31 19 98 15 81 54 31 16 37 43 2 19 35 3 17 6 15 10 11 11 30 52 18 8 0 4 16 45 28 87 22 43 28 36 -9999 58 65 38 58 128 59 6 -9999 -9999 -9999 -9999 -9999 -9999 -9999 -9999
92 56 76 5 3 0 13 9 33 4 22 22 23 56 27 26 42 31 31 34 13 14 27 49 90 62 64 42 62 59 46 14 20 33 5 33 14 40 40 63 41 14 12 16 16 17 15 14 30 15 13 11 9 10 10 21 19 0 0 0 25 40 54 86 36 48 19 68 24 67 51 35 47 86 81 40 -9999 -9999 -9999 -9999 -9999 -9999 -9999 -9999
11 11 31 3 3 7 35 19 44 16 63 69 15 93 8 86 111 17 40 43 121 130 14 18 22 34 28 24 105 61 56 0 20 30 27 56 17 10 92 107 49 45 6 20 29 10 5 7 16 10 18 8 8 12 24 14 16 0 0 16 37 15 81 86 65 19 125 22 26 34 43 28 31 20 -9999 -9999 -9999 -9999 -9999 -9999 -9999 -9999 -9999 -9999
11 35 20 26 6 29 29 62 33 24 9 23 80 88 82 54 50 40 16 23 45 26 43 58 30 46 54 14 13 32 104 25 0 21 11 18 25 20 124 53 71 24 7 32 27 24 0 0 4 11 11 8 0 25 36 5 12 3 7 10 35 17 36 95 29 125 15 -9999 57 63 -9999 -9999 -9999 -9999 -9999 -9999 -9999 -9999 -9999 -9999 -9999 -9999 -9999 -9999
19 25 16 7 6 11 9 22 18 25 11 76 95 91 90 93 57 88 110 84 89 47 25 13 31 36 11 36 20 72 3 84 44 13 8 50 10 47 51 42 58 20 16 27 41 10 18 0 0 5 39 19 0 27 11 10 11 11 9 28 17 47 21 33 55 98 33 -9999 -9999 -9999 -9999 -9999 -9999 -9999 -9999 -9999 -9999 -9999 -9999 -9999 -9999 -9999 -9999 -9999
26 22 22 31 43 24 16 19 18 40 67 27 15 82 99 120 96 5 36 28 39 80 36 24 34 24 26 63 86 130 17 79 32 6 11 10 34 55 63 43 63 81 49 39 35 41 13 22 5 5 11 5 9 4 20 9 0 11 7 8 11 0 25 34 -9999 -9999 -9999 -9999 -9999 -9999 -9999 -9999 -9999 -9999 -9999 -9999 -9999 -9999 -9999 -9999 -9999 -9999 -9999 -9999
41 21 32 21 59 65 63 19 78 83 74 65 64 76 88 74 35 0 13 19 25 9 9 99 75 39 44 72 64 68 59 9 81 10 9 79 56 78 33 103 107 40 34 60 24 9 44 31 23 10 6 8 49 15 17 12 12 12 13 14 11 4 -9999 -9999 -9999 -9999 -9999 -9999 -9999 -9999 -9999 -9999 -9999 -9999 -9999 -9999 -9999 -9999 -9999 -9999 -9999 -9999 -9999 -9999
-9999 -9999 22 47 63 85 95 68 68 92 65 66 76 65 86 86 88 9 6 28 8 28 0 0 84 105 67 13 60 41 56 27 94 7 2 20 21 26 36 38 33 42 37 31 37 36 11 31 54 29 0 3 0 4 5 15 11 19 7 -9999 -9999 -9999 -9999 -9999 -9999 -9999 -9999 -9999 -9999 -9999 -9999 -9999 -9999 -9999 -9999 -9999 -9999 -9999 -9999 -9999 -9999 -9999 -9999 -9999
-9999 -9999 15 54 58 58 82 82 82 60 39 61 28 48 98 39 6 22 17 5 82 27 0 0 8 18 4 42 22 84 99 24 75 26 10 34 71 33 38 61 36 15 15 25 13 23 25 14 70 10 14 3 0 7 0 17 -9999 -9999 -9999 -9999 -9999 -9999 -9999 -9999 -9999 -9999 -9999 -9999 -9999 -9999 -9999 -9999 -9999 -9999 -9999 -9999 -9999 -9999 -9999 -9999 -9999 -9999 -9999 -9999
-9999 -9999 -9999 51 75 61 63 64 38 59 32 52 65 33 10 13 18 10 11 10 49 76 9 6 0 28 36 11 36 66 31 28 60 17 7 10 48 70 26 61 23 32 22 35 21 13 54 0 5 51 12 7 0 -9999 -9999 -9999 -9999 -9999 -9999 -9999 -9999 -9999 -9999 -9999 -9999 -9999 -9999 -9999 -9999 -9999 -9999 -9999 -9999 -9999 -9999 -9999 -9999 -9999 -9999 -9999 -9999 -9999 -9999 -9999
-9999 -9999 6 85 125 58 42 63 58 58 28 59 30 22 94 62 53 36 32 29 50 62 54 12 8 11 40 52 30 63 26 88 21 15 3 5 63 25 53 44 52 56 17 38 32 72 11 11 16 20 -9999 -9999 -9999 -9999 -9999 -9999 -9999 -9999 -9999 -9999 -9999 -9999 -9999 -9999 -9999 -9999 -9999 -9999 -9999 -9999 -9999 -9999 -9999 -9999 -9999 -9999 -9999 -9999 -9999 -9999 -9999 -9999 -9999 -9999
-9999 -9999 101 103 45 49 47 29 49 21 28 8 21 83 39 40 38 18 23 19 60 22 5 19 11 44 29 55 78 160 8 71 25 11 14 21 26 27 14 45 53 54 39 42 23 52 38 -9999 -9999 -9999 -9999 -9999 -9999 -9999 -9999 -9999 -9999 -9999 -9999 -9999 -9999 -9999 -9999 -9999 -9999 -9999 -9999 -9999 -9999 -9999 -9999 -9999 -9999 -9999 -9999 -9999 -9999 -9999 -9999 -9999 -9999 -9999 -9999 -9999
