slauniainen/Data/VMI/vihti_bm_kuusi_neulaset.asc
ncols         196
nrows         178
xllcorner     353680
yllcorner     6699024
cellsize      16
NODATA_value  -9999
[rows 72 to 107 of 178, columns 82 to 163 of 196]
48 128 53 94 151 137 132 171 80 278 622 162 102 26 106 193 198 370 41 259 91 130 303 289 90 36 0 0 0 37 -9999 176 316 469 277 51 385 39 -9999 -9999 -9999 -9999 -9999 -9999 -9999 -9999 -9999 -9999 -9999 -9999 -9999 -9999 -9999 -9999 -9999 -9999 -9999 -9999 -9999 -9999 -9999 -9999 -9999 -9999 -9999 -9999 -9999 -9999 -9999 -9999 -9999 -9999 349 739 638 779 814 1425 311 413 -9999 -9999
120 30 77 51 99 79 81 164 175 124 260 210 122 343 103 421 287 306 12 162 164 425 91 100 214 53 30 23 63 0 52 317 431 509 229 238 0 24 24 -9999 -9999 -9999 -9999 -9999 -9999 -9999 -9999 -9999 -9999 -9999 -9999 -9999 -9999 -9999 -9999 -9999 -9999 -9999 -9999 -9999 -9999 -9999 -9999 -9999 -9999 -9999 -9999 -9999 -9999 -9999 -9999 -9999 353 558 468 799 1119 1268 1690 630 454 -9999
96 122 132 28 36 44 33 113 202 146 142 173 198 155 362 125 257 275 424 22 43 134 421 589 184 0 34 0 216 123 298 -9999 365 156 328 27 0 36 80 108 120 -9999 -9999 -9999 -9999 -9999 -9999 -9999 -9999 -9999 -9999 -9999 -9999 -9999 -9999 -9999 -9999 -9999 -9999 -9999 -9999 -9999 -9999 -9999 -9999 -9999 -9999 -9999 -9999 -9999 -9999 359 374 423 555 645 880 1216 881 688 111 121
186 86 76 138 30 82 74 134 195 118 173 161 155 28 79 49 99 140 175 86 465 59 382 511 364 1 328 0 79 113 160 -9999 403 910 385 399 275 147 57 261 0 46 -9999 -9999 -9999 -9999 -9999 -9999 -9999 -9999 -9999 -9999 -9999 -9999 -9999 -9999 -9999 -9999 -9999 -9999 -9999 -9999 -9999 -9999 -9999 -9999 -9999 -9999 -9999 -9999 -9999 -9999 312 216 456 1004 701 1096 753 238 -9999 248
171 84 104 83 91 81 124 189 177 77 185 490 649 168 94 0 40 183 481 86 0 485 122 22 153 292 0 192 66 49 19 34 -9999 -9999 -9999 82 78 18 318 23 90 744 485 386 -9999 -9999 -9999 -9999 516 737 -9999 -9999 -9999 -9999 -9999 -9999 -9999 -9999 -9999 82 295 -9999 -9999 -9999 -9999 -9999 -9999 -9999 1273 771 818 378 674 622 769 742 723 498 1198 273 706 -9999
129 52 110 109 60 48 42 38 82 503 288 667 461 366 393 0 0 148 0 0 167 187 129 0 50 0 103 0 16 32 20 0 197 193 149 223 -9999 -9999 -9999 -9999 0 590 90 166 90 -9999 851 1021 1134 1210 -9999 -9999 -9999 -9999 -9999 -9999 -9999 504 917 848 477 396 423 1099 731 1024 775 1024 1030 881 1154 982 828 1038 727 577 856 889 476 221 -9999 -9999
122 197 96 158 53 27 119 219 364 642 1270 497 422 638 177 21 0 0 144 43 0 0 100 0 0 0 20 0 0 51 20 277 19 44 311 230 21 -9999 -9999 -9999 0 174 432 116 123 599 843 1087 1434 1309 1289 1141 1593 -9999 -9999 -9999 298 362 871 948 1035 421 203 432 594 312 883 717 1007 1035 1006 285 780 469 554 866 558 675 136 -9999 -9999 -9999
140 152 202 122 95 263 278 276 328 334 418 405 611 384 920 193 27 0 27 16 0 17 0 0 0 100 0 0 19 39 117 290 120 50 248 0 201 0 -9999 -9999 0 0 226 66 347 961 1564 1395 1436 1447 1453 1248 1095 1235 1240 306 411 886 240 662 983 1063 146 542 556 154 320 527 567 633 834 493 506 591 700 641 884 567 457 -9999 641 -9999
51 82 104 299 391 660 734 223 229 432 578 454 319 541 428 424 99 54 19 49 32 0 0 0 0 0 21 22 40 131 153 115 74 51 112 100 0 50 0 0 0 0 191 233 186 447 1364 1415 1456 1442 1401 1358 1196 1248 795 857 202 814 245 599 1259 868 792 545 696 411 529 545 739 563 748 879 818 678 577 735 452 506 451 352 -9999 -9999
54 389 61 761 844 456 195 120 97 107 424 315 241 328 303 143 40 246 40 124 48 40 157 167 531 504 244 248 521 312 354 39 48 67 169 1 0 0 0 59 -9999 0 0 66 747 321 810 1440 1447 1450 1507 1465 1052 592 326 270 391 0 464 1539 646 881 836 839 797 498 713 907 478 526 578 1080 1322 1332 975 193 127 -9999 -9999 302 -9999 -9999
0 90 124 531 90 146 120 35 85 89 207 417 261 537 338 236 167 571 67 367 51 360 209 269 388 147 507 604 742 91 145 42 44 451 90 279 216 0 416 182 0 -9999 0 120 288 338 595 1433 1399 1447 1315 1424 601 617 531 -9999 -9999 -9999 17 987 1096 894 888 593 849 1220 1028 1102 493 607 808 948 1196 1527 1227 -9999 -9999 -9999 -9999 -9999 308 -9999
-9999 0 86 68 96 121 0 36 88 153 242 422 235 605 364 745 361 371 274 16 0 321 200 245 19 569 448 271 279 192 233 64 28 97 226 511 225 394 566 223 70 0 -9999 62 369 0 289 1025 902 691 1383 1010 586 791 -9999 -9999 -9999 -9999 363 793 983 681 691 797 969 719 754 742 1064 1058 1269 841 1390 1004 24 52 -9999 -9999 -9999 -9999 46 -9999
-9999 -9999 -9999 -9999 218 28 119 33 97 158 421 410 303 471 351 263 746 775 252 850 219 38 184 125 329 429 653 756 387 194 342 74 27 121 809 293 142 37 717 387 240 99 -9999 43 535 147 345 769 303 822 752 1054 421 403 -9999 -9999 -9999 -9999 -9999 603 801 818 857 722 653 682 563 819 1089 1034 754 750 877 694 541 0 -9999 -9999 -9999 151 -9999 -9999
-9999 -9999 -9999 -9999 -9999 -9999 -9999 367 252 252 344 349 344 278 264 455 324 386 491 217 193 246 197 291 420 494 258 -9999 -9999 -9999 -9999 -9999 0 173 37 22 166 366 58 90 384 0 199 -9999 510 17 312 331 199 -9999 593 486 930 -9999 -9999 1325 493 -9999 -9999 798 470 626 856 1030 894 742 780 913 916 1112 722 583 256 346 0 -9999 52 -9999 103 -9999 -9999 -9999
-9999 -9999 -9999 -9999 -9999 -9999 -9999 466 249 431 319 219 278 97 246 411 408 155 156 436 227 91 395 202 216 340 86 115 -9999 -9999 -9999 -9999 -9999 0 0 0 0 0 0 0 0 186 94 223 228 403 284 -9999 -9999 -9999 0 311 806 -9999 822 759 931 -9999 -9999 -9999 402 783 1154 1234 964 837 797 736 853 1385 607 107 374 -9999 -9999 -9999 -9999 -9999 -9999 -9999 -9999 -9999
-9999 -9999 -9999 -9999 -9999 -9999 -9999 506 178 107 228 136 22 36 272 317 221 200 545 263 578 470 700 414 429 180 185 300 109 227 0 30 28 23 0 0 29 0 0 0 52 25 107 213 -9999 330 104 -9999 -9999 -9999 -9999 511 271 108 238 763 713 688 -9999 -9999 0 399 323 510 721 1141 1315 1048 1144 -9999 -9999 -9999 231 -9999 -9999 -9999 308 -9999 -9999 -9999 -9999 -9999
-9999 -9999 -9999 -9999 -9999 -9999 159 364 96 94 200 249 18 16 180 190 261 409 364 265 510 567 674 724 546 623 295 156 157 36 57 368 307 0 82 61 511 43 0 0 178 61 293 324 -9999 330 58 -9999 -9999 -9999 -9999 -9999 258 415 206 416 205 106 496 117 -9999 -9999 169 610 222 328 562 208 136 -9999 -9999 -9999 -9999 -9999 -9999 -9999 22 -9999 -9999 -9999 -9999 -9999
91 -9999 -9999 -9999 -9999 -9999 7 158 32 189 211 139 0 166 0 242 236 392 170 395 739 387 595 763 369 357 92 110 187 284 81 24 336 0 76 553 403 92 528 463 88 146 285 86 108 83 218 214 -9999 -9999 -9999 -9999 84 -9999 -9999 140 50 252 100 -9999 -9999 -9999 -9999 0 170 391 138 129 0 -9999 -9999 -9999 -9999 -9999 -9999 393 238 -9999 -9999 -9999 -9999 -9999
256 247 -9999 -9999 -9999 -9999 0 228 26 370 207 130 164 0 0 316 502 402 478 336 611 340 176 0 236 357 109 611 339 0 233 63 49 29 58 462 794 526 663 256 0 97 78 55 69 -9999 205 140 -9999 -9999 -9999 -9999 -9999 -9999 -9999 -9999 165 167 -9999 -9999 -9999 -9999 -9999 -9999 -9999 -9999 0 47 138 0 -9999 -9999 -9999 -9999 335 -9999 225 0 -9999 -9999 -9999 -9999
-9999 60 -9999 -9999 -9999 -9999 -9999 0 297 178 114 459 166 0 0 0 478 558 454 264 600 476 16 75 305 413 306 191 464 143 297 170 0 20 21 83 1029 1218 437 74 62 0 447 331 229 514 508 600 507 -9999 -9999 -9999 -9999 -9999 -9999 -9999 -9999 -9999 -9999 -9999 -9999 -9999 -9999 -9999 -9999 -9999 -9999 -9999 51 55 -9999 -9999 -9999 148 289 -9999 -9999 -9999 -9999 -9999 -9999 -9999
61 71 -9999 -9999 -9999 -9999 -9999 -9999 383 35 156 67 170 0 0 0 53 516 495 423 460 710 258 176 337 553 680 437 610 146 173 0 25 0 23 23 528 325 362 15 0 34 568 213 1299 89 -9999 279 19 -9999 -9999 -9999 -9999 -9999 -9999 -9999 -9999 -9999 -9999 -9999 -9999 -9999 -9999 -9999 -9999 -9999 -9999 -9999 -9999 -9999 -9999 0 -9999 156 137 153 -9999 -9999 -9999 -9999 -9999 -9999
0 0 -9999 -9999 -9999 -9999 -9999 -9999 156 23 303 130 50 47 90 0 18 418 491 414 340 654 635 425 215 111 319 225 164 180 69 73 0 0 84 90 67 411 59 30 22 69 416 412 699 385 316 -9999 64 -9999 -9999 -9999 -9999 -9999 -9999 -9999 -9999 -9999 -9999 -9999 -9999 -9999 -9999 -9999 -9999 -9999 -9999 -9999 -9999 -9999 -9999 -9999 0 -9999 53 71 -9999 -9999 -9999 -9999 -9999 -9999
72 319 -9999 -9999 -9999 -9999 -9999 479 126 376 74 0 0 0 0 83 0 61 264 172 187 461 437 37 380 365 751 323 285 255 276 182 25 0 18 0 67 59 37 22 272 901 398 138 293 209 208 20 -9999 -9999 -9999 -9999 -9999 -9999 -9999 -9999 -9999 -9999 -9999 -9999 -9999 -9999 -9999 -9999 -9999 -9999 -9999 -9999 -9999 -9999 -9999 -9999 -9999 -9999 -9999 -9999 -9999 -9999 -9999 -9999 -9999 -9999
306 323 -9999 -9999 -9999 -9999 216 97 122 69 25 0 0 0 0 23 86 174 423 133 287 709 213 287 32 680 460 251 403 612 340 562 52 54 56 30 22 21 22 606 158 312 469 234 422 210 246 299 198 337 -9999 -9999 -9999 -9999 -9999 -9999 -9999 -9999 -9999 -9999 -9999 -9999 -9999 -9999 -9999 -9999 -9999 -9999 -9999 -9999 -9999 -9999 -9999 -9999 -9999 -9999 -9999 -9999 -9999 -9999 -9999 -9999
0 -9999 -9999 -9999 -9999 384 38 241 76 0 0 0 0 0 0 0 34 83 32 223 237 441 450 156 172 309 686 568 470 249 294 263 0 22 0 99 117 374 227 158 533 797 485 677 392 68 113 96 547 -9999 -9999 -9999 -9999 -9999 -9999 -9999 -9999 -9999 -9999 -9999 -9999 -9999 -9999 -9999 -9999 -9999 -9999 -9999 -9999 -9999 -9999 -9999 -9999 -9999 -9999 -9999 -9999 -9999 -9999 -9999 -9999 -9999
-9999 -9999 -9999 390 570 26 22 219 23 0 0 0 0 0 0 0 0 100 19 201 214 826 233 488 520 719 957 944 501 578 741 445 320 108 241 106 224 543 628 733 626 660 921 557 741 771 103 83 81 768 -9999 -9999 -9999 -9999 -9999 -9999 -9999 -9999 -9999 -9999 -9999 -9999 -9999 -9999 -9999 -9999 -9999 -9999 -9999 -9999 -9999 -9999 -9999 -9999 -9999 -9999 -9999 -9999 -9999 -9999 -9999 -9999
-9999 105 823 712 87 240 280 24 0 0 0 0 0 0 0 0 0 45 94 19 250 722 82 313 775 732 411 370 1158 1191 1230 467 601 514 605 1132 1081 1061 1034 1520 534 796 976 850 500 447 434 63 27 123 338 -9999 -9999 -9999 -9999 -9999 -9999 -9999 -9999 -9999 -9999 -9999 -9999 -9999 -9999 -9999 -9999 -9999 -9999 -9999 -9999 -9999 -9999 -9999 -9999 -9999 -9999 -9999 -9999 -9999 -9999 -9999
600 629 394 43 23 375 60 53 0 0 0 0 0 0 0 0 0 50 0 28 137 188 760 293 177 269 461 635 1055 1249 1023 738 832 1195 1043 1242 761 613 421 552 279 769 472 625 597 448 229 19 354 526 555 200 -9999 -9999 -9999 -9999 -9999 -9999 -9999 -9999 -9999 -9999 -9999 -9999 -9999 -9999 -9999 -9999 -9999 -9999 -9999 -9999 -9999 -9999 -9999 -9999 -9999 -9999 -9999 -9999 -9999 -9999
563 231 25 23 221 187 0 0 0 0 0 19 34 30 0 0 0 19 84 110 146 269 684 320 877 642 603 687 749 1158 883 821 1072 1210 752 511 677 538 539 559 518 721 224 924 718 437 617 323 635 654 703 770 482 -9999 -9999 -9999 -9999 -9999 -9999 -9999 -9999 -9999 -9999 -9999 -9999 -9999 -9999 -9999 -9999 -9999 -9999 -9999 -9999 -9999 -9999 -9999 -9999 -9999 -9999 -9999 -9999 -9999
83 423 313 260 213 34 26 0 0 0 23 51 7 51 31 0 0 0 31 85 137 436 220 709 520 666 436 733 476 765 747 750 1129 1018 647 544 466 350 464 688 844 771 626 628 287 353 817 649 739 661 728 844 285 206 -9999 -9999 -9999 -9999 -9999 -9999 -9999 -9999 -9999 -9999 -9999 -9999 -9999 -9999 -9999 -9999 -9999 -9999 -9999 -9999 -9999 -9999 -9999 -9999 -9999 -9999 -9999 -9999
-9999 -9999 250 21 186 50 0 0 0 0 54 43 32 51 36 0 0 0 0 22 84 115 95 389 355 260 684 255 460 598 444 705 742 540 509 115 80 157 244 238 523 490 676 739 686 729 500 1177 1384 375 691 563 493 422 404 -9999 -9999 -9999 -9999 -9999 -9999 -9999 -9999 -9999 -9999 -9999 -9999 -9999 -9999 -9999 -9999 -9999 -9999 -9999 -9999 -9999 -9999 -9999 -9999 -9999 -9999 -9999
-9999 -9999 225 23 50 33 0 0 0 0 38 54 37 22 18 0 0 0 0 0 34 51 50 132 95 330 473 252 136 548 844 556 720 213 110 178 525 605 466 187 241 469 803 851 732 722 248 1544 1135 1291 351 384 191 361 336 302 -9999 -9999 -9999 -9999 -9999 -9999 -9999 -9999 -9999 -9999 -9999 -9999 -9999 -9999 -9999 -9999 -9999 -9999 -9999 -9999 -9999 -9999 -9999 -9999 -9999 -9999
-9999 -9999 192 39 110 32 0 0 0 0 35 30 35 0 0 0 0 0 0 0 0 0 0 0 30 186 280 117 227 308 309 320 216 88 83 156 466 144 239 486 457 372 362 642 704 882 708 616 578 370 204 158 175 615 927 507 -9999 -9999 -9999 -9999 -9999 -9999 -9999 -9999 -9999 -9999 -9999 -9999 -9999 -9999 -9999 -9999 -9999 -9999 -9999 -9999 -9999 -9999 -9999 -9999 -9999 47
-9999 -9999 327 43 409 7 0 0 0 0 18 52 34 0 0 0 0 0 0 0 0 0 0 0 0 55 172 284 245 29 28 34 32 223 397 560 383 215 423 445 360 494 437 390 571 543 673 668 739 649 572 665 288 290 347 560 636 -9999 -9999 -9999 -9999 -9999 -9999 -9999 -9999 -9999 -9999 -9999 -9999 -9999 -9999 -9999 -9999 -9999 -9999 -9999 -9999 -9999 -9999 -9999 -9999 158
-9999 -9999 132 54 147 201 52 0 0 0 0 0 0 0 0 0 0 0 0 0 0 0 0 0 0 0 45 117 114 74 352 374 372 423 159 223 359 372 285 642 596 709 454 246 256 465 388 364 466 472 628 480 477 45 199 388 631 547 -9999 -9999 -9999 -9999 -9999 -9999 -9999 -9999 -9999 -9999 -9999 -9999 -9999 -9999 -9999 -9999 -9999 -9999 -9999 -9999 -9999 -9999 -9999 191
-9999 -9999 118 95 390 96 102 0 0 0 0 0 0 0 0 0 0 0 0 0 0 0 0 0 0 0 0 0 60 53 26 125 109 121 179 361 314 254 207 362 526 375 378 122 97 91 85 38 134 35 25 183 167 107 27 266 524 428 532 -9999 -9999 -9999 -9999 -9999 -9999 -9999 -9999 -9999 -9999 -9999 -9999 -9999 -9999 -9999 -9999 -9999 -9999 -9999 -9999 -9999 -9999 -9999
