slauniainen/Data/VMI/vihti_kuusi.asc
ncols         196
nrows         178
xllcorner     353680
yllcorner     6699024
cellsize      16
NODATA_value  -9999
[rows 74 to 110 of 178, columns 83 to 165 of 196]
13 15 4 6 7 5 13 20 17 16 25 20 15 68 13 25 49 69 2 5 14 59 63 15 0 7 0 15 22 54 -9999 51 20 61 2 0 2 5 10 15 -9999 -9999 -9999 -9999 -9999 -9999 -9999 -9999 -9999 -9999 -9999 -9999 -9999 -9999 -9999 -9999 -9999 -9999 -9999 -9999 -9999 -9999 -9999 -9999 -9999 -9999 -9999 -9999 -9999 -9999 63 53 46 83 97 127 227 127 102 13 14 -9999 -9999
5 5 15 5 9 8 15 20 13 20 21 18 6 8 4 11 13 20 12 48 6 44 62 57 1 65 0 8 22 24 -9999 65 133 56 49 52 26 5 18 0 7 -9999 -9999 -9999 -9999 -9999 -9999 -9999 -9999 -9999 -9999 -9999 -9999 -9999 -9999 -9999 -9999 -9999 -9999 -9999 -9999 -9999 -9999 -9999 -9999 -9999 -9999 -9999 -9999 -9999 -9999 40 33 65 162 107 200 125 22 -9999 21 -9999 -9999
6 6 7 6 6 8 18 20 11 25 56 75 20 8 0 4 33 77 13 0 70 18 1 23 57 0 20 9 6 1 5 -9999 -9999 -9999 12 10 3 64 3 14 123 64 88 -9999 -9999 -9999 -9999 79 109 -9999 -9999 -9999 -9999 -9999 -9999 -9999 -9999 -9999 8 46 -9999 -9999 -9999 -9999 -9999 -9999 -9999 243 131 155 53 89 111 115 104 96 79 190 41 105 -9999 -9999 -9999
4 8 7 4 3 3 6 12 53 33 94 78 44 53 0 0 40 0 0 40 47 35 0 7 0 13 0 1 3 1 0 28 14 20 23 -9999 -9999 -9999 -9999 0 95 11 24 11 -9999 128 154 218 224 -9999 -9999 -9999 -9999 -9999 -9999 -9999 56 179 147 66 43 72 184 142 212 132 183 172 158 176 162 119 165 115 88 120 139 82 41 -9999 -9999 -9999 -9999
19 7 9 3 1 13 24 43 102 185 81 59 110 18 4 0 0 39 9 0 0 13 0 0 0 2 0 0 7 1 30 1 6 49 23 3 -9999 -9999 -9999 0 20 54 16 20 70 150 221 249 226 236 212 305 -9999 -9999 -9999 19 61 111 147 169 63 39 55 87 31 128 135 156 176 186 33 110 59 66 138 93 124 17 -9999 -9999 -9999 -9999 -9999
15 19 14 9 27 29 51 51 59 63 51 101 70 175 13 4 0 3 1 0 1 0 0 0 13 0 0 2 5 18 37 19 6 28 0 21 0 -9999 -9999 0 0 36 11 52 150 300 251 254 256 253 226 196 227 221 37 75 166 22 130 164 201 11 79 94 12 58 64 91 108 145 69 65 73 87 79 166 101 49 -9999 95 -9999 -9999 -9999
8 7 54 72 127 120 23 24 44 91 71 28 53 52 32 14 8 2 6 4 0 0 0 0 0 2 2 5 21 17 13 5 6 14 9 0 5 0 0 0 0 52 34 20 72 242 269 274 262 241 242 215 230 148 159 23 158 29 99 196 143 155 77 98 64 65 90 137 100 123 142 123 108 101 101 65 84 48 44 -9999 -9999 -9999 -9999
33 8 80 89 51 22 8 6 7 41 29 22 31 45 22 3 26 5 24 6 5 9 10 78 78 27 27 58 29 46 2 6 9 14 2 0 0 0 5 -9999 0 0 9 108 61 127 272 268 263 261 250 147 92 41 29 77 0 63 247 103 148 132 136 127 83 131 169 77 90 87 172 228 237 175 19 25 -9999 -9999 44 -9999 -9999 -9999 -9999
7 23 99 16 19 8 2 5 6 16 40 24 53 43 42 22 62 4 69 6 68 22 29 74 10 76 77 91 9 20 2 6 75 15 42 12 0 54 9 0 -9999 0 16 28 39 83 259 257 268 229 252 108 60 65 -9999 -9999 -9999 3 178 188 151 154 100 136 185 140 164 67 98 127 156 231 264 212 -9999 -9999 -9999 -9999 -9999 36 -9999 -9999 -9999
0 9 8 8 26 0 2 6 16 19 41 22 61 46 118 40 47 49 1 0 35 14 46 1 61 49 48 49 29 21 5 5 10 18 86 31 56 68 27 4 0 -9999 8 38 0 45 160 141 113 237 159 95 83 -9999 -9999 -9999 -9999 51 138 147 122 123 135 137 90 95 111 166 175 217 138 250 158 2 8 -9999 -9999 -9999 -9999 9 -9999 -9999 -9999
-9999 -9999 -9999 43 4 21 2 6 17 41 41 28 55 56 51 132 144 41 91 20 3 15 24 60 39 83 91 52 39 51 10 4 10 145 44 14 5 108 58 34 6 -9999 6 71 17 41 103 46 123 126 179 89 78 -9999 -9999 -9999 -9999 -9999 83 128 106 120 97 100 121 94 127 171 165 124 109 144 65 79 0 -9999 -9999 -9999 41 -9999 -9999 -9999 -9999
-9999 -9999 -9999 -9999 -9999 -9999 33 22 23 32 33 32 25 24 45 32 45 59 20 25 27 23 46 78 93 40 -9999 -9999 -9999 -9999 -9999 0 18 8 2 22 58 18 14 61 0 21 -9999 79 1 34 32 32 -9999 93 64 164 -9999 -9999 258 90 -9999 -9999 108 66 110 123 176 143 130 130 143 145 174 111 63 31 38 0 -9999 11 -9999 15 -9999 -9999 -9999 -9999 -9999
-9999 -9999 -9999 -9999 -9999 -9999 48 22 41 30 20 23 9 22 41 41 18 19 61 36 6 49 25 26 40 13 16 -9999 -9999 -9999 -9999 -9999 0 0 0 0 0 0 0 0 48 13 24 20 77 30 -9999 -9999 -9999 0 51 134 -9999 138 128 167 -9999 -9999 -9999 60 163 180 207 152 120 133 113 141 225 79 12 70 -9999 -9999 -9999 -9999 -9999 -9999 -9999 -9999 -9999 -9999 -9999
-9999 -9999 -9999 -9999 -9999 -9999 52 14 7 21 11 2 3 23 29 25 23 61 42 56 70 100 44 59 9 20 39 14 22 0 4 4 1 0 0 4 0 0 0 10 4 9 21 -9999 55 9 -9999 -9999 -9999 -9999 70 38 12 35 85 70 70 -9999 -9999 0 71 47 57 119 178 206 157 172 -9999 -9999 -9999 47 -9999 -9999 -9999 60 -9999 -9999 -9999 -9999 -9999 -9999 -9999
-9999 -9999 -9999 -9999 -9999 25 32 6 6 17 22 1 1 15 16 24 61 53 26 49 81 147 124 125 79 25 15 20 3 5 70 56 0 10 7 66 7 0 0 19 7 31 53 -9999 54 7 -9999 -9999 -9999 -9999 -9999 36 63 31 54 24 8 75 32 -9999 -9999 25 108 21 51 62 25 17 -9999 -9999 -9999 -9999 -9999 -9999 -9999 3 -9999 -9999 -9999 -9999 -9999 -9999 -9999
-9999 -9999 -9999 -9999 -9999 3 4 2 14 17 14 0 19 0 26 27 58 15 38 102 78 98 126 62 52 12 15 16 38 8 1 63 0 9 64 50 6 75 67 13 22 32 8 9 7 25 30 -9999 -9999 -9999 -9999 5 -9999 -9999 38 7 30 27 -9999 -9999 -9999 -9999 0 23 53 10 11 0 -9999 -9999 -9999 -9999 -9999 -9999 66 20 -9999 -9999 -9999 -9999 -9999 -9999 -9999
56 -9999 -9999 -9999 -9999 0 28 1 33 16 13 19 0 0 47 73 59 53 31 84 45 28 0 38 57 15 112 62 0 24 10 5 4 7 56 120 70 116 25 0 8 9 6 8 -9999 34 33 -9999 -9999 -9999 -9999 -9999 -9999 -9999 -9999 42 42 -9999 -9999 -9999 -9999 -9999 -9999 -9999 -9999 0 6 27 0 -9999 -9999 -9999 -9999 33 -9999 17 0 -9999 -9999 -9999 -9999 -9999 -9999
16 -9999 -9999 -9999 -9999 -9999 0 19 13 13 63 18 0 0 0 67 67 46 41 85 71 3 7 50 50 33 23 79 30 46 23 0 3 3 8 142 140 51 7 8 0 85 52 29 70 76 76 63 -9999 -9999 -9999 -9999 -9999 -9999 -9999 -9999 -9999 -9999 -9999 -9999 -9999 -9999 -9999 -9999 -9999 -9999 -9999 10 11 -9999 -9999 -9999 14 37 -9999 -9999 -9999 -9999 -9999 -9999 -9999 -9999 -9999
19 -9999 -9999 -9999 -9999 -9999 -9999 27 2 4 7 23 0 0 0 5 76 53 47 44 113 31 18 38 69 92 46 103 22 26 0 4 0 3 5 71 34 29 3 0 5 113 25 167 7 -9999 33 1 -9999 -9999 -9999 -9999 -9999 -9999 -9999 -9999 -9999 -9999 -9999 -9999 -9999 -9999 -9999 -9999 -9999 -9999 -9999 -9999 -9999 -9999 0 -9999 23 18 15 -9999 -9999 -9999 -9999 -9999 -9999 -9999 -9999
0 -9999 -9999 -9999 -9999 -9999 -9999 4 1 18 20 9 8 13 0 2 58 57 46 33 101 88 47 24 17 45 31 27 30 4 13 0 0 11 8 8 73 8 4 3 8 49 60 97 53 42 -9999 7 -9999 -9999 -9999 -9999 -9999 -9999 -9999 -9999 -9999 -9999 -9999 -9999 -9999 -9999 -9999 -9999 -9999 -9999 -9999 -9999 -9999 -9999 -9999 0 -9999 11 9 -9999 -9999 -9999 -9999 -9999 -9999 -9999 -9999
57 -9999 -9999 -9999 -9999 -9999 47 4 33 12 0 0 0 0 12 0 6 31 16 16 80 87 6 60 53 109 49 49 34 52 19 4 0 2 0 9 8 4 2 21 138 78 17 49 31 25 1 -9999 -9999 -9999 -9999 -9999 -9999 -9999 -9999 -9999 -9999 -9999 -9999 -9999 -9999 -9999 -9999 -9999 -9999 -9999 -9999 -9999 -9999 -9999 -9999 -9999 -9999 -9999 -9999 -9999 -9999 -9999 -9999 -9999 -9999 -9999 -9999
57 -9999 -9999 -9999 -9999 17 6 3 11 6 0 0 0 0 3 13 21 59 17 26 113 26 34 2 111 74 25 49 102 40 86 7 8 8 5 2 2 2 88 11 43 60 24 51 25 22 34 39 64 -9999 -9999 -9999 -9999 -9999 -9999 -9999 -9999 -9999 -9999 -9999 -9999 -9999 -9999 -9999 -9999 -9999 -9999 -9999 -9999 -9999 -9999 -9999 -9999 -9999 -9999 -9999 -9999 -9999 -9999 -9999 -9999 -9999 -9999
-9999 -9999 -9999 -9999 41 2 15 13 0 0 0 0 0 0 0 7 12 2 25 22 48 89 22 25 43 124 92 62 30 43 25 0 3 0 11 20 71 25 8 48 114 57 96 37 11 8 10 83 -9999 -9999 -9999 -9999 -9999 -9999 -9999 -9999 -9999 -9999 -9999 -9999 -9999 -9999 -9999 -9999 -9999 -9999 -9999 -9999 -9999 -9999 -9999 -9999 -9999 -9999 -9999 -9999 -9999 -9999 -9999 -9999 -9999 -9999 -9999
-9999 -9999 47 63 1 1 27 5 0 0 0 0 0 0 0 0 15 1 19 20 144 27 71 60 116 160 147 79 100 109 53 36 12 22 14 26 66 68 116 103 102 154 86 155 77 13 6 13 89 -9999 -9999 -9999 -9999 -9999 -9999 -9999 -9999 -9999 -9999 -9999 -9999 -9999 -9999 -9999 -9999 -9999 -9999 -9999 -9999 -9999 -9999 -9999 -9999 -9999 -9999 -9999 -9999 -9999 -9999 -9999 -9999 -9999 -9999
17 142 111 6 16 32 5 0 0 0 0 0 0 0 0 0 8 14 3 22 131 15 33 124 140 62 55 174 174 184 65 78 69 88 170 162 159 154 234 88 112 157 124 83 40 41 6 6 15 51 -9999 -9999 -9999 -9999 -9999 -9999 -9999 -9999 -9999 -9999 -9999 -9999 -9999 -9999 -9999 -9999 -9999 -9999 -9999 -9999 -9999 -9999 -9999 -9999 -9999 -9999 -9999 -9999 -9999 -9999 -9999 -9999 -9999
123 35 2 1 30 10 10 0 0 0 0 0 0 0 0 0 9 0 3 14 18 103 33 19 41 51 77 158 187 153 105 123 175 165 187 112 73 57 64 46 123 87 105 92 39 29 4 35 41 80 27 -9999 -9999 -9999 -9999 -9999 -9999 -9999 -9999 -9999 -9999 -9999 -9999 -9999 -9999 -9999 -9999 -9999 -9999 -9999 -9999 -9999 -9999 -9999 -9999 -9999 -9999 -9999 -9999 -9999 -9999 -9999 -9999
26 1 1 24 24 0 0 0 0 0 3 7 6 0 0 0 3 14 16 15 27 104 44 105 66 62 83 109 173 129 120 156 200 134 55 98 74 74 68 60 95 46 191 132 39 60 38 74 70 70 86 73 -9999 -9999 -9999 -9999 -9999 -9999 -9999 -9999 -9999 -9999 -9999 -9999 -9999 -9999 -9999 -9999 -9999 -9999 -9999 -9999 -9999 -9999 -9999 -9999 -9999 -9999 -9999 -9999 -9999 -9999 -9999
80 22 18 25 5 6 0 0 0 3 9 3 9 6 0 0 0 6 14 18 59 21 111 54 97 75 74 53 113 110 110 187 176 94 68 50 37 49 105 138 103 83 70 60 39 80 75 82 67 82 79 46 28 -9999 -9999 -9999 -9999 -9999 -9999 -9999 -9999 -9999 -9999 -9999 -9999 -9999 -9999 -9999 -9999 -9999 -9999 -9999 -9999 -9999 -9999 -9999 -9999 -9999 -9999 -9999 -9999 -9999 -9999
-9999 30 1 24 9 0 0 0 0 9 6 6 9 7 0 0 0 0 3 14 17 12 54 41 32 51 31 61 72 68 79 85 63 61 7 5 4 28 22 65 60 102 100 85 123 69 203 246 71 73 57 58 55 44 -9999 -9999 -9999 -9999 -9999 -9999 -9999 -9999 -9999 -9999 -9999 -9999 -9999 -9999 -9999 -9999 -9999 -9999 -9999 -9999 -9999 -9999 -9999 -9999 -9999 -9999 -9999 -9999 -9999
-9999 27 1 9 7 0 0 0 0 7 9 7 3 2 0 0 0 0 0 7 9 8 19 14 26 51 25 19 63 85 65 114 17 7 22 76 83 64 18 23 52 126 140 91 95 31 288 221 245 74 56 25 54 45 28 -9999 -9999 -9999 -9999 -9999 -9999 -9999 -9999 -9999 -9999 -9999 -9999 -9999 -9999 -9999 -9999 -9999 -9999 -9999 -9999 -9999 -9999 -9999 -9999 -9999 -9999 -9999 -9999
-9999 22 2 12 6 0 0 0 0 7 6 6 0 0 0 0 0 0 0 0 0 0 0 6 27 20 14 18 33 33 32 19 6 5 19 68 15 21 47 45 36 36 100 113 147 86 84 86 54 22 12 28 100 155 66 -9999 -9999 -9999 -9999 -9999 -9999 -9999 -9999 -9999 -9999 -9999 -9999 -9999 -9999 -9999 -9999 -9999 -9999 -9999 -9999 -9999 -9999 -9999 -9999 -9999 4 -9999 -9999
-9999 26 2 24 3 0 0 0 0 2 9 7 0 0 0 0 0 0 0 0 0 0 0 0 10 23 11 15 2 2 2 2 20 35 61 42 24 57 61 58 99 49 38 93 58 101 99 123 86 65 76 30 47 55 82 105 -9999 -9999 -9999 -9999 -9999 -9999 -9999 -9999 -9999 -9999 -9999 -9999 -9999 -9999 -9999 -9999 -9999 -9999 -9999 -9999 -9999 -9999 -9999 -9999 20 56 78
-9999 18 3 3 29 10 0 0 0 0 0 0 0 0 0 0 0 0 0 0 0 0 0 0 0 8 17 18 13 28 32 22 17 4 17 34 37 29 100 105 114 46 22 23 48 34 32 48 49 88 50 51 4 22 48 71 73 -9999 -9999 -9999 -9999 -9999 -9999 -9999 -9999 -9999 -9999 -9999 -9999 -9999 -9999 -9999 -9999 -9999 -9999 -9999 -9999 -9999 -9999 -9999 26 8 3
-9999 7 6 36 14 15 0 0 0 0 0 0 0 0 0 0 0 0 0 0 0 0 0 0 0 0 0 11 10 6 18 16 17 22 20 17 13 24 34 55 34 35 14 11 6 11 2 13 2 1 11 10 3 2 19 68 51 53 -9999 -9999 -9999 -9999 -9999 -9999 -9999 -9999 -9999 -9999 -9999 -9999 -9999 -9999 -9999 -9999 -9999 -9999 -9999 -9999 -9999 -9999 -9999 17 34
48 15 4 60 3 13 9 0 0 0 0 3 5 0 0 0 0 0 0 0 0 0 0 0 0 0 0 0 0 0 0 10 2 26 11 11 28 26 23 4 2 2 2 2 2 2 2 2 3 11 3 1 2 16 53 110 108 125 47 -9999 -9999 -9999 -9999 -9999 -9999 -9999 -9999 -9999 -9999 -9999 -9999 -9999 -9999 -9999 -9999 -9999 -9999 -9999 -9999 -9999 3 41 50
104 24 72 68 65 69 20 2 7 7 14 8 12 0 0 0 0 0 0 0 0 0 0 0 0 0 0 0 0 0 0 0 7 8 6 5 5 4 5 15 23 10 15 7 14 5 17 19 4 4 4 2 8 56 52 47 94 120 34 8 0 -9999 -9999 -9999 -9999 -9999 -9999 -9999 -9999 -9999 -9999 -9999 -9999 -9999 -9999 -9999 -9999 -9999 37 0 0 52 177
62 43 28 15 16 9 13 22 17 16 0 11 6 0 0 0 0 0 0 0 0 0 0 0 0 0 0 0 0 0 0 0 0 8 8 7 0 0 5 0 8 62 78 60 72 27 5 26 23 49 37 13 50 17 41 49 35 25 37 10 -9999 -9999 -9999 -9999 -9999 -9999 -9999 -9999 -9999 -9999 -9999 -9999 -9999 -9999 -9999 -9999 -9999 -9999 33 1 1 173 66
