slauniainen/Data/VMI/vihti_bm_kuusi_juuret.asc
ncols         196
nrows         178
xllcorner     353680
yllcorner     6699024
cellsize      16
NODATA_value  -9999
[rows 108 to 143 of 178, columns 81 to 161 of 196]
-9999 -9999 903 396 81 1064 52 182 131 0 0 0 0 46 77 0 0 0 0 0 0 0 0 0 0 0 0 0 0 0 0 0 0 146 33 349 135 132 414 419 748 357 46 50 52 52 51 47 48 44 223 349 206 32 46 421 988 1468 1363 1614 644 -9999 -9999 -9999 -9999 -9999 -9999 -9999 -9999 -9999 -9999 -9999 -9999 -9999 -9999 -9999 -9999 -9999 -9999 -9999 -9999
-9999 -9999 1529 555 1008 965 960 991 291 35 97 95 180 111 152 0 0 0 0 0 0 0 0 0 0 0 0 0 0 0 0 0 0 0 105 117 81 69 63 58 63 201 733 498 245 178 412 422 602 592 310 280 266 47 207 1047 991 847 1362 1551 481 221 0 -9999 -9999 -9999 -9999 -9999 -9999 -9999 -9999 -9999 -9999 -9999 -9999 -9999 -9999 -9999 -9999 -9999 564
2137 1102 910 819 573 277 331 189 210 381 246 223 0 158 81 0 0 0 0 0 0 0 0 0 0 0 0 0 0 0 0 0 0 0 0 111 109 93 0 0 71 0 383 904 981 982 1193 754 58 391 615 1193 788 451 836 441 847 946 758 352 507 152 -9999 -9999 -9999 -9999 -9999 -9999 -9999 -9999 -9999 -9999 -9999 -9999 -9999 -9999 -9999 -9999 -9999 -9999 489
1486 1389 1691 1349 1266 1466 1486 1984 708 885 1617 1535 54 272 140 0 0 0 0 0 0 0 0 0 0 0 0 0 0 0 0 0 0 0 0 0 0 0 0 0 107 88 54 407 2201 1392 454 542 108 57 212 598 1119 1092 869 178 205 210 454 206 509 892 1185 -9999 -9999 -9999 -9999 -9999 -9999 -9999 -9999 -9999 -9999 -9999 -9999 -9999 -9999 -9999 -9999 48 180
2022 2034 2085 650 1546 1478 983 1325 2070 918 1170 549 534 33 109 0 0 0 0 0 0 0 0 0 0 0 0 0 0 0 0 0 0 0 0 0 0 0 0 0 150 96 0 1297 1714 748 353 570 0 0 56 212 405 1057 915 184 178 68 301 326 183 1238 312 816 -9999 -9999 -9999 -9999 -9999 -9999 -9999 -9999 -9999 -9999 -9999 -9999 -9999 -9999 -9999 -9999 160
1726 2398 2634 993 2036 2056 1388 1136 1175 1803 2590 1366 500 597 413 42 0 0 0 0 0 0 0 0 0 0 0 0 0 0 0 0 0 0 0 0 0 0 144 151 44 42 152 2019 1660 624 1077 985 105 0 32 191 95 1197 457 944 784 316 427 92 894 1125 136 1016 805 -9999 -9999 -9999 -9999 -9999 -9999 -9999 -9999 -9999 -9999 -9999 -9999 -9999 333 111 49
1078 779 580 1272 1536 1754 1641 2096 1282 1175 1658 1704 786 676 345 104 0 0 0 0 0 0 0 0 0 0 0 0 0 0 0 0 0 0 0 0 0 0 147 202 0 794 931 771 911 938 1202 381 553 323 327 81 611 541 1535 1555 858 262 1743 768 32 1203 416 849 269 770 -9999 -9999 -9999 -9999 -9999 -9999 -9999 -9999 -9999 -9999 -9999 -9999 792 117 42
641 1472 624 653 1249 1485 1951 2361 1165 975 1643 1464 885 424 195 38 0 0 0 0 0 0 0 0 0 0 0 0 0 0 0 0 0 0 0 0 0 139 0 277 505 1122 102 873 572 198 757 1588 96 756 475 64 523 777 1363 1451 820 642 613 538 777 1757 1317 1873 1841 1519 963 -9999 -9999 -9999 -9999 -9999 -9999 -9999 -9999 -9999 -9999 882 98 90 75
1382 650 485 1206 1834 1963 1468 1909 1874 856 1876 1020 873 1066 346 143 0 0 0 0 0 0 0 0 0 0 0 0 0 0 0 0 0 0 0 96 0 288 531 529 474 738 1007 1299 2378 1369 1466 1137 569 1604 339 499 70 299 953 298 333 933 710 1106 682 963 600 322 133 795 414 1281 -9999 -9999 -9999 -9999 -9999 -9999 -9999 -9999 -9999 112 573 65 184
915 1919 2394 1781 1830 2090 1662 2041 1517 938 1267 653 578 662 440 132 0 0 0 0 0 0 0 0 0 0 0 0 0 0 0 0 0 0 120 0 758 686 1070 1753 1242 963 1882 2299 1422 1205 1826 1186 2336 1759 1820 2003 1932 1817 84 665 560 785 907 557 630 837 351 302 241 836 968 683 -9999 -9999 -9999 -9999 -9999 -9999 -9999 -9999 134 556 498 223 799
1330 1089 1666 1823 1263 2317 2298 2233 1310 1478 1250 1552 853 363 237 138 0 0 0 0 0 0 0 0 0 0 0 0 0 0 0 0 0 0 0 307 244 182 2005 398 846 755 957 600 1144 1510 1264 1178 734 647 687 881 1544 2087 389 637 767 88 1088 701 774 650 1614 910 209 787 586 969 279 -9999 255 -9999 -9999 -9999 66 130 93 90 57 50 173
1164 1820 1585 2141 1636 1440 1734 1772 2214 1647 1274 1134 421 421 605 205 0 0 0 0 0 0 0 0 0 0 0 0 0 0 0 0 0 103 0 436 1391 798 1437 1028 1164 1318 1631 1139 1085 1033 1001 908 844 841 829 998 708 1504 463 59 44 360 140 1636 1702 1075 175 0 396 1300 707 94 462 48 36 465 42 184 109 540 74 285 1030 1166 1219
1856 1982 1530 1493 1532 2177 1191 2264 1971 1161 1722 2697 1427 484 1095 244 122 0 0 0 0 0 0 0 0 0 0 0 0 0 0 0 0 116 49 419 935 1402 856 1615 1119 742 835 755 1068 996 984 966 938 923 945 974 1045 1493 1364 43 177 56 447 105 94 181 399 402 169 0 0 421 123 45 645 539 44 162 83 65 46 1647 1969 1452 1069
1209 1076 1250 524 1294 1366 1897 1958 1969 1988 874 2164 1917 275 921 546 181 0 0 0 0 0 0 0 0 0 0 0 0 0 0 0 0 193 527 1357 550 668 1303 967 804 646 831 768 997 994 949 879 339 316 567 922 939 1612 727 323 49 809 188 83 629 518 583 378 436 504 597 387 34 236 287 225 366 40 49 49 3282 1004 1372 1659 607
903 558 936 544 832 1281 1326 1289 1618 1796 1913 1430 732 197 182 886 214 0 0 0 0 0 0 0 0 0 0 0 0 0 0 0 0 195 1432 897 639 1294 606 704 871 659 841 814 1046 1041 874 310 188 185 205 317 598 992 1166 1060 282 171 176 146 128 543 519 315 403 322 541 367 382 -9999 411 374 718 1216 1907 2872 1756 827 2187 1343 631
651 789 724 729 935 1058 777 665 659 72 2001 2188 687 634 86 1094 79 0 0 0 0 0 0 0 0 0 0 0 0 0 0 0 0 175 1262 883 710 805 520 1301 1668 1746 1931 1342 1398 1230 682 207 85 87 192 285 270 646 1126 2003 558 52 61 45 539 680 656 564 493 427 191 351 229 469 160 262 778 1461 1069 1302 871 1318 1517 264 515
820 509 1007 1261 1128 782 920 403 493 600 1381 1072 483 970 62 525 0 0 0 0 0 0 0 0 0 0 0 0 0 0 0 0 108 482 1147 378 789 629 838 751 901 1391 1372 1000 709 1759 1055 573 57 196 91 119 102 615 1165 977 2096 47 48 1028 2045 712 846 732 755 664 480 459 463 271 957 1001 1733 1142 1006 1156 1166 1399 161 0 31
845 1989 1363 688 650 386 792 338 184 973 2316 1495 678 702 126 929 333 0 0 0 0 0 0 0 0 0 0 0 0 0 0 75 0 2029 1267 680 695 626 821 657 635 701 993 671 638 1011 2344 343 151 1169 254 985 1142 672 100 845 1598 1044 1043 949 1728 1138 1320 730 746 980 746 461 498 1088 1043 2164 836 1242 1111 632 670 657 289 51 422
845 773 551 995 932 951 1148 2267 1589 1866 1315 2484 1226 632 217 633 406 59 0 0 0 0 0 0 0 0 0 0 0 0 0 119 553 1813 412 1157 743 1202 1090 650 370 56 0 0 0 233 1953 846 757 0 0 45 375 556 1182 678 1624 983 1308 1418 1509 554 178 935 750 1083 694 587 746 954 -9999 1617 969 950 657 547 886 1221 76 572 -9999
828 2482 2459 1175 1592 742 1919 2105 2324 1915 2840 671 1044 519 215 268 1272 299 0 0 0 0 0 0 0 0 0 0 0 0 0 86 512 95 183 845 1063 680 582 267 146 268 589 462 521 283 1320 67 50 0 137 40 268 770 1294 1702 327 843 870 857 816 115 85 893 833 1416 1236 1413 755 967 -9999 485 1025 1523 837 568 1418 598 1966 -9999 -9999
2252 757 1083 1309 1289 1254 2224 2067 1449 1803 1933 983 593 520 673 417 647 761 124 97 0 0 0 0 0 0 0 0 0 0 0 92 353 66 308 481 835 546 167 138 145 235 601 1037 485 1064 2644 64 41 389 0 197 432 447 682 458 65 238 797 851 836 191 777 1926 746 664 1300 1013 692 540 -9999 339 964 144 538 843 427 2956 -9999 -9999 -9999
1294 891 818 1777 1513 1129 1385 1232 1614 1495 2544 1462 1508 1203 408 246 1000 1752 314 149 94 0 0 0 0 0 0 0 0 0 0 236 548 71 327 719 651 1109 1079 949 1290 1599 755 1644 269 859 473 321 953 228 699 403 569 495 530 831 258 226 108 1254 1358 1514 3044 1111 389 660 663 620 422 541 -9999 640 0 1059 497 608 1369 962 -9999 -9999 -9999
768 1054 1504 1078 1486 1698 1533 1699 1806 1613 1655 1069 493 340 749 68 880 242 597 290 0 96 0 0 0 0 0 0 0 0 0 258 578 283 735 1014 1685 2511 2302 1049 1143 747 320 102 1085 837 434 221 171 635 579 627 607 545 412 259 270 269 260 414 882 901 925 598 402 318 172 430 392 401 643 483 844 719 440 865 558 854 -9999 -9999 -9999
355 1828 1675 1799 2246 1715 1503 2145 2127 1526 2155 426 358 735 66 156 1382 2081 2849 1946 1801 192 186 76 125 74 0 0 0 0 0 287 530 771 732 1159 1259 1274 1464 859 765 859 1100 653 678 568 485 227 211 440 0 0 609 259 431 858 34 294 221 266 90 841 28 412 204 153 174 174 227 243 114 359 414 791 920 1445 1079 308 -9999 -9999 -9999
1920 1743 1387 1524 2028 3149 959 925 1434 1061 99 144 134 424 64 217 1611 1295 1553 390 1232 1485 2227 2391 38 40 514 562 0 0 136 336 258 1025 733 1549 1198 1082 1034 1261 1271 893 721 556 847 513 272 207 819 43 0 0 46 646 341 1292 101 333 298 349 1071 0 885 503 877 353 203 109 145 102 212 -9999 1129 814 1310 1388 927 700 -9999 -9999 -9999
1970 1263 2568 2249 2264 512 489 1805 381 1034 170 130 407 0 72 1814 313 460 633 1061 949 735 989 1011 1814 999 824 0 491 488 330 422 1473 646 1682 1068 904 576 812 1325 910 730 651 217 930 804 838 145 688 0 0 0 0 0 54 68 102 403 392 635 0 739 1347 310 1114 1205 789 306 761 34 99 -9999 1659 907 978 1090 1370 590 671 -9999 -9999
1489 1675 1300 557 1060 855 117 72 208 406 410 417 0 527 1935 401 1158 1227 1198 887 1132 1251 291 249 1003 987 1368 1007 460 328 430 556 717 1501 1006 885 608 580 887 1083 759 677 0 326 845 801 551 540 304 169 343 120 0 0 209 331 277 194 253 0 0 0 215 167 1114 666 629 778 766 998 45 -9999 1276 878 1616 1058 1690 1403 962 -9999 -9999
249 562 1272 959 0 394 205 391 496 510 0 384 589 634 789 1003 1092 1089 707 671 661 645 902 975 836 995 958 1015 712 432 561 747 1669 1747 806 568 573 626 801 946 701 303 1129 863 605 789 1219 1212 936 0 452 1171 1032 846 183 278 302 319 356 123 0 0 0 220 732 830 463 1456 790 993 404 -9999 333 309 130 1102 419 861 798 -9999 -9999
194 1179 480 487 500 499 411 415 595 597 0 333 1219 452 458 388 303 0 1045 1211 594 1063 1100 652 663 835 892 939 899 1076 1555 1646 2001 850 386 317 564 732 616 861 586 605 678 1283 2484 1059 971 402 581 622 679 1745 1126 877 878 928 1016 544 40 155 864 0 0 227 636 1801 1352 2352 1451 578 1250 -9999 633 949 253 108 1330 571 267 -9999 -9999
610 273 429 488 538 461 43 49 0 59 280 685 381 1766 1857 1361 1294 697 1342 96 81 72 363 636 464 222 504 190 535 429 893 1229 1679 1761 576 551 777 584 1115 958 506 1161 711 950 1705 848 1249 1192 155 456 1392 1375 1236 909 905 819 135 525 756 174 0 212 0 615 1276 1136 1420 847 982 592 562 417 1760 578 35 340 312 388 1414 -9999 -9999
93 67 498 1527 525 0 0 50 54 176 659 543 791 574 340 1073 1336 2074 1023 665 1107 1201 1071 868 571 507 1024 600 624 1200 743 1031 635 2298 107 532 720 242 990 440 1038 1322 638 1191 872 888 906 573 915 155 129 393 930 1103 562 739 826 813 947 838 164 213 353 1084 604 1610 1405 344 938 197 543 376 233 490 232 573 564 -9999 -9999 -9999 -9999
856 497 1571 1706 371 604 61 53 0 529 355 671 762 830 296 55 116 567 886 554 2342 1815 1590 762 797 947 967 623 659 530 587 890 294 1044 790 62 536 0 1096 453 494 1057 409 492 353 1421 480 561 1151 0 0 158 888 1181 752 0 1045 1077 482 1047 295 693 1115 1003 710 842 1178 1159 772 516 -9999 555 469 -9999 -9999 -9999 -9999 -9999 -9999 -9999 -9999
104 186 440 954 687 389 202 386 289 48 926 1147 1599 992 1076 230 153 811 784 479 1464 503 1241 2223 1527 943 1516 513 1523 272 1334 27 426 97 1322 469 35 675 1806 488 1711 1262 764 293 321 1239 245 830 1230 842 0 0 205 933 854 0 541 1037 43 784 955 610 836 1775 192 263 746 1428 376 342 -9999 -9999 -9999 -9999 -9999 -9999 -9999 -9999 -9999 -9999 -9999
-9999 -9999 -9999 303 560 340 361 0 0 472 440 1196 478 694 470 232 194 438 487 389 284 180 141 971 288 622 1006 2586 1281 958 452 385 173 0 927 1330 478 715 169 488 2107 1491 271 213 550 934 1150 84 840 1159 508 145 144 199 313 196 108 977 874 76 769 657 765 1032 561 829 676 -9999 -9999 -9999 -9999 -9999 -9999 -9999 -9999 -9999 -9999 -9999 -9999 -9999 -9999
-9999 -9999 -9999 838 0 1048 347 492 1008 560 410 1153 1087 508 395 373 562 558 521 203 1231 161 0 737 91 40 635 838 1003 1092 632 1234 805 92 0 621 727 606 758 659 1162 491 719 511 280 583 778 199 947 390 531 1056 502 0 0 84 531 359 833 714 697 1092 783 1029 672 -9999 -9999 -9999 -9999 -9999 -9999 -9999 -9999 -9999 -9999 -9999 -9999 -9999 -9999 -9999 -9999
-9999 -9999 -9999 -9999 -9999 825 758 254 1112 441 599 588 649 422 351 491 488 426 474 309 544 264 325 218 70 0 0 278 435 774 975 689 983 163 554 345 462 519 543 685 136 366 998 402 1146 804 944 178 859 134 461 136 1089 830 361 26 112 271 743 580 297 824 -9999 -9999 -9999 -9999 -9999 -9999 -9999 -9999 -9999 -9999 -9999 -9999 -9999 -9999 -9999 -9999 -9999 -9999 -9999
