slauniainen/Data/VMI/vihti_keskipituus.asc
ncols         196
nrows         178
xllcorner     353680
yllcorner     6699024
cellsize      16
NODATA_value  -9999
[rows 72 to 107 of 178, columns 82 to 163 of 196]
42 112 66 137 116 126 160 124 126 134 153 135 38 78 134 138 149 172 118 70 34 67 130 164 93 55 4 6 4 11 -9999 79 32 101 114 38 118 45 -9999 -9999 -9999 -9999 -9999 -9999 -9999 -9999 -9999 -9999 -9999 -9999 -9999 -9999 -9999 -9999 -9999 -9999 -9999 -9999 -9999 -9999 -9999 -9999 -9999 -9999 -9999 -9999 -9999 -9999 -9999 -9999 -9999 -9999 175 203 204 200 214 230 176 191 -9999 -9999
110 56 158 149 119 161 160 121 113 141 130 149 110 125 86 164 164 176 158 87 153 173 142 161 121 54 59 56 134 96 85 58 66 83 49 81 49 89 94 -9999 -9999 -9999 -9999 -9999 -9999 -9999 -9999 -9999 -9999 -9999 -9999 -9999 -9999 -9999 -9999 -9999 -9999 -9999 -9999 -9999 -9999 -9999 -9999 -9999 -9999 -9999 -9999 -9999 -9999 -9999 -9999 -9999 111 181 159 212 217 233 226 195 111 -9999
64 65 94 110 136 141 138 93 97 105 137 140 171 84 122 41 143 173 171 118 79 170 197 115 28 31 51 71 89 99 65 -9999 107 127 132 32 82 95 70 86 86 -9999 -9999 -9999 -9999 -9999 -9999 -9999 -9999 -9999 -9999 -9999 -9999 -9999 -9999 -9999 -9999 -9999 -9999 -9999 -9999 -9999 -9999 -9999 -9999 -9999 -9999 -9999 -9999 -9999 -9999 159 109 153 184 209 186 233 202 153 160 90
86 79 78 76 135 146 154 112 94 92 118 134 164 118 100 104 34 138 90 77 86 105 157 51 94 67 63 35 45 82 112 -9999 196 126 104 40 72 88 48 83 124 85 -9999 -9999 -9999 -9999 -9999 -9999 -9999 -9999 -9999 -9999 -9999 -9999 -9999 -9999 -9999 -9999 -9999 -9999 -9999 -9999 -9999 -9999 -9999 -9999 -9999 -9999 -9999 -9999 -9999 -9999 120 125 140 203 195 234 212 151 -9999 22
161 63 75 71 74 72 73 88 138 140 174 176 155 59 24 5 56 51 57 58 30 132 34 41 31 43 5 34 44 43 72 90 -9999 -9999 -9999 18 39 5 61 5 70 215 184 146 -9999 -9999 -9999 -9999 220 219 -9999 -9999 -9999 -9999 -9999 -9999 -9999 -9999 -9999 131 171 -9999 -9999 -9999 -9999 -9999 -9999 -9999 216 201 215 152 184 180 183 182 177 203 199 163 125 -9999
114 66 72 79 86 87 92 137 136 157 151 192 185 179 74 11 9 99 77 42 144 141 62 7 39 4 48 31 34 10 34 133 143 53 83 44 -9999 -9999 -9999 -9999 40 182 173 160 166 -9999 200 228 223 231 -9999 -9999 -9999 -9999 -9999 -9999 -9999 160 244 182 180 127 206 225 253 226 197 229 223 206 207 218 187 205 190 187 189 214 168 94 -9999 -9999
115 91 66 91 82 48 90 108 115 193 188 198 186 170 120 59 6 5 84 57 22 22 47 4 5 3 38 45 32 12 37 134 70 52 58 95 7 -9999 -9999 -9999 21 95 160 153 128 196 247 239 213 228 245 254 236 -9999 -9999 -9999 125 164 180 199 192 175 138 174 197 141 159 223 186 229 216 166 178 162 160 186 208 217 165 -9999 -9999 -9999
123 91 104 92 152 101 104 165 173 180 188 181 193 206 162 36 13 33 21 35 38 40 37 6 5 50 36 33 10 15 64 164 75 16 75 86 85 5 -9999 -9999 14 68 88 71 186 200 235 239 240 239 229 244 228 232 213 149 175 211 148 217 203 217 146 158 154 120 151 151 188 209 212 202 151 162 157 157 200 195 138 -9999 102 -9999
66 140 148 160 194 199 169 143 141 152 192 199 171 151 175 76 46 12 7 9 8 30 34 9 6 9 12 11 45 83 87 100 54 15 60 65 8 16 8 9 12 41 131 72 132 184 241 252 248 243 231 242 227 231 213 122 120 229 131 213 203 207 223 188 179 165 163 177 223 224 217 209 183 188 207 173 177 183 133 103 -9999 -9999
18 56 100 163 166 175 122 102 89 97 139 176 180 171 156 103 47 58 74 142 40 42 54 54 111 108 96 105 107 93 152 95 52 44 17 50 14 58 53 85 -9999 5 3 26 123 176 218 250 246 243 223 230 214 196 112 32 99 27 216 228 193 204 205 198 184 206 232 228 202 189 187 217 219 229 215 131 92 -9999 -9999 182 -9999 -9999
21 24 125 180 129 67 96 66 89 80 104 140 180 147 182 204 56 139 32 104 44 100 69 64 108 99 141 126 139 115 157 76 62 95 103 207 69 143 167 75 110 -9999 6 57 24 132 184 243 247 246 235 222 212 112 76 -9999 -9999 -9999 145 225 227 209 211 193 199 222 213 217 177 199 189 228 258 222 196 -9999 -9999 -9999 -9999 -9999 35 -9999
-9999 5 125 110 59 87 67 65 88 76 134 139 151 152 181 196 170 142 148 49 65 149 110 73 39 130 98 184 185 101 87 65 66 76 53 179 145 182 176 170 110 7 -9999 31 59 74 180 199 199 200 236 207 177 110 -9999 -9999 -9999 -9999 105 166 194 214 212 196 189 190 196 186 201 177 205 236 243 199 146 43 -9999 -9999 -9999 -9999 55 -9999
-9999 -9999 -9999 -9999 73 50 89 67 84 86 139 155 177 166 196 205 192 221 125 153 52 132 141 151 78 31 114 84 82 78 63 33 17 58 190 187 151 175 167 162 97 82 -9999 49 74 141 110 184 195 181 199 198 183 186 -9999 -9999 -9999 -9999 -9999 195 208 165 205 182 183 212 189 197 198 195 196 209 240 117 80 23 -9999 -9999 -9999 75 -9999 -9999
-9999 -9999 -9999 -9999 -9999 -9999 -9999 89 78 136 177 173 174 170 171 148 169 154 145 151 149 148 127 63 73 94 50 -9999 -9999 -9999 -9999 -9999 11 72 89 48 143 104 157 61 51 2 47 -9999 114 135 150 33 92 -9999 131 130 182 -9999 -9999 232 125 -9999 -9999 117 206 198 207 205 199 201 195 199 198 199 151 132 143 60 37 -9999 60 -9999 12 -9999 -9999 -9999
-9999 -9999 -9999 -9999 -9999 -9999 -9999 125 78 138 181 158 144 133 174 155 154 131 131 189 176 86 209 126 88 117 45 98 -9999 -9999 -9999 -9999 -9999 7 14 31 5 18 92 85 85 117 34 60 16 120 38 -9999 -9999 -9999 31 178 179 -9999 193 192 195 -9999 -9999 -9999 129 210 200 209 199 206 223 201 239 181 144 85 120 -9999 -9999 -9999 -9999 -9999 -9999 -9999 -9999 -9999
-9999 -9999 -9999 -9999 -9999 -9999 -9999 147 91 94 178 143 165 121 167 178 166 123 149 192 158 155 190 173 162 121 123 166 41 134 9 6 8 12 12 44 48 3 3 3 64 5 8 35 -9999 63 6 -9999 -9999 -9999 -9999 113 166 136 192 170 126 126 -9999 -9999 23 79 115 186 194 202 203 164 180 -9999 -9999 -9999 68 -9999 -9999 -9999 70 -9999 -9999 -9999 -9999 -9999
-9999 -9999 -9999 -9999 -9999 -9999 132 87 84 71 148 149 178 174 150 177 180 163 191 167 163 198 224 203 213 168 121 119 152 63 20 75 99 6 65 77 85 51 32 35 35 98 35 60 -9999 60 79 -9999 -9999 -9999 -9999 -9999 112 57 103 93 155 126 100 81 -9999 -9999 93 84 126 184 140 125 145 -9999 -9999 -9999 -9999 -9999 -9999 -9999 16 -9999 -9999 -9999 -9999 -9999
8 -9999 -9999 -9999 -9999 -9999 68 68 67 92 105 168 177 178 187 168 164 163 191 170 189 192 167 192 188 187 156 168 147 141 93 47 68 7 77 182 132 34 78 65 7 29 36 75 34 16 36 49 -9999 -9999 -9999 -9999 39 -9999 -9999 78 40 83 46 -9999 -9999 -9999 -9999 54 95 93 111 58 86 -9999 -9999 -9999 -9999 -9999 -9999 206 152 -9999 -9999 -9999 -9999 -9999
48 84 -9999 -9999 -9999 -9999 30 85 74 90 105 182 167 121 131 176 161 162 165 167 188 170 170 157 165 174 165 231 156 103 143 32 14 6 82 77 168 130 126 31 9 23 94 65 107 -9999 30 120 -9999 -9999 -9999 -9999 -9999 -9999 -9999 -9999 120 123 -9999 -9999 -9999 -9999 -9999 -9999 -9999 -9999 2 53 141 63 -9999 -9999 -9999 -9999 124 -9999 93 75 -9999 -9999 -9999 -9999
-9999 57 -9999 -9999 -9999 -9999 -9999 44 84 88 55 180 169 140 137 174 172 136 139 190 153 179 115 132 145 152 138 147 209 208 155 82 40 6 13 68 164 147 94 51 25 3 94 144 165 114 117 86 98 -9999 -9999 -9999 -9999 -9999 -9999 -9999 -9999 -9999 -9999 -9999 -9999 -9999 -9999 -9999 -9999 -9999 -9999 -9999 61 78 -9999 -9999 -9999 97 168 -9999 -9999 -9999 -9999 -9999 -9999 -9999
27 63 -9999 -9999 -9999 -9999 -9999 -9999 118 65 69 101 126 110 130 139 170 169 142 166 153 231 141 140 132 169 190 182 171 171 117 38 10 5 10 73 70 95 63 50 9 7 107 173 176 137 -9999 52 15 -9999 -9999 -9999 -9999 -9999 -9999 -9999 -9999 -9999 -9999 -9999 -9999 -9999 -9999 -9999 -9999 -9999 -9999 -9999 -9999 -9999 -9999 49 -9999 25 39 73 -9999 -9999 -9999 -9999 -9999 -9999
0 34 -9999 -9999 -9999 -9999 -9999 -9999 70 71 76 65 114 115 104 98 176 192 116 166 176 187 187 140 148 168 187 145 140 192 73 20 5 3 40 7 72 81 40 16 15 100 82 154 172 146 148 -9999 87 -9999 -9999 -9999 -9999 -9999 -9999 -9999 -9999 -9999 -9999 -9999 -9999 -9999 -9999 -9999 -9999 -9999 -9999 -9999 -9999 -9999 -9999 -9999 28 -9999 62 35 -9999 -9999 -9999 -9999 -9999 -9999
99 80 -9999 -9999 -9999 -9999 -9999 144 65 71 23 26 32 32 34 101 114 189 149 191 185 207 194 150 193 191 204 153 180 146 42 44 14 38 11 18 41 39 10 10 21 124 172 115 178 164 136 132 -9999 -9999 -9999 -9999 -9999 -9999 -9999 -9999 -9999 -9999 -9999 -9999 -9999 -9999 -9999 -9999 -9999 -9999 -9999 -9999 -9999 -9999 -9999 -9999 -9999 -9999 -9999 -9999 -9999 -9999 -9999 -9999 -9999 -9999
69 87 -9999 -9999 -9999 -9999 108 82 60 23 80 31 15 16 32 47 109 179 194 132 168 181 164 190 181 179 190 175 144 175 80 123 13 11 14 22 9 9 9 110 39 122 155 165 128 122 133 141 146 72 -9999 -9999 -9999 -9999 -9999 -9999 -9999 -9999 -9999 -9999 -9999 -9999 -9999 -9999 -9999 -9999 -9999 -9999 -9999 -9999 -9999 -9999 -9999 -9999 -9999 -9999 -9999 -9999 -9999 -9999 -9999 -9999
7 -9999 -9999 -9999 -9999 100 57 75 18 24 30 21 15 15 15 32 80 132 161 168 147 166 187 171 188 168 223 196 192 139 173 120 71 46 62 52 87 105 68 47 124 178 169 178 92 138 133 149 122 -9999 -9999 -9999 -9999 -9999 -9999 -9999 -9999 -9999 -9999 -9999 -9999 -9999 -9999 -9999 -9999 -9999 -9999 -9999 -9999 -9999 -9999 -9999 -9999 -9999 -9999 -9999 -9999 -9999 -9999 -9999 -9999 -9999
-9999 -9999 -9999 140 144 77 63 49 75 30 29 21 24 20 15 14 26 108 138 171 152 198 184 164 128 189 207 200 192 196 161 157 84 52 64 189 150 134 137 173 201 208 221 193 200 127 167 144 143 158 -9999 -9999 -9999 -9999 -9999 -9999 -9999 -9999 -9999 -9999 -9999 -9999 -9999 -9999 -9999 -9999 -9999 -9999 -9999 -9999 -9999 -9999 -9999 -9999 -9999 -9999 -9999 -9999 -9999 -9999 -9999 -9999
-9999 126 220 166 81 82 77 77 18 31 15 26 31 31 14 14 27 111 112 172 168 186 135 148 211 187 157 143 163 206 186 118 146 139 129 163 161 159 165 208 203 203 224 214 188 137 133 152 137 121 116 -9999 -9999 -9999 -9999 -9999 -9999 -9999 -9999 -9999 -9999 -9999 -9999 -9999 -9999 -9999 -9999 -9999 -9999 -9999 -9999 -9999 -9999 -9999 -9999 -9999 -9999 -9999 -9999 -9999 -9999 -9999
147 185 92 61 68 79 20 115 23 31 31 32 31 33 31 31 28 112 122 137 183 118 205 97 157 191 132 125 159 188 155 144 160 205 214 199 160 137 125 131 197 183 226 206 187 131 160 178 144 88 196 147 -9999 -9999 -9999 -9999 -9999 -9999 -9999 -9999 -9999 -9999 -9999 -9999 -9999 -9999 -9999 -9999 -9999 -9999 -9999 -9999 -9999 -9999 -9999 -9999 -9999 -9999 -9999 -9999 -9999 -9999
162 77 75 71 69 42 54 32 26 34 29 44 79 58 29 32 34 43 99 106 147 178 169 130 175 172 136 134 142 165 152 147 220 248 228 139 193 182 182 176 179 198 168 211 188 135 122 145 140 133 154 145 93 -9999 -9999 -9999 -9999 -9999 -9999 -9999 -9999 -9999 -9999 -9999 -9999 -9999 -9999 -9999 -9999 -9999 -9999 -9999 -9999 -9999 -9999 -9999 -9999 -9999 -9999 -9999 -9999 -9999
73 98 85 85 60 34 94 25 23 27 47 114 86 114 59 34 29 29 68 103 121 176 150 172 155 183 208 148 146 161 160 161 205 205 200 179 127 96 128 169 202 204 194 136 167 155 128 142 161 146 163 115 217 196 -9999 -9999 -9999 -9999 -9999 -9999 -9999 -9999 -9999 -9999 -9999 -9999 -9999 -9999 -9999 -9999 -9999 -9999 -9999 -9999 -9999 -9999 -9999 -9999 -9999 -9999 -9999 -9999
-9999 -9999 92 79 51 113 27 24 26 27 116 86 89 114 81 27 33 34 29 57 108 114 56 172 114 105 108 132 132 181 170 165 181 181 156 53 85 68 163 171 162 143 165 203 157 216 204 207 200 184 143 120 151 156 188 -9999 -9999 -9999 -9999 -9999 -9999 -9999 -9999 -9999 -9999 -9999 -9999 -9999 -9999 -9999 -9999 -9999 -9999 -9999 -9999 -9999 -9999 -9999 -9999 -9999 -9999 -9999
-9999 -9999 89 80 29 86 24 29 30 34 83 116 70 45 44 35 33 29 29 29 78 86 108 83 52 100 123 94 160 123 143 183 200 82 51 89 131 149 170 143 164 156 169 212 196 197 151 234 234 229 175 201 147 193 148 180 -9999 -9999 -9999 -9999 -9999 -9999 -9999 -9999 -9999 -9999 -9999 -9999 -9999 -9999 -9999 -9999 -9999 -9999 -9999 -9999 -9999 -9999 -9999 -9999 -9999 -9999
-9999 -9999 132 65 62 78 23 30 31 32 80 86 64 34 35 33 32 31 32 31 37 32 32 23 76 63 64 36 85 122 123 123 74 82 77 128 144 107 106 157 144 161 170 180 187 205 194 182 174 162 165 181 123 187 226 160 -9999 -9999 -9999 -9999 -9999 -9999 -9999 -9999 -9999 -9999 -9999 -9999 -9999 -9999 -9999 -9999 -9999 -9999 -9999 -9999 -9999 -9999 -9999 -9999 -9999 111
-9999 -9999 105 62 49 124 27 31 31 32 43 99 79 34 34 31 31 31 31 32 31 27 31 30 24 115 84 67 72 72 76 69 70 76 93 143 184 151 185 186 198 210 169 169 195 148 165 164 212 189 172 174 169 130 134 189 181 -9999 -9999 -9999 -9999 -9999 -9999 -9999 -9999 -9999 -9999 -9999 -9999 -9999 -9999 -9999 -9999 -9999 -9999 -9999 -9999 -9999 -9999 -9999 -9999 161
-9999 -9999 46 58 40 105 114 31 30 31 32 33 39 33 32 32 31 31 31 31 31 32 31 21 20 31 83 114 54 28 57 63 63 58 67 106 107 120 146 167 201 174 151 134 134 129 94 88 130 126 159 124 118 171 106 137 122 96 -9999 -9999 -9999 -9999 -9999 -9999 -9999 -9999 -9999 -9999 -9999 -9999 -9999 -9999 -9999 -9999 -9999 -9999 -9999 -9999 -9999 -9999 -9999 125
-9999 -9999 54 80 73 61 72 32 30 31 30 33 34 32 33 31 31 31 30 31 31 31 31 16 16 21 32 28 102 115 106 101 72 55 88 60 77 101 124 108 147 110 109 61 66 87 74 65 75 65 72 69 67 62 66 65 104 109 82 -9999 -9999 -9999 -9999 -9999 -9999 -9999 -9999 -9999 -9999 -9999 -9999 -9999 -9999 -9999 -9999 -9999 -9999 -9999 -9999 -9999 -9999 -9999
