slauniainen/Data/VMI/vihti_bm_kuusi_neulaset.asc
ncols         196
nrows         178
xllcorner     353680
yllcorner     6699024
cellsize      16
NODATA_value  -9999
[rows 108 to 143 of 178, columns 82 to 163 of 196]
-9999 452 197 58 547 24 94 50 0 0 0 0 24 30 0 0 0 0 0 0 0 0 0 0 0 0 0 0 0 0 0 0 54 18 183 65 64 214 218 424 189 30 33 34 34 33 31 31 29 120 184 110 21 30 210 512 682 618 749 422 -9999 -9999 -9999 -9999 -9999 -9999 -9999 -9999 -9999 -9999 -9999 -9999 -9999 -9999 -9999 -9999 -9999 -9999 -9999 -9999 -9999 31
-9999 683 278 502 475 476 486 160 18 35 33 82 72 80 0 0 0 0 0 0 0 0 0 0 0 0 0 0 0 0 0 0 0 39 44 28 24 21 20 37 100 415 295 128 104 217 222 317 313 165 150 142 31 127 536 510 425 615 697 299 127 0 -9999 -9999 -9999 -9999 -9999 -9999 -9999 -9999 -9999 -9999 -9999 -9999 -9999 -9999 -9999 -9999 -9999 347 0 0
539 459 412 304 164 186 95 124 198 132 120 0 103 28 0 0 0 0 0 0 0 0 0 0 0 0 0 0 0 0 0 0 0 0 40 38 33 0 0 24 0 239 439 548 535 590 424 22 203 327 640 407 235 430 216 432 475 384 165 326 75 -9999 -9999 -9999 -9999 -9999 -9999 -9999 -9999 -9999 -9999 -9999 -9999 -9999 -9999 -9999 -9999 -9999 -9999 301 29 28
695 911 695 654 724 744 991 368 457 865 854 24 142 56 0 0 0 0 0 0 0 0 0 0 0 0 0 0 0 0 0 0 0 0 0 0 0 0 0 37 30 25 218 946 775 285 283 53 34 109 348 611 585 446 104 126 128 249 112 316 482 580 -9999 -9999 -9999 -9999 -9999 -9999 -9999 -9999 -9999 -9999 -9999 -9999 -9999 -9999 -9999 -9999 35 117 91 91
947 1024 363 768 757 552 787 1032 516 620 241 323 17 42 0 0 0 0 0 0 0 0 0 0 0 0 0 0 0 0 0 0 0 0 0 0 0 0 0 58 38 0 566 775 415 207 297 0 0 33 102 237 583 468 107 104 45 161 186 91 501 146 434 -9999 -9999 -9999 -9999 -9999 -9999 -9999 -9999 -9999 -9999 -9999 -9999 -9999 -9999 -9999 -9999 102 102 0
1022 1150 490 870 877 638 534 566 790 1243 655 303 288 223 21 0 0 0 0 0 0 0 0 0 0 0 0 0 0 0 0 0 0 0 0 0 0 60 61 24 14 100 891 783 359 605 484 52 0 17 98 48 595 231 490 398 181 239 48 431 569 82 410 428 -9999 -9999 -9999 -9999 -9999 -9999 -9999 -9999 -9999 -9999 -9999 -9999 -9999 167 82 35 380 445
445 328 675 761 839 703 890 617 665 816 870 463 357 180 37 0 0 0 0 0 0 0 0 0 0 0 0 0 0 0 0 0 0 0 0 0 0 62 106 0 428 520 436 571 622 611 217 300 171 173 37 353 249 697 702 437 162 912 421 24 608 241 442 132 408 -9999 -9999 -9999 -9999 -9999 -9999 -9999 -9999 -9999 -9999 -9999 -9999 383 61 22 401 475
680 297 304 690 721 1077 1119 662 549 811 877 504 209 98 7 0 0 0 0 0 0 0 0 0 0 0 0 0 0 0 0 0 0 0 0 0 59 0 169 272 571 46 469 332 108 446 779 63 372 246 38 256 367 569 655 432 402 353 287 407 787 653 861 809 669 503 -9999 -9999 -9999 -9999 -9999 -9999 -9999 -9999 -9999 -9999 403 51 47 39 543 1171
303 280 628 866 871 607 1059 869 451 876 460 494 522 182 57 0 0 0 0 0 0 0 0 0 0 0 0 0 0 0 0 0 0 0 33 0 98 267 266 238 353 522 660 1109 636 715 636 327 827 117 252 38 178 566 178 201 429 397 589 347 528 304 178 80 419 219 701 -9999 -9999 -9999 -9999 -9999 -9999 -9999 -9999 -9999 58 261 34 92 635 651
872 1200 989 1021 1078 711 1134 788 513 631 331 320 350 232 55 0 0 0 0 0 0 0 0 0 0 0 0 0 0 0 0 0 0 47 0 382 314 490 756 624 498 702 1032 716 382 610 429 985 675 632 760 969 784 46 327 302 378 485 285 325 435 177 135 114 436 468 312 -9999 -9999 -9999 -9999 -9999 -9999 -9999 -9999 70 253 227 113 401 980 951
548 834 864 546 1162 1149 1196 697 653 573 845 485 207 127 56 0 0 0 0 0 0 0 0 0 0 0 0 0 0 0 0 0 0 0 110 124 90 868 191 444 338 353 299 527 709 563 530 327 290 349 446 774 1115 154 388 533 43 527 354 386 317 688 437 96 403 249 554 182 -9999 144 -9999 -9999 -9999 35 68 48 47 31 36 111 241 139
828 715 766 564 620 912 929 1200 799 710 564 208 206 312 108 0 0 0 0 0 0 0 0 0 0 0 0 0 0 0 0 0 36 0 249 700 455 507 553 655 710 795 537 508 489 461 417 389 388 383 456 360 741 283 43 32 230 73 816 853 513 87 0 203 639 347 49 268 22 17 285 30 127 57 246 38 155 538 609 637 208 287
1040 707 750 767 828 516 1121 1060 627 760 1186 789 243 596 128 47 0 0 0 0 0 0 0 0 0 0 0 0 0 0 0 0 43 29 239 455 475 487 826 581 356 417 385 502 460 454 448 440 436 440 451 475 799 688 31 130 40 249 39 45 73 159 161 65 0 0 203 78 20 324 332 32 110 43 34 33 856 1009 752 565 410 366
636 569 269 585 717 933 955 1081 843 419 888 996 123 472 301 95 0 0 0 0 0 0 0 0 0 0 0 0 0 0 0 0 89 321 660 247 349 600 480 404 309 414 392 460 459 445 440 190 174 285 434 437 743 429 207 35 382 134 60 388 261 316 175 161 253 320 147 22 129 182 118 210 29 35 35 1587 633 794 852 352 356 45
330 534 309 478 660 730 752 812 785 872 751 416 96 99 482 113 0 0 0 0 0 0 0 0 0 0 0 0 0 0 0 0 90 759 522 362 607 284 367 434 316 419 413 495 493 440 168 96 95 109 178 289 476 530 511 180 112 115 107 82 332 317 200 238 189 293 179 205 -9999 254 243 437 643 976 1357 905 448 1014 661 381 328 362
449 388 431 564 531 402 328 368 49 856 1048 380 328 56 616 26 0 0 0 0 0 0 0 0 0 0 0 0 0 0 0 0 110 703 509 423 396 236 593 844 912 980 719 742 573 355 106 36 36 99 152 148 294 523 685 322 28 33 33 319 423 400 342 323 279 121 225 129 290 102 167 466 632 598 702 472 709 781 175 301 142 -9999
277 487 580 570 459 484 235 253 281 722 526 205 528 40 337 0 0 0 0 0 0 0 0 0 0 0 0 0 0 0 0 41 293 612 193 460 368 408 394 528 704 597 470 339 812 597 271 22 82 38 53 45 279 547 356 903 34 34 528 978 415 505 317 307 402 319 305 303 173 503 526 888 666 472 538 663 735 103 0 19 390 -9999
1055 812 313 334 217 432 189 78 442 1082 746 433 367 76 537 172 0 0 0 0 0 0 0 0 0 0 0 0 0 0 28 0 1058 613 290 402 377 389 381 270 304 609 445 394 529 972 200 70 480 162 345 512 352 45 384 708 537 536 471 905 607 714 409 313 457 451 302 326 569 524 1108 443 689 516 320 354 388 177 36 240 -9999 -9999
376 253 465 421 362 457 1059 856 992 634 1149 639 308 118 310 246 35 0 0 0 0 0 0 0 0 0 0 0 0 0 42 337 932 203 608 316 631 655 397 229 40 0 0 0 153 859 346 310 0 0 30 149 314 532 296 706 508 669 722 745 261 86 527 343 568 385 389 463 492 -9999 841 460 350 336 286 371 676 45 325 -9999 -9999 -9999
1171 1164 590 752 415 1018 1004 1211 971 1253 333 568 234 117 119 630 152 0 0 0 0 0 0 0 0 0 0 0 0 0 25 261 47 120 437 500 451 363 171 93 172 355 303 338 186 559 49 37 0 52 27 161 425 559 730 187 437 437 430 410 46 40 510 386 497 656 773 450 514 -9999 284 446 530 418 298 736 282 1091 -9999 -9999 -9999 -9999
395 521 601 623 601 1130 1082 772 866 994 556 358 233 322 174 336 359 60 35 0 0 0 0 0 0 0 0 0 0 0 30 198 35 206 309 532 331 107 88 93 150 362 622 224 537 1016 47 26 204 0 76 238 247 378 241 47 129 413 427 414 78 425 836 340 324 679 610 427 325 -9999 217 504 86 291 441 237 1453 -9999 -9999 -9999 -9999 -9999
419 406 895 778 543 718 662 856 758 1292 735 824 519 170 147 597 905 196 79 33 0 0 0 0 0 0 0 0 0 0 125 328 37 219 450 348 590 566 490 669 632 348 583 142 496 294 194 332 162 381 203 310 317 313 342 121 122 69 651 569 639 1147 565 249 408 407 411 278 335 -9999 387 0 508 274 328 729 519 -9999 -9999 -9999 -9999 -9999
548 799 540 771 878 817 883 861 828 863 609 193 204 411 43 443 123 297 98 0 33 0 0 0 0 0 0 0 0 0 135 345 190 459 474 788 1171 1065 591 619 391 162 46 511 433 219 110 87 343 323 350 363 310 225 165 128 144 144 232 307 385 322 367 268 199 109 245 259 242 387 284 449 337 267 494 268 478 -9999 -9999 -9999 -9999 -9999
853 797 937 1111 802 748 1032 1019 748 997 204 191 392 38 98 682 1021 1033 909 845 121 117 25 48 24 0 0 0 0 0 181 317 489 304 656 663 668 709 427 339 379 515 326 348 279 250 114 104 231 0 0 269 183 262 477 21 156 120 150 38 352 20 258 119 89 112 112 142 153 66 223 216 400 547 685 732 141 -9999 -9999 -9999 -9999 -9999
852 815 774 986 1567 539 525 774 505 59 66 67 234 46 144 587 654 790 204 630 754 855 1047 23 24 294 342 0 0 67 207 170 545 417 728 548 507 491 561 570 417 369 284 372 225 128 99 335 27 0 0 29 265 179 539 56 182 162 172 436 0 308 311 460 136 118 67 90 62 133 -9999 573 455 776 779 454 456 -9999 -9999 -9999 -9999 -9999
618 1274 1106 963 270 318 965 223 491 85 65 224 0 53 707 164 229 315 501 443 373 518 389 635 545 473 0 293 288 190 281 788 368 813 502 429 281 423 615 524 441 343 142 534 463 475 83 374 0 0 0 0 0 34 42 55 193 156 319 0 303 618 173 515 558 440 146 399 22 56 -9999 803 575 570 494 825 279 392 -9999 -9999 -9999 -9999
861 535 236 578 446 53 33 103 224 226 230 0 299 696 202 535 562 553 445 529 593 152 132 347 539 740 617 307 206 274 369 288 795 486 423 287 278 438 538 306 421 0 175 386 414 286 313 167 42 135 70 0 0 103 149 137 75 141 0 0 0 63 96 585 451 356 508 496 579 30 -9999 717 487 862 646 828 629 496 -9999 -9999 -9999 -9999
294 622 477 0 217 102 215 268 276 0 235 278 185 401 471 514 514 375 356 334 333 522 589 507 497 452 483 444 278 333 446 763 875 421 283 284 302 365 562 438 193 536 485 372 397 500 664 532 0 256 636 622 455 90 137 149 178 210 75 0 0 0 105 444 497 266 750 440 539 242 -9999 174 171 76 562 225 471 374 -9999 -9999 -9999 -9999
657 216 263 270 270 227 229 277 276 0 210 615 236 227 190 148 0 433 611 274 534 571 388 353 350 379 398 378 564 675 834 1028 408 222 177 281 328 332 430 352 352 376 701 1234 569 550 302 381 361 357 896 662 465 464 491 544 312 27 95 354 0 0 102 410 985 732 1264 788 278 675 -9999 363 511 153 76 706 317 150 -9999 -9999 -9999 -9999
170 236 271 292 255 23 26 0 43 177 285 174 624 639 543 621 432 716 51 43 38 223 390 279 146 335 113 249 204 417 603 850 921 299 275 341 290 451 415 264 612 363 465 857 471 784 586 105 256 693 641 708 537 478 434 85 273 425 106 0 62 0 356 664 664 776 387 449 273 323 179 986 347 14 181 130 246 671 -9999 -9999 -9999 -9999
45 283 831 317 0 0 26 39 113 298 313 407 253 189 570 676 1067 557 304 700 759 639 409 287 267 478 304 304 501 312 459 386 1074 47 255 317 128 527 256 598 773 308 650 590 326 447 306 488 38 32 209 568 629 292 393 503 423 518 455 81 63 132 506 281 870 782 163 414 112 227 221 128 209 128 321 308 -9999 -9999 -9999 -9999 -9999 -9999
290 614 585 208 366 44 38 0 308 199 350 354 357 183 29 55 280 531 348 1235 862 780 408 467 552 448 395 421 336 256 403 194 503 440 30 228 0 617 227 277 717 218 227 168 715 236 298 631 0 0 47 462 718 400 0 531 601 275 559 145 369 631 472 408 492 641 680 448 252 -9999 325 282 -9999 -9999 -9999 -9999 -9999 -9999 -9999 -9999 -9999 -9999
96 230 491 305 248 123 235 174 32 424 470 834 468 588 155 101 423 405 271 678 270 558 1049 742 529 736 277 736 128 652 19 216 70 673 231 20 346 786 261 744 762 361 183 188 613 165 368 697 453 0 0 63 570 461 0 199 637 36 413 506 318 401 909 95 177 407 894 210 143 -9999 -9999 -9999 -9999 -9999 -9999 -9999 -9999 -9999 -9999 -9999 -9999 -9999
-9999 -9999 161 245 212 206 0 0 207 182 554 250 396 240 126 108 231 251 219 146 93 78 541 131 324 578 1146 703 525 229 197 86 0 538 522 248 426 105 269 1095 867 129 116 257 398 727 54 375 658 216 36 36 106 170 61 66 586 465 33 405 348 406 626 303 399 470 -9999 -9999 -9999 -9999 -9999 -9999 -9999 -9999 -9999 -9999 -9999 -9999 -9999 -9999 -9999 -9999
-9999 -9999 336 0 492 177 249 513 309 209 554 630 325 253 238 360 340 331 104 529 82 0 327 36 29 258 446 614 691 358 593 425 45 0 280 414 338 367 361 630 312 307 245 138 268 441 130 529 206 282 522 270 0 0 38 256 139 444 386 372 576 416 623 413 -9999 -9999 -9999 -9999 -9999 -9999 -9999 -9999 -9999 -9999 -9999 -9999 -9999 -9999 -9999 -9999 -9999 -9999
-9999 -9999 -9999 -9999 332 479 157 663 282 379 372 389 271 224 313 307 284 318 159 335 167 218 145 50 0 0 139 248 350 600 399 557 63 308 202 258 322 310 448 57 170 486 193 716 526 586 84 502 84 225 71 693 378 174 19 62 140 448 315 171 412 -9999 -9999 -9999 -9999 -9999 -9999 -9999 -9999 -9999 -9999 -9999 -9999 -9999 -9999 -9999 -9999 -9999 -9999 -9999 -9999 -9999
