slauniainen/Data/VMI/vihti_tilavuus.asc
ncols         196
nrows         178
xllcorner     353680
yllcorner     6699024
cellsize      16
NODATA_value  -9999
[rows 72 to 107 of 178, columns 82 to 163 of 196]
87 134 75 103 78 81 85 87 91 100 171 104 47 70 140 114 140 167 102 55 30 54 97 164 42 19 0 0 0 54 -9999 151 46 158 115 8 103 28 -9999 -9999 -9999 -9999 -9999 -9999 -9999 -9999 -9999 -9999 -9999 -9999 -9999 -9999 -9999 -9999 -9999 -9999 -9999 -9999 -9999 -9999 -9999 -9999 -9999 -9999 -9999 -9999 -9999 -9999 -9999 -9999 -9999 -9999 210 199 248 197 289 393 172 149 -9999 -9999
129 54 161 172 146 171 168 131 119 93 88 123 135 160 60 177 191 179 199 45 57 193 152 222 106 39 65 64 162 124 81 59 107 128 46 70 27 73 72 -9999 -9999 -9999 -9999 -9999 -9999 -9999 -9999 -9999 -9999 -9999 -9999 -9999 -9999 -9999 -9999 -9999 -9999 -9999 -9999 -9999 -9999 -9999 -9999 -9999 -9999 -9999 -9999 -9999 -9999 -9999 -9999 -9999 129 179 182 217 270 267 394 228 158 -9999
62 44 64 100 136 148 140 61 80 86 109 108 197 82 122 16 151 188 233 125 71 209 198 154 49 38 46 82 79 74 75 -9999 165 103 217 7 61 85 62 97 53 -9999 -9999 -9999 -9999 -9999 -9999 -9999 -9999 -9999 -9999 -9999 -9999 -9999 -9999 -9999 -9999 -9999 -9999 -9999 -9999 -9999 -9999 -9999 -9999 -9999 -9999 -9999 -9999 -9999 -9999 176 123 170 196 225 213 254 264 189 100 116
81 114 103 62 132 164 171 107 80 57 126 103 162 53 95 118 14 163 107 62 91 30 169 93 122 74 75 29 26 100 125 -9999 234 188 111 68 79 73 22 71 102 69 -9999 -9999 -9999 -9999 -9999 -9999 -9999 -9999 -9999 -9999 -9999 -9999 -9999 -9999 -9999 -9999 -9999 -9999 -9999 -9999 -9999 -9999 -9999 -9999 -9999 -9999 -9999 -9999 -9999 -9999 136 148 112 262 161 277 193 138 -9999 26
167 91 106 66 62 77 97 84 160 124 164 199 207 60 25 0 57 54 98 37 27 122 38 50 30 61 31 47 51 60 32 62 -9999 -9999 -9999 55 25 3 94 3 47 268 163 182 -9999 -9999 -9999 -9999 201 290 -9999 -9999 -9999 -9999 -9999 -9999 -9999 -9999 -9999 145 190 -9999 -9999 -9999 -9999 -9999 -9999 -9999 297 239 228 154 173 208 221 220 204 191 215 119 173 -9999
91 46 80 55 54 54 64 138 126 192 167 177 196 165 86 2 5 46 85 26 45 53 62 1 73 1 61 25 5 5 18 116 122 32 122 56 -9999 -9999 -9999 -9999 42 196 188 197 157 -9999 223 331 247 231 -9999 -9999 -9999 -9999 -9999 -9999 -9999 185 204 262 218 138 254 270 302 258 204 240 239 249 207 269 223 213 211 201 220 256 142 122 -9999 -9999
80 74 81 115 47 36 56 80 138 167 277 247 174 275 86 53 30 0 44 13 0 0 61 1 25 28 7 26 5 7 19 107 37 82 74 114 5 -9999 -9999 -9999 28 51 167 131 153 173 315 271 264 241 251 223 341 -9999 -9999 -9999 80 247 168 258 241 218 149 178 216 130 209 223 194 220 222 177 223 159 195 213 259 278 120 -9999 -9999 -9999
99 79 94 61 162 91 121 155 188 218 190 193 213 234 219 45 10 3 44 5 5 7 24 0 29 31 30 3 4 5 41 122 47 9 95 79 88 0 -9999 -9999 21 66 110 62 158 235 327 268 287 288 271 239 202 244 250 194 230 270 142 256 174 284 153 104 148 109 125 131 200 178 261 204 169 201 185 175 267 194 158 -9999 146 -9999
64 215 117 180 173 219 263 159 160 212 299 264 139 173 281 71 56 12 7 9 4 2 3 3 0 18 4 5 63 50 59 56 39 9 67 68 2 7 0 5 5 6 58 76 93 173 269 292 299 291 271 257 228 246 203 242 62 265 180 187 257 213 268 236 215 174 120 172 317 263 260 240 195 164 221 199 233 174 151 141 -9999 -9999
8 71 54 188 192 233 114 114 92 92 187 204 204 174 154 81 14 62 87 143 43 62 72 72 115 99 63 74 93 63 108 85 73 23 63 41 13 67 52 73 -9999 3 20 48 166 149 257 296 295 293 298 280 264 217 75 40 142 31 245 281 186 227 197 227 172 191 304 317 254 149 197 234 242 275 268 87 68 -9999 -9999 207 -9999 -9999
19 24 69 183 88 48 110 73 92 87 103 189 197 166 194 182 79 170 4 107 68 94 40 60 99 46 170 161 181 115 141 65 86 113 84 82 59 78 142 67 113 -9999 0 72 28 79 225 290 291 294 255 271 286 101 95 -9999 -9999 -9999 144 258 302 183 220 158 208 286 251 261 243 250 244 240 243 299 287 -9999 -9999 -9999 -9999 -9999 43 -9999
-9999 0 131 124 38 105 31 75 91 86 131 190 163 166 191 214 179 148 140 4 36 135 98 65 11 226 162 134 135 72 97 44 83 56 120 199 101 193 211 145 37 26 -9999 51 49 45 182 279 264 204 304 219 212 134 -9999 -9999 -9999 -9999 86 211 191 235 233 184 205 239 254 275 282 260 321 295 280 297 98 81 -9999 -9999 -9999 -9999 9 -9999
-9999 -9999 -9999 -9999 127 46 102 73 89 70 190 210 200 229 210 213 233 273 148 226 41 106 139 153 72 42 166 122 136 66 66 22 14 96 225 184 118 170 205 141 78 150 -9999 70 78 91 99 221 163 218 173 214 162 144 -9999 -9999 -9999 -9999 -9999 190 209 169 275 257 217 232 219 255 283 270 242 277 293 94 87 0 -9999 -9999 -9999 46 -9999 -9999
-9999 -9999 -9999 -9999 -9999 -9999 -9999 128 113 151 221 182 183 175 170 239 208 189 176 154 152 122 180 88 90 132 51 -9999 -9999 -9999 -9999 -9999 2 74 81 33 110 138 78 42 78 14 83 -9999 107 105 136 37 40 -9999 120 217 253 -9999 -9999 295 169 -9999 -9999 208 235 191 280 275 284 253 243 263 292 286 208 141 186 50 4 -9999 11 -9999 40 -9999 -9999 -9999
-9999 -9999 -9999 -9999 -9999 -9999 -9999 145 113 186 208 140 117 145 166 210 204 111 111 171 136 132 290 78 66 122 34 71 -9999 -9999 -9999 -9999 -9999 22 6 32 13 30 100 66 71 53 56 59 49 106 36 -9999 -9999 -9999 30 181 235 -9999 209 233 222 -9999 -9999 -9999 126 233 287 336 267 286 309 268 292 298 160 53 105 -9999 -9999 -9999 -9999 -9999 -9999 -9999 -9999 -9999
-9999 -9999 -9999 -9999 -9999 -9999 -9999 186 106 91 196 100 77 73 164 205 136 110 148 187 175 160 201 240 176 70 111 173 30 148 2 4 6 3 5 18 23 0 0 0 14 35 52 52 -9999 78 23 -9999 -9999 -9999 -9999 110 144 113 159 244 214 211 -9999 -9999 21 115 106 231 242 289 271 195 235 -9999 -9999 -9999 120 -9999 -9999 -9999 119 -9999 -9999 -9999 -9999 -9999
-9999 -9999 -9999 -9999 -9999 -9999 79 127 89 83 138 101 80 86 85 174 198 168 210 143 179 170 214 201 201 210 140 99 133 25 10 105 161 0 49 63 93 50 7 3 44 121 37 77 -9999 78 112 -9999 -9999 -9999 -9999 -9999 112 110 58 149 102 102 138 69 -9999 -9999 39 161 122 193 175 112 125 -9999 -9999 -9999 -9999 -9999 -9999 -9999 14 -9999 -9999 -9999 -9999 -9999
17 -9999 -9999 -9999 -9999 -9999 35 65 76 107 98 94 125 108 120 139 135 165 196 166 181 173 208 219 150 229 191 170 122 142 87 31 94 2 82 235 76 16 83 89 14 30 38 98 70 83 34 53 -9999 -9999 -9999 -9999 42 -9999 -9999 40 75 87 27 -9999 -9999 -9999 -9999 60 67 188 54 36 45 -9999 -9999 -9999 -9999 -9999 -9999 255 128 -9999 -9999 -9999 -9999 -9999
73 135 -9999 -9999 -9999 -9999 17 57 78 128 97 95 118 67 97 147 146 164 154 156 132 141 106 74 165 188 164 193 124 48 146 26 7 4 72 83 216 139 179 35 2 43 112 81 135 -9999 56 97 -9999 -9999 -9999 -9999 -9999 -9999 -9999 -9999 44 45 -9999 -9999 -9999 -9999 -9999 -9999 -9999 -9999 33 76 157 53 -9999 -9999 -9999 -9999 97 -9999 89 93 -9999 -9999 -9999 -9999
-9999 53 -9999 -9999 -9999 -9999 -9999 13 65 104 81 150 123 102 79 111 157 153 131 196 173 197 52 75 163 156 123 142 247 242 177 58 32 3 30 124 195 218 104 38 43 27 130 155 131 173 174 122 94 -9999 -9999 -9999 -9999 -9999 -9999 -9999 -9999 -9999 -9999 -9999 -9999 -9999 -9999 -9999 -9999 -9999 -9999 -9999 10 13 -9999 -9999 -9999 68 196 -9999 -9999 -9999 -9999 -9999 -9999 -9999
26 62 -9999 -9999 -9999 -9999 -9999 -9999 90 76 66 99 104 99 86 129 99 153 153 184 164 254 123 119 151 185 253 200 188 171 163 19 9 0 28 77 98 73 56 39 28 57 165 150 266 115 -9999 104 25 -9999 -9999 -9999 -9999 -9999 -9999 -9999 -9999 -9999 -9999 -9999 -9999 -9999 -9999 -9999 -9999 -9999 -9999 -9999 -9999 -9999 -9999 55 -9999 28 32 55 -9999 -9999 -9999 -9999 -9999 -9999
10 41 -9999 -9999 -9999 -9999 -9999 -9999 76 71 55 51 84 77 70 54 91 192 134 191 129 215 242 182 154 164 180 149 106 176 46 32 0 22 26 52 98 94 18 7 27 109 69 125 176 170 132 -9999 101 -9999 -9999 -9999 -9999 -9999 -9999 -9999 -9999 -9999 -9999 -9999 -9999 -9999 -9999 -9999 -9999 -9999 -9999 -9999 -9999 -9999 -9999 -9999 5 -9999 11 30 -9999 -9999 -9999 -9999 -9999 -9999
130 99 -9999 -9999 -9999 -9999 -9999 208 58 44 19 11 15 8 8 66 59 91 125 191 218 195 222 140 178 226 258 146 161 144 107 47 9 3 6 19 24 21 8 20 35 187 174 110 156 175 102 85 -9999 -9999 -9999 -9999 -9999 -9999 -9999 -9999 -9999 -9999 -9999 -9999 -9999 -9999 -9999 -9999 -9999 -9999 -9999 -9999 -9999 -9999 -9999 -9999 -9999 -9999 -9999 -9999 -9999 -9999 -9999 -9999 -9999 -9999
103 122 -9999 -9999 -9999 -9999 106 86 46 18 64 14 3 3 11 17 73 99 183 145 212 241 167 221 140 234 217 166 117 155 50 115 7 10 8 6 5 5 5 108 11 98 134 106 162 143 94 129 185 90 -9999 -9999 -9999 -9999 -9999 -9999 -9999 -9999 -9999 -9999 -9999 -9999 -9999 -9999 -9999 -9999 -9999 -9999 -9999 -9999 -9999 -9999 -9999 -9999 -9999 -9999 -9999 -9999 -9999 -9999 -9999 -9999
0 -9999 -9999 -9999 -9999 128 70 53 28 10 12 3 3 3 3 10 56 96 120 134 160 197 223 166 128 166 249 242 198 131 129 92 28 17 23 23 60 95 36 34 107 202 160 212 90 279 144 243 234 -9999 -9999 -9999 -9999 -9999 -9999 -9999 -9999 -9999 -9999 -9999 -9999 -9999 -9999 -9999 -9999 -9999 -9999 -9999 -9999 -9999 -9999 -9999 -9999 -9999 -9999 -9999 -9999 -9999 -9999 -9999 -9999 -9999
-9999 -9999 -9999 152 212 81 58 44 59 12 12 2 0 3 4 3 7 73 97 120 154 244 193 201 144 194 235 269 242 270 194 137 62 23 56 192 170 134 145 225 256 238 234 210 225 143 227 191 270 251 -9999 -9999 -9999 -9999 -9999 -9999 -9999 -9999 -9999 -9999 -9999 -9999 -9999 -9999 -9999 -9999 -9999 -9999 -9999 -9999 -9999 -9999 -9999 -9999 -9999 -9999 -9999 -9999 -9999 -9999 -9999 -9999
-9999 115 281 215 88 63 72 60 11 10 3 0 1 9 3 3 0 77 110 83 134 225 110 142 187 201 185 154 205 326 232 151 163 152 135 200 195 193 192 304 246 214 225 232 144 97 237 208 246 233 106 -9999 -9999 -9999 -9999 -9999 -9999 -9999 -9999 -9999 -9999 -9999 -9999 -9999 -9999 -9999 -9999 -9999 -9999 -9999 -9999 -9999 -9999 -9999 -9999 -9999 -9999 -9999 -9999 -9999 -9999 -9999
205 234 134 70 68 77 27 84 8 10 10 1 0 1 9 9 1 82 99 99 96 113 247 101 138 172 166 188 193 237 190 170 192 324 327 266 187 189 146 174 174 167 263 207 192 95 212 221 270 106 188 116 -9999 -9999 -9999 -9999 -9999 -9999 -9999 -9999 -9999 -9999 -9999 -9999 -9999 -9999 -9999 -9999 -9999 -9999 -9999 -9999 -9999 -9999 -9999 -9999 -9999 -9999 -9999 -9999 -9999 -9999
213 86 78 72 74 40 7 10 1 8 2 16 52 33 2 2 2 15 73 78 106 148 208 119 335 213 196 194 181 203 187 183 345 299 285 153 246 219 219 223 198 240 134 293 262 98 151 166 144 160 214 204 115 -9999 -9999 -9999 -9999 -9999 -9999 -9999 -9999 -9999 -9999 -9999 -9999 -9999 -9999 -9999 -9999 -9999 -9999 -9999 -9999 -9999 -9999 -9999 -9999 -9999 -9999 -9999 -9999 -9999
62 139 64 65 38 12 75 9 10 2 18 80 46 80 33 2 0 1 38 72 91 143 156 217 143 273 209 210 186 189 188 187 288 274 231 192 153 122 151 210 240 249 212 217 145 158 146 145 191 198 195 122 148 164 -9999 -9999 -9999 -9999 -9999 -9999 -9999 -9999 -9999 -9999 -9999 -9999 -9999 -9999 -9999 -9999 -9999 -9999 -9999 -9999 -9999 -9999 -9999 -9999 -9999 -9999 -9999 -9999
-9999 -9999 86 81 41 84 12 8 1 4 80 59 55 80 54 5 1 8 1 27 69 84 62 156 122 143 124 143 157 209 185 234 250 201 171 73 91 75 134 164 158 170 206 241 245 246 219 287 320 139 130 160 184 175 181 -9999 -9999 -9999 -9999 -9999 -9999 -9999 -9999 -9999 -9999 -9999 -9999 -9999 -9999 -9999 -9999 -9999 -9999 -9999 -9999 -9999 -9999 -9999 -9999 -9999 -9999 -9999
-9999 -9999 87 81 29 53 20 9 8 2 54 81 47 17 15 2 1 0 1 5 52 56 81 58 34 86 147 87 260 130 209 204 234 94 72 91 138 154 147 153 165 173 215 275 242 232 99 364 349 321 151 197 139 240 153 188 -9999 -9999 -9999 -9999 -9999 -9999 -9999 -9999 -9999 -9999 -9999 -9999 -9999 -9999 -9999 -9999 -9999 -9999 -9999 -9999 -9999 -9999 -9999 -9999 -9999 -9999
-9999 -9999 95 72 33 49 20 7 10 0 52 51 38 4 1 8 8 8 1 1 9 9 11 19 48 63 58 61 97 117 118 122 109 88 87 109 164 139 95 181 161 173 224 231 234 271 236 227 212 140 126 198 168 233 230 236 -9999 -9999 -9999 -9999 -9999 -9999 -9999 -9999 -9999 -9999 -9999 -9999 -9999 -9999 -9999 -9999 -9999 -9999 -9999 -9999 -9999 -9999 -9999 -9999 -9999 47
-9999 -9999 90 70 28 40 13 10 10 8 15 79 51 2 8 10 9 8 7 8 1 5 10 11 19 85 95 60 69 76 82 78 77 112 133 203 209 202 256 253 235 262 218 219 244 202 205 204 240 235 214 247 148 104 174 180 204 -9999 -9999 -9999 -9999 -9999 -9999 -9999 -9999 -9999 -9999 -9999 -9999 -9999 -9999 -9999 -9999 -9999 -9999 -9999 -9999 -9999 -9999 -9999 -9999 187
-9999 -9999 71 68 17 119 86 9 9 9 1 2 2 1 1 9 10 9 9 8 1 8 9 2 10 10 56 62 52 27 32 36 37 35 74 100 128 176 174 258 253 259 212 150 149 151 132 127 151 146 191 148 147 134 58 113 132 112 -9999 -9999 -9999 -9999 -9999 -9999 -9999 -9999 -9999 -9999 -9999 -9999 -9999 -9999 -9999 -9999 -9999 -9999 -9999 -9999 -9999 -9999 -9999 114
-9999 -9999 73 87 82 62 44 10 9 10 11 9 1 2 1 8 9 9 10 9 1 1 9 3 3 3 12 7 83 85 69 60 46 58 67 36 58 89 109 129 197 131 132 71 78 91 82 73 87 76 71 47 46 53 63 58 112 156 77 -9999 -9999 -9999 -9999 -9999 -9999 -9999 -9999 -9999 -9999 -9999 -9999 -9999 -9999 -9999 -9999 -9999 -9999 -9999 -9999 -9999 -9999 -9999
