slauniainen/Data/VMI/vihti_bm_kuusi_juuret.asc
ncols         196
nrows         178
xllcorner     353680
yllcorner     6699024
cellsize      16
NODATA_value  -9999
[rows 72 to 107 of 178, columns 81 to 161 of 196]
126 96 319 121 163 383 343 239 396 144 649 1386 353 164 41 227 302 329 799 57 436 143 201 679 625 142 49 0 0 0 74 -9999 319 592 932 453 88 914 73 -9999 -9999 -9999 -9999 -9999 -9999 -9999 -9999 -9999 -9999 -9999 -9999 -9999 -9999 -9999 -9999 -9999 -9999 -9999 -9999 -9999 -9999 -9999 -9999 -9999 -9999 -9999 -9999 -9999 -9999 -9999 -9999 -9999 -9999 784 1451 1384 1617 1773 2914 514 980
123 304 57 138 122 186 144 147 340 365 219 605 369 224 639 169 807 645 813 16 248 276 811 219 220 327 100 60 46 104 0 163 624 824 890 424 566 0 46 46 -9999 -9999 -9999 -9999 -9999 -9999 -9999 -9999 -9999 -9999 -9999 -9999 -9999 -9999 -9999 -9999 -9999 -9999 -9999 -9999 -9999 -9999 -9999 -9999 -9999 -9999 -9999 -9999 -9999 -9999 -9999 -9999 -9999 700 1041 856 1744 2458 2770 3541 1145
94 137 198 218 69 87 107 80 188 366 263 296 365 338 237 808 194 409 637 808 33 75 207 743 988 312 0 109 0 311 293 685 -9999 762 307 709 51 0 69 119 236 204 -9999 -9999 -9999 -9999 -9999 -9999 -9999 -9999 -9999 -9999 -9999 -9999 -9999 -9999 -9999 -9999 -9999 -9999 -9999 -9999 -9999 -9999 -9999 -9999 -9999 -9999 -9999 -9999 -9999 -9999 756 744 689 1054 1203 1654 2631 1647 1270
197 340 107 99 224 72 151 142 294 356 195 362 330 272 52 107 68 154 216 297 160 780 102 652 1032 684 38 789 0 151 284 336 -9999 800 1669 710 717 642 361 103 372 0 86 -9999 -9999 -9999 -9999 -9999 -9999 -9999 -9999 -9999 -9999 -9999 -9999 -9999 -9999 -9999 -9999 -9999 -9999 -9999 -9999 -9999 -9999 -9999 -9999 -9999 -9999 -9999 -9999 -9999 -9999 572 439 882 1981 1429 2362 1585 368
158 358 109 130 113 131 107 159 348 374 147 317 803 1038 268 165 0 55 421 956 175 0 912 211 52 332 688 0 318 134 97 40 68 -9999 -9999 -9999 164 116 37 700 46 170 1486 840 1047 -9999 -9999 -9999 -9999 1069 1453 -9999 -9999 -9999 -9999 -9999 -9999 -9999 -9999 -9999 137 554 -9999 -9999 -9999 -9999 -9999 -9999 -9999 2771 1590 1697 740 1223 1298 1463 1389 1285 1017 2279 621
317 263 88 158 165 91 71 53 93 156 743 466 1249 889 651 745 0 0 461 0 0 470 546 404 0 100 0 154 0 27 51 39 0 347 280 269 374 -9999 -9999 -9999 -9999 0 1154 149 318 145 -9999 1591 1952 2587 2665 -9999 -9999 -9999 -9999 -9999 -9999 -9999 890 2047 1775 852 687 864 2251 1656 2450 1570 2187 2063 1885 2189 1957 1527 2049 1463 1108 1560 1737 1051 537
304 210 369 126 198 105 51 197 509 617 1232 2476 1024 786 1483 292 54 0 0 449 105 0 0 149 0 0 0 30 0 0 95 38 494 35 95 668 387 41 -9999 -9999 -9999 0 317 780 205 227 1001 1821 2546 2863 2569 2651 2407 3590 -9999 -9999 -9999 421 753 1546 1778 2127 759 477 734 1071 413 1570 1640 1853 2140 2263 464 1366 834 927 1685 1117 1524 255 -9999
166 287 243 371 202 166 612 628 555 671 701 780 697 1236 810 2045 277 53 0 40 26 0 27 0 0 0 150 0 0 31 72 269 503 276 91 400 0 333 0 -9999 -9999 0 0 463 136 661 1796 3601 2816 2899 2914 2843 2574 2295 2636 2554 574 922 1945 369 1467 1962 2340 214 988 1131 222 647 881 1226 1320 1879 932 841 974 1172 1072 1986 1241 733 -9999
123 117 147 162 656 815 1426 1649 454 467 882 1217 856 521 896 786 624 198 108 31 92 58 0 0 0 0 0 34 35 83 308 261 195 162 93 167 178 0 95 0 0 0 0 596 407 326 870 2763 3026 3083 2968 2746 2737 2530 2664 1759 1857 403 1801 401 1212 2397 1807 1752 1001 1217 761 874 1094 1572 1205 1505 1775 1591 1324 1165 1302 856 1017 721 857
114 91 578 115 1276 1410 901 409 194 167 183 831 592 400 544 567 283 67 458 94 314 95 83 240 254 1109 1078 421 427 911 547 616 74 113 101 298 39 0 0 0 82 -9999 0 0 99 1356 744 1607 3062 3025 2983 2985 2841 2033 1174 609 517 940 0 747 2992 1255 1847 1683 1725 1572 1002 1514 1939 951 1082 1082 2173 2597 2734 1985 287 316 -9999 -9999 576
-9999 0 155 296 1088 207 267 194 54 145 149 416 820 493 885 572 516 330 945 118 872 101 856 360 502 921 267 1036 1230 1443 145 255 79 106 969 209 548 331 0 762 273 0 -9999 0 180 514 571 1118 2939 2884 3022 2610 2878 1326 1015 972 -9999 -9999 -9999 42 2098 2276 1849 1818 1198 1713 2388 1859 2144 860 1176 1541 1920 2576 3020 2567 -9999 -9999 -9999 -9999 -9999
-9999 -9999 0 117 111 157 311 0 54 149 278 473 829 461 996 626 1440 567 642 644 31 0 567 355 582 35 920 768 618 635 402 439 142 71 162 378 999 403 759 984 379 121 0 -9999 93 665 0 551 1942 1740 1363 2891 2000 1168 1560 -9999 -9999 -9999 -9999 705 1610 1891 1429 1441 1649 1849 1276 1351 1460 2042 2068 2529 1705 2843 1921 39 103 -9999 -9999 -9999 -9999
-9999 -9999 -9999 -9999 -9999 478 55 285 50 165 293 828 792 562 793 666 568 1674 1689 552 1590 423 60 253 316 741 752 1220 1397 726 493 695 112 53 214 1829 590 214 68 1331 787 500 118 -9999 90 1059 351 544 1435 599 1573 1544 2120 1058 947 -9999 -9999 -9999 -9999 -9999 1007 1616 1395 1587 1291 1232 1422 1133 1575 2067 1969 1465 1430 1783 1094 1120 0 -9999 -9999 -9999 473
-9999 -9999 -9999 -9999 -9999 -9999 -9999 -9999 715 457 510 642 578 570 469 444 877 631 797 999 423 425 412 327 597 965 1142 520 -9999 -9999 -9999 -9999 -9999 0 286 92 32 289 723 197 182 749 0 329 -9999 1087 32 551 583 376 -9999 1154 923 1985 -9999 -9999 2964 982 -9999 -9999 1487 869 1298 1608 2119 1729 1481 1518 1763 1757 2109 1385 915 463 640 0 -9999 128 -9999 206 -9999
-9999 -9999 -9999 -9999 -9999 -9999 -9999 -9999 915 452 843 525 344 470 187 411 790 789 269 270 868 454 127 797 351 363 586 163 236 -9999 -9999 -9999 -9999 -9999 0 0 0 0 0 0 0 0 553 141 364 377 958 518 -9999 -9999 -9999 0 686 1626 -9999 1671 1548 1936 -9999 -9999 -9999 803 1889 2211 2484 1863 1572 1688 1492 1744 2688 1003 202 897 -9999 -9999 -9999 -9999 -9999 -9999 -9999
-9999 -9999 -9999 -9999 -9999 -9999 -9999 -9999 981 354 183 372 221 49 81 449 588 378 350 1095 517 947 885 1311 903 805 271 396 574 188 338 0 59 55 44 0 0 57 0 0 0 127 49 189 360 -9999 722 184 -9999 -9999 -9999 -9999 915 501 213 556 1346 1141 1107 -9999 -9999 0 860 697 877 1456 2186 2553 1946 2135 -9999 -9999 -9999 511 -9999 -9999 -9999 726 -9999 -9999 -9999
-9999 -9999 -9999 -9999 -9999 -9999 -9999 308 711 164 154 392 426 40 36 301 309 491 770 750 448 837 1056 1670 1429 1462 1037 455 237 361 50 109 802 662 0 144 115 964 97 0 0 295 100 531 705 -9999 718 96 -9999 -9999 -9999 -9999 -9999 481 780 357 683 409 161 892 364 -9999 -9999 299 1269 369 623 946 317 218 -9999 -9999 -9999 -9999 -9999 -9999 -9999 80 -9999 -9999 -9999
159 182 -9999 -9999 -9999 -9999 -9999 37 297 48 376 432 252 0 313 0 523 409 737 280 647 1362 955 1188 1489 737 759 156 199 279 542 110 45 729 0 132 967 710 163 1081 930 175 310 533 144 190 146 418 388 -9999 -9999 -9999 -9999 105 -9999 -9999 437 100 445 311 -9999 -9999 -9999 -9999 0 280 761 250 231 0 -9999 -9999 -9999 -9999 -9999 -9999 790 403 -9999 -9999 -9999
-9999 598 577 -9999 -9999 -9999 -9999 0 436 40 722 425 234 309 0 0 669 1032 757 903 562 1151 655 336 0 587 840 197 1384 794 0 469 120 95 58 95 883 1513 954 1383 444 0 172 128 91 113 -9999 437 385 -9999 -9999 -9999 -9999 -9999 -9999 -9999 -9999 490 495 -9999 -9999 -9999 -9999 -9999 -9999 -9999 -9999 0 99 360 0 -9999 -9999 -9999 -9999 497 -9999 358 0 -9999 -9999
-9999 -9999 218 -9999 -9999 -9999 -9999 -9999 0 561 351 220 920 323 0 0 0 1013 1065 876 513 1075 1046 38 115 762 757 473 309 930 341 651 336 0 40 41 121 1840 1926 784 124 94 0 1042 679 409 999 1061 1119 897 -9999 -9999 -9999 -9999 -9999 -9999 -9999 -9999 -9999 -9999 -9999 -9999 -9999 -9999 -9999 -9999 -9999 -9999 -9999 125 135 -9999 -9999 -9999 232 550 -9999 -9999 -9999 -9999 -9999
-9999 219 257 -9999 -9999 -9999 -9999 -9999 -9999 713 53 292 144 330 0 0 0 95 1049 935 822 755 1372 466 273 593 966 1208 689 1194 301 339 0 49 0 45 84 1071 541 529 38 0 68 1370 376 2179 157 -9999 498 45 -9999 -9999 -9999 -9999 -9999 -9999 -9999 -9999 -9999 -9999 -9999 -9999 -9999 -9999 -9999 -9999 -9999 -9999 -9999 -9999 -9999 -9999 0 -9999 331 266 237 -9999 -9999 -9999 -9999
185 0 0 -9999 -9999 -9999 -9999 -9999 -9999 289 35 574 252 131 119 170 0 28 867 951 800 555 1269 1138 766 406 254 602 398 370 391 123 167 0 0 126 159 110 901 89 59 43 113 736 813 1210 877 547 -9999 105 -9999 -9999 -9999 -9999 -9999 -9999 -9999 -9999 -9999 -9999 -9999 -9999 -9999 -9999 -9999 -9999 -9999 -9999 -9999 -9999 -9999 -9999 -9999 0 -9999 128 143 -9999 -9999 -9999 -9999
227 176 703 -9999 -9999 -9999 -9999 -9999 933 231 719 151 0 0 0 0 157 0 106 527 284 303 975 1033 89 788 657 1331 598 573 449 625 304 49 0 29 0 101 88 68 36 432 1709 888 232 632 423 426 28 -9999 -9999 -9999 -9999 -9999 -9999 -9999 -9999 -9999 -9999 -9999 -9999 -9999 -9999 -9999 -9999 -9999 -9999 -9999 -9999 -9999 -9999 -9999 -9999 -9999 -9999 -9999 -9999 -9999 -9999 -9999 -9999
-9999 714 655 -9999 -9999 -9999 -9999 440 164 230 139 77 0 0 0 0 44 163 327 864 245 540 1433 388 489 44 1368 878 436 654 1209 555 1197 97 108 113 61 36 34 35 1248 221 567 784 353 975 503 468 615 466 766 -9999 -9999 -9999 -9999 -9999 -9999 -9999 -9999 -9999 -9999 -9999 -9999 -9999 -9999 -9999 -9999 -9999 -9999 -9999 -9999 -9999 -9999 -9999 -9999 -9999 -9999 -9999 -9999 -9999 -9999
-9999 0 -9999 -9999 -9999 -9999 713 58 455 157 0 0 0 0 0 0 0 97 158 70 383 473 899 1085 256 350 574 1616 1119 854 386 548 559 0 43 0 185 278 887 391 347 776 1424 831 1184 585 134 171 158 1042 -9999 -9999 -9999 -9999 -9999 -9999 -9999 -9999 -9999 -9999 -9999 -9999 -9999 -9999 -9999 -9999 -9999 -9999 -9999 -9999 -9999 -9999 -9999 -9999 -9999 -9999 -9999 -9999 -9999 -9999 -9999
-9999 -9999 -9999 -9999 645 1110 39 33 419 70 0 0 0 0 0 0 0 0 189 42 349 421 1826 378 918 954 1407 1820 1817 976 1222 1367 696 569 202 445 176 359 883 987 1440 1214 1275 1897 1067 1782 1259 170 125 149 1271 -9999 -9999 -9999 -9999 -9999 -9999 -9999 -9999 -9999 -9999 -9999 -9999 -9999 -9999 -9999 -9999 -9999 -9999 -9999 -9999 -9999 -9999 -9999 -9999 -9999 -9999 -9999 -9999 -9999 -9999
-9999 -9999 216 1683 1589 148 452 523 70 0 0 0 0 0 0 0 0 0 116 178 37 414 1603 224 490 1608 1681 770 685 2156 2227 2287 809 1001 862 1101 2104 2007 1970 1918 2903 1064 1522 1969 1665 1014 646 778 103 57 211 674 -9999 -9999 -9999 -9999 -9999 -9999 -9999 -9999 -9999 -9999 -9999 -9999 -9999 -9999 -9999 -9999 -9999 -9999 -9999 -9999 -9999 -9999 -9999 -9999 -9999 -9999 -9999 -9999 -9999
-9999 1095 1499 778 65 35 694 123 135 0 0 0 0 0 0 0 0 0 129 0 72 247 396 1410 528 300 525 780 1093 1959 2325 1900 1316 1535 2234 2104 2321 1402 1015 701 906 568 1518 1025 1310 1161 640 424 40 638 885 1094 375 -9999 -9999 -9999 -9999 -9999 -9999 -9999 -9999 -9999 -9999 -9999 -9999 -9999 -9999 -9999 -9999 -9999 -9999 -9999 -9999 -9999 -9999 -9999 -9999 -9999 -9999 -9999 -9999
605 1087 485 39 35 398 359 0 0 0 0 0 38 95 79 0 0 0 38 182 210 287 513 1505 663 1540 1075 1000 1159 1371 2153 1623 1508 2023 2394 1659 857 1314 984 987 1036 983 1424 559 2262 1576 630 1051 564 1029 1046 1139 1263 900 -9999 -9999 -9999 -9999 -9999 -9999 -9999 -9999 -9999 -9999 -9999 -9999 -9999 -9999 -9999 -9999 -9999 -9999 -9999 -9999 -9999 -9999 -9999 -9999 -9999 -9999 -9999
0 258 987 589 491 407 58 79 0 0 0 44 127 37 127 81 0 0 0 84 184 270 870 425 1590 826 1247 876 1192 807 1411 1377 1382 2273 2128 1263 1045 926 651 918 1524 1786 1429 1200 1067 713 576 1330 1048 1222 1083 1193 1363 688 374 -9999 -9999 -9999 -9999 -9999 -9999 -9999 -9999 -9999 -9999 -9999 -9999 -9999 -9999 -9999 -9999 -9999 -9999 -9999 -9999 -9999 -9999 -9999 -9999 -9999 -9999
-9999 -9999 -9999 473 32 360 130 0 0 0 0 132 83 89 127 98 0 0 0 0 43 179 218 183 733 673 434 1143 451 764 1048 833 1199 1284 1020 978 213 135 292 424 400 1028 982 1492 1382 1176 1477 928 2455 2985 865 1079 891 793 767 699 -9999 -9999 -9999 -9999 -9999 -9999 -9999 -9999 -9999 -9999 -9999 -9999 -9999 -9999 -9999 -9999 -9999 -9999 -9999 -9999 -9999 -9999 -9999 -9999 -9999
-9999 -9999 -9999 427 35 104 93 0 0 0 0 102 131 96 42 36 0 0 0 0 0 95 125 120 243 194 607 937 541 282 889 1345 1046 1538 431 201 325 1050 1161 967 343 408 928 1760 1757 1345 1445 427 3401 2577 2918 873 697 354 658 777 493 -9999 -9999 -9999 -9999 -9999 -9999 -9999 -9999 -9999 -9999 -9999 -9999 -9999 -9999 -9999 -9999 -9999 -9999 -9999 -9999 -9999 -9999 -9999 -9999
-9999 -9999 -9999 370 60 203 88 0 0 0 0 96 84 92 0 0 0 0 0 0 0 0 0 0 0 83 358 517 230 463 629 630 638 392 151 138 270 987 337 407 808 763 701 705 1417 1575 1777 1294 1264 1058 678 335 258 368 1227 1820 1059 -9999 -9999 -9999 -9999 -9999 -9999 -9999 -9999 -9999 -9999 -9999 -9999 -9999 -9999 -9999 -9999 -9999 -9999 -9999 -9999 -9999 -9999 -9999 -9999
-9999 -9999 -9999 602 65 722 40 0 0 0 0 35 130 95 0 0 0 0 0 0 0 0 0 0 0 0 140 329 469 470 44 43 51 48 405 775 1091 767 364 839 894 704 1128 866 798 1305 1074 1480 1469 1535 1225 991 1151 638 578 733 1132 1351 -9999 -9999 -9999 -9999 -9999 -9999 -9999 -9999 -9999 -9999 -9999 -9999 -9999 -9999 -9999 -9999 -9999 -9999 -9999 -9999 -9999 -9999 -9999
-9999 -9999 -9999 275 82 286 386 138 0 0 0 0 0 0 0 0 0 0 0 0 0 0 0 0 0 0 0 120 218 241 160 676 714 704 768 295 453 726 766 596 1445 1385 1606 938 503 518 916 758 712 919 929 1347 943 947 70 397 673 1091 1073 -9999 -9999 -9999 -9999 -9999 -9999 -9999 -9999 -9999 -9999 -9999 -9999 -9999 -9999 -9999 -9999 -9999 -9999 -9999 -9999 -9999 -9999
-9999 -9999 -9999 217 160 754 197 189 0 0 0 0 0 0 0 0 0 0 0 0 0 0 0 0 0 0 0 0 0 151 138 79 232 201 235 348 686 597 465 363 727 1026 752 756 237 174 155 156 57 242 54 38 346 317 200 41 492 995 809 943 -9999 -9999 -9999 -9999 -9999 -9999 -9999 -9999 -9999 -9999 -9999 -9999 -9999 -9999 -9999 -9999 -9999 -9999 -9999 -9999 -9999
