slauniainen/Data/VMI/vihti_ika.asc
ncols         196
nrows         178
xllcorner     353680
yllcorner     6699024
cellsize      16
NODATA_value  -9999
[rows 111 to 147 of 178, columns 83 to 165 of 196]
65 54 70 73 71 73 71 59 56 52 56 98 87 50 63 48 31 36 30 29 28 27 48 45 28 24 25 28 36 45 42 49 61 61 58 56 53 51 51 101 102 113 58 63 79 45 13 13 23 39 51 31 28 33 42 42 30 29 45 39 52 -9999 -9999 -9999 -9999 -9999 -9999 -9999 -9999 -9999 -9999 -9999 -9999 -9999 -9999 -9999 -9999 35 18 4 4 32 40
55 57 68 66 56 37 54 70 68 67 65 85 80 44 64 62 62 43 29 27 26 27 43 30 27 26 25 25 28 36 35 35 35 45 65 53 51 52 92 95 86 51 57 42 73 45 30 54 37 20 43 30 29 34 45 25 26 52 37 58 53 51 -9999 -9999 -9999 -9999 -9999 -9999 -9999 -9999 -9999 -9999 -9999 -9999 -9999 -9999 -9999 -9999 27 3 3 32 32
75 45 70 76 59 68 67 81 74 58 79 59 52 49 66 65 63 32 36 26 27 29 36 35 35 36 29 29 32 37 35 35 35 33 64 47 51 65 87 83 87 64 50 35 53 70 21 58 70 15 41 48 69 41 46 57 52 45 49 44 38 52 50 -9999 -9999 -9999 -9999 -9999 -9999 -9999 -9999 -9999 -9999 -9999 -9999 -9999 21 27 10 17 32 33 31
60 61 88 71 61 77 66 75 68 48 34 74 34 78 61 65 64 44 48 42 44 35 32 30 37 37 32 44 37 36 47 42 34 33 65 49 82 58 96 66 41 66 36 31 33 62 62 35 32 26 40 63 56 45 59 84 38 46 33 47 42 70 42 69 -9999 -9999 -9999 -9999 -9999 -9999 -9999 -9999 -9999 -9999 -9999 -9999 42 20 6 17 34 36 38
69 57 74 61 50 78 75 72 57 49 36 61 43 68 53 63 44 46 46 48 51 47 34 35 36 37 49 46 29 35 46 63 67 53 37 84 102 60 95 85 38 64 59 37 48 75 73 63 99 78 55 64 64 53 71 82 46 42 50 80 60 88 76 72 64 -9999 -9999 -9999 -9999 -9999 -9999 -9999 -9999 -9999 -9999 29 24 21 6 49 44 50 56
45 46 57 59 77 49 57 66 55 89 45 48 32 75 67 44 47 45 45 46 49 47 43 46 46 40 38 36 35 35 34 64 48 78 78 95 89 72 106 43 44 55 72 51 59 48 116 82 109 90 89 64 58 77 81 53 46 52 59 79 55 50 39 70 44 56 -9999 -9999 -9999 -9999 -9999 -9999 -9999 -9999 -9999 27 32 6 4 48 47 47 26
68 53 74 55 75 51 84 74 51 74 40 73 31 61 66 36 37 49 0 50 50 76 76 76 60 36 40 34 32 37 34 66 75 77 95 91 90 69 86 63 81 70 82 92 79 102 81 118 88 99 75 55 40 74 77 50 59 44 58 69 44 43 41 76 58 65 -9999 -9999 -9999 -9999 -9999 -9999 -9999 -9999 24 33 28 7 54 61 49 38 29
67 74 88 83 68 67 86 72 63 40 37 67 66 79 65 47 36 47 0 50 50 76 76 76 76 76 50 0 35 34 49 43 59 100 97 111 67 66 55 47 67 84 99 105 107 108 99 95 98 98 68 43 46 26 26 26 40 52 54 53 57 47 36 67 45 46 16 -9999 40 -9999 -9999 -9999 16 25 23 20 6 43 24 18 24 35 36
72 94 103 98 91 74 80 98 72 62 68 67 73 60 46 64 36 0 0 50 76 76 76 76 76 76 76 50 50 32 61 69 62 110 73 47 78 37 45 49 73 78 81 82 103 113 114 114 114 107 116 47 23 23 35 20 34 54 50 45 42 28 42 50 51 35 24 17 37 20 14 29 26 33 16 11 60 47 47 17 26 38 37
74 70 69 85 90 85 51 87 81 79 59 71 49 52 81 59 39 0 0 50 76 76 76 76 76 76 50 50 50 32 62 79 88 49 73 69 50 69 51 47 61 88 82 95 104 103 102 94 104 104 105 60 40 15 20 15 21 32 29 35 44 45 36 27 20 29 12 16 38 23 14 27 17 6 45 43 47 50 45 22 35 36 55
69 70 79 50 59 65 53 68 64 71 73 44 28 61 54 56 36 0 0 0 50 76 76 76 76 76 50 0 50 31 63 57 118 66 52 59 92 84 61 34 60 87 95 103 95 83 76 74 92 102 104 86 35 17 16 42 30 23 26 28 25 27 43 45 41 36 13 61 34 22 19 15 23 22 73 37 37 44 32 26 33 48 -9999
85 93 55 58 74 75 79 67 67 43 45 38 33 57 63 39 36 0 0 0 0 50 50 50 76 50 50 0 0 42 62 56 47 40 35 94 97 88 61 41 43 86 82 82 83 62 51 44 53 79 92 82 105 39 17 25 24 28 15 24 24 22 27 29 38 40 23 -9999 20 22 33 39 46 52 37 67 36 41 24 35 26 -9999 -9999
89 88 71 81 74 83 74 40 59 60 35 25 23 36 94 57 37 28 0 0 0 0 0 0 0 0 0 0 0 44 28 67 48 57 43 99 100 93 69 54 39 50 72 86 88 52 43 44 65 67 72 100 113 84 30 18 7 25 27 37 37 36 29 28 28 28 28 20 25 17 35 36 45 40 70 50 63 33 34 22 -9999 -9999 -9999
75 89 66 68 72 64 84 61 42 61 41 38 26 23 72 38 37 39 0 0 0 0 0 0 0 0 0 0 0 51 80 106 59 44 47 82 88 82 60 41 38 39 29 39 48 75 82 66 62 77 80 110 106 67 48 46 45 49 37 34 39 44 49 41 30 34 27 29 57 56 45 44 97 92 62 53 48 11 16 27 -9999 -9999 -9999
66 68 83 76 84 101 68 67 82 56 31 27 28 31 32 43 48 36 0 0 0 0 0 0 0 0 0 0 50 29 92 52 63 52 34 46 59 35 51 52 35 31 36 46 50 67 77 57 40 47 68 69 74 52 38 66 66 43 54 71 71 40 52 41 34 29 27 61 64 62 30 61 107 97 69 35 17 17 29 -9999 -9999 -9999 -9999
63 70 52 89 78 63 62 62 51 62 42 34 17 38 34 33 59 36 39 0 0 0 0 0 0 54 50 50 50 93 96 51 35 55 52 53 34 37 24 30 37 38 26 28 56 46 43 5 14 26 52 128 83 54 39 53 57 52 34 72 104 69 45 54 35 30 34 63 -9999 43 36 67 101 105 90 50 33 41 -9999 -9999 -9999 -9999 -9999
71 74 53 57 64 71 70 48 66 50 32 31 17 42 45 38 49 46 41 0 0 0 0 0 54 50 50 50 50 89 40 29 30 50 49 31 22 16 17 16 26 29 35 24 42 28 21 4 13 17 62 157 88 39 24 69 60 39 34 51 84 66 52 78 53 50 36 45 -9999 26 53 74 109 115 106 60 42 -9999 -9999 -9999 -9999 -9999 -9999
57 58 68 70 74 80 50 54 59 55 26 31 34 50 71 69 43 70 78 41 0 0 0 0 0 50 50 50 50 94 35 23 27 36 36 30 23 26 39 29 37 39 65 55 60 46 32 23 13 31 117 146 136 32 33 61 65 39 34 42 66 44 46 56 54 40 37 25 -9999 17 47 66 103 95 86 70 -9999 -9999 -9999 -9999 -9999 -9999 -9999
44 65 57 57 49 48 58 58 55 51 34 44 47 71 38 69 65 93 50 36 40 0 0 0 0 0 0 21 21 65 40 22 27 36 37 37 50 67 60 48 53 71 53 64 71 61 40 26 36 48 118 109 115 94 17 61 44 64 44 69 61 50 36 37 38 32 29 23 -9999 26 28 90 82 91 52 45 -9999 -9999 -9999 -9999 -9999 -9999 -9999
54 55 54 58 61 54 53 66 52 29 37 64 75 78 81 89 102 100 88 64 77 66 76 76 76 76 76 76 76 71 25 35 37 39 38 47 38 48 89 94 76 74 99 84 111 108 93 73 28 30 47 130 131 69 18 59 53 46 45 76 46 38 31 26 14 30 30 27 25 35 39 47 46 50 46 35 -9999 -9999 -9999 -9999 -9999 -9999 -9999
56 55 57 67 59 60 58 55 57 38 20 35 21 18 52 55 89 67 76 54 53 69 69 66 50 50 76 76 76 32 31 36 50 47 68 67 68 87 104 102 115 86 67 94 114 98 82 43 11 10 53 45 76 42 5 56 56 52 44 62 61 36 25 28 13 12 24 25 29 19 43 62 42 51 36 41 -9999 -9999 -9999 -9999 -9999 -9999 -9999
42 59 58 62 50 53 52 66 27 13 8 22 25 15 83 88 92 86 99 98 79 72 113 112 106 96 50 50 40 27 29 55 38 103 92 80 80 106 108 109 113 64 69 55 98 114 70 44 9 8 10 33 16 49 38 38 34 39 58 46 17 36 46 50 23 27 33 28 13 -9999 44 64 37 42 42 35 -9999 -9999 -9999 -9999 -9999 -9999 -9999
68 52 65 45 27 46 14 36 8 8 21 3 45 48 83 85 85 98 102 118 100 101 85 62 60 25 30 33 30 33 53 35 78 82 94 93 84 90 65 63 76 86 88 79 102 62 75 23 4 4 22 24 10 5 18 16 28 10 46 72 31 43 41 42 49 43 42 51 20 -9999 47 26 38 40 34 60 27 -9999 -9999 -9999 -9999 -9999 -9999
48 53 34 19 20 11 15 22 21 21 19 26 77 75 106 115 119 104 104 111 83 54 65 41 52 34 33 26 27 31 48 66 80 93 94 93 81 94 49 39 45 45 99 71 83 113 76 33 32 33 25 26 6 13 6 18 26 5 10 32 44 40 34 30 37 39 32 47 14 -9999 35 34 41 43 42 42 26 -9999 -9999 -9999 -9999 -9999 -9999
52 21 3 21 15 21 29 30 5 18 73 82 97 98 101 99 98 68 90 60 63 46 40 36 35 48 37 28 34 38 37 66 84 92 92 97 99 48 37 18 55 55 47 72 99 43 51 96 40 58 54 35 5 6 6 28 34 33 39 32 22 43 35 53 90 59 54 45 26 -9999 21 58 33 37 45 29 33 -9999 -9999 -9999 -9999 -9999 -9999
28 29 30 29 21 21 21 20 28 31 98 103 102 103 92 85 67 57 55 55 50 39 36 40 42 44 42 49 43 58 47 74 79 79 92 99 101 57 24 39 66 44 67 56 66 36 38 64 41 38 28 35 31 31 37 28 24 15 36 8 26 42 58 43 46 49 44 31 31 -9999 25 32 20 34 34 38 23 -9999 -9999 -9999 -9999 -9999 -9999
40 41 32 33 15 6 6 15 24 74 105 87 83 71 64 45 44 22 19 19 20 30 29 30 31 47 50 63 42 40 58 54 89 92 99 98 57 48 26 45 54 64 56 47 50 38 29 35 52 41 35 28 32 30 24 19 29 16 7 39 12 60 61 36 46 64 44 52 23 38 39 32 22 36 30 26 28 -9999 -9999 -9999 -9999 -9999 -9999
55 53 39 28 12 6 10 25 42 46 57 67 67 69 74 43 37 50 28 33 39 57 54 42 47 73 60 60 73 54 37 40 85 82 100 94 53 43 31 42 56 41 44 34 37 40 33 41 17 29 40 30 15 30 43 30 33 41 5 50 27 48 40 48 40 38 58 47 29 17 23 29 24 54 36 -9999 -9999 -9999 -9999 -9999 -9999 -9999 -9999
116 105 56 23 22 8 27 33 66 60 81 44 25 29 36 43 68 74 46 62 65 66 47 64 61 37 48 49 77 43 30 48 75 93 113 116 60 70 35 43 35 42 30 46 31 37 46 23 15 18 34 46 28 26 48 43 18 37 6 26 42 49 56 37 36 31 37 22 -9999 18 21 -9999 -9999 -9999 -9999 -9999 -9999 -9999 -9999 -9999 -9999 -9999 -9999
121 99 74 32 13 18 29 24 75 83 50 49 32 38 37 41 42 27 44 40 40 51 71 55 54 48 52 39 48 31 42 33 57 84 95 127 76 47 54 34 37 36 23 39 66 60 52 35 21 31 25 35 37 29 43 32 9 18 32 15 35 39 84 91 46 31 52 32 -9999 -9999 -9999 -9999 -9999 -9999 -9999 -9999 -9999 -9999 -9999 -9999 -9999 -9999 -9999
-9999 123 38 22 30 30 38 29 33 42 25 27 54 18 31 48 42 46 28 26 28 59 28 35 50 73 60 58 35 38 38 32 34 83 151 94 41 54 65 39 38 30 40 49 43 37 63 31 49 41 18 19 16 19 11 50 36 3 17 28 28 47 11 20 22 -9999 -9999 -9999 -9999 -9999 -9999 -9999 -9999 -9999 -9999 -9999 -9999 -9999 -9999 -9999 -9999 -9999 -9999
-9999 89 45 39 28 36 46 41 26 55 39 33 22 22 32 38 34 26 35 32 23 29 24 14 48 57 38 38 41 44 47 33 34 67 113 69 66 47 44 25 54 53 48 35 41 65 55 37 39 42 54 93 96 69 65 29 35 18 16 36 33 46 17 -9999 -9999 -9999 -9999 -9999 -9999 -9999 -9999 -9999 -9999 -9999 -9999 -9999 -9999 -9999 -9999 -9999 -9999 -9999 -9999
-9999 -9999 -9999 45 70 34 45 37 38 38 37 22 22 31 26 40 39 23 32 26 33 38 22 4 7 21 33 44 29 59 53 36 36 39 104 111 65 54 24 35 41 46 49 36 49 40 37 44 79 81 67 26 66 110 104 27 26 15 19 20 -9999 -9999 -9999 -9999 -9999 -9999 -9999 -9999 -9999 -9999 -9999 -9999 -9999 -9999 -9999 -9999 -9999 -9999 -9999 -9999 -9999 -9999 -9999
-9999 -9999 -9999 38 25 37 34 32 31 31 24 13 24 53 29 24 36 37 36 79 107 59 46 5 5 19 23 37 37 48 47 49 24 51 115 104 51 69 31 49 29 42 45 41 57 55 50 45 68 37 36 61 74 111 98 80 49 -9999 -9999 -9999 -9999 -9999 -9999 -9999 -9999 -9999 -9999 -9999 -9999 -9999 -9999 -9999 -9999 -9999 -9999 -9999 -9999 -9999 -9999 -9999 -9999 -9999 -9999
-9999 -9999 -9999 -9999 35 37 24 25 22 13 23 12 23 45 34 34 51 90 99 96 104 73 64 46 6 10 19 34 34 61 36 36 27 65 88 106 38 58 41 46 33 42 37 39 33 41 57 67 55 51 48 77 82 99 -9999 -9999 -9999 -9999 -9999 -9999 -9999 -9999 -9999 -9999 -9999 -9999 -9999 -9999 -9999 -9999 -9999 -9999 -9999 -9999 -9999 -9999 -9999 -9999 -9999 -9999 -9999 -9999 -9999
-9999 -9999 -9999 48 31 44 26 23 21 17 23 36 35 35 28 46 44 43 102 115 109 76 93 37 18 13 28 43 54 48 34 34 38 58 82 51 64 48 43 39 39 31 36 38 41 51 38 61 34 59 38 -9999 -9999 -9999 -9999 -9999 -9999 -9999 -9999 -9999 -9999 -9999 -9999 -9999 -9999 -9999 -9999 -9999 -9999 -9999 -9999 -9999 -9999 -9999 -9999 -9999 -9999 -9999 -9999 -9999 -9999 -9999 -9999
-9999 -9999 -9999 46 46 26 25 18 11 21 25 25 50 37 55 38 49 84 94 105 95 92 98 88 65 49 61 43 59 82 57 35 55 70 52 90 43 39 48 42 35 31 31 36 28 35 45 68 -9999 -9999 -9999 -9999 -9999 -9999 -9999 -9999 -9999 -9999 -9999 -9999 -9999 -9999 -9999 -9999 -9999 -9999 -9999 -9999 -9999 -9999 -9999 -9999 -9999 -9999 -9999 -9999 -9999 -9999 -9999 -9999 -9999 -9999 -9999
