slauniainen/Data/VMI/vihti_koivu.asc
ncols         196
nrows         178
xllcorner     353680
yllcorner     6699024
cellsize      16
NODATA_value  -9999
[rows 74 to 110 of 178, columns 84 to 167 of 196]
34 82 118 130 123 34 55 65 82 62 50 30 34 2 16 23 18 6 5 25 43 17 17 6 39 57 29 29 17 -9999 44 57 40 5 49 66 26 68 22 -9999 -9999 -9999 -9999 -9999 -9999 -9999 -9999 -9999 -9999 -9999 -9999 -9999 -9999 -9999 -9999 -9999 -9999 -9999 -9999 -9999 -9999 -9999 -9999 -9999 -9999 -9999 -9999 -9999 -9999 62 35 14 49 39 49 15 44 32 53 2 -9999 -9999 0 33
44 42 112 138 149 92 56 30 96 61 25 16 25 36 2 14 10 2 17 20 88 18 26 34 0 4 10 38 34 -9999 55 43 48 6 15 14 11 24 48 30 -9999 -9999 -9999 -9999 -9999 -9999 -9999 -9999 -9999 -9999 -9999 -9999 -9999 -9999 -9999 -9999 -9999 -9999 -9999 -9999 -9999 -9999 -9999 -9999 -9999 -9999 -9999 -9999 -9999 -9999 37 57 18 35 32 21 43 26 -9999 0 -9999 -9999 -9999 -9999
27 33 33 38 19 61 124 49 78 111 79 12 14 0 7 10 9 0 0 9 5 12 0 0 6 27 21 21 20 42 -9999 -9999 -9999 6 10 0 9 0 7 67 14 21 -9999 -9999 -9999 -9999 25 42 -9999 -9999 -9999 -9999 -9999 -9999 -9999 -9999 -9999 7 23 -9999 -9999 -9999 -9999 -9999 -9999 -9999 13 82 38 20 23 21 27 40 40 52 4 38 30 -9999 -9999 -9999 -9999 -9999
35 27 4 5 5 121 46 72 88 73 55 58 17 2 0 4 55 0 0 0 5 0 0 0 14 0 0 0 6 52 21 6 0 32 -9999 -9999 -9999 -9999 11 21 24 15 6 -9999 16 61 10 7 -9999 -9999 -9999 -9999 -9999 -9999 -9999 57 11 37 49 10 29 48 52 3 4 0 10 44 11 60 36 25 11 21 38 40 24 19 -9999 -9999 -9999 -9999 -9999 -9999
22 13 23 24 29 42 23 44 70 23 26 111 49 26 2 0 0 0 0 0 14 0 5 5 2 0 0 0 6 27 27 29 17 35 2 -9999 -9999 -9999 2 12 24 0 11 18 52 31 7 5 5 6 35 -9999 -9999 -9999 53 38 19 34 28 0 29 66 75 2 16 23 16 44 13 18 39 17 35 25 37 28 18 -9999 -9999 -9999 -9999 -9999 -9999 -9999
61 32 120 57 73 91 54 85 23 39 84 81 31 14 0 0 2 0 0 0 0 0 5 13 0 0 0 0 8 25 16 0 34 4 32 0 -9999 -9999 0 12 18 4 32 12 24 4 7 7 4 6 7 17 7 50 31 66 26 68 9 64 0 3 18 17 4 5 39 27 11 18 4 9 16 19 22 39 22 -9999 16 -9999 -9999 -9999 -9999 -9999
99 37 81 69 105 71 72 103 130 96 90 70 155 23 23 0 0 0 0 0 0 0 0 0 0 0 21 21 33 35 26 0 15 18 2 3 0 0 0 0 5 14 27 24 5 4 5 6 6 5 12 17 30 43 21 72 57 66 35 5 43 9 31 41 7 8 43 12 12 15 16 20 36 30 11 33 39 69 -9999 -9999 -9999 -9999 -9999 -9999
44 52 29 106 73 94 75 68 106 121 106 81 66 49 7 4 40 73 20 21 23 22 12 12 29 20 27 21 27 66 29 12 25 38 11 17 4 31 -9999 0 0 16 22 14 38 4 5 6 13 9 27 13 12 8 0 5 41 7 42 44 45 48 13 24 34 54 12 14 36 0 6 16 6 16 6 -9999 -9999 92 -9999 -9999 -9999 -9999 -9999 -9999
31 78 57 13 91 60 75 71 70 105 117 70 21 57 30 94 0 12 23 12 18 4 16 23 46 23 46 29 56 48 35 12 32 24 16 42 20 1 28 -9999 0 17 0 4 31 7 8 5 5 12 19 18 13 -9999 -9999 -9999 14 40 31 17 16 24 25 10 0 6 33 41 38 33 4 12 19 -9999 -9999 -9999 -9999 -9999 0 -9999 -9999 -9999 -9999 -9999
27 13 16 45 9 61 75 61 94 106 88 76 32 70 35 29 25 3 27 46 36 8 6 139 37 37 38 31 33 31 35 12 10 16 20 5 7 12 17 0 -9999 10 3 31 53 66 52 25 9 19 45 26 -9999 -9999 -9999 -9999 13 22 38 18 15 12 30 51 57 40 60 47 42 51 7 57 79 0 -9999 -9999 -9999 -9999 0 -9999 -9999 -9999 -9999 -9999
-9999 -9999 9 11 37 60 72 37 106 112 119 142 81 61 90 102 54 119 7 53 70 77 1 3 31 18 67 19 0 12 10 23 55 32 3 5 5 0 22 19 -9999 25 7 32 40 22 44 4 17 13 24 19 -9999 -9999 -9999 -9999 -9999 30 38 22 54 35 20 16 5 49 63 48 36 54 50 25 8 0 -9999 -9999 -9999 0 -9999 -9999 -9999 -9999 -9999 -9999
-9999 -9999 -9999 -9999 -9999 89 83 86 132 96 94 86 88 138 110 92 87 83 100 72 19 26 0 0 2 -9999 -9999 -9999 -9999 -9999 2 29 19 7 58 8 0 6 8 0 30 -9999 12 22 44 5 0 -9999 8 30 37 -9999 -9999 15 11 -9999 -9999 26 47 12 51 47 45 6 33 49 53 65 34 55 85 4 0 -9999 0 -9999 0 -9999 -9999 -9999 -9999 -9999 -9999 -9999
-9999 -9999 -9999 -9999 -9999 94 83 106 126 34 77 91 86 112 109 70 69 92 42 76 57 12 10 54 4 32 -9999 -9999 -9999 -9999 -9999 2 0 0 0 7 57 37 39 0 15 30 5 13 0 -9999 -9999 -9999 24 14 41 -9999 15 13 8 -9999 -9999 -9999 37 28 57 57 47 52 54 52 51 62 69 5 19 -9999 -9999 -9999 -9999 -9999 -9999 -9999 -9999 -9999 -9999 -9999 -9999 -9999
-9999 -9999 -9999 -9999 -9999 112 81 66 125 27 30 30 86 123 76 60 82 110 33 11 17 68 14 10 65 18 4 56 2 0 2 2 0 0 6 0 0 0 0 6 19 29 -9999 15 14 -9999 -9999 -9999 -9999 8 25 50 49 38 59 57 -9999 -9999 0 12 31 51 44 61 50 18 45 -9999 -9999 -9999 13 -9999 -9999 -9999 0 -9999 -9999 -9999 -9999 -9999 -9999 -9999 -9999 -9999
-9999 -9999 -9999 -9999 39 89 73 67 94 40 36 27 39 102 119 83 137 66 30 28 12 9 13 100 36 32 39 11 5 11 13 0 10 43 13 23 0 0 25 7 0 15 -9999 16 2 -9999 -9999 -9999 -9999 -9999 35 13 17 27 45 50 22 34 -9999 -9999 0 34 63 54 70 69 71 -9999 -9999 -9999 -9999 -9999 -9999 -9999 8 -9999 -9999 -9999 -9999 -9999 -9999 -9999 -9999 -9999
-9999 -9999 -9999 -9999 12 50 63 81 63 30 16 10 24 81 74 82 139 39 18 18 22 22 12 62 85 75 24 18 26 5 10 2 44 75 24 7 8 0 0 0 0 1 15 21 2 3 -9999 -9999 -9999 -9999 7 -9999 -9999 0 0 41 0 -9999 -9999 -9999 -9999 33 3 83 35 22 31 -9999 -9999 -9999 -9999 -9999 -9999 94 49 -9999 -9999 -9999 -9999 -9999 -9999 -9999 -9999 -9999
-9999 -9999 -9999 -9999 0 11 63 90 63 39 10 4 3 54 56 79 83 29 17 30 15 11 49 21 65 14 18 20 59 2 3 0 9 15 45 43 41 7 0 13 7 3 7 -9999 0 34 -9999 -9999 -9999 -9999 -9999 -9999 -9999 -9999 0 0 -9999 -9999 -9999 -9999 -9999 -9999 -9999 -9999 6 28 70 6 -9999 -9999 -9999 -9999 53 -9999 55 24 -9999 -9999 -9999 -9999 -9999 -9999 -9999 -9999
-9999 -9999 -9999 -9999 -9999 2 39 79 50 62 14 10 3 14 65 71 80 121 21 27 6 14 45 14 32 31 87 77 17 13 3 0 0 0 34 51 28 6 14 5 0 58 63 46 49 26 9 -9999 -9999 -9999 -9999 -9999 -9999 -9999 -9999 -9999 -9999 -9999 -9999 -9999 -9999 -9999 -9999 -9999 -9999 -9999 0 0 -9999 -9999 -9999 7 89 -9999 -9999 -9999 -9999 -9999 -9999 -9999 -9999 -9999 -9999 -9999
-9999 -9999 -9999 -9999 -9999 -9999 44 62 50 19 41 0 1 6 34 59 85 119 26 65 9 8 11 14 50 52 32 9 19 16 0 0 0 31 17 10 15 20 2 7 12 85 74 94 -9999 64 8 -9999 -9999 -9999 -9999 -9999 -9999 -9999 -9999 -9999 -9999 -9999 -9999 -9999 -9999 -9999 -9999 -9999 -9999 -9999 -9999 -9999 -9999 31 -9999 0 2 18 -9999 -9999 -9999 -9999 -9999 -9999 -9999 -9999 -9999 -9999
-9999 -9999 -9999 -9999 -9999 -9999 61 58 33 23 20 18 28 0 13 101 76 126 45 16 40 11 8 17 9 6 11 12 37 0 0 0 11 18 0 0 11 0 0 11 7 47 27 78 78 -9999 10 -9999 -9999 -9999 -9999 -9999 -9999 -9999 -9999 -9999 -9999 -9999 -9999 -9999 -9999 -9999 -9999 -9999 -9999 -9999 -9999 -9999 -9999 -9999 0 -9999 0 4 -9999 -9999 -9999 -9999 -9999 -9999 -9999 -9999 -9999 -9999
-9999 -9999 -9999 -9999 -9999 107 46 4 2 0 0 0 0 27 1 36 69 131 172 72 4 6 17 3 12 0 19 19 6 27 0 0 0 1 12 11 0 0 0 29 41 19 79 49 41 70 -9999 -9999 -9999 -9999 -9999 -9999 -9999 -9999 -9999 -9999 -9999 -9999 -9999 -9999 -9999 -9999 -9999 -9999 -9999 -9999 -9999 -9999 -9999 -9999 -9999 -9999 -9999 -9999 -9999 -9999 -9999 -9999 -9999 -9999 -9999 -9999 -9999 -9999
-9999 -9999 -9999 -9999 72 71 38 1 15 0 0 0 0 4 27 9 92 100 141 78 32 11 3 10 7 8 3 9 2 14 0 0 0 1 0 0 0 12 0 4 11 2 62 67 33 41 36 13 -9999 -9999 -9999 -9999 -9999 -9999 -9999 -9999 -9999 -9999 -9999 -9999 -9999 -9999 -9999 -9999 -9999 -9999 -9999 -9999 -9999 -9999 -9999 -9999 -9999 -9999 -9999 -9999 -9999 -9999 -9999 -9999 -9999 -9999 -9999 -9999
-9999 -9999 -9999 84 58 33 2 0 0 0 0 0 0 0 12 24 15 72 87 86 39 0 5 15 2 23 2 3 30 25 19 13 21 12 24 16 11 13 36 20 23 30 34 201 75 132 103 -9999 -9999 -9999 -9999 -9999 -9999 -9999 -9999 -9999 -9999 -9999 -9999 -9999 -9999 -9999 -9999 -9999 -9999 -9999 -9999 -9999 -9999 -9999 -9999 -9999 -9999 -9999 -9999 -9999 -9999 -9999 -9999 -9999 -9999 -9999 -9999 -9999
-9999 52 119 66 49 3 14 0 0 0 0 0 0 0 0 32 6 49 82 88 38 26 27 21 6 56 38 47 26 60 18 11 26 92 74 51 54 33 39 15 4 14 25 49 121 101 171 152 -9999 -9999 -9999 -9999 -9999 -9999 -9999 -9999 -9999 -9999 -9999 -9999 -9999 -9999 -9999 -9999 -9999 -9999 -9999 -9999 -9999 -9999 -9999 -9999 -9999 -9999 -9999 -9999 -9999 -9999 -9999 -9999 -9999 -9999 -9999 -9999
114 93 72 39 3 14 0 0 0 0 0 0 0 0 0 18 28 23 43 75 61 32 28 23 50 46 16 72 35 56 68 61 21 15 16 17 18 59 33 1 2 2 12 36 136 101 190 118 46 -9999 -9999 -9999 -9999 -9999 -9999 -9999 -9999 -9999 -9999 -9999 -9999 -9999 -9999 -9999 -9999 -9999 -9999 -9999 -9999 -9999 -9999 -9999 -9999 -9999 -9999 -9999 -9999 -9999 -9999 -9999 -9999 -9999 -9999 -9999
92 57 56 15 1 19 0 0 0 0 0 0 0 0 0 19 0 9 39 42 117 48 21 46 76 65 18 38 19 42 23 71 52 48 26 79 64 71 45 12 12 10 12 36 104 125 165 42 21 30 -9999 -9999 -9999 -9999 -9999 -9999 -9999 -9999 -9999 -9999 -9999 -9999 -9999 -9999 -9999 -9999 -9999 -9999 -9999 -9999 -9999 -9999 -9999 -9999 -9999 -9999 -9999 -9999 -9999 -9999 -9999 -9999 -9999 -9999
64 59 13 2 2 0 0 0 0 3 12 10 0 0 0 3 31 34 13 51 94 36 37 72 85 69 43 15 33 37 84 40 51 56 89 115 115 120 104 80 21 28 24 37 65 81 53 61 70 49 26 -9999 -9999 -9999 -9999 -9999 -9999 -9999 -9999 -9999 -9999 -9999 -9999 -9999 -9999 -9999 -9999 -9999 -9999 -9999 -9999 -9999 -9999 -9999 -9999 -9999 -9999 -9999 -9999 -9999 -9999 -9999 -9999 -9999
36 40 3 0 16 0 0 0 4 19 9 19 10 0 0 0 10 32 31 60 84 94 24 43 51 84 63 27 27 27 57 47 72 94 99 82 99 94 74 116 96 35 23 34 49 53 76 51 40 28 47 94 -9999 -9999 -9999 -9999 -9999 -9999 -9999 -9999 -9999 -9999 -9999 -9999 -9999 -9999 -9999 -9999 -9999 -9999 -9999 -9999 -9999 -9999 -9999 -9999 -9999 -9999 -9999 -9999 -9999 -9999 -9999 -9999
16 66 3 19 0 0 0 0 19 12 13 19 12 0 0 0 0 4 32 36 14 51 71 62 44 61 73 59 48 79 83 104 91 53 74 60 70 78 49 81 95 120 49 54 71 35 19 17 31 44 20 8 57 -9999 -9999 -9999 -9999 -9999 -9999 -9999 -9999 -9999 -9999 -9999 -9999 -9999 -9999 -9999 -9999 -9999 -9999 -9999 -9999 -9999 -9999 -9999 -9999 -9999 -9999 -9999 -9999 -9999 -9999 -9999
17 66 1 12 0 0 0 0 12 19 11 4 3 0 0 0 0 0 12 14 19 31 10 37 93 20 160 48 56 104 92 72 53 48 48 65 65 87 66 75 78 109 126 94 35 20 28 28 23 35 36 15 18 47 -9999 -9999 -9999 -9999 -9999 -9999 -9999 -9999 -9999 -9999 -9999 -9999 -9999 -9999 -9999 -9999 -9999 -9999 -9999 -9999 -9999 -9999 -9999 -9999 -9999 -9999 -9999 -9999 -9999 -9999
27 58 9 11 0 0 0 0 12 13 11 0 0 0 0 0 0 0 0 0 0 0 11 26 30 34 73 81 82 84 82 73 71 68 76 83 45 78 65 94 121 74 86 101 127 89 49 43 16 27 70 20 64 28 -9999 -9999 -9999 -9999 -9999 -9999 -9999 -9999 -9999 -9999 -9999 -9999 -9999 -9999 -9999 -9999 -9999 -9999 -9999 -9999 -9999 -9999 -9999 -9999 -9999 33 -9999 -9999 -9999 -9999
39 57 3 14 0 0 0 0 3 18 12 0 0 0 0 0 0 0 0 0 0 0 0 19 34 11 45 62 66 64 63 83 92 116 111 90 133 130 76 83 97 118 92 117 94 95 88 118 28 30 59 13 69 48 56 -9999 -9999 -9999 -9999 -9999 -9999 -9999 -9999 -9999 -9999 -9999 -9999 -9999 -9999 -9999 -9999 -9999 -9999 -9999 -9999 -9999 -9999 -9999 -9999 143 47 7 15 9
36 54 15 46 19 0 0 0 0 0 0 0 0 0 0 0 0 0 0 0 0 0 0 0 14 31 10 2 4 4 15 18 59 66 80 97 82 97 86 107 106 85 86 100 92 89 100 94 96 94 93 80 20 49 26 14 -9999 -9999 -9999 -9999 -9999 -9999 -9999 -9999 -9999 -9999 -9999 -9999 -9999 -9999 -9999 -9999 -9999 -9999 -9999 -9999 -9999 -9999 -9999 59 107 24 7 10
53 70 43 14 23 0 0 0 0 0 0 0 0 0 0 0 0 0 0 0 0 0 0 0 0 0 20 19 15 30 24 10 14 16 36 53 57 81 115 84 83 35 56 74 60 59 63 62 59 33 32 42 53 32 40 17 9 -9999 -9999 -9999 -9999 -9999 -9999 -9999 -9999 -9999 -9999 -9999 -9999 -9999 -9999 -9999 -9999 -9999 -9999 -9999 -9999 -9999 -9999 -9999 8 6 31 80
69 93 45 1 1 19 0 0 0 0 4 9 0 0 0 0 0 0 0 0 0 0 0 0 0 0 0 0 0 0 21 10 24 1 1 3 15 16 44 63 62 62 63 61 61 62 63 48 31 45 60 66 71 111 105 114 64 38 -9999 -9999 -9999 -9999 -9999 -9999 -9999 -9999 -9999 -9999 -9999 -9999 -9999 -9999 -9999 -9999 -9999 -9999 -9999 -9999 -9999 8 31 62 34 44
66 77 49 63 67 39 10 12 12 31 3 26 0 0 0 0 0 0 0 0 0 0 0 0 0 0 0 0 0 0 0 13 19 16 14 13 12 0 2 16 25 41 52 46 40 34 36 49 50 50 60 82 116 112 100 78 59 98 139 0 -9999 -9999 -9999 -9999 -9999 -9999 -9999 -9999 -9999 -9999 -9999 -9999 -9999 -9999 -9999 -9999 -9999 25 3 5 63 33 10 32
97 118 133 93 101 46 23 42 30 0 4 13 0 0 0 0 0 0 0 0 0 0 0 0 0 0 0 0 0 0 0 0 14 14 12 0 0 14 0 4 65 145 142 77 3 1 3 14 32 43 28 44 64 105 94 84 79 80 89 -9999 -9999 -9999 -9999 -9999 -9999 -9999 -9999 -9999 -9999 -9999 -9999 -9999 -9999 -9999 -9999 -9999 -9999 20 6 7 58 21 29 27
