slauniainen/Data/VMI/vihti_ppa.asc
ncols         196
nrows         178
xllcorner     353680
yllcorner     6699024
cellsize      16
NODATA_value  -9999
[rows 111 to 147 of 178, columns 84 to 167 of 196]
30 27 30 32 31 26 26 27 22 12 17 14 3 2 1 1 1 1 1 1 1 1 1 1 1 1 1 1 1 1 2 2 2 2 2 3 2 7 11 20 22 27 31 26 15 2 2 8 13 18 14 14 13 15 15 13 9 23 19 26 -9999 -9999 -9999 -9999 -9999 -9999 -9999 -9999 -9999 -9999 -9999 -9999 -9999 -9999 -9999 -9999 18 8 0 0 12 9 9 9
22 24 22 21 20 24 23 27 23 24 14 12 3 2 2 2 1 1 1 1 1 1 1 1 1 1 1 1 1 1 1 1 1 2 2 3 3 14 12 20 19 31 21 22 14 1 2 2 8 13 14 14 13 14 9 8 24 15 25 23 26 -9999 -9999 -9999 -9999 -9999 -9999 -9999 -9999 -9999 -9999 -9999 -9999 -9999 -9999 -9999 -9999 9 0 0 12 14 8 12
21 23 25 22 23 23 29 32 26 27 20 11 4 2 2 2 1 1 1 1 1 1 1 1 1 1 1 1 1 1 1 1 1 2 2 12 13 9 15 25 26 23 23 22 23 3 2 6 3 11 21 23 21 19 18 23 17 25 21 24 25 26 -9999 -9999 -9999 -9999 -9999 -9999 -9999 -9999 -9999 -9999 -9999 -9999 -9999 12 13 6 7 12 13 12 12 12
23 25 31 25 25 25 26 29 20 19 25 14 9 2 2 2 1 1 1 1 1 1 1 1 1 1 1 1 1 1 1 1 1 2 3 15 9 17 24 24 24 19 20 20 22 18 12 8 3 14 19 25 21 23 26 24 17 25 22 22 28 24 22 -9999 -9999 -9999 -9999 -9999 -9999 -9999 -9999 -9999 -9999 -9999 -9999 19 7 1 7 13 13 15 10 13
28 28 28 30 27 27 26 24 22 16 19 16 9 2 2 1 1 1 1 2 1 1 1 1 1 1 1 1 1 1 2 2 3 3 14 14 21 19 24 22 24 23 21 25 31 20 22 25 18 17 23 22 24 29 18 21 19 25 26 28 24 23 22 24 -9999 -9999 -9999 -9999 -9999 -9999 -9999 -9999 -9999 -9999 11 9 7 1 12 22 19 21 8 6
25 27 24 24 30 29 25 24 27 18 16 13 13 2 1 1 1 1 1 1 1 1 1 1 1 1 1 1 1 1 2 2 9 12 20 26 21 24 28 27 25 30 25 27 24 24 25 24 21 18 25 29 27 27 23 22 20 30 28 28 27 24 25 22 23 -9999 -9999 -9999 -9999 -9999 -9999 -9999 -9999 -9999 9 12 1 0 12 18 19 14 13 14
27 28 29 27 28 25 26 22 21 15 24 13 10 2 1 1 1 0 1 1 1 1 1 2 1 1 1 1 1 1 3 12 15 28 24 26 25 28 26 26 22 20 18 22 18 22 17 21 27 28 27 17 25 26 20 20 22 27 29 24 24 24 28 30 26 -9999 -9999 -9999 -9999 -9999 -9999 -9999 -9999 8 12 10 1 13 19 27 19 13 13 7
27 25 29 29 28 25 23 27 21 20 21 16 13 2 1 1 1 0 1 1 1 1 1 1 1 1 0 1 1 1 3 5 23 23 23 27 21 23 19 19 15 21 24 23 20 13 12 11 18 21 25 19 22 17 11 18 24 24 25 29 29 28 28 22 22 10 -9999 7 -9999 -9999 -9999 7 9 8 7 1 11 8 7 14 16 21 12 13
22 22 26 29 29 26 25 27 31 19 20 23 9 2 2 1 0 0 1 1 1 1 1 1 1 1 1 1 1 2 9 14 25 23 23 21 21 24 22 22 20 21 21 20 18 17 17 16 19 13 22 11 13 15 19 16 25 25 17 23 19 22 26 16 15 11 4 4 7 7 13 10 12 5 7 14 12 12 5 14 15 8 11 -9999
21 21 25 25 29 28 25 29 27 27 24 16 17 12 1 1 0 0 1 1 1 1 1 1 1 1 1 1 1 3 12 17 26 21 21 24 23 16 10 14 16 21 20 19 19 19 19 19 19 20 26 22 9 9 8 19 17 15 15 18 18 17 18 11 15 3 4 7 10 7 12 5 1 11 21 27 13 11 8 14 20 15 -9999 -9999
16 19 21 25 27 31 26 24 31 28 14 14 18 7 3 1 0 0 0 1 1 1 1 1 1 1 0 1 1 3 8 23 21 21 20 23 17 14 12 14 16 20 19 19 20 12 11 17 19 19 24 22 5 9 20 16 13 22 18 20 17 20 18 17 17 6 10 3 13 14 7 9 9 28 23 25 26 17 12 14 15 -9999 -9999 -9999
14 21 24 26 26 26 27 28 31 19 11 12 18 11 2 1 0 0 0 0 1 1 1 1 1 1 0 0 1 3 8 29 23 21 23 18 17 15 9 13 17 21 21 20 10 8 9 7 11 17 21 20 20 6 11 10 13 6 11 11 12 11 15 16 16 12 -9999 7 10 21 20 26 28 21 17 22 22 9 14 15 -9999 -9999 -9999 -9999
19 21 24 25 24 21 22 23 27 19 11 10 16 10 2 1 1 0 0 0 0 0 0 0 0 0 0 0 1 2 10 24 25 23 16 16 24 24 22 22 22 24 20 16 6 6 6 6 9 9 18 17 23 15 8 1 10 13 28 26 28 22 20 15 15 15 7 9 6 21 24 23 24 18 18 22 3 15 12 -9999 -9999 -9999 -9999 -9999
25 26 22 23 23 20 20 30 26 18 16 9 5 3 1 1 1 0 0 0 0 0 0 0 0 0 0 0 3 12 21 21 22 23 18 15 23 25 24 25 22 20 23 21 11 7 10 5 4 6 17 19 19 27 9 9 11 25 22 22 18 20 29 24 23 15 5 14 14 26 24 19 21 25 16 9 4 14 12 -9999 -9999 -9999 -9999 -9999
24 22 24 21 22 18 23 27 26 19 12 10 13 8 2 2 1 0 0 0 0 0 0 0 0 0 0 1 6 10 30 21 21 22 23 22 22 20 21 26 27 28 26 24 11 8 12 7 7 16 23 14 23 26 14 14 9 22 21 24 22 20 23 21 21 15 14 15 20 22 25 17 14 23 22 5 13 13 -9999 -9999 -9999 -9999 -9999 -9999
22 20 25 23 23 22 23 24 28 18 17 10 13 8 2 3 1 1 0 0 0 0 0 0 1 1 1 1 13 23 23 17 25 20 23 25 25 13 19 16 16 15 19 28 8 7 1 8 14 16 18 21 20 26 10 13 14 15 11 12 24 19 24 26 26 19 15 -9999 21 19 19 15 15 21 24 14 18 -9999 -9999 -9999 -9999 -9999 -9999 -9999
25 27 19 23 26 28 21 29 21 17 16 10 14 19 12 5 1 1 0 0 0 0 0 1 1 1 1 1 13 22 21 19 25 22 25 8 6 8 6 11 23 25 19 22 3 1 1 4 9 16 18 18 26 13 13 12 8 13 2 8 25 23 21 24 26 22 10 -9999 13 21 22 18 14 26 22 25 -9999 -9999 -9999 -9999 -9999 -9999 -9999 -9999
24 23 28 27 27 24 26 26 19 15 16 18 18 28 25 12 6 3 1 0 0 0 0 0 1 1 1 1 11 16 10 22 27 27 13 8 9 9 5 28 25 22 22 26 2 2 10 5 16 18 19 17 16 3 10 14 8 13 11 17 23 19 22 24 27 25 9 -9999 5 27 19 21 22 26 26 -9999 -9999 -9999 -9999 -9999 -9999 -9999 -9999 -9999
28 22 20 24 23 27 29 30 20 21 20 18 20 18 30 19 15 6 1 1 0 0 0 0 0 0 1 1 12 17 10 22 28 26 19 11 14 21 24 24 22 19 24 17 10 8 19 21 16 17 23 21 18 5 11 3 16 12 17 27 24 28 28 28 28 22 9 -9999 11 14 25 23 24 22 24 -9999 -9999 -9999 -9999 -9999 -9999 -9999 -9999 -9999
28 28 29 29 30 27 30 31 22 14 20 24 17 23 22 27 24 16 8 4 2 1 1 1 1 1 1 1 19 13 23 28 21 24 26 22 20 23 22 16 14 20 23 16 14 15 19 16 17 21 19 18 18 5 10 6 9 7 12 7 27 27 14 8 16 21 15 10 14 25 27 23 26 21 19 -9999 -9999 -9999 -9999 -9999 -9999 -9999 -9999 -9999
29 29 31 29 30 27 26 24 17 8 12 6 4 20 27 27 21 23 13 12 13 12 9 1 1 1 1 1 15 13 29 20 24 21 21 19 16 18 20 22 20 22 20 20 13 10 8 2 3 14 20 18 23 1 10 10 6 3 9 6 21 12 12 4 3 14 15 14 10 21 21 18 20 21 18 -9999 -9999 -9999 -9999 -9999 -9999 -9999 -9999 -9999
28 27 32 19 19 25 27 5 6 1 8 10 9 23 20 20 15 18 18 19 23 19 19 25 26 1 1 15 11 21 25 22 25 24 20 20 23 23 23 20 22 20 19 18 15 11 3 2 2 3 6 6 11 5 7 6 6 11 4 8 16 23 18 9 11 16 13 5 -9999 16 23 23 27 26 21 -9999 -9999 -9999 -9999 -9999 -9999 -9999 -9999 -9999
24 28 21 11 22 6 14 1 1 7 0 6 21 15 12 15 20 17 13 19 17 21 25 24 15 13 14 13 25 25 21 26 21 19 16 20 23 25 21 17 18 18 17 17 17 19 3 1 2 3 3 5 4 5 5 9 5 4 10 15 13 25 24 17 24 24 25 7 -9999 20 18 16 20 26 25 18 -9999 -9999 -9999 -9999 -9999 -9999 -9999 -9999
27 13 7 7 3 3 7 7 7 3 12 21 18 18 23 23 20 22 18 14 18 21 23 25 26 23 12 18 28 19 25 20 19 16 16 19 20 19 27 22 23 24 26 25 24 21 6 10 7 4 4 4 6 4 6 9 1 3 2 9 22 18 18 19 26 19 22 6 -9999 17 13 24 22 27 20 17 -9999 -9999 -9999 -9999 -9999 -9999 -9999 -9999
7 0 7 3 7 10 10 2 6 20 15 17 19 20 23 21 23 23 20 25 23 23 20 19 22 28 22 20 25 24 23 20 17 17 19 17 23 28 10 25 24 26 20 27 18 21 16 18 14 18 13 3 4 3 10 16 7 2 2 3 21 22 22 18 25 22 17 9 -9999 6 16 12 21 16 14 12 -9999 -9999 -9999 -9999 -9999 -9999 -9999 -9999
10 10 10 7 8 6 6 7 14 15 14 11 11 12 12 20 23 22 22 25 28 25 20 20 20 20 25 27 22 27 14 14 11 17 20 21 23 12 19 23 22 25 22 26 16 19 21 17 18 11 13 11 11 13 14 9 6 7 2 5 17 22 25 23 24 23 12 21 -9999 12 22 11 13 23 16 6 -9999 -9999 -9999 -9999 -9999 -9999 -9999 -9999
16 11 12 6 1 2 8 14 22 12 23 23 22 24 27 22 13 13 14 9 13 12 19 27 25 21 22 19 22 22 22 15 16 20 12 23 18 12 22 24 25 30 22 22 15 13 16 25 20 14 13 11 10 10 7 15 6 2 8 4 15 23 29 24 21 21 22 14 18 21 17 11 12 15 15 19 -9999 -9999 -9999 -9999 -9999 -9999 -9999 -9999
25 19 8 6 1 6 7 21 20 21 23 19 23 29 27 21 20 19 25 22 21 20 24 20 18 20 21 19 22 28 26 7 15 19 13 23 20 16 25 23 24 19 16 16 16 9 8 4 12 13 12 5 10 14 11 16 15 3 10 7 17 18 24 23 15 22 19 15 10 7 11 8 15 12 -9999 -9999 -9999 -9999 -9999 -9999 -9999 -9999 -9999 -9999
26 24 9 10 6 8 16 21 22 19 19 12 14 14 17 23 19 28 24 22 18 18 26 26 26 24 21 19 17 20 22 19 7 17 10 27 21 22 24 19 19 11 16 9 15 14 3 5 4 8 15 10 4 13 21 9 13 4 9 12 17 22 17 23 22 20 17 -9999 17 17 -9999 -9999 -9999 -9999 -9999 -9999 -9999 -9999 -9999 -9999 -9999 -9999 -9999 -9999
13 20 16 3 6 11 12 21 23 25 16 22 24 22 25 25 19 24 19 19 32 22 21 23 24 19 17 22 20 22 16 23 20 13 15 23 22 20 24 20 18 13 16 20 19 14 13 2 6 6 14 14 4 11 12 7 6 12 6 12 17 21 17 25 23 20 14 -9999 -9999 -9999 -9999 -9999 -9999 -9999 -9999 -9999 -9999 -9999 -9999 -9999 -9999 -9999 -9999 -9999
10 15 9 14 21 17 11 14 25 12 19 19 7 17 24 21 21 11 9 12 29 20 14 18 27 22 18 23 18 23 15 22 17 11 20 24 21 28 23 12 15 16 24 26 23 19 13 12 8 4 7 8 3 4 16 12 1 6 9 10 14 6 9 13 -9999 -9999 -9999 -9999 -9999 -9999 -9999 -9999 -9999 -9999 -9999 -9999 -9999 -9999 -9999 -9999 -9999 -9999 -9999 -9999
16 20 24 19 24 18 22 19 22 25 19 17 16 21 21 18 8 14 10 6 15 10 7 22 19 22 22 24 18 17 20 16 22 17 18 25 23 21 11 21 22 19 18 17 17 22 11 16 20 18 17 17 20 22 8 13 8 8 13 12 14 6 -9999 -9999 -9999 -9999 -9999 -9999 -9999 -9999 -9999 -9999 -9999 -9999 -9999 -9999 -9999 -9999 -9999 -9999 -9999 -9999 -9999 -9999
-9999 -9999 21 18 16 25 22 19 19 21 17 17 21 15 19 20 15 14 16 25 5 10 2 1 16 18 21 17 24 22 17 15 22 15 21 21 21 12 12 22 19 19 17 20 19 18 22 19 22 23 15 16 20 21 8 9 8 9 9 -9999 -9999 -9999 -9999 -9999 -9999 -9999 -9999 -9999 -9999 -9999 -9999 -9999 -9999 -9999 -9999 -9999 -9999 -9999 -9999 -9999 -9999 -9999 -9999 -9999
-9999 -9999 22 16 17 15 20 20 19 13 9 14 18 21 15 17 17 23 23 14 22 9 1 2 8 8 18 21 21 20 20 11 24 17 26 27 23 11 21 17 24 22 22 23 25 25 19 16 15 21 23 18 20 12 12 11 -9999 -9999 -9999 -9999 -9999 -9999 -9999 -9999 -9999 -9999 -9999 -9999 -9999 -9999 -9999 -9999 -9999 -9999 -9999 -9999 -9999 -9999 -9999 -9999 -9999 -9999 -9999 -9999
-9999 -9999 -9999 17 15 15 15 16 7 13 4 17 19 14 16 20 23 17 13 16 18 21 5 4 2 7 19 16 23 21 15 18 23 14 26 19 22 22 17 16 24 22 21 17 22 25 26 17 19 24 27 19 19 -9999 -9999 -9999 -9999 -9999 -9999 -9999 -9999 -9999 -9999 -9999 -9999 -9999 -9999 -9999 -9999 -9999 -9999 -9999 -9999 -9999 -9999 -9999 -9999 -9999 -9999 -9999 -9999 -9999 -9999 -9999
-9999 -9999 9 13 24 15 15 16 13 13 19 18 16 18 23 22 23 25 22 23 22 20 23 5 5 13 16 25 20 21 23 26 20 18 25 25 21 21 16 17 17 23 24 22 21 19 28 19 20 20 -9999 -9999 -9999 -9999 -9999 -9999 -9999 -9999 -9999 -9999 -9999 -9999 -9999 -9999 -9999 -9999 -9999 -9999 -9999 -9999 -9999 -9999 -9999 -9999 -9999 -9999 -9999 -9999 -9999 -9999 -9999 -9999 -9999 -9999
-9999 -9999 21 21 10 14 12 3 8 19 16 19 23 24 22 22 24 15 18 22 20 12 18 21 25 21 21 22 23 23 16 22 21 18 25 21 25 21 22 20 17 17 19 16 19 19 25 -9999 -9999 -9999 -9999 -9999 -9999 -9999 -9999 -9999 -9999 -9999 -9999 -9999 -9999 -9999 -9999 -9999 -9999 -9999 -9999 -9999 -9999 -9999 -9999 -9999 -9999 -9999 -9999 -9999 -9999 -9999 -9999 -9999 -9999 -9999 -9999 -9999
