slauniainen/Data/VMI/vihti_latvuspeitto.asc
ncols         196
nrows         178
xllcorner     353680
yllcorner     6699024
cellsize      16
NODATA_value  -9999
[rows 111 to 147 of 178, columns 83 to 165 of 196]
83 77 70 77 79 77 69 68 79 73 42 38 46 18 17 14 8 5 4 3 3 3 11 10 3 3 3 3 5 8 9 11 14 14 14 14 17 14 35 36 47 56 76 84 73 57 14 15 28 55 67 70 71 60 68 66 61 55 72 76 70 -9999 -9999 -9999 -9999 -9999 -9999 -9999 -9999 -9999 -9999 -9999 -9999 -9999 -9999 -9999 -9999 67 71 14 14 33 26
74 64 63 66 63 74 73 67 73 59 80 38 40 18 18 17 17 10 3 3 3 3 10 7 3 3 3 3 3 5 5 5 5 10 17 13 18 18 42 39 49 63 80 74 70 58 14 24 18 32 55 70 70 60 60 67 69 70 57 74 74 65 -9999 -9999 -9999 -9999 -9999 -9999 -9999 -9999 -9999 -9999 -9999 -9999 -9999 -9999 -9999 -9999 67 12 7 33 39
72 60 64 66 62 72 72 62 76 74 72 70 37 27 18 17 17 8 6 3 3 3 5 5 5 5 3 3 4 5 6 5 5 5 17 14 45 49 34 42 59 76 72 79 68 61 30 22 27 23 39 62 67 63 60 63 72 63 68 63 70 74 65 -9999 -9999 -9999 -9999 -9999 -9999 -9999 -9999 -9999 -9999 -9999 -9999 -9999 59 63 31 20 33 34 33
59 67 64 75 71 66 66 70 72 65 73 71 42 34 14 17 17 13 9 10 8 5 4 3 5 6 8 13 5 5 8 10 5 5 18 18 48 30 47 65 75 65 79 69 59 69 53 38 31 21 56 60 73 64 62 74 60 61 81 64 63 80 69 61 -9999 -9999 -9999 -9999 -9999 -9999 -9999 -9999 -9999 -9999 -9999 -9999 69 35 13 21 35 36 38
56 73 70 70 78 77 75 72 70 68 55 65 41 26 13 17 13 14 14 11 12 11 5 5 5 6 14 14 7 5 8 17 18 15 23 47 33 60 55 67 62 61 60 61 73 78 46 51 51 51 46 58 65 71 71 58 63 71 75 71 74 72 64 64 65 -9999 -9999 -9999 -9999 -9999 -9999 -9999 -9999 -9999 -9999 41 40 34 17 48 55 49 69
66 74 71 66 65 78 77 72 75 70 59 60 40 47 17 10 8 14 13 10 11 11 10 10 8 5 5 6 5 5 5 17 22 32 32 60 61 60 69 77 77 80 72 68 66 76 62 74 67 61 49 75 79 74 76 68 61 63 79 81 76 69 69 78 63 71 -9999 -9999 -9999 -9999 -9999 -9999 -9999 -9999 -9999 46 38 16 14 38 49 51 59
79 85 84 82 74 77 72 73 65 60 55 70 43 44 17 5 6 8 1 11 14 16 16 16 14 6 5 4 4 5 5 21 38 43 62 59 64 65 68 72 69 66 59 48 56 50 66 53 61 62 75 71 57 72 72 61 51 75 72 81 72 71 71 77 78 63 -9999 -9999 -9999 -9999 -9999 -9999 -9999 -9999 44 39 34 21 54 68 71 61 54
68 72 59 72 74 77 68 70 61 69 79 60 42 41 17 8 6 8 1 14 14 16 16 16 16 16 14 1 5 5 11 22 18 68 56 63 67 69 72 65 55 42 54 57 56 48 34 31 30 53 59 75 60 73 85 41 67 70 71 70 73 75 82 81 65 66 46 -9999 48 -9999 -9999 -9999 25 41 36 33 15 49 62 65 68 59 65
64 56 52 56 70 72 75 76 69 66 62 57 58 31 20 17 5 1 1 14 16 16 16 16 16 16 16 11 11 5 14 38 48 66 70 74 66 66 67 61 60 58 59 58 53 45 43 43 42 50 38 71 65 82 77 80 63 68 70 70 86 74 74 70 58 61 56 24 27 60 60 44 41 39 27 32 64 65 65 62 64 64 32
60 58 58 62 59 71 77 67 77 69 74 68 67 46 41 14 5 1 1 14 16 16 16 16 16 16 14 11 11 5 21 38 53 74 64 59 63 64 47 34 43 49 58 54 52 52 53 53 51 52 52 69 67 66 62 65 77 64 74 51 61 60 65 76 69 68 51 18 27 67 64 41 29 16 58 69 70 65 64 63 58 59 54
66 52 61 63 69 75 77 69 53 65 70 57 72 53 29 16 5 1 1 1 14 16 16 16 16 16 14 1 11 5 21 30 60 70 66 55 59 51 44 37 43 50 54 53 53 59 38 35 50 52 51 62 67 62 69 75 73 83 77 77 77 69 68 64 58 68 59 55 51 66 76 62 39 37 72 62 68 69 67 67 66 54 -9999
53 49 60 79 70 78 67 70 67 83 69 50 59 63 38 13 6 1 1 1 1 14 14 14 16 14 11 1 1 10 21 29 80 75 66 57 49 51 44 30 43 50 58 59 59 34 28 27 25 38 49 58 48 64 63 40 40 52 60 63 64 66 66 68 56 60 65 -9999 61 69 71 69 70 70 58 45 56 68 62 58 52 -9999 -9999
51 58 70 63 66 64 55 68 61 74 58 51 69 67 32 16 5 3 1 1 1 1 1 1 1 1 1 1 1 10 19 31 76 74 67 42 44 59 64 59 58 61 63 55 49 24 34 34 24 33 34 49 43 62 68 29 18 49 67 70 74 71 66 67 62 58 64 60 66 63 70 67 66 66 47 47 73 52 62 69 -9999 -9999 -9999
65 77 66 58 58 57 51 50 86 73 47 64 67 56 24 14 6 5 1 1 1 1 1 1 1 1 1 1 1 15 37 59 66 66 67 44 37 61 66 66 68 65 62 67 57 32 25 43 23 21 23 40 50 55 70 38 38 49 68 66 65 64 63 69 71 66 73 60 64 65 70 67 50 53 66 49 62 48 67 76 -9999 -9999 -9999
77 72 63 66 59 52 46 60 71 69 63 55 65 60 34 14 15 5 1 1 1 1 1 1 1 1 1 1 14 35 30 76 65 65 66 67 70 67 65 65 70 68 70 69 68 30 29 41 25 27 44 60 43 65 69 62 62 32 57 55 63 64 64 66 71 66 72 64 59 69 64 66 44 41 59 61 57 79 64 -9999 -9999 -9999 -9999
63 58 51 60 56 67 66 62 65 70 79 62 65 58 54 17 21 5 4 1 1 1 1 1 1 9 14 14 14 42 56 61 68 74 65 74 72 74 64 52 62 60 56 53 73 32 31 9 22 57 51 57 53 66 70 57 54 52 38 30 30 64 65 74 67 69 71 69 -9999 69 63 55 44 42 55 75 66 70 -9999 -9999 -9999 -9999 -9999
75 66 64 60 63 68 67 58 74 68 88 66 66 58 67 54 37 15 5 1 1 1 1 1 9 14 14 14 14 37 69 84 62 67 65 69 65 67 70 66 67 65 67 58 58 35 23 8 16 51 45 55 54 69 53 62 45 29 34 16 24 65 66 66 75 75 71 64 -9999 66 65 62 52 42 57 68 78 -9999 -9999 -9999 -9999 -9999 -9999
70 66 63 69 59 57 67 73 73 62 87 67 67 65 70 71 37 37 19 5 1 1 1 1 1 14 14 14 14 35 70 68 58 68 70 68 63 67 62 60 71 75 67 72 69 35 21 34 23 56 59 44 52 53 37 55 68 29 32 37 44 67 65 69 75 72 74 65 -9999 62 69 60 52 61 64 72 -9999 -9999 -9999 -9999 -9999 -9999 -9999
70 76 59 62 62 68 72 75 77 73 85 66 65 65 71 77 53 41 33 6 4 1 1 1 1 1 1 8 8 38 71 68 59 69 69 69 64 62 73 68 70 56 54 66 46 32 25 55 61 48 56 48 43 50 30 54 44 65 37 46 70 67 69 69 70 70 66 67 -9999 66 61 62 73 61 51 66 -9999 -9999 -9999 -9999 -9999 -9999 -9999
74 75 74 76 75 77 74 76 77 85 69 67 69 47 70 55 61 69 52 38 21 9 16 16 16 16 16 16 16 47 67 62 70 64 67 69 57 56 59 56 45 43 52 59 41 35 42 45 44 47 57 61 46 52 36 54 46 55 30 37 30 69 68 61 42 50 67 69 62 54 70 77 66 68 65 65 -9999 -9999 -9999 -9999 -9999 -9999 -9999
72 76 76 77 76 75 75 72 74 80 49 69 18 23 74 75 72 65 64 45 44 32 37 29 11 11 16 16 16 66 62 70 64 67 57 57 55 48 44 47 53 51 59 53 51 38 32 25 11 13 36 57 53 62 16 53 52 47 26 31 24 63 63 56 29 33 50 54 55 53 66 58 57 68 76 53 -9999 -9999 -9999 -9999 -9999 -9999 -9999
63 75 75 78 70 64 78 77 38 44 39 38 37 43 62 59 59 44 54 59 58 67 58 59 65 66 11 11 57 58 62 74 65 59 63 57 56 56 56 54 50 60 54 50 57 50 35 22 14 8 19 21 16 36 33 45 37 45 39 18 20 54 77 78 51 39 63 61 40 -9999 64 60 73 78 59 74 -9999 -9999 -9999 -9999 -9999 -9999 -9999
61 60 71 48 60 61 51 47 42 39 38 7 53 67 43 36 43 51 44 38 52 48 55 70 73 58 61 58 57 64 77 66 66 59 53 49 60 59 65 54 51 54 54 58 55 47 44 12 7 8 8 12 22 20 30 43 26 17 18 34 40 57 69 68 49 65 65 64 35 -9999 73 69 67 73 76 79 67 -9999 -9999 -9999 -9999 -9999 -9999
66 50 60 38 28 34 48 51 38 38 34 54 67 49 46 56 54 47 56 48 42 53 59 72 77 71 66 57 67 69 62 66 58 53 48 48 56 54 63 69 68 71 62 65 65 53 57 22 32 21 17 13 21 28 29 18 43 14 10 12 24 66 69 67 67 65 65 67 50 -9999 75 62 76 76 77 67 91 -9999 -9999 -9999 -9999 -9999 -9999
68 54 8 51 48 51 48 48 12 59 62 44 51 50 51 56 53 60 57 54 66 64 66 64 62 65 70 73 71 71 66 65 60 50 50 52 45 64 70 60 75 63 68 56 64 48 59 46 54 45 57 41 17 25 25 44 47 38 12 14 24 64 65 67 55 74 72 68 72 -9999 33 61 62 68 52 73 53 -9999 -9999 -9999 -9999 -9999 -9999
81 47 48 48 38 38 37 30 41 62 50 40 40 39 39 36 67 73 70 72 71 71 69 64 65 65 64 71 70 70 70 40 44 37 50 52 54 69 67 77 65 66 71 57 56 62 69 63 43 41 39 48 37 30 48 45 59 41 23 7 27 60 69 73 75 71 71 62 70 -9999 79 84 61 55 72 51 31 -9999 -9999 -9999 -9999 -9999 -9999
46 47 49 51 21 14 12 31 59 63 44 62 60 53 72 76 79 66 65 66 59 61 62 53 69 68 67 67 63 68 70 58 46 49 52 36 58 71 61 72 70 63 73 65 78 45 49 49 56 49 52 48 38 37 39 35 74 38 7 18 18 54 70 78 75 58 65 74 56 65 64 66 52 49 72 56 57 -9999 -9999 -9999 -9999 -9999 -9999
67 70 64 59 18 15 28 61 67 64 51 67 61 67 74 73 86 69 71 70 68 80 76 65 77 62 62 59 62 66 71 69 23 45 50 37 77 52 64 78 71 63 72 45 45 45 30 27 17 35 40 41 18 29 46 47 55 49 16 30 25 51 60 74 75 59 87 89 65 68 58 59 61 70 69 -9999 -9999 -9999 -9999 -9999 -9999 -9999 -9999
57 56 74 62 34 16 53 67 65 72 62 59 71 66 56 58 61 58 76 72 63 63 64 60 70 75 72 72 58 60 62 66 48 24 41 30 70 57 63 84 71 80 66 66 36 43 44 11 21 16 30 49 34 12 43 66 39 48 26 31 41 46 59 74 78 79 79 75 -9999 92 90 -9999 -9999 -9999 -9999 -9999 -9999 -9999 -9999 -9999 -9999 -9999 -9999
34 46 67 64 50 45 55 41 66 71 69 56 61 75 75 66 67 65 72 73 77 68 62 64 66 71 68 64 71 70 76 64 74 55 44 45 63 71 67 81 76 74 61 71 59 55 44 41 13 25 23 47 44 16 35 44 30 23 38 17 39 47 53 47 50 84 74 68 -9999 -9999 -9999 -9999 -9999 -9999 -9999 -9999 -9999 -9999 -9999 -9999 -9999 -9999 -9999
-9999 28 73 59 54 73 68 43 62 68 60 58 60 56 73 72 71 66 52 37 39 73 68 62 62 72 66 56 86 69 88 72 70 48 33 56 70 61 73 75 69 68 73 60 72 60 56 41 32 27 16 31 28 26 26 53 42 4 22 35 34 49 16 52 61 -9999 -9999 -9999 -9999 -9999 -9999 -9999 -9999 -9999 -9999 -9999 -9999 -9999 -9999 -9999 -9999 -9999 -9999
-9999 45 72 79 71 86 72 72 63 81 76 69 70 67 78 78 69 37 35 41 35 43 33 55 62 69 67 73 83 77 70 80 62 67 53 51 55 63 82 62 70 73 57 58 63 51 58 48 45 55 52 48 49 59 57 26 46 27 21 43 47 48 17 -9999 -9999 -9999 -9999 -9999 -9999 -9999 -9999 -9999 -9999 -9999 -9999 -9999 -9999 -9999 -9999 -9999 -9999 -9999 -9999
-9999 -9999 -9999 65 64 59 75 75 73 73 80 68 71 79 54 63 80 69 54 54 63 55 31 12 27 72 63 61 65 62 65 67 57 64 48 43 54 72 60 68 64 56 70 69 65 51 74 57 45 57 67 51 45 49 48 23 39 21 29 70 -9999 -9999 -9999 -9999 -9999 -9999 -9999 -9999 -9999 -9999 -9999 -9999 -9999 -9999 -9999 -9999 -9999 -9999 -9999 -9999 -9999 -9999 -9999
-9999 -9999 -9999 73 69 69 66 75 75 74 48 39 50 75 81 69 67 62 79 63 40 69 56 6 7 35 35 71 56 63 71 61 65 76 46 56 76 67 70 62 67 57 57 61 69 71 73 66 46 65 60 53 40 48 33 30 31 -9999 -9999 -9999 -9999 -9999 -9999 -9999 -9999 -9999 -9999 -9999 -9999 -9999 -9999 -9999 -9999 -9999 -9999 -9999 -9999 -9999 -9999 -9999 -9999 -9999 -9999
-9999 -9999 -9999 -9999 60 66 62 70 68 41 47 22 76 68 62 64 67 59 49 41 45 50 55 40 15 7 43 68 54 61 78 63 67 68 50 56 73 57 76 53 68 57 69 62 68 67 65 64 46 61 69 65 51 49 -9999 -9999 -9999 -9999 -9999 -9999 -9999 -9999 -9999 -9999 -9999 -9999 -9999 -9999 -9999 -9999 -9999 -9999 -9999 -9999 -9999 -9999 -9999 -9999 -9999 -9999 -9999 -9999 -9999
-9999 -9999 -9999 37 77 80 62 63 67 54 46 70 69 68 69 76 66 66 59 53 53 56 54 58 35 16 44 67 63 68 79 63 68 63 54 71 69 69 66 51 47 71 74 67 63 58 73 70 56 58 68 -9999 -9999 -9999 -9999 -9999 -9999 -9999 -9999 -9999 -9999 -9999 -9999 -9999 -9999 -9999 -9999 -9999 -9999 -9999 -9999 -9999 -9999 -9999 -9999 -9999 -9999 -9999 -9999 -9999 -9999 -9999 -9999
-9999 -9999 -9999 60 61 41 58 56 23 29 75 75 65 78 74 65 60 61 42 43 54 54 34 53 60 70 66 59 63 60 83 65 72 52 60 63 64 75 57 66 67 71 72 70 63 61 65 56 -9999 -9999 -9999 -9999 -9999 -9999 -9999 -9999 -9999 -9999 -9999 -9999 -9999 -9999 -9999 -9999 -9999 -9999 -9999 -9999 -9999 -9999 -9999 -9999 -9999 -9999 -9999 -9999 -9999 -9999 -9999 -9999 -9999 -9999 -9999
