slauniainen/Data/VMI/vihti_keskipituus.asc
ncols         196
nrows         178
xllcorner     353680
yllcorner     6699024
cellsize      16
NODATA_value  -9999
[rows 108 to 143 of 178, columns 82 to 163 of 196]
-9999 116 75 100 113 22 25 111 31 31 32 29 41 59 33 31 31 30 31 30 31 31 31 16 13 12 21 34 23 22 20 24 116 91 58 24 20 54 95 65 64 72 70 67 69 70 71 70 73 68 68 65 75 71 81 146 157 165 162 128 -9999 -9999 -9999 -9999 -9999 -9999 -9999 -9999 -9999 -9999 -9999 -9999 -9999 -9999 -9999 -9999 -9999 -9999 -9999 -9999 -9999 59
-9999 171 112 149 154 178 178 100 92 78 78 99 112 103 33 30 30 30 31 16 22 31 31 21 14 12 13 22 31 32 32 32 25 75 114 106 79 74 71 16 26 66 60 52 77 71 61 76 82 67 68 70 70 113 145 147 176 181 158 151 131 6 -9999 -9999 -9999 -9999 -9999 -9999 -9999 -9999 -9999 -9999 -9999 -9999 -9999 -9999 -9999 -9999 -9999 77 49 41
202 186 152 175 192 161 143 202 191 134 125 100 107 92 30 30 30 30 23 16 16 15 23 25 17 12 11 13 20 21 24 31 28 25 86 85 64 26 25 80 33 49 175 188 177 124 53 24 52 78 82 73 55 82 104 115 122 110 156 155 143 -9999 -9999 -9999 -9999 -9999 -9999 -9999 -9999 -9999 -9999 -9999 -9999 -9999 -9999 -9999 -9999 -9999 -9999 81 61 35
203 222 176 196 184 179 179 197 187 167 157 118 142 107 26 30 22 15 16 13 13 12 12 24 22 12 11 11 12 16 21 21 24 32 32 33 32 33 30 71 94 175 195 182 192 183 108 23 21 61 83 141 91 84 74 100 101 79 104 181 142 188 -9999 -9999 -9999 -9999 -9999 -9999 -9999 -9999 -9999 -9999 -9999 -9999 -9999 -9999 -9999 -9999 128 81 8 8
199 175 162 203 193 160 151 176 177 184 203 173 189 112 23 31 30 30 22 13 12 11 12 22 15 12 11 11 11 13 16 15 15 15 23 32 31 32 32 118 95 179 169 207 171 204 105 28 41 37 56 98 88 86 76 95 60 64 184 125 189 175 166 -9999 -9999 -9999 -9999 -9999 -9999 -9999 -9999 -9999 -9999 -9999 -9999 -9999 -9999 -9999 -9999 97 5 5
196 230 159 188 232 184 199 201 226 218 215 179 159 111 45 33 32 30 15 16 11 12 13 16 16 16 16 13 13 14 17 16 16 16 15 31 26 91 101 81 140 162 206 189 151 194 186 31 46 68 27 86 140 146 146 112 115 189 150 172 171 158 184 166 -9999 -9999 -9999 -9999 -9999 -9999 -9999 -9999 -9999 -9999 -9999 -9999 -9999 96 105 48 51 101
164 172 216 227 230 235 236 204 193 215 155 124 199 116 100 33 32 31 21 22 21 21 16 14 13 17 16 15 20 16 16 22 21 15 15 32 26 109 107 141 180 160 198 149 136 134 178 139 108 80 46 86 149 164 163 138 189 159 153 151 177 171 220 168 182 -9999 -9999 -9999 -9999 -9999 -9999 -9999 -9999 -9999 -9999 -9999 -9999 162 60 15 53 106
212 175 206 222 208 200 228 193 188 218 178 131 114 113 103 31 31 20 21 21 24 25 23 15 15 16 16 23 22 14 16 22 31 34 28 23 106 115 152 192 168 170 186 184 163 168 187 146 149 191 154 127 207 214 162 176 194 163 162 182 220 211 220 210 206 208 -9999 -9999 -9999 -9999 -9999 -9999 -9999 -9999 -9999 -9999 107 71 62 16 127 162
206 172 176 203 205 217 198 219 210 184 235 165 120 108 102 33 22 22 21 21 23 24 24 22 23 21 18 17 16 16 16 15 31 27 80 97 153 172 167 188 170 175 172 228 177 199 184 179 199 197 167 173 171 184 181 184 197 167 180 205 209 199 186 160 214 164 190 -9999 -9999 -9999 -9999 -9999 -9999 -9999 -9999 -9999 79 100 15 8 115 145
223 220 170 177 199 242 197 210 191 192 221 149 200 112 89 32 16 17 23 0 15 15 29 29 29 31 16 18 15 14 17 15 33 91 109 166 187 175 199 247 204 216 225 201 212 223 209 204 163 186 233 230 194 148 190 199 164 173 162 200 219 180 163 162 228 203 180 -9999 -9999 -9999 -9999 -9999 -9999 -9999 -9999 69 102 87 16 152 181 206
173 201 221 211 228 217 210 209 226 202 156 140 139 138 103 32 22 16 22 0 15 15 29 29 29 29 29 15 0 16 15 25 26 54 172 170 182 215 180 199 164 199 192 207 200 181 179 136 129 134 194 202 170 194 123 79 109 130 189 195 197 207 188 153 218 176 163 68 -9999 89 -9999 -9999 -9999 54 74 69 60 18 122 95 63 83
210 208 205 198 217 221 209 221 228 201 223 166 132 197 117 28 31 16 0 0 15 29 29 29 29 29 29 29 15 15 14 32 78 93 184 192 165 204 153 169 167 176 158 161 161 159 144 137 137 136 155 169 183 78 104 131 97 110 185 178 153 163 128 155 184 151 109 77 52 75 71 55 111 80 101 47 38 164 127 127 55 91
191 203 202 203 219 211 228 197 212 223 233 182 149 133 138 114 31 18 0 0 15 29 29 29 29 29 29 15 15 15 14 32 91 124 188 192 213 177 182 127 91 164 149 161 159 157 157 157 158 155 157 158 199 166 68 87 66 100 139 126 155 191 194 159 118 85 109 58 49 81 75 56 102 50 16 125 164 193 135 118 65 129
154 197 162 196 184 200 218 208 223 179 244 210 76 85 136 98 32 16 0 0 0 15 29 29 29 29 29 15 0 15 14 32 92 167 204 182 185 180 152 120 147 166 149 160 158 158 164 152 151 143 157 155 182 144 56 71 164 123 108 115 120 111 105 175 174 161 154 51 147 61 98 112 67 89 86 233 154 166 190 134 79 123
155 152 137 171 170 185 180 200 209 216 182 162 145 57 135 116 23 16 0 0 0 0 15 15 15 29 15 15 0 0 21 31 89 192 166 140 185 150 151 165 127 150 150 162 162 165 158 151 145 138 144 140 162 183 153 59 92 89 102 61 84 80 82 99 112 159 158 99 -9999 74 73 139 157 192 206 147 148 149 173 68 126 93
183 183 170 177 189 181 170 168 158 171 221 138 84 55 104 106 28 16 13 0 0 0 0 0 0 0 0 0 0 0 22 17 79 183 196 160 154 141 180 183 174 153 168 187 161 149 149 120 123 137 151 142 153 173 231 117 63 22 95 101 180 167 180 126 114 106 102 111 71 96 62 146 170 165 163 156 149 190 59 108 71 -9999
180 200 215 193 150 201 192 168 179 181 201 144 122 64 42 70 19 16 17 0 0 0 0 0 0 0 0 0 0 0 27 88 153 184 166 164 169 145 216 191 162 179 176 135 170 158 109 104 163 147 129 98 153 200 200 203 109 107 112 164 142 148 156 178 194 136 141 91 73 159 157 191 169 208 206 196 143 126 53 84 91 -9999
222 213 225 213 183 158 207 184 198 226 192 115 93 74 83 92 26 22 16 0 0 0 0 0 0 0 0 0 0 15 45 96 204 190 185 142 172 194 143 182 185 165 154 179 203 207 116 119 114 66 83 155 198 172 183 180 162 162 98 171 171 184 156 184 182 142 122 94 163 172 188 148 196 180 177 196 160 62 85 98 -9999 -9999
253 208 205 160 223 218 207 201 192 206 218 124 122 53 98 55 34 29 16 17 0 0 0 0 0 0 13 15 15 15 99 156 173 129 212 185 198 163 165 74 123 135 138 107 119 232 90 84 15 46 99 134 154 175 187 187 114 132 129 112 105 135 203 162 205 172 147 127 166 -9999 164 143 198 184 173 188 186 121 156 -9999 -9999 -9999
223 222 202 203 165 193 217 226 195 220 193 102 91 52 73 127 102 56 21 18 0 0 0 0 0 13 15 15 15 15 115 148 133 125 195 185 141 65 64 69 64 75 129 161 109 180 49 24 14 41 108 134 153 155 183 105 161 145 89 105 99 118 199 181 204 200 202 152 115 -9999 113 195 223 178 135 202 183 172 -9999 -9999 -9999 -9999
192 198 217 216 205 219 210 190 194 189 190 96 90 116 95 170 189 103 80 36 18 0 0 0 0 0 15 15 15 15 104 127 89 126 167 164 101 94 100 119 77 184 166 200 197 234 60 42 75 43 153 150 161 146 158 52 150 167 88 104 93 145 180 162 196 206 178 165 85 -9999 54 206 162 194 179 211 214 -9999 -9999 -9999 -9999 -9999
183 175 200 175 193 191 180 201 202 204 176 120 161 91 140 138 178 140 128 65 16 18 0 0 0 0 0 0 10 10 134 155 87 127 178 181 151 125 160 185 203 192 210 174 194 154 114 123 119 164 121 141 163 186 201 51 154 70 168 104 159 238 195 175 179 184 162 128 71 -9999 78 108 236 181 202 185 173 -9999 -9999 -9999 -9999 -9999
146 170 208 195 200 205 198 192 217 206 130 134 143 202 188 185 170 176 175 110 72 39 32 29 29 29 29 29 29 29 154 102 149 180 173 172 196 153 156 203 205 175 172 209 221 173 148 198 176 130 128 137 152 151 141 52 147 103 115 83 134 86 179 159 86 60 128 122 91 71 110 153 184 178 204 156 146 -9999 -9999 -9999 -9999 -9999
210 228 201 205 224 204 206 205 202 207 150 70 90 53 36 186 207 244 212 220 87 85 98 90 80 15 15 29 29 29 120 112 177 181 171 172 172 156 148 155 160 206 188 197 195 194 164 142 79 30 61 182 106 127 140 15 142 146 101 75 101 123 157 98 108 42 32 87 94 90 77 157 181 139 174 121 142 -9999 -9999 -9999 -9999 -9999
220 164 206 204 217 176 183 182 201 94 59 14 55 90 62 220 199 186 177 201 175 186 227 137 137 183 167 15 15 151 79 127 210 153 200 175 157 156 181 184 189 217 191 166 156 149 148 134 54 49 49 54 68 47 107 72 95 78 80 111 108 101 141 166 161 90 101 129 106 40 -9999 137 205 161 166 167 127 -9999 -9999 -9999 -9999 -9999
203 221 207 221 166 102 134 34 103 16 14 53 9 97 173 174 173 193 209 185 167 195 203 229 194 186 98 117 128 115 149 206 140 195 162 158 139 168 180 197 175 145 165 146 148 159 149 147 60 33 34 81 84 57 14 59 48 76 43 107 132 151 125 172 171 150 155 173 169 69 -9999 169 124 138 156 161 213 130 -9999 -9999 -9999 -9999
207 192 187 103 60 68 38 40 56 53 54 57 104 230 173 182 204 197 198 192 196 176 175 199 168 207 162 142 83 102 161 173 187 160 158 125 137 157 189 176 180 139 178 187 209 218 190 187 88 126 129 99 115 64 92 51 50 59 15 56 68 151 126 123 131 143 158 124 184 53 -9999 146 122 169 167 170 157 78 -9999 -9999 -9999 -9999
157 165 60 4 54 39 53 81 84 19 65 184 183 192 206 207 198 209 196 217 188 195 168 152 146 140 182 180 119 140 176 169 177 168 142 141 156 147 168 179 69 195 195 167 205 230 142 173 153 119 114 128 97 40 46 19 93 109 129 46 44 102 141 156 182 213 186 169 154 79 -9999 60 182 107 156 162 72 98 -9999 -9999 -9999 -9999
185 94 82 82 82 53 54 60 61 111 118 176 167 161 164 174 144 192 209 192 197 202 189 166 165 170 173 168 199 194 188 193 125 156 145 141 156 210 204 99 154 197 177 210 185 191 130 148 194 114 112 74 97 81 84 97 109 82 79 76 20 145 133 161 183 154 200 164 89 130 -9999 78 141 97 143 135 140 90 -9999 -9999 -9999 -9999
152 123 125 89 93 49 18 20 58 89 182 151 228 237 198 177 170 164 93 76 80 81 108 114 123 159 184 173 195 159 171 188 174 140 139 156 160 193 168 103 155 175 210 210 156 176 129 79 97 157 137 103 92 83 77 57 68 110 50 41 93 76 165 186 173 147 213 189 157 102 136 123 122 103 145 154 110 108 -9999 -9999 -9999 -9999
157 184 163 119 104 45 18 33 91 163 156 170 190 184 206 233 174 148 160 128 146 166 205 189 152 169 179 163 175 162 200 184 171 99 137 152 148 164 139 134 182 185 158 124 118 127 130 65 169 43 79 85 87 45 73 97 106 122 105 50 154 64 132 160 178 156 127 170 129 137 82 116 138 98 121 76 -9999 -9999 -9999 -9999 -9999 -9999
168 233 224 192 65 82 28 119 122 181 192 217 151 92 113 145 136 194 186 190 224 220 191 178 201 198 157 152 168 167 146 127 183 163 110 153 116 183 208 160 166 156 164 98 117 134 123 108 88 90 68 67 97 71 95 111 163 64 98 42 66 95 123 182 155 146 140 134 100 -9999 93 104 -9999 -9999 -9999 -9999 -9999 -9999 -9999 -9999 -9999 -9999
131 158 135 202 96 52 67 73 95 204 221 190 144 137 176 181 171 174 123 183 162 160 217 231 158 199 179 135 141 167 114 157 118 210 183 130 154 209 146 201 150 165 152 103 118 179 159 103 97 52 145 98 104 103 104 137 68 22 60 87 47 103 118 205 162 174 146 166 146 -9999 -9999 -9999 -9999 -9999 -9999 -9999 -9999 -9999 -9999 -9999 -9999 -9999
-9999 -9999 109 145 76 119 117 127 102 121 172 101 112 167 68 138 178 171 183 100 83 103 186 139 106 154 228 169 160 151 141 155 117 158 155 119 184 165 148 208 168 111 114 145 199 170 150 166 91 114 174 75 62 44 34 25 117 87 55 58 67 72 100 97 112 96 -9999 -9999 -9999 -9999 -9999 -9999 -9999 -9999 -9999 -9999 -9999 -9999 -9999 -9999 -9999 -9999
-9999 -9999 162 149 155 116 154 163 159 116 183 171 123 93 89 122 146 126 82 109 91 88 128 81 55 219 189 165 151 151 165 161 134 122 203 138 168 176 181 152 77 181 180 157 123 143 144 164 125 125 131 134 155 168 164 181 100 91 55 50 97 91 98 31 -9999 -9999 -9999 -9999 -9999 -9999 -9999 -9999 -9999 -9999 -9999 -9999 -9999 -9999 -9999 -9999 -9999 -9999
-9999 -9999 -9999 -9999 166 172 122 170 162 147 148 147 93 92 119 90 155 150 78 99 97 150 73 78 18 11 92 122 154 135 181 174 147 151 158 149 161 142 169 80 105 174 133 133 126 132 149 155 146 188 193 208 105 145 170 169 116 63 42 101 62 -9999 -9999 -9999 -9999 -9999 -9999 -9999 -9999 -9999 -9999 -9999 -9999 -9999 -9999 -9999 -9999 -9999 -9999 -9999 -9999 -9999
