slauniainen/Data/VMI/vihti_bm_manty_neulaset.asc
ncols         196
nrows         178
xllcorner     353680
yllcorner     6699024
cellsize      16
NODATA_value  -9999
[rows 74 to 110 of 178, columns 83 to 165 of 196]
0 15 18 16 14 15 14 0 0 0 33 9 51 14 0 210 282 361 357 204 395 197 226 17 95 0 8 36 7 27 -9999 7 13 42 0 20 12 13 80 22 -9999 -9999 -9999 -9999 -9999 -9999 -9999 -9999 -9999 -9999 -9999 -9999 -9999 -9999 -9999 -9999 -9999 -9999 -9999 -9999 -9999 -9999 -9999 -9999 -9999 -9999 -9999 -9999 -9999 -9999 98 41 256 170 122 88 24 144 48 44 199 -9999 -9999
34 28 0 20 11 9 0 0 13 0 40 8 82 100 75 0 274 135 158 50 9 0 0 9 25 22 5 0 0 7 -9999 54 26 12 0 50 0 0 9 31 107 -9999 -9999 -9999 -9999 -9999 -9999 -9999 -9999 -9999 -9999 -9999 -9999 -9999 -9999 -9999 -9999 -9999 -9999 -9999 -9999 -9999 -9999 -9999 -9999 -9999 -9999 -9999 -9999 -9999 -9999 113 97 62 97 52 125 52 220 -9999 14 -9999 -9999
26 37 6 7 8 31 0 0 92 88 32 34 12 0 0 52 11 18 28 3 82 17 23 18 11 0 0 0 0 6 21 -9999 -9999 -9999 13 0 0 16 0 15 156 185 133 -9999 -9999 -9999 -9999 187 253 -9999 -9999 -9999 -9999 -9999 -9999 -9999 -9999 -9999 331 246 -9999 -9999 -9999 -9999 -9999 -9999 -9999 66 66 76 204 131 161 166 138 120 123 33 67 78 -9999 -9999 -9999
73 9 6 6 5 20 15 98 155 109 15 89 119 10 0 13 6 16 8 17 19 0 0 126 0 0 0 0 0 5 92 98 8 192 0 -9999 -9999 -9999 -9999 16 180 319 354 254 -9999 140 199 34 0 -9999 -9999 -9999 -9999 -9999 -9999 -9999 60 3 116 236 110 354 57 144 62 140 91 39 89 33 41 129 26 190 207 117 147 57 43 -9999 -9999 -9999 -9999
0 24 35 0 7 13 25 99 48 33 246 191 92 46 0 0 0 13 12 0 0 0 0 0 0 0 0 0 0 5 101 9 0 0 30 0 -9999 -9999 -9999 0 61 168 224 272 135 169 44 0 0 4 0 0 -9999 -9999 -9999 0 207 58 106 62 351 199 99 84 322 129 117 58 0 44 289 166 194 228 111 259 219 184 -9999 -9999 -9999 -9999 -9999
0 12 14 8 15 27 11 176 140 221 217 22 130 0 29 0 0 0 0 0 0 0 0 0 0 0 0 0 0 5 123 4 0 0 43 36 0 -9999 -9999 20 11 96 54 170 153 4 3 21 20 0 0 0 0 35 115 152 37 163 47 0 23 302 58 53 222 160 149 108 83 191 152 218 283 151 160 120 118 197 -9999 64 -9999 -9999 -9999
28 43 124 30 29 74 143 142 147 142 126 35 151 134 0 0 0 0 0 0 0 0 0 0 0 0 0 0 0 10 9 0 0 0 43 0 0 0 7 8 39 7 39 77 178 16 21 22 21 13 0 0 0 46 42 41 26 189 18 4 113 55 309 199 155 100 164 226 285 254 181 142 51 101 141 325 146 154 33 -9999 -9999 -9999 -9999
7 15 111 45 163 17 0 0 7 84 97 183 182 137 15 0 0 0 0 0 0 0 0 0 0 8 57 8 30 74 12 0 0 9 0 0 11 9 67 -9999 5 0 0 55 207 168 21 22 21 16 10 138 253 22 0 154 32 133 37 101 77 27 53 79 176 258 162 318 86 85 99 0 19 181 88 123 -9999 -9999 63 -9999 -9999 -9999 -9999
30 13 9 20 0 0 0 0 0 13 90 100 138 287 193 29 29 0 0 0 5 0 0 0 30 48 20 38 68 94 6 0 27 15 31 95 153 152 209 69 -9999 0 0 0 71 215 22 23 21 12 0 289 32 45 -9999 -9999 -9999 342 53 205 22 67 69 104 162 180 166 256 242 166 69 7 14 109 -9999 -9999 -9999 -9999 -9999 18 -9999 -9999 -9999
0 93 169 6 0 0 0 0 0 14 90 98 72 243 51 188 144 22 0 10 110 100 4 0 45 30 70 69 13 43 0 0 66 0 197 190 264 270 184 21 33 -9999 0 0 30 140 106 123 151 83 77 135 26 -9999 -9999 -9999 -9999 41 72 9 160 162 50 64 184 183 227 93 73 79 189 20 157 12 141 -9999 -9999 -9999 -9999 0 -9999 -9999 -9999
-9999 -9999 -9999 11 0 0 0 0 11 89 115 94 32 115 178 5 26 5 27 0 67 21 7 0 0 10 0 19 22 28 0 0 45 39 266 238 312 192 178 26 111 -9999 0 0 51 53 26 178 204 64 36 163 78 -9999 -9999 -9999 -9999 -9999 115 54 80 167 228 166 166 229 142 98 115 149 215 166 22 0 0 -9999 -9999 -9999 13 -9999 -9999 -9999 -9999
-9999 -9999 -9999 -9999 -9999 -9999 4 0 87 113 159 163 162 139 125 145 129 71 88 11 6 0 28 17 91 9 -9999 -9999 -9999 -9999 -9999 0 28 131 117 135 108 85 25 12 14 0 -9999 21 131 118 0 18 -9999 12 86 12 -9999 -9999 49 180 -9999 -9999 112 172 104 173 65 178 238 146 123 184 92 46 27 36 0 0 -9999 0 -9999 6 -9999 -9999 -9999 -9999 -9999
-9999 -9999 -9999 -9999 -9999 -9999 4 0 80 105 152 24 31 126 114 104 21 21 20 171 28 5 82 59 14 10 0 -9999 -9999 -9999 -9999 -9999 0 37 16 33 55 16 22 22 14 0 0 0 23 17 -9999 -9999 -9999 14 93 12 -9999 63 156 107 -9999 -9999 -9999 58 158 86 82 114 193 204 186 172 11 27 75 0 -9999 -9999 -9999 -9999 -9999 -9999 -9999 -9999 -9999 -9999 -9999
-9999 -9999 -9999 -9999 -9999 -9999 54 3 7 84 115 98 77 134 95 28 15 12 59 169 229 156 287 239 108 7 56 0 143 0 0 0 0 13 85 61 0 0 0 9 0 0 0 -9999 0 0 -9999 -9999 -9999 -9999 51 33 25 184 34 75 75 -9999 -9999 0 57 24 79 161 82 15 41 29 -9999 -9999 -9999 13 -9999 -9999 -9999 144 -9999 -9999 -9999 -9999 -9999 -9999 -9999
-9999 -9999 -9999 -9999 -9999 21 4 0 0 26 62 131 162 62 120 99 15 12 143 187 58 96 109 122 69 209 229 4 13 0 18 13 0 35 29 36 0 0 0 0 187 16 0 -9999 0 194 -9999 -9999 -9999 -9999 -9999 45 46 22 18 37 68 7 10 -9999 -9999 19 41 61 109 50 57 52 -9999 -9999 -9999 -9999 -9999 -9999 -9999 0 -9999 -9999 -9999 -9999 -9999 -9999 -9999
-9999 -9999 -9999 -9999 -9999 55 0 0 3 15 77 268 189 234 18 26 16 21 177 80 168 130 78 130 229 271 169 286 74 91 26 15 0 35 51 9 0 0 0 0 22 15 194 80 11 17 43 -9999 -9999 -9999 -9999 75 -9999 -9999 8 131 8 0 -9999 -9999 -9999 -9999 9 57 29 21 0 0 -9999 -9999 -9999 -9999 -9999 -9999 176 57 -9999 -9999 -9999 -9999 -9999 -9999 -9999
18 -9999 -9999 -9999 -9999 74 12 0 4 15 69 205 169 248 142 16 16 18 190 46 136 136 158 226 240 180 70 120 118 4 10 0 0 36 33 188 34 17 0 0 0 161 138 212 -9999 31 36 -9999 -9999 -9999 -9999 -9999 -9999 -9999 -9999 10 10 -9999 -9999 -9999 -9999 -9999 -9999 -9999 -9999 0 0 0 0 -9999 -9999 -9999 -9999 14 -9999 62 16 -9999 -9999 -9999 -9999 -9999 -9999
0 -9999 -9999 -9999 -9999 -9999 43 0 3 28 32 207 222 203 249 74 7 11 54 155 237 143 169 201 246 162 216 161 309 296 54 29 0 26 14 92 54 63 63 0 0 104 7 47 15 6 9 26 -9999 -9999 -9999 -9999 -9999 -9999 -9999 -9999 -9999 -9999 -9999 -9999 -9999 -9999 -9999 -9999 -9999 -9999 -9999 0 8 -9999 -9999 -9999 29 61 -9999 -9999 -9999 -9999 -9999 -9999 -9999 -9999 -9999
4 -9999 -9999 -9999 -9999 -9999 -9999 6 0 0 133 93 307 210 330 127 18 6 12 195 93 207 215 302 231 193 178 137 413 297 0 14 0 33 30 0 33 0 0 0 17 44 46 13 14 -9999 12 17 -9999 -9999 -9999 -9999 -9999 -9999 -9999 -9999 -9999 -9999 -9999 -9999 -9999 -9999 -9999 -9999 -9999 -9999 -9999 -9999 -9999 -9999 9 -9999 14 37 10 -9999 -9999 -9999 -9999 -9999 -9999 -9999 -9999
4 -9999 -9999 -9999 -9999 -9999 -9999 0 0 0 8 215 197 105 200 183 18 0 10 117 213 231 347 280 295 260 297 173 345 3 19 0 0 0 0 167 24 0 0 0 149 0 24 67 9 33 -9999 141 -9999 -9999 -9999 -9999 -9999 -9999 -9999 -9999 -9999 -9999 -9999 -9999 -9999 -9999 -9999 -9999 -9999 -9999 -9999 -9999 -9999 -9999 -9999 15 -9999 0 7 -9999 -9999 -9999 -9999 -9999 -9999 -9999 -9999
25 -9999 -9999 -9999 -9999 -9999 137 0 0 0 36 65 36 34 111 180 138 16 23 14 78 290 312 216 354 265 241 147 147 64 0 0 0 0 0 0 0 0 0 0 40 81 169 40 101 38 0 -9999 -9999 -9999 -9999 -9999 -9999 -9999 -9999 -9999 -9999 -9999 -9999 -9999 -9999 -9999 -9999 -9999 -9999 -9999 -9999 -9999 -9999 -9999 -9999 -9999 -9999 -9999 -9999 -9999 -9999 -9999 -9999 -9999 -9999 -9999 -9999
108 -9999 -9999 -9999 -9999 14 0 0 0 153 62 9 11 49 32 118 161 21 10 84 30 219 315 338 240 288 303 177 84 0 15 0 0 0 0 0 0 0 0 0 158 172 175 22 65 25 48 27 14 -9999 -9999 -9999 -9999 -9999 -9999 -9999 -9999 -9999 -9999 -9999 -9999 -9999 -9999 -9999 -9999 -9999 -9999 -9999 -9999 -9999 -9999 -9999 -9999 -9999 -9999 -9999 -9999 -9999 -9999 -9999 -9999 -9999 -9999
-9999 -9999 -9999 -9999 0 0 0 0 36 55 8 9 9 10 42 146 185 236 30 93 145 221 329 195 240 202 245 228 225 78 51 5 0 0 0 8 0 0 18 59 136 150 196 35 64 85 66 58 -9999 -9999 -9999 -9999 -9999 -9999 -9999 -9999 -9999 -9999 -9999 -9999 -9999 -9999 -9999 -9999 -9999 -9999 -9999 -9999 -9999 -9999 -9999 -9999 -9999 -9999 -9999 -9999 -9999 -9999 -9999 -9999 -9999 -9999 -9999
-9999 -9999 141 76 0 0 0 141 53 52 8 0 9 14 10 26 101 207 66 90 5 230 251 124 122 152 113 245 240 45 10 8 0 8 16 17 7 26 141 250 244 161 203 177 0 25 70 58 28 -9999 -9999 -9999 -9999 -9999 -9999 -9999 -9999 -9999 -9999 -9999 -9999 -9999 -9999 -9999 -9999 -9999 -9999 -9999 -9999 -9999 -9999 -9999 -9999 -9999 -9999 -9999 -9999 -9999 -9999 -9999 -9999 -9999 -9999
81 26 5 0 0 0 144 37 45 8 0 6 40 9 9 0 207 193 150 148 12 30 166 75 164 41 48 31 150 25 32 7 21 50 33 35 36 43 13 245 181 110 184 109 51 38 56 39 80 18 -9999 -9999 -9999 -9999 -9999 -9999 -9999 -9999 -9999 -9999 -9999 -9999 -9999 -9999 -9999 -9999 -9999 -9999 -9999 -9999 -9999 -9999 -9999 -9999 -9999 -9999 -9999 -9999 -9999 -9999 -9999 -9999 -9999
14 5 0 0 0 0 204 27 46 42 5 0 5 39 39 7 218 277 198 65 146 38 19 203 89 51 62 37 24 38 22 41 149 194 58 48 29 50 33 73 78 295 188 205 57 33 23 37 23 82 8 -9999 -9999 -9999 -9999 -9999 -9999 -9999 -9999 -9999 -9999 -9999 -9999 -9999 -9999 -9999 -9999 -9999 -9999 -9999 -9999 -9999 -9999 -9999 -9999 -9999 -9999 -9999 -9999 -9999 -9999 -9999 -9999
20 0 0 0 0 18 38 8 36 9 32 133 54 12 11 10 31 121 101 181 138 5 14 132 60 57 39 43 31 39 41 186 62 176 68 114 65 64 77 73 77 215 167 217 58 22 23 0 21 39 11 75 -9999 -9999 -9999 -9999 -9999 -9999 -9999 -9999 -9999 -9999 -9999 -9999 -9999 -9999 -9999 -9999 -9999 -9999 -9999 -9999 -9999 -9999 -9999 -9999 -9999 -9999 -9999 -9999 -9999 -9999 -9999
137 0 0 0 12 211 32 46 10 35 205 141 209 54 13 0 7 68 114 97 35 90 6 92 117 75 53 53 48 49 50 54 60 88 59 4 0 4 5 29 41 58 62 236 142 0 0 32 59 12 0 80 105 -9999 -9999 -9999 -9999 -9999 -9999 -9999 -9999 -9999 -9999 -9999 -9999 -9999 -9999 -9999 -9999 -9999 -9999 -9999 -9999 -9999 -9999 -9999 -9999 -9999 -9999 -9999 -9999 -9999 -9999
-9999 62 0 0 208 38 28 9 20 201 171 150 205 138 24 7 36 6 92 101 129 57 90 9 60 28 62 42 43 40 48 43 71 26 32 0 0 27 154 139 69 5 30 131 19 19 0 119 83 17 40 231 270 174 -9999 -9999 -9999 -9999 -9999 -9999 -9999 -9999 -9999 -9999 -9999 -9999 -9999 -9999 -9999 -9999 -9999 -9999 -9999 -9999 -9999 -9999 -9999 -9999 -9999 -9999 -9999 -9999 -9999
-9999 66 0 0 107 77 38 35 12 138 202 106 32 33 9 6 0 7 23 132 115 180 10 12 26 4 45 43 29 31 70 29 4 28 6 21 21 18 27 217 93 6 28 39 72 76 41 133 44 180 146 152 353 201 224 -9999 -9999 -9999 -9999 -9999 -9999 -9999 -9999 -9999 -9999 -9999 -9999 -9999 -9999 -9999 -9999 -9999 -9999 -9999 -9999 -9999 -9999 -9999 -9999 -9999 -9999 -9999 -9999
-9999 83 0 11 96 79 31 44 0 133 136 61 21 7 37 37 36 5 8 38 35 39 74 95 8 17 34 5 5 5 4 0 0 0 21 5 50 32 164 145 84 156 129 70 24 38 106 146 83 118 234 125 183 0 284 -9999 -9999 -9999 -9999 -9999 -9999 -9999 -9999 -9999 -9999 -9999 -9999 -9999 -9999 -9999 -9999 -9999 -9999 -9999 -9999 -9999 -9999 -9999 -9999 -9999 8 -9999 -9999
-9999 24 0 0 62 42 43 45 33 32 205 130 12 36 43 41 37 32 34 8 22 39 48 85 207 61 83 0 0 0 0 0 0 4 64 116 236 116 107 177 106 162 144 134 67 4 5 31 57 135 110 129 99 157 93 56 -9999 -9999 -9999 -9999 -9999 -9999 -9999 -9999 -9999 -9999 -9999 -9999 -9999 -9999 -9999 -9999 -9999 -9999 -9999 -9999 -9999 -9999 -9999 -9999 18 107 150
-9999 35 0 0 70 211 42 40 42 6 9 11 7 5 41 43 42 40 35 6 35 38 8 46 44 121 29 33 0 0 0 0 0 0 14 15 87 145 137 136 75 136 86 82 4 4 4 4 4 4 4 4 77 34 27 72 18 -9999 -9999 -9999 -9999 -9999 -9999 -9999 -9999 -9999 -9999 -9999 -9999 -9999 -9999 -9999 -9999 -9999 -9999 -9999 -9999 -9999 -9999 -9999 84 66 42
-9999 31 0 0 52 8 37 38 46 48 40 6 9 5 34 38 40 46 40 7 6 39 11 11 8 51 26 188 208 191 23 8 39 53 0 0 7 16 14 65 13 13 38 0 0 0 0 0 0 0 0 0 0 0 14 16 15 17 -9999 -9999 -9999 -9999 -9999 -9999 -9999 -9999 -9999 -9999 -9999 -9999 -9999 -9999 -9999 -9999 -9999 -9999 -9999 -9999 -9999 -9999 -9999 39 47
5 4 0 5 18 0 223 45 48 50 0 23 51 13 32 28 38 39 48 36 10 7 9 12 11 8 37 7 6 22 29 213 106 8 0 0 0 54 0 0 0 0 0 0 0 0 0 0 0 0 0 0 0 4 51 0 15 163 67 -9999 -9999 -9999 -9999 -9999 -9999 -9999 -9999 -9999 -9999 -9999 -9999 -9999 -9999 -9999 -9999 -9999 -9999 -9999 -9999 -9999 10 31 226
80 71 6 17 30 30 102 113 123 132 126 192 107 38 42 33 40 41 9 8 6 7 8 13 11 12 0 7 38 45 43 44 111 202 196 147 136 129 0 0 0 13 27 9 0 0 0 0 0 0 0 0 10 64 53 139 140 161 69 21 54 -9999 -9999 -9999 -9999 -9999 -9999 -9999 -9999 -9999 -9999 -9999 -9999 -9999 -9999 -9999 -9999 -9999 51 30 0 76 111
171 164 91 24 24 56 108 140 141 151 185 150 137 22 46 44 45 0 11 11 11 0 0 13 11 10 12 8 0 0 44 0 20 139 146 68 36 38 149 15 48 21 97 176 0 0 0 0 49 0 0 0 0 14 66 5 14 10 17 43 -9999 -9999 -9999 -9999 -9999 -9999 -9999 -9999 -9999 -9999 -9999 -9999 -9999 -9999 -9999 -9999 -9999 -9999 31 32 0 46 123
