slauniainen/Data/VMI/vihti_ika.asc
ncols         196
nrows         178
xllcorner     353680
yllcorner     6699024
cellsize      16
NODATA_value  -9999
[rows 74 to 110 of 178, columns 83 to 165 of 196]
16 20 23 29 31 30 20 20 24 37 35 52 19 35 13 36 55 55 27 21 40 75 29 8 13 13 34 18 30 22 -9999 33 33 41 14 20 20 19 18 33 -9999 -9999 -9999 -9999 -9999 -9999 -9999 -9999 -9999 -9999 -9999 -9999 -9999 -9999 -9999 -9999 -9999 -9999 -9999 -9999 -9999 -9999 -9999 -9999 -9999 -9999 -9999 -9999 -9999 -9999 51 34 43 84 94 57 61 60 48 31 19 -9999 -9999
23 21 18 28 33 35 25 20 20 30 33 52 40 27 31 11 35 24 24 32 30 41 19 32 16 17 21 13 23 33 -9999 53 36 32 16 21 28 13 18 52 23 -9999 -9999 -9999 -9999 -9999 -9999 -9999 -9999 -9999 -9999 -9999 -9999 -9999 -9999 -9999 -9999 -9999 -9999 -9999 -9999 -9999 -9999 -9999 -9999 -9999 -9999 -9999 -9999 -9999 -9999 37 39 34 64 55 60 51 35 -9999 9 -9999 -9999
21 23 19 18 20 22 20 35 32 43 44 38 18 9 3 21 18 14 22 14 32 13 15 10 11 6 11 13 15 19 21 -9999 -9999 -9999 7 11 4 21 4 23 69 73 122 -9999 -9999 -9999 -9999 103 87 -9999 -9999 -9999 -9999 -9999 -9999 -9999 -9999 -9999 34 82 -9999 -9999 -9999 -9999 -9999 -9999 -9999 70 80 59 40 51 47 55 56 54 49 55 46 40 -9999 -9999 -9999
15 20 18 25 25 26 30 30 39 39 64 58 44 24 8 3 26 26 18 38 37 17 7 11 6 13 6 8 6 14 65 69 19 19 14 -9999 -9999 -9999 -9999 12 59 49 121 76 -9999 91 84 73 68 -9999 -9999 -9999 -9999 -9999 -9999 -9999 44 62 72 93 33 55 61 84 83 60 99 84 69 68 73 59 68 50 49 61 61 45 32 -9999 -9999 -9999 -9999
20 20 27 20 12 20 27 30 56 62 99 72 56 31 18 4 3 21 16 6 6 12 6 6 4 9 9 9 7 14 66 20 17 20 29 5 -9999 -9999 -9999 9 29 53 77 68 111 115 73 61 62 65 66 77 -9999 -9999 -9999 28 37 46 50 58 44 45 44 56 34 53 70 54 72 86 58 49 38 47 49 55 55 39 -9999 -9999 -9999 -9999 -9999
27 21 20 38 27 25 41 48 59 73 76 71 63 39 12 8 9 6 8 9 10 8 7 6 14 8 8 6 7 24 84 25 9 19 29 24 3 -9999 -9999 6 12 39 31 63 71 82 63 64 63 59 63 61 64 55 39 42 57 37 69 65 97 50 44 45 29 47 71 88 71 81 108 56 41 43 42 57 55 33 -9999 33 -9999 -9999 -9999
36 33 39 47 52 56 66 64 66 65 65 54 55 61 18 16 8 6 7 5 8 8 4 7 4 5 6 15 27 27 25 13 9 15 20 5 7 2 4 6 11 34 24 35 56 64 68 67 65 62 63 63 65 61 38 32 66 40 69 61 77 67 62 83 69 81 62 90 75 59 59 51 53 65 55 61 54 34 32 -9999 -9999 -9999 -9999
17 24 40 39 68 67 44 31 45 61 81 84 64 55 33 17 23 20 35 14 14 17 17 39 39 29 52 34 27 65 20 16 14 7 13 8 19 11 25 -9999 2 2 9 36 45 72 68 66 65 61 60 87 53 34 15 33 9 59 81 58 60 49 66 55 61 85 78 75 58 57 85 59 65 56 37 26 -9999 -9999 49 -9999 -9999 -9999 -9999
10 37 43 28 17 41 28 33 29 45 64 87 53 82 59 16 34 12 38 15 37 26 25 40 23 38 43 38 30 71 19 19 29 25 40 16 33 62 18 27 -9999 4 15 12 50 71 65 67 66 64 59 55 27 28 -9999 -9999 -9999 54 82 53 53 53 57 47 72 92 76 52 52 51 75 70 61 58 -9999 -9999 -9999 -9999 -9999 13 -9999 -9999 -9999
3 37 44 14 26 21 29 32 29 61 63 72 43 78 65 43 33 56 17 19 73 53 29 16 30 23 52 52 31 30 14 20 29 16 50 47 107 98 55 7 4 -9999 8 23 18 49 54 55 53 82 49 48 34 -9999 -9999 -9999 -9999 43 58 45 56 56 55 62 66 68 54 54 52 58 69 65 54 32 12 -9999 -9999 -9999 -9999 16 -9999 -9999 -9999
-9999 -9999 -9999 24 15 26 29 29 41 63 73 82 49 71 66 57 71 40 41 17 36 37 34 25 17 38 25 27 22 16 11 9 16 53 46 47 80 63 57 34 29 -9999 15 24 30 23 53 48 70 56 59 43 45 -9999 -9999 -9999 -9999 -9999 63 52 42 61 54 49 55 53 54 54 53 56 62 70 24 26 6 -9999 -9999 -9999 19 -9999 -9999 -9999 -9999
-9999 -9999 -9999 -9999 -9999 -9999 28 28 61 78 63 63 74 77 68 75 51 48 73 70 35 31 18 19 28 15 -9999 -9999 -9999 -9999 -9999 8 22 34 15 36 26 42 23 14 3 13 -9999 37 74 76 15 16 -9999 42 32 53 -9999 -9999 63 38 -9999 -9999 42 60 57 62 58 55 54 56 55 54 54 48 33 45 23 8 -9999 16 -9999 6 -9999 -9999 -9999 -9999 -9999
-9999 -9999 -9999 -9999 -9999 -9999 34 28 59 76 61 46 55 80 72 73 67 67 74 76 26 48 32 28 26 17 23 -9999 -9999 -9999 -9999 -9999 5 3 14 4 9 32 31 30 30 10 16 9 39 11 -9999 -9999 -9999 10 57 55 -9999 55 52 52 -9999 -9999 -9999 23 60 54 59 55 61 67 58 70 52 36 48 41 -9999 -9999 -9999 -9999 -9999 -9999 -9999 -9999 -9999 -9999 -9999
-9999 -9999 -9999 -9999 -9999 -9999 43 34 44 88 56 74 57 72 81 79 62 61 74 80 43 58 55 51 32 28 45 15 34 6 4 6 5 3 14 14 3 3 2 17 4 5 12 -9999 22 5 -9999 -9999 -9999 -9999 25 50 41 54 43 28 28 -9999 -9999 11 23 33 56 55 54 57 47 52 -9999 -9999 -9999 21 -9999 -9999 -9999 24 -9999 -9999 -9999 -9999 -9999 -9999 -9999
-9999 -9999 -9999 -9999 -9999 46 27 29 26 73 55 82 86 55 90 86 74 72 68 94 62 76 90 78 40 30 28 36 14 9 25 32 4 34 30 26 16 9 8 12 33 11 21 -9999 21 18 -9999 -9999 -9999 -9999 -9999 25 19 21 26 28 24 29 22 -9999 -9999 13 22 41 51 36 26 36 -9999 -9999 -9999 -9999 -9999 -9999 -9999 8 -9999 -9999 -9999 -9999 -9999 -9999 -9999
-9999 -9999 -9999 -9999 -9999 42 30 30 33 47 69 89 158 88 59 76 75 82 69 56 69 116 85 92 52 37 58 34 32 25 15 22 5 36 53 35 15 25 23 7 9 11 17 11 6 13 13 -9999 -9999 -9999 -9999 10 -9999 -9999 22 11 23 12 -9999 -9999 -9999 -9999 20 14 27 25 16 16 -9999 -9999 -9999 -9999 -9999 -9999 45 41 -9999 -9999 -9999 -9999 -9999 -9999 -9999
23 -9999 -9999 -9999 -9999 63 23 33 28 47 76 142 93 117 74 58 73 67 74 58 57 89 86 62 69 58 84 44 27 33 14 7 4 39 25 50 41 42 14 7 11 34 15 35 -9999 10 33 -9999 -9999 -9999 -9999 -9999 -9999 -9999 -9999 32 33 -9999 -9999 -9999 -9999 -9999 -9999 -9999 -9999 3 16 36 16 -9999 -9999 -9999 -9999 33 -9999 25 23 -9999 -9999 -9999 -9999 -9999 -9999
15 -9999 -9999 -9999 -9999 -9999 59 35 33 27 66 115 108 123 85 65 53 55 74 44 72 128 97 89 98 39 42 66 67 40 27 12 4 7 21 41 35 33 12 9 3 29 39 41 40 34 34 25 -9999 -9999 -9999 -9999 -9999 -9999 -9999 -9999 -9999 -9999 -9999 -9999 -9999 -9999 -9999 -9999 -9999 -9999 -9999 16 22 -9999 -9999 -9999 27 42 -9999 -9999 -9999 -9999 -9999 -9999 -9999 -9999 -9999
17 -9999 -9999 -9999 -9999 -9999 -9999 45 29 30 42 68 88 75 95 75 60 53 64 87 75 118 132 133 108 79 57 64 44 26 12 5 3 5 17 23 20 18 16 6 6 34 62 40 40 -9999 20 8 -9999 -9999 -9999 -9999 -9999 -9999 -9999 -9999 -9999 -9999 -9999 -9999 -9999 -9999 -9999 -9999 -9999 -9999 -9999 -9999 -9999 -9999 18 -9999 9 11 10 -9999 -9999 -9999 -9999 -9999 -9999 -9999 -9999
8 -9999 -9999 -9999 -9999 -9999 -9999 32 30 30 26 82 80 74 70 116 64 45 65 72 46 77 125 110 86 84 80 39 50 20 11 4 2 12 5 17 25 13 7 7 38 26 47 45 46 36 -9999 33 -9999 -9999 -9999 -9999 -9999 -9999 -9999 -9999 -9999 -9999 -9999 -9999 -9999 -9999 -9999 -9999 -9999 -9999 -9999 -9999 -9999 -9999 -9999 12 -9999 17 10 -9999 -9999 -9999 -9999 -9999 -9999 -9999 -9999
25 -9999 -9999 -9999 -9999 -9999 46 25 34 12 41 65 66 55 74 66 81 72 83 82 53 57 47 109 91 77 42 68 51 17 14 7 8 5 6 12 11 4 5 9 36 65 33 46 40 25 34 -9999 -9999 -9999 -9999 -9999 -9999 -9999 -9999 -9999 -9999 -9999 -9999 -9999 -9999 -9999 -9999 -9999 -9999 -9999 -9999 -9999 -9999 -9999 -9999 -9999 -9999 -9999 -9999 -9999 -9999 -9999 -9999 -9999 -9999 -9999 -9999
19 -9999 -9999 -9999 -9999 47 28 23 12 81 64 34 35 66 50 85 116 66 65 85 44 51 80 111 63 58 85 68 84 28 40 7 8 7 7 6 5 5 38 13 57 55 84 42 24 28 30 40 24 -9999 -9999 -9999 -9999 -9999 -9999 -9999 -9999 -9999 -9999 -9999 -9999 -9999 -9999 -9999 -9999 -9999 -9999 -9999 -9999 -9999 -9999 -9999 -9999 -9999 -9999 -9999 -9999 -9999 -9999 -9999 -9999 -9999 -9999
-9999 -9999 -9999 -9999 27 25 29 12 40 61 45 34 33 34 66 78 100 99 79 70 65 55 47 68 50 95 68 100 76 46 27 18 12 16 14 28 39 27 16 30 54 85 84 21 46 30 49 31 -9999 -9999 -9999 -9999 -9999 -9999 -9999 -9999 -9999 -9999 -9999 -9999 -9999 -9999 -9999 -9999 -9999 -9999 -9999 -9999 -9999 -9999 -9999 -9999 -9999 -9999 -9999 -9999 -9999 -9999 -9999 -9999 -9999 -9999 -9999
-9999 -9999 68 47 35 25 23 77 61 61 46 47 43 34 33 42 73 101 74 76 59 45 45 53 54 52 55 54 55 50 41 27 14 15 56 40 35 36 49 53 63 76 70 55 29 54 38 46 37 -9999 -9999 -9999 -9999 -9999 -9999 -9999 -9999 -9999 -9999 -9999 -9999 -9999 -9999 -9999 -9999 -9999 -9999 -9999 -9999 -9999 -9999 -9999 -9999 -9999 -9999 -9999 -9999 -9999 -9999 -9999 -9999 -9999 -9999
32 73 46 30 34 36 80 29 63 34 51 60 64 32 32 50 83 80 77 72 48 41 41 57 47 49 44 46 59 52 33 36 36 38 47 46 46 48 58 55 87 80 87 54 34 43 40 43 39 37 -9999 -9999 -9999 -9999 -9999 -9999 -9999 -9999 -9999 -9999 -9999 -9999 -9999 -9999 -9999 -9999 -9999 -9999 -9999 -9999 -9999 -9999 -9999 -9999 -9999 -9999 -9999 -9999 -9999 -9999 -9999 -9999 -9999
49 29 26 29 26 14 97 40 64 65 62 59 63 63 63 50 84 92 82 76 61 73 27 42 50 36 36 46 53 45 40 49 58 60 55 49 34 30 33 51 55 82 68 56 32 52 53 51 24 62 43 -9999 -9999 -9999 -9999 -9999 -9999 -9999 -9999 -9999 -9999 -9999 -9999 -9999 -9999 -9999 -9999 -9999 -9999 -9999 -9999 -9999 -9999 -9999 -9999 -9999 -9999 -9999 -9999 -9999 -9999 -9999 -9999
21 34 31 20 20 49 53 46 67 51 50 76 49 48 60 59 48 61 70 87 77 47 42 38 50 37 36 41 47 44 43 62 69 69 40 78 65 65 74 72 81 39 61 54 34 28 38 36 35 35 32 25 -9999 -9999 -9999 -9999 -9999 -9999 -9999 -9999 -9999 -9999 -9999 -9999 -9999 -9999 -9999 -9999 -9999 -9999 -9999 -9999 -9999 -9999 -9999 -9999 -9999 -9999 -9999 -9999 -9999 -9999 -9999
32 34 35 32 33 105 40 43 45 51 81 80 82 48 58 55 51 62 61 67 65 72 49 44 43 57 40 44 50 50 50 57 58 83 62 37 26 36 47 59 74 71 31 40 39 30 36 43 34 38 29 63 63 -9999 -9999 -9999 -9999 -9999 -9999 -9999 -9999 -9999 -9999 -9999 -9999 -9999 -9999 -9999 -9999 -9999 -9999 -9999 -9999 -9999 -9999 -9999 -9999 -9999 -9999 -9999 -9999 -9999 -9999
-9999 30 36 29 98 43 42 47 44 80 62 68 81 77 46 62 68 51 70 60 61 20 66 45 26 27 36 32 54 52 47 52 73 47 17 32 30 74 80 55 46 46 72 35 62 58 59 59 45 39 25 37 36 70 -9999 -9999 -9999 -9999 -9999 -9999 -9999 -9999 -9999 -9999 -9999 -9999 -9999 -9999 -9999 -9999 -9999 -9999 -9999 -9999 -9999 -9999 -9999 -9999 -9999 -9999 -9999 -9999 -9999
-9999 29 36 25 84 44 58 61 58 77 79 58 49 52 61 63 56 52 48 75 62 95 31 8 42 34 20 54 28 30 73 58 25 17 37 45 53 61 46 75 66 48 71 75 75 34 71 65 69 41 53 45 54 43 62 -9999 -9999 -9999 -9999 -9999 -9999 -9999 -9999 -9999 -9999 -9999 -9999 -9999 -9999 -9999 -9999 -9999 -9999 -9999 -9999 -9999 -9999 -9999 -9999 -9999 -9999 -9999 -9999
-9999 30 27 25 73 45 63 64 61 76 63 49 57 65 67 65 64 62 59 63 53 53 44 72 22 24 16 26 34 34 34 28 29 29 65 48 37 36 58 64 62 70 55 58 68 74 75 43 36 47 48 39 53 70 39 -9999 -9999 -9999 -9999 -9999 -9999 -9999 -9999 -9999 -9999 -9999 -9999 -9999 -9999 -9999 -9999 -9999 -9999 -9999 -9999 -9999 -9999 -9999 -9999 -9999 27 -9999 -9999
-9999 44 26 26 80 43 64 63 64 51 80 76 59 67 64 64 63 63 64 58 45 51 61 51 95 25 35 30 31 35 31 31 30 28 45 75 59 60 59 57 60 55 69 61 47 45 45 63 76 45 44 46 57 40 66 54 -9999 -9999 -9999 -9999 -9999 -9999 -9999 -9999 -9999 -9999 -9999 -9999 -9999 -9999 -9999 -9999 -9999 -9999 -9999 -9999 -9999 -9999 -9999 -9999 40 52 35
-9999 21 23 21 30 96 62 63 63 61 62 70 63 62 65 64 64 64 64 61 64 64 46 43 63 62 55 19 21 28 29 26 23 29 44 47 59 62 55 61 58 65 61 58 36 29 28 36 34 42 34 34 47 31 35 41 28 -9999 -9999 -9999 -9999 -9999 -9999 -9999 -9999 -9999 -9999 -9999 -9999 -9999 -9999 -9999 -9999 -9999 -9999 -9999 -9999 -9999 -9999 -9999 30 40 18
-9999 17 28 24 21 30 53 59 63 61 66 64 61 62 64 65 63 61 64 60 60 63 36 36 46 66 46 66 96 96 55 30 20 35 26 32 39 61 47 45 45 46 36 28 31 32 28 30 29 30 26 26 25 25 24 38 26 23 -9999 -9999 -9999 -9999 -9999 -9999 -9999 -9999 -9999 -9999 -9999 -9999 -9999 -9999 -9999 -9999 -9999 -9999 -9999 -9999 -9999 -9999 -9999 17 23
33 24 47 37 18 14 96 51 64 65 55 38 50 57 61 64 62 63 61 64 59 59 35 29 28 45 67 38 35 32 38 93 76 21 20 14 28 37 28 27 32 31 30 31 30 30 31 32 28 26 27 33 33 25 42 42 46 40 35 -9999 -9999 -9999 -9999 -9999 -9999 -9999 -9999 -9999 -9999 -9999 -9999 -9999 -9999 -9999 -9999 -9999 -9999 -9999 -9999 -9999 15 22 38
58 31 58 63 65 66 33 79 72 74 63 90 74 55 62 62 61 63 37 47 60 60 46 31 26 29 43 60 65 66 65 49 60 80 95 83 79 77 10 19 24 22 20 35 29 25 31 34 29 30 30 30 55 45 43 53 56 39 39 31 5 -9999 -9999 -9999 -9999 -9999 -9999 -9999 -9999 -9999 -9999 -9999 -9999 -9999 -9999 -9999 -9999 -9999 24 17 12 34 67
56 65 83 82 49 51 83 109 68 80 87 62 67 52 63 63 63 45 36 36 35 46 50 39 26 25 29 43 43 47 63 54 42 75 77 50 41 41 84 36 30 64 58 60 51 26 20 28 33 30 24 20 27 45 38 35 47 41 38 36 -9999 -9999 -9999 -9999 -9999 -9999 -9999 -9999 -9999 -9999 -9999 -9999 -9999 -9999 -9999 -9999 -9999 -9999 21 17 9 66 78
