slauniainen/Data/VMI/vihti_kuusi.asc
ncols         196
nrows         178
xllcorner     353680
yllcorner     6699024
cellsize      16
NODATA_value  -9999
[rows 111 to 147 of 178, columns 83 to 165 of 196]
128 111 97 117 123 155 59 78 117 106 2 16 10 0 0 0 0 0 0 0 0 0 0 0 0 0 0 0 0 0 0 0 0 0 0 0 0 0 8 6 1 29 172 106 25 17 9 5 16 40 66 61 52 7 8 8 22 16 34 56 100 -9999 -9999 -9999 -9999 -9999 -9999 -9999 -9999 -9999 -9999 -9999 -9999 -9999 -9999 -9999 -9999 1 11 13 14 63 15
161 47 124 118 75 92 160 70 89 49 31 3 8 0 0 0 0 0 0 0 0 0 0 0 0 0 0 0 0 0 0 0 0 0 0 0 0 0 11 7 0 87 147 55 20 18 0 0 4 15 8 52 55 7 7 3 4 21 13 106 26 69 -9999 -9999 -9999 -9999 -9999 -9999 -9999 -9999 -9999 -9999 -9999 -9999 -9999 -9999 -9999 -9999 9 15 0 64 87
225 82 174 176 120 92 95 151 218 98 28 34 31 3 0 0 0 0 0 0 0 0 0 0 0 0 0 0 0 0 0 0 0 0 0 0 10 11 3 2 10 166 130 33 77 70 9 0 2 13 3 87 22 49 36 18 28 7 77 95 7 87 68 -9999 -9999 -9999 -9999 -9999 -9999 -9999 -9999 -9999 -9999 -9999 -9999 -9999 22 8 3 58 68 69 66
44 106 125 141 129 179 101 85 127 124 54 52 26 7 0 0 0 0 0 0 0 0 0 0 0 0 0 0 0 0 0 0 0 0 0 0 10 16 0 51 71 58 51 51 88 20 37 22 23 4 41 32 105 108 42 14 139 51 2 104 32 64 18 57 -9999 -9999 -9999 -9999 -9999 -9999 -9999 -9999 -9999 -9999 -9999 -9999 66 5 1 61 73 77 92
46 52 93 117 158 191 75 67 130 112 55 25 11 3 0 0 0 0 0 0 0 0 0 0 0 0 0 0 0 0 0 0 0 0 0 10 0 19 38 82 5 67 44 13 54 127 6 62 36 4 39 67 120 103 50 42 47 44 58 156 114 162 164 138 76 -9999 -9999 -9999 -9999 -9999 -9999 -9999 -9999 -9999 -9999 72 5 4 3 83 194 114 96
37 104 163 174 128 154 146 61 150 74 55 59 25 10 0 0 0 0 0 0 0 0 0 0 0 0 0 0 0 0 0 0 0 7 0 23 43 28 28 58 87 93 205 120 108 84 37 129 28 26 3 21 68 17 17 79 54 93 52 71 46 21 7 60 31 96 -9999 -9999 -9999 -9999 -9999 -9999 -9999 -9999 -9999 5 52 3 14 97 96 112 16
195 117 128 158 149 166 114 64 103 56 34 50 33 9 0 0 0 0 0 0 0 0 0 0 0 0 0 0 0 0 0 0 8 0 63 49 79 157 103 76 132 197 125 107 151 105 205 151 155 178 158 155 7 46 44 63 69 43 48 63 29 21 16 63 83 51 -9999 -9999 -9999 -9999 -9999 -9999 -9999 -9999 5 50 45 14 62 146 168 52 27
135 157 107 189 188 178 99 134 101 114 62 22 16 10 0 0 0 0 0 0 0 0 0 0 0 0 0 0 0 0 0 0 0 25 16 15 179 33 67 56 83 45 88 119 96 91 57 50 55 74 134 165 22 48 54 7 74 55 61 53 135 73 16 60 47 67 11 -9999 16 -9999 -9999 -9999 2 6 5 4 1 3 10 22 12 40 29
136 189 142 122 137 141 165 136 82 88 36 22 45 16 0 0 0 0 0 0 0 0 0 0 0 0 0 0 0 0 0 7 0 29 116 50 112 82 95 111 133 89 84 80 75 70 65 64 64 75 56 117 30 4 3 22 9 140 145 73 12 0 25 109 55 6 33 2 2 31 3 12 5 49 3 21 76 86 90 19 35 28 46
114 130 134 176 101 184 162 76 133 235 112 23 58 14 9 0 0 0 0 0 0 0 0 0 0 0 0 0 0 0 0 8 4 32 75 110 69 133 92 60 66 59 83 75 74 73 70 69 71 73 79 123 102 3 13 4 25 4 7 11 23 23 9 0 0 22 7 2 50 35 3 10 4 3 3 127 154 109 78 41 33 4 61
80 42 97 110 157 161 159 152 66 185 139 21 53 36 14 0 0 0 0 0 0 0 0 0 0 0 0 0 0 0 0 15 32 104 40 51 102 77 63 52 66 60 75 75 71 67 24 23 41 69 70 125 57 18 3 68 13 5 44 30 37 18 24 24 31 20 2 19 17 12 22 2 3 3 253 85 114 130 46 39 5 43 -9999
63 33 60 67 102 96 127 140 159 109 58 12 12 48 17 0 0 0 0 0 0 0 0 0 0 0 0 0 0 0 0 15 115 72 48 101 44 54 69 54 67 64 81 81 67 23 16 15 17 23 44 77 90 81 16 10 10 11 7 36 34 18 26 20 28 22 26 -9999 26 20 51 94 149 222 140 70 169 104 41 29 44 -9999 -9999
52 52 70 85 57 51 54 6 156 187 44 42 3 59 6 0 0 0 0 0 0 0 0 0 0 0 0 0 0 0 0 11 94 70 56 63 38 102 137 142 153 112 115 99 52 17 8 8 16 21 20 48 86 164 42 1 2 3 38 47 46 40 29 24 10 15 11 30 9 15 56 112 86 104 73 105 119 15 37 10 -9999 -9999 -9999
82 108 88 53 74 30 38 51 104 88 30 65 2 13 0 0 0 0 0 0 0 0 0 0 0 0 0 0 0 0 8 29 88 25 62 51 68 57 73 109 106 78 50 138 89 46 5 12 9 9 7 46 89 85 160 3 3 78 158 55 67 53 54 49 28 26 25 16 71 74 136 94 77 88 96 111 9 0 2 45 -9999 -9999 -9999
105 60 54 18 51 28 10 84 197 117 43 46 5 53 27 0 0 0 0 0 0 0 0 0 0 0 0 0 0 5 0 165 97 50 54 52 65 51 46 52 74 42 45 79 183 29 11 88 19 75 90 51 7 59 125 79 79 73 140 96 109 57 55 73 53 27 28 81 80 166 64 101 85 50 50 51 19 3 20 -9999 -9999 -9999 -9999
47 74 68 81 99 193 135 156 103 214 73 33 8 38 8 5 0 0 0 0 0 0 0 0 0 0 0 0 0 8 32 152 32 93 55 96 83 45 19 1 0 0 0 15 153 62 56 0 0 3 28 36 79 51 127 74 100 108 119 44 9 74 56 87 50 36 48 72 -9999 125 72 82 53 45 57 91 4 28 -9999 -9999 -9999 -9999 -9999
200 90 129 60 159 167 180 153 232 56 57 23 7 20 76 19 0 0 0 0 0 0 0 0 0 0 0 0 0 6 39 6 12 64 77 42 36 16 8 16 38 27 35 18 107 4 3 0 11 3 19 49 83 132 27 64 67 66 63 10 6 71 59 112 99 110 55 70 -9999 35 79 118 71 44 108 51 155 -9999 -9999 -9999 -9999 -9999 -9999
93 117 105 100 171 155 117 151 155 68 28 23 34 19 33 52 4 7 0 0 0 0 0 0 0 0 0 0 0 7 14 5 18 32 55 35 10 8 8 14 44 79 38 85 201 4 2 30 0 14 28 32 43 35 4 19 60 66 65 11 66 150 56 53 104 77 47 37 -9999 19 77 10 38 66 21 250 -9999 -9999 -9999 -9999 -9999 -9999 -9999
63 143 116 95 112 100 127 113 209 119 81 86 19 14 61 134 21 12 7 0 0 0 0 0 0 0 0 0 0 19 28 6 19 50 50 85 80 72 101 123 51 128 21 68 40 27 72 14 51 29 34 33 37 70 19 18 7 98 107 119 231 87 26 46 46 38 23 35 -9999 41 0 85 39 35 109 69 -9999 -9999 -9999 -9999 -9999 -9999 -9999
117 89 120 137 116 140 151 126 134 76 17 17 55 4 48 16 51 23 0 7 0 0 0 0 0 0 0 0 0 16 30 16 51 79 132 195 177 88 94 56 24 7 83 63 27 11 12 46 42 46 43 33 30 18 20 22 20 34 67 66 70 42 24 17 12 35 18 24 43 25 71 58 37 64 45 65 -9999 -9999 -9999 -9999 -9999 -9999 -9999
143 146 185 136 114 172 176 125 182 30 20 29 5 10 104 168 256 153 145 12 12 6 9 5 0 0 0 0 0 12 28 52 53 95 106 107 120 68 58 65 84 49 52 42 30 11 11 33 0 0 49 16 26 62 2 24 18 20 6 62 1 25 13 10 12 12 12 13 4 18 26 69 75 113 63 20 -9999 -9999 -9999 -9999 -9999 -9999 -9999
105 117 168 258 69 64 103 79 5 5 10 33 4 14 122 113 133 32 106 126 198 205 3 3 34 33 0 0 10 17 17 82 57 122 94 84 80 96 97 64 50 42 58 35 22 17 60 2 0 0 2 48 26 94 5 27 24 25 81 0 67 31 75 29 13 6 9 7 9 -9999 76 59 104 101 46 41 -9999 -9999 -9999 -9999 -9999 -9999 -9999
200 181 194 39 35 141 21 75 11 10 32 0 4 137 26 35 48 81 73 58 84 89 158 79 66 0 26 28 13 25 119 49 133 83 67 42 61 104 73 60 51 15 61 54 58 10 50 0 0 0 0 0 3 3 5 30 31 51 0 54 101 22 92 99 55 28 65 2 7 -9999 124 56 69 85 94 48 52 -9999 -9999 -9999 -9999 -9999 -9999
111 34 77 57 8 5 17 31 32 32 0 40 155 30 89 94 88 67 87 95 24 19 90 74 110 75 26 16 24 34 51 124 78 66 45 43 68 85 54 47 0 21 70 64 38 41 22 13 28 10 0 0 16 26 21 15 19 0 0 0 19 13 71 38 39 55 43 70 3 -9999 91 60 128 75 133 109 62 -9999 -9999 -9999 -9999 -9999 -9999
98 63 0 31 16 30 40 41 0 25 47 58 66 77 83 83 54 51 49 49 72 79 67 76 71 73 49 24 38 54 129 145 61 42 42 46 63 76 48 12 91 66 47 68 105 93 74 0 34 78 68 69 14 21 23 24 27 10 0 0 0 18 48 51 32 117 57 68 28 -9999 16 22 6 89 28 55 66 -9999 -9999 -9999 -9999 -9999 -9999
31 39 40 40 32 32 49 51 0 20 107 38 34 29 23 0 75 97 47 85 87 48 48 62 67 71 67 84 117 130 156 69 28 23 41 55 46 66 30 40 47 117 207 85 73 26 47 51 54 133 74 71 71 75 80 42 2 13 64 0 0 19 35 141 93 193 112 41 101 -9999 43 76 15 7 75 46 23 -9999 -9999 -9999 -9999 -9999 -9999
35 39 43 36 1 1 0 4 14 47 32 139 149 104 67 55 111 8 7 6 18 31 24 14 31 14 39 34 68 95 132 143 43 40 59 44 73 74 38 91 46 77 149 63 98 102 11 35 113 117 84 60 73 66 11 41 46 14 0 19 0 46 84 77 98 67 70 43 42 36 139 42 1 28 15 23 119 -9999 -9999 -9999 -9999 -9999 -9999
38 123 33 0 0 1 4 10 50 38 58 39 24 82 108 176 69 56 66 79 72 64 37 41 79 46 47 77 52 80 46 177 7 39 54 18 54 34 74 101 51 69 62 79 76 44 58 12 10 30 58 77 46 59 53 62 74 67 13 19 28 94 53 122 97 23 69 15 27 15 9 22 9 36 25 -9999 -9999 -9999 -9999 -9999 -9999 -9999 -9999
128 150 30 40 4 3 0 38 25 55 62 65 15 3 9 39 63 36 198 155 131 54 55 75 78 48 44 38 39 68 19 75 66 3 37 0 78 36 41 72 30 34 25 111 34 43 76 0 0 12 57 73 60 0 71 79 37 83 23 56 69 85 57 60 80 82 40 25 -9999 24 18 -9999 -9999 -9999 -9999 -9999 -9999 -9999 -9999 -9999 -9999 -9999 -9999
37 79 59 15 13 26 19 2 75 98 131 75 80 16 10 59 58 30 110 35 94 196 129 71 129 33 116 20 110 1 27 6 107 35 2 45 161 34 142 92 63 20 21 97 16 73 79 68 0 0 16 58 69 0 43 61 2 62 77 50 69 134 16 18 57 90 26 17 -9999 -9999 -9999 -9999 -9999 -9999 -9999 -9999 -9999 -9999 -9999 -9999 -9999 -9999 -9999
-9999 23 43 17 14 0 0 35 35 99 36 49 36 17 7 32 39 26 23 14 12 75 9 45 64 220 103 64 33 30 12 0 72 85 32 53 10 33 156 118 20 14 45 66 84 6 73 80 42 11 11 16 25 15 8 65 70 6 61 53 62 65 45 61 41 -9999 -9999 -9999 -9999 -9999 -9999 -9999 -9999 -9999 -9999 -9999 -9999 -9999 -9999 -9999 -9999 -9999 -9999
-9999 55 0 77 26 36 71 35 31 89 75 28 20 19 32 31 29 16 100 12 0 60 7 2 59 59 66 70 45 85 51 6 0 50 44 40 57 47 89 31 60 41 19 37 55 15 72 25 42 87 39 0 0 2 42 29 67 55 56 89 63 65 40 -9999 -9999 -9999 -9999 -9999 -9999 -9999 -9999 -9999 -9999 -9999 -9999 -9999 -9999 -9999 -9999 -9999 -9999 -9999 -9999
-9999 -9999 -9999 61 47 19 76 31 36 36 36 22 18 28 27 31 35 16 30 14 18 14 5 0 0 13 25 65 64 52 73 9 30 24 31 33 43 37 10 24 68 33 82 53 73 13 61 7 37 11 88 69 25 1 6 20 48 46 26 66 -9999 -9999 -9999 -9999 -9999 -9999 -9999 -9999 -9999 -9999 -9999 -9999 -9999 -9999 -9999 -9999 -9999 -9999 -9999 -9999 -9999 -9999 -9999
-9999 -9999 -9999 33 6 32 24 31 31 31 25 19 26 10 65 18 4 45 113 148 93 70 32 0 0 0 8 80 69 25 66 27 33 65 116 135 49 42 20 63 47 23 25 27 117 74 80 61 45 42 22 72 9 1 0 24 23 -9999 -9999 -9999 -9999 -9999 -9999 -9999 -9999 -9999 -9999 -9999 -9999 -9999 -9999 -9999 -9999 -9999 -9999 -9999 -9999 -9999 -9999 -9999 -9999 -9999 -9999
-9999 -9999 -9999 -9999 34 2 17 18 17 7 23 4 40 25 27 0 59 174 91 50 57 35 46 22 3 0 14 54 36 52 9 23 24 48 99 97 22 52 118 25 60 29 50 38 58 54 70 116 32 50 90 151 5 10 -9999 -9999 -9999 -9999 -9999 -9999 -9999 -9999 -9999 -9999 -9999 -9999 -9999 -9999 -9999 -9999 -9999 -9999 -9999 -9999 -9999 -9999 -9999 -9999 -9999 -9999 -9999 -9999 -9999
-9999 -9999 -9999 8 6 67 14 14 17 18 23 23 30 1 53 119 25 72 98 83 84 42 35 151 19 0 31 67 61 70 8 17 27 51 101 74 81 105 45 20 27 60 67 52 27 23 50 71 22 64 55 -9999 -9999 -9999 -9999 -9999 -9999 -9999 -9999 -9999 -9999 -9999 -9999 -9999 -9999 -9999 -9999 -9999 -9999 -9999 -9999 -9999 -9999 -9999 -9999 -9999 -9999 -9999 -9999 -9999 -9999 -9999 -9999
-9999 -9999 -9999 38 40 8 12 19 6 7 3 0 72 108 88 72 91 106 63 53 53 34 33 16 77 52 52 78 64 98 57 0 82 65 57 58 57 95 67 43 61 60 69 84 34 38 16 93 -9999 -9999 -9999 -9999 -9999 -9999 -9999 -9999 -9999 -9999 -9999 -9999 -9999 -9999 -9999 -9999 -9999 -9999 -9999 -9999 -9999 -9999 -9999 -9999 -9999 -9999 -9999 -9999 -9999 -9999 -9999 -9999 -9999 -9999 -9999
