slauniainen/Data/VMI/vihti_manty.asc
ncols         196
nrows         178
xllcorner     353680
yllcorner     6699024
cellsize      16
NODATA_value  -9999
[rows 111 to 147 of 178, columns 84 to 167 of 196]
4 23 33 58 32 61 50 3 8 46 62 59 12 12 10 0 3 4 4 4 3 0 0 4 3 3 4 3 3 0 0 1 1 2 5 10 8 26 59 125 135 33 32 16 71 0 0 26 31 8 0 0 2 0 0 0 12 34 60 62 -9999 -9999 -9999 -9999 -9999 -9999 -9999 -9999 -9999 -9999 -9999 -9999 -9999 -9999 -9999 -9999 50 0 0 0 24 56 56 64
96 72 72 75 22 28 95 93 99 63 26 50 11 11 10 10 0 4 3 3 3 0 0 3 3 3 3 4 3 3 3 3 0 8 5 11 11 58 64 133 49 117 95 18 68 4 11 4 24 74 3 0 2 2 0 0 10 21 78 126 132 -9999 -9999 -9999 -9999 -9999 -9999 -9999 -9999 -9999 -9999 -9999 -9999 -9999 -9999 -9999 -9999 10 0 0 25 31 56 56
81 48 57 82 116 108 111 0 12 35 6 17 10 11 10 9 0 3 3 3 4 3 3 3 3 4 4 4 3 3 3 3 3 10 1 40 53 46 96 186 33 21 111 18 30 0 12 30 0 71 7 40 19 6 3 8 31 100 67 176 113 132 -9999 -9999 -9999 -9999 -9999 -9999 -9999 -9999 -9999 -9999 -9999 -9999 -9999 15 32 3 0 21 25 28 28 25
162 74 110 101 56 112 51 70 29 23 8 52 36 2 8 10 11 2 0 3 3 4 4 4 3 0 10 3 3 2 0 3 3 11 10 60 17 117 11 38 35 72 42 48 15 63 52 12 10 33 7 33 3 33 12 27 37 175 46 143 193 145 100 -9999 -9999 -9999 -9999 -9999 -9999 -9999 -9999 -9999 -9999 -9999 -9999 42 0 0 0 22 21 18 7 19
159 130 82 66 30 96 75 81 19 41 2 82 25 5 8 11 11 11 0 0 0 3 3 3 3 10 11 0 3 2 10 9 0 1 61 51 64 104 69 175 73 109 129 57 36 151 51 159 113 69 84 14 56 70 83 92 145 135 98 140 56 27 77 102 -9999 -9999 -9999 -9999 -9999 -9999 -9999 -9999 -9999 -9999 15 0 0 0 7 0 29 37 0 0
43 38 25 71 63 82 148 29 48 22 4 49 54 8 0 3 11 11 0 0 0 0 0 3 4 4 3 3 3 3 10 2 37 82 130 166 142 106 121 71 42 8 51 35 61 128 92 183 142 122 57 58 20 9 58 58 163 198 167 181 213 174 167 99 54 -9999 -9999 -9999 -9999 -9999 -9999 -9999 -9999 -9999 0 9 0 0 7 35 40 48 12 22
66 74 42 101 44 54 80 34 37 55 9 37 34 10 3 3 3 0 0 0 0 0 0 1 3 4 4 4 4 3 11 55 100 142 110 96 45 61 109 82 19 57 50 76 51 38 43 54 96 93 45 23 3 12 77 46 134 163 199 161 131 146 171 190 98 -9999 -9999 -9999 -9999 -9999 -9999 -9999 -9999 0 9 8 0 19 20 39 42 36 21 0
78 125 68 32 39 58 65 93 18 17 14 72 52 8 3 3 3 0 0 0 0 0 0 0 0 0 0 3 3 0 2 25 168 164 180 22 117 85 86 35 46 46 43 59 31 24 22 31 64 51 34 17 24 16 32 61 143 145 150 65 104 191 175 97 90 26 -9999 10 -9999 -9999 -9999 16 0 0 0 0 22 10 3 46 41 7 12 7
44 77 105 106 65 56 63 96 123 73 16 82 16 3 8 3 0 0 0 0 0 0 0 0 0 0 0 0 3 1 36 76 147 78 65 115 44 42 34 23 61 71 77 76 59 55 55 55 66 39 31 15 2 7 15 29 46 41 35 57 74 74 44 38 16 25 12 17 15 1 41 0 8 0 10 19 9 9 3 24 14 18 14 -9999
55 53 44 130 68 48 71 109 50 31 42 8 91 51 1 4 0 0 0 0 0 0 0 0 0 0 0 0 3 11 56 114 116 58 114 35 25 16 32 52 78 73 80 74 76 81 85 75 74 68 37 33 0 20 1 13 39 23 31 16 16 23 62 20 11 1 11 6 15 1 37 0 0 21 26 26 9 10 12 21 5 43 -9999 -9999
85 62 64 47 76 66 66 105 94 16 12 0 60 15 2 3 0 0 0 0 0 0 0 0 0 0 0 0 3 12 27 115 46 80 30 48 60 62 39 51 79 80 76 83 100 84 75 95 82 76 40 67 3 0 38 21 1 15 11 8 9 10 15 23 10 5 22 11 41 0 0 14 14 14 31 24 31 32 15 28 37 -9999 -9999 -9999
100 82 49 129 116 73 106 61 135 5 7 2 39 29 2 3 0 0 0 0 0 0 0 0 0 0 0 0 0 12 28 108 40 73 43 90 90 51 34 62 75 76 77 102 67 58 55 52 80 86 83 29 43 3 31 30 39 0 18 16 35 11 41 14 13 17 -9999 11 37 24 31 27 20 6 47 7 38 14 22 33 -9999 -9999 -9999 -9999
88 65 140 161 104 88 168 23 32 10 0 0 8 48 9 3 4 0 0 0 0 0 0 0 0 0 0 0 0 2 58 46 61 78 46 78 50 25 25 6 34 32 43 88 51 33 33 54 62 64 85 34 92 30 18 0 14 24 78 60 76 76 71 50 52 38 12 8 3 29 34 49 25 50 26 29 11 29 14 -9999 -9999 -9999 -9999 -9999
126 136 87 97 181 112 87 124 34 18 0 0 4 12 17 3 4 0 0 0 0 0 0 0 0 0 0 0 0 56 107 41 82 57 61 32 62 50 38 39 39 41 27 41 37 17 17 28 23 36 58 53 36 39 22 21 7 22 66 49 82 62 45 70 70 38 8 18 16 30 40 44 23 51 7 23 1 16 20 -9999 -9999 -9999 -9999 -9999
153 132 185 123 133 113 60 12 26 42 0 0 6 4 14 15 3 0 0 0 0 0 0 0 0 0 0 0 16 69 63 46 69 68 68 77 74 73 67 28 54 77 55 33 45 40 54 35 20 44 54 36 97 33 18 18 6 26 45 34 41 68 40 26 75 41 18 17 17 38 46 31 45 57 30 8 8 23 -9999 -9999 -9999 -9999 -9999 -9999
120 99 138 58 39 47 31 6 33 16 4 8 15 32 4 22 3 5 0 0 0 0 0 0 0 0 0 0 62 106 25 30 51 67 61 24 63 47 87 15 14 53 50 40 17 18 7 20 92 84 121 95 81 36 13 8 6 0 35 80 45 85 56 52 65 58 19 -9999 27 45 36 51 50 94 52 27 9 -9999 -9999 -9999 -9999 -9999 -9999 -9999
88 97 81 31 31 99 3 53 4 11 13 9 13 5 44 12 15 5 0 0 0 0 0 0 0 0 0 0 52 100 69 46 44 31 55 12 0 0 0 12 84 59 52 41 7 2 9 0 69 98 129 117 34 23 21 18 6 22 23 47 47 93 113 55 22 30 10 -9999 24 47 95 75 76 161 113 22 -9999 -9999 -9999 -9999 -9999 -9999 -9999 -9999
56 90 65 86 96 45 78 17 25 31 14 13 15 60 3 77 32 18 4 0 0 0 0 0 0 0 0 0 55 18 7 91 46 66 56 9 9 14 8 80 18 98 73 36 9 19 51 45 125 127 133 126 71 8 23 21 6 6 8 47 33 85 87 56 38 66 16 -9999 3 57 138 113 85 221 50 -9999 -9999 -9999 -9999 -9999 -9999 -9999 -9999 -9999
41 25 43 55 71 76 83 20 8 15 4 15 51 33 34 90 59 23 3 5 0 0 0 0 0 0 0 0 16 26 7 93 75 55 31 12 19 31 46 118 89 49 53 73 44 41 68 85 56 131 124 121 81 0 24 14 24 2 34 31 65 72 82 92 85 94 14 -9999 14 34 74 150 180 57 84 -9999 -9999 -9999 -9999 -9999 -9999 -9999 -9999 -9999
118 72 112 101 83 83 75 91 51 2 7 18 50 78 177 134 173 96 33 11 3 0 0 0 0 0 0 0 97 24 82 78 38 36 24 7 40 54 60 29 36 45 53 96 96 56 31 43 44 87 133 118 114 0 20 12 30 20 33 21 122 111 51 9 24 95 63 17 25 89 107 205 102 55 78 -9999 -9999 -9999 -9999 -9999 -9999 -9999 -9999 -9999
52 26 92 87 80 28 41 9 57 8 30 34 28 14 51 33 23 50 75 73 47 54 45 0 0 0 0 0 29 20 70 64 43 40 39 24 63 53 52 61 72 47 44 110 93 61 21 36 37 57 70 89 76 0 18 23 12 8 20 64 126 31 26 0 0 53 66 52 18 87 45 37 5 46 56 -9999 -9999 -9999 -9999 -9999 -9999 -9999 -9999 -9999
74 36 7 20 23 15 42 2 0 11 12 14 6 116 65 55 52 48 54 19 18 122 123 143 121 0 0 30 8 51 52 47 42 76 64 69 59 57 73 82 51 67 68 49 39 42 23 30 31 23 32 23 18 16 6 6 6 51 30 39 71 97 77 24 58 96 86 4 -9999 42 41 41 43 48 30 -9999 -9999 -9999 -9999 -9999 -9999 -9999 -9999 -9999
8 33 26 13 34 0 0 10 11 12 0 21 48 51 29 48 44 31 40 54 49 56 40 73 54 13 21 7 80 48 73 35 74 88 86 114 46 48 65 37 145 90 89 103 122 75 29 17 17 27 39 39 25 17 0 9 13 32 42 23 44 111 99 34 193 145 169 23 -9999 64 52 43 65 40 3 64 -9999 -9999 -9999 -9999 -9999 -9999 -9999 -9999
63 26 6 0 0 16 12 12 12 11 28 96 35 30 63 68 57 70 57 44 49 88 62 55 27 78 19 58 87 63 29 79 90 79 81 88 61 64 112 107 138 133 136 216 162 109 37 47 39 43 40 10 11 7 7 49 15 39 29 66 139 48 45 74 92 59 95 6 -9999 50 65 26 27 23 41 0 -9999 -9999 -9999 -9999 -9999 -9999 -9999 -9999
0 0 12 16 12 16 16 7 13 68 51 58 45 49 63 73 57 66 27 49 44 53 43 43 31 75 52 65 63 38 19 115 92 91 100 53 47 81 11 81 46 130 94 138 60 71 107 62 79 83 38 8 8 3 66 5 24 31 38 33 130 46 77 94 34 75 17 9 -9999 10 45 6 84 20 6 19 -9999 -9999 -9999 -9999 -9999 -9999 -9999 -9999
17 16 16 13 13 8 9 18 19 43 50 53 54 53 51 117 61 85 67 48 82 47 51 52 52 51 46 42 30 25 35 101 80 92 84 85 62 22 43 91 50 64 35 123 81 92 55 53 36 41 63 36 36 50 12 7 9 25 29 51 97 100 9 3 7 36 13 22 -9999 7 13 17 17 18 14 22 -9999 -9999 -9999 -9999 -9999 -9999 -9999 -9999
17 16 14 16 0 8 11 63 99 79 107 104 79 58 83 75 42 44 51 8 18 12 47 95 105 83 100 64 39 29 25 83 90 79 31 126 37 43 36 87 43 118 65 64 25 46 46 44 40 51 56 36 37 85 19 4 3 31 52 30 45 50 76 23 47 19 43 17 17 20 18 17 15 12 19 24 -9999 -9999 -9999 -9999 -9999 -9999 -9999 -9999
81 64 14 15 0 10 13 86 57 72 108 51 96 55 67 60 23 51 63 54 37 28 89 36 61 52 121 84 49 81 21 41 72 78 37 54 57 46 4 0 18 33 82 43 51 45 69 13 40 77 55 6 36 91 25 22 56 15 77 21 43 65 0 18 29 22 35 24 15 2 6 2 39 29 -9999 -9999 -9999 -9999 -9999 -9999 -9999 -9999 -9999 -9999
123 162 15 22 11 15 61 75 107 71 65 14 26 34 40 80 92 25 4 21 37 32 98 67 83 51 78 151 31 44 30 59 44 72 53 85 133 88 0 44 40 7 5 27 47 50 38 34 28 45 84 40 40 49 79 4 48 8 38 52 49 69 43 0 45 11 36 -9999 15 21 -9999 -9999 -9999 -9999 -9999 -9999 -9999 -9999 -9999 -9999 -9999 -9999 -9999 -9999
39 83 56 6 13 7 91 66 80 88 36 7 79 69 39 32 47 46 37 33 45 6 74 74 156 61 79 20 77 68 19 66 62 79 104 28 126 27 23 80 85 0 15 67 52 75 38 21 56 37 36 41 43 49 64 71 3 42 5 20 34 55 65 49 19 8 23 -9999 -9999 -9999 -9999 -9999 -9999 -9999 -9999 -9999 -9999 -9999 -9999 -9999 -9999 -9999 -9999 -9999
42 31 0 8 53 92 17 31 103 42 12 0 0 16 49 46 23 21 8 14 9 1 44 57 28 53 45 89 43 57 17 24 107 73 104 168 83 15 6 8 57 19 16 81 117 51 47 46 72 38 9 13 16 11 72 50 4 3 34 36 88 11 8 18 -9999 -9999 -9999 -9999 -9999 -9999 -9999 -9999 -9999 -9999 -9999 -9999 -9999 -9999 -9999 -9999 -9999 -9999 -9999 -9999
88 97 100 94 94 40 88 108 67 26 14 7 7 9 13 12 8 63 56 30 34 34 4 49 55 51 48 91 38 39 45 18 83 113 85 50 51 13 4 4 4 56 23 20 81 31 69 50 45 73 117 134 134 96 37 62 30 30 39 63 86 29 -9999 -9999 -9999 -9999 -9999 -9999 -9999 -9999 -9999 -9999 -9999 -9999 -9999 -9999 -9999 -9999 -9999 -9999 -9999 -9999 -9999 -9999
-9999 -9999 103 70 15 11 71 8 8 10 8 6 7 9 0 23 7 35 69 132 11 21 8 0 7 19 59 34 72 63 16 15 38 101 106 54 132 2 6 18 75 40 47 54 94 42 110 48 85 40 48 83 128 150 37 31 43 11 0 -9999 -9999 -9999 -9999 -9999 -9999 -9999 -9999 -9999 -9999 -9999 -9999 -9999 -9999 -9999 -9999 -9999 -9999 -9999 -9999 -9999 -9999 -9999 -9999 -9999
-9999 -9999 56 25 3 11 11 9 8 7 7 7 36 17 8 13 19 81 100 40 78 29 4 6 40 7 76 22 113 48 4 16 84 63 129 170 82 5 40 53 112 70 83 26 119 85 65 31 67 77 76 103 128 81 87 65 -9999 -9999 -9999 -9999 -9999 -9999 -9999 -9999 -9999 -9999 -9999 -9999 -9999 -9999 -9999 -9999 -9999 -9999 -9999 -9999 -9999 -9999 -9999 -9999 -9999 -9999 -9999 -9999
-9999 -9999 -9999 48 14 7 0 6 6 8 12 9 19 14 16 82 87 53 49 56 36 44 9 3 6 4 86 35 102 59 13 55 113 38 140 182 53 11 56 31 93 73 54 27 84 119 77 40 29 59 88 107 118 -9999 -9999 -9999 -9999 -9999 -9999 -9999 -9999 -9999 -9999 -9999 -9999 -9999 -9999 -9999 -9999 -9999 -9999 -9999 -9999 -9999 -9999 -9999 -9999 -9999 -9999 -9999 -9999 -9999 -9999 -9999
-9999 -9999 24 0 15 13 5 6 7 7 31 11 13 18 23 83 38 56 61 63 57 45 34 0 26 13 48 49 69 61 86 85 128 43 121 139 20 82 22 20 53 94 97 95 80 33 158 97 44 53 -9999 -9999 -9999 -9999 -9999 -9999 -9999 -9999 -9999 -9999 -9999 -9999 -9999 -9999 -9999 -9999 -9999 -9999 -9999 -9999 -9999 -9999 -9999 -9999 -9999 -9999 -9999 -9999 -9999 -9999 -9999 -9999 -9999 -9999
-9999 -9999 28 27 22 9 0 12 17 66 43 39 80 71 44 43 47 45 55 76 47 70 135 104 127 56 34 44 84 26 24 76 93 78 123 126 83 65 101 71 51 53 69 79 66 90 89 -9999 -9999 -9999 -9999 -9999 -9999 -9999 -9999 -9999 -9999 -9999 -9999 -9999 -9999 -9999 -9999 -9999 -9999 -9999 -9999 -9999 -9999 -9999 -9999 -9999 -9999 -9999 -9999 -9999 -9999 -9999 -9999 -9999 -9999 -9999 -9999 -9999
