slauniainen/Data/VMI/vihti_bm_lehtip_juuret.asc
ncols         196
nrows         178
xllcorner     353680
yllcorner     6699024
cellsize      16
NODATA_value  -9999
[rows 72 to 107 of 178, columns 81 to 161 of 196]
823 1232 1222 658 1344 974 1006 999 898 1148 925 521 1232 251 1122 253 119 230 164 287 233 135 256 344 413 223 200 0 0 0 205 -9999 1927 213 1227 982 170 456 416 -9999 -9999 -9999 -9999 -9999 -9999 -9999 -9999 -9999 -9999 -9999 -9999 -9999 -9999 -9999 -9999 -9999 -9999 -9999 -9999 -9999 -9999 -9999 -9999 -9999 -9999 -9999 -9999 -9999 -9999 -9999 -9999 -9999 -9999 1015 619 854 403 1100 1029 889 503
47 1234 614 2154 2358 2427 2296 2276 1795 1603 1047 863 1186 1578 1944 251 570 649 465 335 178 604 292 425 371 866 547 225 236 768 711 673 53 972 1235 202 339 420 992 1049 -9999 -9999 -9999 -9999 -9999 -9999 -9999 -9999 -9999 -9999 -9999 -9999 -9999 -9999 -9999 -9999 -9999 -9999 -9999 -9999 -9999 -9999 -9999 -9999 -9999 -9999 -9999 -9999 -9999 -9999 -9999 -9999 -9999 874 284 193 229 627 327 964 1265
677 519 1027 799 1601 1993 2187 2051 772 1250 1178 1255 1296 2162 717 773 119 513 433 220 85 64 345 573 395 343 106 537 1013 1141 802 446 -9999 1664 1126 1797 154 1335 1625 1134 1466 378 -9999 -9999 -9999 -9999 -9999 -9999 -9999 -9999 -9999 -9999 -9999 -9999 -9999 -9999 -9999 -9999 -9999 -9999 -9999 -9999 -9999 -9999 -9999 -9999 -9999 -9999 -9999 -9999 -9999 -9999 1054 762 247 849 789 666 163 724 595
469 1426 1343 1288 1279 1951 2421 2458 1450 1315 703 1710 1234 1651 409 551 1041 144 597 375 27 303 295 1777 589 940 899 0 354 351 1015 1185 -9999 1769 604 713 366 341 522 362 1062 1295 674 -9999 -9999 -9999 -9999 -9999 -9999 -9999 -9999 -9999 -9999 -9999 -9999 -9999 -9999 -9999 -9999 -9999 -9999 -9999 -9999 -9999 -9999 -9999 -9999 -9999 -9999 -9999 -9999 -9999 -9999 784 1157 236 697 471 296 608 422
1108 2230 1063 1111 975 853 1134 974 1422 2503 1059 1250 1473 1273 735 188 0 479 267 85 40 306 185 234 648 0 0 285 252 579 519 414 880 -9999 -9999 -9999 282 240 0 215 0 340 648 196 310 -9999 -9999 -9999 -9999 250 524 -9999 -9999 -9999 -9999 -9999 -9999 -9999 -9999 -9999 107 358 -9999 -9999 -9999 -9999 -9999 -9999 -9999 153 999 441 227 330 329 483 693 683 734 117 632
1113 1059 528 1142 755 689 738 709 2033 1054 1118 1240 1033 1064 876 863 38 0 67 983 305 0 0 229 23 0 25 499 177 259 150 220 992 632 559 0 341 -9999 -9999 -9999 -9999 540 262 337 345 91 -9999 344 824 113 75 -9999 -9999 -9999 -9999 -9999 -9999 -9999 1319 206 780 587 445 409 601 733 183 84 0 392 430 167 1077 630 504 185 312 620 655 367 710
1221 867 816 938 1094 785 693 691 692 920 506 941 329 365 1460 829 555 233 0 0 0 0 0 498 25 211 241 117 342 191 0 234 595 631 725 276 722 37 -9999 -9999 -9999 391 333 546 44 393 362 615 380 195 212 179 149 371 -9999 -9999 -9999 997 1013 438 921 578 44 320 849 998 41 244 229 193 559 130 415 601 323 495 362 563 619 404 -9999
276 1149 970 1152 760 2264 801 1294 1180 708 1100 284 516 1448 988 605 951 254 31 558 230 214 243 339 0 249 288 404 229 149 0 246 466 381 37 699 611 470 0 -9999 -9999 49 934 324 257 468 148 258 209 213 216 248 170 73 184 129 1431 824 1065 744 1088 145 763 0 110 251 332 39 97 497 307 142 651 406 326 484 412 533 513 344 -9999
452 521 2567 1590 916 1020 912 1348 1295 1311 1511 1805 1505 1164 980 2175 1109 445 47 209 27 0 164 181 188 0 305 165 173 542 352 697 700 705 39 549 355 26 56 0 0 0 0 70 207 212 367 191 108 126 178 249 211 135 184 561 784 408 906 1184 885 701 52 851 156 539 464 132 91 680 193 191 170 204 435 705 461 188 415 687 1134
582 132 912 845 1120 1203 1580 1379 1683 1425 1367 1627 1887 1607 1121 922 769 339 274 860 1343 382 530 581 578 313 202 540 368 555 543 474 1572 750 184 350 570 195 765 720 580 -9999 0 145 358 532 401 432 118 150 179 295 295 305 168 472 374 0 65 1275 87 440 622 676 748 225 265 550 851 143 323 726 0 186 252 126 280 248 -9999 -9999 1465
-9999 183 418 740 1006 1099 589 1641 1192 1440 1392 1354 1625 1839 1013 267 800 448 1160 0 321 577 199 389 242 337 552 970 849 969 899 1051 1248 860 237 762 252 321 580 249 42 1065 -9999 0 572 0 58 486 186 202 150 218 241 511 278 200 -9999 -9999 -9999 193 457 314 274 377 399 346 138 0 62 617 472 432 374 117 296 543 -9999 -9999 -9999 -9999 -9999
-9999 -9999 0 1007 474 370 1033 624 1201 1426 1172 1718 1627 1495 1084 423 969 853 344 855 28 616 829 744 140 282 1816 1265 597 610 895 568 784 843 417 1269 261 315 86 157 597 430 0 -9999 503 98 613 1042 760 716 348 98 285 953 625 -9999 -9999 -9999 -9999 245 518 555 447 408 324 372 637 703 669 784 522 705 607 188 770 1664 0 -9999 -9999 -9999 -9999
-9999 -9999 -9999 -9999 -9999 752 415 1017 1186 1396 991 1624 1620 1856 1962 1247 721 1158 1220 1110 1437 477 1016 1739 1729 172 40 1270 569 1002 315 0 121 153 510 919 430 399 81 81 99 404 988 -9999 611 73 867 681 1299 733 327 274 212 389 477 -9999 -9999 -9999 -9999 -9999 735 560 413 772 583 514 397 263 675 722 556 533 669 603 482 89 0 -9999 -9999 -9999 0
-9999 -9999 -9999 -9999 -9999 -9999 -9999 -9999 1401 1390 1557 1994 1316 1289 1311 1376 2016 1741 1355 1298 1450 1687 1239 1493 331 0 0 69 -9999 -9999 -9999 -9999 -9999 38 415 266 196 806 335 0 98 137 0 542 -9999 194 679 815 105 0 -9999 252 1420 810 -9999 -9999 216 117 -9999 -9999 428 1155 386 768 757 695 201 501 686 738 747 688 810 1723 105 240 -9999 0 -9999 281 -9999
-9999 -9999 -9999 -9999 -9999 -9999 -9999 -9999 1399 1388 1627 1874 408 976 1489 1371 1611 1587 1271 1255 1521 648 1366 2853 350 225 1115 278 719 -9999 -9999 -9999 -9999 -9999 176 0 311 0 78 1170 742 802 0 362 430 250 200 0 -9999 -9999 -9999 424 1043 996 -9999 488 426 140 -9999 -9999 -9999 374 466 729 950 674 770 814 718 617 688 1254 115 419 -9999 -9999 -9999 -9999 -9999 -9999 -9999
-9999 -9999 -9999 -9999 -9999 -9999 -9999 -9999 1577 1436 1355 2009 368 356 437 1281 1892 1450 1373 1227 1630 576 261 390 1225 370 266 1531 1069 266 924 34 0 32 49 0 0 84 0 0 0 0 271 384 287 -9999 268 139 -9999 -9999 -9999 -9999 297 1109 1014 791 1889 1544 1575 -9999 -9999 273 209 688 1771 929 786 625 203 513 -9999 -9999 -9999 928 -9999 -9999 -9999 0 -9999 -9999 -9999
-9999 -9999 -9999 -9999 -9999 -9999 -9999 703 1398 1384 1348 1623 714 437 315 450 1661 1864 1560 2036 1029 620 571 132 130 148 1357 552 488 1257 466 105 276 970 0 363 564 729 450 338 235 236 283 0 262 -9999 266 65 -9999 -9999 -9999 -9999 -9999 680 167 274 1447 924 1251 848 419 -9999 -9999 0 446 831 1136 1049 1020 1312 -9999 -9999 -9999 -9999 -9999 -9999 -9999 373 -9999 -9999 -9999
0 0 -9999 -9999 -9999 -9999 -9999 352 1046 1214 1441 1360 727 208 131 298 1488 1433 1557 2364 617 458 202 389 437 204 737 1213 1091 315 940 560 197 251 32 754 1870 393 272 85 199 27 0 0 55 169 561 77 91 -9999 -9999 -9999 -9999 263 -9999 -9999 0 0 1097 0 -9999 -9999 -9999 -9999 702 48 1639 710 368 1013 -9999 -9999 -9999 -9999 -9999 -9999 1313 804 -9999 -9999 -9999
-9999 136 722 -9999 -9999 -9999 -9999 0 409 1227 1409 1355 813 130 198 99 828 1021 1518 1443 577 222 360 290 232 643 244 951 360 375 432 1462 213 53 0 602 150 589 518 550 268 59 344 276 84 249 -9999 0 815 -9999 -9999 -9999 -9999 -9999 -9999 -9999 -9999 0 0 -9999 -9999 -9999 -9999 -9999 -9999 -9999 -9999 287 669 1505 942 -9999 -9999 -9999 -9999 845 -9999 940 1058 -9999 -9999
-9999 -9999 415 -9999 -9999 -9999 -9999 -9999 41 782 1424 1078 1159 329 356 98 198 1060 1312 1277 1795 355 299 71 307 562 147 430 409 1136 770 343 174 167 0 52 1223 527 780 542 218 315 229 0 1626 941 1388 1545 806 352 -9999 -9999 -9999 -9999 -9999 -9999 -9999 -9999 -9999 -9999 -9999 -9999 -9999 -9999 -9999 -9999 -9999 -9999 -9999 0 0 -9999 -9999 -9999 567 1503 -9999 -9999 -9999 -9999 -9999
-9999 75 432 -9999 -9999 -9999 -9999 -9999 -9999 1063 1213 1069 358 409 0 103 116 432 1066 1579 1812 498 1071 110 96 161 160 621 669 477 132 349 473 0 0 0 674 545 368 889 434 216 300 388 1529 1274 1229 -9999 939 378 -9999 -9999 -9999 -9999 -9999 -9999 -9999 -9999 -9999 -9999 -9999 -9999 -9999 -9999 -9999 -9999 -9999 -9999 -9999 -9999 -9999 -9999 641 -9999 0 32 503 -9999 -9999 -9999 -9999
71 77 394 -9999 -9999 -9999 -9999 -9999 -9999 1232 1130 676 301 306 291 285 0 171 1743 1230 1928 650 355 501 171 180 202 127 183 157 137 705 0 0 157 237 395 28 101 137 150 168 395 308 562 548 1395 1115 -9999 341 -9999 -9999 -9999 -9999 -9999 -9999 -9999 -9999 -9999 -9999 -9999 -9999 -9999 -9999 -9999 -9999 -9999 -9999 -9999 -9999 -9999 -9999 -9999 0 -9999 0 391 -9999 -9999 -9999 -9999
394 1283 473 -9999 -9999 -9999 -9999 -9999 1493 1016 189 123 0 0 0 0 281 68 642 1407 2274 2663 1074 82 86 235 184 171 52 463 370 104 299 220 231 265 329 341 333 236 330 97 441 597 504 1049 1157 926 1264 -9999 -9999 -9999 -9999 -9999 -9999 -9999 -9999 -9999 -9999 -9999 -9999 -9999 -9999 -9999 -9999 -9999 -9999 -9999 -9999 -9999 -9999 -9999 -9999 -9999 -9999 -9999 -9999 -9999 -9999 -9999 -9999
-9999 201 165 -9999 -9999 -9999 -9999 1369 1378 806 114 238 0 0 0 0 68 267 124 1624 1793 2241 1250 667 164 29 167 104 91 80 120 139 218 0 30 0 40 170 186 188 193 0 67 177 164 1304 1808 912 1241 1556 188 -9999 -9999 -9999 -9999 -9999 -9999 -9999 -9999 -9999 -9999 -9999 -9999 -9999 -9999 -9999 -9999 -9999 -9999 -9999 -9999 -9999 -9999 -9999 -9999 -9999 -9999 -9999 -9999 -9999 -9999
-9999 0 -9999 -9999 -9999 -9999 1248 1138 673 187 0 0 0 0 0 0 0 181 231 361 1407 1492 1317 547 0 40 276 22 344 327 255 533 835 351 177 316 254 520 329 232 409 801 346 692 540 623 4041 2074 3481 1591 -9999 -9999 -9999 -9999 -9999 -9999 -9999 -9999 -9999 -9999 -9999 -9999 -9999 -9999 -9999 -9999 -9999 -9999 -9999 -9999 -9999 -9999 -9999 -9999 -9999 -9999 -9999 -9999 -9999 -9999 -9999
-9999 -9999 -9999 -9999 782 1556 1266 973 205 217 0 0 0 0 0 0 0 0 331 226 1053 1456 1118 969 458 364 377 124 750 602 736 590 1332 389 243 647 2467 2195 925 770 773 455 172 104 241 470 936 3260 2920 3425 1939 -9999 -9999 -9999 -9999 -9999 -9999 -9999 -9999 -9999 -9999 -9999 -9999 -9999 -9999 -9999 -9999 -9999 -9999 -9999 -9999 -9999 -9999 -9999 -9999 -9999 -9999 -9999 -9999 -9999 -9999
-9999 -9999 1007 1339 1234 1386 782 356 220 0 0 0 0 0 0 0 0 0 280 261 283 932 871 936 552 373 379 939 717 175 829 413 939 1239 1091 226 168 178 190 200 685 526 58 74 78 193 735 2595 3118 3996 2445 607 -9999 -9999 -9999 -9999 -9999 -9999 -9999 -9999 -9999 -9999 -9999 -9999 -9999 -9999 -9999 -9999 -9999 -9999 -9999 -9999 -9999 -9999 -9999 -9999 -9999 -9999 -9999 -9999 -9999
-9999 741 1033 1432 1165 1099 586 188 285 0 0 0 0 0 0 0 0 0 290 0 359 847 923 1407 727 310 1026 1036 1043 192 439 203 795 468 814 646 555 494 1365 1160 1185 959 210 189 167 155 734 2215 3387 3131 878 816 1162 -9999 -9999 -9999 -9999 -9999 -9999 -9999 -9999 -9999 -9999 -9999 -9999 -9999 -9999 -9999 -9999 -9999 -9999 -9999 -9999 -9999 -9999 -9999 -9999 -9999 -9999 -9999 -9999
1399 257 967 1234 1149 556 204 33 0 0 0 0 58 176 143 0 0 0 58 348 339 310 1171 1233 990 2198 1179 1206 1212 747 160 555 622 962 527 679 593 1168 1500 1501 1595 1397 1248 316 671 643 769 1208 1803 970 1007 1558 1547 318 -9999 -9999 -9999 -9999 -9999 -9999 -9999 -9999 -9999 -9999 -9999 -9999 -9999 -9999 -9999 -9999 -9999 -9999 -9999 -9999 -9999 -9999 -9999 -9999 -9999 -9999 -9999
291 58 0 718 788 145 57 243 0 0 0 67 294 131 292 146 0 0 0 154 357 318 1104 1453 1228 586 1622 1150 1182 950 506 516 504 816 760 1178 1301 1340 1230 1364 1246 907 1399 1224 1699 362 854 918 965 1092 1386 1496 637 914 1315 -9999 -9999 -9999 -9999 -9999 -9999 -9999 -9999 -9999 -9999 -9999 -9999 -9999 -9999 -9999 -9999 -9999 -9999 -9999 -9999 -9999 -9999 -9999 -9999 -9999 -9999
-9999 -9999 -9999 294 1255 209 279 0 0 0 0 302 208 200 294 181 0 0 0 0 66 361 406 231 1112 1174 1068 1013 1407 1335 1094 902 1384 1510 1394 1317 1175 1411 1220 1390 1267 664 1215 1273 1446 1488 1263 1411 849 523 479 700 1339 252 144 649 -9999 -9999 -9999 -9999 -9999 -9999 -9999 -9999 -9999 -9999 -9999 -9999 -9999 -9999 -9999 -9999 -9999 -9999 -9999 -9999 -9999 -9999 -9999 -9999 -9999
-9999 -9999 -9999 303 1265 207 173 0 0 0 0 186 304 173 65 55 0 0 0 0 0 176 220 316 379 323 938 1356 847 3264 924 1462 1389 1240 1331 1168 1129 917 929 1136 1563 1043 1227 966 1337 1569 1217 508 653 738 681 376 976 629 175 374 549 -9999 -9999 -9999 -9999 -9999 -9999 -9999 -9999 -9999 -9999 -9999 -9999 -9999 -9999 -9999 -9999 -9999 -9999 -9999 -9999 -9999 -9999 -9999 -9999
-9999 -9999 -9999 475 1181 270 162 0 0 0 0 176 197 167 0 0 0 0 0 0 0 0 0 0 0 155 367 748 881 1353 1298 1301 1342 1369 1366 1378 1243 1274 1306 690 1092 1083 1504 1836 1063 1183 1200 1598 1227 840 574 460 752 1472 386 976 794 -9999 -9999 -9999 -9999 -9999 -9999 -9999 -9999 -9999 -9999 -9999 -9999 -9999 -9999 -9999 -9999 -9999 -9999 -9999 -9999 -9999 -9999 -9999 -9999
-9999 -9999 -9999 994 1172 111 378 0 0 0 0 54 269 175 0 0 0 0 0 0 0 0 0 0 0 0 292 429 366 981 1214 1281 1243 1227 1403 1430 1550 1610 1298 1791 1754 969 1080 1350 1782 1257 1590 1264 1286 1101 1513 1214 1622 1100 170 1093 654 579 -9999 -9999 -9999 -9999 -9999 -9999 -9999 -9999 -9999 -9999 -9999 -9999 -9999 -9999 -9999 -9999 -9999 -9999 -9999 -9999 -9999 -9999 -9999
-9999 -9999 -9999 866 1162 335 560 292 0 0 0 0 0 0 0 0 0 0 0 0 0 0 0 0 0 0 0 217 383 236 177 133 132 368 436 1213 1379 1384 1549 1383 1296 1173 1392 1547 1541 1556 1395 1430 1401 1386 1380 1319 1378 1354 1278 355 822 523 452 -9999 -9999 -9999 -9999 -9999 -9999 -9999 -9999 -9999 -9999 -9999 -9999 -9999 -9999 -9999 -9999 -9999 -9999 -9999 -9999 -9999 -9999
-9999 -9999 -9999 1180 1390 868 243 280 0 0 0 0 0 0 0 0 0 0 0 0 0 0 0 0 0 0 0 0 0 307 291 234 369 292 263 200 380 735 1326 1363 1388 1590 1414 1404 911 1145 1424 1193 1190 1203 1215 1149 660 636 885 1062 784 611 1335 259 -9999 -9999 -9999 -9999 -9999 -9999 -9999 -9999 -9999 -9999 -9999 -9999 -9999 -9999 -9999 -9999 -9999 -9999 -9999 -9999 -9999
