slauniainen/Data/VMI/vihti_ppa.asc
ncols         196
nrows         178
xllcorner     353680
yllcorner     6699024
cellsize      16
NODATA_value  -9999
[rows 74 to 110 of 178, columns 84 to 167 of 196]
12 15 19 19 17 12 15 17 13 15 20 14 11 4 17 22 27 17 10 22 25 18 4 5 4 9 9 10 7 -9999 20 15 22 2 10 13 7 11 8 -9999 -9999 -9999 -9999 -9999 -9999 -9999 -9999 -9999 -9999 -9999 -9999 -9999 -9999 -9999 -9999 -9999 -9999 -9999 -9999 -9999 -9999 -9999 -9999 -9999 -9999 -9999 -9999 -9999 -9999 23 16 23 23 23 27 27 27 19 14 13 -9999 -9999 2 19
12 11 17 20 20 16 14 12 17 15 18 11 12 12 4 17 12 9 10 11 21 9 9 9 8 3 3 11 13 -9999 26 24 20 6 7 10 4 9 13 11 -9999 -9999 -9999 -9999 -9999 -9999 -9999 -9999 -9999 -9999 -9999 -9999 -9999 -9999 -9999 -9999 -9999 -9999 -9999 -9999 -9999 -9999 -9999 -9999 -9999 -9999 -9999 -9999 -9999 -9999 18 17 15 30 26 29 25 22 -9999 3 -9999 -9999 -9999 -9999
9 10 9 10 8 13 21 18 18 23 25 7 2 0 11 6 7 4 5 11 5 7 3 6 2 3 4 4 6 13 -9999 -9999 -9999 3 3 0 7 0 5 27 19 16 -9999 -9999 -9999 -9999 23 28 -9999 -9999 -9999 -9999 -9999 -9999 -9999 -9999 -9999 19 21 -9999 -9999 -9999 -9999 -9999 -9999 -9999 26 24 24 22 27 26 28 27 25 27 27 22 16 -9999 -9999 -9999 -9999 -9999
11 8 7 7 8 19 18 22 17 26 26 23 10 0 0 6 9 5 11 10 4 0 7 1 4 2 2 0 5 12 14 6 13 4 -9999 -9999 -9999 -9999 3 24 21 20 20 -9999 29 28 26 26 -9999 -9999 -9999 -9999 -9999 -9999 -9999 17 25 25 23 19 23 26 30 27 25 24 24 26 26 28 28 27 22 22 28 27 19 12 -9999 -9999 -9999 -9999 -9999 -9999
9 8 8 6 12 16 17 24 29 25 26 24 13 6 0 0 6 5 1 1 4 1 1 1 3 3 2 0 5 14 7 6 7 10 0 -9999 -9999 -9999 1 11 20 19 18 26 28 26 29 27 28 26 31 -9999 -9999 -9999 14 21 23 25 24 25 17 21 23 20 24 27 23 25 27 22 28 22 25 23 27 27 23 -9999 -9999 -9999 -9999 -9999 -9999 -9999
15 12 20 15 16 20 20 22 26 26 30 24 24 6 0 2 1 2 3 3 3 0 1 4 2 2 0 0 7 17 8 0 5 10 10 0 -9999 -9999 1 4 13 8 19 26 30 29 31 31 29 27 24 28 26 20 22 26 18 27 26 25 18 18 18 17 17 17 21 25 27 22 25 24 25 24 28 26 21 -9999 13 -9999 -9999 -9999 -9999 -9999
18 21 22 24 25 24 23 26 28 28 21 21 29 13 4 0 0 0 0 2 2 0 0 0 0 0 4 8 12 13 6 0 4 8 0 1 0 0 0 5 8 10 9 24 29 31 32 31 30 28 27 28 25 17 14 26 21 28 25 24 28 26 26 24 18 20 28 28 29 27 24 20 22 26 28 25 18 17 -9999 -9999 -9999 -9999 -9999 -9999
12 25 26 28 20 15 11 14 23 28 28 23 22 13 5 8 7 16 4 4 6 7 14 13 13 13 18 13 18 13 5 4 2 4 0 4 2 11 -9999 0 0 3 15 22 32 32 31 31 33 30 27 26 14 5 12 4 24 28 22 26 26 29 20 25 30 28 27 19 20 26 27 32 27 16 11 -9999 -9999 20 -9999 -9999 -9999 -9999 -9999 -9999
12 21 16 7 15 9 11 11 17 23 28 20 23 23 6 20 2 12 4 11 9 9 12 8 20 19 21 13 16 11 6 11 10 17 9 17 20 12 7 -9999 0 4 3 13 26 31 32 31 29 29 27 14 10 -9999 -9999 -9999 18 26 28 23 23 21 24 28 27 27 25 30 30 29 27 33 24 -9999 -9999 -9999 -9999 -9999 4 -9999 -9999 -9999 -9999 -9999
13 16 4 12 7 9 11 11 21 23 24 20 25 26 22 18 19 2 7 14 12 8 3 22 16 19 19 10 10 7 7 8 10 24 21 22 24 21 4 1 -9999 2 8 7 17 31 29 27 30 24 20 19 -9999 -9999 -9999 -9999 11 17 21 24 23 21 23 28 28 28 30 28 32 34 30 31 10 8 -9999 -9999 -9999 -9999 5 -9999 -9999 -9999 -9999 -9999
-9999 -9999 9 3 14 9 11 14 23 26 28 26 26 23 22 24 17 25 7 13 19 17 10 4 18 14 13 9 6 2 0 8 23 24 20 21 24 19 9 16 -9999 5 9 13 15 25 25 23 23 27 21 22 -9999 -9999 -9999 -9999 -9999 21 22 20 28 26 23 23 24 28 32 31 28 31 34 16 10 2 -9999 -9999 -9999 4 -9999 -9999 -9999 -9999 -9999 -9999
-9999 -9999 -9999 -9999 -9999 15 13 21 28 24 24 25 25 27 28 25 24 24 21 16 16 7 10 12 3 -9999 -9999 -9999 -9999 -9999 0 8 7 8 17 12 9 4 7 1 4 -9999 13 13 14 4 6 -9999 13 18 21 -9999 -9999 30 19 -9999 -9999 18 25 21 28 27 29 27 28 28 31 32 19 18 19 8 3 -9999 6 -9999 1 -9999 -9999 -9999 -9999 -9999 -9999 -9999
-9999 -9999 -9999 -9999 -9999 18 13 23 27 21 18 19 25 26 26 19 19 23 21 11 25 14 11 18 3 8 -9999 -9999 -9999 -9999 -9999 0 2 5 1 4 12 8 9 9 3 4 4 11 4 -9999 -9999 -9999 4 25 22 -9999 21 22 26 -9999 -9999 -9999 11 24 30 33 28 29 31 29 34 29 21 9 13 -9999 -9999 -9999 -9999 -9999 -9999 -9999 -9999 -9999 -9999 -9999 -9999 -9999
-9999 -9999 -9999 -9999 -9999 22 14 14 28 17 14 12 25 28 22 19 20 23 25 25 23 26 20 17 17 18 3 16 0 0 0 1 0 3 4 0 0 0 6 1 1 2 -9999 8 0 -9999 -9999 -9999 -9999 15 21 15 27 26 21 21 -9999 -9999 4 9 12 24 21 30 28 21 25 -9999 -9999 -9999 9 -9999 -9999 -9999 8 -9999 -9999 -9999 -9999 -9999 -9999 -9999 -9999 -9999
-9999 -9999 -9999 -9999 14 15 11 11 23 17 14 15 16 27 28 25 25 21 26 22 22 21 21 25 22 19 15 7 1 8 11 0 6 8 11 4 2 2 3 14 4 7 -9999 7 13 -9999 -9999 -9999 -9999 -9999 13 9 10 16 15 15 10 6 -9999 -9999 7 16 14 18 15 15 14 -9999 -9999 -9999 -9999 -9999 -9999 -9999 2 -9999 -9999 -9999 -9999 -9999 -9999 -9999 -9999 -9999
-9999 -9999 -9999 -9999 7 9 9 14 17 15 18 19 19 17 22 24 26 22 23 21 17 19 18 24 23 21 23 15 11 6 7 0 8 21 15 3 9 10 1 2 4 10 6 3 4 6 -9999 -9999 -9999 -9999 7 -9999 -9999 4 7 11 3 -9999 -9999 -9999 -9999 7 10 16 9 7 10 -9999 -9999 -9999 -9999 -9999 -9999 19 17 -9999 -9999 -9999 -9999 -9999 -9999 -9999 -9999 -9999
-9999 -9999 -9999 -9999 3 9 9 15 17 14 18 14 15 21 19 24 20 22 19 22 15 13 19 21 21 21 17 12 15 2 1 0 7 10 24 14 14 4 1 1 14 9 16 -9999 4 11 -9999 -9999 -9999 -9999 -9999 -9999 -9999 -9999 8 8 -9999 -9999 -9999 -9999 -9999 -9999 -9999 -9999 2 5 17 7 -9999 -9999 -9999 -9999 15 -9999 14 5 -9999 -9999 -9999 -9999 -9999 -9999 -9999 -9999
-9999 -9999 -9999 -9999 -9999 2 9 14 11 20 20 17 15 20 22 20 17 25 20 22 8 12 15 18 17 19 26 27 23 11 6 0 1 12 22 25 14 5 3 1 12 20 18 20 20 15 13 -9999 -9999 -9999 -9999 -9999 -9999 -9999 -9999 -9999 -9999 -9999 -9999 -9999 -9999 -9999 -9999 -9999 -9999 -9999 6 7 -9999 -9999 -9999 10 19 -9999 -9999 -9999 -9999 -9999 -9999 -9999 -9999 -9999 -9999 -9999
-9999 -9999 -9999 -9999 -9999 -9999 13 9 9 13 13 15 14 16 15 20 20 22 24 29 15 17 15 19 26 26 22 24 20 4 0 0 1 9 12 10 11 6 0 2 12 16 28 14 -9999 10 3 -9999 -9999 -9999 -9999 -9999 -9999 -9999 -9999 -9999 -9999 -9999 -9999 -9999 -9999 -9999 -9999 -9999 -9999 -9999 -9999 -9999 -9999 7 -9999 2 3 7 -9999 -9999 -9999 -9999 -9999 -9999 -9999 -9999 -9999 -9999
-9999 -9999 -9999 -9999 -9999 -9999 9 8 8 6 13 12 10 13 17 22 18 22 20 28 25 17 15 21 23 22 19 25 8 2 0 0 3 1 11 10 3 0 0 15 13 21 19 21 19 -9999 13 -9999 -9999 -9999 -9999 -9999 -9999 -9999 -9999 -9999 -9999 -9999 -9999 -9999 -9999 -9999 -9999 -9999 -9999 -9999 -9999 -9999 -9999 -9999 1 -9999 6 4 -9999 -9999 -9999 -9999 -9999 -9999 -9999 -9999 -9999 -9999
-9999 -9999 -9999 -9999 -9999 23 8 9 3 2 2 2 2 9 14 16 20 26 27 20 23 18 23 22 25 22 19 19 7 4 0 2 0 1 3 3 0 0 4 20 20 13 19 19 15 13 -9999 -9999 -9999 -9999 -9999 -9999 -9999 -9999 -9999 -9999 -9999 -9999 -9999 -9999 -9999 -9999 -9999 -9999 -9999 -9999 -9999 -9999 -9999 -9999 -9999 -9999 -9999 -9999 -9999 -9999 -9999 -9999 -9999 -9999 -9999 -9999 -9999 -9999
-9999 -9999 -9999 -9999 17 11 7 3 8 2 1 1 2 4 11 17 22 21 28 27 22 26 20 24 22 19 16 19 10 14 0 0 0 1 0 0 0 14 3 15 19 18 19 16 14 18 20 7 -9999 -9999 -9999 -9999 -9999 -9999 -9999 -9999 -9999 -9999 -9999 -9999 -9999 -9999 -9999 -9999 -9999 -9999 -9999 -9999 -9999 -9999 -9999 -9999 -9999 -9999 -9999 -9999 -9999 -9999 -9999 -9999 -9999 -9999 -9999 -9999
-9999 -9999 -9999 16 9 8 3 2 2 1 1 1 1 2 9 15 17 22 24 27 24 22 18 19 24 26 23 21 20 13 6 2 5 7 10 12 8 9 16 26 20 27 13 20 16 21 18 -9999 -9999 -9999 -9999 -9999 -9999 -9999 -9999 -9999 -9999 -9999 -9999 -9999 -9999 -9999 -9999 -9999 -9999 -9999 -9999 -9999 -9999 -9999 -9999 -9999 -9999 -9999 -9999 -9999 -9999 -9999 -9999 -9999 -9999 -9999 -9999 -9999
-9999 24 24 10 7 7 7 2 2 1 1 1 1 1 2 10 16 20 24 24 21 27 16 21 24 29 28 29 19 19 15 7 12 17 20 21 18 19 30 29 27 22 23 21 20 18 21 26 -9999 -9999 -9999 -9999 -9999 -9999 -9999 -9999 -9999 -9999 -9999 -9999 -9999 -9999 -9999 -9999 -9999 -9999 -9999 -9999 -9999 -9999 -9999 -9999 -9999 -9999 -9999 -9999 -9999 -9999 -9999 -9999 -9999 -9999 -9999 -9999
26 21 11 9 10 8 2 2 1 2 2 2 1 1 2 12 12 13 23 23 14 21 25 21 18 17 20 32 24 15 20 17 16 20 20 20 21 30 26 25 25 26 20 16 22 18 18 20 11 -9999 -9999 -9999 -9999 -9999 -9999 -9999 -9999 -9999 -9999 -9999 -9999 -9999 -9999 -9999 -9999 -9999 -9999 -9999 -9999 -9999 -9999 -9999 -9999 -9999 -9999 -9999 -9999 -9999 -9999 -9999 -9999 -9999 -9999 -9999
16 9 8 11 2 13 2 2 2 2 3 2 2 2 2 13 14 16 14 19 29 13 24 20 15 18 20 25 20 16 19 32 33 28 20 18 17 16 21 20 28 26 24 15 21 17 23 18 27 16 -9999 -9999 -9999 -9999 -9999 -9999 -9999 -9999 -9999 -9999 -9999 -9999 -9999 -9999 -9999 -9999 -9999 -9999 -9999 -9999 -9999 -9999 -9999 -9999 -9999 -9999 -9999 -9999 -9999 -9999 -9999 -9999 -9999 -9999
9 9 9 6 2 2 2 2 2 4 8 5 3 2 3 4 8 10 18 23 22 17 29 19 16 17 19 20 19 19 36 33 32 17 28 25 25 27 27 30 21 26 27 16 21 20 22 20 21 24 17 -9999 -9999 -9999 -9999 -9999 -9999 -9999 -9999 -9999 -9999 -9999 -9999 -9999 -9999 -9999 -9999 -9999 -9999 -9999 -9999 -9999 -9999 -9999 -9999 -9999 -9999 -9999 -9999 -9999 -9999 -9999 -9999 -9999
10 9 6 2 10 3 3 3 4 13 8 13 6 3 3 2 6 8 12 20 24 23 23 25 22 17 16 20 20 20 29 27 29 26 19 15 19 22 26 29 28 22 20 20 22 22 18 19 24 20 24 21 -9999 -9999 -9999 -9999 -9999 -9999 -9999 -9999 -9999 -9999 -9999 -9999 -9999 -9999 -9999 -9999 -9999 -9999 -9999 -9999 -9999 -9999 -9999 -9999 -9999 -9999 -9999 -9999 -9999 -9999 -9999 -9999
13 9 6 12 3 2 2 2 13 10 8 13 8 1 2 2 3 5 8 11 8 20 18 12 18 17 19 19 18 18 20 27 22 10 11 9 21 25 24 23 21 28 22 23 21 24 26 23 18 18 23 22 22 -9999 -9999 -9999 -9999 -9999 -9999 -9999 -9999 -9999 -9999 -9999 -9999 -9999 -9999 -9999 -9999 -9999 -9999 -9999 -9999 -9999 -9999 -9999 -9999 -9999 -9999 -9999 -9999 -9999 -9999 -9999
13 10 2 6 2 2 2 3 9 13 8 4 4 3 2 2 3 2 8 10 12 6 5 11 19 13 22 20 23 27 24 13 10 12 18 21 20 18 24 24 23 27 28 28 20 30 29 29 21 25 17 26 18 22 -9999 -9999 -9999 -9999 -9999 -9999 -9999 -9999 -9999 -9999 -9999 -9999 -9999 -9999 -9999 -9999 -9999 -9999 -9999 -9999 -9999 -9999 -9999 -9999 -9999 -9999 -9999 -9999 -9999 -9999
14 9 4 6 2 2 2 3 8 8 6 2 3 2 2 2 2 2 2 2 2 2 6 7 9 9 14 17 17 17 12 11 11 19 20 15 14 22 21 24 28 25 26 25 28 27 21 21 21 24 17 25 27 23 -9999 -9999 -9999 -9999 -9999 -9999 -9999 -9999 -9999 -9999 -9999 -9999 -9999 -9999 -9999 -9999 -9999 -9999 -9999 -9999 -9999 -9999 -9999 -9999 -9999 8 -9999 -9999 -9999 -9999
12 9 6 9 3 2 2 2 4 13 8 2 2 2 2 2 2 2 2 2 2 2 2 13 11 10 10 9 10 10 9 13 16 23 28 24 27 26 24 23 26 28 27 23 21 21 25 27 27 27 22 14 21 22 19 -9999 -9999 -9999 -9999 -9999 -9999 -9999 -9999 -9999 -9999 -9999 -9999 -9999 -9999 -9999 -9999 -9999 -9999 -9999 -9999 -9999 -9999 -9999 -9999 22 21 18 23 21
11 9 3 13 13 2 2 2 2 3 2 2 2 2 2 2 2 2 2 2 2 1 1 2 9 8 8 3 7 8 7 7 9 17 18 22 24 25 27 25 26 21 21 18 16 15 19 19 20 19 18 17 14 19 15 12 -9999 -9999 -9999 -9999 -9999 -9999 -9999 -9999 -9999 -9999 -9999 -9999 -9999 -9999 -9999 -9999 -9999 -9999 -9999 -9999 -9999 -9999 -9999 17 17 9 4 17
10 11 12 8 5 2 2 2 2 2 2 2 2 2 2 2 2 2 2 2 2 1 1 1 2 3 13 13 10 6 5 8 11 7 9 12 18 18 23 18 18 13 10 11 10 9 11 9 9 7 7 7 8 9 16 15 10 -9999 -9999 -9999 -9999 -9999 -9999 -9999 -9999 -9999 -9999 -9999 -9999 -9999 -9999 -9999 -9999 -9999 -9999 -9999 -9999 -9999 -9999 -9999 6 10 14 25
13 14 15 2 3 13 2 2 2 3 5 6 2 2 2 2 2 2 2 2 2 1 1 1 1 2 3 3 3 3 13 7 7 3 3 7 12 8 8 9 9 9 9 9 9 9 9 8 7 8 9 10 13 21 21 23 27 16 -9999 -9999 -9999 -9999 -9999 -9999 -9999 -9999 -9999 -9999 -9999 -9999 -9999 -9999 -9999 -9999 -9999 -9999 -9999 -9999 -9999 7 7 28 20 19
18 22 22 21 21 12 7 8 8 8 15 9 2 2 2 2 2 1 1 2 2 1 1 1 1 1 2 2 2 2 3 8 12 10 8 7 7 1 3 8 6 10 13 10 7 9 9 9 9 9 9 18 23 22 26 26 25 21 20 1 -9999 -9999 -9999 -9999 -9999 -9999 -9999 -9999 -9999 -9999 -9999 -9999 -9999 -9999 -9999 -9999 -9999 10 7 4 21 22 16 20
26 28 26 19 18 16 18 15 14 12 15 8 2 2 2 2 1 1 1 1 1 2 1 1 1 1 1 1 1 2 2 2 9 9 6 2 3 8 1 7 19 28 30 20 7 2 7 10 13 12 7 14 17 19 19 19 16 19 17 -9999 -9999 -9999 -9999 -9999 -9999 -9999 -9999 -9999 -9999 -9999 -9999 -9999 -9999 -9999 -9999 -9999 -9999 10 7 3 24 14 19 19
