slauniainen/Data/VMI/vihti_tilavuus.asc
ncols         196
nrows         178
xllcorner     353680
yllcorner     6699024
cellsize      16
NODATA_value  -9999
[rows 108 to 143 of 178, columns 82 to 163 of 196]
-9999 142 91 109 116 13 19 86 12 11 11 0 15 32 2 7 6 9 9 11 8 2 1 3 4 4 3 8 1 1 6 9 88 41 60 28 28 42 72 38 57 77 76 77 77 75 74 76 77 61 47 57 74 81 94 185 223 245 279 120 -9999 -9999 -9999 -9999 -9999 -9999 -9999 -9999 -9999 -9999 -9999 -9999 -9999 -9999 -9999 -9999 -9999 -9999 -9999 -9999 -9999 27
-9999 254 122 163 143 152 154 115 43 51 53 73 64 64 9 10 7 9 9 3 3 1 1 3 4 3 4 0 1 9 10 10 10 51 78 71 60 56 53 9 31 39 38 68 72 71 51 57 62 64 65 65 74 106 198 186 202 233 283 232 161 20 -9999 -9999 -9999 -9999 -9999 -9999 -9999 -9999 -9999 -9999 -9999 -9999 -9999 -9999 -9999 -9999 -9999 86 40 14
163 235 211 198 194 142 163 120 116 125 105 51 57 51 4 10 10 10 0 3 4 3 0 0 4 3 3 4 3 0 0 10 0 4 58 59 41 11 12 61 5 36 145 291 280 150 30 18 41 65 80 82 44 98 99 173 148 135 121 156 168 -9999 -9999 -9999 -9999 -9999 -9999 -9999 -9999 -9999 -9999 -9999 -9999 -9999 -9999 -9999 -9999 -9999 -9999 74 39 9
183 354 211 203 192 219 217 215 197 201 184 78 90 90 12 12 10 0 3 4 4 4 3 0 0 4 3 3 4 3 3 0 0 1 1 2 5 10 8 47 82 143 175 256 281 178 109 14 8 60 92 129 99 100 72 112 111 117 81 241 187 184 -9999 -9999 -9999 -9999 -9999 -9999 -9999 -9999 -9999 -9999 -9999 -9999 -9999 -9999 -9999 -9999 65 35 13 14
259 242 190 228 232 191 153 232 166 197 208 178 55 75 11 11 10 10 0 4 3 3 3 0 0 3 3 3 3 4 3 3 3 3 0 8 5 11 11 89 89 148 159 313 216 185 105 4 13 12 55 102 96 102 72 91 70 58 239 105 219 187 220 -9999 -9999 -9999 -9999 -9999 -9999 -9999 -9999 -9999 -9999 -9999 -9999 -9999 -9999 -9999 -9999 69 15 4
254 297 177 251 262 209 225 223 296 290 267 196 168 103 17 11 10 9 0 3 3 3 4 3 3 3 3 4 4 4 3 3 3 3 3 10 1 69 84 59 105 214 296 220 203 181 172 22 15 40 20 90 158 159 177 138 107 233 173 191 193 190 228 220 -9999 -9999 -9999 -9999 -9999 -9999 -9999 -9999 -9999 -9999 -9999 -9999 -9999 69 93 17 77 170
163 193 294 277 294 254 267 248 172 263 165 137 217 129 58 2 8 10 11 2 0 3 3 4 4 4 3 0 10 3 3 2 0 3 3 11 10 92 66 125 142 124 158 200 116 187 182 133 122 69 15 96 140 256 212 190 195 204 126 201 188 191 301 172 170 -9999 -9999 -9999 -9999 -9999 -9999 -9999 -9999 -9999 -9999 -9999 -9999 200 89 3 81 177
239 177 268 281 250 223 248 202 176 265 211 133 108 122 44 5 8 11 11 11 0 0 0 3 3 3 3 10 11 0 3 2 10 9 0 1 92 57 112 148 170 184 194 198 168 160 205 188 143 222 136 152 234 247 262 236 186 177 206 222 315 305 289 251 266 214 -9999 -9999 -9999 -9999 -9999 -9999 -9999 -9999 -9999 -9999 165 126 99 6 119 265
269 168 203 258 262 245 217 252 227 234 252 196 113 124 83 8 0 3 11 11 0 0 0 0 0 3 4 4 3 3 3 3 10 2 56 82 161 223 202 188 221 212 204 290 217 203 199 187 227 230 196 136 182 270 219 217 241 176 278 290 291 262 257 189 267 147 186 -9999 -9999 -9999 -9999 -9999 -9999 -9999 -9999 -9999 133 174 5 14 133 164
345 319 240 258 270 288 219 184 182 185 167 125 208 130 58 10 3 3 3 0 0 0 0 0 0 1 3 4 4 4 4 3 11 81 104 219 169 192 255 258 234 282 241 192 173 251 175 287 244 225 293 283 217 129 215 229 194 146 207 244 306 207 195 192 276 312 183 -9999 -9999 -9999 -9999 -9999 -9999 -9999 -9999 106 179 144 17 134 220 299
199 258 251 245 288 248 225 178 217 258 182 167 126 133 80 8 3 3 3 0 0 0 0 0 0 0 0 0 0 3 3 0 2 26 207 192 210 275 180 233 182 166 115 173 200 194 157 104 91 99 162 187 215 168 136 111 81 152 231 242 250 243 212 237 275 163 189 58 -9999 42 -9999 -9999 -9999 38 119 120 96 4 71 63 61 85
236 214 249 232 251 275 234 249 213 183 273 177 107 191 67 3 8 3 0 0 0 0 0 0 0 0 0 0 0 0 3 1 56 76 200 245 164 240 177 182 188 200 189 195 194 182 156 144 144 142 170 112 249 78 71 84 119 102 202 201 173 187 125 162 174 123 101 66 39 39 63 24 107 138 178 67 38 156 132 136 48 86
256 202 188 190 262 243 287 220 164 287 295 263 164 117 147 78 1 4 0 0 0 0 0 0 0 0 0 0 0 0 3 11 81 118 199 157 245 162 205 142 109 139 156 194 185 177 177 179 181 173 176 179 206 197 26 72 26 128 119 95 120 170 172 122 115 77 145 22 37 75 84 25 94 72 5 69 217 248 157 123 87 140
170 216 133 194 180 219 248 229 249 223 305 230 67 101 129 60 2 3 0 0 0 0 0 0 0 0 0 0 0 0 3 12 75 167 167 205 132 192 163 147 160 137 158 186 180 182 197 118 107 160 177 173 211 156 47 27 205 144 64 151 166 143 111 202 174 172 160 34 122 43 85 66 20 60 60 348 162 200 229 129 86 153
139 161 139 161 208 242 215 249 278 271 249 193 65 60 126 82 2 3 0 0 0 0 0 0 0 0 0 0 0 0 0 12 75 255 207 147 182 158 162 142 103 150 160 194 196 198 95 121 123 76 113 156 195 153 180 44 84 80 107 29 87 83 86 115 129 150 148 79 -9999 58 89 136 188 244 331 196 143 244 205 78 127 179
153 143 154 180 243 225 165 165 177 216 256 93 64 70 110 69 9 3 4 0 0 0 0 0 0 0 0 0 0 0 0 2 73 193 236 165 127 136 195 209 214 211 190 190 182 158 71 104 106 76 92 93 160 144 273 125 41 5 62 111 187 163 177 142 128 80 75 92 62 61 42 149 223 177 174 151 167 200 41 89 81 -9999
195 214 249 233 149 172 211 167 148 243 204 102 96 70 26 16 17 3 4 0 0 0 0 0 0 0 0 0 0 0 0 79 147 160 181 167 130 119 165 173 205 224 188 134 245 167 96 78 118 84 32 42 123 171 170 290 68 67 110 250 152 153 173 208 207 142 131 99 46 148 147 234 181 154 163 185 154 84 13 63 84 -9999
269 274 227 198 205 178 172 129 173 250 180 124 73 85 89 69 14 15 3 0 0 0 0 0 0 0 0 0 0 0 30 74 252 163 214 152 173 209 152 207 215 203 155 184 223 327 84 64 177 62 127 174 159 83 209 241 147 148 102 211 177 185 159 214 188 141 137 105 157 153 241 153 186 142 117 157 134 40 40 122 -9999 -9999
220 188 201 171 229 178 256 206 205 176 293 136 118 72 90 45 12 22 3 5 0 0 0 0 0 0 0 0 0 0 90 160 186 82 272 217 251 208 163 91 104 29 27 72 96 310 89 82 13 26 98 134 170 203 212 251 109 136 146 155 92 89 169 180 258 169 154 151 141 -9999 216 166 167 126 119 193 195 151 183 -9999 -9999 -9999
311 301 245 239 162 208 228 288 194 354 180 104 102 72 67 137 82 28 15 5 0 0 0 0 0 0 0 0 0 0 80 203 154 86 241 223 151 82 48 34 47 84 148 185 113 227 14 9 12 20 84 125 189 226 254 85 133 134 94 175 33 53 173 206 237 257 263 150 114 -9999 106 238 260 164 146 280 178 204 -9999 -9999 -9999 -9999
223 213 245 199 186 263 255 214 266 279 211 113 102 120 97 212 217 102 51 18 4 0 0 0 0 0 0 0 0 0 79 145 72 146 178 181 128 57 64 65 42 185 207 211 240 364 14 25 89 52 154 172 179 186 118 17 128 134 93 154 101 137 271 180 222 265 230 167 94 -9999 49 221 152 168 155 243 313 -9999 -9999 -9999 -9999 -9999
221 200 244 149 170 214 214 265 263 303 245 160 172 95 114 174 208 146 94 41 3 5 0 0 0 0 0 0 0 0 81 206 73 146 188 174 178 125 141 184 266 234 247 123 173 130 82 160 125 153 105 184 161 171 173 34 132 26 164 159 206 399 232 197 189 197 174 148 81 -9999 89 49 264 195 217 197 179 -9999 -9999 -9999 -9999 -9999
167 206 260 248 298 288 288 271 263 289 256 100 123 184 107 201 209 197 215 100 53 11 3 0 0 0 0 0 0 0 164 138 121 191 187 244 307 254 165 181 154 108 83 162 160 127 107 111 126 111 114 144 183 166 142 34 130 71 92 120 109 125 213 179 81 38 93 134 105 81 110 176 208 247 249 165 169 -9999 -9999 -9999 -9999 -9999
201 329 271 286 305 270 315 275 208 235 188 77 74 56 38 142 263 316 213 227 93 90 74 80 64 0 0 0 0 0 149 130 185 212 183 185 186 184 153 137 148 178 147 156 140 146 106 75 58 38 39 110 122 132 154 10 131 128 70 35 92 75 173 67 52 17 20 73 87 74 74 172 147 138 167 171 129 -9999 -9999 -9999 -9999 -9999
246 174 257 271 325 208 202 214 193 38 43 23 88 61 33 262 192 224 110 175 218 251 249 130 131 199 178 0 0 128 67 105 266 159 205 214 187 185 194 192 163 148 158 197 161 129 97 113 29 30 31 30 85 52 127 44 96 77 45 165 43 151 138 198 135 54 100 140 126 26 -9999 135 163 222 238 182 127 -9999 -9999 -9999 -9999 -9999
172 277 212 286 115 102 239 29 109 31 23 83 0 59 266 102 82 120 159 130 115 164 159 226 211 213 72 113 133 63 141 274 148 214 196 182 153 202 192 172 148 117 165 162 158 176 140 133 29 17 17 27 39 47 39 48 45 68 69 45 106 135 82 225 220 118 223 222 181 43 -9999 199 118 144 199 202 224 212 -9999 -9999 -9999 -9999
212 169 158 125 68 96 48 44 86 84 86 42 114 292 131 149 195 185 142 187 176 93 117 195 208 270 198 139 60 111 172 201 200 191 182 151 150 185 170 205 211 125 195 231 200 259 205 147 58 103 65 43 40 35 49 39 41 74 21 50 38 85 181 136 95 131 185 125 259 27 -9999 157 161 174 219 263 254 180 -9999 -9999 -9999 -9999
111 157 73 31 83 44 82 105 109 7 53 145 125 149 155 165 178 148 159 155 130 172 164 157 169 161 218 187 116 150 179 242 216 202 158 157 170 143 161 190 54 256 189 195 163 254 160 180 118 122 171 176 129 27 40 39 96 52 54 31 38 38 160 146 224 218 199 190 142 55 -9999 38 149 95 258 95 112 116 -9999 -9999 -9999 -9999
212 128 105 106 106 85 86 76 77 99 56 152 108 103 99 98 69 231 263 223 242 215 194 152 173 183 189 181 209 249 219 249 125 140 113 157 169 150 236 132 164 194 233 286 169 244 109 158 160 109 191 122 150 119 123 144 114 80 45 96 29 55 132 184 202 186 237 194 90 167 -9999 108 159 70 88 221 137 51 -9999 -9999 -9999 -9999
105 144 152 116 130 36 4 8 28 89 179 116 268 275 206 207 186 215 107 97 103 74 121 105 89 174 217 191 204 178 197 220 214 141 154 171 86 233 137 121 173 195 180 281 140 216 143 83 104 177 200 149 132 122 114 107 70 80 41 31 71 30 118 179 237 210 160 151 159 127 150 238 131 53 91 132 123 191 -9999 -9999 -9999 -9999
123 193 217 111 90 30 4 20 70 168 138 145 214 155 205 276 251 214 195 136 187 172 224 196 144 138 129 134 226 181 245 188 274 48 131 162 89 180 116 129 246 201 162 146 169 144 137 117 88 32 94 145 151 61 106 156 111 118 145 32 96 71 175 149 203 203 117 169 245 108 59 46 74 53 110 78 -9999 -9999 -9999 -9999 -9999 -9999
178 299 286 243 77 65 20 86 129 166 209 161 149 67 143 163 165 201 183 267 180 179 136 114 218 208 173 148 170 205 126 102 219 151 47 129 64 189 216 198 196 140 184 67 131 98 128 156 38 34 46 117 169 110 40 153 193 55 145 42 102 133 168 233 139 175 228 206 102 -9999 100 126 -9999 -9999 -9999 -9999 -9999 -9999 -9999 -9999 -9999 -9999
104 100 149 170 89 27 45 42 102 169 207 245 126 174 233 211 203 200 137 275 209 245 342 185 188 219 224 217 109 170 106 168 34 266 141 93 162 249 170 226 194 207 196 41 138 115 170 166 129 21 56 60 133 135 43 129 136 82 76 132 64 123 191 122 105 152 226 199 118 -9999 -9999 -9999 -9999 -9999 -9999 -9999 -9999 -9999 -9999 -9999 -9999 -9999
-9999 -9999 91 102 53 65 105 116 74 90 224 117 143 187 53 114 199 241 238 114 84 86 258 202 127 150 289 194 142 192 159 206 41 189 223 110 168 188 170 241 209 83 144 171 147 215 157 171 139 119 90 56 35 43 42 23 161 131 10 75 96 108 165 56 94 94 -9999 -9999 -9999 -9999 -9999 -9999 -9999 -9999 -9999 -9999 -9999 -9999 -9999 -9999 -9999 -9999
-9999 -9999 183 118 214 150 197 176 186 163 235 248 128 92 90 127 150 131 84 163 81 61 131 63 27 217 189 159 165 208 191 159 118 35 223 168 134 195 157 200 84 191 189 132 102 146 120 128 140 136 165 122 123 142 186 169 88 143 97 98 143 142 163 74 -9999 -9999 -9999 -9999 -9999 -9999 -9999 -9999 -9999 -9999 -9999 -9999 -9999 -9999 -9999 -9999 -9999 -9999
-9999 -9999 -9999 -9999 191 167 101 260 215 136 135 154 94 90 120 113 183 210 113 76 90 179 33 66 8 6 112 151 194 112 199 186 101 149 170 139 140 127 193 42 84 137 142 176 141 170 144 139 175 121 150 232 117 110 129 162 65 98 99 56 93 -9999 -9999 -9999 -9999 -9999 -9999 -9999 -9999 -9999 -9999 -9999 -9999 -9999 -9999 -9999 -9999 -9999 -9999 -9999 -9999 -9999
