slauniainen/Data/VMI/vihti_bm_lehtip_juuret.asc
ncols         196
nrows         178
xllcorner     353680
yllcorner     6699024
cellsize      16
NODATA_value  -9999
[rows 108 to 143 of 178, columns 81 to 161 of 196]
-9999 -9999 1334 1304 1690 946 57 108 282 0 0 0 0 70 139 0 0 0 0 0 0 0 0 0 0 0 0 0 0 0 0 0 0 306 181 355 191 191 202 209 375 949 1227 1223 1225 1235 1215 1203 1214 1233 1008 631 930 1168 1266 1328 1554 1380 1426 1044 595 -9999 -9999 -9999 -9999 -9999 -9999 -9999 -9999 -9999 -9999 -9999 -9999 -9999 -9999 -9999 -9999 -9999 -9999 -9999 -9999
-9999 -9999 1460 1227 1323 1095 1154 1100 450 194 179 177 345 105 284 0 0 0 0 0 0 0 0 0 0 0 0 0 0 0 0 0 0 0 192 294 240 218 201 188 62 198 385 567 957 1194 1040 880 713 741 1039 1066 1054 1193 1555 1587 1576 1411 1109 1199 2078 2524 0 -9999 -9999 -9999 -9999 -9999 -9999 -9999 -9999 -9999 -9999 -9999 -9999 -9999 -9999 -9999 -9999 -9999 437
242 344 1315 1419 1865 2289 1274 1525 853 437 422 337 0 150 203 0 0 0 0 0 0 0 0 0 0 0 0 0 0 0 0 0 0 0 0 204 205 172 0 0 224 0 167 1108 1973 1987 1153 114 126 198 222 603 853 677 898 1367 1604 1388 1446 1562 1346 1620 -9999 -9999 -9999 -9999 -9999 -9999 -9999 -9999 -9999 -9999 -9999 -9999 -9999 -9999 -9999 -9999 -9999 -9999 523
574 515 2309 1495 1114 662 670 496 1333 1055 1243 1012 498 189 325 0 0 0 0 0 0 0 0 0 0 0 0 0 0 0 0 0 0 0 0 0 0 0 0 0 201 266 386 144 587 1585 1914 410 88 56 258 383 886 659 887 1192 1662 1643 1421 860 2086 1237 263 -9999 -9999 -9999 -9999 -9999 -9999 -9999 -9999 -9999 -9999 -9999 -9999 -9999 -9999 -9999 -9999 238 455
629 442 577 796 506 616 671 581 620 25 200 700 1150 325 283 0 0 0 0 0 0 0 0 0 0 0 0 0 0 0 0 0 0 0 0 0 0 0 0 0 312 301 211 336 564 934 2069 403 0 43 55 230 396 739 855 1196 1362 1164 984 2167 976 490 487 264 -9999 -9999 -9999 -9999 -9999 -9999 -9999 -9999 -9999 -9999 -9999 -9999 -9999 -9999 -9999 -9999 722
820 945 567 180 304 312 81 173 220 339 838 1747 1863 1847 561 64 0 0 0 0 0 0 0 0 0 0 0 0 0 0 0 0 0 0 0 0 0 0 289 311 186 239 210 1186 841 956 1206 1165 152 58 147 116 324 1018 1481 1576 1457 1420 2151 1768 180 353 105 447 269 -9999 -9999 -9999 -9999 -9999 -9999 -9999 -9999 -9999 -9999 -9999 -9999 -9999 612 784 200
631 546 728 314 938 513 228 332 441 649 763 160 790 2196 566 225 0 0 0 0 0 0 0 0 0 0 0 0 0 0 0 0 0 0 0 0 0 0 357 337 152 1237 277 820 1072 341 658 2023 651 519 371 42 403 1423 1441 1244 1639 2382 402 1075 405 462 191 576 122 156 -9999 -9999 -9999 -9999 -9999 -9999 -9999 -9999 -9999 -9999 -9999 -9999 1081 851 46
765 524 576 645 750 639 0 282 541 627 587 906 508 1292 452 337 0 0 0 0 0 0 0 0 0 0 0 0 0 0 0 0 0 0 0 0 0 345 261 545 89 236 81 949 729 430 710 669 391 374 411 311 646 942 1302 1265 1548 954 602 282 429 644 569 849 638 552 502 -9999 -9999 -9999 -9999 -9999 -9999 -9999 -9999 -9999 -9999 937 1187 934 47
559 659 609 707 639 679 642 0 233 201 781 1366 1474 742 546 290 0 0 0 0 0 0 0 0 0 0 0 0 0 0 0 0 0 0 0 182 0 120 299 598 901 510 689 845 812 527 731 730 485 103 425 546 147 1552 1814 2491 2602 1254 882 233 528 760 470 257 130 526 216 529 -9999 -9999 -9999 -9999 -9999 -9999 -9999 -9999 -9999 1273 1103 39 0
383 898 812 778 740 805 575 111 187 707 689 781 453 2109 633 229 0 0 0 0 0 0 0 0 0 0 0 0 0 0 0 0 0 0 256 103 311 177 251 574 1027 695 957 361 91 180 300 189 425 494 193 222 530 221 1313 2220 2289 602 870 438 470 584 223 521 368 541 437 580 -9999 -9999 -9999 -9999 -9999 -9999 -9999 -9999 1032 1172 888 49 659
307 462 331 316 161 326 305 100 246 284 740 585 1040 1352 452 279 0 0 0 0 0 0 0 0 0 0 0 0 0 0 0 0 0 0 26 296 268 420 756 441 864 379 585 417 566 450 471 432 278 239 119 230 98 254 1568 1175 947 527 429 459 483 611 502 390 382 524 359 1006 321 -9999 271 -9999 -9999 -9999 244 1131 1133 901 63 613 582
806 672 233 208 135 286 370 324 324 160 109 696 828 1093 1056 368 0 0 0 0 0 0 0 0 0 0 0 0 0 0 0 0 0 193 0 604 645 683 155 535 506 484 474 452 467 442 374 338 301 299 293 356 167 1045 467 1149 1227 1571 1002 201 193 1085 1563 800 986 247 501 1319 263 411 352 247 470 671 1307 1178 631 118 738 459 464
632 851 586 100 114 639 161 375 121 239 704 166 1251 1510 845 544 292 0 0 0 0 0 0 0 0 0 0 0 0 0 0 0 0 248 0 630 338 286 695 509 369 195 228 220 459 378 361 352 338 329 335 351 392 506 660 541 635 485 1694 1244 1066 1135 1532 1567 1390 830 895 1618 217 385 321 454 500 595 684 41 604 680 721 488 441
541 953 871 68 493 182 258 153 46 366 592 328 886 762 886 628 327 0 0 0 0 0 0 0 0 0 0 0 0 0 0 0 0 350 441 186 879 606 487 283 236 710 226 224 380 366 343 358 134 128 306 328 333 534 357 355 561 1136 1721 1018 1698 1953 1826 1652 2399 1608 1329 1729 593 963 205 502 837 380 573 575 991 515 749 706 533
1178 550 152 62 241 1279 166 85 594 314 629 76 1632 743 902 679 407 0 0 0 0 0 0 0 0 0 0 0 0 0 0 0 0 347 414 1211 294 431 287 209 240 166 229 238 447 449 350 67 483 561 112 141 335 419 409 545 353 547 533 767 421 483 464 473 872 734 1187 1263 569 -9999 306 424 673 669 717 1083 551 284 934 642 363
631 148 151 163 533 211 101 141 303 33 432 377 545 458 1180 801 238 0 0 0 0 0 0 0 0 0 0 0 0 0 0 0 0 99 727 1173 362 192 246 513 515 516 567 487 466 457 201 38 1364 1381 95 126 141 324 291 172 545 254 68 600 519 721 628 722 484 415 303 114 622 286 654 357 671 971 470 496 303 454 573 214 403
131 53 82 338 126 98 0 0 254 139 257 999 622 599 1163 232 92 0 0 0 0 0 0 0 0 0 0 0 0 0 0 0 233 200 487 799 544 194 207 643 576 760 976 699 432 1001 416 139 566 1786 483 0 0 223 449 607 1126 586 580 392 941 342 410 356 942 1280 576 451 452 307 726 709 712 521 522 598 426 489 654 264 974
554 87 302 392 193 30 34 222 89 341 424 475 450 556 1346 533 435 0 0 0 0 0 0 0 0 0 0 0 0 0 0 136 94 330 307 982 332 643 693 311 913 999 1295 822 732 934 1372 110 159 611 169 571 615 648 491 652 1080 667 670 349 494 400 459 713 928 760 673 455 468 698 735 618 528 430 311 254 593 582 204 808 755
92 85 33 84 96 95 224 288 289 222 790 537 787 1289 1182 780 210 58 0 0 0 0 0 0 0 0 0 0 0 0 0 290 425 136 386 1370 972 986 1308 602 365 285 216 200 327 459 1365 115 107 93 92 176 287 183 311 813 1122 283 401 442 475 131 0 564 377 1234 751 689 457 651 -9999 680 484 598 219 222 597 698 1603 1554 -9999
641 794 710 804 171 270 211 472 98 450 806 1303 618 1268 1178 783 923 256 258 0 0 0 0 0 0 0 0 0 0 0 0 393 1098 1139 451 1461 1197 739 426 553 556 527 536 481 1176 708 960 90 76 49 173 253 122 161 325 1146 407 646 634 326 1006 0 0 615 656 144 1100 1424 689 426 -9999 546 1101 569 174 289 123 160 410 -9999 -9999
426 36 117 763 43 241 63 40 608 412 1037 1277 724 1261 1308 1190 1711 2113 345 181 0 0 0 0 0 0 0 0 0 0 0 256 1617 910 543 1207 686 357 557 695 578 312 713 1353 791 844 1683 51 85 123 127 224 231 179 250 200 181 1020 668 329 945 1771 269 1114 375 866 1109 1331 587 453 -9999 353 909 77 185 69 22 154 -9999 -9999 -9999
416 252 583 742 107 346 541 513 692 720 794 1151 994 1202 1180 825 1162 635 532 219 174 0 0 0 0 0 0 0 0 0 0 595 1766 916 512 742 744 652 422 659 563 1116 713 370 664 586 194 116 729 638 233 285 282 35 171 368 293 1062 102 492 779 856 1946 795 1183 721 667 669 396 432 -9999 527 308 1120 223 24 316 350 -9999 -9999 -9999
1027 757 522 592 608 534 766 704 413 653 685 1744 1075 1714 1662 704 1106 313 202 401 111 182 0 0 0 0 0 0 0 0 0 623 1003 304 726 685 948 1084 947 409 364 423 733 495 525 611 34 0 479 536 313 303 214 250 236 154 290 1040 493 272 583 152 614 545 586 248 259 369 308 295 356 639 245 504 69 931 998 323 -9999 -9999 -9999
1064 331 595 792 814 804 730 674 775 480 611 1436 730 243 209 0 295 595 338 595 499 122 117 425 267 214 0 0 0 0 0 1503 834 748 975 505 436 438 435 248 320 367 497 506 807 776 69 32 35 40 29 32 35 580 255 224 140 1065 1044 483 319 149 100 350 442 298 163 221 186 207 426 551 925 402 321 620 871 694 -9999 -9999 -9999
310 329 425 712 734 647 1233 1274 1224 877 400 778 51 465 555 251 269 128 346 296 195 383 337 383 122 115 515 543 0 0 1202 646 583 1424 638 469 532 450 417 474 457 294 266 908 950 823 818 571 115 89 0 0 95 58 31 207 329 789 593 282 565 142 695 469 359 373 313 507 528 470 410 -9999 431 666 855 1178 1251 755 -9999 -9999 -9999
212 712 41 305 730 596 922 683 235 305 316 54 433 0 433 1024 298 242 429 523 310 159 241 207 127 1085 840 388 767 870 623 466 1148 299 531 462 325 327 315 476 582 272 475 101 134 183 216 128 93 0 0 0 0 0 112 183 352 256 438 74 136 106 122 218 333 322 1016 43 144 114 167 -9999 218 142 351 621 1085 1973 1373 -9999 -9999
490 463 571 757 290 62 861 392 169 487 438 453 354 466 395 882 352 553 345 301 493 378 291 607 248 796 1120 1251 445 361 423 665 887 513 404 318 356 340 346 263 877 584 267 482 331 0 124 92 227 85 307 168 0 0 78 174 102 293 180 73 109 96 0 390 668 187 377 579 962 1308 315 -9999 259 358 299 1493 1218 1213 1566 -9999 -9999
892 373 520 268 398 468 168 460 559 584 0 207 391 231 231 509 518 511 343 603 598 636 577 449 410 505 476 1203 737 588 489 665 937 567 311 312 317 296 318 421 713 582 1058 823 231 41 101 72 339 121 338 157 290 255 41 98 117 181 243 282 0 0 46 147 592 1158 1207 546 711 857 306 -9999 116 1199 1206 1191 592 931 469 -9999 -9999
994 1229 1163 551 566 563 444 453 248 218 1020 336 27 203 399 302 411 259 385 1089 970 933 804 711 614 582 603 615 589 806 1110 627 722 230 147 142 311 378 327 1142 959 1533 651 715 189 529 572 47 252 681 63 270 108 206 140 147 192 724 898 342 78 0 38 187 634 703 1117 482 643 671 619 -9999 719 1048 696 1137 1609 1031 97 -9999 -9999
1110 680 1066 1094 636 906 219 54 0 207 226 422 50 250 237 251 1180 641 426 854 694 679 709 718 743 414 645 1100 713 752 448 636 625 511 161 304 409 124 405 285 927 553 944 685 155 177 789 179 329 306 256 534 237 248 144 130 145 195 465 360 0 0 0 351 660 1359 1002 599 768 846 1052 1144 849 1028 635 704 1876 1141 661 -9999 -9999
673 794 1381 212 277 1013 160 55 114 599 499 571 172 753 1033 365 1262 121 1702 1737 288 816 834 1723 1843 228 288 324 460 352 722 1128 706 1041 0 244 373 501 1059 540 146 1769 1666 1060 647 163 294 516 142 78 133 316 119 219 94 115 154 387 343 252 37 0 239 497 508 1042 1174 918 1115 2726 897 585 633 624 775 733 594 -9999 -9999 -9999 -9999
1552 178 381 152 738 359 490 111 942 376 760 669 442 278 555 1627 1557 1068 841 894 567 218 320 477 359 670 718 550 644 694 210 447 629 1200 282 0 255 159 343 653 999 1611 1144 1558 763 218 368 476 333 0 0 64 152 133 117 0 358 613 206 196 100 108 131 455 1251 513 1296 1338 2263 714 -9999 1101 1639 -9999 -9999 -9999 -9999 -9999 -9999 -9999 -9999
48 738 164 336 441 300 107 69 378 239 464 451 270 268 1169 1736 1680 1237 1291 842 1430 1808 1407 1080 572 702 187 355 400 143 457 423 1129 231 971 686 357 176 643 138 641 1031 999 1440 454 334 413 607 137 258 0 0 79 519 282 0 396 132 141 165 151 102 376 272 667 277 565 1566 2213 1323 -9999 -9999 -9999 -9999 -9999 -9999 -9999 -9999 -9999 -9999 -9999
-9999 -9999 -9999 400 398 532 608 737 383 399 405 328 914 1166 1819 700 1730 1590 1983 2300 1108 820 831 1994 2797 460 988 559 607 1079 1016 1619 2134 383 1259 386 72 127 215 860 862 1102 1051 1106 1284 808 676 485 610 176 328 73 73 159 131 180 102 269 136 0 158 104 121 138 0 205 588 -9999 -9999 -9999 -9999 -9999 -9999 -9999 -9999 -9999 -9999 -9999 -9999 -9999 -9999
-9999 -9999 -9999 452 286 888 449 956 1024 988 356 1413 2081 1461 1527 1539 1514 1575 1462 807 0 218 355 462 251 499 1598 1240 729 882 1479 1184 1171 993 322 949 156 97 1256 641 1321 835 1413 1622 721 570 976 299 426 493 572 431 147 71 91 531 300 247 172 194 157 175 197 137 49 -9999 -9999 -9999 -9999 -9999 -9999 -9999 -9999 -9999 -9999 -9999 -9999 -9999 -9999 -9999 -9999
-9999 -9999 -9999 -9999 -9999 505 833 977 2112 1473 1358 1347 1584 1494 1590 1589 1364 1833 1902 1844 222 191 395 158 510 0 139 1863 1846 912 188 1074 856 1169 1138 1358 89 20 640 317 585 1081 654 450 672 582 526 647 520 683 477 668 1182 0 102 0 95 94 208 151 310 456 -9999 -9999 -9999 -9999 -9999 -9999 -9999 -9999 -9999 -9999 -9999 -9999 -9999 -9999 -9999 -9999 -9999 -9999 -9999
