slauniainen/Data/VMI/vihti_manty.asc
ncols         196
nrows         178
xllcorner     353680
yllcorner     6699024
cellsize      16
NODATA_value  -9999
[rows 74 to 110 of 178, columns 84 to 167 of 196]
11 14 12 11 11 11 0 0 0 10 1 23 11 0 86 111 146 117 61 170 96 74 15 32 0 5 10 4 4 -9999 4 4 22 0 8 6 9 19 14 -9999 -9999 -9999 -9999 -9999 -9999 -9999 -9999 -9999 -9999 -9999 -9999 -9999 -9999 -9999 -9999 -9999 -9999 -9999 -9999 -9999 -9999 -9999 -9999 -9999 -9999 -9999 -9999 -9999 -9999 46 30 108 63 68 37 12 71 24 18 100 -9999 -9999 11 100
22 0 15 8 7 0 0 10 0 12 1 24 44 34 0 102 57 49 23 3 0 0 8 19 10 3 0 0 6 -9999 27 9 1 0 13 0 0 5 14 20 -9999 -9999 -9999 -9999 -9999 -9999 -9999 -9999 -9999 -9999 -9999 -9999 -9999 -9999 -9999 -9999 -9999 -9999 -9999 -9999 -9999 -9999 -9999 -9999 -9999 -9999 -9999 -9999 -9999 -9999 56 54 29 40 17 56 18 88 -9999 5 -9999 -9999 -9999 -9999
30 5 6 7 25 0 0 46 43 13 20 4 0 0 18 4 12 19 3 40 13 17 7 4 0 0 0 0 3 9 -9999 -9999 -9999 12 0 0 11 0 6 77 82 63 -9999 -9999 -9999 -9999 98 137 -9999 -9999 -9999 -9999 -9999 -9999 -9999 -9999 -9999 131 116 -9999 -9999 -9999 -9999 -9999 -9999 -9999 41 19 31 81 60 66 66 62 56 53 16 26 29 -9999 -9999 -9999 -9999 -9999
7 6 5 4 16 11 49 64 46 7 49 63 10 0 5 1 5 2 5 6 0 0 66 0 0 0 0 0 3 42 45 7 102 0 -9999 -9999 -9999 -9999 6 80 153 148 138 -9999 71 112 19 0 -9999 -9999 -9999 -9999 -9999 -9999 -9999 22 3 61 103 49 152 30 95 29 65 57 28 47 20 19 53 8 85 93 50 63 33 35 -9999 -9999 -9999 -9999 -9999 -9999
19 29 0 7 10 15 33 18 23 142 86 44 10 0 0 0 5 5 0 0 0 0 0 0 0 0 0 0 3 46 5 0 0 16 0 -9999 -9999 -9999 0 12 80 112 120 76 112 20 0 0 2 0 0 -9999 -9999 -9999 0 116 31 40 28 153 81 49 43 97 61 65 22 0 23 112 61 82 94 45 116 101 76 -9999 -9999 -9999 -9999 -9999 -9999 -9999
9 11 4 6 16 4 82 74 102 101 13 77 0 9 0 0 0 0 0 0 0 0 0 0 0 0 0 0 3 56 3 0 0 22 19 0 -9999 -9999 20 2 52 28 58 73 3 2 16 16 0 0 0 0 17 51 95 32 69 37 0 15 143 18 32 75 64 62 67 43 105 78 75 107 64 68 55 46 85 -9999 24 -9999 -9999 -9999 -9999 -9999
11 69 21 19 30 55 54 58 65 77 21 51 64 0 0 0 0 0 0 0 0 0 0 0 0 0 0 0 5 5 0 0 0 22 0 0 0 5 5 6 2 28 45 72 12 14 15 16 11 0 0 0 13 33 19 22 90 17 2 66 41 146 73 69 49 74 129 151 126 84 56 18 63 64 153 57 64 17 -9999 -9999 -9999 -9999 -9999 -9999
2 30 12 66 7 0 0 2 32 41 65 61 43 5 0 0 0 0 0 0 0 0 0 0 4 26 6 11 34 6 0 0 8 0 0 8 1 22 -9999 3 0 0 21 57 88 15 16 16 14 8 86 112 7 0 65 26 70 27 42 30 9 31 28 84 131 82 166 30 54 63 0 17 82 46 30 -9999 -9999 43 -9999 -9999 -9999 -9999 -9999 -9999
5 3 2 0 0 0 0 0 6 35 43 42 130 83 21 12 0 0 0 5 0 0 0 11 21 17 18 41 43 4 0 15 11 16 25 28 68 57 30 -9999 0 0 0 36 96 17 18 15 10 0 134 23 17 -9999 -9999 -9999 127 39 83 6 32 23 41 91 112 91 131 109 76 47 4 12 21 -9999 -9999 -9999 -9999 -9999 7 -9999 -9999 -9999 -9999 -9999
35 94 4 0 0 0 0 0 6 35 42 29 112 25 80 72 18 0 5 50 44 4 0 25 20 38 37 2 32 0 0 28 0 92 47 130 135 99 13 26 -9999 0 0 15 28 49 57 62 59 35 26 15 -9999 -9999 -9999 -9999 14 39 3 72 73 19 34 89 92 104 43 35 40 99 16 69 2 74 -9999 -9999 -9999 -9999 0 -9999 -9999 -9999 -9999 -9999
-9999 -9999 7 0 0 0 0 3 34 49 40 23 63 102 4 19 3 15 0 19 9 4 0 0 4 0 7 8 15 0 0 29 16 108 91 157 92 80 15 61 -9999 0 0 19 19 15 59 74 22 18 44 32 -9999 -9999 -9999 -9999 -9999 41 36 32 84 109 73 75 103 66 45 53 69 104 90 3 0 0 -9999 -9999 -9999 5 -9999 -9999 -9999 -9999 -9999 -9999
-9999 -9999 -9999 -9999 -9999 3 0 33 48 53 56 56 49 48 55 52 30 38 3 4 0 16 12 39 5 -9999 -9999 -9999 -9999 -9999 0 14 54 22 24 49 60 18 4 14 0 -9999 8 58 53 0 8 -9999 8 46 8 -9999 -9999 22 69 -9999 -9999 62 75 46 86 31 78 107 68 57 80 42 22 23 8 0 0 -9999 0 -9999 4 -9999 -9999 -9999 -9999 -9999 -9999 -9999
-9999 -9999 -9999 -9999 -9999 3 0 31 43 86 17 24 46 48 45 11 12 9 57 23 5 38 24 10 4 0 -9999 -9999 -9999 -9999 -9999 0 6 7 13 23 5 6 6 5 0 0 0 9 6 -9999 -9999 -9999 2 44 8 -9999 30 70 43 -9999 -9999 -9999 29 33 40 43 53 95 98 88 91 8 4 34 0 -9999 -9999 -9999 -9999 -9999 -9999 -9999 -9999 -9999 -9999 -9999 -9999 -9999
-9999 -9999 -9999 -9999 -9999 22 3 2 35 62 45 40 47 41 16 7 4 21 87 75 73 110 97 44 7 27 0 50 0 0 0 0 5 18 13 0 0 0 4 0 0 0 -9999 0 0 -9999 -9999 -9999 -9999 19 22 16 61 15 31 28 -9999 -9999 0 31 12 36 33 38 8 20 16 -9999 -9999 -9999 9 -9999 -9999 -9999 59 -9999 -9999 -9999 -9999 -9999 -9999 -9999 -9999 -9999
-9999 -9999 -9999 -9999 7 3 0 0 15 31 42 58 32 41 43 7 4 40 101 47 55 62 62 18 77 51 4 2 0 12 9 0 20 14 5 0 0 0 0 100 6 0 -9999 0 103 -9999 -9999 -9999 -9999 -9999 19 34 10 12 14 22 6 3 -9999 -9999 14 18 31 22 34 18 16 -9999 -9999 -9999 -9999 -9999 -9999 -9999 0 -9999 -9999 -9999 -9999 -9999 -9999 -9999 -9999 -9999
-9999 -9999 -9999 -9999 16 0 0 3 6 37 110 80 96 10 16 7 13 90 47 77 70 47 67 111 82 67 82 22 35 14 11 0 20 20 2 0 0 0 0 8 6 89 44 10 6 16 -9999 -9999 -9999 -9999 30 -9999 -9999 2 68 3 0 -9999 -9999 -9999 -9999 3 41 19 8 0 0 -9999 -9999 -9999 -9999 -9999 -9999 86 52 -9999 -9999 -9999 -9999 -9999 -9999 -9999 -9999 -9999
-9999 -9999 -9999 -9999 17 5 0 3 7 32 89 62 94 46 8 7 8 96 31 65 53 58 77 111 73 56 35 22 4 4 0 0 21 11 48 27 13 0 0 0 89 72 114 -9999 22 24 -9999 -9999 -9999 -9999 -9999 -9999 -9999 -9999 2 2 -9999 -9999 -9999 -9999 -9999 -9999 -9999 -9999 0 0 0 0 -9999 -9999 -9999 -9999 8 -9999 10 12 -9999 -9999 -9999 -9999 -9999 -9999 -9999 -9999
-9999 -9999 -9999 -9999 -9999 12 0 3 8 13 91 93 76 96 19 5 4 19 65 98 44 54 69 93 58 88 64 132 110 22 15 0 26 8 14 25 21 23 0 0 45 4 32 7 3 4 8 -9999 -9999 -9999 -9999 -9999 -9999 -9999 -9999 -9999 -9999 -9999 -9999 -9999 -9999 -9999 -9999 -9999 -9999 -9999 0 2 -9999 -9999 -9999 14 43 -9999 -9999 -9999 -9999 -9999 -9999 -9999 -9999 -9999 -9999 -9999
-9999 -9999 -9999 -9999 -9999 -9999 4 0 0 73 39 99 84 123 60 9 5 4 94 48 83 93 103 103 108 98 45 140 113 0 5 0 24 23 0 14 0 0 0 17 34 33 5 7 -9999 2 13 -9999 -9999 -9999 -9999 -9999 -9999 -9999 -9999 -9999 -9999 -9999 -9999 -9999 -9999 -9999 -9999 -9999 -9999 -9999 -9999 -9999 -9999 3 -9999 5 13 4 -9999 -9999 -9999 -9999 -9999 -9999 -9999 -9999 -9999 -9999
-9999 -9999 -9999 -9999 -9999 -9999 0 0 0 3 55 50 28 54 76 9 0 3 51 89 111 124 117 131 127 107 68 134 3 19 0 0 0 0 89 13 0 0 0 83 0 17 35 2 12 -9999 78 -9999 -9999 -9999 -9999 -9999 -9999 -9999 -9999 -9999 -9999 -9999 -9999 -9999 -9999 -9999 -9999 -9999 -9999 -9999 -9999 -9999 -9999 -9999 5 -9999 0 4 -9999 -9999 -9999 -9999 -9999 -9999 -9999 -9999 -9999 -9999
-9999 -9999 -9999 -9999 -9999 54 0 0 0 11 15 8 8 27 58 43 7 14 8 30 129 128 101 164 136 95 72 79 47 0 0 0 0 0 0 0 0 0 0 17 51 66 18 66 15 0 -9999 -9999 -9999 -9999 -9999 -9999 -9999 -9999 -9999 -9999 -9999 -9999 -9999 -9999 -9999 -9999 -9999 -9999 -9999 -9999 -9999 -9999 -9999 -9999 -9999 -9999 -9999 -9999 -9999 -9999 -9999 -9999 -9999 -9999 -9999 -9999 -9999 -9999
-9999 -9999 -9999 -9999 6 0 0 0 43 14 3 3 11 10 34 69 11 3 32 18 97 175 136 112 136 133 64 45 0 5 0 0 0 0 0 0 0 0 0 52 62 74 7 19 10 19 16 11 -9999 -9999 -9999 -9999 -9999 -9999 -9999 -9999 -9999 -9999 -9999 -9999 -9999 -9999 -9999 -9999 -9999 -9999 -9999 -9999 -9999 -9999 -9999 -9999 -9999 -9999 -9999 -9999 -9999 -9999 -9999 -9999 -9999 -9999 -9999 -9999
-9999 -9999 -9999 0 0 0 0 10 12 3 3 3 3 10 36 59 104 18 40 58 92 145 99 99 124 122 114 85 44 20 3 0 0 0 4 0 0 9 11 63 58 72 18 20 28 21 45 -9999 -9999 -9999 -9999 -9999 -9999 -9999 -9999 -9999 -9999 -9999 -9999 -9999 -9999 -9999 -9999 -9999 -9999 -9999 -9999 -9999 -9999 -9999 -9999 -9999 -9999 -9999 -9999 -9999 -9999 -9999 -9999 -9999 -9999 -9999 -9999 -9999
-9999 51 30 0 0 0 40 12 12 2 0 3 4 3 7 26 90 33 38 4 99 101 57 53 64 53 109 104 20 3 6 0 7 8 8 2 22 28 112 120 75 105 36 0 9 24 28 11 -9999 -9999 -9999 -9999 -9999 -9999 -9999 -9999 -9999 -9999 -9999 -9999 -9999 -9999 -9999 -9999 -9999 -9999 -9999 -9999 -9999 -9999 -9999 -9999 -9999 -9999 -9999 -9999 -9999 -9999 -9999 -9999 -9999 -9999 -9999 -9999
19 4 0 0 0 41 11 10 3 0 1 9 3 3 0 51 69 57 52 12 22 77 32 33 20 23 15 73 10 20 7 13 27 15 17 17 20 7 111 100 66 106 44 9 7 23 8 48 5 -9999 -9999 -9999 -9999 -9999 -9999 -9999 -9999 -9999 -9999 -9999 -9999 -9999 -9999 -9999 -9999 -9999 -9999 -9999 -9999 -9999 -9999 -9999 -9999 -9999 -9999 -9999 -9999 -9999 -9999 -9999 -9999 -9999 -9999 -9999
4 0 0 0 0 56 8 10 10 1 0 1 9 9 1 55 99 87 30 46 27 18 96 31 31 36 17 10 18 13 19 71 100 28 23 26 18 29 30 28 164 92 88 10 8 10 7 4 41 3 -9999 -9999 -9999 -9999 -9999 -9999 -9999 -9999 -9999 -9999 -9999 -9999 -9999 -9999 -9999 -9999 -9999 -9999 -9999 -9999 -9999 -9999 -9999 -9999 -9999 -9999 -9999 -9999 -9999 -9999 -9999 -9999 -9999 -9999
0 0 0 0 5 10 1 8 2 10 33 18 2 2 2 10 27 27 78 49 4 13 58 39 39 28 20 15 18 19 97 51 85 41 60 31 30 35 34 47 65 44 75 10 4 4 0 16 25 3 17 -9999 -9999 -9999 -9999 -9999 -9999 -9999 -9999 -9999 -9999 -9999 -9999 -9999 -9999 -9999 -9999 -9999 -9999 -9999 -9999 -9999 -9999 -9999 -9999 -9999 -9999 -9999 -9999 -9999 -9999 -9999 -9999 -9999
0 0 0 4 54 9 10 2 11 52 35 53 18 2 0 1 22 26 41 14 39 4 37 53 33 43 33 23 24 24 26 28 46 30 3 0 3 4 21 30 33 25 60 47 0 0 25 25 3 0 26 39 -9999 -9999 -9999 -9999 -9999 -9999 -9999 -9999 -9999 -9999 -9999 -9999 -9999 -9999 -9999 -9999 -9999 -9999 -9999 -9999 -9999 -9999 -9999 -9999 -9999 -9999 -9999 -9999 -9999 -9999 -9999 -9999
36 0 0 56 12 8 1 4 52 41 35 52 34 5 1 8 1 21 23 31 33 42 3 36 5 13 14 28 19 32 34 34 19 9 0 0 16 52 44 28 4 22 51 5 15 0 33 34 4 12 105 111 79 -9999 -9999 -9999 -9999 -9999 -9999 -9999 -9999 -9999 -9999 -9999 -9999 -9999 -9999 -9999 -9999 -9999 -9999 -9999 -9999 -9999 -9999 -9999 -9999 -9999 -9999 -9999 -9999 -9999 -9999 -9999
38 0 0 35 20 9 8 2 35 52 28 10 10 2 1 0 1 5 34 33 53 4 5 9 3 17 8 5 19 34 21 3 8 4 8 6 9 25 70 38 5 20 26 43 33 22 65 20 51 62 78 170 87 111 -9999 -9999 -9999 -9999 -9999 -9999 -9999 -9999 -9999 -9999 -9999 -9999 -9999 -9999 -9999 -9999 -9999 -9999 -9999 -9999 -9999 -9999 -9999 -9999 -9999 -9999 -9999 -9999 -9999 -9999
46 0 5 32 20 7 10 0 33 33 20 4 1 8 8 8 1 1 9 9 11 19 32 3 4 10 4 4 4 3 0 0 0 12 3 29 29 56 44 35 60 52 29 17 23 54 67 43 63 121 64 102 0 115 -9999 -9999 -9999 -9999 -9999 -9999 -9999 -9999 -9999 -9999 -9999 -9999 -9999 -9999 -9999 -9999 -9999 -9999 -9999 -9999 -9999 -9999 -9999 -9999 -9999 3 -9999 -9999 -9999 -9999
9 0 0 19 13 10 10 8 9 53 33 2 8 10 9 8 7 8 1 5 10 11 19 56 34 38 0 0 0 0 0 0 3 26 50 87 58 53 92 66 71 57 54 27 3 4 22 31 58 46 35 44 50 50 43 -9999 -9999 -9999 -9999 -9999 -9999 -9999 -9999 -9999 -9999 -9999 -9999 -9999 -9999 -9999 -9999 -9999 -9999 -9999 -9999 -9999 -9999 -9999 -9999 15 45 44 135 61
10 0 0 39 57 9 9 9 1 2 2 1 1 9 10 9 9 8 1 8 9 2 10 10 34 11 19 0 0 0 0 0 0 6 7 34 57 54 54 31 54 33 32 3 3 3 3 3 3 3 3 21 16 12 26 8 -9999 -9999 -9999 -9999 -9999 -9999 -9999 -9999 -9999 -9999 -9999 -9999 -9999 -9999 -9999 -9999 -9999 -9999 -9999 -9999 -9999 -9999 -9999 21 44 23 24 76
9 0 0 30 3 10 9 10 11 9 1 2 1 8 9 9 10 9 1 1 9 3 3 3 12 7 52 56 48 8 3 23 31 0 0 5 7 6 26 6 6 10 0 0 0 0 0 0 0 0 0 0 0 3 4 7 8 -9999 -9999 -9999 -9999 -9999 -9999 -9999 -9999 -9999 -9999 -9999 -9999 -9999 -9999 -9999 -9999 -9999 -9999 -9999 -9999 -9999 -9999 -9999 15 20 22 45
3 0 4 9 0 58 12 11 11 0 8 17 2 7 6 9 9 11 8 2 1 3 4 4 3 8 1 1 6 9 57 29 3 0 0 0 31 0 0 0 0 0 0 0 0 0 0 0 0 0 0 0 3 20 0 14 61 28 -9999 -9999 -9999 -9999 -9999 -9999 -9999 -9999 -9999 -9999 -9999 -9999 -9999 -9999 -9999 -9999 -9999 -9999 -9999 -9999 -9999 4 10 82 78 35
29 4 8 13 12 52 31 32 34 28 53 26 9 10 7 9 9 3 3 1 1 3 4 3 4 0 1 9 10 10 10 31 51 49 41 38 36 0 0 0 3 8 2 0 0 0 0 0 0 0 0 3 26 22 55 56 63 39 1 20 -9999 -9999 -9999 -9999 -9999 -9999 -9999 -9999 -9999 -9999 -9999 -9999 -9999 -9999 -9999 -9999 -9999 17 16 0 28 60 54 31
64 39 14 18 34 52 70 65 59 51 41 32 4 10 10 10 0 3 4 3 0 0 4 3 3 4 3 0 0 10 0 4 36 38 23 11 12 42 5 25 10 49 70 0 0 0 0 28 0 0 0 0 6 27 4 6 4 8 36 -9999 -9999 -9999 -9999 -9999 -9999 -9999 -9999 -9999 -9999 -9999 -9999 -9999 -9999 -9999 -9999 -9999 -9999 12 17 0 19 37 81 88
