slauniainen/Data/VMI/vihti_bm_manty_neulaset.asc
ncols         196
nrows         178
xllcorner     353680
yllcorner     6699024
cellsize      16
NODATA_value  -9999
[rows 111 to 147 of 178, columns 83 to 165 of 196]
20 5 42 63 108 56 109 91 10 17 82 170 229 53 51 46 0 10 12 12 11 11 0 0 11 10 10 11 11 9 0 0 6 8 12 27 39 29 77 235 285 263 80 50 31 131 0 0 45 60 16 0 0 8 0 0 0 27 90 204 141 -9999 -9999 -9999 -9999 -9999 -9999 -9999 -9999 -9999 -9999 -9999 -9999 -9999 -9999 -9999 -9999 167 0 0 0 37 110
108 201 135 133 164 68 73 210 204 177 189 99 200 49 51 42 45 0 12 11 11 11 0 0 11 11 10 10 12 10 9 10 9 0 35 23 39 41 209 250 298 86 254 196 29 125 13 41 14 42 136 13 0 8 8 0 0 60 30 166 285 323 -9999 -9999 -9999 -9999 -9999 -9999 -9999 -9999 -9999 -9999 -9999 -9999 -9999 -9999 -9999 -9999 14 0 0 39 43
42 196 70 81 122 219 204 230 0 21 85 8 45 32 48 43 41 0 9 11 11 12 11 9 10 10 12 12 13 11 9 9 10 9 44 8 126 194 188 214 405 84 51 233 27 61 0 46 112 0 132 19 93 46 13 10 17 58 215 198 501 268 325 -9999 -9999 -9999 -9999 -9999 -9999 -9999 -9999 -9999 -9999 -9999 -9999 -9999 39 86 12 0 34 38 41
221 353 145 240 182 79 195 79 126 62 71 16 92 142 9 34 44 48 8 0 9 11 13 12 12 9 0 46 10 10 8 0 8 9 47 46 221 49 313 30 89 59 170 138 115 18 126 90 21 14 65 15 81 4 84 20 67 116 480 148 361 402 428 211 -9999 -9999 -9999 -9999 -9999 -9999 -9999 -9999 -9999 -9999 -9999 -9999 128 0 0 0 34 33 29
203 355 240 197 155 63 160 134 151 34 126 9 148 115 23 36 47 50 49 0 0 0 9 10 10 9 46 47 0 10 8 43 41 0 7 232 152 181 208 139 401 142 225 308 123 67 310 155 316 282 134 143 15 144 178 114 227 375 338 206 300 123 74 190 194 -9999 -9999 -9999 -9999 -9999 -9999 -9999 -9999 -9999 -9999 53 0 0 0 14 0 41 96
229 161 126 81 168 152 176 260 76 64 59 10 87 209 34 0 9 49 48 0 0 0 0 0 8 13 11 10 10 11 9 43 9 149 245 311 348 292 214 352 229 117 23 189 96 123 256 224 324 299 249 111 147 56 17 133 130 413 441 365 414 491 486 356 295 93 -9999 -9999 -9999 -9999 -9999 -9999 -9999 -9999 -9999 0 13 0 0 13 56 64 109
88 128 131 108 225 97 99 142 71 74 155 19 68 117 46 10 11 10 0 0 0 0 0 0 7 9 13 14 13 12 9 50 227 305 310 259 228 142 81 236 199 32 100 101 172 103 61 93 94 188 162 98 49 9 24 175 105 337 374 418 412 399 434 343 437 221 -9999 -9999 -9999 -9999 -9999 -9999 -9999 -9999 0 13 11 0 29 36 93 101 78
226 162 273 99 68 79 105 165 169 34 44 28 150 197 34 9 10 9 0 0 0 0 0 0 0 0 0 0 11 9 0 9 121 334 368 355 78 259 162 176 107 124 112 126 189 97 79 72 78 122 82 94 20 74 35 59 224 349 343 323 141 227 517 378 247 229 105 -9999 28 -9999 -9999 -9999 30 0 0 0 0 40 22 14 130 113 12
127 80 135 213 165 128 101 118 162 251 177 29 153 44 15 35 10 0 0 0 0 0 0 0 0 0 0 0 0 8 6 144 280 276 210 158 242 107 80 62 79 189 209 221 232 164 155 155 154 205 103 70 61 13 24 14 53 101 90 137 137 194 224 106 137 35 60 31 38 45 10 111 0 12 0 57 29 26 26 16 88 25 27
89 90 86 76 277 99 108 128 184 89 44 98 16 176 201 5 12 0 0 0 0 0 0 0 0 0 0 0 0 9 47 234 312 313 106 243 105 85 67 88 162 232 213 243 227 233 244 255 229 228 212 66 87 0 76 12 13 90 50 37 19 19 39 164 62 12 6 29 12 47 9 96 0 0 39 72 65 26 28 36 73 46 95
177 194 132 156 115 168 160 113 225 167 18 43 0 122 74 9 10 0 0 0 0 0 0 0 0 0 0 0 0 9 52 122 241 65 162 95 154 186 166 98 158 234 243 232 250 273 236 214 264 247 231 145 154 14 0 108 80 11 14 12 9 9 11 18 62 10 12 35 34 123 0 0 26 27 25 60 48 78 92 38 91 82 -9999
205 252 202 146 271 282 177 198 114 307 8 15 8 80 123 9 9 0 0 0 0 0 0 0 0 0 0 0 0 0 53 125 220 104 161 135 263 259 159 85 163 225 218 221 278 193 121 114 113 229 244 235 93 102 14 84 80 108 0 69 65 106 50 123 62 56 69 -9999 35 91 67 88 68 39 13 91 16 99 45 73 57 -9999 -9999
159 200 159 299 380 234 186 435 38 63 45 0 0 22 192 40 10 12 0 0 0 0 0 0 0 0 0 0 0 0 9 185 91 134 163 147 235 158 83 36 13 61 84 142 254 108 59 59 118 182 187 246 115 181 83 34 0 26 70 223 149 220 229 211 146 153 115 36 10 13 73 85 97 62 96 38 69 32 71 58 -9999 -9999 -9999
294 275 308 215 189 341 253 211 284 55 50 0 0 17 45 69 10 13 0 0 0 0 0 0 0 0 0 0 0 0 238 255 63 172 124 113 84 101 100 76 97 89 107 58 73 123 52 50 60 86 119 177 143 111 95 41 40 13 53 149 109 170 124 149 204 194 85 25 28 26 76 76 99 75 91 12 44 9 19 52 -9999 -9999 -9999
296 322 266 371 260 281 215 169 18 74 91 0 0 26 10 46 64 11 0 0 0 0 0 0 0 0 0 0 0 44 204 137 75 138 153 163 155 164 145 137 121 178 227 159 57 84 79 108 79 34 65 126 107 226 82 28 29 11 38 88 90 119 136 94 69 226 92 29 27 32 95 85 104 137 132 78 20 7 103 -9999 -9999 -9999 -9999
273 203 194 261 118 69 129 82 19 56 18 5 30 49 64 12 89 11 16 0 0 0 0 0 0 0 0 0 0 259 218 90 172 101 135 125 109 153 133 302 85 77 254 228 84 30 31 12 109 309 255 362 248 161 90 33 16 12 0 115 166 82 176 115 162 205 125 30 -9999 74 108 111 120 102 197 101 92 20 -9999 -9999 -9999 -9999 -9999
92 155 220 220 84 68 180 11 95 14 12 39 33 46 7 76 37 66 17 0 0 0 0 0 0 0 0 0 0 222 231 171 230 138 70 169 37 0 0 0 32 258 206 240 90 13 4 15 0 186 233 348 330 85 61 33 29 12 37 41 96 91 220 239 114 55 79 29 -9999 70 101 207 148 153 282 209 143 -9999 -9999 -9999 -9999 -9999 -9999
274 127 166 137 157 175 108 178 30 44 44 40 36 46 156 9 138 96 80 14 0 0 0 0 0 0 0 0 0 225 21 19 321 174 179 127 19 12 22 24 226 67 194 146 61 18 32 129 116 344 400 288 353 176 15 36 34 11 20 23 91 69 176 173 110 136 156 40 -9999 16 160 284 221 180 385 82 -9999 -9999 -9999 -9999 -9999 -9999 -9999
204 103 72 101 135 163 161 174 42 11 32 5 46 152 82 63 179 192 67 9 17 0 0 0 0 0 0 0 0 73 44 19 316 218 163 89 31 30 76 104 236 204 146 104 136 68 68 230 249 198 380 239 209 145 0 38 36 44 5 51 52 177 242 237 250 253 270 42 -9999 36 189 119 380 318 128 188 -9999 -9999 -9999 -9999 -9999 -9999 -9999
100 263 155 237 208 191 192 146 204 107 9 17 28 111 141 379 295 335 289 132 50 9 0 0 0 0 0 0 0 187 67 277 219 86 78 47 16 71 105 125 93 107 103 84 191 192 99 84 138 148 230 400 293 286 0 32 24 64 35 51 36 336 336 115 44 64 215 157 52 90 247 280 478 254 115 153 -9999 -9999 -9999 -9999 -9999 -9999 -9999
295 112 55 190 183 168 59 99 31 80 8 51 58 78 33 124 56 39 84 233 228 195 213 191 0 0 0 0 0 89 75 201 128 81 77 76 81 194 164 164 146 165 111 101 216 176 100 35 59 61 80 247 305 229 0 29 35 22 21 34 101 342 177 141 0 0 185 221 112 53 262 101 115 12 87 113 -9999 -9999 -9999 -9999 -9999 -9999 -9999
88 154 74 15 33 49 24 81 8 0 29 33 29 27 231 116 93 127 89 101 38 30 315 318 274 236 0 0 56 17 240 106 132 122 224 195 208 190 182 169 144 129 204 234 175 130 116 39 56 58 40 52 38 30 33 11 11 12 103 50 63 176 229 218 126 148 236 212 15 -9999 162 85 89 146 166 75 -9999 -9999 -9999 -9999 -9999 -9999 -9999
137 24 70 49 29 91 0 0 27 30 33 0 44 113 130 107 127 100 105 107 105 100 107 92 162 275 60 81 44 280 95 160 102 216 260 243 306 149 91 109 67 328 218 222 242 261 191 35 33 34 36 56 70 44 35 0 19 21 54 115 37 115 283 256 99 463 369 440 83 -9999 167 159 84 185 109 8 118 -9999 -9999 -9999 -9999 -9999 -9999
32 196 69 15 0 0 38 33 33 33 14 80 188 116 100 160 174 130 173 166 112 140 197 127 106 118 214 80 157 264 126 75 228 265 227 232 252 152 127 304 288 335 270 275 353 344 225 71 67 48 53 58 26 26 19 14 82 24 64 48 94 408 168 154 249 257 176 215 57 -9999 109 135 150 57 38 115 0 -9999 -9999 -9999 -9999 -9999 -9999
58 0 0 32 38 33 39 40 47 39 133 136 112 106 115 146 136 133 105 89 96 87 119 105 103 71 215 133 156 156 82 65 307 258 255 280 168 93 229 14 185 91 314 163 269 169 189 319 139 147 143 64 21 22 10 111 49 28 51 63 44 387 153 174 129 152 193 25 23 -9999 31 71 9 150 38 20 40 -9999 -9999 -9999 -9999 -9999 -9999
43 41 40 39 34 34 12 13 31 116 87 102 163 159 146 147 242 119 194 138 113 226 128 125 125 124 124 111 100 80 62 118 277 228 257 242 154 122 64 101 214 119 114 89 288 230 266 155 100 72 83 93 59 67 91 20 59 15 42 47 67 294 221 24 12 17 148 32 70 -9999 24 50 23 43 35 41 46 -9999 -9999 -9999 -9999 -9999 -9999
38 40 40 36 30 0 52 61 150 218 180 211 193 165 157 240 178 103 128 149 22 62 52 217 290 271 177 199 126 103 78 37 251 255 233 126 269 125 105 189 199 88 258 221 119 50 113 98 90 62 102 104 60 61 120 36 6 4 52 72 49 101 90 205 40 97 69 91 27 35 53 42 42 39 38 41 55 -9999 -9999 -9999 -9999 -9999 -9999
111 190 147 18 28 0 55 28 265 139 151 232 111 173 107 147 154 45 151 178 151 85 93 258 153 121 126 289 195 105 227 51 136 212 232 114 153 156 107 11 0 85 101 210 78 84 85 98 23 62 138 87 12 63 151 49 41 95 33 104 39 79 180 0 25 36 25 62 64 59 12 14 9 80 66 -9999 -9999 -9999 -9999 -9999 -9999 -9999 -9999
230 237 347 48 75 58 27 140 173 221 85 192 76 49 41 86 140 153 130 4 52 76 91 207 146 271 164 165 343 115 210 68 110 142 167 157 199 294 202 0 80 58 30 29 35 78 94 52 55 44 83 153 67 53 87 160 4 87 22 64 105 84 176 111 0 99 55 107 -9999 51 64 -9999 -9999 -9999 -9999 -9999 -9999 -9999 -9999 -9999 -9999 -9999 -9999
120 89 151 126 19 38 15 238 141 163 180 131 14 196 186 117 93 124 128 68 67 112 6 162 190 412 106 219 57 241 204 114 121 134 225 235 74 293 52 122 148 152 0 49 159 82 143 64 27 80 60 78 70 51 70 116 90 13 71 10 27 69 107 153 168 34 35 57 -9999 -9999 -9999 -9999 -9999 -9999 -9999 -9999 -9999 -9999 -9999 -9999 -9999 -9999 -9999
-9999 131 123 0 50 171 269 47 123 265 101 36 0 0 62 69 86 60 48 17 28 39 16 98 169 39 106 133 217 101 131 96 113 262 195 227 439 182 17 15 21 102 26 65 192 317 83 94 77 101 54 37 43 33 44 127 83 10 12 55 60 154 19 40 60 -9999 -9999 -9999 -9999 -9999 -9999 -9999 -9999 -9999 -9999 -9999 -9999 -9999 -9999 -9999 -9999 -9999 -9999
-9999 198 278 244 229 230 139 257 280 153 33 18 7 7 9 17 16 17 149 140 72 84 48 12 53 148 144 130 217 108 143 118 104 171 325 188 131 96 31 6 6 6 117 54 26 220 128 136 83 93 167 301 318 328 222 52 97 50 43 65 93 152 62 -9999 -9999 -9999 -9999 -9999 -9999 -9999 -9999 -9999 -9999 -9999 -9999 -9999 -9999 -9999 -9999 -9999 -9999 -9999 -9999
-9999 -9999 -9999 282 96 43 27 162 14 15 14 8 6 7 9 0 61 8 103 238 422 31 69 50 0 8 22 135 90 151 180 28 65 151 240 195 135 281 12 18 73 210 79 88 162 240 107 303 88 216 88 162 194 295 328 65 59 58 25 0 -9999 -9999 -9999 -9999 -9999 -9999 -9999 -9999 -9999 -9999 -9999 -9999 -9999 -9999 -9999 -9999 -9999 -9999 -9999 -9999 -9999 -9999 -9999
-9999 -9999 -9999 179 85 3 34 11 9 8 7 7 7 134 38 8 25 111 240 197 99 154 63 6 41 55 24 173 60 248 156 4 63 253 127 246 395 173 15 84 64 235 142 173 48 230 185 169 54 163 219 153 217 294 208 122 85 -9999 -9999 -9999 -9999 -9999 -9999 -9999 -9999 -9999 -9999 -9999 -9999 -9999 -9999 -9999 -9999 -9999 -9999 -9999 -9999 -9999 -9999 -9999 -9999 -9999 -9999
-9999 -9999 -9999 -9999 106 46 44 0 6 6 7 31 10 32 60 98 201 159 107 140 137 81 142 18 11 37 22 189 112 211 176 59 149 241 81 260 461 102 23 147 34 213 152 110 37 210 243 132 80 66 119 162 267 276 -9999 -9999 -9999 -9999 -9999 -9999 -9999 -9999 -9999 -9999 -9999 -9999 -9999 -9999 -9999 -9999 -9999 -9999 -9999 -9999 -9999 -9999 -9999 -9999 -9999 -9999 -9999 -9999 -9999
-9999 -9999 -9999 96 0 45 60 5 6 7 7 88 12 77 117 68 176 95 117 144 176 121 113 63 0 63 46 105 96 167 180 296 271 294 90 280 336 39 224 55 52 81 199 205 200 174 57 339 284 88 164 -9999 -9999 -9999 -9999 -9999 -9999 -9999 -9999 -9999 -9999 -9999 -9999 -9999 -9999 -9999 -9999 -9999 -9999 -9999 -9999 -9999 -9999 -9999 -9999 -9999 -9999 -9999 -9999 -9999 -9999 -9999 -9999
-9999 -9999 -9999 84 81 57 43 0 33 41 179 130 112 238 136 96 77 92 150 172 127 118 214 324 231 353 128 74 131 126 59 139 150 226 186 251 300 226 190 248 171 77 96 132 129 120 218 155 -9999 -9999 -9999 -9999 -9999 -9999 -9999 -9999 -9999 -9999 -9999 -9999 -9999 -9999 -9999 -9999 -9999 -9999 -9999 -9999 -9999 -9999 -9999 -9999 -9999 -9999 -9999 -9999 -9999 -9999 -9999 -9999 -9999 -9999 -9999
