slauniainen/Data/VMI/vihti_latvuspeitto.asc
ncols         196
nrows         178
xllcorner     353680
yllcorner     6699024
cellsize      16
NODATA_value  -9999
[rows 74 to 110 of 178, columns 83 to 165 of 196]
55 68 75 79 79 77 68 74 72 58 67 69 66 53 29 56 62 65 58 42 70 55 75 20 38 35 48 49 48 41 -9999 85 43 82 35 63 72 55 63 39 -9999 -9999 -9999 -9999 -9999 -9999 -9999 -9999 -9999 -9999 -9999 -9999 -9999 -9999 -9999 -9999 -9999 -9999 -9999 -9999 -9999 -9999 -9999 -9999 -9999 -9999 -9999 -9999 -9999 -9999 64 69 67 59 56 71 71 72 65 62 42 -9999 -9999
76 78 64 78 78 79 72 73 69 63 66 63 53 45 43 27 61 40 43 44 45 61 74 42 33 20 17 37 62 67 -9999 77 66 69 35 36 41 43 51 68 69 -9999 -9999 -9999 -9999 -9999 -9999 -9999 -9999 -9999 -9999 -9999 -9999 -9999 -9999 -9999 -9999 -9999 -9999 -9999 -9999 -9999 -9999 -9999 -9999 -9999 -9999 -9999 -9999 -9999 -9999 74 75 63 76 65 67 66 64 -9999 25 -9999 -9999
74 73 61 57 62 72 64 78 75 67 75 77 56 47 3 27 33 34 20 14 38 20 36 18 18 16 15 31 31 41 79 -9999 -9999 -9999 31 15 6 22 3 23 67 61 42 -9999 -9999 -9999 -9999 56 65 -9999 -9999 -9999 -9999 -9999 -9999 -9999 -9999 -9999 53 59 -9999 -9999 -9999 -9999 -9999 -9999 -9999 68 74 65 66 66 73 75 76 74 71 68 51 59 -9999 -9999 -9999
52 63 64 64 65 69 79 74 75 68 73 69 69 54 20 7 23 29 10 27 28 22 10 24 8 19 11 20 24 32 58 66 44 37 36 -9999 -9999 -9999 -9999 33 70 60 51 56 -9999 71 78 61 66 -9999 -9999 -9999 -9999 -9999 -9999 -9999 57 70 67 65 63 70 76 68 62 63 61 70 65 67 74 78 64 65 69 76 74 68 71 -9999 -9999 -9999 -9999
65 62 70 68 50 69 64 73 65 86 69 69 71 57 45 13 4 33 17 6 6 19 8 13 9 15 18 15 23 35 59 60 31 48 36 16 -9999 -9999 -9999 25 54 59 54 42 66 72 66 71 70 70 66 68 -9999 -9999 -9999 77 77 70 72 65 71 44 63 66 67 63 59 59 62 70 66 70 72 72 70 74 68 64 -9999 -9999 -9999 -9999 -9999
71 74 68 78 59 64 68 59 67 67 70 73 57 75 49 25 11 18 20 20 18 21 6 13 17 21 19 26 34 31 59 35 27 39 28 31 3 -9999 -9999 22 40 34 23 57 67 67 72 74 74 72 69 67 71 69 66 77 76 60 73 64 68 59 55 53 56 45 50 58 63 73 56 69 72 69 68 73 67 64 -9999 42 -9999 -9999 -9999
71 77 80 72 75 72 64 65 68 78 75 64 76 81 74 27 18 9 11 17 25 29 12 6 16 31 29 40 29 64 72 54 26 34 29 11 17 7 4 5 30 34 24 28 61 72 74 75 74 74 70 71 70 70 59 62 70 72 69 63 69 77 71 65 66 49 50 69 66 71 61 56 55 60 69 68 54 67 77 -9999 -9999 -9999 -9999
67 65 71 73 72 60 68 65 59 62 71 75 79 70 51 51 35 33 49 30 39 48 47 50 44 63 58 67 61 62 72 39 35 40 30 16 37 39 35 -9999 3 3 12 54 65 70 74 74 74 77 74 56 72 55 46 30 24 62 68 62 77 71 67 56 57 73 77 62 55 59 56 70 76 73 45 33 -9999 -9999 60 -9999 -9999 -9999 -9999
40 62 70 69 51 68 66 65 67 62 62 72 75 66 65 45 71 33 35 32 32 51 36 44 56 72 85 79 76 61 66 40 50 41 46 46 63 65 40 33 -9999 4 20 29 53 61 74 74 74 72 74 72 68 48 -9999 -9999 -9999 56 68 71 61 69 57 58 62 58 58 70 75 74 66 68 78 77 -9999 -9999 -9999 -9999 -9999 35 -9999 -9999 -9999
3 43 53 44 45 52 65 65 60 66 62 68 71 69 74 64 67 65 37 57 64 61 26 40 67 70 51 52 65 52 51 40 47 27 66 64 58 59 53 35 16 -9999 18 36 47 67 78 75 67 66 61 74 81 -9999 -9999 -9999 -9999 30 56 66 69 70 59 56 68 69 72 76 74 76 78 73 78 74 26 -9999 -9999 -9999 -9999 13 -9999 -9999 -9999
-9999 -9999 -9999 34 27 66 65 66 56 62 69 70 79 67 57 60 71 66 69 49 53 81 64 60 32 85 86 74 42 27 14 29 46 76 71 54 57 65 57 42 46 -9999 24 46 61 62 79 53 62 57 69 65 62 -9999 -9999 -9999 -9999 -9999 65 56 62 74 73 68 70 71 75 77 76 74 77 78 77 44 6 -9999 -9999 -9999 22 -9999 -9999 -9999 -9999
-9999 -9999 -9999 -9999 -9999 -9999 62 60 63 74 79 80 74 72 73 70 74 71 66 63 57 50 46 29 29 20 -9999 -9999 -9999 -9999 -9999 20 34 43 31 61 46 31 26 27 4 26 -9999 44 58 64 44 16 -9999 52 75 71 -9999 -9999 65 57 -9999 -9999 48 73 65 74 75 76 72 74 74 77 78 67 72 76 34 20 -9999 11 -9999 18 -9999 -9999 -9999 -9999 -9999
-9999 -9999 -9999 -9999 -9999 -9999 60 60 61 74 54 56 56 70 69 68 61 61 65 48 49 78 51 53 69 35 36 -9999 -9999 -9999 -9999 -9999 15 9 15 5 10 34 25 25 28 8 26 31 36 31 -9999 -9999 -9999 34 78 68 -9999 69 70 72 -9999 -9999 -9999 41 71 76 77 74 74 77 75 78 77 77 58 38 -9999 -9999 -9999 -9999 -9999 -9999 -9999 -9999 -9999 -9999 -9999
-9999 -9999 -9999 -9999 -9999 -9999 64 64 60 71 50 39 39 72 72 63 65 68 62 63 69 70 77 69 67 68 67 34 54 12 9 17 9 11 22 29 2 1 1 16 10 21 29 -9999 47 13 -9999 -9999 -9999 -9999 53 70 52 50 86 79 79 -9999 -9999 8 40 46 69 76 76 74 67 71 -9999 -9999 -9999 35 -9999 -9999 -9999 24 -9999 -9999 -9999 -9999 -9999 -9999 -9999
-9999 -9999 -9999 -9999 -9999 38 62 64 69 67 53 39 39 48 71 73 66 70 54 65 68 58 60 54 75 69 52 68 63 26 33 44 5 32 51 55 33 17 15 14 41 31 45 -9999 45 39 -9999 -9999 -9999 -9999 -9999 51 31 30 74 66 81 43 22 -9999 -9999 15 49 41 68 56 62 61 -9999 -9999 -9999 -9999 -9999 -9999 -9999 48 -9999 -9999 -9999 -9999 -9999 -9999 -9999
-9999 -9999 -9999 -9999 -9999 17 68 64 64 62 48 50 45 48 59 64 65 74 59 70 53 55 59 53 70 67 66 63 65 35 21 32 11 56 68 60 51 44 41 13 17 29 36 37 34 33 26 -9999 -9999 -9999 -9999 42 -9999 -9999 13 25 61 9 -9999 -9999 -9999 -9999 20 21 57 57 66 68 -9999 -9999 -9999 -9999 -9999 -9999 59 67 -9999 -9999 -9999 -9999 -9999 -9999 -9999
37 -9999 -9999 -9999 -9999 19 53 63 62 62 46 47 33 37 53 61 65 68 56 67 51 43 39 52 58 66 65 70 63 70 29 15 9 31 39 72 63 54 49 12 18 41 34 44 -9999 14 46 -9999 -9999 -9999 -9999 -9999 -9999 -9999 -9999 19 19 -9999 -9999 -9999 -9999 -9999 -9999 -9999 -9999 9 24 54 33 -9999 -9999 -9999 -9999 54 -9999 64 36 -9999 -9999 -9999 -9999 -9999 -9999
14 -9999 -9999 -9999 -9999 -9999 23 70 64 65 63 49 41 33 47 62 70 70 66 79 54 22 37 42 49 65 60 67 70 66 42 14 7 11 48 73 88 61 39 11 8 29 82 60 81 92 79 46 -9999 -9999 -9999 -9999 -9999 -9999 -9999 -9999 -9999 -9999 -9999 -9999 -9999 -9999 -9999 -9999 -9999 -9999 -9999 12 13 -9999 -9999 -9999 61 68 -9999 -9999 -9999 -9999 -9999 -9999 -9999 -9999 -9999
18 -9999 -9999 -9999 -9999 -9999 -9999 75 65 68 40 41 40 38 49 44 61 77 70 59 72 41 40 46 58 76 69 66 70 63 46 13 3 16 32 88 58 67 45 19 15 45 59 87 59 -9999 54 38 -9999 -9999 -9999 -9999 -9999 -9999 -9999 -9999 -9999 -9999 -9999 -9999 -9999 -9999 -9999 -9999 -9999 -9999 -9999 -9999 -9999 -9999 19 -9999 16 31 24 -9999 -9999 -9999 -9999 -9999 -9999 -9999 -9999
9 -9999 -9999 -9999 -9999 -9999 -9999 70 63 70 27 42 41 30 34 51 67 72 72 55 76 75 55 47 61 58 54 50 60 31 11 3 3 14 20 32 32 22 29 26 49 44 63 66 74 58 -9999 45 -9999 -9999 -9999 -9999 -9999 -9999 -9999 -9999 -9999 -9999 -9999 -9999 -9999 -9999 -9999 -9999 -9999 -9999 -9999 -9999 -9999 -9999 -9999 6 -9999 12 32 -9999 -9999 -9999 -9999 -9999 -9999 -9999 -9999
29 -9999 -9999 -9999 -9999 -9999 67 70 76 16 24 19 17 20 29 37 46 63 73 78 64 58 56 56 60 61 57 55 55 21 36 22 21 21 24 23 24 20 16 30 67 56 42 66 71 62 70 -9999 -9999 -9999 -9999 -9999 -9999 -9999 -9999 -9999 -9999 -9999 -9999 -9999 -9999 -9999 -9999 -9999 -9999 -9999 -9999 -9999 -9999 -9999 -9999 -9999 -9999 -9999 -9999 -9999 -9999 -9999 -9999 -9999 -9999 -9999 -9999
32 -9999 -9999 -9999 -9999 62 67 65 15 34 18 5 5 18 26 32 49 65 66 74 73 60 55 51 67 54 53 50 51 52 47 26 17 31 29 24 22 23 49 37 49 52 46 79 76 70 67 64 19 -9999 -9999 -9999 -9999 -9999 -9999 -9999 -9999 -9999 -9999 -9999 -9999 -9999 -9999 -9999 -9999 -9999 -9999 -9999 -9999 -9999 -9999 -9999 -9999 -9999 -9999 -9999 -9999 -9999 -9999 -9999 -9999 -9999 -9999
-9999 -9999 -9999 -9999 62 65 67 28 12 17 8 5 5 5 17 32 41 46 63 67 68 71 56 48 55 67 63 63 65 51 63 48 53 55 67 47 43 52 59 64 66 57 66 69 89 87 93 65 -9999 -9999 -9999 -9999 -9999 -9999 -9999 -9999 -9999 -9999 -9999 -9999 -9999 -9999 -9999 -9999 -9999 -9999 -9999 -9999 -9999 -9999 -9999 -9999 -9999 -9999 -9999 -9999 -9999 -9999 -9999 -9999 -9999 -9999 -9999
-9999 -9999 59 69 63 62 50 34 17 17 8 11 7 4 5 22 31 39 55 65 69 63 78 52 64 66 75 74 77 67 77 83 68 82 71 80 76 73 76 75 61 67 62 72 82 82 92 86 69 -9999 -9999 -9999 -9999 -9999 -9999 -9999 -9999 -9999 -9999 -9999 -9999 -9999 -9999 -9999 -9999 -9999 -9999 -9999 -9999 -9999 -9999 -9999 -9999 -9999 -9999 -9999 -9999 -9999 -9999 -9999 -9999 -9999 -9999
71 78 65 66 68 73 33 13 17 6 12 14 17 5 5 14 41 35 42 69 66 49 66 68 70 60 58 69 81 73 58 72 66 60 69 68 68 67 77 74 56 61 59 60 60 85 88 89 87 50 -9999 -9999 -9999 -9999 -9999 -9999 -9999 -9999 -9999 -9999 -9999 -9999 -9999 -9999 -9999 -9999 -9999 -9999 -9999 -9999 -9999 -9999 -9999 -9999 -9999 -9999 -9999 -9999 -9999 -9999 -9999 -9999 -9999
61 63 67 63 71 32 39 15 17 17 14 15 14 17 17 15 43 39 44 47 66 79 63 65 62 57 63 68 73 67 63 67 80 77 76 65 65 64 62 59 56 68 59 70 61 75 83 86 84 77 68 -9999 -9999 -9999 -9999 -9999 -9999 -9999 -9999 -9999 -9999 -9999 -9999 -9999 -9999 -9999 -9999 -9999 -9999 -9999 -9999 -9999 -9999 -9999 -9999 -9999 -9999 -9999 -9999 -9999 -9999 -9999 -9999
77 63 63 53 45 19 22 14 17 15 26 31 32 21 14 16 27 30 32 44 71 66 79 88 63 60 62 64 69 66 65 80 77 78 57 78 72 72 76 78 78 63 73 70 60 83 83 82 80 75 84 62 -9999 -9999 -9999 -9999 -9999 -9999 -9999 -9999 -9999 -9999 -9999 -9999 -9999 -9999 -9999 -9999 -9999 -9999 -9999 -9999 -9999 -9999 -9999 -9999 -9999 -9999 -9999 -9999 -9999 -9999 -9999
31 71 69 65 17 34 24 19 22 27 42 24 42 33 16 15 15 26 31 39 63 67 67 68 80 66 60 60 65 65 65 76 75 79 72 61 62 60 66 72 80 78 79 66 65 82 82 64 72 83 81 57 66 -9999 -9999 -9999 -9999 -9999 -9999 -9999 -9999 -9999 -9999 -9999 -9999 -9999 -9999 -9999 -9999 -9999 -9999 -9999 -9999 -9999 -9999 -9999 -9999 -9999 -9999 -9999 -9999 -9999 -9999
-9999 49 62 61 38 23 15 14 18 43 33 31 42 32 17 14 17 15 24 31 39 29 56 57 62 88 69 69 61 59 64 63 78 69 65 65 71 63 71 70 70 65 79 76 73 65 78 78 62 61 77 65 73 58 -9999 -9999 -9999 -9999 -9999 -9999 -9999 -9999 -9999 -9999 -9999 -9999 -9999 -9999 -9999 -9999 -9999 -9999 -9999 -9999 -9999 -9999 -9999 -9999 -9999 -9999 -9999 -9999 -9999
-9999 46 63 52 29 20 16 16 16 32 43 38 27 25 17 14 15 15 17 31 41 40 26 24 56 62 66 85 77 83 78 71 63 65 63 59 63 59 61 74 65 66 76 80 78 66 78 73 75 65 59 67 71 61 53 -9999 -9999 -9999 -9999 -9999 -9999 -9999 -9999 -9999 -9999 -9999 -9999 -9999 -9999 -9999 -9999 -9999 -9999 -9999 -9999 -9999 -9999 -9999 -9999 -9999 -9999 -9999 -9999
-9999 48 67 49 35 19 16 17 15 31 29 34 21 17 17 17 17 14 14 17 21 22 19 34 32 63 65 63 62 62 65 60 63 67 61 65 56 56 78 71 67 73 69 72 73 80 75 71 72 60 58 77 67 79 76 -9999 -9999 -9999 -9999 -9999 -9999 -9999 -9999 -9999 -9999 -9999 -9999 -9999 -9999 -9999 -9999 -9999 -9999 -9999 -9999 -9999 -9999 -9999 -9999 -9999 40 -9999 -9999
-9999 57 67 63 26 23 17 17 17 25 40 31 21 17 17 17 17 16 17 14 17 14 17 20 41 36 52 69 64 64 65 65 61 61 67 74 81 70 68 61 62 71 73 75 68 64 64 74 77 78 81 51 48 53 67 67 -9999 -9999 -9999 -9999 -9999 -9999 -9999 -9999 -9999 -9999 -9999 -9999 -9999 -9999 -9999 -9999 -9999 -9999 -9999 -9999 -9999 -9999 -9999 -9999 77 65 70
-9999 67 70 56 41 40 17 17 17 14 17 16 14 14 17 17 17 17 17 14 17 17 8 13 17 41 30 33 43 63 65 71 73 72 62 57 66 68 71 75 73 69 63 63 60 61 62 60 61 63 61 62 68 61 68 58 77 -9999 -9999 -9999 -9999 -9999 -9999 -9999 -9999 -9999 -9999 -9999 -9999 -9999 -9999 -9999 -9999 -9999 -9999 -9999 -9999 -9999 -9999 -9999 64 69 43
-9999 65 68 72 32 24 22 16 17 17 17 15 14 14 17 17 17 17 17 14 14 17 5 5 8 18 18 49 40 31 27 25 28 55 70 70 74 65 56 66 56 56 62 66 66 65 66 60 65 64 65 63 64 65 64 59 87 67 -9999 -9999 -9999 -9999 -9999 -9999 -9999 -9999 -9999 -9999 -9999 -9999 -9999 -9999 -9999 -9999 -9999 -9999 -9999 -9999 -9999 -9999 -9999 55 44
63 65 73 70 27 20 40 15 18 18 15 29 31 13 16 16 17 17 17 17 14 14 6 3 3 8 17 23 22 23 24 41 29 30 42 32 59 58 74 68 65 65 65 65 65 65 65 64 66 64 64 62 64 63 64 68 71 69 79 -9999 -9999 -9999 -9999 -9999 -9999 -9999 -9999 -9999 -9999 -9999 -9999 -9999 -9999 -9999 -9999 -9999 -9999 -9999 -9999 -9999 65 63 70
74 66 67 61 64 63 36 30 31 31 31 42 29 15 17 16 17 17 6 8 14 14 8 4 3 3 10 14 17 17 17 18 39 40 32 33 32 32 14 43 73 65 69 59 70 69 70 71 68 68 67 65 63 66 64 71 70 68 76 74 6 -9999 -9999 -9999 -9999 -9999 -9999 -9999 -9999 -9999 -9999 -9999 -9999 -9999 -9999 -9999 -9999 -9999 66 43 54 71 74
66 67 70 72 57 57 51 48 42 41 31 42 30 13 17 17 17 10 5 5 5 10 11 5 3 3 3 8 10 11 17 15 18 33 33 33 24 24 33 16 53 57 74 80 70 64 40 59 60 78 72 67 71 62 64 62 61 69 67 71 -9999 -9999 -9999 -9999 -9999 -9999 -9999 -9999 -9999 -9999 -9999 -9999 -9999 -9999 -9999 -9999 -9999 -9999 65 29 25 67 39
